1 0 180 2.5399 4.1169 -0.11301 1.9827 2.9854 -0.15229 1.9346 2.9629 -1.1344 1.2922 1.4612 -1.1641 1.8909 0.052876 -1.3533 2.0451 3.034 0.82807 1.487 1.5211 1.0897 2.1331 0.1268 1.2171 -0.066611 0.00082231 -0.7868 1.3883 -1.4953 -0.54313 0.45583 -3.0285 -0.71777 0.066611 -0.00082231 0.7868 1.4076 -1.6161 0.70444 0.26287 -2.9968 0.88876
1 0 192 2.4609 4.1169 -0.63862 1.9077 2.9854 -0.5612 1.6565 2.9629 -1.5118 1.022 1.4612 -1.4073 1.5683 0.052876 -1.7169 2.1726 3.034 0.38477 1.6811 1.5211 0.75673 2.3395 0.1268 0.74698 -0.22874 0.00082231 -0.75576 1.245 -1.4953 -0.81989 0.29663 -3.0285 -0.79686 0.22874 -0.00082231 0.75576 1.5233 -1.6161 0.39638 0.44191 -2.9968 0.81468
1 0 204 2.2744 4.1169 -1.1363 1.7494 2.9854 -0.94557 1.3059 2.9629 -1.8232 0.70703 1.4612 -1.589 1.177 0.052876 -2.0054 2.2051 3.034 -0.075352 1.8017 1.5211 0.39068 2.4437 0.1268 0.24425 -0.38087 0.00082231 -0.69169 1.0473 -1.4953 -1.0608 0.12447 -3.0285 -0.84112 0.38087 -0.00082231 0.69169 1.5725 -1.6161 0.071 0.60164 -2.9968 0.705
1 1 180 2.4943 4.1439 -0.11671 1.9514 3.0054 -0.15858 1.8967 2.9876 -1.1404 1.2518 1.4877 -1.1956 1.7919 0.078567 -1.5125 2.0201 3.0496 0.82157 1.4775 1.5358 1.1093 2.0862 0.14445 1.3761 -0.065508 -0.0035107 -0.78689 1.4485 -1.4418 -0.55567 0.44802 -2.9327 -0.72121 0.065508 0.0035105 0.78689 1.4632 -1.5634 0.71352 0.25099 -2.8877 0.87955
1 1 192 2.4155 4.1439 -0.63274 1.8758 3.0054 -0.56085 1.6181 2.9876 -1.5099 0.97585 1.4877 -1.4298 1.4383 0.078567 -1.852 2.1468 3.0496 0.38362 1.6758 1.5358 0.77783 2.3268 0.14445 0.91229 -0.22768 -0.0035107 -0.75607 1.3013 -1.4418 -0.84469 0.28829 -2.9327 -0.7986 0.22768 0.0035105 0.75607 1.5796 -1.5634 0.3937 0.42838 -2.8877 0.80814
1 1 204 2.2312 4.1439 -1.1211 1.7182 3.0054 -0.9386 1.2689 2.9876 -1.8133 0.65726 1.4877 -1.6014 1.0218 0.078567 -2.1105 2.1796 3.0496 -0.071099 1.8009 1.5358 0.41241 2.4656 0.14445 0.4086 -0.3799 -0.0035107 -0.69222 1.0972 -1.4418 -1.0968 0.11595 -2.9327 -0.84108 0.3799 0.0035105 0.69221 1.6269 -1.5634 0.056679 0.58704 -2.8877 0.70142
1 2 180 2.3743 4.2132 -0.11325 1.8655 3.0594 -0.15969 1.8107 3.0432 -1.1416 1.1789 1.5452 -1.3018 1.6475 0.18226 -1.8499 1.9333 3.1023 0.82057 1.4258 1.5975 1.2035 2.0037 0.26607 1.7241 -0.065206 -0.0068364 -0.78689 1.4882 -1.4051 -0.57227 0.42712 -2.8549 -0.72436 0.065205 0.0068364 0.78689 1.4979 -1.5288 0.72789 0.22733 -2.7993 0.87696
1 2 192 2.2989 4.2132 -0.60442 1.7915 3.0594 -0.54406 1.5338 3.0432 -1.4931 0.88246 1.5452 -1.5185 1.2269 0.18226 -2.1521 2.0617 3.1023 0.40068 1.6448 1.5975 0.88078 2.3184 0.26607 1.2698 -0.22738 -0.0068364 -0.75614 1.3367 -1.4051 -0.86917 0.26718 -2.8549 -0.79733 0.22738 0.0068364 0.75614 1.6165 -1.5288 0.40055 0.40469 -2.7993 0.81054
1 2 204 2.123 4.2132 -1.0692 1.6393 3.0594 -0.90465 1.1899 3.0432 -1.7794 0.54747 1.5452 -1.6688 0.75262 0.18226 -2.3601 2.0999 3.1023 -0.036718 1.792 1.5975 0.51955 2.5317 0.26607 0.76007 -0.37963 -0.0068364 -0.69234 1.1268 -1.4051 -1.1281 0.095569 -2.8549 -0.83546 0.37963 0.0068364 0.69234 1.6645 -1.5288 0.0557 0.56437 -2.7993 0.70868
1 3 180 2.2046 4.3038 -0.10005 1.7459 3.1285 -0.14935 1.692 3.1177 -1.1314 1.093 1.6404 -1.4884 1.4545 0.41276 -2.3485 1.8116 3.1666 0.83126 1.3304 1.7059 1.3823 1.8524 0.54603 2.2539 -0.065834 -0.0068836 -0.78684 1.4964 -1.398 -0.59072 0.39824 -2.8206 -0.73563 0.065834 0.0068839 0.78684 1.518 -1.5111 0.75143 0.21069 -2.7455 0.88515
1 3 192 2.1356 4.3038 -0.55623 1.6767 3.1285 -0.50909 1.4198 3.1177 -1.4584 0.75961 1.6404 -1.6831 0.93439 0.41276 -2.5996 1.9448 3.1666 0.43645 1.5887 1.7059 1.0754 2.2805 0.54603 1.8195 -0.22799 -0.0068836 -0.75596 1.3409 -1.398 -0.88894 0.23659 -2.8206 -0.80235 0.22799 0.0068839 0.75596 1.6411 -1.5111 0.41939 0.39012 -2.7455 0.822
2 1 0 3.1989 3.6134 0.054039 2.2371 2.7952 -0.010367 2.2684 2.7601 -0.99279 0.71456 2.665 -1.488 -0.23533 1.8565 -2.3945 2.2289 2.849 0.97167 0.75404 2.8947 1.6727 -0.10789 2.4268 2.8626 -0.026988 0.014499 -0.78902 0.94508 -1.8475 -0.74162 0.2205 -3.4955 -0.64054 0.026988 -0.014499 0.78902 0.95462 -1.8983 0.85993 0.027038 -3.4444 0.8518
2 1 12 3.1402 3.6134 -0.61222 2.186 2.7952 -0.47525 2.0124 2.7601 -1.4427 0.38958 2.665 -1.604 -0.72802 1.8565 -2.2932 2.3822 2.849 0.48702 1.0853 2.8947 1.4794 0.48963 2.4268 2.8224 -0.19045 0.014499 -0.76617 0.77024 -1.8475 -0.92191 0.08251 -3.4955 -0.67238 0.19045 -0.014499 0.76617 1.1125 -1.8983 0.64267 0.20355 -3.4444 0.82756
2 2 0 3.4426 3.386 0.078254 2.437 2.6228 0.0076103 2.472 2.5858 -0.97461 0.89433 2.6451 -1.3942 -0.19451 1.9737 -2.2552 2.4262 2.6772 0.98959 0.92435 2.8408 1.6112 -0.054839 2.4453 2.7348 -0.016905 0.015066 -0.78929 1.0303 -1.8052 -0.72444 0.25164 -3.429 -0.63479 0.016904 -0.015066 0.78929 1.0242 -1.8574 0.86428 0.05285 -3.3763 0.84811
2 2 12 3.3836 3.386 -0.63921 2.3854 2.6228 -0.49924 2.2154 2.5858 -1.4673 0.58492 2.6451 -1.5497 -0.65914 1.9737 -2.1655 2.5789 2.6772 0.46353 1.2392 2.8408 1.3839 0.51496 2.4453 2.6865 -0.18064 0.015066 -0.76853 0.85714 -1.8052 -0.92282 0.11416 -3.429 -0.67324 0.18064 -0.015066 0.76853 1.1815 -1.8574 0.63245 0.22803 -3.3763 0.81858
2 3 0 3.6569 3.1577 0.11048 2.6164 2.4443 0.031201 2.6533 2.4053 -0.95088 1.0681 2.5639 -1.3126 -0.11763 2.0048 -2.1245 2.6047 2.4995 1.0131 1.0792 2.7147 1.5565 0.011679 2.34 2.6043 -0.0046644 0.014306 -0.78948 1.1223 -1.7571 -0.70967 0.27807 -3.3483 -0.63049 0.0046654 -0.014306 0.78948 1.0962 -1.8078 0.86834 0.073446 -3.2925 0.84407
2 3 12 3.6 3.1577 -0.65225 2.5658 2.4443 -0.51347 2.3976 2.4053 -1.4817 0.77185 2.5639 -1.506 -0.55677 2.0048 -2.0536 2.7584 2.4995 0.44945 1.3792 2.7147 1.2981 0.55288 2.34 2.5449 -0.1687 0.014306 -0.77125 0.9502 -1.7571 -0.9275 0.14091 -3.3483 -0.67453 0.1687 -0.014306 0.77125 1.2528 -1.8078 0.62146 0.24733 -3.2925 0.81035
2 3 24 3.3857 3.1577 -1.3865 2.4029 2.4443 -1.0357 2.0371 2.4053 -1.9478 0.44187 2.5639 -1.6335 -0.97156 2.0048 -1.893 2.7915 2.4995 -0.13387 1.6189 2.7147 0.98301 1.0699 2.34 2.3744 -0.32537 0.014306 -0.71932 0.7366 -1.7571 -1.1048 -0.0024136 -3.3483 -0.68909 0.32537 -0.014306 0.71932 1.3546 -1.8078 0.34741 0.41041 -3.2925 0.74122
2 4 0 3.8309 2.9497 0.13034 2.7653 2.2762 0.042064 2.8043 2.2324 -0.93973 1.2132 2.4214 -1.258 -0.028212 1.9191 -2.0224 2.7518 2.3353 1.0237 1.1991 2.5215 1.4961 0.07607 2.1105 2.4695 0.001792 0.01072 -0.78954 1.2101 -1.7051 -0.68898 0.29267 -3.256 -0.62744 -0.0017929 -0.01072 0.78954 1.1697 -1.7526 0.87805 0.084824 -3.192 0.8354
2 4 12 3.7743 2.9497 -0.66899 2.7136 2.2762 -0.53379 2.5476 2.2324 -1.5022 0.92511 2.4214 -1.4827 -0.44807 1.9191 -1.9723 2.9045 2.3353 0.42923 1.4839 2.5215 1.2141 0.58784 2.1105 2.3997 -0.1624 0.01072 -0.77266 1.0404 -1.7051 -0.92552 0.15582 -3.256 -0.67458 0.1624 -0.01072 0.77266 1.3267 -1.7526 0.61566 0.25666 -3.192 0.79951
2 4 24 3.5527 2.9497 -1.4391 2.5433 2.2762 -1.0863 2.1796 2.2324 -1.9991 0.59661 2.4214 -1.6427 -0.84835 1.9191 -1.8361 2.9303 2.3353 -0.18403 1.7039 2.5215 0.87902 1.0739 2.1105 2.225 -0.3195 0.01072 -0.72201 0.82528 -1.7051 -1.1216 0.012161 -3.256 -0.69224 0.3195 -0.01072 0.72201 1.4257 -1.7526 0.32637 0.41728 -3.192 0.72868
2 5 0 3.9451 2.7986 0.152 2.8687 2.1446 0.056778 2.9108 2.0931 -0.92452 1.3104 2.2399 -1.2177 0.058491 1.7 -1.9381 2.8525 2.2108 1.038 1.2754 2.2949 1.4556 0.16137 1.7347 2.3626 0.0053282 0.010496 -0.78953 1.2883 -1.6485 -0.66302 0.28452 -3.1458 -0.6248 -0.0053282 -0.010496 0.78953 1.2471 -1.6942 0.89429 0.086125 -3.0721 0.82868
2 5 12 3.8905 2.7986 -0.67156 2.8178 2.1446 -0.54089 2.6549 2.0931 -1.5095 1.0286 2.2399 -1.4635 -0.34574 1.7 -1.9079 3.006 2.2108 0.42221 1.5502 2.2949 1.1586 0.64906 1.7347 2.2775 -0.15894 0.010496 -0.77339 1.1223 -1.6485 -0.91639 0.1484 -3.1458 -0.6703 0.15894 -0.010496 0.77339 1.4058 -1.6942 0.61546 0.25654 -3.0721 0.79267
2 5 24 3.6659 2.7986 -1.4658 2.6438 2.1446 -1.1149 2.2831 2.0931 -2.0285 0.70181 2.2399 -1.6454 -0.73485 1.7 -1.7943 3.0281 2.2108 -0.212 1.7572 2.2949 0.81101 1.1084 1.7347 2.0928 -0.31626 0.010496 -0.72344 0.90724 -1.6485 -1.1297 0.0057976 -3.1458 -0.68651 0.31626 -0.010496 0.72344 1.503 -1.6942 0.30973 0.41573 -3.0721 0.72201
2 6 0 4.0071 2.7106 0.16293 2.929 2.0625 0.054633 2.9792 2.0064 -0.92602 1.3713 2.0068 -1.215 0.16637 1.3195 -1.8884 2.9048 2.133 1.0354 1.322 2.0216 1.424 0.30975 1.2245 2.2711 0.0029411 0.0067756 -0.78958 1.3631 -1.5877 -0.64185 0.26422 -3.0171 -0.63636 -0.0029411 -0.0067759 0.78958 1.3105 -1.6419 0.91368 0.068857 -2.9469 0.83508
2 6 12 3.9534 2.7106 -0.67376 2.8763 2.0625 -0.55552 2.7216 2.0064 -1.5252 1.0887 2.0068 -1.4736 -0.22988 1.3195 -1.8817 3.0566 2.133 0.40878 1.5892 2.0216 1.118 0.77516 1.2245 2.157 -0.16129 0.0067756 -0.77294 1.1999 -1.5877 -0.91123 0.12614 -3.0171 -0.67739 0.16129 -0.0067759 0.77294 1.4719 -1.6419 0.62124 0.24097 -2.9469 0.80251
2 6 24 3.727 2.7106 -1.481 2.698 2.0625 -1.1414 2.345 2.0064 -2.0577 0.75858 2.0068 -1.6677 -0.61609 1.3195 -1.7928 3.0748 2.133 -0.23565 1.7869 2.0216 0.76316 1.2067 1.2245 1.9487 -0.31847 0.0067756 -0.72252 0.98422 -1.5877 -1.1408 -0.017451 -3.0171 -0.68881 0.31847 -0.0067759 0.72252 1.5689 -1.6419 0.30165 0.40256 -2.9469 0.73487
2 7 0 4.0013 2.7171 0.16877 2.9369 2.0506 0.042954 3.0033 1.992 -0.93659 1.4216 1.7159 -1.2375 0.35899 0.78388 -1.8539 2.8964 2.1239 1.0229 1.363 1.7171 1.4126 0.57457 0.6437 2.1897 0.0038929 -0.0050759 -0.78959 1.4501 -1.5194 -0.61762 0.24781 -2.8623 -0.66319 -0.0038934 0.0050757 0.78959 1.3501 -1.5943 0.94137 0.036061 -2.8258 0.85348
2 7 12 3.949 2.7171 -0.66684 2.8817 2.0506 -0.5686 2.743 1.992 -1.5406 1.1332 1.7159 -1.506 -0.034299 0.78388 -1.888 3.0458 2.1239 0.39837 1.627 1.7171 1.0984 1.0173 0.6437 2.0224 -0.16036 -0.0050759 -0.77315 1.29 -1.5194 -0.90562 0.10451 -2.8623 -0.70022 0.16036 0.0050757 0.77315 1.5163 -1.5943 0.64011 0.21272 -2.8258 0.82734
2 7 24 3.724 2.7171 -1.4733 2.7005 2.0506 -1.1553 2.3627 1.992 -2.0772 0.79535 1.7159 -1.7087 -0.42609 0.78388 -1.8396 3.0621 2.1239 -0.24359 1.8198 1.7171 0.73611 1.4155 0.6437 1.7667 -0.3176 -0.0050759 -0.72291 1.0735 -1.5194 -1.154 -0.043362 -2.8623 -0.70665 0.3176 0.0050757 0.72291 1.6162 -1.5943 0.31087 0.38009 -2.8258 0.76503
2 8 12 3.8906 2.8051 -0.64296 2.8439 2.1052 -0.55977 2.7198 2.0428 -1.5334 1.2162 1.4042 -1.5485 0.40418 0.14683 -1.919 2.9932 2.183 0.40927 1.7377 1.4022 1.1041 1.5099 0.079658 1.8634 -0.1522 -0.01733 -0.77462 1.3667 -1.4641 -0.89361 0.078882 -2.7125 -0.70903 0.1522 0.01733 0.77462 1.549 -1.5486 0.66981 0.17596 -2.7042 0.84367
2 8 24 3.6719 2.8051 -1.4378 2.6654 2.1052 -1.1388 2.3415 2.0428 -2.0654 0.86768 1.4042 -1.7675 -0.0036257 0.14683 -1.9611 3.0129 2.183 -0.222 1.9292 1.4022 0.71865 1.8643 0.079658 1.5088 -0.30993 -0.01733 -0.72605 1.151 -1.4641 -1.1582 -0.070257 -2.7125 -0.70993 0.30993 0.01733 0.72605 1.6544 -1.5486 0.33311 0.34753 -2.7042 0.78865
2 8 36 3.2927 2.8051 -2.1698 2.3704 2.1052 -1.6681 1.8609 2.0428 -2.5071 0.48124 1.4042 -1.9093 -0.41127 0.14683 -1.9175 2.9009 2.183 -0.84357 2.0365 1.4022 0.30184 2.1373 0.079658 1.0882 -0.45411 -0.01733 -0.64574 0.88506 -1.4641 -1.3722 -0.21632 -2.7125 -0.67981 0.45411 0.01733 0.64574 1.6875 -1.5486 -0.018147 0.5039 -2.7042 0.69916
2 9 12 3.7758 2.9672 -0.60155 2.7694 2.211 -0.52811 2.6555 2.1476 -1.503 1.4036 1.1048 -1.6208 1.2348 -0.39127 -1.9541 2.908 2.2905 0.44237 1.9609 1.1236 1.0827 2.2883 -0.28579 1.6155 -0.13959 -0.027252 -0.7767 1.3964 -1.4574 -0.87464 0.019083 -2.6057 -0.6866 0.13959 0.027252 0.7767 1.5533 -1.5252 0.70117 0.11725 -2.604 0.85832
2 9 24 3.5682 2.9672 -1.3734 2.5991 2.211 -1.0924 2.285 2.1476 -2.0222 1.0359 1.1048 -1.8772 0.8015 -0.39127 -2.1681 2.9365 2.2905 -0.17192 2.1431 1.1236 0.65132 2.5742 -0.28579 1.1045 -0.29803 -0.027252 -0.73071 1.184 -1.4574 -1.1459 -0.12409 -2.6057 -0.67556 0.29803 0.027252 0.73071 1.6652 -1.5252 0.36289 0.29314 -2.604 0.81519
2 9 36 3.2047 2.9672 -2.0853 2.3152 2.211 -1.6089 1.8146 2.1476 -2.4531 0.62298 1.1048 -2.0516 0.33321 -0.39127 -2.2874 2.8366 2.2905 -0.77869 2.2317 1.1236 0.19151 2.7475 -0.28579 0.54515 -0.44344 -0.027252 -0.65278 0.91992 -1.4574 -1.367 -0.26183 -2.6057 -0.635 0.44344 0.027252 0.65278 1.7042 -1.5252 0.0087574 0.45622 -2.604 0.73643
2 10 24 3.4242 3.171 -1.2866 2.5101 2.3442 -1.0256 2.1969 2.2904 -1.9564 1.3549 0.89263 -2.0335 1.9257 -0.49473 -2.39 2.8456 2.4155 -0.10377 2.4717 0.95053 0.51496 3.4488 -0.24212 0.53752 -0.29057 -0.024077 -0.73382 1.1866 -1.4658 -1.1259 -0.1822 -2.531 -0.63341 0.29057 0.024077 0.73382 1.652 -1.5389 0.3902 0.22016 -2.5398 0.83625
2 10 36 3.0819 3.171 -1.9704 2.242 2.3442 -1.525 1.7421 2.2904 -2.3704 0.90254 0.89263 -2.2708 1.3868 -0.49473 -2.7382 2.7619 2.4155 -0.69314 2.5247 0.95053 -0.010183 3.4852 -0.24212 -0.19127 -0.43679 -0.024077 -0.65737 0.9266 -1.4658 -1.348 -0.30991 -2.531 -0.58168 0.43679 0.024077 0.65737 1.697 -1.5389 0.038203 0.38922 -2.5398 0.7722
2 10 48 2.6049 3.171 -2.5681 1.876 2.3442 -1.9579 1.2112 2.2904 -2.6808 0.4107 0.89263 -2.4088 0.78716 -0.49473 -2.9666 2.5574 2.4155 -1.2522 2.4674 0.95053 -0.53488 3.3693 -0.24212 -0.9117 -0.56392 -0.024077 -0.55219 0.62608 -1.4658 -1.5112 -0.42408 -2.531 -0.50454 0.56392 0.024077 0.55219 1.6679 -1.5389 -0.31546 0.54126 -2.5398 0.6744
2 11 24 3.2651 3.3702 -1.1913 2.4152 2.4721 -0.95903 2.1044 2.4337 -1.8914 1.8289 0.86436 -2.252 3.0856 0.041216 -2.5996 2.7473 2.5293 -0.035051 2.8818 0.94194 0.32662 4.2511 0.34795 -0.060329 -0.29051 -0.012567 -0.73413 1.1345 -1.5157 -1.0866 -0.26471 -2.5375 -0.58743 0.29052 0.012567 0.73413 1.5935 -1.6017 0.40152 0.12717 -2.544 0.8627
2 11 36 2.9461 3.3702 -1.8441 2.163 2.4721 -1.4402 1.6652 2.4337 -2.2876 1.3207 0.86436 -2.583 2.4777 0.041216 -3.1843 2.68 2.5293 -0.60549 2.8867 0.94194 -0.27967 4.1457 0.34795 -0.94287 -0.4368 -0.012567 -0.65768 0.88376 -1.5157 -1.2988 -0.38106 -2.5375 -0.51956 0.4368 0.012567 0.65768 1.6422 -1.6017 0.061428 0.30375 -2.544 0.81741
2 11 48 2.4983 3.3702 -2.4164 1.8163 2.4721 -1.8584 1.1532 2.4337 -2.5838 0.75479 0.86436 -2.8011 1.7615 0.041216 -3.6298 2.4956 2.5293 -1.1495 2.7655 0.94194 -0.87374 3.859 0.34795 -1.7842 -0.56399 -0.012567 -0.55249 0.59442 -1.5157 -1.4541 -0.48076 -2.5375 -0.42898 0.56399 0.012567 0.55249 1.6191 -1.6017 -0.28135 0.46707 -2.544 0.73639
2 12 36 2.7962 3.552 -1.7283 2.0767 2.5868 -1.3691 1.582 2.5587 -2.2187 1.7682 1.0969 -2.9237 3.2181 1.113 -3.4484 2.5896 2.6352 -0.53128 3.2567 1.1442 -0.5521 4.4791 1.3723 -1.4638 -0.44092 -0.0042431 -0.65504 0.77838 -1.6233 -1.2085 -0.49722 -2.636 -0.43514 0.44092 0.0042434 0.65504 1.532 -1.7028 0.098261 0.20118 -2.6233 0.89351
2 12 48 2.3757 3.552 -2.2719 1.7466 2.5868 -1.7709 1.0861 2.5587 -2.4992 1.1217 1.0969 -3.2274 2.4308 1.113 -4.0421 2.4225 2.6352 -1.0581 3.0707 1.1442 -1.2171 4.0769 1.3723 -2.363 -0.56747 -0.0042431 -0.54905 0.51011 -1.6233 -1.344 -0.57682 -2.636 -0.32225 0.56747 0.0042434 0.54905 1.5189 -1.7028 -0.2224 0.38255 -2.6233 0.83216
2 13 24 2.9076 3.7184 -1.0552 2.2037 2.6914 -0.89067 1.9046 2.6704 -1.8274 2.7075 1.5619 -2.7191 4.0387 2.3382 -2.6657 2.5217 2.7344 0.039046 3.6215 1.5272 -0.0066325 4.6488 2.471 -0.66353 -0.30646 -0.0038791 -0.72771 0.80854 -1.7723 -0.93662 -0.58529 -2.813 -0.46201 0.30646 0.0038788 0.72771 1.2873 -1.8354 0.46472 -0.15245 -2.781 0.99753
2 13 36 2.6247 3.7184 -1.6367 1.9704 2.6914 -1.3294 1.483 2.6704 -2.1834 2.083 1.5619 -3.2226 3.3962 2.3382 -3.4472 2.4747 2.7344 -0.4861 3.5409 1.5272 -0.75943 4.4093 2.471 -1.6156 -0.45106 -0.0038791 -0.64809 0.59614 -1.7723 -1.0843 -0.66856 -2.813 -0.33022 0.45106 0.0038788 0.64809 1.3558 -1.8354 0.18692 0.058278 -2.781 1.0074
2 13 48 2.227 3.7184 -2.1466 1.6509 2.6914 -1.71 0.99663 2.6704 -2.444 1.3674 1.5619 -3.5853 2.6053 2.3382 -4.078 2.3196 2.7344 -0.99001 3.3057 1.5272 -1.479 3.977 2.471 -2.497 -0.57595 -0.0038791 -0.54015 0.35768 -1.7723 -1.1845 -0.7226 -2.813 -0.18401 0.57595 0.0038788 0.54015 1.365 -1.8354 -0.099051 0.26646 -2.781 0.97329
2 14 24 2.6353 3.9289 -0.97826 2.0248 2.8362 -0.86421 1.7393 2.8279 -1.8054 2.7819 2.0827 -2.8185 3.6867 3.2906 -2.5027 2.327 2.8685 0.071204 3.6931 1.9792 -0.036608 4.2434 3.3138 -0.5786 -0.3272 -0.00028253 -0.71864 0.46767 -1.9412 -0.8428 -0.86231 -3.0594 -0.36145 0.3272 0.00028276 0.71864 1.0116 -1.9815 0.58245 -0.37029 -3.0063 1.1218
2 14 36 2.3743 3.9289 -1.5048 1.8009 2.8362 -1.2663 1.3259 2.8279 -2.1275 2.1351 2.0827 -3.3353 3.0858 3.2906 -3.2145 2.2909 2.8685 -0.41415 3.6048 1.9792 -0.80365 4.0303 3.3138 -1.4482 -0.46946 -0.00028253 -0.6349 0.28223 -1.9412 -0.92162 -0.91862 -3.0594 -0.17427 0.46946 0.00028276 0.6349 1.1106 -1.9815 0.35939 -0.12897 -3.0063 1.1742
2 14 48 2.0096 3.9289 -1.9656 1.4982 2.8362 -1.613 0.85461 2.8279 -2.3567 1.395 2.0827 -3.7063 2.3501 3.2906 -3.7859 2.1547 2.8685 -0.88141 3.3589 1.9792 -1.5356 3.6412 3.3138 -2.2545 -0.59121 -0.00028253 -0.52342 0.084445 -1.9412 -0.96016 -0.93477 -3.0594 0.020533 0.59121 0.00028276 0.52342 1.1611 -1.9815 0.12063 0.11798 -3.0063 1.1754
2 15 12 2.3431 4.2098 -0.35344 1.8559 3.0474 -0.38224 1.7761 3.0532 -1.3625 3.1216 2.5598 -2.1466 3.5796 3.9109 -1.5614 1.9496 3.068 0.59661 3.4167 2.3852 0.82009 3.7005 3.8523 0.43984 -0.178 0.0032692 -0.76929 0.1507 -2.0715 -0.72847 -1.1305 -3.3219 -0.51429 0.178 -0.0032692 0.76929 0.48205 -2.079 0.88356 -0.86698 -3.2452 1.1503
2 15 24 2.2184 4.2098 -0.83286 1.7359 3.0474 -0.75976 1.454 3.0532 -1.702 2.6071 2.5598 -2.7487 3.1768 3.9109 -2.2716 2.031 3.068 0.17823 3.5126 2.3852 0.091789 3.7111 3.8523 -0.33915 -0.33405 0.0032692 -0.71547 -0.0040542 -2.0715 -0.74389 -1.2127 -3.3219 -0.26802 0.33405 -0.0032692 0.71547 0.65521 -2.079 0.76402 -0.60886 -3.2452 1.3055
2 15 36 1.9967 4.2098 -1.2759 1.54 3.0474 -1.1041 1.0683 3.0532 -1.9671 1.9786 2.5598 -3.2307 2.635 3.9109 -2.8824 2.0237 3.068 -0.24793 3.4549 2.3852 -0.64052 3.5595 3.8523 -1.1033 -0.47551 0.0032692 -0.63038 -0.15863 -2.0715 -0.72679 -1.2419 -3.3219 -0.010026 0.47551 -0.0032692 0.63038 0.79975 -2.079 0.6111 -0.32414 -3.2452 1.4035
2 15 48 1.6878 4.2098 -1.6632 1.2768 3.0474 -1.4001 0.63599 3.0532 -2.1462 1.2637 2.5598 -3.5715 1.9782 3.9109 -3.3673 1.9279 3.068 -0.66327 3.2462 2.3852 -1.3448 3.2523 3.8523 -1.8193 -0.59618 0.0032692 -0.51774 -0.30627 -2.0715 -0.67792 -1.2169 -3.3219 0.2484 0.59618 -0.0032692 0.51774 0.90932 -2.079 0.43147 -0.02525 -3.2452 1.4402
2 16 0 1.9521 4.4234 0.11398 1.5677 3.2223 0.018248 1.6792 3.2323 -0.95891 3.1996 2.8413 -1.4108 3.3814 4.2241 -0.75318 1.4667 3.2403 0.99643 2.8797 2.6674 1.5829 3.0797 4.1564 1.2358 0.00089073 0.0054674 -0.7896 -0.0722 -2.0939 -0.74849 -1.2263 -3.4756 -0.84749 -0.00089025 -0.0054674 0.7896 -0.053058 -2.0999 0.94704 -1.331 -3.369 1.0316
2 16 12 1.9331 4.4234 -0.29437 1.5373 3.2223 -0.3081 1.4431 3.2323 -1.2871 2.8364 2.8413 -2.0453 3.151 4.2241 -1.4398 1.6418 3.2403 0.66971 3.1458 2.6674 0.94964 3.2693 4.1564 0.56854 -0.1633 0.0054674 -0.77253 -0.22624 -2.0939 -0.71712 -1.3757 -3.4756 -0.57401 0.1633 -0.0054674 0.77253 0.145 -2.0999 0.93738 -1.0875 -3.369 1.2857
2 16 24 1.8297 4.4234 -0.68986 1.4396 3.2223 -0.62099 1.144 3.2323 -1.559 2.3492 2.8413 -2.5903 2.7828 4.2241 -2.0634 1.7452 3.2403 0.31372 3.2745 2.6674 0.27483 3.3161 4.1564 -0.12361 -0.32035 0.0054674 -0.7217 -0.3704 -2.0939 -0.65441 -1.465 -3.4756 -0.27545 0.32035 -0.0054674 0.7217 0.33673 -2.0999 0.88675 -0.79638 -3.369 1.4837
2 16 36 1.6463 4.4234 -1.0552 1.2791 3.2223 -0.90673 0.79488 3.2323 -1.7628 1.7593 2.8413 -3.0221 2.2929 4.2241 -2.5969 1.7723 3.2403 -0.055979 3.2601 2.6674 -0.41199 3.2179 4.1564 -0.81036 -0.46339 0.0054674 -0.63932 -0.49836 -2.0939 -0.5631 -1.4902 -3.4756 0.035159 0.46339 -0.0054674 0.63932 0.51373 -2.0999 0.79736 -0.47049 -3.369 1.6169
2 17 0 1.7621 4.5058 0.093626 1.4024 3.2936 0.02762 1.4979 3.301 -0.95125 3.0284 2.9214 -1.3782 3.1907 4.3138 -0.73589 1.3156 3.3147 1.0071 2.7209 2.7787 1.6448 2.8747 4.268 1.2759 0.010873 0.0069966 -0.78951 -0.10166 -2.0906 -0.74675 -1.2693 -3.4583 -0.87743 -0.010873 -0.0069966 0.78951 -0.10946 -2.1029 0.89731 -1.4647 -3.2855 1.0224
2 17 12 1.7431 4.5058 -0.27479 1.3775 3.2936 -0.26455 1.2674 3.301 -1.2419 2.6756 2.9214 -1.9777 2.968 4.3138 -1.3832 1.4963 3.3147 0.71157 3.0034 2.7787 1.0431 3.0772 4.268 0.65036 -0.15351 0.0069966 -0.77452 -0.25469 -2.0906 -0.7093 -1.424 -3.4583 -0.59436 0.15351 -0.0069966 0.77452 0.079493 -2.1029 0.90046 -1.2201 -3.2855 1.3046
2 17 24 1.6479 4.5058 -0.6312 1.2924 3.2936 -0.54516 0.98147 3.301 -1.4782 2.206 2.9214 -2.4908 2.6156 4.3138 -1.97 1.6115 3.3147 0.38492 3.1547 2.7787 0.39586 3.1452 4.268 -0.0036339 -0.31119 0.0069966 -0.72568 -0.3966 -2.0906 -0.64084 -1.5164 -3.4583 -0.28531 0.31119 -0.0069966 0.72568 0.26497 -2.1029 0.86426 -0.92223 -3.2855 1.5298
2 17 36 1.4806 4.5058 -0.96002 1.1508 3.2936 -0.80194 0.65267 3.301 -1.65 1.6399 2.9214 -2.895 2.1488 4.3138 -2.4708 1.6563 3.3147 0.041458 3.1681 2.7787 -0.26868 3.0757 4.268 -0.65747 -0.45527 0.0069966 -0.64512 -0.52117 -2.0906 -0.54438 -1.5426 -3.4583 0.0362 0.45527 -0.0069966 0.64512 0.43887 -2.1029 0.79028 -0.58401 -3.2855 1.6881
2 18 0 1.8251 4.4801 0.10357 1.4574 3.2693 0.061048 1.5421 3.2653 -0.91884 3.06 2.8407 -1.3484 3.2482 4.2333 -0.71359 1.3822 3.3016 1.0412 2.7558 2.7195 1.7067 2.9524 4.2029 1.3346 0.028206 0.0096245 -0.78906 0.10612 -2.0891 -0.72963 -1.1975 -3.3302 -0.83517 -0.028206 -0.009625 0.78906 0.091097 -2.1047 0.89265 -1.3904 -3.1304 0.95601
2 18 12 1.8067 4.4801 -0.27814 1.4383 3.2693 -0.2433 1.3174 3.2653 -1.2194 2.7127 2.8407 -1.9552 3.0289 4.2333 -1.3733 1.5684 3.3016 0.73106 3.0504 2.7195 1.0964 3.1654 4.2029 0.69157 -0.13646 0.0096245 -0.77768 -0.047901 -2.0891 -0.73575 -1.345 -3.3302 -0.56795 0.13646 -0.009625 0.77768 0.2747 -2.1047 0.85421 -1.1612 -3.1304 1.2242
2 18 24 1.7094 4.4801 -0.6477 1.3563 3.2693 -0.53702 1.0351 3.2653 -1.4666 2.247 2.8407 -2.4765 2.6771 4.2333 -1.9731 1.6861 3.3016 0.38899 3.2117 2.7195 0.43825 3.24 4.2029 0.018333 -0.29517 0.0096245 -0.73231 -0.19983 -2.0891 -0.70971 -1.4337 -3.3302 -0.2759 0.29517 -0.009625 0.73231 0.4463 -2.1047 0.77843 -0.88132 -3.1304 1.4389
2 18 36 1.5374 4.4801 -0.98895 1.215 3.2693 -0.80726 0.70751 3.2653 -1.6498 1.683 2.8407 -2.8895 2.2084 4.2333 -2.4866 1.7302 3.3016 0.029922 3.2327 2.7195 -0.23908 3.173 4.2029 -0.6557 -0.44098 0.0096245 -0.65494 -0.34302 -2.0891 -0.65266 -1.4597 -3.3302 0.0282 0.44098 -0.009625 0.65494 0.59839 -2.1047 0.66863 -0.56291 -3.1304 1.5907
2 19 0 1.9331 4.4397 0.12167 1.5245 3.2428 0.094826 1.6009 3.2254 -0.88559 3.0814 2.6829 -1.3126 3.3782 4.0671 -0.70149 1.4591 3.2878 1.0752 2.7872 2.6313 1.7637 3.1056 4.0932 1.3907 0.040133 0.014739 -0.78846 0.41434 -2.0512 -0.70975 -1.0025 -3.1635 -0.78838 -0.040134 -0.014738 0.78846 0.36663 -2.0724 0.91009 -1.1746 -3.008 0.89562
2 19 12 1.9161 4.4397 -0.28289 1.5109 3.2428 -0.2242 1.3817 3.2254 -1.1991 2.7412 2.6829 -1.9246 3.1586 4.0671 -1.3885 1.6508 3.2878 0.7483 3.093 2.6313 1.1456 3.3269 4.0932 0.71458 -0.12467 0.014739 -0.77957 0.25772 -2.0512 -0.78038 -1.1445 -3.1635 -0.56272 0.12467 -0.014738 0.77958 0.54783 -2.0724 0.81397 -0.96275 -3.008 1.1203
2 19 24 1.8154 4.4397 -0.67509 1.4312 3.2428 -0.53342 1.1023 3.2254 -1.4602 2.2811 2.6829 -2.4524 2.8008 4.0671 -2.0149 1.7703 3.2878 0.38873 3.2636 2.6313 0.47752 3.4027 4.0932 0.0072692 -0.28403 0.014739 -0.73662 0.089835 -2.0512 -0.81691 -1.2365 -3.1635 -0.31246 0.28403 -0.014738 0.73662 0.70509 -2.0724 0.68229 -0.70879 -3.008 1.2959
2 19 36 1.6354 4.4397 -1.0378 1.289 3.2428 -0.81934 0.77458 3.2254 -1.6574 1.7214 2.6829 -2.8731 2.3207 4.0671 -2.5532 1.8124 3.2878 0.012163 3.2916 2.6313 -0.21145 3.3299 4.0932 -0.70036 -0.43098 0.014739 -0.66147 -0.081973 -2.0512 -0.81774 -1.2744 -3.1635 -0.048554 0.43098 -0.014738 0.66147 0.83154 -2.0724 0.52078 -0.42386 -3.008 1.415
2 20 0 2.0581 4.3896 0.11591 1.5946 3.2131 0.091635 1.6732 3.1853 -0.88837 3.09 2.4844 -1.3011 3.5604 3.8321 -0.71789 1.5285 3.268 1.0714 2.7978 2.5161 1.773 3.2711 3.9344 1.3958 0.04925 0.009263 -0.78803 0.69871 -1.9875 -0.71495 -0.76066 -3.0456 -0.75458 -0.04925 -0.0092626 0.78803 0.59954 -2.0031 0.92169 -0.92199 -2.9648 0.81699
2 20 12 2.0373 4.3896 -0.31453 1.5788 3.2131 -0.2419 1.452 3.1853 -1.2168 2.7519 2.4844 -1.9151 3.3333 3.8321 -1.4424 1.7178 3.268 0.73022 3.1053 2.5161 1.1526 3.4898 3.9344 0.68521 -0.11567 0.009263 -0.78105 0.5348 -1.9875 -0.8446 -0.90092 -3.0456 -0.57994 0.11567 -0.0092626 0.78105 0.77806 -2.0031 0.7769 -0.73198 -2.9648 0.99083
2 20 24 1.9273 4.3896 -0.73123 1.494 3.2131 -0.56487 1.1672 3.1853 -1.4921 2.2936 2.4844 -2.4454 2.9606 3.8321 -2.104 1.8321 3.268 0.35711 3.2771 2.5161 0.48174 3.556 3.9344 -0.055331 -0.27553 0.009263 -0.73993 0.34751 -1.9875 -0.93734 -1.0018 -3.0456 -0.37996 0.27553 -0.0092626 0.73993 0.92259 -2.0031 0.59815 -0.50998 -2.9648 1.1214
2 20 36 1.7332 4.3896 -1.116 1.3439 3.2131 -0.86315 0.8315 3.1853 -1.7022 1.7351 2.4844 -2.8688 2.4584 3.8321 -2.6735 1.8663 3.268 -0.031615 3.3056 2.5161 -0.21013 3.4668 3.9344 -0.79346 -0.42335 0.009263 -0.66648 0.14503 -1.9875 -0.9891 -1.0589 -3.0456 -0.16337 0.42335 -0.0092626 0.66648 1.0268 -2.0031 0.39326 -0.26569 -2.9648 1.2029
2 21 0 2.2431 4.2995 0.11677 1.721 3.1481 0.096019 1.8059 3.1048 -0.8829 3.1326 2.2395 -1.2828 3.8049 3.5055 -0.71469 1.65 3.2178 1.0745 2.8383 2.343 1.7757 3.4739 3.6947 1.3928 0.057603 0.0051913 -0.7875 0.9503 -1.8959 -0.73016 -0.46353 -3.0148 -0.73247 -0.057603 -0.0051918 0.7875 0.80654 -1.9139 0.94357 -0.63898 -2.9735 0.74724
2 21 12 2.2184 4.2995 -0.35215 1.7034 3.1481 -0.2639 1.5829 3.1048 -1.2391 2.7974 2.2395 -1.906 3.5732 3.5055 -1.4902 1.8374 3.2178 0.70798 3.1454 2.343 1.1468 3.6875 3.6947 0.64006 -0.10739 0.0051913 -0.78227 0.77773 -1.8959 -0.91178 -0.60569 -3.0148 -0.62009 0.10739 -0.0051918 0.78227 0.98509 -1.9139 0.75526 -0.46966 -2.9735 0.86377
2 21 24 2.0967 4.2995 -0.80569 1.6113 3.1481 -0.61228 1.2907 3.1048 -1.5411 2.34 2.2395 -2.446 3.1853 3.5055 -2.2005 1.9444 3.2178 0.31049 3.3151 2.343 0.46773 3.74 3.6947 -0.14061 -0.26768 0.0051913 -0.74284 0.57116 -1.8959 -1.0536 -0.72138 -3.0148 -0.48061 0.26768 -0.0051918 0.74284 1.1206 -1.9139 0.53395 -0.27981 -2.9735 0.94254
2 21 36 1.8834 4.2995 -1.224 1.4488 3.1481 -0.9339 0.94206 3.1048 -1.7758 1.7803 2.2395 -2.8791 2.6582 3.5055 -2.8147 1.9665 3.2178 -0.10056 3.3399 2.343 -0.23174 3.6291 3.6947 -0.91513 -0.41628 0.0051913 -0.67096 0.33964 -1.8959 -1.1493 -0.80554 -3.0148 -0.32012 0.41628 -0.0051918 0.67096 1.2071 -1.9139 0.28929 -0.077729 -2.9735 0.98012
2 21 48 1.5877 4.2995 -1.5888 1.2229 3.1481 -1.2147 0.55227 3.1048 -1.9328 1.1428 2.2395 -3.1863 2.0149 3.5055 -3.3058 1.9026 3.2178 -0.50722 3.2188 2.343 -0.92109 3.3595 3.6947 -1.6497 -0.54668 0.0051913 -0.56975 0.093265 -1.8959 -1.1948 -0.85449 -3.0148 -0.14565 0.54668 -0.0051918 0.56975 1.2409 -1.9139 0.031997 0.12775 -2.9735 0.97486
2 22 12 2.4045 4.1982 -0.36289 1.8292 3.0773 -0.26292 1.7248 3.0238 -1.2394 2.819 1.991 -1.8755 3.8132 3.1163 -1.5248 1.9489 3.1561 0.71014 3.1597 2.1691 1.188 3.8685 3.4235 0.63886 -0.098333 0.0071793 -0.78344 0.96125 -1.799 -0.95417 -0.26824 -3.0906 -0.6875 0.098334 -0.0071793 0.78344 1.1415 -1.8305 0.74451 -0.20258 -3.0322 0.76123
2 22 24 2.2765 4.1982 -0.85488 1.7346 3.0773 -0.63749 1.4294 3.0238 -1.571 2.3675 1.991 -2.4206 3.4128 3.1163 -2.2843 2.0539 3.1561 0.28942 3.3377 2.1691 0.50512 3.9168 3.4235 -0.17941 -0.25907 0.0071793 -0.74587 0.74186 -1.799 -1.1332 -0.40531 -3.0906 -0.61671 0.25907 -0.0071793 0.74587 1.2714 -1.8305 0.4909 -0.039884 -3.0322 0.78671
2 22 36 2.049 4.1982 -1.3095 1.5641 3.0773 -0.9842 1.0716 3.0238 -1.8338 1.8125 1.991 -2.86 2.8633 3.1163 -2.9439 2.0692 3.1561 -0.14393 3.3698 2.1691 -0.19987 3.7939 3.4235 -0.98983 -0.40849 0.0071793 -0.67571 0.49005 -1.799 -1.2627 -0.52468 -3.0906 -0.51896 0.40849 -0.0071793 0.67571 1.3457 -1.8305 0.21584 0.12455 -3.0322 0.77781
2 22 48 1.732 4.1982 -1.7069 1.3253 3.0773 -1.2879 0.66687 3.0238 -2.0166 1.1783 1.991 -3.1743 2.1887 3.1163 -3.4749 1.9941 3.1561 -0.571 3.2546 2.1691 -0.89611 3.5052 3.4235 -1.757 -0.54005 0.0071793 -0.57602 0.21682 -1.799 -1.3369 -0.62111 -3.0906 -0.39853 0.54005 -0.0071793 0.57602 1.3611 -1.8305 -0.068659 0.28355 -3.0322 0.73492
2 23 12 2.5615 4.1039 -0.37077 1.924 3.019 -0.26336 1.8216 2.955 -1.2395 2.7657 1.7773 -1.8642 3.9718 2.6923 -1.5715 2.0434 3.1072 0.70893 3.1231 1.9971 1.2292 4.0143 3.1161 0.65382 -0.093443 0.0087333 -0.78402 1.0602 -1.7366 -0.97718 0.10953 -3.2567 -0.78613 0.093443 -0.0087333 0.78402 1.2486 -1.7631 0.7386 0.12524 -3.1727 0.69389
2 23 24 2.4284 4.1039 -0.89522 1.8272 3.019 -0.65763 1.5241 2.955 -1.5911 2.3177 1.7773 -2.3985 3.5583 2.6923 -2.3629 2.1461 3.1072 0.2686 3.3104 1.9971 0.55304 4.0625 3.1161 -0.19509 -0.25441 0.0087333 -0.74746 0.83383 -1.7366 -1.1762 -0.056315 -3.2567 -0.79173 0.25441 -0.0087333 0.74746 1.3749 -1.7631 0.46287 0.26677 -3.1727 0.65269
2 23 36 2.1892 4.1039 -1.3806 1.6506 3.019 -1.0232 1.16 2.955 -1.8732 1.7683 1.7773 -2.828 2.9893 2.6923 -3.0511 2.155 3.1072 -0.18347 3.353 1.9971 -0.14731 3.9332 3.1161 -1.0355 -0.40425 0.0087333 -0.67823 0.57106 -1.7366 -1.3239 -0.21969 -3.2567 -0.76272 0.40425 -0.0087333 0.67823 1.441 -1.7631 0.16691 0.39664 -3.1727 0.58296
2 23 48 1.8543 4.1039 -1.8055 1.4018 3.019 -1.344 0.74515 2.955 -2.0734 1.1417 1.7773 -3.1338 2.2896 2.6923 -3.6059 2.0698 3.1072 -0.62752 3.2491 1.9971 -0.84123 3.6319 3.1161 -1.8306 -0.53643 0.0087333 -0.57936 0.28332 -1.7366 -1.4137 -0.37347 -3.2567 -0.70037 0.53643 -0.0087333 0.57936 1.4443 -1.7631 -0.13635 0.50918 -3.1727 0.48775
2 24 12 2.6632 4.033 -0.38667 1.9729 2.9834 -0.27646 1.8623 2.9117 -1.2511 2.6441 1.6069 -1.8469 4.0266 2.2487 -1.613 2.102 3.078 0.69398 3.0207 1.8462 1.2485 4.1012 2.7799 0.6668 -0.096178 0.0055532 -0.78372 1.0679 -1.7317 -0.9869 0.49141 -3.4377 -0.89723 0.096178 -0.0055532 0.78372 1.3094 -1.7205 0.74402 0.52832 -3.3434 0.66208
2 24 24 2.5246 4.033 -0.93193 1.8724 2.9834 -0.68061 1.5615 2.9117 -1.611 2.2024 1.6069 -2.3563 3.6032 2.2487 -2.4149 2.2004 3.078 0.24178 3.2142 1.8462 0.59322 4.1502 2.7799 -0.20045 -0.25702 0.0055532 -0.7466 0.83936 -1.7317 -1.1874 0.29413 -3.4377 -0.97979 0.25702 -0.0055532 0.7466 1.4355 -1.7205 0.45553 0.65443 -3.3434 0.53776
2 24 36 2.2757 4.033 -1.4365 1.6899 2.9834 -1.055 1.1924 2.9117 -1.9004 1.6644 1.6069 -2.7627 3.0224 2.2487 -3.1113 2.2025 3.078 -0.22098 3.2673 1.8462 -0.088017 4.0178 2.7799 -1.0589 -0.40663 0.0055532 -0.67684 0.57416 -1.7317 -1.3359 0.083994 -3.4377 -1.0195 0.40663 -0.0055532 0.67684 1.4988 -1.7205 0.14713 0.75194 -3.3434 0.38995
2 24 48 1.9273 4.033 -1.8782 1.4336 2.9834 -1.3833 0.77124 2.9117 -2.1068 1.0536 1.6069 -3.0483 2.3095 2.2487 -3.6717 2.1085 3.078 -0.67409 3.1776 1.8462 -0.76541 3.7099 2.7799 -1.8712 -0.53847 0.0055532 -0.57751 0.28385 -1.7317 -1.4261 -0.12981 -3.4377 -1.0147 0.53847 -0.0055532 0.57751 1.4966 -1.7205 -0.1677 0.81658 -3.3434 0.22509
2 25 12 2.7342 3.978 -0.38099 2.0117 2.9526 -0.27977 1.9014 2.8781 -1.2543 2.4984 1.4593 -1.8012 3.9958 1.784 -1.6282 2.1416 3.0491 0.69038 2.8868 1.7193 1.2776 4.1407 2.4178 0.71396 -0.098764 0.0047641 -0.7834 1.0554 -1.7369 -1.0044 0.83082 -3.5258 -1.0113 0.098764 -0.0047641 0.7834 1.3516 -1.6913 0.76269 0.89644 -3.4333 0.66624
2 25 24 2.5952 3.978 -0.94113 1.9096 2.9526 -0.69191 1.599 2.8781 -1.6222 2.0693 1.4593 -2.2813 3.57 1.784 -2.4234 2.2383 3.0491 0.23003 3.0894 1.7193 0.64943 4.1986 2.4178 -0.16254 -0.25948 0.0047641 -0.74575 0.82352 -1.7369 -1.2019 0.6024 -3.5258 -1.162 0.25948 -0.0047641 0.74575 1.4806 -1.6913 0.46502 1.0154 -3.4333 0.4653
2 25 36 2.3428 3.978 -1.4601 1.724 2.9526 -1.0738 1.2268 2.8781 -1.9192 1.5498 1.4593 -2.6617 2.9881 1.784 -3.1127 2.2372 3.0491 -0.24036 3.1569 1.7193 -0.0070696 4.0731 2.4178 -1.0319 -0.40886 0.0047641 -0.6755 0.55563 -1.7369 -1.3469 0.34765 -3.5258 -1.2618 0.40886 -0.0047641 0.6755 1.5449 -1.6913 0.14702 1.0899 -3.4333 0.24403
2 25 48 1.9881 3.978 -1.9153 1.463 2.9526 -1.4088 0.80101 2.8781 -2.1323 0.96252 1.4593 -2.9257 2.2757 1.784 -3.6659 2.1384 3.0491 -0.70025 3.0864 1.7193 -0.66326 3.7695 2.4178 -1.8562 -0.54037 0.0047641 -0.57573 0.26346 -1.7369 -1.433 0.077698 -3.5258 -1.3065 0.54037 -0.0047641 0.57573 1.5417 -1.6913 -0.1774 1.1168 -3.4333 0.012087
2 26 12 2.765 3.9583 -0.32952 2.0387 2.9347 -0.25256 1.9465 2.8652 -1.2293 2.3539 1.3611 -1.7195 3.8916 1.3517 -1.6043 2.1507 3.0261 0.7203 2.7394 1.6301 1.3314 4.1318 2.0591 0.8266 -0.099512 0.013205 -0.78321 1.1002 -1.6912 -1.0473 0.99395 -3.4908 -1.0829 0.099512 -0.013205 0.78321 1.4369 -1.6333 0.75273 1.1098 -3.406 0.71453
2 26 24 2.636 3.9583 -0.89719 1.9416 2.9347 -0.67091 1.6484 2.8652 -1.6071 1.945 1.3611 -2.1713 3.473 1.3517 -2.3784 2.2535 3.0261 0.2574 2.9563 1.6301 0.73273 4.2134 2.0591 -0.05051 -0.26018 0.013205 -0.74541 0.85844 -1.6912 -1.2532 0.74708 -3.4908 -1.2659 0.26018 -0.013205 0.74541 1.562 -1.6333 0.43752 1.2341 -3.406 0.46818
2 26 36 2.3919 3.9583 -1.4257 1.7597 2.9347 -1.0599 1.2782 2.8652 -1.9147 1.4511 1.3611 -2.5282 2.9026 1.3517 -3.0485 2.2577 3.0261 -0.21674 3.0441 1.6301 0.10206 4.1108 2.0591 -0.92542 -0.40947 0.013205 -0.67502 0.57913 -1.6912 -1.4043 0.46756 -3.4908 -1.3936 0.40947 -0.013205 0.67502 1.6189 -1.6333 0.1032 1.3044 -3.406 0.20138
2 26 48 2.0432 3.9583 -1.8918 1.5009 2.9347 -1.4026 0.85219 2.8652 -2.1387 0.8937 1.3611 -2.7747 2.2053 1.3517 -3.5854 2.1633 3.0261 -0.68142 2.9988 1.6301 -0.53306 3.8286 2.0591 -1.7599 -0.54087 0.013205 -0.57514 0.27451 -1.6912 -1.494 0.16761 -3.4908 -1.4603 0.54087 -0.013205 0.57514 1.605 -1.6333 -0.23564 1.3178 -3.406 -0.074232
2 27 12 2.7174 3.9942 -0.27908 2.0107 2.9566 -0.23163 1.9295 2.8981 -1.2101 2.1932 1.345 -1.6424 3.7012 1.0271 -1.5929 2.1114 3.0374 0.74341 2.5925 1.6004 1.3537 4.0706 1.7379 0.93642 -0.10973 0.021982 -0.78165 1.2735 -1.5226 -1.1212 0.93994 -3.2933 -1.0554 0.10973 -0.021982 0.78165 1.5985 -1.5044 0.76222 1.123 -3.2435 0.74544
2 27 24 2.6 3.9942 -0.83796 1.9186 2.9566 -0.6446 1.6357 2.8981 -1.5848 1.8038 1.345 -2.0625 3.2892 1.0271 -2.3277 2.2198 3.0374 0.28818 2.8173 1.6004 0.78514 4.1763 1.7379 0.069641 -0.26984 0.021982 -0.74175 1.0126 -1.5226 -1.3614 0.69996 -3.2933 -1.2278 0.26984 -0.021982 0.74175 1.7221 -1.5044 0.41321 1.2534 -3.2435 0.49567
2 27 36 2.3689 3.9942 -1.3602 1.7426 2.9566 -1.0294 1.2705 2.8981 -1.8902 1.3356 1.345 -2.3925 2.7333 1.0271 -2.9606 2.2312 3.0374 -0.17964 2.919 1.6004 0.18223 4.0995 1.7379 -0.80018 -0.41816 0.021982 -0.66944 0.7074 -1.5226 -1.5422 0.42939 -3.2933 -1.3465 0.41816 -0.021982 0.66944 1.7703 -1.5044 0.046147 1.3291 -3.2435 0.22424
2 27 48 2.0344 3.9942 -1.823 1.4905 2.9566 -1.3692 0.84973 2.8981 -2.1131 0.80895 1.345 -2.6178 2.0581 1.0271 -3.4642 2.1451 3.0374 -0.63962 2.8931 1.6004 -0.42864 3.8436 1.7379 -1.635 -0.54821 0.021982 -0.56787 0.3713 -1.5226 -1.6556 0.14005 -3.2933 -1.4064 0.54821 -0.021982 0.56787 1.7412 -1.5044 -0.32293 1.3467 -3.2435 -0.05699
2 28 24 2.6867 3.9353 -0.85837 1.9952 2.9024 -0.67773 1.7047 2.8594 -1.6164 1.7959 1.2795 -2.022 3.1853 0.69544 -2.3477 2.3043 2.9675 0.25369 2.7956 1.4921 0.75419 4.2067 1.322 0.15614 -0.28809 0.030093 -0.73457 1.2285 -1.2398 -1.4427 0.59746 -2.8962 -1.1122 0.28809 -0.030093 0.73457 1.9343 -1.277 0.34792 1.1155 -2.8766 0.49481
2 28 36 2.4495 3.9353 -1.3982 1.8107 2.9024 -1.0777 1.3313 2.8594 -1.9355 1.3363 1.2795 -2.3512 2.6276 0.69544 -2.9587 2.3067 2.9675 -0.23095 2.8913 1.4921 0.15646 4.1472 1.322 -0.72189 -0.43452 0.030093 -0.65862 0.90175 -1.2398 -1.6666 0.35317 -2.8962 -1.2121 0.43452 -0.030093 0.65862 1.9644 -1.277 -0.061851 1.194 -2.8766 0.25208
2 28 48 2.1053 3.9353 -1.8769 1.547 2.9024 -1.4307 0.89984 2.8594 -2.17 0.81826 1.2795 -2.5776 1.955 0.69544 -3.4403 2.2083 2.9675 -0.7055 2.8607 1.4921 -0.4481 3.9065 1.322 -1.5684 -0.56196 0.030093 -0.55389 0.53554 -1.2398 -1.8176 0.093446 -2.8962 -1.259 0.56196 -0.030093 0.55389 1.9086 -1.277 -0.46891 1.2203 -2.8766 -0.0016675
2 29 24 2.8934 3.7762 -0.89297 2.1299 2.7957 -0.7024 1.8358 2.7662 -1.6405 1.7976 1.1656 -1.9654 3.0178 0.31886 -2.3799 2.4439 2.8461 0.22831 2.7443 1.3273 0.74962 4.1304 0.77131 0.36581 -0.28712 0.036828 -0.73464 1.3886 -1.0302 -1.4186 0.53339 -2.5752 -1.0541 0.28712 -0.036829 0.73464 2.0347 -1.0918 0.23735 1.0341 -2.5612 0.53835
2 29 36 2.6445 3.7762 -1.475 1.9373 2.7957 -1.1299 1.4546 2.7662 -1.9863 1.3497 1.1656 -2.2962 2.457 0.31886 -2.9553 2.438 2.8461 -0.28479 2.8402 1.3273 0.16267 4.1161 0.77131 -0.50093 -0.43359 0.036828 -0.65889 1.0633 -1.0302 -1.6763 0.30257 -2.5752 -1.142 0.43359 -0.036829 0.65889 2.0396 -1.0918 -0.19087 1.1235 -2.5612 0.31158
2 29 48 2.28 3.7762 -1.9926 1.6601 2.7957 -1.508 1.0099 2.7662 -2.2454 0.84281 1.1656 -2.5266 1.7889 0.31886 -3.4016 2.3255 2.8461 -0.78545 2.8119 1.3273 -0.43139 3.9221 0.77131 -1.3458 -0.56111 0.036828 -0.55435 0.69151 -1.0302 -1.8607 0.058527 -2.5752 -1.1799 0.56111 -0.036829 0.55435 1.9553 -1.0918 -0.61075 1.1637 -2.5612 0.071183
2 30 24 3.0926 3.5952 -0.93872 2.2553 2.6821 -0.71791 1.9524 2.6515 -1.6531 1.7587 1.0498 -1.9098 2.7134 -0.059917 -2.3943 2.5795 2.732 0.20932 2.6966 1.1951 0.75055 3.8629 0.19254 0.63949 -0.27473 0.03927 -0.73924 1.4657 -0.95223 -1.3732 0.49048 -2.4293 -1.0297 0.27473 -0.03927 0.73924 2.0522 -1.0073 0.17551 0.9752 -2.4 0.56443
2 30 36 2.8299 3.5952 -1.5612 2.0568 2.6821 -1.1711 1.566 2.6515 -2.0229 1.3232 1.0498 -2.2337 2.1563 -0.059917 -2.9061 2.5667 2.732 -0.33157 2.7938 1.1951 0.17349 3.9115 0.19254 -0.17763 -0.42243 0.03927 -0.66597 1.1482 -0.95223 -1.648 0.26568 -2.4293 -1.1092 0.42243 -0.03927 0.66597 2.0439 -1.0073 -0.25501 1.0712 -2.4 0.34934
2 30 48 2.4435 3.5952 -2.1155 1.7683 2.6821 -1.5732 1.1112 2.6515 -2.3043 0.8299 1.0498 -2.46 1.505 -0.059917 -3.2909 2.4417 2.732 -0.85797 2.7688 1.1951 -0.41115 3.789 0.19254 -0.98698 -0.55166 0.03927 -0.56359 0.78048 -0.95223 -1.8507 0.029265 -2.4293 -1.1402 0.55166 -0.03927 0.56359 1.9462 -1.0073 -0.67437 1.1205 -2.4 0.11899
2 31 24 3.3245 3.3583 -1.0187 2.4288 2.5098 -0.76659 2.1139 2.4763 -1.6978 1.7155 0.9049 -1.8997 2.3858 -0.39496 -2.3883 2.7659 2.5612 0.15594 2.663 1.0533 0.77582 3.4603 -0.26391 0.85934 -0.26638 0.038656 -0.74233 1.4545 -1.0066 -1.3426 0.42801 -2.4392 -0.96197 0.26638 -0.038656 0.74233 2.0358 -1.0124 0.16334 0.92408 -2.3741 0.56418
2 31 36 3.04 3.3583 -1.6876 2.2163 2.5098 -1.2548 1.7147 2.4763 -2.1002 1.283 0.9049 -2.2148 1.8371 -0.39496 -2.8321 2.7379 2.5612 -0.42254 2.7661 1.0533 0.20521 3.5634 -0.26391 0.12112 -0.41489 0.038656 -0.67072 1.1436 -1.0066 -1.6156 0.21865 -2.4392 -1.0299 0.41489 -0.038656 0.67072 2.0253 -1.0124 -0.2635 1.0212 -2.3741 0.35973
2 31 48 2.6227 3.3583 -2.2828 1.907 2.5098 -1.6882 1.2406 2.4763 -2.4108 0.7945 0.9049 -2.4332 1.2081 -0.39496 -3.1522 2.5902 2.5612 -0.98255 2.7483 1.0533 -0.37437 3.5107 -0.26391 -0.62239 -0.54528 0.038656 -0.5698 0.78269 -1.0066 -1.8181 -0.0002623 -2.4392 -1.0529 0.54528 -0.038656 0.5698 1.9262 -1.0124 -0.67882 1.0737 -2.3741 0.13955
2 32 24 3.552 3.0832 -1.1087 2.5977 2.3101 -0.82924 2.2733 2.2783 -1.7572 1.5863 0.80285 -1.8976 1.9902 -0.61789 -2.3404 2.9455 2.3578 0.089504 2.5474 0.96049 0.83627 2.9911 -0.50534 1.0156 -0.2675 0.041699 -0.74176 1.4177 -1.07 -1.3236 0.39819 -2.5028 -0.92542 0.2675 -0.041699 0.74176 1.9819 -1.108 0.16022 0.86893 -2.4642 0.57598
2 32 36 3.2439 3.0832 -1.8229 2.3685 2.3101 -1.3512 1.8582 2.2783 -2.1914 1.1571 0.80285 -2.186 1.4601 -0.61789 -2.703 2.8998 2.3578 -0.52486 2.6656 0.96049 0.28835 3.1369 -0.50534 0.37149 -0.41588 0.041699 -0.66993 1.1115 -1.07 -1.5895 0.19709 -2.5028 -0.98799 0.41588 -0.041699 0.66993 1.9719 -1.108 -0.25534 0.9697 -2.4642 0.38273
2 32 48 2.794 3.0832 -2.4575 2.0358 2.3101 -1.8141 1.362 2.2783 -2.5299 0.67731 0.80285 -2.3788 0.86622 -0.61789 -2.9475 2.7273 2.3578 -1.1163 2.6673 0.96049 -0.27216 3.1456 -0.50534 -0.28882 -0.54607 0.041699 -0.56883 0.75674 -1.07 -1.7858 -0.012634 -2.5028 -1.0074 0.54607 -0.041699 0.56883 1.8757 -1.108 -0.65974 1.0281 -2.4642 0.17276
2 33 24 3.7719 2.7665 -1.2041 2.7546 2.0883 -0.89557 2.4209 2.0622 -1.8204 1.4556 0.74715 -1.906 1.5434 -0.75167 -2.2575 3.1128 2.1283 0.019558 2.4366 0.91968 0.88598 2.5204 -0.60015 1.1325 -0.26569 0.040777 -0.74246 1.3635 -1.1647 -1.2964 0.37439 -2.6282 -0.93484 0.26569 -0.040776 0.74246 1.905 -1.2153 0.15305 0.84709 -2.6047 0.60157
2 33 36 3.4391 2.7665 -1.962 2.5082 2.0883 -1.4487 1.9895 2.0622 -2.284 1.0275 0.74715 -2.167 1.0403 -0.75167 -2.529 3.0489 2.1283 -0.62806 2.5676 0.91968 0.36002 2.7008 -0.60015 0.58368 -0.41425 0.040777 -0.671 1.0642 -1.1647 -1.5515 0.17184 -2.6282 -0.99225 0.41425 -0.040776 0.671 1.8952 -1.2153 -0.24637 0.95365 -2.6047 0.41231
2 33 48 2.956 2.7665 -2.6342 2.1522 2.0883 -1.9386 1.4712 2.0622 -2.6477 0.55447 0.74715 -2.3333 0.49175 -0.75167 -2.6901 2.8517 2.1283 -1.2482 2.5863 0.91968 -0.18167 2.7631 -0.60015 0.0093994 -0.5447 0.040777 -0.57021 0.71835 -1.1647 -1.7389 -0.038212 -2.6282 -1.0063 0.5447 -0.040776 0.57021 1.8026 -1.2153 -0.63502 1.0185 -2.6047 0.20502
2 34 24 3.9616 2.4375 -1.2986 2.8928 1.8579 -0.95935 2.557 1.827 -1.8833 1.358 0.71782 -1.9092 1.0899 -0.77292 -2.1982 3.254 1.9006 -0.045527 2.3627 0.91276 0.9024 2.076 -0.55689 1.2706 -0.26587 0.03717 -0.74258 1.2755 -1.2951 -1.2559 0.34812 -2.8089 -0.94079 0.26587 -0.03717 0.74258 1.8076 -1.3441 0.16866 0.82011 -2.7841 0.61809
2 34 36 3.6051 2.4375 -2.0939 2.6301 1.8579 -1.5398 2.1096 1.827 -2.3738 0.93134 0.71782 -2.1498 0.60904 -0.77292 -2.3767 3.1734 1.9006 -0.72108 2.4987 0.91276 0.39145 2.2948 -0.55689 0.81124 -0.41445 0.03717 -0.67108 0.98655 -1.2951 -1.4936 0.14491 -2.8089 -0.99261 0.41445 -0.03717 0.67108 1.8032 -1.3441 -0.21085 0.93069 -2.7841 0.43407
2 35 24 4.1146 2.1116 -1.3894 3.0103 1.6199 -1.0247 2.6704 1.5767 -1.9466 1.2932 0.69891 -1.9054 0.71855 -0.70699 -2.1717 3.3763 1.673 -0.11336 2.3272 0.91684 0.88482 1.7206 -0.40448 1.3985 -0.26557 0.029358 -0.74304 1.1551 -1.4501 -1.1983 0.30171 -3.0161 -0.93314 0.26557 -0.029358 0.74304 1.6821 -1.4875 0.21237 0.78331 -2.9905 0.64111
2 35 36 3.7358 2.1116 -2.2145 2.7314 1.6199 -1.6282 2.2073 1.5767 -2.4593 0.86877 0.69891 -2.1327 0.25132 -0.70699 -2.2737 3.2789 1.673 -0.81285 2.4603 0.91684 0.38164 1.9738 -0.40448 1.0102 -0.41425 0.029358 -0.67159 0.8807 -1.4501 -1.4123 0.10111 -3.0161 -0.97547 0.41425 -0.029358 0.67159 1.6895 -1.4875 -0.142 0.89948 -2.9905 0.46424
2 36 24 4.2352 1.7903 -1.4736 3.1029 1.3833 -1.0898 2.7531 1.3333 -2.0077 1.2588 0.68071 -1.908 0.49704 -0.62561 -2.2095 3.4791 1.4412 -0.18291 2.335 0.93945 0.86974 1.5124 -0.1934 1.516 -0.26602 0.019832 -0.74319 1.0351 -1.585 -1.1249 0.258 -3.2003 -0.93068 0.26602 -0.019832 0.74319 1.5522 -1.6097 0.26112 0.75514 -3.1745 0.67012
2 36 36 3.8363 1.7903 -2.3219 2.8085 1.3833 -1.7111 2.2755 1.3333 -2.5362 0.8346 0.68071 -2.1281 0.026788 -0.62561 -2.2646 3.3651 1.4412 -0.90226 2.4648 0.93945 0.36526 1.7945 -0.1934 1.1684 -0.41473 0.019832 -0.67164 0.77864 -1.585 -1.3156 0.058859 -3.2003 -0.96398 0.41473 -0.019832 0.67164 1.5725 -1.6097 -0.0673 0.87797 -3.1745 0.49847
2 37 24 4.3201 1.4859 -1.5561 3.168 1.1619 -1.1515 2.8054 1.1094 -2.0643 1.2454 0.63814 -1.9499 0.45406 -0.62534 -2.3437 3.5573 1.2206 -0.25022 2.3779 0.95861 0.84928 1.4684 0.016148 1.6631 -0.26998 0.014751 -0.74188 0.91913 -1.6882 -1.0585 0.21504 -3.3432 -0.93179 0.26998 -0.014751 0.74188 1.4482 -1.6963 0.29644 0.73645 -3.3059 0.68806
2 37 36 3.9021 1.4859 -2.4203 2.8593 1.1619 -1.785 2.3149 1.1094 -2.6024 0.8128 0.63814 -2.1662 -0.043136 -0.62534 -2.3868 3.4276 1.2206 -0.98436 2.5025 0.95861 0.33634 1.7821 0.016148 1.3215 -0.41833 0.014751 -0.66954 0.67898 -1.6882 -1.2264 0.016608 -3.3432 -0.95614 0.41833 -0.014751 0.66954 1.4782 -1.6963 -0.011143 0.86342 -3.3059 0.5199
2 38 24 4.3651 1.2253 -1.6423 3.2033 0.97658 -1.212 2.8244 0.91986 -2.1178 1.2325 0.55896 -2.0509 0.55701 -0.71744 -2.5915 3.6092 1.0379 -0.31817 2.4541 0.97668 0.83539 1.6071 0.167 1.8377 -0.27838 0.015441 -0.73876 0.8127 -1.7575 -1.0225 0.17514 -3.4418 -0.9356 0.27838 -0.015441 0.73876 1.3664 -1.7636 0.32112 0.70244 -3.3988 0.68997
2 38 36 3.9283 1.2253 -2.514 2.8814 0.97658 -1.8515 2.3223 0.91986 -2.6587 0.77915 0.55896 -2.2624 0.0060343 -0.71744 -2.6507 3.4642 1.0379 -1.0616 2.5742 0.97668 0.3069 1.9541 0.167 1.4634 -0.42589 0.015441 -0.66474 0.58235 -1.7575 -1.1691 -0.023214 -3.4418 -0.95157 0.42589 -0.015441 0.66474 1.4034 -1.7636 0.030001 0.83054 -3.3988 0.52885
2 39 24 4.385 1.0055 -1.7237 3.2192 0.82392 -1.2706 2.8251 0.75519 -2.1691 1.2292 0.41106 -2.2274 0.80558 -0.89415 -2.9307 3.6403 0.89566 -0.38464 2.5804 0.96494 0.85658 1.9234 0.18907 2.0159 -0.28789 0.016042 -0.73509 0.73417 -1.7987 -1.0117 0.14692 -3.502 -0.94218 0.28789 -0.016042 0.73509 1.3323 -1.796 0.34094 0.68448 -3.4458 0.67187
2 39 36 3.9308 1.0055 -2.5977 2.8847 0.82392 -1.9122 2.3124 0.75519 -2.7091 0.73923 0.41106 -2.4342 0.17865 -0.89415 -3.0341 3.4808 0.89566 -1.1331 2.7021 0.96494 0.30137 2.3005 0.18907 1.572 -0.43443 0.016042 -0.65917 0.50778 -1.7987 -1.1422 -0.052181 -3.502 -0.95214 0.43443 -0.016042 0.65917 1.374 -1.796 0.056494 0.80921 -3.4458 0.51488
2 40 24 4.3894 0.83409 -1.7933 3.2243 0.70158 -1.3219 2.8163 0.61905 -2.213 1.2634 0.17996 -2.4666 1.1862 -1.1296 -3.277 3.6591 0.78602 -0.44369 2.7584 0.88908 0.91529 2.4047 0.062057 2.1677 -0.29566 0.011094 -0.73209 0.69428 -1.8226 -1.0003 0.12509 -3.5327 -0.95029 0.29566 -0.011095 0.73209 1.3259 -1.8053 0.36634 0.68216 -3.4636 0.66063
2 40 36 3.9206 0.83409 -2.6667 2.879 0.70158 -1.9634 2.2947 0.61905 -2.7502 0.72295 0.17996 -2.6754 0.47897 -1.1296 -3.452 3.4869 0.78602 -1.1948 2.8884 0.88908 0.32179 2.8029 0.062057 1.6204 -0.44141 0.011094 -0.65463 0.47114 -1.8226 -1.1227 -0.075216 -3.5327 -0.95553 0.44141 -0.011095 0.65463 1.3731 -1.8053 0.082665 0.80461 -3.4636 0.50437
2 41 24 4.3781 0.71969 -1.8603 3.215 0.61773 -1.3777 2.7927 0.53159 -2.2618 1.3668 -0.11268 -2.7316 1.653 -1.3721 -3.574 3.6641 0.705 -0.50702 2.9842 0.74171 0.97796 3 -0.19434 2.2032 -0.30709 0.0074964 -0.72742 0.68294 -1.8267 -0.99203 0.11324 -3.5371 -0.96478 0.30709 -0.0074964 0.72742 1.3367 -1.8063 0.38334 0.69103 -3.4669 0.6596
2 41 36 3.8957 0.71969 -2.7299 2.8583 0.61773 -2.0161 2.2614 0.53159 -2.793 0.76905 -0.11268 -2.956 0.8738 -1.3721 -3.8396 3.4786 0.705 -1.2577 3.1223 0.74171 0.33615 3.3925 -0.19434 1.5313 -0.45162 0.0074964 -0.64767 0.46177 -1.8267 -1.1123 -0.089819 -3.5371 -0.96724 0.45162 -0.0074964 0.64767 1.3872 -1.8063 0.097042 0.81307 -3.4669 0.50152
2 42 36 3.8773 0.63938 -2.7736 2.838 0.55244 -2.0607 2.244 0.46049 -2.8392 0.92786 -0.43274 -3.2115 1.3521 -1.602 -4.1228 3.4554 0.64495 -1.3007 3.3878 0.52298 0.32693 3.9888 -0.53135 1.2782 -0.46095 0.0048437 -0.64109 0.47581 -1.8147 -1.1165 -0.084503 -3.5229 -0.97853 0.46095 -0.0048437 0.64109 1.4125 -1.7964 0.094026 0.82778 -3.4561 0.48681
2 43 36 3.8551 0.59315 -2.8159 2.8201 0.50501 -2.0988 2.2156 0.41418 -2.8694 1.1163 -0.68676 -3.3674 1.7967 -1.7604 -4.2403 3.4478 0.59615 -1.3471 3.6575 0.2755 0.24097 4.5077 -0.87385 0.81877 -0.46627 -0.0063815 -0.63722 0.50789 -1.8045 -1.1191 -0.066606 -3.5081 -0.98345 0.46627 0.0063815 0.63722 1.4236 -1.7808 0.086098 0.83902 -3.4426 0.47016
2 44 36 3.8421 0.58464 -2.837 2.8142 0.49004 -2.1114 2.1967 0.40597 -2.8723 1.2756 -0.84291 -3.3827 2.1137 -1.8523 -4.1929 3.4545 0.57468 -1.3696 3.8464 0.043192 0.12462 4.8224 -1.1437 0.25212 -0.46794 -0.0078087 -0.63598 0.51203 -1.8028 -1.1176 -0.060214 -3.5063 -0.971 0.46794 0.0078082 0.63598 1.4279 -1.7762 0.079012 0.84716 -3.4374 0.47112
2 45 36 3.8291 0.62867 -2.8461 2.8049 0.51823 -2.1168 2.1957 0.42662 -2.8835 1.3889 -0.9401 -3.2708 2.2884 -1.9423 -4.0219 3.4371 0.6105 -1.3691 3.8551 -0.16305 0.0077533 4.8461 -1.3131 -0.26259 -0.47109 -0.0047765 -0.63368 0.47932 -1.8123 -1.1275 -0.07851 -3.5182 -0.95545 0.47109 0.004776 0.63368 1.4268 -1.786 0.091195 0.83069 -3.4435 0.47588
2 46 36 3.8089 0.71234 -2.8576 2.7868 0.57605 -2.1298 2.1822 0.49078 -2.9008 1.4301 -0.94531 -3.1027 2.3305 -1.9896 -3.7929 3.4145 0.66242 -1.3775 3.734 -0.33003 -0.11986 4.6549 -1.4495 -0.64574 -0.47604 -0.00057268 -0.62999 0.44125 -1.8221 -1.135 -0.098464 -3.5329 -0.9543 0.47604 0.00057268 0.62999 1.3955 -1.8074 0.08215 0.79549 -3.4606 0.47941
2 47 36 3.7756 0.84367 -2.8684 2.7588 0.66318 -2.1437 2.155 0.58224 -2.9159 1.3995 -0.86586 -2.9476 2.2656 -1.9856 -3.559 3.3857 0.746 -1.3904 3.5338 -0.39883 -0.23446 4.3378 -1.5473 -0.87658 -0.48249 0.0067611 -0.62502 0.39832 -1.8307 -1.1371 -0.1242 -3.5455 -0.94382 0.48249 -0.0067608 0.62502 1.3453 -1.8344 0.05105 0.76433 -3.4836 0.49106
2 48 36 3.7285 1.0057 -2.8821 2.7213 0.77499 -2.1588 2.1173 0.70304 -2.9317 1.3101 -0.71181 -2.8073 2.102 -1.9261 -3.3327 3.3483 0.84988 -1.4047 3.3031 -0.35785 -0.30559 3.944 -1.5966 -0.96327 -0.49117 0.014052 -0.61811 0.36247 -1.8364 -1.1295 -0.15094 -3.5539 -0.93575 0.49117 -0.014052 0.61811 1.3042 -1.8603 0.030884 0.7291 -3.504 0.49818
2 49 36 3.6784 1.1754 -2.882 2.6827 0.89629 -2.161 2.0718 0.84247 -2.9299 1.1726 -0.4983 -2.6797 1.8414 -1.8211 -3.1046 3.3163 0.9541 -1.4109 3.0796 -0.24211 -0.32384 3.5504 -1.5943 -0.89628 -0.49685 0.017495 -0.61346 0.34334 -1.843 -1.1105 -0.17298 -3.5605 -0.92528 0.49685 -0.017495 0.61346 1.2693 -1.8766 0.01236 0.69451 -3.5134 0.5037
2 50 36 3.6301 1.3595 -2.8659 2.6449 1.0323 -2.15 2.0349 0.99533 -2.9207 1.0151 -0.2333 -2.5753 1.5146 -1.6564 -2.8961 3.2775 1.0744 -1.3981 2.8627 -0.055225 -0.29324 3.1655 -1.5166 -0.6809 -0.50264 0.024701 -0.60848 0.32797 -1.8411 -1.1017 -0.18973 -3.5582 -0.91631 0.50264 -0.024701 0.60848 1.2342 -1.8966 -0.0040894 0.66869 -3.5265 0.51986
2 51 24 4.0871 1.5381 -2.0481 2.9853 1.1675 -1.5576 2.5481 1.1432 -2.4383 1.3328 0.063454 -2.2769 1.6447 -1.4386 -2.4328 3.4484 1.1982 -0.6904 2.6621 0.18435 0.32084 2.8278 -1.3456 0.22302 -0.37393 0.027153 -0.69494 0.52816 -1.8441 -1.0095 -0.018841 -3.5605 -0.93446 0.37393 -0.027153 0.69494 1.1919 -1.9098 0.24693 0.5193 -3.5341 0.64726
2 51 36 3.5719 1.5381 -2.8531 2.5962 1.1675 -2.1442 1.9854 1.1432 -2.9148 0.83031 0.063454 -2.5043 1.103 -1.4386 -2.7215 3.2295 1.1982 -1.3923 2.6707 0.18435 -0.23966 2.8124 -1.3456 -0.36979 -0.51024 0.027153 -0.60201 0.30673 -1.8441 -1.0973 -0.21271 -3.5605 -0.91012 0.51024 -0.027153 0.60201 1.2172 -1.9098 -0.0062789 0.64253 -3.5341 0.52515
2 52 24 4.0337 1.7059 -2.025 2.9413 1.2953 -1.5442 2.5026 1.2824 -2.4245 1.1479 0.38669 -2.2475 1.1565 -1.1502 -2.3723 3.4055 1.3159 -0.67737 2.4994 0.4526 0.37265 2.4369 -1.0788 0.54168 -0.37617 0.024885 -0.69381 0.50423 -1.8567 -1.0083 -0.045038 -3.572 -0.92526 0.37617 -0.024885 0.69381 1.1762 -1.9189 0.26142 0.49361 -3.5405 0.65531
2 52 36 3.5245 1.7059 -2.8193 2.5559 1.2953 -2.122 1.9439 1.2824 -2.8918 0.65556 0.38669 -2.437 0.63798 -1.1502 -2.5609 3.1902 1.3159 -1.3706 2.5223 0.4526 -0.15515 2.4963 -1.0788 0.023174 -0.5122 0.024885 -0.60044 0.28358 -1.8567 -1.0911 -0.23642 -3.572 -0.89567 0.5122 -0.024885 0.60044 1.2049 -1.9189 0.01115 0.61907 -3.5405 0.53836
2 53 12 4.3186 1.8393 -1.1216 3.1572 1.4033 -0.88628 2.9148 1.3912 -1.8394 1.4378 0.70495 -1.9671 1.1233 -0.79304 -2.1536 3.4271 1.4239 0.059284 2.2269 0.73779 0.92968 1.8615 -0.71267 1.3043 -0.22471 0.024213 -0.75658 0.68274 -1.866 -0.8899 0.12515 -3.5805 -0.91245 0.22471 -0.024213 0.75658 1.0836 -1.9261 0.51244 0.3227 -3.5434 0.74924
2 53 24 3.9911 1.8393 -1.995 2.9039 1.4033 -1.5233 2.4687 1.3912 -2.4053 0.99741 0.70495 -2.223 0.65098 -0.79304 -2.3401 3.3645 1.4239 -0.65454 2.3715 0.73779 0.44637 2.092 -0.71267 0.88875 -0.3771 0.024213 -0.69333 0.4828 -1.866 -1.0124 -0.067291 -3.5805 -0.91853 0.3771 -0.024213 0.69333 1.1664 -1.9261 0.27596 0.47142 -3.5434 0.66578
2 54 12 4.2834 1.9289 -1.1026 3.1223 1.4864 -0.8733 2.8887 1.471 -1.8286 1.3286 1.007 -1.9686 0.67146 -0.36042 -2.2442 3.3834 1.5108 0.074647 2.1193 1.0239 0.98782 1.534 -0.27887 1.569 -0.22907 0.027229 -0.75517 0.65761 -1.8727 -0.89061 0.10986 -3.5904 -0.90643 0.22907 -0.027229 0.75517 1.0674 -1.9391 0.51779 0.30088 -3.5536 0.75572
2 54 24 3.9605 1.9289 -1.9691 2.8725 1.4864 -1.5034 2.4454 1.471 -2.3892 0.89028 1.007 -2.2018 0.1902 -0.36042 -2.3348 3.325 1.5108 -0.63043 2.2784 1.0239 0.5256 1.8267 -0.27887 1.2158 -0.38107 0.027229 -0.69104 0.45807 -1.8727 -1.0079 -0.080995 -3.5904 -0.90946 0.38107 -0.027229 0.69104 1.1518 -1.9391 0.28454 0.45143 -3.5536 0.67665
2 55 12 4.2791 1.9539 -1.0734 3.1139 1.5168 -0.85416 2.8888 1.4961 -1.8114 1.2793 1.2608 -1.9619 0.33281 0.097194 -2.3196 3.3665 1.5466 0.095934 2.0666 1.2672 1.0452 1.3173 0.15284 1.8031 -0.22609 0.025459 -0.75613 0.65062 -1.8799 -0.87898 0.10023 -3.5968 -0.89658 0.22609 -0.025459 0.75613 1.0461 -1.9461 0.52647 0.28535 -3.5638 0.76134
2 55 24 3.9625 1.9539 -1.9396 2.8683 1.5168 -1.4829 2.4491 1.4961 -2.3724 0.84339 1.2608 -2.185 -0.15675 0.097194 -2.3382 3.3128 1.5466 -0.60609 2.2388 1.2672 0.59265 1.6634 0.15284 1.4898 -0.37835 0.025459 -0.6926 0.45366 -1.8799 -0.99505 -0.08837 -3.5968 -0.89783 0.37835 -0.025459 0.6926 1.1327 -1.9461 0.29745 0.4374 -3.5638 0.68538
2 56 12 4.2909 1.9422 -1.038 3.1174 1.5224 -0.82701 2.9027 1.4976 -1.7865 1.2764 1.4758 -1.9399 0.11921 0.55327 -2.3729 3.3599 1.556 0.1256 2.0423 1.4847 1.0888 1.1982 0.56874 1.9978 -0.21795 0.021492 -0.75864 0.66222 -1.8831 -0.86812 0.093003 -3.5939 -0.88646 0.21795 -0.021492 0.75864 1.0331 -1.945 0.5354 0.27631 -3.5647 0.76936
2 56 24 3.9813 1.9422 -1.9075 2.8774 1.5224 -1.4571 2.4678 1.4976 -2.351 0.84518 1.4758 -2.1628 -0.37676 0.55327 -2.3459 3.3125 1.556 -0.5757 2.224 1.4847 0.64036 1.5874 0.56874 1.705 -0.37092 0.021492 -0.69675 0.46726 -1.8831 -0.98683 -0.093335 -3.5939 -0.88643 0.37092 -0.021492 0.69675 1.1218 -1.945 0.3089 0.43023 -3.5647 0.6951
2 57 12 4.3236 1.8792 -1.0144 3.1416 1.482 -0.80782 2.929 1.4539 -1.7677 1.3107 1.6198 -1.917 0.023205 0.93059 -2.412 3.382 1.5184 0.1452 2.0588 1.6398 1.0955 1.1711 0.9053 2.1202 -0.20979 0.016918 -0.76105 0.7031 -1.8724 -0.86779 0.10034 -3.5716 -0.88012 0.20979 -0.016918 0.76105 1.0492 -1.9307 0.54382 0.27911 -3.5446 0.77398
2 57 24 4.0182 1.8792 -1.8911 2.905 1.482 -1.4433 2.4975 1.4539 -2.338 0.8835 1.6198 -2.1477 -0.47878 0.93059 -2.3641 3.3383 1.5184 -0.56113 2.2416 1.6398 0.64352 1.5863 0.9053 1.8304 -0.36344 0.016918 -0.7008 0.50732 -1.8724 -0.99501 -0.084841 -3.5716 -0.88175 0.36344 -0.016918 0.7008 1.1394 -1.9307 0.3138 0.43393 -3.5446 0.69904
2 58 12 4.3717 1.7787 -0.98679 3.1794 1.4074 -0.79097 2.9783 1.3749 -1.7532 1.3817 1.6954 -1.8836 0.030086 1.1902 -2.4272 3.4086 1.4475 0.16466 2.088 1.7422 1.08 1.2 1.1201 2.1765 -0.20225 0.012627 -0.76317 0.77237 -1.8454 -0.87367 0.11815 -3.5255 -0.87372 0.20225 -0.012627 0.76317 1.0976 -1.9024 0.55954 0.2929 -3.5005 0.78156
2 58 24 4.071 1.7787 -1.8742 2.9455 1.4074 -1.4347 2.5487 1.3749 -2.3341 0.95988 1.6954 -2.1297 -0.47522 1.1902 -2.3804 3.3684 1.4475 -0.54763 2.267 1.7422 0.62232 1.6263 1.1201 1.8794 -0.3565 0.012627 -0.70445 0.57385 -1.8454 -1.0152 -0.066086 -3.5255 -0.87919 0.3565 -0.012627 0.70445 1.1899 -1.9024 0.31912 0.44899 -3.5005 0.70358
2 59 12 4.4242 1.6634 -0.9557 3.2221 1.3187 -0.77498 3.0283 1.279 -1.7384 1.4565 1.712 -1.8408 0.085747 1.3134 -2.4238 3.444 1.3656 0.18205 2.1232 1.7821 1.0485 1.2531 1.1928 2.1769 -0.19431 0.010248 -0.76527 0.85871 -1.8044 -0.87642 0.13372 -3.4552 -0.86233 0.19432 -0.010248 0.76527 1.1667 -1.8631 0.57607 0.30421 -3.4329 0.78247
2 59 24 4.1288 1.6634 -1.8546 2.9905 1.3187 -1.4279 2.6007 1.279 -2.3301 1.0419 1.712 -2.1034 -0.42007 1.3134 -2.3887 3.4066 1.3656 -0.53797 2.2948 1.7821 0.58417 1.6783 1.1928 1.8688 -0.34918 0.010248 -0.70814 0.65773 -1.8044 -1.0358 -0.048489 -3.4552 -0.87129 0.34918 -0.010248 0.70814 1.261 -1.8631 0.32091 0.46025 -3.4329 0.70212
2 60 12 4.4666 1.5685 -0.93186 3.2594 1.2386 -0.76149 3.067 1.1953 -1.7251 1.5051 1.6679 -1.8007 0.13957 1.2769 -2.4008 3.48 1.2887 0.19568 2.1386 1.7386 1.0122 1.2894 1.1176 2.1396 -0.18999 0.010645 -0.76635 0.94576 -1.7535 -0.87597 0.14064 -3.3666 -0.84612 0.18999 -0.010645 0.76635 1.2442 -1.8188 0.58314 0.30686 -3.3453 0.7882
2 60 24 4.1752 1.5685 -1.8402 3.0298 1.2386 -1.4225 2.6414 1.1953 -2.3251 1.0978 1.6679 -2.0743 -0.36263 1.2769 -2.3774 3.4447 1.2887 -0.53214 2.3023 1.7386 0.54549 1.7061 1.1176 1.8248 -0.34517 0.010645 -0.7101 0.74297 -1.7535 -1.0535 -0.038355 -3.3666 -0.85687 0.34517 -0.010645 0.7101 1.3382 -1.8188 0.31171 0.46403 -3.3453 0.70717
2 61 12 4.4885 1.5293 -0.90044 3.2807 1.1956 -0.74286 3.1001 1.1451 -1.7084 1.5214 1.5626 -1.7536 0.18859 1.0738 -2.3556 3.4897 1.253 0.21652 2.1077 1.6294 1.0022 1.3161 0.8901 2.0996 -0.18425 0.0082362 -0.76778 1.0359 -1.6987 -0.87792 0.13652 -3.2607 -0.83098 0.18425 -0.0082364 0.76778 1.3173 -1.7684 0.58774 0.29443 -3.239 0.79182
2 61 24 4.2032 1.5293 -1.814 3.0546 1.1956 -1.4087 2.6772 1.1451 -2.3156 1.1235 1.5626 -2.0316 -0.3053 1.0738 -2.3434 3.4584 1.253 -0.51375 2.27 1.6294 0.54204 1.7239 0.8901 1.7801 -0.33985 0.0082362 -0.71269 0.83069 -1.6987 -1.0741 -0.039233 -3.2607 -0.84121 0.33985 -0.0082364 0.71269 1.4107 -1.7684 0.30101 0.45263 -3.239 0.71331
2 62 12 4.4831 1.5726 -0.87084 3.2814 1.2132 -0.72102 3.11 1.1632 -1.6882 1.4947 1.4061 -1.7128 0.25566 0.70331 -2.3031 3.481 1.2707 0.24034 2.0495 1.4354 1.0099 1.3883 0.49515 2.0377 -0.17575 -0.0022628 -0.76981 1.1325 -1.6419 -0.88931 0.12201 -3.1332 -0.81358 0.17575 0.0022628 0.76981 1.3859 -1.7072 0.60339 0.27144 -3.1108 0.80075
2 62 24 4.2041 1.5726 -1.7839 3.0598 1.2132 -1.3875 2.6911 1.1632 -2.2979 1.106 1.4061 -1.9861 -0.22877 0.70331 -2.306 3.4549 1.2707 -0.48866 2.2146 1.4354 0.56169 1.7816 0.49515 1.7045 -0.33196 -0.0022628 -0.71645 0.92287 -1.6419 -1.1053 -0.049809 -3.1332 -0.82117 0.33196 0.0022628 0.71645 1.481 -1.7072 0.30207 0.432 -3.1108 0.72682
2 63 12 4.4336 1.7299 -0.83703 3.2478 1.3166 -0.69977 3.0906 1.2596 -1.669 1.4591 1.18 -1.6936 0.43434 0.18074 -2.2672 3.433 1.3824 0.26395 2.0041 1.1872 1.0314 1.5952 -0.0037353 1.9214 -0.17072 -0.012081 -0.77085 1.2077 -1.5914 -0.91175 0.078021 -2.9925 -0.80254 0.17072 0.012081 0.77085 1.4508 -1.648 0.62976 0.23939 -2.9694 0.82231
2 63 24 4.1627 1.7299 -1.7405 3.0313 1.3166 -1.3597 2.676 1.2596 -2.2751 1.0751 1.18 -1.9599 -0.046535 0.18074 -2.308 3.4128 1.3824 -0.45558 2.1747 1.1872 0.59214 1.9598 -0.0037353 1.5477 -0.32726 -0.012081 -0.71851 0.99175 -1.5914 -1.1429 -0.090541 -2.9925 -0.80122 0.32726 0.012081 0.71851 1.55 -1.648 0.31435 0.40513 -2.9694 0.75457
2 64 24 4.0662 2.0029 -1.6735 2.9613 1.5079 -1.3151 2.6145 1.4472 -2.2334 1.0943 0.91296 -1.9646 0.39061 -0.39513 -2.3787 3.3338 1.579 -0.40758 2.226 0.91435 0.59224 2.3739 -0.47942 1.235 -0.32178 -0.018372 -0.72085 1.0548 -1.5341 -1.192 -0.1357 -2.8297 -0.79821 0.32178 0.018372 0.72085 1.6123 -1.594 0.33499 0.37136 -2.82 0.79079
2 64 36 3.6294 2.0029 -2.4823 2.6232 1.5079 -1.902 2.093 1.4472 -2.7282 0.66187 0.91296 -2.1492 -0.11249 -0.39513 -2.408 3.1762 1.579 -1.0918 2.3004 0.91435 0.11649 2.5788 -0.47942 0.71446 -0.46462 -0.018372 -0.63819 0.78391 -1.5341 -1.3853 -0.29869 -2.8297 -0.75256 0.46462 0.018372 0.63819 1.6468 -1.594 -0.0075551 0.52766 -2.82 0.6963
2 65 24 3.903 2.3653 -1.5899 2.8538 1.7516 -1.2538 2.5145 1.6898 -2.1749 1.2646 0.6498 -2.0173 1.2324 -0.79805 -2.5468 3.218 1.826 -0.34324 2.4201 0.67543 0.49837 3.0295 -0.72126 0.73416 -0.31649 -0.019672 -0.72315 1.113 -1.469 -1.2428 -0.1521 -2.6744 -0.79848 0.31649 0.019672 0.72315 1.6617 -1.5538 0.3642 0.32924 -2.68 0.81958
2 65 36 3.4872 2.3653 -2.3667 2.5307 1.7516 -1.8198 2.0074 1.6898 -2.6502 0.81755 0.6498 -2.2361 0.67597 -0.79805 -2.7474 3.0763 1.826 -1.0048 2.4708 0.67543 -0.015682 3.1159 -0.72126 0.088253 -0.45993 -0.019672 -0.64154 0.83032 -1.469 -1.4471 -0.31479 -2.6744 -0.7494 0.45993 0.019672 0.64154 1.7011 -1.5538 0.010757 0.49245 -2.68 0.73322
2 66 36 3.2942 2.7471 -2.2292 2.4095 2.0097 -1.7212 1.8923 1.9504 -2.5557 1.1712 0.49018 -2.4274 1.7432 -0.70183 -3.2209 2.9479 2.0838 -0.90148 2.7769 0.57717 -0.29346 3.7476 -0.55439 -0.68698 -0.45795 -0.016834 -0.64303 0.8305 -1.4613 -1.4602 -0.36164 -2.5888 -0.71289 0.45796 0.016834 0.64303 1.7313 -1.5408 0.037528 0.44302 -2.5713 0.76524
2 66 48 2.7588 2.7471 -2.8654 1.999 2.0097 -2.1845 1.3195 1.9504 -2.8932 0.6409 0.49018 -2.6179 1.0355 -0.70183 -3.5129 2.6961 2.0838 -1.4947 2.6552 0.57717 -0.86439 3.5229 -0.55439 -1.4511 -0.58164 -0.016834 -0.53377 0.50877 -1.4613 -1.6009 -0.50196 -2.5888 -0.62213 0.58164 0.016834 0.53377 1.7012 -1.5408 -0.32324 0.59244 -2.5713 0.65641
2 67 36 3.088 3.0711 -2.1006 2.2726 2.2381 -1.6298 1.7575 2.1827 -2.4658 1.657 0.57341 -2.7279 2.7498 0.045649 -3.6792 2.8079 2.3102 -0.80783 3.1492 0.72285 -0.62763 4.3197 0.16178 -1.4599 -0.45889 -0.014904 -0.64242 0.79539 -1.5057 -1.4289 -0.43454 -2.5751 -0.65774 0.45889 0.014904 0.64242 1.7035 -1.5822 0.081589 0.36624 -2.5453 0.81298
2 67 48 2.5838 3.0711 -2.6967 1.8841 2.2381 -2.0667 1.2064 2.1827 -2.7773 1.0536 0.57341 -3.0127 1.9247 0.045649 -4.1705 2.5786 2.3102 -1.374 2.9499 0.72285 -1.2687 3.9218 0.16178 -2.3261 -0.58242 -0.014904 -0.53297 0.48093 -1.5057 -1.563 -0.5618 -2.5751 -0.55302 0.58242 0.014904 0.53297 1.6833 -1.5822 -0.27438 0.52726 -2.5453 0.71907
2 68 36 2.905 3.3117 -1.9923 2.1497 2.4021 -1.5695 1.6438 2.3522 -2.4115 2.0833 0.93147 -3.0877 3.3241 1.2819 -3.9334 2.6748 2.4707 -0.74071 3.5108 1.0779 -0.91394 4.6179 1.3407 -1.9546 -0.46259 -0.016322 -0.63972 0.72304 -1.5958 -1.3566 -0.53132 -2.639 -0.58907 0.46259 0.016322 0.63972 1.6132 -1.6689 0.13928 0.27252 -2.6089 0.89417
2 68 48 2.4273 3.3117 -2.5527 1.7764 2.4021 -1.9822 1.1065 2.3522 -2.7006 1.3958 0.93147 -3.4534 2.4336 1.2819 -4.5386 2.4624 2.4707 -1.2807 3.2441 1.0779 -1.6239 4.1106 1.3407 -2.872 -0.58548 -0.016322 -0.52957 0.42519 -1.5958 -1.4773 -0.64219 -2.639 -0.46573 0.58548 0.016322 0.52957 1.6069 -1.6689 -0.19916 0.45247 -2.6089 0.81797
2 69 36 2.7319 3.5201 -1.8722 2.0436 2.5379 -1.5043 1.5508 2.5046 -2.3549 2.3481 1.4813 -3.3477 3.3327 2.5445 -3.8748 2.5546 2.5916 -0.66571 3.7571 1.5642 -1.0746 4.5178 2.5608 -1.9722 -0.46451 -0.016275 -0.63833 0.57218 -1.744 -1.2339 -0.68314 -2.7939 -0.477 0.46451 0.016275 0.63833 1.4537 -1.7922 0.23209 0.15361 -2.7576 1.0249
2 69 48 2.2829 3.5201 -2.3993 1.6861 2.5379 -1.8964 1.0273 2.5046 -2.6258 1.6008 1.4813 -3.7628 2.4543 2.5445 -4.4831 2.3604 2.5916 -1.1823 3.4516 1.5642 -1.8323 4.009 2.5608 -2.8684 -0.58707 -0.016275 -0.5278 0.30315 -1.744 -1.3259 -0.76738 -2.7939 -0.32454 0.58707 0.016275 0.5278 1.4702 -1.7922 -0.075228 0.36335 -2.7576 0.9706
2 70 24 2.7823 3.7829 -1.1621 2.1237 2.731 -0.96273 1.81 2.7022 -1.8945 2.9917 2.0517 -2.8161 3.6083 3.4643 -2.8626 2.4553 2.7824 -0.03821 3.9184 2.0889 -0.25569 4.3779 3.4785 -0.74095 -0.31801 -0.017178 -0.72255 0.50722 -1.9322 -0.97972 -0.83327 -3.0351 -0.49225 0.31801 0.017178 0.72255 1.1005 -1.9312 0.64607 -0.27886 -2.9673 1.1703
2 70 36 2.4799 3.7829 -1.7152 1.8771 2.731 -1.3832 1.3766 2.7022 -2.2294 2.3408 2.0517 -3.3765 2.9343 3.4643 -3.5502 2.3937 2.7824 -0.54786 3.7796 2.0889 -1.0648 4.1282 3.4785 -1.635 -0.46129 -0.017178 -0.64064 0.29244 -1.9322 -1.0638 -0.91741 -3.0351 -0.30825 0.46129 0.017178 0.64064 1.2108 -1.9312 0.40315 -0.029447 -2.9673 1.2027
2 70 48 2.0691 3.7829 -2.1933 1.5485 2.731 -1.7433 0.883 2.7022 -2.4669 1.5876 2.0517 -3.7894 2.132 3.4643 -4.0827 2.2275 2.7824 -1.0336 3.4756 2.0889 -1.8273 3.698 3.4785 -2.4575 -0.5844 -0.017178 -0.53073 0.064876 -1.9322 -1.1013 -0.96145 -3.0351 -0.11078 0.5844 0.017178 0.53073 1.2681 -1.9312 0.14261 0.22125 -2.9673 1.1825
2 71 12 2.5108 4.1141 -0.51287 1.9469 2.9873 -0.42902 1.7988 2.96 -1.401 3.2073 2.5288 -2.1073 3.4689 4.0353 -1.9081 2.1102 3.04 0.53945 3.6606 2.5333 0.6302 3.8626 4.0413 0.37987 -0.14924 -0.020804 -0.77511 0.29503 -2.0737 -0.82706 -1.0215 -3.2922 -0.64601 0.14924 0.020804 0.77511 0.57867 -2.0299 0.93097 -0.78104 -3.1838 1.1969
2 71 24 2.3493 4.1141 -1.0237 1.8152 2.9873 -0.82444 1.4683 2.96 -1.7444 2.6991 2.5288 -2.7281 2.9964 4.0353 -2.5876 2.1762 3.04 0.088926 3.7116 2.5333 -0.14466 3.8572 4.0413 -0.43151 -0.30714 -0.020804 -0.72714 0.11663 -2.0737 -0.87033 -1.1335 -3.2922 -0.41951 0.30714 0.020804 0.72714 0.75958 -2.0299 0.79032 -0.51512 -3.1838 1.3332
2 71 36 2.0852 4.1141 -1.4898 1.6041 2.9873 -1.1838 1.0735 2.96 -2.0115 2.0729 2.5288 -3.2297 2.3929 4.0353 -3.154 2.1472 3.04 -0.36548 3.6004 2.5333 -0.91318 3.6832 4.0413 -1.224 -0.45161 -0.020804 -0.64739 -0.066874 -2.0737 -0.87556 -1.196 -3.2922 -0.17467 0.45161 0.020804 0.64739 0.9073 -2.0299 0.61512 -0.22668 -3.1838 1.4111
2 71 48 1.7299 4.1141 -1.8908 1.3229 2.9873 -1.4915 0.63182 2.96 -2.1907 1.3562 2.5288 -3.5901 1.6849 4.0353 -3.5826 2.0243 3.04 -0.80392 3.3319 2.5333 -1.6418 3.3482 4.0413 -1.9631 -0.57634 -0.020804 -0.53935 -0.24745 -2.0737 -0.84252 -1.2061 -3.2922 0.077803 0.57634 0.020804 0.53935 1.0154 -2.0299 0.41304 0.071663 -3.1838 1.4274
2 72 0 2.1664 4.3456 0.0010337 1.6514 3.1886 0.00023305 1.6991 3.1681 -0.98194 3.2426 2.8766 -1.4306 3.2742 4.3803 -1.0909 1.6162 3.2361 0.982 3.1302 2.837 1.4479 3.2266 4.3628 1.2473 0.03558 -0.022413 -0.7885 0.17926 -2.1184 -0.76551 -1.0195 -3.4546 -0.93444 -0.03558 0.022413 0.7885 0.12436 -2.0637 0.98076 -1.1891 -3.2954 1.0727
2 72 12 2.1193 4.3456 -0.44941 1.6154 3.1886 -0.34312 1.4578 3.1681 -1.3138 2.8743 2.8766 -2.0736 2.9759 4.3803 -1.7478 1.785 3.2361 0.62452 3.3629 2.837 0.76546 3.4154 4.3628 0.54918 -0.12914 -0.022413 -0.77867 0.016183 -2.1184 -0.78605 -1.1915 -3.4546 -0.70205 0.12914 0.022413 0.77867 0.32555 -2.0637 0.93347 -0.94013 -3.2954 1.2965
2 72 24 1.9795 4.3456 -0.88021 1.5087 3.1886 -0.67147 1.1528 3.1681 -1.5881 2.3804 2.8766 -2.6259 2.5474 4.3803 -2.3284 1.8759 3.2361 0.23974 3.4485 2.837 0.049552 3.455 4.3628 -0.17292 -0.28821 -0.022413 -0.7348 -0.1476 -2.1184 -0.77224 -1.3114 -3.4546 -0.43898 0.28821 0.022413 0.7348 0.51252 -2.0637 0.84538 -0.65004 -3.2954 1.4636
2 72 36 1.7533 4.3456 -1.2725 1.3361 3.1886 -0.97048 0.79745 3.1681 -1.7931 1.7824 2.8766 -3.0634 2.0077 4.3803 -2.8071 1.8847 3.2361 -0.15551 3.3835 2.837 -0.66852 3.3435 4.3628 -0.88747 -0.43468 -0.022413 -0.65882 -0.30493 -2.1184 -0.72468 -1.374 -3.4546 -0.15673 0.43468 0.022413 0.65882 0.67708 -2.0637 0.72035 -0.33154 -3.2954 1.5668
2 73 0 1.9995 4.4262 0.026981 1.4987 3.2629 0.037071 1.5519 3.2389 -0.94474 3.0915 3.0642 -1.4624 3.0167 4.5394 -1.0197 1.4569 3.3143 1.0184 2.9671 2.9833 1.5461 3.0114 4.5074 1.316 0.056593 -0.018288 -0.78738 0.21185 -2.1128 -0.72909 -0.9886 -3.4407 -0.94465 -0.056593 0.018289 0.78738 0.17887 -2.0633 0.94806 -1.1873 -3.2355 1.0502
2 73 12 1.9614 4.4262 -0.38933 1.4737 3.2629 -0.27534 1.3216 3.2389 -1.2468 2.7199 3.0642 -2.0732 2.7388 4.5394 -1.6247 1.6368 3.3143 0.69322 3.2237 2.9833 0.89544 3.2192 4.5074 0.66116 -0.10835 -0.018288 -0.78194 0.055634 -2.1128 -0.75721 -1.1634 -3.4407 -0.71846 0.10835 0.018289 0.78194 0.37207 -2.0633 0.89015 -0.94303 -3.2355 1.2741
2 73 24 1.8376 4.4262 -0.78862 1.3842 3.2629 -0.57573 1.0335 3.2389 -1.4943 2.2294 3.0642 -2.5934 2.3411 4.5394 -2.1586 1.7452 3.3143 0.33776 3.3394 2.9833 0.20562 3.2863 4.5074 -0.022589 -0.26855 -0.018288 -0.74232 -0.10301 -2.1128 -0.75223 -1.2874 -3.4407 -0.46088 0.26855 0.018289 0.74232 0.54901 -2.0633 0.79334 -0.65752 -3.2355 1.4424
2 73 36 1.6335 4.4262 -1.1534 1.2343 3.2629 -0.85095 0.70024 3.2389 -1.6765 1.6415 3.0642 -3.0002 1.8412 4.5394 -2.5982 1.7773 3.3143 -0.032466 3.3092 2.9833 -0.49318 3.2098 4.5074 -0.70535 -0.41702 -0.018288 -0.67027 -0.25716 -2.1128 -0.71437 -1.355 -3.4407 -0.18315 0.41702 0.018289 0.67027 0.70196 -2.0633 0.66186 -0.34327 -3.2355 1.5475
2 74 0 2.0603 4.3953 0.082769 1.5635 3.2302 0.096781 1.6154 3.2053 -0.88508 3.1385 3.0796 -1.4622 3.0203 4.5353 -0.96771 1.5232 3.2826 1.0781 3.0138 2.961 1.6641 3.0833 4.4828 1.4254 0.070683 -0.0081673 -0.78641 0.44061 -2.0748 -0.70633 -0.83459 -3.3361 -0.89086 -0.070683 0.0081673 0.78641 0.40346 -2.0304 0.97012 -1.0336 -3.1189 0.94069
2 74 12 2.0325 4.3953 -0.34741 1.5494 3.2302 -0.2304 1.3961 3.2053 -1.2016 2.7659 3.0796 -2.0828 2.7531 4.5353 -1.5745 1.7141 3.2826 0.73785 3.294 2.961 1.0011 3.3122 4.4828 0.75316 -0.094365 -0.0081673 -0.78392 0.28412 -2.0748 -0.78251 -1.0016 -3.3361 -0.69787 0.094365 0.0081673 0.78392 0.59634 -2.0304 0.86503 -0.81545 -3.1189 1.135
2 74 24 1.9159 4.3953 -0.7624 1.4677 3.2302 -0.54752 1.1158 3.2053 -1.4656 2.2724 3.0796 -2.6123 2.3656 4.5353 -2.1125 1.83 3.2826 0.36535 3.4301 2.961 0.29438 3.3964 4.4828 0.048047 -0.25529 -0.0081673 -0.74717 0.11522 -2.0748 -0.82448 -1.1248 -3.3361 -0.47438 0.25529 0.0081673 0.74717 0.76316 -2.0304 0.72214 -0.56165 -3.1189 1.2798
2 74 36 1.7155 4.3953 -1.1441 1.3218 3.2302 -0.8407 0.78665 3.2053 -1.6656 1.6796 3.0796 -3.0277 1.8746 4.5353 -2.5582 1.866 3.2826 -0.023117 3.4164 2.961 -0.42521 3.3322 4.4828 -0.65916 -0.40505 -0.0081673 -0.67776 -0.058714 -2.0748 -0.83042 -1.1988 -3.3361 -0.23016 0.40505 0.0081673 0.67776 0.89662 -2.0304 0.54769 -0.28329 -3.1189 1.3686
2 75 0 2.1513 4.3506 0.12702 1.625 3.1986 0.13526 1.6833 3.1739 -0.84625 3.1893 3.0114 -1.458 3.0851 4.4665 -0.95871 1.5796 3.2502 1.1164 3.0415 2.8681 1.7372 3.1815 4.3854 1.5007 0.079231 -0.00060272 -0.78563 0.68623 -2.0103 -0.70104 -0.57473 -3.2908 -0.84652 -0.079231 0.00060272 0.78563 0.63437 -1.9626 1.0112 -0.77909 -3.0706 0.85185
2 75 12 2.1307 4.3506 -0.32304 1.6176 3.1986 -0.20556 1.4705 3.1739 -1.1777 2.8165 3.0114 -2.0892 2.8184 4.4665 -1.5792 1.7772 3.2502 0.76359 3.3362 2.8681 1.0669 3.424 4.3854 0.80648 -0.085843 -0.00060272 -0.78494 0.52548 -2.0103 -0.8284 -0.73817 -3.2908 -0.70853 0.085843 0.00060272 0.78494 0.83074 -1.9626 0.85721 -0.58496 -3.0706 0.99522
2 75 24 2.017 4.3506 -0.75899 1.5395 3.1986 -0.53739 1.1935 3.1739 -1.4577 2.3205 3.0114 -2.6292 2.4284 4.4665 -2.1307 1.8971 3.2502 0.37741 3.4852 2.8681 0.34997 3.5168 4.3854 0.076971 -0.24716 -0.00060272 -0.74994 0.34176 -2.0103 -0.91955 -0.86935 -3.2908 -0.53957 0.24716 0.00060272 0.74994 0.99081 -1.9626 0.66575 -0.36526 -3.0706 1.0951
2 75 36 1.8151 4.3506 -1.1618 1.3942 3.1986 -0.84573 0.86438 3.1739 -1.674 1.7232 3.0114 -3.0542 1.9324 4.4665 -2.589 1.9341 3.2502 -0.025262 3.4818 2.8681 -0.38228 3.456 4.3854 -0.6559 -0.39768 -0.00060272 -0.68216 0.14311 -2.0103 -0.97051 -0.96254 -3.2908 -0.34703 0.39768 0.00060272 0.68216 1.1076 -1.9626 0.4452 -0.12959 -3.0706 1.1471
2 76 0 2.2256 4.3152 0.13523 1.6589 3.1825 0.13265 1.7203 3.1595 -0.8487 3.2085 2.9021 -1.4715 3.1828 4.3717 -1.0053 1.6111 3.2319 1.1138 3.0397 2.7533 1.7452 3.286 4.2566 1.5063 0.074855 -0.0015378 -0.78606 0.89318 -1.935 -0.7055 -0.25708 -3.3172 -0.8369 -0.074855 0.0015378 0.78606 0.82921 -1.8796 1.0278 -0.49253 -3.0801 0.77753
2 76 12 2.2051 4.3152 -0.33044 1.6502 3.1825 -0.21515 1.5063 3.1595 -1.1878 2.8324 2.9021 -2.1064 2.9043 4.3717 -1.6451 1.8074 3.2319 0.75449 3.3361 2.7533 1.075 3.5274 4.2566 0.79022 -0.090212 -0.0015378 -0.78445 0.72698 -1.935 -0.87579 -0.42546 -3.3172 -0.76516 0.090212 0.0015378 0.78445 1.0248 -1.8796 0.83296 -0.32011 -3.0801 0.86294
2 76 24 2.0882 4.3152 -0.78168 1.5694 3.1825 -0.55354 1.2264 3.1595 -1.4751 2.3326 2.9021 -2.6493 2.4988 4.3717 -2.213 1.9248 3.2319 0.36221 3.4867 2.7533 0.35794 3.6146 4.2566 0.03956 -0.25134 -0.0015378 -0.74855 0.529 -1.935 -1.0078 -0.57525 -3.3172 -0.65998 0.25134 0.0015378 0.74855 1.1756 -1.8796 0.60169 -0.1337 -3.0801 0.91064
2 76 36 1.88 4.3152 -1.1988 1.42 3.1825 -0.86774 0.89292 3.1595 -1.6978 1.7308 2.9021 -3.0764 1.9841 4.3717 -2.6841 1.958 3.2319 -0.045889 3.485 2.7533 -0.37482 3.5439 4.2566 -0.71283 -0.40148 -0.0015378 -0.67994 0.30791 -1.935 -1.0958 -0.69989 -3.3172 -0.52596 0.40148 0.0015378 0.67994 1.275 -1.8796 0.34413 0.058557 -3.0801 0.91854
2 77 12 2.283 4.2741 -0.33681 1.6914 3.1603 -0.22153 1.553 3.1354 -1.195 2.855 2.759 -2.107 3.0286 4.2383 -1.708 1.844 3.2111 0.74877 3.3337 2.6363 1.0941 3.6406 4.1123 0.77026 -0.095092 -0.00038481 -0.78387 0.88241 -1.8557 -0.91227 -0.097765 -3.3678 -0.85101 0.095092 0.00038481 0.78387 1.1851 -1.7957 0.79959 -0.03187 -3.1252 0.75083
2 77 24 2.1631 4.2741 -0.80411 1.6083 3.1603 -0.56834 1.2706 3.1354 -1.4918 2.3546 2.759 -2.6546 2.6073 4.2383 -2.3004 1.9594 3.2111 0.34901 3.4883 2.6363 0.37705 3.7212 4.1123 -0.0034985 -0.25599 -0.00038481 -0.74697 0.67346 -1.8557 -1.0758 -0.27256 -3.3678 -0.81209 0.25599 0.00038481 0.74697 1.3254 -1.7957 0.53572 0.12493 -3.1252 0.74105
2 77 36 1.9486 4.2741 -1.2363 1.455 3.1603 -0.89032 0.93272 3.1354 -1.7233 1.7512 2.759 -3.0861 2.072 4.2383 -2.7922 1.9891 3.2111 -0.065995 3.4905 2.6363 -0.35645 3.6392 4.1123 -0.77711 -0.4057 -0.00038481 -0.67743 0.43507 -1.8557 -1.1923 -0.43545 -3.3678 -0.73767 0.4057 0.00038481 0.67743 1.4078 -1.7957 0.24845 0.27628 -3.1252 0.69888
2 77 48 1.649 4.2741 -1.6144 1.2381 3.1603 -1.1734 0.55403 3.1354 -1.8796 1.0713 2.759 -3.3828 1.4462 4.2383 -3.162 1.932 3.2111 -0.47812 3.3401 2.6363 -1.0744 3.3981 4.1123 -1.5168 -0.53768 -0.00038481 -0.57827 0.17767 -1.8557 -1.2567 -0.5793 -3.3678 -0.63102 0.53768 0.00038481 0.57827 1.4287 -1.7957 -0.049684 0.41554 -3.1252 0.62617
2 78 12 2.3499 4.2376 -0.32871 1.7318 3.1387 -0.21103 1.6044 3.1051 -1.1857 2.8686 2.5926 -2.0846 3.1631 4.0692 -1.752 1.8744 3.1978 0.76034 3.3155 2.5278 1.1383 3.7309 3.9664 0.77019 -0.09147 0.003696 -0.78429 0.988 -1.7915 -0.9465 0.23132 -3.4281 -0.94545 0.091469 -0.003696 0.78429 1.3166 -1.7105 0.76601 0.29778 -3.1956 0.68089
2 78 24 2.2302 4.2376 -0.8101 1.6501 3.1387 -0.56648 1.3229 3.1051 -1.4934 2.3725 2.5926 -2.6354 2.7297 4.0692 -2.3714 1.9915 3.1978 0.35402 3.4797 2.5278 0.42412 3.8095 3.9664 -0.022339 -0.25253 0.003696 -0.74814 0.76962 -1.7915 -1.1312 0.029692 -3.4281 -0.97288 0.25253 -0.003696 0.74814 1.4471 -1.7105 0.47554 0.43284 -3.1956 0.6041
2 78 36 2.013 4.2376 -1.2561 1.4963 3.1387 -0.89718 0.98346 3.1051 -1.7358 1.7727 2.5926 -3.0711 2.177 4.0692 -2.8871 2.0216 3.1978 -0.067771 3.4919 2.5278 -0.30862 3.7216 3.9664 -0.81389 -0.40256 0.003696 -0.67928 0.51761 -1.7915 -1.2665 -0.17323 -3.4281 -0.95779 0.40256 -0.003696 0.67928 1.5143 -1.7105 0.16429 0.54898 -3.1956 0.50091
2 78 48 1.7079 4.2376 -1.6472 1.277 3.1387 -1.1887 0.60108 3.1051 -1.9023 1.0955 2.5926 -3.3726 1.5292 4.0692 -3.2766 1.9633 3.1978 -0.4866 3.3514 2.5278 -1.0279 3.4711 3.9664 -1.5699 -0.535 0.003696 -0.58074 0.24297 -1.7915 -1.3465 -0.36858 -3.4281 -0.90085 0.535 -0.003696 0.58074 1.5154 -1.7105 -0.15414 0.64113 -3.1956 0.37582
2 79 12 2.3602 4.2317 -0.31912 1.7278 3.1412 -0.19899 1.6054 3.1012 -1.1741 2.8167 2.4493 -2.0553 3.2452 3.9054 -1.7833 1.8655 3.2064 0.77267 3.248 2.4392 1.1835 3.7572 3.8344 0.7692 -0.090767 0.0076337 -0.78435 1.0555 -1.7413 -0.98857 0.56426 -3.4749 -1.0523 0.090767 -0.0076337 0.78435 1.3934 -1.6545 0.71128 0.6582 -3.2996 0.64851
2 79 24 2.2422 4.2317 -0.80285 1.6487 3.1412 -0.55388 1.3262 3.1012 -1.4822 2.3279 2.4493 -2.596 2.8035 3.9054 -2.419 1.9854 3.2064 0.36792 3.4231 2.4392 0.48237 3.835 3.8344 -0.028764 -0.25186 0.0076337 -0.74834 0.82687 -1.7413 -1.1864 0.33314 -3.4749 -1.1466 0.25186 -0.0076337 0.74834 1.5108 -1.6545 0.40603 0.77865 -3.2996 0.4975
2 79 36 2.0263 4.2317 -1.2515 1.4975 3.1412 -0.88455 0.98908 3.1012 -1.7256 1.7373 2.4493 -3.0233 2.2393 3.9054 -2.949 2.0185 3.2064 -0.052909 3.4486 2.4392 -0.23987 3.7452 3.8344 -0.82547 -0.40194 0.0076337 -0.67962 0.56214 -1.7413 -1.3324 0.087466 -3.4749 -1.1908 0.40194 -0.0076337 0.67962 1.5622 -1.6545 0.083045 0.86507 -3.2996 0.32473
2 79 48 1.7218 4.2317 -1.6454 1.2809 3.1412 -1.1766 0.6087 3.1012 -1.8935 1.0707 2.4493 -3.3184 1.5772 3.9054 -3.3502 1.9634 3.2064 -0.47143 3.3233 2.4392 -0.95163 3.4917 3.8344 -1.5861 -0.53446 0.0076337 -0.5812 0.27283 -1.7413 -1.4202 -0.16203 -3.4749 -1.183 0.53446 -0.0076337 0.5812 1.5453 -1.6545 -0.24357 0.91368 -3.2996 0.13778
2 80 12 2.3356 4.2452 -0.29145 1.6909 3.1612 -0.17874 1.5787 3.1199 -1.155 2.7212 2.3292 -2.0143 3.2818 3.7489 -1.7957 1.8188 3.2277 0.7942 3.1378 2.372 1.2377 3.7252 3.7247 0.78755 -0.092327 0.013544 -0.78409 1.1089 -1.6917 -1.0363 0.87669 -3.4758 -1.1534 0.092327 -0.013544 0.78409 1.4274 -1.6304 0.65134 0.9874 -3.3788 0.63301
2 80 24 2.224 4.2452 -0.77069 1.6168 3.1612 -0.5264 1.3041 3.1199 -1.458 2.2429 2.3292 -2.536 2.8368 3.7489 -2.4388 1.9442 3.2277 0.3987 3.3266 2.372 0.5583 3.8075 3.7247 -0.0041669 -0.25333 0.013544 -0.74776 0.86922 -1.6917 -1.2442 0.61772 -3.4758 -1.3105 0.25333 -0.013544 0.74776 1.5316 -1.6304 0.34033 1.0974 -3.3788 0.41388
2 80 36 2.0152 4.2452 -1.2162 1.472 3.1612 -0.85105 0.97248 3.1199 -1.6973 1.6666 2.3292 -2.947 2.2677 3.7489 -2.9753 1.9846 3.2277 -0.014229 3.3699 2.372 -0.14553 3.7234 3.7247 -0.7957 -0.40326 0.013544 -0.67875 0.59154 -1.6917 -1.3977 0.33176 -3.4758 -1.4103 0.40326 -0.013544 0.67875 1.5689 -1.6304 0.014445 1.1595 -3.3788 0.17667
2 80 48 1.7182 4.2452 -1.6086 1.2629 3.1612 -1.1385 0.59835 3.1199 -1.8624 1.0175 2.3292 -3.2291 1.5996 3.7489 -3.3818 1.9382 3.2277 -0.42653 3.266 2.372 -0.843 3.4766 3.7247 -1.5525 -0.53557 0.013544 -0.58007 0.28801 -1.6917 -1.4902 0.031295 -3.4758 -1.4484 0.53557 -0.013544 0.58007 1.5377 -1.6304 -0.31207 1.1709 -3.3788 -0.068266
2 81 12 2.2954 4.2675 -0.26754 1.6519 3.1815 -0.17208 1.5498 3.1438 -1.1496 2.6109 2.2301 -1.9909 3.2873 3.6044 -1.8128 1.7699 3.2442 0.80234 3.0182 2.3082 1.2863 3.6716 3.622 0.81237 -0.1063 0.019204 -0.7822 1.1593 -1.6277 -1.099 1.0921 -3.4249 -1.2274 0.1063 -0.019204 0.7822 1.4909 -1.5915 0.62427 1.2327 -3.3759 0.62717
2 81 24 2.1896 4.2675 -0.73893 1.58 3.1815 -0.51177 1.2769 3.1438 -1.4467 2.14 2.2301 -2.4902 2.8385 3.6044 -2.4566 1.898 3.2442 0.41683 3.2197 2.3082 0.63067 3.7603 3.622 0.03124 -0.2666 0.019204 -0.743 0.90542 -1.6277 -1.316 0.81302 -3.4249 -1.4276 0.2666 -0.019204 0.743 1.5882 -1.5915 0.30065 1.3361 -3.3759 0.35718
2 81 36 1.9881 4.2675 -1.178 1.4391 3.1815 -0.8291 0.9482 3.1438 -1.6805 1.5754 2.2301 -2.8807 2.2657 3.6044 -2.9931 1.9432 3.2442 0.013097 3.2805 2.3082 -0.052526 3.6846 3.622 -0.75126 -0.41525 0.019204 -0.67134 0.61202 -1.6277 -1.4755 0.49844 -3.4249 -1.5655 0.41525 -0.019204 0.67134 1.616 -1.5915 -0.03612 1.3812 -3.3759 0.071571
2 81 48 1.6997 4.2675 -1.5656 1.2353 3.1815 -1.1102 0.57807 3.1438 -1.841 0.94207 2.2301 -3.1454 1.5939 3.6044 -3.3988 1.9035 3.2442 -0.39121 3.1979 2.3082 -0.73342 3.4479 3.622 -1.5009 -0.54576 0.019204 -0.57033 0.29187 -1.6277 -1.5705 0.16206 -3.4249 -1.6349 0.54576 -0.019204 0.57033 1.5731 -1.5915 -0.37131 1.3659 -3.3759 -0.21716
2 82 12 2.2389 4.2999 -0.23788 1.6094 3.2044 -0.15223 1.5032 3.1914 -1.1299 2.49 2.1917 -1.9638 3.2459 3.5254 -1.7982 1.731 3.2428 0.82302 2.9255 2.2604 1.349 3.62 3.5498 0.86644 -0.12592 0.027568 -0.77903 1.2613 -1.5035 -1.1608 1.1322 -3.3002 -1.2372 0.12592 -0.027568 0.77903 1.6228 -1.4925 0.61297 1.3612 -3.2764 0.6272
2 82 24 2.1405 4.2999 -0.69817 1.5426 3.2044 -0.48351 1.2354 3.1914 -1.4178 2.0272 2.1917 -2.4386 2.8011 3.5254 -2.4338 1.8643 3.2428 0.44515 3.1421 2.2604 0.71127 3.721 3.5498 0.094862 -0.28513 0.027568 -0.73582 0.99244 -1.5035 -1.3977 0.8502 -3.3002 -1.4455 0.28513 -0.027568 0.73582 1.7148 -1.4925 0.26217 1.4619 -3.2764 0.33047
2 82 36 1.9486 4.2999 -1.128 1.4083 3.2044 -0.79366 0.91362 3.1914 -1.6436 1.4759 2.1917 -2.8068 2.2339 3.5254 -2.963 1.9161 3.2428 0.047818 3.2213 2.2604 0.042453 3.6594 3.5498 -0.68086 -0.43189 0.027568 -0.66046 0.68016 -1.5035 -1.5735 0.53108 -3.3002 -1.5907 0.43189 -0.027568 0.66046 1.7318 -1.4925 -0.10009 1.4986 -3.2764 0.01931
2 82 48 1.6715 4.2999 -1.5084 1.2125 3.2044 -1.0691 0.55192 3.1914 -1.7977 0.8601 2.1917 -3.0523 1.569 3.5254 -3.3627 1.8841 3.2428 -0.3516 3.1597 2.2604 -0.62822 3.4379 3.5498 -1.4268 -0.55977 0.027568 -0.55623 0.33816 -1.5035 -1.6805 0.18875 -3.3002 -1.6664 0.55977 -0.027568 0.55623 1.6732 -1.4925 -0.45797 1.4699 -3.2764 -0.2927
2 83 12 2.2031 4.3196 -0.22581 1.5874 3.2152 -0.15354 1.4802 3.2245 -1.1312 2.4246 2.1831 -1.9632 3.2199 3.4926 -1.7886 1.7097 3.2317 0.82224 2.8755 2.2242 1.365 3.6098 3.4943 0.8906 -0.13619 0.025611 -0.77736 1.5118 -1.1891 -1.2494 1.1532 -2.9557 -1.2122 0.13619 -0.025611 0.77736 1.8515 -1.2252 0.59581 1.3154 -2.9467 0.60589
2 83 24 2.108 4.3196 -0.67894 1.5208 3.2152 -0.48022 1.2126 3.2245 -1.4142 1.9635 2.1831 -2.4244 2.7777 3.4926 -2.4189 1.8432 3.2317 0.44882 3.0964 2.2242 0.73734 3.7161 3.4943 0.12061 -0.29484 0.025611 -0.73206 1.219 -1.1891 -1.5365 0.87594 -2.9557 -1.4254 0.29484 -0.025611 0.73206 1.9349 -1.2252 0.19784 1.4127 -2.9467 0.31916
2 83 36 1.9208 4.3196 -1.1024 1.3877 3.2152 -0.78592 0.8921 3.2245 -1.6354 1.4165 2.1831 -2.7797 2.214 3.4926 -2.9436 1.8963 3.2317 0.055778 3.1821 2.2242 0.077442 3.66 3.4943 -0.65464 -0.4406 0.025611 -0.65476 0.87293 -1.1891 -1.7563 0.56043 -2.9557 -1.5764 0.4406 -0.025611 0.65476 1.9338 -1.2252 -0.20877 1.4481 -2.9467 0.018475
2 83 48 1.6496 4.3196 -1.4777 1.194 3.2152 -1.0573 0.53258 3.2245 -1.7852 0.80763 2.1831 -3.0134 1.5537 3.4926 -3.3396 1.8664 3.2317 -0.3397 3.1286 2.2242 -0.58584 3.4439 3.4943 -1.4013 -0.5671 0.025611 -0.54885 0.4887 -1.1891 -1.8994 0.22043 -2.9557 -1.6585 0.5671 -0.025611 0.54885 1.8481 -1.2252 -0.60626 1.4203 -2.9467 -0.28301
2 84 24 2.1989 4.2709 -0.6961 1.6012 3.171 -0.50569 1.2681 3.1877 -1.4309 1.9796 2.0705 -2.3871 2.858 3.3375 -2.4196 1.9489 3.1798 0.4143 3.1341 2.0919 0.69806 3.8702 3.3086 0.10177 -0.30232 0.028852 -0.72888 1.4046 -0.81491 -1.617 0.83694 -2.5089 -1.3738 0.30232 -0.028852 0.72888 2.1302 -0.8767 0.13354 1.3449 -2.4815 0.37605
2 84 36 2.0061 4.2709 -1.1381 1.4611 3.171 -0.82756 0.94285 3.1877 -1.6633 1.4401 2.0705 -2.7466 2.2925 3.3375 -2.9609 1.9925 3.1798 3.5768e-05 3.2108 2.0919 0.031183 3.8067 3.3086 -0.70511 -0.44726 0.028852 -0.6501 1.0377 -0.81491 -1.8737 0.53302 -2.5089 -1.5178 0.44726 -0.028852 0.6501 2.1114 -0.8767 -0.31226 1.3937 -2.4815 0.088215
2 84 48 1.7256 4.2709 -1.5303 1.2571 3.171 -1.1133 0.57642 3.1877 -1.823 0.83756 2.0705 -2.986 1.6268 3.3375 -3.3729 1.949 3.1798 -0.41423 3.1471 2.0919 -0.63705 3.577 3.3086 -1.4812 -0.57265 0.028852 -0.5429 0.62548 -0.81491 -2.0485 0.20579 -2.5089 -1.5955 0.57265 -0.028852 0.5429 2.0003 -0.8767 -0.74442 1.3816 -2.4815 -0.20347
2 85 24 2.2265 4.2498 -0.69411 1.5862 3.1736 -0.50723 1.2428 3.199 -1.4285 1.8473 1.9313 -2.263 2.8681 3.0766 -2.4178 1.9448 3.1734 0.40864 2.9741 1.9358 0.68727 3.9257 2.9999 0.10419 -0.30844 0.028579 -0.72633 1.4792 -0.61269 -1.6249 0.7497 -2.2293 -1.3004 0.30844 -0.028579 0.72633 2.1938 -0.73098 0.12113 1.2244 -2.2193 0.43119
2 85 36 2.0335 4.2498 -1.1419 1.4461 3.1736 -0.82594 0.9186 3.199 -1.6557 1.3364 1.9313 -2.5976 2.3027 3.0766 -2.9613 1.9872 3.1734 -0.0046328 3.052 1.9358 0.053887 3.8615 2.9999 -0.71428 -0.45271 0.028579 -0.64633 1.1091 -0.61269 -1.8969 0.46295 -2.2293 -1.4279 0.45271 -0.028579 0.64633 2.1711 -0.73098 -0.33764 1.2873 -2.2193 0.16719
2 85 48 1.7517 4.2498 -1.5397 1.2428 3.1736 -1.1086 0.5543 3.199 -1.8105 0.7671 1.9313 -2.8187 1.6367 3.0766 -3.3753 1.9429 3.1734 -0.4177 2.9966 1.9358 -0.58185 3.6286 2.9999 -1.5015 -0.57719 0.028579 -0.53808 0.69044 -0.61269 -2.086 0.15596 -2.2293 -1.4929 0.57719 -0.028579 0.53808 2.0534 -0.73098 -0.78165 1.294 -2.2193 -0.10411
2 86 24 2.2847 4.2083 -0.72348 1.6207 3.1466 -0.53994 1.293 3.1782 -1.4668 1.7961 1.8015 -2.1881 2.9871 2.753 -2.4203 1.9647 3.1394 0.38146 2.8717 1.8101 0.66231 3.9847 2.6817 0.046559 -0.30225 0.019693 -0.72922 1.5311 -0.50287 -1.6124 0.68514 -2.0511 -1.2408 0.30225 -0.019693 0.72922 2.2141 -0.63978 0.1173 1.1322 -2.0387 0.46847
2 86 36 2.0843 4.2083 -1.1827 1.473 3.1466 -0.8651 0.95979 3.1782 -1.7035 1.3019 1.8015 -2.5137 2.4186 2.753 -2.9884 2.001 3.1394 -0.035351 2.9467 1.8101 0.050776 3.9073 2.6817 -0.78293 -0.44726 0.019693 -0.65044 1.1624 -0.50287 -1.8955 0.4122 -2.0511 -1.3561 0.44726 -0.019693 0.65044 2.1901 -0.63978 -0.34561 1.2049 -2.0387 0.22283
2 86 48 1.7929 4.2083 -1.5902 1.261 3.1466 -1.1525 0.58463 3.1782 -1.8659 0.75083 1.8015 -2.7294 1.7444 2.753 -3.426 1.95 3.1394 -0.45062 2.8928 1.8101 -0.56298 3.6592 2.6817 -1.5782 -0.57272 0.019693 -0.54324 0.74288 -0.50287 -2.0958 0.12124 -2.0511 -1.4122 0.57272 -0.019693 0.54324 2.0704 -0.63978 -0.79341 1.2249 -2.0387 -0.032554
2 87 24 2.3763 4.149 -0.75162 1.7008 3.0951 -0.58161 1.372 3.121 -1.5082 1.803 1.691 -2.17 3.1204 2.4491 -2.4292 2.0468 3.0929 0.33909 2.874 1.7175 0.64379 4.058 2.4458 -0.023694 -0.29967 0.016824 -0.73035 1.5614 -0.44187 -1.5908 0.64234 -1.9417 -1.1949 0.29968 -0.016824 0.73035 2.2233 -0.59795 0.11697 1.0669 -1.9289 0.49401
2 87 36 2.1681 4.149 -1.2293 1.5428 3.0951 -0.92253 1.0285 3.121 -1.7605 1.3124 1.691 -2.4975 2.5472 2.4491 -3.0249 2.0725 3.0929 -0.093867 2.9451 1.7175 0.032181 3.9644 2.4458 -0.86688 -0.44497 0.016824 -0.65208 1.1965 -0.44187 -1.8807 0.37987 -1.9417 -1.3024 0.44497 -0.016824 0.65208 2.199 -0.59795 -0.34783 1.1463 -1.9289 0.2614
2 87 48 1.8651 4.149 -1.6532 1.3172 3.0951 -1.2231 0.63998 3.121 -1.9359 0.76445 1.691 -2.7158 1.8626 2.4491 -3.4884 2.0077 3.0929 -0.52272 2.8874 1.7175 -0.58084 3.6975 2.4458 -1.6722 -0.57083 0.016824 -0.54532 0.77935 -0.44187 -2.0883 0.10079 -1.9417 -1.3529 0.57083 -0.016824 0.54532 2.0787 -0.59795 -0.79744 1.1756 -1.9289 0.017364
2 88 24 2.4567 4.086 -0.80164 1.7604 3.0491 -0.62585 1.4347 3.0651 -1.5537 1.8187 1.6119 -2.1936 3.2078 2.2274 -2.4564 2.1041 3.0559 0.29566 2.8929 1.6647 0.629 4.1026 2.314 -0.072823 -0.29958 0.012181 -0.73048 1.5828 -0.44149 -1.546 0.61707 -1.9144 -1.1603 0.29958 -0.012181 0.73048 2.2077 -0.61654 0.091569 1.0216 -1.909 0.50833
2 88 36 2.2363 4.086 -1.2949 1.5919 3.0491 -0.97819 1.0803 3.0651 -1.8181 1.3228 1.6119 -2.5237 2.627 2.2274 -3.0697 2.1196 3.0559 -0.14827 2.9605 1.6647 0.013786 3.9979 2.314 -0.92422 -0.44491 0.012181 -0.65223 1.2268 -0.44149 -1.8413 0.36235 -1.9144 -1.2632 0.44491 -0.012181 0.65223 2.1785 -0.61654 -0.36943 1.105 -1.909 0.28481
2 88 48 1.9182 4.086 -1.7316 1.3537 3.0491 -1.2878 0.6787 3.0651 -2.003 0.76923 1.6119 -2.7436 1.9314 2.2274 -3.5488 2.0425 3.0559 -0.58573 2.8986 1.6647 -0.60203 3.7183 2.314 -1.7352 -0.57079 0.012181 -0.54547 0.81712 -0.44149 -2.0562 0.091789 -1.9144 -1.311 0.57079 -0.012181 0.54547 2.0541 -0.61654 -0.81429 1.1401 -1.909 0.048843
2 89 24 2.5436 4.0179 -0.85529 1.8255 2.9989 -0.67483 1.5077 2.9991 -1.6056 1.8778 1.5341 -2.2265 3.3061 2.0462 -2.5014 2.1619 3.0209 0.24913 2.9377 1.6241 0.58949 4.1646 2.226 -0.12481 -0.30037 0.0086915 -0.73021 1.5955 -0.47694 -1.4946 0.6018 -1.9374 -1.1332 0.30037 -0.0086915 0.73021 2.1783 -0.65871 0.048118 0.99058 -1.9338 0.51102
2 89 36 2.3102 4.0179 -1.3655 1.6453 2.9989 -1.0396 1.141 2.9991 -1.884 1.3739 1.5341 -2.5683 2.7138 2.0462 -3.1341 2.1665 3.0209 -0.2058 2.9961 1.6241 -0.03418 4.0476 2.226 -0.98795 -0.44562 0.0086915 -0.6518 1.2499 -0.47694 -1.7936 0.35305 -1.9374 -1.2335 0.44562 -0.0086915 0.6518 2.1407 -0.65871 -0.40582 1.0752 -1.9338 0.2939
2 89 48 1.9758 4.0179 -1.8159 1.3932 2.9989 -1.359 0.72432 2.9991 -2.0801 0.80989 1.5341 -2.7978 2.0028 2.0462 -3.6298 2.0763 3.0209 -0.65174 2.9235 1.6241 -0.65636 3.7538 2.226 -1.8079 -0.5714 0.0086915 -0.5449 0.84962 -0.47694 -2.0143 0.088871 -1.9374 -1.28 0.5714 -0.0086915 0.5449 2.0095 -0.65871 -0.84203 1.1128 -1.9338 0.063934
2 90 24 2.6323 3.9506 -0.90566 1.8943 2.9477 -0.71538 1.5734 2.9406 -1.6451 1.9369 1.4681 -2.252 3.395 1.8836 -2.5331 2.234 2.9767 0.20716 2.9956 1.5746 0.55747 4.2347 2.1416 -0.16422 -0.30219 0.0079288 -0.72947 1.59 -0.54579 -1.4555 0.59752 -2.0151 -1.1285 0.30219 -0.0079288 0.72947 2.143 -0.73402 0.02348 0.97383 -2.0146 0.51739
2 90 36 2.3865 3.9506 -1.4332 1.7041 2.9477 -1.0936 1.197 2.9406 -1.9363 1.4264 1.4681 -2.6055 2.7941 1.8836 -3.1836 2.2283 2.9767 -0.26185 3.0461 1.5746 -0.077537 4.1081 2.1416 -1.0411 -0.44725 0.0079288 -0.6507 1.2527 -0.54579 -1.7543 0.34982 -2.0151 -1.2281 0.44725 -0.0079288 0.6507 2.1011 -0.73402 -0.42259 1.0601 -2.0146 0.30362
2 90 48 2.0364 3.9506 -1.898 1.4395 2.9477 -1.424 0.76827 2.9406 -2.1428 0.85349 1.4681 -2.8451 2.0712 1.8836 -3.695 2.1251 2.9767 -0.71941 2.9634 1.5746 -0.70916 3.8018 2.1416 -1.8724 -0.57276 0.0079288 -0.54349 0.86056 -0.54579 -1.9764 0.086841 -2.0151 -1.274 0.57276 -0.0079288 0.54349 1.9673 -0.73402 -0.85019 1.1001 -2.0146 0.076572
2 91 24 2.7006 3.8928 -0.96241 1.9489 2.9024 -0.76011 1.6225 2.8924 -1.6879 1.9671 1.4075 -2.2755 3.4522 1.7049 -2.5649 2.2944 2.9339 0.16018 3.0314 1.5203 0.51691 4.2909 2.0346 -0.20896 -0.30722 0.005635 -0.72738 1.5539 -0.65908 -1.4406 0.57093 -2.1347 -1.1131 0.30722 -0.005635 0.72738 2.1033 -0.82893 0.012859 0.95928 -2.1259 0.52272
2 91 36 2.4415 3.8928 -1.5029 1.7483 2.9024 -1.1487 1.2361 2.8924 -1.9883 1.451 1.4075 -2.6347 2.8435 1.7049 -3.2266 2.2776 2.9339 -0.32036 3.0727 1.5203 -0.12465 4.1537 2.0346 -1.0965 -0.45174 0.005635 -0.64761 1.2204 -0.65908 -1.7322 0.32703 -2.1347 -1.2075 0.45174 -0.005635 0.64761 2.06 -0.82893 -0.42473 1.047 -2.1259 0.31186
2 91 48 2.0756 3.8928 -1.9776 1.4712 2.9024 -1.4871 0.79571 2.8924 -2.2019 0.87154 1.4075 -2.8789 2.1105 1.7049 -3.7473 2.1612 2.9339 -0.7869 2.9796 1.5203 -0.76077 3.8349 2.0346 -1.9362 -0.57651 0.005635 -0.53954 0.83359 -0.65908 -1.9481 0.068838 -2.1347 -1.2491 0.57651 -0.005635 0.53954 1.9267 -0.82893 -0.84375 1.089 -2.1259 0.087358
2 92 24 2.7566 3.8467 -1.0044 1.9973 2.8643 -0.79015 1.6638 2.8519 -1.7153 1.9744 1.3457 -2.2662 3.4781 1.4721 -2.5833 2.3501 2.8981 0.12732 3.0415 1.4628 0.48872 4.3407 1.8752 -0.23231 -0.30909 0.0064747 -0.72658 1.5071 -0.78074 -1.4309 0.54634 -2.271 -1.1036 0.30909 -0.0064747 0.72658 2.0574 -0.93439 0.021867 0.94597 -2.2585 0.53395
2 92 36 2.4876 3.8467 -1.5556 1.7894 2.8643 -1.1881 1.2708 2.8519 -2.0238 1.4601 1.3457 -2.6272 2.865 1.4721 -3.25 2.3252 2.8981 -0.36408 3.0767 1.4628 -0.15433 4.1975 1.8752 -1.1297 -0.4534 0.0064747 -0.64644 1.1766 -0.78074 -1.713 0.30495 -2.271 -1.1931 0.4534 -0.0064747 0.64644 2.017 -0.93439 -0.40637 1.0363 -2.2585 0.32561
2 92 48 2.1098 3.8467 -2.0388 1.5032 2.8643 -1.5342 0.82225 2.8519 -2.2438 0.88195 1.3457 -2.8734 2.1267 1.4721 -3.7746 2.1987 2.8981 -0.83957 2.9774 1.4628 -0.79064 3.8709 1.8752 -1.9777 -0.5779 0.0064747 -0.53805 0.79478 -0.78074 -1.9202 0.050239 -2.271 -1.2304 0.5779 -0.0064747 0.53805 1.8884 -0.93439 -0.81685 1.0814 -2.2585 0.10303
2 93 24 2.7843 3.82 -1.0434 2.0256 2.8401 -0.81577 1.6813 2.825 -1.737 1.9386 1.2941 -2.2459 3.4351 1.1917 -2.603 2.3892 2.8766 0.097382 3.0081 1.4126 0.47468 4.3534 1.6477 -0.24124 -0.31387 0.0078428 -0.72452 1.4479 -0.90659 -1.4132 0.52166 -2.421 -1.0977 0.31387 -0.007843 0.72452 2.0026 -1.0495 0.033671 0.92942 -2.4045 0.54657
2 93 36 2.5065 3.82 -1.5995 1.8118 2.8401 -1.2191 1.2834 2.825 -2.0486 1.4293 1.2941 -2.5998 2.8189 1.1917 -3.2603 2.3572 2.8766 -0.40149 3.0411 1.4126 -0.16112 4.2081 1.6477 -1.1411 -0.45765 0.0078428 -0.64343 1.1225 -0.90659 -1.6833 0.28203 -2.421 -1.1822 0.45764 -0.007843 0.64343 1.9659 -1.0495 -0.38344 1.0227 -2.4045 0.34139
2 93 48 2.1192 3.82 -2.0856 1.5187 2.8401 -1.5691 0.82947 2.825 -2.2706 0.85752 1.2941 -2.8402 2.0794 1.1917 -3.7752 2.2223 2.8766 -0.88281 2.9411 1.4126 -0.78987 3.8789 1.6477 -1.9911 -0.58142 0.0078428 -0.53422 0.74794 -0.90659 -1.8799 0.030079 -2.421 -1.215 0.58142 -0.007843 0.53422 1.8432 -1.0495 -0.78379 1.0714 -2.4045 0.12129
2 94 24 2.787 3.813 -1.0711 2.0337 2.8309 -0.83617 1.6819 2.8124 -1.7544 1.8603 1.2542 -2.2117 3.3008 0.87874 -2.6139 2.4047 2.8707 0.073862 2.935 1.3791 0.47693 4.3045 1.3555 -0.23143 -0.31865 0.0089302 -0.72241 1.3785 -1.0352 -1.3884 0.4882 -2.5747 -1.0914 0.31865 -0.0089302 0.72241 1.9342 -1.1694 0.046067 0.90484 -2.5573 0.56077
2 94 36 2.5034 3.813 -1.6272 1.8154 2.8309 -1.2407 1.2804 2.8124 -2.0658 1.3598 1.2542 -2.5501 2.6852 0.87874 -3.243 2.3675 2.8707 -0.42772 2.97 1.3791 -0.14372 4.1623 1.3555 -1.1213 -0.46188 0.0089302 -0.64038 1.0597 -1.0352 -1.6447 0.25062 -2.5747 -1.169 0.46188 -0.0089302 0.64038 1.9015 -1.1694 -0.35709 1.0017 -2.5573 0.36039
2 94 48 2.1104 3.813 -2.1121 1.5178 2.8309 -1.5911 0.82288 2.8124 -2.2869 0.79993 1.2542 -2.7771 1.9523 0.87874 -3.7304 2.2268 2.8707 -0.9106 2.8753 1.3791 -0.75809 3.8382 1.3555 -1.9622 -0.58493 0.0089302 -0.53035 0.69461 -1.0352 -1.8291 0.0020822 -2.5747 -1.1956 0.58493 -0.0089302 0.53035 1.7857 -1.1694 -0.74464 1.0547 -2.5573 0.14426
2 95 24 2.759 3.8325 -1.0834 2.0252 2.8355 -0.84812 1.6688 2.8149 -1.7646 1.7585 1.2355 -2.1722 3.0732 0.55297 -2.6005 2.4003 2.8779 0.06012 2.8318 1.3625 0.49146 4.1745 1.0185 -0.1841 -0.32321 0.010777 -0.72036 1.305 -1.1516 -1.3622 0.44869 -2.7133 -1.0817 0.32321 -0.010777 0.72036 1.8602 -1.2809 0.057884 0.8679 -2.6946 0.57514
2 95 36 2.4735 3.8325 -1.6333 1.8047 2.8355 -1.2507 1.2655 2.8149 -2.073 1.2685 1.2355 -2.4903 2.4654 0.55297 -3.1826 2.3604 2.8779 -0.44025 2.8721 1.3625 -0.10804 4.045 1.0185 -1.048 -0.46592 0.010777 -0.63742 0.99329 -1.1516 -1.6038 0.21398 -2.7133 -1.1514 0.46592 -0.010777 0.63742 1.8316 -1.2809 -0.33014 0.96851 -2.6946 0.38213
2 95 48 2.0798 3.8325 -2.1119 1.5052 2.8355 -1.5985 0.80684 2.8149 -2.2908 0.72297 1.2355 -2.6996 1.7498 0.55297 -3.6256 2.2172 2.8779 -0.92137 2.7869 1.3625 -0.70282 3.7388 1.0185 -1.8661 -0.58827 0.010777 -0.52662 0.63814 -1.1516 -1.7753 -0.030083 -2.7133 -1.1707 0.58827 -0.010777 0.52662 1.7229 -1.2809 -0.70373 1.0268 -2.6946 0.17241
2 96 12 2.8717 3.8718 -0.50203 2.1246 2.8606 -0.41751 1.9596 2.8403 -1.3869 2.0172 1.2454 -1.7357 3.1956 0.27222 -1.9403 2.3092 2.9029 0.54763 2.5378 1.3709 1.0667 3.8744 0.67448 0.74073 -0.17181 0.010949 -0.77062 1.4803 -1.2563 -1.0516 0.61494 -2.8358 -0.96595 0.17181 -0.010949 0.77062 1.7343 -1.3769 0.44334 0.68567 -2.8109 0.75139
2 96 24 2.7046 3.8718 -1.0881 1.9914 2.8606 -0.85012 1.6284 2.8403 -1.764 1.6122 1.2454 -2.1172 2.7224 0.27222 -2.5623 2.3726 2.9029 0.055549 2.7042 1.3709 0.51576 3.9437 0.67448 -0.080989 -0.32828 0.010949 -0.71806 1.2293 -1.2563 -1.3364 0.40067 -2.8358 -1.0727 0.32828 -0.010949 0.71806 1.7886 -1.3769 0.073072 0.82691 -2.8109 0.59241
2 96 36 2.4192 3.8718 -1.6267 1.7711 2.8606 -1.2456 1.2261 2.8403 -2.064 1.1368 1.2454 -2.4061 2.1302 0.27222 -3.0723 2.3323 2.9029 -0.43896 2.7523 1.3709 -0.057734 3.8407 0.67448 -0.89917 -0.4704 0.010949 -0.63411 0.92457 -1.2563 -1.5627 0.16889 -2.8358 -1.1326 0.4704 -0.010949 0.63411 1.7647 -1.3769 -0.30039 0.93201 -2.8109 0.40754
2 96 48 2.0282 3.8718 -2.0941 1.4735 2.8606 -1.5866 0.77013 2.8403 -2.2738 0.61168 1.2454 -2.5899 1.4449 0.27222 -3.448 2.1901 2.9029 -0.91428 2.6801 1.3709 -0.62871 3.5698 0.67448 -1.678 -0.59196 0.010949 -0.52246 0.57945 -1.2563 -1.7208 -0.070274 -2.8358 -1.1429 0.59196 -0.010949 0.52246 1.6637 -1.3769 -0.66072 0.99637 -2.8109 0.20486
2 97 0 2.8421 3.9266 0.083756 2.1188 2.8966 0.020633 2.151 2.8733 -0.96211 2.1455 1.2739 -1.295 3.1005 0.06559 -1.3692 2.1061 2.9425 1.003 2.1136 1.3999 1.5405 3.263 0.37206 1.5524 -0.010009 0.011292 -0.78947 1.5893 -1.35 -0.73143 0.74817 -2.9417 -0.82934 0.010009 -0.011292 0.78947 1.5322 -1.4595 0.78491 0.46398 -2.9092 0.87422
2 97 12 2.7974 3.9266 -0.50899 2.0768 2.8966 -0.42034 1.9039 2.8733 -1.3883 1.8293 1.2739 -1.7128 2.7481 0.06559 -1.9839 2.2686 2.9425 0.54323 2.3877 1.3999 1.0674 3.5144 0.37206 0.84002 -0.17393 0.011292 -0.77014 1.4025 -1.35 -1.0459 0.55939 -2.9417 -0.96677 0.17393 -0.011292 0.77014 1.6619 -1.4595 0.4492 0.6356 -2.9092 0.75865
2 97 24 2.6305 3.9266 -1.0795 1.944 2.8966 -0.84294 1.5737 2.8733 -1.7538 1.4332 1.2739 -2.0557 2.2756 0.06559 -2.5119 2.3319 2.9425 0.059698 2.5574 1.3999 0.54763 3.6123 0.37206 0.090979 -0.33025 0.011292 -0.71715 1.1544 -1.35 -1.3146 0.34616 -2.9417 -1.0619 0.33025 -0.011292 0.71715 1.719 -1.4595 0.09385 0.77944 -2.9092 0.60992
2 97 36 2.3486 3.9266 -1.6028 1.7263 2.8966 -1.2287 1.1747 2.8733 -2.0427 0.97452 1.2739 -2.3088 1.7036 0.06559 -2.9302 2.2934 2.9425 -0.42644 2.6154 1.3999 0.0039488 3.5522 0.37206 -0.66204 -0.47214 0.011292 -0.63282 0.85588 -1.35 -1.5259 0.11781 -2.9417 -1.1107 0.47214 -0.011292 0.63282 1.7009 -1.4595 -0.2656 0.88922 -2.9092 0.43454
2 97 48 1.964 3.9266 -2.0561 1.4331 2.8966 -1.5608 0.72429 2.8733 -2.2423 0.4732 1.2739 -2.461 1.0571 0.06559 -3.2203 2.1546 2.9425 -0.89395 2.559 1.3999 -0.5399 3.337 0.37206 -1.3861 -0.59339 0.011292 -0.52082 0.51992 -1.35 -1.6705 -0.1157 -2.9417 -1.1109 0.59339 -0.011292 0.52082 1.6085 -1.4595 -0.61344 0.96013 -2.9092 0.24017
2 98 0 2.7481 3.9942 0.059469 2.0545 2.9438 0.0036514 2.0741 2.9189 -0.97938 1.9099 1.3314 -1.3283 2.6009 -0.032613 -1.5272 2.0537 2.9919 0.98602 1.9355 1.4453 1.4986 2.7789 0.15779 1.5913 -0.016544 0.011407 -0.78936 1.5104 -1.4308 -0.73723 0.69067 -3.0336 -0.83776 0.016544 -0.011407 0.78936 1.4598 -1.5383 0.78384 0.40542 -2.9982 0.87245
2 98 12 2.7004 3.9942 -0.51319 2.0104 2.9438 -0.42359 1.8252 2.9189 -1.3892 1.592 1.3314 -1.6964 2.2266 -0.032613 -2.0345 2.2139 2.9919 0.53748 2.2047 1.4453 1.0634 3.049 0.15779 0.9787 -0.1803 0.011407 -0.76867 1.3241 -1.4308 -1.0351 0.5014 -3.0336 -0.96306 0.1803 -0.011407 0.76867 1.5908 -1.5383 0.46321 0.57795 -2.9982 0.7691
2 98 24 2.5347 3.9942 -1.0634 1.8784 2.9438 -0.83232 1.4965 2.9189 -1.7383 1.2045 1.3314 -1.9903 1.7549 -0.032613 -2.453 2.2772 2.9919 0.065444 2.3777 1.4453 0.58179 3.1859 0.15779 0.32339 -0.33618 0.011407 -0.71439 1.08 -1.4308 -1.2878 0.29021 -3.0336 -1.0463 0.33618 -0.011407 0.71439 1.6524 -1.5383 0.12233 0.72522 -2.9982 0.63213
2 98 36 2.2582 3.9942 -1.5672 1.6643 2.9438 -1.2047 1.1023 2.9189 -2.0115 0.76436 1.3314 -2.1973 1.2065 -0.032613 -2.7643 2.2411 2.9919 -0.40945 2.4467 1.4453 0.074736 3.1835 0.15779 -0.34607 -0.47736 0.011407 -0.62888 0.78862 -1.4308 -1.4842 0.06634 -3.0336 -1.0837 0.47736 -0.011407 0.62888 1.6417 -1.5383 -0.22389 0.8408 -2.9982 0.46753
2 99 0 2.6357 4.0694 0.04918 1.9784 2.9963 -0.0023465 1.9869 2.9739 -0.9856 1.6436 1.4199 -1.3544 2.0775 -0.026196 -1.6676 1.988 3.0423 0.98008 1.7158 1.5066 1.4664 2.2261 0.065957 1.6706 -0.019365 0.013191 -0.78927 1.4336 -1.5038 -0.74318 0.62512 -3.112 -0.84774 0.019364 -0.013191 0.78927 1.3879 -1.6073 0.78708 0.34821 -3.078 0.87074
2 99 12 2.5884 4.0694 -0.4999 1.9347 2.9963 -0.41363 1.7385 2.9739 -1.3772 1.3261 1.4199 -1.6665 1.6854 -0.026196 -2.0631 2.1483 3.0423 0.54534 1.9832 1.5066 1.0776 2.5248 0.065957 1.1713 -0.18304 0.013191 -0.768 1.2477 -1.5038 -1.025 0.4352 -3.112 -0.95918 0.18304 -0.013191 0.768 1.5212 -1.6073 0.48131 0.52164 -3.078 0.77931
2 99 24 2.4279 4.0694 -1.0271 1.8064 2.9963 -0.80684 1.4142 2.9739 -1.7085 0.95065 1.4199 -1.9058 1.2196 -0.026196 -2.3684 2.2147 3.0423 0.086763 2.1639 1.5066 0.64171 2.7131 0.065957 0.62076 -0.33872 0.013191 -0.71316 1.0073 -1.5038 -1.262 0.22627 -3.112 -1.0287 0.33872 -0.013191 0.71316 1.5881 -1.6073 0.15451 0.67227 -3.078 0.65383
2 99 36 2.1613 4.0694 -1.5095 1.5992 2.9963 -1.1648 1.0281 2.9739 -1.9652 0.53364 1.4199 -2.0618 0.70054 -0.026196 -2.5702 2.1844 3.0423 -0.3756 2.25 1.5066 0.17779 2.7829 0.065957 0.043103 -0.47959 0.013191 -0.62715 0.72294 -1.5038 -1.4439 0.0074412 -3.112 -1.0533 0.47959 -0.013191 0.62715 1.5855 -1.6073 -0.17904 0.79352 -3.078 0.49977
2 100 0 2.5181 4.143 0.047294 1.8953 3.0502 -0.0090766 1.8941 3.0311 -0.99244 1.3748 1.5322 -1.3827 1.5798 0.060079 -1.7932 1.9136 3.0935 0.97334 1.469 1.591 1.4354 1.6721 0.09228 1.7358 -0.021783 0.013217 -0.78921 1.3534 -1.5747 -0.74918 0.55433 -3.1874 -0.85717 0.021782 -0.013217 0.78921 1.308 -1.6745 0.79336 0.28213 -3.1553 0.86745
2 100 12 2.4729 4.143 -0.47728 1.852 3.0502 -0.40292 1.6464 3.0311 -1.3646 1.0573 1.5322 -1.6384 1.1724 0.060079 -2.0825 2.0742 3.0935 0.55421 1.7353 1.591 1.0987 1.9964 0.09228 1.3502 -0.18539 0.013217 -0.76743 1.1681 -1.5747 -1.0142 0.364 -3.1874 -0.95369 0.18539 -0.013217 0.76743 1.4444 -1.6745 0.50406 0.45632 -3.1553 0.78984
2 100 24 2.3196 4.143 -0.98099 1.7277 3.0502 -0.77916 1.3267 3.0311 -1.677 0.69353 1.5322 -1.8224 0.71384 0.060079 -2.2808 2.1441 3.0935 0.11086 1.9258 1.591 0.71386 2.2335 0.09228 0.90559 -0.3409 0.013217 -0.71212 0.93168 -1.5747 -1.2349 0.15776 -3.1874 -1.0085 0.3409 -0.013217 0.71212 1.5176 -1.6745 0.19274 0.61057 -3.1553 0.67771
