3 27 204 -0.16634 4.8168 -0.085352 -0.28074 3.5705 -0.26219 -1.0404 3.5729 0.36249 -1.0566 2.0243 0.88218 -1.4492 0.55191 0.64616 0.48041 3.5977 -0.88451 0.60648 1.9795 -1.0696 0.014256 0.67017 -1.6287 -0.59028 -0.0031662 0.52445 -0.50857 -2.075 0.18501 0.048964 -3.6334 0.90021 0.59028 0.0031657 -0.52445 0.28285 -2.0722 -0.41184 0.7641 -3.7086 0.17255
5 53 276 -0.57553 4.7854 0.51881 -0.39192 3.551 0.30894 0.25262 3.5785 1.0513 0.92486 2.0905 1.0016 1.1705 0.76987 1.7587 -1.0411 3.5526 -0.42995 -1.2858 1.9511 -0.6398 -2.0584 0.73708 -0.085822 0.5084 -0.01263 0.60404 -0.51994 -1.6899 1.3413 -0.63233 -3.4405 1.7582 -0.5084 0.01263 -0.60404 -0.40078 -2.0635 -0.29993 0.57488 -3.4819 -0.83575
6 67 348 -0.58149 4.7937 -0.23441 -0.47924 3.5389 -0.10491 -0.61775 3.6082 0.86637 -0.54817 2.0583 1.3778 -1.4413 0.825 1.6208 -0.34428 3.4991 -1.0783 -0.15768 1.8994 -1.3518 -0.68914 0.50075 -1.7246 -0.0080932 0.0025463 0.78957 0.37743 -2.0625 0.75177 1.7557 -3.2246 0.77971 0.0080935 -0.0025463 -0.78957 -0.93056 -1.8793 -0.6852 -0.75689 -3.6637 -0.49363
6 9 204 0.57683 4.741 -0.76786 0.4915 3.4957 -0.56212 -0.065086 3.3742 -1.3639 -0.57477 1.8386 -1.5896 -0.53528 0.57914 -2.4783 1.0503 3.6462 0.23313 1.1256 2.0955 0.74156 1.8907 0.7579 0.79695 -0.4484 -0.021254 -0.6496 0.034328 -2.0594 -0.81482 -0.50017 -3.7384 -0.43232 0.4484 0.021254 0.6496 0.85031 -2.0013 0.24724 0.18229 -3.6334 0.62289
2 10 192 -3.6169 3.171 0.54656 -2.6685 2.3442 0.48128 -2.5556 2.2904 1.4569 -1.7481 0.89263 1.7074 -2.3806 -0.49473 1.9374 -2.805 2.4155 -0.49013 -2.3106 0.95053 -1.0176 -3.2617 -0.24212 -1.2428 0.13165 -0.024077 0.77819 -1.3948 -1.4658 0.85457 0.046525 -2.531 0.65745 -0.13165 0.024077 -0.77819 -1.5348 -1.5389 -0.72514 -0.041485 -2.5398 -0.86375
5 101 288 -0.53702 4.7709 -0.67059 -0.31526 3.5339 -0.5123 -1.1681 3.456 -0.028527 -1.3798 1.9234 0.496 -2.1446 0.58653 0.42206 0.53211 3.6408 -1 1.0178 2.0811 -0.98207 1.046 0.64672 -1.5472 -0.70028 0.0024366 0.36483 -1.0849 -1.8432 -0.56245 -0.99249 -3.6024 -0.17813 0.70028 -0.0024366 -0.36483 0.64662 -2.0969 -0.52233 1.3131 -3.016 0.87836
4 27 216 -1.5194 4.5783 -0.29626 -1.1013 3.3855 -0.37245 -1.0451 3.374 0.60942 -0.52107 2.0004 1.3216 -1.9197 1.4021 1.5738 -1.1682 3.4249 -1.3529 -0.31928 2.1044 -1.8051 -1.742 1.5293 -1.6546 0.045999 0.13895 0.77594 -0.89505 -1.7331 0.93095 0.10252 -3.2084 1.2128 -0.045999 -0.13895 -0.77594 -1.1362 -1.9126 -0.49336 0.6015 -2.3907 -0.44103
2 65 0 4.2123 2.3653 0.13502 3.117 1.7516 0.015293 3.1817 1.6898 -0.96418 1.9758 0.6498 -1.3285 2.1617 -0.79805 -1.8253 3.0794 1.826 0.9953 2.0082 0.67543 1.4396 2.4689 -0.72126 1.9029 0.0050007 -0.019672 -0.78936 1.5223 -1.469 -0.68267 0.18582 -2.6744 -0.79131 -0.0050006 0.019672 0.78936 1.3699 -1.5538 1.0086 -0.032579 -2.68 0.88264
4 33 36 0.89512 4.6343 1.1117 0.63574 3.4193 0.86639 1.064 3.5432 -0.010337 1.1248 2.1215 -0.81278 2.5186 1.7661 -0.25703 0.21375 3.3239 1.7497 -0.86597 2.1175 1.5317 0.34611 1.4863 2.246 0.25733 0.14592 -0.73211 -0.20452 -1.8535 -1.1829 -1.4614 -3.025 -1.7297 -0.25733 -0.14593 0.73211 0.91423 -1.8898 0.70569 1.0116 -3.5061 -0.087388
0 107 12 0.33914 4.8283 -0.19948 0.30316 3.5692 -0.17085 0.14383 3.4932 -1.1384 0.92255 2.0794 -1.3903 2.4127 1.6964 -1.2873 0.46564 3.6747 0.79343 1.4279 2.3771 1.0365 2.7269 1.8546 0.39043 -0.14018 -0.013959 -0.77695 0.33893 -2.0574 -0.87137 -0.28377 -3.7492 -0.83909 0.14018 0.013959 0.77695 0.58641 -2.0385 0.8272 0.022039 -3.7272 1.1111
0 81 72 0.099309 4.8298 -0.44421 0.098757 3.5703 -0.32708 -0.8769 3.5259 -0.44322 -0.95032 1.9195 -0.15576 -1.3483 0.60516 -0.85708 1.0731 3.6441 -0.21483 1.2441 2.0198 -0.18372 1.7051 0.75372 -0.93352 -0.77491 0.019852 -0.15041 -0.70893 -1.9955 -0.74072 -0.91243 -3.7011 -0.19263 0.77491 -0.019853 0.15041 0.98912 -2.0717 -0.24765 0.94773 -3.6534 0.61682
0 98 84 0.047164 4.839 -0.13526 0.0078286 3.576 -0.11473 -0.97184 3.5582 -0.20009 -1.8423 4.35 -1.3333 -1.251 5.5639 -2.078 0.98645 3.6235 -0.028678 2.043 4.2146 -1.1255 1.5966 5.2522 -2.1752 -0.78835 0.0064335 -0.04422 -0.74779 -2.0407 -0.51527 -0.82553 -3.7559 0.035201 0.78835 -0.006433 0.044221 0.97089 -2.0662 -0.32771 1.1344 -3.727 0.35481
0 18 156 0.048897 4.7605 0.82103 -0.14056 3.5469 0.51641 0.81849 3.5081 0.30174 1.6212 2.5718 -0.76959 2.9606 2.6852 -1.5251 -1.0965 3.6147 0.73766 -0.47567 2.5071 1.7655 1.0405 2.7874 1.7447 0.70036 -0.022707 0.36397 -0.25167 -1.7482 1.0924 -0.31685 -3.5295 1.3635 -0.70036 0.022707 -0.36397 -0.27403 -2.0282 -0.52672 0.83153 -3.3943 -0.92953
2 61 48 3.102 1.5293 -3.3668 2.2175 1.1956 -2.5293 1.5039 1.1451 -3.2043 0.2001 1.5626 -2.3129 -1.232 1.0738 -2.0166 2.9505 1.253 -1.876 2.2942 1.6294 -0.42811 2.2989 0.8901 0.92504 -0.60035 0.0082362 -0.51284 0.322 -1.6987 -1.3191 -0.37799 -3.2607 -0.75253 0.60035 -0.0082364 0.51284 1.4112 -1.7684 -0.29882 0.70362 -3.239 0.46754
0 0 264 0.34246 4.8174 0.34675 0.24737 3.5725 0.16268 1.0892 3.5075 -0.34179 2.3004 2.4853 -0.73773 3.8071 2.7739 -0.58158 -0.59039 3.6669 0.66922 -1.3287 2.6073 1.6696 -1.4486 2.5042 3.2035 0.68458 -0.02094 -0.39296 1.1551 -1.9089 0.39973 1.319 -3.6681 0.039833 -0.68458 0.020939 0.39295 -0.77157 -2.0782 0.37916 -1.1616 -3.5909 -0.52124
2 27 84 0.5743 3.9942 -2.6706 0.40104 2.9566 -1.9838 -0.5546 2.8981 -2.209 -0.88428 1.345 -2.5934 -0.37123 1.0271 -4.0123 1.3595 3.0374 -1.7783 2.0886 1.6004 -2.0473 2.1485 1.7379 -3.582 -0.7773 0.021982 -0.13719 -0.67274 -1.5226 -1.5576 -0.71333 -3.2933 -1.2201 0.7773 -0.021982 0.13719 1.2189 -1.5044 -1.2847 1.056 -3.2435 -0.83765
2 28 36 2.4495 3.9353 -1.3982 1.8107 2.9024 -1.0777 1.3313 2.8594 -1.9355 1.3363 1.2795 -2.3512 2.6276 0.69544 -2.9587 2.3067 2.9675 -0.23095 2.8913 1.4921 0.15646 4.1472 1.322 -0.72189 -0.43452 0.030093 -0.65862 0.90175 -1.2398 -1.6666 0.35317 -2.8962 -1.2121 0.43452 -0.030093 0.65862 1.9644 -1.277 -0.061851 1.194 -2.8766 0.25208
2 31 120 -1.3606 3.3583 -3.1998 -1.0163 2.5098 -2.3354 -1.9094 2.4763 -1.9249 -2.0686 0.9049 -1.5075 -2.6246 -0.39496 -2.1231 -0.13404 2.5612 -2.7671 0.49322 1.0533 -2.7295 0.49293 -0.26391 -3.5312 -0.71042 0.038656 0.34251 -1.4872 -1.0066 -1.3062 -1.0014 -2.4392 -0.32511 0.71042 -0.038656 -0.34251 -0.050356 -1.0124 -2.0417 0.4645 -2.3741 -0.97799
2 31 240 -2.0908 3.3583 2.7782 -1.5143 2.5098 2.0478 -0.71228 2.4763 2.6161 -0.27125 0.9049 2.5452 -0.52636 -0.39496 3.3345 -2.3293 2.5612 1.4996 -2.6104 1.0533 0.93759 -3.3046 -0.26391 1.3387 0.65183 0.038656 0.44398 -0.38758 -1.0066 1.9411 0.21916 -2.4392 1.0298 -0.65183 -0.038656 -0.44398 -1.743 -1.0124 1.0645 -1.0792 -2.3741 0.086727
3 4 252 -0.59077 4.7843 0.013437 -0.24109 3.5756 0.014168 0.21895 3.6215 -0.85394 1.6299 2.7983 -0.86526 2.7695 3.3926 -0.013384 -0.70587 3.559 0.88081 -1.9545 2.5063 0.84257 -2.6231 1.282 1.4997 0.23671 0.037313 -0.75238 -0.20752 -2.0091 -0.58167 -0.7623 -3.7225 -0.49623 -0.23671 -0.037313 0.75238 1.6379 -0.88666 1.1752 0.63305 -2.3489 0.85426
2 31 300 1.3606 3.3583 3.1998 1.0163 2.5098 2.3354 1.9094 2.4763 1.9249 2.0686 0.9049 1.5075 2.6246 -0.39496 2.1231 0.13404 2.5612 2.7671 -0.49322 1.0533 2.7295 -0.49293 -0.26391 3.5312 0.71042 0.038656 -0.34251 1.4872 -1.0066 1.3062 1.0014 -2.4392 0.32511 -0.71042 -0.038656 0.34251 0.050355 -1.0124 2.0417 -0.4645 -2.3741 0.97799
4 29 84 1.4286 4.5882 -0.56541 1.1231 3.384 -0.32032 0.53528 3.3915 -1.1088 -0.24799 2.0051 -1.4739 0.91154 1.7031 -2.4445 1.7189 3.4046 0.46199 1.2075 2.1723 1.4047 2.3139 1.554 0.5265 -0.5088 0.14872 -0.58524 -0.44494 -1.9331 -0.86135 -1.3905 -3.3549 -0.28229 0.5088 -0.14872 0.58524 1.3656 -1.712 -0.52671 0.12636 -2.9192 -0.019039
4 4 276 0.48984 4.6506 1.2357 0.25414 3.449 0.91274 1.2123 3.3011 0.74733 1.4765 1.7009 0.55124 1.6071 1.2903 2.0318 -0.69789 3.6249 1.086 -1.3986 2.3024 0.43135 -1.7187 1.0192 1.2242 0.76855 0.025833 -0.17933 0.60767 -2.0559 0.054726 0.29309 -3.6498 -0.72713 -0.76855 -0.025833 0.17933 -0.39091 -1.7845 1.265 -0.43667 -3.4009 0.46753
2 89 324 2.0125 4.0179 1.7752 1.4972 2.9989 1.2435 2.1444 2.9991 0.50293 2.8671 1.5341 0.51301 3.8193 2.0462 1.6124 0.8652 3.0209 1.9968 0.95836 1.6241 2.8389 2.1904 2.226 3.5442 0.48219 0.0086915 -0.62523 2.0921 -0.47694 0.63442 1.2823 -1.9374 -0.045409 -0.48219 -0.0086915 0.62523 1.0475 -0.65871 1.9105 0.052735 -1.9338 1.1134
1 25 12 -0.8801 4.7492 0.027612 -0.71272 3.4987 0.10044 -0.4744 3.5332 1.0541 0.18786 3.3741 2.5389 0.58657 4.1162 3.8304 -0.9534 3.4939 -0.85319 -1.0632 2.9262 -2.3811 -1.6851 3.3326 -3.7323 0.2592 0.025141 0.74544 -0.31925 -1.8276 1.5497 0.58359 -3.3742 1.7597 -0.2592 -0.025141 -0.74544 -0.92291 -1.9465 -1.2768 -0.10427 -3.3401 -2.0758
3 10 252 -0.31146 4.7978 0.080612 0.017937 3.5818 0.13753 0.2831 3.5686 -0.8095 0.71553 1.9986 -0.93884 1.9309 1.2394 -0.36942 -0.25199 3.6244 1.0824 -0.42595 2.0283 1.3841 0.69787 1.0302 1.7282 0.21375 0.056793 -0.75801 -0.45238 -1.9358 -0.75399 -1.5215 -3.3781 -0.92106 -0.21375 -0.056793 0.75801 0.71719 -1.9382 0.66775 0.63594 -3.7003 0.295
1 10 72 -0.2564 4.7002 1.0215 -0.17772 3.4564 0.8304 0.76698 3.4391 1.1035 2.3625 3.1369 0.92537 3.7208 3.8191 1.1847 -1.122 3.5035 0.55944 -2.3263 3.0708 -0.45614 -3.7318 3.6407 -0.73435 0.76809 -0.0076876 0.18298 0.93667 -2.0058 0.81021 1.5399 -3.6825 0.53492 -0.76809 0.0076876 -0.18298 -1.4018 -1.9664 0.1573 -1.5253 -3.565 -0.66733
2 9 156 -3.4082 2.9672 -1.7327 -2.5509 2.211 -1.2006 -3.0317 2.1476 -0.34491 -2.0882 1.1048 0.48627 -2.1475 -0.39127 0.85512 -2.0926 2.2905 -2.0672 -0.94999 1.1236 -2.0285 -0.90165 -0.28579 -2.652 -0.3436 -0.027252 0.71042 -1.6438 -1.4574 -0.11318 -0.41901 -2.6057 0.54425 0.3436 0.027252 -0.71042 -0.84452 -1.5252 -1.4803 0.40966 -2.604 -0.76331
6 37 312 -0.76794 4.7706 -0.37958 -0.55237 3.5245 -0.33402 -1.0366 3.4527 0.51907 -0.81551 1.9284 1.0636 -1.6208 0.6214 1.2084 -0.074707 3.6254 -1.1879 -0.11385 2.1325 -1.8501 -1.0229 1.2386 -2.7174 -0.46179 -0.0093427 0.64044 -1.3358 -1.7832 -0.069415 -1.4392 -3.583 -0.03592 0.46179 0.0093431 -0.64044 0.16816 -2.0709 -0.61597 0.69747 -3.6719 0.022496
4 17 264 -0.43517 4.5489 1.6236 -0.34736 3.3575 1.2046 0.62867 3.3859 1.3226 1.4096 2.2284 0.47465 1.4089 1.11 1.5361 -1.3251 3.3568 1.0975 -1.6288 1.7527 1.1555 -1.3785 2.2795 2.5829 0.77747 0.039956 0.13204 0.69406 -1.7234 1.2713 1.109 -2.7447 -0.15553 -0.77747 -0.039955 -0.13204 -0.50414 -2.0126 0.5374 0.052149 -3.2337 -0.66696
