0 46 288 -0.56282 4.7702 -0.13432 -0.28128 3.5705 0.084365 -0.42103 3.6012 1.0574 -1.4743 2.3657 0.87609 -1.9175 2.3564 -0.60079 -0.14524 3.5694 -0.88973 0.98473 2.594 -1.5535 1.9454 2.1236 -2.6641 0.49499 0.036216 0.61415 0.6296 -2.0565 0.48511 1.0588 -3.5429 -0.44088 -0.49499 -0.036216 -0.61415 -1.1722 -1.8093 0.28694 -1.4258 -3.5905 0.16878
0 47 288 -0.58655 4.7635 -0.14633 -0.30769 3.5677 0.091819 -0.48896 3.5975 1.0581 -1.5156 2.3766 0.70552 -1.6158 2.3876 -0.83316 -0.13029 3.5674 -0.8756 1.0097 2.5328 -1.4221 2.033 1.9703 -2.4291 0.47546 0.036753 0.62935 0.61264 -2.0552 0.49042 1.0681 -3.5337 -0.43556 -0.47546 -0.036753 -0.62935 -1.1783 -1.8055 0.26045 -1.4317 -3.588 0.16397
0 48 276 -0.5657 4.76 -0.28069 -0.34169 3.5654 0.016874 -0.73693 3.5973 0.91695 -1.5947 2.3734 0.25733 -1.1242 2.4153 -1.2105 0.049859 3.563 -0.88537 1.2375 2.4723 -1.1475 2.4158 1.8265 -1.9039 0.31312 0.038246 0.72387 0.48417 -2.0523 0.60342 1.1425 -3.5274 -0.19762 -0.31312 -0.038246 -0.72387 -1.2063 -1.8005 -0.0090977 -1.4354 -3.5843 -0.13784
0 48 288 -0.6117 4.76 -0.15694 -0.33072 3.5654 0.087546 -0.53018 3.5973 1.0501 -1.5063 2.3734 0.58326 -1.3513 2.4153 -0.95033 -0.13531 3.563 -0.87639 0.97184 2.4723 -1.3797 1.9672 1.8265 -2.3646 0.45678 0.038246 0.64295 0.59904 -2.0523 0.48957 1.0764 -3.5274 -0.43084 -0.45678 -0.038246 -0.64295 -1.1818 -1.8005 0.2419 -1.4327 -3.5843 0.1636
0 53 264 -0.55574 4.7734 -0.29809 -0.3487 3.565 -0.018223 -0.68961 3.6145 0.90302 -1.5761 2.3556 0.3571 -1.1564 2.5193 -1.1176 -0.012027 3.5449 -0.94213 0.94467 2.3635 -1.5403 1.6859 1.6894 -2.7124 0.27515 0.039004 0.7391 0.45839 -2.0533 0.68303 1.2082 -3.558 0.031562 -0.27515 -0.039004 -0.7391 -1.2133 -1.83 -0.16753 -1.3265 -3.6113 -0.42206
0 55 252 -0.51365 4.7869 -0.22597 -0.33029 3.5671 0.027482 -0.66038 3.6138 0.9528 -1.6605 2.4021 0.50521 -1.5384 2.5378 -1.0259 -0.0040808 3.5498 -0.90023 0.92249 2.4275 -1.6422 1.5383 1.8668 -2.9399 0.25126 0.021782 0.74826 0.3646 -2.074 0.84322 1.1764 -3.5935 0.31113 -0.25126 -0.021782 -0.74826 -1.1791 -1.8586 -0.32454 -1.1914 -3.6296 -0.66261
0 56 252 -0.51569 4.793 -0.14989 -0.31152 3.569 0.067704 -0.5318 3.6092 1.0254 -1.6073 2.4135 0.73824 -1.8163 2.5576 -0.78269 -0.095391 3.5581 -0.89174 0.70825 2.4616 -1.7976 1.0962 1.9558 -3.2016 0.31684 0.017432 0.72305 0.4105 -2.0766 0.86605 1.1822 -3.611 0.31726 -0.31684 -0.017432 -0.72305 -1.191 -1.8749 -0.27579 -1.1765 -3.6367 -0.6588
0 57 240 -0.4906 4.7976 -0.19661 -0.31339 3.5698 0.026539 -0.61507 3.6067 0.96195 -1.6778 2.4181 0.60621 -1.8896 2.5844 -0.91206 -0.015638 3.5623 -0.91082 0.84463 2.495 -1.7994 1.2667 2.0432 -3.212 0.22121 0.018648 0.75777 0.25845 -2.0727 0.9556 1.0933 -3.6217 0.56243 -0.22121 -0.018648 -0.75777 -1.127 -1.8932 -0.47529 -1.0077 -3.6463 -0.87979
0 59 228 -0.49473 4.8023 -0.17189 -0.31711 3.5698 0.021091 -0.60624 3.5797 0.96113 -1.6788 2.3743 0.70581 -2.1628 2.6023 -0.74038 -0.03213 3.5894 -0.92006 0.74695 2.5604 -1.9215 0.93044 2.2051 -3.4107 0.17271 0.0188 0.77027 0.11066 -2.0644 1.0359 0.94265 -3.6477 0.80788 -0.17271 -0.0188 -0.77027 -1.0404 -1.9262 -0.61747 -0.79103 -3.6618 -1.0375
0 61 216 -0.49389 4.8071 -0.16002 -0.3183 3.5705 0.011643 -0.61029 3.5694 0.95084 -1.6596 2.3256 0.80683 -2.3658 2.5742 -0.54119 -0.030472 3.6011 -0.92835 0.6606 2.5919 -2.0113 0.61513 2.3066 -3.526 0.1156 0.017275 0.78092 -0.049509 -2.0578 1.066 0.75886 -3.6685 1.0124 -0.1156 -0.017275 -0.78092 -0.91668 -1.9589 -0.73119 -0.54141 -3.6738 -1.1426
0 63 204 -0.51519 4.8097 -0.14314 -0.33224 3.5692 -0.00047479 -0.63122 3.5539 0.9364 -1.6433 2.2722 0.89579 -2.5602 2.4938 -0.32397 -0.037658 3.6139 -0.9378 0.57209 2.5992 -2.0636 0.32648 2.3267 -3.5613 0.053589 0.016473 0.78763 -0.21102 -2.0485 1.071 0.53581 -3.6857 1.1827 -0.053588 -0.016473 -0.78763 -0.78603 -1.9855 -0.81197 -0.28202 -3.678 -1.1757
0 64 204 -0.52025 4.8117 -0.088408 -0.33289 3.5691 0.026162 -0.5325 3.5459 0.98896 -1.5122 2.2432 1.0969 -2.646 2.4428 0.070955 -0.13779 3.6216 -0.9364 0.3134 2.5921 -2.1218 -0.16274 2.308 -3.5606 0.10746 0.01641 0.7821 -0.17108 -2.0428 1.0925 0.54356 -3.6943 1.205 -0.10746 -0.01641 -0.7821 -0.80706 -1.9975 -0.77314 -0.27502 -3.6782 -1.1516
0 66 192 -0.51348 4.8156 -0.086003 -0.33595 3.5691 0.013085 -0.55848 3.5409 0.97071 -1.4674 2.1925 1.1277 -2.7654 2.3543 0.31128 -0.11804 3.6268 -0.94428 0.26934 2.5502 -2.1103 -0.3585 2.2269 -3.481 0.04106 0.012561 0.78845 -0.3216 -2.035 1.0889 0.29528 -3.7083 1.3544 -0.041061 -0.012561 -0.78845 -0.66338 -2.0182 -0.85621 -0.020214 -3.6809 -1.1252
0 75 156 -0.45411 4.8252 -0.18966 -0.30283 3.5694 -0.18544 -0.58026 3.5088 0.75622 -0.96624 1.9246 0.85647 -2.4632 1.5753 0.73478 -0.030458 3.6593 -1.1262 -0.28512 2.1702 -1.7478 -1.4071 1.3938 -2.466 -0.22844 0.033689 0.7551 -0.86072 -1.9688 0.68903 -0.42959 -3.686 1.0303 0.22844 -0.033688 -0.7551 -0.22766 -2.0774 -0.92641 0.5763 -3.6825 -0.75782
0 76 156 -0.44416 4.8277 -0.16265 -0.3015 3.5709 -0.16037 -0.54661 3.515 0.7905 -0.85129 1.9134 0.89307 -2.309 1.4198 0.79745 -0.061315 3.6562 -1.1103 -0.35771 2.1322 -1.6185 -1.5002 1.2925 -2.2246 -0.21677 0.027959 0.75877 -0.82703 -1.9807 0.67311 -0.38747 -3.6978 1.0033 0.21677 -0.027959 -0.75877 -0.20975 -2.0785 -0.92455 0.5973 -3.6826 -0.76113
0 77 156 -0.42699 4.8298 -0.14834 -0.29334 3.5723 -0.14595 -0.51725 3.5202 0.81035 -0.72042 1.9027 0.91482 -2.1145 1.248 0.83961 -0.074223 3.6537 -1.1013 -0.37252 2.0986 -1.5032 -1.5033 1.185 -2.0173 -0.21338 0.02617 0.75979 -0.80481 -1.9875 0.66082 -0.36121 -3.7037 0.99024 0.21339 -0.02617 -0.75979 -0.18933 -2.0811 -0.93145 0.62264 -3.6833 -0.77475
0 78 156 -0.42113 4.8309 -0.13535 -0.29188 3.5728 -0.13373 -0.50459 3.5224 0.82522 -0.58889 1.8944 0.92987 -1.8863 1.0615 0.90093 -0.083791 3.6525 -1.0917 -0.34093 2.0694 -1.4025 -1.4237 1.0691 -1.8547 -0.20874 0.02486 0.76112 -0.79911 -1.9891 0.66313 -0.3455 -3.7055 0.97798 0.20874 -0.02486 -0.76112 -0.17042 -2.084 -0.93591 0.64928 -3.6836 -0.79378
0 79 156 -0.41991 4.8313 -0.12787 -0.29471 3.5728 -0.12659 -0.50262 3.5226 0.83342 -0.46266 1.8923 0.92973 -1.6194 0.87417 0.98534 -0.091286 3.6525 -1.0856 -0.27107 2.0468 -1.327 -1.2664 0.95165 -1.7601 -0.21419 0.02249 0.75968 -0.79942 -1.993 0.66138 -0.3271 -3.7081 0.95496 0.21419 -0.02249 -0.75968 -0.15287 -2.0823 -0.95149 0.67549 -3.678 -0.81635
0 80 156 -0.42485 4.8313 -0.12458 -0.30479 3.5722 -0.11971 -0.51494 3.5234 0.83988 -0.34988 1.9006 0.9294 -1.313 0.71083 1.1153 -0.09895 3.6505 -1.0783 -0.17248 2.0298 -1.2701 -1.038 0.84034 -1.7322 -0.22175 0.017943 0.75763 -0.80491 -1.9974 0.64515 -0.30399 -3.7071 0.92229 0.22175 -0.017943 -0.75763 -0.13888 -2.0767 -0.97148 0.69928 -3.6677 -0.84093
0 109 168 -0.33285 4.8352 0.051929 -0.28977 3.5743 0.0438 -0.53561 3.5035 0.99349 -0.94304 1.9215 1.0113 -2.1912 1.1342 0.56413 -0.047557 3.6746 -0.90416 -0.43464 2.1804 -1.439 -1.7051 1.3225 -1.6052 -0.19395 -0.016188 0.76526 -0.62759 -2.0693 0.66038 -0.022239 -3.7507 0.89954 0.19395 0.016188 -0.76526 -0.15102 -2.0449 -0.98275 0.49021 -3.7299 -1.0015
0 110 168 -0.30697 4.8377 0.034391 -0.26154 3.5758 0.02686 -0.50617 3.5081 0.97709 -0.70014 1.8878 1.0546 -1.869 0.9185 0.78648 -0.020135 3.673 -0.92163 -0.17952 2.1165 -1.3911 -1.298 1.11 -1.7283 -0.20624 -0.012898 0.7621 -0.59248 -2.0752 0.65243 0.018388 -3.753 0.90284 0.20624 0.012897 -0.7621 -0.12413 -2.0503 -0.98196 0.52374 -3.7328 -0.99841
3 47 264 -0.34311 4.816 -0.043105 -0.43138 3.5593 0.020258 -0.70246 3.5526 0.96569 -0.2884 2.0309 1.3921 -0.72752 0.55762 1.5113 -0.16046 3.5957 -0.92454 0.033701 2.0008 -1.2198 -0.99692 0.91587 -1.592 -0.21977 -0.037192 0.75751 -1.4158 -1.7426 0.48293 0.18894 -2.4935 0.81762 0.21977 0.037192 -0.75751 0.56582 -2.0046 -0.40335 0.85128 -3.7538 -0.071944
3 56 252 -0.10013 4.8219 -0.028232 -0.28876 3.5752 0.0060261 -0.66917 3.5876 0.91294 0.042086 2.3666 1.7327 0.074332 0.86968 2.1015 0.093496 3.5925 -0.90003 -0.52953 2.3482 -1.7557 -1.8641 3.0008 -2.1689 -0.40801 -0.054006 0.67388 -1.3686 -1.6961 -0.21769 -0.88403 -3.4324 -0.25669 0.40801 0.054006 -0.67388 1.0468 -1.8508 -0.059205 1.5818 -3.4818 0.49268
3 57 252 -0.059974 4.8212 -0.010896 -0.2725 3.5781 0.010025 -0.65494 3.5881 0.91612 0.010276 2.3116 1.6887 0.014961 0.80383 2.0116 0.11236 3.5977 -0.89488 -0.40148 2.2725 -1.7002 -1.8195 2.6942 -2.135 -0.40684 -0.05314 0.67465 -1.1547 -1.8351 -0.14969 -0.76085 -3.594 -0.19647 0.40684 0.053141 -0.67465 1.0637 -1.8416 -0.047808 1.709 -3.4184 0.54221
3 82 84 -0.50414 4.8023 -0.086526 -0.21126 3.5739 -0.10485 -0.27041 3.561 -1.0865 -1.3498 2.424 -1.5456 -1.2846 1.009 -2.1549 -0.15665 3.6163 0.87626 0.65943 2.3955 1.592 2.0239 3.1025 1.4657 0.096325 -0.026285 -0.78328 1.9761 -0.89013 -0.4163 0.3553 -1.6697 -0.54424 -0.096325 0.026285 0.78328 -0.4851 -2.0245 0.54323 -0.82197 -3.7803 0.31009
5 1 132 -0.73893 4.7613 -0.55205 -0.54034 3.5213 -0.38793 -1.086 3.5576 0.42954 -1.0466 2.0483 1.0533 -1.9251 0.79833 1.2618 0.00014046 3.514 -1.2096 0.37903 1.9267 -1.2837 0.1232 0.4977 -1.8036 -0.41826 -0.010726 0.66966 -0.18881 -2.0959 0.55259 0.83776 -3.4652 1.1202 0.41826 0.010726 -0.66966 -0.6494 -1.7166 -1.2089 -0.55867 -3.4962 -0.93361
5 2 132 -0.68643 4.7658 -0.56913 -0.50971 3.5245 -0.39091 -1.0518 3.5803 0.42783 -0.95609 2.0839 1.0762 -1.781 0.81309 1.3631 0.027719 3.4977 -1.2142 0.36403 1.9018 -1.3072 0.10473 0.471 -1.8203 -0.42071 -0.010542 0.66813 -0.15765 -2.093 0.57526 0.90159 -3.4162 1.1901 0.42071 0.010542 -0.66813 -0.60564 -1.7448 -1.1969 -0.45543 -3.5116 -0.86999
5 3 132 -0.64182 4.7701 -0.5631 -0.48725 3.5268 -0.37856 -1.0197 3.6 0.44516 -0.88676 2.114 1.1105 -1.6397 0.8158 1.4648 0.04103 3.4827 -1.207 0.33071 1.8787 -1.3173 0.042996 0.45405 -1.8322 -0.41344 -0.012904 0.67261 -0.17352 -2.0989 0.59825 0.92279 -3.3751 1.2466 0.41344 0.012905 -0.67261 -0.55541 -1.7893 -1.1498 -0.33652 -3.5414 -0.78496
5 4 132 -0.61653 4.772 -0.55772 -0.47956 3.5268 -0.372 -0.99476 3.6122 0.46145 -0.83999 2.133 1.1374 -1.5314 0.81523 1.5412 0.031865 3.4706 -1.2102 0.28014 1.8607 -1.335 -0.069957 0.4527 -1.8571 -0.40039 -0.01341 0.68045 -0.25039 -2.1079 0.61029 0.89262 -3.3287 1.2841 0.40039 0.01341 -0.68045 -0.51517 -1.8264 -1.1176 -0.22753 -3.5588 -0.70899
5 5 132 -0.61999 4.7717 -0.54892 -0.48215 3.526 -0.36804 -0.97206 3.6159 0.48006 -0.79586 2.1436 1.1658 -1.4641 0.82036 1.5902 0.0039365 3.4653 -1.2209 0.22422 1.8523 -1.357 -0.21354 0.471 -1.8843 -0.38061 -0.011402 0.69174 -0.34756 -2.1114 0.63484 0.84778 -3.2679 1.3309 0.38061 0.011402 -0.69174 -0.52074 -1.8453 -1.0847 -0.13459 -3.5483 -0.6358
5 6 132 -0.63923 4.772 -0.53009 -0.48775 3.5264 -0.36024 -0.94395 3.6161 0.50647 -0.7538 2.1451 1.1913 -1.4231 0.82407 1.6208 -0.035695 3.4659 -1.2316 0.1616 1.8519 -1.3889 -0.37769 0.50267 -1.9051 -0.35878 -0.0099072 0.70333 -0.53733 -2.1001 0.58742 0.73612 -3.1529 1.3092 0.35878 0.0099072 -0.70333 -0.48783 -1.8856 -1.0267 -0.035498 -3.5656 -0.55341
5 7 132 -0.64738 4.7746 -0.52413 -0.47991 3.5296 -0.36503 -0.90484 3.6142 0.51794 -0.68299 2.1422 1.1908 -1.3806 0.83333 1.6125 -0.059464 3.4742 -1.2524 0.096934 1.8597 -1.4467 -0.52813 0.54057 -1.9435 -0.34666 -0.0027404 0.70945 -0.73438 -2.0609 0.54222 0.58529 -3.0638 1.2518 0.34666 0.0027404 -0.70945 -0.45622 -1.9213 -0.97001 0.058921 -3.5771 -0.47629
5 8 132 -0.64286 4.7794 -0.50981 -0.46226 3.5345 -0.36488 -0.86356 3.6114 0.52977 -0.61468 2.1338 1.1804 -1.3386 0.83649 1.5934 -0.06574 3.4867 -1.2637 0.025897 1.8738 -1.5067 -0.6633 0.58017 -1.9854 -0.34432 0.0026531 0.71059 -0.93614 -2 0.47949 0.36488 -3.0469 1.1594 0.34432 -0.0026536 -0.71059 -0.41531 -1.9511 -0.91295 0.16181 -3.5793 -0.39649
5 9 132 -0.64995 4.7808 -0.49705 -0.45721 3.536 -0.36789 -0.84319 3.6027 0.53429 -0.56911 2.1182 1.1587 -1.3124 0.82945 1.5641 -0.076271 3.4984 -1.2739 -0.055478 1.8912 -1.566 -0.79835 0.62503 -2.0377 -0.34555 0.0060086 0.70997 -1.1231 -1.9212 0.40087 0.097635 -3.0846 1.0391 0.34555 -0.0060081 -0.70997 -0.37407 -1.9738 -0.86517 0.26403 -3.5699 -0.32095
5 10 132 -0.66877 4.7799 -0.48366 -0.46453 3.5357 -0.36767 -0.84338 3.5913 0.53827 -0.54707 2.1024 1.1416 -1.2982 0.81481 1.5361 -0.090931 3.5092 -1.2771 -0.12258 1.9104 -1.6114 -0.92324 0.67978 -2.0827 -0.34851 0.0062585 0.70852 -1.2757 -1.8377 0.31529 -0.2015 -3.1612 0.903 0.34851 -0.0062585 -0.70852 -0.31913 -1.9949 -0.82575 0.3708 -3.557 -0.24705
5 11 132 -0.69755 4.777 -0.47332 -0.47853 3.5345 -0.36585 -0.85324 3.5802 0.54237 -0.54107 2.0876 1.1284 -1.2783 0.79165 1.5215 -0.10936 3.5178 -1.2773 -0.17029 1.9272 -1.6449 -1.034 0.74013 -2.1167 -0.35546 0.0040908 0.70507 -1.3869 -1.7631 0.22796 -0.52836 -3.258 0.75619 0.35546 -0.0040913 -0.70507 -0.23914 -2.0178 -0.78046 0.48185 -3.5542 -0.17176
5 37 180 -0.69498 4.7829 -0.41841 -0.45108 3.5438 -0.32724 -0.89326 3.5672 0.55098 -1.1728 2.078 1.1616 -2.4498 1.2138 1.1555 -0.014313 3.5495 -1.2085 0.37852 1.9675 -1.3165 0.098845 0.52616 -1.7877 -0.30336 0.028316 0.72847 -0.15174 -2.0669 0.76477 0.89606 -3.4768 1.1715 0.30336 -0.028317 -0.72847 -0.80195 -1.7586 -1.1744 -0.81895 -3.5393 -0.89224
5 38 180 -0.65518 4.7852 -0.45001 -0.43634 3.5438 -0.32986 -0.89751 3.5897 0.53765 -1.1047 2.0909 1.1536 -2.3305 1.1557 1.1706 0.020008 3.527 -1.201 0.39073 1.9386 -1.2913 0.114 0.49425 -1.755 -0.32407 0.017106 0.71985 -0.11254 -2.0718 0.79844 0.99672 -3.4108 1.2754 0.32407 -0.017106 -0.71985 -0.74813 -1.7534 -1.2199 -0.72918 -3.5197 -0.85862
5 39 180 -0.5784 4.7899 -0.49904 -0.38714 3.5467 -0.35233 -0.87151 3.6144 0.50099 -0.9915 2.109 1.124 -2.128 1.07 1.2051 0.093145 3.5083 -1.2098 0.44059 1.9141 -1.2902 0.14524 0.47506 -1.759 -0.35114 0.01792 0.70702 -0.091215 -2.0627 0.84058 1.0743 -3.3275 1.3816 0.35114 -0.01792 -0.70702 -0.68441 -1.7702 -1.2279 -0.61224 -3.5174 -0.78856
5 40 180 -0.53508 4.7927 -0.50593 -0.37119 3.5464 -0.35212 -0.87722 3.6259 0.48751 -0.92714 2.1195 1.1175 -1.9383 0.96769 1.2868 0.13134 3.4962 -1.1961 0.45664 1.8972 -1.2728 0.10952 0.47558 -1.7589 -0.36529 0.012809 0.69993 -0.1385 -2.0669 0.89351 1.0922 -3.2398 1.4941 0.36529 -0.01281 -0.69993 -0.64017 -1.7996 -1.159 -0.49141 -3.5337 -0.68812
5 41 180 -0.52435 4.7923 -0.49889 -0.37891 3.5448 -0.33639 -0.9054 3.6324 0.48975 -0.90672 2.1271 1.1246 -1.7757 0.88105 1.3887 0.1445 3.4866 -1.1671 0.45401 1.8848 -1.2515 0.033663 0.49372 -1.767 -0.37111 0.0028372 0.69697 -0.27755 -2.0856 0.90709 1.0274 -3.1396 1.5681 0.37111 -0.0028372 -0.69697 -0.59296 -1.8265 -1.0961 -0.37948 -3.5445 -0.59233
5 44 192 -0.64627 4.7877 -0.41675 -0.44866 3.5443 -0.28017 -0.83355 3.6195 0.6218 -0.60054 2.1178 1.2212 -1.041 0.76448 1.8146 -0.068037 3.4982 -1.1859 0.1636 1.8919 -1.3724 -0.54896 0.6208 -1.8766 -0.26255 0.0050907 0.74468 -0.74601 -2.0372 0.84321 0.66271 -3.0134 1.4031 0.26255 -0.0050907 -0.74468 -0.6127 -1.9116 -0.85994 -0.13443 -3.5605 -0.30914
5 45 192 -0.65642 4.7861 -0.41658 -0.43486 3.5456 -0.29486 -0.82543 3.6133 0.60527 -0.56271 2.1162 1.204 -0.9957 0.75771 1.791 -0.048635 3.5071 -1.1986 0.16215 1.9002 -1.4034 -0.60217 0.67168 -1.9366 -0.29445 0.005693 0.73264 -0.96508 -1.9854 0.73076 0.30957 -3.0785 1.3875 0.29445 -0.0056934 -0.73264 -0.52737 -1.9369 -0.82833 -0.014862 -3.5622 -0.23932
5 46 192 -0.64212 4.7872 -0.4369 -0.42734 3.5448 -0.32011 -0.83937 3.6027 0.57109 -0.55057 2.1114 1.1721 -1.0159 0.75051 1.7282 -0.019643 3.5162 -1.2147 0.17134 1.9089 -1.4356 -0.6374 0.72387 -2.0006 -0.32705 0.0085392 0.71865 -1.136 -1.9255 0.57933 -0.078118 -3.1842 1.3191 0.32705 -0.0085387 -0.71865 -0.44978 -1.9584 -0.81275 0.10334 -3.553 -0.17851
5 47 192 -0.62664 4.7873 -0.46059 -0.41353 3.5447 -0.34306 -0.85432 3.5962 0.53467 -0.54743 2.1085 1.1358 -1.056 0.7484 1.6547 0.022911 3.5225 -1.2242 0.19883 1.9155 -1.4595 -0.64397 0.76979 -2.055 -0.36059 0.011111 0.70239 -1.2439 -1.8704 0.39601 -0.49969 -3.3073 1.1913 0.36059 -0.01111 -0.70239 -0.36241 -1.9818 -0.79098 0.22623 -3.5412 -0.10342
5 48 204 -0.70367 4.7864 -0.34396 -0.46536 3.545 -0.27094 -0.74839 3.5899 0.66993 -0.31671 2.1039 1.1933 -0.75516 0.74752 1.7814 -0.18734 3.5293 -1.2142 -0.086119 1.9229 -1.4934 -1.0566 0.80656 -1.9289 -0.24778 0.011895 0.74964 -1.2293 -1.8262 0.48057 -0.69925 -3.4089 1.1624 0.24778 -0.011895 -0.74964 -0.41777 -2.0037 -0.68486 0.34237 -3.529 -0.096159
5 49 204 -0.69749 4.7857 -0.35052 -0.44878 3.5461 -0.28073 -0.76473 3.5812 0.65002 -0.35284 2.094 1.1861 -0.82976 0.73793 1.7441 -0.13801 3.5404 -1.2139 -0.045834 1.934 -1.4964 -1.0186 0.83111 -1.9601 -0.2883 0.0079546 0.73506 -1.2783 -1.8012 0.33348 -1.095 -3.4801 0.96473 0.2883 -0.0079546 -0.73506 -0.30206 -2.023 -0.66315 0.48504 -3.5171 -0.031263
5 50 204 -0.69831 4.7833 -0.36844 -0.43935 3.546 -0.30112 -0.78649 3.5765 0.61862 -0.41812 2.0853 1.1749 -0.92204 0.728 1.7054 -0.097399 3.5448 -1.2233 -0.013093 1.9383 -1.5077 -0.96517 0.82974 -1.9999 -0.3217 0.0075855 0.72108 -1.3289 -1.7676 0.22259 -1.41 -3.504 0.70138 0.3217 -0.007586 -0.72108 -0.19907 -2.041 -0.63074 0.61185 -3.5072 0.035424
5 60 252 -0.86424 4.7636 0.13425 -0.55785 3.5421 0.013551 -0.68875 3.4808 0.98642 -0.24789 1.9896 1.487 -0.48757 0.65598 2.2231 -0.43321 3.6326 -0.95786 -0.18773 2.0723 -1.375 -0.68798 0.69054 -1.842 -0.13135 -0.018205 0.77841 -1.2091 -1.8085 0.55993 -1.0414 -3.574 0.88526 0.13135 0.018205 -0.77841 0.086788 -2.0823 -0.77405 1.5389 -3.1307 -0.5663
5 76 288 -0.76001 4.7764 -0.28104 -0.45782 3.5495 -0.249 -0.84707 3.563 0.65414 -1.2093 2.0729 1.2174 -2.5304 1.2801 1.1552 -0.07413 3.5652 -1.1545 0.27524 1.9815 -1.3502 1.2102e-05 0.52578 -1.7779 -0.2157 0.026851 0.75911 -0.099275 -2.068 0.64723 0.91375 -3.555 0.76283 0.2157 -0.026851 -0.75911 -0.94036 -1.7507 -1.085 -0.69308 -3.451 -0.53855
5 77 288 -0.71328 4.7818 -0.31901 -0.43118 3.5508 -0.26463 -0.843 3.5815 0.62803 -1.1359 2.0881 1.222 -2.4075 1.2238 1.105 -0.024486 3.5494 -1.1602 0.31271 1.9593 -1.3233 0.025181 0.50303 -1.7407 -0.23673 0.023336 0.75294 -0.054909 -2.0681 0.66817 1.0118 -3.5133 0.82442 0.23673 -0.023336 -0.75294 -0.87735 -1.7784 -1.0577 -0.58722 -3.4657 -0.49226
5 78 288 -0.67302 4.7858 -0.34584 -0.41609 3.5505 -0.26963 -0.85236 3.5997 0.61049 -1.0755 2.1042 1.2287 -2.2681 1.1342 1.1078 0.015647 3.5306 -1.1531 0.3293 1.9332 -1.2892 0.0085221 0.48289 -1.7032 -0.25726 0.015734 0.74637 -0.046987 -2.0742 0.69887 1.0902 -3.4586 0.90182 0.25726 -0.015735 -0.74637 -0.79771 -1.8132 -1.012 -0.47415 -3.4908 -0.43589
5 79 288 -0.626 4.7889 -0.382 -0.39191 3.5508 -0.27987 -0.85344 3.6191 0.58598 -1.0011 2.1231 1.2255 -2.0915 1.0356 1.149 0.065641 3.5118 -1.1496 0.34123 1.9063 -1.2725 -0.03343 0.46877 -1.6857 -0.28281 0.010927 0.73716 -0.092487 -2.0815 0.73802 1.1368 -3.376 0.99086 0.28281 -0.010927 -0.73716 -0.71142 -1.845 -0.98585 -0.36612 -3.5091 -0.3838
5 80 288 -0.58999 4.7908 -0.41521 -0.37757 3.5494 -0.30041 -0.85455 3.6249 0.55641 -0.92998 2.1305 1.2119 -1.9104 0.94035 1.2202 0.095691 3.5031 -1.1614 0.33463 1.8915 -1.2809 -0.10919 0.47481 -1.6976 -0.30606 0.0095267 0.72783 -0.20304 -2.0886 0.76874 1.1241 -3.2679 1.0832 0.30606 -0.0095263 -0.72783 -0.62475 -1.8797 -0.95222 -0.25653 -3.5313 -0.32961
5 81 288 -0.58078 4.7885 -0.44851 -0.38187 3.546 -0.31916 -0.87622 3.6292 0.52705 -0.88605 2.1384 1.195 -1.748 0.86461 1.3057 0.10895 3.492 -1.1698 0.31726 1.8765 -1.294 -0.20658 0.49149 -1.7241 -0.32735 0.0066929 0.71854 -0.38657 -2.0931 0.76012 1.0216 -3.1457 1.1598 0.32735 -0.0066929 -0.71854 -0.54624 -1.9072 -0.91652 -0.15678 -3.5476 -0.27754
5 82 288 -0.5771 4.7864 -0.48231 -0.38166 3.5442 -0.34142 -0.88923 3.6275 0.49691 -0.83902 2.1401 1.1705 -1.5868 0.81067 1.3969 0.12233 3.4902 -1.1843 0.30204 1.8723 -1.3218 -0.29743 0.52675 -1.7775 -0.34888 0.0069556 0.70833 -0.61171 -2.0775 0.69922 0.82552 -3.0434 1.2016 0.34888 -0.0069551 -0.70833 -0.48825 -1.9247 -0.89792 -0.066113 -3.5461 -0.23183
5 83 288 -0.56864 4.7847 -0.52347 -0.37049 3.5437 -0.37351 -0.88954 3.6232 0.45812 -0.79222 2.1383 1.1321 -1.4365 0.77866 1.4696 0.14482 3.4933 -1.2097 0.29461 1.874 -1.3648 -0.36469 0.56745 -1.8505 -0.37254 0.01264 0.6961 -0.82911 -2.0356 0.5938 0.55924 -3.0104 1.2048 0.37254 -0.01264 -0.6961 -0.43465 -1.9443 -0.8734 0.030177 -3.5435 -0.18255
5 85 300 -0.6407 4.7846 -0.44845 -0.40873 3.545 -0.34121 -0.77192 3.614 0.57021 -0.47386 2.1344 1.1953 -0.88878 0.75959 1.7569 -0.050225 3.5051 -1.2562 -0.05679 1.8901 -1.502 -0.89409 0.65446 -1.889 -0.28189 0.020024 0.73731 -1.0806 -1.9116 0.52529 0.12964 -3.1259 1.0835 0.28189 -0.020024 -0.73731 -0.46632 -1.9832 -0.71558 0.21756 -3.5402 -0.11638
5 86 300 -0.63633 4.783 -0.47015 -0.40004 3.5438 -0.36617 -0.77663 3.6027 0.54051 -0.45912 2.1289 1.1698 -0.87228 0.75329 1.7307 -0.028258 3.5141 -1.2763 -0.072327 1.9039 -1.5487 -0.94836 0.7026 -1.9574 -0.31313 0.022846 0.72452 -1.2062 -1.8492 0.38963 -0.23829 -3.2339 1.0195 0.31313 -0.022846 -0.72452 -0.39589 -2.0005 -0.70004 0.3266 -3.5308 -0.07808
5 87 300 -0.63083 4.7806 -0.50172 -0.39082 3.5423 -0.39392 -0.78692 3.5972 0.50467 -0.45712 2.1291 1.1408 -0.89664 0.75305 1.6803 0.00044049 3.5167 -1.2959 -0.072365 1.9121 -1.5937 -0.98021 0.74218 -2.0235 -0.34357 0.026617 0.71046 -1.2858 -1.7969 0.2617 -0.59433 -3.3346 0.90042 0.34357 -0.026618 -0.71046 -0.31388 -2.0219 -0.68167 0.44368 -3.5229 -0.030497
5 88 300 -0.62683 4.7794 -0.52134 -0.38309 3.5417 -0.41335 -0.79569 3.5882 0.47825 -0.46501 2.1226 1.1196 -0.94219 0.7476 1.6289 0.024508 3.5244 -1.3083 -0.063402 1.9241 -1.6245 -0.99195 0.77861 -2.0754 -0.37012 0.0288 0.69691 -1.3343 -1.7563 0.15074 -0.926 -3.4164 0.72365 0.37012 -0.028801 -0.69691 -0.21731 -2.0454 -0.64525 0.56323 -3.5227 0.032444
5 89 300 -0.62805 4.778 -0.53305 -0.38142 3.541 -0.42353 -0.81502 3.5822 0.45832 -0.49564 2.1163 1.1046 -1.0132 0.74421 1.5814 0.047057 3.5289 -1.3088 -0.039038 1.9308 -1.6367 -0.97854 0.80321 -2.1095 -0.38938 0.028259 0.68636 -1.3709 -1.7231 0.067019 -1.2153 -3.4667 0.49885 0.38938 -0.02826 -0.68636 -0.11385 -2.0662 -0.59715 0.67822 -3.5259 0.10482
6 24 324 -0.78248 4.7565 -0.50437 -0.62071 3.5107 -0.36113 -1.1311 3.5078 0.47962 -1.0511 1.9691 1.0222 -1.9767 0.74294 0.88963 -0.11607 3.5427 -1.2047 0.30655 1.9683 -1.3125 0.15576 0.52798 -1.8419 -0.35537 0.0066936 0.7051 0.28868 -1.9873 0.85855 1.2376 -3.4816 1.2012 0.35537 -0.0066936 -0.7051 -0.73102 -1.7511 -1.1423 -0.84948 -3.5493 -1.0846
6 25 324 -0.78131 4.7588 -0.47277 -0.62353 3.5109 -0.34281 -1.133 3.5027 0.49849 -1.0142 1.9681 1.0459 -1.8478 0.67105 1.0697 -0.11974 3.5483 -1.1867 0.26518 1.9658 -1.3137 0.059514 0.53657 -1.8547 -0.35217 0.003053 0.70673 0.3176 -1.978 0.90928 1.3202 -3.4201 1.3168 0.35217 -0.003053 -0.70673 -0.70886 -1.7716 -1.1076 -0.73646 -3.5712 -0.99925
6 26 324 -0.79899 4.7595 -0.41493 -0.64443 3.5091 -0.30335 -1.1477 3.496 0.54161 -1.0191 1.9597 1.082 -1.7451 0.61075 1.2578 -0.14665 3.5514 -1.1506 0.20266 1.963 -1.3036 -0.084584 0.55705 -1.868 -0.33849 -0.0062075 0.71336 0.26301 -2.0081 0.92551 1.3532 -3.36 1.4099 0.33849 0.006207 -0.71336 -0.66473 -1.8083 -1.0531 -0.61922 -3.6046 -0.90479
6 27 324 -0.81608 4.7601 -0.36997 -0.65481 3.5087 -0.27987 -1.1358 3.486 0.57776 -1.0012 1.947 1.1089 -1.6422 0.57633 1.4059 -0.17942 3.5607 -1.1393 0.14443 1.9704 -1.3256 -0.24807 0.6007 -1.9152 -0.3252 -0.0070906 0.71951 0.13074 -2.0492 0.91027 1.3288 -3.2778 1.4635 0.3252 0.0070906 -0.71951 -0.62692 -1.8434 -1.0083 -0.50581 -3.6327 -0.82194
6 47 348 -0.68283 4.7943 0.028296 -0.52904 3.5406 -0.042273 -0.57027 3.4517 0.93638 -0.098778 1.9302 1.2987 -0.3873 0.53598 1.8909 -0.49263 3.6587 -1.018 -0.31389 2.1024 -1.4813 -0.74712 0.69655 -1.9434 -0.12527 0.007441 0.77958 -1.0284 -1.8734 0.53228 -1.0224 -3.6764 0.53162 0.12527 -0.007441 -0.77958 0.527 -2.0693 -0.73798 1.8705 -3.2437 -0.47983
6 48 348 -0.69295 4.7908 -0.033268 -0.5352 3.5372 -0.094007 -0.61583 3.4483 0.88219 -0.20501 1.9174 1.2776 -0.57995 0.53769 1.855 -0.45948 3.6554 -1.0675 -0.21464 2.1034 -1.5151 -0.5679 0.67501 -1.976 -0.15242 0.017538 0.77457 -0.96361 -1.9029 0.51376 -0.87163 -3.7036 0.51187 0.15242 -0.017538 -0.77457 0.39057 -2.1045 -0.82298 1.8288 -3.1438 -0.50344
6 49 348 -0.72341 4.7856 -0.083276 -0.55055 3.5334 -0.12707 -0.67595 3.4467 0.84458 -0.32934 1.9105 1.279 -0.80697 0.55186 1.8301 -0.43047 3.6494 -1.0963 -0.12487 2.1054 -1.5341 -0.47013 0.66978 -1.9783 -0.17225 0.022165 0.77028 -0.90703 -1.9263 0.49146 -0.7327 -3.7209 0.4956 0.17225 -0.022166 -0.77028 0.22147 -2.1191 -0.89237 1.7144 -3.0519 -0.50269
6 50 348 -0.73735 4.7861 -0.10719 -0.55351 3.5352 -0.13062 -0.72507 3.453 0.83435 -0.46892 1.9109 1.3088 -1.0329 0.57607 1.836 -0.38766 3.6467 -1.0937 -0.042415 2.1069 -1.5162 -0.40765 0.67502 -1.9568 -0.1829 0.018054 0.76793 -0.86279 -1.9481 0.47432 -0.58889 -3.7302 0.48717 0.1829 -0.018055 -0.76793 0.035363 -2.1067 -0.94125 1.525 -3.0256 -0.50815
6 51 348 -0.73599 4.7887 -0.12141 -0.54775 3.5383 -0.12671 -0.76626 3.4598 0.82904 -0.62262 1.9132 1.3352 -1.2723 0.60451 1.828 -0.33505 3.6459 -1.0809 0.035436 2.1051 -1.4775 -0.36385 0.68729 -1.9337 -0.18451 0.014326 0.76763 -0.81861 -1.9651 0.46118 -0.43779 -3.7273 0.4843 0.18451 -0.014326 -0.76763 -0.16276 -2.0762 -0.97371 1.2716 -3.0792 -0.5406
6 52 348 -0.72662 4.791 -0.13347 -0.53965 3.5403 -0.12377 -0.79896 3.4677 0.8222 -0.78262 1.9197 1.3439 -1.5274 0.64757 1.7962 -0.28608 3.642 -1.0686 0.094454 2.0958 -1.4334 -0.33816 0.69636 -1.9152 -0.18101 0.013187 0.76848 -0.77513 -1.9773 0.45308 -0.27951 -3.7105 0.48784 0.18101 -0.013186 -0.76848 -0.35829 -2.0326 -0.98192 0.96888 -3.1844 -0.57836
6 53 348 -0.71582 4.7923 -0.14834 -0.53254 3.5411 -0.12748 -0.81929 3.4751 0.81103 -0.92513 1.9309 1.3335 -1.7803 0.71275 1.7366 -0.25144 3.6362 -1.0652 0.12882 2.0826 -1.3974 -0.33858 0.70199 -1.9005 -0.18251 0.013868 0.76811 -0.71754 -1.9922 0.44576 -0.12307 -3.6937 0.49486 0.18251 -0.013868 -0.76811 -0.53372 -1.9784 -0.97276 0.63181 -3.3081 -0.62022
6 54 348 -0.69639 4.7947 -0.16494 -0.51874 3.5427 -0.13716 -0.82263 3.4826 0.79633 -1.0367 1.9471 1.3115 -2.0116 0.80013 1.6456 -0.22037 3.632 -1.0701 0.15715 2.0725 -1.3767 -0.35135 0.70974 -1.8886 -0.18682 0.016516 0.76702 -0.63063 -2.0125 0.4499 0.039991 -3.6853 0.50357 0.18682 -0.016516 -0.76702 -0.67662 -1.9228 -0.95411 0.27583 -3.4257 -0.66301
6 55 348 -0.67649 4.7971 -0.17773 -0.50439 3.5443 -0.146 -0.81651 3.4885 0.78504 -1.1134 1.9629 1.2881 -2.2118 0.91029 1.5394 -0.19763 3.6293 -1.0766 0.16509 2.0635 -1.3689 -0.38058 0.71275 -1.8743 -0.18695 0.019257 0.76693 -0.50506 -2.0364 0.47104 0.20945 -3.6912 0.51525 0.18695 -0.019257 -0.76693 -0.79162 -1.8707 -0.93654 -0.11119 -3.5253 -0.71267
6 56 348 -0.65243 4.7999 -0.18766 -0.48468 3.5466 -0.15246 -0.7978 3.4933 0.77839 -1.1633 1.9782 1.2681 -2.3695 1.0305 1.4247 -0.17679 3.6292 -1.0829 0.16518 2.0579 -1.3707 -0.40984 0.71356 -1.8603 -0.18154 0.022614 0.76813 -0.34485 -2.0562 0.51111 0.3948 -3.7004 0.53031 0.18154 -0.022614 -0.76813 -0.86697 -1.8373 -0.91559 -0.50257 -3.5963 -0.75979
6 61 336 -0.47688 4.8106 -0.3627 -0.3487 3.5543 -0.28301 -0.78374 3.5376 0.59894 -1.3116 2.0366 0.96893 -2.6465 1.4662 0.44901 0.081875 3.6005 -1.1661 0.40297 2.0158 -1.399 -0.074488 0.65904 -1.9549 -0.26364 0.047941 0.74276 0.29548 -1.9773 0.72841 1.1052 -3.586 0.81464 0.26364 -0.047941 -0.74276 -0.83582 -1.8265 -0.94826 -1.3322 -3.5595 -0.98265
6 62 336 -0.4635 4.8096 -0.38157 -0.34265 3.5527 -0.29976 -0.75667 3.5454 0.59238 -1.247 2.0373 0.98502 -2.563 1.4329 0.45557 0.067139 3.5895 -1.1931 0.37898 2.0028 -1.4255 -0.073363 0.63138 -1.9661 -0.2425 0.054033 0.74952 0.39853 -1.9468 0.7623 1.2492 -3.5336 0.85775 0.2425 -0.054033 -0.74952 -0.8563 -1.836 -0.92761 -1.2677 -3.5914 -0.91817
6 63 336 -0.47834 4.806 -0.38356 -0.36878 3.5483 -0.29456 -0.76328 3.5565 0.60636 -1.1871 2.0366 1.0296 -2.4764 1.3549 0.52908 0.021812 3.5697 -1.197 0.3275 1.9814 -1.426 -0.096046 0.59372 -1.9482 -0.21535 0.049093 0.7581 0.48979 -1.9296 0.79897 1.3879 -3.489 0.91142 0.21535 -0.049093 -0.7581 -0.89071 -1.8285 -0.91534 -1.1771 -3.608 -0.86873
6 64 336 -0.49283 4.8031 -0.36954 -0.39593 3.5458 -0.26412 -0.77218 3.5712 0.64426 -1.1052 2.0375 1.0978 -2.3476 1.2294 0.67217 -0.023313 3.55 -1.1743 0.27248 1.9589 -1.3972 -0.11994 0.5553 -1.9008 -0.20481 0.031991 0.76192 0.49755 -1.9476 0.81089 1.5002 -3.4373 0.9727 0.20481 -0.031991 -0.76192 -0.89408 -1.8154 -0.9239 -1.0492 -3.6087 -0.82019
6 65 336 -0.49104 4.799 -0.39391 -0.40825 3.5429 -0.2658 -0.77774 3.5872 0.64463 -0.99883 2.0422 1.1272 -2.169 1.0845 0.82504 -0.042111 3.5281 -1.1785 0.23903 1.9342 -1.4004 -0.13727 0.52101 -1.8891 -0.20469 0.026989 0.76215 0.46809 -1.9627 0.81573 1.5684 -3.3736 1.0385 0.20469 -0.026988 -0.76215 -0.87353 -1.8227 -0.92713 -0.92512 -3.6182 -0.77133
6 66 324 -0.41499 4.795 -0.48112 -0.37175 3.5394 -0.33034 -0.91267 3.5985 0.48897 -1.1346 2.0488 0.95606 -2.1431 0.93787 0.60056 0.16665 3.5098 -1.1529 0.4672 1.9126 -1.3183 0.1824 0.50113 -1.8698 -0.34691 0.017378 0.70912 0.19417 -2.0062 0.87253 1.3213 -3.3114 1.3986 0.34691 -0.017378 -0.70912 -0.62612 -1.849 -1.0445 -0.61898 -3.6417 -0.85192
6 67 324 -0.43587 4.7937 -0.45066 -0.39514 3.5389 -0.29076 -0.91673 3.6082 0.54021 -1.0612 2.0583 1.0357 -1.9759 0.825 0.89449 0.12409 3.4991 -1.1251 0.40578 1.8994 -1.2991 0.071897 0.50075 -1.8558 -0.32854 0.0025463 0.71802 0.039032 -2.0625 0.84029 1.2868 -3.2246 1.4264 0.32854 -0.0025463 -0.71802 -0.57141 -1.8793 -1.0045 -0.49068 -3.6637 -0.75881
6 68 324 -0.47693 4.7886 -0.43868 -0.42921 3.535 -0.27223 -0.92551 3.6097 0.57363 -1.0039 2.0629 1.0934 -1.8129 0.75263 1.1728 0.064578 3.4897 -1.1216 0.32735 1.888 -1.3064 -0.072379 0.51103 -1.8737 -0.31015 -0.0058322 0.72613 -0.15664 -2.1003 0.78988 1.1958 -3.1212 1.4061 0.31015 0.0058322 -0.72613 -0.5287 -1.9054 -0.96676 -0.3725 -3.6777 -0.67469
6 69 324 -0.5183 4.786 -0.42887 -0.45513 3.5327 -0.26432 -0.92394 3.6067 0.59713 -0.94243 2.0668 1.1423 -1.6446 0.72072 1.4119 0.010866 3.4881 -1.1293 0.2459 1.8854 -1.3407 -0.23917 0.53668 -1.9094 -0.29664 -0.0086217 0.73173 -0.36696 -2.1085 0.7265 1.0352 -3.0625 1.3387 0.29664 0.0086222 -0.73173 -0.49257 -1.9289 -0.9256 -0.262 -3.6855 -0.59114
6 70 324 -0.54422 4.7875 -0.428 -0.45876 3.5341 -0.27303 -0.89794 3.6013 0.60445 -0.85925 2.0713 1.1757 -1.4768 0.71819 1.5825 -0.022791 3.4963 -1.1539 0.16411 1.8936 -1.409 -0.40293 0.57423 -1.9707 -0.29209 -0.0038543 0.7336 -0.57971 -2.0833 0.64706 0.80205 -3.0782 1.2402 0.29209 0.0038538 -0.7336 -0.4539 -1.954 -0.89051 -0.15189 -3.6907 -0.51177
6 71 324 -0.55246 4.7915 -0.42194 -0.44851 3.5376 -0.28198 -0.86263 3.5933 0.6084 -0.76979 2.0749 1.2041 -1.3482 0.72824 1.6831 -0.037923 3.5113 -1.1753 0.078443 1.9107 -1.4809 -0.55715 0.6205 -2.0368 -0.29767 0.0014014 0.73136 -0.76887 -2.0394 0.56646 0.5292 -3.1573 1.1289 0.29767 -0.0014009 -0.73136 -0.41764 -1.9733 -0.85063 -0.042003 -3.6854 -0.42806
6 72 324 -0.55938 4.7935 -0.41632 -0.44026 3.5391 -0.29389 -0.83772 3.5817 0.60476 -0.70245 2.0743 1.2197 -1.2751 0.73506 1.7259 -0.046658 3.5259 -1.1951 -0.0017913 1.9325 -1.5529 -0.71276 0.68085 -2.1056 -0.30835 0.0065432 0.7269 -0.94083 -1.981 0.47409 0.20906 -3.2698 0.99146 0.30835 -0.0065432 -0.7269 -0.38142 -1.9892 -0.81404 0.067496 -3.6722 -0.34835
6 73 324 -0.56865 4.7956 -0.40025 -0.43403 3.5408 -0.29753 -0.81628 3.5719 0.60816 -0.64362 2.071 1.2296 -1.2281 0.73776 1.738 -0.055883 3.539 -1.2055 -0.073459 1.9569 -1.6119 -0.86148 0.75409 -2.1687 -0.31564 0.0095348 0.72373 -1.0829 -1.9164 0.38264 -0.13927 -3.382 0.84348 0.31564 -0.0095353 -0.72373 -0.34047 -2.0048 -0.77772 0.17861 -3.6549 -0.26917
6 74 324 -0.57724 4.7981 -0.37267 -0.42943 3.5435 -0.2843 -0.80226 3.5651 0.62558 -0.59336 2.0655 1.2391 -1.2032 0.74098 1.7405 -0.060859 3.5513 -1.1961 -0.12327 1.9811 -1.6426 -0.98791 0.83592 -2.207 -0.3193 0.007947 0.72214 -1.1844 -1.8575 0.29095 -0.49966 -3.4796 0.67926 0.3193 -0.007947 -0.72214 -0.27214 -2.024 -0.7351 0.2964 -3.6452 -0.18803
6 75 324 -0.57923 4.801 -0.34789 -0.41897 3.547 -0.27323 -0.78393 3.5566 0.64005 -0.54853 2.0526 1.2327 -1.1731 0.73055 1.7224 -0.05855 3.5668 -1.1881 -0.14704 2.0079 -1.6684 -1.0808 0.92629 -2.248 -0.32604 0.0080385 0.71912 -1.2366 -1.8176 0.21697 -0.84877 -3.5552 0.50263 0.32604 -0.008039 -0.71912 -0.17806 -2.0474 -0.6846 0.41869 -3.6474 -0.10613
6 76 324 -0.5749 4.8045 -0.31943 -0.40339 3.5512 -0.25812 -0.77028 3.5501 0.65443 -0.50891 2.0416 1.2242 -1.1531 0.71828 1.6842 -0.041222 3.5817 -1.1721 -0.14257 2.0328 -1.6812 -1.1378 1.0156 -2.2749 -0.33612 0.007731 0.71446 -1.2523 -1.8023 0.16792 -1.1699 -3.5974 0.31528 0.33612 -0.007731 -0.71447 -0.06414 -2.0683 -0.62334 0.54435 -3.6532 -0.01635
6 77 324 -0.57011 4.8079 -0.28064 -0.39086 3.5551 -0.23263 -0.76352 3.5418 0.67748 -0.48385 2.0281 1.2247 -1.1416 0.69991 1.6499 -0.023079 3.5979 -1.1438 -0.12581 2.0558 -1.673 -1.1673 1.094 -2.2796 -0.34627 0.0042596 0.70963 -1.2535 -1.8033 0.14055 -1.4456 -3.596 0.12046 0.34627 -0.0042591 -0.70963 0.064142 -2.0804 -0.55346 0.66696 -3.6584 0.076846
