0 1 312 0.49208 4.8165 -0.14497 0.28063 3.5717 -0.13988 0.29726 3.4939 -1.1202 0.42856 2.4791 -2.3936 1.2206 2.7568 -3.6871 0.26816 3.6789 0.83773 0.81621 2.606 1.941 2.1471 2.4735 2.7083 0.074782 -0.03031 -0.78549 1.0348 -1.8944 -0.65192 0.90928 -3.6622 -0.98385 -0.074782 0.03031 0.78549 -0.22563 -2.0653 0.78597 -1.1783 -3.5693 0.50081
0 2 300 0.51858 4.815 -0.15056 0.30047 3.5708 -0.13006 0.343 3.4839 -1.1088 0.34793 2.4846 -2.4012 1.0354 2.7575 -3.7542 0.2624 3.6869 0.84586 0.85197 2.5954 1.9087 2.2434 2.4463 2.5563 0.15289 -0.034411 -0.77391 1.1216 -1.8749 -0.47645 1.092 -3.6488 -0.79828 -0.15289 0.034411 0.77391 -0.36636 -2.0539 0.68573 -1.2685 -3.5488 0.23616
0 3 288 0.58006 4.8081 -0.14026 0.34 3.5677 -0.10904 0.40759 3.4727 -1.0857 0.28655 2.4949 -2.3887 0.85883 2.7822 -3.7915 0.27747 3.6919 0.86462 0.90291 2.58 1.885 2.3412 2.423 2.4181 0.23545 -0.039397 -0.75267 1.1813 -1.8538 -0.27541 1.2382 -3.6307 -0.57602 -0.23545 0.039397 0.75267 -0.46988 -2.0407 0.57175 -1.2915 -3.5261 -0.035817
0 8 228 0.79465 4.7706 0.097833 0.44743 3.554 0.1371 0.74563 3.4615 -0.79558 0.22895 2.6408 -2.1102 0.31535 3.0351 -3.5984 0.1562 3.6754 1.0687 0.96434 2.5108 1.8807 2.5037 2.4587 1.9532 0.63602 -0.055267 -0.46467 0.91708 -1.7579 0.73382 1.1752 -3.5423 0.71491 -0.63602 0.055267 0.46467 -0.6496 -1.9902 -0.015047 -0.62112 -3.4007 -1.1378
0 9 216 0.80738 4.7618 0.20255 0.44162 3.5507 0.21633 0.81413 3.4648 -0.68988 0.3076 2.6527 -2.0137 0.38183 3.0302 -3.5069 0.076107 3.6656 1.1222 0.91533 2.4949 1.8928 2.4571 2.4684 1.8993 0.69169 -0.059207 -0.37623 0.74348 -1.7405 0.88275 0.99973 -3.5245 0.93144 -0.6917 0.059207 0.37623 -0.62331 -1.981 -0.12095 -0.38136 -3.3802 -1.232
0 10 204 0.78716 4.7571 0.31031 0.41277 3.5494 0.2914 0.87127 3.4719 -0.57527 0.41296 2.664 -1.9192 0.52801 3.0016 -3.4193 -0.03884 3.6559 1.1586 0.8222 2.4832 1.9017 2.3626 2.4843 1.8324 0.73832 -0.0623 -0.27294 0.55325 -1.7269 0.99553 0.78254 -3.5113 1.116 -0.73832 0.0623 0.27294 -0.57329 -1.9714 -0.22824 -0.12695 -3.3658 -1.2805
0 11 204 0.80603 4.7522 0.27814 0.42289 3.5479 0.29751 0.79657 3.4789 -0.60966 0.18794 2.6587 -1.8846 0.083697 2.9378 -3.3975 0.056138 3.6458 1.2049 1.0684 2.4795 1.7375 2.5406 2.5142 1.2803 0.7227 -0.058336 -0.31272 0.58234 -1.7182 0.96765 0.79393 -3.503 1.1117 -0.7227 0.058336 0.31272 -0.56406 -1.9725 -0.20191 -0.13326 -3.3547 -1.2766
0 12 192 0.73599 4.7479 0.43701 0.34896 3.5455 0.40293 0.84668 3.4861 -0.4433 0.4296 2.6451 -1.7803 0.49759 2.8676 -3.3046 -0.14185 3.6339 1.2507 0.88318 2.4813 1.7887 2.338 2.5625 1.2843 0.76455 -0.051195 -0.19065 0.40826 -1.7155 1.0412 0.55605 -3.4998 1.2537 -0.76455 0.051195 0.19065 -0.50421 -1.9782 -0.28679 0.13001 -3.3486 -1.2721
0 12 204 0.81077 4.7479 0.27444 0.42511 3.5455 0.32157 0.73601 3.4861 -0.60965 0.050079 2.6451 -1.8307 -0.20034 2.8676 -3.3358 0.12128 3.6339 1.2528 1.2358 2.4813 1.566 2.554 2.5625 0.7701 0.7082 -0.051195 -0.34544 0.61582 -1.7155 0.9336 0.80456 -3.4998 1.1107 -0.7082 0.051195 0.34544 -0.55282 -1.9782 -0.17569 -0.13732 -3.3486 -1.2713
0 13 192 0.73475 4.749 0.43639 0.34865 3.5459 0.41108 0.81237 3.496 -0.45485 0.36829 2.6315 -1.768 0.37694 2.7994 -3.3008 -0.10797 3.6247 1.2786 1.0067 2.4846 1.634 2.3258 2.634 0.8495 0.75712 -0.046401 -0.21937 0.44376 -1.7182 1.014 0.56198 -3.5007 1.2581 -0.75711 0.046401 0.21937 -0.48689 -1.9779 -0.2741 0.13011 -3.3466 -1.2725
0 14 192 0.73366 4.7451 0.47564 0.34752 3.542 0.44502 0.80043 3.5022 -0.42714 0.37626 2.6093 -1.7277 0.41479 2.7391 -3.2637 -0.098118 3.6107 1.3191 1.0532 2.472 1.535 2.2405 2.6952 0.57688 0.75195 -0.039922 -0.23765 0.47594 -1.7237 0.98834 0.57547 -3.5023 1.2669 -0.75195 0.039922 0.23765 -0.47 -1.9819 -0.25936 0.13305 -3.3508 -1.266
0 16 204 0.77129 4.7499 0.40385 0.39423 3.5427 0.40511 0.722 3.5134 -0.52175 0.18165 2.584 -1.7518 0.1295 2.6857 -3.2896 0.074043 3.6008 1.3333 1.2557 2.4746 1.2693 2.061 2.786 -0.008365 0.69876 -0.032658 -0.36628 0.678 -1.7371 0.86201 0.82577 -3.5147 1.1254 -0.69876 0.032658 0.36628 -0.52231 -1.9965 -0.14918 -0.13489 -3.3644 -1.2581
0 17 204 0.71997 4.7532 0.45611 0.34915 3.544 0.43084 0.74122 3.5096 -0.47053 0.33021 2.574 -1.7451 0.45814 2.676 -3.2783 -0.035577 3.6073 1.3338 1.1548 2.4895 1.3806 2.0124 2.7971 0.1366 0.71643 -0.027241 -0.33088 0.6688 -1.7439 0.87959 0.81874 -3.5228 1.1323 -0.71643 0.027241 0.33088 -0.54368 -2.0116 -0.14625 -0.1348 -3.3774 -1.25
0 17 216 0.79907 4.7532 0.29645 0.4311 3.544 0.34883 0.62719 3.5096 -0.61435 -0.039826 2.574 -1.7756 -0.23348 2.676 -3.302 0.24251 3.6073 1.3121 1.4166 2.4895 1.1103 1.9968 2.7971 -0.28479 0.63198 -0.027241 -0.4726 0.83706 -1.7439 0.72132 1.0363 -3.5228 0.93734 -0.63198 0.027241 0.4726 -0.5622 -2.0116 -0.030021 -0.39175 -3.3774 -1.1947
0 18 216 0.73548 4.7605 0.36817 0.37695 3.5469 0.37993 0.67056 3.5081 -0.55796 0.1441 2.5718 -1.7888 0.15955 2.6852 -3.3265 0.09058 3.6147 1.3184 1.2911 2.5071 1.2947 2.0312 2.7874 -0.028715 0.66539 -0.022707 -0.42454 0.82023 -1.7482 0.76416 1.0224 -3.5295 0.95615 -0.66539 0.022707 0.42454 -0.59316 -2.0282 -0.026044 -0.38923 -3.3943 -1.1849
0 19 228 0.72937 4.7674 0.30903 0.38985 3.5486 0.34736 0.60277 3.5092 -0.61206 -0.0035581 2.5621 -1.797 -0.079363 2.6891 -3.3319 0.18393 3.617 1.3067 1.3938 2.5205 1.2558 2.1114 2.7515 -0.089256 0.61254 -0.01656 -0.49801 0.94335 -1.7526 0.63823 1.1757 -3.5361 0.76497 -0.61254 0.01656 0.49801 -0.62909 -2.0492 0.11505 -0.62849 -3.4127 -1.0647
0 20 228 0.65103 4.7724 0.40218 0.32278 3.55 0.39974 0.65985 3.5151 -0.52359 0.24316 2.5626 -1.7837 0.42015 2.7005 -3.3092 -0.0075984 3.614 1.3239 1.2002 2.5329 1.5275 2.2226 2.7034 0.38592 0.66289 -0.010969 -0.42891 0.92279 -1.7648 0.69835 1.1591 -3.5503 0.78413 -0.66289 0.010969 0.42891 -0.68041 -2.0688 0.13147 -0.63107 -3.4325 -1.047
0 21 240 0.64658 4.7776 0.36877 0.3334 3.5512 0.38222 0.61364 3.523 -0.56013 0.14779 2.5706 -1.803 0.28706 2.7214 -3.3312 0.059641 3.6085 1.3252 1.2771 2.5424 1.5487 2.3817 2.6562 0.47895 0.61993 -0.0042086 -0.48905 1.0347 -1.7775 0.55872 1.2838 -3.5632 0.55525 -0.61993 0.0042086 0.48905 -0.69843 -2.086 0.29138 -0.84121 -3.455 -0.87323
0 30 336 0.60968 4.8102 0.073575 0.36561 3.5678 0.10978 0.47032 3.5378 -0.86772 0.43973 2.5901 -2.198 1.3116 2.6818 -3.4666 0.26641 3.627 1.0865 1.1502 2.7323 2.1291 2.4647 2.6389 2.9298 0.22746 0.00050831 -0.75615 0.96305 -1.9675 -0.74478 0.50377 -3.6693 -1.1241 -0.22746 -0.00050831 0.75615 0.12047 -2.0408 1.1172 -0.70581 -3.6431 1.0886
0 32 348 0.58692 4.8134 0.10742 0.34925 3.5693 0.10666 0.55004 3.5421 -0.85579 0.94353 2.5543 -2.096 2.2301 2.5464 -2.9459 0.15378 3.6258 1.0689 0.60534 2.817 2.4145 1.6128 2.8088 3.5818 0.20637 0.0043416 -0.76216 0.83603 -1.9993 -0.81731 0.25392 -3.6754 -1.1379 -0.20637 -0.0043421 0.76216 0.25291 -2.0199 1.1375 -0.4787 -3.6624 1.2713
0 33 0 0.57938 4.8154 0.06635 0.34698 3.5703 0.070373 0.50257 3.547 -0.90051 0.96759 2.5305 -2.0918 2.3198 2.48 -2.8311 0.19658 3.623 1.0409 0.55051 2.8551 2.4387 1.4934 2.8826 3.6585 0.11446 0.0069962 -0.78125 0.66959 -2.0149 -0.91602 0.0062361 -3.677 -1.1356 -0.11446 -0.0069962 0.78125 0.42533 -2.0121 1.1016 -0.22452 -3.6724 1.3698
0 37 36 0.55212 4.8175 0.075044 0.33359 3.5708 0.041314 0.54047 3.548 -0.91996 1.4238 2.4328 -1.7229 2.9602 2.3028 -1.7077 0.13152 3.623 1.0025 -0.21708 2.8956 2.423 0.034159 3.0296 3.9385 -0.074156 0.026108 -0.7857 0.15342 -2.0531 -0.98426 -0.65402 -3.6589 -0.84195 0.074156 -0.026107 0.7857 0.90183 -1.9566 0.83504 0.62511 -3.669 1.327
0 38 48 0.52969 4.8187 0.076008 0.31193 3.5727 0.030187 0.4883 3.5538 -0.93723 1.3921 2.4149 -1.6821 2.9211 2.284 -1.5314 0.14016 3.6212 0.99741 -0.28986 2.8648 2.38 -0.13681 3.0196 3.9066 -0.15208 0.031559 -0.77419 -0.023568 -2.0581 -0.95105 -0.83356 -3.6441 -0.66923 0.15208 -0.031559 0.77419 1.0291 -1.9382 0.67465 0.88122 -3.6637 1.1761
0 39 60 0.52608 4.8166 0.10124 0.30711 3.5725 0.037644 0.45317 3.5589 -0.9349 1.3691 2.3956 -1.6252 2.8807 2.2715 -1.3471 0.16549 3.6156 1.01 -0.33294 2.8218 2.3479 -0.27417 2.98 3.8806 -0.22859 0.04159 -0.75466 -0.19192 -2.0558 -0.87297 -0.96946 -3.628 -0.45528 0.22859 -0.041591 0.75466 1.1337 -1.919 0.48931 1.1062 -3.6552 0.97493
0 40 72 0.53401 4.8123 0.098542 0.30591 3.5722 0.016729 0.41624 3.5646 -0.96058 1.3392 2.3792 -1.6022 2.8211 2.2662 -1.1914 0.19988 3.6093 0.99384 -0.36107 2.7794 2.2843 -0.36651 2.9162 3.8202 -0.31021 0.043852 -0.72481 -0.33867 -2.0562 -0.78284 -1.057 -3.6132 -0.22551 0.31021 -0.043852 0.72481 1.196 -1.8982 0.28746 1.2775 -3.6455 0.72449
0 42 84 0.53806 4.7997 0.16552 0.30075 3.5715 0.014572 0.49439 3.5777 -0.9497 1.5194 2.3505 -1.2845 2.7564 2.2646 -0.36795 0.11109 3.5948 0.97938 -0.79275 2.7006 2.0051 -1.2143 2.7265 3.4881 -0.34391 0.045931 -0.70931 -0.42963 -2.0532 -0.68395 -1.0942 -3.5887 -0.012107 0.34391 -0.045931 0.70931 1.2199 -1.8576 0.10523 1.392 -3.6225 0.43134
0 43 96 0.55403 4.7911 0.13508 0.28929 3.5721 -0.023102 0.39974 3.5874 -1.0003 1.4217 2.347 -1.2933 2.5956 2.2763 -0.29592 0.18274 3.5863 0.95455 -0.7443 2.6691 1.9385 -1.2032 2.5983 3.4089 -0.44592 0.046121 -0.65002 -0.55257 -2.0509 -0.57739 -1.0879 -3.5737 0.22613 0.44592 -0.046121 0.65002 1.2108 -1.8424 -0.12616 1.4397 -3.6119 0.13363
0 107 348 0.39095 4.8283 -0.044291 0.34644 3.5692 -0.032775 0.59444 3.4932 -0.9815 1.4083 2.0794 -0.8949 2.7277 1.6964 -0.19473 0.10267 3.6747 0.91423 0.8829 2.3771 1.5276 2.3323 1.8546 1.4658 0.18795 -0.013959 -0.7668 0.66405 -2.0574 -0.65818 0.082054 -3.7492 -0.88196 -0.18795 0.013959 0.7668 0.19926 -2.0385 0.9942 -0.43178 -3.7272 1.024
1 31 168 1.0543 4.7039 0.3362 0.88754 3.4551 0.22312 1.04 3.4778 -0.74828 0.98833 2.7202 -2.1947 1.5161 2.8468 -3.638 0.73911 3.462 1.1954 0.20392 2.4695 2.3775 0.49794 2.3572 3.887 0.081548 0.026104 -0.78496 0.65061 -1.9708 -1.1059 0.10893 -3.5966 -1.6663 -0.081548 -0.026104 0.78496 0.24432 -2.0451 1.2662 -0.63435 -3.5379 1.7668
1 32 168 1.1827 4.6708 0.38326 0.99081 3.4259 0.26279 1.1403 3.4613 -0.70868 1.0036 2.459 -1.9914 1.602 2.2151 -3.3915 0.84655 3.4198 1.2357 0.28085 2.2658 2.2441 0.59886 1.7836 3.6738 0.076938 0.034796 -0.78509 0.71116 -1.9584 -0.9827 0.14217 -3.6289 -1.3525 -0.076938 -0.034796 0.78509 0.40794 -2.0421 1.1721 -0.50335 -3.5649 1.491
1 33 168 1.3176 4.633 0.4185 1.0955 3.3957 0.28218 1.2542 3.4379 -0.68757 1.0326 2.2415 -1.7777 1.6523 1.6371 -3.0537 0.94359 3.3824 1.2538 0.36675 2.0927 2.074 0.6875 1.2928 3.3527 0.071964 0.039126 -0.78536 0.76659 -1.9433 -0.82739 0.13451 -3.6239 -0.992 -0.071964 -0.039126 0.78536 0.59756 -2.0099 1.072 -0.37135 -3.5296 1.1228
1 43 168 1.195 4.6858 0.24512 0.96447 3.4454 0.15159 1.1356 3.4469 -0.81696 0.88545 2.0194 -1.571 1.4619 1.1728 -2.7237 0.79952 3.4731 1.1208 0.44615 2.0378 1.8164 0.98312 1.3121 3.0665 0.10787 -0.0020561 -0.78221 0.83217 -1.9713 -0.67349 0.082492 -3.6086 -0.7633 -0.10787 0.0020561 0.78221 0.63185 -1.9452 1.0566 -0.21242 -3.5193 0.81096
1 44 168 1.1 4.7064 0.20609 0.8917 3.4614 0.11934 1.053 3.4653 -0.85088 0.89293 2.153 -1.8105 1.4613 1.5969 -3.1316 0.73524 3.4869 1.09 0.40828 2.1635 1.9902 0.90158 1.7244 3.3837 0.10428 -0.0079145 -0.78266 0.76759 -2.0015 -0.78248 0.12806 -3.6775 -0.96344 -0.10428 0.0079145 0.78266 0.49167 -1.9752 1.1384 -0.31702 -3.5813 1.007
2 106 348 1.6443 4.5401 0.44197 1.2705 3.3423 0.30538 1.4567 3.3338 -0.66034 0.58044 2.1186 -1.3117 0.4149 0.81308 -2.1154 1.0953 3.3785 1.2725 0.15739 2.0535 1.4556 -0.15766 0.56314 1.6946 0.15199 0.014305 -0.77472 0.97221 -1.9131 -0.61182 0.33722 -3.5815 -0.86541 -0.15199 -0.014305 0.77472 0.56159 -1.9831 0.94504 -0.28345 -3.5712 0.82333
2 107 348 1.5288 4.5811 0.42371 1.1888 3.3721 0.29302 1.3694 3.3687 -0.6738 0.52382 2.1341 -1.3291 0.41279 0.83203 -2.1476 1.0183 3.4035 1.2612 0.1467 2.0354 1.4539 -0.10723 0.5354 1.7054 0.1491 0.015688 -0.77526 0.91074 -1.937 -0.62915 0.29798 -3.6122 -0.8919 -0.1491 -0.015688 0.77526 0.48341 -2.0137 0.92444 -0.33622 -3.6159 0.81487
2 108 348 1.431 4.6124 0.41288 1.1154 3.3969 0.28276 1.2898 3.3977 -0.6852 0.49681 2.1266 -1.3363 0.47498 0.82061 -2.1558 0.9505 3.4243 1.252 0.17105 2.0047 1.4662 0.026012 0.49498 1.7446 0.14807 0.017576 -0.77541 0.86159 -1.9536 -0.63465 0.2866 -3.6375 -0.92553 -0.14807 -0.017576 0.77541 0.42458 -2.035 0.90267 -0.38335 -3.6443 0.81007
3 52 72 0.057017 4.8268 0.082961 0.21501 3.5754 0.052449 0.57503 3.5783 -0.86283 -0.1318 2.3563 -1.6849 -0.095763 0.87472 -2.1107 -0.14616 3.6023 0.96689 0.53499 2.4246 1.8713 1.7644 3.2753 2.2486 0.42189 -0.025131 -0.66699 1.946 -0.96682 0.43059 0.46595 -1.7389 -0.25084 -0.42189 0.025131 0.66699 -0.83225 -1.9661 0.13709 -1.1761 -3.6696 -0.34333
3 53 72 0.062932 4.8258 0.079967 0.22213 3.575 0.040437 0.58427 3.5832 -0.87397 -0.1383 2.384 -1.7157 -0.12989 0.90424 -2.1492 -0.14116 3.5966 0.95417 0.59437 2.4616 1.8704 1.7976 3.3503 2.2448 0.4162 -0.030184 -0.67035 1.8602 -1.085 0.43265 0.59618 -2.2629 -0.082834 -0.4162 0.030185 0.67035 -0.87111 -1.9457 0.11974 -1.2534 -3.6358 -0.37846
4 0 348 1.087 4.7086 -0.1177 0.78353 3.4878 0.027125 0.91317 3.3334 -0.93553 0.7004 1.7423 -1.2385 2.0114 0.93115 -1.2068 0.66168 3.6708 0.9858 0.04467 2.237 1.468 0.61294 0.91356 2.0186 0.07986 0.026003 -0.78514 0.64341 -1.9794 -0.51089 0.08677 -3.693 -0.44466 -0.07986 -0.026004 0.78514 0.53993 -2.0332 0.8229 -0.9514 -3.0055 0.53755
4 1 348 1.1605 4.6913 -0.12003 0.82724 3.4778 0.023701 0.96575 3.3276 -0.93839 0.79941 1.7307 -1.2397 2.1588 1.012 -1.1244 0.69678 3.6565 0.98205 0.027914 2.2471 1.4669 0.58738 0.92765 2.0358 0.077328 0.024606 -0.78544 0.5903 -1.996 -0.52375 -0.064168 -3.6748 -0.45904 -0.077328 -0.024606 0.78544 0.71826 -1.969 0.81128 -0.6652 -3.1002 0.57167
4 2 348 1.2173 4.6781 -0.11973 0.8672 3.469 0.019921 1.0057 3.3185 -0.94212 0.874 1.7179 -1.2413 2.2717 1.0958 -1.0489 0.737 3.6478 0.97826 0.012118 2.2656 1.4607 0.58074 0.95206 2.0342 0.072314 0.023084 -0.78596 0.50546 -2.017 -0.53118 -0.23213 -3.6611 -0.47152 -0.072314 -0.023084 0.78596 0.87306 -1.8994 0.79253 -0.35065 -3.2083 0.59225
4 3 348 1.2847 4.6605 -0.10886 0.90965 3.4583 0.02592 1.0433 3.306 -0.93653 0.93227 1.7051 -1.2422 2.3618 1.1939 -0.97239 0.78485 3.6388 0.98467 0.0034914 2.285 1.4594 0.5991 0.9804 2.0259 0.069855 0.023639 -0.78617 0.39056 -2.0382 -0.54073 -0.40767 -3.6539 -0.48425 -0.069855 -0.023639 0.78617 0.99054 -1.8374 0.77435 -0.025867 -3.3146 0.58541
4 45 84 0.86731 4.7307 0.53139 0.65116 3.4831 0.51853 0.64234 3.5232 -0.46416 -0.19724 2.3478 -1.2272 1.3216 2.0999 -1.131 0.66591 3.4723 1.5019 0.1983 1.9448 1.8438 1.6672 1.5651 1.5686 0.17436 0.10154 -0.7634 1.1687 -1.7491 -0.73366 1.1086 -3.4847 -1.2184 -0.17436 -0.10154 0.7634 -0.19578 -2.1628 0.35722 -1.8158 -2.8127 -0.094491
4 51 108 1.0349 4.6471 0.82555 0.80355 3.4067 0.7546 1.0859 3.4704 -0.1854 1.0027 2.263 -1.2827 2.3148 2.1598 -0.47939 0.52801 3.3719 1.6981 -0.50662 2.1204 1.8775 0.82275 1.4312 2.2455 0.14344 0.16118 -0.75957 0.24782 -1.9208 -1.0217 -0.70406 -3.4064 -1.3928 -0.14344 -0.16118 0.75957 1.1864 -1.7853 0.66913 0.048658 -3.0238 0.019057
4 52 108 0.95529 4.6439 0.95404 0.74026 3.4041 0.83385 1.1086 3.4895 -0.074116 1.0123 2.265 -1.1512 2.2892 2.0537 -0.31311 0.37805 3.3475 1.7465 -0.70428 2.1247 1.7919 0.5882 1.4466 2.2893 0.20491 0.15908 -0.74579 0.065567 -1.9108 -1.0785 -0.88345 -3.3857 -1.4967 -0.20491 -0.15908 0.74579 1.0917 -1.8114 0.69175 0.35025 -3.2905 -0.024712
4 54 120 0.97558 4.639 0.98492 0.76053 3.4028 0.82326 1.0422 3.5259 -0.11103 0.73406 2.2585 -1.0947 2.1172 1.8346 -0.56097 0.48489 3.3084 1.7627 -0.59737 2.0856 1.8089 0.75542 1.451 2.1895 0.13751 0.1708 -0.75856 -0.21258 -1.8646 -1.1446 -1.3634 -3.1996 -1.5242 -0.13751 -0.1708 0.75856 0.99117 -1.919 0.46823 0.55843 -3.5373 -0.19848
4 55 120 0.90957 4.6351 1.0814 0.7055 3.4029 0.88021 1.022 3.547 -0.039795 0.73405 2.2533 -0.99488 2.1011 1.7516 -0.48773 0.39482 3.2873 1.8062 -0.65402 2.0352 1.7786 0.71486 1.458 2.1918 0.18303 0.17043 -0.74897 -0.035958 -1.8765 -1.1691 -1.3589 -3.0138 -1.6243 -0.18303 -0.17043 0.74897 0.895 -1.9534 0.4787 0.4001 -3.515 -0.27458
4 56 120 0.90805 4.6274 1.1448 0.69041 3.4063 0.89743 1.034 3.5682 -0.0098027 0.76071 2.2505 -0.93599 2.1122 1.6902 -0.44894 0.35324 3.2726 1.8117 -0.63812 1.9762 1.7391 0.76619 1.4968 2.1583 0.22184 0.15592 -0.7416 0.23732 -1.903 -1.1598 -1.222 -2.8027 -1.7182 -0.22184 -0.15592 0.7416 0.84637 -1.9402 0.44263 0.20085 -3.4322 -0.33727
4 57 120 1.0232 4.5912 1.2052 0.76717 3.3923 0.89317 1.1348 3.5652 -0.0025757 0.85635 2.2385 -0.91424 2.1788 1.6199 -0.41793 0.40715 3.2472 1.7969 -0.49138 1.8857 1.7093 0.95947 1.547 2.1069 0.24328 0.13166 -0.73958 0.61354 -1.9107 -1.065 -0.91198 -2.5892 -1.7457 -0.24328 -0.13166 0.73958 0.84458 -1.9018 0.42766 0.03509 -3.2905 -0.38925
5 14 324 0.85479 4.7676 0.27446 0.59445 3.5291 0.22944 0.8166 3.5474 -0.72852 0.34277 2.0626 -1.2181 0.852 0.71383 -1.765 0.37888 3.5398 1.189 0.52392 1.9622 1.5877 1.6033 0.91078 1.915 0.25382 -0.013056 -0.7476 1.44 -1.6937 -0.32027 1.4561 -3.4824 -0.54691 -0.25382 0.013056 0.7476 0.020621 -2.0667 0.6313 -0.8516 -3.5512 0.096229
5 15 324 0.87447 4.7652 0.25416 0.60642 3.5282 0.21248 0.85282 3.5362 -0.73966 0.3638 2.06 -1.2402 0.8276 0.69703 -1.7923 0.36676 3.5492 1.1662 0.48722 1.9716 1.5729 1.5797 0.93983 1.9187 0.27793 -0.022441 -0.73875 1.4538 -1.6909 -0.24091 1.7451 -3.4633 -0.39847 -0.27793 0.022442 0.73875 -0.11114 -2.0674 0.60017 -0.99309 -3.5339 0.03244
5 17 336 0.9215 4.7634 0.05121 0.63471 3.53 0.070433 0.73858 3.5145 -0.90749 0.14225 2.0494 -1.3155 0.39751 0.6678 -1.9509 0.53805 3.5743 1.0482 0.65851 1.9913 1.4336 1.7469 0.91481 1.6183 0.16436 -0.029342 -0.77177 1.3943 -1.6995 -0.43712 1.804 -3.4474 -0.60464 -0.16436 0.029342 0.77177 -0.20794 -2.0633 0.5891 -1.2465 -3.4791 0.17967
5 18 336 0.91438 4.7648 0.048687 0.63006 3.5309 0.071051 0.75858 3.5063 -0.90375 0.17088 2.0415 -1.3254 0.40537 0.65679 -1.962 0.50874 3.5843 1.0456 0.55952 1.9985 1.4347 1.5735 0.86129 1.6719 0.18329 -0.030692 -0.76744 1.3902 -1.7117 -0.40427 1.7338 -3.4742 -0.56708 -0.18329 0.030692 0.76744 -0.3018 -2.0576 0.56886 -1.3836 -3.4409 0.16009
5 19 336 0.92712 4.7616 0.079535 0.64407 3.5274 0.10392 0.79148 3.494 -0.86795 0.22165 2.025 -1.2994 0.45125 0.64007 -1.9372 0.50388 3.5897 1.0754 0.44927 2.0049 1.468 1.3737 0.807 1.7648 0.20247 -0.02099 -0.76293 1.3877 -1.7121 -0.3763 1.6508 -3.4876 -0.54813 -0.20247 0.02099 0.76293 -0.37979 -2.0626 0.5587 -1.5141 -3.4035 0.15116
5 20 336 0.94017 4.7588 0.083696 0.65141 3.5261 0.11458 0.81392 3.4829 -0.85449 0.26959 2.0061 -1.2922 0.51504 0.62307 -1.9282 0.49623 3.5981 1.0831 0.30976 2.0229 1.4739 1.1199 0.76233 1.8375 0.21159 -0.015228 -0.76059 1.3907 -1.709 -0.36684 1.5472 -3.4962 -0.54715 -0.21159 0.015228 0.76059 -0.43996 -2.0633 0.55588 -1.6306 -3.3546 0.14859
5 32 12 1.0052 4.7403 -0.094022 0.68578 3.5197 0.014695 0.85333 3.4321 -0.9505 0.98758 1.9308 -1.5804 2.0152 0.91802 -2.1245 0.52572 3.6361 0.97812 0.13888 2.0854 1.3164 0.60797 0.69054 1.7767 0.11919 -0.002583 -0.78057 0.51005 -2.0638 -0.66698 -0.38837 -3.6209 -0.80563 -0.11919 0.002583 0.78057 1.0304 -1.7468 0.96035 0.85061 -3.511 0.63436
5 33 12 0.96954 4.7494 -0.008338 0.65746 3.5246 0.070727 0.85111 3.4556 -0.89109 1.0311 1.963 -1.5303 2.153 1.0185 -2.0067 0.47107 3.6226 1.0315 0.078657 2.0653 1.331 0.53701 0.66143 1.7745 0.12977 0.0073962 -0.77885 0.38019 -2.0766 -0.68633 -0.53982 -3.6218 -0.81607 -0.12977 -0.0073957 0.77885 1.0611 -1.7303 0.94544 1.0329 -3.5183 0.71476
5 34 12 0.92696 4.7586 0.07132 0.62393 3.53 0.11991 0.83645 3.483 -0.83925 1.0459 1.9976 -1.4863 2.2392 1.1095 -1.8923 0.4184 3.6061 1.0787 0.026293 2.0427 1.3452 0.46422 0.62812 1.7749 0.13194 0.016483 -0.77834 0.2632 -2.0792 -0.70527 -0.68913 -3.605 -0.8312 -0.13194 -0.016484 0.77834 1.079 -1.7286 0.9074 1.1134 -3.5254 0.76232
5 70 108 0.97542 4.734 -0.12575 0.62163 3.5294 0.021794 0.86376 3.4275 -0.92603 1.1508 1.9467 -1.5534 2.2056 0.96703 -2.1058 0.38672 3.66 0.96789 0.081808 2.1004 1.3466 0.64922 0.74196 1.8052 0.14953 0.00010967 -0.77533 0.50421 -2.0663 -0.63928 -0.31946 -3.6687 -0.70741 -0.14953 -0.00010967 0.77533 0.9833 -1.7644 0.91032 0.69796 -3.5008 0.51744
5 71 108 0.94954 4.7413 -0.050145 0.59713 3.5335 0.070338 0.87802 3.4461 -0.86818 1.2443 1.9735 -1.4732 2.3947 1.0557 -1.9335 0.32329 3.6498 1.0078 0.0011239 2.0876 1.3607 0.50165 0.70629 1.8287 0.16206 0.0082359 -0.77277 0.41752 -2.0725 -0.63278 -0.41867 -3.6687 -0.69387 -0.16206 -0.0082355 0.77277 1.0018 -1.7501 0.93262 0.82302 -3.5008 0.5402
5 72 108 0.91132 4.7501 0.019468 0.56573 3.5381 0.11542 0.87113 3.4666 -0.81676 1.2978 1.9995 -1.395 2.5274 1.1377 -1.7459 0.26717 3.6387 1.0471 -0.068103 2.0731 1.3715 0.36871 0.67172 1.8437 0.17049 0.016142 -0.77083 0.3364 -2.0736 -0.63085 -0.51881 -3.6599 -0.68765 -0.17049 -0.016142 0.77083 1.0089 -1.7444 0.96166 0.88693 -3.4967 0.55486
5 93 144 0.79497 4.7793 0.21026 0.52393 3.5422 0.20287 0.6586 3.5562 -0.77132 0.20706 2.0751 -1.292 0.70328 0.74048 -1.8839 0.39549 3.5574 1.1779 0.47364 1.9501 1.4598 1.4291 0.75278 1.6359 0.15143 0.010021 -0.7749 1.3742 -1.6616 -0.42167 1.6803 -3.4381 -0.45503 -0.15143 -0.01002 0.7749 -0.11772 -2.0902 0.48129 -1.1758 -3.4906 0.068811
5 94 144 0.79753 4.7799 0.19306 0.52822 3.5424 0.18507 0.69127 3.548 -0.78485 0.2643 2.063 -1.3152 0.81109 0.7402 -1.8886 0.37143 3.5659 1.1558 0.39727 1.9563 1.434 1.2582 0.69749 1.6616 0.17289 0.002315 -0.77045 1.3703 -1.6763 -0.36708 1.6572 -3.4564 -0.37839 -0.17289 -0.0023146 0.77045 -0.20817 -2.0828 0.47962 -1.293 -3.4534 0.037489
6 18 156 0.91624 4.752 0.28436 0.70677 3.5085 0.19464 1.1027 3.4624 -0.70452 1.1149 1.8979 -1.1745 2.182 0.79036 -1.0624 0.31754 3.5837 1.0948 -0.11745 2.0216 1.2936 0.12576 0.60032 1.8399 0.22708 0.001627 -0.75626 0.072088 -2.087 -0.58962 -0.68526 -3.7229 -0.62745 -0.22708 -0.001627 0.75626 0.91728 -1.7455 1.0083 1.1449 -3.5332 0.95206
6 19 156 0.89885 4.7547 0.30804 0.68894 3.5113 0.21438 1.0763 3.4737 -0.68888 1.0755 1.9086 -1.157 2.1573 0.82105 -1.0003 0.30819 3.5779 1.1188 -0.1348 2.0173 1.3117 0.088498 0.58885 1.8477 0.21858 0.0090504 -0.75871 -0.034942 -2.0719 -0.61857 -0.80465 -3.7021 -0.64948 -0.21858 -0.0090508 0.75871 0.93275 -1.7493 1.0045 1.2334 -3.5269 0.98058
6 20 156 0.88154 4.7578 0.31625 0.67267 3.5142 0.22113 1.0429 3.4825 -0.68954 1.0251 1.9196 -1.1644 2.1126 0.84093 -0.98668 0.30902 3.5749 1.133 -0.13906 2.0152 1.3204 0.073129 0.58205 1.8485 0.20658 0.013275 -0.762 -0.14837 -2.0546 -0.65087 -0.93641 -3.676 -0.68045 -0.20658 -0.013275 0.762 0.94838 -1.7524 0.99812 1.2656 -3.5273 0.99332
6 33 144 0.90455 4.7545 0.2049 0.67231 3.5103 0.22014 0.97059 3.4351 -0.71407 0.69583 1.9071 -1.2225 1.5647 0.66481 -1.5043 0.38075 3.6145 1.1537 0.41737 2.0846 1.7254 1.2816 0.98225 2.37 0.28031 -0.00053692 -0.73819 1.1057 -1.9048 -0.41158 0.030513 -3.247 -0.95327 -0.28031 0.00053692 0.73819 0.39656 -1.9873 0.80631 -0.13946 -3.6615 0.40536
6 34 144 0.89164 4.7574 0.20473 0.66196 3.5129 0.22107 0.94933 3.4388 -0.71663 0.66202 1.9101 -1.2158 1.5334 0.66999 -1.4997 0.38129 3.616 1.1581 0.46885 2.1007 1.7622 1.3977 1.0561 2.4131 0.28275 -0.00090551 -0.73726 1.2226 -1.8357 -0.33168 0.38384 -3.3664 -0.78379 -0.28275 0.00090551 0.73726 0.33047 -2.0083 0.77293 -0.26236 -3.6552 0.34027
6 35 144 0.87378 4.7612 0.20714 0.64557 3.5165 0.22172 0.92666 3.4422 -0.71787 0.62798 1.9133 -1.2099 1.4848 0.66353 -1.4953 0.37117 3.6197 1.1606 0.50086 2.1161 1.7858 1.4902 1.1298 2.4386 0.28979 -0.0016961 -0.73452 1.2905 -1.7909 -0.2743 0.74608 -3.4772 -0.60731 -0.28979 0.0016956 0.73452 0.23279 -2.0333 0.73187 -0.3952 -3.6595 0.2716
6 36 144 0.85128 4.7659 0.21145 0.62611 3.5206 0.22064 0.90956 3.4468 -0.71828 0.59701 1.9195 -1.2063 1.4154 0.64584 -1.4994 0.34927 3.6234 1.1588 0.50525 2.1264 1.7939 1.5412 1.1914 2.4499 0.30256 -0.0040016 -0.72934 1.3176 -1.7763 -0.23642 1.0935 -3.5544 -0.43344 -0.30256 0.0040011 0.72934 0.10623 -2.0565 0.69095 -0.53711 -3.6675 0.19941
6 37 156 0.85593 4.7706 0.034418 0.64047 3.5245 0.080475 0.73581 3.4527 -0.8958 0.31239 1.9284 -1.3034 0.98917 0.6214 -1.7631 0.55139 3.6254 1.0548 0.8565 2.1325 1.6438 2.0398 1.2386 2.0664 0.16138 -0.0093427 -0.7729 1.2485 -1.7832 -0.47989 1.3294 -3.583 -0.55256 -0.16138 0.0093431 0.7729 0.096917 -2.0709 0.63111 -0.64632 -3.6719 0.26314
6 38 156 0.83969 4.7739 0.042258 0.62619 3.5273 0.079416 0.73754 3.4545 -0.89509 0.29377 1.9363 -1.3033 0.90292 0.59688 -1.7645 0.52107 3.6292 1.052 0.83486 2.1375 1.6396 2.0353 1.2659 2.0604 0.18135 -0.013171 -0.7684 1.2523 -1.794 -0.45843 1.6368 -3.5555 -0.44583 -0.18135 0.013171 0.7684 -0.047817 -2.0774 0.60744 -0.79791 -3.6709 0.22154
6 39 156 0.82729 4.7764 0.054161 0.61491 3.5296 0.080707 0.74664 3.4556 -0.89116 0.28455 1.9436 -1.3024 0.81768 0.57304 -1.7661 0.4894 3.6327 1.0507 0.79326 2.1382 1.6362 1.9926 1.267 2.0607 0.20143 -0.015753 -0.76333 1.2468 -1.8119 -0.45472 1.841 -3.5113 -0.35419 -0.20143 0.015752 0.76333 -0.17365 -2.0769 0.57825 -0.94694 -3.6562 0.17989
6 40 156 0.81375 4.7791 0.062486 0.60353 3.532 0.082315 0.75896 3.4565 -0.88593 0.28386 1.95 -1.3025 0.73954 0.55444 -1.7741 0.45435 3.6366 1.0488 0.73153 2.1346 1.6285 1.9089 1.24 2.0657 0.21688 -0.016871 -0.75906 1.2461 -1.8224 -0.45078 1.922 -3.4871 -0.29903 -0.21688 0.016871 0.75906 -0.28565 -2.0723 0.54705 -1.093 -3.6327 0.1417
6 41 156 0.79862 4.7816 0.05959 0.58997 3.5344 0.08022 0.75575 3.4533 -0.88586 0.27499 1.9508 -1.31 0.66278 0.53896 -1.7938 0.43041 3.6446 1.0445 0.65884 2.1315 1.6165 1.7924 1.1888 2.0682 0.22686 -0.017474 -0.75613 1.2407 -1.8304 -0.4403 1.9043 -3.4986 -0.27438 -0.22686 0.017474 0.75613 -0.3863 -2.0641 0.51976 -1.2382 -3.5986 0.10697
6 42 156 0.78055 4.7843 0.05662 0.57743 3.5362 0.075535 0.75586 3.4544 -0.88822 0.26914 1.9547 -1.3156 0.60718 0.53621 -1.817 0.40511 3.6472 1.0375 0.56872 2.1237 1.6039 1.6341 1.1111 2.07 0.2387 -0.020017 -0.75241 1.2536 -1.8255 -0.39928 1.8099 -3.535 -0.26162 -0.2387 0.020018 0.75241 -0.48167 -2.0522 0.50532 -1.3845 -3.5533 0.078018
6 43 156 0.76334 4.786 0.064156 0.56983 3.5365 0.083249 0.76107 3.4537 -0.87796 0.26793 1.9566 -1.3073 0.58068 0.5384 -1.8256 0.38452 3.6484 1.0427 0.46823 2.1144 1.5981 1.4383 1.017 2.0802 0.25308 -0.019608 -0.74771 1.2462 -1.8299 -0.35908 1.6949 -3.5724 -0.24384 -0.25308 0.019608 0.74771 -0.57832 -2.0412 0.49952 -1.531 -3.5076 0.0603
