0 86 12 0.43288 4.8056 -0.03147 0.35059 3.5463 -0.06251 0.032333 3.5584 -0.99306 -0.73142 2.1173 -1.0867 -1.6825 1.1756 -1.8524 0.66802 3.5641 0.86823 0.34535 2.1005 1.5184 0.38443 1.249 2.8033 -0.22411 0.010247 -0.75708 0.28665 -2.0239 -0.88268 -0.33813 -3.7071 -0.71775 0.22411 -0.010248 0.75708 0.70915 -2.0522 0.85497 -0.030847 -3.6547 1.2228
0 86 156 -0.36871 4.8056 -0.22898 -0.32038 3.5463 -0.1555 -0.60986 3.5584 0.7844 -0.047042 2.1173 1.3091 0.27236 1.1756 2.4875 -0.030108 3.5641 -1.0951 0.6131 2.1005 -1.4314 1.3367 1.249 -2.4939 -0.26369 0.010247 0.74422 -0.75074 -2.0239 0.54562 -0.14833 -3.7071 0.77942 0.26369 -0.010248 -0.74422 -0.071177 -2.0522 -1.1085 0.74373 -3.6547 -0.97118
0 87 12 0.41055 4.7931 -0.025073 0.33114 3.5378 -0.059045 0.016593 3.5479 -0.99088 -0.8446 2.179 -1.2214 -2.0029 1.5076 -1.9863 0.64366 3.5573 0.87332 0.28259 2.19 1.6911 0.10849 1.641 3.1215 -0.2283 0.0064616 -0.75587 0.25273 -2.0358 -0.86616 -0.36867 -3.7204 -0.70211 0.2283 -0.0064621 0.75587 0.65552 -2.0614 0.85082 -0.065868 -3.6681 1.2368
0 87 156 -0.34688 4.7931 -0.22103 -0.30261 3.5378 -0.14687 -0.59585 3.5479 0.79189 -0.034609 2.179 1.4846 0.4529 1.5076 2.7842 -0.007408 3.5573 -1.0849 0.76537 2.19 -1.5342 1.747 1.641 -2.5891 -0.25959 0.0064616 0.7457 -0.71358 -2.0358 0.55219 -0.11443 -3.7204 0.78471 0.25959 -0.0064621 -0.7457 -0.030225 -2.0614 -1.0736 0.78027 -3.6681 -0.96189
0 88 12 0.40497 4.7899 -0.010144 0.31608 3.5374 -0.045459 0.009931 3.5484 -0.98008 -0.95408 2.2901 -1.3754 -2.255 1.9452 -2.128 0.61997 3.5562 0.88978 0.23574 2.3315 1.9004 -0.069547 2.1451 3.4003 -0.2311 0.0063066 -0.75502 0.22466 -2.0425 -0.8505 -0.39087 -3.7296 -0.69041 0.23111 -0.0063066 0.75502 0.60779 -2.0712 0.84683 -0.095559 -3.6807 1.2541
0 88 156 -0.33359 4.7899 -0.22983 -0.28244 3.5374 -0.14901 -0.58411 3.5484 0.78706 -0.036547 2.2901 1.6735 0.57352 1.9452 3.047 0.021432 3.5562 -1.0843 0.92629 2.3315 -1.676 2.0549 2.1451 -2.71 -0.25682 0.0063066 0.74666 -0.68166 -2.0425 0.55602 -0.089587 -3.7296 0.7883 0.25682 -0.0063066 -0.74666 0.0060413 -2.0712 -1.0424 0.81446 -3.6807 -0.95843
0 89 12 0.43377 4.7866 0.026946 0.30628 3.5407 -0.010784 0.014471 3.5573 -0.9499 -1.03 2.4563 -1.5544 -2.3803 2.4853 -2.2985 0.59614 3.5537 0.92899 0.23252 2.5158 2.137 -0.086751 2.7383 3.6291 -0.22613 0.012426 -0.75645 0.20658 -2.0419 -0.83915 -0.39567 -3.7341 -0.68188 0.22613 -0.012426 0.75645 0.58463 -2.0805 0.84995 -0.11188 -3.6896 1.2701
0 89 156 -0.33509 4.7866 -0.27676 -0.25412 3.5407 -0.1713 -0.57004 3.5573 0.75998 -0.080322 2.4563 1.863 0.57463 2.4853 3.2586 0.063762 3.5537 -1.102 1.068 2.5158 -1.8655 2.2033 2.7383 -2.885 -0.26169 0.012426 0.74489 -0.66036 -2.0419 0.55746 -0.080697 -3.7341 0.78422 0.26169 -0.012426 -0.74489 0.02661 -2.0805 -1.0313 0.83704 -3.6896 -0.96175
0 113 24 0.16678 4.8373 -0.17152 0.12098 3.5745 -0.12809 -0.24307 3.5063 -1.0392 -0.6216 1.9172 -1.0243 -0.45913 0.616 -1.8356 0.48483 3.6724 0.78042 0.31366 2.1023 1.198 1.0462 0.87623 1.7793 -0.25142 -0.01685 -0.74833 0.039957 -2.0965 -0.81466 -0.65976 -3.7525 -0.67644 0.25142 0.01685 0.74833 0.59322 -2.0561 0.76497 0.055418 -3.7322 1.1552
0 114 24 0.16491 4.8267 -0.15568 0.10507 3.5663 -0.12184 -0.24322 3.5124 -1.0401 -0.73143 1.9542 -0.99048 -0.9755 0.72816 -1.8932 0.45211 3.65 0.79464 0.19721 2.0973 1.234 0.67031 0.96291 2.1651 -0.24271 -0.020201 -0.75112 0.025649 -2.1033 -0.80717 -0.69588 -3.7494 -0.66331 0.24271 0.020202 0.75112 0.56826 -2.0553 0.77606 0.021855 -3.7286 1.1663
0 114 168 -0.22492 4.8267 0.029011 -0.15662 3.5663 0.036811 -0.41456 3.5124 0.9844 0.0095475 1.9542 1.2312 -0.32362 0.72816 2.105 0.10131 3.65 -0.90862 0.56577 2.0973 -1.1142 0.73032 0.96291 -2.1456 -0.24514 -0.020201 0.75033 -0.49519 -2.1033 0.63794 0.17309 -3.7494 0.94566 0.24514 0.020202 -0.75033 -0.0035753 -2.0553 -0.96185 0.66786 -3.7286 -0.95641
0 115 24 0.16087 4.807 -0.13025 0.079858 3.5539 -0.10978 -0.24804 3.517 -1.0363 -0.83131 1.9913 -1.0053 -1.4567 0.95332 -1.9587 0.40525 3.6205 0.81599 0.11991 2.0885 1.306 0.32414 1.1536 2.5151 -0.23676 -0.023132 -0.75293 0.022241 -2.1076 -0.79852 -0.71885 -3.7446 -0.65041 0.23676 0.023132 0.75293 0.54845 -2.0544 0.78251 -0.0072038 -3.7233 1.1786
0 115 168 -0.20671 4.807 0.010819 -0.12913 3.5539 0.041876 -0.40847 3.517 0.9842 0.081648 1.9913 1.3019 0.027198 0.95332 2.4409 0.15177 3.6205 -0.89834 0.67063 2.0885 -1.1271 1.2161 1.1536 -2.2253 -0.25102 -0.023132 0.7483 -0.48735 -2.1076 0.63294 0.19926 -3.7446 0.94873 0.25102 0.023132 -0.7483 0.01624 -2.0544 -0.95544 0.69857 -3.7233 -0.94924
0 116 168 -0.1603 4.7891 -0.01139 -0.10481 3.5411 0.038772 -0.39207 3.5173 0.97913 0.1453 2.0434 1.4349 0.35197 1.2588 2.7461 0.18545 3.5944 -0.89945 0.78857 2.1107 -1.2215 1.6387 1.454 -2.3276 -0.25812 -0.022976 0.74588 -0.47577 -2.1097 0.63326 0.22424 -3.7397 0.95558 0.25812 0.022976 -0.74588 0.029738 -2.0558 -0.94776 0.72519 -3.7193 -0.94079
3 0 312 -0.22594 4.7831 0.52325 -0.047993 3.5799 0.20351 -0.58019 3.6298 -0.62211 -0.15774 2.6035 -1.8208 1.2428 2.7645 -2.4455 0.4805 3.5594 1.0327 -0.07736 2.3761 2.0111 0.26088 1.0313 2.6855 -0.53831 0.04355 -0.57604 -0.28861 -2.0321 -0.36729 -0.28426 -3.8047 -0.037441 0.53831 -0.04355 0.57604 1.7702 -1.4985 -0.30698 0.42242 -1.9578 0.79905
3 1 312 -0.28854 4.7818 0.51563 -0.10423 3.578 0.20153 -0.61879 3.6281 -0.63517 -0.078451 2.7781 -1.9214 1.3112 3.1215 -2.4947 0.40658 3.5572 1.0418 -0.25472 2.4878 2.0847 -0.024465 1.2337 2.9518 -0.53654 0.031661 -0.57846 -0.36615 -2.0456 -0.31364 -0.43608 -3.8057 0.071219 0.53654 -0.031661 0.57846 1.8567 -1.2117 -0.55242 0.61278 -1.8607 0.58001
3 2 312 -0.3302 4.7782 0.52767 -0.14439 3.5745 0.21563 -0.65404 3.6217 -0.62424 -0.035906 2.8786 -1.9412 1.329 3.3471 -2.4845 0.36152 3.5566 1.0589 -0.34882 2.5608 2.1417 -0.18186 1.3649 3.1007 -0.53088 0.027162 -0.58389 -0.44684 -2.0451 -0.24757 -0.57523 -3.7889 0.19246 0.53088 -0.027162 0.58389 1.8607 -0.98425 -0.73138 0.76132 -1.9191 0.34948
3 3 312 -0.31287 4.7815 0.52067 -0.1342 3.5751 0.21338 -0.6463 3.6213 -0.62506 0.032964 2.8859 -1.916 1.3621 3.4421 -2.4652 0.37421 3.5583 1.0552 -0.33498 2.5687 2.1444 -0.16009 1.3813 3.1124 -0.53048 0.029807 -0.58412 -0.52301 -2.0322 -0.18138 -0.69223 -3.7606 0.30361 0.53048 -0.029807 0.58412 1.848 -0.87286 -0.8186 0.90782 -2.0945 0.11658
3 4 312 -0.28375 4.7843 0.51834 -0.10828 3.5756 0.21588 -0.63006 3.6215 -0.61658 0.065616 2.7983 -1.8442 1.3732 3.3926 -2.4052 0.40987 3.559 1.0517 -0.24757 2.5063 2.1139 -0.012725 1.282 3.0215 -0.53322 0.037313 -0.58119 -0.6075 -2.0091 -0.11111 -0.8109 -3.7225 0.41206 0.53322 -0.037313 0.58119 1.8367 -0.88666 -0.83088 1.0563 -2.3489 -0.12111
3 5 312 -0.23723 4.7907 0.49364 -0.072829 3.5776 0.19696 -0.6113 3.6237 -0.6248 0.061019 2.6592 -1.759 1.3845 3.202 -2.3347 0.46198 3.5608 1.0222 -0.09068 2.3975 2.0271 0.24073 1.1049 2.7998 -0.53847 0.041369 -0.57606 -0.68923 -1.9863 -0.046619 -0.92857 -3.6841 0.51096 0.53847 -0.041369 0.57606 1.7878 -1.0361 -0.78923 1.1728 -2.6676 -0.33002
3 6 96 0.43865 4.795 -0.26804 0.13791 3.5793 -0.13119 0.12299 3.6194 0.85143 -0.95622 2.484 1.3149 -2.4169 2.8665 1.0021 0.15761 3.5685 -1.1145 1.0182 2.2657 -1.5948 0.99525 0.90653 -2.3228 0.11394 0.047258 0.77992 0.6289 -1.961 0.43919 1.1943 -3.644 0.12484 -0.11394 -0.047259 -0.77992 -1.7657 -1.2947 -0.41935 -1.2947 -3.0335 -0.34325
3 6 300 -0.2917 4.795 0.42329 -0.072625 3.5793 0.17594 -0.45866 3.6194 -0.72779 0.33875 2.484 -1.5901 1.8003 2.8665 -1.8985 0.30931 3.5685 1.0822 -0.28146 2.2657 1.8711 0.035547 0.90653 2.5267 -0.42132 0.047258 -0.66615 -0.75317 -1.961 -0.14543 -1.1418 -3.644 0.37172 0.42132 -0.047259 0.66615 1.7836 -1.2947 -0.33506 1.3224 -3.0335 -0.21303
3 7 84 0.47155 4.7951 -0.2059 0.15182 3.5776 -0.13871 -0.027891 3.613 0.82763 -0.99001 2.3106 1.0442 -2.4024 2.4355 0.43821 0.33642 3.5716 -1.1048 1.0544 2.1343 -1.4006 0.90032 0.74223 -2.0456 -0.034454 0.05957 0.78661 0.63144 -1.9223 0.57932 1.2897 -3.5907 0.39457 0.034454 -0.05957 -0.78661 -1.4335 -1.562 -0.74121 -1.2478 -3.3459 -0.55652
3 8 72 0.47843 4.7946 -0.12271 0.14568 3.5788 -0.13185 -0.19593 3.6038 0.79012 -0.94732 2.1543 0.84525 -2.2409 1.9608 0.028574 0.49214 3.5831 -1.0523 1.0101 2.045 -1.2385 0.64838 0.68045 -1.8589 -0.18611 0.065195 0.7646 0.59644 -1.8845 0.73697 1.3293 -3.5316 0.71179 0.18611 -0.065195 -0.7646 -1.0442 -1.7604 -0.92903 -0.99267 -3.5405 -0.64753
3 9 60 0.43396 4.7944 -0.041348 0.11172 3.5797 -0.14173 -0.37839 3.5889 0.71095 -0.94638 2.0573 0.69076 -2.0459 1.5355 -0.25602 0.60625 3.5998 -0.99167 0.95007 2.013 -1.1717 0.32128 0.7625 -1.8187 -0.34225 0.069831 0.70816 0.50621 -1.8419 0.90713 1.2758 -3.4639 1.0745 0.34225 -0.06983 -0.70816 -0.64415 -1.9098 -0.94438 -0.62857 -3.6735 -0.57001
3 65 132 -0.12495 4.812 0.32881 -0.0042881 3.5833 0.077886 -0.47292 3.6301 -0.78557 -0.025552 2.3813 -1.739 1.2989 2.685 -2.468 0.4618 3.566 0.94381 -0.2052 2.2759 1.6918 0.0099149 0.85499 2.2507 -0.51235 0.020346 -0.60049 -0.34375 -2.0357 -0.20217 -0.41239 -3.7735 0.27354 0.51235 -0.020346 0.60049 1.8044 -1.3373 -0.40465 0.41234 -1.7898 0.64807
3 66 132 -0.16797 4.8049 0.36351 -0.044936 3.5786 0.10541 -0.49598 3.6282 -0.76721 0.077586 2.5383 -1.8405 1.3686 3.059 -2.5038 0.40357 3.5585 0.98051 -0.33041 2.3442 1.7901 -0.1722 0.96803 2.4674 -0.51528 0.021441 -0.59793 -0.41694 -2.0274 -0.1432 -0.52406 -3.7516 0.37325 0.51528 -0.021441 0.59793 1.8357 -1.1454 -0.58854 0.57175 -1.8837 0.46419
3 66 288 0.3013 4.8049 -0.26377 0.083925 3.5786 -0.078019 0.14105 3.6282 0.90261 -0.81948 2.5383 1.6498 -2.2686 3.059 1.7307 0.030135 3.5585 -1.0599 1.0299 2.3442 -1.501 1.1609 0.96803 -2.184 0.22753 0.021441 0.75582 0.32265 -2.0274 0.3004 0.63057 -3.7516 -0.12783 -0.22753 -0.021441 -0.75582 -1.9163 -1.1454 -0.20897 -0.33351 -1.8837 -0.65661
3 67 132 -0.1789 4.7988 0.36501 -0.056244 3.5768 0.084806 -0.49824 3.6469 -0.79102 0.17891 2.6904 -1.9291 1.4125 3.3862 -2.5388 0.38322 3.5362 0.96377 -0.37378 2.3771 1.8311 -0.22882 1.0399 2.5851 -0.51741 0.017046 -0.59624 -0.49201 -2.0211 -0.086759 -0.64143 -3.7298 0.4691 0.51741 -0.017046 0.59624 1.8235 -1.0407 -0.69236 0.72016 -2.1096 0.25151
3 67 288 0.31189 4.7988 -0.26069 0.085875 3.5768 -0.054598 0.13343 3.6469 0.92529 -0.94808 2.6904 1.6895 -2.323 3.3862 1.7448 0.041911 3.5362 -1.0363 1.0862 2.3771 -1.5208 1.2605 1.0399 -2.2685 0.23016 0.017046 0.75514 0.41418 -2.0211 0.27937 0.77678 -3.7298 -0.16765 -0.23016 -0.017046 -0.75514 -1.9475 -1.0407 -0.1092 -0.5556 -2.1096 -0.52268
3 68 132 -0.15511 4.8086 0.30426 -0.037331 3.5818 0.047858 -0.48121 3.6321 -0.82839 0.25843 2.7725 -2.0043 1.4442 3.5762 -2.575 0.40422 3.5611 0.92648 -0.34716 2.422 1.8247 -0.18751 1.106 2.6122 -0.51789 0.0099196 -0.59598 -0.56912 -2.013 -0.030616 -0.76165 -3.7043 0.5638 0.51789 -0.0099192 0.59598 1.7838 -1.0533 -0.71671 0.84462 -2.3933 0.040342
3 68 288 0.26546 4.8086 -0.21486 0.053569 3.5818 -0.028537 0.10267 3.6321 0.95249 -1.0513 2.7725 1.7259 -2.3667 3.5762 1.765 0.0075593 3.5611 -1.0108 1.0593 2.422 -1.5257 1.2338 1.106 -2.3101 0.23071 0.0099196 0.7551 0.50747 -2.013 0.25945 0.92512 -3.7043 -0.20526 -0.23071 -0.0099192 -0.7551 -1.9211 -1.0533 -0.070783 -0.75519 -2.3933 -0.38039
3 69 132 -0.11442 4.8132 0.28522 -0.001961 3.5837 0.037485 -0.44899 3.631 -0.83733 0.32078 2.8048 -2.0179 1.4741 3.6678 -2.5681 0.44284 3.5661 0.91453 -0.28234 2.4272 1.8341 -0.067842 1.1039 2.5962 -0.51179 0.015064 -0.60112 -0.6566 -1.9835 0.030635 -0.88349 -3.6581 0.65916 0.51179 -0.015064 0.60112 1.7239 -1.1628 -0.67475 0.97404 -2.7121 -0.13777
3 76 108 -0.3454 4.8013 0.14083 -0.063127 3.59 -0.058082 -0.31552 3.6256 -1.008 -0.30389 2.0362 -1.3855 0.76866 0.99823 -1.7727 0.18467 3.5837 0.89372 0.35848 1.9772 1.1339 1.5086 0.96402 0.96574 -0.23144 -0.021235 -0.75464 -0.03294 -2.1126 -0.78977 -1.5011 -2.9277 -0.13332 0.23144 0.021235 0.75464 0.5116 -2.0374 0.4418 0.45445 -3.8358 0.32559
3 77 96 -0.36406 4.8027 -0.029867 -0.063637 3.5845 -0.14968 -0.16398 3.5948 -1.128 -0.47828 2.0288 -1.4707 0.32329 0.75475 -1.8054 0.031833 3.6037 0.82903 0.37343 2.0342 1.1271 1.83 1.5593 0.95219 -0.063271 -0.051779 -0.78538 0.61911 -2.0285 -0.98834 -1.0813 -2.4967 -0.61398 0.063271 0.051779 0.78538 0.12604 -2.0393 0.59148 0.16798 -3.8317 0.40011
3 77 108 -0.36231 4.8027 0.046478 -0.093367 3.5845 -0.13318 -0.39493 3.5948 -1.0693 -0.77361 2.0288 -1.3391 -0.059148 0.75475 -1.8332 0.2035 3.6037 0.8043 0.59961 2.0342 1.0249 1.9879 1.5593 0.55092 -0.22518 -0.051779 -0.75506 0.4001 -2.0285 -1.0955 -1.1854 -2.4967 -0.37574 0.22518 0.051779 0.75506 0.24626 -2.0393 0.55234 0.2475 -3.8317 0.35645
3 78 96 -0.35241 4.8082 -0.052627 -0.062818 3.5842 -0.14971 -0.22644 3.5809 -1.1195 -0.88545 2.1168 -1.4207 -0.3554 0.73838 -1.8643 0.096146 3.6169 0.82035 0.6418 2.1191 1.1776 2.1454 2.2047 0.84665 -0.061087 -0.051898 -0.78554 1.0354 -1.8104 -1.1315 -0.70281 -2.0443 -0.71336 0.061087 0.051898 0.78554 0.010565 -2.0403 0.60018 -0.042846 -3.8331 0.41546
3 79 84 -0.38058 4.8064 -0.13785 -0.072647 3.5825 -0.16909 -0.080743 3.5747 -1.1526 -0.92239 2.2446 -1.5898 -0.5272 0.81816 -2.0219 -0.069428 3.6197 0.81375 0.56052 2.2238 1.3824 2.0208 2.7111 1.2946 0.11151 -0.05114 -0.78003 1.5579 -1.5704 -0.89936 -0.23777 -1.7021 -0.80371 -0.11151 0.051141 0.78003 -0.22209 -2.0371 0.57649 -0.3235 -3.8259 0.37497
3 80 84 -0.44298 4.8039 -0.10486 -0.12919 3.5814 -0.13409 -0.16457 3.5702 -1.1169 -1.1611 2.3536 -1.559 -0.95597 0.91143 -2.0647 -0.098836 3.622 0.84815 0.65224 2.3261 1.5003 2.0375 2.9908 1.3702 0.10786 -0.036558 -0.78136 1.7728 -1.318 -0.77515 -0.018831 -1.5119 -0.71747 -0.10786 0.036558 0.78136 -0.31185 -2.0436 0.56762 -0.49082 -3.8253 0.35702
3 81 240 0.40831 4.8029 0.28155 0.12489 3.5771 0.17656 -0.22848 3.5638 1.0943 0.56306 2.4124 1.9407 0.25091 0.98124 2.4225 0.48223 3.6198 -0.73878 0.026669 2.3889 -1.7115 -1.271 3.1072 -2.1331 -0.41112 -0.027349 0.6736 -1.9881 -1.0624 -0.25165 -0.41452 -1.506 0.50858 0.41112 0.027349 -0.6736 0.59177 -2.0394 -0.34166 0.73835 -3.8094 -0.030745
3 82 240 0.42536 4.8023 0.2841 0.15034 3.5739 0.18171 -0.1949 3.561 1.1026 0.60446 2.424 1.9609 0.29703 1.009 2.4911 0.49951 3.6163 -0.73679 0.045117 2.3955 -1.7226 -1.2528 3.1025 -2.1621 -0.40659 -0.026285 0.67638 -1.9745 -0.89013 -0.42342 -0.54595 -1.6697 0.35267 0.40659 0.026285 -0.67638 0.66411 -2.0245 -0.29896 0.87703 -3.7803 0.051046
3 83 240 0.40568 4.8043 0.28173 0.12998 3.5755 0.18461 -0.22318 3.5683 1.1025 0.53528 2.3966 1.9514 0.19306 0.98377 2.4656 0.48712 3.6122 -0.73107 0.032984 2.3722 -1.6928 -1.274 3.0349 -2.1726 -0.4047 -0.031768 0.67728 -1.932 -0.86592 -0.49994 -0.67464 -1.9573 0.19202 0.4047 0.031769 -0.67728 0.73837 -1.9996 -0.25705 1.0173 -3.7384 0.12988
3 84 240 0.36109 4.8082 0.27113 0.083844 3.579 0.17791 -0.28867 3.5718 1.0882 0.41215 2.3475 1.912 0.015974 0.92373 2.3519 0.46051 3.6156 -0.72991 0.023248 2.3344 -1.6442 -1.2962 2.9403 -2.1634 -0.41026 -0.036224 0.6737 -1.8793 -0.96893 -0.50374 -0.82646 -2.333 0.0271 0.41026 0.036224 -0.6737 0.80798 -1.9742 -0.21095 1.1403 -3.6952 0.21192
3 85 96 -0.40471 4.8126 -0.053622 -0.1339 3.581 -0.13356 -0.33344 3.5729 -1.0966 -1.304 2.2863 -1.3636 -1.1347 0.85194 -1.9037 0.060969 3.6186 0.82975 0.89866 2.2969 1.299 2.3035 2.8332 0.95751 -0.05119 -0.04462 -0.78669 1.7237 -1.1637 -0.67843 0.88123 -2.7472 -0.49449 0.05119 0.044621 0.78669 -0.62233 -1.9399 0.63726 -1.2069 -3.6385 0.48258
3 86 96 -0.35894 4.8137 -0.073549 -0.085941 3.5829 -0.14861 -0.25002 3.5716 -1.1183 -1.1119 2.2143 -1.4071 -0.84669 0.77442 -1.891 0.073578 3.6237 0.82106 0.85661 2.2643 1.2766 2.2899 2.6976 0.90826 -0.0334 -0.048129 -0.78744 1.5672 -1.4017 -0.64579 1.0941 -3.135 -0.49436 0.033401 0.048129 0.78744 -0.72065 -1.9075 0.64151 -1.3745 -3.5809 0.48989
