0 96 180 -0.21516 4.8279 -0.11326 -0.11736 3.5755 -0.030228 -0.089158 3.583 0.95289 -0.45435 4.4369 2.2968 -0.89119 5.8913 2.0288 -0.14481 3.5979 -1.0131 -0.8781 4.2401 -2.3241 -1.5756 5.601 -2.1267 0.047628 0.010407 0.78811 -0.4081 -2.0406 0.79279 0.16251 -3.751 0.79154 -0.047628 -0.010407 -0.78811 -0.4171 -2.0732 -0.9382 0.27744 -3.719 -1.1833
0 99 336 0.1116 4.8428 0.049589 0.11846 3.5784 0.027726 0.52033 3.5479 -0.86946 2.0292 4.1457 -1.0559 2.6362 5.2284 -0.14112 -0.28287 3.6385 0.92365 0.65634 4.0849 2.1836 1.931 4.9344 2.0071 0.2957 0.0030518 -0.73216 0.73418 -2.0429 -0.54191 0.24143 -3.7581 -0.79915 -0.2957 -0.0030513 0.73215 0.012962 -2.0608 1.0231 -0.66677 -3.7298 0.96659
0 100 336 0.13235 4.8437 0.034585 0.14167 3.5796 0.022413 0.5676 3.544 -0.8634 2.1661 3.8759 -0.80434 2.8341 4.8274 0.2086 -0.28273 3.6451 0.90727 0.8117 3.8713 2.0988 2.1814 4.5464 1.8848 0.3086 0.00036192 -0.72682 0.75141 -2.0435 -0.52497 0.2622 -3.7572 -0.79877 -0.3086 -0.0003624 0.72682 0.016169 -2.0535 1.0324 -0.64233 -3.7307 0.9679
0 101 336 0.17006 4.8428 0.037499 0.17921 3.5795 0.028328 0.61266 3.5415 -0.85373 2.2288 3.5686 -0.6172 2.9568 4.3776 0.47519 -0.25219 3.6473 0.90961 0.9254 3.609 2.0412 2.365 4.1247 1.8429 0.31922 -0.001101 -0.72221 0.76964 -2.0428 -0.51514 0.28193 -3.7554 -0.79827 -0.31922 0.001101 0.72221 0.024104 -2.0471 1.0403 -0.62056 -3.7294 0.96771
1 0 132 1.7835 4.1169 1.8119 1.4399 2.9854 1.3715 2.1375 2.9629 0.67862 1.7297 1.4612 0.18139 2.271 0.052876 0.49972 0.75309 3.034 2.0739 0.18521 1.5211 1.8343 0.52285 0.1268 2.3996 0.54014 0.00082231 -0.57598 1.3326 -1.4953 0.66826 0.83842 -3.0285 -0.14154 -0.54014 -0.00082231 0.57598 0.41839 -1.6161 1.5174 -0.48458 -2.9968 0.79005
1 1 132 1.7557 4.1439 1.7755 1.4236 3.0054 1.3441 2.1166 2.9876 0.64641 1.7261 1.4877 0.13022 2.323 0.078567 0.31961 0.74115 3.0496 2.0509 0.16429 1.5358 1.8402 0.37331 0.14445 2.4712 0.54094 -0.0035107 -0.57521 1.3822 -1.4418 0.7046 0.83575 -2.9327 -0.14963 -0.54094 0.0035105 0.57521 0.44885 -1.5634 1.5648 -0.48569 -2.8877 0.77506
1 2 132 1.6729 4.2132 1.6887 1.3669 3.0594 1.2795 2.06 3.0432 0.58178 1.7563 1.5452 0.0049906 2.4772 0.18226 -0.013533 0.68383 3.1023 1.9858 0.059645 1.5975 1.8649 0.059484 0.26607 2.6427 0.54114 -0.0068364 -0.57499 1.4211 -1.4051 0.72301 0.8241 -2.8549 -0.16728 -0.54114 0.0068364 0.57499 0.46138 -1.5288 1.6002 -0.4996 -2.7993 0.75574
1 3 144 1.8424 4.3038 1.2149 1.5003 3.1285 0.90541 2.0338 3.1177 0.079241 1.7591 1.6404 -0.56174 2.5571 0.41276 -1.0451 0.977 3.1666 1.7373 0.26384 1.7059 1.9003 0.17379 0.54603 2.9123 0.40923 -0.0068836 -0.67526 1.5579 -1.398 0.40169 0.75457 -2.8206 -0.36106 -0.40923 0.0068839 0.67526 0.78643 -1.5111 1.5002 -0.34982 -2.7455 0.83994
1 4 144 1.6855 4.3948 1.1097 1.377 3.2007 0.83351 1.9117 3.1954 0.0079891 1.8043 1.783 -0.80584 2.6796 0.8218 -1.6351 0.85153 3.234 1.6642 0.028132 1.8699 2.025 -0.3203 0.99632 3.2469 0.40718 -0.0071657 -0.6765 1.5326 -1.4546 0.34952 0.71862 -2.8802 -0.39617 -0.40718 0.0071654 0.6765 0.73235 -1.5559 1.4967 -0.39032 -2.7964 0.82472
2 0 336 2.6611 3.8359 1.2226 1.8596 2.9528 0.8025 2.2849 2.9191 -0.083737 1.1477 2.625 -1.2191 0.82689 1.6837 -2.3976 1.4546 3.0067 1.6972 -0.16898 2.8813 1.8276 -1.3264 2.3106 2.6716 0.29146 0.012938 -0.73374 1.1035 -1.8841 -0.33845 0.43662 -3.5499 -0.51448 -0.29146 -0.012938 0.73374 0.46732 -1.9294 1.1409 -0.34654 -3.4966 0.77716
2 1 336 2.9003 3.6134 1.3505 2.0479 2.7952 0.90043 2.4761 2.7601 0.015695 1.258 2.665 -1.0687 0.75894 1.8565 -2.2832 1.641 2.849 1.7942 0.0084988 2.8947 1.8348 -1.2629 2.4268 2.5712 0.29627 0.014499 -0.73179 1.165 -1.8475 -0.29311 0.46197 -3.4955 -0.49547 -0.29627 -0.014499 0.73179 0.52232 -1.8983 1.1739 -0.32176 -3.4444 0.78915
2 2 336 3.1131 3.386 1.4717 2.2232 2.6228 0.99818 2.6547 2.5858 0.11512 1.3841 2.6451 -0.90989 0.73959 1.9737 -2.1394 1.8139 2.6772 1.8909 0.18908 2.8408 1.8479 -1.1625 2.4453 2.4761 0.30559 0.015066 -0.72793 1.2359 -1.8052 -0.24276 0.48807 -3.429 -0.47756 -0.30559 -0.015066 0.72793 0.58411 -1.8574 1.2061 -0.29667 -3.3763 0.79628
2 21 312 1.4142 4.2995 1.7451 1.0802 3.1481 1.3432 1.8645 3.1048 0.75128 3.0494 2.2395 1.4696 3.0771 3.5055 2.3494 0.30556 3.2178 1.9452 0.57959 2.343 3.2974 1.2895 3.6947 3.5135 0.62377 0.0051913 -0.48413 1.1785 -1.8959 0.21764 0.23417 -3.0148 -0.83459 -0.62377 -0.0051918 0.48413 -0.16153 -1.9139 1.2307 -0.98287 -2.9735 0.025147
2 22 312 1.5165 4.1982 1.9009 1.1423 3.0773 1.4527 1.9358 3.0238 0.874 3.0337 1.991 1.5036 3.2271 3.1163 2.5399 0.35944 3.1561 2.0428 0.55101 2.1691 3.3304 1.381 3.4235 3.6696 0.62931 0.0071793 -0.47688 1.307 -1.799 0.35538 0.46127 -3.0906 -0.57605 -0.62931 -0.0071793 0.47688 -0.073994 -1.8305 1.3608 -0.76053 -3.0322 0.20518
2 23 312 1.6018 4.1039 2.0329 1.1901 3.019 1.5346 1.9842 2.955 0.9578 2.9973 1.7773 1.4631 3.3469 2.6923 2.654 0.40772 3.1072 2.1241 0.49699 1.9971 3.3193 1.4409 3.1161 3.8034 0.63226 0.0087333 -0.47293 1.3763 -1.7366 0.42954 0.73558 -3.2567 -0.29822 -0.63226 -0.0087333 0.47293 -0.015361 -1.7631 1.4506 -0.53831 -3.1727 0.4554
2 24 312 1.6665 4.033 2.113 1.2259 2.9834 1.5704 2.0147 2.9117 0.98724 2.9215 1.6069 1.3665 3.4102 2.2487 2.6806 0.45 3.078 2.1674 0.42906 1.8462 3.2402 1.4731 2.7799 3.8851 0.63063 0.0055532 -0.47515 1.3886 -1.7317 0.43137 1.0227 -3.4377 -0.023037 -0.63063 -0.0055532 0.47515 0.010346 -1.7205 1.506 -0.30921 -3.3434 0.78858
2 25 312 1.697 3.978 2.1774 1.2481 2.9526 1.6023 2.0369 2.8781 1.0195 2.8091 1.4593 1.2631 3.4079 1.784 2.6464 0.4729 3.0491 2.1998 0.33701 1.7193 3.1388 1.452 2.4178 3.9429 0.62907 0.0047641 -0.47723 1.3976 -1.7369 0.4118 1.2913 -3.5258 0.21384 -0.62907 -0.0047641 0.47723 0.015272 -1.6913 1.5518 -0.12876 -3.4333 1.1095
2 26 312 1.6679 3.9583 2.2298 1.2381 2.9347 1.6393 2.0379 2.8652 1.0711 2.6661 1.3611 1.1788 3.3352 1.3517 2.568 0.45155 3.0261 2.2227 0.21669 1.6301 3.038 1.35 2.0591 3.9916 0.62853 0.013205 -0.47779 1.4571 -1.6912 0.42917 1.4348 -3.4908 0.31933 -0.62853 -0.013205 0.47779 0.066589 -1.6333 1.6208 -0.063923 -3.406 1.3183
2 27 312 1.6004 3.9942 2.2138 1.2059 2.9566 1.6255 2.0127 2.8981 1.066 2.5189 1.345 1.0782 3.2301 1.0271 2.4089 0.41189 3.0374 2.2002 0.12389 1.6004 2.9221 1.2243 1.7379 3.9934 0.62207 0.021982 -0.48585 1.6077 -1.5226 0.54232 1.384 -3.2933 0.28629 -0.62207 -0.021982 0.48585 0.13916 -1.5044 1.7655 -0.084085 -3.2435 1.3452
2 28 312 1.6466 3.9353 2.29 1.2611 2.9024 1.6881 2.0641 2.8594 1.1217 2.478 1.2795 1.0832 3.2171 0.69544 2.3039 0.47081 2.9675 2.27 0.14662 1.4921 2.8919 1.1514 1.322 4.049 0.6096 0.030093 -0.50098 1.7517 -1.2398 0.72261 1.2424 -2.8962 0.22454 -0.6096 -0.030093 0.50098 0.26684 -1.277 1.9471 -0.1259 -2.8766 1.2138
2 97 312 1.8395 3.9266 2.1682 1.4024 2.8966 1.5884 2.1543 2.8733 0.9547 2.398 1.2739 0.72784 3.0922 0.06559 1.388 0.66383 2.9425 2.2363 0.26945 1.3999 2.6015 1.0297 0.37206 3.4636 0.58 0.011292 -0.5357 1.607 -1.35 0.69169 1.1169 -2.9417 0.0010619 -0.58 -0.011292 0.5357 0.44194 -1.4595 1.6639 -0.33921 -2.9092 0.92977
2 98 312 1.7946 3.9942 2.082 1.372 2.9438 1.5293 2.1157 2.9189 0.88604 2.2651 1.3314 0.5305 2.8752 -0.032613 0.91098 0.64146 2.9919 2.186 0.18142 1.4453 2.4411 0.67694 0.15779 3.1299 0.57554 0.011407 -0.54048 1.5585 -1.4308 0.62915 1.0847 -3.0336 -0.047304 -0.57554 -0.011407 0.54048 0.39427 -1.5383 1.6093 -0.37708 -2.9982 0.88507
2 99 312 1.7271 4.0694 1.9916 1.3256 2.9963 1.4687 2.0619 2.9739 0.81704 2.1063 1.4199 0.3152 2.6294 -0.026196 0.42804 0.60187 3.0423 2.1331 0.058375 1.5066 2.2563 0.24803 0.065957 2.7722 0.57359 0.013191 -0.54252 1.5115 -1.5038 0.56806 1.0483 -3.112 -0.1027 -0.57359 -0.013191 0.54252 0.34379 -1.6073 1.5581 -0.41408 -3.078 0.84141
2 100 324 2.0094 4.143 1.5183 1.5386 3.0502 1.1067 2.1157 3.0311 0.31044 1.925 1.5322 -0.31057 2.3321 0.060079 -0.52218 0.97603 3.0935 1.9122 0.34469 1.591 2.0247 0.3325 0.09228 2.3871 0.44626 0.013217 -0.65129 1.5353 -1.5747 0.18941 0.95229 -3.1874 -0.36764 -0.44626 -0.013217 0.65129 0.59191 -1.6745 1.4107 -0.28163 -3.1553 0.86762
2 101 324 1.9084 4.2178 1.4429 1.4645 3.1062 1.0511 2.0344 3.0898 0.24968 1.7258 1.6604 -0.47852 2.0288 0.19852 -0.86428 0.90845 3.1474 1.8613 0.15909 1.6958 1.8589 -0.081146 0.1963 2.1263 0.44598 0.012243 -0.6515 1.4694 -1.6434 0.13959 0.90077 -3.2623 -0.41396 -0.44598 -0.012243 0.6515 0.51545 -1.7372 1.3687 -0.3334 -3.2338 0.82955
