0 5 0 -0.18011 4.7961 -0.66042 -0.088164 3.5641 -0.38561 -1.0658 3.4598 -0.41371 -2.3376 2.5532 0.065055 -3.8286 2.901 -0.11859 0.88603 3.6976 -0.36325 1.75 2.5585 -1.1538 1.9002 2.4184 -2.682 -0.71375 -0.047015 -0.33444 0.01229 -1.8202 -1.1964 -0.20961 -3.6019 -1.3618 0.71375 0.047015 0.33444 0.39192 -2.0158 0.57004 -0.43941 -3.4745 1.2272
0 6 348 -0.12872 4.7888 -0.71064 -0.033801 3.5613 -0.41494 -1.0099 3.4635 -0.48598 -2.2716 2.5874 0.07008 -3.7655 2.9631 -0.00044561 0.93938 3.6881 -0.35014 1.7556 2.5372 -1.1736 1.8134 2.421 -2.7101 -0.66426 -0.047612 -0.42425 0.22696 -1.7985 -1.1688 0.058769 -3.5814 -1.3787 0.66426 0.047612 0.42425 0.27792 -2.0086 0.61665 -0.68518 -3.4515 1.108
0 7 336 -0.066578 4.7798 -0.75912 0.024825 3.5579 -0.44011 -0.94555 3.4632 -0.56955 -2.2 2.6214 0.052182 -3.691 3.0146 0.061617 0.9928 3.6815 -0.31725 1.763 2.5226 -1.1731 1.7412 2.4391 -2.7126 -0.60124 -0.050315 -0.50939 0.43817 -1.7775 -1.1017 0.32767 -3.5613 -1.3397 0.60124 0.050314 0.50939 0.16479 -2.0005 0.64287 -0.89691 -3.4268 0.94213
0 25 36 0.0099525 4.7939 -0.70114 0.12097 3.5573 -0.4508 -0.84814 3.5315 -0.28489 -1.8542 2.6028 0.6063 -3.3461 2.7992 0.94287 1.0879 3.6123 -0.62235 1.1029 2.6018 -1.9059 0.2365 2.5546 -3.1806 -0.76232 0.00046086 -0.20584 -0.4944 -1.8588 -1.147 -0.85327 -3.6233 -1.0542 0.76232 -0.0004611 0.20584 0.94596 -2.0931 0.16736 0.46951 -3.5536 1.1112
0 40 192 -0.18166 4.8123 -0.51174 -0.13847 3.5722 -0.27329 -1.04 3.5646 0.11982 -2.0572 2.3792 -0.35867 -2.4423 2.2662 -1.8475 0.76075 3.6093 -0.67003 2.1588 2.7794 -0.82948 3.4917 2.9162 -1.5927 -0.4726 0.043852 0.63105 -0.50863 -2.0562 0.68472 0.33318 -3.6132 1.0281 0.4726 -0.043852 -0.63105 -0.34905 -1.8982 -1.1795 -0.011347 -3.6455 -1.4686
0 41 192 -0.088858 4.8062 -0.54946 -0.10102 3.5715 -0.28851 -1.052 3.5718 -0.03762 -1.8951 2.3622 -0.7411 -1.8434 2.2593 -2.2788 0.84852 3.6007 -0.54326 2.2208 2.7397 -0.33327 3.7011 2.8322 -0.755 -0.52648 0.047052 0.5866 -0.50833 -2.053 0.64754 0.33103 -3.6009 1.0355 0.52648 -0.047052 -0.5866 -0.31 -1.878 -1.1886 -0.014071 -3.6349 -1.4652
0 42 204 -0.12569 4.7997 -0.54873 -0.13775 3.5715 -0.26774 -1.0697 3.5777 0.046698 -1.8721 2.3505 -0.67358 -1.6969 2.2646 -2.2032 0.79262 3.5948 -0.58589 2.1329 2.7006 -0.31602 3.6279 2.7265 -0.69248 -0.44232 0.045931 0.65249 -0.3775 -2.0532 0.71405 0.5366 -3.5887 0.95364 0.44232 -0.045931 -0.65249 -0.5188 -1.8576 -1.1091 -0.32246 -3.6225 -1.4212
0 61 168 -0.21156 4.8071 -0.47411 -0.22163 3.5705 -0.22875 -1.115 3.5694 0.1827 -1.7101 2.3256 -0.69345 -1.1809 2.5742 -2.1203 0.66951 3.6011 -0.64383 1.9367 2.5919 -0.85491 3.0319 2.3066 -1.9022 -0.50298 0.017275 0.60845 -0.8253 -2.0578 0.67648 -0.24457 -3.6685 1.2414 0.50299 -0.017275 -0.60845 -0.069996 -1.9589 -1.1705 0.48683 -3.6738 -1.1669
0 62 156 -0.17708 4.8076 -0.50084 -0.19895 3.5694 -0.26258 -1.1313 3.5583 0.050367 -1.6667 2.2965 -0.83845 -1.1008 2.5369 -2.2525 0.7313 3.61 -0.57935 2.0131 2.6047 -0.70278 3.1359 2.3319 -1.7239 -0.58509 0.017196 0.52997 -0.94449 -2.0528 0.52244 -0.50957 -3.6767 1.1741 0.58509 -0.017196 -0.52997 0.12635 -1.9737 -1.143 0.70197 -3.6778 -1.0169
0 63 156 -0.23835 4.8097 -0.47864 -0.22196 3.5692 -0.24722 -1.1183 3.5539 0.15749 -1.7653 2.2722 -0.6218 -1.4724 2.4938 -2.1194 0.67172 3.6139 -0.6555 1.9164 2.5992 -0.95567 2.865 2.3267 -2.1403 -0.54946 0.016473 0.56685 -0.93713 -2.0485 0.55983 -0.52035 -3.6857 1.1895 0.54946 -0.016473 -0.56685 0.077459 -1.9855 -1.1274 0.68504 -3.678 -0.99631
0 64 144 -0.18356 4.8117 -0.49475 -0.1891 3.5691 -0.27521 -1.1227 3.5459 0.033323 -1.7061 2.2432 -0.7612 -1.3844 2.4428 -2.256 0.74206 3.6216 -0.58753 1.9942 2.5921 -0.78949 3.0022 2.308 -1.9213 -0.62359 0.01641 0.48411 -1.0317 -2.0428 0.39811 -0.7718 -3.6943 1.0732 0.62359 -0.01641 -0.48411 0.26603 -1.9975 -1.0855 0.85983 -3.6782 -0.814
0 64 156 -0.28241 4.8117 -0.44578 -0.24219 3.5691 -0.22988 -1.0913 3.5459 0.26602 -1.827 2.2432 -0.38985 -1.8232 2.4428 -1.9189 0.60369 3.6216 -0.72897 1.7865 2.5921 -1.1869 2.5372 2.308 -2.5035 -0.50931 0.01641 0.60318 -0.9264 -2.0428 0.60392 -0.53179 -3.6943 1.2103 0.50931 -0.01641 -0.60318 0.034524 -1.9975 -1.1171 0.67181 -3.6782 -0.97498
0 65 144 -0.23577 4.8136 -0.46931 -0.21319 3.5692 -0.25802 -1.1124 3.5425 0.13961 -1.7814 2.2178 -0.54319 -1.7458 2.3986 -2.0741 0.68308 3.6253 -0.65916 1.8837 2.5759 -1.014 2.694 2.2751 -2.2909 -0.58977 0.01463 0.52484 -1.0284 -2.0385 0.44525 -0.7888 -3.7018 1.0987 0.58977 -0.014631 -0.52484 0.22689 -2.0093 -1.076 0.84177 -3.6802 -0.79141
0 66 132 -0.18226 4.8156 -0.48769 -0.17931 3.5691 -0.2844 -1.1199 3.5409 0.001696 -1.7103 2.1925 -0.70693 -1.6523 2.3543 -2.2393 0.75875 3.6268 -0.57436 1.9622 2.5502 -0.82187 2.8354 2.2269 -2.051 -0.66229 0.012561 0.42978 -1.1038 -2.035 0.26594 -1.0253 -3.7083 0.93294 0.66229 -0.012561 -0.42979 0.40981 -2.0182 -1.0026 0.96435 -3.6809 -0.58011
0 66 144 -0.27967 4.8156 -0.43914 -0.23452 3.5691 -0.2409 -1.0951 3.5409 0.2345 -1.8199 2.1925 -0.3359 -2.0818 2.3543 -1.8468 0.62276 3.6268 -0.71956 1.7484 2.5502 -1.2119 2.347 2.2269 -2.5957 -0.55846 0.012561 0.55809 -1.0244 -2.035 0.48962 -0.80896 -3.7083 1.1257 0.55846 -0.012561 -0.55809 0.1924 -2.0182 -1.0659 0.82266 -3.6809 -0.76793
0 67 132 -0.23373 4.8187 -0.45555 -0.20189 3.5697 -0.26621 -1.1156 3.5373 0.096271 -1.7539 2.1604 -0.50828 -1.9945 2.3034 -2.0246 0.70894 3.6316 -0.63218 1.8417 2.52 -1.0195 2.5083 2.1697 -2.3651 -0.64222 0.0079436 0.45934 -1.1105 -2.0338 0.29688 -1.0545 -3.7108 0.95673 0.64222 -0.0079432 -0.45934 0.37516 -2.0234 -0.98924 0.93666 -3.6816 -0.55788
0 68 120 -0.1837 4.8207 -0.47484 -0.15931 3.5704 -0.29108 -1.1115 3.5282 -0.04848 -1.6496 2.1221 -0.68256 -1.8627 2.2449 -2.2048 0.79018 3.642 -0.53748 1.9115 2.4881 -0.82029 2.6425 2.1057 -2.123 -0.71109 0.0053759 0.34326 -1.1601 -2.0306 0.083721 -1.2607 -3.7105 0.73094 0.71109 -0.0053763 -0.34326 0.53362 -2.028 -0.88329 1.0011 -3.6816 -0.33723
0 68 132 -0.27841 4.8207 -0.42627 -0.21635 3.5704 -0.25159 -1.0973 3.5282 0.18368 -1.7554 2.1221 -0.32469 -2.2804 2.2449 -1.7693 0.66116 3.642 -0.69002 1.6992 2.4881 -1.1998 2.1434 2.1057 -2.626 -0.62418 0.0053759 0.4836 -1.1173 -2.0306 0.32308 -1.0811 -3.7105 0.97707 0.62418 -0.0053763 -0.4836 0.33831 -2.028 -0.97493 0.90911 -3.6816 -0.538
0 69 120 -0.20759 4.8218 -0.46802 -0.15359 3.5698 -0.30056 -1.0856 3.5182 0.0092296 -1.6479 2.0842 -0.53508 -2.1245 2.1819 -1.9983 0.77516 3.6508 -0.61396 1.7983 2.4473 -1.0305 2.3237 2.0232 -2.4168 -0.69995 0.011395 0.36529 -1.1712 -2.0194 0.10441 -1.2781 -3.7025 0.74209 0.69995 -0.011395 -0.36529 0.49584 -2.036 -0.88855 0.97419 -3.6809 -0.3263
0 70 120 -0.2405 4.8208 -0.46728 -0.16074 3.5676 -0.31993 -1.0682 3.5023 0.053828 -1.6295 2.0383 -0.40484 -2.331 2.0987 -1.7767 0.74276 3.6623 -0.69685 1.6359 2.4037 -1.2325 1.9723 1.926 -2.6595 -0.69095 0.013771 0.38196 -1.1923 -2.0064 0.096114 -1.2866 -3.6883 0.73916 0.69095 -0.013771 -0.38196 0.46565 -2.0375 -0.89958 0.94584 -3.6771 -0.32324
0 71 108 -0.14765 4.8198 -0.51483 -0.080889 3.5661 -0.36318 -1.0338 3.4975 -0.12957 -1.4777 2.0019 -0.61421 -2.078 2.0085 -2.0345 0.86855 3.6641 -0.60053 1.732 2.3555 -1.0596 2.1691 1.8133 -2.4353 -0.7493 0.021043 0.2482 -1.2013 -1.9861 -0.17752 -1.3855 -3.6744 0.42793 0.7493 -0.021043 -0.24821 0.61458 -2.0442 -0.79856 0.96881 -3.6761 -0.11847
0 71 120 -0.25146 4.8198 -0.47289 -0.15463 3.5661 -0.33843 -1.0382 3.4975 0.088204 -1.5731 2.0019 -0.29357 -2.4556 2.0085 -1.558 0.72471 3.6641 -0.76799 1.4739 2.3555 -1.3965 1.6154 1.8133 -2.8331 -0.68132 0.021043 0.39857 -1.212 -1.9861 0.076135 -1.2663 -3.6744 0.70665 0.68132 -0.021043 -0.39857 0.43512 -2.0442 -0.90889 0.92301 -3.6761 -0.31731
0 72 108 -0.14632 4.82 -0.51245 -0.061696 3.5661 -0.36684 -0.99946 3.4991 -0.077946 -1.421 1.9762 -0.49245 -2.168 1.9138 -1.8399 0.87238 3.6626 -0.65937 1.5987 2.3042 -1.2035 1.8477 1.7016 -2.6008 -0.74129 0.030828 0.27026 -1.2004 -1.967 -0.19035 -1.3096 -3.6687 0.39539 0.74129 -0.030828 -0.27026 0.581 -2.0549 -0.81044 0.95078 -3.675 -0.11079
0 91 144 -0.23881 4.7783 -0.41145 -0.15751 3.5467 -0.23135 -0.68664 3.5824 0.59697 -0.78072 2.9925 2.1174 -0.56399 3.8782 3.3609 0.37334 3.5407 -1.0593 1.5909 3.0073 -2.0089 2.4917 4.0327 -2.7263 -0.43543 0.01713 0.65849 -0.76172 -2.0433 0.40816 -0.24913 -3.7378 0.74981 0.43543 -0.01713 -0.65849 0.25733 -2.0833 -0.99569 1.0165 -3.7034 -0.7731
0 103 96 -0.11352 4.835 -0.28425 -0.094064 3.5743 -0.26944 -1.0734 3.5038 -0.21186 -1.4462 2.8782 -1.6741 -0.91794 3.3738 -3.0354 0.88253 3.6743 -0.32968 1.1646 3.1121 -1.8374 0.34002 3.2614 -3.1318 -0.78602 -0.0042858 0.07517 -0.83764 -2.0432 -0.4292 -0.84846 -3.7531 0.14285 0.78602 0.0042858 -0.075171 0.88659 -2.0394 -0.55228 1.1306 -3.7263 0.035658
1 34 276 -0.032258 4.6012 -1.4904 -0.10554 3.3731 -1.2011 -1.0796 3.4174 -1.0719 -1.8121 2.0687 -0.51241 -3.0337 1.1538 -0.73227 0.86827 3.3574 -1.3383 1.6389 1.9589 -0.99315 2.5814 0.909 -1.6152 -0.76933 0.033298 0.17469 -0.88929 -1.9403 -0.53576 -0.71105 -3.6002 0.14527 0.76933 -0.033298 -0.17469 0.67867 -1.977 -0.96726 0.85557 -3.4762 0.018563
1 35 276 -0.071076 4.5705 -1.5867 -0.14113 3.3519 -1.2616 -1.1163 3.3891 -1.1391 -1.6195 1.9356 -0.58867 -2.6209 0.78342 -0.80587 0.83356 3.343 -1.393 1.4145 1.8665 -1.0045 2.1883 0.64539 -1.541 -0.77013 0.027174 0.17221 -0.77818 -1.9344 -0.58038 -0.56349 -3.5584 0.17297 0.77013 -0.027174 -0.17221 0.52541 -1.9383 -1.0101 0.65864 -3.4266 -0.0010729
1 42 276 -0.1414 4.6387 -1.3878 -0.16212 3.4091 -1.0946 -1.1364 3.4105 -0.95994 -1.5778 1.916 -0.46964 -2.6507 0.83295 -0.70089 0.81067 3.4366 -1.237 1.4142 1.9334 -1.0245 2.2508 0.96304 -1.8824 -0.77605 0.0043054 0.14568 -0.80787 -1.8747 -0.79383 -0.57517 -3.4147 0.11456 0.77605 -0.0043058 -0.14568 0.66708 -1.8702 -1.1053 0.66155 -3.3251 -0.040418
1 43 276 -0.13616 4.6858 -1.2123 -0.15387 3.4454 -0.96411 -1.1279 3.4469 -0.82757 -1.7678 2.0194 -0.35664 -3.0421 1.1728 -0.54872 0.81888 3.4731 -1.1067 1.5896 2.0378 -0.98561 2.6126 1.3121 -1.8826 -0.77726 -0.0020561 0.13912 -0.89768 -1.9713 -0.58332 -0.75144 -3.6086 0.15742 0.77726 0.0020561 -0.13912 0.80961 -1.9452 -0.92742 0.83691 -3.5193 -0.04858
2 21 96 -0.11834 4.2995 -2.2431 -0.084401 3.1481 -1.7216 -1.0668 3.1048 -1.7037 -1.6032 2.2395 -2.9813 -1.1085 3.5055 -3.7094 0.89616 3.2178 -1.7533 1.4693 2.343 -3.0083 1.022 3.6947 -3.6004 -0.78921 0.0051913 0.025029 -0.82549 -1.8959 -0.86878 -0.68 -3.0148 0.53755 0.78921 -0.0051918 -0.025029 0.8541 -1.9139 -0.90075 0.80994 -2.9735 0.55737
2 22 96 -0.10957 4.1982 -2.4292 -0.070275 3.0773 -1.8467 -1.0524 3.0238 -1.8449 -1.5705 1.991 -2.9996 -1.1179 3.1163 -3.9517 0.90996 3.1561 -1.864 1.5118 2.1691 -3.0182 1.0397 3.4235 -3.7805 -0.78943 0.0071793 0.015903 -0.84847 -1.799 -1.0557 -0.71177 -3.0906 0.1949 0.78943 -0.0071793 -0.015903 0.85975 -1.8305 -1.0575 0.73588 -3.0322 0.28104
2 23 96 -0.10099 4.1039 -2.5862 -0.060798 3.019 -1.941 -1.0423 2.955 -1.9412 -1.5649 1.7773 -2.9454 -1.1477 2.6923 -4.1143 0.91864 3.1072 -1.9581 1.5489 1.9971 -2.9775 1.0698 3.1161 -3.924 -0.78949 0.0087333 0.010978 -0.86101 -1.7366 -1.1565 -0.77038 -3.2567 -0.1911 0.78949 -0.0087333 -0.010978 0.86507 -1.7631 -1.1645 0.70318 -3.1727 -0.052021
2 24 96 -0.10618 4.033 -2.689 -0.068712 2.9834 -1.991 -1.0496 2.9117 -1.9829 -1.5604 1.6069 -2.8227 -1.1832 2.2487 -4.1731 0.9099 3.078 -2.018 1.5574 1.8462 -2.8736 1.0918 2.7799 -4.009 -0.78948 0.0055532 0.01373 -0.86987 -1.7317 -1.1652 -0.84095 -3.4377 -0.58251 0.78948 -0.0055532 -0.01373 0.87681 -1.7205 -1.2244 0.71367 -3.3434 -0.45622
2 25 96 -0.093101 3.978 -2.759 -0.067957 2.9526 -2.0299 -1.0486 2.8781 -2.0221 -1.5302 1.4593 -2.673 -1.2016 1.784 -4.1441 0.91045 3.0491 -2.0577 1.5723 1.7193 -2.7375 1.1429 2.4178 -4.0433 -0.78944 0.0047641 0.016335 -0.88861 -1.7369 -1.1546 -0.91896 -3.5258 -0.93199 0.78944 -0.0047641 -0.016335 0.89979 -1.6913 -1.2644 0.75629 -3.4333 -0.82188
2 26 96 -0.038695 3.9583 -2.7843 -0.038078 2.9347 -2.0539 -1.0191 2.8652 -2.0643 -1.464 1.3611 -2.5208 -1.1888 1.3517 -4.038 0.94116 3.0261 -2.0636 1.6104 1.6301 -2.5852 1.254 2.0591 -4.0228 -0.78932 0.013205 0.017099 -0.92657 -1.6912 -1.2037 -0.97308 -3.4908 -1.1017 0.78932 -0.013205 -0.017099 0.89881 -1.6333 -1.3504 0.82662 -3.406 -1.029
2 101 96 -0.20473 4.2178 -2.3837 -0.19881 3.1062 -1.7917 -1.1757 3.0898 -1.6789 -1.5104 1.6604 -0.96235 -1.9998 0.19852 -0.92934 0.77538 3.1474 -1.9206 1.275 1.6958 -1.3621 1.6344 0.1963 -1.3625 -0.78258 0.012243 0.10451 -0.87951 -1.6434 -1.1854 -0.91037 -3.2623 -0.39241 0.78258 -0.012243 -0.10451 0.6722 -1.7372 -1.2989 0.83956 -3.2338 -0.30731
2 102 96 -0.17491 4.2888 -2.2564 -0.1784 3.1597 -1.6978 -1.1555 3.14 -1.5867 -1.488 1.7848 -0.73718 -2.0306 0.35405 -0.54687 0.79596 3.205 -1.8239 1.2912 1.8128 -1.1272 1.671 0.32554 -0.98106 -0.78291 0.014239 0.10171 -0.87105 -1.7118 -1.0929 -0.90876 -3.3394 -0.31811 0.78291 -0.014239 -0.10171 0.69624 -1.7978 -1.2088 0.84938 -3.3114 -0.24107
2 103 96 -0.15785 4.3601 -2.118 -0.1625 3.212 -1.598 -1.1392 3.1948 -1.4833 -1.4696 1.9064 -0.53493 -2.059 0.5151 -0.22748 0.81162 3.2552 -1.7267 1.3051 1.9188 -0.92725 1.6697 0.43623 -0.711 -0.78287 0.013962 0.10206 -0.87271 -1.7748 -0.99642 -0.91 -3.4135 -0.24545 0.78287 -0.013961 -0.10206 0.70767 -1.8543 -1.1129 0.85383 -3.3844 -0.17037
3 50 180 0.065588 4.8254 -0.1197 -0.0064695 3.5728 -0.25157 -0.98664 3.5686 -0.33281 -1.4874 2.2555 0.50024 -1.8465 0.75606 0.48438 0.97302 3.6067 -0.16908 1.5072 2.1822 -0.76423 1.553 2.7296 -2.2051 -0.76492 -0.017625 -0.19515 -0.50331 -1.1829 -1.9237 -0.59273 -1.1329 -0.12363 0.76492 0.017625 0.19515 0.41361 -2.0023 0.65404 0.085162 -3.7304 1.0502
3 50 192 0.039269 4.8254 -0.13072 -0.058633 3.5728 -0.24473 -1.0343 3.5686 -0.12041 -1.3509 2.2555 0.79855 -1.7054 0.75606 0.85771 0.91661 3.6067 -0.36769 1.3153 2.1822 -1.0609 1.0606 2.7296 -2.4798 -0.78878 -0.017625 -0.031851 -0.89228 -1.1829 -1.7771 -0.60548 -1.1329 0.0023121 0.78878 0.017625 0.031851 0.54055 -2.0023 0.55375 0.30165 -3.7304 1.0095
3 51 180 0.062566 4.8275 -0.082042 -0.009831 3.5754 -0.22026 -0.99107 3.574 -0.2875 -1.5295 2.3129 0.60058 -1.9259 0.82369 0.65229 0.97082 3.6066 -0.15168 1.5852 2.3293 -0.96396 1.5771 3.0902 -2.3051 -0.76567 -0.020697 -0.19186 -0.29617 -1.0089 -1.9856 -0.49098 -1.3128 -0.21905 0.76567 0.020697 0.19186 0.39791 -1.984 0.70197 0.055339 -3.6989 1.1409
3 51 192 0.044142 4.8275 -0.093257 -0.055411 3.5754 -0.2134 -1.0292 3.574 -0.075158 -1.3712 2.3129 0.90546 -1.7482 0.82369 1.0384 0.91807 3.6066 -0.35021 1.3502 2.3293 -1.2725 1.0633 3.0902 -2.5826 -0.78883 -0.020697 -0.028479 -0.70252 -1.0089 -1.8806 -0.5258 -1.3128 -0.11218 0.78883 0.020697 0.028479 0.53517 -1.984 0.6039 0.29135 -3.6989 1.1045
3 52 180 0.061281 4.8268 -0.079863 -0.016561 3.5754 -0.2207 -0.9983 3.5783 -0.28026 -1.5617 2.3563 0.646 -1.9778 0.87472 0.74331 0.96473 3.6023 -0.15978 1.6144 2.4246 -1.0871 1.5933 3.2753 -2.373 -0.76472 -0.025131 -0.19514 -0.19183 -0.96682 -1.9838 -0.38255 -1.7389 -0.36564 0.76472 0.025131 0.19513 0.38756 -1.9661 0.74915 0.036902 -3.6696 1.2246
3 52 192 0.043338 4.8268 -0.090858 -0.062085 3.5754 -0.21243 -1.0348 3.5783 -0.066575 -1.3932 2.3563 0.95658 -1.78 0.87472 1.1383 0.91043 3.6023 -0.35687 1.3531 2.4246 -1.3989 1.0652 3.2753 -2.6524 -0.78858 -0.025131 -0.031878 -0.60009 -0.96682 -1.9006 -0.45021 -1.7389 -0.27811 0.78858 0.025131 0.031877 0.53485 -1.9661 0.6522 0.2907 -3.6696 1.1902
3 53 180 0.056606 4.8258 -0.084563 -0.030184 3.575 -0.22375 -1.0117 3.5832 -0.2856 -1.589 2.384 0.6617 -2.0039 0.90424 0.78767 0.95109 3.5966 -0.16061 1.5952 2.4616 -1.1433 1.5795 3.3503 -2.4033 -0.76615 -0.030184 -0.18868 -0.16335 -1.085 -1.9028 -0.26301 -2.2629 -0.5414 0.76615 0.030185 0.18868 0.38307 -1.9457 0.79147 0.027401 -3.6358 1.309
3 79 144 -0.30968 4.8064 0.26067 -0.18276 3.5825 -0.021629 -1.0385 3.5747 -0.50636 -1.838 2.2446 0.0038937 -2.0146 0.81816 -0.55437 0.67002 3.6197 0.467 1.4775 2.2238 0.2058 2.1316 2.7111 -1.1028 -0.61977 -0.05114 -0.48659 7.7418e-05 -1.5704 -1.7989 -0.81492 -1.7021 -0.19594 0.61977 0.051141 0.48659 0.38821 -2.0371 0.48058 0.16298 -3.8259 0.46764
3 79 156 -0.24871 4.8064 0.31936 -0.18326 3.5825 0.016841 -1.1211 3.5747 -0.27937 -1.7971 2.2446 0.38596 -2.0858 0.81816 -0.1234 0.75247 3.6197 0.31749 1.488 2.2238 -0.10589 1.8557 2.7111 -1.5219 -0.70739 -0.05114 -0.3471 -0.37393 -1.5704 -1.7596 -0.83785 -1.7021 -0.022229 0.70739 0.051141 0.3471 0.47964 -2.0371 0.38937 0.25665 -3.8259 0.42354
3 79 168 -0.17688 4.8064 0.36409 -0.17575 3.5825 0.054575 -1.1547 3.5747 -0.040176 -1.6775 2.2446 0.75115 -2.0659 0.81816 0.31297 0.80204 3.6197 0.15411 1.4335 2.2238 -0.41295 1.4988 2.7111 -1.8744 -0.7641 -0.05114 -0.19244 -0.73159 -1.5704 -1.6434 -0.82416 -1.7021 0.15246 0.7641 0.051141 0.19244 0.55012 -2.0371 0.28113 0.3391 -3.8259 0.36092
3 80 132 -0.37434 4.8039 0.25903 -0.18609 3.5814 0.0062872 -0.94016 3.5702 -0.62508 -1.9355 2.3536 -0.18027 -2.1741 0.91143 -0.67116 0.56417 3.622 0.64097 1.5514 2.3261 0.5192 2.3816 2.9908 -0.59732 -0.50849 -0.036558 -0.60299 0.6102 -1.318 -1.8361 -0.54578 -1.5119 -0.46609 0.50849 0.036558 0.60299 0.21315 -2.0436 0.61157 -0.063105 -3.8253 0.60365
3 80 144 -0.3123 4.8039 0.3312 -0.18072 3.5814 0.044841 -1.0496 3.5702 -0.41595 -1.9307 2.3536 0.22608 -2.2661 0.91143 -0.20448 0.6851 3.622 0.50967 1.6254 2.3261 0.1853 2.2053 2.9908 -1.0794 -0.62275 -0.036558 -0.48409 0.21511 -1.318 -1.9229 -0.63076 -1.5119 -0.34243 0.62275 0.036558 0.48409 0.33565 -2.0436 0.55388 0.06378 -3.8253 0.60358
3 80 156 -0.23662 4.8039 0.38889 -0.16745 3.5814 0.081435 -1.1131 3.5702 -0.18864 -1.8415 2.3536 0.62255 -2.2591 0.91143 0.27114 0.7761 3.622 0.35609 1.6284 2.3261 -0.15669 1.9327 2.9908 -1.5144 -0.70979 -0.036558 -0.34404 -0.18938 -1.318 -1.9256 -0.68817 -1.5119 -0.2038 0.70979 0.036558 0.34404 0.44347 -2.0436 0.472 0.18788 -3.8253 0.57713
3 80 168 -0.15059 4.8039 0.42959 -0.14686 3.5814 0.11447 -1.128 3.5702 0.046914 -1.6718 2.3536 0.99181 -2.1534 0.91143 0.7349 0.83318 3.622 0.18695 1.5603 2.3261 -0.49184 1.5756 2.9908 -1.8831 -0.76581 -0.036558 -0.18895 -0.58559 -1.318 -1.8441 -0.71551 -1.5119 -0.056268 0.76581 0.036558 0.18895 0.53192 -2.0436 0.36948 0.30376 -3.8253 0.52545
3 80 180 -0.057985 4.8039 0.45151 -0.11985 3.5814 0.1425 -1.0936 3.5702 0.28042 -1.4291 2.3536 1.3177 -1.9535 0.91143 1.1666 0.85384 3.622 0.0096387 1.4239 2.3261 -0.80549 1.1497 2.9908 -2.1695 -0.78836 -0.036558 -0.025599 -0.95621 -1.318 -1.6821 -0.71157 -1.5119 0.093724 0.78836 0.036558 0.025599 0.59711 -2.0436 0.25081 0.40637 -3.8253 0.45082
3 81 156 -0.23732 4.8029 0.4355 -0.16254 3.5771 0.14266 -1.1122 3.5638 -0.11284 -1.8712 2.4124 0.76283 -2.383 0.98124 0.50276 0.78514 3.6198 0.40237 1.7049 2.3889 -0.15237 1.9886 3.1072 -1.487 -0.71288 -0.027349 -0.33846 0.042453 -1.0624 -2.0035 -0.54912 -1.506 -0.35909 0.71288 0.027349 0.33846 0.40164 -2.0394 0.55282 0.10776 -3.8094 0.73109
3 81 168 -0.14159 4.8029 0.47533 -0.12933 3.5771 0.17334 -1.1114 3.5638 0.12087 -1.6717 2.4124 1.1352 -2.2264 0.98124 0.98724 0.85164 3.6198 0.23034 1.6359 2.3889 -0.50351 1.6359 3.1072 -1.8679 -0.76767 -0.027349 -0.18285 -0.37503 -1.0624 -1.9686 -0.61178 -1.506 -0.23707 0.76767 0.027349 0.18284 0.5078 -2.0394 0.45723 0.2574 -3.8094 0.69271
3 81 180 -0.039671 4.8029 0.49438 -0.090463 3.5771 0.19644 -1.062 3.5638 0.3493 -1.3992 2.4124 1.458 -1.9725 0.98124 1.4286 0.88091 3.6198 0.048237 1.4955 2.3889 -0.83263 1.2118 3.1072 -2.1673 -0.78891 -0.027349 -0.019242 -0.77613 -1.0624 -1.8476 -0.6477 -1.506 -0.1047 0.78891 0.027349 0.019241 0.59177 -2.0394 0.34166 0.3958 -3.8094 0.62406
3 81 192 0.063984 4.8029 0.49183 -0.047645 3.5771 0.21095 -0.96614 3.5638 0.56246 -1.0655 2.4124 1.717 -1.6324 0.98124 1.8075 0.87169 3.6198 -0.13597 1.2897 2.3889 -1.1254 0.73475 3.1072 -2.3719 -0.77567 -0.027349 0.1452 -1.1433 -1.0624 -1.6458 -0.65532 -1.506 0.032257 0.77567 0.027349 -0.1452 0.64987 -2.0394 0.21116 0.5169 -3.8094 0.52813
3 82 156 -0.23808 4.8023 0.45273 -0.165 3.5739 0.16851 -1.1169 3.561 -0.078582 -1.887 2.424 0.80612 -2.4464 1.009 0.55579 0.78497 3.6163 0.41976 1.7179 2.3955 -0.13519 2.0193 3.1025 -1.4719 -0.71518 -0.026285 -0.33366 0.21471 -0.89013 -2.008 -0.40781 -1.6697 -0.50609 0.71518 0.026285 0.33366 0.36674 -2.0245 0.62922 0.040908 -3.7803 0.87756
3 82 168 -0.13875 4.8023 0.49234 -0.12636 3.5739 0.19914 -1.1088 3.561 0.15535 -1.6782 2.424 1.1808 -2.2774 1.009 1.0523 0.85509 3.6163 0.24738 1.6522 2.3955 -0.4894 1.6692 3.1025 -1.8596 -0.76892 -0.026285 -0.17767 -0.20747 -0.89013 -2.0087 -0.50412 -1.6697 -0.41024 0.76892 0.026285 0.17767 0.48955 -2.0245 0.53922 0.22247 -3.7803 0.84988
3 82 180 -0.033355 4.8023 0.51043 -0.082198 3.5739 0.22106 -1.0523 3.561 0.3825 -1.396 2.424 1.504 -2.0088 1.009 1.5028 0.88783 3.6163 0.064193 1.5144 2.3955 -0.82223 1.2461 3.1025 -2.166 -0.78906 -0.026285 -0.013922 -0.62058 -0.89013 -1.9217 -0.5784 -1.6697 -0.29647 0.78906 0.026285 0.013922 0.59096 -2.0245 0.42566 0.39431 -3.7803 0.78505
3 82 192 0.073498 4.8023 0.50621 -0.034441 3.5739 0.23332 -0.94979 3.561 0.59293 -1.0528 2.424 1.7613 -1.6525 1.009 1.8876 0.88178 3.6163 -0.1218 1.3103 2.3955 -1.1191 0.76852 3.1025 -2.3777 -0.77471 -0.026285 0.15044 -1.0066 -0.89013 -1.7507 -0.6274 -1.6697 -0.16973 0.77471 0.026285 -0.15044 0.66655 -2.0245 0.29349 0.54891 -3.7803 0.68592
3 83 156 -0.23778 4.8043 0.43291 -0.17002 3.5755 0.14857 -1.1198 3.5683 -0.10671 -1.8848 2.3966 0.73633 -2.432 0.98377 0.44973 0.77798 3.6122 0.40804 1.687 2.3722 -0.14414 2.0275 3.0349 -1.4941 -0.71587 -0.031768 -0.33168 0.29525 -0.86592 -1.9737 -0.26149 -1.9573 -0.65087 0.71587 0.031769 0.33168 0.33282 -1.9996 0.70745 -0.022832 -3.7384 1.0253
3 83 168 -0.14258 4.8043 0.47288 -0.13541 3.5755 0.18067 -1.1175 3.5683 0.12845 -1.6905 2.3966 1.1121 -2.2853 0.98377 0.94553 0.84582 3.6122 0.23737 1.6202 2.3722 -0.49174 1.6726 3.0349 -1.883 -0.76919 -0.031768 -0.1756 -0.12155 -0.86592 -1.9919 -0.3911 -1.9573 -0.58228 0.76919 0.031769 0.1756 0.47263 -1.9996 0.6228 0.19084 -3.7384 1.0077
3 83 180 -0.041145 4.8043 0.49219 -0.094887 3.5755 0.20488 -1.0664 3.5683 0.35799 -1.4223 2.3966 1.4393 -2.0388 0.98377 1.4 0.87668 3.6122 0.056329 1.4825 2.3722 -0.81784 1.2445 3.0349 -2.1896 -0.78889 -0.031768 -0.011837 -0.53304 -0.86592 -1.9231 -0.50361 -1.9573 -0.48824 0.78889 0.031769 0.011837 0.59179 -1.9996 0.51092 0.39617 -3.7384 0.94595
3 84 144 -0.30739 4.8082 0.33077 -0.1857 3.579 0.064788 -1.052 3.5718 -0.40083 -1.9446 2.3475 0.21004 -2.3406 0.92373 -0.22995 0.67778 3.6156 0.53429 1.6328 2.3344 0.19499 2.287 2.9403 -1.063 -0.62713 -0.036224 -0.47843 0.69742 -0.96893 -1.8163 0.059437 -2.333 -0.82477 0.62713 0.036224 0.47843 0.12534 -1.9742 0.82561 -0.32995 -3.6952 1.1119
3 84 156 -0.2319 4.8082 0.38745 -0.16817 3.579 0.10198 -1.1124 3.5718 -0.17335 -1.8584 2.3475 0.60975 -2.3373 0.92373 0.26172 0.77405 3.6156 0.38169 1.6376 2.3344 -0.14875 2.016 2.9403 -1.5153 -0.7129 -0.036224 -0.33759 0.30455 -0.96893 -1.9216 -0.11334 -2.333 -0.8191 0.7129 0.036224 0.33759 0.29425 -1.9742 0.78151 -0.091561 -3.6952 1.1562
3 84 168 -0.14628 4.8082 0.4272 -0.14329 3.579 0.13472 -1.1241 3.5718 0.061717 -1.691 2.3475 0.98281 -2.2318 0.92373 0.74195 0.83649 3.6156 0.21242 1.5709 2.3344 -0.48598 1.6569 2.9403 -1.9013 -0.76751 -0.036224 -0.18199 -0.10163 -0.96893 -1.9429 -0.28116 -2.333 -0.77764 0.76751 0.036224 0.18199 0.4503 -1.9742 0.70325 0.15083 -3.6952 1.15
4 26 132 -0.0276 4.5918 -1.4902 0.16126 3.4013 -1.1024 -0.77614 3.3882 -0.80492 -1.324 2.0432 -0.056909 -1.9451 1.2386 -1.2164 1.0947 3.4421 -1.4097 1.6662 2.0479 -0.77859 1.1473 1.5138 -2.1288 -0.75496 0.13716 0.18633 -1.0933 -1.6314 -0.89622 -1.3026 -3.1791 0.0048938 0.75496 -0.13716 -0.18633 0.35734 -2.0767 -0.88953 0.77602 -2.2966 0.85036
4 48 216 0.012428 4.6852 -1.1591 0.16365 3.4461 -0.95872 -0.71536 3.4734 -0.51831 -1.5756 2.2613 0.15955 -1.7702 2.2409 -1.37 1.0397 3.4477 -1.4059 1.6689 2.073 -0.78705 1.1337 1.3623 -2.0465 -0.71132 0.15322 0.30667 -1.2754 -1.6938 -0.52073 -1.2634 -3.2328 0.41864 0.71132 -0.15322 -0.30667 0.15861 -2.0845 -0.92234 0.65353 -2.4167 0.7793
5 24 96 -0.36511 4.7368 -0.96506 -0.18427 3.5112 -0.70083 -1.1479 3.4195 -0.52643 -1.432 1.8993 -0.00022455 -2.1182 0.52789 -0.16203 0.77497 3.6317 -0.88163 1.3416 2.1215 -0.62275 1.7597 0.70627 -1.0697 -0.78578 -0.012163 0.076774 -0.8753 -1.8294 -0.97393 -1.024 -3.6004 -0.66998 0.78578 0.012163 -0.076774 0.83997 -2.086 -0.17131 0.95111 -3.0523 1.3469
5 25 96 -0.35105 4.7297 -1.0035 -0.16687 3.5093 -0.71895 -1.1382 3.4084 -0.60156 -1.5049 1.8817 -0.1502 -2.1798 0.52154 -0.41854 0.80012 3.6389 -0.84343 1.3789 2.1445 -0.5265 1.8504 0.73233 -0.92805 -0.78833 -0.013777 0.04294 -0.82776 -1.8616 -0.95623 -0.97263 -3.6174 -0.57275 0.78833 0.013777 -0.04294 0.85374 -2.0687 -0.31405 0.86661 -2.9888 1.2365
5 26 96 -0.33736 4.7244 -1.0334 -0.1525 3.5087 -0.73055 -1.1283 3.4003 -0.6724 -1.5707 1.8655 -0.32969 -2.2385 0.52193 -0.68545 0.81925 3.6455 -0.79637 1.3909 2.1593 -0.43169 1.8905 0.75335 -0.82076 -0.78937 -0.018206 0.0073811 -0.78034 -1.8904 -0.94616 -0.92773 -3.6245 -0.47506 0.78937 0.018206 -0.0073811 0.86575 -2.0298 -0.47005 0.78588 -3.0053 1.0442
5 27 96 -0.30781 4.7207 -1.0574 -0.12947 3.5081 -0.73837 -1.1065 3.3954 -0.7434 -1.6046 1.8551 -0.5236 -2.2696 0.53711 -0.96888 0.84388 3.6493 -0.7413 1.3905 2.1623 -0.34286 1.9022 0.76386 -0.74293 -0.78876 -0.020438 -0.030755 -0.73003 -1.9141 -0.93893 -0.88637 -3.619 -0.37322 0.78875 0.020438 0.030754 0.88209 -1.9738 -0.624 0.71116 -3.082 0.78794
5 29 108 -0.42953 4.7211 -1.0053 -0.21249 3.5099 -0.70593 -1.1859 3.3961 -0.62306 -1.7324 1.8626 -0.48627 -2.4896 0.6393 -1.041 0.75649 3.6523 -0.7962 1.2886 2.142 -0.47285 1.7165 0.75603 -0.99594 -0.78774 -0.020052 0.05063 -0.80532 -1.977 -0.71377 -0.84007 -3.6107 0.048319 0.78774 0.020053 -0.05063 0.73215 -1.8528 -1.0011 0.62869 -3.3107 0.054761
5 60 180 -0.39474 4.7636 -0.78045 -0.18527 3.5421 -0.52636 -1.151 3.4808 -0.35022 -1.4908 1.9896 0.22374 -2.2649 0.65598 0.22326 0.77711 3.6326 -0.708 1.2497 2.0723 -0.60344 1.5393 0.69054 -1.2235 -0.7809 -0.018205 0.11562 -0.90615 -1.8085 -0.97687 -1.1637 -3.574 -0.71687 0.7809 0.018205 -0.11562 0.76298 -2.0823 -0.15665 1.0141 -3.1307 1.2886
5 61 180 -0.33638 4.7519 -0.85571 -0.12842 3.5362 -0.57416 -1.1055 3.4556 -0.49521 -1.5105 1.9635 0.032371 -2.2698 0.62314 -0.036583 0.84529 3.6459 -0.65913 1.3321 2.0944 -0.50273 1.6639 0.72904 -1.1379 -0.78803 -0.0079603 0.049373 -0.84547 -1.8492 -0.9609 -1.0842 -3.6091 -0.6495 0.78803 0.0079603 -0.049373 0.82014 -2.0857 -0.22253 0.9064 -3.0277 1.3124
5 62 180 -0.31047 4.738 -0.92996 -0.1056 3.5305 -0.61338 -1.0842 3.4318 -0.61696 -1.5568 1.936 -0.1608 -2.2962 0.5934 -0.32905 0.86964 3.658 -0.61646 1.3557 2.1126 -0.40573 1.7315 0.77085 -1.066 -0.78937 -0.01193 -0.016027 -0.78902 -1.8911 -0.9557 -1.0182 -3.6401 -0.58219 0.78937 0.01193 0.016027 0.8505 -2.0656 -0.291 0.73735 -2.9591 1.271
5 63 180 -0.26977 4.7311 -0.97788 -0.083396 3.5281 -0.63558 -1.0572 3.4281 -0.73124 -1.5853 1.9243 -0.37279 -2.2946 0.58629 -0.66287 0.88764 3.657 -0.547 1.3654 2.1161 -0.29023 1.7809 0.80167 -0.9812 -0.78557 -0.018999 -0.077609 -0.71929 -1.9236 -0.96204 -0.95439 -3.6543 -0.51418 0.78557 0.018999 0.077609 0.88932 -2.028 -0.38404 0.60388 -2.9825 1.1187
5 64 192 -0.41634 4.7273 -0.94541 -0.18422 3.5254 -0.62811 -1.1619 3.4214 -0.60246 -1.6651 1.9085 -0.24648 -2.4169 0.59035 -0.52013 0.78978 3.6582 -0.66054 1.2969 2.1174 -0.46734 1.6128 0.82733 -1.2507 -0.78888 -0.021123 0.026742 -0.83523 -1.9462 -0.8137 -0.96902 -3.6525 -0.24686 0.78888 0.021123 -0.026742 0.81946 -1.9807 -0.66408 0.69019 -3.0641 0.77128
5 65 192 -0.36425 4.723 -0.98359 -0.14896 3.5224 -0.65015 -1.1249 3.4126 -0.70344 -1.6806 1.8955 -0.46219 -2.4194 0.61154 -0.89041 0.82368 3.6609 -0.60391 1.3063 2.1162 -0.38128 1.6752 0.83508 -1.1562 -0.78867 -0.021919 -0.031815 -0.76405 -1.968 -0.82323 -0.90202 -3.6488 -0.18541 0.78867 0.021919 0.031815 0.85511 -1.9307 -0.74095 0.58868 -3.1636 0.54739
6 0 228 -0.32522 4.7141 -1.0059 -0.16011 3.4745 -0.80608 -1.1357 3.3527 -0.83495 -1.4291 1.8042 -0.40513 -1.9426 0.43396 -0.89128 0.81152 3.6253 -0.78258 1.4674 2.1336 -0.66665 2.1137 0.85687 -1.2411 -0.78946 -0.011706 0.01079 -0.72589 -1.9894 -0.69559 -1.1022 -3.7184 -0.34927 0.78946 0.011706 -0.01079 0.61354 -1.9967 -0.60199 0.88918 -3.6925 -0.054901
6 1 228 -0.24929 4.7103 -1.0514 -0.10866 3.4704 -0.83693 -1.0794 3.3443 -0.93206 -1.407 1.8001 -0.51134 -1.8576 0.42141 -1.0346 0.85847 3.6256 -0.74778 1.5189 2.1452 -0.54478 2.2417 0.88014 -1.0495 -0.78839 -0.012639 -0.042259 -0.68298 -1.9976 -0.72281 -1.0405 -3.7244 -0.34682 0.78839 0.012639 0.042258 0.66182 -1.9926 -0.57214 0.94513 -3.6856 -0.02062
6 1 240 -0.46244 4.7103 -0.9766 -0.2803 3.4704 -0.79605 -1.2496 3.3443 -0.68727 -1.4825 1.8001 -0.20764 -2.0321 0.42141 -0.62577 0.68424 3.6256 -0.90993 1.3725 2.1452 -0.84868 1.9746 0.88014 -1.4926 -0.77994 -0.012639 0.12258 -0.81833 -1.9976 -0.56502 -1.0899 -3.7244 -0.12291 0.77994 0.012639 -0.12258 0.5284 -1.9926 -0.69724 0.92019 -3.6856 -0.21667
6 2 240 -0.38601 4.7097 -1.0176 -0.22246 3.47 -0.82078 -1.1969 3.3431 -0.77868 -1.473 1.8008 -0.31617 -1.9775 0.424 -0.79325 0.74748 3.6259 -0.86859 1.4343 2.1509 -0.72279 2.098 0.89194 -1.3164 -0.78651 -0.011961 0.069004 -0.78642 -2.0096 -0.58207 -1.0271 -3.7348 -0.11689 0.78651 0.011961 -0.069004 0.60687 -1.9937 -0.66851 0.95604 -3.6823 -0.14179
6 3 240 -0.32206 4.7089 -1.043 -0.17037 3.4697 -0.83449 -1.145 3.3383 -0.84577 -1.4727 1.7971 -0.41411 -1.9514 0.43061 -0.94434 0.8 3.6301 -0.82924 1.4632 2.1534 -0.60934 2.1638 0.88754 -1.1427 -0.78937 -0.013711 0.014604 -0.73606 -2.0204 -0.60573 -0.95856 -3.7428 -0.12146 0.78936 0.013711 -0.014604 0.67914 -2.0012 -0.59979 0.94692 -3.6837 -0.0095641
6 4 240 -0.26318 4.714 -1.0387 -0.12509 3.4741 -0.82563 -1.0976 3.3416 -0.88852 -1.4694 1.7993 -0.49902 -1.9405 0.45226 -1.0832 0.84346 3.6355 -0.7689 1.4708 2.1512 -0.50069 2.1873 0.86698 -0.96451 -0.78852 -0.016288 -0.038402 -0.68594 -2.0315 -0.62389 -0.89556 -3.7495 -0.11843 0.78852 0.016289 0.038402 0.74579 -2.0114 -0.51033 0.88523 -3.6867 0.14133
6 4 252 -0.47339 4.714 -0.96129 -0.29401 3.4741 -0.78158 -1.2584 3.3416 -0.64089 -1.541 1.7993 -0.18261 -2.1233 0.45226 -0.65605 0.66517 3.6355 -0.92747 1.3346 2.1512 -0.79555 1.9389 0.86698 -1.3982 -0.77927 -0.016288 0.12638 -0.80067 -2.0315 -0.46764 -0.90061 -3.7495 0.070359 0.77927 0.016289 -0.12638 0.62339 -2.0114 -0.65424 0.89527 -3.6867 -0.045805
6 5 252 -0.41486 4.7177 -0.96847 -0.2538 3.4757 -0.78661 -1.2255 3.3491 -0.70248 -1.5541 1.8051 -0.28195 -2.1513 0.48342 -0.80545 0.71324 3.6312 -0.87617 1.3465 2.135 -0.70551 1.9585 0.83068 -1.2548 -0.78598 -0.020075 0.073034 -0.74893 -2.0392 -0.50676 -0.841 -3.7483 0.060251 0.78598 0.020075 -0.073034 0.69276 -2.0202 -0.56573 0.82909 -3.6909 0.098551
