0 95 156 -0.1749 4.8169 -0.24625 -0.087811 3.5752 -0.090162 -0.45941 3.5982 0.82019 -1.0972 4.2965 2.1522 -1.2332 5.8252 2.0035 0.28455 3.582 -1.0005 0.45013 4.1301 -2.5305 -0.018395 5.5803 -2.7653 -0.28062 0.010769 0.73799 -0.68423 -2.0434 0.55968 -0.14584 -3.7487 0.78984 0.28062 -0.01077 -0.73799 0.017484 -2.0753 -1.0259 0.76186 -3.7164 -0.96733
0 100 144 -0.12226 4.8437 -0.061346 -0.13392 3.5796 -0.051378 -0.73471 3.544 0.72653 -2.286 3.8759 0.33642 -2.7288 4.8274 -0.79329 0.46518 3.6451 -0.82866 -0.35759 3.8713 -2.2217 -1.7418 4.5464 -2.2971 -0.45297 0.00036192 0.64678 -0.84414 -2.0435 0.35727 -0.42254 -3.7572 0.7268 0.45297 -0.0003624 -0.64678 0.19884 -2.0535 -1.0132 0.82953 -3.7307 -0.8132
0 101 144 -0.15855 4.8428 -0.072037 -0.1694 3.5795 -0.064968 -0.77677 3.5415 0.7077 -2.3085 3.5686 0.14031 -2.7934 4.3776 -1.0796 0.4358 3.6473 -0.8373 -0.48078 3.609 -2.189 -1.9301 4.1247 -2.2943 -0.4624 -0.001101 0.64006 -0.85992 -2.0428 0.34387 -0.44174 -3.7554 0.72221 0.4624 0.001101 -0.64006 0.19272 -2.0471 -1.0226 0.8082 -3.7294 -0.81754
0 102 144 -0.21692 4.8399 -0.09063 -0.21135 3.5776 -0.091035 -0.81928 3.5233 0.68022 -2.2815 3.2242 0.016071 -2.8318 3.887 -1.2629 0.39364 3.6615 -0.86195 -0.55562 3.3524 -2.155 -2.0512 3.6893 -2.3201 -0.46662 -0.00029087 0.637 -0.87078 -2.0402 0.33752 -0.45634 -3.7529 0.71928 0.46662 0.00029135 -0.637 0.18297 -2.0436 -1.0324 0.79219 -3.7274 -0.82124
1 0 300 -1.3678 4.1169 -2.1431 -1.1233 2.9854 -1.6409 -1.9497 2.9629 -1.1082 -1.6542 1.4612 -0.53706 -2.1175 0.052876 -0.96097 -0.30544 3.034 -2.1852 0.2002 1.5211 -1.8327 -0.012524 0.1268 -2.4558 -0.64809 0.00082231 0.45109 -1.1645 -1.4953 -0.93071 -0.84952 -3.0285 -0.03587 0.64809 -0.00082231 -0.45109 -0.093757 -1.6161 -1.5713 0.63825 -2.9968 -0.67204
1 1 300 -1.3482 4.1439 -2.1017 -1.1131 3.0054 -1.6107 -1.936 2.9876 -1.0724 -1.6614 1.4877 -0.48626 -2.2058 0.078567 -0.7956 -0.29854 3.0496 -2.1602 0.2219 1.5358 -1.8342 0.14863 0.14445 -2.4948 -0.64871 -0.0035107 0.45018 -1.2055 -1.4418 -0.97657 -0.8486 -2.9327 -0.027398 0.64871 0.0035105 -0.45018 -0.11369 -1.5634 -1.624 0.63622 -2.8877 -0.65714
1 2 300 -1.2852 4.2132 -1.9996 -1.071 3.0594 -1.5357 -1.894 3.0432 -0.99736 -1.7169 1.5452 -0.37003 -2.4258 0.18226 -0.5018 -0.25602 3.1023 -2.0846 0.32938 1.5975 -1.8365 0.49126 0.26607 -2.5973 -0.64887 -0.0068364 0.44992 -1.2397 -1.4051 -1.0027 -0.84087 -2.8549 -0.0077163 0.64887 0.0068364 -0.44992 -0.11859 -1.5288 -1.6612 0.64581 -2.7993 -0.63535
1 3 312 -1.5495 4.3038 -1.5714 -1.2793 3.1285 -1.1976 -1.9729 3.1177 -0.50037 -1.8374 1.6404 0.18373 -2.7185 0.41276 0.4906 -0.59444 3.1666 -1.9025 0.13701 1.7059 -1.9136 0.4355 0.54603 -2.8848 -0.54068 -0.0068836 0.57542 -1.4403 -1.398 -0.71681 -0.81315 -2.8206 0.19628 0.54068 0.0068839 -0.57542 -0.45734 -1.5111 -1.6309 0.51681 -2.7455 -0.74885
1 4 312 -1.418 4.3948 -1.4359 -1.1736 3.2007 -1.1016 -1.8682 3.1954 -0.40527 -1.9324 1.783 0.41309 -2.961 0.8218 1.0423 -0.48691 3.234 -1.8049 0.3935 1.8699 -1.9866 0.98837 0.99632 -3.1094 -0.53894 -0.0071657 0.57706 -1.4264 -1.4546 -0.66053 -0.78529 -2.8802 0.2381 0.53894 0.0071654 -0.57706 -0.40517 -1.5559 -1.6162 0.55326 -2.7964 -0.72554
1 5 324 -1.4944 4.4907 -0.98913 -1.2296 3.2782 -0.74642 -1.7694 3.2754 0.075756 -1.8177 1.9965 1.0911 -2.7324 1.3785 2.1677 -0.69745 3.3095 -1.573 0.25071 2.0981 -2.1229 0.78889 1.5668 -3.4666 -0.40812 -0.0083079 0.67592 -1.4629 -1.5763 -0.24222 -0.68418 -3.0438 0.45856 0.40812 0.0083082 -0.67592 -0.60416 -1.6618 -1.4508 0.44909 -2.9707 -0.79632
1 26 336 -0.83906 4.7337 -0.50617 -0.72669 3.4856 -0.34043 -1.0979 3.5171 0.56983 -1.4063 3.4149 2.1708 -1.8369 4.1857 3.435 -0.3585 3.4836 -1.2525 0.48676 2.9972 -2.563 0.73597 3.492 -4.002 -0.22491 0.017431 0.75671 -1.2894 -1.7704 1.0478 -0.63902 -3.2944 1.7586 0.22491 -0.017431 -0.75671 -0.10258 -1.8828 -1.6663 1.0555 -3.2613 -1.7635
1 27 336 -0.90243 4.723 -0.53454 -0.77514 3.4787 -0.35589 -1.1455 3.5066 0.55484 -1.4455 3.4883 2.1606 -1.8669 4.2803 3.4147 -0.40874 3.4802 -1.2686 0.44951 3.0871 -2.6019 0.66715 3.6559 -4.0186 -0.22948 0.01708 0.75535 -1.3981 -1.7067 1.0336 -0.71503 -3.2105 1.7568 0.22948 -0.01708 -0.75535 -0.18181 -1.813 -1.7653 0.99808 -3.1757 -1.8047
1 28 336 -0.9592 4.7097 -0.55965 -0.81675 3.4666 -0.38171 -1.1882 3.4941 0.5286 -1.4857 3.4581 2.1345 -1.9417 4.2513 3.3757 -0.44993 3.4684 -1.2943 0.40973 3.0686 -2.6246 0.58129 3.6634 -4.0369 -0.23149 0.023125 0.75457 -1.4046 -1.6962 1.0407 -0.74393 -3.2088 1.7663 0.23149 -0.023125 -0.75457 -0.18869 -1.7975 -1.7983 0.97488 -3.1744 -1.8327
1 29 336 -0.92905 4.723 -0.51719 -0.7853 3.477 -0.3554 -1.1494 3.5047 0.55784 -1.46 3.2867 2.1468 -2.0188 3.9784 3.4065 -0.42562 3.4787 -1.2708 0.41198 2.9165 -2.5558 0.5318 3.4099 -4.0117 -0.22585 0.019869 0.75637 -1.236 -1.7982 1.054 -0.67497 -3.3454 1.7903 0.22585 -0.019869 -0.75637 -0.083695 -1.8871 -1.6685 1.0148 -3.3118 -1.7884
2 0 144 -2.3487 3.8359 -1.7492 -1.6521 2.9528 -1.1716 -2.2523 2.9191 -0.39314 -1.376 2.625 0.95383 -1.3073 1.6837 2.1732 -1.07 3.0067 -1.9625 0.54526 2.8813 -1.7525 1.8529 2.3106 -2.3374 -0.43765 0.012938 0.65711 -1.1498 -1.8841 0.10162 -0.53405 -3.5499 0.41246 0.43765 -0.012938 -0.65711 -0.2199 -1.9294 -1.2131 0.50055 -3.4966 -0.68813
2 1 144 -2.5562 3.6134 -1.924 -1.8159 2.7952 -1.3065 -2.4187 2.7601 -0.53016 -1.4527 2.665 0.78379 -1.2171 1.8565 2.0755 -1.2321 2.849 -2.0962 0.37316 2.8947 -1.7965 1.7699 2.4268 -2.2525 -0.44194 0.014499 0.6542 -1.2005 -1.8475 0.044483 -0.55489 -3.4955 0.3886 0.44194 -0.014499 -0.6542 -0.26685 -1.8983 -1.2568 0.4788 -3.4444 -0.70501
2 21 120 -1.0204 4.2995 -2.001 -0.77735 3.1481 -1.5384 -1.6676 3.1048 -1.1225 -2.6772 2.2395 -2.0715 -2.5214 3.5055 -2.9378 0.10554 3.2178 -1.9662 0.11865 2.343 -3.3459 -0.53078 3.6947 -3.7048 -0.71079 0.0051913 0.34386 -1.1075 -1.8959 -0.45791 -0.40257 -3.0148 0.76766 0.71079 -0.0051918 -0.34386 0.41389 -1.9139 -1.1703 0.96662 -2.9735 0.17975
2 22 120 -1.0882 4.1982 -2.1747 -0.81531 3.0773 -1.6584 -1.7118 3.0238 -1.2574 -2.6548 1.991 -2.1015 -2.6285 3.1163 -3.1554 0.073146 3.1561 -2.0729 0.15346 2.1691 -3.3722 -0.58784 3.4235 -3.8766 -0.71471 0.0071793 0.33562 -1.2045 -1.799 -0.61935 -0.57096 -3.0906 0.46756 0.71471 -0.0071793 -0.33562 0.35531 -1.8305 -1.3157 0.78657 -3.0322 -0.042568
2 23 120 -1.1442 4.1039 -2.3215 -0.84502 3.019 -1.7485 -1.7417 2.955 -1.3494 -2.6276 1.7773 -2.0543 -2.7219 2.6923 -3.2918 0.042803 3.1072 -2.1624 0.20398 1.9971 -3.3501 -0.61867 3.1161 -4.0199 -0.71677 0.0087333 0.33115 -1.257 -1.7366 -0.70631 -0.7815 -3.2567 0.13876 0.71677 -0.0087333 -0.33115 0.31662 -1.7631 -1.4157 0.62123 -3.1727 -0.33353
2 24 120 -1.1907 4.033 -2.4133 -0.8726 2.9834 -1.791 -1.7654 2.9117 -1.3845 -2.5736 1.6069 -1.944 -2.7783 2.2487 -3.3311 0.010458 3.078 -2.2136 0.25399 1.8462 -3.2586 -0.63317 2.7799 -4.1065 -0.71564 0.0055532 0.33365 -1.2686 -1.7317 -0.71065 -1.0052 -3.4377 -0.1901 0.71564 -0.0055532 -0.33365 0.30299 -1.7205 -1.4752 0.46641 -3.3434 -0.70706
2 25 120 -1.2073 3.978 -2.4826 -0.88772 2.9526 -1.8268 -1.7804 2.8781 -1.4207 -2.4851 1.4593 -1.8195 -2.7833 1.784 -3.2971 -0.0051926 3.0491 -2.2501 0.32295 1.7193 -3.1403 -0.60052 2.4178 -4.1586 -0.71454 0.0047641 0.33602 -1.2814 -1.7369 -0.69338 -1.2186 -3.5258 -0.47764 0.71454 -0.0047641 -0.33602 0.30771 -1.6913 -1.5211 0.35662 -3.4333 -1.0584
2 26 120 -1.1678 3.9583 -2.5278 -0.87019 2.9347 -1.8609 -1.7706 2.8652 -1.4714 -2.3627 1.3611 -1.7074 -2.7284 1.3517 -3.2053 0.020442 3.0261 -2.268 0.41969 1.6301 -3.0167 -0.49065 2.0591 -4.185 -0.71413 0.013205 0.33667 -1.336 -1.6912 -0.72274 -1.3371 -3.4908 -0.61067 0.71413 -0.013205 -0.33667 0.27185 -1.6333 -1.5992 0.33663 -3.406 -1.2762
2 27 120 -1.1051 3.9942 -2.4981 -0.84161 2.9566 -1.8407 -1.7471 2.8981 -1.4611 -2.2397 1.345 -1.5783 -2.6587 1.0271 -3.0278 0.054569 3.0374 -2.2378 0.48635 1.6004 -2.884 -0.36728 1.7379 -4.1607 -0.70949 0.021982 0.3459 -1.4598 -1.5226 -0.86473 -1.2942 -3.2933 -0.56779 0.70949 -0.021982 -0.3459 0.23094 -1.5044 -1.7558 0.36194 -3.2435 -1.2984
2 28 120 -1.1345 3.9353 -2.5823 -0.88258 2.9024 -1.9134 -1.7857 2.8594 -1.5264 -2.1986 1.2795 -1.5747 -2.6678 0.69544 -2.9225 0.011431 2.9675 -2.3182 0.45783 1.4921 -2.8591 -0.28443 1.322 -4.2 -0.70044 0.030093 0.36329 -1.5632 -1.2398 -1.071 -1.1685 -2.8962 -0.47794 0.70044 -0.030093 -0.36329 0.14382 -1.277 -1.9601 0.3755 -2.8766 -1.1611
2 97 120 -1.3485 3.9266 -2.5032 -1.0415 2.8966 -1.8452 -1.9087 2.8733 -1.3817 -2.1943 1.2739 -1.2105 -2.736 0.06559 -2.0005 -0.18438 2.9425 -2.3254 0.27731 1.3999 -2.6006 -0.2871 0.37206 -3.602 -0.6787 0.011292 0.40341 -1.4281 -1.35 -1.0107 -1.0923 -2.9417 -0.23326 0.6787 -0.011292 -0.40341 -0.086347 -1.4595 -1.7194 0.52511 -2.9092 -0.83893
2 98 120 -1.3225 3.9942 -2.4096 -1.0241 2.9438 -1.7811 -1.8852 2.9189 -1.3065 -2.1053 1.3314 -0.98985 -2.623 -0.032613 -1.4889 -0.17295 2.9919 -2.2716 0.33007 1.4453 -2.4254 -0.011404 0.15779 -3.2023 -0.67534 0.011407 0.40901 -1.3937 -1.4308 -0.93944 -1.0709 -3.0336 -0.17926 0.67534 -0.011407 -0.40901 -0.051058 -1.5383 -1.6561 0.55286 -2.9982 -0.78733
2 99 120 -1.2753 4.0694 -2.3072 -0.99124 2.9963 -1.7122 -1.847 2.9739 -1.2279 -1.9947 1.4199 -0.74623 -2.4829 -0.026196 -0.96536 -0.14522 3.0423 -2.2117 0.41201 1.5066 -2.2191 0.33376 0.065957 -2.7632 -0.67385 0.013191 0.41141 -1.3604 -1.5038 -0.86991 -1.0467 -3.112 -0.1175 0.67385 -0.013191 -0.41141 -0.012333 -1.6073 -1.5955 0.57997 -3.078 -0.73693
2 100 132 -1.6498 4.143 -1.9029 -1.2749 3.0502 -1.4024 -2.0049 3.0311 -0.74354 -1.9475 1.5322 -0.096441 -2.3897 0.060079 0.025891 -0.55712 3.0935 -2.0734 0.083809 1.591 -2.0522 0.17107 0.09228 -2.4041 -0.57192 0.013217 0.54427 -1.4624 -1.5747 -0.50448 -1.0079 -3.1874 0.16162 0.57192 -0.013217 -0.54427 -0.28567 -1.6745 -1.5029 0.45586 -3.1553 -0.79011
2 101 132 -1.5667 4.2178 -1.8081 -1.214 3.1062 -1.3327 -1.938 3.0898 -0.6672 -1.7876 1.6604 0.10924 -2.1641 0.19852 0.42359 -0.50161 3.1474 -2.0095 0.23088 1.6958 -1.8514 0.52145 0.1963 -2.063 -0.57169 0.012243 0.54454 -1.4083 -1.6434 -0.44206 -0.96716 -3.2623 0.21763 0.57169 -0.012243 -0.54454 -0.21963 -1.7372 -1.4459 0.49859 -3.2338 -0.7421
2 102 132 -1.4678 4.2888 -1.7227 -1.1422 3.1597 -1.2686 -1.8674 3.14 -0.60451 -1.6371 1.7848 0.27823 -1.9642 0.35405 0.7511 -0.42812 3.205 -1.9434 0.38201 1.8128 -1.6709 0.77523 0.32554 -1.7759 -0.5736 0.014239 0.54247 -1.3471 -1.7118 -0.37222 -0.92218 -3.3394 0.2768 0.5736 -0.014239 -0.54247 -0.14723 -1.7978 -1.3872 0.54547 -3.3114 -0.69428
