0 93 216 -0.40058 4.7941 0.031657 -0.18979 3.565 0.027376 0.41723 3.6044 0.80025 1.7393 3.7232 1.7524 2.2719 5.1654 1.872 -0.7961 3.5553 -0.74699 -1.7255 3.6664 -2.0859 -2.1609 5.0988 -2.4549 0.48703 0.015961 0.62133 0.14954 -2.0447 0.8541 0.62492 -3.7453 0.48981 -0.48703 -0.015962 -0.62133 -0.8654 -2.0812 -0.54441 -0.43621 -3.7119 -1.1827
0 94 216 -0.35779 4.8044 0.025135 -0.14835 3.572 0.020952 0.45471 3.6063 0.79716 1.5744 4.0482 1.9015 1.7338 5.5803 1.9721 -0.75104 3.5675 -0.7563 -1.8557 3.9309 -1.9036 -2.2956 5.4085 -1.9306 0.493 0.013351 0.61666 0.1463 -2.0444 0.86113 0.62043 -3.7466 0.50239 -0.493 -0.013351 -0.61666 -0.87168 -2.0785 -0.53969 -0.446 -3.715 -1.1655
0 95 216 -0.30071 4.8169 0.028343 -0.12199 3.5752 0.030966 0.4806 3.5982 0.80796 1.3153 4.2965 2.0263 1.1185 5.8252 2.0697 -0.72416 3.582 -0.74666 -1.9664 4.1301 -1.6551 -2.404 5.5803 -1.3667 0.49881 0.010769 0.61202 0.14258 -2.0434 0.8724 0.6111 -3.7487 0.52122 -0.49881 -0.01077 -0.61202 -0.87972 -2.0753 -0.5281 -0.4568 -3.7164 -1.1435
0 96 216 -0.24064 4.8279 0.034834 -0.11271 3.5755 0.044526 0.48796 3.583 0.82331 0.98246 4.4369 2.1252 0.47153 5.8913 2.1652 -0.71266 3.5979 -0.73453 -2.0765 4.2401 -1.3641 -2.5247 5.601 -0.7944 0.50177 0.010407 0.6096 0.13583 -2.0406 0.88125 0.59673 -3.751 0.54485 -0.50177 -0.010407 -0.6096 -0.8889 -2.0732 -0.51385 -0.47105 -3.719 -1.1204
0 96 228 -0.22814 4.8279 0.084104 -0.10099 3.5755 0.066987 0.64847 3.583 0.70386 1.4028 4.4369 1.8745 0.9114 5.8913 2.0198 -0.8498 3.5979 -0.57031 -2.3147 4.2401 -0.90256 -2.6347 5.601 -0.25212 0.61755 0.010407 0.49196 0.31609 -2.0406 0.83375 0.69697 -3.751 0.40887 -0.61755 -0.010407 -0.49196 -0.97631 -2.0732 -0.31781 -0.69369 -3.719 -0.99794
0 97 228 -0.16991 4.834 0.082786 -0.088464 3.5752 0.077102 0.66109 3.566 0.71385 1.06 4.4478 2.0299 0.32736 5.7892 2.2337 -0.83688 3.6141 -0.55986 -2.3347 4.2658 -0.58305 -2.6194 5.4861 0.31554 0.61592 0.0091467 0.49402 0.30924 -2.0395 0.84533 0.69184 -3.7526 0.43335 -0.61592 -0.0091467 -0.49402 -0.97771 -2.0706 -0.31002 -0.70317 -3.7235 -0.97598
0 98 228 -0.11766 4.839 0.081708 -0.073768 3.576 0.088215 0.66863 3.5582 0.73312 0.70672 4.35 2.1616 -0.20931 5.5639 2.4164 -0.81491 3.6235 -0.55662 -2.3144 4.2146 -0.29025 -2.5703 5.2522 0.82128 0.6118 0.0064335 0.49916 0.30211 -2.0407 0.85641 0.68856 -3.7559 0.45675 -0.6118 -0.006433 -0.49916 -0.97809 -2.0662 -0.30555 -0.7092 -3.727 -0.95384
0 98 240 -0.098103 4.839 0.10439 -0.053815 3.576 0.10162 0.80644 3.5582 0.57808 1.1407 4.35 1.9674 0.29766 5.5639 2.4071 -0.91283 3.6235 -0.37503 -2.3241 4.2146 0.19727 -2.3433 5.2522 1.3377 0.70221 0.0064335 0.36105 0.47356 -2.0407 0.77488 0.76847 -3.7559 0.30361 -0.70221 -0.006433 -0.36105 -1.0202 -2.0662 -0.095521 -0.89202 -3.727 -0.78555
0 99 240 -0.060983 4.8428 0.1058 -0.039957 3.5784 0.11491 0.81031 3.5479 0.60836 0.83802 4.1457 2.1285 -0.13521 5.2284 2.6365 -0.88902 3.6385 -0.37787 -2.2402 4.0849 0.4245 -2.198 4.9344 1.7106 0.69724 0.0030518 0.37061 0.4622 -2.0429 0.7868 0.76954 -3.7581 0.32364 -0.69723 -0.0030513 -0.37061 -1.0189 -2.0608 -0.094058 -0.8916 -3.7298 -0.76415
1 10 48 -0.64973 4.7002 0.82894 -0.50011 3.4564 0.68632 0.25182 3.4391 1.3201 1.7819 3.1369 1.8063 2.9173 3.8191 2.5957 -1.2526 3.5035 0.054704 -1.9396 3.0708 -1.3629 -3.1105 3.6407 -2.1887 0.62726 -0.0076876 0.47957 0.52615 -2.0058 1.1211 1.1892 -3.6825 1.115 -0.62726 0.0076876 -0.47957 -1.3445 -1.9664 -0.42645 -1.122 -3.565 -1.23
1 11 48 -0.62939 4.7184 0.75382 -0.4769 3.4757 0.61351 0.27131 3.4582 1.2517 1.8357 3.3674 1.7134 2.9221 4.2156 2.4048 -1.2255 3.523 -0.022695 -1.9123 3.2235 -1.4744 -3.0436 3.8982 -2.2759 0.62636 -0.00038433 0.48081 0.6742 -2.0061 1.1047 1.4114 -3.6492 1.1912 -0.62636 0.00038433 -0.48081 -1.4101 -1.9478 -0.54893 -1.2428 -3.5022 -1.4471
1 12 36 -0.71522 4.7346 0.54412 -0.54552 3.4911 0.44566 0.049615 3.4742 1.2285 1.4893 3.5627 1.9955 2.3813 4.5406 2.7865 -1.141 3.5378 -0.33574 -1.5365 3.3389 -1.9083 -2.433 4.0937 -2.9103 0.51515 0.0038862 0.59841 0.58501 -1.9904 1.256 1.3476 -3.6013 1.5286 -0.51515 -0.0038857 -0.59841 -1.3076 -1.9202 -0.93598 -1.0128 -3.4288 -1.8784
1 13 36 -0.63545 4.7503 0.48767 -0.48134 3.5053 0.39593 0.11463 3.49 1.1782 1.5354 3.7213 1.9506 2.3968 4.7959 2.6441 -1.0771 3.5505 -0.38533 -1.5124 3.4249 -1.9549 -2.37 4.2425 -2.9417 0.51574 0.0021982 0.59792 0.69211 -1.9763 1.2825 1.515 -3.5629 1.5204 -0.51573 -0.0021982 -0.59792 -1.2938 -1.9114 -1.0026 -1.0795 -3.3776 -2.0299
1 14 36 -0.56236 4.7625 0.42686 -0.42701 3.515 0.34904 0.17056 3.4989 1.1301 1.5554 3.8463 1.9239 2.3946 4.9887 2.5308 -1.0238 3.5608 -0.43139 -1.4853 3.4926 -1.997 -2.3464 4.363 -2.9342 0.51759 0.0029078 0.59631 0.71557 -1.9637 1.3087 1.5723 -3.5436 1.4537 -0.51759 -0.0029073 -0.59631 -1.2754 -1.9137 -1.031 -1.1052 -3.3524 -2.1043
1 15 36 -0.50877 4.7698 0.37429 -0.39171 3.5196 0.31111 0.21063 3.5055 1.0885 1.5521 3.9556 1.905 2.3473 5.147 2.4758 -0.99289 3.5634 -0.46608 -1.5063 3.5321 -2.0166 -2.3492 4.4405 -2.9342 0.52373 0.0062594 0.5909 0.68625 -1.9507 1.3381 1.5315 -3.5419 1.4045 -0.52373 -0.006259 -0.5909 -1.2845 -1.9224 -0.99594 -1.1184 -3.3419 -2.0951
1 16 36 -0.47516 4.7762 0.33562 -0.36165 3.5249 0.28671 0.24804 3.5189 1.0585 1.5416 4.0487 1.9039 2.2749 5.2851 2.4619 -0.97013 3.5607 -0.48519 -1.5427 3.5656 -2.0152 -2.3639 4.5016 -2.9247 0.53372 0.005724 0.5819 0.61586 -1.9486 1.3488 1.4952 -3.5216 1.2907 -0.53372 -0.0057244 -0.5819 -1.3102 -1.9272 -0.9272 -1.0798 -3.3277 -2.0392
1 17 36 -0.47411 4.7841 0.30437 -0.35007 3.5332 0.26917 0.26471 3.5389 1.0369 1.5157 4.0966 1.9272 2.196 5.3685 2.4723 -0.96391 3.5572 -0.49894 -1.6061 3.5605 -2.0011 -2.4142 4.5152 -2.9028 0.53743 0.0050941 0.57848 0.49962 -1.9167 1.4268 1.4633 -3.4226 1.1933 -0.53743 -0.0050941 -0.57848 -1.3411 -1.9148 -0.92688 -0.93111 -3.2738 -2.0386
1 18 36 -0.53746 4.792 0.25238 -0.39519 3.5417 0.21807 0.22015 3.5548 0.98524 1.4481 4.0423 1.9461 2.0885 5.3259 2.5117 -1.0102 3.5585 -0.54926 -1.7171 3.4624 -2.0189 -2.5466 4.4041 -2.9149 0.53728 0.023301 0.57817 0.38864 -1.8519 1.5141 1.3861 -3.3211 1.2022 -0.53728 -0.023301 -0.57817 -1.4085 -1.8979 -0.95391 -0.88951 -3.2267 -2.0565
1 19 36 -0.62746 4.7813 0.30076 -0.45804 3.5332 0.26104 0.15783 3.5557 1.0276 1.3766 3.8797 2.066 2.0069 5.1256 2.7203 -1.0746 3.5404 -0.50526 -1.8145 3.2802 -1.9383 -2.7468 4.1269 -2.828 0.53927 0.02253 0.57635 0.23721 -1.7451 1.6711 1.2775 -3.1652 1.281 -0.53927 -0.02253 -0.57635 -1.5017 -1.8653 -0.87992 -0.91543 -3.1465 -2.005
1 20 48 -0.58649 4.7851 0.39944 -0.41328 3.5387 0.3194 0.34411 3.5651 0.94631 1.7489 3.7278 1.7641 2.5811 4.8529 2.4114 -1.1717 3.5421 -0.30677 -2.2151 3.1237 -1.4922 -3.4299 3.7809 -2.1777 0.63858 0.025454 0.46375 0.55475 -1.7494 1.585 1.482 -3.1782 0.99373 -0.63858 -0.025454 -0.46375 -1.6827 -1.8482 -0.50454 -1.3093 -3.1411 -1.7045
1 21 48 -0.61682 4.7897 0.33082 -0.4403 3.5422 0.26697 0.31242 3.5754 0.89917 1.7007 3.6035 1.7598 2.6559 4.5548 2.5083 -1.1943 3.5388 -0.36459 -2.2443 3.0017 -1.4949 -3.5259 3.4597 -2.2199 0.63527 0.042914 0.467 0.56832 -1.7826 1.505 1.4806 -3.2514 0.99367 -0.63527 -0.042914 -0.467 -1.6064 -1.9055 -0.51227 -1.3089 -3.2254 -1.7039
1 22 48 -0.58515 4.7925 0.33497 -0.40896 3.5434 0.28727 0.34646 3.5844 0.91579 1.7236 3.5113 1.7916 2.7643 4.3168 2.5951 -1.1658 3.5323 -0.34077 -2.2087 2.9232 -1.4408 -3.5067 3.2475 -2.2074 0.64566 0.032543 0.45339 0.61823 -1.8257 1.4335 1.5025 -3.3349 0.99611 -0.64566 -0.032543 -0.45339 -1.5094 -1.9462 -0.5311 -1.2856 -3.3027 -1.6977
1 23 48 -0.59877 4.7841 0.37047 -0.42168 3.5348 0.33393 0.33763 3.5798 0.95746 1.7189 3.4409 1.8186 2.8003 4.1714 2.64 -1.1824 3.5196 -0.28929 -2.2068 2.8892 -1.3947 -3.5025 3.1804 -2.1783 0.64526 0.028409 0.45423 0.66358 -1.8553 1.3846 1.5229 -3.3942 1.0045 -0.64526 -0.028409 -0.45423 -1.4366 -1.9726 -0.54545 -1.272 -3.3611 -1.6838
1 24 48 -0.6474 4.7668 0.4423 -0.47151 3.5167 0.4096 0.28396 3.5582 1.038 1.676 3.3909 1.8765 2.7689 4.1103 2.6924 -1.2285 3.5049 -0.21825 -2.2344 2.8913 -1.3498 -3.5291 3.2203 -2.1199 0.64397 0.028842 0.45603 0.67512 -1.8556 1.3847 1.5242 -3.4071 1.0344 -0.64397 -0.028842 -0.45603 -1.4312 -1.9753 -0.53347 -1.2797 -3.3737 -1.6615
1 25 48 -0.69578 4.7492 0.53965 -0.51757 3.4987 0.50018 0.23576 3.5332 1.1316 1.6443 3.3741 1.9436 2.726 4.1162 2.7541 -1.2728 3.4939 -0.12985 -2.2597 2.9262 -1.3014 -3.557 3.3326 -2.029 0.64786 0.025141 0.45072 0.65263 -1.8276 1.4414 1.5064 -3.3742 1.0806 -0.64786 -0.025141 -0.45072 -1.4971 -1.9465 -0.49046 -1.3045 -3.3401 -1.6181
1 26 48 -0.74068 4.7337 0.64158 -0.54833 3.4856 0.58592 0.20266 3.5171 1.2203 1.63 3.4149 2.0083 2.6992 4.1857 2.8084 -1.3019 3.4836 -0.046079 -2.2872 2.9972 -1.255 -3.5787 3.492 -1.9366 0.65017 0.017431 0.44774 0.59804 -1.7704 1.5501 1.4751 -3.2944 1.1512 -0.65017 -0.017431 -0.44774 -1.6164 -1.8828 -0.41735 -1.351 -3.2613 -1.5488
1 27 48 -0.78725 4.723 0.69308 -0.578 3.4787 0.62723 0.17372 3.5066 1.2609 1.6081 3.4883 2.0424 2.6706 4.2803 2.8307 -1.3329 3.4802 -0.0032962 -2.3357 3.0871 -1.2316 -3.6157 3.6559 -1.8763 0.64746 0.01708 0.45166 0.55099 -1.7067 1.649 1.4498 -3.2105 1.2229 -0.64746 -0.01708 -0.45166 -1.7351 -1.813 -0.37259 -1.408 -3.1757 -1.5069
1 28 48 -0.82867 4.7097 0.73932 -0.61541 3.4666 0.65882 0.13556 3.4941 1.2934 1.5709 3.4581 2.0726 2.6105 4.2513 2.8898 -1.37 3.4684 0.027952 -2.3696 3.0686 -1.2007 -3.6597 3.6634 -1.8003 0.64611 0.023125 0.45333 0.55574 -1.6962 1.6575 1.45 -3.2088 1.2533 -0.64611 -0.023125 -0.45333 -1.7686 -1.7975 -0.37624 -1.4417 -3.1744 -1.4935
1 29 48 -0.77897 4.723 0.72376 -0.58068 3.477 0.63704 0.17535 3.5047 1.2656 1.5905 3.2867 2.052 2.6159 3.9784 2.9727 -1.3401 3.4787 0.012081 -2.3034 2.9165 -1.1816 -3.6511 3.4099 -1.7455 0.64956 0.019869 0.44853 0.62043 -1.7982 1.5012 1.4941 -3.3454 1.1952 -0.64956 -0.019869 -0.44853 -1.6127 -1.8871 -0.43598 -1.3873 -3.3118 -1.5178
1 30 48 -0.74541 4.7276 0.69749 -0.56754 3.4778 0.62017 0.19279 3.5006 1.2437 1.5457 3.0126 2.0184 2.5675 3.47 3.0788 -1.3306 3.4845 -0.00041752 -2.2179 2.6909 -1.1192 -3.6379 2.9379 -1.6672 0.64527 0.018315 0.45474 0.67911 -1.9221 1.2596 1.5151 -3.5071 1.0598 -0.64527 -0.018315 -0.45474 -1.3725 -1.9892 -0.48419 -1.3034 -3.4572 -1.5288
1 31 60 -0.64554 4.7039 0.89881 -0.48646 3.4551 0.77515 0.39029 3.4778 1.2203 1.7819 2.7202 1.6182 2.9914 2.8468 2.5661 -1.3653 3.462 0.33354 -2.3241 2.4695 -0.54074 -3.8506 2.3572 -0.72758 0.72134 0.026104 0.32012 0.85075 -1.9708 0.96051 1.5511 -3.5966 0.61851 -0.72134 -0.026104 -0.32012 -1.2798 -2.0451 -0.15892 -1.4843 -3.5379 -1.1493
2 8 264 -0.59078 2.8051 3.8989 -0.34645 2.1052 2.8777 0.61793 2.0428 3.0605 1.0969 1.4042 1.6352 1.7001 0.14683 0.97739 -1.3142 2.183 2.7203 -1.587 1.4022 1.3114 -2.2388 0.079658 0.86018 0.78374 -0.01733 0.094618 0.42754 -1.4641 1.5759 0.64995 -2.7125 0.29412 -0.78374 0.01733 -0.094618 -1.1157 -1.5486 1.2662 -0.85675 -2.7042 -0.093358
2 9 264 -0.59467 2.9672 3.7769 -0.35355 2.211 2.7971 0.60883 2.1476 2.9899 1.1078 1.1048 1.8357 1.4769 -0.39127 1.7782 -1.3194 2.2905 2.629 -1.6356 1.1236 1.5303 -2.2436 -0.28579 1.677 0.78183 -0.027252 0.10725 0.40032 -1.4574 1.5983 0.6471 -2.6057 0.23032 -0.78183 0.027252 -0.10725 -1.1468 -1.5252 1.2606 -0.85254 -2.604 -0.15373
2 63 264 -0.574 1.7299 4.4753 -0.33811 1.3166 3.3051 0.63226 1.2596 3.4551 1.1598 1.18 1.911 2.022 0.18074 1.1137 -1.3119 1.3824 3.1834 -1.6002 1.1872 1.5873 -2.3203 -0.0037353 0.92335 0.78588 -0.012081 0.075838 0.49392 -1.5914 1.4303 0.73915 -2.9925 0.3222 -0.78588 0.012081 -0.075838 -1.0473 -1.648 1.1852 -0.85604 -2.9694 -0.026437
