0 2 252 0.45888 4.815 0.28463 0.29771 3.5708 0.13626 1.0535 3.4839 -0.48706 2.0172 2.4846 -1.3481 3.4827 2.7575 -1.7426 -0.45301 3.6869 0.76099 -0.84836 2.5954 1.9103 -0.39857 2.4463 3.3777 0.67743 -0.034411 -0.40423 1.1045 -1.8749 0.51467 1.3239 -3.6488 0.27738 -0.67743 0.034411 0.40423 -0.75473 -2.0539 0.18658 -1.0243 -3.5488 -0.78467
0 3 240 0.49237 4.8081 0.33722 0.30854 3.5677 0.1797 1.0795 3.4727 -0.42355 1.9669 2.4949 -1.3854 3.3923 2.7822 -1.8987 -0.45688 3.6919 0.78474 -0.7967 2.58 1.9323 -0.23043 2.423 3.3579 0.71689 -0.039397 -0.32866 0.99509 -1.8538 0.69356 1.2566 -3.6307 0.5347 -0.71689 0.039397 0.32866 -0.7393 -2.0407 0.033389 -0.83756 -3.5261 -0.98373
0 99 312 0.08178 4.8428 0.090693 0.096943 3.5784 0.073512 0.82899 3.5479 -0.58265 2.2832 4.1457 -0.13928 2.4657 5.2284 0.94332 -0.6341 3.6385 0.72874 -0.28854 4.0849 2.2617 0.94771 4.9344 2.619 0.56793 0.0030518 -0.54859 0.89112 -2.0429 -0.19644 0.5456 -3.7581 -0.63186 -0.56793 -0.0030513 0.54858 -0.40431 -2.0608 0.93996 -1.0023 -3.7298 0.61183
0 101 300 0.11554 4.8428 0.1303 0.12833 3.5795 0.12825 0.99747 3.5415 -0.33057 2.166 3.5686 0.81076 2.1128 4.3776 2.1224 -0.73868 3.6473 0.58766 -0.45114 3.609 2.1953 0.83009 4.1247 2.881 0.68276 -0.001101 -0.39665 0.92544 -2.0428 0.035625 0.6973 -3.7554 -0.4801 -0.68276 0.001101 0.39665 -0.59199 -2.0471 0.85581 -1.0709 -3.7294 0.41813
0 102 300 0.16131 4.8399 0.17103 0.15605 3.5776 0.16913 1.0251 3.5233 -0.28818 2.0908 3.2242 0.91331 2.0733 3.887 2.3055 -0.7102 3.6615 0.62732 -0.36895 3.3524 2.1947 0.93021 3.6893 2.9539 0.68537 -0.00029087 -0.39214 0.93278 -2.0402 0.045837 0.70944 -3.7529 -0.47149 -0.68537 0.00029135 0.39214 -0.58707 -2.0436 0.86873 -1.0577 -3.7274 0.42803
1 3 108 0.77642 4.3038 2.0658 0.68157 3.1285 1.6143 1.5988 3.1177 1.2596 1.7533 1.6404 0.57951 2.683 0.41276 0.65754 -0.23077 3.1666 1.9798 -0.90349 1.7059 1.6924 -1.5712 0.54603 2.4582 0.72798 -0.0068836 -0.30576 1.0242 -1.398 1.2407 0.82269 -2.8206 0.15142 -0.72799 0.0068839 0.30576 -0.24555 -1.5111 1.6759 -0.77672 -2.7455 0.4739
1 4 120 1.0885 4.3948 1.6993 0.91896 3.2007 1.3215 1.7432 3.1954 0.78485 1.9761 1.783 -0.0022854 3.113 0.8218 -0.40388 0.10101 3.234 1.8667 -0.79793 1.8699 1.8613 -1.6132 0.99632 2.8359 0.64714 -0.0071657 -0.45239 1.2579 -1.4546 0.94267 0.81763 -2.8802 -0.069625 -0.64714 0.0071654 0.45239 0.060285 -1.5559 1.6651 -0.69202 -2.7964 0.59466
1 5 120 0.96285 4.4907 1.5114 0.81972 3.2782 1.182 1.6473 3.2754 0.65048 2.1043 1.9965 -0.25744 3.3778 1.3785 -0.86891 -0.0026352 3.3095 1.7207 -1.0925 2.0981 1.8374 -2.1307 1.5668 2.8461 0.64776 -0.0083079 -0.45148 1.2379 -1.5763 0.8163 0.81154 -3.0438 -0.14064 -0.64776 0.0083082 0.45148 -0.038155 -1.6618 1.5711 -0.73416 -2.9707 0.54481
1 6 120 0.83715 4.5801 1.2986 0.71378 3.353 1.0181 1.5468 3.3443 0.49518 2.1853 2.2507 -0.5368 3.5142 1.9673 -1.2659 -0.11514 3.3908 1.5461 -1.3579 2.3478 1.7369 -2.4933 2.1426 2.7598 0.65014 -0.011558 -0.44798 1.2178 -1.7524 0.58228 0.81483 -3.3029 -0.24509 -0.65014 0.011558 0.44798 -0.19925 -1.7858 1.4382 -0.78011 -3.2153 0.50558
1 6 132 1.0889 4.5801 1.0962 0.90984 3.353 0.8474 1.6159 3.3443 0.16277 2.026 2.2507 -0.97942 3.1742 1.9673 -1.9689 0.20883 3.3908 1.5363 -0.96708 2.3478 1.9812 -1.865 2.1426 3.2178 0.54279 -0.011558 -0.57336 1.3122 -1.7524 0.31637 0.74607 -3.3029 -0.40915 -0.54279 0.011558 0.57336 0.10413 -1.7858 1.4482 -0.65795 -3.2153 0.65672
1 7 132 0.96017 4.6386 0.93658 0.80177 3.4036 0.72154 1.5183 3.3878 0.047961 2.0211 2.47 -1.2065 3.1525 2.485 -2.2541 0.089052 3.4489 1.3978 -1.1793 2.5505 1.9009 -2.1118 2.6083 3.1275 0.54454 -0.015726 -0.5716 1.2322 -1.908 0.029122 0.79041 -3.5561 -0.55334 -0.54454 0.015726 0.5716 -0.11122 -1.8787 1.3702 -0.72773 -3.4456 0.72543
1 8 132 0.87759 4.672 0.81658 0.74057 3.4308 0.63005 1.4587 3.4113 -0.041737 2.0374 2.6735 -1.3794 3.1136 2.935 -2.4523 0.025472 3.48 1.3035 -1.3201 2.7236 1.8385 -2.2787 2.9853 3.0176 0.54078 -0.018736 -0.57507 1.1863 -1.9796 -0.18467 0.96696 -3.6938 -0.6989 -0.54078 0.018736 0.57507 -0.27425 -1.9325 1.3073 -0.88464 -3.5689 0.85969
1 9 144 0.95938 4.6876 0.5723 0.79855 3.444 0.4303 1.3538 3.4251 -0.38129 1.6848 2.903 -1.8934 2.4321 3.3834 -3.1538 0.246 3.4925 1.2425 -1.0309 2.9011 2.0723 -1.7425 3.3318 3.3707 0.40749 -0.015308 -0.67618 1.0783 -2.0005 -0.5232 0.90242 -3.7057 -1.082 -0.40749 0.015309 0.67618 -0.13911 -1.9609 1.3372 -0.88308 -3.5913 1.1392
1 10 144 0.89231 4.7002 0.55953 0.73484 3.4564 0.42563 1.2865 3.4391 -0.38842 1.6101 3.1369 -1.9609 2.2765 3.8191 -3.1726 0.18533 3.5035 1.24 -1.1527 3.0708 2.0714 -1.8516 3.6407 3.3222 0.41137 -0.0076876 -0.67395 1.06 -2.0058 -0.64046 0.98458 -3.6825 -1.2992 -0.41137 0.0076876 0.67395 -0.28357 -1.9664 1.3818 -1.106 -3.565 1.2444
1 11 144 0.81548 4.7184 0.54714 0.66 3.4757 0.41016 1.2164 3.4582 -0.40066 1.5121 3.3674 -2.0047 2.0862 4.2156 -3.1574 0.10553 3.523 1.2211 -1.2664 3.2235 2.0559 -1.9453 3.8982 3.2649 0.4127 -0.00038433 -0.67318 1.0282 -2.0061 -0.78598 1.0371 -3.6492 -1.5282 -0.4127 0.00038433 0.67318 -0.39852 -1.9478 1.4597 -1.3092 -3.5022 1.3873
1 24 144 0.50755 4.7668 0.59762 0.45665 3.5167 0.42611 1.0026 3.5582 -0.39091 1.691 3.3909 -1.8629 2.3882 4.1103 -3.0352 -0.088644 3.5049 1.2446 -1.1088 2.8913 2.3632 -1.7394 3.2203 3.7314 0.38622 0.028842 -0.68811 1.3065 -1.8556 -0.81616 0.86939 -3.4071 -1.624 -0.38622 -0.028842 0.68811 -0.38095 -1.9753 1.4791 -1.5187 -3.3737 1.4464
1 25 144 0.60942 4.7492 0.63556 0.55155 3.4987 0.46245 1.1008 3.5332 -0.35275 1.7611 3.3741 -1.8385 2.4541 4.1162 -2.999 0.0039069 3.4939 1.2794 -1.0581 2.9262 2.3833 -1.6461 3.3326 3.7496 0.38053 0.025141 -0.69142 1.3653 -1.8276 -0.79972 0.91718 -3.3742 -1.6111 -0.38053 -0.025141 0.69142 -0.33128 -1.9465 1.5402 -1.4729 -3.3401 1.4665
1 26 144 0.71549 4.7337 0.66956 0.64003 3.4856 0.48408 1.1924 3.5171 -0.32911 1.8269 3.4149 -1.831 2.5109 4.1857 -2.978 0.090263 3.4836 1.2996 -1.009 2.9972 2.4058 -1.552 3.492 3.7616 0.37733 0.017431 -0.69341 1.4791 -1.7704 -0.75679 0.9907 -3.2944 -1.5873 -0.37733 -0.017431 0.69341 -0.2461 -1.8828 1.6512 -1.3991 -3.2613 1.5055
1 27 144 0.77158 4.723 0.71049 0.68421 3.4787 0.50927 1.2358 3.5066 -0.30456 1.8631 3.4883 -1.8128 2.5361 4.2803 -2.9519 0.13604 3.4802 1.3259 -0.98066 3.0871 2.4516 -1.4881 3.6559 3.792 0.38151 0.01708 -0.69113 1.5824 -1.7067 -0.72034 1.0647 -3.2105 -1.5697 -0.38151 -0.01708 0.69113 -0.18918 -1.813 1.7645 -1.3515 -3.1757 1.5578
1 28 144 0.82189 4.7097 0.74685 0.71954 3.4666 0.54318 1.2721 3.4941 -0.27001 1.897 3.4581 -1.779 2.6011 4.2513 -2.8983 0.171 3.4684 1.3596 -0.94647 3.0686 2.4821 -1.4079 3.6634 3.8278 0.38331 0.023125 -0.68995 1.5903 -1.6962 -0.72594 1.0949 -3.2088 -1.573 -0.38331 -0.023125 0.68995 -0.18932 -1.7975 1.7982 -1.3346 -3.1744 1.59
1 29 144 0.80122 4.723 0.69905 0.69425 3.477 0.51091 1.2403 3.5047 -0.30667 1.8745 3.2867 -1.7963 2.683 3.9784 -2.9123 0.1521 3.4787 1.3315 -0.93435 2.9165 2.4142 -1.3543 3.4099 3.8135 0.37817 0.019869 -0.69288 1.4282 -1.7982 -0.77396 1.0324 -3.3454 -1.6108 -0.37817 -0.019869 0.69288 -0.26503 -1.8871 1.6494 -1.3645 -3.3118 1.5383
1 30 144 0.77158 4.7276 0.66842 0.67609 3.4778 0.4996 1.2167 3.5006 -0.32173 1.8457 3.0126 -1.7482 2.7935 3.47 -2.8752 0.13867 3.4845 1.3233 -0.88123 2.6909 2.3227 -1.2778 2.9379 3.7922 0.3848 0.018315 -0.68927 1.1817 -1.9221 -0.80705 0.8956 -3.5071 -1.6176 -0.3848 -0.018315 0.68927 -0.33807 -1.9892 1.4156 -1.3841 -3.4572 1.4561
1 32 132 0.73154 4.6708 1.0052 0.64712 3.4259 0.79499 1.3391 3.4613 0.096937 1.9825 2.459 -1.0212 3.2895 2.2151 -1.8021 -0.041445 3.4198 1.4973 -1.0918 2.2658 1.9806 -1.6749 1.7836 3.3242 0.52371 0.034796 -0.58993 1.153 -1.9584 -0.37701 0.91001 -3.6289 -1.0107 -0.52371 -0.034796 0.58993 -0.35892 -2.0421 1.188 -1.2836 -3.5649 0.9104
2 0 300 1.4342 3.8359 2.5532 1.0328 2.9528 1.7423 1.8977 2.9191 1.2753 1.645 2.625 -0.31168 2.0782 1.6837 -1.4536 0.17923 3.0067 2.228 -1.2109 2.8813 1.3792 -2.6434 2.3106 1.3817 0.66708 0.012938 -0.42229 1.0917 -1.8841 0.37483 0.65564 -3.5499 -0.15959 -0.66708 -0.012938 0.42229 -0.29253 -1.9294 1.1977 -0.73716 -3.4966 0.42504
2 1 300 1.5526 3.6134 2.7973 1.1275 2.7952 1.9322 1.994 2.7601 1.4681 1.6459 2.665 -0.12516 1.956 1.8565 -1.401 0.27296 2.849 2.4161 -1.0716 2.8947 1.4894 -2.533 2.4268 1.3379 0.66982 0.014499 -0.41788 1.1148 -1.8475 0.44765 0.66497 -3.4955 -0.12931 -0.66982 -0.014499 0.41788 -0.26742 -1.8983 1.2567 -0.72416 -3.4444 0.44931
2 2 300 1.6535 3.386 3.0205 1.2119 2.6228 2.1143 2.0801 2.5858 1.6535 1.6546 2.6451 0.077422 1.8558 1.9737 -1.2961 0.35609 2.6772 2.5959 -0.93321 2.8408 1.6061 -2.3959 2.4453 1.3199 0.6751 0.015066 -0.40929 1.1425 -1.8052 0.53003 0.67557 -3.429 -0.099474 -0.6751 -0.015066 0.40929 -0.23639 -1.8574 1.3191 -0.70806 -3.3763 0.46982
2 3 300 1.7328 3.1577 3.2222 1.2812 2.4443 2.2815 2.1501 2.4053 1.8223 1.6708 2.5639 0.2687 1.781 2.0048 -1.1641 0.42494 2.4995 2.7623 -0.8084 2.7147 1.7128 -2.2495 2.34 1.3122 0.68137 0.014306 -0.39878 1.1757 -1.7571 0.61709 0.68506 -3.3483 -0.07443 -0.68137 -0.014306 0.39878 -0.20391 -1.8078 1.3835 -0.69426 -3.2925 0.48564
2 15 288 0.59642 4.2098 2.2933 0.57415 3.0474 1.8058 1.5407 3.0532 1.6239 2.4612 2.5598 2.8801 1.9271 3.9109 3.3968 -0.38956 3.068 2.0013 -0.45845 2.3852 3.4837 -0.050625 3.8523 3.7262 0.74647 0.0032692 -0.25744 0.74023 -2.0715 0.073725 0.39331 -3.3219 -1.178 -0.74647 -0.0032692 0.25744 -0.82833 -2.079 0.57176 -1.2347 -3.2452 -0.74199
2 16 288 0.49482 4.4234 1.8918 0.4671 3.2223 1.4966 1.4309 3.2323 1.3007 2.3305 2.8413 2.607 1.7612 4.2241 2.9832 -0.49442 3.2403 1.7028 -0.6156 2.6674 3.2279 -0.22369 4.1564 3.3108 0.75123 0.0054674 -0.24315 0.68954 -2.0939 -0.29996 0.42707 -3.4756 -1.4282 -0.75123 -0.0054674 0.24315 -0.91709 -2.0999 0.24219 -1.3924 -3.369 -0.94711
2 17 288 0.45549 4.5058 1.7048 0.40708 3.2936 1.3423 1.3676 3.301 1.1306 2.2465 2.9214 2.4543 1.6859 4.3138 2.8072 -0.55126 3.3147 1.5625 -0.72345 2.7787 3.096 -0.32515 4.268 3.1283 0.75423 0.0069966 -0.23363 0.67879 -2.0906 -0.32744 0.44226 -3.4583 -1.4783 -0.75423 -0.0069966 0.23363 -0.88722 -2.1029 0.17318 -1.425 -3.2855 -1.0771
2 18 288 0.46547 4.4801 1.7677 0.39231 3.2693 1.405 1.3504 3.2653 1.1827 2.228 2.8407 2.4935 1.6824 4.2333 2.8687 -0.56311 3.3016 1.6362 -0.77157 2.7195 3.1483 -0.35691 4.2029 3.2203 0.75915 0.0096245 -0.21701 0.72671 -2.0891 -0.12455 0.42425 -3.3302 -1.397 -0.75915 -0.009625 0.21701 -0.82081 -2.1047 0.36248 -1.3389 -3.1304 -1.0269
2 19 288 0.48163 4.4397 1.876 0.3809 3.2428 1.4791 1.3369 3.2254 1.2488 2.2006 2.6829 2.525 1.7111 4.0671 2.9961 -0.57164 3.2878 1.72 -0.81604 2.6313 3.1958 -0.36291 4.0932 3.3833 0.76227 0.014739 -0.20548 0.80305 -2.0512 0.17473 0.44 -3.1635 -1.1971 -0.76227 -0.014738 0.20548 -0.75225 -2.0724 0.62991 -1.2148 -3.008 -0.84037
2 20 288 0.52576 4.3896 1.9932 0.40561 3.2131 1.5449 1.3619 3.1853 1.3168 2.1923 2.4844 2.5367 1.783 3.8321 3.1643 -0.54666 3.268 1.7847 -0.82165 2.5161 3.2088 -0.31667 3.9344 3.5423 0.76468 0.009263 -0.19667 0.89588 -1.9875 0.44358 0.48259 -3.0456 -0.95661 -0.76468 -0.0092626 0.19667 -0.69131 -2.0031 0.85501 -1.0619 -2.9648 -0.6244
2 21 288 0.58211 4.2995 2.1694 0.4405 3.1481 1.6664 1.3977 3.1048 1.4447 2.188 2.2395 2.5829 1.8555 3.5055 3.3979 -0.51204 3.2178 1.9013 -0.8117 2.343 3.2481 -0.2511 3.6947 3.7342 0.76676 0.0051913 -0.18857 0.98808 -1.8959 0.67816 0.55338 -3.0148 -0.66719 -0.76676 -0.0051918 0.18857 -0.64816 -1.9139 1.0586 -0.90813 -2.9735 -0.3768
2 22 288 0.61224 4.1982 2.3534 0.45269 3.0773 1.7917 1.4129 3.0238 1.5858 2.1599 1.991 2.6075 1.915 3.1163 3.6329 -0.50253 3.1561 2.0124 -0.85123 2.1691 3.2666 -0.23099 3.4235 3.9141 0.76887 0.0071793 -0.17969 1.0494 -1.799 0.85624 0.65569 -3.0906 -0.33863 -0.76887 -0.0071793 0.17969 -0.6211 -1.8305 1.2131 -0.77823 -3.0322 -0.1219
2 23 288 0.63648 4.1039 2.5087 0.46303 3.019 1.886 1.4231 2.955 1.682 2.1431 1.7773 2.5557 1.9781 2.6923 3.7858 -0.49146 3.1072 2.1063 -0.89604 1.9971 3.2344 -0.23062 3.1161 4.0607 0.76996 0.0087333 -0.17488 1.0826 -1.7366 0.95222 0.79328 -3.2567 0.026752 -0.76996 -0.0087333 0.17488 -0.60405 -1.7631 1.3189 -0.677 -3.1727 0.19708
2 24 288 0.66293 4.033 2.6082 0.48117 2.9834 1.9332 1.4389 2.9117 1.7213 2.1132 1.6069 2.4366 2.025 2.2487 3.8359 -0.47046 3.078 2.163 -0.92595 1.8462 3.1346 -0.23446 2.7799 4.1484 0.76937 0.0055532 -0.17757 1.0931 -1.7317 0.95888 0.94368 -3.4377 0.39494 -0.76937 -0.0055532 0.17757 -0.60308 -1.7205 1.38 -0.60322 -3.3434 0.59463
2 25 288 0.6647 3.978 2.6794 0.48851 2.9526 1.9714 1.4461 2.8781 1.7599 2.0525 1.4593 2.2964 2.0369 1.784 3.8037 -0.46274 3.0491 2.202 -0.9688 1.7193 3.0045 -0.27723 2.4178 4.1926 0.76879 0.0047641 -0.18011 1.1093 -1.7369 0.94465 1.0926 -3.5258 0.72056 -0.76879 -0.0047641 0.18011 -0.61724 -1.6913 1.4239 -0.56889 -3.4333 0.96117
2 26 288 0.61673 3.9583 2.7154 0.46428 2.9347 2.0011 1.426 2.8652 1.8073 1.9561 1.3611 2.1613 2.0023 1.3517 3.7026 -0.49154 3.0261 2.2142 -1.0377 1.6301 2.8635 -0.39018 2.0591 4.1956 0.76852 0.013205 -0.18083 1.1566 -1.6912 0.98473 1.1809 -3.4908 0.87531 -0.76852 -0.013205 0.18083 -0.5984 -1.6333 1.5078 -0.59462 -3.406 1.1784
2 28 288 0.57283 3.9353 2.7617 0.46547 2.9024 2.0551 1.4294 2.8594 1.8643 1.8232 1.2795 1.9975 2.0019 0.69544 3.4133 -0.49317 2.9675 2.2652 -1.0423 1.4921 2.7015 -0.595 1.322 4.1673 0.76066 0.030093 -0.20973 1.3064 -1.2398 1.3726 1.0436 -2.8962 0.71045 -0.76066 -0.030093 0.20973 -0.5482 -1.277 1.8873 -0.6087 -2.8766 1.0576
2 29 288 0.58564 3.7762 2.9709 0.47592 2.7957 2.1916 1.4396 2.7662 1.9973 1.7667 1.1656 1.9932 2.0514 0.31886 3.25 -0.48251 2.8461 2.4066 -1.0324 1.3273 2.6509 -0.79555 0.77131 4.0695 0.76063 0.036828 -0.20876 1.2657 -1.0302 1.5292 0.9926 -2.5752 0.64066 -0.76063 -0.036829 0.20876 -0.44873 -1.0918 1.9987 -0.6435 -2.5612 0.97221
2 30 288 0.61031 3.5952 3.1738 0.47823 2.6821 2.318 1.44 2.6515 2.1145 1.7155 1.0498 1.9487 2.0975 -0.059917 2.9488 -0.47781 2.732 2.5435 -1.0283 1.1951 2.6034 -1.0398 0.19254 3.7749 0.76391 0.03927 -0.19596 1.2125 -0.95223 1.6013 0.97278 -2.4293 0.59543 -0.76391 -0.03927 0.19596 -0.38906 -1.0073 2.0226 -0.66328 -2.4 0.91086
2 68 276 0.27286 3.3117 3.5119 0.28439 2.4021 2.6465 1.2665 2.3522 2.6293 1.6324 0.93147 3.348 1.7444 1.2819 4.8455 -0.69593 2.4707 2.6868 -0.9639 1.0779 3.4974 -0.61619 1.3407 4.9765 0.78531 -0.016322 -0.080751 0.81333 -1.5958 1.3045 0.77581 -2.639 -0.1656 -0.78531 0.016322 0.080751 -0.92721 -1.6689 1.3274 -0.91063 -2.6089 -0.21108
2 72 288 0.66847 4.3456 2.0607 0.51009 3.1886 1.5706 1.4589 3.1681 1.3125 2.3627 2.8766 2.6418 2.0493 4.3803 2.7769 -0.43451 3.2361 1.8405 -0.40975 2.837 3.4245 -0.18917 4.3628 3.4541 0.7609 -0.022413 -0.20982 0.78344 -2.1184 -0.066071 0.57366 -3.4546 -1.2584 -0.7609 0.022413 0.20982 -0.89433 -2.0637 0.42134 -1.3876 -3.2954 -0.79946
2 73 288 0.59222 4.4262 1.91 0.42788 3.2629 1.4368 1.3781 3.2389 1.184 2.3462 3.0642 2.4883 1.9021 4.5394 2.5539 -0.51832 3.3143 1.7003 -0.55356 2.9833 3.2996 -0.32105 4.5074 3.2707 0.76633 -0.018288 -0.18949 0.75887 -2.1128 -0.02382 0.59292 -3.4407 -1.2321 -0.76633 0.018289 0.18949 -0.84638 -2.0633 0.46308 -1.3657 -3.2355 -0.80468
2 74 288 0.55796 4.3953 1.9851 0.3911 3.2302 1.5169 1.3409 3.2053 1.2628 2.3605 3.0796 2.533 1.8537 4.5353 2.5734 -0.55464 3.2826 1.7818 -0.65131 2.961 3.3806 -0.40281 4.4828 3.3728 0.76976 -0.0081673 -0.17579 0.80792 -2.0748 0.20077 0.58935 -3.3361 -1.069 -0.76976 0.0081673 0.17579 -0.79796 -2.0304 0.68349 -1.2141 -3.1189 -0.69234
2 75 288 0.54399 4.3506 2.0853 0.37352 3.1986 1.5873 1.325 3.1739 1.3394 2.3722 3.0114 2.5826 1.8651 4.4665 2.6378 -0.57364 3.2502 1.8472 -0.71235 2.8681 3.4295 -0.44416 4.3854 3.4895 0.77167 -0.00060272 -0.16742 0.87879 -2.0103 0.43601 0.62748 -3.2908 -0.80819 -0.77167 0.00060272 0.16742 -0.76567 -1.9626 0.9158 -1.0509 -3.0706 -0.47772
2 76 288 0.55913 4.3152 2.1584 0.38646 3.1825 1.6187 1.3388 3.1595 1.3739 2.391 2.9021 2.5967 1.9397 4.3717 2.7164 -0.56143 3.2319 1.8764 -0.72044 2.7533 3.4302 -0.41717 4.2566 3.5907 0.77072 -0.0015378 -0.17171 0.94698 -1.935 0.63145 0.7165 -3.3172 -0.50311 -0.77072 0.0015378 0.17171 -0.72128 -1.8796 1.1062 -0.89168 -3.0801 -0.22815
2 77 288 0.5736 4.2741 2.2353 0.39711 3.1603 1.6589 1.3508 3.1354 1.4196 2.3939 2.759 2.6191 2.0152 4.2383 2.8334 -0.55191 3.2111 1.9122 -0.73961 2.6363 3.4298 -0.38549 4.1123 3.7012 0.76964 -0.00038481 -0.17651 0.99951 -1.8557 0.78222 0.83613 -3.3678 -0.18618 -0.76964 0.00038481 0.17651 -0.67133 -1.7957 1.2622 -0.75005 -3.1252 0.046788
2 78 288 0.57254 4.2376 2.3027 0.3909 3.1387 1.7003 1.3469 3.1051 1.4717 2.373 2.5926 2.635 2.073 4.0692 2.9626 -0.56025 3.1978 1.9436 -0.78553 2.5278 3.4164 -0.37599 3.9664 3.791 0.77044 0.003696 -0.17295 1.0446 -1.7915 0.88365 0.96445 -3.4281 0.13122 -0.77044 -0.003696 0.17295 -0.6242 -1.7105 1.3894 -0.64604 -3.1956 0.36732
2 79 288 0.56407 4.2317 2.3139 0.37851 3.1412 1.6975 1.3355 3.1012 1.4739 2.3384 2.4493 2.5865 2.1127 3.9054 3.041 -0.57344 3.2064 1.9361 -0.83753 2.4392 3.3539 -0.37226 3.8344 3.817 0.77056 0.0076337 -0.17226 1.0935 -1.7413 0.94636 1.1055 -3.4749 0.45117 -0.77056 -0.0076337 0.17226 -0.56173 -1.6545 1.4601 -0.57616 -3.2996 0.72238
2 80 288 0.534 4.2452 2.2924 0.35451 3.1612 1.663 1.3137 3.1199 1.4494 2.2877 2.3292 2.4957 2.1289 3.7489 3.0762 -0.59973 3.2277 1.8918 -0.90296 2.372 3.25 -0.39385 3.7247 3.7871 0.77014 0.013544 -0.17378 1.1465 -1.6917 0.99452 1.2387 -3.4758 0.75132 -0.77014 -0.013544 0.17378 -0.49856 -1.6304 1.4877 -0.52633 -3.3788 1.0482
2 81 288 0.50601 4.2675 2.2548 0.34381 3.1815 1.6249 1.3053 3.1438 1.4211 2.2529 2.2301 2.3885 2.1465 3.6044 3.0798 -0.61294 3.2442 1.8441 -0.96376 2.3082 3.1361 -0.42413 3.622 3.7365 0.7668 0.019204 -0.18748 1.2142 -1.6277 1.038 1.3348 -3.4249 0.9578 -0.7668 -0.019204 0.18748 -0.46501 -1.5915 1.548 -0.49488 -3.3759 1.2915
2 82 288 0.4706 4.2999 2.2018 0.31962 3.2044 1.5846 1.2809 3.1914 1.3768 2.2134 2.1917 2.271 2.1277 3.5254 3.0402 -0.63757 3.2428 1.8075 -1.0358 2.2604 3.0505 -0.4833 3.5498 3.6907 0.7616 0.027568 -0.20666 1.2863 -1.5035 1.1331 1.3487 -3.3002 0.99664 -0.7616 -0.027568 0.20666 -0.43998 -1.4925 1.678 -0.48147 -3.2764 1.4193
2 83 288 0.45487 4.3196 2.1675 0.31862 3.2152 1.5627 1.2797 3.2245 1.3538 2.2059 2.1831 2.2061 2.1153 3.4926 3.0153 -0.63903 3.2317 1.7862 -1.057 2.2242 3.0024 -0.50839 3.4943 3.6831 0.75887 0.025611 -0.2167 1.4006 -1.1891 1.3729 1.3261 -2.9557 1.0201 -0.75887 -0.025611 0.2167 -0.39901 -1.2252 1.9036 -0.46507 -2.9467 1.3716
2 84 288 0.46244 4.2709 2.2596 0.33555 3.171 1.6453 1.2906 3.1877 1.4107 2.1671 2.0705 2.2183 2.1076 3.3375 3.0953 -0.61575 3.1798 1.895 -1.0218 2.0919 3.044 -0.50575 3.3086 3.8383 0.75649 0.028852 -0.22448 1.4613 -0.81491 1.5659 1.2788 -2.5089 0.97596 -0.75649 -0.028852 0.22448 -0.35548 -0.8767 2.1045 -0.51457 -2.4815 1.2982
2 85 288 0.45758 4.2498 2.2869 0.33864 3.1736 1.6306 1.2908 3.199 1.3853 2.0575 1.9313 2.0737 2.1047 3.0766 3.1051 -0.60969 3.1734 1.8914 -0.99438 1.9358 2.886 -0.51396 2.9999 3.8933 0.75459 0.028579 -0.23083 1.4613 -0.61269 1.641 1.2149 -2.2293 0.88153 -0.75459 -0.028579 0.23083 -0.34978 -0.73098 2.1691 -0.55682 -2.2193 1.1727
2 86 288 0.4807 4.2083 2.3478 0.36758 3.1466 1.6682 1.3236 3.1782 1.4392 1.9884 1.8015 2.015 2.0948 2.753 3.2237 -0.58473 3.1394 1.914 -0.95886 1.8101 2.7867 -0.46282 2.6817 3.958 0.75682 0.019693 -0.22437 1.4436 -0.50287 1.6912 1.1623 -2.0511 0.81108 -0.75682 -0.019693 0.22437 -0.3481 -0.63978 2.1898 -0.58426 -2.0387 1.0771
2 87 288 0.49912 4.149 2.4418 0.40064 3.0951 1.7523 1.3565 3.121 1.5222 1.9697 1.691 2.0199 2.0897 2.4491 3.3573 -0.55118 3.0929 2.0001 -0.94068 1.7175 2.791 -0.40061 2.4458 4.0382 0.75767 0.016824 -0.22169 1.4189 -0.44187 1.7191 1.1212 -1.9417 0.76373 -0.75767 -0.016824 0.22169 -0.34873 -0.59795 2.1989 -0.60282 -1.9289 1.0094
2 88 288 0.54046 4.086 2.527 0.4384 3.0491 1.8162 1.3953 3.0651 1.5893 1.9914 1.6119 2.038 2.1077 2.2274 3.447 -0.51399 3.0559 2.0617 -0.92794 1.6647 2.8113 -0.35642 2.314 4.0878 0.75779 0.012181 -0.22159 1.3721 -0.44149 1.7357 1.0894 -1.9144 0.73497 -0.75779 -0.012181 0.22159 -0.32183 -0.61654 2.186 -0.61234 -1.909 0.96291
2 89 288 0.58472 4.0179 2.6191 0.48031 2.9989 1.8861 1.4392 2.9991 1.6673 2.018 1.5341 2.1003 2.1421 2.0462 3.5494 -0.47375 3.0209 2.124 -0.89334 1.6241 2.86 -0.31119 2.226 4.1548 0.7576 0.0086915 -0.2224 1.3196 -0.47694 1.7429 1.0641 -1.9374 0.71695 -0.7576 -0.0086915 0.2224 -0.27555 -0.65871 2.1613 -0.61176 -1.9338 0.93174
2 90 288 0.62554 3.9506 2.7126 0.51346 2.9477 1.9587 1.4716 2.9406 1.7368 2.0372 1.4681 2.1617 2.1644 1.8836 3.6412 -0.43954 2.9767 2.2001 -0.86755 1.5746 2.921 -0.27933 2.1416 4.2287 0.75706 0.0079288 -0.22428 1.2814 -0.54579 1.7335 1.0599 -2.0151 0.71221 -0.75706 -0.0079288 0.22428 -0.24736 -0.73402 2.1288 -0.61635 -2.0146 0.91441
2 96 288 0.79946 3.8718 2.8035 0.63731 2.8606 2.0693 1.5841 2.8403 1.8039 1.9371 1.2454 1.8247 2.2637 0.27222 2.9753 -0.30325 2.9029 2.3538 -0.7956 1.3709 2.6354 -0.33169 0.67448 3.9306 0.74844 0.010949 -0.25143 1.2005 -1.2563 1.3622 1.0249 -2.8358 0.5106 -0.74844 -0.010949 0.25143 -0.25963 -1.3769 1.7711 -0.6756 -2.8109 0.76046
2 97 288 0.79861 3.9266 2.7289 0.63512 2.8966 2.0215 1.5797 2.8733 1.7484 1.8946 1.2739 1.6403 2.2603 0.06559 2.5257 -0.30312 2.9425 2.3129 -0.81195 1.3999 2.4861 -0.46807 0.37206 3.583 0.74774 0.011292 -0.25348 1.1868 -1.35 1.2855 1.0199 -2.9417 0.45527 -0.74774 -0.011292 0.25348 -0.27302 -1.4595 1.6998 -0.68806 -2.9092 0.71142
2 98 288 0.79265 3.9942 2.632 0.63142 2.9438 1.9551 1.5724 2.9189 1.67 1.8535 1.3314 1.4059 2.2561 -0.032613 2.0017 -0.30312 2.9919 2.2579 -0.82714 1.4453 2.3038 -0.65463 0.15779 3.1346 0.74562 0.011407 -0.25966 1.1679 -1.4308 1.2087 1.0102 -3.0336 0.39798 -0.74562 -0.011407 0.25966 -0.29438 -1.5383 1.6305 -0.70447 -2.9982 0.65518
2 99 288 0.76772 4.0694 2.5219 0.61359 2.9963 1.8809 1.5513 2.9739 1.5851 1.796 1.4199 1.1447 2.2279 -0.026196 1.4605 -0.31779 3.0423 2.1935 -0.86438 1.5066 2.085 -0.90096 0.065957 2.6334 0.74466 0.013191 -0.26232 1.1498 -1.5038 1.1337 0.99942 -3.112 0.33256 -0.74466 -0.013191 0.26232 -0.31966 -1.6073 1.5632 -0.72052 -3.078 0.60024
2 100 288 0.73315 4.143 2.4094 0.5943 3.0502 1.7997 1.5292 3.0311 1.4947 1.7399 1.5322 0.88022 2.1937 0.060079 0.94834 -0.33436 3.0935 2.1207 -0.91125 1.591 1.8406 -1.1341 0.09228 2.1266 0.74385 0.013217 -0.2646 1.1307 -1.5747 1.0557 0.98652 -3.1874 0.26231 -0.74385 -0.013217 0.2646 -0.35032 -1.6745 1.4892 -0.73781 -3.1553 0.53638
