2 3 348 3.554 3.1577 0.86839 2.5528 2.4443 0.57451 2.793 2.4053 -0.37846 1.3176 2.5639 -1.0618 0.32664 2.0048 -2.1025 2.3371 2.4995 1.5325 0.73195 2.7147 1.7469 -0.53003 2.34 2.5498 0.15958 0.014306 -0.77319 1.2453 -1.7571 -0.46083 0.40308 -3.3483 -0.5589 -0.15958 -0.014306 0.77319 0.8917 -1.8078 1.0773 -0.10365 -3.2925 0.84089
2 4 348 3.7201 2.9497 0.92398 2.6961 2.2762 0.61608 2.9384 2.2324 -0.33614 1.4482 2.4214 -0.97828 0.39288 1.9191 -1.984 2.4788 2.3353 1.5735 0.86184 2.5215 1.7127 -0.43903 2.1105 2.4313 0.16591 0.01072 -0.77192 1.3269 -1.7051 -0.42232 0.41672 -3.256 -0.55288 -0.16591 -0.01072 0.77192 0.9616 -1.7526 1.1021 -0.09072 -3.192 0.83478
2 5 348 3.8273 2.7986 0.96891 2.7942 2.1446 0.65197 3.0394 2.0931 -0.29913 1.5349 2.2399 -0.91862 0.46016 1.7 -1.8836 2.5744 2.2108 1.6084 0.94492 2.2949 1.689 -0.33338 1.7347 2.3446 0.16936 0.010496 -0.77117 1.398 -1.6485 -0.38068 0.40821 -3.1458 -0.55199 -0.16936 -0.010496 0.77117 1.0339 -1.6942 1.134 -0.08805 -3.0721 0.82848
2 6 348 3.8857 2.7106 0.9925 2.8536 2.0625 0.6624 3.1066 2.0064 -0.28638 1.594 2.0068 -0.90335 0.55535 1.3195 -1.8125 2.6261 2.133 1.6167 0.99705 2.0216 1.6677 -0.1692 1.2245 2.2858 0.16704 0.0067756 -0.77172 1.4668 -1.5877 -0.34441 0.39075 -3.0171 -0.56752 -0.16704 -0.0067759 0.77172 1.0919 -1.6419 1.1662 -0.10627 -2.9469 0.83114
2 15 324 1.8305 4.2098 1.5047 1.5259 3.0474 1.1234 2.201 3.0532 0.40816 3.684 2.5598 0.88342 3.5556 3.9109 1.6154 0.86115 3.068 1.848 1.6768 2.3852 3.0879 2.1492 3.8523 3.0443 0.45259 0.0032692 -0.64703 0.6422 -2.0715 -0.37545 -0.37424 -3.3219 -1.1842 -0.45259 -0.0032692 0.64703 -0.33406 -2.079 0.94944 -1.435 -3.2452 0.12543
2 16 336 1.737 4.4234 0.89811 1.4248 3.2223 0.65433 1.9241 3.2323 -0.19301 3.4968 2.8413 0.012527 3.3954 4.2241 0.6873 0.93461 3.2403 1.5068 1.9869 2.6674 2.6174 2.3107 4.1564 2.3816 0.32197 0.0054674 -0.72097 0.23848 -2.0939 -0.71314 -0.77557 -3.4756 -1.273 -0.32197 -0.0054674 0.72097 -0.43367 -2.0999 0.84359 -1.6355 -3.369 0.40099
2 17 336 1.5717 4.5058 0.80226 1.2699 3.2936 0.59562 1.7553 3.301 -0.25977 3.3271 2.9214 -0.027282 3.2142 4.3138 0.62552 0.79226 3.3147 1.4552 1.8167 2.7787 2.6093 2.1072 4.268 2.3349 0.33106 0.0069966 -0.71683 0.21086 -2.0906 -0.72354 -0.80265 -3.4583 -1.3178 -0.33106 -0.0069966 0.71683 -0.46497 -2.1029 0.77521 -1.754 -3.2855 0.3383
2 18 336 1.6252 4.4801 0.83694 1.3066 3.2693 0.64856 1.7825 3.2653 -0.21217 3.3439 2.8407 0.012738 3.2576 4.2333 0.66927 0.83917 3.3016 1.5133 1.8234 2.7195 2.68 2.1544 4.2029 2.4201 0.34671 0.0096245 -0.70937 0.39371 -2.0891 -0.62339 -0.75427 -3.3302 -1.25 -0.34671 -0.009625 0.70937 -0.27985 -2.1047 0.85253 -1.659 -3.1304 0.30785
2 19 336 1.7164 4.4397 0.8974 1.3541 3.2428 0.70668 1.8227 3.2254 -0.1579 3.3489 2.6829 0.054212 3.3715 4.0671 0.73321 0.89569 3.2878 1.5757 1.8289 2.6313 2.7448 2.2715 4.0932 2.5336 0.35736 0.014739 -0.70397 0.6672 -2.0512 -0.47986 -0.59517 -3.1635 -1.128 -0.35736 -0.014738 0.70397 -0.035237 -2.0724 0.98053 -1.4374 -3.008 0.34043
2 20 336 1.833 4.3896 0.943 1.4195 3.2131 0.73229 1.8899 3.1853 -0.131 3.352 2.4844 0.068212 3.5446 3.8321 0.79232 0.96054 3.268 1.6005 1.8348 2.5161 2.7577 2.4206 3.9344 2.6056 0.36551 0.009263 -0.69987 0.9291 -1.9875 -0.36895 -0.38798 -3.0456 -0.99874 -0.36551 -0.0092626 0.69987 0.17282 -2.0031 1.0859 -1.1746 -2.9648 0.37135
2 21 336 2.0017 4.2995 1.019 1.5332 3.1481 0.78771 2.0089 3.1048 -0.072033 3.3835 2.2395 0.10228 3.7667 3.5055 0.89471 1.0703 3.2178 1.6528 1.8707 2.343 2.7766 2.6071 3.6947 2.6853 0.37293 0.0051913 -0.69599 1.1651 -1.8959 -0.28051 -0.12553 -3.0148 -0.85768 -0.37293 -0.0051918 0.69599 0.35302 -1.9139 1.19 -0.88767 -2.9735 0.42274
2 22 336 2.1586 4.1982 1.1197 1.6344 3.0773 0.86248 2.1239 3.0238 0.011081 3.383 1.991 0.13968 3.9812 3.1163 1.0078 1.1593 3.1561 1.72 1.858 2.1691 2.8184 2.7542 3.4235 2.7907 0.38094 0.0071793 -0.69161 1.3385 -1.799 -0.20693 0.18709 -3.0906 -0.71386 -0.38094 -0.0071793 0.69161 0.48591 -1.8305 1.2733 -0.61133 -3.0322 0.49677
2 23 336 2.2902 4.1039 1.2056 1.7114 3.019 0.91785 2.2022 2.955 0.067952 3.3333 1.7773 0.11744 4.137 2.6923 1.0632 1.2364 3.1072 1.7746 1.8041 1.9971 2.8302 2.8633 3.1161 2.8885 0.38524 0.0087333 -0.68921 1.4321 -1.7366 -0.1674 0.55069 -3.2567 -0.57162 -0.38524 -0.0087333 0.68921 0.57598 -1.7631 1.3314 -0.30654 -3.1727 0.63498
2 24 336 2.3818 4.033 1.2525 1.7586 2.9834 0.93601 2.242 2.9117 0.08245 3.2247 1.6069 0.060036 4.2056 2.2487 1.0618 1.2927 3.078 1.797 1.7099 1.8462 2.7856 2.926 2.7799 2.9501 0.38285 0.0055532 -0.69057 1.444 -1.7317 -0.17073 0.92494 -3.4377 -0.43703 -0.38285 -0.0055532 0.69057 0.62198 -1.7205 1.3716 0.038264 -3.3434 0.84617
2 25 336 2.4359 3.978 1.2989 1.7919 2.9526 0.9561 2.2755 2.8781 0.10288 3.08 1.4593 0.011313 4.1897 1.784 1.0315 1.3268 3.0491 1.8173 1.5846 1.7193 2.7304 2.9302 2.4178 3.0114 0.38057 0.0047641 -0.69184 1.4442 -1.7369 -0.19224 1.2666 -3.5258 -0.32985 -0.38057 -0.0047641 0.69184 0.64514 -1.6913 1.4115 0.33363 -3.4333 1.0659
2 26 336 2.4306 3.9583 1.3586 1.7978 2.9347 0.99398 2.2973 2.8652 0.1496 2.9151 1.3611 -0.0074677 4.0914 1.3517 0.98947 1.3166 3.0261 1.8469 1.4336 1.6301 2.6873 2.8568 2.0591 3.0974 0.37985 0.013205 -0.69212 1.5057 -1.6912 -0.2006 1.4406 -3.4908 -0.29186 -0.37985 -0.013205 0.69212 0.72007 -1.6333 1.4536 0.47782 -3.406 1.2304
2 27 336 2.3624 3.9942 1.3715 1.7628 2.9566 0.99444 2.2723 2.8981 0.15516 2.7397 1.345 -0.039603 3.9307 1.0271 0.88682 1.2712 3.0374 1.8425 1.3017 1.6004 2.619 2.7427 1.7379 3.1502 0.37067 0.021982 -0.69686 1.6893 -1.5226 -0.15848 1.3808 -3.2933 -0.30139 -0.37067 -0.021982 0.69686 0.8452 -1.5044 1.5562 0.47034 -3.2435 1.2631
2 28 324 2.0867 3.9353 1.8976 1.5845 2.9024 1.389 2.2522 2.8594 0.66808 2.6491 1.2795 0.54434 3.6259 0.69544 1.5847 0.93247 2.9675 2.1225 0.74467 1.4921 2.7982 1.9681 1.322 3.7212 0.49211 0.030093 -0.61678 1.8637 -1.2398 0.34261 1.2619 -2.8962 -0.038671 -0.49211 -0.030093 0.61678 0.66585 -1.277 1.8491 0.12921 -2.8766 1.2134
2 72 336 1.9787 4.3456 0.8821 1.5085 3.1886 0.6719 1.9516 3.1681 -0.20595 3.5442 2.8766 0.011938 3.4349 4.3803 0.33514 1.077 3.2361 1.5545 2.2707 2.837 2.5959 2.4403 4.3628 2.4518 0.35321 -0.022413 -0.70586 0.47512 -2.1184 -0.62642 -0.55129 -3.4546 -1.2683 -0.35321 0.022413 0.70586 -0.2853 -2.0637 0.94655 -1.5226 -3.2954 0.49626
2 73 336 1.8157 4.4262 0.83792 1.3541 3.2629 0.64346 1.802 3.2389 -0.23183 3.419 3.0642 -0.078545 3.1707 4.5394 0.29542 0.91674 3.3143 1.5229 2.0817 2.9833 2.6193 2.2157 4.5074 2.4271 0.37195 -0.018288 -0.69629 0.49008 -2.1128 -0.57989 -0.51891 -3.4407 -1.2651 -0.37195 0.018289 0.69629 -0.22221 -2.0633 0.93884 -1.5118 -3.2355 0.47649
2 74 336 1.8485 4.3953 0.91363 1.389 3.2302 0.72434 1.8357 3.2053 -0.15152 3.4619 3.0796 -0.059264 3.1528 4.5353 0.34441 0.95302 3.2826 1.6044 2.0764 2.961 2.7461 2.237 4.4828 2.5562 0.38443 -0.0081673 -0.68967 0.68981 -2.0748 -0.46606 -0.40009 -3.3361 -1.1533 -0.38443 0.0081673 0.68967 -0.026006 -2.0304 1.0503 -1.3269 -3.1189 0.43895
2 75 336 1.9137 4.3506 0.99107 1.4295 3.1986 0.78452 1.8819 3.1739 -0.088437 3.5066 3.0114 -0.034753 3.2083 4.4665 0.379 0.98893 3.2502 1.6623 2.0719 2.8681 2.8241 2.296 4.3854 2.665 0.39193 -0.00060272 -0.68549 0.91204 -2.0103 -0.36132 -0.18073 -3.2908 -1.0071 -0.39193 0.00060272 0.68549 0.16823 -1.9626 1.1818 -1.0582 -3.0706 0.46132
2 76 336 1.9782 4.3152 1.0288 1.4615 3.1825 0.7959 1.9168 3.1595 -0.07561 3.5296 2.9021 -0.039292 3.3166 4.3717 0.37618 1.0188 3.2319 1.6728 2.0671 2.7533 2.8306 2.3893 4.2566 2.7127 0.3881 -0.0015378 -0.68766 1.1029 -1.935 -0.28122 0.10555 -3.3172 -0.86911 -0.3881 0.0015378 0.68766 0.33947 -1.8796 1.2762 -0.7662 -3.0801 0.50998
2 77 336 2.045 4.2741 1.0694 1.4986 3.1603 0.81494 1.9588 3.1354 -0.053914 3.5483 2.759 -0.026487 3.4541 4.2383 0.39834 1.0517 3.2111 1.6897 2.0539 2.6363 2.8446 2.4926 4.1123 2.7631 0.38382 -0.00038481 -0.69006 1.2501 -1.8557 -0.21937 0.42112 -3.3678 -0.74594 -0.38382 0.00038481 0.69006 0.48875 -1.7957 1.3434 -0.46711 -3.1252 0.5887
2 78 336 2.0943 4.2376 1.1153 1.5251 3.1387 0.84722 1.995 3.1051 -0.016192 3.546 2.5926 -0.0003362 3.5888 4.0692 0.44184 1.0695 3.1978 1.7169 2.0132 2.5278 2.8697 2.5657 3.9664 2.8161 0.387 0.003696 -0.68827 1.3557 -1.7915 -0.18501 0.74286 -3.4281 -0.62892 -0.387 -0.003696 0.68827 0.61488 -1.7105 1.3936 -0.15931 -3.1956 0.72589
2 79 336 2.097 4.2317 1.1291 1.5148 3.1412 0.85458 1.9889 3.1012 -0.0062098 3.4869 2.4493 -0.0071057 3.6736 3.9054 0.46475 1.0551 3.2064 1.7216 1.932 2.4392 2.8666 2.5875 3.8344 2.8307 0.3876 0.0076337 -0.6879 1.435 -1.7413 -0.17938 1.075 -3.4749 -0.51967 -0.3876 -0.0076337 0.6879 0.70919 -1.6545 1.3944 0.15131 -3.2996 0.91154
2 80 336 2.0609 4.2452 1.1371 1.473 3.1612 0.8493 1.9561 3.1199 -0.0064421 3.3855 2.3292 -0.030134 3.7105 3.7489 0.47627 1.0046 3.2277 1.7116 1.811 2.372 2.8457 2.5508 3.7247 2.8267 0.38618 0.013544 -0.68861 1.5062 -1.6917 -0.18657 1.3872 -3.4758 -0.41783 -0.38618 -0.013544 0.68861 0.77196 -1.6304 1.366 0.42675 -3.3788 1.0925
2 81 336 2.0142 4.2675 1.1327 1.4376 3.1815 0.83175 1.9295 3.1438 -0.019107 3.2825 2.2301 -0.076002 3.725 3.6044 0.46563 0.96027 3.2442 1.6894 1.6857 2.3082 2.8147 2.4929 3.622 2.8154 0.37377 0.019204 -0.69529 1.5838 -1.6277 -0.20773 1.605 -3.4249 -0.35108 -0.37377 -0.019204 0.69529 0.83926 -1.5915 1.3814 0.62862 -3.3759 1.2319
2 82 336 1.9511 4.2999 1.1235 1.3915 3.2044 0.82281 1.8802 3.1914 -0.030603 3.1687 2.1917 -0.12522 3.683 3.5254 0.4531 0.91662 3.2428 1.6833 1.5739 2.2604 2.8109 2.4194 3.5498 2.8287 0.35603 0.027568 -0.70426 1.7027 -1.5035 -0.19769 1.6431 -3.3002 -0.33543 -0.35603 -0.027568 0.70426 0.9526 -1.4925 1.4498 0.7326 -3.2764 1.3075
2 83 336 1.9151 4.3196 1.1123 1.3745 3.2152 0.80884 1.8624 3.2245 -0.045126 3.1155 2.1831 -0.1631 3.6562 3.4926 0.44563 0.89984 3.2317 1.6701 1.524 2.2242 2.7945 2.3969 3.4943 2.8423 0.34674 0.025611 -0.70895 1.9575 -1.1891 -0.12218 1.6454 -2.9557 -0.30285 -0.34674 -0.025611 0.70895 1.1477 -1.2252 1.5703 0.70807 -2.9467 1.2634
2 95 324 2.3177 3.8325 1.8477 1.7471 2.8355 1.3299 2.3626 2.8149 0.56296 2.7604 1.2355 0.43682 3.7887 0.55297 1.3612 1.1481 2.8779 2.1088 0.99028 1.3625 2.6981 2.2467 1.0185 3.5232 0.46224 0.010777 -0.64009 1.8322 -1.1516 0.44908 1.1612 -2.7133 -0.15229 -0.46224 -0.010777 0.64009 0.87996 -1.2809 1.6399 -0.06414 -2.6946 1.0392
2 96 324 2.2946 3.8718 1.7982 1.7319 2.8606 1.2995 2.3419 2.8403 0.52823 2.6396 1.2454 0.33761 3.5802 0.27222 1.0765 1.1382 2.9029 2.0825 0.90541 1.3709 2.5997 2.042 0.67448 3.3749 0.45772 0.010949 -0.64333 1.772 -1.2563 0.3964 1.1293 -2.8358 -0.18936 -0.45772 -0.010949 0.64333 0.831 -1.3769 1.5855 -0.09959 -2.8109 1.0123
2 97 324 2.2501 3.9266 1.7383 1.702 2.8966 1.2621 2.3057 2.8733 0.48594 2.4969 1.2739 0.21336 3.3132 0.06559 0.71472 1.1143 2.9425 2.0494 0.80444 1.3999 2.4886 1.7273 0.37206 3.1738 0.45594 0.011292 -0.64458 1.7157 -1.35 0.34245 1.0928 -2.9417 -0.23119 -0.45594 -0.011292 0.64458 0.77822 -1.4595 1.5356 -0.13849 -2.9092 0.97998
2 97 336 2.5623 3.9266 1.2325 1.9272 2.8966 0.88064 2.3563 2.8733 -0.0040548 2.4867 1.2739 -0.31044 3.3894 0.06559 0.010259 1.516 2.9425 1.7729 1.3043 1.3999 2.267 2.3495 0.37206 2.7453 0.31196 0.011292 -0.72529 1.7494 -1.35 -0.021752 1.0208 -2.9417 -0.45333 -0.31196 -0.011292 0.72529 1.0805 -1.4595 1.3403 0.068286 -2.9092 0.98736
2 98 336 2.4863 3.9942 1.1721 1.8754 2.9438 0.839 2.2932 2.9189 -0.051091 2.2851 1.3314 -0.43667 2.9972 -0.032613 -0.33725 1.4751 2.9919 1.7361 1.1586 1.4453 2.1562 1.8915 0.15779 2.584 0.30595 0.011407 -0.72785 1.6797 -1.4308 -0.05915 0.97171 -3.0336 -0.48441 -0.30595 -0.011407 0.72785 1.0147 -1.5383 1.3098 0.015508 -2.9982 0.96192
2 99 336 2.3879 4.0694 1.117 1.8083 2.9963 0.80255 2.216 2.9739 -0.09226 2.0524 1.4199 -0.56875 2.5761 -0.026196 -0.67842 1.4175 3.0423 1.7039 0.97104 1.5066 2.0375 1.3541 0.065957 2.4316 0.30333 0.013191 -0.72891 1.6119 -1.5038 -0.09585 0.91588 -3.112 -0.52019 -0.30334 -0.013191 0.72891 0.9478 -1.6073 1.2836 -0.036052 -3.078 0.93709
