0 5 132 -0.37027 4.7961 0.57575 -0.22757 3.5641 0.32355 0.40569 3.4598 1.0688 1.6125 2.5532 1.6936 2.4737 2.901 2.9245 -0.86282 3.6976 -0.41539 -2.0284 2.5585 -0.52848 -3.2646 2.4184 0.38245 0.22905 -0.047015 0.7542 -0.8973 -1.8202 0.7914 -0.87174 -3.6019 1.067 -0.22905 0.047015 -0.7542 0.16138 -2.0158 -0.67268 1.206 -3.4745 -0.49463
0 7 120 -0.39234 4.7798 0.65328 -0.27877 3.5579 0.34146 0.4302 3.4632 1.0166 1.8105 2.6214 1.2509 3.0223 3.0146 2.1197 -0.98967 3.6815 -0.32689 -2.1158 2.5226 -0.087188 -3.0031 2.4391 1.1711 0.187 -0.050315 0.76551 -1.0021 -1.7775 0.63374 -1.0526 -3.5613 0.89124 -0.187 0.050314 -0.76551 0.24456 -2.0005 -0.61696 1.2794 -3.4268 -0.23501
0 9 108 -0.44213 4.7618 0.70527 -0.34221 3.5507 0.35315 0.40454 3.4648 0.98747 1.8201 2.6527 0.91482 3.2173 3.0302 1.4468 -1.0908 3.6656 -0.27439 -2.083 2.4949 0.28562 -2.5656 2.4684 1.7499 0.14407 -0.059207 0.7741 -1.0693 -1.7405 0.43431 -1.1948 -3.5245 0.66297 -0.14407 0.059207 -0.7741 0.30764 -1.981 -0.55543 1.2896 -3.3802 0.018029
0 10 108 -0.39089 4.7571 0.75041 -0.33295 3.5494 0.38005 0.48105 3.4719 0.92663 1.8655 2.664 0.6113 3.3454 3.0016 0.88254 -1.1482 3.6559 -0.15974 -1.9772 2.4832 0.61891 -2.0694 2.4843 2.1581 0.19427 -0.0623 0.76281 -1.0479 -1.7269 0.44616 -1.1917 -3.5113 0.6616 -0.19427 0.0623 -0.76281 0.28691 -1.9714 -0.54629 1.2868 -3.3658 0.0075944
0 11 108 -0.36087 4.7522 0.77254 -0.34009 3.5479 0.38947 0.52306 3.4789 0.85594 1.8546 2.6587 0.3839 3.3701 2.9378 0.43837 -1.2041 3.6458 -0.070111 -1.8397 2.4795 0.88091 -1.5389 2.5142 2.3929 0.23546 -0.058336 0.75143 -1.0232 -1.7182 0.478 -1.1886 -3.503 0.67338 -0.23546 0.058336 -0.75143 0.25976 -1.9725 -0.53987 1.2835 -3.3547 0.00090969
0 12 108 -0.35768 4.7479 0.77764 -0.36425 3.5455 0.38917 0.52937 3.4861 0.7957 1.8154 2.6451 0.24116 3.3385 2.8676 0.14945 -1.2586 3.6339 -0.01034 -1.6866 2.4813 1.0653 -1.0328 2.5625 2.4595 0.26952 -0.051195 0.74043 -0.99285 -1.7155 0.51486 -1.1887 -3.4998 0.68405 -0.26952 0.051195 -0.74043 0.23251 -1.9782 -0.53143 1.2787 -3.3486 -0.0036771
0 21 132 -0.55053 4.7776 0.50098 -0.46654 3.5512 0.19897 0.34309 3.523 0.7567 1.6691 2.5706 0.69771 3.0795 2.7214 1.3024 -1.2787 3.6085 -0.35277 -1.8676 2.5424 0.73597 -1.1915 2.6562 2.1171 0.27355 -0.0042086 0.74071 -0.85112 -1.7775 0.81142 -0.92478 -3.5632 1.0494 -0.27355 0.0042086 -0.74071 -0.06129 -2.086 -0.75428 1.0904 -3.455 -0.5302
0 23 144 -0.58698 4.7869 0.41044 -0.46475 3.5542 0.14763 0.27104 3.5279 0.79978 1.5925 2.5808 0.95891 2.8612 2.7617 1.8164 -1.2037 3.6096 -0.49911 -2.0796 2.5695 0.40617 -2.0259 2.5973 1.947 0.24414 0.00053406 0.75093 -0.80759 -1.8119 0.90382 -0.7181 -3.5922 1.1745 -0.24414 -0.0005343 -0.75093 -0.19737 -2.0989 -0.84497 0.93003 -3.5035 -0.7617
0 24 156 -0.55803 4.7913 0.4387 -0.44014 3.5559 0.18574 0.31496 3.5337 0.81557 1.6463 2.5973 0.95572 2.9028 2.79 1.8284 -1.1983 3.6074 -0.43872 -2.1171 2.5823 0.4409 -2.2652 2.5718 1.9757 0.29935 -0.0019205 0.73067 -0.67825 -1.8372 1.0311 -0.47211 -3.6106 1.2832 -0.29935 0.0019205 -0.73067 -0.35065 -2.0954 -0.84483 0.73934 -3.5279 -0.94882
0 25 156 -0.61218 4.7939 0.34195 -0.45089 3.5573 0.12063 0.17735 3.5315 0.87695 1.4522 2.6028 1.3026 2.4896 2.7992 2.4264 -1.0829 3.6123 -0.63095 -2.202 2.6018 -0.0022014 -2.8727 2.5546 1.3855 0.20289 0.00046086 0.76311 -0.74615 -1.8588 1.0017 -0.4863 -3.6233 1.266 -0.20289 -0.0004611 -0.76311 -0.32804 -2.0931 -0.90291 0.7276 -3.5536 -0.96222
0 26 168 -0.56417 4.7974 0.38545 -0.4131 3.5603 0.15941 0.24463 3.5279 0.88996 1.5162 2.6078 1.3431 2.5215 2.8002 2.4964 -1.0742 3.622 -0.56616 -2.2358 2.6313 0.015051 -3.1106 2.5496 1.2823 0.26591 -0.0027633 0.74349 -0.58921 -1.8863 1.1113 -0.22778 -3.6399 1.3241 -0.26591 0.0027628 -0.74349 -0.47913 -2.0836 -0.87032 0.50393 -3.5771 -1.1022
0 27 168 -0.58708 4.8016 0.29955 -0.41022 3.5627 0.10417 0.12065 3.5296 0.93148 1.2516 2.6128 1.6724 1.937 2.7888 3.0425 -0.94512 3.6249 -0.71886 -2.2262 2.6471 -0.45156 -3.4962 2.5342 0.41571 0.17597 -0.0029111 0.76976 -0.64931 -1.9106 1.0763 -0.23884 -3.6518 1.3011 -0.17597 0.0029106 -0.76976 -0.44652 -2.0747 -0.92686 0.49459 -3.6001 -1.1224
0 28 180 -0.54101 4.8054 0.34096 -0.38075 3.5647 0.14279 0.19054 3.5311 0.94271 1.2895 2.6078 1.7228 1.8917 2.7677 3.1333 -0.9557 3.6274 -0.65273 -2.2646 2.6667 -0.47248 -3.6354 2.548 0.22358 0.25241 -0.0046096 0.74817 -0.4772 -1.9319 1.1575 0.021372 -3.659 1.2971 -0.25241 0.0046096 -0.74817 -0.60445 -2.0631 -0.86984 0.23644 -3.6188 -1.2216
0 30 192 -0.53649 4.8102 0.29884 -0.36031 3.5678 0.12609 0.12953 3.5378 0.97845 0.93622 2.5901 2.0367 0.97651 2.6818 3.5754 -0.85416 3.627 -0.72241 -2.182 2.7323 -1.0464 -3.7161 2.6389 -0.92156 0.26043 0.00050831 0.74543 -0.34135 -1.9675 1.1686 0.25319 -3.6693 1.2056 -0.26043 -0.00050831 -0.74543 -0.75414 -2.0408 -0.83303 -0.068879 -3.6431 -1.2956
0 31 204 -0.49667 4.8131 0.33242 -0.33056 3.5695 0.15849 0.20855 3.5394 0.98057 0.94291 2.5741 2.0749 0.84969 2.6171 3.6135 -0.87336 3.6288 -0.65956 -2.1905 2.7738 -1.11 -3.731 2.7276 -1.0626 0.3473 0.001811 0.70914 -0.14476 -1.9836 1.189 0.48046 -3.6724 1.0997 -0.3473 -0.001811 -0.70914 -0.89712 -2.0296 -0.71426 -0.34798 -3.6512 -1.2796
0 34 228 -0.48847 4.8159 0.31249 -0.31226 3.5697 0.17083 0.17084 3.5477 1.0273 0.40483 2.5003 2.2589 -0.35672 2.4206 3.5973 -0.79907 3.6211 -0.68224 -1.8494 2.8827 -1.6924 -3.2957 2.9387 -2.2242 0.44169 0.01196 0.65442 0.1793 -2.0286 1.0807 0.82301 -3.6782 0.74116 -0.44169 -0.01196 -0.65442 -1.0955 -2.0012 -0.48222 -0.87362 -3.6724 -1.1215
0 35 240 -0.46908 4.8164 0.33601 -0.29705 3.5696 0.19438 0.21844 3.5469 1.0317 0.36773 2.4794 2.2593 -0.49466 2.3722 3.5331 -0.81607 3.6217 -0.63945 -1.7981 2.9005 -1.7276 -3.1971 2.9826 -2.3708 0.51348 0.017102 0.59962 0.35107 -2.0386 1.0023 0.94654 -3.6749 0.53456 -0.51348 -0.017103 -0.59962 -1.1752 -1.9889 -0.30217 -1.0969 -3.6729 -0.94149
0 36 252 -0.45187 4.8163 0.35299 -0.28392 3.5691 0.21052 0.26258 3.5452 1.0279 0.33481 2.4531 2.2407 -0.61653 2.3316 3.4481 -0.83373 3.6225 -0.60324 -1.7364 2.9059 -1.761 -3.0886 3.0162 -2.494 0.57941 0.024031 0.53592 0.50449 -2.0449 0.89422 1.025 -3.6691 0.30949 -0.57941 -0.024031 -0.53592 -1.2227 -1.9747 -0.093755 -1.2839 -3.673 -0.69614
0 37 264 -0.42521 4.8175 0.36009 -0.25392 3.5708 0.22026 0.32202 3.548 1.0172 0.32766 2.4328 2.211 -0.71173 2.3028 3.3426 -0.83298 3.623 -0.57304 -1.6554 2.8956 -1.7826 -2.9497 3.0296 -2.61 0.63351 0.026108 0.47062 0.62879 -2.0531 0.77261 1.0633 -3.6589 0.077341 -0.63351 -0.026107 -0.47062 -1.224 -1.9566 0.11144 -1.4044 -3.669 -0.4234
0 38 276 -0.41092 4.8187 0.34278 -0.23115 3.5727 0.21161 0.36976 3.5538 0.99 0.31853 2.4149 2.1601 -0.81652 2.284 3.1955 -0.83501 3.6212 -0.56323 -1.5748 2.8648 -1.808 -2.8116 3.0196 -2.7157 0.6771 0.031559 0.40502 0.72254 -2.0581 0.61886 1.0551 -3.6441 -0.17165 -0.6771 -0.031559 -0.40502 -1.19 -1.9382 0.31338 -1.4637 -3.6637 -0.13209
0 39 288 -0.42725 4.8166 0.32321 -0.23347 3.5725 0.20304 0.39153 3.5589 0.96234 0.29166 2.3956 2.1049 -0.92648 2.2715 3.0421 -0.8613 3.6156 -0.55283 -1.5221 2.8218 -1.8185 -2.7004 2.98 -2.8004 0.71378 0.04159 0.33509 0.77716 -2.0558 0.44151 0.98703 -3.628 -0.41581 -0.71378 -0.041591 -0.33509 -1.1222 -1.919 0.51507 -1.4647 -3.6552 0.16973
0 40 300 -0.43055 4.8123 0.33091 -0.21712 3.5722 0.21614 0.43533 3.5646 0.95208 0.29459 2.3792 2.0673 -1.0023 2.2662 2.8937 -0.87232 3.6093 -0.51647 -1.456 2.7794 -1.7969 -2.5937 2.9162 -2.8286 0.74621 0.043852 0.25446 0.80838 -2.0562 0.27215 0.87483 -3.6132 -0.63458 -0.74621 -0.043852 -0.25446 -1.0139 -1.8982 0.69644 -1.3932 -3.6455 0.46462
0 58 300 -0.36167 4.7997 0.38348 -0.1015 3.5697 0.301 0.637 3.5876 0.95035 -0.077347 2.3944 1.8074 -1.5808 2.5919 1.5273 -0.84287 3.5812 -0.34523 -1.3736 2.5357 -1.4828 -2.5798 2.1331 -2.3549 0.77883 0.01784 0.12883 0.99234 -2.0691 0.24467 1.0485 -3.635 -0.6473 -0.77883 -0.017841 -0.12883 -0.94336 -1.9091 0.77138 -1.2502 -3.6542 0.43783
0 59 288 -0.39622 4.8023 0.3425 -0.14029 3.5698 0.28517 0.52924 3.5797 1.0056 -0.22816 2.3743 1.8068 -1.7226 2.6023 1.5028 -0.81286 3.5894 -0.4322 -1.2906 2.5604 -1.6076 -2.4886 2.2051 -2.5112 0.75343 0.0188 0.23556 0.95243 -2.0644 0.42211 1.171 -3.6477 -0.41242 -0.75343 -0.0188 -0.23556 -1.055 -1.9262 0.5923 -1.294 -3.6618 0.16632
0 60 288 -0.3518 4.8055 0.38118 -0.11548 3.5701 0.29635 0.62435 3.5763 0.9444 0.0084136 2.3517 1.8331 -1.5132 2.6001 1.8099 -0.85786 3.5934 -0.34839 -1.5157 2.5778 -1.4459 -2.8672 2.2649 -2.1191 0.76764 0.018466 0.1841 0.97575 -2.061 0.39999 1.1834 -3.6599 -0.40724 -0.76764 -0.018466 -0.1841 -1.0199 -1.9429 0.62053 -1.2768 -3.6679 0.16337
0 61 276 -0.38553 4.8071 0.34771 -0.14906 3.5705 0.28147 0.51831 3.5694 1.0039 -0.13107 2.3256 1.8407 -1.6516 2.5742 1.7783 -0.81921 3.6011 -0.43778 -1.4116 2.5919 -1.5778 -2.746 2.3066 -2.2957 0.7341 0.017275 0.29035 0.8984 -2.0578 0.57586 1.2562 -3.6685 -0.151 -0.7341 -0.017275 -0.29035 -1.0916 -1.9589 0.42827 -1.2602 -3.6738 -0.10242
0 62 276 -0.3452 4.8076 0.40377 -0.12792 3.5694 0.30358 0.60928 3.5583 0.95456 0.10721 2.2965 1.8626 -1.4004 2.5369 2.0796 -0.86739 3.61 -0.34365 -1.6152 2.6047 -1.392 -3.0608 2.3319 -1.8538 0.75151 0.017196 0.24172 0.92469 -2.0528 0.55673 1.2716 -3.6767 -0.14577 -0.75151 -0.017196 -0.24172 -1.053 -1.9737 0.46205 -1.2316 -3.6778 -0.099484
0 63 264 -0.38156 4.8097 0.37459 -0.16653 3.5692 0.28749 0.49534 3.5539 1.0149 -0.045866 2.2722 1.871 -1.5607 2.4938 2.0552 -0.83099 3.6139 -0.43629 -1.5011 2.5992 -1.5272 -2.9209 2.3267 -2.0634 0.7089 0.016473 0.3474 0.82202 -2.0485 0.71826 1.2921 -3.6857 0.1273 -0.7089 -0.016473 -0.3474 -1.0962 -1.9855 0.27473 -1.1592 -3.678 -0.34363
0 64 264 -0.33669 4.8117 0.40634 -0.14379 3.5691 0.30137 0.59022 3.5459 0.95564 0.19381 2.2432 1.8581 -1.2615 2.4428 2.3269 -0.87984 3.6216 -0.34887 -1.6808 2.5921 -1.3323 -3.165 2.308 -1.6394 0.73105 0.01641 0.29799 0.86063 -2.0428 0.69443 1.3154 -3.6943 0.13177 -0.73105 -0.01641 -0.29799 -1.0731 -1.9975 0.31237 -1.1349 -3.6782 -0.33764
0 65 252 -0.37348 4.8136 0.36925 -0.17951 3.5692 0.28248 0.47652 3.5425 1.0148 0.033866 2.2178 1.862 -1.4331 2.3986 2.3013 -0.83798 3.6253 -0.44596 -1.5464 2.5759 -1.4782 -3.0113 2.2751 -1.8542 0.6814 0.01463 0.39872 0.74125 -2.0385 0.84049 1.2887 -3.7018 0.41069 -0.6814 -0.014631 -0.39872 -1.0935 -2.0093 0.11672 -1.0128 -3.6802 -0.55601
0 66 252 -0.33122 4.8156 0.40169 -0.15664 3.5691 0.29748 0.56142 3.5409 0.96901 0.24292 2.1925 1.8346 -1.1131 2.3543 2.5506 -0.87679 3.6268 -0.36992 -1.6929 2.5502 -1.2884 -3.1939 2.2269 -1.43 0.70335 0.012561 0.35867 0.78221 -2.035 0.82297 1.3206 -3.7083 0.4215 -0.70335 -0.012561 -0.35867 -1.0732 -2.0182 0.1464 -0.98456 -3.6809 -0.5451
1 7 36 -1.0318 4.6386 0.85702 -0.8014 3.4036 0.72196 -0.2064 3.3878 1.505 0.98865 2.47 2.1361 1.9123 2.485 3.3708 -1.3995 3.4489 -0.057547 -1.7672 2.5505 -1.3715 -2.8897 2.6083 -2.4272 0.51155 -0.015726 0.60131 -0.15776 -1.908 1.2224 0.46768 -3.5561 0.84392 -0.51155 0.015726 -0.6013 -1.351 -1.8787 -0.25383 -0.64539 -3.4456 -0.79957
1 11 24 -0.88158 4.7184 0.43266 -0.68521 3.4757 0.3665 -0.26124 3.4582 1.2538 0.98009 3.3674 2.3119 1.6913 4.2156 3.3854 -1.1103 3.523 -0.51918 -1.1472 3.2235 -2.1247 -1.8548 3.8982 -3.3171 0.37665 -0.00038433 0.694 0.1666 -2.0061 1.2834 0.80489 -3.6492 1.6623 -0.37664 0.00038433 -0.694 -1.0649 -1.9478 -1.075 -0.54679 -3.5022 -1.8275
1 22 24 -0.67081 4.7925 0.068011 -0.49044 3.5434 0.0961 -0.055978 3.5844 0.97753 0.84585 3.5113 2.3377 1.4698 4.3168 3.4951 -0.9264 3.5323 -0.78548 -1.4317 2.9232 -2.2146 -2.3057 3.2475 -3.4429 0.40543 0.032543 0.67681 -0.018261 -1.8257 1.561 0.96746 -3.3349 1.5211 -0.40543 -0.032543 -0.67681 -1.1629 -1.9462 -1.0991 -0.48396 -3.3027 -2.0738
1 23 24 -0.69768 4.7841 0.094903 -0.52105 3.5348 0.13355 -0.080993 3.5798 1.012 0.83055 3.4409 2.3605 1.4844 4.1714 3.5507 -0.96253 3.5196 -0.74521 -1.4487 2.8892 -2.1717 -2.3137 3.1804 -3.4146 0.40473 0.028409 0.67741 0.043052 -1.8553 1.5348 0.98268 -3.3942 1.5371 -0.40473 -0.028409 -0.67741 -1.0906 -1.9726 -1.0826 -0.47719 -3.3611 -2.0556
1 24 24 -0.77133 4.7668 0.14074 -0.59734 3.5167 0.18241 -0.16278 3.5582 1.0638 0.76782 3.3909 2.396 1.4344 4.1103 3.5858 -1.0335 3.5049 -0.69905 -1.4922 2.8913 -2.1419 -2.3618 3.2203 -3.3721 0.40282 0.028842 0.67853 0.053557 -1.8556 1.5396 0.97171 -3.4071 1.5649 -0.40282 -0.028842 -0.67853 -1.0905 -1.9753 -1.0695 -0.49329 -3.3737 -2.0384
1 32 36 -1.0762 4.6708 0.62245 -0.85828 3.4259 0.56047 -0.23638 3.4613 1.3216 0.80834 2.459 2.0784 1.4484 2.2151 3.4599 -1.4847 3.4198 -0.19773 -1.8556 2.2658 -1.2929 -3.1309 1.7836 -2.0132 0.53195 0.034796 0.5825 0.25443 -1.9584 1.1861 0.90999 -3.6289 1.0107 -0.53196 -0.034796 -0.5825 -1.144 -2.0421 -0.48113 -0.77124 -3.5649 -1.3718
1 33 36 -1.1926 4.633 0.69911 -0.94274 3.3957 0.62531 -0.32824 3.4379 1.3921 0.63009 2.2415 1.9569 1.1638 1.6371 3.2713 -1.5632 3.3824 -0.13775 -1.7867 2.0927 -1.1153 -2.9516 1.2928 -1.7325 0.53548 0.039126 0.57899 0.10192 -1.9433 1.1233 0.64719 -3.6239 0.76373 -0.53548 -0.039126 -0.57899 -1.1965 -2.0099 -0.27322 -0.5859 -3.5296 -1.0272
1 35 48 -1.1316 4.5705 1.1145 -0.8431 3.3519 0.94904 -0.099567 3.3891 1.5918 0.64618 1.9356 1.5974 1.1549 0.78342 2.487 -1.593 3.343 0.31266 -1.693 1.8665 -0.37907 -2.6095 0.64539 -0.59508 0.6433 0.027174 0.45709 0.089396 -1.9344 0.96665 0.50559 -3.5584 0.30301 -0.6433 -0.027174 -0.45709 -1.1022 -1.9383 0.28542 -0.44151 -3.4266 -0.48875
1 36 48 -1.1681 4.5314 1.2306 -0.86369 3.3206 1.0407 -0.12621 3.3474 1.6909 0.46807 1.834 1.5319 0.83913 0.52035 2.249 -1.6078 3.322 0.3975 -1.5607 1.8015 -0.19789 -2.3233 0.46958 -0.34625 0.64329 0.017815 0.45756 -0.03332 -1.8985 0.99062 0.45985 -3.4775 0.27326 -0.64329 -0.017815 -0.45756 -1.0648 -1.8877 0.40271 -0.38316 -3.3344 -0.42999
1 38 60 -0.97666 4.3646 1.8129 -0.71035 3.1694 1.5124 0.15632 3.1772 1.9773 0.49228 1.6515 1.4997 0.74218 0.18523 1.9062 -1.5822 3.1892 1.0575 -1.4498 1.6651 0.48446 -2.0136 0.23491 0.60479 0.73582 0.01937 0.28581 -0.0010522 -1.6222 1.3705 0.35991 -3.0576 0.34069 -0.73582 -0.019369 -0.28581 -1.1523 -1.6941 0.91262 -0.51851 -2.9581 -0.20602
1 39 60 -0.96233 4.3965 1.7727 -0.69216 3.2089 1.4459 0.17672 3.2128 1.9067 0.52032 1.6814 1.4532 0.75176 0.2187 1.8827 -1.5663 3.2323 0.99566 -1.505 1.6924 0.45395 -2.078 0.27286 0.63932 0.73479 0.020119 0.28841 -0.0168 -1.5567 1.4559 0.3435 -2.9424 0.36008 -0.73479 -0.020119 -0.28841 -1.2478 -1.6354 0.95332 -0.53979 -2.8449 -0.18101
1 40 60 -0.89299 4.476 1.608 -0.64959 3.2731 1.3134 0.22097 3.2757 1.7711 0.61736 1.7324 1.4105 0.97742 0.33893 1.9639 -1.5247 3.2984 0.86526 -1.5695 1.7479 0.35269 -2.3087 0.41379 0.57943 0.72334 0.012387 0.31642 -0.033084 -1.6085 1.4186 0.35845 -2.984 0.32054 -0.72334 -0.012387 -0.31642 -1.2393 -1.6658 0.87277 -0.51729 -2.8938 -0.23248
1 42 48 -0.93676 4.6387 1.0337 -0.705 3.4091 0.85294 0.047027 3.4105 1.4868 0.70671 1.916 1.4867 1.2528 0.83295 2.4388 -1.4618 3.4366 0.2253 -1.7076 1.9334 -0.36544 -2.905 0.96304 -0.41312 0.62754 0.0043054 0.47924 -0.049357 -1.8747 1.1315 0.47 -3.4147 0.35077 -0.62754 -0.0043058 -0.47924 -1.2678 -1.8702 0.24388 -0.4727 -3.3251 -0.46459
1 44 36 -0.88916 4.7064 0.67953 -0.68535 3.4614 0.58281 -0.072295 3.4653 1.3519 0.74798 2.153 1.875 1.3495 1.5969 3.1814 -1.302 3.4869 -0.18298 -1.7522 2.1635 -1.0283 -3.1178 1.7244 -1.5941 0.51185 -0.0079145 0.6012 0.067879 -2.0015 1.094 0.63029 -3.6775 0.73984 -0.51185 0.0079145 -0.6012 -1.175 -1.9752 -0.39636 -0.53625 -3.5813 -0.90944
2 101 240 -1.2355 4.2178 2.0488 -0.89229 3.1062 1.5664 -0.035656 3.0898 2.0494 0.65629 1.6604 1.6664 1.0716 0.19852 1.9273 -1.7562 3.1474 1.098 -1.8321 1.6958 0.35253 -2.1231 0.1963 0.14156 0.69455 0.012243 0.37544 0.014769 -1.6434 1.476 0.50585 -3.2623 0.85257 -0.69455 -0.012243 -0.37544 -1.3073 -1.7372 0.65569 -0.85985 -3.2338 -0.24487
2 102 240 -1.1848 4.2888 1.9283 -0.85358 3.1597 1.4784 0.0021434 3.14 1.9628 0.77051 1.7848 1.471 1.3213 0.35405 1.636 -1.716 3.205 1.0077 -1.7071 1.8128 0.15301 -1.9285 0.32554 -0.18851 0.69317 0.014239 0.3779 0.062279 -1.7118 1.3962 0.54822 -3.3394 0.79151 -0.69317 -0.014239 -0.3779 -1.2738 -1.7978 0.56868 -0.82886 -3.3114 -0.30423
2 104 228 -1.3862 4.4273 1.4144 -1.0229 3.2615 1.0996 -0.28406 3.2481 1.7487 0.68918 2.0069 1.3231 1.3962 0.65314 1.5353 -1.7699 3.3015 0.46107 -1.4617 1.9978 -0.47389 -1.5066 0.51517 -0.89507 0.59597 0.015883 0.51775 -0.084175 -1.831 1.2532 0.47972 -3.4807 0.79358 -0.59597 -0.015883 -0.51775 -1.2343 -1.9046 0.14535 -0.65282 -3.4545 -0.56913
3 2 264 -0.61308 4.7782 0.1077 -0.25686 3.5745 0.036983 0.026262 3.6217 -0.90375 1.4186 2.8786 -1.3256 2.7356 3.3471 -0.67482 -0.54502 3.5566 0.9772 -1.825 2.5608 1.1739 -2.4259 1.3649 1.9396 0.078684 0.027162 -0.78522 -0.11502 -2.0451 -0.49772 -0.52793 -3.7889 -0.2987 -0.078685 -0.027162 0.78522 1.7886 -0.98425 0.89336 0.2497 -1.9191 0.79962
3 3 264 -0.59629 4.7815 0.11589 -0.24837 3.5751 0.043049 0.032048 3.6213 -0.89854 1.4459 2.8859 -1.2576 2.7434 3.4421 -0.63726 -0.53375 3.5583 0.98413 -1.8178 2.5687 1.186 -2.4201 1.3813 1.9636 0.079125 0.029807 -0.78508 -0.21517 -2.0322 -0.51004 -0.68882 -3.7606 -0.31127 -0.079124 -0.029807 0.78508 1.8449 -0.87286 0.8256 0.52082 -2.0945 0.75265
3 5 252 -0.54612 4.7907 0.041376 -0.20698 3.5776 0.035406 0.23545 3.6237 -0.8418 1.5539 2.6592 -0.82667 2.7141 3.202 0.031679 -0.65428 3.5608 0.9112 -1.8009 2.3975 0.93504 -2.3044 1.1049 1.6084 0.22965 0.041369 -0.75435 -0.30424 -1.9863 -0.6202 -0.90679 -3.6841 -0.54869 -0.22965 -0.041369 0.75435 1.5774 -1.0361 1.1536 0.87221 -2.6676 0.85066
3 51 300 -0.10233 4.8275 -0.013163 -0.18584 3.5754 0.11864 0.24656 3.574 1.002 1.2849 2.3129 1.0243 1.5278 0.82369 1.3417 -0.61677 3.6066 -0.76492 -1.6274 2.3293 -0.89086 -2.7848 3.0902 -0.21322 0.21668 -0.020697 0.75903 -1.5715 -1.0089 1.2493 0.05579 -1.3128 0.53473 -0.21668 0.020697 -0.75903 0.40897 -1.984 -0.69559 0.96042 -3.6989 -0.6184
3 52 300 -0.099804 4.8268 -0.01314 -0.18285 3.5754 0.12469 0.25644 3.5783 1.0047 1.3403 2.3563 1.0295 1.6326 0.87472 1.3412 -0.62074 3.6023 -0.75559 -1.7486 2.4246 -0.85454 -2.8517 3.2753 -0.1934 0.21337 -0.025131 0.75983 -1.6221 -0.96682 1.158 -0.12538 -1.7389 0.51411 -0.21337 0.025131 -0.75983 0.455 -1.9661 -0.71021 1.0421 -3.6696 -0.64426
3 53 300 -0.10154 4.8258 -0.0067409 -0.17869 3.575 0.13802 0.25854 3.5832 1.019 1.3675 2.384 1.0452 1.6841 0.90424 1.3416 -0.61464 3.5966 -0.74337 -1.7877 2.4616 -0.80984 -2.871 3.3503 -0.16621 0.21967 -0.030184 0.75785 -1.5662 -1.085 1.0929 -0.33736 -2.2629 0.49848 -0.21968 0.030185 -0.75785 0.4939 -1.9457 -0.72749 1.12 -3.6358 -0.67825
4 8 228 -0.87917 4.6288 1.1227 -0.69876 3.4275 0.76593 0.040375 3.3437 1.4094 0.48612 1.7732 1.4686 -0.72288 1.599 2.4097 -1.4424 3.5393 0.13193 -1.2704 2.2383 -0.84107 -2.2858 1.3374 -0.1096 0.63665 0.055223 0.46381 0.81279 -1.9703 -0.065918 1.2457 -3.4894 -0.93525 -0.63665 -0.055223 -0.46381 -1.2365 -1.722 0.66601 -0.88741 -3.4811 0.85143
4 10 240 -0.83393 4.6237 1.1924 -0.65682 3.421 0.83858 0.19372 3.3976 1.3319 0.7534 1.8665 1.2264 -0.28517 1.5861 2.3312 -1.5114 3.4723 0.35447 -1.5018 2.0814 -0.50231 -2.2942 1.4716 0.67149 0.71077 0.077785 0.33504 0.93282 -1.8473 -0.47672 1.2498 -3.2949 -1.5039 -0.71077 -0.077785 -0.33504 -1.0467 -1.7293 0.91947 -0.51928 -3.4528 0.87027
4 11 240 -0.94283 4.6073 1.183 -0.72585 3.4055 0.8486 0.12194 3.4158 1.3471 0.74489 1.9123 1.2056 -0.28138 1.4899 2.2762 -1.5787 3.4233 0.35894 -1.5451 1.9807 -0.40687 -2.2941 1.5204 0.85994 0.70615 0.081275 0.34387 0.96174 -1.8531 -0.4353 1.3718 -3.1763 -1.5894 -0.70615 -0.081275 -0.34387 -1.0603 -1.7072 0.93885 -0.43554 -3.3805 0.69293
4 12 240 -1.0083 4.6043 1.1561 -0.75411 3.4052 0.83942 0.088048 3.4459 1.3459 0.77161 1.9719 1.1761 -0.20174 1.3617 2.2046 -1.6022 3.3924 0.3415 -1.565 1.8967 -0.31455 -2.2667 1.5982 1.0256 0.70342 0.077103 0.35037 0.95587 -1.9201 -0.25118 1.472 -3.0354 -1.5705 -0.70342 -0.077103 -0.35037 -1.0452 -1.7059 0.93197 -0.33638 -3.3089 0.50906
4 13 240 -1.012 4.5953 1.1895 -0.73239 3.3996 0.88215 0.10749 3.4613 1.3902 0.83049 2.0079 1.2067 -0.041045 1.2014 2.1904 -1.5789 3.3657 0.38246 -1.5811 1.8161 -0.13454 -2.2337 1.7044 1.258 0.70959 0.061033 0.34096 0.88698 -2.0154 0.073908 1.5117 -2.8518 -1.3961 -0.70959 -0.061033 -0.34096 -0.99151 -1.7396 0.89082 -0.21719 -3.2588 0.30499
4 14 240 -1.0192 4.575 1.2516 -0.72667 3.3828 0.94328 0.11348 3.4493 1.4503 0.88638 2.0256 1.239 0.15596 1.0561 2.1898 -1.5736 3.344 0.44477 -1.6533 1.7525 0.085202 -2.2422 1.8346 1.5079 0.70672 0.047471 0.34898 0.77382 -2.0497 0.45769 1.4903 -2.6402 -1.0879 -0.70672 -0.047471 -0.34898 -0.94413 -1.788 0.80361 -0.097833 -3.2206 0.10918
4 15 240 -1.0271 4.5684 1.27 -0.73669 3.3764 0.95959 0.099967 3.4311 1.4738 0.9635 2.0735 1.1908 0.3675 1.0067 2.1312 -1.58 3.3495 0.45413 -1.7492 1.7391 0.23832 -2.2544 2 1.6716 0.69192 0.040467 0.37829 0.58874 -2.0021 0.85949 1.402 -2.5287 -0.66113 -0.69192 -0.040467 -0.37829 -0.89248 -1.8498 0.67075 0.022092 -3.1987 -0.10057
4 16 240 -1.0334 4.5568 1.3042 -0.76285 3.3645 0.97714 0.074814 3.4039 1.4911 1.047 2.1455 1.1167 0.5384 1.0413 2.0653 -1.6068 3.3527 0.47223 -1.8533 1.7419 0.35665 -2.2736 2.1578 1.7808 0.67569 0.035894 0.407 0.35336 -1.8771 1.2138 1.2669 -2.5675 -0.17895 -0.67569 -0.035894 -0.407 -0.79828 -1.9266 0.50095 0.16357 -3.2028 -0.33402
4 17 240 -1.0579 4.5489 1.3063 -0.8073 3.3575 0.95921 0.036358 3.3859 1.464 1.0946 2.2284 1.0069 0.66226 1.11 1.9764 -1.6569 3.3568 0.4637 -1.958 1.7527 0.39314 -2.3099 2.2795 1.7989 0.65655 0.039956 0.43685 0.11699 -1.7234 1.4437 1.0764 -2.7447 0.309 -0.65655 -0.039955 -0.43685 -0.67913 -2.0126 0.28588 0.31892 -3.2337 -0.58809
4 18 240 -1.068 4.5588 1.258 -0.83753 3.3666 0.89875 0.011641 3.3917 1.3944 1.1148 2.3066 0.87061 0.7616 1.1857 1.8689 -1.6924 3.3693 0.41234 -2.0172 1.7701 0.3358 -2.3271 2.3381 1.7354 0.63702 0.046396 0.46427 -0.035834 -1.6456 1.5125 0.84644 -3.0406 0.78679 -0.63702 -0.046396 -0.46427 -0.55348 -2.0856 0.034708 0.46811 -3.2763 -0.85379
4 19 240 -1.0811 4.5705 1.1924 -0.86427 3.3772 0.82734 -0.011763 3.4003 1.3173 1.0984 2.3439 0.75139 0.82158 1.2351 1.7865 -1.7222 3.3819 0.34635 -2.0382 1.7842 0.21969 -2.343 2.3108 1.6365 0.61736 0.054227 0.48931 -0.09468 -1.6607 1.4723 0.55681 -3.33 1.2718 -0.61736 -0.054227 -0.48931 -0.42262 -2.1302 -0.2313 0.62202 -3.2954 -1.1268
4 20 240 -1.0751 4.5894 1.111 -0.86686 3.3953 0.74328 -0.01556 3.4148 1.2355 1.0765 2.3437 0.66197 0.86746 1.2551 1.7338 -1.7233 3.4039 0.25966 -2.0016 1.8072 0.055322 -2.3472 2.2349 1.4959 0.5937 0.057014 0.51746 -0.072674 -1.738 1.3824 0.24431 -3.4865 1.6881 -0.5937 -0.057014 -0.51746 -0.27866 -2.1341 -0.48831 0.79054 -3.2796 -1.3803
4 25 264 -0.95208 4.6034 1.0895 -0.8442 3.4086 0.68379 0.053634 3.3902 1.0849 1.0038 2.0951 0.78718 0.82027 1.1559 1.9963 -1.7453 3.455 0.29233 -1.8229 1.9806 -0.40692 -2.2467 1.5673 1.0169 0.6706 0.12762 0.39688 0.11744 -1.5895 1.4738 0.83352 -3.2179 1.1799 -0.6706 -0.12762 -0.39688 -0.67849 -2.1748 0.075515 0.14751 -2.3417 -1.5185
4 27 276 -1.0163 4.5783 1.1677 -0.87321 3.3855 0.76755 0.0052146 3.374 1.2098 0.88404 2.0004 1.1121 0.4031 1.4021 2.4494 -1.7558 3.4249 0.33518 -1.7229 2.1044 -0.62604 -2.304 1.5293 0.68134 0.69498 0.13895 0.34813 0.3587 -1.7331 1.2406 1.1016 -3.2084 0.51763 -0.69498 -0.13895 -0.34813 -0.99537 -1.9126 0.7373 -0.081197 -2.3907 -0.74143
4 29 288 -1.0751 4.5882 1.0976 -0.89572 3.384 0.74944 -0.037996 3.3915 1.2307 0.82605 2.0051 1.2456 0.16152 1.7031 2.6039 -1.7582 3.4046 0.27707 -1.6745 2.1723 -0.79215 -2.328 1.554 0.46017 0.70285 0.14872 0.32769 0.75681 -1.9331 0.60591 1.3851 -3.3549 -0.30767 -0.70285 -0.14872 -0.32769 -1.0333 -1.712 1.0366 -0.10769 -2.9192 0.068788
4 30 288 -1.1876 4.5947 0.95769 -0.95955 3.3877 0.64942 -0.15171 3.4142 1.2098 0.69292 2.0195 1.3103 -0.090564 1.7515 2.611 -1.7731 3.3893 0.096693 -1.5545 2.1792 -0.97878 -2.3432 1.5349 0.179 0.67765 0.14965 0.37668 0.92864 -1.9362 0.3558 1.557 -3.3514 -0.56791 -0.67765 -0.14965 -0.37668 -1.0621 -1.7258 0.95834 -0.14357 -3.2007 0.4768
4 31 300 -1.0637 4.609 1.0504 -0.84282 3.401 0.74004 0.015346 3.4608 1.2168 0.84343 2.0527 1.2298 0.25296 1.7707 2.626 -1.7065 3.3696 0.27047 -1.6054 2.1849 -0.84984 -2.2527 1.5188 0.38102 0.72765 0.14444 0.27047 1.0879 -1.8958 -0.07899 1.5551 -3.3058 -1.1009 -0.72765 -0.14444 -0.27047 -0.84743 -1.7791 1.044 -0.067233 -3.3962 0.8789
4 32 300 -1.1315 4.6238 0.91443 -0.88452 3.4105 0.64805 -0.043712 3.5071 1.1491 0.7603 2.0878 1.2382 0.11192 1.7713 2.601 -1.7318 3.3424 0.1532 -1.5087 2.1668 -0.95905 -2.2647 1.5036 0.2099 0.71353 0.13964 0.30801 1.1619 -1.8567 -0.16935 1.7225 -3.2034 -1.2291 -0.71353 -0.13964 -0.30801 -0.79598 -1.835 0.93027 -0.075391 -3.4823 1.0646
4 33 300 -1.1991 4.6343 0.77402 -0.9281 3.4193 0.5417 -0.10093 3.5432 1.0592 0.69076 2.1215 1.2036 -0.0076431 1.7661 2.5316 -1.7624 3.3239 0.02969 -1.4328 2.1175 -1.0213 -2.2699 1.4863 0.10944 0.7012 0.14592 0.33245 1.1978 -1.8535 -0.07975 1.873 -3.025 -1.2725 -0.7012 -0.14593 -0.33245 -0.79738 -1.8898 0.83545 -0.018828 -3.5061 1.0152
4 34 312 -1.1005 4.6321 0.92893 -0.856 3.4186 0.66208 0.052434 3.5614 1.0109 0.87014 2.1472 1.0126 0.43022 1.7311 2.4307 -1.7709 3.3041 0.31975 -1.5874 2.0221 -0.67605 -2.2199 1.4667 0.61584 0.74605 0.1526 0.20886 1.1958 -1.875 -0.10893 1.6944 -2.788 -1.5816 -0.74605 -0.1526 -0.20886 -0.63966 -1.9144 0.93091 0.2412 -3.4824 0.8033
4 35 312 -1.0968 4.6302 0.95055 -0.82042 3.4216 0.69226 0.076546 3.5757 1.0652 0.91591 2.1742 1.0518 0.47161 1.653 2.4333 -1.7244 3.2958 0.32583 -1.5209 1.9019 -0.50142 -2.1588 1.4796 0.83742 0.74355 0.12164 0.23629 1.2111 -1.9267 0.22402 1.8027 -2.5616 -1.3564 -0.74355 -0.12164 -0.23629 -0.62914 -1.8596 0.93872 0.30832 -3.3591 0.58733
4 36 312 -1.1655 4.5985 1.015 -0.85096 3.4007 0.75089 0.027659 3.5598 1.1633 0.90416 2.1846 1.0666 0.46367 1.5492 2.4007 -1.7374 3.2694 0.34544 -1.5897 1.7688 -0.28312 -2.1941 1.5278 1.1148 0.73057 0.10719 0.27977 1.1153 -1.9246 0.65141 1.7987 -2.3723 -0.9559 -0.73057 -0.1072 -0.27977 -0.70065 -1.8259 0.92833 0.32461 -3.2097 0.39469
4 37 312 -1.1992 4.5955 1.0017 -0.86921 3.4036 0.72998 -0.0068545 3.5577 1.1772 0.92883 2.2375 0.95279 0.44852 1.553 2.2484 -1.7397 3.2773 0.28995 -1.6598 1.7117 -0.16987 -2.2317 1.6524 1.2609 0.71016 0.098834 0.33075 0.86383 -1.8604 1.0739 1.7009 -2.3103 -0.45837 -0.71016 -0.098834 -0.33075 -0.69754 -1.8524 0.82653 0.38468 -3.1389 0.17503
4 38 312 -1.201 4.5964 0.99356 -0.88284 3.4001 0.72711 -0.023535 3.5424 1.1839 0.97212 2.2957 0.83297 0.42298 1.615 2.1029 -1.75 3.2857 0.27734 -1.7259 1.6944 -0.091343 -2.271 1.7751 1.3488 0.69319 0.091232 0.36696 0.48422 -1.725 1.4022 1.5034 -2.3929 0.07326 -0.69319 -0.091232 -0.36696 -0.64323 -1.9177 0.6702 0.47299 -3.1339 -0.054914
4 40 324 -0.98143 4.6251 1.0796 -0.77937 3.4091 0.79032 0.16598 3.525 1.0358 1.0839 2.3967 0.29205 0.73051 1.7624 1.6524 -1.7297 3.3217 0.55255 -1.8318 1.7334 0.18437 -2.024 1.8221 1.7117 0.7287 0.10413 0.28573 0.25308 -1.5046 1.5507 1.0796 -2.9456 0.84974 -0.7287 -0.10413 -0.28573 -0.2971 -2.0771 0.29344 0.62118 -3.2626 -0.7076
4 41 324 -0.99965 4.6438 0.96935 -0.813 3.421 0.69863 0.12967 3.526 0.95884 1.0343 2.4175 0.17028 0.68618 1.7964 1.538 -1.7604 3.3446 0.44558 -1.8706 1.7656 0.041459 -2.0619 1.7546 1.5715 0.70964 0.11311 0.32729 0.18601 -1.5513 1.4977 0.79568 -3.2411 1.3435 -0.70964 -0.11311 -0.32729 -0.24134 -2.1323 0.01605 0.72239 -3.2907 -0.97396
4 46 336 -0.8967 4.7114 0.58078 -0.80667 3.4638 0.38809 0.09157 3.5074 0.78637 1.1815 2.3227 0.50823 0.3589 2.2027 1.8069 -1.7082 3.4493 -0.004925 -1.7968 1.9457 -0.63755 -2.1947 1.4735 0.77534 0.64621 0.13529 0.43313 0.22279 -1.7028 1.3586 0.84359 -3.3913 1.2389 -0.64621 -0.13529 -0.43313 -0.4251 -2.2007 -0.11797 0.57222 -2.6112 -1.5629
4 47 336 -0.95452 4.6955 0.57874 -0.8692 3.4523 0.36239 -0.0011767 3.4837 0.82382 1.1045 2.2842 0.90982 0.057374 2.2461 2.041 -1.7409 3.45 -0.093138 -1.6685 2.005 -0.8518 -2.3036 1.3962 0.41454 0.63732 0.15112 0.441 0.15757 -1.6612 1.3895 0.89523 -3.2744 1.0665 -0.63732 -0.15112 -0.441 -0.64228 -2.1757 0.12045 0.45102 -2.4518 -1.2864
4 48 348 -0.86969 4.6852 0.76635 -0.82197 3.4461 0.5199 0.093491 3.4734 0.87843 1.1729 2.2613 1.0642 0.16638 2.2409 2.2322 -1.7404 3.4477 0.1681 -1.7016 2.073 -0.71357 -2.2795 1.3623 0.52686 0.70387 0.15322 0.32341 0.46641 -1.6938 1.2962 1.1565 -3.2328 0.6588 -0.70387 -0.15322 -0.32341 -0.79156 -2.0845 0.4993 0.14184 -2.4167 -1.0071
4 49 348 -0.98229 4.6708 0.72697 -0.89551 3.4324 0.4927 -0.046894 3.4699 0.98849 0.98741 2.2659 1.3749 -0.20071 2.2549 2.3577 -1.7485 3.4236 0.0031269 -1.6081 2.1052 -0.95126 -2.3464 1.376 0.18921 0.6798 0.1554 0.37043 0.51836 -1.777 1.1791 1.2494 -3.2623 0.46473 -0.6798 -0.1554 -0.37043 -0.96903 -1.9491 0.6847 0.10873 -2.5071 -0.64869
4 50 0 -0.96398 4.6521 0.85997 -0.87767 3.4132 0.62773 -0.0024505 3.4577 1.0742 1.0792 2.2592 1.3242 -0.020241 2.2281 2.4049 -1.7571 3.3975 0.18766 -1.7253 2.1158 -0.82474 -2.3539 1.4054 0.3909 0.71563 0.16052 0.29258 0.80594 -1.874 0.80903 1.4144 -3.3515 -0.026295 -0.71563 -0.16052 -0.29258 -0.93224 -1.8302 0.96424 -0.016069 -2.7312 -0.30055
4 51 0 -1.105 4.6471 0.72918 -0.96598 3.4067 0.53103 -0.15922 3.4704 1.09 0.91008 2.263 1.35 -0.25939 2.1598 2.3497 -1.7782 3.3719 -0.022579 -1.6291 2.1204 -1.062 -2.3898 1.4312 0.0886 0.67807 0.16118 0.37114 0.89511 -1.9208 0.55142 1.5422 -3.4064 -0.2392 -0.67807 -0.16118 -0.37114 -1.003 -1.7853 0.92153 -0.033161 -3.0238 0.040388
4 52 12 -1.0487 4.6439 0.85034 -0.90667 3.4041 0.64905 -0.042169 3.4895 1.1103 1.0391 2.265 1.1271 0.072104 2.0537 2.3094 -1.7765 3.3475 0.19342 -1.7085 2.1247 -0.88773 -2.3382 1.4466 0.34569 0.72029 0.15908 0.28175 1.0657 -1.9108 0.17794 1.5809 -3.3857 -0.72216 -0.72029 -0.15908 -0.28175 -0.80208 -1.8114 1.0135 -0.012035 -3.2905 0.35092
4 53 12 -1.1542 4.64 0.74608 -0.96879 3.4022 0.56389 -0.13743 3.5058 1.0791 0.92197 2.2623 1.0867 -0.040408 1.9368 2.2467 -1.8062 3.3273 0.053549 -1.6092 2.1163 -1.025 -2.3303 1.4504 0.16419 0.70122 0.16501 0.32336 1.1373 -1.8774 0.093974 1.7355 -3.3233 -0.8019 -0.70122 -0.16501 -0.32336 -0.77474 -1.8713 0.9004 -0.017949 -3.4714 0.55744
4 54 24 -1.0815 4.639 0.86728 -0.89824 3.4028 0.67031 0.0014827 3.5259 1.0481 1.012 2.2585 0.84446 0.33659 1.8346 2.1642 -1.8037 3.3084 0.29798 -1.7366 2.0856 -0.78318 -2.2565 1.451 0.52241 0.74004 0.1708 0.21604 1.1606 -1.8646 -0.091776 1.6584 -3.1996 -1.1966 -0.74004 -0.1708 -0.21604 -0.56927 -1.919 0.93679 0.13902 -3.5373 0.57611
4 55 24 -1.1705 4.6351 0.79155 -0.94913 3.4029 0.60963 -0.067252 3.547 1.0206 0.9127 2.2533 0.83402 0.26544 1.7516 2.1405 -1.8376 3.2873 0.20386 -1.7005 2.0352 -0.83635 -2.2546 1.458 0.48183 0.72573 0.17043 0.26032 1.1664 -1.8765 0.086439 1.7574 -3.0138 -1.1817 -0.72573 -0.17043 -0.26032 -0.56963 -1.9534 0.84006 0.23126 -3.515 0.42661
4 56 24 -1.2335 4.6274 0.7834 -0.96468 3.4063 0.59282 -0.098338 3.5682 1.0294 0.85135 2.2505 0.85439 0.2257 1.6902 2.1475 -1.8387 3.2726 0.16194 -1.6629 1.9762 -0.81641 -2.2266 1.4968 0.53638 0.71435 0.15592 0.29815 1.1287 -1.903 0.35726 1.8365 -2.8027 -1.0357 -0.71435 -0.15592 -0.29815 -0.52867 -1.9402 0.79547 0.31442 -3.4322 0.235
4 57 24 -1.3055 4.5912 0.89157 -0.96847 3.3923 0.66961 -0.11605 3.5652 1.1288 0.81972 2.2385 0.94723 0.1879 1.6199 2.2105 -1.8296 3.2472 0.21709 -1.6486 1.8857 -0.66736 -2.1956 1.547 0.73399 0.7101 0.13166 0.31926 0.99499 -1.9107 0.7215 1.8314 -2.5892 -0.72451 -0.7101 -0.13166 -0.31926 -0.5136 -1.9018 0.79525 0.38345 -3.2905 0.075585
4 58 36 -1.1659 4.545 1.2473 -0.84893 3.3609 0.93715 0.07343 3.533 1.2321 0.95539 2.2087 0.86169 0.56084 1.5144 2.1808 -1.7789 3.216 0.65147 -1.7929 1.7681 -0.10487 -1.9925 1.5909 1.4138 0.75867 0.13329 0.17362 0.96958 -1.8246 0.90619 1.6022 -2.4521 -0.66125 -0.75867 -0.13329 -0.17362 -0.36327 -1.9374 0.82794 0.42239 -3.2012 -0.19012
4 59 36 -1.1971 4.5088 1.3383 -0.88782 3.326 1.0162 0.029637 3.4958 1.3273 0.91754 2.1823 0.9334 0.46779 1.4617 2.2203 -1.813 3.1834 0.71452 -1.8525 1.6629 0.11857 -2.0049 1.6517 1.653 0.75269 0.13081 0.19962 0.72024 -1.6825 1.2603 1.4781 -2.4504 -0.18431 -0.75269 -0.13081 -0.19962 -0.35287 -2.0003 0.6719 0.49979 -3.1718 -0.4011
4 67 48 -0.89832 4.6065 1.1574 -0.80755 3.3914 0.81584 0.11882 3.4077 1.1459 1.0236 2.1356 0.66451 0.48399 1.5116 1.9672 -1.7371 3.4033 0.4948 -1.8689 1.9255 -0.18897 -2.0329 1.827 1.3411 0.70079 0.11783 0.34426 0.1289 -1.6879 1.2535 0.55943 -3.359 0.7312 -0.70079 -0.11783 -0.34426 -0.4344 -2.1897 -0.1189 0.45576 -2.425 -1.6691
4 68 48 -0.97415 4.5779 1.1841 -0.87773 3.3706 0.82042 0.020212 3.3651 1.2217 0.96727 2.0685 0.92037 0.24494 1.5509 2.1805 -1.7794 3.404 0.42894 -1.8166 2.0141 -0.4286 -2.1803 1.6971 1.0359 0.68401 0.12681 0.37355 0.11867 -1.7118 1.2187 0.67458 -3.2525 0.46503 -0.68401 -0.12681 -0.37355 -0.73565 -2.1584 0.15975 0.24729 -2.2826 -1.3467
4 70 60 -0.88521 4.5773 1.2778 -0.79447 3.371 0.90823 0.10162 3.3495 1.3131 0.99268 1.9943 1.1176 0.19324 1.7555 2.4144 -1.6939 3.4203 0.51331 -1.7314 2.1722 -0.53999 -2.1486 1.6218 0.83865 0.72194 0.12406 0.2948 0.48891 -1.9175 0.7332 0.97439 -3.3057 -0.30987 -0.72194 -0.12406 -0.2948 -1.0488 -1.8629 0.83833 -0.23582 -2.5627 -0.61084
4 71 60 -0.96911 4.5942 1.1669 -0.83184 3.381 0.83478 0.015897 3.3649 1.3332 0.89844 1.9947 1.2215 -0.034936 1.8386 2.4389 -1.6838 3.4252 0.34529 -1.6211 2.209 -0.74361 -2.1859 1.6164 0.56312 0.70237 0.11759 0.3411 0.61555 -1.9794 0.43838 1.1467 -3.3685 -0.58105 -0.70237 -0.11759 -0.3411 -1.0831 -1.7658 0.90498 -0.29227 -2.9264 -0.22576
4 72 60 -1.0261 4.6147 1.0473 -0.85125 3.3964 0.75185 -0.047573 3.393 1.3188 0.82054 2.01 1.2687 -0.21739 1.8808 2.4017 -1.6598 3.4281 0.19278 -1.4874 2.2322 -0.90671 -2.1762 1.6053 0.32222 0.68263 0.11207 0.38072 0.78237 -1.9819 0.24133 1.3192 -3.3773 -0.76655 -0.68263 -0.11207 -0.38072 -1.0435 -1.7525 0.88145 -0.39691 -3.2951 0.20823
4 73 60 -1.0479 4.6422 0.91803 -0.84065 3.42 0.66031 -0.070771 3.4381 1.2721 0.78103 2.0442 1.2909 -0.34258 1.9161 2.3391 -1.616 3.4305 0.055314 -1.3486 2.248 -1.0396 -2.1309 1.5939 0.11698 0.67027 0.10462 0.4041 0.9267 -1.9579 0.096272 1.5035 -3.3583 -0.88194 -0.67027 -0.10462 -0.4041 -0.95532 -1.8014 0.80167 -0.53209 -3.5448 0.62148
4 74 60 -1.0709 4.6589 0.80565 -0.83942 3.4333 0.5878 -0.090111 3.4737 1.2236 0.73727 2.0684 1.3196 -0.45958 1.9533 2.285 -1.5947 3.4215 -0.042112 -1.2618 2.2458 -1.1265 -2.0975 1.5861 -0.011078 0.66579 0.10504 0.41132 1.0295 -1.925 0.010108 1.6939 -3.2813 -0.97471 -0.66579 -0.10504 -0.41132 -0.8972 -1.8544 0.7291 -0.59722 -3.6278 0.85548
