0 5 144 -0.24247 4.7961 0.64015 -0.15533 3.5641 0.36379 0.61904 3.4598 0.96113 1.9294 2.5532 1.3214 3.0277 2.901 2.3463 -0.93033 3.6976 -0.22692 -2.0939 2.5585 -0.095207 -3.1138 2.4184 1.0528 0.38085 -0.047015 0.6901 -0.71315 -1.8202 0.96066 -0.63085 -3.6019 1.2249 -0.38085 0.047015 -0.6901 0.017993 -2.0158 -0.69153 1.0768 -3.4745 -0.73457
0 6 132 -0.31357 4.7888 0.65058 -0.21655 3.5613 0.35557 0.53137 3.4635 0.98676 1.879 2.5874 1.2785 3.0461 2.9631 2.2137 -0.96578 3.6881 -0.26889 -2.1101 2.5372 -0.082483 -3.06 2.421 1.1266 0.28803 -0.047612 0.73367 -0.8706 -1.7985 0.81216 -0.85792 -3.5814 1.0808 -0.28803 0.047612 -0.73367 0.13762 -2.0086 -0.66224 1.2056 -3.4515 -0.49365
0 7 132 -0.24794 4.7798 0.72057 -0.20169 3.5579 0.39196 0.63215 3.4632 0.9049 2.031 2.6214 0.84716 3.397 3.0146 1.445 -1.036 3.6815 -0.11399 -2.0877 2.5226 0.35462 -2.694 2.4391 1.7699 0.34207 -0.050315 0.7099 -0.84839 -1.7775 0.82823 -0.84425 -3.5613 1.0906 -0.34207 0.050314 -0.7099 0.11094 -2.0005 -0.65432 1.2026 -3.4268 -0.49587
0 8 120 -0.3386 4.7706 0.72552 -0.26865 3.554 0.38317 0.52623 3.4615 0.95498 1.9362 2.6408 0.86984 3.3249 3.0351 1.4119 -1.0646 3.6754 -0.18168 -2.0866 2.5108 0.33598 -2.6313 2.4587 1.7776 0.24539 -0.055267 0.74848 -0.9813 -1.7579 0.64544 -1.0431 -3.5423 0.89676 -0.24539 0.055267 -0.74848 0.21505 -1.9902 -0.61316 1.2741 -3.4007 -0.23911
0 9 120 -0.28583 4.7618 0.78178 -0.26131 3.5507 0.41659 0.601 3.4648 0.88178 1.9705 2.6527 0.51641 3.4478 3.0302 0.74631 -1.124 3.6656 -0.04161 -1.9781 2.4949 0.71246 -2.1457 2.4684 2.2451 0.30187 -0.059207 0.72723 -0.95563 -1.7405 0.64714 -1.0308 -3.5245 0.89689 -0.30187 0.059207 -0.72723 0.18544 -1.981 -0.60726 1.2651 -3.3802 -0.25048
0 10 120 -0.22633 4.7571 0.81529 -0.24666 3.5494 0.44097 0.66319 3.4719 0.80637 1.9518 2.664 0.21009 3.4558 3.0016 0.1677 -1.1563 3.6559 0.082482 -1.8053 2.4832 1.0165 -1.5754 2.4843 2.5412 0.34862 -0.0623 0.70575 -0.93225 -1.7269 0.65429 -1.0281 -3.5113 0.8949 -0.34862 0.0623 -0.70575 0.16706 -1.9714 -0.594 1.2603 -3.3658 -0.26011
0 24 168 -0.45463 4.7913 0.54513 -0.39191 3.5559 0.27319 0.47764 3.5337 0.73227 1.809 2.5973 0.59256 3.2195 2.79 1.1849 -1.2633 3.6074 -0.17999 -1.9792 2.5823 0.87144 -1.8049 2.5718 2.4035 0.44472 -0.0019205 0.65247 -0.44906 -1.8372 1.1496 -0.19501 -3.6106 1.3533 -0.44472 0.0019205 -0.65247 -0.51863 -2.0954 -0.75346 0.52591 -3.5279 -1.0818
0 26 180 -0.47171 4.7974 0.49432 -0.37093 3.5603 0.24181 0.42432 3.5279 0.81965 1.7623 2.6078 0.99856 2.9854 2.8002 1.9176 -1.1685 3.622 -0.33045 -2.1839 2.6313 0.47958 -2.776 2.5496 1.901 0.41468 -0.0027633 0.67196 -0.34527 -1.8863 1.2095 0.052486 -3.6399 1.3425 -0.41468 0.0027628 -0.67196 -0.64961 -2.0836 -0.75169 0.26377 -3.5771 -1.1828
0 27 180 -0.51197 4.8016 0.41507 -0.3796 3.5627 0.18718 0.31168 3.5296 0.88604 1.572 2.6128 1.3757 2.5273 2.7888 2.5732 -1.0739 3.6249 -0.50664 -2.2714 2.6471 0.021162 -3.3333 2.5342 1.1335 0.33216 -0.0029111 0.71635 -0.41135 -1.9106 1.1878 0.036889 -3.6518 1.3223 -0.33217 0.0029106 -0.71635 -0.62947 -2.0747 -0.81377 0.25043 -3.6001 -1.2007
0 28 192 -0.45829 4.8054 0.44599 -0.34274 3.5647 0.21883 0.38238 3.5311 0.88249 1.6195 2.6078 1.4171 2.5018 2.7677 2.6715 -1.0705 3.6274 -0.43976 -2.3133 2.6667 0.0086826 -3.5095 2.548 0.97453 0.40245 -0.0046096 0.67934 -0.22612 -1.9319 1.2314 0.29059 -3.659 1.2643 -0.40245 0.0046096 -0.67934 -0.77209 -2.0631 -0.72516 -0.022714 -3.6188 -1.2441
0 30 204 -0.46263 4.8102 0.40385 -0.32622 3.5678 0.19824 0.33013 3.5378 0.93014 1.3392 2.5901 1.7976 1.6985 2.6818 3.2943 -0.9857 3.627 -0.52904 -2.3519 2.7323 -0.5699 -3.8265 2.6389 -0.12881 0.40973 0.00050831 0.675 -0.090922 -1.9675 1.214 0.49831 -3.6693 1.1266 -0.40973 -0.00050831 -0.675 -0.91086 -2.0408 -0.65803 -0.33674 -3.6431 -1.253
0 31 216 -0.41671 4.8131 0.42842 -0.29038 3.5695 0.22375 0.40786 3.5394 0.91578 1.3537 2.5741 1.8336 1.5824 2.6171 3.3579 -0.99141 3.6288 -0.46356 -2.3734 2.7738 -0.63033 -3.8704 2.7276 -0.26363 0.48715 0.001811 0.62143 0.10562 -1.9836 1.1932 0.6986 -3.6724 0.97576 -0.48715 -0.001811 -0.62143 -1.026 -2.0296 -0.51213 -0.60643 -3.6512 -1.1793
0 33 228 -0.43699 4.8154 0.38617 -0.28447 3.5703 0.21077 0.33292 3.547 0.97604 0.90704 2.5305 2.1187 0.55169 2.48 3.6183 -0.90509 3.623 -0.55043 -2.1807 2.8551 -1.2227 -3.7181 2.8826 -1.3382 0.50399 0.0069962 0.60781 0.23269 -2.0149 1.1105 0.83973 -3.677 0.76449 -0.50399 -0.0069962 -0.60781 -1.1033 -2.0121 -0.42106 -0.8677 -3.6724 -1.0834
0 34 240 -0.41282 4.8159 0.40722 -0.26992 3.5697 0.23202 0.38069 3.5477 0.9693 0.86563 2.5003 2.1254 0.39901 2.4206 3.5929 -0.92346 3.6211 -0.5012 -2.1608 2.8827 -1.2709 -3.6861 2.9387 -1.4904 0.5681 0.01196 0.54829 0.40006 -2.0286 1.0198 0.95912 -3.6782 0.55385 -0.5681 -0.01196 -0.54829 -1.1718 -2.0012 -0.24391 -1.0877 -3.6724 -0.91539
0 35 252 -0.38897 4.8164 0.42619 -0.25015 3.5696 0.2519 0.42817 3.5469 0.96375 0.82943 2.4794 2.1335 0.25072 2.3722 3.5587 -0.93118 3.6217 -0.4558 -2.118 2.9005 -1.316 -3.6202 2.9826 -1.6543 0.62692 0.017102 0.47976 0.5518 -2.0386 0.90744 1.037 -3.6749 0.32608 -0.62692 -0.017103 -0.47976 -1.2124 -1.9889 -0.051226 -1.2687 -3.6729 -0.69285
0 36 264 -0.3686 4.8163 0.43923 -0.23395 3.5691 0.26495 0.47055 3.5452 0.95086 0.79336 2.4531 2.1221 0.11386 2.3316 3.501 -0.94094 3.6225 -0.41672 -2.0646 2.9059 -1.3615 -3.5396 3.0162 -1.7973 0.67817 0.024031 0.40374 0.67938 -2.0449 0.76979 1.0669 -3.6691 0.089628 -0.67817 -0.024031 -0.40374 -1.2155 -1.9747 0.16251 -1.4006 -3.673 -0.41399
0 37 276 -0.34105 4.8175 0.44063 -0.20257 3.5708 0.26824 0.52647 3.548 0.92804 0.7802 2.4328 2.0946 -0.0012258 2.3028 3.4175 -0.93392 3.623 -0.38733 -1.9899 2.8956 -1.3995 -3.4279 3.0296 -1.9397 0.71751 0.026108 0.32863 0.77568 -2.0531 0.62499 1.0562 -3.6589 -0.14542 -0.71751 -0.026107 -0.32863 -1.1741 -1.9566 0.36348 -1.4618 -3.669 -0.12214
0 38 288 -0.33067 4.8187 0.42072 -0.18211 3.5727 0.25504 0.56752 3.5538 0.89149 0.76067 2.4149 2.0466 -0.13429 2.284 3.2955 -0.93386 3.6212 -0.37732 -1.9163 2.8648 -1.441 -3.3148 3.0196 -2.0718 0.74651 0.031559 0.25539 0.83542 -2.0581 0.45512 0.99635 -3.6441 -0.38727 -0.74651 -0.031559 -0.25539 -1.0988 -1.9382 0.55394 -1.4591 -3.6637 0.17511
0 39 300 -0.35072 4.8166 0.40498 -0.18616 3.5725 0.24715 0.58306 3.5589 0.85991 0.72292 2.3956 1.9983 -0.27374 2.2715 3.1683 -0.95742 3.6156 -0.36167 -1.8669 2.8218 -1.4623 -3.2236 2.98 -2.1777 0.76785 0.04159 0.17936 0.85197 -2.0558 0.27028 0.87901 -3.628 -0.61194 -0.76785 -0.041591 -0.17936 -0.99059 -1.919 0.73713 -1.3974 -3.6552 0.47055
0 40 312 -0.35234 4.8123 0.41319 -0.16744 3.5722 0.25656 0.62377 3.5646 0.84076 0.71797 2.3792 1.9609 -0.37879 2.2662 3.0389 -0.96064 3.6093 -0.32382 -1.7978 2.7794 -1.4549 -3.1252 2.9162 -2.2275 0.78281 0.043852 0.093756 0.8473 -2.0562 0.098127 0.72378 -3.6132 -0.8026 -0.78281 -0.043852 -0.093756 -0.84693 -1.8982 0.89202 -1.2662 -3.6455 0.74414
0 59 312 -0.22266 4.8023 0.47405 -0.012172 3.5698 0.31758 0.89249 3.5797 0.70338 0.52646 2.3743 1.7434 -0.9624 2.6023 2.0736 -0.91838 3.5894 -0.064218 -1.8329 2.5604 -0.94371 -3.2948 2.2051 -1.2819 0.7841 0.0188 -0.091249 1.0418 -2.0644 -0.0017697 0.90198 -3.6477 -0.85304 -0.7841 -0.0188 0.09125 -0.72284 -1.9262 0.97018 -1.1145 -3.6618 0.67825
0 60 300 -0.26486 4.8055 0.44599 -0.051341 3.5701 0.31389 0.80706 3.5763 0.79395 0.38934 2.3517 1.7912 -1.1039 2.6001 2.085 -0.91154 3.5934 -0.16242 -1.7832 2.5778 -1.0992 -3.2451 2.2649 -1.4766 0.78914 0.018466 0.020472 1.0376 -2.061 0.18838 1.0729 -3.6599 -0.64438 -0.78914 -0.018466 -0.020473 -0.86855 -1.9429 0.81901 -1.2149 -3.6679 0.42526
0 61 300 -0.21077 4.8071 0.47446 -0.021692 3.5705 0.31777 0.88184 3.5694 0.70634 0.62893 2.3256 1.7348 -0.78552 2.5742 2.2963 -0.92645 3.6011 -0.066734 -1.9312 2.5919 -0.86722 -3.4424 2.3066 -0.98032 0.78873 0.017275 -0.033339 1.055 -2.0578 0.16066 1.0862 -3.6685 -0.64888 -0.78873 -0.017275 0.033338 -0.82301 -1.9589 0.83523 -1.1929 -3.6738 0.41901
0 62 288 -0.25371 4.8076 0.46672 -0.062009 3.5694 0.32355 0.79443 3.5583 0.80703 0.49213 2.2965 1.7996 -0.9374 2.5369 2.3253 -0.91988 3.61 -0.1558 -1.8693 2.6047 -1.0258 -3.3794 2.3319 -1.1769 0.78535 0.017196 0.08019 1.0202 -2.0528 0.35231 1.2135 -3.6767 -0.40697 -0.78535 -0.017196 -0.080189 -0.93393 -1.9737 0.67089 -1.2254 -3.6778 0.15876
0 63 288 -0.19621 4.8097 0.4974 -0.035201 3.5692 0.33037 0.86529 3.5539 0.72564 0.71911 2.2722 1.7279 -0.58981 2.4938 2.5123 -0.9366 3.6139 -0.060575 -1.9925 2.5992 -0.78466 -3.5076 2.3267 -0.69694 0.78891 0.016473 0.029034 1.0431 -2.0485 0.32182 1.2322 -3.6857 -0.40926 -0.78891 -0.016473 -0.029035 -0.88969 -1.9855 0.69685 -1.1988 -3.678 0.15758
0 64 276 -0.24485 4.8117 0.46746 -0.077987 3.5691 0.32468 0.77601 3.5459 0.81204 0.5759 2.2432 1.7772 -0.75016 2.4428 2.5384 -0.93315 3.6216 -0.15832 -1.9211 2.5921 -0.95373 -3.4367 2.308 -0.94552 0.77703 0.01641 0.13949 0.98621 -2.0428 0.50032 1.314 -3.6943 -0.14459 -0.77703 -0.01641 -0.13949 -0.98469 -1.9975 0.52865 -1.1803 -3.6782 -0.094312
0 65 276 -0.191 4.8136 0.48924 -0.049094 3.5692 0.33108 0.84807 3.5425 0.73324 0.78829 2.2178 1.6873 -0.37318 2.3986 2.6853 -0.94692 3.6253 -0.066565 -2.014 2.5759 -0.72138 -3.5051 2.2751 -0.46908 0.78466 0.01463 0.087093 1.019 -2.0385 0.46633 1.3443 -3.7018 -0.14897 -0.78466 -0.014631 -0.087094 -0.95145 -2.0093 0.55138 -1.1514 -3.6802 -0.095998
0 66 264 -0.24047 4.8156 0.46177 -0.091369 3.5691 0.32355 0.75062 3.5409 0.83111 0.61904 2.1925 1.744 -0.55852 2.3543 2.7263 -0.93454 3.6268 -0.17954 -1.9237 2.5502 -0.90827 -3.4214 2.2269 -0.73473 0.76255 0.012561 0.20459 0.93623 -2.035 0.64235 1.3794 -3.7083 0.13772 -0.76255 -0.012561 -0.20459 -1.0193 -2.0182 0.36633 -1.0764 -3.6809 -0.32848
0 68 252 -0.22995 4.8207 0.45424 -0.10971 3.5704 0.31316 0.70773 3.5282 0.85847 0.59652 2.1221 1.6826 -0.39208 2.2449 2.8596 -0.92816 3.642 -0.22757 -1.8886 2.4881 -0.87166 -3.3459 2.1057 -0.54319 0.7309 0.0053759 0.29875 0.83844 -2.0306 0.80607 1.3867 -3.7105 0.44777 -0.7309 -0.0053763 -0.29875 -1.0135 -2.028 0.19448 -0.92048 -3.6816 -0.51831
0 69 252 -0.2089 4.8218 0.46744 -0.12059 3.5698 0.31525 0.7333 3.5182 0.80062 0.70501 2.0842 1.5827 -0.063485 2.1819 2.9159 -0.97494 3.6508 -0.16524 -1.9691 2.4473 -0.64688 -3.3509 2.0232 -0.10966 0.73982 0.011395 0.27573 0.86128 -2.0194 0.8005 1.4067 -3.7025 0.45328 -0.73982 -0.011395 -0.27574 -0.9921 -2.036 0.22607 -0.89435 -3.6809 -0.50563
0 92 204 -0.44642 4.7848 -0.028646 -0.24154 3.5555 -0.0020876 0.20689 3.5848 0.8728 1.4364 3.3443 1.9212 2.2972 4.5739 2.2744 -0.68882 3.556 -0.87804 -1.1253 3.3356 -2.4368 -1.3971 4.6191 -3.2471 0.34661 0.01861 0.70923 -0.026946 -2.0433 0.86217 0.51833 -3.7414 0.59742 -0.34661 -0.01861 -0.70923 -0.73385 -2.0836 -0.71736 -0.17026 -3.7082 -1.2595
0 102 240 -0.067459 4.8399 0.22521 -0.068444 3.5776 0.21971 0.76213 3.5233 0.74369 0.25447 3.2242 2.2674 -0.95996 3.887 2.9482 -0.89837 3.6615 -0.30139 -2.0852 3.3524 0.77784 -2.093 3.6893 2.2825 0.68228 -0.00029087 0.39748 0.42669 -2.0402 0.83073 0.76304 -3.7529 0.37865 -0.68228 0.00029135 -0.39748 -1.0459 -2.0436 -0.074051 -0.89955 -3.7274 -0.70201
1 2 72 -0.62599 4.2132 2.2931 -0.42459 3.0594 1.8235 0.52616 3.0432 2.0749 0.87382 1.5452 1.5235 1.2503 0.18226 2.1385 -1.3778 3.1023 1.5851 -1.5852 1.5975 0.98408 -2.2589 0.26607 1.3729 0.76853 -0.0068364 0.18115 0.08439 -1.4051 1.5922 0.55692 -2.8549 0.63005 -0.76853 0.0068364 -0.18115 -1.1552 -1.5288 1.1997 -0.90429 -2.7993 -0.054796
1 3 72 -0.58611 4.3038 2.1276 -0.39749 3.1285 1.7066 0.55313 3.1177 1.9588 1.0778 1.6404 1.4994 1.7841 0.41276 2.109 -1.3504 3.1666 1.466 -1.7257 1.7059 0.83814 -2.716 0.54603 1.0652 0.76867 -0.0068836 0.18053 0.09938 -1.398 1.6058 0.57656 -2.8206 0.60607 -0.76867 0.0068839 -0.18054 -1.1837 -1.5111 1.2115 -0.90693 -2.7455 -0.073147
1 8 36 -0.90384 4.672 0.78743 -0.70401 3.4308 0.67066 -0.11097 3.4113 1.4551 1.1589 2.6735 2.1705 2.1134 2.935 3.3529 -1.2991 3.48 -0.11092 -1.6904 2.7236 -1.505 -2.7628 2.9853 -2.5817 0.51539 -0.018736 0.59793 0.059647 -1.9796 1.1992 0.594 -3.6938 1.0347 -0.51539 0.018736 -0.59793 -1.2714 -1.9325 -0.40939 -0.76251 -3.5689 -0.96966
1 9 36 -0.84075 4.6876 0.73558 -0.656 3.444 0.62649 -0.055723 3.4251 1.4054 1.2801 2.903 2.1875 2.2478 3.3834 3.2877 -1.2577 3.4925 -0.15 -1.6523 2.9011 -1.6208 -2.6672 3.3318 -2.6988 0.51716 -0.015308 0.59649 0.16439 -2.0005 1.1872 0.75019 -3.7057 1.1926 -0.51716 0.015309 -0.59649 -1.2287 -1.9609 -0.54551 -0.8106 -3.5913 -1.1919
1 31 36 -0.95531 4.7039 0.55853 -0.75969 3.4551 0.51028 -0.13979 3.4778 1.2735 0.96968 2.7202 2.203 1.6891 2.8468 3.561 -1.3829 3.462 -0.2506 -1.9033 2.4695 -1.4393 -3.2218 2.3572 -2.2309 0.52877 0.026104 0.58584 0.38652 -1.9708 1.2235 1.1654 -3.5966 1.1959 -0.52878 -0.026104 -0.58584 -1.1045 -2.0451 -0.66571 -0.88853 -3.5379 -1.6536
1 33 48 -1.0212 4.633 0.9318 -0.79213 3.3957 0.80765 -0.031634 3.4379 1.4299 1.0232 2.2415 1.7831 1.8185 1.6371 2.9578 -1.5576 3.3824 0.19026 -1.9795 2.0927 -0.71941 -3.2473 1.2928 -1.0809 0.64416 0.039126 0.455 0.33325 -1.9433 1.0776 0.79184 -3.6239 0.61248 -0.64416 -0.039126 -0.455 -1.2271 -2.0099 -0.018485 -0.78667 -3.5296 -0.88298
1 34 60 -0.84994 4.6012 1.2247 -0.62062 3.3731 1.0338 0.24331 3.4174 1.5018 1.1649 2.0687 1.4797 2.0239 1.1538 2.3756 -1.4891 3.3574 0.57235 -1.9096 1.9589 -0.15982 -3.0378 0.909 -0.21054 0.72508 0.033298 0.31087 0.40454 -1.9403 0.95615 0.66063 -3.6002 0.30042 -0.72508 -0.033298 -0.31087 -1.1176 -1.977 0.38362 -0.68126 -3.4762 -0.51791
1 44 48 -0.72845 4.7064 0.84954 -0.5492 3.4614 0.71257 0.21036 3.4653 1.3374 1.1215 2.153 1.6785 1.9815 1.5969 2.8313 -1.3116 3.4869 0.091722 -1.9277 2.1635 -0.64154 -3.3811 1.7244 -0.91103 0.62567 -0.0079145 0.48164 0.29385 -2.0015 1.056 0.77034 -3.6775 0.59262 -0.62566 0.0079145 -0.48164 -1.2317 -1.9752 -0.1434 -0.71361 -3.5813 -0.77807
2 12 264 -0.58663 3.552 3.2344 -0.37212 2.5868 2.4593 0.59027 2.5587 2.6603 0.9896 1.0969 3.2704 0.40933 1.113 4.6989 -1.338 2.6352 2.2799 -1.7688 1.1442 2.7896 -1.9093 1.3723 4.3081 0.78182 -0.0042431 0.11064 0.37727 -1.6233 1.3871 0.65607 -2.636 -0.07834 -0.78182 0.0042434 -0.11064 -1.0981 -1.7028 1.0727 -0.79862 -2.6233 -0.44837
2 13 264 -0.53995 3.7184 3.0457 -0.33051 2.6914 2.3538 0.63028 2.6704 2.5631 1.0011 1.5619 3.7043 0.28926 2.3382 4.8305 -1.2947 2.7344 2.1644 -1.805 1.5272 3.1396 -1.7498 2.471 4.3578 0.78345 -0.0038791 0.098453 0.40687 -1.7723 1.1685 0.69275 -2.813 -0.27587 -0.78345 0.0038788 -0.098453 -1.0461 -1.8354 0.88248 -0.78766 -2.781 -0.63079
2 14 264 -0.47047 3.9289 2.7714 -0.26396 2.8362 2.1856 0.69386 2.8279 2.409 1.05 2.0827 3.8184 0.32403 3.2906 4.4442 -1.2251 2.8685 1.9796 -1.8149 1.9792 3.2166 -1.6206 3.3138 3.9642 0.78596 -0.00028253 0.075954 0.49605 -1.9412 0.82642 0.74418 -3.0594 -0.56606 -0.78596 0.00028276 -0.075955 -1.0102 -1.9815 0.58487 -0.78632 -3.0063 -0.88156
2 20 264 -0.33041 4.3896 2.0347 -0.25781 3.2131 1.5763 0.7086 3.1853 1.7569 0.97096 2.4844 3.209 0.34179 3.8321 3.6159 -1.2253 3.268 1.4081 -2.0557 2.5161 2.5972 -1.7301 3.9344 3.1073 0.77856 0.009263 0.13135 0.638 -1.9875 0.76962 0.82996 -3.0456 -0.67762 -0.77856 -0.0092626 -0.13135 -0.97931 -2.0031 0.49991 -0.71614 -2.9648 -1.0023
2 21 264 -0.35061 4.2995 2.2186 -0.27539 3.1481 1.7015 0.68929 3.1048 1.8883 0.94828 2.2395 3.2495 0.31305 3.5055 3.8588 -1.2411 3.2178 1.5287 -2.0626 2.343 2.6371 -1.7482 3.6947 3.3093 0.77716 0.0051913 0.1396 0.62682 -1.8959 1.0214 0.77691 -3.0148 -0.38443 -0.77716 -0.0051918 -0.1396 -1.0227 -1.9139 0.70349 -0.67636 -2.9735 -0.71359
2 22 264 -0.39789 4.1982 2.3989 -0.31521 3.0773 1.8209 0.64579 3.0238 2.0234 0.91257 1.991 3.2606 0.27182 3.1163 4.0978 -1.2776 3.1561 1.634 -2.1063 2.1691 2.638 -1.803 3.4235 3.4817 0.77548 0.0071793 0.14858 0.61043 -1.799 1.2091 0.73674 -3.0906 -0.042659 -0.77548 -0.0071793 -0.14858 -1.0608 -1.8305 0.8556 -0.66137 -3.0322 -0.4279
2 23 264 -0.43891 4.1039 2.5507 -0.34409 3.019 1.9112 0.6159 2.955 2.1154 0.91834 1.7773 3.2064 0.26721 2.6923 4.263 -1.3057 3.1072 1.7243 -2.1341 1.9971 2.5904 -1.8623 3.1161 3.6158 0.77452 0.0087333 0.15341 0.60174 -1.7366 1.3102 0.71381 -3.2567 0.34709 -0.77452 -0.0087333 -0.15341 -1.0883 -1.7631 0.95923 -0.69863 -3.1727 -0.095315
2 24 264 -0.45522 4.033 2.6523 -0.34675 2.9834 1.9618 0.61441 2.9117 2.1578 0.9394 1.6069 3.0855 0.28974 2.2487 4.3279 -1.3096 3.078 1.7847 -2.1209 1.8462 2.487 -1.9015 2.7799 3.6944 0.77508 0.0055532 0.15071 0.6086 -1.7317 1.3206 0.70146 -3.4377 0.74462 -0.77508 -0.0055532 -0.15071 -1.1122 -1.7205 1.0154 -0.79293 -3.3434 0.29787
2 25 264 -0.48257 3.978 2.7181 -0.35557 2.9526 1.9997 0.60532 2.8781 2.1959 0.941 1.4593 2.9327 0.31371 1.784 4.3034 -1.3184 3.0491 1.8234 -2.1071 1.7193 2.3507 -1.9585 2.4178 3.7174 0.77558 0.0047641 0.14815 0.62913 -1.7369 1.3142 0.70511 -3.5258 1.1027 -0.77558 -0.0047641 -0.14816 -1.143 -1.6913 1.0497 -0.91064 -3.4333 0.64668
2 26 264 -0.54103 3.9583 2.7315 -0.38979 2.9347 2.0169 0.56764 2.8652 2.2311 0.9079 1.3611 2.7701 0.32326 1.3517 4.1969 -1.3497 3.0261 1.8229 -2.1127 1.6301 2.1939 -2.0629 2.0591 3.6741 0.77563 0.013205 0.14738 0.65607 -1.6912 1.37 0.72276 -3.4908 1.2799 -0.77563 -0.013205 -0.14738 -1.1599 -1.6333 1.134 -1.0225 -3.406 0.83464
2 27 264 -0.5743 3.9942 2.6706 -0.40104 2.9566 1.9838 0.5546 2.8981 2.209 0.88428 1.345 2.5934 0.37123 1.0271 4.0123 -1.3595 3.0374 1.7783 -2.0886 1.6004 2.0473 -2.1485 1.7379 3.582 0.7773 0.021982 0.13719 0.67274 -1.5226 1.5576 0.71333 -3.2933 1.2201 -0.7773 -0.021982 -0.13719 -1.2189 -1.5044 1.2847 -1.056 -3.2435 0.83765
2 28 264 -0.59999 3.9353 2.7559 -0.41066 2.9024 2.0668 0.54752 2.8594 2.2845 0.85311 1.2795 2.5663 0.44053 0.69544 3.9324 -1.3719 2.9675 1.8688 -2.051 1.4921 2.044 -2.2386 1.322 3.565 0.7802 0.030093 0.11779 0.63512 -1.2398 1.7853 0.66444 -2.8962 1.0735 -0.7802 -0.030093 -0.11779 -1.2685 -1.277 1.5012 -0.98625 -2.8766 0.71862
2 69 264 -0.43666 3.5201 3.2829 -0.24946 2.5379 2.5253 0.71235 2.5046 2.7281 0.91662 1.4813 3.9851 0.64953 2.5445 5.0695 -1.2146 2.5916 2.3439 -1.7154 1.5642 3.5111 -1.5573 2.5608 4.6771 0.78519 -0.016275 0.081929 0.53407 -1.744 1.2508 0.81159 -2.7939 -0.18849 -0.78519 0.016275 -0.081928 -1.1452 -1.7922 0.92502 -0.86446 -2.7576 -0.57166
2 94 264 -0.46588 3.813 2.9492 -0.29272 2.8309 2.1794 0.67845 2.8124 2.3338 0.98519 1.2542 2.7169 0.61329 0.87874 4.1655 -1.2663 2.8707 2.0456 -1.8805 1.3791 2.3033 -1.9518 1.3555 3.8435 0.78495 0.0089302 0.08525 0.51317 -1.0352 1.8881 0.70107 -2.5747 0.96848 -0.78495 -0.0089302 -0.08525 -1.007 -1.1694 1.6521 -0.93806 -2.5573 0.50323
2 95 264 -0.44126 3.8325 2.931 -0.27813 2.8355 2.178 0.69376 2.8149 2.3275 1.0019 1.2355 2.609 0.71546 0.55297 3.9617 -1.2522 2.8779 2.0487 -1.8415 1.3625 2.2067 -1.9278 1.0185 3.7073 0.78545 0.010777 0.080268 0.52721 -1.1516 1.8113 0.71247 -2.7133 0.92944 -0.78545 -0.010777 -0.080269 -0.98022 -1.2809 1.582 -0.93204 -2.6946 0.46405
2 96 264 -0.40995 3.8718 2.8863 -0.25947 2.8606 2.1497 0.71347 2.8403 2.2922 1.0274 1.2454 2.4548 0.85779 0.27222 3.6388 -1.2344 2.9029 2.027 -1.7987 1.3709 2.084 -1.9017 0.67448 3.4559 0.786 0.010949 0.07473 0.54269 -1.2563 1.7328 0.72865 -2.8358 0.88334 -0.786 -0.010949 -0.07473 -0.95756 -1.3769 1.5124 -0.9265 -2.8109 0.41992
2 99 252 -0.86126 4.0694 2.4915 -0.60913 2.9963 1.8823 0.32339 2.9739 2.1942 0.78016 1.4199 1.9817 0.94398 -0.026196 2.4911 -1.5464 3.0423 1.5878 -1.9248 1.5066 1.1787 -2.2768 0.065957 1.6009 0.75663 0.013191 0.22548 0.26381 -1.5038 1.5931 0.61308 -3.112 0.85649 -0.75663 -0.013191 -0.22548 -1.1774 -1.6073 1.0768 -0.93572 -3.078 0.062097
2 100 252 -0.82311 4.143 2.3802 -0.57703 3.0502 1.8053 0.35855 3.0311 2.1081 0.89023 1.5322 1.7348 1.2173 0.060079 2.0566 -1.517 3.0935 1.5192 -1.8191 1.591 0.9535 -2.1675 0.09228 1.0539 0.75731 0.013217 0.22316 0.29429 -1.5747 1.5187 0.64392 -3.1874 0.79208 -0.75731 -0.013217 -0.22316 -1.1587 -1.6745 0.99886 -0.91218 -3.1553 0.00026632
2 101 252 -0.78251 4.2178 2.2609 -0.54712 3.1062 1.7177 0.39121 3.0898 2.012 0.98841 1.6604 1.4935 1.4489 0.19852 1.6624 -1.4895 3.1474 1.4392 -1.7188 1.6958 0.72574 -2.0473 0.1963 0.57989 0.75743 0.012243 0.22283 0.32132 -1.6434 1.4407 0.67205 -3.2623 0.72877 -0.75743 -0.012243 -0.22283 -1.1424 -1.7372 0.91316 -0.89197 -3.2338 -0.060743
3 1 252 -0.59082 4.7818 0.0079312 -0.22665 3.578 0.010499 0.24068 3.6281 -0.85348 1.6247 2.7781 -1.0286 2.816 3.1215 -0.11178 -0.69891 3.5572 0.87299 -1.9328 2.4878 0.82177 -2.5686 1.2337 1.4547 0.23269 0.031661 -0.75389 0.088546 -2.0456 -0.47391 -0.27972 -3.8057 -0.34204 -0.23269 -0.031661 0.75389 1.4068 -1.2117 1.3317 -0.19591 -1.8607 0.82069
3 2 252 -0.62208 4.7782 -0.022122 -0.25893 3.5745 -0.017229 0.21359 3.6217 -0.87854 1.6632 2.8786 -1.0017 2.8162 3.3471 -0.091306 -0.73628 3.5566 0.84253 -2.0292 2.5608 0.76877 -2.7762 1.3649 1.3928 0.24022 0.027162 -0.7517 -0.009022 -2.0451 -0.51076 -0.45429 -3.7889 -0.40194 -0.24022 -0.027162 0.7517 1.5637 -0.98425 1.2457 0.077998 -1.9191 0.83406
3 3 252 -0.60735 4.7815 -0.010616 -0.25189 3.5751 -0.0095316 0.21817 3.6213 -0.87224 1.6758 2.8859 -0.92945 2.816 3.4421 -0.05294 -0.7267 3.5583 0.85166 -2.0246 2.5687 0.78211 -2.7755 1.3813 1.4176 0.24062 0.029807 -0.75147 -0.10442 -2.0322 -0.54363 -0.60905 -3.7606 -0.44768 -0.24062 -0.029807 0.75147 1.6329 -0.87286 1.1911 0.35295 -2.0945 0.84448
3 4 240 -0.58066 4.7843 -0.10969 -0.23877 3.5756 -0.036268 0.39171 3.6215 -0.78976 1.7742 2.7983 -0.50748 2.7118 3.3926 0.56273 -0.87357 3.559 0.71481 -2.087 2.5063 0.41779 -2.8776 1.282 0.92159 0.38797 0.037313 -0.68672 -0.082052 -2.0091 -0.6121 -0.64247 -3.7225 -0.64388 -0.38797 -0.037313 0.68672 1.3578 -0.88666 1.49 0.44161 -2.3489 0.96721
3 4 252 -0.59077 4.7843 0.013437 -0.24109 3.5756 0.014168 0.21895 3.6215 -0.85394 1.6299 2.7983 -0.86526 2.7695 3.3926 -0.013384 -0.70587 3.559 0.88081 -1.9545 2.5063 0.84257 -2.6231 1.282 1.4997 0.23671 0.037313 -0.75238 -0.20752 -2.0091 -0.58167 -0.7623 -3.7225 -0.49623 -0.23671 -0.037313 0.75238 1.6379 -0.88666 1.1752 0.63305 -2.3489 0.85426
3 5 240 -0.54279 4.7907 -0.073073 -0.20982 3.5776 -0.0084016 0.40532 3.6237 -0.77445 1.6918 2.6592 -0.48554 2.6483 3.202 0.59529 -0.82943 3.5608 0.75525 -1.956 2.3975 0.54018 -2.5884 1.1049 1.0941 0.38147 0.041369 -0.69012 -0.16865 -1.9863 -0.6699 -0.77289 -3.6841 -0.72523 -0.38147 -0.041369 0.69012 1.3031 -1.0361 1.4564 0.67628 -2.6676 1.0134
3 51 312 -0.10283 4.8275 0.0084008 -0.15711 3.5754 0.15469 0.44951 3.574 0.92888 1.4698 2.3129 0.73478 1.7734 0.82369 0.99474 -0.76233 3.6066 -0.61997 -1.7771 2.3293 -0.53303 -2.7683 3.0902 0.37044 0.36975 -0.020697 0.69739 -1.2774 -1.0089 1.5487 0.16575 -1.3128 0.51144 -0.36975 0.020697 -0.69739 0.25541 -1.984 -0.76542 0.81086 -3.6989 -0.80457
3 52 312 -0.10035 4.8268 0.0078977 -0.15293 3.5754 0.15998 0.45972 3.5783 0.92941 1.525 2.3563 0.72829 1.8758 0.87472 0.9724 -0.76427 3.6023 -0.61002 -1.8881 2.4246 -0.47232 -2.8296 3.2753 0.40374 0.36668 -0.025131 0.69886 -1.3459 -0.96682 1.47 -0.015747 -1.7389 0.52895 -0.36668 0.025131 -0.69886 0.2974 -1.9661 -0.78929 0.88536 -3.6696 -0.84684
4 47 0 -0.63661 4.6955 0.91695 -0.64665 3.4523 0.6846 0.334 3.4837 0.75308 1.3791 2.2842 0.38191 0.88258 2.2461 1.8412 -1.6283 3.45 0.623 -1.8707 2.005 -0.099522 -1.9359 1.3962 1.3157 0.76159 0.15112 0.14366 0.7091 -1.6612 1.2052 1.2516 -3.2744 0.61014 -0.76159 -0.15112 -0.14366 -0.53776 -2.1757 0.37128 -0.11121 -2.4518 -1.3587
4 48 0 -0.69136 4.6852 0.93043 -0.69592 3.4461 0.67943 0.27408 3.4734 0.8398 1.3685 2.2613 0.79705 0.62684 2.2409 2.1488 -1.6675 3.4477 0.52628 -1.8128 2.073 -0.3442 -2.1201 1.3623 0.98927 0.75573 0.15322 0.17 0.72571 -1.6938 1.1709 1.2682 -3.2328 0.40395 -0.75573 -0.15322 -0.17 -0.67045 -2.0845 0.65296 -0.070655 -2.4167 -1.0146
4 49 12 -0.60168 4.6708 1.0637 -0.61769 3.4324 0.81434 0.35921 3.4699 0.9221 1.4613 2.2659 0.85441 0.77561 2.2549 2.2355 -1.5961 3.4236 0.71404 -1.856 2.1052 -0.21494 -2.0666 1.376 1.1272 0.7717 0.1554 0.0619 0.95313 -1.777 0.86633 1.3304 -3.2623 -0.083624 -0.7717 -0.1554 -0.0619 -0.60676 -1.9491 1.0196 -0.16452 -2.5071 -0.63683
4 50 12 -0.76412 4.6521 1.0416 -0.72798 3.4132 0.79649 0.22095 3.4577 1.0513 1.3309 2.2592 1.0709 0.4802 2.2281 2.3565 -1.6797 3.3975 0.54888 -1.859 2.1158 -0.44801 -2.2212 1.4054 0.87176 0.76082 0.16052 0.13739 0.95653 -1.874 0.62378 1.378 -3.3515 -0.31978 -0.76082 -0.16052 -0.13739 -0.71139 -1.8302 1.137 -0.078206 -2.7312 -0.29064
4 51 24 -0.71285 4.6471 1.1156 -0.66647 3.4067 0.87802 0.29789 3.4704 1.0605 1.3805 2.263 0.86311 0.71873 2.1598 2.252 -1.6336 3.3719 0.70262 -1.9202 2.1204 -0.30759 -2.1472 1.4312 1.053 0.7704 0.16118 0.063261 1.042 -1.9208 0.13967 1.3116 -3.4064 -0.84579 -0.7704 -0.16118 -0.06326 -0.54145 -1.7853 1.2498 -0.013867 -3.0238 0.050384
