0 22 348 0.26101 4.7831 -0.67759 0.3156 3.5528 -0.38442 -0.65842 3.5281 -0.51875 -1.8286 2.573 0.10351 -3.3609 2.7389 0.15214 1.2893 3.6066 -0.2564 1.4167 2.5532 -1.4986 0.33869 2.6188 -2.5992 -0.59965 -0.0028431 -0.51372 0.29053 -1.7937 -1.1578 0.15682 -3.5781 -1.379 0.59965 0.0028429 0.51372 0.51349 -2.093 0.63353 -0.5539 -3.4785 1.0718
0 23 0 0.23363 4.7869 -0.67707 0.28921 3.5542 -0.39261 -0.68937 3.5279 -0.48772 -1.852 2.5808 0.1603 -3.3825 2.7617 0.21227 1.2672 3.6096 -0.30372 1.4437 2.5695 -1.551 0.49463 2.5973 -2.7659 -0.6389 0.00053406 -0.46401 0.1221 -1.8119 -1.2059 -0.1094 -3.5922 -1.3723 0.6389 -0.0005343 0.46401 0.65634 -2.0989 0.56758 -0.3047 -3.5035 1.1629
0 24 12 0.1936 4.7913 -0.68292 0.24691 3.5559 -0.40898 -0.73419 3.5337 -0.47468 -1.8936 2.5973 0.19445 -3.4231 2.79 0.227 1.2273 3.6074 -0.3494 1.4537 2.5823 -1.6011 0.6713 2.5718 -2.9298 -0.67166 -0.0019205 -0.41518 -0.057335 -1.8372 -1.2328 -0.37229 -3.6106 -1.3156 0.67166 0.0019205 0.41518 0.78026 -2.0954 0.47737 -0.040437 -3.5279 1.2022
0 42 192 -0.008854 4.7997 -0.56288 -0.079077 3.5715 -0.29053 -1.056 3.5777 -0.17672 -1.6911 2.3505 -1.0481 -1.2017 2.2646 -2.5078 0.89712 3.5948 -0.4083 2.152 2.7006 0.13433 3.6926 2.7265 0.076944 -0.56832 0.045931 0.54626 -0.51771 -2.0532 0.61996 0.3266 -3.5887 1.0444 0.56832 -0.045931 -0.54626 -0.27688 -1.8576 -1.1927 -0.01993 -3.6225 -1.4572
0 43 204 -0.042735 4.7911 -0.56865 -0.11137 3.5721 -0.26799 -1.0749 3.5874 -0.071066 -1.6693 2.347 -0.95248 -1.0835 2.2763 -2.3771 0.85136 3.5863 -0.46877 2.0736 2.6691 0.10885 3.6138 2.5983 0.090911 -0.48041 0.046121 0.62497 -0.37838 -2.0509 0.70395 0.55125 -3.5737 0.9648 0.48041 -0.046121 -0.62497 -0.49415 -1.8424 -1.1126 -0.31778 -3.6119 -1.4105
0 44 216 -0.10964 4.7818 -0.56296 -0.16275 3.572 -0.23379 -1.1 3.5969 0.063342 -1.6668 2.35 -0.82706 -0.99553 2.299 -2.2143 0.77362 3.5767 -0.53472 1.9982 2.6576 0.03489 3.5272 2.4578 0.037355 -0.37543 0.040276 0.69349 -0.24607 -2.0555 0.76574 0.74155 -3.5619 0.84449 0.37543 -0.040276 -0.69349 -0.68696 -1.8276 -0.99522 -0.59952 -3.6014 -1.3063
0 58 180 -0.15127 4.7997 -0.50495 -0.20992 3.5697 -0.2384 -1.1415 3.5876 0.076483 -1.5266 2.3944 -0.97067 -0.53234 2.5919 -2.1326 0.72041 3.5812 -0.55733 1.9709 2.5357 -0.44815 3.3293 2.1331 -1.0567 -0.50099 0.01784 0.61007 -0.70806 -2.0691 0.73706 0.036317 -3.635 1.2317 0.50099 -0.017841 -0.61007 -0.19635 -1.9091 -1.2027 0.24591 -3.6542 -1.3016
0 59 168 -0.098502 4.8023 -0.51439 -0.17682 3.5698 -0.26408 -1.1355 3.5797 -0.044456 -1.4507 2.3743 -1.101 -0.4402 2.6023 -2.2432 0.78073 3.5894 -0.48786 2.0376 2.5604 -0.31388 3.419 2.2051 -0.89958 -0.58072 0.0188 0.53471 -0.84178 -2.0644 0.61377 -0.22832 -3.6477 1.2203 0.58072 -0.0188 -0.53471 0.014535 -1.9262 -1.2098 0.50296 -3.6618 -1.2038
0 60 168 -0.15421 4.8055 -0.49526 -0.19891 3.5701 -0.24818 -1.1301 3.5763 0.068506 -1.5917 2.3517 -0.90924 -0.8108 2.6001 -2.2155 0.73065 3.5934 -0.56873 2.01 2.5778 -0.58967 3.2688 2.2649 -1.4235 -0.54325 0.018466 0.57274 -0.83428 -2.061 0.64503 -0.23903 -3.6599 1.2285 0.54325 -0.018466 -0.57274 -0.027467 -1.9429 -1.1935 0.4969 -3.6679 -1.1874
0 73 96 -0.033164 4.8226 -0.50699 0.030742 3.568 -0.3567 -0.94016 3.5021 -0.21401 -1.2538 1.9548 -0.63384 -1.8137 1.8166 -2.0639 0.99859 3.6633 -0.50355 1.6846 2.2552 -0.96791 2.0459 1.5921 -2.3123 -0.77669 0.03797 0.13716 -1.1107 -1.9581 -0.42725 -1.2664 -3.6688 0.12059 0.77669 -0.03797 -0.13716 0.707 -2.0679 -0.6747 0.94107 -3.6773 0.10358
0 74 84 0.061342 4.8229 -0.50483 0.10047 3.5679 -0.35132 -0.88089 3.5037 -0.36404 -1.1028 1.9367 -0.76929 -1.4202 1.7059 -2.2605 1.0795 3.6615 -0.34329 1.7186 2.2098 -0.73447 2.1964 1.4898 -2.0116 -0.7887 0.037512 -0.005973 -0.95563 -1.9597 -0.63661 -1.1771 -3.6743 -0.1247 0.7887 -0.037512 0.005973 0.81849 -2.0728 -0.51478 0.8963 -3.68 0.29862
0 74 96 -0.044958 4.8229 -0.50655 0.025231 3.5679 -0.36453 -0.93733 3.5037 -0.17294 -1.2386 1.9367 -0.52321 -1.8591 1.7059 -1.9158 0.98456 3.6615 -0.56023 1.5284 2.2098 -1.0757 1.7302 1.4898 -2.4243 -0.77271 0.037512 0.15814 -1.0671 -1.9597 -0.42401 -1.1773 -3.6743 0.12277 0.77271 -0.037512 -0.15814 0.69358 -2.0728 -0.67371 0.9388 -3.68 0.10574
0 75 84 0.040046 4.8252 -0.49049 0.082787 3.5694 -0.34532 -0.89852 3.5088 -0.31818 -1.1131 1.9246 -0.65429 -1.46 1.5753 -2.1156 1.0617 3.6593 -0.37699 1.5741 2.1702 -0.81125 1.9105 1.3938 -2.1003 -0.78874 0.033689 0.016083 -0.92128 -1.9688 -0.60567 -1.1126 -3.686 -0.090178 0.78874 -0.033688 -0.016083 0.81072 -2.0774 -0.5028 0.89882 -3.6825 0.31392
0 76 84 0.017432 4.8277 -0.47269 0.05935 3.5709 -0.3363 -0.92073 3.515 -0.27557 -1.1124 1.9134 -0.53365 -1.4719 1.4198 -1.9496 1.037 3.6562 -0.40142 1.4288 2.1322 -0.84035 1.6522 1.2925 -2.1142 -0.78862 0.027959 0.028315 -0.89573 -1.9807 -0.57855 -1.0739 -3.6978 -0.058475 0.78862 -0.027959 -0.028315 0.81448 -2.0785 -0.48518 0.90845 -3.6826 0.33286
0 83 72 0.13631 4.8285 -0.44068 0.11781 3.5667 -0.3408 -0.85659 3.5466 -0.47312 -1.0204 1.9915 -0.00011964 -1.6817 0.61113 -0.18696 1.0915 3.6164 -0.21133 1.3016 2.0217 0.074024 2.0481 0.71346 -0.25583 -0.76855 0.016985 -0.18039 -0.65186 -2.002 -0.74995 -0.83857 -3.6917 -0.14908 0.76855 -0.016985 0.18039 1.0819 -2.0495 -0.24952 1.0161 -3.619 0.63554
0 83 84 0.041714 4.8285 -0.45939 0.044377 3.5667 -0.35785 -0.93624 3.5466 -0.28469 -0.99814 1.9915 0.21204 -1.6838 0.61113 0.16677 1.0237 3.6164 -0.43365 1.2885 2.0217 -0.19821 1.9502 0.71346 -0.67607 -0.78926 0.016985 -0.016653 -0.79354 -2.002 -0.59803 -0.85124 -3.6917 0.028526 0.78926 -0.016985 0.016652 1.0064 -2.0495 -0.469 1.1261 -3.619 0.41039
0 84 72 0.15797 4.826 -0.43267 0.12623 3.5633 -0.34597 -0.84671 3.5576 -0.48991 -1.0829 2.0365 0.057291 -1.907 0.73357 0.086052 1.0988 3.5987 -0.20404 1.3398 2.0354 0.20397 2.2614 0.80084 0.13799 -0.7666 0.015157 -0.18867 -0.63467 -2.0079 -0.7401 -0.81163 -3.6926 -0.12242 0.7666 -0.015157 0.18867 1.115 -2.0441 -0.23114 1.0243 -3.6288 0.62408
0 84 84 0.064557 4.826 -0.45606 0.051536 3.5633 -0.36465 -0.93007 3.5576 -0.30316 -1.0473 2.0365 0.28118 -1.8474 0.73357 0.48065 1.0324 3.5987 -0.42804 1.3529 2.0354 -0.079044 2.2407 0.80084 -0.33519 -0.78907 0.015157 -0.025166 -0.77468 -2.0079 -0.59197 -0.81935 -3.6926 0.049003 0.78907 -0.015157 0.025166 1.0425 -2.0441 -0.4579 1.1317 -3.6288 0.39747
0 84 96 -0.031673 4.826 -0.45951 -0.025406 3.5633 -0.3674 -0.97278 3.5576 -0.10316 -0.96596 2.0365 0.49279 -1.7071 0.73357 0.85425 0.92084 3.5987 -0.63333 1.3069 2.0354 -0.35861 2.122 0.80084 -0.79373 -0.77706 0.015157 0.13944 -0.88082 -2.0079 -0.41797 -0.79126 -3.6926 0.21829 0.77706 -0.015157 -0.13944 0.92456 -2.0441 -0.66465 1.1896 -3.6288 0.15349
0 85 72 0.19287 4.8165 -0.42334 0.13946 3.5547 -0.34936 -0.82923 3.5611 -0.51952 -1.1609 2.0752 0.072971 -2.1549 0.91986 0.30669 1.108 3.5781 -0.17995 1.4153 2.055 0.32461 2.477 0.97118 0.59944 -0.76665 0.017418 -0.18824 -0.62875 -2.013 -0.71062 -0.79544 -3.6993 -0.094576 0.76665 -0.017417 0.18825 1.1238 -2.0463 -0.22444 1.0456 -3.6443 0.60693
0 85 84 0.10064 4.8165 -0.45419 0.063779 3.5547 -0.37072 -0.91912 3.5611 -0.33576 -1.1203 2.0752 0.31273 -2.0441 0.91986 0.74802 1.0464 3.5781 -0.40639 1.4518 2.055 0.023265 2.5475 0.97118 0.071337 -0.78904 0.017418 -0.024734 -0.76275 -2.013 -0.56437 -0.79773 -3.6993 0.072873 0.78904 -0.017417 0.024735 1.0525 -2.0463 -0.45318 1.1489 -3.6443 0.37628
0 85 96 0.0040079 4.8165 -0.46519 -0.014692 3.5547 -0.37588 -0.96885 3.5611 -0.13732 -1.0308 2.0752 0.53883 -1.8439 0.91986 1.1567 0.93904 3.5781 -0.61506 1.4249 2.055 -0.2791 2.5067 0.97118 -0.45989 -0.77694 0.017418 0.13986 -0.86343 -2.013 -0.39345 -0.76514 -3.6993 0.23714 0.77694 -0.017417 -0.13986 0.93531 -2.0463 -0.66211 1.202 -3.6443 0.12919
0 86 60 0.26627 4.8056 -0.34275 0.18814 3.5463 -0.30237 -0.71635 3.5584 -0.68852 -1.297 2.1173 -0.18362 -2.5024 1.1756 0.010843 1.0922 3.5641 0.084523 1.3595 2.1005 0.75936 2.3405 1.249 1.5901 -0.71258 0.010247 -0.34004 -0.46415 -2.0239 -0.80366 -0.75965 -3.7071 -0.22899 0.71258 -0.010248 0.34004 1.1099 -2.0522 0.045084 0.88811 -3.6547 0.84117
0 86 96 0.01395 4.8056 -0.4338 -0.02552 3.5463 -0.35521 -0.98424 3.5584 -0.13596 -1.1572 2.1173 0.61381 -2.0181 1.1756 1.4796 0.93331 3.5641 -0.57361 1.5462 2.1005 -0.18474 2.8281 1.249 -0.089297 -0.77636 0.010247 0.14375 -0.84789 -2.0239 -0.37735 -0.74916 -3.7071 0.26125 0.77636 -0.010248 -0.14375 0.92441 -2.0522 -0.6159 1.2129 -3.6547 0.1585
0 86 108 -0.076546 4.8056 -0.42722 -0.098814 3.5463 -0.34214 -0.991 3.5584 0.071648 -1.0043 2.1173 0.84101 -1.6664 1.1756 1.8669 0.79365 3.5641 -0.75512 1.474 2.1005 -0.50217 2.7478 1.249 -0.67535 -0.72951 0.010247 0.30202 -0.90781 -2.0239 -0.19282 -0.67848 -3.7071 0.41131 0.7295 -0.010248 -0.30202 0.77616 -2.0522 -0.79463 1.2194 -3.6547 -0.097145
0 87 108 -0.06785 4.7931 -0.40568 -0.093335 3.5378 -0.32316 -0.98719 3.5479 0.087073 -1.1264 2.179 0.96764 -1.766 1.5076 2.1996 0.80126 3.5573 -0.73142 1.6523 2.19 -0.45781 3.093 1.641 -0.43418 -0.72786 0.0064616 0.30606 -0.88783 -2.0358 -0.16081 -0.65972 -3.7204 0.44004 0.72786 -0.0064621 -0.30606 0.77764 -2.0614 -0.74086 1.2369 -3.6681 -0.063775
0 87 120 -0.15071 4.7931 -0.38271 -0.15848 3.5378 -0.29669 -0.94751 3.5479 0.29042 -0.9006 2.179 1.1807 -1.2701 1.5076 2.5187 0.63168 3.5573 -0.88203 1.521 2.19 -0.79134 2.9352 1.641 -1.0678 -0.64832 0.0064616 0.4507 -0.90186 -2.0358 0.027299 -0.55382 -3.7204 0.56758 0.64832 -0.0064621 -0.4507 0.60661 -2.0614 -0.88635 1.1966 -3.6681 -0.31955
0 88 48 0.32166 4.7899 -0.24624 0.229 3.5374 -0.22257 -0.56804 3.5484 -0.79874 -1.5803 2.2901 -0.55189 -3.0751 1.9452 -0.39613 1.0246 3.5562 0.35544 1.3077 2.3315 1.3989 1.9424 2.1451 2.7918 -0.63075 0.0063066 -0.47498 -0.31816 -2.0425 -0.82012 -0.72203 -3.7296 -0.3288 0.63076 -0.0063066 0.47498 0.98947 -2.0712 0.32785 0.65984 -3.6807 1.0708
0 88 120 -0.13479 4.7899 -0.38201 -0.14091 3.5374 -0.28656 -0.93518 3.5484 0.29342 -1.0132 2.2901 1.3324 -1.327 1.9452 2.8022 0.65465 3.5562 -0.86458 1.7345 2.3315 -0.81144 3.2553 2.1451 -0.9846 -0.64665 0.0063066 0.45311 -0.8783 -2.0425 0.04916 -0.53583 -3.7296 0.58509 0.64665 -0.0063066 -0.45311 0.61757 -2.0712 -0.83973 1.2223 -3.6807 -0.29666
0 89 132 -0.19355 4.7866 -0.38913 -0.16248 3.5407 -0.25985 -0.82987 3.5573 0.46242 -0.83111 2.4563 1.6692 -0.80045 2.4853 3.2106 0.50646 3.5537 -0.98076 1.7344 2.5158 -1.2699 3.1862 2.7383 -1.7394 -0.54204 0.012426 0.57405 -0.83001 -2.0419 0.24067 -0.39269 -3.7341 0.6836 0.54204 -0.012426 -0.57405 0.44376 -2.0805 -0.93128 1.1559 -3.6896 -0.53815
0 104 84 -0.056693 4.8306 -0.35033 -0.041334 3.571 -0.32304 -1.0106 3.4996 -0.4741 -1.0045 2.5927 -1.8328 -0.25851 2.8882 -3.1495 0.92587 3.6718 -0.17567 1.4843 2.8812 -1.4916 1.0058 2.8474 -2.9571 -0.78375 -0.0063686 -0.095853 -0.72995 -2.0445 -0.60337 -0.86521 -3.7506 -0.03604 0.78375 0.0063686 0.095853 0.97932 -2.0379 -0.34804 1.0918 -3.727 0.27271
0 112 84 -0.06367 4.8407 -0.24217 -0.044763 3.5778 -0.18679 -1.0167 3.5047 -0.31871 -1.1739 1.8896 -0.1301 -1.5074 0.62805 -0.95166 0.92474 3.6806 -0.056948 1.2549 2.0948 0.15564 1.9091 0.87476 -0.52337 -0.77625 -0.012753 -0.14412 -0.69256 -2.0883 -0.4592 -0.90762 -3.7545 0.19548 0.77625 0.012753 0.14412 0.95856 -2.0574 -0.16515 1.0367 -3.7341 0.4931
0 113 84 -0.065151 4.8373 -0.23019 -0.050437 3.5745 -0.16882 -1.0215 3.5063 -0.30911 -1.1979 1.9172 0.02618 -1.8192 0.616 -0.52018 0.91828 3.6724 -0.02966 1.1944 2.1023 0.32738 2.064 0.87623 -0.016363 -0.77379 -0.01685 -0.15643 -0.68553 -2.0965 -0.44193 -0.91569 -3.7525 0.23315 0.77379 0.01685 0.15643 0.95909 -2.0561 -0.13126 1.0281 -3.7322 0.52958
0 113 96 -0.11159 4.8373 -0.21162 -0.084434 3.5745 -0.15464 -1.0635 3.5063 -0.089968 -1.1662 1.9172 0.27466 -1.8876 0.616 -0.13057 0.89205 3.6724 -0.21993 1.2363 2.1023 0.071907 2.0155 0.87623 -0.44513 -0.7894 -0.01685 0.00787 -0.76244 -2.0965 -0.28974 -0.84721 -3.7525 0.41844 0.7894 0.01685 -0.0078709 0.91084 -2.0561 -0.32779 1.1157 -3.7322 0.30426
0 114 84 -0.052363 4.8267 -0.22066 -0.05298 3.5663 -0.15192 -1.0223 3.5124 -0.3094 -1.2235 1.9542 0.13819 -2.1273 0.72816 -0.10181 0.91423 3.65 0.0057785 1.1673 2.0973 0.4462 2.2102 0.96291 0.50205 -0.77184 -0.020201 -0.16537 -0.68621 -2.1033 -0.4258 -0.92239 -3.7494 0.27099 0.77184 0.020202 0.16537 0.95621 -2.0553 -0.1041 1.021 -3.7286 0.56423
0 114 96 -0.097096 4.8267 -0.20495 -0.083408 3.5663 -0.13758 -1.0643 3.5124 -0.090078 -1.168 1.9542 0.38955 -2.102 0.72816 0.34271 0.89545 3.65 -0.18443 1.2345 2.0973 0.19376 2.2663 0.96291 0.031554 -0.78936 -0.020201 -0.0012776 -0.75974 -2.1033 -0.27382 -0.84589 -3.7494 0.45685 0.78936 0.020202 0.0012786 0.91367 -2.0553 -0.30063 1.116 -3.7286 0.33963
0 114 108 -0.13759 4.8267 -0.18028 -0.11019 3.5663 -0.11723 -1.0598 3.5124 0.13318 -1.0615 1.9542 0.62389 -1.9848 0.72816 0.77226 0.83754 3.65 -0.36657 1.2478 2.0973 -0.067143 2.2233 0.96291 -0.44032 -0.77238 -0.020201 0.16287 -0.80007 -2.1033 -0.10988 -0.73242 -3.7494 0.62273 0.77238 0.020202 -0.16287 0.8312 -2.0553 -0.48402 1.1622 -3.7286 0.10018
0 115 72 0.010848 4.807 -0.20671 -0.028148 3.5539 -0.1328 -0.93611 3.517 -0.50911 -1.3033 1.9913 -0.054889 -2.4304 0.95332 -0.22809 0.87756 3.6205 0.24485 1.0508 2.0885 0.78477 2.086 1.1536 1.4421 -0.71796 -0.023132 -0.32787 -0.57853 -2.1076 -0.55084 -0.96436 -3.7446 0.099002 0.71796 0.023132 0.32787 0.94851 -2.0544 0.11602 0.87102 -3.7233 0.79396
0 115 84 -0.032366 4.807 -0.20445 -0.055145 3.5539 -0.12405 -1.0215 3.517 -0.30335 -1.2863 1.9913 0.21729 -2.4247 0.95332 0.28219 0.90929 3.6205 0.05704 1.191 2.0885 0.54915 2.3402 1.1536 0.97684 -0.77044 -0.023132 -0.17143 -0.68042 -2.1076 -0.41852 -0.9227 -3.7446 0.29734 0.77044 0.023132 0.17143 0.9519 -2.0544 -0.08372 1.0171 -3.7233 0.59552
0 115 96 -0.074166 4.807 -0.19325 -0.079731 3.5539 -0.10987 -1.0623 3.517 -0.08434 -1.213 1.9913 0.47997 -2.313 0.95332 0.78014 0.90128 3.6205 -0.13326 1.2791 2.0885 0.28953 2.4922 1.1536 0.46894 -0.78924 -0.023132 -0.0075007 -0.75256 -2.1076 -0.26791 -0.84072 -3.7446 0.48268 0.78924 0.023132 0.0075007 0.91369 -2.0544 -0.2798 1.1186 -3.7233 0.37104
0 115 108 -0.11272 4.807 -0.17361 -0.10083 3.5539 -0.090896 -1.0566 3.517 0.13836 -1.0867 1.9913 0.72167 -2.1003 0.95332 1.244 0.85388 3.6205 -0.31773 1.3114 2.0885 0.017258 2.5352 1.1536 -0.059462 -0.77356 -0.023132 0.15676 -0.79182 -2.1076 -0.10559 -0.72199 -3.7446 0.64693 0.77356 0.023132 -0.15676 0.83555 -2.0544 -0.46366 1.1713 -3.7233 0.13036
0 116 72 0.028083 4.7891 -0.15823 -0.027604 3.5411 -0.10829 -0.93279 3.5173 -0.49227 -1.4422 2.0434 -0.0054819 -2.7678 1.2588 0.063002 0.87514 3.5944 0.27846 1.1324 2.1107 0.91193 2.1436 1.454 1.873 -0.71482 -0.022976 -0.33467 -0.58006 -2.1097 -0.53935 -0.97379 -3.7397 0.12312 0.71482 0.022976 0.33467 0.93946 -2.0558 0.12864 0.85983 -3.7193 0.81956
0 116 108 -0.070284 4.7891 -0.14451 -0.085981 3.5411 -0.07138 -1.044 3.5173 0.15003 -1.17 2.0434 0.84326 -2.2022 1.2588 1.6779 0.87168 3.5944 -0.28912 1.4521 2.1107 0.072175 2.8352 1.454 0.25535 -0.77502 -0.022976 0.1494 -0.7863 -2.1097 -0.095399 -0.71544 -3.7397 0.67199 0.77502 0.022976 -0.1494 0.83565 -2.0558 -0.44813 1.1773 -3.7193 0.15764
0 116 120 -0.098794 4.7891 -0.12674 -0.098943 3.5411 -0.051943 -0.98998 3.5173 0.36381 -0.96908 2.0434 1.0681 -1.8052 1.2588 2.099 0.79252 3.5944 -0.46403 1.4354 2.1107 -0.23132 2.8263 1.454 -0.33969 -0.72702 -0.022976 0.30727 -0.78895 -2.1097 0.070167 -0.56009 -3.7397 0.80605 0.72702 0.022976 -0.30727 0.72422 -2.0558 -0.61208 1.1844 -3.7193 -0.090591
1 1 264 0.14465 4.1439 -2.4928 0.046266 3.0054 -1.9573 -0.93594 2.9876 -2.0055 -1.0582 1.4877 -1.3699 -1.3169 0.078567 -1.9402 1.0282 3.0496 -1.9231 1.2576 1.5358 -1.3534 1.5867 0.14445 -1.931 -0.78943 -0.0035107 -0.017103 -0.40122 -1.4418 -1.4986 -0.67042 -2.9327 -0.52096 0.78943 0.0035105 0.017103 0.86256 -1.5634 -1.3806 0.90097 -2.8877 -0.15768
1 35 264 0.26037 4.5705 -1.5668 0.12426 3.3519 -1.2634 -0.85508 3.3891 -1.3463 -1.4617 1.9356 -0.91251 -2.3961 0.78342 -1.3332 1.105 3.343 -1.1893 1.5924 1.8665 -0.68843 2.4609 0.64539 -1.0524 -0.78911 0.027174 0.0083308 -0.6405 -1.9344 -0.72949 -0.58714 -3.5584 0.052036 0.78911 -0.027174 -0.0083312 0.72393 -1.9383 -0.87876 0.64447 -3.4266 0.13589
1 36 264 0.22164 4.5314 -1.6822 0.087056 3.3206 -1.3496 -0.89176 3.3474 -1.4421 -1.2791 1.834 -0.9642 -2.0008 0.52035 -1.3263 1.0671 3.322 -1.2666 1.3789 1.8015 -0.75725 2.0831 0.46958 -1.0855 -0.78938 0.017815 0.0079432 -0.55532 -1.8985 -0.82102 -0.53265 -3.4775 0.049221 0.78938 -0.017815 -0.0079432 0.6247 -1.8877 -0.95164 0.56272 -3.3344 0.12266
1 40 264 0.16174 4.476 -1.8322 0.059218 3.2731 -1.4641 -0.92224 3.2757 -1.5281 -1.1377 1.7324 -1.0375 -1.6917 0.33893 -1.3966 1.041 3.2984 -1.4106 1.2903 1.7479 -0.96056 1.8734 0.41379 -1.4684 -0.78951 0.012387 0.0051461 -0.54678 -1.6085 -1.3094 -0.45783 -2.984 -0.14703 0.78951 -0.012387 -0.0051466 0.77717 -1.6658 -1.3014 0.56713 -2.8938 0.0019827
1 41 264 0.15424 4.5587 -1.6215 0.06368 3.3431 -1.2925 -0.91799 3.3417 -1.3533 -1.2778 1.8073 -0.92329 -2.0562 0.54229 -1.3376 1.0454 3.3727 -1.2413 1.4257 1.8336 -0.84703 2.2137 0.66073 -1.4644 -0.78952 0.0053382 -0.011061 -0.54787 -1.7296 -1.1712 -0.48308 -3.1626 -0.078723 0.78952 -0.0053382 0.011061 0.80839 -1.7536 -1.1541 0.57884 -3.0709 0.055411
1 42 264 0.15024 4.6387 -1.3869 0.069009 3.4091 -1.1044 -0.91198 3.4105 -1.1752 -1.4456 1.916 -0.78741 -2.4471 0.83295 -1.2367 1.0502 3.4366 -1.0415 1.5963 1.9334 -0.70805 2.593 0.96304 -1.3733 -0.78938 0.0043054 -0.018852 -0.62517 -1.8747 -0.94445 -0.58642 -3.4147 -0.0075237 0.78938 -0.0043058 0.018852 0.88232 -1.8702 -0.9425 0.6555 -3.3251 0.09801
2 102 84 0.29805 4.2888 -2.2435 0.17848 3.1597 -1.6977 -0.80032 3.14 -1.7923 -1.3022 1.7848 -1.0304 -1.8725 0.35405 -0.9571 1.1578 3.205 -1.6186 1.4973 1.8128 -0.83413 1.8385 0.32554 -0.6122 -0.78695 0.014239 -0.063287 -0.62478 -1.7118 -1.2502 -0.82276 -3.3394 -0.5001 0.78695 -0.014239 0.063287 0.93235 -1.7978 -1.0376 0.88094 -3.3114 -0.059201
2 103 84 0.28596 4.3601 -2.1046 0.17328 3.212 -1.5968 -0.8059 3.1948 -1.6878 -1.3262 1.9064 -0.82878 -1.9667 0.5151 -0.6506 1.1529 3.2552 -1.5202 1.4693 1.9188 -0.63565 1.781 0.43623 -0.34831 -0.78698 0.013962 -0.062938 -0.64648 -1.7748 -1.1561 -0.83908 -3.4135 -0.42928 0.78698 -0.013961 0.062938 0.92359 -1.8543 -0.94144 0.8706 -3.3844 0.010877
2 104 84 0.29014 4.4273 -1.959 0.18122 3.2615 -1.4909 -0.79803 3.2481 -1.5817 -1.3352 2.0069 -0.66528 -2.032 0.65314 -0.42139 1.1609 3.3015 -1.4133 1.4611 1.9978 -0.47577 1.7449 0.51517 -0.1614 -0.78648 0.015883 -0.06857 -0.66852 -1.831 -1.0633 -0.85456 -3.4807 -0.36005 0.78648 -0.015883 0.06857 0.91312 -1.9046 -0.84308 0.86267 -3.4545 0.076718
2 105 84 0.28286 4.4883 -1.815 0.18051 3.3055 -1.3886 -0.79886 3.2936 -1.4783 -1.3473 2.0766 -0.53646 -2.0926 0.75382 -0.26771 1.1602 3.3446 -1.3111 1.4475 2.0431 -0.36646 1.7188 0.55857 -0.050014 -0.78618 0.016369 -0.071744 -0.69046 -1.877 -0.97746 -0.87601 -3.5369 -0.29839 0.78618 -0.016369 0.071745 0.89705 -1.9474 -0.74875 0.85629 -3.5176 0.1365
2 106 84 0.26767 4.5401 -1.6815 0.17091 3.3423 -1.2955 -0.80899 3.3338 -1.3797 -1.3652 2.1186 -0.44015 -2.1471 0.81308 -0.19151 1.1511 3.3785 -1.2223 1.4312 2.0535 -0.30868 1.7018 0.56314 -0.020337 -0.78636 0.014305 -0.070177 -0.71009 -1.9131 -0.90293 -0.89592 -3.5815 -0.24491 0.78636 -0.014305 0.070176 0.88116 -1.9831 -0.6573 0.84845 -3.5712 0.19584
2 107 84 0.26159 4.5811 -1.5647 0.16715 3.3721 -1.2129 -0.81325 3.3687 -1.2914 -1.3765 2.1341 -0.38202 -2.179 0.83203 -0.18604 1.1478 3.4035 -1.1446 1.4306 2.0354 -0.29787 1.7073 0.5354 -0.071626 -0.78659 0.015688 -0.067243 -0.7209 -1.937 -0.83999 -0.91816 -3.6122 -0.20312 0.78659 -0.015688 0.067243 0.86884 -2.0137 -0.57739 0.84555 -3.6159 0.2492
2 108 84 0.26104 4.6124 -1.4664 0.16461 3.3969 -1.1389 -0.81627 3.3977 -1.2112 -1.3809 2.1266 -0.3544 -2.1937 0.82061 -0.24704 1.1458 3.4243 -1.0762 1.4403 2.0047 -0.32337 1.7323 0.49498 -0.20823 -0.78664 0.017576 -0.066204 -0.72124 -1.9536 -0.79053 -0.95041 -3.6375 -0.18829 0.78664 -0.017576 0.066204 0.85335 -2.035 -0.51661 0.8457 -3.6443 0.29657
3 49 168 0.086842 4.8261 -0.17431 0.039783 3.5709 -0.29182 -0.8912 3.5631 -0.60896 -1.4995 2.1869 0.027331 -1.769 0.67709 -0.13229 0.96987 3.6084 0.025817 1.4714 2.0698 -0.19757 1.9058 2.1895 -1.6722 -0.71012 -0.022913 -0.34453 -0.23493 -1.3421 -1.9092 -0.66332 -1.3443 -0.15783 0.71012 0.022914 0.34453 0.29455 -2.0084 0.6842 -0.089392 -3.7457 0.97628
3 53 168 0.072951 4.8258 -0.070946 0.016997 3.575 -0.22514 -0.93026 3.5832 -0.48972 -1.6918 2.384 0.31688 -2.1238 0.90424 0.35383 0.9637 3.5966 0.040648 1.798 2.4616 -0.78663 2.0446 3.3503 -2.0224 -0.71018 -0.030184 -0.34385 0.23584 -1.085 -1.8952 -0.1447 -2.2629 -0.58426 0.71018 0.030185 0.34385 0.21014 -1.9457 0.85382 -0.24536 -3.6358 1.2861
3 54 156 0.086364 4.8247 -0.087484 0.065048 3.5745 -0.25435 -0.80236 3.5847 -0.71788 -1.7248 2.3963 -0.081078 -2.1444 0.91274 -0.10831 0.93169 3.5942 0.21031 1.9096 2.4549 -0.4334 2.4222 3.331 -1.5941 -0.62857 -0.036708 -0.4765 0.55 -1.2839 -1.6888 0.16956 -2.7594 -0.7248 0.62857 0.036708 0.4765 0.0066928 -1.9212 0.91729 -0.55214 -3.5953 1.2861
3 54 168 0.066287 4.8247 -0.10353 0.010745 3.5745 -0.26231 -0.93408 3.5847 -0.53538 -1.7039 2.3963 0.2793 -2.1201 0.91274 0.33992 0.95506 3.5942 0.012 1.7778 2.4549 -0.82097 2.0378 3.331 -2.0629 -0.7139 -0.036708 -0.3354 0.18686 -1.2839 -1.7663 0.015161 -2.7594 -0.74422 0.7139 0.036708 0.3354 0.19726 -1.9212 0.89586 -0.27268 -3.5953 1.3728
3 55 156 0.070691 4.8231 -0.10617 0.050382 3.5745 -0.28368 -0.81452 3.5855 -0.75186 -1.7256 2.385 -0.12137 -2.1334 0.89794 -0.12364 0.9144 3.5933 0.18587 1.8672 2.4119 -0.41854 2.3973 3.2129 -1.6248 -0.6308 -0.044847 -0.47284 0.44361 -1.511 -1.5265 0.30724 -3.1689 -0.83096 0.6308 0.044847 0.47284 -0.020235 -1.8889 0.97387 -0.60349 -3.5428 1.3927
3 64 204 0.27758 4.815 0.16423 0.080157 3.5851 -0.029205 -0.87947 3.6275 0.18217 -1.5401 2.2234 -0.32866 -1.8702 2.2224 -1.8349 1.0414 3.5723 -0.23722 1.5108 2.1881 0.49243 1.9958 0.73441 0.3215 -0.72625 0.028538 0.30862 -0.31838 -2.0288 0.18426 0.090462 -3.7793 0.32344 0.72625 -0.028538 -0.30862 0.39296 -1.6003 -1.6625 0.85234 -1.8415 0.064272
3 64 216 0.30566 4.815 0.10293 0.072333 3.5851 -0.045233 -0.82238 3.6275 0.36104 -1.5748 2.2234 -0.0012635 -2.2108 2.2224 -1.4059 0.96929 3.5723 -0.44855 1.5802 2.1881 0.16756 2.019 0.73441 -0.10047 -0.64621 0.028538 0.45288 -0.27311 -2.0288 0.24643 0.15573 -3.7793 0.29757 0.64621 -0.028538 -0.45288 0.038726 -1.6003 -1.7079 0.84708 -1.8415 -0.11434
3 64 228 0.32038 4.815 0.037125 0.061348 3.5851 -0.059283 -0.72934 3.6275 0.52413 -1.5407 2.2234 0.32619 -2.4548 2.2224 -0.91556 0.85485 3.5723 -0.64028 1.5805 2.1881 -0.16464 1.954 0.73441 -0.51806 -0.53793 0.028538 0.57733 -0.21591 -2.0288 0.29783 0.2142 -3.7793 0.25869 0.53793 -0.028538 -0.57733 -0.3172 -1.6003 -1.6786 0.8048 -1.8415 -0.28796
3 65 240 0.35133 4.812 0.017228 0.075399 3.5833 -0.01999 -0.60098 3.6301 0.69253 -1.646 2.3813 0.56169 -2.7486 2.685 -0.47263 0.75492 3.566 -0.73085 1.6724 2.2759 -0.32765 2.1375 0.85499 -0.70493 -0.41277 0.020346 0.67283 -0.086054 -2.0357 0.3894 0.38758 -3.7735 0.30768 0.41277 -0.020346 -0.67283 -0.94245 -1.3373 -1.5911 0.48893 -1.7898 -0.59242
3 71 240 0.24178 4.8168 -0.059257 -0.013618 3.5844 -0.097668 -0.67963 3.6191 0.62524 -1.9727 2.6826 0.2791 -2.8826 3.4791 -0.67764 0.6548 3.5793 -0.81916 1.6797 2.3411 -0.52709 2.1704 0.98372 -1.0695 -0.39945 0.033363 0.68031 0.38871 -1.9132 0.74481 1.1314 -3.5542 0.82379 0.39945 -0.033363 -0.68031 -0.95173 -1.5342 -1.2601 -0.70935 -3.3057 -1.0283
4 23 108 0.13257 4.6439 -1.3263 0.25714 3.4406 -0.95222 -0.71297 3.4349 -0.79028 -1.1878 2.2375 0.21441 -1.812 1.2054 -0.7462 1.2251 3.4746 -1.123 1.6591 1.9165 -0.89338 1.023 1.8992 -2.2979 -0.78497 0.07797 -0.035229 -0.89749 -1.7182 -1.1194 -1.4038 -3.4483 -1.0819 0.78497 -0.07797 0.035229 0.56471 -2.1586 0.22736 0.57256 -2.7368 1.9351
4 24 120 0.034956 4.6193 -1.3852 0.20864 3.4173 -1.0264 -0.73514 3.4056 -0.74981 -1.1591 2.1634 0.22278 -1.8684 1.1673 -0.71662 1.1491 3.4573 -1.3116 1.6357 1.9246 -1.0237 0.88707 1.7164 -2.3556 -0.77518 0.11788 0.093298 -1.0312 -1.6149 -1.0669 -1.4692 -3.3096 -0.6344 0.77518 -0.11788 -0.093298 0.53582 -2.2043 -0.15412 0.91676 -2.512 1.5811
4 25 120 0.12986 4.6034 -1.441 0.28105 3.4086 -1.0494 -0.68109 3.3902 -0.8462 -1.2748 2.0951 -0.046813 -1.837 1.1559 -1.1329 1.2401 3.455 -1.2624 1.714 1.9806 -0.74228 1.2199 1.5673 -2.1433 -0.7758 0.12762 0.073089 -0.96131 -1.5895 -1.1233 -1.3678 -3.2179 -0.46459 0.7758 -0.12762 -0.073088 0.50452 -2.1748 -0.4599 0.77319 -2.3417 1.3152
4 27 132 0.13582 4.5783 -1.542 0.25529 3.3855 -1.1342 -0.71533 3.374 -0.97569 -1.3689 2.0004 -0.38006 -1.7658 1.4021 -1.7447 1.2234 3.4249 -1.3032 1.7618 2.1044 -0.50621 1.4635 1.5293 -1.9055 -0.76688 0.13895 0.12685 -1.0194 -1.7331 -0.79283 -1.1955 -3.2084 0.22873 0.76688 -0.13895 -0.12685 0.37189 -1.9126 -1.1816 0.50149 -2.3907 0.5521
4 29 144 0.22463 4.5882 -1.5199 0.28415 3.384 -1.1328 -0.69265 3.3915 -1.018 -1.4004 2.0051 -0.52219 -1.6612 1.7031 -2.0116 1.2595 3.4046 -1.2576 1.8203 2.1723 -0.34337 1.6129 1.554 -1.7407 -0.76123 0.14872 0.14802 -0.96842 -1.9331 -0.045346 -0.9397 -3.3549 1.063 0.76123 -0.14872 -0.14802 0.22665 -1.712 -1.446 0.046691 -2.9192 -0.11895
4 38 168 0.38765 4.5964 -1.5098 0.28685 3.4001 -1.1072 -0.67687 3.5424 -0.97167 -1.2761 2.2957 -0.10249 -1.5783 1.615 -1.4527 1.2528 3.2857 -1.253 1.45 1.6944 -0.94056 1.0444 1.7751 -2.426 -0.7765 0.091232 0.11057 -1.216 -1.725 -0.84981 -1.2593 -2.3929 0.82439 0.7765 -0.091232 -0.11057 0.12645 -1.9177 -0.92028 -0.35038 -3.1339 0.32244
4 45 192 0.23737 4.7307 -0.98907 0.29193 3.4831 -0.77953 -0.63993 3.5232 -0.46747 -1.1061 2.3478 0.5668 -1.4841 2.0999 -0.90745 1.2226 3.4723 -1.0974 1.6923 1.9448 -0.75836 0.9766 1.5651 -2.0703 -0.77992 0.10154 0.070076 -1.0589 -1.7491 -0.88477 -1.5013 -3.4847 -0.67787 0.77992 -0.10154 -0.070076 0.40024 -2.1628 0.075813 0.47124 -2.8127 1.7561
4 46 204 0.1684 4.7114 -1.055 0.25136 3.4638 -0.85915 -0.64566 3.5074 -0.45814 -1.1683 2.3227 0.53798 -1.5829 2.2027 -0.94234 1.1466 3.4493 -1.2661 1.6761 1.9457 -0.90864 0.89234 1.4735 -2.1498 -0.75428 0.13529 0.19041 -1.1587 -1.7028 -0.74352 -1.4851 -3.3913 -0.20205 0.75428 -0.13529 -0.19041 0.37212 -2.2007 -0.23697 0.77856 -2.6112 1.471
4 47 204 0.20861 4.6955 -1.0966 0.3123 3.4523 -0.88843 -0.61143 3.4837 -0.55212 -1.4152 2.2842 0.21205 -1.5552 2.2461 -1.3231 1.2341 3.45 -1.2314 1.7494 2.005 -0.66996 1.2334 1.3962 -1.9893 -0.75418 0.15112 0.17853 -1.138 -1.6612 -0.81263 -1.3916 -3.2744 -0.048316 0.75418 -0.15112 -0.17853 0.34026 -2.1757 -0.55791 0.65422 -2.4518 1.196
4 49 216 0.11704 4.6708 -1.2164 0.23307 3.4324 -0.99517 -0.70321 3.4699 -0.69628 -1.6824 2.2659 -0.18619 -1.6178 2.2549 -1.7268 1.1677 3.4236 -1.3015 1.783 2.1052 -0.55854 1.4295 1.376 -1.8704 -0.73016 0.1554 0.25733 -1.2231 -1.777 -0.40376 -1.1814 -3.2623 0.61752 0.73016 -0.1554 -0.25733 0.13958 -1.9491 -1.1783 0.40932 -2.5071 0.51486
4 51 228 0.19748 4.6471 -1.3091 0.25173 3.4067 -1.0732 -0.70349 3.4704 -0.84769 -1.6122 2.263 -0.227 -1.5726 2.1598 -1.765 1.2066 3.3719 -1.3063 1.8793 2.1204 -0.50002 1.5332 1.4312 -1.8353 -0.72953 0.16118 0.25556 -1.0087 -1.9208 0.29623 -0.85418 -3.4064 1.3061 0.72953 -0.16118 -0.25556 -0.013702 -1.7853 -1.362 -0.0078253 -3.0238 -0.051668
4 68 264 0.092102 4.5779 -1.5306 0.22787 3.3706 -1.1797 -0.73445 3.3651 -0.97649 -1.3235 2.0685 -0.17605 -1.4798 1.5509 -1.6201 1.1874 3.404 -1.3929 1.7216 2.0141 -0.72102 1.155 1.6971 -2.1197 -0.77295 0.12681 0.099843 -0.81236 -1.7118 -0.91623 -0.81908 -3.2525 0.020291 0.77295 -0.12681 -0.099843 0.50125 -2.1584 -0.56164 0.59149 -2.2826 1.2348
5 4 60 0.33991 4.772 -0.7587 0.2056 3.5268 -0.57104 -0.74626 3.6122 -0.80348 -1.3413 2.133 -0.4474 -1.939 0.81523 -0.98024 1.1609 3.4706 -0.34368 1.3563 1.8607 -0.14613 1.7446 0.4527 -0.64041 -0.77087 -0.01341 -0.17052 -0.6578 -2.1079 -0.049544 -0.94538 -3.3287 1.2457 0.77087 0.01341 0.17052 0.90367 -1.8264 -0.8353 0.60398 -3.5588 -0.43548
5 5 60 0.33046 4.7717 -0.75927 0.20103 3.526 -0.57228 -0.75695 3.6159 -0.77614 -1.3547 2.1436 -0.39664 -1.9648 0.82036 -0.90105 1.1624 3.4653 -0.37354 1.3599 1.8523 -0.20609 1.7261 0.471 -0.78537 -0.7755 -0.011402 -0.14822 -0.71117 -2.1114 -0.13437 -1.0038 -3.2679 1.2176 0.7755 0.011402 0.14822 0.87073 -1.8453 -0.83045 0.56309 -3.5483 -0.32448
5 6 60 0.30662 4.772 -0.77175 0.19189 3.5264 -0.5752 -0.77338 3.6161 -0.74124 -1.3659 2.1451 -0.34878 -1.9812 0.82407 -0.8526 1.1603 3.4659 -0.41455 1.3708 1.8519 -0.27549 1.6951 0.50267 -0.9479 -0.77978 -0.0099072 -0.12388 -0.72471 -2.1001 -0.32951 -1.0176 -3.1529 1.1046 0.77978 0.0099072 0.12388 0.82567 -1.8856 -0.78122 0.51535 -3.5656 -0.20477
5 7 60 0.29843 4.7746 -0.77766 0.19886 3.5296 -0.56922 -0.7722 3.6142 -0.70051 -1.3436 2.1422 -0.28158 -1.9602 0.83333 -0.81471 1.1728 3.4742 -0.44358 1.4058 1.8597 -0.35485 1.6852 0.54057 -1.1029 -0.78185 -0.0027404 -0.11046 -0.74261 -2.0609 -0.53089 -1.0097 -3.0638 0.94347 0.78185 0.0027404 0.11046 0.78155 -1.9213 -0.73364 0.47119 -3.5771 -0.091146
5 8 60 0.2862 4.7794 -0.76893 0.20418 3.5345 -0.55239 -0.77069 3.6114 -0.65758 -1.3126 2.1338 -0.21982 -1.9291 0.83649 -0.78073 1.1815 3.4867 -0.45302 1.4409 1.8738 -0.44096 1.6833 0.58017 -1.2444 -0.78221 0.0026531 -0.10789 -0.7453 -2 -0.74215 -0.98992 -3.0469 0.7053 0.78221 -0.0026536 0.10789 0.73993 -1.9511 -0.6771 0.42709 -3.5793 0.031365
5 24 84 -0.15649 4.7368 -1.0199 -0.034534 3.5112 -0.72382 -1.0133 3.4195 -0.75358 -1.4007 1.8993 -0.29796 -2.0382 0.52789 -0.59889 0.94134 3.6317 -0.70124 1.4417 2.1215 -0.33021 1.9437 0.70627 -0.68049 -0.78457 -0.012163 -0.088278 -0.65368 -1.8294 -1.1346 -0.86229 -3.6004 -0.86824 0.78457 0.012163 0.088278 0.85723 -2.086 0.0070781 0.6503 -3.0523 1.5152
5 25 84 -0.13474 4.7297 -1.0545 -0.01375 3.5093 -0.73793 -0.98821 3.4084 -0.82505 -1.4407 1.8817 -0.4598 -2.0451 0.52154 -0.86259 0.95799 3.6389 -0.65864 1.4583 2.1445 -0.2283 2.0029 0.73233 -0.52305 -0.78003 -0.013777 -0.1219 -0.61086 -1.8616 -1.1074 -0.83229 -3.6174 -0.76245 0.78003 0.013777 0.1219 0.90038 -2.0687 -0.12968 0.5906 -2.9888 1.3896
5 26 84 -0.11513 4.7244 -1.081 0.0027251 3.5087 -0.74629 -0.96387 3.4003 -0.8923 -1.4679 1.8655 -0.64906 -2.0471 0.52193 -1.1359 0.96692 3.6455 -0.60863 1.4502 2.1593 -0.13308 2.0199 0.75335 -0.40976 -0.77366 -0.018206 -0.1569 -0.56657 -1.8904 -1.0877 -0.80869 -3.6245 -0.65757 0.77366 0.018206 0.1569 0.94456 -2.0298 -0.27978 0.5516 -3.0053 1.1848
5 27 84 -0.081238 4.7207 -1.0983 0.026876 3.5081 -0.74916 -0.92778 3.3954 -0.95721 -1.4607 1.8551 -0.84579 -2.0186 0.53711 -1.4196 0.97956 3.6493 -0.54965 1.4314 2.1623 -0.046266 2.0151 0.76386 -0.3312 -0.76512 -0.020438 -0.19407 -0.51887 -1.9141 -1.0702 -0.7894 -3.619 -0.54935 0.76512 0.020438 0.19407 0.99255 -1.9738 -0.42697 0.5318 -3.082 0.91858
5 28 84 -0.036665 4.7187 -1.1056 0.056549 3.508 -0.74595 -0.88409 3.393 -1.0092 -1.4318 1.8539 -1.0116 -1.9535 0.5757 -1.6984 0.99564 3.6515 -0.49126 1.3995 2.1554 0.025747 1.9962 0.7636 -0.26499 -0.75361 -0.021387 -0.23478 -0.47744 -1.9441 -1.0355 -0.78312 -3.6139 -0.42783 0.75361 0.021388 0.23478 1.0373 -1.9095 -0.54334 0.53204 -3.1921 0.61876
5 29 84 0.016514 4.7211 -1.0931 0.093004 3.5099 -0.73133 -0.82996 3.3961 -1.0515 -1.3848 1.8626 -1.1489 -1.851 0.6393 -1.9636 1.0149 3.6523 -0.41967 1.3695 2.142 0.092161 1.9732 0.75603 -0.21167 -0.74023 -0.020052 -0.27415 -0.44538 -1.977 -0.97962 -0.78709 -3.6107 -0.29755 0.74023 0.020053 0.27415 1.076 -1.8528 -0.61679 0.55207 -3.3107 0.30574
5 30 96 -0.1471 4.7257 -1.0644 -0.020267 3.5128 -0.72351 -0.98143 3.4044 -0.90178 -1.5649 1.8798 -0.96224 -2.1379 0.7211 -1.803 0.93872 3.6497 -0.55335 1.3359 2.1228 -0.12944 1.8668 0.73852 -0.55305 -0.77494 -0.017991 -0.15046 -0.61052 -2.0115 -0.79332 -0.81957 -3.6111 0.011898 0.77494 0.017991 0.15046 0.96084 -1.8052 -0.87703 0.59008 -3.4123 -0.14868
5 31 96 -0.069246 4.7318 -1.0443 0.033546 3.5155 -0.70736 -0.91847 3.4165 -0.93371 -1.5189 1.9032 -1.0683 -2.0261 0.81787 -2.0391 0.984 3.6432 -0.48895 1.3259 2.103 -0.065187 1.851 0.71537 -0.48523 -0.76893 -0.011002 -0.17922 -0.60494 -2.0418 -0.69227 -0.82304 -3.6173 0.15703 0.76893 0.011002 0.17922 1.0164 -1.7704 -0.90688 0.6377 -3.483 -0.48911
5 32 96 0.011565 4.7403 -1.0095 0.086298 3.5197 -0.68049 -0.8561 3.4321 -0.94801 -1.4685 1.9308 -1.1474 -1.9022 0.91802 -2.2262 1.0277 3.6361 -0.42059 1.3237 2.0854 -0.00051776 1.8305 0.69054 -0.41892 -0.76383 -0.002583 -0.20013 -0.61001 -2.0638 -0.57698 -0.84181 -3.6209 0.30203 0.76383 0.002583 0.20013 1.0628 -1.7468 -0.92434 0.7198 -3.511 -0.77965
5 33 96 0.093052 4.7494 -0.9651 0.13906 3.5246 -0.64646 -0.79724 3.4556 -0.93959 -1.4142 1.963 -1.1854 -1.7707 1.0185 -2.3509 1.0751 3.6226 -0.36067 1.332 2.0653 0.060904 1.821 0.66143 -0.34857 -0.76102 0.0073962 -0.21047 -0.64283 -2.0766 -0.44985 -0.86802 -3.6218 0.45156 0.76102 -0.0073957 0.21047 1.0512 -1.7303 -0.95647 0.81881 -3.5183 -0.95255
5 34 96 0.16782 4.7586 -0.91443 0.18447 3.53 -0.60798 -0.74722 3.483 -0.91959 -1.3688 1.9976 -1.1955 -1.6479 1.1095 -2.4248 1.1166 3.6061 -0.30335 1.3405 2.0427 0.11446 1.8137 0.62812 -0.27615 -0.76029 0.016483 -0.21257 -0.6739 -2.0792 -0.33548 -0.89868 -3.605 0.59847 0.76029 -0.016484 0.21257 1.0152 -1.7286 -0.97826 0.87452 -3.5254 -1.0276
5 35 108 0.058307 4.766 -0.89517 0.10432 3.5346 -0.6032 -0.87099 3.5118 -0.72813 -1.5403 2.0286 -0.87327 -2.0068 1.1766 -2.0708 1.0794 3.5865 -0.48501 1.356 2.0174 -0.12429 1.7299 0.59286 -0.581 -0.78749 0.024538 -0.052532 -0.73515 -2.0755 -0.091947 -0.76168 -3.5687 0.91823 0.78749 -0.024537 0.052532 0.80945 -1.7371 -1.1644 0.64465 -3.5322 -1.1981
5 36 108 0.13847 4.7739 -0.84526 0.15605 3.5396 -0.56312 -0.81854 3.5405 -0.69551 -1.4897 2.0562 -0.81879 -1.9054 1.2158 -2.0429 1.1311 3.5678 -0.43722 1.3826 1.9928 -0.083886 1.7523 0.55874 -0.51352 -0.78687 0.032823 -0.057013 -0.74965 -2.067 0.0020445 -0.78561 -3.5219 1.0664 0.78687 -0.032823 0.057013 0.84422 -1.7528 -1.1483 0.61336 -3.5409 -1.1382
5 37 108 0.18317 4.7829 -0.79026 0.17184 3.5438 -0.53013 -0.80005 3.5672 -0.67928 -1.4672 2.078 -0.75645 -1.856 1.2138 -1.9728 1.1449 3.5495 -0.38705 1.369 1.9675 -0.046832 1.7308 0.52616 -0.45843 -0.78656 0.028316 -0.0634 -0.77423 -2.0669 0.092015 -0.83724 -3.4768 1.2142 0.78656 -0.028317 0.0634 0.86912 -1.7586 -1.1256 0.5955 -3.5393 -1.0546
5 38 108 0.22553 4.7852 -0.76217 0.17888 3.5438 -0.51692 -0.78869 3.5897 -0.68744 -1.4385 2.0909 -0.69412 -1.8334 1.1557 -1.8548 1.1484 3.527 -0.35209 1.3488 1.9386 -0.02742 1.7043 0.49425 -0.43389 -0.78476 0.017106 -0.085762 -0.79414 -2.0718 0.1397 -0.90494 -3.4108 1.342 0.78476 -0.017106 0.085762 0.92898 -1.7534 -1.0885 0.59126 -3.5197 -0.95882
5 39 108 0.29588 4.7899 -0.7043 0.21546 3.5467 -0.47707 -0.74578 3.6144 -0.67405 -1.3753 2.109 -0.59565 -1.8037 1.07 -1.6514 1.1794 3.5083 -0.28526 1.3632 1.9141 0.020318 1.7177 0.47506 -0.40541 -0.78092 0.01792 -0.11548 -0.82763 -2.0627 0.173 -0.98204 -3.3275 1.4486 0.78092 -0.01792 0.11548 0.9563 -1.7702 -1.0304 0.56077 -3.5174 -0.82596
5 40 108 0.31582 4.7927 -0.66523 0.22018 3.5464 -0.46183 -0.73472 3.6259 -0.68364 -1.3493 2.1195 -0.53643 -1.8228 0.96769 -1.4458 1.1781 3.4962 -0.2447 1.3516 1.8972 0.040971 1.7067 0.47558 -0.43937 -0.77855 0.012809 -0.13112 -0.89258 -2.0669 0.14439 -1.0835 -3.2398 1.5004 0.77855 -0.01281 0.13112 0.90445 -1.7996 -0.96699 0.50259 -3.5337 -0.68
5 41 108 0.31244 4.7923 -0.65285 0.20284 3.5448 -0.46432 -0.74556 3.6324 -0.70974 -1.3497 2.1271 -0.51482 -1.8695 0.88105 -1.2597 1.1546 3.4866 -0.22322 1.3305 1.8848 0.045065 1.6909 0.49372 -0.51403 -0.77754 0.0028372 -0.13758 -0.94846 -2.0856 0.016343 -1.1739 -3.1396 1.4617 0.77754 -0.0028372 0.13758 0.85918 -1.8265 -0.90263 0.44607 -3.5445 -0.54395
5 42 108 0.31977 4.7895 -0.66024 0.20221 3.5428 -0.47101 -0.74173 3.6335 -0.73204 -1.3363 2.129 -0.5046 -1.9075 0.82045 -1.087 1.1497 3.4815 -0.21423 1.334 1.878 0.037913 1.7108 0.52492 -0.59832 -0.77681 -0.00047588 -0.14164 -0.9698 -2.0923 -0.17702 -1.2397 -3.0492 1.3271 0.77681 0.00047588 0.14164 0.83699 -1.8537 -0.84471 0.39776 -3.5485 -0.41399
5 43 108 0.32503 4.7862 -0.68547 0.21346 3.5425 -0.47584 -0.72944 3.6295 -0.74181 -1.3124 2.1249 -0.48653 -1.9273 0.78317 -0.93291 1.1598 3.4847 -0.2143 1.3551 1.8803 0.023621 1.7569 0.56863 -0.68045 -0.77434 0.00046158 -0.15459 -0.961 -2.0766 -0.41045 -1.2896 -3.0024 1.1014 0.77434 -0.00046206 0.15459 0.81136 -1.8841 -0.77547 0.34364 -3.5554 -0.28679
5 43 120 0.17541 4.7862 -0.73807 0.10986 3.5425 -0.50982 -0.86773 3.6295 -0.57394 -1.3849 2.1249 -0.20304 -2.0791 0.78317 -0.51182 1.0899 3.4847 -0.45075 1.3304 1.8803 -0.25864 1.577 0.56863 -1.0309 -0.78956 0.00046158 0.0097826 -1.0253 -2.0766 -0.20168 -1.0324 -3.0024 1.3454 0.78956 -0.00046206 -0.0097828 0.63241 -1.8841 -0.92721 0.27651 -3.5554 -0.35197
5 44 108 0.34691 4.7877 -0.68629 0.23174 3.5443 -0.47549 -0.70552 3.6195 -0.76399 -1.2773 2.1178 -0.4696 -1.9135 0.76448 -0.84557 1.1723 3.4982 -0.19163 1.382 1.8919 0.019246 1.809 0.6208 -0.74212 -0.76804 0.0050907 -0.18327 -0.91657 -2.0372 -0.65379 -1.3261 -3.0134 0.80574 0.76804 -0.0050907 0.18327 0.79118 -1.9116 -0.69923 0.29339 -3.5605 -0.16601
5 44 120 0.19664 4.7877 -0.74342 0.12782 3.5443 -0.51328 -0.84895 3.6195 -0.60061 -1.347 2.1178 -0.19377 -2.0475 0.76448 -0.42926 1.1068 3.4982 -0.43117 1.3558 1.8919 -0.2685 1.6152 0.6208 -1.102 -0.78936 0.0050907 -0.01958 -1.0325 -2.0372 -0.44893 -1.1296 -3.0134 1.0639 0.78936 -0.0050907 0.01958 0.62852 -1.9116 -0.84845 0.25247 -3.5605 -0.22338
5 45 120 0.19335 4.7861 -0.75303 0.14605 3.5456 -0.5047 -0.83072 3.6133 -0.59799 -1.319 2.1162 -0.16311 -2.011 0.75771 -0.39352 1.1249 3.5071 -0.41664 1.3849 1.9002 -0.27948 1.6558 0.67168 -1.1712 -0.78777 0.005693 -0.053644 -0.99322 -1.9854 -0.69203 -1.224 -3.0785 0.7232 0.78777 -0.0056934 0.053644 0.62482 -1.9369 -0.75753 0.22302 -3.5622 -0.088089
5 46 120 0.21709 4.7872 -0.74571 0.17239 3.5448 -0.50535 -0.80252 3.6027 -0.62182 -1.2849 2.1114 -0.16142 -1.9575 0.75051 -0.43214 1.1492 3.5162 -0.39405 1.4183 1.9089 -0.28068 1.7058 0.72387 -1.2244 -0.78454 0.0085392 -0.088969 -0.90202 -1.9255 -0.90139 -1.2787 -3.1842 0.33334 0.78454 -0.0085387 0.088969 0.63398 -1.9584 -0.67892 0.2017 -3.553 0.043121
5 61 168 -0.15111 4.7519 -0.90694 -0.0062439 3.5362 -0.58831 -0.97835 3.4556 -0.71423 -1.4842 1.9635 -0.28239 -2.2125 0.62314 -0.50769 0.96385 3.6459 -0.46898 1.4075 2.0944 -0.21478 1.8641 0.72904 -0.76708 -0.78108 -0.0079603 -0.11555 -0.62721 -1.8492 -1.1157 -0.92546 -3.6091 -0.86072 0.78108 0.0079603 0.11555 0.84849 -2.0857 -0.047148 0.61373 -3.0277 1.4722
5 62 168 -0.11034 4.738 -0.97419 0.024236 3.5305 -0.62193 -0.93221 3.4318 -0.82889 -1.4893 1.936 -0.48097 -2.1776 0.5934 -0.79927 0.9788 3.658 -0.42218 1.4104 2.1126 -0.115 1.9153 0.77085 -0.68276 -0.76878 -0.01193 -0.1798 -0.57308 -1.8911 -1.0989 -0.87486 -3.6401 -0.78116 0.76878 0.01193 0.1798 0.89242 -2.0656 -0.10781 0.45699 -2.9591 1.3965
5 63 168 -0.06056 4.7311 -1.0126 0.05057 3.5281 -0.63903 -0.88202 3.4281 -0.93506 -1.4731 1.9243 -0.69425 -2.1067 0.58629 -1.1255 0.98197 3.657 -0.3505 1.396 2.1161 7.5229e-06 1.946 0.80167 -0.58949 -0.75226 -0.018999 -0.23924 -0.50355 -1.9236 -1.0906 -0.82663 -3.6543 -0.70138 0.75226 0.018999 0.23924 0.94973 -2.028 -0.19075 0.35808 -2.9825 1.2199
5 64 168 0.0041836 4.7273 -1.033 0.08718 3.5254 -0.64874 -0.81642 3.4214 -1.023 -1.4209 1.9085 -0.90244 -1.9964 0.59035 -1.4582 0.99016 3.6582 -0.2822 1.3749 2.1174 0.10057 1.9821 0.82733 -0.48652 -0.73156 -0.021123 -0.29644 -0.43206 -1.9462 -1.0831 -0.78484 -3.6525 -0.61966 0.73156 0.021123 0.29644 1.0187 -1.9807 -0.27337 0.31682 -3.0641 0.98532
5 65 180 -0.15179 4.723 -1.0378 -0.01053 3.5224 -0.66691 -0.95407 3.4126 -0.92195 -1.5478 1.8955 -0.80151 -2.1814 0.61154 -1.374 0.93124 3.6609 -0.41946 1.3571 2.1162 -0.10135 1.879 0.83508 -0.7826 -0.76482 -0.021919 -0.19509 -0.5762 -1.968 -0.9641 -0.84376 -3.6488 -0.3689 0.76482 0.021919 0.19509 0.99048 -1.9307 -0.54697 0.46201 -3.1636 0.65782
5 102 252 -0.0043076 4.7667 -0.88276 0.069492 3.5335 -0.60338 -0.89782 3.4515 -0.76131 -1.3937 1.9114 -0.53549 -1.9485 0.57874 -1.0777 1.035 3.6445 -0.45237 1.4118 2.0893 -0.12379 1.7911 0.67225 -0.599 -0.77643 0.0040302 -0.14368 -0.52893 -1.8784 -1.0434 -0.68925 -3.618 -0.59716 0.77643 -0.0040298 0.14368 0.88414 -2.0785 -0.17159 0.51708 -2.9537 1.3614
5 103 252 0.019185 4.7667 -0.89042 0.075139 3.5351 -0.60015 -0.88337 3.4519 -0.80433 -1.387 1.905 -0.65512 -1.919 0.58276 -1.2436 1.0322 3.6472 -0.40323 1.3979 2.0905 -0.069108 1.807 0.69535 -0.58274 -0.77291 0.00067329 -0.16159 -0.50917 -1.9101 -0.9945 -0.68406 -3.6245 -0.46438 0.77291 -0.00067329 0.16159 0.92542 -2.0446 -0.3003 0.5002 -2.979 1.1819
6 0 216 -0.10897 4.7141 -1.0516 0.01098 3.4745 -0.82175 -0.93725 3.3527 -1.0528 -1.3137 1.8042 -0.69341 -1.7149 0.43396 -1.2757 0.9565 3.6253 -0.59676 1.5739 2.1336 -0.347 2.3255 0.85687 -0.77447 -0.77445 -0.011706 -0.15358 -0.5654 -1.9894 -0.83131 -1.0055 -3.7184 -0.57079 0.77445 0.011706 0.15358 0.7253 -1.9967 -0.46128 0.88116 -3.6925 0.13117
6 1 216 -0.025238 4.7103 -1.0803 0.067718 3.4704 -0.84124 -0.86206 3.3443 -1.1361 -1.2699 1.8001 -0.79269 -1.6019 0.42141 -1.3982 0.99518 3.6256 -0.55295 1.599 2.1452 -0.21707 2.411 0.88014 -0.56046 -0.76237 -0.012639 -0.20525 -0.51777 -1.9976 -0.84902 -0.94566 -3.7244 -0.55557 0.76237 0.012639 0.20525 0.76631 -1.9926 -0.42204 0.92876 -3.6856 0.17633
6 2 228 -0.16599 4.7097 -1.0757 -0.046946 3.47 -0.8491 -1.0088 3.3431 -1.0105 -1.3751 1.8008 -0.61552 -1.7693 0.424 -1.1871 0.91174 3.6259 -0.69419 1.5533 2.1509 -0.40878 2.3258 0.89194 -0.8514 -0.78367 -0.011961 -0.096028 -0.64821 -2.0096 -0.73286 -0.98036 -3.7348 -0.32788 0.78367 0.011961 0.096028 0.7326 -1.9937 -0.52773 0.96463 -3.6823 0.06008
6 3 228 -0.098179 4.7089 -1.0871 0.0068527 3.4697 -0.85168 -0.94416 3.3383 -1.0653 -1.3544 1.7971 -0.71125 -1.7124 0.43061 -1.3294 0.95493 3.6301 -0.64479 1.5579 2.1534 -0.29181 2.3541 0.88754 -0.66785 -0.77515 -0.013711 -0.14983 -0.59404 -2.0204 -0.74553 -0.91236 -3.7428 -0.3181 0.77515 0.013711 0.14983 0.789 -2.0012 -0.44548 0.92822 -3.6837 0.18752
6 4 228 -0.041467 4.714 -1.0707 0.049301 3.4741 -0.83359 -0.88892 3.3416 -1.0973 -1.3335 1.7993 -0.79362 -1.6729 0.45226 -1.463 0.98489 3.6355 -0.57673 1.5428 2.1512 -0.18394 2.34 0.86698 -0.48867 -0.7633 -0.016288 -0.2015 -0.54124 -2.0315 -0.75287 -0.85137 -3.7495 -0.30204 0.7633 0.016289 0.2015 0.8356 -2.0114 -0.34412 0.8365 -3.6867 0.3223
6 5 228 0.014918 4.7177 -1.0535 0.088085 3.4757 -0.82183 -0.83385 3.3491 -1.1402 -1.3051 1.8051 -0.88968 -1.6377 0.48342 -1.6108 1.0079 3.6312 -0.51032 1.517 2.135 -0.096851 2.2996 0.83068 -0.34974 -0.74773 -0.020075 -0.25297 -0.47807 -2.0392 -0.76757 -0.7928 -3.7483 -0.28702 0.74773 0.020075 0.25297 0.86298 -2.0202 -0.23505 0.71733 -3.6909 0.42725
6 5 240 -0.20444 4.7177 -1.0336 -0.084709 3.4757 -0.82219 -1.0527 3.3491 -0.94193 -1.4615 1.8051 -0.5989 -1.9368 0.48342 -1.2351 0.87982 3.6312 -0.70873 1.4637 2.135 -0.41014 2.1766 0.83068 -0.82021 -0.78399 -0.020075 -0.091976 -0.62721 -2.0392 -0.6514 -0.83515 -3.7483 -0.11592 0.78399 0.020075 0.091976 0.79525 -2.0202 -0.40934 0.79049 -3.6909 0.26878
6 6 240 -0.15589 4.7207 -1.0237 -0.044824 3.4785 -0.81071 -1.0056 3.3448 -0.97292 -1.456 1.8024 -0.67814 -1.9352 0.50313 -1.3564 0.91259 3.6411 -0.6549 1.4421 2.1297 -0.33268 2.1398 0.80733 -0.71004 -0.77615 -0.021998 -0.14357 -0.57492 -2.0475 -0.66413 -0.78276 -3.7502 -0.10862 0.77615 0.021998 0.14357 0.81108 -2.023 -0.33728 0.69642 -3.6908 0.33801
6 7 240 -0.10877 4.7299 -0.99396 -0.013766 3.4865 -0.78058 -0.9644 3.3538 -0.99519 -1.4542 1.8134 -0.75836 -1.9444 0.5319 -1.462 0.93381 3.6481 -0.5724 1.4055 2.1214 -0.23281 2.0847 0.78706 -0.60149 -0.76555 -0.024261 -0.19195 -0.52821 -2.0553 -0.67443 -0.73863 -3.749 -0.093028 0.76555 0.02426 0.19195 0.81899 -2.0215 -0.28356 0.60763 -3.684 0.38171
6 26 252 0.14772 4.7595 -0.88811 0.089361 3.5091 -0.70663 -0.86974 3.496 -0.92412 -1.3439 1.9597 -0.63486 -1.7355 0.61075 -1.271 1.0489 3.5514 -0.49501 1.3024 1.963 -0.21009 1.7505 0.55705 -0.6577 -0.78305 -0.0062075 -0.10148 -0.79893 -2.0081 0.53614 -0.92275 -3.36 1.7227 0.78305 0.006207 0.10148 0.79612 -1.8083 -0.95761 0.66916 -3.6046 -0.86851
6 27 252 0.099678 4.7601 -0.89047 0.063827 3.5087 -0.70925 -0.90045 3.486 -0.90164 -1.364 1.947 -0.60954 -1.8446 0.57633 -1.1273 1.0281 3.5607 -0.52271 1.3053 1.9704 -0.27227 1.7448 0.6007 -0.82775 -0.78479 -0.0070906 -0.086944 -0.82531 -2.0492 0.40562 -0.98122 -3.2778 1.716 0.78479 0.0070906 0.086944 0.76518 -1.8434 -0.9078 0.62541 -3.6327 -0.73505
6 28 240 0.23475 4.7576 -0.88114 0.19003 3.5072 -0.69328 -0.72816 3.4688 -1.0437 -1.2455 1.9326 -0.84059 -1.6526 0.56439 -1.4236 1.1088 3.5748 -0.3488 1.3728 1.9864 -0.073004 1.9217 0.66087 -0.63814 -0.75515 -0.0058818 -0.23069 -0.86983 -2.0879 0.027019 -1.3345 -3.1753 1.3881 0.75515 0.0058813 0.23069 0.89679 -1.8762 -0.69226 0.69828 -3.6547 -0.47152
6 28 252 0.046417 4.7576 -0.91069 0.041737 3.5072 -0.71764 -0.92925 3.4688 -0.86953 -1.393 1.9326 -0.56326 -1.9125 0.56439 -1.0489 1.012 3.5748 -0.57171 1.3276 1.9864 -0.35683 1.7471 0.66087 -1.0237 -0.78661 -0.0058818 -0.068643 -0.8452 -2.0879 0.20728 -1.0167 -3.1753 1.6352 0.78661 0.0058813 0.068643 0.73326 -1.8762 -0.86358 0.58499 -3.6547 -0.6064
6 29 240 0.18115 4.7545 -0.91056 0.15988 3.5056 -0.70927 -0.77108 3.4568 -1.0228 -1.2919 1.9251 -0.79635 -1.6974 0.57495 -1.4212 1.091 3.5835 -0.40205 1.421 2.0003 -0.17136 1.9604 0.72083 -0.84202 -0.7603 -0.0091043 -0.21299 -0.82567 -2.1091 -0.2031 -1.3125 -3.0929 1.2273 0.7603 0.0091043 0.21299 0.86216 -1.9018 -0.65439 0.63306 -3.6662 -0.36237
6 30 240 0.13957 4.7534 -0.92719 0.14016 3.5062 -0.71369 -0.80196 3.4472 -0.98989 -1.3188 1.9186 -0.73506 -1.7113 0.59665 -1.425 1.0819 3.5942 -0.44403 1.4864 2.0192 -0.28724 2.0121 0.78456 -1.0467 -0.76269 -0.0099559 -0.2042 -0.76789 -2.0972 -0.44463 -1.2593 -3.0543 1.0022 0.76269 0.0099554 0.2042 0.83269 -1.9243 -0.61305 0.57419 -3.6724 -0.25486
6 31 240 0.11719 4.7541 -0.92726 0.13889 3.5087 -0.70274 -0.81191 3.4404 -0.94495 -1.3174 1.913 -0.66159 -1.6978 0.62525 -1.4197 1.0888 3.6062 -0.46717 1.5607 2.0436 -0.39952 2.0902 0.85074 -1.2207 -0.7634 -0.005681 -0.20171 -0.69234 -2.052 -0.67258 -1.1793 -3.0754 0.72975 0.7634 0.005681 0.20171 0.80837 -1.948 -0.56993 0.51971 -3.6751 -0.14038
6 32 240 0.10935 4.7532 -0.92839 0.14335 3.5086 -0.70095 -0.81298 3.4347 -0.91854 -1.3039 1.907 -0.61227 -1.681 0.64783 -1.4185 1.0985 3.6114 -0.49 1.6237 2.0647 -0.51039 2.1658 0.91593 -1.3845 -0.76336 -0.0029469 -0.20192 -0.6054 -1.9835 -0.88504 -1.0738 -3.1448 0.41223 0.76336 0.0029473 0.20193 0.78534 -1.9675 -0.52679 0.4691 -3.6701 -0.024779
6 48 264 -0.039347 4.7908 -0.69264 0.037549 3.5372 -0.5421 -0.94173 3.4483 -0.52024 -1.292 1.9174 -0.070343 -1.9054 0.53769 -0.38287 1.0136 3.6554 -0.56855 1.4843 2.1034 -0.37183 1.9058 0.67501 -0.77134 -0.78626 0.017538 -0.070617 -0.61167 -1.9029 -0.90463 -0.60018 -3.7036 -0.81335 0.78626 -0.017538 0.070617 0.8593 -2.1045 0.3024 0.69184 -3.1438 1.7662
6 49 264 0.0072026 4.7856 -0.72815 0.068828 3.5334 -0.56082 -0.91061 3.4467 -0.58397 -1.3064 1.9105 -0.19385 -1.9044 0.55186 -0.61125 1.0453 3.6494 -0.54271 1.5127 2.1054 -0.28455 1.9184 0.66978 -0.67435 -0.78407 0.022165 -0.090794 -0.58358 -1.9263 -0.85069 -0.56947 -3.7209 -0.67689 0.78407 -0.022166 0.090794 0.91063 -2.1191 0.12697 0.67914 -3.0519 1.6525
6 50 264 0.029531 4.7861 -0.74451 0.072046 3.5352 -0.56413 -0.90557 3.453 -0.63388 -1.3506 1.9109 -0.32955 -1.9339 0.57607 -0.83529 1.0471 3.6467 -0.49985 1.5035 2.1069 -0.20067 1.9035 0.67502 -0.60996 -0.78284 0.018054 -0.10162 -0.56191 -1.9481 -0.80848 -0.54605 -3.7302 -0.53474 0.78284 -0.018055 0.10162 0.93979 -2.1067 -0.063218 0.66477 -3.0256 1.4635
6 51 264 0.043811 4.7887 -0.74465 0.068762 3.5383 -0.558 -0.90459 3.4598 -0.67541 -1.3929 1.9132 -0.47965 -1.9509 0.60451 -1.0743 1.04 3.6459 -0.4462 1.4731 2.1051 -0.1192 1.885 0.68729 -0.56398 -0.78271 0.014326 -0.10326 -0.54422 -1.9651 -0.76592 -0.52741 -3.7273 -0.38477 0.78271 -0.014326 0.10326 0.95136 -2.0762 -0.26365 0.67056 -3.0792 1.2081
6 52 264 0.056788 4.791 -0.73659 0.066687 3.5403 -0.54963 -0.90121 3.4677 -0.70864 -1.4183 1.9197 -0.63786 -1.946 0.64757 -1.3313 1.0328 3.642 -0.39621 1.4355 2.0958 -0.0559 1.8694 0.69636 -0.53649 -0.78319 0.013187 -0.09969 -0.53163 -1.9773 -0.72353 -0.51438 -3.7105 -0.22699 0.78319 -0.013186 0.09969 0.93909 -2.0326 -0.45897 0.67647 -3.1844 0.90311
6 53 264 0.072699 4.7923 -0.72741 0.071116 3.5411 -0.54295 -0.89222 3.4751 -0.73002 -1.4229 1.9309 -0.78067 -1.9132 0.71275 -1.589 1.0331 3.6362 -0.36141 1.4032 2.0826 -0.017954 1.8547 0.70199 -0.53538 -0.78298 0.013868 -0.10122 -0.51832 -1.9922 -0.66702 -0.50502 -3.6937 -0.070666 0.78298 -0.013868 0.10122 0.91164 -1.9784 -0.63248 0.68287 -3.3081 0.56351
6 68 252 0.26983 4.7886 -0.58915 0.12627 3.535 -0.49233 -0.83155 3.6097 -0.70295 -1.3501 2.0629 -0.61689 -1.6756 0.75263 -1.3618 1.0867 3.4897 -0.28519 1.3436 1.888 -0.092371 1.7596 0.51103 -0.64783 -0.78644 -0.0058322 -0.070584 -0.79962 -2.1003 0.095115 -0.96774 -3.1212 1.5717 0.78644 0.0058322 0.070585 0.75607 -1.9054 -0.80157 0.52656 -3.6777 -0.56276
6 69 252 0.24772 4.786 -0.62546 0.11074 3.5327 -0.51454 -0.85342 3.6067 -0.6942 -1.3776 2.0668 -0.54333 -1.851 0.72072 -1.1278 1.0774 3.4881 -0.33864 1.3511 1.8854 -0.18045 1.742 0.53668 -0.8175 -0.78758 -0.0086217 -0.055999 -0.80434 -2.1085 -0.1245 -0.95329 -3.0625 1.3982 0.78758 0.0086222 0.055999 0.72809 -1.9289 -0.75448 0.48125 -3.6855 -0.43185
6 70 252 0.23888 4.7875 -0.64985 0.1179 3.5341 -0.52068 -0.85235 3.6013 -0.6672 -1.3837 2.0713 -0.45389 -1.9614 0.71819 -0.91547 1.0903 3.4963 -0.37824 1.3908 1.8936 -0.27933 1.7498 0.57423 -0.9922 -0.78795 -0.0038543 -0.051102 -0.79453 -2.0833 -0.35139 -0.93164 -3.0782 1.146 0.78795 0.0038538 0.051102 0.70666 -1.954 -0.70687 0.43979 -3.6907 -0.3026
6 71 252 0.23057 4.7915 -0.65581 0.12958 3.5376 -0.51369 -0.84519 3.5933 -0.63241 -1.383 2.0749 -0.36003 -2.0174 0.72824 -0.76211 1.1061 3.5113 -0.39927 1.4327 1.9107 -0.38303 1.765 0.6205 -1.1593 -0.78755 0.0014014 -0.057094 -0.77633 -2.0394 -0.55619 -0.91012 -3.1573 0.85215 0.78755 -0.0014009 0.057094 0.67994 -1.9733 -0.66006 0.39413 -3.6854 -0.17223
6 72 252 0.22309 4.7935 -0.66066 0.14345 3.5391 -0.50953 -0.83403 3.5817 -0.60984 -1.3771 2.0743 -0.29116 -2.0354 0.73506 -0.67932 1.1222 3.5259 -0.41369 1.4764 1.9325 -0.48158 1.7823 0.68085 -1.3286 -0.7866 0.0065432 -0.068634 -0.74162 -1.981 -0.74828 -0.87833 -3.2698 0.50521 0.7866 -0.0065432 0.068634 0.65633 -1.9892 -0.6143 0.35216 -3.6722 -0.043454
6 73 252 0.20494 4.7956 -0.6645 0.14884 3.5408 -0.50473 -0.83064 3.5719 -0.5884 -1.3683 2.071 -0.23216 -2.0325 0.73776 -0.63088 1.1292 3.539 -0.42566 1.5103 1.9569 -0.56796 1.7963 0.75409 -1.4895 -0.78584 0.0095348 -0.076548 -0.69855 -1.9164 -0.91169 -0.84524 -3.382 0.1282 0.78584 -0.0095353 0.076548 0.63445 -2.0048 -0.56413 0.31119 -3.6549 0.086691
