0 43 348 -0.29967 4.7911 0.48517 -0.067423 3.5721 0.28227 0.82782 3.5874 0.68929 0.79063 2.347 1.7518 -0.52064 2.2763 2.56 -0.9643 3.5863 -0.12117 -1.6136 2.6691 -1.3069 -2.8702 2.5983 -2.1977 0.756 0.046121 -0.22323 0.71989 -2.0509 -0.3471 0.12113 -3.5737 -1.1046 -0.756 -0.046121 0.22323 -0.25419 -1.8424 1.1906 -0.57197 -3.6119 1.3279
0 44 0 -0.2422 4.7818 0.51989 -0.0057554 3.572 0.2848 0.92715 3.5969 0.59532 0.86235 2.35 1.6488 -0.49613 2.299 2.3766 -0.94017 3.5767 -0.022127 -1.5961 2.6576 -1.2028 -2.8316 2.4578 -2.1035 0.71135 0.040276 -0.34038 0.64916 -2.0555 -0.47486 -0.10355 -3.5619 -1.1191 -0.71135 -0.040276 0.34038 -0.02921 -1.8276 1.2089 -0.28279 -3.6014 1.4092
0 54 0 -0.14097 4.7814 0.56854 0.081923 3.5667 0.32524 1.0534 3.6211 0.46909 0.76134 2.3854 1.497 -0.77306 2.5334 1.534 -0.89135 3.5416 0.18572 -1.7377 2.3878 -0.60239 -3.0912 1.7701 -1.0076 0.67381 0.027053 -0.41079 0.66628 -2.0685 -0.56171 -0.080163 -3.5755 -1.2118 -0.67381 -0.027053 0.41079 0.0034828 -1.8422 1.2237 -0.26904 -3.6199 1.3512
0 54 12 -0.019684 4.7814 0.58543 0.14775 3.5667 0.3011 1.1279 3.6211 0.23983 1.0559 2.3854 1.3059 -0.43723 2.5334 1.6612 -0.83326 3.5416 0.36698 -1.8249 2.3878 -0.22794 -3.2331 1.7701 -0.34293 0.57368 0.027053 -0.5419 0.53493 -2.0685 -0.68796 -0.33036 -3.5755 -1.1687 -0.57368 -0.027053 0.5419 0.25784 -1.8422 1.1963 0.017767 -3.6199 1.3776
0 54 348 -0.2561 4.7814 0.52681 0.012511 3.5667 0.33517 0.93282 3.6211 0.67784 0.43347 2.3854 1.6225 -1.0751 2.5334 1.3398 -0.91049 3.5416 -0.0036642 -1.5744 2.3878 -0.9505 -2.8141 1.7701 -1.6283 0.74449 0.027053 -0.26172 0.7685 -2.0685 -0.41091 0.17354 -3.5755 -1.202 -0.74449 -0.027053 0.26172 -0.25102 -1.8422 1.1977 -0.54408 -3.6199 1.2657
0 55 0 -0.056186 4.7869 0.55834 0.1282 3.5671 0.30563 1.1102 3.6138 0.33363 0.99362 2.4021 1.4232 -0.50031 2.5378 1.7801 -0.85491 3.5498 0.28207 -1.8469 2.4275 -0.36988 -3.2714 1.8668 -0.55453 0.63399 0.021782 -0.47019 0.68928 -2.074 -0.60733 -0.067627 -3.5935 -1.215 -0.63399 -0.021782 0.47019 0.055712 -1.8586 1.2217 -0.26203 -3.6296 1.3378
0 55 348 -0.17104 4.7869 0.53446 0.061856 3.5671 0.3256 1.0166 3.6138 0.55717 0.67602 2.4021 1.5986 -0.85949 2.5378 1.6372 -0.89488 3.5498 0.098159 -1.7296 2.4275 -0.74578 -3.0846 1.8668 -1.2226 0.7179 0.021782 -0.3281 0.80049 -2.074 -0.45075 0.18646 -3.5935 -1.2025 -0.7179 -0.021782 0.3281 -0.19951 -1.8586 1.2066 -0.53445 -3.6296 1.2541
0 75 228 -0.3207 4.8252 0.37328 -0.26995 3.5694 0.23071 0.53989 3.5088 0.78555 0.51596 1.9246 1.1836 -0.062353 1.5753 2.5697 -1.0805 3.6593 -0.31906 -1.7503 2.1702 -0.26893 -2.7801 1.3938 0.57623 0.64755 0.033689 0.4506 0.38933 -1.9688 1.0315 0.84713 -3.686 0.72694 -0.64755 -0.033688 -0.4506 -0.95142 -2.0774 -0.069759 -0.54265 -3.6825 -0.78228
0 76 228 -0.29194 4.8277 0.37217 -0.24569 3.5709 0.23719 0.5829 3.515 0.76413 0.5863 1.9134 1.0856 0.044902 1.4198 2.4424 -1.0749 3.6562 -0.28479 -1.6498 2.1322 -0.15995 -2.5793 1.2925 0.7393 0.65465 0.027959 0.44063 0.3846 -1.9807 0.99456 0.83445 -3.6978 0.67854 -0.65465 -0.027959 -0.44063 -0.94411 -2.0785 -0.086222 -0.5393 -3.6826 -0.80326
0 77 228 -0.27303 4.8298 0.36025 -0.22946 3.5723 0.23388 0.61085 3.5202 0.74234 0.64742 1.9027 0.96785 0.14511 1.248 2.2704 -1.0704 3.6537 -0.26974 -1.5448 2.0986 -0.11024 -2.3831 1.185 0.80633 0.65666 0.02617 0.43773 0.37978 -1.9875 0.96962 0.83015 -3.7037 0.64953 -0.65666 -0.02617 -0.43773 -0.94436 -2.0811 -0.10777 -0.54443 -3.6833 -0.83158
0 78 228 -0.25886 4.8309 0.3587 -0.21738 3.5728 0.23627 0.62891 3.5224 0.7349 0.70238 1.8944 0.84741 0.27394 1.0615 2.0724 -1.0642 3.6525 -0.25766 -1.4392 2.0694 -0.10914 -2.2039 1.0691 0.78094 0.65936 0.02486 0.43373 0.38374 -1.9891 0.96492 0.82335 -3.7055 0.6308 -0.65936 -0.02486 -0.43373 -0.94276 -2.084 -0.12713 -0.55429 -3.6836 -0.86279
0 106 240 -0.08818 4.8273 0.3904 -0.085851 3.5681 0.3465 0.73931 3.4909 0.87613 0.30901 2.204 1.7857 -0.84031 2.0464 2.8015 -0.91061 3.6748 -0.17862 -1.8118 2.515 0.53654 -2.1165 2.151 2.0036 0.67262 -0.012396 0.41343 0.41853 -2.0527 0.84559 0.79862 -3.7495 0.36859 -0.67262 0.012396 -0.41343 -1.0168 -2.0367 -0.10165 -0.85904 -3.7266 -0.71001
0 107 240 -0.078688 4.8283 0.38551 -0.075886 3.5692 0.33961 0.74978 3.4932 0.86864 0.41592 2.0794 1.6159 -0.6577 1.6964 2.6544 -0.90121 3.6747 -0.18487 -1.7257 2.3771 0.36762 -2.1148 1.8546 1.7652 0.67119 -0.013959 0.4157 0.42076 -2.0574 0.83493 0.81344 -3.7492 0.35058 -0.67119 0.013959 -0.4157 -1.0071 -2.0385 -0.11771 -0.84043 -3.7272 -0.72707
0 108 240 -0.063169 4.8316 0.36467 -0.062058 3.5718 0.31498 0.76586 3.495 0.84035 0.54208 1.9817 1.4134 -0.41636 1.3933 2.4684 -0.8895 3.678 -0.206 -1.6256 2.2703 0.17506 -2.0866 1.576 1.4724 0.6706 -0.014527 0.41663 0.42686 -2.062 0.82002 0.82955 -3.7486 0.32601 -0.6706 0.014527 -0.41663 -0.99776 -2.0419 -0.13684 -0.8209 -3.7283 -0.74988
3 6 240 -0.51243 4.795 -0.040979 -0.18868 3.5793 0.025074 0.40096 3.6194 -0.76111 1.5465 2.484 -0.50169 2.5443 2.8665 0.60991 -0.78258 3.5685 0.80899 -1.7611 2.2657 0.6918 -2.1705 0.90653 1.2942 0.36625 0.047258 -0.69795 -0.25064 -1.961 -0.72498 -0.89283 -3.644 -0.80299 -0.36625 -0.047259 0.69795 1.182 -1.2947 1.3771 0.84569 -3.0335 1.0387
3 49 312 -0.17271 4.8261 0.089974 -0.20371 3.5709 0.2127 0.36306 3.5631 1.0165 1.2291 2.1869 0.85925 1.3534 0.67709 1.1468 -0.76947 3.6084 -0.59096 -1.3065 2.0698 -0.70503 -2.5247 2.1895 0.23266 0.37199 -0.022913 0.69613 -0.93215 -1.3421 1.6827 0.44387 -1.3443 0.51757 -0.37199 0.022914 -0.69613 0.16386 -2.0084 -0.72666 0.64616 -3.7457 -0.73728
3 56 312 -0.074513 4.8219 0.072598 -0.13916 3.5752 0.25309 0.45605 3.5876 1.036 1.5216 2.3666 0.82989 1.8571 0.86968 0.98635 -0.7327 3.5925 -0.53099 -1.7853 2.3482 -0.41928 -2.8103 3.0008 0.52989 0.37959 -0.054006 0.69028 -0.87285 -1.6961 1.0764 -0.66431 -3.4324 0.63725 -0.37959 0.054006 -0.69028 0.47211 -1.8508 -0.93613 1.2176 -3.4818 -1.1235
4 0 240 -0.22396 4.7086 1.0702 -0.26792 3.4878 0.7368 0.60756 3.3334 1.1576 0.96145 1.7423 1.0488 0.52622 0.93115 2.2859 -1.142 3.6708 0.32466 -1.4099 2.237 -0.41115 -2.1092 0.91356 -0.040837 0.72203 0.026003 0.31857 0.28706 -1.9794 0.7698 0.39608 -3.693 0.21993 -0.72203 -0.026004 -0.31857 -0.94947 -2.0332 0.25921 -0.21724 -3.0055 -1.0709
4 1 240 -0.24446 4.6913 1.1408 -0.27817 3.4778 0.77942 0.59403 3.3276 1.2085 0.93203 1.7307 1.1434 0.40226 1.012 2.4006 -1.1493 3.6565 0.3592 -1.4037 2.2471 -0.42674 -2.1177 0.92765 -0.070467 0.7231 0.024606 0.31626 0.3157 -1.996 0.72325 0.4564 -3.6748 0.080824 -0.7231 -0.024606 -0.31626 -0.99352 -1.969 0.4324 -0.33813 -3.1002 -0.8093
4 2 240 -0.26231 4.6781 1.1948 -0.28693 3.469 0.8186 0.58523 3.3185 1.2476 0.91047 1.7179 1.2148 0.29559 1.0958 2.4847 -1.1581 3.6478 0.39863 -1.393 2.2656 -0.43987 -2.1141 0.95206 -0.076301 0.72515 0.023084 0.31165 0.34899 -2.017 0.64487 0.52017 -3.6611 -0.075061 -0.72515 -0.023084 -0.31165 -1.0235 -1.8994 0.58543 -0.4549 -3.2083 -0.51651
4 3 240 -0.29345 4.6605 1.2554 -0.30575 3.4583 0.85712 0.56831 3.306 1.2816 0.89331 1.7051 1.2705 0.19496 1.1939 2.5467 -1.179 3.6388 0.44215 -1.3891 2.285 -0.44767 -2.1119 0.9804 -0.056268 0.7261 0.023639 0.30938 0.39358 -2.0382 0.53854 0.58653 -3.6539 -0.23808 -0.7261 -0.023639 -0.30938 -1.0425 -1.8374 0.70277 -0.54877 -3.3146 -0.2055
4 4 240 -0.33003 4.6506 1.2876 -0.33089 3.449 0.8878 0.54153 3.3011 1.3172 0.8705 1.7009 1.3138 0.10592 1.2903 2.5884 -1.2029 3.6249 0.46836 -1.385 2.3024 -0.47309 -2.11 1.0192 -0.019798 0.72718 0.025833 0.30667 0.45945 -2.0559 0.40145 0.66451 -3.6498 -0.41599 -0.72718 -0.025833 -0.30667 -1.0598 -1.7845 0.79366 -0.62808 -3.4009 0.12157
4 5 240 -0.38534 4.6449 1.2991 -0.36954 3.4413 0.90653 0.49851 3.3043 1.3482 0.84183 1.7071 1.3453 0.014101 1.3926 2.6076 -1.2378 3.6063 0.47499 -1.385 2.3155 -0.5155 -2.1322 1.0787 0.022807 0.72695 0.031029 0.30673 0.53288 -2.0601 0.24575 0.74242 -3.637 -0.60298 -0.72695 -0.031029 -0.30673 -1.079 -1.7434 0.85871 -0.69025 -3.4536 0.44054
4 6 240 -0.44783 4.6411 1.2993 -0.4089 3.437 0.9107 0.45594 3.3141 1.3627 0.82486 1.7227 1.3556 -0.061622 1.4867 2.595 -1.2746 3.5878 0.46896 -1.3744 2.3165 -0.55212 -2.1709 1.1662 0.096095 0.72471 0.036264 0.31142 0.61359 -2.0496 0.085379 0.83015 -3.6075 -0.79615 -0.72471 -0.036264 -0.31142 -1.0868 -1.725 0.88496 -0.71572 -3.4805 0.70716
4 8 252 -0.34651 4.6288 1.3832 -0.32682 3.4275 0.98392 0.61012 3.3437 1.2711 1.0414 1.7732 1.1439 0.31971 1.599 2.4953 -1.264 3.5393 0.70718 -1.5027 2.2383 -0.25163 -2.1328 1.3374 0.82959 0.77026 0.055223 0.16477 0.71571 -1.9703 -0.39081 0.75761 -3.4894 -1.3611 -0.77026 -0.055223 -0.16477 -0.85869 -1.722 1.1114 -0.46438 -3.4811 1.1388
4 9 252 -0.45177 4.6287 1.3606 -0.39382 3.4272 0.96491 0.54107 3.3721 1.2654 1.0211 1.8199 1.095 0.25503 1.6178 2.4179 -1.3298 3.5102 0.67446 -1.5361 2.1693 -0.2356 -2.1239 1.4129 0.97269 0.76762 0.065832 0.17297 0.76446 -1.9071 -0.54946 0.82581 -3.4001 -1.5584 -0.76762 -0.065833 -0.17297 -0.83767 -1.7288 1.1091 -0.39167 -3.4758 1.1095
4 10 252 -0.5678 4.6237 1.3397 -0.46812 3.421 0.95682 0.46641 3.3976 1.2625 0.99193 1.8665 1.043 0.20574 1.5861 2.3395 -1.4047 3.4723 0.66096 -1.5734 2.0814 -0.17909 -2.1045 1.4716 1.1338 0.7649 0.077785 0.17994 0.81332 -1.8473 -0.66025 0.90986 -3.2949 -1.7309 -0.7649 -0.077785 -0.17994 -0.83269 -1.7293 1.117 -0.32699 -3.4528 0.95922
4 62 60 -0.63852 4.5248 1.626 -0.54597 3.3273 1.2274 0.41728 3.4727 1.0918 1.0289 2.2424 0.2079 1.0675 1.5524 1.5863 -1.5114 3.2097 1.3739 -1.7359 1.6314 1.0174 -1.2072 1.9079 2.4392 0.77676 0.14143 -0.011522 0.74602 -1.5239 1.2691 1.0461 -3.193 0.65652 -0.77676 -0.14143 0.011522 -0.13582 -2.1394 -0.095939 0.3116 -3.2602 -1.4355
4 63 60 -0.6332 4.5352 1.585 -0.56439 3.3298 1.2047 0.40359 3.4521 1.0805 0.99388 2.2436 0.15329 1.0628 1.5208 1.5136 -1.5341 3.2355 1.3391 -1.7634 1.6589 0.9781 -1.2327 1.9392 2.3985 0.77734 0.13507 0.031508 0.68477 -1.6232 1.1779 0.8857 -3.4132 1.0978 -0.77734 -0.13507 -0.031508 -0.17193 -2.1215 -0.35082 0.31968 -3.228 -1.6868
4 64 60 -0.5994 4.5633 1.5132 -0.54703 3.3541 1.1417 0.42778 3.451 1.0539 1.0155 2.2498 0.11549 1.0904 1.5026 1.4623 -1.5233 3.2853 1.2392 -1.7701 1.7159 0.85864 -1.2768 1.9501 2.3007 0.77708 0.11814 0.075379 0.6435 -1.7081 1.1056 0.75098 -3.4963 1.3094 -0.77708 -0.11814 -0.075379 -0.15918 -2.0827 -0.49154 0.32455 -3.1116 -1.8909
4 65 60 -0.55789 4.5973 1.4257 -0.51682 3.3853 1.0619 0.46362 3.4577 1.0326 1.0871 2.2399 0.13991 1.1072 1.4946 1.4897 -1.4986 3.3412 1.1008 -1.771 1.7875 0.67594 -1.3379 1.9632 2.1454 0.77546 0.10106 0.10931 0.57535 -1.7148 1.1471 0.68315 -3.514 1.1946 -0.77546 -0.10106 -0.10931 -0.17319 -2.0836 -0.45703 0.30018 -2.9005 -1.9931
4 66 60 -0.56186 4.621 1.3367 -0.53345 3.406 0.98225 0.44801 3.4506 1.0282 1.1429 2.2034 0.23427 1.0485 1.5025 1.6045 -1.5162 3.3897 0.94557 -1.8033 1.8626 0.44131 -1.4822 1.9376 1.9476 0.76952 0.099916 0.14613 0.49654 -1.714 1.1706 0.67972 -3.4821 0.86883 -0.76952 -0.099916 -0.14613 -0.26424 -2.1333 -0.30187 0.22867 -2.6564 -1.9555
5 0 216 -0.60982 4.7626 0.6982 -0.44256 3.523 0.50023 0.30537 3.5382 1.1388 0.90095 2.0189 1.2144 0.9389 0.78069 2.1326 -1.1949 3.5368 -0.13312 -1.2092 1.9572 -0.54962 -1.7644 0.53298 -0.34719 0.62268 -0.0039864 0.48554 0.51109 -2.0927 0.28767 1.1214 -3.5126 -0.64101 -0.62268 0.0039859 -0.48554 -1.2633 -1.7042 0.55652 -1.0409 -3.4933 0.5305
5 2 204 -0.7534 4.7658 0.47697 -0.52929 3.5245 0.36396 0.081852 3.5803 1.1326 0.72804 2.0839 1.2418 0.74602 0.81309 2.115 -1.1462 3.4977 -0.40157 -1.1307 1.9018 -0.75016 -1.6988 0.471 -0.6621 0.50542 -0.010542 0.60658 0.49839 -2.093 0.3277 1.4104 -3.4162 -0.48971 -0.50542 0.010542 -0.60658 -1.3254 -1.7448 0.20614 -0.96814 -3.5116 0.1643
5 3 204 -0.73388 4.7701 0.4364 -0.5106 3.5268 0.34642 0.10827 3.6 1.1073 0.78213 2.114 1.1865 0.88636 0.8158 2.0121 -1.1353 3.4827 -0.41201 -1.1506 1.8787 -0.72158 -1.7293 0.45405 -0.60709 0.51193 -0.012904 0.60105 0.51535 -2.0989 0.3499 1.4707 -3.3751 -0.49242 -0.51193 0.012905 -0.60105 -1.2652 -1.7893 0.17292 -0.85053 -3.5414 0.077486
5 4 204 -0.72094 4.772 0.41401 -0.50198 3.5268 0.34113 0.13147 3.6122 1.0887 0.82217 2.133 1.1504 0.99249 0.81523 1.9327 -1.1412 3.4706 -0.40429 -1.1831 1.8607 -0.67898 -1.7878 0.4527 -0.50735 0.52342 -0.01341 0.59106 0.50305 -2.1079 0.42673 1.4971 -3.3287 -0.45214 -0.52342 0.01341 -0.59106 -1.2221 -1.8264 0.14461 -0.7446 -3.5588 -0.002694
5 5 204 -0.71364 4.7717 0.42002 -0.49902 3.526 0.34482 0.15618 3.6159 1.0728 0.86284 2.1436 1.1172 1.0599 0.82036 1.8838 -1.1599 3.4653 -0.38103 -1.2213 1.8523 -0.63258 -1.8581 0.471 -0.37919 0.54027 -0.011402 0.57574 0.49637 -2.1114 0.52672 1.5277 -3.2679 -0.39502 -0.54027 0.011402 -0.57574 -1.1926 -1.8453 0.16005 -0.64628 -3.5483 -0.068467
5 6 204 -0.70168 4.772 0.44413 -0.49333 3.5264 0.35255 0.18999 3.6161 1.0543 0.90001 2.1451 1.085 1.1017 0.82407 1.8543 -1.1824 3.4659 -0.34665 -1.2709 1.8519 -0.58287 -1.9285 0.50267 -0.2295 0.55804 -0.0099072 0.55857 0.39262 -2.1001 0.69255 1.4726 -3.1529 -0.29554 -0.55804 0.0099072 -0.55857 -1.1272 -1.8856 0.1467 -0.53729 -3.5656 -0.13725
5 7 204 -0.69853 4.7746 0.45373 -0.49546 3.5296 0.34362 0.21298 3.6142 1.0206 0.92148 2.1422 1.0175 1.107 0.83333 1.8113 -1.2095 3.4742 -0.33047 -1.3459 1.8597 -0.53923 -2.0116 0.54057 -0.098291 0.5676 -0.0027404 0.54893 0.28874 -2.0609 0.86599 1.3714 -3.0638 -0.16982 -0.5676 0.0027404 -0.54893 -1.0635 -1.9213 0.13415 -0.43478 -3.5771 -0.20322
5 8 204 -0.68351 4.7794 0.45385 -0.48987 3.5345 0.32688 0.23699 3.6114 0.985 0.9327 2.1338 0.94937 1.1018 0.83649 1.7655 -1.2222 3.4867 -0.32798 -1.4249 1.8738 -0.49022 -2.0932 0.58017 0.017311 0.5694 0.0026531 0.54706 0.16674 -2 1.0385 1.2154 -3.0469 0.011258 -0.5694 -0.0026536 -0.54706 -0.9966 -1.9511 0.11287 -0.32709 -3.5793 -0.27641
5 9 204 -0.67357 4.7808 0.46454 -0.49117 3.536 0.32115 0.24758 3.6027 0.96703 0.92612 2.1182 0.89931 1.082 0.82945 1.7315 -1.2351 3.4984 -0.32112 -1.5065 1.8912 -0.43114 -2.1846 0.62503 0.1296 0.56844 0.0060086 0.54803 0.034186 -1.9212 1.192 1.0184 -3.0846 0.22823 -0.56844 -0.0060081 -0.54803 -0.93842 -1.9738 0.088409 -0.22366 -3.5699 -0.35028
5 10 204 -0.66665 4.7799 0.48658 -0.49322 3.5357 0.32817 0.25131 3.5913 0.96844 0.91671 2.1024 0.87309 1.0598 0.81481 1.7094 -1.2427 3.5092 -0.30817 -1.5704 1.9104 -0.38138 -2.2661 0.67978 0.23446 0.56615 0.0062585 0.5504 -0.09434 -1.8377 1.3107 0.79654 -3.1612 0.47068 -0.56615 -0.0062585 -0.5504 -0.88396 -1.9949 0.04834 -0.12037 -3.557 -0.42899
5 11 204 -0.66571 4.777 0.51715 -0.49582 3.5345 0.34206 0.25216 3.5802 0.97908 0.90594 2.0876 0.86327 1.052 0.79165 1.6859 -1.2486 3.5178 -0.29071 -1.617 1.9272 -0.34635 -2.3327 0.74013 0.32924 0.56072 0.0040908 0.55594 -0.21177 -1.7631 1.3895 0.55591 -3.258 0.73618 -0.56072 -0.0040913 -0.55594 -0.81616 -2.0178 -0.013741 -0.014449 -3.5542 -0.51135
5 11 216 -0.54364 4.777 0.64426 -0.41386 3.5345 0.43767 0.45021 3.5802 0.90526 1.0656 2.0876 0.65605 1.3796 0.79165 1.4304 -1.2818 3.5178 -0.024752 -1.6537 1.9272 -0.0025819 -2.2132 0.74013 0.80704 0.66406 0.0040908 0.42721 0.081739 -1.7631 1.4031 0.69682 -3.258 0.60451 -0.66406 -0.0040913 -0.42721 -0.80118 -2.0178 0.15625 -0.12045 -3.5542 -0.49717
5 12 216 -0.54103 4.7739 0.67237 -0.41319 3.5332 0.45322 0.44802 3.571 0.92678 1.0528 2.0767 0.66161 1.3772 0.76354 1.4018 -1.2781 3.5245 -0.014919 -1.6779 1.9409 0.019749 -2.2619 0.80403 0.88236 0.65607 0.0008111 0.4394 0.0017692 -1.72 1.4517 0.51087 -3.3653 0.91812 -0.65607 -0.0008111 -0.4394 -0.73794 -2.0409 0.056341 -0.028267 -3.5604 -0.60558
5 13 216 -0.53101 4.7715 0.69857 -0.40684 3.5318 0.47199 0.44698 3.5608 0.95933 1.0501 2.0691 0.67678 1.3932 0.73699 1.3736 -1.2643 3.5319 -0.0097891 -1.6789 1.952 0.021017 -2.3002 0.86328 0.91899 0.64582 -0.0053277 0.4543 -0.068335 -1.7024 1.4663 0.30819 -3.451 1.239 -0.64582 0.0053277 -0.4543 -0.6728 -2.0575 -0.05665 0.070315 -3.56 -0.72084
5 14 216 -0.52517 4.7676 0.72814 -0.40191 3.5291 0.49446 0.44052 3.5474 1.0018 1.0525 2.0626 0.7024 1.4153 0.71383 1.3557 -1.2479 3.5398 -0.0070843 -1.6719 1.9622 0.007643 -2.3167 0.91078 0.93306 0.63257 -0.013056 0.47242 -0.1404 -1.6937 1.4685 0.070193 -3.4824 1.5538 -0.63257 0.013056 -0.47242 -0.60677 -2.0667 -0.17547 0.17164 -3.5512 -0.83965
5 15 216 -0.51195 4.7652 0.75313 -0.38948 3.5282 0.51108 0.43993 3.5362 1.0396 1.0671 2.06 0.72924 1.4488 0.69703 1.3409 -1.2224 3.5492 -0.011549 -1.6465 1.9716 -0.022678 -2.3129 0.93983 0.90949 0.61671 -0.022441 0.49261 -0.22014 -1.6909 1.4571 -0.16029 -3.4633 1.7828 -0.61671 0.022442 -0.49261 -0.53645 -2.0674 -0.29116 0.27603 -3.5339 -0.95451
5 16 216 -0.50989 4.763 0.77053 -0.38442 3.5284 0.51747 0.42858 3.5245 1.071 1.07 2.0559 0.75415 1.4719 0.68154 1.3263 -1.201 3.5612 -0.029866 -1.6158 1.9817 -0.074925 -2.3021 0.94255 0.83432 0.59947 -0.027461 0.51321 -0.28787 -1.6935 1.4359 -0.32231 -3.4402 1.8816 -0.59947 0.027461 -0.5132 -0.47163 -2.0663 -0.39513 0.37749 -3.5099 -1.063
5 27 240 -0.37251 4.7207 1.0364 -0.32926 3.5081 0.67346 0.45823 3.3954 1.2518 0.99042 1.8551 1.3668 1.2667 0.53711 2.1179 -1.1184 3.6493 0.10371 -1.3265 2.1623 -0.53993 -1.9756 0.76386 -0.51707 0.62004 -0.020438 0.4885 0.038719 -1.9141 1.1887 0.49772 -3.619 0.82293 -0.62004 0.020438 -0.4885 -1.0804 -1.9738 -0.013651 -0.1122 -3.082 -1.0555
5 28 240 -0.41621 4.7187 1.025 -0.35506 3.508 0.65846 0.39716 3.393 1.2816 0.89659 1.8539 1.5065 1.0938 0.5757 2.3461 -1.1094 3.6515 0.043821 -1.268 2.1554 -0.59274 -1.9314 0.7636 -0.56983 0.59296 -0.021387 0.521 0.014973 -1.9441 1.1402 0.5414 -3.6139 0.70937 -0.59296 0.021388 -0.521 -1.1686 -1.9095 0.074472 -0.23437 -3.1921 -0.78167
5 29 240 -0.4597 4.7211 0.99191 -0.38242 3.5099 0.63027 0.3305 3.3961 1.2982 0.79783 1.8626 1.6128 0.89225 0.6393 2.5467 -1.0979 3.6523 -0.029424 -1.2136 2.142 -0.64123 -1.8887 0.75603 -0.6092 0.56473 -0.020052 0.55153 0.0084302 -1.977 1.0761 0.59802 -3.6107 0.59196 -0.56473 0.020053 -0.55153 -1.2339 -1.8528 0.1258 -0.37998 -3.3107 -0.50385
5 32 252 -0.42117 4.7403 0.91754 -0.35562 3.5197 0.58655 0.39649 3.4321 1.2143 0.87488 1.9308 1.6455 0.83229 0.91802 2.8075 -1.1099 3.6361 -0.033777 -1.2095 2.0854 -0.53792 -1.8427 0.69054 -0.36185 0.61639 -0.002583 0.49351 0.32259 -2.0638 0.77521 0.89188 -3.6209 0.066478 -0.61639 0.002583 -0.49351 -1.3469 -1.7468 0.41215 -0.97468 -3.511 0.41947
5 33 252 -0.47755 4.7494 0.84381 -0.38998 3.5246 0.53401 0.34615 3.4556 1.1826 0.80975 1.963 1.6581 0.66141 1.0185 2.8679 -1.1288 3.6226 -0.10778 -1.192 2.0653 -0.5974 -1.8053 0.66143 -0.42221 0.60962 0.0073962 0.50181 0.40429 -2.0766 0.67242 0.97664 -3.6218 -0.059459 -0.60962 -0.0073957 -0.50181 -1.3493 -1.7303 0.44623 -1.1355 -3.5183 0.53716
5 34 252 -0.52525 4.7586 0.76711 -0.41581 3.53 0.48039 0.30858 3.483 1.144 0.76422 1.9976 1.6489 0.5192 1.1095 2.8854 -1.1434 3.6061 -0.17702 -1.1781 2.0427 -0.6498 -1.7693 0.62812 -0.48544 0.6081 0.016483 0.50343 0.47918 -2.0792 0.58058 1.0644 -3.605 -0.1812 -0.6081 -0.016484 -0.50343 -1.3253 -1.7286 0.48076 -1.2169 -3.5254 0.58307
5 35 252 -0.57334 4.766 0.68993 -0.43895 3.5346 0.42668 0.27666 3.5118 1.101 0.73284 2.0286 1.6119 0.40638 1.1766 2.8549 -1.1583 3.5865 -0.24205 -1.1701 2.0174 -0.69646 -1.741 0.59286 -0.54679 0.60621 0.024538 0.50537 0.54071 -2.0755 0.5065 1.1559 -3.5687 -0.29516 -0.60621 -0.024537 -0.50537 -1.3393 -1.7371 0.46628 -1.2258 -3.5322 0.5904
5 36 252 -0.60885 4.7739 0.60244 -0.45724 3.5396 0.36385 0.2534 3.5405 1.0438 0.72388 2.0562 1.538 0.34073 1.2158 2.7727 -1.1721 3.5678 -0.31113 -1.1678 1.9928 -0.7448 -1.7194 0.55874 -0.6145 0.60308 0.032823 0.50864 0.60768 -2.067 0.43898 1.2624 -3.5219 -0.40099 -0.60308 -0.032823 -0.50864 -1.3579 -1.7528 0.43277 -1.1652 -3.5409 0.56031
5 37 252 -0.61269 4.7829 0.53167 -0.45062 3.5438 0.32788 0.24798 3.5672 1.0198 0.74237 2.078 1.4744 0.34195 1.2138 2.687 -1.1537 3.5495 -0.35983 -1.1351 1.9675 -0.76681 -1.6697 0.52616 -0.64645 0.59908 0.028316 0.51362 0.68045 -2.0669 0.38064 1.391 -3.4768 -0.4902 -0.59907 -0.028317 -0.51362 -1.3648 -1.7586 0.39979 -1.1016 -3.5393 0.50315
5 38 252 -0.63045 4.7852 0.48405 -0.44855 3.5438 0.31305 0.23399 3.5897 1.0197 0.75579 2.0909 1.4071 0.39309 1.1557 2.5782 -1.136 3.527 -0.39015 -1.1073 1.9386 -0.77064 -1.6338 0.49425 -0.65073 0.58448 0.017106 0.53065 0.72459 -2.0718 0.35377 1.5209 -3.4108 -0.55383 -0.58448 -0.017106 -0.53065 -1.3913 -1.7534 0.33455 -1.0419 -3.5197 0.42816
5 39 252 -0.65335 4.7899 0.39588 -0.45472 3.5467 0.25931 0.20716 3.6144 0.98367 0.76256 2.109 1.2903 0.48854 1.07 2.3962 -1.1218 3.5083 -0.46243 -1.0909 1.9141 -0.81773 -1.628 0.47506 -0.68168 0.56391 0.01792 0.55244 0.77126 -2.0627 0.34651 1.646 -3.3275 -0.59475 -0.56391 -0.01792 -0.55244 -1.3793 -1.7702 0.27147 -0.93916 -3.5174 0.3386
5 40 252 -0.64652 4.7927 0.35255 -0.44959 3.5464 0.24421 0.19257 3.6259 0.98493 0.77631 2.1195 1.2271 0.62488 0.96769 2.2411 -1.097 3.4962 -0.49453 -1.0694 1.8972 -0.82761 -1.639 0.47558 -0.64769 0.55279 0.012809 0.5637 0.80698 -2.0669 0.40783 1.7585 -3.2398 -0.57699 -0.55279 -0.01281 -0.5637 -1.3001 -1.7996 0.25069 -0.80629 -3.5337 0.25472
5 41 252 -0.6365 4.7923 0.34452 -0.43702 3.5448 0.25641 0.186 3.6324 1.0124 0.78936 2.1271 1.2099 0.77204 0.88105 2.118 -1.0653 3.4866 -0.49807 -1.0499 1.8848 -0.81852 -1.6701 0.49372 -0.57806 0.54817 0.0028372 0.56833 0.77693 -2.0856 0.54427 1.8088 -3.1396 -0.49255 -0.54817 -0.0028372 -0.56833 -1.2256 -1.8265 0.22523 -0.6806 -3.5445 0.17787
5 42 252 -0.64678 4.7895 0.34618 -0.44044 3.5428 0.2622 0.16979 3.6335 1.0282 0.78449 2.129 1.1937 0.90423 0.82045 2.0006 -1.056 3.4815 -0.50244 -1.0569 1.878 -0.81478 -1.7358 0.52492 -0.52154 0.5452 -0.00047588 0.57118 0.68053 -2.0923 0.71324 1.783 -3.0492 -0.34496 -0.5452 0.00047588 -0.57118 -1.1736 -1.8537 0.19142 -0.56514 -3.5485 0.10113
5 43 252 -0.66586 4.7862 0.36351 -0.45238 3.5425 0.2595 0.1541 3.6295 1.0289 0.77577 2.1249 1.165 1.0108 0.78317 1.8876 -1.0643 3.4847 -0.50836 -1.0824 1.8803 -0.81562 -1.8213 0.56863 -0.48215 0.53559 0.00046158 0.58021 0.5362 -2.0766 0.89692 1.6907 -3.0024 -0.13304 -0.53559 -0.00046206 -0.58021 -1.1122 -1.8841 0.15046 -0.44658 -3.5554 0.030027
5 44 252 -0.68405 4.7877 0.35131 -0.46697 3.5443 0.24847 0.12172 3.6195 1.0328 0.75734 2.1178 1.1307 1.051 0.76448 1.8088 -1.0611 3.4982 -0.53404 -1.1067 1.8919 -0.82787 -1.8997 0.6208 -0.46291 0.51363 0.0050907 0.59971 0.35724 -2.0372 1.0677 1.5465 -3.0134 0.12763 -0.51363 -0.0050907 -0.59971 -1.0511 -1.9116 0.10064 -0.33494 -3.5605 -0.038149
5 45 252 -0.68898 4.7861 0.36019 -0.47279 3.5456 0.22917 0.11147 3.6133 1.0175 0.76135 2.1162 1.0893 1.0532 0.75771 1.7578 -1.0623 3.5071 -0.55717 -1.1343 1.9002 -0.84215 -1.9783 0.67168 -0.44682 0.48726 0.005693 0.62132 0.15031 -1.9854 1.2012 1.3564 -3.0785 0.42568 -0.48726 -0.0056934 -0.62133 -0.98104 -1.9369 0.042552 -0.21469 -3.5622 -0.10679
5 46 264 -0.61395 4.7872 0.47568 -0.4365 3.5448 0.30751 0.28376 3.6027 0.97477 0.9446 2.1114 0.88582 1.3297 0.75051 1.5002 -1.1613 3.5162 -0.35669 -1.3124 1.9089 -0.60659 -2.0997 0.72387 -0.01203 0.58242 0.0085392 0.53312 0.19993 -1.9255 1.2594 1.2304 -3.1842 0.48193 -0.58242 -0.0085387 -0.53312 -0.91196 -1.9584 0.17661 -0.13784 -3.553 -0.15344
5 47 264 -0.63169 4.7873 0.45364 -0.45405 3.5447 0.28728 0.2445 3.5962 0.97773 0.91107 2.1085 0.87162 1.2473 0.7484 1.5157 -1.1572 3.5225 -0.40008 -1.3267 1.9155 -0.64011 -2.1534 0.76979 -0.022581 0.55658 0.011111 0.55999 -0.0077581 -1.8704 1.3054 0.97854 -3.3073 0.84335 -0.55658 -0.01111 -0.55999 -0.86425 -1.9818 0.10024 -0.028448 -3.5412 -0.24712
5 48 276 -0.54457 4.7864 0.56294 -0.40148 3.545 0.35886 0.40588 3.5899 0.91878 1.0371 2.1039 0.66997 1.4608 0.74752 1.2687 -1.2127 3.5293 -0.19705 -1.4469 1.9229 -0.37958 -2.161 0.80656 0.40878 0.63638 0.011895 0.4673 0.077182 -1.8262 1.3176 0.88942 -3.4089 1.0242 -0.63638 -0.011895 -0.4673 -0.78044 -2.0037 0.18569 0.014344 -3.529 -0.35532
5 49 276 -0.5489 4.7857 0.55504 -0.40568 3.5461 0.34006 0.38189 3.5812 0.92817 1.019 2.094 0.70209 1.4023 0.73793 1.3281 -1.1971 3.5404 -0.24385 -1.4373 1.934 -0.41881 -2.179 0.83111 0.36299 0.61 0.0079546 0.50134 -0.077866 -1.8012 1.3188 0.57913 -3.4801 1.3396 -0.61 -0.0079546 -0.50134 -0.72404 -2.023 0.082348 0.12015 -3.5171 -0.47096
5 50 276 -0.56619 4.7833 0.55028 -0.42215 3.546 0.3248 0.34531 3.5765 0.93916 0.98817 2.0853 0.76071 1.337 0.728 1.4039 -1.1935 3.5448 -0.28539 -1.438 1.9383 -0.45345 -2.2003 0.82974 0.29993 0.58637 0.0075855 0.52878 -0.19895 -1.7676 1.3326 0.23135 -3.504 1.5577 -0.58637 -0.007586 -0.52878 -0.66139 -2.041 -0.0055825 0.22276 -3.5072 -0.57095
5 64 324 -0.42399 4.7273 0.94201 -0.34351 3.5254 0.55719 0.32976 3.4214 1.2666 0.93101 1.9085 1.4024 1.2307 0.59035 2.1442 -1.0193 3.6582 -0.14493 -1.2151 2.1174 -0.6511 -2.0086 0.82733 -0.36173 0.54774 -0.021123 0.56836 -0.045818 -1.9462 1.1652 0.46495 -3.6525 0.88531 -0.54774 0.021123 -0.56836 -1.0418 -1.9807 -0.16462 0.11134 -3.0641 -1.029
5 67 336 -0.39669 4.7216 0.97484 -0.33169 3.5219 0.57945 0.33882 3.3999 1.2886 0.83134 1.8891 1.6678 0.93059 0.71191 2.6588 -1.0044 3.6726 -0.12203 -1.1876 2.1198 -0.5951 -1.9686 0.8232 -0.301 0.54983 -0.021945 0.56631 0.054886 -2.0136 1.0166 0.61702 -3.6488 0.50581 -0.54983 0.021945 -0.56631 -1.2125 -1.8482 0.12477 -0.32825 -3.3493 -0.33975
5 70 348 -0.37881 4.734 0.90762 -0.32969 3.5294 0.52745 0.37009 3.4275 1.2111 0.76986 1.9467 1.7733 0.72084 0.96703 2.963 -1.0316 3.66 -0.14903 -1.2071 2.1004 -0.60243 -1.8879 0.74196 -0.34034 0.59669 0.00010967 0.51716 0.30153 -2.0663 0.7563 0.77236 -3.6687 0.077048 -0.59669 -0.00010967 -0.51716 -1.28 -1.7644 0.3964 -0.79709 -3.5008 0.34573
5 71 348 -0.43134 4.7413 0.8474 -0.35948 3.5335 0.48196 0.31286 3.4461 1.1945 0.65365 1.9735 1.8142 0.47708 1.0557 3.0406 -1.0344 3.6498 -0.22392 -1.179 2.0876 -0.67939 -1.8345 0.70629 -0.47992 0.58821 0.0082359 0.52673 0.33924 -2.0725 0.67797 0.81025 -3.6687 -0.015647 -0.58821 -0.0082355 -0.52673 -1.3086 -1.7501 0.4013 -0.87934 -3.5008 0.44265
5 74 0 -0.41726 4.7652 0.73863 -0.35046 3.5437 0.42107 0.41583 3.5145 1.037 0.80198 2.044 1.6345 0.49747 1.2733 2.9349 -1.1195 3.6021 -0.18925 -1.2577 2.0279 -0.60374 -1.7913 0.59054 -0.43981 0.67254 0.029886 0.41266 0.54476 -2.067 0.37795 0.88528 -3.6221 -0.46845 -0.67254 -0.029886 -0.41266 -1.279 -1.7504 0.62957 -0.79087 -3.4861 0.63108
5 75 0 -0.45864 4.77 0.69846 -0.36151 3.5459 0.40005 0.39195 3.5405 1.0322 0.78241 2.0603 1.6027 0.38723 1.2958 2.8821 -1.1184 3.5804 -0.22705 -1.2244 2.0017 -0.63354 -1.7331 0.55247 -0.49744 0.66737 0.02582 0.42125 0.56391 -2.071 0.3373 0.9413 -3.5935 -0.55182 -0.66737 -0.02582 -0.42125 -1.3054 -1.7483 0.59865 -0.75257 -3.4641 0.55953
5 76 0 -0.50214 4.7764 0.63597 -0.37828 3.5495 0.35846 0.36037 3.563 1.0078 0.78408 2.0729 1.5263 0.31675 1.2801 2.7635 -1.1209 3.5652 -0.28625 -1.1991 1.9815 -0.679 -1.6909 0.52578 -0.54942 0.6553 0.026851 0.43972 0.58488 -2.068 0.29442 1.0079 -3.555 -0.6333 -0.6553 -0.026851 -0.43972 -1.3225 -1.7507 0.55905 -0.72636 -3.451 0.49274
5 77 0 -0.52381 4.7818 0.57979 -0.38492 3.5508 0.3283 0.33679 3.5815 0.99581 0.8112 2.0881 1.4579 0.30697 1.2238 2.6311 -1.1109 3.5494 -0.33522 -1.1619 1.9593 -0.70631 -1.6477 0.50303 -0.56184 0.64293 0.023336 0.45781 0.6185 -2.0681 0.2587 1.0967 -3.5133 -0.70749 -0.64293 -0.023336 -0.45781 -1.277 -1.7784 0.50757 -0.64963 -3.4657 0.40636
5 78 0 -0.53689 4.7858 0.53321 -0.38501 3.5505 0.3124 0.31722 3.5997 0.99929 0.83627 2.1042 1.4025 0.35268 1.1342 2.4994 -1.0919 3.5306 -0.37122 -1.1243 1.9332 -0.71157 -1.6172 0.48289 -0.53444 0.63034 0.015734 0.47531 0.65014 -2.0742 0.26065 1.1946 -3.4586 -0.75818 -0.63034 -0.015735 -0.47531 -1.2089 -1.8132 0.44595 -0.56108 -3.4908 0.31625
5 79 0 -0.55675 4.7889 0.47732 -0.38728 3.5508 0.28624 0.29357 3.6191 0.99275 0.85621 2.1231 1.3308 0.44649 1.0356 2.3442 -1.0731 3.5118 -0.41768 -1.1048 1.9063 -0.71774 -1.6135 0.46877 -0.48911 0.61368 0.010927 0.49676 0.67332 -2.0815 0.31602 1.2937 -3.376 -0.77499 -0.61368 -0.010927 -0.49676 -1.1574 -1.845 0.37195 -0.47815 -3.5091 0.2296
5 80 0 -0.57721 4.7908 0.43281 -0.40239 3.5494 0.26626 0.26511 3.6249 0.98466 0.86517 2.1305 1.2589 0.57014 0.94035 2.194 -1.075 3.5031 -0.44989 -1.1148 1.8915 -0.71406 -1.6483 0.47481 -0.42074 0.59763 0.0095267 0.516 0.66838 -2.0886 0.43066 1.3775 -3.2679 -0.73438 -0.59763 -0.0095263 -0.516 -1.0987 -1.8797 0.29992 -0.39276 -3.5313 0.14212
5 81 0 -0.60603 4.7885 0.41375 -0.42155 3.546 0.26456 0.23048 3.6292 0.9962 0.86269 2.1384 1.212 0.70161 0.86461 2.0659 -1.0789 3.492 -0.4651 -1.1326 1.8765 -0.7016 -1.7035 0.49149 -0.3363 0.58221 0.0066929 0.53337 0.60346 -2.0931 0.60254 1.4188 -3.1457 -0.61324 -0.58221 -0.0066929 -0.53337 -1.0405 -1.9072 0.23628 -0.3124 -3.5476 0.063346
5 82 0 -0.63704 4.7864 0.39981 -0.44265 3.5442 0.25747 0.19781 3.6275 0.99926 0.85398 2.1401 1.1597 0.83818 0.81067 1.9408 -1.0885 3.4902 -0.48231 -1.1637 1.8723 -0.69571 -1.7824 0.52675 -0.26641 0.56585 0.0069556 0.55069 0.47597 -2.0775 0.79784 1.3979 -3.0434 -0.41381 -0.56585 -0.0069551 -0.55069 -1.0048 -1.9247 0.18688 -0.24091 -3.5461 -0.0087609
5 83 0 -0.67357 4.7847 0.37905 -0.46972 3.5437 0.23693 0.16082 3.6232 0.98757 0.83192 2.1383 1.1033 0.95373 0.77866 1.8203 -1.1058 3.4933 -0.51157 -1.2069 1.874 -0.70193 -1.8726 0.56745 -0.22499 0.5469 0.01264 0.56942 0.30853 -2.0356 0.97202 1.3186 -3.0104 -0.15958 -0.5469 -0.01264 -0.56942 -0.96496 -1.9443 0.14348 -0.16429 -3.5435 -0.085113
5 84 0 -0.69844 4.7842 0.35293 -0.48948 3.5444 0.20743 0.12946 3.6199 0.96807 0.80978 2.1368 1.0473 1.0358 0.76492 1.7141 -1.114 3.4981 -0.55103 -1.2675 1.8791 -0.70543 -1.98 0.60866 -0.19944 0.52315 0.01784 0.59118 0.11153 -1.9762 1.1094 1.1837 -3.0442 0.12913 -0.52315 -0.01784 -0.59118 -0.91209 -1.9638 0.09881 -0.081187 -3.5418 -0.16664
5 84 12 -0.6098 4.7842 0.49043 -0.43566 3.5444 0.30467 0.3279 3.6199 0.92 1.0098 2.1368 0.85606 1.3695 0.76492 1.4613 -1.2042 3.4981 -0.30738 -1.3864 1.8791 -0.4265 -1.9782 0.60866 0.21659 0.63463 0.01784 0.46949 0.33974 -1.9762 1.0619 1.1847 -3.0442 -0.11979 -0.63463 -0.01784 -0.46949 -0.87161 -1.9638 0.28628 -0.11406 -3.5418 -0.14612
5 85 12 -0.62449 4.7846 0.47076 -0.45082 3.545 0.28329 0.30376 3.614 0.91034 0.99035 2.1344 0.82003 1.3962 0.75959 1.3882 -1.2103 3.5051 -0.34043 -1.4461 1.8901 -0.41014 -2.0728 0.65446 0.2666 0.61412 0.020024 0.49594 0.16565 -1.9116 1.1901 1.0706 -3.1259 0.21154 -0.61412 -0.020024 -0.49594 -0.82466 -1.9832 0.22237 -0.043457 -3.5402 -0.24288
5 86 12 -0.64378 4.783 0.45991 -0.47187 3.5438 0.26731 0.27406 3.6027 0.90565 0.97066 2.1289 0.79813 1.3764 0.75329 1.3644 -1.2225 3.5141 -0.36751 -1.4953 1.9039 -0.4098 -2.1547 0.7026 0.29707 0.59229 0.022846 0.52169 -0.0021647 -1.8492 1.2675 0.89597 -3.2339 0.54167 -0.59229 -0.022846 -0.52169 -0.78812 -2.0005 0.16019 0.026665 -3.5308 -0.33474
5 87 12 -0.6721 4.7806 0.44492 -0.49541 3.5423 0.24996 0.23679 3.5972 0.90436 0.94371 2.1291 0.78728 1.321 0.75305 1.372 -1.2324 3.5167 -0.40088 -1.538 1.9121 -0.42365 -2.2274 0.74218 0.30694 0.56952 0.026617 0.5463 -0.14845 -1.7969 1.3038 0.67269 -3.3346 0.84348 -0.56952 -0.026618 -0.5463 -0.7453 -2.0219 0.087865 0.1081 -3.5229 -0.43139
5 88 24 -0.58401 4.7794 0.5689 -0.45113 3.5417 0.33778 0.39246 3.5882 0.84132 1.0649 2.1226 0.57949 1.5215 0.7476 1.1073 -1.2986 3.5244 -0.16113 -1.6222 1.9241 -0.10675 -2.1677 0.77861 0.76958 0.6544 0.0288 0.44094 0.010445 -1.7563 1.3427 0.6229 -3.4164 0.99657 -0.6544 -0.028801 -0.44094 -0.66443 -2.0454 0.14867 0.091139 -3.5227 -0.55675
5 89 24 -0.59578 4.778 0.56889 -0.46107 3.541 0.33506 0.37062 3.5822 0.85846 1.0467 2.1163 0.60839 1.4668 0.74421 1.1729 -1.2967 3.5289 -0.1836 -1.6318 1.9308 -0.13225 -2.2002 0.80321 0.75268 0.6419 0.028259 0.45899 -0.076649 -1.7231 1.3704 0.36909 -3.4667 1.2607 -0.6419 -0.02826 -0.45899 -0.60578 -2.0662 0.050803 0.17514 -3.5259 -0.66355
5 90 24 -0.59602 4.7787 0.56689 -0.45948 3.5414 0.33498 0.35993 3.5779 0.87775 1.0391 2.1094 0.65202 1.4216 0.74275 1.255 -1.2828 3.5341 -0.20302 -1.6172 1.9354 -0.17012 -2.2111 0.81597 0.70843 0.63188 0.025657 0.47283 -0.13718 -1.6972 1.3972 0.10818 -3.4825 1.4568 -0.63188 -0.025657 -0.47283 -0.54475 -2.0822 -0.051575 0.2623 -3.5283 -0.76453
5 91 24 -0.58895 4.779 0.57282 -0.45316 3.5416 0.34032 0.35574 3.5672 0.89924 1.0362 2.0947 0.70551 1.3801 0.73653 1.3496 -1.2658 3.5452 -0.21368 -1.5872 1.9435 -0.21191 -2.2035 0.81712 0.64196 0.62133 0.020752 0.48684 -0.19114 -1.6756 1.4231 -0.12666 -3.4701 1.5862 -0.62133 -0.020752 -0.48684 -0.4784 -2.0908 -0.15678 0.3528 -3.5264 -0.86313
5 104 48 -0.39287 4.7686 0.79419 -0.31293 3.537 0.50982 0.45848 3.4552 1.1145 0.94217 1.9016 1.2595 1.1162 0.59827 2.065 -1.0863 3.6477 -0.087677 -1.2661 2.0876 -0.53772 -1.8895 0.71629 -0.2082 0.63054 -0.0021744 0.47531 0.060558 -1.9368 1.064 0.49287 -3.6178 0.57602 -0.63054 0.0021744 -0.47531 -1.0526 -1.9991 0.0053756 -0.078165 -3.07 -1.0691
5 105 48 -0.42231 4.7689 0.77751 -0.33128 3.5367 0.49937 0.4224 3.4589 1.1265 0.87044 1.9019 1.3358 0.95081 0.63235 2.2073 -1.0873 3.6434 -0.12061 -1.2493 2.0786 -0.56103 -1.9048 0.72853 -0.20704 0.6184 -0.00028229 0.49099 0.06665 -1.9602 1.0093 0.5552 -3.6038 0.45168 -0.6184 0.00028276 -0.49099 -1.139 -1.9452 0.10745 -0.22872 -3.1922 -0.8238
5 106 48 -0.45131 4.7676 0.77016 -0.34849 3.5354 0.49637 0.39024 3.4625 1.1416 0.80827 1.905 1.403 0.76857 0.68724 2.3481 -1.0899 3.6373 -0.14181 -1.2394 2.0656 -0.56159 -1.9066 0.72174 -0.20576 0.60745 -0.00047112 0.50448 0.091108 -1.9889 0.94492 0.62636 -3.5951 0.32486 -0.60745 0.00047112 -0.50448 -1.2112 -1.8863 0.19527 -0.40601 -3.3081 -0.56698
5 107 48 -0.4821 4.768 0.75198 -0.36416 3.5359 0.48403 0.36253 3.4683 1.1434 0.76753 1.9136 1.4393 0.60089 0.76179 2.4508 -1.0938 3.6322 -0.16838 -1.2283 2.0549 -0.57199 -1.8979 0.71074 -0.22217 0.5996 0.001133 0.51379 0.14204 -2.0185 0.86874 0.70384 -3.5956 0.19939 -0.5996 -0.001133 -0.51379 -1.2633 -1.8357 0.26606 -0.59723 -3.4155 -0.29212
5 108 48 -0.51441 4.7678 0.73417 -0.38571 3.5346 0.47592 0.33364 3.4756 1.1441 0.71615 1.9216 1.472 0.44043 0.83004 2.5256 -1.1083 3.6225 -0.18555 -1.2257 2.0417 -0.58057 -1.8901 0.69188 -0.24251 0.59498 0.0039892 0.51912 0.21354 -2.045 0.78436 0.79076 -3.6027 0.083461 -0.59498 -0.0039887 -0.51912 -1.3066 -1.7948 0.31798 -0.82708 -3.499 -0.023768
5 109 48 -0.53603 4.7702 0.70376 -0.39959 3.5358 0.45513 0.32003 3.4859 1.1237 0.6861 1.9329 1.4746 0.3275 0.89143 2.5536 -1.1226 3.6147 -0.207 -1.2243 2.0315 -0.59677 -1.8741 0.6703 -0.27669 0.59618 0.0089307 0.51767 0.30903 -2.0663 0.67717 0.88443 -3.6132 -0.048739 -0.59618 -0.0089302 -0.51767 -1.3352 -1.7603 0.37728 -1.0684 -3.536 0.21502
5 110 48 -0.54538 4.7743 0.66965 -0.40517 3.5383 0.43143 0.31706 3.4999 1.098 0.67091 1.9468 1.4606 0.25261 0.94329 2.554 -1.131 3.6057 -0.22892 -1.2189 2.021 -0.61598 -1.8479 0.6448 -0.31926 0.6026 0.013216 0.51009 0.40837 -2.078 0.56976 0.9823 -3.613 -0.18197 -0.6026 -0.013217 -0.51009 -1.319 -1.737 0.45402 -1.2566 -3.5381 0.39761
5 111 48 -0.54295 4.778 0.64219 -0.40392 3.541 0.40809 0.33316 3.5085 1.0585 0.68202 1.9553 1.4252 0.22459 0.97413 2.5233 -1.1444 3.6026 -0.23635 -1.2164 2.0172 -0.62381 -1.8213 0.62438 -0.35575 0.61376 0.018094 0.49645 0.50093 -2.0798 0.47959 1.0801 -3.5963 -0.30515 -0.61376 -0.018094 -0.49645 -1.2878 -1.7253 0.52607 -1.3681 -3.5265 0.51654
5 112 48 -0.54331 4.7817 0.61404 -0.40148 3.5435 0.3879 0.34559 3.5214 1.0272 0.69936 1.9675 1.3864 0.22966 0.98809 2.4808 -1.1519 3.5946 -0.24581 -1.2125 2.0081 -0.63076 -1.7907 0.59882 -0.39161 0.62199 0.020667 0.486 0.58224 -2.0783 0.40128 1.1794 -3.5671 -0.42205 -0.62199 -0.020667 -0.486 -1.286 -1.7192 0.55734 -1.4164 -3.5174 0.57691
6 0 12 -0.32816 4.7141 1.005 -0.34427 3.4745 0.74624 0.428 3.3527 1.343 0.91805 1.8042 1.1678 1.0477 0.43396 1.8629 -1.1165 3.6253 0.15612 -1.579 2.1336 -0.32317 -2.4395 0.85687 -0.23836 0.64503 -0.011706 0.4553 0.1784 -1.9894 0.98941 0.68637 -3.7184 0.9304 -0.64503 0.011706 -0.4553 -0.85021 -1.9967 0.12639 -0.75163 -3.6925 -0.47823
6 1 12 -0.41632 4.7103 0.99713 -0.40403 3.4704 0.74096 0.32543 3.3443 1.3885 0.83771 1.8001 1.2407 0.89472 0.42141 1.9289 -1.1341 3.6256 0.10037 -1.5491 2.1452 -0.45207 -2.4305 0.88014 -0.46862 0.61298 -0.012639 0.49759 0.12768 -1.9976 0.98621 0.63793 -3.7244 0.89218 -0.61298 0.012639 -0.49759 -0.87172 -1.9926 0.073864 -0.77675 -3.6856 -0.53885
6 2 12 -0.49797 4.7097 0.96779 -0.46111 3.47 0.71453 0.22219 3.3431 1.4105 0.75068 1.8008 1.3062 0.73369 0.424 2.0003 -1.1456 3.6259 0.025709 -1.4969 2.1509 -0.58228 -2.3821 0.89194 -0.6783 0.57756 -0.011961 0.53832 0.093653 -2.0096 0.9739 0.60041 -3.7348 0.8415 -0.57756 0.011961 -0.53832 -0.90287 -1.9937 -0.00367 -0.74509 -3.6823 -0.6156
6 4 24 -0.39762 4.714 0.99502 -0.38409 3.4741 0.74147 0.36575 3.3416 1.364 0.89544 1.7993 1.2674 0.93325 0.45226 2.0169 -1.1343 3.6355 0.12628 -1.4842 2.1512 -0.45947 -2.3365 0.86698 -0.50534 0.61535 -0.016288 0.49455 0.18822 -2.0315 0.90793 0.65491 -3.7495 0.62221 -0.61535 0.016289 -0.49455 -0.90332 -2.0114 -0.025501 -0.6331 -3.6867 -0.63467
6 5 24 -0.44212 4.7177 0.95633 -0.41474 3.4757 0.71495 0.29799 3.3491 1.3808 0.83036 1.8051 1.3436 0.84094 0.48342 2.1377 -1.1284 3.6312 0.056235 -1.4253 2.135 -0.52855 -2.243 0.83068 -0.6158 0.5802 -0.020075 0.53523 0.12454 -2.0392 0.89565 0.60751 -3.7483 0.58467 -0.5802 0.020075 -0.53523 -0.88397 -2.0202 -0.13627 -0.48153 -3.6909 -0.68208
6 9 36 -0.40458 4.741 0.87101 -0.36389 3.4957 0.65202 0.34723 3.3742 1.3205 0.8927 1.8386 1.4353 1.0388 0.57914 2.3128 -1.0759 3.6462 -0.0096512 -1.2552 2.0955 -0.49132 -2.0151 0.7579 -0.38643 0.57366 -0.021254 0.54218 0.13583 -2.0594 0.80415 0.57912 -3.7384 0.31888 -0.57366 0.021254 -0.54218 -0.88314 -2.0013 -0.065048 -0.30782 -3.6334 -0.57138
6 14 48 -0.4481 4.7529 0.82614 -0.33234 3.5058 0.65166 0.40196 3.4422 1.3029 0.87425 1.8879 1.4753 0.85732 0.66517 2.4146 -1.0688 3.5985 0.0063971 -1.1762 2.029 -0.43403 -1.8729 0.66799 -0.23462 0.64392 -0.015932 0.45673 0.3137 -2.0872 0.58037 0.62461 -3.7375 -0.07573 -0.64392 0.015931 -0.45673 -1.1529 -1.8212 0.42657 -0.78506 -3.5552 0.096865
6 15 48 -0.48346 4.751 0.81689 -0.35526 3.5045 0.64968 0.37559 3.4452 1.3052 0.8322 1.8869 1.4834 0.69126 0.68861 2.4436 -1.0885 3.5929 0.00016467 -1.1788 2.0247 -0.44864 -1.8488 0.64498 -0.2903 0.64288 -0.012546 0.4583 0.35982 -2.0938 0.5078 0.6565 -3.7431 -0.15759 -0.64288 0.012546 -0.4583 -1.1798 -1.7924 0.47351 -0.90947 -3.5644 0.27913
6 16 48 -0.51206 4.7504 0.8087 -0.37542 3.5048 0.64155 0.35154 3.4508 1.3018 0.79994 1.8898 1.4776 0.53891 0.72307 2.4514 -1.105 3.5879 -0.012748 -1.1801 2.0219 -0.47192 -1.8212 0.6247 -0.35186 0.64336 -0.0084033 0.45773 0.42234 -2.0975 0.42291 0.70197 -3.746 -0.25166 -0.64336 0.0084028 -0.45773 -1.2039 -1.7693 0.51168 -1.0413 -3.5644 0.46401
6 17 48 -0.53677 4.7511 0.79695 -0.39224 3.5068 0.62549 0.33486 3.4576 1.286 0.78233 1.8951 1.4513 0.42001 0.7615 2.4317 -1.1222 3.585 -0.029011 -1.1872 2.0211 -0.49663 -1.8034 0.61016 -0.41183 0.64442 -0.003233 0.4563 0.48503 -2.0943 0.32894 0.75318 -3.742 -0.35246 -0.64442 0.0032325 -0.4563 -1.2319 -1.749 0.54315 -1.1631 -3.5481 0.64014
6 18 48 -0.55358 4.752 0.78353 -0.40351 3.5085 0.61203 0.32929 3.4624 1.2664 0.77245 1.8979 1.4233 0.33616 0.79036 2.4035 -1.1393 3.5837 -0.036298 -1.194 2.0216 -0.51144 -1.7887 0.60032 -0.44896 0.64907 0.001627 0.44967 0.53849 -2.087 0.25076 0.8085 -3.7229 -0.45783 -0.64907 -0.001627 -0.44967 -1.2424 -1.7455 0.5608 -1.2592 -3.5332 0.79464
6 19 48 -0.57072 4.7547 0.75966 -0.41679 3.5113 0.58898 0.32256 3.4737 1.2365 0.76807 1.9086 1.3804 0.28468 0.82105 2.3609 -1.1593 3.5779 -0.052623 -1.2058 2.0173 -0.53354 -1.7846 0.58885 -0.4868 0.65403 0.0090504 0.44233 0.59909 -2.0719 0.15792 0.86634 -3.7021 -0.56456 -0.65403 -0.0090508 -0.44233 -1.2436 -1.7493 0.57669 -1.3137 -3.5269 0.87
6 20 48 -0.57318 4.7578 0.74067 -0.41817 3.5142 0.57141 0.33353 3.4825 1.2049 0.79067 1.9196 1.3348 0.28557 0.84093 2.3141 -1.173 3.5749 -0.056214 -1.2128 2.0152 -0.54029 -1.7806 0.58205 -0.50167 0.66087 0.013275 0.43194 0.66486 -2.0546 0.060024 0.93652 -3.676 -0.68031 -0.66087 -0.013275 -0.43194 -1.2423 -1.7524 0.59353 -1.3358 -3.5273 0.89672
6 21 48 -0.5789 4.7593 0.72329 -0.42515 3.5147 0.56133 0.33993 3.4912 1.179 0.8176 1.9329 1.2897 0.3209 0.84633 2.2645 -1.1934 3.5672 -0.050556 -1.2308 2.0065 -0.53164 -1.7877 0.5692 -0.48958 0.6668 0.017014 0.42259 0.7329 -2.0321 -0.036712 1.0165 -3.6398 -0.80215 -0.6668 -0.017014 -0.42259 -1.2387 -1.7587 0.60398 -1.3268 -3.5371 0.88726
6 33 36 -0.47439 4.7545 0.79696 -0.41712 3.5103 0.57138 0.37919 3.4351 1.1437 0.94764 1.9071 1.0395 0.9471 0.66481 1.953 -1.2149 3.6145 0.0056098 -1.7699 2.0846 -0.13622 -2.6501 0.98225 0.4865 0.61544 -0.00053692 0.49471 0.049757 -1.9048 1.1788 0.89718 -3.247 0.3236 -0.61544 0.00053692 -0.49471 -0.88939 -1.9873 0.12799 -0.34242 -3.6615 -0.2579
6 34 36 -0.47024 4.7574 0.78473 -0.41481 3.5129 0.56124 0.3882 3.4388 1.1243 0.95171 1.9101 1.0053 0.9525 0.66999 1.9217 -1.2192 3.616 0.0047678 -1.8209 2.1007 -0.09866 -2.727 1.0561 0.58362 0.6138 -0.00090551 0.49673 -0.062353 -1.8357 1.2652 0.62681 -3.3664 0.60726 -0.6138 0.00090551 -0.49673 -0.83722 -2.0083 0.075446 -0.24255 -3.6552 -0.35467
6 35 36 -0.46701 4.7612 0.76701 -0.41036 3.5165 0.54546 0.39639 3.4422 1.1031 0.95659 1.9133 0.97111 0.96328 0.66353 1.8742 -1.2184 3.6197 -0.0056307 -1.8532 2.1161 -0.075492 -2.7797 1.1298 0.6637 0.60902 -0.0016961 0.50259 -0.13791 -1.7909 1.3121 0.34703 -3.4772 0.89723 -0.60902 0.0016956 -0.50259 -0.76799 -2.0333 -0.0047602 -0.13618 -3.6595 -0.45979
6 36 36 -0.46416 4.7659 0.74428 -0.40332 3.5206 0.52729 0.40206 3.4468 1.087 0.96274 1.9195 0.94055 0.98861 0.64584 1.8094 -1.21 3.6234 -0.025917 -1.8622 2.1264 -0.073828 -2.8062 1.1914 0.70869 0.60015 -0.0040016 0.51313 -0.18233 -1.7763 1.3262 0.074309 -3.5544 1.1739 -0.60015 0.0040011 -0.51313 -0.68996 -2.0565 -0.11248 -0.02367 -3.6675 -0.57244
6 37 36 -0.45777 4.7706 0.72405 -0.38993 3.5245 0.51443 0.40788 3.4527 1.0851 0.97254 1.9284 0.92222 1.0323 0.6214 1.7382 -1.1892 3.6254 -0.049867 -1.8518 2.1325 -0.080156 -2.8094 1.2386 0.73328 0.58866 -0.0093427 0.5262 -0.20866 -1.7832 1.3212 -0.18616 -3.583 1.4276 -0.58866 0.0093431 -0.5262 -0.59502 -2.0709 -0.23162 0.095278 -3.6719 -0.6913
6 38 36 -0.45644 4.7739 0.70606 -0.38187 3.5273 0.50259 0.4064 3.4545 1.0863 0.98179 1.9363 0.90605 1.0766 0.59688 1.6642 -1.1716 3.6292 -0.074747 -1.8373 2.1375 -0.096783 -2.802 1.2659 0.73242 0.57478 -0.013171 0.54126 -0.22914 -1.794 1.3137 -0.43231 -3.5555 1.6404 -0.57478 0.013171 -0.54126 -0.50215 -2.0774 -0.34513 0.20709 -3.6709 -0.80178
6 56 60 -0.38009 4.7999 0.56251 -0.29477 3.5466 0.41385 0.49376 3.4933 0.99929 0.84657 1.9782 1.4982 0.62279 1.0305 2.6938 -1.0845 3.6292 -0.1665 -1.2526 2.0579 -0.58067 -1.8959 0.71356 -0.1851 0.67444 0.022614 0.41002 0.37953 -2.0562 0.48592 0.62635 -3.7004 -0.2116 -0.67444 -0.022614 -0.41002 -1.1387 -1.8373 0.54161 -0.87791 -3.5963 0.24318
6 57 60 -0.38236 4.8041 0.52436 -0.2983 3.5497 0.384 0.49409 3.5023 0.96472 0.81899 1.9958 1.5065 0.47171 1.1547 2.7513 -1.0919 3.6264 -0.19185 -1.2657 2.05 -0.58387 -1.8985 0.70832 -0.16298 0.67849 0.027805 0.40297 0.47399 -2.062 0.32964 0.69526 -3.7024 -0.3852 -0.67849 -0.027806 -0.40297 -1.1269 -1.8206 0.59655 -1.0229 -3.6206 0.58337
6 58 60 -0.38176 4.8075 0.49127 -0.29744 3.5521 0.35986 0.5013 3.5116 0.93235 0.80932 2.0113 1.5007 0.34662 1.2771 2.7753 -1.0975 3.6221 -0.20798 -1.2796 2.0431 -0.58535 -1.9036 0.70318 -0.14611 0.68575 0.032121 0.39015 0.56118 -2.0544 0.17745 0.75919 -3.6913 -0.55212 -0.68575 -0.032122 -0.39015 -1.106 -1.8125 0.64321 -1.1245 -3.5995 0.88255
6 59 60 -0.39238 4.8082 0.47052 -0.30588 3.5523 0.34572 0.50311 3.519 0.9041 0.80083 2.0213 1.4846 0.24535 1.3767 2.7706 -1.1162 3.615 -0.20819 -1.3061 2.0341 -0.57365 -1.9256 0.69403 -0.12847 0.69474 0.038469 0.3733 0.64309 -2.0321 0.020729 0.8167 -3.6673 -0.71877 -0.69474 -0.038469 -0.3733 -1.0798 -1.8107 0.68741 -1.1774 -3.5644 1.0951
6 60 60 -0.39846 4.8092 0.45685 -0.31011 3.5532 0.33352 0.5112 3.5274 0.87402 0.81047 2.0302 1.455 0.19115 1.4433 2.7394 -1.1329 3.6084 -0.20256 -1.3281 2.0257 -0.55726 -1.9433 0.68116 -0.11997 0.70338 0.043093 0.35622 0.70696 -2.0057 -0.10931 0.8718 -3.6342 -0.8655 -0.70338 -0.043093 -0.35622 -1.0536 -1.8121 0.7219 -1.1665 -3.5451 1.2065
6 61 60 -0.41056 4.8106 0.43635 -0.31791 3.5543 0.31721 0.51373 3.5376 0.84206 0.82652 2.0366 1.4057 0.16991 1.4662 2.679 -1.1511 3.6005 -0.20332 -1.3492 2.0158 -0.547 -1.952 0.65904 -0.13026 0.71114 0.047941 0.33983 0.7553 -1.9773 -0.21773 0.9257 -3.586 -1.014 -0.71114 -0.047941 -0.33983 -1.0304 -1.8265 0.73212 -1.1165 -3.5595 1.2222
6 62 60 -0.42793 4.8096 0.42108 -0.33393 3.5527 0.30944 0.51004 3.5454 0.81444 0.84928 2.0373 1.3431 0.18516 1.4329 2.5966 -1.1796 3.5895 -0.19149 -1.3781 2.0028 -0.5259 -1.963 0.63138 -0.13256 0.72006 0.054033 0.31951 0.79978 -1.9468 -0.31667 0.98363 -3.5336 -1.1527 -0.72006 -0.054033 -0.31951 -1.012 -1.836 0.75465 -1.0456 -3.5914 1.1648
6 63 48 -0.5126 4.806 0.3364 -0.39411 3.5483 0.25971 0.34082 3.5565 0.9133 0.61242 2.0366 1.4472 -0.26207 1.3549 2.5187 -1.1316 3.5697 -0.39063 -1.255 1.9814 -0.75213 -1.8825 0.59372 -0.51067 0.65445 0.049093 0.43907 0.91122 -1.9296 -0.21893 1.2957 -3.489 -1.0383 -0.65445 -0.049093 -0.43907 -1.1458 -1.8285 0.56426 -1.19 -3.608 0.85108
6 64 48 -0.50374 4.8031 0.35451 -0.37355 3.5458 0.29493 0.37411 3.5712 0.93348 0.70256 2.0375 1.3903 -0.086162 1.2294 2.4404 -1.1241 3.55 -0.34072 -1.2446 1.9589 -0.69092 -1.8448 0.5553 -0.47331 0.66134 0.031991 0.43023 0.92495 -1.9476 -0.22262 1.3887 -3.4373 -1.1262 -0.66134 -0.031991 -0.43023 -1.155 -1.8154 0.56482 -1.1043 -3.6087 0.74439
6 65 48 -0.52637 4.799 0.34528 -0.37894 3.5429 0.30614 0.37274 3.5872 0.93888 0.76334 2.0422 1.2983 0.1144 1.0845 2.3178 -1.1339 3.5281 -0.32414 -1.258 1.9342 -0.66008 -1.8391 0.52101 -0.45322 0.6616 0.026989 0.43018 0.92045 -1.9627 -0.1931 1.4723 -3.3736 -1.1707 -0.6616 -0.026988 -0.43018 -1.1517 -1.8227 0.54428 -1.0195 -3.6182 0.64148
6 67 36 -0.56329 4.7937 0.27527 -0.39864 3.5389 0.28595 0.23048 3.6082 1.0388 0.65708 2.0583 1.3293 0.24012 0.825 2.1556 -1.0317 3.4991 -0.4657 -1.1101 1.8994 -0.78736 -1.7427 0.50075 -0.64185 0.58135 0.0025463 0.53434 0.81122 -2.0625 0.22254 1.7542 -3.2246 -0.78302 -0.58135 -0.0025463 -0.53434 -1.1319 -1.8793 0.23305 -0.8733 -3.6637 0.23218
6 68 36 -0.56459 4.7886 0.31803 -0.39154 3.535 0.32408 0.25955 3.6097 1.0575 0.72963 2.0629 1.2926 0.55513 0.75263 2.0866 -1.0468 3.4897 -0.40802 -1.1413 1.888 -0.71502 -1.8043 0.51103 -0.51016 0.59475 -0.0058322 0.51936 0.70282 -2.1003 0.39306 1.7068 -3.1212 -0.70273 -0.59475 0.0058322 -0.51936 -1.0828 -1.9054 0.20408 -0.75678 -3.6777 0.14578
6 69 36 -0.56804 4.786 0.36041 -0.39203 3.5327 0.35118 0.28239 3.6067 1.0632 0.79512 2.0668 1.2493 0.8346 0.72072 2.0005 -1.0707 3.4881 -0.35931 -1.1991 1.8854 -0.64817 -1.8899 0.53668 -0.36257 0.60425 -0.0086217 0.50823 0.57754 -2.1085 0.5735 1.5931 -3.0625 -0.57083 -0.60425 0.0086222 -0.50823 -1.0325 -1.9289 0.18243 -0.64318 -3.6855 0.066506
6 70 36 -0.57523 4.7875 0.38533 -0.40143 3.5341 0.35194 0.29739 3.6013 1.0408 0.85261 2.0713 1.1805 1.0487 0.71819 1.8935 -1.1044 3.4963 -0.33489 -1.2893 1.8936 -0.59149 -1.9988 0.57423 -0.22578 0.60743 -0.0038543 0.50449 0.43625 -2.0833 0.75129 1.4273 -3.0782 -0.37956 -0.60743 0.0038538 -0.50449 -0.98719 -1.954 0.1565 -0.53366 -3.6907 -0.013693
6 71 36 -0.57201 4.7915 0.39503 -0.40677 3.5376 0.33942 0.31205 3.5933 1.0084 0.90728 2.0749 1.1042 1.1841 0.72824 1.8023 -1.1295 3.5113 -0.32713 -1.3842 1.9107 -0.53224 -2.1093 0.6205 -0.099531 0.60358 0.0014014 0.5091 0.30115 -2.0394 0.90629 1.2372 -3.1573 -0.15445 -0.60358 -0.0014009 -0.5091 -0.93805 -1.9733 0.13434 -0.42009 -3.6854 -0.092331
6 72 36 -0.5688 4.7935 0.40336 -0.41555 3.5391 0.3279 0.3163 3.5817 0.9836 0.94292 2.0743 1.045 1.2474 0.73506 1.746 -1.1511 3.5259 -0.32494 -1.4775 1.9325 -0.47817 -2.2228 0.68085 0.027203 0.59603 0.0065432 0.51788 0.16015 -1.981 1.0413 1.0075 -3.2698 0.10755 -0.59603 -0.0065432 -0.51788 -0.89206 -1.9892 0.1112 -0.31044 -3.6722 -0.17184
6 73 36 -0.55638 4.7956 0.41714 -0.41709 3.5408 0.32085 0.32615 3.5719 0.96426 0.97051 2.071 0.99208 1.2735 0.73776 1.705 -1.1637 3.539 -0.31936 -1.5557 1.9569 -0.42823 -2.3287 0.75409 0.14916 0.59077 0.0095348 0.52383 0.029263 -1.9164 1.1482 0.75916 -3.382 0.39311 -0.59077 -0.0095353 -0.52383 -0.84487 -2.0048 0.083476 -0.2008 -3.6549 -0.25305
6 74 36 -0.5328 4.7981 0.43383 -0.40309 3.5435 0.32056 0.34705 3.5651 0.95631 0.99514 2.0655 0.94723 1.2835 0.74098 1.6822 -1.1564 3.5513 -0.31175 -1.6003 1.9811 -0.39035 -2.4043 0.83592 0.25756 0.58813 0.007947 0.52682 -0.089296 -1.8575 1.2164 0.49161 -3.4796 0.68511 -0.58813 -0.007947 -0.52682 -0.78322 -2.024 0.031663 -0.08724 -3.6452 -0.34
6 75 36 -0.50986 4.801 0.44338 -0.38933 3.547 0.31404 0.36648 3.5566 0.94335 1.0029 2.0526 0.90261 1.2756 0.73055 1.6479 -1.1481 3.5668 -0.31147 -1.6322 2.0079 -0.37571 -2.472 0.92629 0.33321 0.58317 0.0080385 0.53231 -0.17576 -1.8176 1.2431 0.21574 -3.5552 0.96255 -0.58317 -0.008039 -0.53231 -0.70611 -2.0474 -0.042204 0.028446 -3.6474 -0.43099
6 76 36 -0.48144 4.8045 0.44805 -0.37014 3.5512 0.30388 0.38438 3.5501 0.93481 1.007 2.0416 0.86229 1.2454 0.71828 1.6171 -1.1274 3.5817 -0.32298 -1.6429 2.0328 -0.38392 -2.5152 1.0156 0.37912 0.57563 0.007731 0.54045 -0.22729 -1.8023 1.2429 -0.061655 -3.5974 1.21 -0.57563 -0.007731 -0.54045 -0.61265 -2.0683 -0.13162 0.15266 -3.6532 -0.52276
