0 9 36 -0.80738 4.7618 -0.20255 -0.44162 3.5507 -0.21633 -0.81413 3.4648 0.68988 -0.3076 2.6527 2.0137 -0.38183 3.0302 3.5069 -0.076107 3.6656 -1.1222 -0.91533 2.4949 -1.8928 -2.4571 2.4684 -1.8993 -0.69169 -0.059207 0.37623 -0.74348 -1.7405 -0.88275 -0.99973 -3.5245 -0.93144 0.6917 0.059207 -0.37623 0.62332 -1.981 0.12095 0.38136 -3.3802 1.232
0 10 24 -0.78716 4.7571 -0.31031 -0.41277 3.5494 -0.2914 -0.87127 3.4719 0.57527 -0.41296 2.664 1.9192 -0.52801 3.0016 3.4193 0.03884 3.6559 -1.1586 -0.8222 2.4832 -1.9017 -2.3626 2.4843 -1.8324 -0.73832 -0.0623 0.27294 -0.55325 -1.7269 -0.99553 -0.78254 -3.5113 -1.116 0.73832 0.0623 -0.27294 0.57329 -1.9714 0.22824 0.12695 -3.3658 1.2805
0 11 12 -0.73059 4.7522 -0.43964 -0.35179 3.5479 -0.37893 -0.90592 3.4789 0.43072 -0.57566 2.6587 1.8043 -0.78825 2.9378 3.3059 0.19559 3.6458 -1.1902 -0.68378 2.4795 -1.9217 -2.2189 2.5142 -1.7806 -0.77193 -0.058336 0.15563 -0.36843 -1.7182 -1.0676 -0.54545 -3.503 -1.2524 0.77193 0.058336 -0.15563 0.50976 -1.9725 0.31477 -0.13507 -3.3547 1.2764
0 12 12 -0.73599 4.7479 -0.43701 -0.34896 3.5455 -0.40293 -0.84668 3.4861 0.4433 -0.4296 2.6451 1.7803 -0.49759 2.8676 3.3046 0.14185 3.6339 -1.2507 -0.88318 2.4813 -1.7887 -2.338 2.5625 -1.2843 -0.76455 -0.051195 0.19065 -0.40826 -1.7155 -1.0412 -0.55605 -3.4998 -1.2537 0.76455 0.051195 -0.19065 0.50421 -1.9782 0.28679 -0.13001 -3.3486 1.2721
0 13 0 -0.62796 4.749 -0.57962 -0.25556 3.5459 -0.47458 -0.88918 3.496 0.27601 -0.72783 2.6315 1.6528 -1.055 2.7994 3.1503 0.37145 3.6247 -1.2282 -0.64499 2.4846 -1.8076 -2.0983 2.634 -1.3145 -0.78618 -0.046401 0.057161 -0.22323 -1.7182 -1.0841 -0.28813 -3.5007 -1.3474 0.78618 0.046401 -0.057161 0.41926 -1.9779 0.36934 -0.39184 -3.3466 1.2176
0 13 12 -0.73475 4.749 -0.43639 -0.34865 3.5459 -0.41108 -0.81237 3.496 0.45485 -0.36829 2.6315 1.768 -0.37694 2.7994 3.3008 0.10797 3.6247 -1.2786 -1.0067 2.4846 -1.634 -2.3258 2.634 -0.8495 -0.75712 -0.046401 0.21937 -0.44376 -1.7182 -1.014 -0.56198 -3.5007 -1.2581 0.75711 0.046401 -0.21937 0.48689 -1.9779 0.2741 -0.13011 -3.3466 1.2725
0 14 0 -0.61873 4.7451 -0.61778 -0.2474 3.542 -0.50754 -0.87174 3.5022 0.25138 -0.72725 2.6093 1.6117 -1.0843 2.7391 3.1062 0.37023 3.6107 -1.2699 -0.71102 2.472 -1.7204 -2.0716 2.6952 -1.0301 -0.78493 -0.039922 0.076118 -0.26005 -1.7237 -1.0657 -0.2995 -3.5023 -1.3588 0.78493 0.039922 -0.076118 0.4058 -1.9819 0.35141 -0.39336 -3.3508 1.2106
0 14 12 -0.73366 4.7451 -0.47564 -0.34752 3.542 -0.44502 -0.80043 3.5022 0.42714 -0.37626 2.6093 1.7277 -0.41479 2.7391 3.2637 0.098119 3.6107 -1.3191 -1.0532 2.472 -1.535 -2.2405 2.6952 -0.57688 -0.75195 -0.039922 0.23765 -0.47594 -1.7237 -0.98834 -0.57547 -3.5023 -1.2669 0.75195 0.039922 -0.23765 0.47 -1.9819 0.25936 -0.13306 -3.3508 1.266
0 15 12 -0.70388 4.7463 -0.51812 -0.32518 3.541 -0.47078 -0.79494 3.5078 0.39269 -0.43046 2.5945 1.6972 -0.55894 2.7051 3.2298 0.13733 3.603 -1.3366 -1.0288 2.4694 -1.491 -2.1166 2.7527 -0.43547 -0.75394 -0.032722 0.23238 -0.48907 -1.7313 -0.97544 -0.57653 -3.508 -1.2702 0.75394 0.032722 -0.23238 0.47324 -1.9935 0.24728 -0.13015 -3.3568 1.2613
0 16 12 -0.67047 4.7499 -0.55538 -0.30138 3.5427 -0.47822 -0.81471 3.5134 0.36024 -0.54191 2.584 1.6758 -0.8106 2.6857 3.1908 0.20477 3.6008 -1.3195 -0.96441 2.4746 -1.5026 -2.0177 2.786 -0.42031 -0.75965 -0.032658 0.213 -0.48396 -1.7371 -0.98413 -0.57373 -3.5147 -1.2725 0.75965 0.032658 -0.213 0.47988 -1.9965 0.25452 -0.12964 -3.3644 1.2587
0 17 24 -0.71997 4.7532 -0.45611 -0.34915 3.544 -0.43084 -0.74122 3.5096 0.47053 -0.33021 2.574 1.7451 -0.45814 2.676 3.2783 0.035577 3.6073 -1.3338 -1.1548 2.4895 -1.3806 -2.0124 2.7971 -0.1366 -0.71643 -0.027241 0.33088 -0.6688 -1.7439 -0.87959 -0.81874 -3.5228 -1.1323 0.71643 0.027241 -0.33088 0.54368 -2.0116 0.14625 0.1348 -3.3774 1.25
0 18 24 -0.64286 4.7605 -0.51304 -0.28972 3.5469 -0.45 -0.77191 3.5081 0.40636 -0.51286 2.5718 1.7197 -0.84767 2.6852 3.2206 0.18551 3.6147 -1.3084 -0.99374 2.5071 -1.5349 -1.9928 2.7874 -0.39422 -0.73912 -0.022707 0.27692 -0.64342 -1.7482 -0.91799 -0.80127 -3.5295 -1.1478 0.73912 0.022707 -0.27692 0.57479 -2.0282 0.1488 0.13438 -3.3943 1.2399
0 18 36 -0.73548 4.7605 -0.36817 -0.37695 3.5469 -0.37993 -0.67056 3.5081 0.55796 -0.1441 2.5718 1.7888 -0.15955 2.6852 3.3265 -0.09058 3.6147 -1.3184 -1.2911 2.5071 -1.2947 -2.0312 2.7874 0.028715 -0.66539 -0.022707 0.42454 -0.82023 -1.7482 -0.76416 -1.0224 -3.5295 -0.95615 0.66539 0.022707 -0.42454 0.59316 -2.0282 0.026044 0.38923 -3.3943 1.1849
0 19 36 -0.64918 4.7674 -0.45392 -0.30911 3.5486 -0.42082 -0.71685 3.5092 0.47336 -0.37014 2.5621 1.7585 -0.61511 2.6891 3.2756 0.091758 3.617 -1.3164 -1.1022 2.5205 -1.5182 -2.0838 2.7515 -0.35168 -0.7027 -0.01656 0.35977 -0.79004 -1.7526 -0.82041 -0.99095 -3.5361 -0.9927 0.7027 0.01656 -0.35977 0.63926 -2.0492 0.018259 0.3934 -3.4127 1.1721
0 20 48 -0.65103 4.7724 -0.40218 -0.32278 3.55 -0.39974 -0.65985 3.5151 0.52359 -0.24316 2.5626 1.7837 -0.42015 2.7005 3.3092 0.0075982 3.614 -1.3239 -1.2002 2.5329 -1.5275 -2.2226 2.7034 -0.38592 -0.66289 -0.010969 0.42891 -0.92279 -1.7648 -0.69835 -1.1591 -3.5503 -0.78413 0.66289 0.010969 -0.42891 0.68041 -2.0688 -0.13147 0.63107 -3.4325 1.047
0 32 168 -0.58692 4.8134 -0.10742 -0.34925 3.5693 -0.10666 -0.55004 3.5421 0.85579 -0.94353 2.5543 2.096 -2.2301 2.5464 2.9459 -0.15378 3.6258 -1.0689 -0.60534 2.817 -2.4145 -1.6128 2.8088 -3.5818 -0.20637 0.0043416 0.76216 -0.83603 -1.9993 0.81731 -0.25392 -3.6754 1.1379 0.20637 -0.0043421 -0.76216 -0.25292 -2.0199 -1.1375 0.4787 -3.6624 -1.2713
0 33 180 -0.57938 4.8154 -0.06635 -0.34698 3.5703 -0.070373 -0.50257 3.547 0.90051 -0.96759 2.5305 2.0918 -2.3198 2.48 2.8311 -0.19658 3.623 -1.0409 -0.55051 2.8551 -2.4387 -1.4934 2.8826 -3.6585 -0.11446 0.0069962 0.78125 -0.66959 -2.0149 0.91602 -0.006236 -3.677 1.1356 0.11446 -0.0069962 -0.78125 -0.42533 -2.0121 -1.1016 0.22452 -3.6724 -1.3698
0 36 204 -0.56468 4.8163 -0.099608 -0.34643 3.5691 -0.070126 -0.58819 3.5452 0.88294 -1.4411 2.4531 1.7481 -2.975 2.3316 1.8491 -0.10958 3.6225 -1.0232 0.14676 2.9059 -2.4688 -0.21328 3.0162 -3.964 -0.010562 0.024031 0.78918 -0.32697 -2.0449 0.97326 0.45583 -3.6691 0.96879 0.010562 -0.024031 -0.78918 -0.74849 -1.9747 -0.9714 -0.34177 -3.673 -1.4199
0 37 216 -0.55212 4.8175 -0.075044 -0.33359 3.5708 -0.041314 -0.54047 3.548 0.91996 -1.4238 2.4328 1.7229 -2.9602 2.3028 1.7077 -0.13152 3.623 -1.0025 0.21708 2.8956 -2.423 -0.034159 3.0296 -3.9385 0.074156 0.026108 0.7857 -0.15342 -2.0531 0.98425 0.65402 -3.6589 0.84195 -0.074156 -0.026107 -0.7857 -0.90182 -1.9566 -0.83504 -0.62511 -3.669 -1.327
0 38 228 -0.52969 4.8187 -0.076008 -0.31193 3.5727 -0.030187 -0.4883 3.5538 0.93723 -1.3921 2.4149 1.6821 -2.9211 2.284 1.5314 -0.14016 3.6212 -0.99741 0.28986 2.8648 -2.38 0.13681 3.0196 -3.9066 0.15208 0.031559 0.77419 0.023568 -2.0581 0.95105 0.83356 -3.6441 0.66923 -0.15208 -0.031559 -0.77419 -1.0291 -1.9382 -0.67465 -0.88122 -3.6637 -1.1761
0 43 276 -0.55403 4.7911 -0.13508 -0.28929 3.5721 0.023102 -0.39974 3.5874 1.0003 -1.4217 2.347 1.2933 -2.5956 2.2763 0.29592 -0.18274 3.5863 -0.95455 0.7443 2.6691 -1.9385 1.2032 2.5983 -3.4089 0.44592 0.046121 0.65002 0.55257 -2.0509 0.57739 1.0879 -3.5737 -0.22613 -0.44592 -0.046121 -0.65002 -1.2108 -1.8424 0.12616 -1.4397 -3.6119 -0.13363
0 69 180 -0.50911 4.8218 -0.054231 -0.33708 3.5698 -0.017266 -0.53483 3.5182 0.94481 -1.2873 2.0842 1.1596 -2.7928 2.1819 0.84069 -0.14412 3.6508 -0.97829 0.0067242 2.4473 -2.0726 -0.93118 2.0232 -3.2207 -0.033621 0.011395 0.78882 -0.49518 -2.0194 1.0665 0.0036012 -3.7025 1.4779 0.033622 -0.011395 -0.78882 -0.52158 -2.036 -0.87369 0.20451 -3.6809 -1.0068
0 72 168 -0.51695 4.82 -0.1295 -0.34854 3.5661 -0.12999 -0.56723 3.4991 0.82659 -1.137 1.9762 0.98438 -2.6774 1.9138 0.95757 -0.13484 3.6626 -1.0852 -0.2429 2.3042 -1.9863 -1.3285 1.7016 -2.9005 -0.13659 0.030828 0.7771 -0.76506 -1.967 0.94443 -0.31237 -3.6687 1.3318 0.13659 -0.030828 -0.7771 -0.41136 -2.0549 -0.90838 0.37944 -3.675 -0.8788
0 73 168 -0.49242 4.8226 -0.12513 -0.32974 3.568 -0.13946 -0.49406 3.5021 0.82802 -0.99027 1.9548 0.99659 -2.5234 1.8166 1.0871 -0.17032 3.6633 -1.1053 -0.39997 2.2552 -1.9012 -1.5669 1.5921 -2.6603 -0.10956 0.03797 0.78106 -0.74955 -1.9581 0.92427 -0.27664 -3.6688 1.2417 0.10956 -0.03797 -0.78106 -0.4232 -2.0679 -0.88089 0.38932 -3.6773 -0.86301
0 92 168 -0.34432 4.7848 -0.28557 -0.19418 3.5555 -0.14366 -0.34564 3.5848 0.82771 0.032789 3.3443 2.3986 0.52159 4.5739 3.1903 -0.041169 3.556 -1.1152 0.52195 3.3356 -2.6328 0.77828 4.6191 -3.4481 -0.13646 0.01861 0.77752 -0.52857 -2.0433 0.68167 0.068182 -3.7414 0.78799 0.13646 -0.01861 -0.77751 -0.17204 -2.0836 -1.0117 0.6026 -3.7082 -1.1191
0 107 168 -0.39095 4.8283 0.044291 -0.34644 3.5692 0.032775 -0.59444 3.4932 0.9815 -1.4083 2.0794 0.8949 -2.7277 1.6964 0.19473 -0.10267 3.6747 -0.91423 -0.8829 2.3771 -1.5276 -2.3323 1.8546 -1.4658 -0.18795 -0.013959 0.7668 -0.66405 -2.0574 0.65818 -0.082054 -3.7492 0.88196 0.18795 0.013959 -0.7668 -0.19926 -2.0385 -0.9942 0.43178 -3.7272 -1.024
0 108 168 -0.36634 4.8316 0.052612 -0.31874 3.5718 0.038314 -0.56256 3.495 0.98806 -1.1767 1.9817 0.95232 -2.4762 1.3933 0.36678 -0.078957 3.678 -0.90962 -0.66882 2.2703 -1.4919 -2.0451 1.576 -1.5295 -0.18901 -0.014527 0.76653 -0.64798 -2.062 0.65937 -0.053709 -3.7486 0.88969 0.18901 0.014527 -0.76653 -0.17818 -2.0419 -0.99121 0.4595 -3.7283 -1.0124
1 31 348 -1.0543 4.7039 -0.3362 -0.88754 3.4551 -0.22312 -1.04 3.4778 0.74828 -0.98833 2.7202 2.1947 -1.5161 2.8468 3.638 -0.73911 3.462 -1.1954 -0.20392 2.4695 -2.3775 -0.49794 2.3572 -3.887 -0.081548 0.026104 0.78496 -0.65061 -1.9708 1.1059 -0.10893 -3.5966 1.6663 0.081548 -0.026104 -0.78496 -0.24432 -2.0451 -1.2662 0.63435 -3.5379 -1.7668
1 32 348 -1.1827 4.6708 -0.38326 -0.99081 3.4259 -0.26279 -1.1403 3.4613 0.70868 -1.0036 2.459 1.9914 -1.602 2.2151 3.3915 -0.84655 3.4198 -1.2357 -0.28084 2.2658 -2.2441 -0.59886 1.7836 -3.6738 -0.076938 0.034796 0.78509 -0.71116 -1.9584 0.9827 -0.14217 -3.6289 1.3525 0.076938 -0.034796 -0.78509 -0.40794 -2.0421 -1.1721 0.50335 -3.5649 -1.491
2 107 168 -1.5288 4.5811 -0.42371 -1.1888 3.3721 -0.29302 -1.3694 3.3687 0.6738 -0.52382 2.1341 1.3291 -0.41279 0.83203 2.1476 -1.0183 3.4035 -1.2612 -0.14671 2.0354 -1.4539 0.10723 0.5354 -1.7054 -0.1491 0.015688 0.77526 -0.91074 -1.937 0.62915 -0.29798 -3.6122 0.8919 0.1491 -0.015688 -0.77526 -0.48341 -2.0137 -0.92444 0.33622 -3.6159 -0.81487
2 108 168 -1.431 4.6124 -0.41288 -1.1154 3.3969 -0.28276 -1.2898 3.3977 0.6852 -0.4968 2.1266 1.3363 -0.47498 0.82061 2.1558 -0.95051 3.4243 -1.252 -0.17105 2.0047 -1.4662 -0.026012 0.49498 -1.7446 -0.14807 0.017576 0.77541 -0.86159 -1.9536 0.63465 -0.2866 -3.6375 0.92553 0.14807 -0.017576 -0.77541 -0.42458 -2.035 -0.90267 0.38335 -3.6443 -0.81007
3 52 252 -0.057017 4.8268 -0.082961 -0.21501 3.5754 -0.052449 -0.57503 3.5783 0.86283 0.1318 2.3563 1.6849 0.095763 0.87472 2.1107 0.14616 3.6023 -0.96689 -0.53499 2.4246 -1.8713 -1.7644 3.2753 -2.2486 -0.42189 -0.025131 0.66699 -1.946 -0.96682 -0.43059 -0.46595 -1.7389 0.25084 0.42189 0.025131 -0.66699 0.83225 -1.9661 -0.13709 1.1761 -3.6696 0.34333
3 53 252 -0.062932 4.8258 -0.079967 -0.22213 3.575 -0.040437 -0.58427 3.5832 0.87397 0.1383 2.384 1.7157 0.12989 0.90424 2.1492 0.14116 3.5966 -0.95417 -0.59437 2.4616 -1.8704 -1.7976 3.3503 -2.2448 -0.4162 -0.030184 0.67035 -1.8602 -1.085 -0.43265 -0.59618 -2.2629 0.082834 0.4162 0.030185 -0.67035 0.87111 -1.9457 -0.11974 1.2534 -3.6358 0.37846
3 54 252 -0.096032 4.8247 -0.076746 -0.25975 3.5745 -0.038105 -0.63008 3.5847 0.873 0.099654 2.3963 1.7238 0.11644 0.91274 2.144 0.11176 3.5942 -0.94857 -0.63064 2.4549 -1.8539 -1.8386 3.331 -2.2423 -0.40818 -0.036708 0.67493 -1.737 -1.2839 -0.37046 -0.73856 -2.7594 -0.09287 0.40818 0.036708 -0.67493 0.91157 -1.9212 -0.10254 1.3368 -3.5953 0.41468
3 55 252 -0.11298 4.8231 -0.059205 -0.2874 3.5745 -0.020453 -0.6626 3.5855 0.88865 0.059669 2.385 1.7288 0.10004 0.89794 2.1346 0.089273 3.5933 -0.92882 -0.61142 2.4119 -1.8132 -1.8665 3.2129 -2.2143 -0.40432 -0.044847 0.67677 -1.5646 -1.511 -0.28161 -0.85852 -3.1689 -0.2187 0.40432 0.044847 -0.67677 0.97065 -1.8889 -0.081673 1.4481 -3.5428 0.45461
4 0 168 -1.087 4.7086 0.1177 -0.78353 3.4878 -0.027124 -0.91317 3.3334 0.93553 -0.7004 1.7423 1.2385 -2.0114 0.93115 1.2068 -0.66168 3.6708 -0.9858 -0.04467 2.237 -1.468 -0.61294 0.91356 -2.0186 -0.07986 0.026003 0.78514 -0.64341 -1.9794 0.51089 -0.08677 -3.693 0.44466 0.07986 -0.026004 -0.78514 -0.53993 -2.0332 -0.8229 0.9514 -3.0055 -0.53755
4 1 168 -1.1605 4.6913 0.12003 -0.82724 3.4778 -0.023701 -0.96575 3.3276 0.93839 -0.79941 1.7307 1.2397 -2.1588 1.012 1.1244 -0.69678 3.6565 -0.98205 -0.027915 2.2471 -1.4669 -0.58738 0.92765 -2.0358 -0.077328 0.024606 0.78544 -0.5903 -1.996 0.52375 0.064168 -3.6748 0.45904 0.077328 -0.024606 -0.78544 -0.71826 -1.969 -0.81128 0.6652 -3.1002 -0.57167
4 2 168 -1.2173 4.6781 0.11973 -0.8672 3.469 -0.019921 -1.0057 3.3185 0.94212 -0.874 1.7179 1.2413 -2.2717 1.0958 1.0489 -0.737 3.6478 -0.97826 -0.012118 2.2656 -1.4607 -0.58074 0.95206 -2.0342 -0.072314 0.023084 0.78596 -0.50546 -2.017 0.53118 0.23213 -3.6611 0.47152 0.072314 -0.023084 -0.78596 -0.87306 -1.8994 -0.79253 0.35065 -3.2083 -0.59225
4 52 288 -0.95529 4.6439 -0.95404 -0.74026 3.4041 -0.83385 -1.1086 3.4895 0.074116 -1.0123 2.265 1.1512 -2.2892 2.0537 0.31311 -0.37805 3.3475 -1.7465 0.70428 2.1247 -1.7919 -0.5882 1.4466 -2.2893 -0.20491 0.15908 0.74579 -0.065567 -1.9108 1.0785 0.88345 -3.3857 1.4967 0.20491 -0.15908 -0.74579 -1.0917 -1.8114 -0.69175 -0.35025 -3.2905 0.024712
4 53 288 -0.86264 4.64 -1.0699 -0.66207 3.4022 -0.90454 -1.0876 3.5058 -0.023882 -0.98437 2.2623 1.0305 -2.2386 1.9368 0.19466 -0.24206 3.3273 -1.7907 0.85122 2.1163 -1.7076 -0.40688 1.4504 -2.3004 -0.24829 0.16501 0.73118 0.025421 -1.8774 1.1409 0.97891 -3.3233 1.6421 0.24829 -0.16501 -0.73118 -0.97645 -1.8713 -0.67638 -0.55626 -3.4714 0.040418
4 55 300 -0.90957 4.6351 -1.0814 -0.7055 3.4029 -0.88021 -1.022 3.547 0.039795 -0.73405 2.2533 0.99488 -2.1011 1.7516 0.48773 -0.39482 3.2873 -1.8062 0.65402 2.0352 -1.7786 -0.71486 1.458 -2.1918 -0.18303 0.17043 0.74897 0.035957 -1.8765 1.1691 1.3589 -3.0138 1.6243 0.18303 -0.17043 -0.74897 -0.895 -1.9534 -0.4787 -0.4001 -3.515 0.27458
4 56 300 -0.90804 4.6274 -1.1448 -0.69041 3.4063 -0.89743 -1.034 3.5682 0.0098024 -0.76072 2.2505 0.93599 -2.1122 1.6902 0.44894 -0.35324 3.2726 -1.8117 0.63812 1.9762 -1.7391 -0.76619 1.4968 -2.1583 -0.22184 0.15592 0.7416 -0.23732 -1.903 1.1598 1.222 -2.8027 1.7182 0.22184 -0.15592 -0.7416 -0.84637 -1.9402 -0.44263 -0.20085 -3.4322 0.33727
5 14 144 -0.85479 4.7676 -0.27446 -0.59445 3.5291 -0.22944 -0.8166 3.5474 0.72852 -0.34277 2.0626 1.2181 -0.852 0.71383 1.765 -0.37888 3.5398 -1.189 -0.52392 1.9622 -1.5877 -1.6033 0.91078 -1.915 -0.25382 -0.013056 0.7476 -1.44 -1.6937 0.32027 -1.4561 -3.4824 0.54691 0.25382 0.013056 -0.7476 -0.020621 -2.0667 -0.6313 0.8516 -3.5512 -0.096229
5 15 144 -0.87447 4.7652 -0.25416 -0.60642 3.5282 -0.21248 -0.85282 3.5362 0.73966 -0.3638 2.06 1.2402 -0.8276 0.69703 1.7923 -0.36676 3.5492 -1.1662 -0.48722 1.9716 -1.5729 -1.5797 0.93983 -1.9187 -0.27793 -0.022441 0.73875 -1.4538 -1.6909 0.24091 -1.7451 -3.4633 0.39847 0.27793 0.022442 -0.73875 0.11114 -2.0674 -0.60017 0.99309 -3.5339 -0.032441
5 19 156 -0.92712 4.7616 -0.079535 -0.64407 3.5274 -0.10392 -0.79148 3.494 0.86795 -0.22165 2.025 1.2994 -0.45125 0.64007 1.9372 -0.50388 3.5897 -1.0754 -0.44927 2.0049 -1.468 -1.3737 0.807 -1.7648 -0.20247 -0.02099 0.76293 -1.3877 -1.7121 0.3763 -1.6508 -3.4876 0.54813 0.20247 0.02099 -0.76293 0.37979 -2.0626 -0.5587 1.5141 -3.4035 -0.15116
5 20 156 -0.94017 4.7588 -0.083696 -0.65141 3.5261 -0.11458 -0.81392 3.4829 0.85449 -0.26959 2.0061 1.2922 -0.51504 0.62307 1.9282 -0.49623 3.5981 -1.0831 -0.30976 2.0229 -1.4739 -1.1199 0.76233 -1.8375 -0.21159 -0.015228 0.76059 -1.3907 -1.709 0.36684 -1.5472 -3.4962 0.54715 0.21159 0.015228 -0.76059 0.43996 -2.0633 -0.55588 1.6306 -3.3546 -0.14859
5 23 168 -0.98813 4.7465 0.087333 -0.6956 3.518 -0.0093525 -0.7639 3.4396 0.96868 -0.28052 1.9277 1.355 -0.55536 0.55011 1.991 -0.63453 3.6252 -0.98513 -0.27854 2.0969 -1.4395 -0.68219 0.68764 -1.9177 -0.13303 -0.014983 0.77819 -1.2258 -1.7976 0.57232 -1.0588 -3.5792 0.79407 0.13303 0.014983 -0.77819 0.21975 -2.0842 -0.78638 1.6476 -3.1526 -0.52057
5 24 168 -1.0306 4.7368 0.049025 -0.72347 3.5112 -0.041316 -0.85538 3.4195 0.92902 -0.44274 1.8993 1.3619 -0.80866 0.52789 1.9645 -0.599 3.6317 -1.0095 -0.17771 2.1215 -1.4683 -0.4736 0.70627 -2.0042 -0.1698 -0.012163 0.77105 -1.1967 -1.8294 0.5315 -0.95362 -3.6004 0.76682 0.1698 0.012163 -0.77105 0.096644 -2.086 -0.8518 1.5749 -3.0523 -0.48835
5 27 180 -1.0838 4.7207 0.1956 -0.74786 3.5081 0.051579 -0.85499 3.3954 1.0228 -0.68847 1.8551 1.5411 -1.2008 0.53711 2.1559 -0.64903 3.6493 -0.91674 -0.19563 2.1623 -1.4187 -0.54003 0.76386 -1.9695 -0.11303 -0.020438 0.78122 -1.0101 -1.9141 0.62789 -0.46382 -3.619 0.8425 0.11303 0.020438 -0.78122 -0.52838 -1.9738 -0.94248 0.85796 -3.082 -0.6249
5 28 180 -1.0958 4.7187 0.15204 -0.74777 3.508 0.021734 -0.9113 3.393 0.98474 -0.85637 1.8539 1.5297 -1.4849 0.5757 2.1204 -0.59264 3.6515 -0.93884 -0.12068 2.1554 -1.3945 -0.47219 0.7636 -1.9575 -0.15472 -0.021387 0.77402 -0.97996 -1.9441 0.58307 -0.34363 -3.6139 0.82355 0.15472 0.021388 -0.77402 -0.64879 -1.9095 -0.97479 0.55976 -3.1921 -0.5938
5 29 180 -1.0889 4.7211 0.09784 -0.73704 3.5099 -0.01605 -0.95903 3.3961 0.93533 -0.99781 1.8626 1.4973 -1.7594 0.6393 2.0461 -0.52346 3.6523 -0.96551 -0.051499 2.142 -1.3717 -0.41676 0.75603 -1.9403 -0.19527 -0.020052 0.76483 -0.9277 -1.977 0.54534 -0.21364 -3.6107 0.81388 0.19527 0.020053 -0.76483 -0.72589 -1.8528 -1.0057 0.24636 -3.3107 -0.581
5 30 180 -1.074 4.7257 0.035032 -0.72166 3.5128 -0.055471 -0.99943 3.4044 0.8818 -1.1205 1.8798 1.4558 -2.0166 0.7211 1.9377 -0.4522 3.6497 -0.99142 0.010903 2.1228 -1.3421 -0.35489 0.73852 -1.9144 -0.23064 -0.017991 0.75497 -0.8528 -2.0115 0.52425 -0.073836 -3.6111 0.81633 0.23064 0.017991 -0.75497 -0.77179 -1.8052 -1.0473 -0.086183 -3.4123 -0.60239
5 31 180 -1.0459 4.7318 -0.040296 -0.69998 3.5155 -0.1073 -1.0246 3.4165 0.81584 -1.2212 1.9032 1.399 -2.2397 0.81787 1.8018 -0.38342 3.6432 -1.0297 0.073766 2.103 -1.3255 -0.28909 0.71537 -1.8915 -0.25862 -0.011002 0.74599 -0.75172 -2.0418 0.52926 0.070141 -3.6173 0.83494 0.25862 0.011002 -0.74599 -0.79566 -1.7704 -1.1056 -0.41977 -3.483 -0.68533
5 52 216 -0.74279 4.7853 -0.22935 -0.47019 3.5501 -0.18973 -0.73557 3.5789 0.75689 -0.32793 2.0873 1.2837 -0.80032 0.74908 1.8868 -0.21027 3.5504 -1.1383 -0.17158 1.9465 -1.4459 -1.1128 0.7783 -1.8024 -0.23381 -0.0063405 0.75418 -1.4022 -1.702 0.33713 -1.7045 -3.4678 0.54072 0.23381 0.0063405 -0.75418 -0.065241 -2.0601 -0.52076 0.87941 -3.4964 0.023016
5 54 228 -0.77651 4.7836 -0.083849 -0.49286 3.5505 -0.080751 -0.65974 3.5762 0.88819 -0.19692 2.0923 1.3909 -0.65655 0.78965 2.076 -0.33167 3.5539 -1.051 -0.30518 1.9546 -1.3831 -1.1496 0.69173 -1.6471 -0.14727 -0.020069 0.77551 -1.3721 -1.6892 0.41746 -1.808 -3.4322 0.56806 0.14727 0.02007 -0.7755 0.068372 -2.063 -0.51329 1.1324 -3.4597 -0.10343
5 55 228 -0.77701 4.7833 -0.076113 -0.48999 3.551 -0.070232 -0.70264 3.568 0.8899 -0.2639 2.088 1.4247 -0.77383 0.79912 2.1003 -0.28301 3.5633 -1.0317 -0.20297 1.9661 -1.365 -0.93983 0.65538 -1.7068 -0.18872 -0.028985 0.76619 -1.385 -1.6985 0.32368 -1.8034 -3.447 0.46129 0.18872 0.028985 -0.76619 0.18083 -2.0571 -0.51606 1.2614 -3.4271 -0.061862
5 57 240 -0.7993 4.7807 0.040059 -0.52133 3.5473 -0.016115 -0.63813 3.5351 0.9604 -0.14952 2.0583 1.4593 -0.55173 0.76894 2.2033 -0.41031 3.5888 -0.9925 -0.27372 2.0001 -1.3479 -0.86556 0.62862 -1.7304 -0.13102 -0.025093 0.77827 -1.3023 -1.7318 0.41852 -1.5162 -3.4996 0.70154 0.13102 0.025093 -0.77827 0.21407 -2.0659 -0.59043 1.4512 -3.3509 -0.32714
5 58 240 -0.82052 4.7766 0.021446 -0.52885 3.5466 -0.039143 -0.70075 3.5166 0.9288 -0.2582 2.0358 1.458 -0.64785 0.7301 2.1799 -0.36293 3.6059 -1.0068 -0.15056 2.0263 -1.3654 -0.65196 0.64311 -1.8268 -0.17485 -0.020974 0.76973 -1.3162 -1.7383 0.36662 -1.4176 -3.512 0.67392 0.17485 0.020974 -0.76973 0.25207 -2.0725 -0.60994 1.5468 -3.2937 -0.32157
5 63 264 -1.0007 4.7311 0.16607 -0.64081 3.5281 0.016504 -0.83774 3.4281 0.97493 -0.53646 1.9243 1.5376 -0.8991 0.58629 2.2128 -0.45122 3.657 -0.93996 -0.14591 2.1161 -1.3883 -0.78967 0.80167 -1.8737 -0.1593 -0.018999 0.77315 -1.032 -1.9236 0.61478 -0.61113 -3.6543 0.89542 0.1593 0.018999 -0.77315 -0.28898 -2.028 -0.92459 1.1757 -2.9825 -0.48363
5 64 264 -1.0278 4.7273 0.10382 -0.6543 3.5254 -0.018892 -0.93202 3.4214 0.91888 -0.74897 1.9085 1.5075 -1.2415 0.59035 2.1379 -0.38415 3.6582 -0.95524 -0.043696 2.1174 -1.3779 -0.69105 0.82733 -1.9204 -0.21835 -0.021123 0.75854 -1.032 -1.9462 0.5429 -0.53422 -3.6525 0.84531 0.21835 0.021123 -0.75854 -0.37835 -1.9807 -0.98457 0.94681 -3.0641 -0.41808
5 66 276 -1.0345 4.7213 0.20974 -0.66867 3.5216 0.047535 -0.88744 3.404 0.9992 -0.83778 1.8873 1.6041 -1.498 0.65115 2.2474 -0.45748 3.6679 -0.90186 -0.16221 2.1189 -1.3287 -0.85921 0.83401 -1.8195 -0.16736 -0.024172 0.7713 -0.88335 -1.9928 0.60958 -0.20508 -3.6489 0.82886 0.16736 0.024171 -0.7713 -0.68465 -1.8876 -0.95464 0.37886 -3.2602 -0.46903
5 67 276 -1.0426 4.7216 0.14388 -0.66766 3.5219 0.0024727 -0.94654 3.3999 0.93772 -1.0287 1.8891 1.5539 -1.8373 0.71191 2.1353 -0.39653 3.6726 -0.93087 -0.078421 2.1198 -1.326 -0.72365 0.8232 -1.8554 -0.21552 -0.021945 0.75932 -0.85293 -2.0136 0.55582 -0.12953 -3.6488 0.78726 0.21552 0.021945 -0.75932 -0.71432 -1.8482 -0.98769 0.13011 -3.3493 -0.45415
5 68 276 -1.0378 4.7226 0.062888 -0.65963 3.5217 -0.05664 -0.9977 3.4022 0.85922 -1.1969 1.9 1.4694 -2.1439 0.79241 1.9734 -0.32924 3.67 -0.9711 0.010076 2.1146 -1.3379 -0.57965 0.8002 -1.8876 -0.25632 -0.014304 0.74672 -0.78947 -2.0349 0.52923 -0.036041 -3.656 0.76431 0.25632 0.014304 -0.74672 -0.74105 -1.8115 -1.0402 -0.13999 -3.426 -0.50843
5 70 288 -0.97542 4.734 0.12575 -0.62163 3.5294 -0.021794 -0.86376 3.4275 0.92603 -1.1508 1.9467 1.5534 -2.2056 0.96703 2.1058 -0.38672 3.66 -0.96789 -0.081809 2.1004 -1.3466 -0.64923 0.74196 -1.8052 -0.14953 0.00010967 0.77533 -0.50421 -2.0663 0.63928 0.31946 -3.6687 0.70741 0.14953 -0.00010967 -0.77533 -0.9833 -1.7644 -0.91032 -0.69796 -3.5008 -0.51744
5 71 288 -0.94954 4.7413 0.050145 -0.59713 3.5335 -0.070338 -0.87802 3.4461 0.86818 -1.2443 1.9735 1.4732 -2.3947 1.0557 1.9335 -0.32329 3.6498 -1.0078 -0.0011241 2.0876 -1.3607 -0.50165 0.70629 -1.8287 -0.16206 0.0082359 0.77277 -0.41752 -2.0725 0.63278 0.41867 -3.6687 0.69387 0.16206 -0.0082355 -0.77277 -1.0018 -1.7501 -0.93262 -0.82302 -3.5008 -0.5402
5 72 288 -0.91132 4.7501 -0.019468 -0.56573 3.5381 -0.11542 -0.87113 3.4666 0.81676 -1.2978 1.9995 1.395 -2.5274 1.1377 1.7459 -0.26717 3.6387 -1.0471 0.068103 2.0731 -1.3715 -0.36871 0.67172 -1.8437 -0.17049 0.016142 0.77083 -0.3364 -2.0736 0.63085 0.51881 -3.6599 0.68765 0.17049 -0.016142 -0.77083 -1.0089 -1.7444 -0.96166 -0.88693 -3.4967 -0.55486
5 73 288 -0.86448 4.7603 -0.090924 -0.53138 3.543 -0.15525 -0.86438 3.4942 0.76892 -1.3168 2.0275 1.3282 -2.6079 1.2165 1.5584 -0.20485 3.6208 -1.0797 0.13865 2.0514 -1.3758 -0.23566 0.63155 -1.8466 -0.18151 0.021533 0.76817 -0.26655 -2.0729 0.62495 0.61576 -3.6441 0.68508 0.18151 -0.021533 -0.76817 -1.0022 -1.7431 -0.99037 -0.89821 -3.4922 -0.5656
5 74 288 -0.83142 4.7652 -0.16859 -0.50876 3.5437 -0.20319 -0.85771 3.5145 0.71591 -1.3067 2.044 1.2678 -2.6376 1.2733 1.3801 -0.16597 3.6021 -1.1232 0.18553 2.0279 -1.3827 -0.13525 0.59054 -1.8395 -0.18464 0.029886 0.76715 -0.19111 -2.067 0.63489 0.71908 -3.6221 0.69719 0.18464 -0.029886 -0.76715 -0.994 -1.7504 -1.0219 -0.84459 -3.4861 -0.55715
5 75 288 -0.806 4.77 -0.22036 -0.49218 3.5459 -0.2202 -0.86057 3.5405 0.69174 -1.2825 2.0603 1.2394 -2.6214 1.2958 1.2589 -0.12968 3.5804 -1.1338 0.22418 2.0017 -1.3602 -0.062453 0.55247 -1.802 -0.1944 0.02582 0.76488 -0.14653 -2.071 0.64055 0.81569 -3.5935 0.72471 0.1944 -0.02582 -0.76488 -0.97274 -1.7483 -1.0565 -0.7647 -3.4641 -0.54283
5 90 312 -0.72333 4.7787 -0.39167 -0.46057 3.5414 -0.33347 -0.72357 3.5779 0.61356 -0.29902 2.1094 1.1897 -0.75431 0.74275 1.7399 -0.20333 3.5341 -1.2828 -0.33794 1.9354 -1.5906 -1.357 0.81597 -1.8839 -0.25443 0.025657 0.74707 -1.3713 -1.6972 0.30131 -1.3521 -3.4825 0.55307 0.25443 -0.025657 -0.74707 -0.11929 -2.0822 -0.53403 0.80817 -3.5283 0.013211
5 91 312 -0.72678 4.779 -0.38311 -0.4637 3.5416 -0.32582 -0.7453 3.5672 0.61621 -0.35078 2.0947 1.2035 -0.85706 0.73653 1.7296 -0.18794 3.5452 -1.2699 -0.28893 1.9435 -1.575 -1.2915 0.81712 -1.8973 -0.27101 0.020752 0.74136 -1.4125 -1.6756 0.25799 -1.5477 -3.4701 0.3697 0.27101 -0.020752 -0.74136 0.0012718 -2.0908 -0.50343 0.92991 -3.5264 0.068813
5 93 324 -0.79497 4.7793 -0.21026 -0.52393 3.5422 -0.20287 -0.6586 3.5562 0.77132 -0.20706 2.0751 1.292 -0.70328 0.74048 1.8839 -0.39549 3.5574 -1.1779 -0.47364 1.9501 -1.4598 -1.4291 0.75278 -1.6359 -0.15143 0.010021 0.7749 -1.3742 -1.6616 0.42167 -1.6803 -3.4381 0.45503 0.15143 -0.01002 -0.7749 0.11772 -2.0902 -0.48129 1.1758 -3.4906 -0.068811
5 94 324 -0.79753 4.7799 -0.19306 -0.52822 3.5424 -0.18507 -0.69127 3.548 0.78485 -0.2643 2.063 1.3152 -0.81109 0.7402 1.8886 -0.37143 3.5659 -1.1558 -0.39727 1.9563 -1.434 -1.2582 0.69749 -1.6616 -0.17289 0.002315 0.77045 -1.3703 -1.6763 0.36708 -1.6572 -3.4564 0.37839 0.17289 -0.0023146 -0.77045 0.20817 -2.0828 -0.47962 1.293 -3.4534 -0.037489
5 95 324 -0.80106 4.7796 -0.18494 -0.53507 3.5413 -0.17894 -0.73051 3.5382 0.78499 -0.32946 2.048 1.3208 -0.91566 0.73251 1.8718 -0.34589 3.5735 -1.1436 -0.31276 1.9638 -1.4202 -1.0536 0.64064 -1.6996 -0.1991 -0.0017333 0.7641 -1.3586 -1.6933 0.30747 -1.6214 -3.477 0.32092 0.1991 0.0017333 -0.7641 0.28269 -2.0789 -0.4842 1.4035 -3.4116 -0.016558
5 98 336 -0.81092 4.7813 0.020052 -0.55905 3.5417 -0.047098 -0.63877 3.4928 0.93199 -0.22258 1.9841 1.4005 -0.73504 0.65759 1.9967 -0.48543 3.6198 -1.0248 -0.29901 2.0276 -1.3388 -0.73159 0.58168 -1.655 -0.10569 -0.003993 0.7825 -1.258 -1.7383 0.50188 -1.2009 -3.5362 0.62514 0.10569 0.003993 -0.7825 0.29358 -2.0804 -0.59765 1.628 -3.2637 -0.33269
5 99 336 -0.80573 4.7815 0.014213 -0.55768 3.5414 -0.05637 -0.67946 3.4801 0.91769 -0.30768 1.9643 1.4002 -0.83301 0.63169 1.971 -0.44199 3.6317 -1.0289 -0.2008 2.0506 -1.3615 -0.58454 0.59784 -1.7077 -0.13454 -0.0030041 0.77807 -1.2234 -1.774 0.47447 -1.0564 -3.5633 0.62111 0.13454 0.0030046 -0.77807 0.25983 -2.0913 -0.66557 1.6472 -3.1999 -0.3541
5 111 336 -0.77854 4.778 -0.31793 -0.51293 3.541 -0.25804 -0.90373 3.5085 0.64395 -1.1447 1.9553 1.0891 -2.3304 0.97413 0.99335 -0.12885 3.6026 -1.1614 0.21738 2.0172 -1.3497 -0.22449 0.62438 -1.8421 -0.28249 0.018094 0.73714 -0.30132 -2.0798 0.62461 0.62399 -3.5963 0.93297 0.28249 -0.018094 -0.73714 -0.89826 -1.7253 -1.0622 -0.91403 -3.5265 -1.1416
5 112 336 -0.75188 4.7817 -0.32696 -0.49298 3.5435 -0.26197 -0.87017 3.5214 0.64611 -1.1024 1.9675 1.0935 -2.2884 0.98809 0.98502 -0.12219 3.5946 -1.1715 0.2252 2.0081 -1.3481 -0.1809 0.59882 -1.824 -0.27001 0.020667 0.74173 -0.20172 -2.0783 0.67774 0.76584 -3.5671 0.99122 0.27001 -0.020667 -0.74173 -0.92744 -1.7192 -1.0508 -0.98636 -3.5174 -1.1688
6 0 300 -1.0572 4.7141 -0.0015463 -0.8161 3.4745 -0.096816 -1.145 3.3527 0.82207 -0.82693 1.8042 1.234 -1.448 0.43396 1.5721 -0.49351 3.6253 -1.0136 -0.18058 2.1336 -1.6016 -0.52715 0.85687 -2.3937 -0.23369 -0.011706 0.75415 -0.88586 -1.9894 0.47541 -0.67276 -3.7184 0.94029 0.23369 0.011706 -0.75415 -0.38294 -1.9967 -0.76954 0.22256 -3.6925 -0.86262
6 2 312 -1.0871 4.7097 0.052645 -0.84935 3.47 -0.042066 -1.1104 3.3431 0.89766 -0.75589 1.8008 1.3032 -1.3655 0.424 1.6356 -0.59509 3.6259 -0.97931 -0.24418 2.1509 -1.5875 -0.60362 0.89194 -2.4021 -0.17742 -0.011961 0.76934 -0.7966 -2.0096 0.56806 -0.42856 -3.7348 0.94072 0.17742 0.011961 -0.76934 -0.44826 -1.9937 -0.78375 0.16058 -3.6823 -0.95306
6 3 312 -1.0915 4.7089 -0.015996 -0.8463 3.4697 -0.095839 -1.1582 3.3383 0.82763 -0.84894 1.7971 1.2727 -1.5011 0.43061 1.5641 -0.54144 3.6301 -1.0171 -0.12736 2.1534 -1.5799 -0.41813 0.88754 -2.411 -0.23004 -0.013711 0.75524 -0.80354 -2.0204 0.51285 -0.41172 -3.7428 0.87411 0.23004 0.013711 -0.75524 -0.36057 -2.0012 -0.83124 0.28352 -3.6837 -0.90353
6 5 324 -1.0493 4.7177 0.095282 -0.82654 3.4757 -0.0016972 -1.0468 3.3491 0.94847 -0.74839 1.8051 1.3909 -1.4308 0.48342 1.7971 -0.61289 3.6312 -0.94908 -0.25489 2.135 -1.4986 -0.5882 0.83068 -2.2504 -0.17342 -0.020075 0.77008 -0.71339 -2.0392 0.55568 -0.20258 -3.7483 0.81846 0.17342 0.020075 -0.77008 -0.32397 -2.0202 -0.83368 0.34993 -3.6909 -0.75806
6 6 324 -1.0344 4.7207 0.048023 -0.81096 3.4785 -0.040164 -1.0727 3.3448 0.89843 -0.82662 1.8024 1.3772 -1.5512 0.50313 1.7829 -0.55593 3.6411 -0.97605 -0.18012 2.1297 -1.469 -0.48248 0.80733 -2.2023 -0.22391 -0.021998 0.75689 -0.72059 -2.0475 0.50235 -0.18984 -3.7502 0.76712 0.22391 0.021998 -0.75689 -0.25065 -2.023 -0.8419 0.40896 -3.6908 -0.65727
6 10 336 -0.94274 4.7464 0.02372 -0.7303 3.5005 -0.025722 -0.99625 3.3825 0.91381 -0.88087 1.8466 1.4582 -1.5859 0.59123 2.0102 -0.47075 3.6475 -0.96294 -0.12856 2.0885 -1.3111 -0.61357 0.75296 -1.91 -0.20963 -0.019176 0.76104 -0.6318 -2.059 0.48718 0.032038 -3.7296 0.6271 0.20963 0.019176 -0.76104 -0.44329 -1.977 -0.81806 0.32397 -3.585 -0.54133
6 11 336 -0.93017 4.7507 -0.036966 -0.71905 3.5038 -0.056455 -1.0279 3.3982 0.87135 -0.95543 1.8617 1.4216 -1.6941 0.61046 1.9378 -0.41659 3.6386 -0.98259 -0.064985 2.0738 -1.2934 -0.55182 0.73988 -1.8945 -0.22233 -0.01634 0.7575 -0.61267 -2.0607 0.46995 0.069149 -3.7246 0.60115 0.22233 0.016339 -0.7575 -0.53077 -1.9421 -0.8653 0.23805 -3.5443 -0.5607
6 12 336 -0.9289 4.7524 -0.083968 -0.71859 3.5053 -0.076943 -1.0621 3.4124 0.83998 -1.0295 1.8712 1.3806 -1.8112 0.62397 1.84 -0.38147 3.6273 -0.99282 -0.019409 2.059 -1.2726 -0.49284 0.7227 -1.879 -0.22677 -0.016709 0.75617 -0.58063 -2.0664 0.45969 0.12041 -3.7232 0.57989 0.22677 0.016708 -0.75617 -0.62495 -1.8973 -0.91582 0.068927 -3.5325 -0.60677
6 13 336 -0.93176 4.7522 -0.12942 -0.72308 3.5052 -0.093807 -1.0983 3.4314 0.81234 -1.096 1.8836 1.3351 -1.934 0.64458 1.7094 -0.35416 3.6081 -0.99972 0.018383 2.0385 -1.2571 -0.42546 0.69233 -1.8643 -0.23248 -0.018235 0.7544 -0.53003 -2.0776 0.46297 0.18725 -3.7282 0.57155 0.23248 0.018235 -0.7544 -0.70063 -1.8544 -0.94658 -0.13452 -3.5425 -0.66253
6 14 336 -0.92418 4.7529 -0.17088 -0.72246 3.5058 -0.1147 -1.1149 3.4422 0.78491 -1.1329 1.8879 1.2873 -2.0315 0.66517 1.5615 -0.33637 3.5985 -1.0145 0.049325 2.029 -1.2527 -0.35563 0.66799 -1.8537 -0.2354 -0.015932 0.75355 -0.45503 -2.0872 0.47769 0.26504 -3.7375 0.57064 0.2354 0.015931 -0.75355 -0.76195 -1.8212 -0.96463 -0.33472 -3.5552 -0.7167
6 15 336 -0.92631 4.751 -0.20736 -0.72766 3.5045 -0.13711 -1.1252 3.4452 0.76054 -1.1537 1.8869 1.2499 -2.1104 0.68861 1.4126 -0.33653 3.5929 -1.0352 0.062404 2.0247 -1.2598 -0.29522 0.64498 -1.848 -0.23721 -0.012546 0.75304 -0.37176 -2.0938 0.49913 0.35275 -3.7431 0.57567 0.23721 0.012546 -0.75304 -0.81492 -1.7924 -0.97576 -0.54651 -3.5644 -0.7787
6 16 336 -0.92736 4.7504 -0.2371 -0.72617 3.5048 -0.1588 -1.1295 3.4508 0.73662 -1.1581 1.8898 1.2174 -2.1649 0.72307 1.2701 -0.32935 3.5879 -1.0549 0.084158 2.0219 -1.2682 -0.22815 0.6247 -1.8408 -0.23652 -0.0084033 0.75332 -0.2717 -2.0975 0.53236 0.45626 -3.746 0.58985 0.23652 0.0084028 -0.75332 -0.85866 -1.7693 -0.98687 -0.76307 -3.5644 -0.84691
6 17 336 -0.92382 4.7511 -0.26422 -0.71609 3.5068 -0.17975 -1.1196 3.4576 0.71587 -1.1385 1.8951 1.1925 -2.1829 0.7615 1.1509 -0.31919 3.585 -1.0763 0.10547 2.0211 -1.2825 -0.16561 0.61016 -1.8424 -0.23483 -0.003233 0.75389 -0.16295 -2.0943 0.56293 0.56796 -3.742 0.6074 0.23483 0.0032325 -0.75389 -0.89725 -1.749 -1.0038 -0.96822 -3.5481 -0.90836
6 18 336 -0.91624 4.752 -0.28436 -0.70677 3.5085 -0.19464 -1.1027 3.4624 0.70452 -1.1149 1.8979 1.1745 -2.182 0.79036 1.0624 -0.31754 3.5837 -1.0948 0.11745 2.0216 -1.2936 -0.12576 0.60032 -1.8399 -0.22708 0.001627 0.75626 -0.072088 -2.087 0.58962 0.68526 -3.7229 0.62745 0.22708 -0.001627 -0.75626 -0.91728 -1.7455 -1.0083 -1.1449 -3.5332 -0.95206
6 19 336 -0.89885 4.7547 -0.30804 -0.68894 3.5113 -0.21438 -1.0763 3.4737 0.68888 -1.0755 1.9086 1.157 -2.1573 0.82105 1.0003 -0.30819 3.5779 -1.1188 0.1348 2.0173 -1.3117 -0.088498 0.58885 -1.8477 -0.21858 0.0090504 0.75871 0.034942 -2.0719 0.61857 0.80465 -3.7021 0.64948 0.21858 -0.0090508 -0.75871 -0.93275 -1.7493 -1.0045 -1.2334 -3.5269 -0.98058
6 20 336 -0.88154 4.7578 -0.31625 -0.67267 3.5142 -0.22113 -1.0429 3.4825 0.68954 -1.0251 1.9196 1.1644 -2.1126 0.84093 0.98668 -0.30902 3.5749 -1.133 0.13906 2.0152 -1.3204 -0.073129 0.58205 -1.8485 -0.20658 0.013275 0.762 0.14837 -2.0546 0.65087 0.93641 -3.676 0.68045 0.20658 -0.013275 -0.762 -0.94838 -1.7524 -0.99812 -1.2656 -3.5273 -0.99332
6 33 324 -0.90455 4.7545 -0.2049 -0.67231 3.5103 -0.22014 -0.97059 3.4351 0.71407 -0.69583 1.9071 1.2225 -1.5647 0.66481 1.5043 -0.38075 3.6145 -1.1537 -0.41737 2.0846 -1.7254 -1.2816 0.98225 -2.37 -0.28031 -0.00053692 0.73819 -1.1057 -1.9048 0.41158 -0.030513 -3.247 0.95327 0.28031 0.00053692 -0.73819 -0.39656 -1.9873 -0.80631 0.13946 -3.6615 -0.40536
6 34 324 -0.89164 4.7574 -0.20473 -0.66196 3.5129 -0.22107 -0.94933 3.4388 0.71663 -0.66202 1.9101 1.2158 -1.5334 0.66999 1.4997 -0.38129 3.616 -1.1581 -0.46885 2.1007 -1.7622 -1.3977 1.0561 -2.4131 -0.28275 -0.00090551 0.73726 -1.2226 -1.8357 0.33168 -0.38384 -3.3664 0.78378 0.28275 0.00090551 -0.73726 -0.33047 -2.0083 -0.77293 0.26236 -3.6552 -0.34027
6 35 324 -0.87378 4.7612 -0.20714 -0.64557 3.5165 -0.22172 -0.92666 3.4422 0.71787 -0.62798 1.9133 1.2099 -1.4848 0.66353 1.4953 -0.37117 3.6197 -1.1606 -0.50086 2.1161 -1.7858 -1.4902 1.1298 -2.4386 -0.28979 -0.0016961 0.73452 -1.2905 -1.7909 0.2743 -0.74608 -3.4772 0.60731 0.28979 0.0016956 -0.73452 -0.23279 -2.0333 -0.73187 0.3952 -3.6595 -0.2716
6 36 324 -0.85128 4.7659 -0.21145 -0.62611 3.5206 -0.22064 -0.90956 3.4468 0.71828 -0.59701 1.9195 1.2063 -1.4154 0.64584 1.4994 -0.34927 3.6234 -1.1588 -0.50525 2.1264 -1.7939 -1.5412 1.1914 -2.4499 -0.30256 -0.0040016 0.72934 -1.3176 -1.7763 0.23642 -1.0935 -3.5544 0.43344 0.30256 0.0040011 -0.72934 -0.10623 -2.0565 -0.69095 0.53711 -3.6675 -0.19941
6 37 324 -0.83007 4.7706 -0.21163 -0.60974 3.5245 -0.21188 -0.90598 3.4527 0.72324 -0.57655 1.9284 1.2099 -1.3341 0.6214 1.5189 -0.32004 3.6254 -1.1464 -0.49602 2.1325 -1.786 -1.5656 1.2386 -2.4453 -0.31854 -0.0093427 0.72245 -1.321 -1.7832 0.20982 -1.4152 -3.583 0.26409 0.31854 0.0093431 -0.72245 0.036416 -2.0709 -0.63747 0.6869 -3.6719 -0.12301
6 42 336 -0.78055 4.7843 -0.05662 -0.57743 3.5362 -0.075535 -0.75586 3.4544 0.88822 -0.26914 1.9547 1.3156 -0.60718 0.53621 1.817 -0.40511 3.6472 -1.0375 -0.56872 2.1237 -1.6039 -1.6341 1.1111 -2.07 -0.2387 -0.020017 0.75241 -1.2536 -1.8255 0.39928 -1.8099 -3.535 0.26162 0.2387 0.020018 -0.75241 0.48167 -2.0522 -0.50532 1.3845 -3.5533 -0.078018
6 43 336 -0.76334 4.786 -0.064156 -0.56983 3.5365 -0.083249 -0.76107 3.4537 0.87796 -0.26793 1.9566 1.3073 -0.58068 0.5384 1.8256 -0.38452 3.6484 -1.0427 -0.46823 2.1144 -1.5981 -1.4383 1.017 -2.0802 -0.25308 -0.019608 0.74771 -1.2462 -1.8299 0.35908 -1.6949 -3.5724 0.24384 0.25308 0.019608 -0.74771 0.57832 -2.0412 -0.49952 1.531 -3.5076 -0.0603
6 44 336 -0.75659 4.7843 -0.095455 -0.57084 3.5335 -0.11703 -0.77771 3.4521 0.84105 -0.2824 1.955 1.268 -0.58839 0.5404 1.7999 -0.36983 3.6442 -1.0734 -0.35923 2.1003 -1.6072 -1.2033 0.911 -2.108 -0.26021 -0.0076678 0.74547 -1.2293 -1.8257 0.33314 -1.5989 -3.5876 0.23372 0.26021 0.0076678 -0.74547 0.64842 -2.0414 -0.49056 1.6787 -3.4546 -0.052174
6 57 348 -0.61685 4.8041 -0.20161 -0.45738 3.5497 -0.16503 -0.76482 3.5023 0.76803 -1.1797 1.9958 1.2445 -2.4709 1.1547 1.2988 -0.15497 3.6264 -1.0978 0.16416 2.05 -1.3842 -0.43166 0.70832 -1.8559 -0.17358 0.027805 0.7698 -0.16704 -2.062 0.55265 0.58119 -3.7024 0.5422 0.17358 -0.027806 -0.7698 -0.91557 -1.8206 -0.88737 -0.8709 -3.6206 -0.79254
