2 32 48 2.794 3.0832 -2.4575 2.0358 2.3101 -1.8141 1.362 2.2783 -2.5299 0.67731 0.80285 -2.3788 0.86622 -0.61789 -2.9475 2.7273 2.3578 -1.1163 2.6673 0.96049 -0.27216 3.1456 -0.50534 -0.28882 -0.54607 0.041699 -0.56883 0.75674 -1.07 -1.7858 -0.012634 -2.5028 -1.0074 0.54607 -0.041699 0.56883 1.8757 -1.108 -0.65974 1.0281 -2.4642 0.17276
2 33 48 2.956 2.7665 -2.6342 2.1522 2.0883 -1.9386 1.4712 2.0622 -2.6477 0.55447 0.74715 -2.3333 0.49175 -0.75167 -2.6901 2.8517 2.1283 -1.2482 2.5863 0.91968 -0.18167 2.7631 -0.60015 0.0093994 -0.5447 0.040777 -0.57021 0.71835 -1.1647 -1.7389 -0.038212 -2.6282 -1.0063 0.5447 -0.040776 0.57021 1.8026 -1.2153 -0.63502 1.0185 -2.6047 0.20502
2 34 48 3.091 2.4375 -2.7977 2.2525 1.8579 -2.053 1.57 1.827 -2.7605 0.46401 0.71782 -2.2965 0.10158 -0.77292 -2.4514 2.9542 1.9006 -1.3651 2.5255 0.91276 -0.13662 2.4133 -0.55689 0.31639 -0.54492 0.03717 -0.57024 0.65445 -1.2951 -1.6661 -0.064633 -2.8089 -1.001 0.54492 -0.03717 0.57024 1.7199 -1.3441 -0.58114 1.0006 -2.7841 0.23108
2 35 36 3.7358 2.1116 -2.2145 2.7314 1.6199 -1.6282 2.2073 1.5767 -2.4593 0.86877 0.69891 -2.1327 0.25132 -0.70699 -2.2737 3.2789 1.673 -0.81285 2.4603 0.91684 0.38164 1.9738 -0.40448 1.0102 -0.41425 0.029358 -0.67159 0.8807 -1.4501 -1.4123 0.10111 -3.0161 -0.97547 0.41425 -0.029358 0.67159 1.6895 -1.4875 -0.142 0.89948 -2.9905 0.46424
2 36 36 3.8363 1.7903 -2.3219 2.8085 1.3833 -1.7111 2.2755 1.3333 -2.5362 0.8346 0.68071 -2.1281 0.026788 -0.62561 -2.2646 3.3651 1.4412 -0.90226 2.4648 0.93945 0.36526 1.7945 -0.1934 1.1684 -0.41473 0.019832 -0.67164 0.77864 -1.585 -1.3156 0.058859 -3.2003 -0.96398 0.41473 -0.019832 0.67164 1.5725 -1.6097 -0.0673 0.87797 -3.1745 0.49847
2 37 36 3.9021 1.4859 -2.4203 2.8593 1.1619 -1.785 2.3149 1.1094 -2.6024 0.8128 0.63814 -2.1662 -0.043136 -0.62534 -2.3868 3.4276 1.2206 -0.98436 2.5025 0.95861 0.33634 1.7821 0.016148 1.3215 -0.41833 0.014751 -0.66954 0.67898 -1.6882 -1.2264 0.016608 -3.3432 -0.95614 0.41833 -0.014751 0.66954 1.4782 -1.6963 -0.011143 0.86342 -3.3059 0.5199
2 38 36 3.9283 1.2253 -2.514 2.8814 0.97658 -1.8515 2.3223 0.91986 -2.6587 0.77915 0.55896 -2.2624 0.0060343 -0.71744 -2.6507 3.4642 1.0379 -1.0616 2.5742 0.97668 0.3069 1.9541 0.167 1.4634 -0.42589 0.015441 -0.66474 0.58235 -1.7575 -1.1691 -0.023214 -3.4418 -0.95157 0.42589 -0.015441 0.66474 1.4034 -1.7636 0.030001 0.83054 -3.3988 0.52885
2 52 36 3.5245 1.7059 -2.8193 2.5559 1.2953 -2.122 1.9439 1.2824 -2.8918 0.65556 0.38669 -2.437 0.63798 -1.1502 -2.5609 3.1902 1.3159 -1.3706 2.5223 0.4526 -0.15515 2.4963 -1.0788 0.023174 -0.5122 0.024885 -0.60044 0.28358 -1.8567 -1.0911 -0.23642 -3.572 -0.89567 0.5122 -0.024885 0.60044 1.2049 -1.9189 0.01115 0.61907 -3.5405 0.53836
2 53 36 3.4891 1.8393 -2.7812 2.5237 1.4033 -2.0938 1.9147 1.3912 -2.866 0.51342 0.70495 -2.3818 0.15023 -0.79304 -2.4243 3.1549 1.4239 -1.3398 2.4125 0.73779 -0.056453 2.2311 -0.71267 0.43438 -0.51301 0.024213 -0.59977 0.26175 -1.866 -1.0907 -0.25679 -3.5805 -0.88447 0.51301 -0.024213 0.59977 1.1983 -1.9261 0.027416 0.59954 -3.5434 0.55321
2 54 24 3.9605 1.9289 -1.9691 2.8725 1.4864 -1.5034 2.4454 1.471 -2.3892 0.89028 1.007 -2.2018 0.1902 -0.36042 -2.3348 3.325 1.5108 -0.63043 2.2784 1.0239 0.5256 1.8267 -0.27887 1.2158 -0.38107 0.027229 -0.69104 0.45807 -1.8727 -1.0079 -0.080995 -3.5904 -0.90946 0.38107 -0.027229 0.69104 1.1518 -1.9391 0.28454 0.45143 -3.5536 0.67665
2 59 24 4.1288 1.6634 -1.8546 2.9905 1.3187 -1.4279 2.6007 1.279 -2.3301 1.0419 1.712 -2.1034 -0.42007 1.3134 -2.3887 3.4066 1.3656 -0.53797 2.2948 1.7821 0.58417 1.6783 1.1928 1.8688 -0.34918 0.010248 -0.70814 0.65773 -1.8044 -1.0358 -0.048489 -3.4552 -0.87129 0.34918 -0.010248 0.70814 1.261 -1.8631 0.32091 0.46025 -3.4329 0.70212
2 60 24 4.1752 1.5685 -1.8402 3.0298 1.2386 -1.4225 2.6414 1.1953 -2.3251 1.0978 1.6679 -2.0743 -0.36263 1.2769 -2.3774 3.4447 1.2887 -0.53214 2.3023 1.7386 0.54549 1.7061 1.1176 1.8248 -0.34517 0.010645 -0.7101 0.74297 -1.7535 -1.0535 -0.038355 -3.3666 -0.85687 0.34517 -0.010645 0.7101 1.3382 -1.8188 0.31171 0.46403 -3.3453 0.70717
2 61 24 4.2032 1.5293 -1.814 3.0546 1.1956 -1.4087 2.6772 1.1451 -2.3156 1.1235 1.5626 -2.0316 -0.3053 1.0738 -2.3434 3.4584 1.253 -0.51375 2.27 1.6294 0.54204 1.7239 0.8901 1.7801 -0.33985 0.0082362 -0.71269 0.83069 -1.6987 -1.0741 -0.039233 -3.2607 -0.84121 0.33985 -0.0082364 0.71269 1.4107 -1.7684 0.30101 0.45263 -3.239 0.71331
2 62 24 4.2041 1.5726 -1.7839 3.0598 1.2132 -1.3875 2.6911 1.1632 -2.2979 1.106 1.4061 -1.9861 -0.22877 0.70331 -2.306 3.4549 1.2707 -0.48866 2.2146 1.4354 0.56169 1.7816 0.49515 1.7045 -0.33196 -0.0022628 -0.71645 0.92287 -1.6419 -1.1053 -0.049809 -3.1332 -0.82117 0.33196 0.0022628 0.71645 1.481 -1.7072 0.30207 0.432 -3.1108 0.72682
2 63 36 3.7099 1.7299 -2.568 2.6824 1.3166 -1.9603 2.1446 1.2596 -2.7818 0.6441 1.18 -2.1406 -0.52537 0.18074 -2.2479 3.2435 1.3824 -1.1552 2.2503 1.1872 0.12705 2.2387 -0.0037353 1.1065 -0.46949 -0.012081 -0.63477 0.73245 -1.5914 -1.3241 -0.25515 -2.9925 -0.76489 0.46949 0.012081 0.63477 1.5815 -1.648 -0.014785 0.55316 -2.9694 0.65385
2 64 36 3.6294 2.0029 -2.4823 2.6232 1.5079 -1.902 2.093 1.4472 -2.7282 0.66187 0.91296 -2.1492 -0.11249 -0.39513 -2.408 3.1762 1.579 -1.0918 2.3004 0.91435 0.11649 2.5788 -0.47942 0.71446 -0.46462 -0.018372 -0.63819 0.78391 -1.5341 -1.3853 -0.29869 -2.8297 -0.75256 0.46462 0.018372 0.63819 1.6468 -1.594 -0.0075551 0.52766 -2.82 0.6963
2 65 36 3.4872 2.3653 -2.3667 2.5307 1.7516 -1.8198 2.0074 1.6898 -2.6502 0.81755 0.6498 -2.2361 0.67597 -0.79805 -2.7474 3.0763 1.826 -1.0048 2.4708 0.67543 -0.015682 3.1159 -0.72126 0.088253 -0.45993 -0.019672 -0.64154 0.83032 -1.469 -1.4471 -0.31479 -2.6744 -0.7494 0.45993 0.019672 0.64154 1.7011 -1.5538 0.010757 0.49245 -2.68 0.73322
2 66 48 2.7588 2.7471 -2.8654 1.999 2.0097 -2.1845 1.3195 1.9504 -2.8932 0.6409 0.49018 -2.6179 1.0355 -0.70183 -3.5129 2.6961 2.0838 -1.4947 2.6552 0.57717 -0.86439 3.5229 -0.55439 -1.4511 -0.58164 -0.016834 -0.53377 0.50877 -1.4613 -1.6009 -0.50196 -2.5888 -0.62213 0.58164 0.016834 0.53377 1.7012 -1.5408 -0.32324 0.59244 -2.5713 0.65641
