C0
15 257 300 0.23001 4.9794 0.59612 0.24323 3.6863 0.54685 1.1547 3.6591 0.08283 1.1715 1.9875 -0.22264 1.8653 1.3369 1.069 -0.66383 3.7436 1.0167 -0.93143 2.0789 1.229 0.58214 2.3407 1.691 0.68152 0.027414 -0.45768 1.1692 -2.0421 0.048271 1.0039 -3.8192 -0.52831 -0.68152 -0.027414 0.45768 -0.45937 -2.1667 0.84589 -0.86901 -3.854 0.13658
15 174 288 0.52075 4.8456 1.1574 0.42438 3.5686 1.0186 1.3986 3.5114 0.7112 1.5846 1.9556 1.369 1.5931 2.3317 2.9283 -0.54447 3.6547 1.336 -0.65447 2.0313 1.8262 0.044892 2.3383 3.2367 0.76388 0.0024753 -0.30196 1.1863 -1.8344 0.80453 1.132 -3.5639 0.080929 -0.76388 -0.0024753 0.30196 -0.49676 -1.9986 1.151 -0.74918 -3.5109 0.070709
15 175 276 0.31988 4.8288 1.2924 0.24207 3.5545 1.1232 1.2557 3.4959 0.99703 1.3214 1.9559 1.7126 1.0892 2.4469 3.2219 -0.76804 3.6418 1.2605 -0.94069 2.0413 1.805 -0.46708 2.4322 3.2868 0.80757 -0.0013747 -0.15008 1.015 -1.7445 1.1519 1.0964 -3.4291 0.3313 -0.80757 0.0013747 0.15008 -0.71916 -1.9438 1.1427 -0.72903 -3.3732 -0.071554
15 175 288 0.58159 4.8288 1.1976 0.47031 3.5545 1.0483 1.4356 3.4959 0.71417 1.6486 1.9559 1.4005 1.7353 2.4469 2.9251 -0.48918 3.6418 1.3926 -0.54486 2.0413 1.9611 0.22649 2.4322 3.3121 0.75872 -0.0013747 -0.31471 1.2323 -1.7445 0.91571 1.1413 -3.4291 0.096106 -0.75872 0.0013747 0.31471 -0.46586 -1.9438 1.2673 -0.72797 -3.3732 0.081583
15 176 276 0.37394 4.8215 1.3051 0.28721 3.5484 1.1328 1.2976 3.4911 0.98218 1.3943 1.9808 1.7552 1.2423 2.6446 3.2075 -0.71938 3.6343 1.2947 -0.84002 2.0797 1.9704 -0.30544 2.6253 3.3809 0.80598 -0.011034 -0.15802 1.0324 -1.6472 1.2732 1.1015 -3.2739 0.34204 -0.80598 0.011034 0.15802 -0.70977 -1.8787 1.2518 -0.71418 -3.2169 -0.062418
15 176 288 0.63711 4.8215 1.1988 0.51646 3.5484 1.0484 1.4734 3.4911 0.69093 1.7288 1.9808 1.4269 1.8821 2.6446 2.8791 -0.43448 3.6343 1.416 -0.41199 2.0797 2.102 0.40416 2.6253 3.3705 0.75551 -0.011034 -0.32214 1.2746 -1.6472 1.0307 1.1485 -3.2739 0.10555 -0.75551 0.011034 0.32214 -0.434 -1.8787 1.372 -0.71155 -3.2169 0.087433
15 177 276 0.4068 4.8214 1.2958 0.3223 3.5483 1.1241 1.3317 3.4956 0.96581 1.4612 2.0241 1.806 1.3822 2.9048 3.1443 -0.68341 3.6297 1.2935 -0.7484 2.1632 2.1498 -0.15813 2.9174 3.4365 0.80568 -0.0205 -0.15861 1.0334 -1.5464 1.3894 1.1066 -3.1058 0.34976 -0.80568 0.0205 0.15861 -0.69997 -1.8069 1.3528 -0.7149 -3.0474 -0.05394
15 256 288 0.049683 4.9872 0.56051 0.092534 3.6951 0.53289 1.0936 3.6674 0.32325 1.1469 1.9745 0.18535 1.3303 1.4613 1.694 -0.90586 3.7531 0.74889 -1.2111 2.0885 0.90319 0.070924 2.3247 1.8378 0.77371 0.023732 -0.27478 1.09 -2.0687 0.27139 1.0511 -3.8504 -0.31334 -0.77371 -0.023733 0.27478 -0.64303 -2.162 0.70775 -0.86535 -3.8609 -0.055362
15 256 300 0.16513 4.9872 0.53793 0.20131 3.6951 0.502 1.1369 3.6674 0.088818 1.1604 1.9745 -0.057163 1.6535 1.4613 1.3803 -0.73036 3.7531 0.92086 -0.99688 2.0885 1.1353 0.45147 2.3247 1.7829 0.69967 0.023732 -0.42964 1.1226 -2.0687 0.038838 0.96299 -3.8504 -0.52503 -0.69967 -0.023733 0.42964 -0.48183 -2.162 0.82598 -0.85795 -3.8609 0.12576
15 256 312 0.27337 4.9872 0.49184 0.30128 3.6951 0.44918 1.1305 3.6674 -0.14949 1.1232 1.9745 -0.29718 1.9043 1.4613 1.0064 -0.52294 3.7531 1.0526 -0.73907 2.0885 1.3177 0.81229 2.3247 1.6501 0.59506 0.023732 -0.56572 1.1061 -2.0687 -0.19541 0.83279 -3.8504 -0.71377 -0.59506 -0.023733 0.56572 -0.29957 -2.162 0.90811 -0.81305 -3.8609 0.30139
15 257 288 0.10104 4.9794 0.63092 0.12422 3.6863 0.58547 1.1122 3.6591 0.32109 1.1921 1.9875 0.02578 1.6023 1.3369 1.4334 -0.86071 3.7436 0.85647 -1.1666 2.0789 1.0084 0.21784 2.3407 1.7751 0.76179 0.027414 -0.30599 1.1336 -2.0421 0.2903 1.0918 -3.8192 -0.30805 -0.76179 -0.027414 0.30599 -0.6252 -2.1667 0.7319 -0.87842 -3.854 -0.047079
15 257 300 0.23001 4.9794 0.59612 0.24323 3.6863 0.54685 1.1547 3.6591 0.08283 1.1715 1.9875 -0.22264 1.8653 1.3369 1.069 -0.66383 3.7436 1.0167 -0.93143 2.0789 1.229 0.58214 2.3407 1.691 0.68152 0.027414 -0.45768 1.1692 -2.0421 0.048271 1.0039 -3.8192 -0.52831 -0.68152 -0.027414 0.45768 -0.45937 -2.1667 0.84589 -0.86901 -3.854 0.13658
15 257 312 0.34893 4.9794 0.53527 0.35161 3.6863 0.48433 1.1467 3.6591 -0.15905 1.0996 1.9875 -0.46134 2.0468 1.3369 0.65779 -0.43793 3.7436 1.1325 -0.65556 2.0789 1.3958 0.921 2.3407 1.533 0.57147 0.027414 -0.58938 1.1537 -2.0421 -0.19587 0.87208 -3.8192 -0.72548 -0.57147 -0.027414 0.58938 -0.27346 -2.1667 0.92292 -0.82162 -3.854 0.31428
15 258 276 0.023159 4.964 0.73384 0.041177 3.6716 0.67866 1.0571 3.6446 0.56013 1.2552 2.0107 0.13709 1.6138 1.355 1.5564 -0.97256 3.7286 0.80466 -1.2833 2.0596 0.88111 -0.02593 2.3661 1.8288 0.80308 0.029833 -0.1699 1.0959 -2.0109 0.55568 1.1917 -3.7859 -0.042732 -0.80308 -0.029833 0.1699 -0.742 -2.1681 0.61817 -0.86126 -3.8444 -0.21471
15 258 288 0.17523 4.964 0.71299 0.18138 3.6716 0.65527 1.1504 3.6446 0.32812 1.2563 2.0107 -0.12688 1.9021 1.355 1.1869 -0.78401 3.7286 0.98929 -1.0721 2.0596 1.1287 0.35486 2.3661 1.7942 0.75021 0.029833 -0.33316 1.1875 -2.0109 0.31568 1.1568 -3.7859 -0.28957 -0.75021 -0.029833 0.33316 -0.59726 -2.1681 0.75893 -0.88709 -3.8444 -0.030955
15 258 300 0.31964 4.964 0.66098 0.31365 3.6716 0.60324 1.1935 3.6446 0.08176 1.2025 2.0107 -0.38531 2.1073 1.355 0.76546 -0.5612 3.7286 1.1307 -0.81397 2.0596 1.3269 0.72014 2.3661 1.6812 0.66455 0.029833 -0.48185 1.2272 -2.0109 0.061887 1.0713 -3.7859 -0.52375 -0.66455 -0.029833 0.48185 -0.42642 -2.1681 0.86652 -0.87414 -3.8444 0.15416
15 258 312 0.45008 4.964 0.58008 0.43222 3.6716 0.52484 1.1844 3.6446 -0.16817 1.0961 2.0107 -0.62689 2.2204 1.355 0.3106 -0.31385 3.7286 1.2226 -0.5203 2.0596 1.4671 1.0539 2.3661 1.4947 0.54985 0.029833 -0.60949 1.2132 -2.0109 -0.19461 0.93899 -3.7859 -0.73504 -0.54985 -0.029833 0.60949 -0.23694 -2.1681 0.93624 -0.82298 -3.8444 0.33253
C1
15 257 60 0.40125 4.9794 -0.49726 0.35197 3.6863 -0.48407 -0.50561 3.6591 -1.0414 -0.77854 1.9875 -0.90319 -0.0068954 1.3369 -2.1499 1.2124 3.7436 0.066537 1.53 2.0789 0.19217 1.1734 2.3407 -1.3497 -0.73713 0.027414 -0.36137 -0.54279 -2.0421 -1.0367 -0.95946 -3.8192 -0.60521 0.73713 -0.027414 0.36137 0.96225 -2.1667 -0.02512 0.55279 -3.854 0.68429
15 175 72 0.23342 4.8288 -1.3107 0.2357 3.5545 -1.1246 -0.74162 3.4959 -1.4216 -0.51058 1.9559 -2.102 0.31546 2.4469 -3.3864 1.2143 3.6418 -0.83914 1.5935 2.0413 -1.2663 1.7636 2.4322 -2.8126 -0.7988 -0.0013747 -0.19136 -0.45874 -1.7445 -1.4652 -0.86687 -3.4291 -0.74861 0.7988 0.0013747 0.19136 1.1218 -1.9438 -0.75141 0.6369 -3.3732 0.36189
15 176 72 0.18921 4.8215 -1.3443 0.19838 3.5484 -1.1517 -0.7859 3.4911 -1.425 -0.55985 1.9808 -2.1706 0.1697 2.6446 -3.4355 1.1838 3.6343 -0.89016 1.5688 2.0797 -1.4584 1.6542 2.6253 -2.9644 -0.80057 -0.011034 -0.18346 -0.42531 -1.6472 -1.5831 -0.86714 -3.2739 -0.76048 0.80057 0.011034 0.18346 1.1576 -1.8787 -0.85488 0.62705 -3.2169 0.3475
15 177 72 0.15541 4.8214 -1.3492 0.16276 3.5483 -1.158 -0.82378 3.4956 -1.424 -0.60029 2.0241 -2.2442 0.016245 2.9048 -3.4347 1.1505 3.6297 -0.90374 1.5581 2.1632 -1.6595 1.5422 2.9174 -3.0751 -0.80054 -0.0205 -0.1828 -0.37892 -1.5464 -1.6896 -0.86869 -3.1058 -0.76962 0.80054 0.0205 0.1828 1.1897 -1.8069 -0.95113 0.63116 -3.0474 0.34005
15 178 72 0.12434 4.8324 -1.3205 0.14217 3.559 -1.1275 -0.84473 3.4888 -1.3881 -0.6065 2.085 -2.3156 -0.14184 3.2231 -3.3461 1.1296 3.6578 -0.87866 1.5633 2.3337 -1.8516 1.4211 3.3179 -3.1102 -0.79775 -0.027304 -0.19378 -0.31911 -1.4637 -1.77 -0.8645 -2.9517 -0.76693 0.79775 0.027303 0.19378 1.2244 -1.7423 -1.0158 0.64158 -2.8928 0.34599
15 257 60 0.40125 4.9794 -0.49726 0.35197 3.6863 -0.48407 -0.50561 3.6591 -1.0414 -0.77854 1.9875 -0.90319 -0.0068954 1.3369 -2.1499 1.2124 3.7436 0.066537 1.53 2.0789 0.19217 1.1734 2.3407 -1.3497 -0.73713 0.027414 -0.36137 -0.54279 -2.0421 -1.0367 -0.95946 -3.8192 -0.60521 0.73713 -0.027414 0.36137 0.96225 -2.1667 -0.02512 0.55279 -3.854 0.68429
15 257 72 0.2891 4.9794 -0.56982 0.24364 3.6863 -0.54667 -0.71108 3.6591 -0.91352 -0.94931 1.9875 -0.72158 -0.45373 1.3369 -2.1015 1.1997 3.7436 -0.18699 1.5365 2.0789 -0.13014 0.86714 2.3407 -1.5641 -0.79615 0.027414 -0.20022 -0.74647 -2.0421 -0.90118 -1.0643 -3.8192 -0.3925 0.79615 -0.027414 0.20022 0.936 -2.1667 -0.22463 0.68298 -3.854 0.55441
15 258 48 0.52985 4.964 -0.50825 0.47679 3.6716 -0.48471 -0.29105 3.6446 -1.1604 -0.73803 2.0107 -1.0245 0.076798 1.355 -2.2407 1.2488 3.7286 0.18433 1.5135 2.0596 0.3641 1.3764 2.3661 -1.2044 -0.66363 0.029833 -0.48312 -0.32036 -2.0109 -1.1862 -0.82916 -3.7859 -0.85701 0.66363 -0.029833 0.48312 0.95588 -2.1681 0.13778 0.41673 -3.8444 0.78372
15 258 60 0.4126 4.964 -0.6073 0.36559 3.6716 -0.57325 -0.52594 3.6446 -1.0745 -0.93492 2.0107 -0.84871 -0.39075 1.355 -2.2077 1.2598 3.7286 -0.079328 1.5561 2.0596 0.041468 1.0959 2.3661 -1.4643 -0.74957 0.029833 -0.33459 -0.56 -2.0109 -1.0937 -0.98922 -3.7859 -0.66589 0.74957 -0.029833 0.33459 0.96364 -2.1681 -0.063973 0.57057 -3.8444 0.67995
15 259 48 0.51295 4.9646 -0.55575 0.45682 3.6719 -0.50508 -0.35638 3.6427 -1.1253 -0.91179 2.046 -0.95234 -0.30476 1.51 -2.337 1.2739 3.731 0.10792 1.5209 2.0593 0.28753 1.3153 2.3893 -1.2687 -0.67424 0.027327 -0.46835 -0.33233 -1.9981 -1.215 -0.85603 -3.7719 -0.90288 0.67424 -0.027327 0.46835 0.94234 -2.1733 0.15224 0.42405 -3.8455 0.8252
15 259 60 0.38619 4.9646 -0.65025 0.34183 3.6719 -0.58902 -0.58255 3.6427 -1.0266 -1.0899 2.046 -0.74195 -0.78398 1.51 -2.2225 1.2685 3.731 -0.15929 1.5474 2.0593 -0.034966 1.0228 2.3893 -1.5144 -0.75688 0.027327 -0.31793 -0.57767 -1.9981 -1.1193 -1.025 -3.7719 -0.70517 0.75688 -0.027327 0.31793 0.9534 -2.1733 -0.047009 0.58635 -3.8455 0.719
C2
15 175 192 -1.2518 4.8288 0.45322 -1.0917 3.5545 0.35815 -0.86031 3.4959 1.353 -1.5651 1.9559 1.4932 -3.0904 2.4469 1.42 -1.3339 3.6418 -0.63207 -1.8934 2.0413 -0.74687 -3.3176 2.4322 -0.12096 0.23367 -0.0013747 0.78746 -1.0395 -1.7445 1.1299 -0.21488 -3.4291 1.125 -0.23367 0.0013747 -0.78746 -1.2116 -1.9438 -0.59577 -0.0050421 -3.3732 -0.73251
15 174 180 -1.2617 4.8456 0.1376 -1.0999 3.5686 0.088845 -1.1086 3.5114 1.1103 -1.7916 1.9556 1.084 -3.2772 2.3317 0.61023 -1.1023 3.6547 -0.93066 -1.5345 2.0313 -1.1868 -3.0921 2.3383 -0.95749 0.051127 0.0024753 0.8198 -1.1317 -1.8344 0.87964 -0.42678 -3.5639 1.0516 -0.051127 -0.0024753 -0.8198 -0.94118 -1.9986 -0.82813 0.16426 -3.5109 -0.73436
15 174 192 -1.2055 4.8456 0.39692 -1.0574 3.5686 0.31558 -0.8535 3.5114 1.3166 -1.5271 1.9556 1.4328 -3.0787 2.3317 1.2783 -1.2717 3.6547 -0.68114 -1.7477 2.0313 -0.84177 -3.2236 2.3383 -0.29368 0.22046 0.0024753 0.79126 -0.92412 -1.8344 1.0957 -0.19881 -3.5639 1.1174 -0.22046 -0.0024753 -0.79126 -1.0928 -1.9986 -0.61435 0.007989 -3.5109 -0.75247
15 174 204 -1.0967 4.8456 0.63889 -0.96867 3.5686 0.52853 -0.56112 3.5114 1.4652 -1.1958 1.9556 1.719 -2.7457 2.3317 1.8904 -1.3856 3.6547 -0.40184 -1.8846 2.0313 -0.46 -3.2142 2.3383 0.38297 0.38015 0.0024753 0.72813 -0.67612 -1.8344 1.2639 0.037843 -3.5639 1.1343 -0.38015 -0.0024753 -0.72813 -1.1966 -1.9986 -0.37372 -0.14863 -3.5109 -0.73768
15 175 180 -1.3187 4.8288 0.18304 -1.1423 3.5545 0.12334 -1.1228 3.4959 1.1446 -1.8414 1.9559 1.1352 -3.3181 2.4469 0.74644 -1.1733 3.6418 -0.89559 -1.6967 2.0413 -1.1242 -3.2199 2.4322 -0.80808 0.064846 -0.0013747 0.81884 -1.2517 -1.7445 0.88905 -0.4441 -3.4291 1.0558 -0.064846 0.0013747 -0.81884 -1.0613 -1.9438 -0.83466 0.14737 -3.3732 -0.71755
15 175 192 -1.2518 4.8288 0.45322 -1.0917 3.5545 0.35815 -0.86031 3.4959 1.353 -1.5651 1.9559 1.4932 -3.0904 2.4469 1.42 -1.3339 3.6418 -0.63207 -1.8934 2.0413 -0.74687 -3.3176 2.4322 -0.12096 0.23367 -0.0013747 0.78746 -1.0395 -1.7445 1.1299 -0.21488 -3.4291 1.125 -0.23367 0.0013747 -0.78746 -1.2116 -1.9438 -0.59577 -0.0050421 -3.3732 -0.73251
15 175 204 -1.1303 4.8288 0.70359 -0.99342 3.5545 0.57731 -0.5602 3.4959 1.5023 -1.2205 1.9559 1.786 -2.7277 2.4469 2.0315 -1.4361 3.6418 -0.34093 -2.0073 2.0413 -0.33689 -3.2702 2.4322 0.57145 0.39229 -0.0013747 0.72167 -0.78188 -1.7445 1.3213 0.023723 -3.4291 1.1451 -0.39229 0.0013747 -0.72167 -1.309 -1.9438 -0.33084 -0.15723 -3.3732 -0.71546
15 176 180 -1.337 4.8215 0.23547 -1.1566 3.5484 0.16722 -1.1124 3.4911 1.1878 -1.8913 1.9808 1.2032 -3.3198 2.6446 0.90024 -1.2124 3.6343 -0.85077 -1.8718 2.0797 -1.0414 -3.3304 2.6253 -0.65717 0.072908 -0.011034 0.81808 -1.3742 -1.6472 0.89369 -0.4553 -3.2739 1.0597 -0.072908 0.011034 -0.81808 -1.1707 -1.8787 -0.83673 0.13673 -3.2169 -0.70374
15 176 192 -1.2588 4.8215 0.50831 -1.0966 3.5484 0.40405 -0.84116 3.4911 1.3931 -1.5998 1.9808 1.5701 -3.0601 2.6446 1.5708 -1.3628 3.6343 -0.58011 -2.0474 2.0797 -0.62945 -3.3943 2.6253 0.049628 0.2414 -0.011034 0.78505 -1.1583 -1.6472 1.1599 -0.22503 -3.2739 1.1312 -0.2414 0.011034 -0.78505 -1.3191 -1.8787 -0.57503 -0.012576 -3.2169 -0.71679
15 176 204 -1.1257 4.8215 0.75893 -0.98863 3.5484 0.62321 -0.53314 3.4911 1.5376 -1.2384 1.9808 1.8684 -2.6666 2.6446 2.1727 -1.4536 3.6343 -0.28409 -2.1336 2.0797 -0.19002 -3.3098 2.6253 0.75426 0.39935 -0.011034 0.7177 -0.89186 -1.6472 1.3753 0.015078 -3.2739 1.1533 -0.39935 0.011034 -0.7177 -1.4099 -1.8787 -0.2882 -0.16133 -3.2169 -0.69851
15 177 180 -1.3312 4.8214 0.26913 -1.1516 3.5483 0.20304 -1.0997 3.4956 1.2235 -1.9489 2.0241 1.2644 -3.2716 2.9048 1.0459 -1.215 3.6297 -0.81488 -2.0598 2.1632 -0.96901 -3.4011 2.9174 -0.51648 0.073526 -0.0205 0.81785 -1.4898 -1.5464 0.8825 -0.46352 -3.1058 1.064 -0.073526 0.0205 -0.81785 -1.2722 -1.8069 -0.83754 0.12837 -3.0474 -0.70535
15 177 192 -1.2462 4.8214 0.54002 -1.0842 3.5483 0.43803 -0.82131 3.4956 1.4254 -1.6434 2.0241 1.642 -2.9826 2.9048 1.7033 -1.3579 3.6297 -0.54445 -2.2162 2.1632 -0.51959 -3.4342 2.9174 0.20195 0.24196 -0.0205 0.78469 -1.2738 -1.5464 1.173 -0.23217 -3.1058 1.1371 -0.24196 0.0205 -0.78469 -1.4185 -1.8069 -0.55473 -0.021084 -3.0474 -0.71663
15 177 204 -1.1067 4.8214 0.78731 -0.96944 3.5483 0.65388 -0.50701 3.4956 1.565 -1.2661 2.0241 1.9478 -2.5633 2.9048 2.2862 -1.4414 3.6297 -0.25023 -2.2758 2.1632 -0.04746 -3.3172 2.9174 0.91154 0.39982 -0.0205 0.71723 -1.0021 -1.5464 1.4122 0.0093234 -3.1058 1.1605 -0.39982 0.0205 -0.71723 -1.5029 -1.8069 -0.24768 -0.16962 -3.0474 -0.69658
C3
15 176 24 1.1257 4.8215 -0.75893 0.98863 3.5484 -0.62321 0.53313 3.4911 -1.5376 1.2384 1.9808 -1.8684 2.6666 2.6446 -2.1727 1.4536 3.6343 0.28409 2.1336 2.0797 0.19001 3.3098 2.6253 -0.75426 -0.39935 -0.011034 -0.7177 0.89186 -1.6472 -1.3753 -0.015078 -3.2739 -1.1533 0.39935 0.011034 0.7177 1.4099 -1.8787 0.2882 0.16133 -3.2169 0.69851
15 175 12 1.2518 4.8288 -0.45322 1.0917 3.5545 -0.35815 0.86031 3.4959 -1.353 1.5651 1.9559 -1.4932 3.0904 2.4469 -1.42 1.3339 3.6418 0.63207 1.8934 2.0413 0.74687 3.3176 2.4322 0.12096 -0.23367 -0.0013747 -0.78746 1.0395 -1.7445 -1.1299 0.21488 -3.4291 -1.125 0.23367 0.0013747 0.78746 1.2116 -1.9438 0.59577 0.005042 -3.3732 0.73251
15 175 24 1.1303 4.8288 -0.70359 0.99342 3.5545 -0.57731 0.5602 3.4959 -1.5023 1.2205 1.9559 -1.786 2.7277 2.4469 -2.0315 1.4361 3.6418 0.34093 2.0073 2.0413 0.33689 3.2702 2.4322 -0.57145 -0.39229 -0.0013747 -0.72167 0.78188 -1.7445 -1.3213 -0.023723 -3.4291 -1.1451 0.39229 0.0013747 0.72167 1.309 -1.9438 0.33084 0.15723 -3.3732 0.71546
15 176 12 1.2588 4.8215 -0.50831 1.0966 3.5484 -0.40405 0.84116 3.4911 -1.3931 1.5998 1.9808 -1.5701 3.0601 2.6446 -1.5708 1.3628 3.6343 0.58011 2.0474 2.0797 0.62945 3.3943 2.6253 -0.049627 -0.2414 -0.011034 -0.78505 1.1583 -1.6472 -1.1599 0.22503 -3.2739 -1.1312 0.2414 0.011034 0.78505 1.3191 -1.8787 0.57503 0.012576 -3.2169 0.71679
15 176 24 1.1257 4.8215 -0.75893 0.98863 3.5484 -0.62321 0.53313 3.4911 -1.5376 1.2384 1.9808 -1.8684 2.6666 2.6446 -2.1727 1.4536 3.6343 0.28409 2.1336 2.0797 0.19001 3.3098 2.6253 -0.75426 -0.39935 -0.011034 -0.7177 0.89186 -1.6472 -1.3753 -0.015078 -3.2739 -1.1533 0.39935 0.011034 0.7177 1.4099 -1.8787 0.2882 0.16133 -3.2169 0.69851
15 177 12 1.2462 4.8214 -0.54002 1.0842 3.5483 -0.43803 0.82131 3.4956 -1.4254 1.6434 2.0241 -1.642 2.9826 2.9048 -1.7033 1.3579 3.6297 0.54445 2.2162 2.1632 0.51959 3.4342 2.9174 -0.20195 -0.24196 -0.0205 -0.78469 1.2738 -1.5464 -1.173 0.23217 -3.1058 -1.1371 0.24196 0.0205 0.78469 1.4185 -1.8069 0.55473 0.021084 -3.0474 0.71663
15 177 24 1.1067 4.8214 -0.78731 0.96944 3.5483 -0.65388 0.50701 3.4956 -1.565 1.2661 2.0241 -1.9478 2.5633 2.9048 -2.2862 1.4414 3.6297 0.25023 2.2758 2.1632 0.04746 3.3172 2.9174 -0.91154 -0.39982 -0.0205 -0.71723 1.0021 -1.5464 -1.4122 -0.0093236 -3.1058 -1.1605 0.39982 0.0205 0.71723 1.5029 -1.8069 0.24768 0.16962 -3.0474 0.69658
15 178 12 1.2057 4.8324 -0.55256 1.0475 3.559 -0.44062 0.77977 3.4888 -1.4256 1.7022 2.085 -1.6831 2.8269 3.2231 -1.7959 1.3258 3.6578 0.53898 2.3852 2.3337 0.42807 3.404 3.3179 -0.3244 -0.23105 -0.027304 -0.78776 1.3733 -1.4637 -1.1614 0.23193 -2.9517 -1.1321 0.23105 0.027303 0.78776 1.4919 -1.7423 0.5525 0.021148 -2.8928 0.72862
15 178 24 1.0645 4.8324 -0.79117 0.93301 3.559 -0.64878 0.46633 3.4888 -1.5566 1.315 2.085 -2.0002 2.3917 3.2231 -2.3444 1.4089 3.6578 0.25156 2.4221 2.3337 -0.077199 3.2622 3.3179 -1.0251 -0.38979 -0.027304 -0.72251 1.1018 -1.4637 -1.4215 -0.0085232 -2.9517 -1.1556 0.38979 0.027303 0.72251 1.5742 -1.7423 0.23023 0.17217 -2.8928 0.7083
C4
15 257 180 -0.63126 4.9794 -0.098865 -0.5952 3.6863 -0.062783 -0.64907 3.6591 0.95857 -0.39291 1.9875 1.1258 -1.8584 1.3369 1.0809 -0.54858 3.7436 -1.0832 -0.59859 2.0789 -1.4211 -1.7555 2.3407 -0.34136 0.055605 0.027414 0.81906 -0.6264 -2.0421 0.98841 -0.044396 -3.8192 1.1335 -0.055605 -0.027414 -0.81906 -0.50288 -2.1667 -0.82077 0.31622 -3.854 -0.82088
15 257 156 -0.53648 4.9794 -0.34708 -0.51821 3.6863 -0.29944 -0.98284 3.6591 0.61169 -0.81686 1.9875 0.86869 -2.1374 1.3369 0.23158 -0.060558 3.7436 -1.2127 0.031182 2.0789 -1.5417 -1.4649 2.3407 -1.0259 -0.28234 0.027414 0.77086 -0.97427 -2.0421 0.64818 -0.5016 -3.8192 1.0175 0.28234 -0.027414 -0.77086 -0.12557 -2.1667 -0.95435 0.62276 -3.854 -0.62129
15 257 168 -0.59691 4.9794 -0.22795 -0.56914 3.6863 -0.18516 -0.83419 3.6591 0.80267 -0.6184 1.9875 1.0195 -2.0425 1.3369 0.67091 -0.31137 3.7436 -1.1736 -0.29004 2.0789 -1.5145 -1.6462 2.3407 -0.69889 -0.1159 0.027414 0.81272 -0.81821 -2.0421 0.83658 -0.2791 -3.8192 1.0995 0.1159 -0.027414 -0.81272 -0.32124 -2.1667 -0.90739 0.47998 -3.854 -0.73719
15 257 180 -0.63126 4.9794 -0.098865 -0.5952 3.6863 -0.062783 -0.64907 3.6591 0.95857 -0.39291 1.9875 1.1258 -1.8584 1.3369 1.0809 -0.54858 3.7436 -1.0832 -0.59859 2.0789 -1.4211 -1.7555 2.3407 -0.34136 0.055605 0.027414 0.81906 -0.6264 -2.0421 0.98841 -0.044396 -3.8192 1.1335 -0.055605 -0.027414 -0.81906 -0.50288 -2.1667 -0.82077 0.31622 -3.854 -0.82088
15 257 192 -0.63802 4.9794 0.034542 -0.59525 3.6863 0.062338 -0.43559 3.6591 1.0726 -0.15025 1.9875 1.1829 -1.5931 1.3369 1.4437 -0.76181 3.7436 -0.94552 -0.88098 2.0789 -1.2656 -1.7881 2.3407 0.031097 0.22468 0.027414 0.7896 -0.40721 -2.0421 1.097 0.19225 -3.8192 1.118 -0.22468 -0.027414 -0.7896 -0.66254 -2.1667 -0.69828 0.13864 -3.854 -0.86868
15 258 156 -0.6471 4.964 -0.34686 -0.60832 3.6716 -0.30367 -1.0136 3.6446 0.63538 -0.74634 2.0107 1.0185 -2.1548 1.355 0.61939 -0.21058 3.7286 -1.2446 -0.12142 2.0596 -1.5519 -1.5708 2.3661 -0.93684 -0.25441 0.029833 0.78044 -1.0292 -2.0109 0.67125 -0.55884 -3.7859 1.0534 0.25441 -0.029833 -0.78044 -0.16435 -2.1681 -0.95167 0.61658 -3.8444 -0.63852
15 258 168 -0.70508 4.964 -0.20474 -0.65817 3.6716 -0.17056 -0.85937 3.6446 0.83223 -0.51827 2.0107 1.1514 -1.9789 1.355 1.0539 -0.46474 3.7286 -1.1736 -0.44143 2.0596 -1.4928 -1.7313 2.3661 -0.58978 -0.086585 0.029833 0.81628 -0.86714 -2.0109 0.87057 -0.32761 -3.7859 1.1466 0.086585 -0.029833 -0.81628 -0.35862 -2.1681 -0.8967 0.47035 -3.8444 -0.75276
15 258 180 -0.73224 4.964 -0.053675 -0.67925 3.6716 -0.029988 -0.66756 3.6446 0.99272 -0.26755 2.0107 1.234 -1.7166 1.355 1.4423 -0.6986 3.7286 -1.0513 -0.74214 2.0596 -1.3684 -1.816 2.3661 -0.21695 0.085021 0.029833 0.81644 -0.66719 -2.0109 1.0318 -0.082068 -3.7859 1.1896 -0.085022 -0.029833 -0.81644 -0.53722 -2.1681 -0.80255 0.30356 -3.8444 -0.8341
15 258 192 -0.7274 4.964 0.099739 -0.67064 3.6716 0.11189 -0.44657 3.6446 1.1098 -0.0051337 2.0107 1.2627 -1.3792 1.355 1.7676 -0.90192 3.7286 -0.88313 -1.0104 2.0596 -1.1842 -1.8215 2.3661 0.16537 0.25291 0.029833 0.78093 -0.43808 -2.0109 1.148 0.16707 -3.7859 1.1807 -0.25291 -0.029833 -0.78093 -0.69234 -2.1681 -0.67331 0.12351 -3.8444 -0.87899
C5
15 257 12 0.63802 4.9794 -0.034542 0.59525 3.6863 -0.062338 0.43559 3.6591 -1.0726 0.15025 1.9875 -1.1829 1.5931 1.3369 -1.4437 0.76181 3.7436 0.94552 0.88098 2.0789 1.2656 1.7881 2.3407 -0.031097 -0.22468 0.027414 -0.7896 0.40721 -2.0421 -1.097 -0.19225 -3.8192 -1.118 0.22468 -0.027414 0.7896 0.66254 -2.1667 0.69828 -0.13864 -3.854 0.86868
15 257 0 0.63126 4.9794 0.098866 0.5952 3.6863 0.062783 0.64907 3.6591 -0.95857 0.39291 1.9875 -1.1258 1.8584 1.3369 -1.0809 0.54858 3.7436 1.0832 0.59859 2.0789 1.4211 1.7555 2.3407 0.34136 -0.055605 0.027414 -0.81906 0.6264 -2.0421 -0.98841 0.044396 -3.8192 -1.1335 0.055605 -0.027414 0.81906 0.50288 -2.1667 0.82077 -0.31622 -3.854 0.82088
15 257 12 0.63802 4.9794 -0.034542 0.59525 3.6863 -0.062338 0.43559 3.6591 -1.0726 0.15025 1.9875 -1.1829 1.5931 1.3369 -1.4437 0.76181 3.7436 0.94552 0.88098 2.0789 1.2656 1.7881 2.3407 -0.031097 -0.22468 0.027414 -0.7896 0.40721 -2.0421 -1.097 -0.19225 -3.8192 -1.118 0.22468 -0.027414 0.7896 0.66254 -2.1667 0.69828 -0.13864 -3.854 0.86868
15 257 24 0.6169 4.9794 -0.16644 0.56928 3.6863 -0.18473 0.20307 3.6591 -1.1397 -0.098974 1.9875 -1.1883 1.2581 1.3369 -1.7433 0.94175 3.7436 0.76646 1.1249 2.0789 1.0548 1.7426 2.3407 -0.40219 -0.38394 0.027414 -0.72563 0.17022 -2.0421 -1.1577 -0.42049 -3.8192 -1.0536 0.38394 -0.027414 0.72563 0.79324 -2.1667 0.54527 0.044998 -3.854 0.87853
15 258 0 0.73224 4.964 0.053675 0.67925 3.6716 0.029988 0.66756 3.6446 -0.99272 0.26755 2.0107 -1.234 1.7166 1.355 -1.4423 0.69859 3.7286 1.0513 0.74214 2.0596 1.3684 1.816 2.3661 0.21695 -0.085021 0.029833 -0.81644 0.66719 -2.0109 -1.0318 0.082068 -3.7859 -1.1896 0.085022 -0.029833 0.81644 0.53722 -2.1681 0.80255 -0.30356 -3.8444 0.8341
15 258 12 0.7274 4.964 -0.099739 0.67064 3.6716 -0.11189 0.44657 3.6446 -1.1098 0.0051338 2.0107 -1.2627 1.3792 1.355 -1.7676 0.90192 3.7286 0.88313 1.0104 2.0596 1.1842 1.8215 2.3661 -0.16537 -0.25291 0.029833 -0.78093 0.43808 -2.0109 -1.148 -0.16706 -3.7859 -1.1807 0.25291 -0.029833 0.78093 0.69234 -2.1681 0.67331 -0.12351 -3.8444 0.87899
15 258 24 0.69077 4.964 -0.24879 0.63272 3.6716 -0.24888 0.20607 3.6446 -1.1784 -0.2575 2.0107 -1.2362 0.98155 1.355 -2.0158 1.0658 3.7286 0.67631 1.2345 2.0596 0.94821 1.7473 2.3661 -0.54046 -0.40975 0.029833 -0.71128 0.18982 -2.0109 -1.214 -0.4089 -3.7859 -1.1202 0.40975 -0.029833 0.71128 0.8172 -2.1681 0.51466 0.06194 -3.8444 0.88546
15 259 0 0.75623 4.9646 0.0093265 0.68102 3.6719 0.0015202 0.59779 3.6427 -1.0178 0.097617 2.046 -1.3148 1.5328 1.51 -1.7902 0.77217 3.731 1.0189 0.804 2.0593 1.3226 1.8229 2.3893 0.12856 -0.10311 0.027327 -0.81445 0.68053 -1.9981 -1.0599 0.098179 -3.7719 -1.2403 0.10311 -0.027327 0.81445 0.51741 -2.1733 0.80217 -0.3295 -3.8455 0.86729
15 259 12 0.74165 4.9646 -0.14811 0.66645 3.6719 -0.1401 0.37311 3.6427 -1.1198 -0.17788 2.046 -1.3064 1.1271 1.51 -2.0698 0.96713 3.731 0.83606 1.0614 2.0593 1.1266 1.8098 2.3893 -0.25326 -0.27019 0.027327 -0.77521 0.44528 -1.9981 -1.1783 -0.16184 -3.7719 -1.2336 0.27019 -0.027327 0.77521 0.67289 -2.1733 0.67706 -0.14198 -3.8455 0.91685
C6
15 177 264 0.1285 4.8214 1.352 0.081554 3.5483 1.1665 1.1018 3.4956 1.2216 1.0538 2.0241 2.0704 0.69822 2.9048 3.363 -0.93742 3.6297 1.1232 -1.179 2.1632 1.9472 -0.86916 2.9174 3.3285 0.82105 -0.0205 0.012365 0.72193 -1.5464 1.5739 1.0097 -3.1058 0.5722 -0.82105 0.0205 -0.012365 -0.96593 -1.8069 1.1777 -0.68807 -3.0474 -0.2014
15 174 264 0.0049617 4.8456 1.2692 -0.026612 3.5686 1.1032 0.98838 3.5114 1.2186 0.89078 1.9556 1.8951 0.26432 2.3317 3.3231 -1.0408 3.6547 0.999 -1.3407 2.0313 1.4021 -1.2755 2.3383 2.9751 0.82066 0.0024753 0.034846 0.75652 -1.8344 1.2175 1.0012 -3.5639 0.53437 -0.82066 -0.0024753 -0.034846 -0.92197 -1.9986 0.84946 -0.71317 -3.5109 -0.24012
15 174 276 0.26873 4.8456 1.2404 0.20333 3.5686 1.0846 1.2201 3.5114 0.98644 1.2653 1.9556 1.6685 0.94945 2.3317 3.1955 -0.81034 3.6547 1.1936 -1.0198 2.0313 1.6502 -0.62903 2.3383 3.1753 0.80997 0.0024753 -0.13654 0.99312 -1.8344 1.0336 1.0905 -3.5639 0.31452 -0.80997 -0.0024753 0.13654 -0.72521 -1.9986 1.0226 -0.74751 -3.5109 -0.0866
15 175 264 0.044197 4.8288 1.3306 0.0032588 3.5545 1.149 1.021 3.4959 1.2363 0.93646 1.9559 1.95 0.39551 2.4469 3.378 -1.0133 3.6418 1.0733 -1.2954 2.0413 1.5699 -1.1402 2.4322 3.1178 0.82113 -0.0013747 0.021101 0.75334 -1.7445 1.3378 1.0036 -3.4291 0.55202 -0.82113 0.0013747 -0.021101 -0.94102 -1.9438 0.96822 -0.69822 -3.3732 -0.22156
15 176 264 0.094425 4.8215 1.3543 0.045406 3.5484 1.1678 1.065 3.4911 1.2305 0.9989 1.9808 2.0067 0.5483 2.6446 3.3957 -0.97284 3.6343 1.1168 -1.2313 2.0797 1.7527 -1.0017 2.6253 3.2435 0.82122 -0.011034 0.013005 0.74516 -1.6472 1.46 1.0063 -3.2739 0.56358 -0.82122 0.011034 -0.013005 -0.95452 -1.8787 1.0769 -0.68559 -3.2169 -0.20954
15 177 264 0.1285 4.8214 1.352 0.081554 3.5483 1.1665 1.1018 3.4956 1.2216 1.0538 2.0241 2.0704 0.69822 2.9048 3.363 -0.93742 3.6297 1.1232 -1.179 2.1632 1.9472 -0.86916 2.9174 3.3285 0.82105 -0.0205 0.012365 0.72193 -1.5464 1.5739 1.0097 -3.1058 0.5722 -0.82105 0.0205 -0.012365 -0.96593 -1.8069 1.1777 -0.68807 -3.0474 -0.2014
15 256 276 -0.067939 4.9872 0.55859 -0.020281 3.6951 0.54048 1.0025 3.6674 0.54355 1.0833 1.9745 0.41976 0.94908 1.4613 1.9335 -1.0418 3.7531 0.54419 -1.3724 2.0885 0.63164 -0.31272 2.3247 1.8124 0.81394 0.023732 -0.10791 1.0097 -2.0687 0.49208 1.0933 -3.8504 -0.087954 -0.81394 -0.023733 0.10791 -0.77613 -2.162 0.55859 -0.83493 -3.8609 -0.23407
15 257 252 -0.2891 4.9794 0.56982 -0.24364 3.6863 0.54667 0.71108 3.6591 0.91352 0.94931 1.9875 0.72158 0.45373 1.3369 2.1015 -1.1997 3.7436 0.18699 -1.5365 2.0789 0.13014 -0.86714 2.3407 1.5641 0.79615 0.027414 0.20022 0.74647 -2.0421 0.90118 1.0643 -3.8192 0.3925 -0.79615 -0.027414 -0.20022 -0.936 -2.1667 0.22463 -0.68298 -3.854 -0.55441
15 257 264 -0.16431 4.9794 0.61747 -0.12465 3.6863 0.58538 0.88547 3.6591 0.74571 1.0786 1.9875 0.50844 0.88073 1.3369 1.9612 -1.1347 3.7436 0.43235 -1.4759 2.0789 0.44676 -0.52299 2.3407 1.7102 0.82038 0.027414 0.030314 0.91752 -2.0421 0.72628 1.1227 -3.8192 0.16264 -0.82038 -0.027414 -0.030314 -0.86884 -2.1667 0.41433 -0.78332 -3.854 -0.40029
15 257 276 -0.032339 4.9794 0.63814 -0.00022354 3.6863 0.5985 1.0212 3.6591 0.54532 1.1607 1.9875 0.27308 1.2692 1.3369 1.7352 -1.02 3.7436 0.65881 -1.3508 2.0789 0.74386 -0.15598 2.3407 1.7816 0.80876 0.027414 -0.14092 1.0485 -2.0421 0.51965 1.132 -3.8192 -0.074333 -0.80876 -0.027414 0.14092 -0.76371 -2.1667 0.58592 -0.84943 -3.854 -0.22868
15 258 240 -0.4126 4.964 0.6073 -0.36559 3.6716 0.57325 0.52594 3.6446 1.0745 0.93492 2.0107 0.84871 0.39075 1.355 2.2077 -1.2598 3.7286 0.079328 -1.5561 2.0596 -0.041468 -1.0959 2.3661 1.4643 0.74957 0.029833 0.33459 0.56 -2.0109 1.0937 0.98922 -3.7859 0.66589 -0.74957 -0.029833 -0.33459 -0.96364 -2.1681 0.063973 -0.57057 -3.8444 -0.67995
15 258 252 -0.27732 4.964 0.67982 -0.23842 3.6716 0.63673 0.73785 3.6446 0.94165 1.0909 2.0107 0.63579 0.84123 1.355 2.0782 -1.2158 3.7286 0.33952 -1.5307 2.0596 0.28297 -0.76752 2.3661 1.6601 0.80276 0.029833 0.17144 0.77516 -2.0109 0.95339 1.1061 -3.7859 0.44567 -0.80276 -0.029833 -0.17143 -0.92928 -2.1681 0.26293 -0.69947 -3.8444 -0.54646
15 258 264 -0.12992 4.964 0.72262 -0.10082 3.6716 0.67239 0.9175 3.6446 0.76767 1.1993 2.0107 0.39507 1.2549 1.355 1.8579 -1.1186 3.7286 0.58487 -1.4384 2.0596 0.59505 -0.40559 2.3661 1.7834 0.82086 0.029833 0.00078608 0.95644 -2.0109 0.77139 1.1745 -3.7859 0.20597 -0.82086 -0.029833 -0.00078584 -0.8543 -2.1681 0.45039 -0.7978 -3.8444 -0.38909
C7
15 176 348 1.3568 4.8215 0.047656 1.1661 3.5484 0.07691 1.3351 3.4911 -0.93055 2.1001 1.9808 -0.78367 3.4344 2.6446 -0.19034 1.009 3.6343 1.0843 1.6144 2.0797 1.4078 3.121 2.6253 1.3352 0.098775 -0.011034 -0.81537 1.5299 -1.6472 -0.58846 0.66568 -3.2739 -0.94188 -0.098775 0.011034 0.81537 0.9712 -1.8787 1.0619 -0.28006 -3.2169 0.65994
15 174 348 1.2627 4.8456 0.12773 1.0943 3.5686 0.14178 1.3152 3.5114 -0.85559 1.9779 1.9556 -0.6878 3.3325 2.3317 0.084484 0.88474 3.6547 1.1395 1.2543 2.0313 1.4799 2.8255 2.3383 1.5795 0.12044 0.0024753 -0.81252 1.2899 -1.8344 -0.62511 0.6361 -3.5639 -0.9399 -0.12044 -0.0024753 0.81252 0.74843 -1.9986 1.0057 -0.31335 -3.5109 0.68416
15 175 0 1.3187 4.8288 -0.18304 1.1423 3.5545 -0.12334 1.1228 3.4959 -1.1446 1.8414 1.9559 -1.1352 3.3181 2.4469 -0.74644 1.1733 3.6418 0.89559 1.6967 2.0413 1.1242 3.2199 2.4322 0.80808 -0.064846 -0.0013747 -0.81884 1.2517 -1.7445 -0.88905 0.4441 -3.4291 -1.0558 0.064846 0.0013747 0.81884 1.0613 -1.9438 0.83466 -0.14737 -3.3732 0.71755
15 175 348 1.328 4.8288 0.095133 1.143 3.5545 0.11686 1.3363 3.4959 -0.88615 2.0372 1.9559 -0.72751 3.4008 2.4469 -0.040245 0.96147 3.6418 1.12 1.4259 2.0413 1.4524 2.9816 2.4322 1.4599 0.10682 -0.0013747 -0.81442 1.4092 -1.7445 -0.60938 0.6539 -3.4291 -0.94038 -0.10682 0.0013747 0.81442 0.86455 -1.9438 1.0371 -0.29333 -3.3732 0.67123
15 176 0 1.337 4.8215 -0.23547 1.1566 3.5484 -0.16722 1.1124 3.4911 -1.1878 1.8913 1.9808 -1.2032 3.3198 2.6446 -0.90024 1.2124 3.6343 0.85077 1.8718 2.0797 1.0414 3.3304 2.6253 0.65717 -0.072907 -0.011034 -0.81808 1.3742 -1.6472 -0.89369 0.4553 -3.2739 -1.0597 0.072907 0.011034 0.81808 1.1707 -1.8787 0.83673 -0.13673 -3.2169 0.70374
15 176 336 1.3172 4.8215 0.3287 1.1247 3.5484 0.31768 1.4994 3.4911 -0.63264 2.2172 1.9808 -0.3299 3.399 2.6446 0.52788 0.76155 3.6343 1.2703 1.2864 2.0797 1.7127 2.7752 2.6253 1.955 0.26614 -0.011034 -0.77701 1.6189 -1.6472 -0.25751 0.84696 -3.2739 -0.78289 -0.26614 0.011034 0.77701 0.7292 -1.8787 1.2406 -0.41114 -3.2169 0.58729
15 176 348 1.3568 4.8215 0.047656 1.1661 3.5484 0.07691 1.3351 3.4911 -0.93055 2.1001 1.9808 -0.78367 3.4344 2.6446 -0.19034 1.009 3.6343 1.0843 1.6144 2.0797 1.4078 3.121 2.6253 1.3352 0.098775 -0.011034 -0.81537 1.5299 -1.6472 -0.58846 0.66568 -3.2739 -0.94188 -0.098775 0.011034 0.81537 0.9712 -1.8787 1.0619 -0.28006 -3.2169 0.65994
15 177 0 1.3312 4.8214 -0.26913 1.1516 3.5483 -0.20304 1.0997 3.4956 -1.2235 1.9489 2.0241 -1.2644 3.2716 2.9048 -1.0459 1.215 3.6297 0.81488 2.0598 2.1632 0.96901 3.4011 2.9174 0.51648 -0.073526 -0.0205 -0.81785 1.4898 -1.5464 -0.8825 0.46352 -3.1058 -1.064 0.073526 0.0205 0.81785 1.2722 -1.8069 0.83754 -0.12837 -3.0474 0.70535
15 177 336 1.3256 4.8214 0.29559 1.1346 3.5483 0.28291 1.5023 3.4956 -0.67042 2.2947 2.0241 -0.36241 3.4142 2.9048 0.37518 0.77854 3.6297 1.2386 1.4875 2.1632 1.723 2.897 2.9174 1.8552 0.26548 -0.0205 -0.77705 1.72 -1.5464 -0.20022 0.85621 -3.1058 -0.78348 -0.26548 0.0205 0.77705 0.82156 -1.8069 1.2826 -0.40417 -3.0474 0.59216
15 177 348 1.3581 4.8214 0.013528 1.1686 3.5483 0.040826 1.3301 3.4956 -0.96811 2.1692 2.0241 -0.83158 3.4176 2.9048 -0.34286 1.019 3.6297 1.0497 1.8133 2.1632 1.3761 3.2194 2.9174 1.2123 0.09812 -0.0205 -0.81526 1.6408 -1.5464 -0.55345 0.67461 -3.1058 -0.94438 -0.09812 0.0205 0.81526 1.0703 -1.8069 1.0837 -0.27222 -3.0474 0.66325
15 178 0 1.2943 4.8324 -0.2898 1.1162 3.559 -0.2132 1.0591 3.4888 -1.2323 2.0149 2.085 -1.2924 3.1385 3.2231 -1.1689 1.1847 3.6578 0.80284 2.2441 2.3337 0.91463 3.3971 3.3179 0.39043 -0.062219 -0.027304 -0.81859 1.5848 -1.4637 -0.85046 0.46225 -2.9517 -1.0592 0.062219 0.027303 0.81859 1.3445 -1.7423 0.85062 -0.1308 -2.8928 0.71709
C8
15 177 84 -0.1285 4.8214 -1.352 -0.081554 3.5483 -1.1665 -1.1018 3.4956 -1.2216 -1.0538 2.0241 -2.0704 -0.69822 2.9048 -3.363 0.93742 3.6297 -1.1232 1.179 2.1632 -1.9472 0.86916 2.9174 -3.3285 -0.82105 -0.0205 -0.012365 -0.72193 -1.5464 -1.5739 -1.0097 -3.1058 -0.5722 0.82105 0.0205 0.012365 0.96593 -1.8069 -1.1777 0.68807 -3.0474 0.2014
15 175 84 -0.044197 4.8288 -1.3306 -0.0032588 3.5545 -1.149 -1.021 3.4959 -1.2363 -0.93646 1.9559 -1.95 -0.39551 2.4469 -3.378 1.0133 3.6418 -1.0733 1.2954 2.0413 -1.5699 1.1402 2.4322 -3.1178 -0.82113 -0.0013747 -0.021101 -0.75334 -1.7445 -1.3378 -1.0036 -3.4291 -0.55202 0.82113 0.0013747 0.021101 0.94102 -1.9438 -0.96822 0.69822 -3.3732 0.22156
15 176 84 -0.094425 4.8215 -1.3543 -0.045406 3.5484 -1.1678 -1.065 3.4911 -1.2305 -0.9989 1.9808 -2.0067 -0.5483 2.6446 -3.3957 0.97284 3.6343 -1.1168 1.2313 2.0797 -1.7527 1.0017 2.6253 -3.2435 -0.82122 -0.011034 -0.013005 -0.74516 -1.6472 -1.46 -1.0063 -3.2739 -0.56358 0.82122 0.011034 0.013005 0.95452 -1.8787 -1.0769 0.68559 -3.2169 0.20954
15 177 84 -0.1285 4.8214 -1.352 -0.081554 3.5483 -1.1665 -1.1018 3.4956 -1.2216 -1.0538 2.0241 -2.0704 -0.69822 2.9048 -3.363 0.93742 3.6297 -1.1232 1.179 2.1632 -1.9472 0.86916 2.9174 -3.3285 -0.82105 -0.0205 -0.012365 -0.72193 -1.5464 -1.5739 -1.0097 -3.1058 -0.5722 0.82105 0.0205 0.012365 0.96593 -1.8069 -1.1777 0.68807 -3.0474 0.2014
15 178 84 -0.15292 4.8324 -1.3175 -0.095358 3.559 -1.1324 -1.1149 3.4888 -1.1821 -1.0747 2.085 -2.1389 -0.83443 3.2231 -3.2435 0.92228 3.6578 -1.0943 1.1442 2.3337 -2.1362 0.74338 3.3179 -3.3377 -0.82061 -0.027304 -0.023688 -0.68014 -1.4637 -1.665 -1.0051 -2.9517 -0.57043 0.82061 0.027303 0.023688 0.98649 -1.7423 -1.2482 0.69949 -2.8928 0.20504
15 257 84 0.16431 4.9794 -0.61747 0.12465 3.6863 -0.58538 -0.88547 3.6591 -0.74571 -1.0786 1.9875 -0.50844 -0.88073 1.3369 -1.9612 1.1347 3.7436 -0.43235 1.4759 2.0789 -0.44676 0.52299 2.3407 -1.7102 -0.82038 0.027414 -0.030314 -0.91752 -2.0421 -0.72628 -1.1227 -3.8192 -0.16264 0.82038 -0.027414 0.030314 0.86884 -2.1667 -0.41433 0.78332 -3.854 0.40029
15 257 96 0.032339 4.9794 -0.63814 0.00022347 3.6863 -0.5985 -1.0212 3.6591 -0.54532 -1.1607 1.9875 -0.27308 -1.2692 1.3369 -1.7352 1.02 3.7436 -0.65881 1.3508 2.0789 -0.74386 0.15598 2.3407 -1.7816 -0.80876 0.027414 0.14092 -1.0485 -2.0421 -0.51965 -1.132 -3.8192 0.074333 0.80876 -0.027414 -0.14092 0.76371 -2.1667 -0.58592 0.84943 -3.854 0.22868
15 258 72 0.27732 4.964 -0.67982 0.23842 3.6716 -0.63673 -0.73785 3.6446 -0.94165 -1.0909 2.0107 -0.63579 -0.84123 1.355 -2.0782 1.2158 3.7286 -0.33952 1.5307 2.0596 -0.28297 0.76752 2.3661 -1.6601 -0.80276 0.029833 -0.17144 -0.77516 -2.0109 -0.95339 -1.1061 -3.7859 -0.44567 0.80276 -0.029833 0.17143 0.92928 -2.1681 -0.26293 0.69947 -3.8444 0.54646
15 258 84 0.12992 4.964 -0.72262 0.10082 3.6716 -0.67239 -0.9175 3.6446 -0.76767 -1.1993 2.0107 -0.39507 -1.2549 1.355 -1.8579 1.1186 3.7286 -0.58487 1.4384 2.0596 -0.59505 0.40559 2.3661 -1.7834 -0.82086 0.029833 -0.00078608 -0.95644 -2.0109 -0.77139 -1.1745 -3.7859 -0.20597 0.82086 -0.029833 0.00078585 0.8543 -2.1681 -0.45039 0.7978 -3.8444 0.38909
15 259 72 0.24256 4.9646 -0.71634 0.21189 3.6719 -0.64722 -0.78326 3.6427 -0.88305 -1.2203 2.046 -0.49914 -1.2289 1.51 -2.011 1.2076 3.731 -0.41953 1.5064 2.0593 -0.35593 0.68557 2.3893 -1.694 -0.80645 0.027327 -0.15362 -0.79777 -1.9981 -0.97476 -1.1493 -3.7719 -0.47665 0.80645 -0.027327 0.15362 0.9228 -2.1733 -0.24421 0.72303 -3.8455 0.58138
15 259 84 0.088323 4.9646 -0.75112 0.072698 3.6719 -0.67713 -0.94974 3.6427 -0.7009 -1.2974 2.046 -0.23452 -1.6202 1.51 -1.7115 1.094 3.731 -0.66144 1.3994 2.0593 -0.66134 0.3184 2.3893 -1.7995 -0.82076 0.027327 0.017409 -0.983 -1.9981 -0.78759 -1.2232 -3.7719 -0.22729 0.82076 -0.027327 -0.017408 0.85186 -2.1733 -0.43073 0.8281 -3.8455 0.41835
C9
15 257 336 0.53648 4.9794 0.34708 0.51821 3.6863 0.29944 0.98284 3.6591 -0.61169 0.81686 1.9875 -0.86869 2.1374 1.3369 -0.23158 0.060559 3.7436 1.2127 -0.031182 2.0789 1.5417 1.4649 2.3407 1.0259 0.28234 0.027414 -0.77086 0.97427 -2.0421 -0.64818 0.5016 -3.8192 -1.0175 -0.28234 -0.027414 0.77086 0.12557 -2.1667 0.95435 -0.62276 -3.854 0.62129
15 256 324 0.36965 4.9872 0.42426 0.38808 3.6951 0.37672 1.0747 3.6674 -0.38127 1.0368 1.9745 -0.52421 2.072 1.4613 0.58849 -0.29266 3.7531 1.1383 -0.44895 2.0885 1.4426 1.1376 2.3247 1.4451 0.46443 0.023732 -0.67708 1.0413 -2.0687 -0.42112 0.66619 -3.8504 -0.87132 -0.46443 -0.023733 0.67708 -0.10421 -2.162 0.95055 -0.73262 -3.8609 0.46385
15 256 336 0.44978 4.9872 0.33813 0.45793 3.6951 0.2878 0.97197 3.6674 -0.59639 0.9052 1.9745 -0.72832 2.149 1.4613 0.14484 -0.0496 3.7531 1.1743 -0.13921 2.0885 1.5044 1.4132 2.3247 1.177 0.31351 0.023732 -0.75885 0.93103 -2.0687 -0.62843 0.47047 -3.8504 -0.99079 -0.31351 -0.023733 0.75885 0.095693 -2.162 0.95144 -0.62017 -3.8609 0.60603
15 256 348 0.51026 4.9872 0.23723 0.50776 3.6951 0.18631 0.82673 3.6674 -0.78544 0.73399 1.9745 -0.90061 2.1322 1.4613 -0.30513 0.19563 3.7531 1.1589 0.17662 2.0885 1.5005 1.627 2.3247 0.85747 0.14889 0.023732 -0.80745 0.78003 -2.0687 -0.80827 0.25419 -3.8504 -1.067 -0.14889 -0.023733 0.80745 0.29142 -2.162 0.91075 -0.48062 -3.8609 0.72173
15 257 324 0.45259 4.9794 0.45103 0.44462 3.6863 0.40064 1.0885 3.6591 -0.39398 0.97962 1.9875 -0.67987 2.1388 1.3369 0.21787 -0.1929 3.7436 1.1988 -0.35104 2.0789 1.5016 1.2196 2.3407 1.308 0.43644 0.027414 -0.69532 1.0877 -2.0421 -0.43145 0.70218 -3.8192 -0.89094 -0.43644 -0.027414 0.69532 -0.0756 -2.1667 0.9596 -0.73833 -3.854 0.47823
15 257 336 0.53648 4.9794 0.34708 0.51821 3.6863 0.29944 0.98284 3.6591 -0.61169 0.81686 1.9875 -0.86869 2.1374 1.3369 -0.23158 0.060559 3.7436 1.2127 -0.031182 2.0789 1.5417 1.4649 2.3407 1.0259 0.28234 0.027414 -0.77086 0.97427 -2.0421 -0.64818 0.5016 -3.8192 -1.0175 -0.28234 -0.027414 0.77086 0.12557 -2.1667 0.95435 -0.62276 -3.854 0.62129
15 257 348 0.59691 4.9794 0.22795 0.56914 3.6863 0.18516 0.83419 3.6591 -0.80267 0.6184 1.9875 -1.0195 2.0425 1.3369 -0.67091 0.31137 3.7436 1.1736 0.29004 2.0789 1.5145 1.6462 2.3407 0.69889 0.1159 0.027414 -0.81272 0.81821 -2.0421 -0.83658 0.2791 -3.8192 -1.0995 -0.1159 -0.027414 0.81272 0.32124 -2.1667 0.90739 -0.47998 -3.854 0.73719
15 258 324 0.56085 4.964 0.47382 0.53189 3.6716 0.42351 1.1236 3.6446 -0.41075 0.94179 2.0107 -0.84108 2.2365 1.355 -0.15784 -0.052791 3.7286 1.2612 -0.2039 2.0596 1.5433 1.3417 2.3661 1.243 0.41111 0.029833 -0.71049 1.1463 -2.0109 -0.4426 0.76565 -3.7859 -0.9142 -0.41111 -0.029833 0.71049 -0.037105 -2.1681 0.96504 -0.73586 -3.8444 0.49637
15 258 336 0.6471 4.964 0.34686 0.60832 3.6716 0.30367 1.0136 3.6446 -0.63538 0.74634 2.0107 -1.0185 2.1548 1.355 -0.61939 0.21058 3.7286 1.2446 0.12142 2.0596 1.5519 1.5708 2.3661 0.93684 0.25441 0.029833 -0.78044 1.0292 -2.0109 -0.67125 0.55884 -3.7859 -1.0534 -0.25441 -0.029833 0.78044 0.16435 -2.1681 0.95167 -0.61658 -3.8444 0.63852
15 258 348 0.70508 4.964 0.20474 0.65817 3.6716 0.17056 0.85937 3.6446 -0.83223 0.51827 2.0107 -1.1514 1.9789 1.355 -1.0539 0.46474 3.7286 1.1736 0.44143 2.0596 1.4928 1.7313 2.3661 0.58978 0.086585 0.029833 -0.81628 0.86714 -2.0109 -0.87057 0.32762 -3.7859 -1.1466 -0.086585 -0.029833 0.81628 0.35862 -2.1681 0.8967 -0.47035 -3.8444 0.75276
C10
15 174 216 -0.93986 4.8456 0.85293 -0.83761 3.5686 0.71838 -0.24421 3.5114 1.5499 -0.81231 1.9556 1.9301 -2.2927 2.3317 2.42 -1.4388 3.6547 -0.10499 -1.939 2.0313 -0.058128 -3.0644 2.3383 1.0429 0.52323 0.0024753 0.63318 -0.39856 -1.8344 1.3769 0.27285 -3.5639 1.1016 -0.52323 -0.0024753 -0.63318 -1.2482 -1.9986 -0.11676 -0.29876 -3.5109 -0.69066
15 174 216 -0.93986 4.8456 0.85293 -0.83761 3.5686 0.71838 -0.24421 3.5114 1.5499 -0.81231 1.9556 1.9301 -2.2927 2.3317 2.42 -1.4388 3.6547 -0.10499 -1.939 2.0313 -0.058128 -3.0644 2.3383 1.0429 0.52323 0.0024753 0.63318 -0.39856 -1.8344 1.3769 0.27285 -3.5639 1.1016 -0.52323 -0.0024753 -0.63318 -1.2482 -1.9986 -0.11676 -0.29876 -3.5109 -0.69066
15 174 228 -0.74199 4.8456 1.0297 -0.66995 3.5686 0.87683 0.083362 3.5114 1.5668 -0.39328 1.9556 2.0568 -1.7394 2.3317 2.8438 -1.4292 3.6547 0.19645 -1.9087 2.0313 0.34629 -2.7806 2.3383 1.6572 0.64344 0.0024753 0.51056 -0.10358 -1.8344 1.4296 0.49593 -3.5639 1.0208 -0.64344 -0.0024753 -0.51056 -1.2452 -1.9986 0.1453 -0.43583 -3.5109 -0.61345
15 175 216 -0.95927 4.8288 0.9232 -0.85168 3.5545 0.77124 -0.2356 3.4959 1.586 -0.82248 1.9559 2.0007 -2.2457 2.4469 2.5542 -1.4756 3.6418 -0.034888 -2.0335 2.0413 0.087816 -3.08 2.4322 1.2389 0.53376 -0.0013747 0.62434 -0.49008 -1.7445 1.455 0.26129 -3.4291 1.1152 -0.53376 0.0013747 -0.62434 -1.3492 -1.9438 -0.051455 -0.30255 -3.3732 -0.66713
15 175 228 -0.74636 4.8288 1.1025 -0.67272 3.5545 0.93146 0.099293 3.4959 1.6003 -0.38854 1.9559 2.128 -1.6656 2.4469 2.9653 -1.4507 3.6418 0.27268 -1.9708 2.0413 0.50868 -2.7551 2.4322 1.8522 0.6519 -0.0013747 0.49972 -0.17686 -1.7445 1.5251 0.48744 -3.4291 1.0365 -0.6519 0.0013747 -0.49972 -1.3304 -1.9438 0.23018 -0.43464 -3.3732 -0.58965
15 176 216 -0.94326 4.8215 0.97638 -0.83745 3.5484 0.81514 -0.20181 3.4911 1.6148 -0.82289 1.9808 2.0851 -2.1566 2.6446 2.6796 -1.4809 3.6343 0.024345 -2.1264 2.0797 0.25773 -3.0807 2.6253 1.4259 0.53984 -0.011034 0.61899 -0.58642 -1.6472 1.5307 0.25453 -3.2739 1.1249 -0.53984 0.011034 -0.61899 -1.439 -1.8787 0.01122 -0.30303 -3.2169 -0.64971
15 176 228 -0.71965 4.8215 1.1512 -0.64967 3.5484 0.97144 0.13834 3.4911 1.6215 -0.3714 1.9808 2.2106 -1.5524 2.6446 3.0695 -1.4435 3.6343 0.33171 -2.0264 2.0797 0.69421 -2.7169 2.6253 2.0353 0.65674 -0.011034 0.49322 -0.25535 -1.6472 1.6192 0.48285 -3.2739 1.0474 -0.65674 0.011034 -0.49322 -1.4052 -1.8787 0.31015 -0.43149 -3.2169 -0.5725
15 177 216 -0.91878 4.8214 1.0002 -0.81231 3.5483 0.84115 -0.17054 3.4956 1.6362 -0.83348 2.0241 2.1685 -2.032 2.9048 2.7692 -1.4619 3.6297 0.054921 -2.2359 2.1632 0.42674 -3.0552 2.9174 1.5813 0.5402 -0.0205 0.61843 -0.68659 -1.5464 1.5897 0.25041 -3.1058 1.1332 -0.5402 0.0205 -0.61843 -1.5215 -1.8069 0.0702 -0.31074 -3.0474 -0.64609
15 177 228 -0.69075 4.8214 1.1694 -0.61967 3.5483 0.99165 0.17338 3.4956 1.6359 -0.36442 2.0241 2.2944 -1.4118 2.9048 3.1311 -1.4186 3.6297 0.35768 -2.0984 2.1632 0.8823 -2.6596 2.9174 2.1819 0.65698 -0.0205 0.49261 -0.34108 -1.5464 1.6977 0.48055 -3.1058 1.0564 -0.65698 0.0205 -0.49261 -1.4737 -1.8069 0.38501 -0.43828 -3.0474 -0.56737
C11
15 257 228 -0.49587 4.9794 0.40297 -0.44492 3.6863 0.40031 0.27804 3.6591 1.1238 0.57375 1.9875 1.0453 -0.44024 1.3369 2.1043 -1.1721 3.7436 -0.31716 -1.4566 2.0789 -0.50608 -1.4284 2.3407 1.0762 0.64589 0.027414 0.50673 0.31539 -2.0421 1.1269 0.81266 -3.8192 0.79147 -0.64589 -0.027414 -0.50673 -0.94645 -2.1667 -0.17549 -0.39844 -3.854 -0.78427
15 174 240 -0.51169 4.8456 1.1615 -0.47301 3.5686 0.99696 0.4073 3.5114 1.5152 0.042947 1.9556 2.0936 -1.1101 2.3317 3.1433 -1.3571 3.6547 0.48931 -1.795 2.0313 0.73557 -2.3753 2.3383 2.1991 0.73553 0.0024753 0.36563 0.19592 -1.8344 1.4199 0.69733 -3.5639 0.89541 -0.73553 -0.0024753 -0.36563 -1.1878 -1.9986 0.40102 -0.55385 -3.5109 -0.50944
15 174 252 -0.25902 4.8456 1.2425 -0.25539 3.5686 1.0735 0.71343 3.5114 1.3974 0.47729 1.9556 2.0389 -0.43236 2.3317 3.3054 -1.2257 3.6547 0.76078 -1.6029 2.0313 1.0927 -1.8661 2.3383 2.6449 0.79548 0.0024753 0.20471 0.48686 -1.8344 1.3482 0.86826 -3.5639 0.73086 -0.79548 -0.0024753 -0.20471 -1.0784 -1.9986 0.63921 -0.64766 -3.5109 -0.38315
15 175 240 -0.50084 4.8288 1.2336 -0.46436 3.5545 1.051 0.42985 3.4959 1.5447 0.062384 1.9559 2.1623 -1.0126 2.4469 3.2468 -1.3623 3.6418 0.56833 -1.822 2.0413 0.90731 -2.3098 2.4322 2.3845 0.74156 -0.0013747 0.35326 0.14409 -1.7445 1.5285 0.69228 -3.4291 0.91249 -0.74156 0.0013747 -0.35326 -1.2535 -1.9438 0.50176 -0.54774 -3.3732 -0.4864
15 175 252 -0.23342 4.8288 1.3107 -0.2357 3.5545 1.1246 0.74162 3.4959 1.4216 0.51058 1.9559 2.102 -0.31546 2.4469 3.3864 -1.2143 3.6418 0.83914 -1.5935 2.0413 1.2663 -1.7636 2.4322 2.8126 0.7988 -0.0013747 0.19136 0.45874 -1.7445 1.4652 0.86687 -3.4291 0.74861 -0.7988 0.0013747 -0.19136 -1.1218 -1.9438 0.75141 -0.6369 -3.3732 -0.36189
15 176 240 -0.46458 4.8215 1.2756 -0.4335 3.5484 1.0853 0.47245 3.4911 1.5573 0.096334 1.9808 2.2395 -0.88027 2.6446 3.3252 -1.343 3.6343 0.62459 -1.8378 2.0797 1.1003 -2.2343 2.6253 2.5557 0.74494 -0.011034 0.3459 0.086883 -1.6472 1.6369 0.69007 -3.2739 0.92415 -0.74494 0.011034 -0.3459 -1.31 -1.8787 0.59553 -0.54109 -3.2169 -0.47028
15 176 252 -0.18921 4.8215 1.3443 -0.19838 3.5484 1.1517 0.7859 3.4911 1.425 0.55985 1.9808 2.1706 -0.1697 2.6446 3.4355 -1.1838 3.6343 0.89016 -1.5688 2.0797 1.4584 -1.6542 2.6253 2.9644 0.80057 -0.011034 0.18346 0.42531 -1.6472 1.5831 0.86714 -3.2739 0.76048 -0.80057 0.011034 -0.18346 -1.1576 -1.8787 0.85488 -0.62705 -3.2169 -0.3475
15 177 240 -0.43253 4.8214 1.2874 -0.39995 3.5483 1.0988 0.50972 3.4956 1.5641 0.12057 2.0241 2.32 -0.73 2.9048 3.3562 -1.3132 3.6297 0.6448 -1.8691 2.1632 1.2993 -2.1478 2.9174 2.6872 0.74504 -0.0205 0.34525 0.01934 -1.5464 1.7315 0.68969 -3.1058 0.93342 -0.74504 0.0205 -0.34525 -1.3614 -1.8069 0.68299 -0.54666 -3.0474 -0.46385
15 177 252 -0.15541 4.8214 1.3492 -0.16276 3.5483 1.158 0.82378 3.4956 1.424 0.60029 2.0241 2.2442 -0.016245 2.9048 3.4347 -1.1505 3.6297 0.90374 -1.5581 2.1632 1.6595 -1.5422 2.9174 3.0751 0.80054 -0.0205 0.1828 0.37892 -1.5464 1.6896 0.86869 -3.1058 0.76962 -0.80054 0.0205 -0.1828 -1.1897 -1.8069 0.95113 -0.63116 -3.0474 -0.34005
15 257 204 -0.6169 4.9794 0.16644 -0.56928 3.6863 0.18473 -0.20307 3.6591 1.1397 0.098974 1.9875 1.1883 -1.2581 1.3369 1.7433 -0.94175 3.7436 -0.76646 -1.1249 2.0789 -1.0548 -1.7426 2.3407 0.40219 0.38394 0.027414 0.72563 -0.17022 -2.0421 1.1577 0.42049 -3.8192 1.0536 -0.38394 -0.027414 -0.72563 -0.79324 -2.1667 -0.54527 -0.044998 -3.854 -0.87853
15 257 216 -0.56881 4.9794 0.29106 -0.51843 3.6863 0.29906 0.038321 3.6591 1.157 0.34387 1.9875 1.1418 -0.86814 1.3369 1.9668 -1.0805 3.7436 -0.55392 -1.3196 2.0789 -0.79787 -1.6209 2.3407 0.75571 0.52642 0.027414 0.62995 0.074207 -2.0421 1.1678 0.63035 -3.8192 0.94313 -0.52642 -0.027414 -0.62995 -0.88928 -2.1667 -0.36843 -0.22667 -3.854 -0.84997
15 257 228 -0.49587 4.9794 0.40297 -0.44492 3.6863 0.40031 0.27804 3.6591 1.1238 0.57375 1.9875 1.0453 -0.44024 1.3369 2.1043 -1.1721 3.7436 -0.31716 -1.4566 2.0789 -0.50608 -1.4284 2.3407 1.0762 0.64589 0.027414 0.50673 0.31539 -2.0421 1.1269 0.81266 -3.8192 0.79147 -0.64589 -0.027414 -0.50673 -0.94645 -2.1667 -0.17549 -0.39844 -3.854 -0.78427
15 257 240 -0.40125 4.9794 0.49726 -0.35197 3.6863 0.48407 0.50561 3.6591 1.0414 0.77854 1.9875 0.90319 0.0068956 1.3369 2.1499 -1.2124 3.7436 -0.066537 -1.53 2.0789 -0.19217 -1.1734 2.3407 1.3497 0.73713 0.027414 0.36137 0.54279 -2.0421 1.0367 0.95946 -3.8192 0.60521 -0.73713 -0.027414 -0.36137 -0.96225 -2.1667 0.02512 -0.55279 -3.854 -0.68429
15 258 204 -0.69077 4.964 0.24879 -0.63272 3.6716 0.24888 -0.20607 3.6446 1.1784 0.2575 2.0107 1.2362 -0.98155 1.355 2.0158 -1.0658 3.7286 -0.67631 -1.2345 2.0596 -0.94821 -1.7473 2.3661 0.54046 0.40975 0.029833 0.71128 -0.18982 -2.0109 1.214 0.4089 -3.7859 1.1202 -0.40975 -0.029833 -0.71128 -0.8172 -2.1681 -0.51466 -0.06194 -3.8444 -0.88546
15 258 216 -0.62394 4.964 0.38698 -0.56715 3.6716 0.37499 0.043442 3.6446 1.1955 0.50889 2.0107 1.1556 -0.54099 1.355 2.1758 -1.1831 3.7286 -0.43993 -1.4047 2.0596 -0.67081 -1.5967 2.3661 0.89193 0.54868 0.029833 0.61054 0.066727 -2.0109 1.2269 0.63286 -3.7859 1.0107 -0.54868 -0.029833 -0.61054 -0.90634 -2.1681 -0.3335 -0.24468 -3.8444 -0.85323
15 258 228 -0.52985 4.964 0.50825 -0.47679 3.6716 0.48471 0.29105 3.6446 1.1604 0.73803 2.0107 1.0245 -0.076798 1.355 2.2407 -1.2488 3.7286 -0.18433 -1.5135 2.0596 -0.3641 -1.3764 2.3661 1.2044 0.66363 0.029833 0.48312 0.32036 -2.0109 1.1862 0.82916 -3.7859 0.85701 -0.66363 -0.029833 -0.48312 -0.95588 -2.1681 -0.13778 -0.41673 -3.8444 -0.78372
C12
15 175 132 -1.0184 4.8288 -0.85751 -0.85604 3.5545 -0.7664 -1.6019 3.4959 -0.068529 -2.0757 1.9559 -0.60885 -2.775 2.4469 -1.9664 -0.11955 3.6418 -1.4712 -0.29989 2.0413 -2.0132 -1.554 2.4322 -2.9336 -0.56512 -0.0013747 0.5961 -1.4983 -1.7445 -0.33531 -1.0818 -3.4291 0.37643 0.56512 0.0013747 -0.5961 -0.089856 -1.9438 -1.3472 0.63185 -3.3732 -0.37062
15 174 132 -0.9465 4.8456 -0.84556 -0.802 3.5686 -0.75793 -1.5669 3.5114 -0.080869 -2.0044 1.9556 -0.60611 -2.6464 2.3317 -2.0271 -0.045983 3.6547 -1.4419 -0.14487 2.0313 -1.9345 -1.3575 2.3383 -2.9386 -0.57502 0.0024753 0.58655 -1.411 -1.8344 -0.25245 -1.0671 -3.5639 0.3865 0.57502 -0.0024753 -0.58655 -0.014351 -1.9986 -1.2536 0.65565 -3.5109 -0.36931
15 174 144 -1.1016 4.8456 -0.63029 -0.94206 3.5686 -0.57463 -1.5495 3.5114 0.24668 -2.0866 1.9556 -0.17613 -3.01 2.3317 -1.4326 -0.34477 3.6547 -1.4008 -0.54391 2.0313 -1.8621 -1.9388 2.3383 -2.5921 -0.44051 0.0024753 0.69329 -1.4326 -1.8344 0.046422 -0.9634 -3.5639 0.59991 0.44051 -0.0024753 -0.69329 -0.27467 -1.9986 -1.2232 0.56454 -3.5109 -0.49756
15 175 132 -1.0184 4.8288 -0.85751 -0.85604 3.5545 -0.7664 -1.6019 3.4959 -0.068529 -2.0757 1.9559 -0.60885 -2.775 2.4469 -1.9664 -0.11955 3.6418 -1.4712 -0.29989 2.0413 -2.0132 -1.554 2.4322 -2.9336 -0.56512 -0.0013747 0.5961 -1.4983 -1.7445 -0.33531 -1.0818 -3.4291 0.37643 0.56512 0.0013747 -0.5961 -0.089856 -1.9438 -1.3472 0.63185 -3.3732 -0.37062
15 175 144 -1.1745 4.8288 -0.62704 -0.99668 3.5545 -0.57167 -1.5812 3.4959 0.26603 -2.1569 1.9559 -0.16398 -3.1232 2.4469 -1.3465 -0.42282 3.6418 -1.4142 -0.7119 2.0413 -1.9068 -2.13 2.4322 -2.5464 -0.42884 -0.0013747 0.70057 -1.5352 -1.7445 -0.016479 -0.97985 -3.4291 0.59311 0.42884 0.0013747 -0.70057 -0.36799 -1.9438 -1.2991 0.54099 -3.3732 -0.49389
15 176 120 -0.87243 4.8215 -1.0402 -0.72314 3.5484 -0.91807 -1.5849 3.4911 -0.36949 -1.9877 1.9808 -1.0363 -2.4395 2.6446 -2.4249 0.13059 3.6343 -1.4754 -0.034044 2.0797 -2.1417 -1.0961 2.6253 -3.2128 -0.67203 -0.011034 0.47218 -1.461 -1.6472 -0.74321 -1.1454 -3.2739 0.13555 0.67203 0.011034 -0.47218 0.13925 -1.8787 -1.4323 0.67782 -3.2169 -0.23346
15 176 132 -1.0696 4.8215 -0.83604 -0.89821 3.5484 -0.74766 -1.6271 3.4911 -0.031905 -2.1597 1.9808 -0.60043 -2.8904 2.6446 -1.8647 -0.17901 3.6343 -1.4703 -0.47859 2.0797 -2.0879 -1.7401 2.6253 -2.9147 -0.55917 -0.011034 0.60159 -1.5836 -1.6472 -0.4232 -1.0922 -3.2739 0.37072 0.55917 0.011034 -0.60159 -0.16157 -1.8787 -1.4299 0.61447 -3.2169 -0.36929
15 177 120 -0.89867 4.8214 -1.0183 -0.75163 3.5483 -0.89578 -1.6094 3.4956 -0.34064 -2.0695 2.0241 -1.0556 -2.5416 2.9048 -2.3103 0.098195 3.6297 -1.4597 -0.19069 2.1632 -2.2683 -1.2533 2.9174 -3.2037 -0.67151 -0.0205 0.4726 -1.5092 -1.5464 -0.849 -1.1532 -3.1058 0.13058 0.67151 0.0205 -0.4726 0.089227 -1.8069 -1.5205 0.67504 -3.0474 -0.2415
15 177 132 -1.0908 4.8214 -0.8092 -0.92145 3.5483 -0.71993 -1.6451 3.4956 0.001424 -2.2437 2.0241 -0.60225 -2.9664 2.9048 -1.7314 -0.20744 3.6297 -1.4482 -0.65813 2.1632 -2.1791 -1.892 2.9174 -2.8731 -0.55858 -0.0205 0.60189 -1.6527 -1.5464 -0.51667 -1.1009 -3.1058 0.36749 0.55858 0.0205 -0.60189 -0.22886 -1.8069 -1.5059 0.61007 -3.0474 -0.37657
15 178 120 -0.89811 4.8324 -0.97597 -0.74276 3.559 -0.86008 -1.5968 3.4888 -0.30107 -2.1267 2.085 -1.0988 -2.5815 3.2231 -2.1335 0.10291 3.6578 -1.4274 -0.32995 2.3337 -2.4008 -1.3604 3.3179 -3.1372 -0.67781 -0.027304 0.46318 -1.5289 -1.4637 -0.94721 -1.1484 -2.9517 0.12927 0.67781 0.027303 -0.46318 0.064421 -1.7423 -1.5897 0.68642 -2.8928 -0.24527
15 178 132 -1.0814 4.8324 -0.76792 -0.90535 3.559 -0.68686 -1.6245 3.4888 0.037505 -2.3087 2.085 -0.63258 -2.9687 3.2231 -1.5502 -0.19612 3.6578 -1.4176 -0.82189 2.3337 -2.2797 -1.983 3.3179 -2.7858 -0.5667 -0.027304 0.59398 -1.6924 -1.4637 -0.60864 -1.0964 -2.9517 0.36521 0.5667 0.027303 -0.59398 -0.26749 -1.7423 -1.5683 0.62043 -2.8928 -0.38262
C13
15 176 48 0.71965 4.8215 -1.1512 0.64967 3.5484 -0.97144 -0.13834 3.4911 -1.6215 0.3714 1.9808 -2.2106 1.5524 2.6446 -3.0695 1.4435 3.6343 -0.33172 2.0264 2.0797 -0.69421 2.7169 2.6253 -2.0353 -0.65674 -0.011034 -0.49322 0.25535 -1.6472 -1.6192 -0.48285 -3.2739 -1.0474 0.65674 0.011034 0.49322 1.4052 -1.8787 -0.31015 0.43149 -3.2169 0.5725
15 175 36 0.95927 4.8288 -0.9232 0.85168 3.5545 -0.77124 0.2356 3.4959 -1.586 0.82248 1.9559 -2.0007 2.2457 2.4469 -2.5542 1.4756 3.6418 0.034888 2.0335 2.0413 -0.087816 3.08 2.4322 -1.2389 -0.53376 -0.0013747 -0.62434 0.49008 -1.7445 -1.455 -0.26129 -3.4291 -1.1152 0.53376 0.0013747 0.62434 1.3492 -1.9438 0.051455 0.30255 -3.3732 0.66713
15 175 48 0.74636 4.8288 -1.1025 0.67272 3.5545 -0.93146 -0.099293 3.4959 -1.6003 0.38854 1.9559 -2.128 1.6656 2.4469 -2.9653 1.4507 3.6418 -0.27268 1.9708 2.0413 -0.50868 2.7551 2.4322 -1.8522 -0.6519 -0.0013747 -0.49972 0.17686 -1.7445 -1.5251 -0.48744 -3.4291 -1.0365 0.6519 0.0013747 0.49972 1.3304 -1.9438 -0.23018 0.43464 -3.3732 0.58965
15 176 36 0.94326 4.8215 -0.97638 0.83745 3.5484 -0.81514 0.20181 3.4911 -1.6148 0.82289 1.9808 -2.0851 2.1566 2.6446 -2.6796 1.4809 3.6343 -0.024345 2.1264 2.0797 -0.25773 3.0807 2.6253 -1.4259 -0.53984 -0.011034 -0.61899 0.58642 -1.6472 -1.5307 -0.25453 -3.2739 -1.1249 0.53984 0.011034 0.61899 1.439 -1.8787 -0.01122 0.30303 -3.2169 0.64971
15 176 48 0.71965 4.8215 -1.1512 0.64967 3.5484 -0.97144 -0.13834 3.4911 -1.6215 0.3714 1.9808 -2.2106 1.5524 2.6446 -3.0695 1.4435 3.6343 -0.33172 2.0264 2.0797 -0.69421 2.7169 2.6253 -2.0353 -0.65674 -0.011034 -0.49322 0.25535 -1.6472 -1.6192 -0.48285 -3.2739 -1.0474 0.65674 0.011034 0.49322 1.4052 -1.8787 -0.31015 0.43149 -3.2169 0.5725
15 177 36 0.91878 4.8214 -1.0002 0.81231 3.5483 -0.84115 0.17054 3.4956 -1.6362 0.83348 2.0241 -2.1685 2.032 2.9048 -2.7692 1.4619 3.6297 -0.054921 2.2359 2.1632 -0.42675 3.0552 2.9174 -1.5813 -0.5402 -0.0205 -0.61843 0.68659 -1.5464 -1.5897 -0.25041 -3.1058 -1.1332 0.5402 0.0205 0.61843 1.5215 -1.8069 -0.0702 0.31074 -3.0474 0.64609
15 177 48 0.69075 4.8214 -1.1694 0.61967 3.5483 -0.99165 -0.17338 3.4956 -1.6359 0.36442 2.0241 -2.2944 1.4118 2.9048 -3.1311 1.4186 3.6297 -0.35768 2.0984 2.1632 -0.8823 2.6596 2.9174 -2.1819 -0.65698 -0.0205 -0.49261 0.34108 -1.5464 -1.6977 -0.48055 -3.1058 -1.0564 0.65698 0.0205 0.49261 1.4737 -1.8069 -0.38501 0.43828 -3.0474 0.56737
15 178 36 0.87675 4.8324 -0.99521 0.77773 3.559 -0.82859 0.13251 3.4888 -1.6195 0.87043 2.085 -2.2299 1.852 3.2231 -2.7904 1.4304 3.6578 -0.046858 2.3531 2.3337 -0.57909 2.9778 3.3179 -1.6809 -0.53149 -0.027304 -0.62568 0.78221 -1.4637 -1.6195 -0.24861 -2.9517 -1.1286 0.53149 0.027303 0.62568 1.5877 -1.7423 -0.1021 0.31568 -2.8928 0.65702
15 178 48 0.65068 4.8324 -1.1557 0.58846 3.559 -0.97218 -0.20711 3.4888 -1.6117 0.38779 2.085 -2.3621 1.2314 3.2231 -3.1145 1.3894 3.6578 -0.34322 2.1813 2.3337 -1.0557 2.5632 3.3179 -2.2633 -0.64996 -0.027304 -0.5015 0.4284 -1.4637 -1.7468 -0.47782 -2.9517 -1.0522 0.64996 0.027303 0.5015 1.5318 -1.7423 -0.42996 0.44538 -2.8928 0.57703
C14
15 258 36 0.62394 4.964 -0.38698 0.56715 3.6716 -0.37499 -0.043443 3.6446 -1.1955 -0.50889 2.0107 -1.1556 0.54099 1.355 -2.1758 1.1831 3.7286 0.43993 1.4047 2.0596 0.67081 1.5967 2.3661 -0.89193 -0.54868 0.029833 -0.61054 -0.066728 -2.0109 -1.2269 -0.63286 -3.7859 -1.0107 0.54868 -0.029833 0.61054 0.90634 -2.1681 0.3335 0.24468 -3.8444 0.85323
15 175 60 0.50084 4.8288 -1.2336 0.46436 3.5545 -1.051 -0.42985 3.4959 -1.5447 -0.062384 1.9559 -2.1623 1.0126 2.4469 -3.2468 1.3623 3.6418 -0.56833 1.822 2.0413 -0.90731 2.3098 2.4322 -2.3845 -0.74156 -0.0013747 -0.35326 -0.14409 -1.7445 -1.5285 -0.69228 -3.4291 -0.91249 0.74156 0.0013747 0.35326 1.2535 -1.9438 -0.50176 0.54774 -3.3732 0.4864
15 176 60 0.46458 4.8215 -1.2756 0.4335 3.5484 -1.0853 -0.47245 3.4911 -1.5573 -0.096333 1.9808 -2.2395 0.88027 2.6446 -3.3252 1.343 3.6343 -0.62459 1.8378 2.0797 -1.1003 2.2343 2.6253 -2.5557 -0.74494 -0.011034 -0.3459 -0.086883 -1.6472 -1.6369 -0.69007 -3.2739 -0.92415 0.74494 0.011034 0.3459 1.31 -1.8787 -0.59553 0.54109 -3.2169 0.47028
15 177 60 0.43253 4.8214 -1.2874 0.39995 3.5483 -1.0988 -0.50972 3.4956 -1.5641 -0.12057 2.0241 -2.32 0.73 2.9048 -3.3562 1.3132 3.6297 -0.6448 1.8691 2.1632 -1.2993 2.1478 2.9174 -2.6872 -0.74504 -0.0205 -0.34525 -0.01934 -1.5464 -1.7315 -0.68969 -3.1058 -0.93342 0.74504 0.0205 0.34525 1.3614 -1.8069 -0.68299 0.54666 -3.0474 0.46385
15 178 60 0.39616 4.8324 -1.2658 0.37348 3.559 -1.0733 -0.53767 3.4888 -1.5334 -0.11179 2.085 -2.3911 0.55695 3.2231 -3.3024 1.2876 3.6578 -0.62459 1.9141 2.3337 -1.4861 2.0367 3.3179 -2.7468 -0.74003 -0.027304 -0.35541 0.055864 -1.4637 -1.7977 -0.68616 -2.9517 -0.92991 0.74003 0.027303 0.35541 1.4089 -1.7423 -0.73903 0.55562 -2.8928 0.47182
15 257 36 0.56881 4.9794 -0.29106 0.51843 3.6863 -0.29906 -0.038322 3.6591 -1.157 -0.34387 1.9875 -1.1418 0.86814 1.3369 -1.9668 1.0805 3.7436 0.55392 1.3196 2.0789 0.79787 1.6209 2.3407 -0.75571 -0.52642 0.027414 -0.62995 -0.074208 -2.0421 -1.1678 -0.63035 -3.8192 -0.94313 0.52642 -0.027414 0.62995 0.88928 -2.1667 0.36843 0.22667 -3.854 0.84997
15 257 48 0.49587 4.9794 -0.40297 0.44492 3.6863 -0.40031 -0.27804 3.6591 -1.1238 -0.57375 1.9875 -1.0453 0.44024 1.3369 -2.1043 1.1721 3.7436 0.31716 1.4566 2.0789 0.50608 1.4284 2.3407 -1.0762 -0.64589 0.027414 -0.50673 -0.31539 -2.0421 -1.1269 -0.81266 -3.8192 -0.79147 0.64589 -0.027414 0.50673 0.94645 -2.1667 0.17549 0.39844 -3.854 0.78427
15 258 36 0.62394 4.964 -0.38698 0.56715 3.6716 -0.37499 -0.043443 3.6446 -1.1955 -0.50889 2.0107 -1.1556 0.54099 1.355 -2.1758 1.1831 3.7286 0.43993 1.4047 2.0596 0.67081 1.5967 2.3661 -0.89193 -0.54868 0.029833 -0.61054 -0.066728 -2.0109 -1.2269 -0.63286 -3.7859 -1.0107 0.54868 -0.029833 0.61054 0.90634 -2.1681 0.3335 0.24468 -3.8444 0.85323
15 259 24 0.69465 4.9646 -0.29907 0.62276 3.6719 -0.27561 0.13213 3.6427 -1.173 -0.44561 2.046 -1.2409 0.67211 1.51 -2.2589 1.1198 3.731 0.61671 1.2725 2.0593 0.88128 1.7176 2.3893 -0.624 -0.42546 0.027327 -0.7021 0.19058 -1.9981 -1.2451 -0.41478 -3.7719 -1.173 0.42546 -0.027327 0.7021 0.79895 -2.1733 0.52236 0.05175 -3.8455 0.92633
15 259 36 0.61729 4.9646 -0.43696 0.55185 3.6719 -0.39906 -0.11463 3.6427 -1.1748 -0.69386 2.046 -1.1211 0.18778 1.51 -2.3492 1.2236 3.731 0.37041 1.4279 2.0593 0.59746 1.5503 2.3893 -0.96748 -0.56213 0.027327 -0.5983 -0.07246 -1.9981 -1.2575 -0.6496 -3.7719 -1.0611 0.56213 -0.027327 0.5983 0.8901 -2.1733 0.34484 0.24321 -3.8455 0.89533
C15
15 176 156 -1.3172 4.8215 -0.3287 -1.1247 3.5484 -0.31768 -1.4994 3.4911 0.63264 -2.2172 1.9808 0.3299 -3.399 2.6446 -0.52788 -0.76155 3.6343 -1.2703 -1.2864 2.0797 -1.7127 -2.7752 2.6253 -1.955 -0.26614 -0.011034 0.77701 -1.6189 -1.6472 0.25751 -0.84696 -3.2739 0.78289 0.26614 0.011034 -0.77701 -0.7292 -1.8787 -1.2406 0.41114 -3.2169 -0.58729
15 174 156 -1.2086 4.8456 -0.38748 -1.0409 3.5686 -0.3662 -1.4644 3.5114 0.56345 -2.0776 1.9556 0.26155 -3.2421 2.3317 -0.7755 -0.62849 3.6547 -1.2986 -0.91917 2.0313 -1.7083 -2.4353 2.3383 -2.1324 -0.28674 0.0024753 0.76972 -1.3917 -1.8344 0.34327 -0.81761 -3.5639 0.78711 0.28674 -0.0024753 -0.76972 -0.52298 -1.9986 -1.1393 0.44875 -3.5109 -0.60406
15 174 168 -1.2627 4.8456 -0.12773 -1.0943 3.5686 -0.14178 -1.3152 3.5114 0.85559 -1.9779 1.9556 0.6878 -3.3325 2.3317 -0.084483 -0.88474 3.6547 -1.1395 -1.2543 2.0313 -1.4799 -2.8255 2.3383 -1.5795 -0.12044 0.0024753 0.81252 -1.2899 -1.8344 0.62512 -0.6361 -3.5639 0.9399 0.12044 -0.0024753 -0.81252 -0.74843 -1.9986 -1.0057 0.31335 -3.5109 -0.68416
15 175 156 -1.2792 4.8288 -0.36915 -1.0938 3.5545 -0.35196 -1.4913 3.4959 0.58896 -2.1439 1.9559 0.28806 -3.3349 2.4469 -0.6677 -0.70761 3.6418 -1.2954 -1.0928 2.0413 -1.7171 -2.6129 2.4322 -2.0479 -0.27381 -0.0013747 0.77442 -1.5051 -1.7445 0.30307 -0.83513 -3.4291 0.78387 0.27381 0.0013747 -0.77442 -0.63004 -1.9438 -1.1942 0.42648 -3.3732 -0.59558
15 175 168 -1.328 4.8288 -0.095133 -1.143 3.5545 -0.11686 -1.3363 3.4959 0.88615 -2.0372 1.9559 0.72751 -3.4008 2.4469 0.040246 -0.96147 3.6418 -1.12 -1.4259 2.0413 -1.4524 -2.9816 2.4322 -1.4599 -0.10682 -0.0013747 0.81442 -1.4092 -1.7445 0.60938 -0.6539 -3.4291 0.94038 0.10682 0.0013747 -0.81442 -0.86455 -1.9438 -1.0371 0.29333 -3.3732 -0.67123
15 176 144 -1.2201 4.8215 -0.59538 -1.034 3.5484 -0.54457 -1.5981 3.4911 0.30708 -2.2373 1.9808 -0.13829 -3.2149 2.6446 -1.223 -0.48079 3.6343 -1.4009 -0.90222 2.0797 -1.9427 -2.3081 2.6253 -2.4892 -0.42187 -0.011034 0.7047 -1.637 -1.6472 -0.084696 -0.99122 -3.2739 0.58969 0.42187 0.011034 -0.7047 -0.45534 -1.8787 -1.3651 0.52426 -3.2169 -0.48897
15 176 156 -1.3172 4.8215 -0.3287 -1.1247 3.5484 -0.31768 -1.4994 3.4911 0.63264 -2.2172 1.9808 0.3299 -3.399 2.6446 -0.52788 -0.76155 3.6343 -1.2703 -1.2864 2.0797 -1.7127 -2.7752 2.6253 -1.955 -0.26614 -0.011034 0.77701 -1.6189 -1.6472 0.25751 -0.84696 -3.2739 0.78289 0.26614 0.011034 -0.77701 -0.7292 -1.8787 -1.2406 0.41114 -3.2169 -0.58729
15 176 168 -1.3568 4.8215 -0.047656 -1.1661 3.5484 -0.076909 -1.3351 3.4911 0.93055 -2.1001 1.9808 0.78367 -3.4344 2.6446 0.19034 -1.009 3.6343 -1.0843 -1.6144 2.0797 -1.4078 -3.121 2.6253 -1.3352 -0.098775 -0.011034 0.81537 -1.5299 -1.6472 0.58846 -0.66568 -3.2739 0.94188 0.098775 0.011034 -0.81537 -0.9712 -1.8787 -1.0619 0.28006 -3.2169 -0.65994
15 177 144 -1.2352 4.8214 -0.56473 -1.051 3.5483 -0.51262 -1.6088 3.4956 0.34343 -2.3199 2.0241 -0.1226 -3.2615 2.9048 -1.0768 -0.504 3.6297 -1.3734 -1.0968 2.1632 -1.9946 -2.448 2.9174 -2.417 -0.42123 -0.0205 0.70487 -1.724 -1.5464 -0.16176 -1.0004 -3.1058 0.58834 0.42123 0.0205 -0.70487 -0.53694 -1.8069 -1.4254 0.51845 -3.0474 -0.49518
15 177 156 -1.3256 4.8214 -0.29559 -1.1346 3.5483 -0.28291 -1.5023 3.4956 0.67042 -2.2947 2.0241 0.36241 -3.4142 2.9048 -0.37518 -0.77854 3.6297 -1.2386 -1.4875 2.1632 -1.723 -2.897 2.9174 -1.8552 -0.26548 -0.0205 0.77705 -1.72 -1.5464 0.20022 -0.85621 -3.1058 0.78348 0.26548 0.0205 -0.77705 -0.82156 -1.8069 -1.2826 0.40417 -3.0474 -0.59216
15 177 168 -1.3581 4.8214 -0.013527 -1.1686 3.5483 -0.040825 -1.3301 3.4956 0.96811 -2.1692 2.0241 0.83158 -3.4176 2.9048 0.34287 -1.019 3.6297 -1.0497 -1.8133 2.1632 -1.3761 -3.2194 2.9174 -1.2123 -0.09812 -0.0205 0.81526 -1.6408 -1.5464 0.55346 -0.67461 -3.1058 0.94438 0.09812 0.0205 -0.81526 -1.0703 -1.8069 -1.0837 0.27222 -3.0474 -0.66325
C16
15 175 324 1.1745 4.8288 0.62704 0.99668 3.5545 0.57167 1.5812 3.4959 -0.26603 2.1569 1.9559 0.16398 3.1232 2.4469 1.3465 0.42282 3.6418 1.4142 0.7119 2.0413 1.9068 2.13 2.4322 2.5464 0.42884 -0.0013747 -0.70057 1.5352 -1.7445 0.016479 0.97985 -3.4291 -0.59311 -0.42884 0.0013747 0.70057 0.36799 -1.9438 1.2991 -0.54099 -3.3732 0.49389
15 174 324 1.1016 4.8456 0.63029 0.94206 3.5686 0.57463 1.5495 3.5114 -0.24668 2.0866 1.9556 0.17613 3.01 2.3317 1.4326 0.34477 3.6547 1.4008 0.54391 2.0313 1.8621 1.9388 2.3383 2.5921 0.44051 0.0024753 -0.69329 1.4326 -1.8344 -0.046422 0.9634 -3.5639 -0.59991 -0.44051 -0.0024753 0.69329 0.27467 -1.9986 1.2232 -0.56454 -3.5109 0.49756
15 174 336 1.2086 4.8456 0.38748 1.0409 3.5686 0.3662 1.4644 3.5114 -0.56345 2.0776 1.9556 -0.26155 3.2421 2.3317 0.7755 0.62849 3.6547 1.2986 0.91917 2.0313 1.7083 2.4353 2.3383 2.1324 0.28674 0.0024753 -0.76972 1.3917 -1.8344 -0.34327 0.81761 -3.5639 -0.78711 -0.28674 -0.0024753 0.76972 0.52298 -1.9986 1.1393 -0.44875 -3.5109 0.60406
15 175 324 1.1745 4.8288 0.62704 0.99668 3.5545 0.57167 1.5812 3.4959 -0.26603 2.1569 1.9559 0.16398 3.1232 2.4469 1.3465 0.42282 3.6418 1.4142 0.7119 2.0413 1.9068 2.13 2.4322 2.5464 0.42884 -0.0013747 -0.70057 1.5352 -1.7445 0.016479 0.97985 -3.4291 -0.59311 -0.42884 0.0013747 0.70057 0.36799 -1.9438 1.2991 -0.54099 -3.3732 0.49389
15 175 336 1.2792 4.8288 0.36915 1.0938 3.5545 0.35196 1.4913 3.4959 -0.58896 2.1439 1.9559 -0.28806 3.3349 2.4469 0.6677 0.70761 3.6418 1.2954 1.0928 2.0413 1.7171 2.6129 2.4322 2.0479 0.27381 -0.0013747 -0.77442 1.5051 -1.7445 -0.30307 0.83513 -3.4291 -0.78387 -0.27381 0.0013747 0.77442 0.63004 -1.9438 1.1942 -0.42648 -3.3732 0.59558
15 176 312 1.0696 4.8215 0.83604 0.89821 3.5484 0.74766 1.6271 3.4911 0.031905 2.1597 1.9808 0.60043 2.8904 2.6446 1.8647 0.17901 3.6343 1.4703 0.47859 2.0797 2.0879 1.7401 2.6253 2.9147 0.55917 -0.011034 -0.60159 1.5836 -1.6472 0.4232 1.0922 -3.2739 -0.37072 -0.55917 0.011034 0.60159 0.16157 -1.8787 1.4299 -0.61447 -3.2169 0.36929
15 176 324 1.2201 4.8215 0.59538 1.034 3.5484 0.54457 1.5981 3.4911 -0.30708 2.2373 1.9808 0.13829 3.2149 2.6446 1.223 0.48079 3.6343 1.4009 0.90222 2.0797 1.9427 2.3081 2.6253 2.4892 0.42187 -0.011034 -0.7047 1.637 -1.6472 0.084696 0.99122 -3.2739 -0.58969 -0.42187 0.011034 0.7047 0.45534 -1.8787 1.3651 -0.52426 -3.2169 0.48897
15 177 312 1.0908 4.8214 0.8092 0.92145 3.5483 0.71993 1.6451 3.4956 -0.0014241 2.2437 2.0241 0.60225 2.9664 2.9048 1.7314 0.20744 3.6297 1.4482 0.65813 2.1632 2.1791 1.892 2.9174 2.8731 0.55858 -0.0205 -0.60189 1.6527 -1.5464 0.51667 1.1009 -3.1058 -0.36749 -0.55858 0.0205 0.60189 0.22886 -1.8069 1.5059 -0.61007 -3.0474 0.37657
15 177 324 1.2352 4.8214 0.56473 1.051 3.5483 0.51262 1.6088 3.4956 -0.34343 2.3199 2.0241 0.1226 3.2615 2.9048 1.0768 0.504 3.6297 1.3734 1.0968 2.1632 1.9946 2.448 2.9174 2.417 0.42123 -0.0205 -0.70487 1.724 -1.5464 0.16176 1.0004 -3.1058 -0.58834 -0.42123 0.0205 0.70487 0.53694 -1.8069 1.4254 -0.51845 -3.0474 0.49518
C17
15 176 96 -0.37394 4.8215 -1.3051 -0.28721 3.5484 -1.1328 -1.2976 3.4911 -0.98218 -1.3943 1.9808 -1.7552 -1.2423 2.6446 -3.2075 0.71938 3.6343 -1.2947 0.84002 2.0797 -1.9704 0.30544 2.6253 -3.3809 -0.80598 -0.011034 0.15802 -1.0324 -1.6472 -1.2732 -1.1015 -3.2739 -0.34204 0.80598 0.011034 -0.15802 0.70977 -1.8787 -1.2518 0.71418 -3.2169 0.062417
15 174 96 -0.26873 4.8456 -1.2404 -0.20333 3.5686 -1.0846 -1.2201 3.5114 -0.98644 -1.2653 1.9556 -1.6685 -0.94945 2.3317 -3.1955 0.81034 3.6547 -1.1936 1.0198 2.0313 -1.6502 0.62903 2.3383 -3.1753 -0.80997 0.0024753 0.13654 -0.99312 -1.8344 -1.0336 -1.0905 -3.5639 -0.31452 0.80997 -0.0024753 -0.13654 0.72521 -1.9986 -1.0226 0.74751 -3.5109 0.086599
15 174 108 -0.52075 4.8456 -1.1574 -0.42438 3.5686 -1.0186 -1.3986 3.5114 -0.7112 -1.5846 1.9556 -1.369 -1.5931 2.3317 -2.9283 0.54447 3.6547 -1.336 0.65447 2.0313 -1.8262 -0.044891 2.3383 -3.2367 -0.76388 0.0024753 0.30196 -1.1863 -1.8344 -0.80453 -1.132 -3.5639 -0.080929 0.76388 -0.0024753 -0.30196 0.49676 -1.9986 -1.151 0.74918 -3.5109 -0.070709
15 175 96 -0.31988 4.8288 -1.2924 -0.24207 3.5545 -1.1232 -1.2557 3.4959 -0.99703 -1.3214 1.9559 -1.7126 -1.0892 2.4469 -3.2219 0.76804 3.6418 -1.2605 0.94069 2.0413 -1.805 0.46708 2.4322 -3.2868 -0.80757 -0.0013747 0.15008 -1.015 -1.7445 -1.1519 -1.0964 -3.4291 -0.3313 0.80757 0.0013747 -0.15008 0.71916 -1.9438 -1.1427 0.72903 -3.3732 0.071554
15 176 96 -0.37394 4.8215 -1.3051 -0.28721 3.5484 -1.1328 -1.2976 3.4911 -0.98218 -1.3943 1.9808 -1.7552 -1.2423 2.6446 -3.2075 0.71938 3.6343 -1.2947 0.84002 2.0797 -1.9704 0.30544 2.6253 -3.3809 -0.80598 -0.011034 0.15802 -1.0324 -1.6472 -1.2732 -1.1015 -3.2739 -0.34204 0.80598 0.011034 -0.15802 0.70977 -1.8787 -1.2518 0.71418 -3.2169 0.062417
15 177 96 -0.4068 4.8214 -1.2958 -0.3223 3.5483 -1.1241 -1.3317 3.4956 -0.96581 -1.4612 2.0241 -1.806 -1.3822 2.9048 -3.1443 0.68341 3.6297 -1.2935 0.7484 2.1632 -2.1498 0.15813 2.9174 -3.4365 -0.80568 -0.0205 0.15861 -1.0334 -1.5464 -1.3894 -1.1066 -3.1058 -0.34976 0.80568 0.0205 -0.15861 0.69997 -1.8069 -1.3528 0.7149 -3.0474 0.05394
15 178 96 -0.4235 4.8324 -1.2569 -0.32871 3.559 -1.0878 -1.3363 3.4888 -0.92451 -1.4959 2.085 -1.8688 -1.4905 3.2231 -2.9991 0.6746 3.6578 -1.2622 0.67505 2.3337 -2.3274 0.033195 3.3179 -3.4193 -0.8076 -0.027304 0.14744 -1.0115 -1.4637 -1.4872 -1.1017 -2.9517 -0.349 0.8076 0.027303 -0.14744 0.70542 -1.7423 -1.426 0.72684 -2.8928 0.055129
15 257 108 -0.10104 4.9794 -0.63092 -0.12422 3.6863 -0.58547 -1.1122 3.6591 -0.32109 -1.1921 1.9875 -0.02578 -1.6023 1.3369 -1.4334 0.86071 3.7436 -0.85647 1.1666 2.0789 -1.0084 -0.21784 2.3407 -1.7751 -0.76179 0.027414 0.30599 -1.1336 -2.0421 -0.2903 -1.0918 -3.8192 0.30805 0.76179 -0.027414 -0.30599 0.6252 -2.1667 -0.7319 0.87842 -3.854 0.047079
15 257 120 -0.23001 4.9794 -0.59612 -0.24323 3.6863 -0.54685 -1.1547 3.6591 -0.082829 -1.1715 1.9875 0.22264 -1.8653 1.3369 -1.069 0.66383 3.7436 -1.0167 0.93143 2.0789 -1.229 -0.58214 2.3407 -1.691 -0.68152 0.027414 0.45768 -1.1692 -2.0421 -0.04827 -1.0039 -3.8192 0.52831 0.68152 -0.027414 -0.45768 0.45937 -2.1667 -0.84589 0.86901 -3.854 -0.13658
15 258 96 -0.023159 4.964 -0.73384 -0.041177 3.6716 -0.67866 -1.0571 3.6446 -0.56013 -1.2552 2.0107 -0.13709 -1.6138 1.355 -1.5564 0.97256 3.7286 -0.80466 1.2833 2.0596 -0.88111 0.02593 2.3661 -1.8288 -0.80308 0.029833 0.1699 -1.0959 -2.0109 -0.55568 -1.1917 -3.7859 0.042732 0.80308 -0.029833 -0.1699 0.742 -2.1681 -0.61817 0.86126 -3.8444 0.21471
15 258 108 -0.17523 4.964 -0.71299 -0.18138 3.6716 -0.65527 -1.1504 3.6446 -0.32812 -1.2563 2.0107 0.12688 -1.9021 1.355 -1.1869 0.78401 3.7286 -0.98929 1.0721 2.0596 -1.1287 -0.35486 2.3661 -1.7942 -0.75021 0.029833 0.33316 -1.1875 -2.0109 -0.31568 -1.1568 -3.7859 0.28957 0.75021 -0.029833 -0.33316 0.59726 -2.1681 -0.75893 0.88709 -3.8444 0.030956
15 259 96 -0.069773 4.9646 -0.75307 -0.069674 3.6719 -0.67745 -1.0747 3.6427 -0.48812 -1.3178 2.046 0.040355 -1.9406 1.51 -1.3372 0.93257 3.731 -0.87444 1.2314 2.0593 -0.93785 -0.062694 2.3893 -1.8264 -0.79921 0.027327 0.18767 -1.1253 -1.9981 -0.56601 -1.2438 -3.7719 0.032006 0.79921 -0.027327 -0.18767 0.74369 -2.1733 -0.59843 0.89698 -3.8455 0.23703
C18
15 258 132 -0.45008 4.964 -0.58008 -0.43222 3.6716 -0.52484 -1.1844 3.6446 0.16817 -1.0961 2.0107 0.62689 -2.2204 1.355 -0.3106 0.31385 3.7286 -1.2226 0.5203 2.0596 -1.4671 -1.0539 2.3661 -1.4947 -0.54985 0.029833 0.60949 -1.2132 -2.0109 0.19461 -0.93899 -3.7859 0.73504 0.54985 -0.029833 -0.60949 0.23694 -2.1681 -0.93624 0.82298 -3.8444 -0.33253
15 174 120 -0.75002 4.8456 -1.0239 -0.62689 3.5686 -0.90811 -1.5159 3.5114 -0.40488 -1.8346 1.9556 -1.0096 -2.1671 2.3317 -2.5331 0.25481 3.6547 -1.42 0.26049 2.0313 -1.9223 -0.71685 2.3383 -3.1566 -0.68441 0.0024753 0.45418 -1.3277 -1.8344 -0.5403 -1.1241 -3.5639 0.1562 0.68441 -0.0024753 -0.45418 0.24659 -1.9986 -1.2292 0.71811 -3.5109 -0.22493
15 175 108 -0.58159 4.8288 -1.1976 -0.47031 3.5545 -1.0483 -1.4356 3.4959 -0.71417 -1.6486 1.9559 -1.4005 -1.7353 2.4469 -2.9251 0.48918 3.6418 -1.3926 0.54486 2.0413 -1.9611 -0.22649 2.4322 -3.3121 -0.75872 -0.0013747 0.31471 -1.2323 -1.7445 -0.91571 -1.1413 -3.4291 -0.096106 0.75872 0.0013747 -0.31471 0.46586 -1.9438 -1.2673 0.72797 -3.3732 -0.081583
15 175 120 -0.81788 4.8288 -1.0505 -0.67799 3.5545 -0.92763 -1.5527 3.4959 -0.40009 -1.9038 1.9559 -1.0271 -2.3055 2.4469 -2.5004 0.18894 3.6418 -1.4639 0.12522 2.0413 -2.0315 -0.91015 2.4322 -3.1926 -0.67671 -0.0013747 0.46558 -1.3958 -1.7445 -0.63949 -1.1364 -3.4291 0.14329 0.67671 0.0013747 -0.46558 0.1922 -1.9438 -1.3364 0.6951 -3.3732 -0.23115
15 176 108 -0.63711 4.8215 -1.1988 -0.51646 3.5484 -1.0484 -1.4734 3.4911 -0.69093 -1.7288 1.9808 -1.4269 -1.8821 2.6446 -2.8791 0.43448 3.6343 -1.416 0.41199 2.0797 -2.102 -0.40416 2.6253 -3.3705 -0.75551 -0.011034 0.32214 -1.2746 -1.6472 -1.0307 -1.1485 -3.2739 -0.10555 0.75551 0.011034 -0.32214 0.434 -1.8787 -1.372 0.71155 -3.2169 -0.087433
15 177 108 -0.66732 4.8214 -1.1829 -0.54896 3.5483 -1.0325 -1.5034 3.4956 -0.66782 -1.8048 2.0241 -1.4628 -2.0057 2.9048 -2.7883 0.39953 3.6297 -1.4074 0.28509 2.1632 -2.2584 -0.55981 2.9174 -3.3943 -0.7551 -0.0205 0.32266 -1.2997 -1.5464 -1.1442 -1.1552 -3.1058 -0.11204 0.7551 0.0205 -0.32266 0.40341 -1.8069 -1.4688 0.7105 -3.0474 -0.095876
15 178 108 -0.67557 4.8324 -1.1414 -0.5477 3.559 -0.99572 -1.4993 3.4888 -0.62648 -1.8518 2.085 -1.5169 -2.0815 3.2231 -2.6237 0.39744 3.6578 -1.3748 0.1764 2.3337 -2.4169 -0.67844 3.3179 -3.3515 -0.75929 -0.027304 0.31213 -1.2986 -1.4637 -1.2444 -1.1502 -2.9517 -0.11232 0.75929 0.027303 -0.31213 0.39352 -1.7423 -1.5415 0.72242 -2.8928 -0.097194
15 257 132 -0.34893 4.9794 -0.53527 -0.35161 3.6863 -0.48433 -1.1467 3.6591 0.15905 -1.0996 1.9875 0.46134 -2.0468 1.3369 -0.65779 0.43794 3.7436 -1.1325 0.65556 2.0789 -1.3958 -0.921 2.3407 -1.533 -0.57147 0.027414 0.58938 -1.1537 -2.0421 0.19587 -0.87208 -3.8192 0.72548 0.57147 -0.027414 -0.58938 0.27346 -2.1667 -0.92292 0.82162 -3.854 -0.31428
15 257 144 -0.45259 4.9794 -0.45103 -0.44462 3.6863 -0.40064 -1.0885 3.6591 0.39398 -0.97962 1.9875 0.67987 -2.1388 1.3369 -0.21787 0.1929 3.7436 -1.1988 0.35104 2.0789 -1.5016 -1.2196 2.3407 -1.308 -0.43644 0.027414 0.69532 -1.0877 -2.0421 0.43145 -0.70218 -3.8192 0.89094 0.43644 -0.027414 -0.69532 0.0756 -2.1667 -0.9596 0.73833 -3.854 -0.47823
15 258 120 -0.31964 4.964 -0.66098 -0.31365 3.6716 -0.60324 -1.1935 3.6446 -0.08176 -1.2025 2.0107 0.38531 -2.1073 1.355 -0.76546 0.5612 3.7286 -1.1307 0.81397 2.0596 -1.3269 -0.72014 2.3661 -1.6812 -0.66455 0.029833 0.48185 -1.2272 -2.0109 -0.061887 -1.0713 -3.7859 0.52375 0.66455 -0.029833 -0.48185 0.42642 -2.1681 -0.86652 0.87414 -3.8444 -0.15416
15 258 132 -0.45008 4.964 -0.58008 -0.43222 3.6716 -0.52484 -1.1844 3.6446 0.16817 -1.0961 2.0107 0.62689 -2.2204 1.355 -0.3106 0.31385 3.7286 -1.2226 0.5203 2.0596 -1.4671 -1.0539 2.3661 -1.4947 -0.54985 0.029833 0.60949 -1.2132 -2.0109 0.19461 -0.93899 -3.7859 0.73504 0.54985 -0.029833 -0.60949 0.23694 -2.1681 -0.93624 0.82298 -3.8444 -0.33253
15 258 144 -0.56085 4.964 -0.47382 -0.53189 3.6716 -0.42351 -1.1236 3.6446 0.41075 -0.94179 2.0107 0.84108 -2.2365 1.355 0.15784 0.052791 3.7286 -1.2612 0.2039 2.0596 -1.5433 -1.3417 2.3661 -1.243 -0.41111 0.029833 0.71049 -1.1463 -2.0109 0.4426 -0.76565 -3.7859 0.9142 0.41111 -0.029833 -0.71049 0.037105 -2.1681 -0.96504 0.73586 -3.8444 -0.49637
C19
15 176 300 0.87243 4.8215 1.0402 0.72314 3.5484 0.91807 1.5849 3.4911 0.36949 1.9877 1.9808 1.0363 2.4395 2.6446 2.4249 -0.13059 3.6343 1.4754 0.034043 2.0797 2.1417 1.0961 2.6253 3.2128 0.67203 -0.011034 -0.47218 1.461 -1.6472 0.74321 1.1454 -3.2739 -0.13555 -0.67203 0.011034 0.47218 -0.13925 -1.8787 1.4323 -0.67782 -3.2169 0.23346
15 174 300 0.75002 4.8456 1.0239 0.62689 3.5686 0.90811 1.5159 3.5114 0.40488 1.8346 1.9556 1.0096 2.1671 2.3317 2.5331 -0.25481 3.6547 1.42 -0.26049 2.0313 1.9223 0.71685 2.3383 3.1566 0.68441 0.0024753 -0.45418 1.3277 -1.8344 0.5403 1.1241 -3.5639 -0.1562 -0.68441 -0.0024753 0.45418 -0.24659 -1.9986 1.2292 -0.71811 -3.5109 0.22493
15 174 312 0.9465 4.8456 0.84556 0.802 3.5686 0.75793 1.5669 3.5114 0.080869 2.0044 1.9556 0.60611 2.6464 2.3317 2.0271 0.045983 3.6547 1.4419 0.14487 2.0313 1.9345 1.3575 2.3383 2.9386 0.57502 0.0024753 -0.58655 1.411 -1.8344 0.25245 1.0671 -3.5639 -0.3865 -0.57502 -0.0024753 0.58655 0.014351 -1.9986 1.2536 -0.65565 -3.5109 0.36931
15 175 300 0.81788 4.8288 1.0505 0.67799 3.5545 0.92763 1.5527 3.4959 0.40009 1.9038 1.9559 1.0271 2.3055 2.4469 2.5004 -0.18894 3.6418 1.4639 -0.12522 2.0413 2.0315 0.91015 2.4322 3.1926 0.67671 -0.0013747 -0.46558 1.3958 -1.7445 0.63949 1.1364 -3.4291 -0.14329 -0.67671 0.0013747 0.46558 -0.1922 -1.9438 1.3364 -0.6951 -3.3732 0.23115
15 175 312 1.0184 4.8288 0.85751 0.85604 3.5545 0.7664 1.6019 3.4959 0.068529 2.0757 1.9559 0.60885 2.775 2.4469 1.9664 0.11955 3.6418 1.4712 0.29989 2.0413 2.0132 1.554 2.4322 2.9336 0.56512 -0.0013747 -0.5961 1.4983 -1.7445 0.33531 1.0818 -3.4291 -0.37643 -0.56512 0.0013747 0.5961 0.089856 -1.9438 1.3472 -0.63185 -3.3732 0.37062
15 176 300 0.87243 4.8215 1.0402 0.72314 3.5484 0.91807 1.5849 3.4911 0.36949 1.9877 1.9808 1.0363 2.4395 2.6446 2.4249 -0.13059 3.6343 1.4754 0.034043 2.0797 2.1417 1.0961 2.6253 3.2128 0.67203 -0.011034 -0.47218 1.461 -1.6472 0.74321 1.1454 -3.2739 -0.13555 -0.67203 0.011034 0.47218 -0.13925 -1.8787 1.4323 -0.67782 -3.2169 0.23346
15 177 288 0.66732 4.8214 1.1829 0.54896 3.5483 1.0325 1.5034 3.4956 0.66782 1.8048 2.0241 1.4628 2.0057 2.9048 2.7883 -0.39953 3.6297 1.4074 -0.28509 2.1632 2.2584 0.55981 2.9174 3.3943 0.7551 -0.0205 -0.32266 1.2997 -1.5464 1.1442 1.1552 -3.1058 0.11204 -0.7551 0.0205 0.32266 -0.40341 -1.8069 1.4688 -0.7105 -3.0474 0.095876
15 177 300 0.89867 4.8214 1.0183 0.75163 3.5483 0.89578 1.6094 3.4956 0.34064 2.0695 2.0241 1.0556 2.5416 2.9048 2.3103 -0.098195 3.6297 1.4597 0.19069 2.1632 2.2683 1.2533 2.9174 3.2037 0.67151 -0.0205 -0.4726 1.5092 -1.5464 0.849 1.1532 -3.1058 -0.13058 -0.67151 0.0205 0.4726 -0.089228 -1.8069 1.5205 -0.67504 -3.0474 0.2415
