0 7 204 0.60869 4.7798 0.45848 0.31045 3.5579 0.31294 1.056 3.4632 -0.32158 1.4333 2.6214 -1.6699 2.424 3.0146 -2.7842 -0.42855 3.6815 0.95007 -0.30787 2.5226 2.0951 0.85081 2.4391 3.1091 0.78086 -0.050315 -0.10596 0.52553 -1.7775 1.0628 0.77634 -3.5613 1.1399 -0.78086 0.050314 0.10596 -0.58801 -2.0005 -0.30771 -0.09999 -3.4268 -1.2969
0 8 180 0.45902 4.7706 0.656 0.19751 3.554 0.42424 1.0902 3.4615 0.021759 1.7214 2.6408 -1.2419 2.8852 3.0351 -2.1735 -0.68965 3.6754 0.83115 -0.75235 2.5108 1.9751 0.22384 2.4587 3.1675 0.7709 -0.055267 0.16173 0.068318 -1.7579 1.1725 0.25508 -3.5423 1.3517 -0.7709 0.055267 -0.16173 -0.42349 -1.9902 -0.49282 0.42995 -3.4007 -1.2229
0 9 168 0.38972 4.7618 0.73553 0.13474 3.5507 0.47294 1.0574 3.4648 0.14339 1.7023 2.6527 -1.1188 2.8616 3.0302 -2.0628 -0.78302 3.6656 0.80745 -0.79416 2.4949 1.9468 0.23266 2.4684 3.0968 0.74243 -0.059207 0.26228 -0.15852 -1.7405 1.1432 -0.023244 -3.5245 1.3662 -0.74243 0.059207 -0.26228 -0.3272 -1.981 -0.54414 0.6604 -3.3802 -1.1078
0 10 156 0.29611 4.7571 0.79261 0.059641 3.5494 0.50174 1.0105 3.4719 0.26255 1.7025 2.664 -0.97728 2.8944 3.0016 -1.8956 -0.88701 3.6559 0.74641 -0.86307 2.4832 1.8835 0.21912 2.4843 2.9819 0.69687 -0.0623 0.36605 -0.36963 -1.7269 1.0773 -0.30572 -3.5113 1.3283 -0.69687 0.0623 -0.36605 -0.21399 -1.9714 -0.57876 0.86668 -3.3658 -0.9512
0 11 144 0.16214 4.7522 0.83711 -0.04621 3.5479 0.51499 0.92627 3.4789 0.38502 1.7261 2.6587 -0.77953 2.9842 2.9378 -1.6263 -1.0154 3.6458 0.65104 -0.97056 2.4795 1.794 0.16152 2.5142 2.8404 0.63218 -0.058336 0.46952 -0.54684 -1.7182 0.98815 -0.56577 -3.503 1.2434 -0.63218 0.058336 -0.46952 -0.10717 -1.9725 -0.58945 1.0389 -3.3547 -0.75369
0 12 132 -0.010465 4.7479 0.85589 -0.17447 3.5455 0.50367 0.80725 3.4861 0.5116 1.7565 2.6451 -0.51808 3.1106 2.8676 -1.2213 -1.154 3.6339 0.50249 -1.1075 2.4813 1.6592 0.056805 2.5625 2.6669 0.54738 -0.051195 0.56679 -0.69761 -1.7155 0.87418 -0.80771 -3.4998 1.1084 -0.54738 0.051195 -0.56679 -0.0037432 -1.9782 -0.58006 1.1667 -3.3486 -0.52346
0 12 144 0.16771 4.7479 0.83936 -0.065936 3.5455 0.52894 0.89598 3.4861 0.33258 1.6104 2.6451 -0.87196 2.7887 2.8676 -1.8414 -1.0243 3.6339 0.73145 -0.73833 2.4813 1.8532 0.61005 2.5625 2.5968 0.65326 -0.051195 0.4406 -0.50061 -1.7155 1.0001 -0.55961 -3.4998 1.2521 -0.65326 0.051195 -0.4406 -0.12426 -1.9782 -0.5666 1.0323 -3.3486 -0.75459
0 13 132 -0.010552 4.749 0.85451 -0.18168 3.5459 0.50748 0.8001 3.496 0.4761 1.7153 2.6315 -0.56504 3.047 2.7994 -1.3239 -1.1613 3.6247 0.54582 -0.91174 2.4846 1.6888 0.42719 2.634 2.4389 0.56854 -0.046401 0.546 -0.65631 -1.7182 0.89133 -0.80853 -3.5007 1.1157 -0.56854 0.046401 -0.546 -0.0060622 -1.9779 -0.55871 1.1671 -3.3466 -0.52356
0 14 120 -0.22565 4.7451 0.84473 -0.31585 3.542 0.46803 0.65358 3.5022 0.62926 1.7594 2.6093 -0.17606 3.2322 2.7391 -0.61406 -1.2849 3.6107 0.31431 -1.1344 2.472 1.476 0.14372 2.6952 2.3092 0.45838 -0.039922 0.64171 -0.79289 -1.7237 0.75806 -1.027 -3.5023 0.93879 -0.45838 0.039922 -0.64171 0.10143 -1.9819 -0.52714 1.2451 -3.3508 -0.26466
0 14 132 -0.045089 4.7451 0.87319 -0.21164 3.542 0.52347 0.77013 3.5022 0.47962 1.6844 2.6093 -0.53801 3.0339 2.7391 -1.2727 -1.1914 3.6107 0.57459 -0.80274 2.472 1.6796 0.62068 2.6952 2.2288 0.58179 -0.039922 0.53238 -0.61795 -1.7237 0.90634 -0.80941 -3.5023 1.1318 -0.58178 0.039922 -0.53238 -0.010389 -1.9819 -0.53671 1.1629 -3.3508 -0.51776
0 15 120 -0.27525 4.7463 0.82954 -0.34725 3.541 0.45474 0.61912 3.5078 0.63469 1.7472 2.5945 -0.11507 3.2445 2.7051 -0.46649 -1.3136 3.603 0.28242 -1.1001 2.4694 1.4392 0.23991 2.7527 2.1476 0.45399 -0.032722 0.64523 -0.77656 -1.7313 0.76656 -1.0299 -3.508 0.94082 -0.45399 0.032722 -0.64523 0.088939 -1.9935 -0.52649 1.2398 -3.3568 -0.26597
0 15 132 -0.096769 4.7463 0.86864 -0.24512 3.541 0.517 0.73755 3.5078 0.49209 1.6851 2.5945 -0.47581 3.0766 2.7051 -1.1309 -1.2262 3.603 0.54936 -0.77683 2.4694 1.6365 0.68118 2.7527 2.0508 0.57822 -0.032722 0.53674 -0.60022 -1.7313 0.91127 -0.81176 -3.508 1.1344 -0.57822 0.032722 -0.53674 -0.022467 -1.9935 -0.53348 1.1574 -3.3568 -0.51792
0 16 120 -0.32101 4.7499 0.80928 -0.36168 3.5427 0.43441 0.59436 3.5134 0.66351 1.7612 2.584 -0.0024621 3.2851 2.6857 -0.21507 -1.3182 3.6008 0.213 -1.131 2.4746 1.3815 0.22375 2.786 2.0488 0.43732 -0.032658 0.65665 -0.78641 -1.7371 0.76439 -1.033 -3.5147 0.93889 -0.43732 0.032658 -0.65665 0.093769 -1.9965 -0.53505 1.2371 -3.3644 -0.26565
0 16 132 -0.14574 4.7499 0.85834 -0.26346 3.5427 0.50012 0.71933 3.5134 0.52544 1.7222 2.584 -0.36859 3.1686 2.6857 -0.89337 -1.2451 3.6008 0.48242 -0.81909 2.4746 1.5865 0.64482 2.786 1.9575 0.56428 -0.032658 0.55138 -0.6103 -1.7371 0.91119 -0.81518 -3.5147 1.1331 -0.56428 0.032658 -0.55138 -0.019522 -1.9965 -0.54285 1.1548 -3.3644 -0.51706
0 17 132 -0.2113 4.7532 0.82568 -0.30186 3.544 0.4652 0.67655 3.5096 0.55954 1.7617 2.574 -0.22521 3.2595 2.676 -0.57735 -1.2795 3.6073 0.37833 -0.95619 2.4895 1.5249 0.49195 2.7971 1.9561 0.53607 -0.027241 0.57912 -0.62987 -1.7439 0.90788 -0.82389 -3.5228 1.1286 -0.53607 0.027241 -0.57912 -0.02891 -2.0116 -0.56226 1.1472 -3.3774 -0.51448
0 17 144 -0.035016 4.7532 0.85157 -0.19854 3.544 0.51779 0.7781 3.5096 0.40665 1.6764 2.574 -0.58657 3.0682 2.676 -1.2424 -1.1729 3.6073 0.63609 -0.61824 2.4895 1.6904 0.8879 2.7971 1.8111 0.64477 -0.027241 0.45501 -0.42735 -1.7439 1.019 -0.57124 -3.5228 1.2752 -0.64477 0.027241 -0.45501 -0.14518 -2.0116 -0.54397 1.0152 -3.3774 -0.74175
0 18 144 -0.12287 4.7605 0.81325 -0.24485 3.5469 0.47591 0.73787 3.5081 0.46532 1.7457 2.5718 -0.41571 3.213 2.6852 -0.8762 -1.2259 3.6147 0.49356 -0.83235 2.5071 1.628 0.65498 2.7874 1.9229 0.60938 -0.022707 0.50163 -0.47329 -1.7482 1.0162 -0.59341 -3.5295 1.2678 -0.60938 0.022707 -0.50163 -0.15853 -2.0282 -0.57218 1.0066 -3.3943 -0.73634
0 18 156 0.048897 4.7605 0.82103 -0.14056 3.5469 0.51641 0.81849 3.5081 0.30174 1.6212 2.5718 -0.76959 2.9606 2.6852 -1.5251 -1.0965 3.6147 0.73766 -0.47567 2.5071 1.7655 1.0405 2.7874 1.7447 0.70036 -0.022707 0.36397 -0.25167 -1.7482 1.0924 -0.31685 -3.5295 1.3635 -0.70036 0.022707 -0.36397 -0.27403 -2.0282 -0.52672 0.83153 -3.3943 -0.92953
0 19 156 -0.068522 4.7674 0.78917 -0.20989 3.5486 0.4781 0.76837 3.5092 0.38413 1.708 2.5621 -0.55869 3.1443 2.6891 -1.1051 -1.1859 3.617 0.57872 -0.76367 2.5205 1.7137 0.73735 2.7515 1.9805 0.66292 -0.01656 0.42867 -0.31548 -1.7526 1.0944 -0.36423 -3.5361 1.3545 -0.66292 0.01656 -0.42867 -0.30382 -2.0492 -0.56275 0.81836 -3.4127 -0.92674
0 19 168 0.097052 4.7674 0.78617 -0.1059 3.5486 0.51129 0.83144 3.5092 0.21599 1.5545 2.5621 -0.90159 2.8458 2.6891 -1.7347 -1.0396 3.617 0.81263 -0.39069 2.5205 1.835 1.133 2.7515 1.7839 0.73756 -0.01656 0.28147 -0.081045 -1.7526 1.1361 -0.074643 -3.5361 1.4007 -0.73756 0.01656 -0.28147 -0.41418 -2.0492 -0.48728 0.60779 -3.4127 -1.0766
0 20 180 0.13675 4.7724 0.75292 -0.081082 3.55 0.50735 0.83063 3.5151 0.14002 1.4882 2.5626 -1.0128 2.7404 2.7005 -1.9021 -0.98895 3.614 0.88023 -0.33211 2.5329 1.914 1.2004 2.7034 1.9099 0.7623 -0.010969 0.20563 0.09849 -1.7648 1.1531 0.19284 -3.5503 1.386 -0.7623 0.010969 -0.20563 -0.55299 -2.0688 -0.41767 0.35583 -3.4325 -1.1696
0 21 192 0.1586 4.7776 0.72726 -0.060959 3.5512 0.50352 0.82687 3.523 0.081224 1.4388 2.5706 -1.0966 2.6677 2.7214 -2.0157 -0.94488 3.6085 0.93103 -0.29641 2.5424 1.9853 1.2378 2.6562 2.0904 0.77825 -0.0042086 0.13346 0.27715 -1.7775 1.1428 0.44638 -3.5632 1.3256 -0.77825 0.0042086 -0.13346 -0.68387 -2.086 -0.32406 0.086051 -3.455 -1.2094
0 22 204 0.18712 4.7831 0.7016 -0.029364 3.5528 0.49651 0.83759 3.5281 0.032663 1.4185 2.573 -1.1586 2.6296 2.7389 -2.0986 -0.89235 3.6066 0.96526 -0.26527 2.5532 2.045 1.2537 2.6188 2.3019 0.78708 -0.0028431 0.063147 0.4455 -1.7937 1.1075 0.68372 -3.5781 1.2078 -0.78709 0.0028429 -0.063146 -0.7878 -2.093 -0.21072 -0.18185 -3.4785 -1.1927
0 46 72 0.37638 4.7702 0.43949 0.27715 3.5705 0.097079 0.96218 3.6012 -0.60802 1.7077 2.3657 0.15782 1.1982 2.3564 1.6131 -0.40547 3.5694 0.80517 -1.7098 2.594 0.67799 -3.1398 2.1236 1.0118 -0.039467 0.036216 -0.7878 -0.22421 -2.0565 -0.76253 -1.1157 -3.5429 -0.26566 0.039467 -0.036216 0.7878 1.117 -1.8093 0.45685 1.2527 -3.5905 0.70154
0 64 0 0.43931 4.8117 0.29237 0.31475 3.5691 0.1115 0.88871 3.5459 -0.68688 1.8277 2.2432 -0.38698 2.4461 2.4428 1.0114 -0.255 3.6216 0.91149 -1.1493 2.5921 1.8109 -1.2996 2.308 3.319 0.21994 0.01641 -0.75819 0.60067 -2.0428 -0.92851 -0.0064421 -3.6943 -1.3219 -0.21994 -0.01641 0.75819 0.42282 -1.9975 1.0346 -0.21717 -3.6782 1.1639
0 66 348 0.43411 4.8156 0.28742 0.31223 3.5691 0.12469 0.90502 3.5409 -0.65963 1.7992 2.1925 -0.43335 2.653 2.3543 0.84044 -0.27624 3.6268 0.91065 -1.1044 2.5502 1.8183 -1.0883 2.2269 3.3259 0.28318 0.012561 -0.73699 0.73669 -2.035 -0.86395 0.28115 -3.7083 -1.3574 -0.28318 -0.012561 0.73699 0.25778 -2.0182 1.052 -0.4392 -3.6809 1.0361
0 67 348 0.45686 4.8187 0.23116 0.31981 3.5697 0.096703 0.84598 3.5373 -0.73363 1.7177 2.1604 -0.61973 2.8037 2.3034 0.4656 -0.20196 3.6316 0.92814 -0.89071 2.52 1.9073 -0.63913 2.1697 3.3877 0.24957 0.0079436 -0.7491 0.72393 -2.0338 -0.89293 0.29072 -3.7108 -1.3938 -0.24957 -0.0079432 0.7491 0.27795 -2.0234 1.0208 -0.42986 -3.6816 1.0019
0 69 336 0.44304 4.8218 0.25662 0.30092 3.5698 0.15288 0.87288 3.5182 -0.64559 1.6477 2.0842 -0.53572 2.8933 2.1819 0.36793 -0.26625 3.6508 0.95233 -0.84916 2.4473 1.8907 -0.45932 2.0232 3.321 0.35156 0.011395 -0.70695 0.88615 -2.0194 -0.77288 0.59784 -3.7025 -1.3516 -0.35156 -0.011395 0.70695 0.12113 -2.036 1.0103 -0.59634 -3.6809 0.8366
0 71 324 0.42206 4.8198 0.32972 0.27891 3.5661 0.24627 0.91254 3.4975 -0.50284 1.5565 2.0019 -0.37163 2.877 2.0085 0.42454 -0.34969 3.6641 0.99636 -0.77845 2.3555 1.8753 -0.32342 1.8133 3.2452 0.46031 0.021043 -0.64123 1.0762 -1.9861 -0.56251 0.8694 -3.6744 -1.1606 -0.4603 -0.021043 0.64123 -0.027821 -2.0442 1.0073 -0.71415 -3.6761 0.66529
0 72 324 0.41959 4.82 0.32857 0.26554 3.5661 0.26052 0.8544 3.4991 -0.52441 1.4391 1.9762 -0.43683 2.8354 1.9138 0.21423 -0.3182 3.6626 1.0462 -0.586 2.3042 1.9134 0.033936 1.7016 3.1901 0.44086 0.030828 -0.65436 1.0831 -1.967 -0.5516 0.82707 -3.6687 -1.0896 -0.44086 -0.030828 0.65436 0.0063205 -2.0549 0.99716 -0.70407 -3.675 0.64849
0 74 312 0.33412 4.8229 0.38338 0.19385 3.5679 0.30974 0.85997 3.5037 -0.41104 1.3096 1.9367 -0.30475 2.6301 1.7059 0.45718 -0.46723 3.6615 1.0319 -0.60417 2.2098 1.7686 0.025191 1.4898 2.9782 0.53219 0.037512 -0.58213 1.1125 -1.9597 -0.2842 0.88031 -3.6743 -0.79133 -0.53219 -0.037512 0.58213 -0.16512 -2.0728 0.95272 -0.82166 -3.68 0.46627
0 75 312 0.33771 4.8252 0.35796 0.20123 3.5694 0.29259 0.83768 3.5088 -0.45482 1.2311 1.9246 -0.38942 2.5491 1.5753 0.33062 -0.43026 3.6593 1.0413 -0.45041 2.1702 1.7126 0.28247 1.3938 2.8251 0.51582 0.033689 -0.59691 1.0666 -1.9688 -0.27937 0.81151 -3.686 -0.7665 -0.51582 -0.033688 0.59691 -0.16883 -2.0774 0.93892 -0.83471 -3.6825 0.4579
0 106 300 0.29401 4.8273 0.27157 0.25715 3.5681 0.2476 1.1284 3.4909 -0.2022 1.701 2.204 0.62524 2.006 2.0464 2.1285 -0.61 3.6748 0.6993 -0.44122 2.515 1.8373 0.67691 2.151 2.8348 0.69435 -0.012396 -0.3758 0.94157 -2.0527 0.060338 0.71852 -3.7495 -0.50733 -0.69435 0.012396 0.3758 -0.59643 -2.0367 0.82975 -1.0444 -3.7266 0.38895
0 107 300 0.29451 4.8283 0.2609 0.25617 3.5692 0.23553 1.1272 3.4932 -0.215 1.6074 2.0794 0.44776 1.9699 1.6964 1.8968 -0.61071 3.6747 0.68804 -0.54448 2.3771 1.6783 0.47134 1.8546 2.7141 0.6956 -0.013959 -0.37341 0.93346 -2.0574 0.053076 0.71033 -3.7492 -0.52917 -0.6956 0.013959 0.37341 -0.6055 -2.0385 0.81333 -1.0499 -3.7272 0.3643
0 107 312 0.34232 4.8283 0.19396 0.29954 3.5692 0.17712 1.0578 3.4932 -0.44465 1.6653 2.0794 0.10378 2.3212 1.6964 1.4457 -0.45431 3.6747 0.79998 -0.18364 2.3771 1.7548 1.0253 1.8546 2.5568 0.60277 -0.013959 -0.50988 0.92409 -2.0574 -0.14216 0.58479 -3.7492 -0.66529 -0.60277 0.013959 0.50988 -0.42317 -2.0385 0.92145 -0.95119 -3.7272 0.57462
0 108 312 0.3273 4.8316 0.17277 0.28039 3.5718 0.15636 1.0359 3.495 -0.4687 1.5118 1.9817 -0.078771 2.2189 1.3933 1.1587 -0.47078 3.678 0.78231 -0.33584 2.2703 1.6001 0.75553 1.576 2.4395 0.60347 -0.014527 -0.50903 0.91179 -2.062 -0.15257 0.5664 -3.7486 -0.68821 -0.60347 0.014527 0.50903 -0.43847 -2.0419 0.90664 -0.96685 -3.7283 0.549
2 106 312 1.0705 4.5401 1.3241 0.84837 3.3423 0.99385 1.5666 3.3338 0.32201 1.2406 2.1186 -0.71999 1.579 0.81308 -1.4675 0.13815 3.3785 1.6733 -0.72828 2.0535 1.2702 -1.1236 0.56314 1.2783 0.57833 0.014305 -0.53742 1.1461 -1.9131 0.076477 0.78149 -3.5815 -0.50192 -0.57833 -0.014305 0.53743 -0.10114 -1.9831 1.0946 -0.71326 -3.5712 0.49948
2 107 312 0.98775 4.5811 1.2414 0.78954 3.3721 0.93583 1.5039 3.3687 0.25977 1.205 2.1341 -0.76735 1.5963 0.83203 -1.4948 0.082547 3.4035 1.6189 -0.73588 2.0354 1.2624 -1.0892 0.5354 1.3167 0.57631 0.015688 -0.53956 1.1066 -1.937 0.026329 0.76532 -3.6122 -0.54641 -0.57631 -0.015688 0.53956 -0.15228 -2.0137 1.032 -0.75097 -3.6159 0.46162
2 108 312 0.91504 4.6124 1.1752 0.73621 3.3969 0.88439 1.4463 3.3977 0.20382 1.1874 2.1266 -0.78908 1.6514 0.82061 -1.4649 0.033074 3.4243 1.5716 -0.72342 2.0047 1.2867 -1.0044 0.49498 1.4267 0.57557 0.017576 -0.54029 1.0701 -1.9536 -0.0070177 0.77588 -3.6375 -0.5803 -0.57557 -0.017576 0.54029 -0.18709 -2.035 0.97984 -0.78628 -3.6443 0.43003
3 48 48 0.19364 4.8211 0.2047 0.30568 3.5645 0.20597 1.0677 3.5595 -0.41582 0.89629 2.1087 -1.147 1.2204 0.60127 -1.1609 -0.45601 3.5992 0.82726 -0.65966 2.0097 1.1448 0.29291 1.5192 2.2537 0.63978 -0.031665 -0.46172 1.6489 -1.5075 0.6419 0.42219 -1.8535 -0.63336 -0.63978 0.031664 0.46172 -0.71259 -2.0062 -0.044484 -0.75921 -3.7498 -0.50098
3 49 48 0.10753 4.8261 0.16236 0.23283 3.5709 0.18036 0.97297 3.5631 -0.46732 0.72606 2.1869 -1.3122 0.99906 0.67709 -1.4658 -0.50729 3.6084 0.82702 -0.5646 2.0698 1.3731 0.49529 2.1895 2.4866 0.65344 -0.022913 -0.44271 1.7709 -1.3421 0.75116 0.46834 -1.3443 -0.49554 -0.65344 0.022914 0.44271 -0.73981 -2.0084 -0.08701 -0.80079 -3.7457 -0.56556
3 50 48 0.045064 4.8254 0.12883 0.19128 3.5728 0.16353 0.90752 3.5686 -0.51052 0.62349 2.2555 -1.4401 0.87557 0.75606 -1.6963 -0.52543 3.6067 0.83623 -0.44055 2.1822 1.6314 0.59955 2.7296 2.6295 0.65686 -0.017625 -0.43787 1.7664 -1.1829 0.91321 0.48849 -1.1329 -0.35777 -0.65686 0.017625 0.43787 -0.7628 -2.0023 -0.13026 -0.83744 -3.7304 -0.63944
3 51 48 0.019104 4.8275 0.10139 0.17026 3.5754 0.14008 0.87681 3.574 -0.54414 0.57712 2.3129 -1.5385 0.80392 0.82369 -1.8677 -0.53689 3.6066 0.82296 -0.34436 2.3293 1.8231 0.65777 3.0902 2.7144 0.65492 -0.020697 -0.44062 1.6737 -1.0089 1.1085 0.49131 -1.3128 -0.2183 -0.65492 0.020697 0.44063 -0.78792 -1.984 -0.174 -0.88492 -3.6989 -0.72232
3 52 48 0.018344 4.8268 0.098979 0.17509 3.5754 0.13537 0.87626 3.5783 -0.55435 0.56489 2.3563 -1.5928 0.771 0.87472 -1.9671 -0.52679 3.6023 0.82385 -0.27237 2.4246 1.9271 0.6973 3.2753 2.7719 0.65671 -0.025131 -0.43772 1.6026 -0.96682 1.1849 0.52769 -1.7389 -0.039629 -0.65671 0.025131 0.43772 -0.81606 -1.9661 -0.21327 -0.93475 -3.6696 -0.79199
3 53 48 0.024966 4.8258 0.098651 0.18648 3.575 0.12729 0.88924 3.5832 -0.56077 0.57148 2.384 -1.6236 0.75549 0.90424 -2.0162 -0.51705 3.5966 0.81427 -0.21777 2.4616 1.9505 0.72913 3.3503 2.7819 0.65287 -0.030184 -0.44311 1.5234 -1.085 1.1518 0.57833 -2.2629 0.16682 -0.65287 0.030185 0.44311 -0.8445 -1.9457 -0.24492 -0.99114 -3.6358 -0.85556
3 84 288 0.4431 4.8082 -0.086916 0.18832 3.579 0.056738 0.6155 3.5718 0.94264 1.6966 2.3475 0.97306 1.7585 0.92373 1.5618 -0.23429 3.6156 -0.83063 -1.2063 2.3344 -1.1175 -2.475 2.9403 -0.48431 0.22614 -0.036224 0.75568 -1.6318 -0.96893 1.0595 -0.53287 -2.333 0.63231 -0.22614 0.036224 -0.75567 0.38388 -1.9742 -0.7416 0.92051 -3.6952 -0.70562
4 0 312 0.9486 4.7086 0.54371 0.61795 3.4878 0.48249 1.2887 3.3334 -0.22011 1.2946 1.7423 -0.59029 2.3366 0.93115 0.20592 -0.044128 3.6708 1.1865 -0.82673 2.237 1.2139 -0.69061 0.91356 1.9933 0.5261 0.026003 -0.58825 0.82083 -1.9794 -0.03513 0.33156 -3.693 -0.30873 -0.5261 -0.026004 0.58825 -0.046876 -2.0332 0.9831 -1.0857 -3.0055 -0.12433
4 1 312 1.0094 4.6913 0.58503 0.65532 3.4778 0.50541 1.3329 3.3276 -0.19152 1.3754 1.7307 -0.53309 2.4074 1.012 0.35925 -0.01353 3.6565 1.204 -0.83961 2.2471 1.2031 -0.72142 0.92765 1.9923 0.52423 0.024606 -0.58998 0.78541 -1.996 -0.076751 0.2179 -3.6748 -0.40909 -0.52423 -0.024606 0.58998 0.10422 -1.969 1.0785 -0.87418 -3.1002 0.071495
4 2 312 1.0552 4.6781 0.61868 0.68987 3.469 0.52584 1.3674 3.3185 -0.17104 1.4367 1.7179 -0.49051 2.4544 1.0958 0.48669 0.021236 3.6478 1.2246 -0.84879 2.2656 1.1889 -0.72587 0.95206 1.9871 0.52048 0.023084 -0.59335 0.72115 -2.017 -0.13263 0.089356 -3.6611 -0.51791 -0.52048 -0.023084 0.59335 0.24049 -1.8994 1.1543 -0.6318 -3.2083 0.27303
4 3 300 0.9405 4.6605 0.88185 0.58941 3.4583 0.69335 1.3941 3.306 0.14864 1.5469 1.7051 -0.13838 2.303 1.1939 1.1045 -0.20659 3.6388 1.2421 -1.0822 2.285 0.97915 -1.1047 0.9804 1.8008 0.63098 0.023639 -0.47414 0.66318 -2.0382 -0.071577 0.087083 -3.6539 -0.62699 -0.63098 -0.023639 0.47414 0.087348 -1.8374 1.2543 -0.45235 -3.3146 0.37249
4 4 300 0.95009 4.6506 0.92962 0.60342 3.449 0.73046 1.4115 3.3011 0.18962 1.5731 1.7009 -0.096963 2.2946 1.2903 1.2025 -0.19585 3.6249 1.2759 -1.1022 2.3024 0.9629 -1.0722 1.0192 1.8175 0.62917 0.025833 -0.47642 0.57739 -2.0559 -0.19717 -0.027998 -3.6498 -0.78348 -0.62917 -0.025833 0.47642 0.15742 -1.7845 1.3147 -0.20876 -3.4009 0.60472
4 5 300 0.93239 4.6449 0.98327 0.60031 3.4413 0.7733 1.4168 3.3043 0.24239 1.5859 1.7071 -0.056418 2.2653 1.3926 1.2916 -0.20756 3.6063 1.3095 -1.139 2.3155 0.94174 -1.0463 1.0787 1.8579 0.62911 0.031029 -0.47619 0.47927 -2.0601 -0.33861 -0.15099 -3.637 -0.94445 -0.62911 -0.031029 0.47619 0.20418 -1.7434 1.3638 0.036398 -3.4536 0.81805
4 6 300 0.90135 4.6411 1.0375 0.58424 3.437 0.80947 1.4081 3.3141 0.28651 1.5864 1.7227 -0.03653 2.2166 1.4867 1.3509 -0.23118 3.5878 1.3383 -1.1654 2.3165 0.91423 -1.0022 1.1662 1.9281 0.63205 0.036264 -0.4719 0.38074 -2.0496 -0.48869 -0.27441 -3.6075 -1.117 -0.63205 -0.036264 0.4719 0.223 -1.725 1.3837 0.25456 -3.4805 0.97341
4 7 300 0.85995 4.6339 1.1082 0.55479 3.4318 0.85448 1.3868 3.3261 0.34075 1.5748 1.7435 -0.017984 2.1498 1.5554 1.4003 -0.26911 3.5654 1.3748 -1.1824 2.2895 0.92021 -0.92083 1.2532 2.0317 0.63478 0.045022 -0.46747 0.27953 -2.0179 -0.64742 -0.39436 -3.5599 -1.2948 -0.63478 -0.045023 0.46747 0.23638 -1.7206 1.3883 0.42899 -3.4861 1.0771
4 16 300 0.61277 4.5568 1.5471 0.4648 3.3645 1.1492 1.3287 3.4039 0.68075 1.4906 2.1455 -0.34832 2.0578 1.0413 0.56638 -0.39445 3.3527 1.6277 -0.6178 1.7419 1.7834 0.4054 2.1578 2.8594 0.69032 0.035894 -0.38167 1.2279 -1.8771 0.30087 0.47849 -2.5675 -1.1867 -0.69032 -0.035894 0.38167 0.034698 -1.9266 0.94181 -0.20749 -3.2028 -0.30866
4 17 300 0.60229 4.5489 1.5693 0.42705 3.3575 1.1788 1.286 3.3859 0.7005 1.4193 2.2284 -0.44452 2.0427 1.11 0.41466 -0.42688 3.3568 1.6668 -0.63851 1.7527 1.8922 0.40295 2.2795 2.8999 0.7066 0.039956 -0.35016 1.3087 -1.7234 0.62051 0.8058 -2.7447 -0.77769 -0.7066 -0.039955 0.35016 -0.091984 -2.0126 0.73109 -0.34984 -3.2337 -0.57023
4 18 300 0.55547 4.5588 1.5539 0.35958 3.3666 1.1747 1.2134 3.3917 0.68711 1.3114 2.3066 -0.53015 1.9993 1.1857 0.27487 -0.48909 3.3693 1.6718 -0.7178 1.7701 1.9149 0.33941 2.3381 2.883 0.72058 0.046396 -0.31954 1.2919 -1.6456 0.78726 1.1046 -3.0406 -0.33964 -0.72058 -0.046396 0.31954 -0.24668 -2.0856 0.49668 -0.50535 -3.2763 -0.83229
4 29 0 0.71164 4.5882 1.3617 0.43596 3.384 1.0835 1.1587 3.3915 0.41644 1.4399 2.0051 -0.4007 2.5263 1.7031 0.65103 -0.27979 3.4046 1.7577 -1.2708 2.1723 1.3477 -0.28174 1.554 2.3563 0.52885 0.14872 -0.56719 0.81012 -1.9331 -0.53254 0.1354 -3.3549 -1.4124 -0.52885 -0.14872 0.56719 0.66657 -1.712 1.3031 0.032143 -2.9192 0.12368
4 30 0 0.54384 4.5947 1.4254 0.32111 3.3877 1.1133 1.1037 3.4142 0.51814 1.4603 2.0195 -0.25411 2.4553 1.7515 0.89299 -0.45596 3.3893 1.7162 -1.4112 2.1792 1.176 -0.55384 1.5349 2.2838 0.56765 0.14965 -0.52809 0.62535 -1.9362 -0.77324 -0.058984 -3.3514 -1.6563 -0.56765 -0.14965 0.52809 0.58324 -1.7258 1.3062 0.4091 -3.2007 0.28388
4 36 12 0.29623 4.5985 1.5169 0.22481 3.4007 1.1124 1.0213 3.5598 0.55769 1.3758 2.1846 -0.2497 2.3109 1.5492 0.79882 -0.56953 3.2694 1.6773 -1.0401 1.7688 1.2352 -0.13159 1.5278 2.4576 0.60757 0.10719 -0.49281 1.1218 -1.9246 -0.6402 0.071537 -2.3723 -2.0357 -0.60757 -0.1072 0.49281 0.45363 -1.8259 1.0709 0.50412 -3.2097 -0.08377
4 37 12 0.26789 4.5955 1.5394 0.19757 3.4036 1.1177 1.016 3.5577 0.59451 1.2896 2.2375 -0.32799 2.1714 1.553 0.73576 -0.61875 3.2773 1.6516 -0.97699 1.7117 1.3525 -0.023875 1.6524 2.5631 0.64152 0.098834 -0.44964 1.3619 -1.8604 -0.21117 0.45352 -2.3103 -1.7022 -0.64152 -0.098834 0.44964 0.36702 -1.8524 1.0174 0.34392 -3.1389 -0.24563
4 38 12 0.25994 4.5964 1.5369 0.18827 3.4001 1.1281 1.0136 3.5424 0.61236 1.2074 2.2957 -0.42539 2.0327 1.615 0.68514 -0.63482 3.2857 1.6542 -0.94205 1.6944 1.449 0.032635 1.7751 2.6411 0.6644 0.091232 -0.41684 1.4565 -1.725 0.28177 0.81513 -2.3929 -1.2653 -0.6644 -0.091232 0.41684 0.25879 -1.9177 0.89215 0.18894 -3.1339 -0.43708
4 39 12 0.2256 4.6131 1.4891 0.1503 3.4072 1.1107 0.97041 3.539 0.58403 1.091 2.3619 -0.54229 1.8732 1.706 0.61344 -0.66754 3.3034 1.6471 -0.98042 1.709 1.4778 0.011871 1.84 2.6508 0.68132 0.091572 -0.38848 1.4236 -1.5709 0.66009 1.1201 -2.6205 -0.77418 -0.68132 -0.091572 0.38848 0.15498 -1.998 0.67203 0.036944 -3.1942 -0.67185
4 40 24 0.44427 4.6251 1.3898 0.29475 3.4091 1.0701 0.98003 3.525 0.37416 0.79486 2.3967 -0.79264 1.7963 1.7624 0.19355 -0.38634 3.3217 1.7743 -0.75621 1.7334 1.6785 0.47041 1.8221 2.6087 0.61181 0.10413 -0.48821 1.4694 -1.5046 0.55615 1.2757 -2.9456 -0.51008 -0.61181 -0.10413 0.48821 0.10558 -2.0771 0.40402 -0.30221 -3.2626 -0.89176
4 41 24 0.33965 4.6438 1.3504 0.19853 3.421 1.0534 0.89522 3.526 0.36712 0.66459 2.4175 -0.81055 1.6751 1.7964 0.17477 -0.4943 3.3446 1.7473 -0.8994 1.7656 1.6407 0.32998 1.7546 2.5714 0.63826 0.11311 -0.45091 1.3901 -1.5513 0.58777 1.5613 -3.2411 -0.017342 -0.63826 -0.11311 0.45091 -0.10677 -2.1323 0.21703 -0.48228 -3.2907 -1.1126
4 43 36 0.39212 4.7038 1.0939 0.22366 3.4656 0.88957 0.81986 3.5296 0.10994 0.42384 2.3885 -0.98999 1.5994 1.8953 -0.12249 -0.36789 3.4305 1.6746 -0.86634 1.8755 1.6264 0.47726 1.6452 2.3471 0.61982 0.099849 -0.4789 1.3683 -1.7404 0.20486 1.8887 -3.4665 0.2302 -0.61982 -0.099849 0.4789 -0.40626 -2.1369 0.010772 -1.0476 -3.2104 -1.2882
4 45 48 0.38933 4.7307 0.93969 0.22202 3.4831 0.80225 0.79249 3.5232 0.0020461 0.56173 2.3478 -1.1087 1.734 2.0999 -0.13817 -0.34407 3.4723 1.6065 -0.92333 1.9448 1.6082 0.42683 1.5651 2.249 0.58978 0.10154 -0.51512 1.3767 -1.7491 0.093391 1.613 -3.4847 -0.33404 -0.58978 -0.10154 0.51512 -0.36836 -2.1628 0.17392 -1.4135 -2.8127 -1.1437
4 47 60 0.4758 4.6955 1.0098 0.26955 3.4523 0.90232 0.81919 3.4837 0.087283 1.0203 2.2842 -1.0034 2.0359 2.2461 0.15629 -0.2746 3.45 1.7216 -1.0215 2.005 1.5703 0.17148 1.3962 2.3343 0.50521 0.15112 -0.58773 1.3983 -1.6612 -0.011473 1.1542 -3.2744 -0.77885 -0.50521 -0.15112 0.58773 0.052657 -2.1757 0.65136 -1.2323 -2.4518 -0.58302
4 48 60 0.46009 4.6852 1.0639 0.24045 3.4461 0.9424 0.86433 3.4734 0.18254 1.3745 2.2613 -0.78662 2.1743 2.2409 0.53154 -0.37796 3.4477 1.7072 -1.2045 2.073 1.3978 -0.20333 1.3623 2.3307 0.52509 0.15322 -0.56948 1.3769 -1.6938 -0.043029 0.98394 -3.2328 -0.89634 -0.52509 -0.15322 0.56948 0.23026 -2.0845 0.90711 -0.914 -2.4167 -0.44611
4 49 72 0.62031 4.6708 1.0529 0.39639 3.4324 0.9421 0.97817 3.4699 0.14996 1.4706 2.2659 -0.83829 2.3238 2.2549 0.44605 -0.17966 3.4236 1.7393 -1.1141 2.1052 1.4999 -0.057095 1.376 2.3534 0.43946 0.1554 -0.63736 1.2268 -1.777 -0.39227 0.59278 -3.2623 -1.194 -0.43946 -0.1554 0.63736 0.57966 -1.9491 1.0353 -0.63377 -2.5071 -0.17594
4 50 72 0.52 4.6521 1.1825 0.32579 3.4132 1.0287 1.0209 3.4577 0.33429 1.5929 2.2592 -0.6172 2.2809 2.2281 0.7624 -0.36451 3.3975 1.7291 -1.3175 2.1158 1.386 -0.35564 1.4054 2.3595 0.4994 0.16052 -0.5902 1.0185 -1.874 -0.51649 0.41205 -3.3515 -1.3533 -0.4994 -0.16052 0.5902 0.62897 -1.8302 1.1846 -0.29081 -2.7312 -0.077593
4 59 84 0.19349 4.5088 1.7851 0.16109 3.326 1.3397 1.0062 3.4958 0.86612 1.3076 2.1823 -0.057295 1.963 1.4617 1.138 -0.68216 3.1834 1.8255 -1.1515 1.6629 1.4561 -0.11317 1.6517 2.596 0.65199 0.13081 -0.42579 1.4185 -1.6825 0.30806 0.85208 -2.4504 -1.2218 -0.65199 -0.13081 0.42579 0.2632 -2.0003 0.71183 0.036349 -3.1718 -0.63981
4 61 96 0.49042 4.5006 1.7441 0.34549 3.3112 1.3386 1.0536 3.473 0.67549 1.0713 2.2168 -0.36863 1.9077 1.5397 0.73577 -0.35812 3.1767 2.0126 -0.76486 1.6035 1.8441 0.4966 1.8405 2.6986 0.59993 0.14334 -0.49299 1.4407 -1.4885 0.52904 1.0686 -2.8853 -0.54855 -0.59993 -0.14334 0.49299 0.062853 -2.1158 0.20222 -0.42932 -3.2532 -1.1073
4 62 96 0.43915 4.5248 1.6908 0.27977 3.3273 1.3139 0.97932 3.4727 0.638 0.95457 2.2424 -0.43656 1.796 1.5524 0.65592 -0.41519 3.2097 1.9999 -0.80639 1.6314 1.8434 0.4571 1.9079 2.6829 0.62164 0.14143 -0.46589 1.3495 -1.5239 0.58819 1.2322 -3.193 -0.083746 -0.62164 -0.14143 0.46589 -0.16627 -2.1394 0.0022145 -0.59169 -3.2602 -1.3445
4 63 96 0.41938 4.5352 1.6545 0.25152 3.3298 1.3064 0.96162 3.4521 0.63692 0.89417 2.2436 -0.46017 1.7495 1.5208 0.59982 -0.45406 3.2355 1.9851 -0.85168 1.6589 1.8278 0.41252 1.9392 2.665 0.6474 0.13507 -0.43142 1.2464 -1.6232 0.55048 1.3618 -3.4132 0.36756 -0.6474 -0.13507 0.43142 -0.34531 -2.1215 -0.18276 -0.73285 -3.228 -1.5526
4 64 96 0.40452 4.5633 1.5765 0.2285 3.3541 1.2452 0.96553 3.451 0.60115 0.88946 2.2498 -0.50348 1.7416 1.5026 0.54207 -0.504 3.2853 1.8979 -0.92732 1.7159 1.7351 0.31936 1.9501 2.6118 0.67298 0.11814 -0.39578 1.1704 -1.7081 0.51619 1.3772 -3.4963 0.61793 -0.67298 -0.11814 0.39578 -0.4177 -2.0827 -0.3041 -0.84888 -3.1116 -1.7205
4 65 108 0.68624 4.5973 1.3686 0.44335 3.3853 1.0946 1.0776 3.4577 0.3464 0.83138 2.2399 -0.71425 1.8479 1.4946 0.17397 -0.1847 3.3412 1.8503 -0.6827 1.7875 1.7684 0.69911 1.9632 2.4297 0.60012 0.10106 -0.50313 1.2374 -1.7148 0.33997 1.3449 -3.514 0.29167 -0.60012 -0.10106 0.50313 -0.45552 -2.0836 -0.17711 -1.2803 -2.9005 -1.5567
4 66 108 0.61737 4.621 1.3119 0.37301 3.406 1.0537 1.0639 3.4506 0.35506 0.93883 2.2034 -0.69257 1.8939 1.5025 0.29444 -0.31182 3.3897 1.7594 -0.8787 1.8626 1.6354 0.45556 1.9376 2.4047 0.62351 0.099916 -0.47408 1.2022 -1.714 0.41429 1.1005 -3.4821 0.076233 -0.62351 -0.099916 0.47408 -0.40114 -2.1333 -0.005619 -1.3002 -2.6564 -1.4784
4 67 108 0.55322 4.6065 1.3567 0.30277 3.3914 1.1073 1.0518 3.4077 0.47006 1.0873 2.1356 -0.5542 1.9457 1.5116 0.56447 -0.44007 3.4033 1.7518 -1.0981 1.9255 1.5241 0.14495 1.827 2.4311 0.64853 0.11783 -0.43477 1.15 -1.6879 0.51513 0.91295 -3.359 -0.11888 -0.64853 -0.11783 0.43477 -0.32017 -2.1897 0.31675 -1.2176 -2.425 -1.2292
4 69 120 0.76653 4.5736 1.3494 0.45216 3.3711 1.1168 1.1798 3.3535 0.45527 1.3462 2.0222 -0.47674 2.2057 1.6541 0.74946 -0.2675 3.4166 1.7857 -1.1755 2.1108 1.4126 -0.049562 1.6377 2.3539 0.58903 0.12781 -0.51011 1.0683 -1.8071 0.15374 0.42384 -3.2434 -0.7253 -0.58903 -0.12781 0.51011 0.082094 -2.029 1.1013 -0.93469 -2.3333 -0.35625
4 70 120 0.66398 4.5773 1.4055 0.38932 3.371 1.1421 1.188 3.3495 0.56855 1.4642 1.9943 -0.30088 2.1875 1.7555 1.0398 -0.4024 3.4203 1.7236 -1.3333 2.1722 1.2294 -0.34803 1.6218 2.2801 0.61628 0.12406 -0.47782 0.87942 -1.9175 -0.056807 0.21884 -3.3057 -0.99878 -0.61628 -0.12406 0.47782 0.2016 -1.8629 1.3275 -0.64691 -2.5627 -0.10119
4 72 132 0.67896 4.6147 1.2995 0.452 3.3964 1.0419 1.2396 3.393 0.45278 1.4602 2.01 -0.38833 2.217 1.8808 0.94892 -0.32957 3.4281 1.6382 -1.322 2.2322 1.1345 -0.36605 1.6053 2.1693 0.57303 0.11207 -0.53158 0.47129 -1.9819 -0.6695 -0.32139 -3.3773 -1.4915 -0.57303 -0.11207 0.53158 0.51585 -1.7525 1.2648 0.075382 -3.2951 0.44183
5 13 288 0.50029 4.7715 0.72089 0.32317 3.5318 0.53278 1.0505 3.5608 -0.12866 0.96814 2.0691 -0.78952 1.7369 0.73699 -0.90054 -0.4 3.5319 1.1994 -0.49882 1.952 1.6032 0.16323 0.86328 2.4716 0.63163 -0.0053277 -0.47382 1.3734 -1.7024 0.51811 1.2736 -3.451 0.08975 -0.63163 0.0053277 0.47382 -0.26178 -2.0575 0.62236 -0.66384 -3.56 -0.28963
5 14 288 0.53022 4.7676 0.72448 0.34606 3.5291 0.53503 1.0889 3.5474 -0.1094 0.99328 2.0626 -0.78397 1.7267 0.71383 -0.92713 -0.39236 3.5398 1.1846 -0.50939 1.9622 1.5925 0.17149 0.91078 2.4917 0.64477 -0.013056 -0.45562 1.3533 -1.6937 0.58733 1.4994 -3.4824 0.41339 -0.64477 0.013056 0.45562 -0.35439 -2.0667 0.52285 -0.74552 -3.5512 -0.4227
5 15 288 0.55807 4.7652 0.71962 0.36571 3.5282 0.52835 1.1247 3.5362 -0.097126 1.0233 2.06 -0.78952 1.723 0.69703 -0.96352 -0.38873 3.5492 1.159 -0.53035 1.9716 1.5589 0.15024 0.93983 2.4808 0.65908 -0.022441 -0.4343 1.3178 -1.6909 0.65964 1.646 -3.4633 0.70336 -0.65908 0.022442 0.4343 -0.44268 -2.0674 0.42022 -0.82249 -3.5339 -0.55748
5 16 288 0.57525 4.763 0.72304 0.37335 3.5284 0.52552 1.151 3.5245 -0.076658 1.0479 2.0559 -0.7846 1.7162 0.68154 -0.99001 -0.39952 3.5612 1.1329 -0.57056 1.9817 1.5135 0.082093 0.94255 2.4473 0.67333 -0.027461 -0.41154 1.2767 -1.6935 0.7175 1.6899 -3.4402 0.88798 -0.67333 0.027461 0.41154 -0.52154 -2.0663 0.32644 -0.89432 -3.5099 -0.6875
5 18 300 0.71113 4.7648 0.57685 0.46797 3.5309 0.42782 1.1449 3.5063 -0.28527 0.9173 2.0415 -0.97184 1.4812 0.65679 -1.349 -0.20302 3.5843 1.145 -0.39066 1.9985 1.4896 0.29028 0.86129 2.2774 0.59937 -0.030692 -0.51314 1.3623 -1.7117 0.49006 1.736 -3.4742 0.56032 -0.59937 0.030692 0.51314 -0.57853 -2.0576 0.28282 -1.2134 -3.4409 -0.68373
5 19 300 0.70331 4.7616 0.60929 0.45998 3.5274 0.46264 1.1505 3.494 -0.23696 0.94308 2.025 -0.92094 1.5037 0.64007 -1.302 -0.22447 3.5897 1.1662 -0.49939 2.0049 1.4517 0.073991 0.807 2.2352 0.61224 -0.02099 -0.49822 1.3439 -1.7121 0.51126 1.6577 -3.4876 0.52687 -0.61224 0.02099 0.49822 -0.63565 -2.0626 0.22876 -1.3138 -3.4035 -0.76766
5 21 312 0.83115 4.7586 0.45059 0.55129 3.5265 0.36324 1.1118 3.4766 -0.44339 0.82834 1.9896 -1.0575 1.3399 0.60751 -1.5111 -0.0023036 3.6052 1.1724 -0.43842 2.0474 1.3996 -0.01615 0.71955 2.0601 0.51201 -0.016468 -0.6009 1.4061 -1.7263 0.23061 1.5334 -3.518 0.073725 -0.51201 0.016468 0.6009 -0.66821 -2.0621 0.33725 -1.6316 -3.2972 -0.5556
5 24 324 0.96148 4.7368 0.37442 0.64412 3.5112 0.33201 1.1593 3.4195 -0.50079 0.95839 1.8993 -1.0641 1.5378 0.52789 -1.4657 0.13662 3.6317 1.1658 -0.43488 2.1215 1.4137 -0.38251 0.70627 2.0235 0.46874 -0.012163 -0.63532 1.3095 -1.8294 0.001208 1.1831 -3.6004 -0.31265 -0.46874 0.012163 0.63532 -0.43475 -2.086 0.73885 -1.6373 -3.0523 -0.19442
5 33 336 0.78927 4.7494 0.56313 0.49032 3.5246 0.44366 1.2123 3.4556 -0.22064 1.7337 1.963 -0.632 2.9213 1.0185 -0.35801 -0.22518 3.6226 1.1114 -0.71872 2.0653 1.1231 -0.6086 0.66143 1.7513 0.56278 0.0073962 -0.55383 0.711 -2.0766 -0.33179 0.042953 -3.6218 -0.97751 -0.56278 -0.0073957 0.55383 0.30274 -1.7303 1.3886 0.41553 -3.5183 1.1854
5 34 336 0.70801 4.7586 0.60256 0.43429 3.53 0.46375 1.17 3.483 -0.18731 1.7198 1.9976 -0.58767 2.9238 1.1095 -0.21475 -0.29557 3.6061 1.1186 -0.76939 2.0427 1.1037 -0.66772 0.62812 1.7088 0.56424 0.016483 -0.55214 0.62748 -2.0792 -0.41587 -0.068947 -3.605 -1.0775 -0.56424 -0.016484 0.55214 0.33959 -1.7286 1.3683 0.45268 -3.5254 1.2712
5 35 336 0.62622 4.766 0.64231 0.37846 3.5346 0.48115 1.1239 3.5118 -0.16006 1.6796 2.0286 -0.56034 2.8817 1.1766 -0.10573 -0.3618 3.5865 1.1267 -0.81495 2.0174 1.0908 -0.72578 0.59286 1.6743 0.56597 0.024538 -0.55007 0.56024 -2.0755 -0.4848 -0.17272 -3.5687 -1.1805 -0.56597 -0.024537 0.55007 0.32373 -1.7371 1.3807 0.45904 -3.5322 1.2808
5 51 0 0.47787 4.784 0.62133 0.27222 3.5483 0.44083 1.005 3.5794 -0.2145 0.94064 2.0862 -0.87406 1.6415 0.73522 -1.1218 -0.45705 3.5465 1.1008 -0.65782 1.9415 1.33 -0.03514 0.81137 2.1742 0.61046 0.00047398 -0.50083 1.3361 -1.7334 0.43801 1.6634 -3.4976 0.26067 -0.61046 -0.00047398 0.50083 -0.16046 -2.0519 0.55776 -0.62432 -3.5014 -0.40902
5 52 12 0.58529 4.7853 0.51164 0.35237 3.5501 0.36457 0.97984 3.5789 -0.39227 0.8217 2.0873 -1.0393 1.4986 0.74908 -1.3982 -0.2709 3.5504 1.1254 -0.43138 1.9465 1.3907 0.28345 0.7783 2.0992 0.52035 -0.0063405 -0.59388 1.4181 -1.702 0.26236 1.7771 -3.4678 0.19933 -0.52035 0.0063405 0.59388 -0.15221 -2.0601 0.50228 -0.79402 -3.4964 -0.37871
5 53 12 0.57613 4.7854 0.51815 0.34821 3.551 0.35748 1.0192 3.5785 -0.36113 0.8994 2.0905 -1.0245 1.6267 0.76987 -1.3479 -0.31877 3.5526 1.0803 -0.50189 1.9511 1.3456 0.12981 0.73708 2.0561 0.54759 -0.01263 -0.56876 1.3883 -1.6899 0.37688 1.8147 -3.4405 0.44508 -0.54759 0.01263 0.56876 -0.2564 -2.0635 0.42994 -0.89127 -3.4819 -0.48437
5 54 12 0.57892 4.7836 0.52425 0.35127 3.5505 0.35503 1.0558 3.5762 -0.33077 0.97686 2.0923 -1.0095 1.7514 0.78965 -1.2936 -0.34943 3.5539 1.0452 -0.56604 1.9546 1.2983 -0.038072 0.69173 2.0082 0.57497 -0.020069 -0.54084 1.3554 -1.6892 0.46877 1.7966 -3.4322 0.60318 -0.57497 0.02007 0.54084 -0.35702 -2.063 0.37508 -0.97693 -3.4597 -0.58193
5 55 24 0.67887 4.7833 0.38557 0.41906 3.551 0.26346 1.0038 3.568 -0.52718 0.82057 2.088 -1.1942 1.5612 0.79912 -1.604 -0.16108 3.5633 1.0576 -0.36978 1.9661 1.3296 0.16438 0.65538 1.9415 0.48404 -0.028985 -0.62319 1.3969 -1.6985 0.26762 1.8351 -3.447 0.31209 -0.48404 0.028985 0.62319 -0.3751 -2.0571 0.39789 -1.1775 -3.4271 -0.45656
5 56 24 0.67971 4.7838 0.38112 0.42098 3.551 0.26068 1.0472 3.5544 -0.49772 0.89905 2.0781 -1.1812 1.6629 0.79468 -1.5649 -0.20063 3.5769 1.0225 -0.46207 1.9823 1.2628 -0.066119 0.63545 1.9006 0.52286 -0.035812 -0.59062 1.3507 -1.7204 0.35343 1.7439 -3.48 0.34162 -0.52286 0.035812 0.59062 -0.46525 -2.0518 0.36068 -1.2751 -3.3887 -0.53812
5 57 24 0.67019 4.7807 0.43741 0.41229 3.5473 0.31947 1.0808 3.5351 -0.40189 0.97872 2.0583 -1.0927 1.7414 0.76894 -1.4582 -0.25143 3.5888 1.0441 -0.57082 2.0001 1.2513 -0.31685 0.62862 1.9087 0.56345 -0.025093 -0.55262 1.2996 -1.7318 0.42689 1.639 -3.4996 0.32362 -0.56345 0.025093 0.55262 -0.52024 -2.0659 0.35184 -1.3663 -3.3509 -0.5883
5 58 36 0.75831 4.7766 0.31414 0.46721 3.5466 0.25086 1.0179 3.5166 -0.56348 0.82891 2.0358 -1.227 1.4785 0.7301 -1.7279 -0.077939 3.6059 1.0674 -0.41781 2.0263 1.3086 -0.14745 0.64311 1.9341 0.47281 -0.020974 -0.63206 1.3515 -1.7383 0.20042 1.5691 -3.512 -0.039082 -0.47281 0.020974 0.63206 -0.47837 -2.0725 0.45468 -1.5439 -3.2937 -0.33539
5 59 36 0.77443 4.7718 0.3279 0.46597 3.5465 0.2608 1.0698 3.4987 -0.51412 0.94119 2.011 -1.1768 1.5659 0.68914 -1.6667 -0.132 3.6235 1.0379 -0.53397 2.0544 1.2505 -0.34976 0.66817 1.9001 0.51408 -0.023996 -0.59887 1.3405 -1.7689 0.22973 1.4618 -3.5406 -0.08224 -0.51408 0.023996 0.59887 -0.51312 -2.0741 0.48866 -1.5893 -3.2192 -0.39541
5 61 48 0.86099 4.7519 0.3226 0.51262 3.5362 0.28875 1.1077 3.4556 -0.49017 0.98668 1.9635 -1.1442 1.5459 0.62314 -1.6623 -0.075779 3.6459 1.0692 -0.51776 2.0944 1.3263 -0.26773 0.72904 1.9979 0.49061 -0.0079603 -0.61866 1.2798 -1.8492 0.014658 1.2081 -3.6091 -0.37111 -0.49061 0.0079603 0.61866 -0.38341 -2.0857 0.75839 -1.5818 -3.0277 -0.20457
5 62 48 0.89884 4.738 0.39154 0.52649 3.5305 0.33195 1.1839 3.4318 -0.39287 1.1612 1.936 -1.0493 1.781 0.5934 -1.4863 -0.12378 3.658 1.0588 -0.60561 2.1126 1.279 -0.36635 0.77085 2.0001 0.5401 -0.01193 -0.57589 1.2382 -1.8911 0.05313 1.1139 -3.6401 -0.36707 -0.5401 0.01193 0.57589 -0.35284 -2.0656 0.82676 -1.4379 -2.9591 -0.3025
5 64 60 0.98116 4.7273 0.3232 0.59004 3.5254 0.28338 1.2252 3.4214 -0.46035 1.2974 1.9085 -1.0725 2.0038 0.59035 -1.4481 -0.03759 3.6582 1.0289 -0.52052 2.1174 1.2765 -0.14979 0.82733 2.0354 0.50799 -0.021123 -0.60415 1.1636 -1.9462 -0.076226 0.83186 -3.6525 -0.55494 -0.50799 0.021123 0.60415 -0.054816 -1.9807 1.0533 -1.035 -3.0641 -0.0031697
5 65 60 0.97468 4.723 0.38746 0.58283 3.5224 0.32434 1.2755 3.4126 -0.36528 1.468 1.8955 -0.93968 2.2806 0.61154 -1.2022 -0.10236 3.6609 1.0162 -0.59076 2.1162 1.2259 -0.26172 0.83508 2.0185 0.55137 -0.021919 -0.56481 1.123 -1.968 -0.016953 0.74135 -3.6488 -0.54627 -0.55137 0.021919 0.56481 -0.021548 -1.9307 1.1313 -0.8007 -3.1636 0.071201
5 66 60 0.9602 4.7213 0.43837 0.56891 3.5216 0.35458 1.3053 3.404 -0.28675 1.6206 1.8873 -0.80531 2.5329 0.65115 -0.93769 -0.15999 3.6679 0.99852 -0.64977 2.1189 1.1703 -0.37437 0.83401 1.9771 0.58875 -0.024172 -0.52563 1.0729 -1.9928 0.026059 0.6531 -3.6489 -0.55002 -0.58875 0.024171 0.52563 -0.0072347 -1.8876 1.1747 -0.5822 -3.2602 0.15676
5 70 72 0.86305 4.734 0.4716 0.4901 3.5294 0.38302 1.2431 3.4275 -0.24147 1.8441 1.9467 -0.58028 3.0221 0.96703 -0.40717 -0.25605 3.66 1.0104 -0.7253 2.1004 1.1375 -0.53581 0.74196 1.842 0.5767 0.00010967 -0.53937 0.78368 -2.0663 -0.22082 0.15736 -3.6687 -0.76008 -0.5767 -0.00010967 0.53937 0.26043 -1.7644 1.3144 0.26052 -3.5008 0.82887
5 71 72 0.79767 4.7413 0.51756 0.44174 3.5335 0.40789 1.2206 3.4461 -0.18629 1.8725 1.9735 -0.46044 3.0739 1.0557 -0.15663 -0.33082 3.6498 1.0054 -0.79891 2.0876 1.1015 -0.66905 0.70629 1.7743 0.58533 0.0082359 -0.52993 0.70972 -2.0725 -0.26652 0.069133 -3.6687 -0.80744 -0.58533 -0.0082355 0.52992 0.26232 -1.7501 1.3434 0.34831 -3.5008 0.92079
5 72 72 0.72583 4.7501 0.55141 0.38984 3.5381 0.4259 1.1848 3.4666 -0.14874 1.8699 1.9995 -0.36576 3.071 1.1377 0.073087 -0.39935 3.6387 1.0042 -0.86126 2.0731 1.0696 -0.78538 0.67172 1.7083 0.59101 0.016142 -0.5234 0.64296 -2.0736 -0.31264 -0.015529 -3.6599 -0.86127 -0.59101 -0.016142 0.5234 0.251 -1.7444 1.371 0.3914 -3.4967 0.97022
5 73 72 0.64594 4.7603 0.58169 0.33864 3.543 0.43794 1.1513 3.4942 -0.114 1.846 2.0275 -0.30053 3.0258 1.2165 0.27212 -0.46893 3.6208 0.99394 -0.92086 2.0514 1.0316 -0.89477 0.63155 1.6325 0.59836 0.021533 -0.51478 0.58298 -2.0729 -0.34892 -0.095483 -3.6441 -0.91617 -0.59836 -0.021533 0.51478 0.22871 -1.7431 1.3903 0.39421 -3.4922 0.98553
5 74 72 0.57354 4.7652 0.62508 0.29216 3.5437 0.46342 1.1147 3.5145 -0.075038 1.8024 2.044 -0.25763 2.945 1.2733 0.43382 -0.52594 3.6021 1.0063 -0.96285 2.0279 1.0096 -0.97182 0.59054 1.5677 0.60029 0.029886 -0.51211 0.52779 -2.067 -0.4013 -0.17195 -3.6221 -0.98671 -0.60029 -0.029886 0.51211 0.20352 -1.7504 1.411 0.3558 -3.4861 0.94718
5 92 108 0.51369 4.7794 0.64155 0.30034 3.5418 0.47817 0.96163 3.5642 -0.24953 0.87084 2.0875 -0.9423 1.5839 0.74017 -1.1741 -0.35649 3.5486 1.2102 -0.42258 1.9444 1.5117 0.31666 0.79224 2.2215 0.56275 0.014583 -0.55371 1.3867 -1.6621 0.40753 1.6293 -3.4468 0.49142 -0.56275 -0.014583 0.55371 -0.29829 -2.0921 0.38601 -0.9076 -3.5146 -0.5393
5 93 108 0.51956 4.7793 0.63738 0.30462 3.5422 0.47208 0.98619 3.5562 -0.23689 0.92693 2.0751 -0.92355 1.6763 0.74048 -1.1107 -0.37237 3.5574 1.1854 -0.47488 1.9501 1.4594 0.19465 0.75278 2.1635 0.57798 0.010021 -0.5379 1.3596 -1.6616 0.46662 1.6269 -3.4381 0.61953 -0.57798 -0.01002 0.5379 -0.37813 -2.0902 0.32017 -0.99171 -3.4906 -0.63547
5 94 108 0.53174 4.7799 0.62496 0.31856 3.5424 0.46021 1.0206 3.548 -0.22864 0.98689 2.063 -0.90868 1.7663 0.7402 -1.0512 -0.37884 3.5659 1.1534 -0.52147 1.9563 1.3936 0.041245 0.69749 2.0838 0.59274 0.002315 -0.52169 1.3243 -1.6763 0.50846 1.5631 -3.4564 0.66794 -0.59274 -0.0023146 0.52169 -0.45033 -2.0828 0.26566 -1.0681 -3.4534 -0.72968
5 95 108 0.53937 4.7796 0.62047 0.3277 3.5413 0.45927 1.0524 3.5382 -0.20569 1.0429 2.048 -0.87493 1.841 0.73251 -0.9761 -0.39235 3.5735 1.1285 -0.58173 1.9638 1.3328 -0.14667 0.64064 1.9943 0.61021 -0.0017333 -0.50114 1.2798 -1.6933 0.5498 1.5004 -3.477 0.69342 -0.61021 0.0017333 0.50114 -0.51331 -2.0789 0.22557 -1.1452 -3.4116 -0.81153
5 96 120 0.66487 4.778 0.49637 0.42312 3.5392 0.3906 1.0144 3.5195 -0.39512 0.89121 2.025 -1.0432 1.6624 0.71042 -1.2773 -0.1625 3.5881 1.1793 -0.3628 1.98 1.3855 0.04778 0.5975 1.9313 0.51177 -7.6294e-06 -0.60133 1.3463 -1.6983 0.31175 1.5472 -3.4896 0.35407 -0.51177 8.1062e-06 0.60133 -0.50425 -2.0797 0.30259 -1.3811 -3.3626 -0.61177
5 97 120 0.67057 4.7792 0.47883 0.42594 3.5405 0.37836 1.0394 3.5055 -0.38964 0.94323 2.004 -1.0261 1.7143 0.68537 -1.2363 -0.18177 3.6045 1.149 -0.44955 2.0024 1.3223 -0.18317 0.57838 1.8505 0.5264 -0.0013762 -0.58856 1.3387 -1.7103 0.32476 1.4541 -3.5091 0.28213 -0.5264 0.0013757 0.58856 -0.54915 -2.0779 0.28789 -1.4576 -3.3135 -0.66019
5 98 120 0.66783 4.7813 0.46042 0.4246 3.5417 0.3667 1.0646 3.4928 -0.37854 1.0033 1.9841 -1.0022 1.7683 0.65759 -1.1833 -0.20962 3.6198 1.1144 -0.54504 2.0276 1.2589 -0.38092 0.58168 1.769 0.54545 -0.003993 -0.57093 1.3127 -1.7383 0.33339 1.339 -3.5362 0.20011 -0.54545 0.003993 0.57093 -0.5888 -2.0804 0.31094 -1.5126 -3.2637 -0.68773
5 99 132 0.74185 4.7815 0.31474 0.48654 3.5414 0.27833 0.99397 3.4801 -0.56199 0.8506 1.9643 -1.154 1.5627 0.63169 -1.4618 -0.014712 3.6317 1.1197 -0.37032 2.0506 1.3254 -0.16059 0.59784 1.7978 0.43937 -0.0030041 -0.65608 1.3106 -1.774 0.06414 1.2177 -3.5633 -0.13773 -0.43937 0.0030046 0.65608 -0.50807 -2.0913 0.50234 -1.6488 -3.1999 -0.3465
5 100 132 0.7531 4.7761 0.35002 0.49394 3.537 0.30897 1.0397 3.467 -0.50629 0.95268 1.9424 -1.0867 1.6686 0.60515 -1.3641 -0.045473 3.6361 1.1254 -0.45421 2.0667 1.3219 -0.2573 0.61945 1.8164 0.4635 0.00047398 -0.63927 1.2652 -1.8079 0.06891 1.0939 -3.584 -0.18998 -0.4635 -0.0004735 0.63927 -0.45917 -2.1014 0.6167 -1.6273 -3.1163 -0.30871
5 101 132 0.76334 4.7709 0.39419 0.49637 3.5339 0.33978 1.0787 3.456 -0.44903 1.0588 1.9234 -1.0143 1.7875 0.58653 -1.2578 -0.079352 3.6408 1.13 -0.53034 2.0811 1.3111 -0.32629 0.64672 1.8389 0.49134 0.0024366 -0.61812 1.2199 -1.8432 0.072561 0.97914 -3.6024 -0.24095 -0.49134 -0.0024366 0.61812 -0.37827 -2.0969 0.74018 -1.5568 -3.016 -0.26834
5 102 132 0.76664 4.7667 0.43765 0.48779 3.5335 0.36187 1.1082 3.4515 -0.39688 1.1606 1.9114 -0.93925 1.9075 0.57874 -1.1486 -0.12574 3.6445 1.1225 -0.59868 2.0893 1.2845 -0.37681 0.67225 1.8506 0.51264 0.0040302 -0.60057 1.1681 -1.8784 0.063628 0.86178 -3.618 -0.29833 -0.51264 -0.0040298 0.60057 -0.29347 -2.0785 0.85148 -1.4376 -2.9537 -0.23291
5 103 132 0.76154 4.7667 0.46183 0.48217 3.5351 0.36515 1.1383 3.4519 -0.36286 1.2608 1.905 -0.8736 2.0364 0.58276 -1.0401 -0.16691 3.6472 1.0956 -0.63912 2.0905 1.2452 -0.39884 0.69535 1.8563 0.52639 0.00067329 -0.58857 1.1158 -1.9101 0.056293 0.7442 -3.6245 -0.36023 -0.52639 -0.00067329 0.58857 -0.20264 -2.0446 0.95159 -1.2737 -2.979 -0.15777
5 104 132 0.74877 4.7686 0.47373 0.47432 3.537 0.36451 1.1563 3.4552 -0.33947 1.3511 1.9016 -0.80536 2.1703 0.59827 -0.8942 -0.20075 3.6477 1.0712 -0.66712 2.0876 1.203 -0.40456 0.71629 1.8574 0.53861 -0.0021744 -0.5774 1.0645 -1.9368 0.050995 0.62438 -3.6178 -0.42996 -0.53861 0.0021744 0.5774 -0.10469 -1.9991 1.0474 -1.0714 -3.07 -0.034011
5 105 132 0.72911 4.7689 0.50127 0.462 3.5367 0.38167 1.1645 3.4589 -0.30233 1.4195 1.9019 -0.72604 2.2946 0.63235 -0.71488 -0.23361 3.6434 1.0688 -0.68855 2.0786 1.1838 -0.40501 0.72853 1.8727 0.55295 -0.00028229 -0.56369 1.0107 -1.9602 0.039213 0.50724 -3.6038 -0.50495 -0.55295 0.00028276 0.56369 -0.012202 -1.9452 1.144 -0.84319 -3.1922 0.14136
5 106 132 0.71877 4.7676 0.52935 0.45722 3.5354 0.39846 1.1761 3.4625 -0.26877 1.4798 1.905 -0.65718 2.4156 0.68724 -0.51891 -0.25496 3.6373 1.0691 -0.68807 2.0656 1.1739 -0.40393 0.72174 1.8747 0.56522 -0.00047112 -0.55139 0.94927 -1.9889 0.008162 0.38856 -3.5951 -0.58897 -0.56522 0.00047112 0.55139 0.067593 -1.8863 1.225 -0.60631 -3.3081 0.34452
5 107 132 0.69747 4.768 0.55806 0.44331 3.5359 0.41276 1.175 3.4683 -0.24103 1.5116 1.9136 -0.61288 2.5002 0.76179 -0.34142 -0.2818 3.6322 1.0703 -0.69725 2.0549 1.1618 -0.41934 0.71074 1.8643 0.57365 0.001133 -0.54261 0.87883 -2.0185 -0.050451 0.27187 -3.5956 -0.67915 -0.57365 -0.001133 0.54261 0.13256 -1.8357 1.2842 -0.35295 -3.4155 0.56342
5 108 132 0.67637 4.7678 0.58834 0.43299 3.5346 0.43334 1.1727 3.4756 -0.21223 1.5388 1.9216 -0.55836 2.5578 0.83004 -0.17401 -0.30038 3.6225 1.0828 -0.70551 2.0417 1.1583 -0.43874 0.69188 1.8544 0.57847 0.0039892 -0.53746 0.80238 -2.045 -0.13038 0.16566 -3.6027 -0.77771 -0.57847 -0.0039887 0.53746 0.17967 -1.7948 1.3327 -0.11009 -3.499 0.82007
5 109 132 0.64387 4.7702 0.60666 0.41087 3.5358 0.44498 1.151 3.4859 -0.20082 1.5382 1.9329 -0.52821 2.5739 0.89143 -0.058776 -0.32321 3.6147 1.0948 -0.72148 2.0315 1.1552 -0.47107 0.6703 1.8349 0.57715 0.0089307 -0.53881 0.70577 -2.0663 -0.23655 0.043976 -3.6132 -0.88468 -0.57715 -0.0089302 0.53881 0.23565 -1.7603 1.3673 0.10217 -3.536 1.085
6 0 96 0.96517 4.7141 0.43141 0.70617 3.4745 0.42038 1.3804 3.3527 -0.28527 1.2573 1.8042 -0.79095 1.9622 0.43396 -0.84728 0.038559 3.6253 1.1267 -0.48644 2.1336 1.5365 -0.49205 0.85687 2.4012 0.52023 -0.011706 -0.5939 1.0026 -1.9894 -0.073998 0.99705 -3.7184 -0.58536 -0.52023 0.011706 0.5939 0.036829 -1.9967 0.85876 -0.55418 -3.6925 0.69752
6 1 96 0.94815 4.7103 0.51827 0.69467 3.4704 0.47926 1.4149 3.3443 -0.17851 1.3215 1.8001 -0.70343 2.0118 0.42141 -0.6882 -0.018719 3.6256 1.1383 -0.61152 2.1452 1.4933 -0.7201 0.88014 2.3682 0.55894 -0.012639 -0.55761 0.99416 -1.9976 -0.023895 0.95397 -3.7244 -0.54118 -0.55894 0.012639 0.55761 -0.017659 -1.9926 0.87466 -0.61709 -3.6856 0.71617
6 3 108 0.99059 4.7089 0.45855 0.73415 3.4697 0.43177 1.3947 3.3383 -0.28499 1.2932 1.7971 -0.81736 2.0075 0.43061 -0.81828 0.080938 3.6301 1.1494 -0.52624 2.1534 1.4951 -0.59865 0.88754 2.3726 0.51734 -0.013711 -0.59638 0.94267 -2.0204 -0.14169 0.73166 -3.7428 -0.63108 -0.51734 0.013711 0.59638 -0.0086988 -2.0012 0.90604 -0.62651 -3.6837 0.7101
6 4 108 0.94801 4.714 0.49945 0.69726 3.4741 0.45949 1.3948 3.3416 -0.22117 1.3541 1.7993 -0.75806 2.1034 0.45226 -0.71731 0.0070193 3.6355 1.1413 -0.6121 2.1512 1.4281 -0.74679 0.86698 2.2708 0.55616 -0.016288 -0.56029 0.92263 -2.0315 -0.092288 0.68725 -3.7495 -0.58629 -0.55616 0.016289 0.56029 -0.11978 -2.0114 0.89571 -0.69737 -3.6867 0.56329
6 5 108 0.90488 4.7177 0.53966 0.66769 3.4757 0.4872 1.4044 3.3491 -0.15203 1.423 1.8051 -0.68537 2.2139 0.48342 -0.61289 -0.06202 3.6312 1.1281 -0.67464 2.135 1.3622 -0.84689 0.83068 2.1663 0.59294 -0.020075 -0.52107 0.90376 -2.0392 -0.030236 0.64497 -3.7483 -0.54307 -0.59294 0.020075 0.52107 -0.22793 -2.0202 0.86489 -0.72868 -3.6909 0.4076
6 7 120 0.91518 4.7299 0.40278 0.68289 3.4865 0.37837 1.3441 3.3538 -0.3376 1.3838 1.8134 -0.88018 2.2383 0.5319 -0.95284 0.028809 3.6481 1.0949 -0.50115 2.1214 1.3336 -0.52145 0.78706 2.1062 0.54901 -0.024261 -0.56701 0.84818 -2.0553 -0.12023 0.44988 -3.749 -0.59316 -0.54901 0.02426 0.56701 -0.16392 -2.0215 0.85104 -0.63438 -3.684 0.33537
6 8 120 0.86639 4.7371 0.44359 0.64183 3.4928 0.4025 1.3443 3.3634 -0.27364 1.4521 1.8261 -0.81571 2.3292 0.55959 -0.88118 -0.053697 3.6511 1.0797 -0.56676 2.1107 1.2609 -0.56725 0.77185 2.0258 0.57721 -0.02344 -0.53831 0.82898 -2.0587 -0.08153 0.41146 -3.745 -0.56415 -0.57721 0.02344 0.53831 -0.1815 -2.0161 0.85116 -0.61813 -3.669 0.27818
6 9 120 0.82395 4.741 0.49341 0.61041 3.4957 0.43005 1.3496 3.3742 -0.20729 1.5208 1.8386 -0.73778 2.4087 0.57914 -0.7914 -0.12206 3.6462 1.069 -0.61984 2.0955 1.197 -0.59495 0.7579 1.9637 0.59917 -0.021254 -0.51384 0.81395 -2.0594 -0.051033 0.37767 -3.7384 -0.54262 -0.59917 0.021254 0.51384 -0.15701 -2.0013 0.8715 -0.60043 -3.6334 0.24641
6 10 120 0.77663 4.7464 0.53494 0.57571 3.5005 0.45007 1.3431 3.3825 -0.15371 1.5697 1.8466 -0.66193 2.4646 0.59123 -0.69411 -0.18516 3.6475 1.0557 -0.66663 2.0885 1.1363 -0.62626 0.75296 1.9059 0.61692 -0.019176 -0.49248 0.79749 -2.059 -0.022778 0.34268 -3.7296 -0.52616 -0.61692 0.019176 0.49248 -0.12221 -1.977 0.92239 -0.58028 -3.585 0.24752
6 11 120 0.73079 4.7507 0.57664 0.54854 3.5038 0.46832 1.3437 3.3982 -0.10076 1.6086 1.8617 -0.58853 2.5095 0.61046 -0.572 -0.24052 3.6386 1.0398 -0.70767 2.0738 1.0846 -0.66711 0.73988 1.857 0.62512 -0.01634 -0.48214 0.77189 -2.0607 -0.020081 0.29741 -3.7246 -0.52699 -0.62512 0.016339 0.48214 -0.07921 -1.9421 1.012 -0.52216 -3.5443 0.3137
6 12 120 0.70214 4.7524 0.61392 0.53612 3.5053 0.48462 1.353 3.4124 -0.05528 1.6444 1.8712 -0.51184 2.5468 0.62397 -0.424 -0.27495 3.6273 1.0274 -0.7323 2.059 1.0409 -0.70576 0.7227 1.8099 0.62793 -0.016709 -0.47846 0.73994 -2.0664 -0.03061 0.24344 -3.7232 -0.53991 -0.62793 0.016708 0.47846 -0.032713 -1.8973 1.1082 -0.41242 -3.5325 0.45038
6 13 120 0.67774 4.7522 0.65238 0.52985 3.5052 0.50091 1.3661 3.4314 -0.01161 1.6714 1.8836 -0.43588 2.5694 0.64458 -0.24613 -0.3011 3.6081 1.017 -0.75379 2.0385 1.0062 -0.75158 0.69233 1.7583 0.63151 -0.018235 -0.47367 0.70093 -2.0776 -0.063008 0.18446 -3.7282 -0.57245 -0.63151 0.018235 0.47367 0.010432 -1.8544 1.1776 -0.2806 -3.5425 0.61506
6 14 120 0.64723 4.7529 0.68146 0.51707 3.5058 0.51745 1.3633 3.4422 0.020328 1.6732 1.8879 -0.37558 2.5614 0.66517 -0.069208 -0.3242 3.5985 1.0185 -0.77624 2.029 0.98449 -0.80189 0.66799 1.7087 0.63336 -0.015932 -0.47127 0.6489 -2.0872 -0.119 0.12099 -3.7375 -0.61744 -0.63336 0.015931 0.47127 0.049435 -1.8212 1.2283 -0.15047 -3.5552 0.77657
6 15 120 0.62751 4.751 0.71223 0.5081 3.5045 0.53864 1.3574 3.4452 0.046114 1.668 1.8869 -0.33305 2.5377 0.68861 0.097701 -0.33622 3.5929 1.0353 -0.79097 2.0247 0.98251 -0.84741 0.64498 1.6686 0.63453 -0.012546 -0.46979 0.59414 -2.0938 -0.18529 0.052993 -3.7431 -0.67307 -0.63453 0.012546 0.46979 0.085747 -1.7924 1.2684 -0.015573 -3.5644 0.95122
6 16 120 0.61088 4.7504 0.7369 0.49414 3.5048 0.5553 1.3468 3.4508 0.06796 1.6525 1.8898 -0.30417 2.498 0.72307 0.245 -0.3536 3.5879 1.047 -0.8135 2.0219 0.9765 -0.89743 0.6247 1.6234 0.63414 -0.0084033 -0.47042 0.53272 -2.0975 -0.27099 -0.022419 -3.746 -0.74538 -0.63414 0.0084028 0.47042 0.1146 -1.7693 1.3031 0.11954 -3.5644 1.1337
6 17 120 0.59208 4.7511 0.75677 0.47367 3.5068 0.56633 1.3265 3.4576 0.07892 1.622 1.8951 -0.29558 2.4425 0.7615 0.35199 -0.37437 3.585 1.0583 -0.83918 2.0211 0.9756 -0.94895 0.61016 1.5879 0.6331 -0.003233 -0.47188 0.46272 -2.0943 -0.35964 -0.10247 -3.742 -0.82524 -0.6331 0.0032325 0.47188 0.13589 -1.749 1.3395 0.24939 -3.5481 1.304
6 18 120 0.57411 4.752 0.76861 0.45739 3.5085 0.57289 1.3062 3.4624 0.078179 1.5923 1.8979 -0.29482 2.3897 0.79036 0.42301 -0.38659 3.5837 1.0723 -0.85537 2.0216 0.9775 -0.97973 0.60032 1.5624 0.62823 0.001627 -0.47835 0.40489 -2.087 -0.43464 -0.18559 -3.7229 -0.9104 -0.62823 -0.001627 0.47835 0.14942 -1.7455 1.3549 0.36662 -3.5332 1.4432
6 29 108 0.55547 4.7545 0.7439 0.42011 3.5056 0.5934 1.276 3.4568 0.11135 1.4563 1.9251 -0.4272 2.1919 0.57495 -0.31047 -0.43121 3.5835 1.0798 -0.82351 2.0003 1.1707 -0.686 0.72083 2.0203 0.66702 -0.0091043 -0.42249 0.70342 -2.1091 -0.4777 -0.033839 -3.0929 -1.7966 -0.66702 0.0091043 0.42249 -0.09059 -1.9018 1.0786 -0.15431 -3.6662 0.71293
6 30 108 0.59565 4.7534 0.72413 0.43659 3.5062 0.58171 1.2723 3.4472 0.066391 1.4287 1.9186 -0.48823 2.2041 0.59665 -0.31824 -0.39396 3.5942 1.1011 -0.78112 2.0192 1.2968 -0.56855 0.78456 2.1957 0.66209 -0.0099559 -0.43015 0.84424 -2.0972 -0.27314 0.097859 -3.0543 -1.6064 -0.66209 0.0099554 0.43015 -0.10159 -1.9243 1.029 -0.19481 -3.6724 0.59724
6 31 108 0.61068 4.7541 0.70755 0.4293 3.5087 0.57344 1.2455 3.4404 0.028927 1.3732 1.913 -0.53635 2.1911 0.62525 -0.31168 -0.3814 3.6062 1.1218 -0.74745 2.0436 1.4272 -0.4915 0.85074 2.3701 0.66072 -0.005681 -0.43234 0.96309 -2.052 -0.064467 0.2468 -3.0754 -1.3647 -0.66072 0.005681 0.43234 -0.11737 -1.948 0.98209 -0.24343 -3.6751 0.48015
6 32 108 0.61676 4.7532 0.70248 0.42499 3.5086 0.57556 1.2266 3.4347 0.010463 1.3275 1.907 -0.55927 2.179 0.64783 -0.30006 -0.37089 3.6114 1.1442 -0.70714 2.0647 1.5481 -0.42034 0.91593 2.536 0.66085 -0.0029469 -0.43217 1.0628 -1.9835 0.14231 0.41214 -3.1448 -1.0738 -0.66085 0.0029473 0.43217 -0.13402 -1.9675 0.93611 -0.29547 -3.6701 0.36519
6 33 108 0.61136 4.7545 0.69745 0.41452 3.5103 0.57327 1.2049 3.4351 -0.0071975 1.2815 1.9071 -0.58002 2.1501 0.66481 -0.29723 -0.37008 3.6145 1.1571 -0.67648 2.0846 1.6412 -0.35623 0.98225 2.6707 0.66068 -0.00053692 -0.43244 1.1364 -1.9048 0.31694 0.585 -3.247 -0.75328 -0.66068 0.00053692 0.43244 -0.15312 -1.9873 0.88541 -0.35109 -3.6615 0.24597
6 34 108 0.60101 4.7574 0.68972 0.40559 3.5129 0.56794 1.1893 3.4388 -0.021766 1.2502 1.9101 -0.59447 2.122 0.66999 -0.31203 -0.37222 3.616 1.161 -0.65651 2.1007 1.7013 -0.28762 1.0561 2.7738 0.6621 -0.00090551 -0.43026 1.184 -1.8357 0.45028 0.77123 -3.3664 -0.40848 -0.6621 0.00090551 0.43026 -0.18696 -2.0083 0.81956 -0.41226 -3.6552 0.12108
6 35 108 0.58515 4.7612 0.68118 0.39195 3.5165 0.55884 1.1716 3.4422 -0.036098 1.2192 1.9133 -0.60968 2.0802 0.66353 -0.33697 -0.38188 3.6197 1.1571 -0.64446 2.1161 1.7391 -0.22776 1.1298 2.8488 0.66619 -0.0016961 -0.4239 1.2053 -1.7909 0.53662 0.96055 -3.4772 -0.052789 -0.66619 0.0016956 0.4239 -0.24185 -2.0333 0.72893 -0.47937 -3.6595 -0.012568
6 36 108 0.56442 4.7659 0.67144 0.37685 3.5206 0.54652 1.158 3.4468 -0.046478 1.192 1.9195 -0.62497 2.0264 0.64584 -0.38108 -0.39856 3.6234 1.1428 -0.64568 2.1264 1.7483 -0.19317 1.1914 2.8879 0.67347 -0.0040016 -0.41221 1.205 -1.7763 0.58323 1.1394 -3.5544 0.29209 -0.67347 0.0040011 0.41221 -0.32019 -2.0565 0.62143 -0.55174 -3.6675 -0.15438
6 37 108 0.54715 4.7706 0.65911 0.36875 3.5245 0.52981 1.1581 3.4527 -0.052595 1.1776 1.9284 -0.63996 1.9721 0.6214 -0.44466 -0.41489 3.6254 1.1155 -0.64848 2.1325 1.7364 -0.17077 1.2386 2.8985 0.68236 -0.0093427 -0.39724 1.192 -1.7832 0.60671 1.3002 -3.583 0.61819 -0.68236 0.0093431 0.39724 -0.40416 -2.0709 0.49432 -0.62802 -3.6719 -0.30424
6 39 120 0.63745 4.7764 0.53008 0.45004 3.5296 0.42673 1.1279 3.4556 -0.2821 0.99575 1.9436 -0.88643 1.6996 0.57304 -0.94817 -0.22168 3.6327 1.1377 -0.31999 2.1382 1.79 0.40086 1.267 2.8384 0.61164 -0.015753 -0.49915 1.276 -1.8119 0.365 1.6976 -3.5113 0.79557 -0.61164 0.015752 0.49915 -0.48038 -2.0769 0.36575 -0.87182 -3.6562 -0.41106
6 40 120 0.62161 4.7791 0.52886 0.43988 3.532 0.42134 1.1348 3.4565 -0.27063 0.99526 1.95 -0.88693 1.6411 0.55444 -1.0006 -0.24891 3.6366 1.1156 -0.36542 2.1346 1.7475 0.33017 1.24 2.7932 0.62163 -0.016871 -0.48661 1.273 -1.8224 0.36772 1.7307 -3.4871 0.88778 -0.62163 0.016871 0.48661 -0.55264 -2.0723 0.27467 -0.96755 -3.6327 -0.52781
6 41 120 0.61107 4.7816 0.51763 0.43015 3.5344 0.41168 1.1321 3.4533 -0.27245 0.99244 1.9508 -0.89814 1.5906 0.53896 -1.0616 -0.26571 3.6446 1.098 -0.41713 2.1315 1.695 0.23443 1.1888 2.7268 0.62797 -0.017474 -0.47837 1.2626 -1.8304 0.37307 1.7019 -3.4986 0.89732 -0.62797 0.017474 0.47837 -0.61803 -2.0641 0.19344 -1.0646 -3.5986 -0.64127
6 42 120 0.5982 4.7843 0.5046 0.42275 3.5362 0.40051 1.1336 3.4544 -0.2743 0.99105 1.9547 -0.90617 1.5592 0.53621 -1.1131 -0.28208 3.6472 1.0775 -0.48264 2.1237 1.6319 0.10533 1.1111 2.6352 0.63537 -0.020017 -0.46841 1.2489 -1.8255 0.41382 1.618 -3.535 0.85216 -0.63537 0.020018 0.46841 -0.6867 -2.0522 0.1257 -1.166 -3.5533 -0.75069
6 43 120 0.57984 4.786 0.50058 0.41207 3.5365 0.40229 1.1318 3.4537 -0.26294 0.98515 1.9566 -0.90011 1.5428 0.5384 -1.1356 -0.30178 3.6484 1.0696 -0.56052 2.1144 1.5681 -0.059116 1.017 2.5284 0.64423 -0.019608 -0.45615 1.2192 -1.8299 0.44198 1.5145 -3.5724 0.79895 -0.64423 0.019608 0.45615 -0.76149 -2.0412 0.064191 -1.274 -3.5076 -0.85109
6 44 132 0.65235 4.7843 0.39493 0.47389 3.5335 0.3391 1.0526 3.4521 -0.45202 0.77374 1.955 -1.0435 1.2696 0.5404 -1.405 -0.098751 3.6442 1.1311 -0.32553 2.1003 1.6143 0.24188 0.911 2.4152 0.54093 -0.0076678 -0.57519 1.2585 -1.8257 0.19565 1.5557 -3.5876 0.43683 -0.54093 0.0076678 0.57519 -0.79189 -2.0414 0.18441 -1.5548 -3.4546 -0.63514
6 45 132 0.64046 4.7858 0.38441 0.46356 3.5343 0.33809 1.0455 3.4488 -0.45021 0.78145 1.9481 -1.0393 1.2919 0.53871 -1.4008 -0.1124 3.649 1.1271 -0.42119 2.0969 1.5328 -0.018053 0.8162 2.291 0.5372 -0.0011201 -0.57872 1.247 -1.8202 0.19689 1.4288 -3.6079 0.34477 -0.5372 0.0011201 0.57872 -0.84203 -2.0352 0.16087 -1.6666 -3.3934 -0.69141
6 46 132 0.61387 4.7904 0.3666 0.44243 3.5377 0.32929 1.032 3.4498 -0.45304 0.80771 1.9393 -1.0336 1.3421 0.53525 -1.3808 -0.14135 3.6549 1.1121 -0.5145 2.0993 1.443 -0.28885 0.74304 2.1411 0.54039 0.00094604 -0.57574 1.2042 -1.8399 0.18897 1.2848 -3.64 0.25413 -0.54039 -0.00094604 0.57574 -0.87202 -2.0398 0.19165 -1.7546 -3.3213 -0.71915
6 48 144 0.61951 4.7908 0.31224 0.45069 3.5372 0.30357 0.9214 3.4483 -0.55544 0.70692 1.9174 -1.0837 1.2843 0.53769 -1.4587 -0.014432 3.6554 1.1621 -0.42016 2.1034 1.4714 -0.28492 0.67501 2.0362 0.45429 0.017538 -0.64561 1.0893 -1.9029 -0.077411 1.0045 -3.7036 -0.1131 -0.45429 -0.017538 0.64561 -0.69154 -2.1045 0.59297 -1.8755 -3.1438 -0.28394
6 49 144 0.627 4.7856 0.37031 0.45127 3.5334 0.34002 0.96104 3.4467 -0.49663 0.82107 1.9105 -1.0344 1.4816 0.55186 -1.3436 -0.052668 3.6494 1.1767 -0.50991 2.1054 1.4523 -0.37518 0.66978 1.9985 0.47066 0.022165 -0.63363 1.0285 -1.9263 -0.080055 0.87094 -3.7209 -0.15473 -0.47066 -0.022166 0.63363 -0.56528 -2.1191 0.72514 -1.7706 -3.0519 -0.23808
6 50 144 0.63 4.7861 0.39783 0.45253 3.5352 0.34446 1.0017 3.453 -0.4673 0.96071 1.9109 -1.0049 1.6903 0.57607 -1.2571 -0.090686 3.6467 1.1568 -0.57795 2.1069 1.4024 -0.4235 0.67502 1.9534 0.47943 0.018054 -0.62715 0.98112 -1.9481 -0.082388 0.73612 -3.7302 -0.20553 -0.47943 -0.018055 0.62715 -0.41514 -2.1067 0.84549 -1.5998 -3.0256 -0.15604
6 51 144 0.62298 4.7887 0.41026 0.44886 3.5383 0.33855 1.0372 3.4598 -0.4457 1.1118 1.9132 -0.96648 1.9058 0.60451 -1.1524 -0.13357 3.6459 1.1238 -0.63333 2.1051 1.3354 -0.4541 0.68729 1.9145 0.48078 0.014326 -0.62622 0.93542 -1.9651 -0.08835 0.59693 -3.7273 -0.26437 -0.48078 -0.014326 0.62622 -0.24735 -2.0762 0.95573 -1.3815 -3.0792 -0.023328
6 52 144 0.60952 4.791 0.41748 0.44265 3.5403 0.33257 1.0643 3.4677 -0.42615 1.2616 1.9197 -0.90937 2.126 0.64757 -1.0196 -0.1733 3.642 1.0926 -0.66932 2.0958 1.2711 -0.47006 0.69636 1.8872 0.47793 0.013187 -0.62842 0.8924 -1.9773 -0.098639 0.45377 -3.7105 -0.33197 -0.47793 -0.013186 0.62842 -0.072065 -2.0326 1.0428 -1.1204 -3.1844 0.13428
6 53 144 0.5936 4.7923 0.42666 0.43465 3.5411 0.33306 1.0783 3.4751 -0.40768 1.3875 1.9309 -0.84193 2.3327 0.71275 -0.86236 -0.20354 3.6362 1.0754 -0.68605 2.0826 1.2242 -0.46368 0.70199 1.8739 0.47915 0.013868 -0.62747 0.83681 -1.9922 -0.11537 0.31371 -3.6937 -0.40202 -0.47915 -0.013868 0.62747 0.091924 -1.9784 1.1057 -0.82945 -3.3081 0.30962
6 54 144 0.56909 4.7947 0.43393 0.41811 3.5427 0.33629 1.0754 3.4826 -0.39289 1.4805 1.9471 -0.77647 2.507 0.80013 -0.68515 -0.23392 3.632 1.0672 -0.7035 2.0725 1.1937 -0.44717 0.70974 1.8682 0.48264 0.016516 -0.62472 0.75909 -2.0125 -0.1545 0.16829 -3.6853 -0.4763 -0.48264 -0.016516 0.62472 0.23005 -1.9228 1.1468 -0.52166 -3.4257 0.4935
