0 93 84 0.24452 4.7941 -0.31887 0.10665 3.565 -0.15936 -0.87388 3.6044 -0.22541 -2.4662 3.7232 0.11995 -2.9114 5.1654 0.43576 1.0878 3.5553 -0.091785 2.7047 3.6664 0.11346 3.2703 5.0988 0.036741 -0.78762 0.015961 -0.053817 -0.73478 -2.0447 -0.46037 -0.78216 -3.7453 0.13666 0.78762 -0.015962 0.053817 0.98364 -2.0812 -0.27883 1.1708 -3.7119 0.46724
0 94 72 0.27469 4.8044 -0.23064 0.1077 3.572 -0.10415 -0.83643 3.6063 -0.37765 -2.3914 4.0482 -0.61294 -2.5618 5.5803 -0.57642 1.0521 3.5675 0.17041 2.6202 3.9309 0.44932 2.9919 5.4085 0.21254 -0.76131 0.013351 -0.20912 -0.62452 -2.0444 -0.61067 -0.79724 -3.7466 -0.041761 0.76131 -0.013351 0.20912 1.0224 -2.0785 -0.075739 1.0459 -3.715 0.68076
0 94 84 0.22073 4.8044 -0.28271 0.083696 3.572 -0.12427 -0.89667 3.6063 -0.19549 -2.4666 4.0482 -0.10234 -2.6257 5.5803 -0.031186 1.0646 3.5675 -0.052068 2.6564 3.9309 -0.10527 2.9707 5.4085 -0.41415 -0.78815 0.013351 -0.046261 -0.73784 -2.0444 -0.46748 -0.7885 -3.7466 0.12491 0.78815 -0.013351 0.046261 0.98434 -2.0785 -0.28666 1.1646 -3.715 0.44843
0 94 96 0.15713 4.8044 -0.32242 0.056031 3.572 -0.13895 -0.91772 3.6063 -0.0047921 -2.434 4.0482 0.41273 -2.5748 5.5803 0.51541 1.0305 3.5675 -0.27227 2.5764 3.9309 -0.65526 2.8197 5.4085 -1.0227 -0.78054 0.013351 0.11862 -0.81891 -2.0444 -0.30386 -0.7453 -3.7466 0.28611 0.78054 -0.013351 -0.11862 0.90323 -2.0785 -0.48505 1.2324 -3.715 0.1965
0 95 72 0.22662 4.8169 -0.19968 0.080489 3.5752 -0.096755 -0.86372 3.5982 -0.37116 -2.2551 4.2965 -0.8662 -2.1215 5.8252 -1.017 1.0247 3.582 0.17841 2.5637 4.1301 0.18316 2.7482 5.5803 -0.30735 -0.76328 0.010769 -0.20194 -0.62814 -2.0434 -0.62198 -0.80076 -3.7487 -0.062484 0.76328 -0.01077 0.20194 1.0221 -2.0753 -0.089848 1.0417 -3.7164 0.65658
0 95 84 0.18015 4.8169 -0.24243 0.058614 3.5752 -0.11138 -0.92202 3.5982 -0.18347 -2.386 4.2965 -0.37841 -2.2865 5.8252 -0.55368 1.0394 3.582 -0.038538 2.5457 4.1301 -0.35386 2.6243 5.5803 -0.87202 -0.78859 0.010769 -0.038833 -0.74373 -2.0434 -0.47779 -0.79625 -3.7487 0.10537 0.78859 -0.01077 0.038833 0.9811 -2.0753 -0.30039 1.1554 -3.7164 0.42566
0 95 96 0.12581 4.8169 -0.27459 0.034177 3.5752 -0.12113 -0.94001 3.5982 0.012235 -2.4125 4.2965 0.12593 -2.3517 5.8252 -0.066183 1.0087 3.582 -0.25381 2.4165 4.1301 -0.87542 2.3856 5.5803 -1.3986 -0.77943 0.010769 0.12597 -0.82681 -2.0434 -0.31272 -0.75694 -3.7487 0.26862 0.77943 -0.01077 -0.12597 0.8972 -2.0753 -0.49781 1.2187 -3.7164 0.17613
0 96 72 0.17421 4.8279 -0.16963 0.065014 3.5755 -0.10227 -0.8787 3.583 -0.37925 -2.044 4.4369 -1.1419 -1.6541 5.8913 -1.4745 1.0083 3.5979 0.17536 2.4817 4.2401 -0.11694 2.5095 5.601 -0.84132 -0.76426 0.010407 -0.19824 -0.62788 -2.0406 -0.63311 -0.80302 -3.751 -0.090041 0.76426 -0.010407 0.19824 1.0212 -2.0732 -0.10677 1.0396 -3.719 0.62951
0 96 84 0.13513 4.8279 -0.20214 0.042329 3.5755 -0.11355 -0.93835 3.583 -0.18827 -2.2367 4.4369 -0.69194 -1.9246 5.8913 -1.0984 1.0227 3.5979 -0.038111 2.4031 4.2401 -0.63036 2.2797 5.601 -1.3447 -0.78877 0.010407 -0.035014 -0.74579 -2.0406 -0.48873 -0.80419 -3.751 0.078883 0.78877 -0.010407 0.035014 0.97666 -2.0732 -0.31675 1.1478 -3.719 0.39961
1 11 252 0.26836 4.7184 -0.94465 0.18613 3.4757 -0.75444 -0.75695 3.4582 -1.0331 -2.3739 3.3674 -0.81862 -3.6475 4.2156 -1.0084 1.1288 3.523 -0.47771 2.3466 3.2235 0.56913 3.7062 3.8982 0.84117 -0.76777 -0.00038433 -0.18447 -1.0652 -2.0061 -0.73496 -1.7739 -3.6492 -0.51413 0.76777 0.00038433 0.18448 1.5114 -1.9478 -0.072066 1.724 -3.5022 0.81647
1 11 264 0.066097 4.7184 -0.9798 0.025204 3.4757 -0.77666 -0.95521 3.4582 -0.85314 -2.4922 3.3674 -0.30717 -3.7775 4.2156 -0.22796 1.0048 3.523 -0.70196 2.4137 3.2235 0.068803 3.8001 3.8982 0.052227 -0.78934 -0.00038433 -0.020816 -1.1948 -2.0061 -0.49743 -1.842 -3.6492 -0.13408 0.78934 0.00038433 0.020816 1.4634 -1.9478 -0.38474 1.856 -3.5022 0.4402
1 12 240 0.43207 4.7346 -0.78798 0.31709 3.4911 -0.62901 -0.54501 3.4742 -1.1021 -2.1722 3.5627 -1.2172 -3.3088 4.5406 -1.5771 1.1789 3.5378 -0.15737 2.1798 3.3389 1.1183 3.4064 4.0937 1.6691 -0.71401 0.0038862 -0.33715 -1.0453 -1.9904 -0.90947 -1.8528 -3.6013 -0.84837 0.71401 -0.0038857 0.33715 1.5753 -1.9202 0.3232 1.6893 -3.4288 1.3041
1 12 252 0.2588 4.7346 -0.8606 0.17939 3.4911 -0.68119 -0.76225 3.4742 -0.96474 -2.3778 3.5627 -0.739 -3.5644 4.5406 -0.85465 1.1204 3.5378 -0.39904 2.3647 3.3389 0.64069 3.679 4.0937 0.92445 -0.76851 0.0038862 -0.18133 -1.2115 -1.9904 -0.67227 -1.9887 -3.6013 -0.44461 0.76851 -0.0038857 0.18133 1.608 -1.9202 -0.011374 1.9235 -3.4288 0.92434
1 13 240 0.38215 4.7503 -0.70397 0.27868 3.5053 -0.55748 -0.58394 3.49 -1.0297 -2.1961 3.7213 -1.1575 -3.2651 4.7959 -1.4406 1.1407 3.5505 -0.086093 2.1768 3.4249 1.1707 3.3616 4.2425 1.7234 -0.71434 0.0021982 -0.33646 -1.1539 -1.9763 -0.89016 -2.0025 -3.5629 -0.77274 0.71434 -0.0021982 0.33646 1.5897 -1.9114 0.38967 1.8118 -3.3776 1.4154
1 13 252 0.22744 4.7503 -0.76804 0.15669 3.5053 -0.60324 -0.78527 3.49 -0.88581 -2.3887 3.7213 -0.67563 -3.4932 4.7959 -0.73027 1.0979 3.5505 -0.32138 2.3726 3.4249 0.69253 3.6464 4.2425 0.98681 -0.76869 0.0021982 -0.18059 -1.3138 -1.9763 -0.63079 -2.1194 -3.5629 -0.33952 0.76869 -0.0021982 0.18059 1.636 -1.9114 0.050641 2.0665 -3.3776 1.0078
1 14 240 0.34012 4.7625 -0.61869 0.24813 3.515 -0.49254 -0.61546 3.4989 -0.963 -2.2035 3.8463 -1.125 -3.217 4.9887 -1.338 1.1108 3.5608 -0.02234 2.1691 3.4926 1.2203 3.337 4.363 1.7262 -0.71538 0.0029078 -0.33424 -1.186 -1.9637 -0.90449 -2.0276 -3.5436 -0.68848 0.71538 -0.0029073 0.33424 1.5845 -1.9137 0.42305 1.8656 -3.3524 1.4728
1 14 252 0.20405 4.7625 -0.67589 0.1403 3.515 -0.53337 -0.80223 3.4989 -0.81399 -2.3892 3.8463 -0.64225 -3.4249 4.9887 -0.63994 1.0819 3.5608 -0.2528 2.3754 3.4926 0.7426 3.623 4.363 0.99465 -0.76924 0.0029078 -0.1782 -1.3481 -1.9637 -0.63814 -2.1265 -3.5436 -0.25187 0.76924 -0.0029073 0.1782 1.6378 -1.9137 0.084366 2.131 -3.3524 1.0528
1 15 240 0.31255 4.7698 -0.54886 0.23131 3.5196 -0.44353 -0.63515 3.5055 -0.90873 -2.1927 3.9556 -1.109 -3.1513 5.147 -1.307 1.0966 3.5634 0.021943 2.1963 3.5321 1.2296 3.3396 4.4405 1.725 -0.71879 0.0062594 -0.3268 -1.1712 -1.9507 -0.94328 -1.9703 -3.5419 -0.66022 0.71879 -0.006259 0.3268 1.5786 -1.9224 0.38737 1.8739 -3.3419 1.459
1 15 252 0.19161 4.7698 -0.60185 0.13404 3.5196 -0.48193 -0.81021 3.5055 -0.75681 -2.3754 3.9556 -0.62883 -3.3542 5.147 -0.62322 1.0772 3.5634 -0.20654 2.404 3.5321 0.7461 3.6252 4.4405 0.99299 -0.77103 0.0062594 -0.17021 -1.3417 -1.9507 -0.67917 -2.0645 -3.5419 -0.23613 0.77103 -0.006259 0.17021 1.6246 -1.9224 0.050705 2.1363 -3.3419 1.0376
1 16 240 0.29757 4.7762 -0.49987 0.21377 3.5249 -0.40902 -0.65711 3.5189 -0.86607 -2.1827 4.0487 -1.1123 -3.0795 5.2851 -1.3238 1.0836 3.5607 0.048658 2.229 3.5656 1.2135 3.3491 4.5016 1.7103 -0.72426 0.005724 -0.31451 -1.1112 -1.9486 -0.98169 -1.8909 -3.5216 -0.57094 0.72426 -0.0057244 0.31451 1.5741 -1.9272 0.31413 1.8159 -3.3277 1.4237
1 16 252 0.18714 4.7762 -0.55082 0.12406 3.5249 -0.44453 -0.82282 3.5189 -0.71053 -2.3663 4.0487 -0.63416 -3.2875 5.2851 -0.65456 1.07 3.5607 -0.1777 2.4326 3.5656 0.72354 3.6315 4.5016 0.97664 -0.77382 0.005724 -0.15706 -1.291 -1.9486 -0.7292 -1.9683 -3.5216 -0.16533 0.77382 -0.0057244 0.15706 1.605 -1.9272 -0.019999 2.0722 -3.3277 1.015
1 17 240 0.30933 4.7841 -0.47089 0.21033 3.5332 -0.38828 -0.66356 3.5389 -0.83956 -2.1685 4.0966 -1.1441 -3.0117 5.3685 -1.3654 1.0835 3.5572 0.063746 2.2811 3.5605 1.1748 3.3862 4.5152 1.6698 -0.72626 0.0050941 -0.30987 -1.0368 -1.9167 -1.1003 -1.8222 -3.4226 -0.49498 0.72626 -0.0050941 0.30987 1.6021 -1.9148 0.30127 1.6798 -3.2738 1.4836
1 17 252 0.20466 4.7841 -0.52492 0.125 3.5332 -0.42353 -0.82361 3.5389 -0.68326 -2.359 4.0966 -0.66827 -3.2298 5.3685 -0.70935 1.0731 3.5572 -0.16292 2.4755 3.5605 0.67487 3.6594 4.5152 0.92933 -0.77481 0.0050941 -0.1521 -1.2429 -1.9167 -0.86068 -1.8853 -3.4226 -0.10532 0.77481 -0.0050941 0.1521 1.6298 -1.9148 -0.038415 1.9515 -3.2738 1.102
1 18 240 0.38834 4.792 -0.44917 0.27233 3.5417 -0.35995 -0.60185 3.5548 -0.81052 -2.1144 4.0423 -1.1888 -2.9295 5.3259 -1.445 1.1463 3.5585 0.090874 2.3898 3.4624 1.146 3.512 4.4041 1.6271 -0.72599 0.023301 -0.30966 -0.97088 -1.8519 -1.2251 -1.7552 -3.3211 -0.53445 0.72599 -0.023301 0.30966 1.6747 -1.8979 0.29854 1.6491 -3.2267 1.5169
1 18 252 0.28647 4.792 -0.52009 0.19154 3.5417 -0.40871 -0.75721 3.5548 -0.66768 -2.3154 4.0423 -0.72322 -3.1659 5.3259 -0.80438 1.1401 3.5585 -0.14944 2.5758 3.4624 0.62405 3.7735 4.4041 0.86138 -0.77451 0.023301 -0.15195 -1.2044 -1.8519 -0.9965 -1.828 -3.3211 -0.15784 0.77451 -0.023301 0.15195 1.7002 -1.8979 -0.056186 1.9284 -3.2267 1.1409
1 18 264 0.17207 4.792 -0.56829 0.10238 3.5417 -0.4396 -0.87948 3.5548 -0.49565 -2.4152 4.0423 -0.22602 -3.264 5.3259 -0.12856 1.0842 3.5585 -0.38323 2.6493 3.4624 0.074863 3.8702 4.4041 0.057989 -0.78918 0.023301 0.012404 -1.3852 -1.8519 -0.72432 -1.8209 -3.3211 0.22567 0.78918 -0.023301 -0.012403 1.6514 -1.8979 -0.40845 2.1235 -3.2267 0.71506
1 19 252 0.33084 4.7813 -0.61213 0.21713 3.5332 -0.48042 -0.73167 3.5557 -0.73854 -2.3281 3.8797 -0.86229 -3.2226 5.1256 -1.0211 1.1663 3.5404 -0.22285 2.6073 3.2802 0.50155 3.8844 4.1269 0.67337 -0.77505 0.02253 -0.14931 -1.1741 -1.7451 -1.2125 -1.7865 -3.1652 -0.28548 0.77505 -0.02253 0.14931 1.7321 -1.8653 -0.1708 1.9191 -3.1465 1.084
1 19 264 0.19635 4.7813 -0.66754 0.1125 3.5332 -0.51506 -0.86924 3.5557 -0.57028 -2.4565 3.8797 -0.35941 -3.3645 5.1256 -0.32879 1.0945 3.5404 -0.46047 2.6546 3.2802 -0.051492 3.9396 4.1269 -0.14896 -0.78915 0.02253 0.015098 -1.4006 -1.7451 -0.9419 -1.8068 -3.1652 0.09219 0.78915 -0.02253 -0.015098 1.6587 -1.8653 -0.52719 2.1025 -3.1465 0.6613
1 20 252 0.37332 4.7851 -0.60346 0.24764 3.5387 -0.45988 -0.69926 3.5651 -0.72454 -2.3152 3.7278 -0.90023 -3.3388 4.8529 -1.1531 1.1952 3.5421 -0.19635 2.6305 3.1237 0.46222 4.0191 3.7809 0.59431 -0.772 0.025454 -0.16392 -1.1515 -1.7494 -1.2224 -1.758 -3.1782 -0.30504 0.772 -0.025454 0.16392 1.7425 -1.8482 -0.22351 1.8893 -3.1411 1.0246
1 20 264 0.23969 4.7851 -0.66789 0.14662 3.5387 -0.50132 -0.83462 3.5651 -0.56332 -2.4518 3.7278 -0.39919 -3.5056 4.8529 -0.43373 1.1283 3.5421 -0.44056 2.6691 3.1237 -0.094785 4.0549 3.7809 -0.2543 -0.78921 0.025454 0.00016781 -1.3805 -1.7494 -0.95625 -1.783 -3.1782 0.06714 0.78921 -0.025454 -0.00016784 1.6579 -1.8482 -0.5809 2.0611 -3.1411 0.60939
1 20 276 0.095592 4.7851 -0.70313 0.03918 3.5387 -0.52085 -0.9335 3.5651 -0.37748 -2.4812 3.7278 0.1193 -3.5192 4.8529 0.3046 1.012 3.5421 -0.66551 2.5911 3.1237 -0.64765 3.9134 3.7809 -1.0918 -0.77193 0.025454 0.16425 -1.5491 -1.7494 -0.64834 -1.7301 -3.1782 0.43639 0.77193 -0.025454 -0.16425 1.5009 -1.8482 -0.9129 2.1427 -3.1411 0.16755
1 21 252 0.42893 4.7897 -0.5531 0.29364 3.5422 -0.42298 -0.65114 3.5754 -0.69436 -2.2694 3.6035 -0.91596 -3.4465 4.5548 -1.2112 1.2393 3.5388 -0.15268 2.6583 3.0017 0.45284 4.1239 3.4597 0.59387 -0.77029 0.042914 -0.16824 -1.1313 -1.7826 -1.1437 -1.7567 -3.2514 -0.30556 0.77029 -0.042914 0.16824 1.6759 -1.9055 -0.18542 1.8888 -3.2254 1.0242
1 21 264 0.30457 4.7897 -0.63019 0.19928 3.5422 -0.47478 -0.78128 3.5754 -0.54381 -2.4103 3.6035 -0.42411 -3.623 4.5548 -0.46815 1.1805 3.5388 -0.40701 2.6944 3.0017 -0.10975 4.1573 3.4597 -0.27653 -0.78844 0.042914 -0.0044099 -1.3444 -1.7826 -0.8835 -1.7819 -3.2514 0.066357 0.78844 -0.042914 0.0044094 1.6007 -1.9055 -0.52981 2.0604 -3.2254 0.60913
1 21 276 0.16689 4.7897 -0.67974 0.096216 3.5422 -0.50584 -0.87727 3.5754 -0.36949 -2.4458 3.6035 0.086282 -3.6412 4.5548 0.29535 1.0701 3.5388 -0.64356 2.6127 3.0017 -0.66755 4.009 3.4597 -1.1348 -0.77213 0.042914 0.15961 -1.4987 -1.7826 -0.58468 -1.7291 -3.2514 0.43538 0.77213 -0.042914 -0.15961 1.4556 -1.9055 -0.85104 2.1421 -3.2254 0.16743
1 21 288 0.021913 4.7897 -0.69959 -0.011057 3.5422 -0.51479 -0.93492 3.5754 -0.17902 -2.3744 3.6035 0.5929 -3.5002 4.5548 1.0459 0.91288 3.5388 -0.85197 2.4168 3.0017 -1.1962 3.6854 3.4597 -1.9435 -0.72207 0.042914 0.31666 -1.5875 -1.7826 -0.26031 -1.6008 -3.2514 0.78537 0.72207 -0.042914 -0.31666 1.2469 -1.9055 -1.1351 2.1301 -3.2254 -0.28159
1 22 252 0.39831 4.7925 -0.54401 0.25676 3.5434 -0.42878 -0.68899 3.5844 -0.6957 -2.3032 3.5113 -0.93565 -3.5809 4.3168 -1.2464 1.2036 3.5323 -0.16287 2.6038 2.9232 0.4179 4.1014 3.2475 0.5903 -0.77425 0.032543 -0.15158 -1.1478 -1.8257 -1.0581 -1.7778 -3.3349 -0.29886 0.77425 -0.032543 0.15158 1.5949 -1.9462 -0.12873 1.865 -3.3027 1.028
1 22 264 0.2765 4.7925 -0.61494 0.162 3.5434 -0.47279 -0.81858 3.5844 -0.53725 -2.4474 3.5113 -0.43634 -3.7618 4.3168 -0.47462 1.1434 3.5323 -0.40955 2.6338 2.9232 -0.13259 4.1345 3.2475 -0.27533 -0.78885 0.032543 0.012705 -1.3427 -1.8257 -0.79631 -1.8011 -3.3349 0.077285 0.78885 -0.032543 -0.012706 1.5333 -1.9462 -0.45752 2.038 -3.3027 0.6178
1 22 276 0.14261 4.7925 -0.65899 0.060159 3.5434 -0.49614 -0.91239 3.5844 -0.35531 -2.4847 3.5113 0.082052 -3.7782 4.3168 0.31786 1.0333 3.5323 -0.63834 2.5487 2.9232 -0.67728 3.9869 3.2475 -1.1289 -0.76897 0.032543 0.17644 -1.479 -1.8257 -0.49974 -1.7456 -3.3349 0.45006 0.76897 -0.032543 -0.17644 1.4046 -1.9462 -0.76631 2.1219 -3.3027 0.18058
1 23 252 0.39632 4.7841 -0.58198 0.2494 3.5348 -0.47658 -0.69788 3.5798 -0.73736 -2.31 3.4409 -0.96229 -3.632 4.1714 -1.2728 1.1979 3.5196 -0.21666 2.5833 2.8892 0.37658 4.0857 3.1804 0.56538 -0.77423 0.028409 -0.15251 -1.1694 -1.8553 -0.99497 -1.7998 -3.3942 -0.29823 0.77423 -0.028409 0.15251 1.5343 -1.9726 -0.086031 1.8469 -3.3611 1.0208
1 23 264 0.26665 4.7841 -0.65166 0.14486 3.5348 -0.51801 -0.83593 3.5798 -0.57615 -2.4596 3.4409 -0.461 -3.8172 4.1714 -0.48982 1.1266 3.5196 -0.46097 2.6051 2.8892 -0.16875 4.114 3.1804 -0.29644 -0.78902 0.028409 0.011797 -1.3507 -1.8553 -0.7301 -1.8225 -3.3942 0.082486 0.78902 -0.028409 -0.011797 1.4829 -1.9726 -0.40314 2.0188 -3.3611 0.61453
1 23 276 0.12534 4.7841 -0.69286 0.033998 3.5348 -0.53681 -0.93745 3.5798 -0.38976 -2.5017 3.4409 0.060451 -3.8356 4.1714 0.31453 1.0062 3.5196 -0.68514 2.5131 2.8892 -0.7067 3.9624 3.1804 -1.1453 -0.76932 0.028409 0.17559 -1.473 -1.8553 -0.43333 -1.7655 -3.3942 0.4596 0.76933 -0.028409 -0.17559 1.3666 -1.9726 -0.70264 2.1024 -3.3611 0.18138
1 24 252 0.41153 4.7668 -0.66738 0.26414 3.5167 -0.56597 -0.68161 3.5582 -0.83277 -2.2943 3.3909 -1.0326 -3.6246 4.1103 -1.3334 1.2111 3.5049 -0.30029 2.5902 2.8913 0.32429 4.0863 3.2203 0.50122 -0.77378 0.028842 -0.15468 -1.18 -1.8556 -0.99037 -1.8132 -3.4071 -0.325 0.77378 -0.028842 0.15468 1.5244 -1.9753 -0.094758 1.8449 -3.3737 0.99736
1 24 264 0.26378 4.7668 -0.73836 0.1407 3.5167 -0.60852 -0.83986 3.5582 -0.67286 -2.4589 3.3909 -0.53302 -3.8226 4.1103 -0.55067 1.1222 3.5049 -0.54552 2.601 2.8913 -0.22133 4.1012 3.2203 -0.35931 -0.78903 0.028842 0.0095827 -1.3601 -1.8556 -0.7234 -1.8411 -3.4071 0.059076 0.78903 -0.028842 -0.0095827 1.4714 -1.9753 -0.40963 2.0119 -3.3737 0.59199
1 24 276 0.1045 4.7668 -0.77707 0.011105 3.5167 -0.62448 -0.9614 3.5582 -0.48354 -2.516 3.3909 -0.010148 -3.8536 4.1103 0.25613 0.98421 3.5049 -0.76691 2.4982 2.8913 -0.75728 3.9368 3.2203 -1.2041 -0.7698 0.028842 0.17342 -1.4808 -1.8556 -0.42482 -1.7886 -3.4071 0.44057 0.7698 -0.028842 -0.17342 1.3541 -1.9753 -0.7066 2.0911 -3.3737 0.16075
1 25 252 0.41614 4.7492 -0.77599 0.26938 3.4987 -0.66745 -0.67564 3.5332 -0.93787 -2.2927 3.3741 -1.1068 -3.6105 4.1162 -1.4072 1.2156 3.4939 -0.39908 2.5936 2.9262 0.26978 4.0748 3.3326 0.4068 -0.77517 0.025141 -0.14825 -1.1825 -1.8276 -1.0513 -1.8157 -3.3742 -0.37442 0.77517 -0.025141 0.14825 1.5672 -1.9465 -0.16088 1.8499 -3.3401 0.94762
1 25 264 0.2457 4.7492 -0.84555 0.12472 3.4987 -0.70888 -0.85587 3.5332 -0.7769 -2.4727 3.3741 -0.6059 -3.8242 4.1162 -0.62581 1.1061 3.4939 -0.64309 2.5931 2.9262 -0.27537 4.0703 3.3326 -0.44928 -0.78905 0.025141 0.016159 -1.3752 -1.8276 -0.78251 -1.8539 -3.3742 0.011263 0.78905 -0.025141 -0.016158 1.4995 -1.9465 -0.4832 2.0065 -3.3401 0.54231
1 26 252 0.4157 4.7337 -0.88737 0.2626 3.4856 -0.75829 -0.68147 3.5171 -1.0323 -2.3059 3.4149 -1.1717 -3.6082 4.1857 -1.4678 1.2081 3.4836 -0.48745 2.5999 2.9972 0.21618 4.057 3.492 0.31361 -0.77607 0.017431 -0.14459 -1.1768 -1.7704 -1.1728 -1.8158 -3.2944 -0.45169 0.77607 -0.017431 0.14459 1.6464 -1.8828 -0.27619 1.8642 -3.2613 0.86543
1 26 264 0.22212 4.7337 -0.95441 0.099207 3.4856 -0.79632 -0.88121 3.5171 -0.86809 -2.4991 3.4149 -0.66666 -3.8345 4.1857 -0.6855 1.0804 3.4836 -0.72798 2.588 2.9972 -0.32909 4.0336 3.492 -0.53675 -0.78918 0.017431 0.019929 -1.3949 -1.7704 -0.90252 -1.87 -3.2944 -0.064296 0.78918 -0.017431 -0.019929 1.553 -1.8828 -0.61247 2.0034 -3.2613 0.45893
1 27 252 0.43728 4.723 -0.95337 0.27292 3.4787 -0.8081 -0.67154 3.5066 -1.0812 -2.2998 3.4883 -1.2117 -3.5911 4.2803 -1.4998 1.219 3.4802 -0.53911 2.6347 3.0871 0.17507 4.0663 3.6559 0.24344 -0.77519 0.01708 -0.14927 -1.1741 -1.7067 -1.2824 -1.8219 -3.2105 -0.52748 0.77519 -0.01708 0.14927 1.7366 -1.813 -0.36534 1.8992 -3.1757 0.80397
1 27 264 0.22951 4.723 -1.0234 0.098939 3.4787 -0.84718 -0.88166 3.5066 -0.91795 -2.5015 3.4883 -0.7071 -3.8245 4.2803 -0.72035 1.0802 3.4802 -0.78077 2.6135 3.0871 -0.37653 4.028 3.6559 -0.6073 -0.78929 0.01708 0.015168 -1.415 -1.7067 -1.0102 -1.8917 -3.2105 -0.13716 0.78929 -0.01708 -0.015168 1.6227 -1.813 -0.71841 2.0248 -3.1757 0.39154
1 28 252 0.45632 4.7097 -1.0124 0.29424 3.4666 -0.85217 -0.6499 3.4941 -1.1264 -2.2781 3.4581 -1.2544 -3.5602 4.2513 -1.5782 1.2402 3.4684 -0.58276 2.6531 3.0686 0.13314 4.0755 3.6634 0.15614 -0.77463 0.023125 -0.15135 -1.1818 -1.6962 -1.2881 -1.8344 -3.2088 -0.55523 0.77463 -0.023125 0.15135 1.7687 -1.7975 -0.37563 1.9246 -3.1744 0.77797
1 28 264 0.23585 4.7097 -1.0852 0.11064 3.4666 -0.89472 -0.86989 3.4941 -0.96666 -2.4891 3.4581 -0.75337 -3.8105 4.2513 -0.80349 1.0919 3.4684 -0.82787 2.6228 3.0686 -0.42138 4.0189 3.6634 -0.69462 -0.78917 0.023125 0.013016 -1.4238 -1.6962 -1.0143 -1.9097 -3.2088 -0.1617 0.78917 -0.023125 -0.013016 1.652 -1.7975 -0.73515 2.0443 -3.1744 0.36083
1 29 252 0.41725 4.723 -0.97802 0.27137 3.477 -0.81815 -0.67493 3.5047 -1.0848 -2.2876 3.2867 -1.2276 -3.5989 3.9784 -1.6517 1.2194 3.4787 -0.55612 2.5848 2.9165 0.14258 4.0454 3.4099 0.10954 -0.77583 0.019869 -0.14555 -1.1774 -1.7982 -1.1191 -1.8511 -3.3454 -0.48414 0.77583 -0.019869 0.14555 1.6506 -1.8871 -0.25764 1.8847 -3.3118 0.82233
1 29 264 0.20479 4.723 -1.0434 0.095335 3.477 -0.85669 -0.88573 3.5047 -0.92079 -2.4929 3.2867 -0.72517 -3.8636 3.9784 -0.86736 1.0771 3.4787 -0.79749 2.558 2.9165 -0.39795 3.9797 3.4099 -0.73393 -0.78914 0.019869 0.018934 -1.3844 -1.7982 -0.84985 -1.9113 -3.3454 -0.088701 0.78914 -0.019869 -0.018935 1.5609 -1.8871 -0.59518 2.0144 -3.3118 0.41251
1 30 264 0.19308 4.7276 -1.0024 0.094621 3.4778 -0.83531 -0.88698 3.5006 -0.89282 -2.4369 3.0126 -0.72434 -3.8868 3.47 -0.98164 1.0767 3.4845 -0.78174 2.4521 2.6909 -0.39818 3.923 2.9379 -0.78948 -0.78932 0.018315 0.011389 -1.2898 -1.9221 -0.61985 -1.8487 -3.5071 0.0332 0.78932 -0.018315 -0.011389 1.395 -1.9892 -0.41503 1.9531 -3.4572 0.47068
