0 0 204 -0.12906 4.8174 0.46995 -0.017196 3.5725 0.29557 0.84059 3.5075 0.77237 1.7891 2.4853 1.6234 2.4072 2.7739 3.0062 -0.87476 3.6669 -0.17669 -2.1103 2.6073 -0.31589 -3.4986 2.5042 0.34717 0.6826 -0.02094 0.39638 0.23136 -1.9089 1.2002 0.62503 -3.6681 1.1622 -0.6826 0.020939 -0.39638 -0.71415 -2.0782 -0.47862 -0.12937 -3.5909 -1.2666
0 1 192 -0.1205 4.8165 0.49864 -0.019179 3.5717 0.31298 0.82149 3.4939 0.81754 1.8586 2.4791 1.5679 2.5829 2.7568 2.9006 -0.85958 3.6789 -0.18663 -2.0891 2.606 -0.26363 -3.419 2.4735 0.50534 0.64286 -0.03031 0.45751 0.047177 -1.8944 1.2221 0.3974 -3.6622 1.2794 -0.64286 0.03031 -0.45751 -0.56786 -2.0653 -0.58839 0.15544 -3.5693 -1.2708
0 2 180 -0.1289 4.815 0.52438 -0.037597 3.5708 0.32524 0.78878 3.4839 0.85147 1.9055 2.4846 1.5019 2.7335 2.7575 2.7737 -0.86373 3.6869 -0.19568 -2.079 2.5954 -0.21652 -3.3355 2.4463 0.66469 0.59378 -0.034411 0.51936 -0.14816 -1.8749 1.2095 0.14532 -3.6488 1.3449 -0.59378 0.034411 -0.51936 -0.41068 -2.0539 -0.66014 0.42974 -3.5488 -1.2167
0 3 168 -0.16856 4.8081 0.57247 -0.075564 3.5677 0.34897 0.73641 3.4727 0.89581 1.9254 2.4949 1.4425 2.8541 2.7822 2.6395 -0.88752 3.6919 -0.19202 -2.084 2.58 -0.16058 -3.2648 2.423 0.81851 0.5341 -0.039397 0.58024 -0.35212 -1.8538 1.1607 -0.12023 -3.6307 1.3603 -0.5341 0.039397 -0.58024 -0.26021 -2.0407 -0.6928 0.67677 -3.5261 -1.1006
0 5 156 -0.10408 4.7961 0.67658 -0.076301 3.5641 0.38814 0.80535 3.4598 0.81142 2.162 2.5532 0.89135 3.4493 2.901 1.6655 -0.95718 3.6976 -0.028534 -2.068 2.5585 0.34223 -2.8268 2.4184 1.6772 0.51601 -0.047015 0.59584 -0.49784 -1.8202 1.0879 -0.36239 -3.6019 1.3293 -0.51601 0.047015 -0.59584 -0.12618 -2.0158 -0.68016 0.90058 -3.4745 -0.9424
0 7 144 -0.092707 4.7798 0.75638 -0.11579 3.5579 0.42533 0.80648 3.4632 0.7537 2.1628 2.6214 0.40637 3.6231 3.0146 0.70713 -1.0371 3.6815 0.1039 -1.9683 2.5226 0.78092 -2.2671 2.4391 2.2914 0.48219 -0.050315 0.62327 -0.65765 -1.7775 0.98652 -0.59905 -3.5613 1.2423 -0.48219 0.050314 -0.62327 -0.027525 -2.0005 -0.66309 1.0732 -3.4268 -0.73506
0 9 132 -0.11704 4.7618 0.82413 -0.16898 3.5507 0.46181 0.7712 3.4648 0.73755 2.0348 2.6527 0.095428 3.5276 3.0302 0.013163 -1.1081 3.6656 0.19299 -1.7868 2.4949 1.1082 -1.632 2.4684 2.6421 0.44647 -0.059207 0.64858 -0.8002 -1.7405 0.83168 -0.82184 -3.5245 1.0916 -0.44647 0.059207 -0.64858 0.05513 -1.981 -0.63254 1.1854 -3.3802 -0.50805
0 24 180 -0.33135 4.7913 0.62774 -0.32654 3.5559 0.3487 0.61945 3.5337 0.61696 1.8927 2.5973 0.2035 3.3955 2.79 0.48967 -1.2731 3.6074 0.086599 -1.7548 2.5823 1.2639 -1.2658 2.5718 2.7262 0.57066 -0.0019205 0.54575 -0.20024 -1.8372 1.2178 0.090619 -3.6106 1.3643 -0.57066 0.0019205 -0.54575 -0.66395 -2.0954 -0.62917 0.2895 -3.5279 -1.1675
0 25 192 -0.29427 4.7939 0.63647 -0.29387 3.5573 0.36262 0.65894 3.5315 0.60523 1.9405 2.6028 0.20027 3.4403 2.7992 0.49962 -1.247 3.6123 0.12607 -1.7828 2.6018 1.2925 -1.5097 2.5546 2.8094 0.61269 0.00046086 0.49811 -0.014875 -1.8588 1.249 0.35073 -3.6233 1.3101 -0.61269 -0.0004611 -0.49811 -0.79611 -2.0931 -0.53765 0.023061 -3.5536 -1.2061
0 26 192 -0.35862 4.7974 0.58159 -0.31255 3.5603 0.31365 0.58546 3.5279 0.71351 1.9314 2.6078 0.61034 3.3189 2.8002 1.255 -1.2116 3.622 -0.080285 -2.0364 2.6313 0.92315 -2.3201 2.5496 2.4366 0.54533 -0.0027633 0.57106 -0.086251 -1.8863 1.2549 0.33046 -3.6399 1.3023 -0.54533 0.0027628 -0.57106 -0.7917 -2.0836 -0.6002 0.012078 -3.5771 -1.2118
0 40 336 -0.15382 4.8123 0.52078 -0.048614 3.5722 0.30248 0.91181 3.5646 0.51436 1.4535 2.3792 1.4993 0.88998 2.2662 2.9302 -1.0093 3.6093 0.094905 -2.2341 2.7794 -0.59787 -3.761 2.9162 -0.76382 0.75326 0.043852 -0.23275 0.81396 -2.0562 -0.25498 0.33475 -3.6132 -1.0276 -0.75326 -0.043852 0.23275 -0.41089 -1.8982 1.1594 -0.85406 -3.6455 1.1948
0 41 348 -0.14231 4.8062 0.53809 -0.025064 3.5715 0.30466 0.94577 3.5718 0.46226 1.4298 2.3622 1.4478 0.7572 2.2593 2.8316 -0.99612 3.6007 0.15117 -2.1644 2.7397 -0.59883 -3.6882 2.8322 -0.81566 0.71956 0.047052 -0.32175 0.72776 -2.053 -0.3848 0.11877 -3.6009 -1.0806 -0.71956 -0.047052 0.32175 -0.20024 -1.878 1.2119 -0.58309 -3.6349 1.3442
0 42 0 -0.10837 4.7997 0.55242 0.016944 3.5715 0.30062 0.99618 3.5777 0.39241 1.4363 2.3505 1.3768 0.65406 2.2646 2.7029 -0.9624 3.5948 0.21285 -2.077 2.7006 -0.57881 -3.596 2.7265 -0.84301 0.66947 0.045931 -0.41617 0.63529 -2.0532 -0.49877 -0.10233 -3.5887 -1.0894 -0.66947 -0.045931 0.41617 0.022859 -1.8576 1.2242 -0.28347 -3.6225 1.4295
0 58 348 0.042975 4.7997 0.52537 0.15577 3.5697 0.27684 1.1325 3.5876 0.16252 1.2914 2.3944 1.2669 0.077303 2.5919 2.1967 -0.82054 3.5812 0.39537 -2.021 2.5357 0.028578 -3.4762 2.1331 0.3414 0.61688 0.01784 -0.49258 0.84583 -2.0691 -0.57374 0.22056 -3.635 -1.2123 -0.61688 -0.017841 0.49258 -0.057988 -1.9091 1.2172 -0.51116 -3.6542 1.222
0 59 336 -0.010598 4.8023 0.52363 0.11805 3.5698 0.29507 1.1014 3.5797 0.27956 1.19 2.3743 1.3785 -0.035807 2.6023 2.2857 -0.8651 3.5894 0.31487 -2.0583 2.5604 -0.11661 -3.5313 2.2051 0.16907 0.6792 0.0188 -0.40228 0.95099 -2.0644 -0.42535 0.47704 -3.6477 -1.1462 -0.6792 -0.0188 0.40228 -0.26574 -1.9262 1.1803 -0.74225 -3.6618 1.0729
0 60 324 -0.060558 4.8055 0.51516 0.080766 3.5701 0.30763 1.0602 3.5763 0.39705 1.0842 2.3517 1.478 -0.1604 2.6001 2.3537 -0.8988 3.5934 0.22238 -2.0761 2.5778 -0.27885 -3.5652 2.2649 -0.029059 0.72924 0.018466 -0.30227 1.0245 -2.061 -0.24993 0.71803 -3.6599 -1.0251 -0.72924 -0.018466 0.30227 -0.46034 -1.9429 1.1015 -0.9369 -3.6679 0.88263
0 60 336 0.047874 4.8055 0.5165 0.14296 3.5701 0.28412 1.1196 3.5763 0.16794 1.3679 2.3517 1.2203 0.33247 2.6001 2.3356 -0.83292 3.5934 0.40439 -2.0887 2.5778 0.15888 -3.4933 2.2649 0.71282 0.65046 0.018466 -0.44728 0.95016 -2.061 -0.45748 0.48922 -3.6599 -1.1519 -0.65046 -0.018466 0.44728 -0.22127 -1.9429 1.1731 -0.73291 -3.6679 1.0581
0 61 324 0.00043458 4.8071 0.51917 0.10943 3.5705 0.29912 1.0929 3.5694 0.2866 1.2802 2.3256 1.3291 0.21637 2.5742 2.4173 -0.8735 3.6011 0.31586 -2.117 2.5919 -0.0067392 -3.5435 2.3066 0.50456 0.70698 0.017275 -0.35126 1.0291 -2.0578 -0.28232 0.72833 -3.6685 -1.0346 -0.70698 -0.017275 0.35126 -0.41214 -1.9589 1.0978 -0.91936 -3.6738 0.86799
0 62 312 -0.041942 4.8076 0.52956 0.07495 3.5694 0.32079 1.054 3.5583 0.41413 1.1815 2.2965 1.4439 0.089431 2.5369 2.5055 -0.90372 3.61 0.23182 -2.1249 2.6047 -0.17678 -3.5659 2.3319 0.29935 0.75007 0.017196 -0.24617 1.0753 -2.0528 -0.093112 0.94308 -3.6767 -0.86537 -0.75007 -0.017196 0.24617 -0.58031 -1.9737 0.99275 -1.0549 -3.6778 0.64344
0 63 300 -0.088507 4.8097 0.52733 0.034256 3.5692 0.33047 0.99725 3.5539 0.52988 1.0627 2.2722 1.5407 -0.054579 2.4938 2.58 -0.92873 3.6139 0.13548 -2.1121 2.5992 -0.35325 -3.5759 2.3267 0.047565 0.77771 0.016473 -0.13562 1.0872 -2.0485 0.097916 1.1202 -3.6857 -0.6565 -0.77771 -0.016473 0.13562 -0.72536 -1.9855 0.86659 -1.1398 -3.678 0.40337
0 63 312 0.023065 4.8097 0.53421 0.10222 3.5692 0.31613 1.0856 3.5539 0.31096 1.3598 2.2722 1.286 0.48304 2.4938 2.535 -0.88027 3.6139 0.32561 -2.1394 2.5992 0.093593 -3.4879 2.3267 0.79 0.73252 0.016473 -0.29436 1.0838 -2.0485 -0.13027 0.95919 -3.6857 -0.87505 -0.73252 -0.016473 0.29436 -0.52934 -1.9855 0.99847 -1.031 -3.678 0.63154
0 64 300 -0.033544 4.8117 0.52664 0.060816 3.5691 0.32833 1.0392 3.5459 0.42621 1.249 2.2432 1.3893 0.34714 2.4428 2.624 -0.91687 3.6216 0.23491 -2.1429 2.5921 -0.089892 -3.5241 2.308 0.53404 0.76658 0.01641 -0.18862 1.1044 -2.0428 0.05594 1.1416 -3.6943 -0.66654 -0.76658 -0.01641 0.18862 -0.68454 -1.9975 0.88345 -1.1166 -3.6782 0.3939
0 65 288 -0.085109 4.8136 0.51826 0.020813 3.5692 0.33405 0.98199 3.5425 0.5409 1.1219 2.2178 1.4865 0.19327 2.3986 2.7042 -0.94007 3.6253 0.13177 -2.1199 2.5759 -0.28689 -3.526 2.2751 0.26993 0.78563 0.01463 -0.077952 1.0937 -2.0385 0.24427 1.2839 -3.7018 -0.42521 -0.78563 -0.014631 0.077951 -0.81602 -2.0093 0.73715 -1.1462 -3.6802 0.14549
0 66 288 -0.031859 4.8156 0.51966 0.04813 3.5691 0.33274 1.0238 3.5409 0.45395 1.2749 2.1925 1.3414 0.59864 2.3543 2.7178 -0.92677 3.6268 0.21609 -2.1268 2.5502 -0.047288 -3.4245 2.2269 0.7204 0.77984 0.012561 -0.12325 1.1166 -2.035 0.20602 1.3162 -3.7083 -0.43524 -0.77984 -0.012561 0.12325 -0.78217 -2.0182 0.74924 -1.1169 -3.6809 0.13772
0 67 276 -0.078669 4.8187 0.50593 0.0068565 3.5697 0.33404 0.95915 3.5373 0.57786 1.1202 2.1604 1.4421 0.42357 2.3034 2.8103 -0.94513 3.6316 0.09474 -2.0892 2.52 -0.25773 -3.4194 2.1697 0.43902 0.78956 0.0079436 0.0058751 1.0729 -2.0338 0.41257 1.4154 -3.7108 -0.15422 -0.78956 -0.0079432 -0.0058752 -0.88497 -2.0234 0.5798 -1.0857 -3.6816 -0.099221
0 68 276 -0.025317 4.8207 0.5085 0.027145 3.5704 0.33071 0.99572 3.5282 0.49639 1.2293 2.1221 1.2945 0.80491 2.2449 2.7718 -0.94047 3.642 0.16962 -2.0799 2.4881 -0.028116 -3.2776 2.1057 0.86467 0.78922 0.0053759 -0.024358 1.0938 -2.0306 0.39535 1.449 -3.7105 -0.15498 -0.78922 -0.0053763 0.024358 -0.84675 -2.028 0.58988 -1.0517 -3.6816 -0.099108
0 69 264 -0.10715 4.8218 0.50065 -0.052406 3.5698 0.33343 0.88373 3.5182 0.63066 1.0187 2.0842 1.4015 0.54415 2.1819 2.8654 -0.988 3.6508 0.041072 -2.0606 2.4473 -0.22334 -3.3004 2.0232 0.58942 0.78099 0.011395 0.11589 1.0089 -2.0194 0.60394 1.4702 -3.7025 0.15091 -0.78099 -0.011395 -0.11589 -0.92342 -2.036 0.4274 -0.97993 -3.6809 -0.30863
0 70 264 -0.080094 4.8208 0.51939 -0.058006 3.5676 0.35331 0.8958 3.5023 0.5843 1.0804 2.0383 1.2853 0.84151 2.0987 2.8075 -1.0105 3.6623 0.12718 -2.048 2.4037 0.035568 -3.1589 1.926 0.9923 0.7835 0.013771 0.09712 1.0211 -2.0064 0.62309 1.4753 -3.6883 0.15825 -0.7835 -0.013771 -0.097119 -0.90548 -2.0375 0.45407 -0.95519 -3.6771 -0.29445
0 71 264 -0.074519 4.8198 0.53038 -0.073823 3.5661 0.36468 0.89174 3.4975 0.53886 1.1001 2.0019 1.1621 1.0708 2.0085 2.7038 -1.0377 3.6641 0.19534 -2.0133 2.3555 0.26349 -2.9721 1.8133 1.3425 0.78547 0.021043 0.078022 1.0253 -1.9861 0.6508 1.4398 -3.6744 0.17261 -0.78547 -0.021043 -0.078021 -0.88625 -2.0442 0.47955 -0.93324 -3.6761 -0.28582
0 72 252 -0.18283 4.82 0.50058 -0.16571 3.5661 0.33305 0.76277 3.4991 0.65053 0.86014 1.9762 1.2336 0.67245 1.9138 2.7629 -1.0933 3.6626 0.020667 -2.0008 2.3042 0.033943 -3.0235 1.7016 1.0181 0.75857 0.030828 0.21707 0.85928 -1.967 0.85959 1.2919 -3.6687 0.44987 -0.75857 -0.030828 -0.21707 -0.9464 -2.0549 0.31415 -0.83432 -3.675 -0.46922
0 72 264 -0.074759 4.82 0.52766 -0.092846 3.5661 0.36022 0.88135 3.4991 0.47772 1.0978 1.9762 1.0278 1.2322 1.9138 2.5627 -1.0651 3.6626 0.24753 -1.95 2.3042 0.44919 -2.7458 1.7016 1.6245 0.78712 0.030828 0.054612 1.0192 -1.967 0.66215 1.3572 -3.6687 0.17145 -0.78712 -0.030828 -0.054612 -0.86041 -2.0549 0.50405 -0.91365 -3.675 -0.2855
0 73 264 -0.072969 4.8226 0.5028 -0.10423 3.568 0.34251 0.87512 3.5021 0.4048 1.0946 1.9548 0.88067 1.3449 1.8166 2.3959 -1.0815 3.6633 0.28493 -1.849 2.2552 0.59652 -2.482 1.5921 1.8364 0.78823 0.03797 0.02732 0.99756 -1.9581 0.64883 1.2638 -3.6688 0.14534 -0.78823 -0.03797 -0.02732 -0.83183 -2.0679 0.51296 -0.89897 -3.6773 -0.29697
0 85 252 -0.19287 4.8165 0.42334 -0.13946 3.5547 0.34936 0.82923 3.5611 0.51952 1.1609 2.0752 -0.072971 2.1549 0.91986 -0.30669 -1.108 3.5781 0.17995 -1.4153 2.055 -0.32461 -2.477 0.97118 -0.59944 0.76665 0.017418 0.18824 0.62875 -2.013 0.71062 0.79544 -3.6993 0.094576 -0.76665 -0.017417 -0.18825 -1.1238 -2.0463 0.22444 -1.0456 -3.6443 -0.60693
0 86 240 -0.26627 4.8056 0.34275 -0.18814 3.5463 0.30237 0.71635 3.5584 0.68852 1.297 2.1173 0.18362 2.5024 1.1756 -0.010844 -1.0922 3.5641 -0.084523 -1.3595 2.1005 -0.75936 -2.3405 1.249 -1.5901 0.71258 0.010247 0.34004 0.46415 -2.0239 0.80366 0.75965 -3.7071 0.22899 -0.71258 -0.010248 -0.34004 -1.1099 -2.0522 -0.045084 -0.88811 -3.6547 -0.84117
0 86 252 -0.18919 4.8056 0.39062 -0.12116 3.5463 0.33488 0.84385 3.5584 0.52453 1.3069 2.1173 -0.090054 2.4455 1.1756 -0.53088 -1.0859 3.5641 0.14441 -1.4876 2.1005 -0.46012 -2.62 1.249 -1.0687 0.7677 0.010247 0.18445 0.6211 -2.0239 0.68959 0.79066 -3.7071 0.066045 -0.7677 -0.010248 -0.18445 -1.095 -2.0522 0.18666 -1.0436 -3.6547 -0.63814
0 87 240 -0.25608 4.7931 0.32188 -0.1777 3.5378 0.2856 0.72526 3.5479 0.67536 1.4728 2.179 0.1896 2.8163 1.5076 -0.15939 -1.0797 3.5573 -0.10603 -1.4458 2.19 -0.92155 -2.3923 1.641 -2.008 0.71448 0.0064616 0.33611 0.47457 -2.0358 0.76739 0.76845 -3.7204 0.19583 -0.71448 -0.0064621 -0.33611 -1.0709 -2.0614 -0.082165 -0.87506 -3.6681 -0.87654
0 88 228 -0.32166 4.7899 0.24624 -0.229 3.5374 0.22257 0.56804 3.5484 0.79874 1.5803 2.2901 0.55189 3.0751 1.9452 0.39613 -1.0246 3.5562 -0.35544 -1.3077 2.3315 -1.3989 -1.9424 2.1451 -2.7918 0.63075 0.0063066 0.47498 0.31816 -2.0425 0.82012 0.72203 -3.7296 0.3288 -0.63076 -0.0063066 -0.47498 -0.98947 -2.0712 -0.32785 -0.65984 -3.6807 -1.0708
0 89 228 -0.36677 4.7866 0.23316 -0.24144 3.5407 0.18875 0.54663 3.5573 0.77699 1.747 2.4563 0.65208 3.2767 2.4853 0.46046 -1.0283 3.5537 -0.40117 -1.4442 2.5158 -1.5922 -2.0629 2.7383 -2.987 0.62757 0.012426 0.47906 0.32611 -2.0419 0.80031 0.7209 -3.7341 0.31908 -0.62757 -0.012426 -0.47906 -0.97257 -2.0805 -0.34399 -0.65602 -3.6896 -1.0933
0 90 216 -0.44751 4.7804 0.12947 -0.27739 3.5426 0.10511 0.35715 3.5719 0.85602 1.6929 2.6909 1.1851 3.1567 3.1504 1.3392 -0.91082 3.5431 -0.6473 -1.2339 2.7314 -2.0277 -1.5872 3.3775 -3.3825 0.50275 0.015334 0.60869 0.15735 -2.0429 0.85074 0.6407 -3.7359 0.46218 -0.50275 -0.015333 -0.60869 -0.86808 -2.0835 -0.54992 -0.4113 -3.6977 -1.2108
1 1 84 -0.14465 4.1439 2.4928 -0.046266 3.0054 1.9573 0.93594 2.9876 2.0055 1.0582 1.4877 1.3699 1.3169 0.078567 1.9402 -1.0282 3.0496 1.9231 -1.2576 1.5358 1.3534 -1.5867 0.14445 1.931 0.78943 -0.0035107 0.017103 0.40122 -1.4418 1.4986 0.67042 -2.9327 0.52096 -0.78943 0.0035105 -0.017103 -0.86256 -1.5634 1.3806 -0.90097 -2.8877 0.15768
1 34 72 -0.57673 4.6012 1.3747 -0.39212 3.3731 1.1402 0.55023 3.4174 1.4184 1.447 2.0687 1.2052 2.4736 1.1538 1.9029 -1.3375 3.3574 0.86944 -1.9011 1.9589 0.2407 -3.0152 0.909 0.42564 0.77387 0.033298 0.15333 0.59449 -1.9403 0.85115 0.70866 -3.6002 0.1565 -0.77387 -0.033298 -0.15333 -1.0134 -1.977 0.6076 -0.77405 -3.4762 -0.36495
1 35 72 -0.58043 4.5705 1.4784 -0.38421 3.3519 1.2099 0.55648 3.3891 1.4947 1.24 1.9356 1.1965 2.0666 0.78342 1.8022 -1.3281 3.343 0.93355 -1.7008 1.8665 0.3423 -2.6259 0.64539 0.51774 0.7736 0.027174 0.15592 0.47484 -1.9344 0.84672 0.58513 -3.5584 0.071174 -0.7736 -0.027174 -0.15592 -0.89082 -1.9383 0.70905 -0.60213 -3.4266 -0.26691
1 42 72 -0.43532 4.6387 1.3254 -0.29712 3.4091 1.0659 0.64771 3.4105 1.3392 1.2503 1.916 1.0708 2.1365 0.83295 1.7184 -1.2437 3.4366 0.80037 -1.7086 1.9334 0.36069 -2.8219 0.96304 0.80415 0.76821 0.0043054 0.18256 0.41515 -1.8747 1.0538 0.57204 -3.4147 0.12928 -0.76821 -0.0043058 -0.18256 -1.059 -1.8702 0.73846 -0.6208 -3.3251 -0.23215
1 43 72 -0.3687 4.6858 1.1629 -0.25157 3.4454 0.94334 0.69378 3.4469 1.2148 1.4699 2.0194 1.0448 2.5559 1.1728 1.7386 -1.1982 3.4731 0.67798 -1.8531 2.0378 0.25385 -3.1524 1.3121 0.6572 0.76665 -0.0020561 0.18905 0.58281 -1.9713 0.89801 0.7505 -3.6086 0.16183 -0.76665 0.0020561 -0.18905 -1.1168 -1.9452 0.51794 -0.78431 -3.5193 -0.29602
2 99 264 -0.32442 4.0694 2.6162 -0.20447 2.9963 1.9678 0.77252 2.9739 2.079 1.1751 1.4199 1.7762 1.4413 -0.026196 2.2404 -1.1825 3.0423 1.8746 -1.6377 1.5066 1.5531 -1.8942 0.065957 2.0393 0.78697 0.013191 0.063243 0.58926 -1.5038 1.5034 0.77775 -3.112 0.7103 -0.78697 -0.013191 -0.063243 -0.92784 -1.6073 1.298 -0.90236 -3.078 0.25529
2 100 264 -0.31025 4.143 2.4993 -0.18908 3.0502 1.8858 0.78901 3.0311 1.9875 1.2315 1.5322 1.5118 1.6183 0.060079 1.7586 -1.168 3.0935 1.8014 -1.5811 1.591 1.3109 -1.901 0.09228 1.4815 0.78716 0.013217 0.060831 0.60361 -1.5747 1.4243 0.79454 -3.1874 0.64089 -0.78716 -0.013217 -0.060832 -0.92574 -1.6745 1.2179 -0.89219 -3.1553 0.18991
2 101 264 -0.29535 4.2178 2.3742 -0.17805 3.1062 1.7939 0.80098 3.0898 1.8867 1.2773 1.6604 1.2554 1.7629 0.19852 1.3248 -1.1577 3.1474 1.7174 -1.5303 1.6958 1.0672 -1.882 0.1963 0.99287 0.7872 0.012243 0.060481 0.61383 -1.6434 1.3424 0.80889 -3.2623 0.57311 -0.7872 -0.012243 -0.060481 -0.92756 -1.7372 1.1307 -0.88511 -3.2338 0.12604
2 102 264 -0.29805 4.2888 2.2435 -0.17848 3.1597 1.6977 0.80032 3.14 1.7923 1.3022 1.7848 1.0304 1.8725 0.35405 0.9571 -1.1578 3.205 1.6186 -1.4973 1.8128 0.83413 -1.8385 0.32554 0.6122 0.78695 0.014239 0.063287 0.62478 -1.7118 1.2502 0.82276 -3.3394 0.5001 -0.78695 -0.014239 -0.063287 -0.93235 -1.7978 1.0376 -0.88094 -3.3114 0.059201
3 0 180 -0.23767 4.7831 -0.51803 -0.11912 3.5799 -0.17184 0.85054 3.6298 -0.014892 1.4587 2.6035 1.1011 0.98579 2.7645 2.56 -1.089 3.5594 -0.33396 -1.4428 2.3761 -1.4032 -2.1703 1.0313 -1.6031 0.78828 0.04355 -0.014599 0.46607 -2.0321 0.03129 0.21803 -3.8047 -0.1862 -0.78828 -0.04355 0.014599 -0.95639 -1.4985 1.521 -0.87646 -1.9578 -0.22075
3 0 192 -0.34018 4.7831 -0.45729 -0.15225 3.5799 -0.14332 0.82886 3.6298 -0.1914 1.6557 2.6035 0.7738 1.4965 2.7645 2.2991 -1.1346 3.5594 -0.10025 -1.703 2.3761 -1.0725 -2.4562 1.0313 -1.1168 0.76802 0.04355 -0.17817 0.46239 -2.0321 -0.066294 0.17456 -3.8047 -0.22746 -0.76802 -0.04355 0.17817 -0.61927 -1.4985 1.6866 -0.90321 -1.9578 -0.033703
3 0 204 -0.42782 4.7831 -0.37657 -0.17872 3.5799 -0.10853 0.77095 3.6298 -0.35955 1.7804 2.6035 0.41264 1.9418 2.7645 1.9377 -1.1307 3.5594 0.13785 -1.8888 2.3761 -0.69504 -2.6347 1.0313 -0.58177 0.71419 0.04355 -0.33396 0.4385 -2.0321 -0.16098 0.12345 -3.8047 -0.25878 -0.71419 -0.04355 0.33396 -0.25508 -1.4985 1.7785 -0.89048 -1.9578 0.15482
3 0 216 -0.49677 4.7831 -0.27939 -0.19738 3.5799 -0.069003 0.67935 3.6298 -0.51198 1.8273 2.6035 0.033452 2.3022 2.7645 1.4916 -1.0773 3.5594 0.36992 -1.992 2.3761 -0.28715 -2.6981 1.0313 -0.021263 0.62915 0.04355 -0.47515 0.39545 -2.0321 -0.24863 0.066949 -3.8047 -0.27879 -0.62915 -0.04355 0.47515 0.12026 -1.4985 1.7926 -0.83883 -1.9578 0.33658
3 0 228 -0.544 4.7831 -0.17001 -0.20741 3.5799 -0.026458 0.55805 3.6298 -0.64204 1.7944 2.6035 -0.3472 2.562 2.7645 0.98035 -0.97686 3.5594 0.58582 -2.0082 2.3761 0.13328 -2.6436 1.0313 0.54017 0.51661 0.04355 -0.59558 0.33511 -2.0321 -0.32542 0.007522 -3.8047 -0.28662 -0.51661 -0.04355 0.59558 0.49034 -1.4985 1.7285 -0.75052 -1.9578 0.50363
3 0 240 -0.56746 4.7831 -0.053187 -0.20838 3.5799 0.017244 0.41237 3.6298 -0.74403 1.683 2.6035 -0.71268 2.7099 2.7645 0.42625 -0.83372 3.5594 0.77612 -1.9366 2.3761 0.54789 -2.4735 1.0313 1.078 0.3815 0.04355 -0.68997 0.26013 -2.0321 -0.38798 -0.052234 -3.8047 -0.28192 -0.3815 -0.04355 0.68997 0.83899 -1.4985 1.5887 -0.62941 -1.9578 0.64866
3 1 180 -0.19012 4.7818 -0.55946 -0.080023 3.578 -0.21231 0.88608 3.6281 -0.034837 1.4804 2.7781 1.2274 0.97652 3.1215 2.6437 -1.0462 3.5572 -0.39494 -1.3788 2.4878 -1.5843 -2.1773 1.2337 -1.9933 0.7889 0.031661 -0.011661 0.47808 -2.0456 -0.062235 0.23887 -3.8057 -0.37172 -0.7889 -0.031661 0.011662 -0.83185 -1.2117 1.7494 -0.84107 -1.8607 0.067284
3 1 192 -0.30228 4.7818 -0.5077 -0.12242 3.578 -0.19103 0.85947 3.6281 -0.2183 1.7032 2.7781 0.89275 1.5048 3.1215 2.3829 -1.1055 3.5572 -0.16878 -1.6781 2.4878 -1.263 -2.5441 1.2337 -1.4971 0.76923 0.031661 -0.17543 0.45469 -2.0456 -0.16027 0.15636 -3.8057 -0.41326 -0.76923 -0.031661 0.17543 -0.44994 -1.2117 1.8842 -0.8087 -1.8607 0.24068
3 2 180 -0.17119 4.7782 -0.59847 -0.063629 3.5745 -0.25159 0.90154 3.6217 -0.068349 1.4666 2.8786 1.2723 0.95708 3.3471 2.6501 -1.0288 3.5566 -0.43988 -1.3582 2.5608 -1.6923 -2.1826 1.3649 -2.2099 0.78914 0.027162 -0.0038253 0.48297 -2.0451 -0.16641 0.24188 -3.7889 -0.55626 -0.78914 -0.027162 0.0038243 -0.70151 -0.98425 1.8721 -0.76914 -1.9191 0.33192
3 2 192 -0.29188 4.7782 -0.54979 -0.11455 3.5745 -0.23286 0.86763 3.6217 -0.2543 1.6991 2.8786 0.93952 1.4872 3.3471 2.3932 -1.0978 3.5566 -0.21637 -1.6804 2.5608 -1.3729 -2.5943 1.3649 -1.7078 0.7711 0.027162 -0.16781 0.43782 -2.0451 -0.26319 0.12094 -3.7889 -0.59439 -0.7711 -0.027162 0.16781 -0.29694 -0.98425 1.9771 -0.68332 -1.9191 0.48458
3 3 180 -0.17759 4.7815 -0.58091 -0.068775 3.5751 -0.24251 0.89697 3.6213 -0.062051 1.4018 2.8859 1.3066 0.92053 3.4421 2.6618 -1.0345 3.5583 -0.42795 -1.3695 2.5687 -1.6838 -2.2058 1.3813 -2.2016 0.78905 0.029807 -0.0033713 0.48475 -2.0322 -0.2673 0.23756 -3.7606 -0.71758 -0.78905 -0.029807 0.0033723 -0.62823 -0.87286 1.9211 -0.69408 -2.0945 0.59664
3 3 192 -0.29448 4.7815 -0.53129 -0.11769 3.5751 -0.22291 0.86447 3.6213 -0.24719 1.6428 2.8859 0.98655 1.4538 3.4421 2.4122 -1.1009 3.5583 -0.20351 -1.6896 2.5687 -1.3623 -2.6154 1.3813 -1.6948 0.77111 0.029807 -0.16735 0.41859 -2.0322 -0.36225 0.083178 -3.7606 -0.75129 -0.77111 -0.029807 0.16735 -0.21508 -0.87286 2.0097 -0.55487 -2.0945 0.72791
3 4 180 -0.19534 4.7843 -0.55771 -0.087976 3.5756 -0.22491 0.87981 3.6215 -0.055652 1.3266 2.7983 1.2828 0.86856 3.3926 2.6299 -1.0558 3.559 -0.39913 -1.4053 2.5063 -1.5985 -2.2369 1.282 -2.0312 0.7887 0.037313 -0.0073729 0.48907 -2.0091 -0.37711 0.23638 -3.7225 -0.87834 -0.7887 -0.037313 0.0073739 -0.61151 -0.88666 1.9209 -0.61683 -2.3489 0.86605
3 4 192 -0.30702 4.7843 -0.50491 -0.13282 3.5756 -0.20171 0.84901 3.6215 -0.23736 1.5643 2.7983 0.97891 1.3964 3.3926 2.3918 -1.1157 3.559 -0.17089 -1.7069 2.5063 -1.2714 -2.6103 1.282 -1.5218 0.76993 0.037313 -0.17119 0.39998 -2.0091 -0.47055 0.048596 -3.7225 -0.90829 -0.76993 -0.037313 0.17119 -0.19877 -0.88666 2.006 -0.42329 -2.3489 0.97537
3 4 204 -0.40529 4.7843 -0.43004 -0.17185 3.5756 -0.16969 0.78111 3.6215 -0.40869 1.7336 2.7983 0.63229 1.8631 3.3926 2.0492 -1.1269 3.559 0.064816 -1.934 2.5063 -0.8887 -2.8697 1.282 -0.9458 0.71752 0.037313 -0.32753 0.2934 -2.0091 -0.54343 -0.14131 -3.7225 -0.89855 -0.71752 -0.037313 0.32753 0.22265 -0.88666 2.0035 -0.21125 -2.3489 1.0421
3 5 192 -0.30889 4.7907 -0.45227 -0.13415 3.5776 -0.16155 0.84674 3.6237 -0.217 1.4929 2.6592 0.93236 1.3296 3.202 2.3664 -1.1163 3.5608 -0.11103 -1.7102 2.3975 -1.0921 -2.5451 1.1049 -1.1914 0.76811 0.041369 -0.1783 0.38499 -1.9863 -0.57358 0.021785 -3.6841 -1.0596 -0.76811 -0.041369 0.1783 -0.21039 -1.0361 1.9429 -0.30059 -2.6676 1.1807
3 5 204 -0.39618 4.7907 -0.37816 -0.16481 3.5776 -0.13013 0.78312 3.6237 -0.38831 1.6541 2.6592 0.6016 1.7926 3.202 2.0382 -1.115 3.5608 0.12348 -1.8999 2.3975 -0.71266 -2.7372 1.1049 -0.63625 0.71426 0.041369 -0.3341 0.25732 -1.9863 -0.64109 -0.199 -3.6841 -1.041 -0.71426 -0.041369 0.3341 0.19815 -1.0361 1.9442 -0.048547 -2.6676 1.2174
3 50 336 -0.1086 4.8254 0.08267 -0.096413 3.5728 0.23245 0.76598 3.5686 0.70535 1.5622 2.2555 0.14797 1.8839 0.75606 0.30853 -0.95767 3.6067 -0.2413 -1.6877 2.1822 0.085146 -2.3156 2.7296 1.3828 0.61941 -0.017625 0.4894 -0.32267 -1.1829 1.9621 0.49121 -1.1329 0.35402 -0.61941 0.017625 -0.4894 -0.11183 -2.0023 -0.76572 0.34936 -3.7304 -0.99405
3 51 336 -0.090527 4.8275 0.049501 -0.080607 3.5754 0.20522 0.78846 3.574 0.66575 1.6416 2.3129 0.073449 2.0247 0.82369 0.18743 -0.94859 3.6066 -0.2563 -1.8402 2.3293 0.23585 -2.3783 3.0902 1.4644 0.62144 -0.020697 0.48671 -0.53704 -1.0089 1.9344 0.35944 -1.3128 0.39981 -0.62144 0.020697 -0.4867 -0.077994 -1.984 -0.80313 0.41351 -3.6989 -1.0648
3 52 336 -0.088466 4.8268 0.048033 -0.074636 3.5754 0.20835 0.798 3.5783 0.66207 1.6894 2.3563 0.04504 2.1091 0.87472 0.12539 -0.94631 3.6023 -0.24643 -1.9169 2.4246 0.33646 -2.4208 3.2753 1.5197 0.61923 -0.025131 0.4893 -0.63164 -0.96682 1.8903 0.20076 -1.7389 0.48962 -0.61923 0.025131 -0.4893 -0.049347 -1.9661 -0.84202 0.46438 -3.6696 -1.1337
3 53 324 -0.0955 4.8258 0.035141 -0.1071 3.575 0.19876 0.65065 3.5832 0.82575 1.6744 2.384 0.39864 2.0841 0.90424 0.5406 -0.86385 3.5966 -0.42911 -1.9625 2.4616 -0.012704 -2.6904 3.3503 1.0159 0.50893 -0.030184 0.60298 -0.9863 -1.085 1.6354 -0.10545 -2.2629 0.5926 -0.50893 0.030185 -0.60298 0.15531 -1.9457 -0.86548 0.74727 -3.6358 -1.0751
3 53 336 -0.086107 4.8258 0.054229 -0.063435 3.575 0.21669 0.80811 3.5832 0.67243 1.7207 2.384 0.041793 2.151 0.90424 0.095472 -0.93419 3.5966 -0.24012 -1.9223 2.4616 0.39561 -2.4204 3.3503 1.5531 0.62317 -0.030184 0.48399 -0.62472 -1.085 1.8048 0.020063 -2.2629 0.60157 -0.62317 0.030185 -0.48399 -0.028031 -1.9457 -0.87886 0.5074 -3.6358 -1.207
3 54 336 -0.086364 4.8247 0.087484 -0.065048 3.5745 0.25435 0.80236 3.5847 0.71788 1.7248 2.3963 0.081078 2.1444 0.91274 0.1083 -0.93169 3.5942 -0.21031 -1.9096 2.4549 0.4334 -2.4222 3.331 1.5941 0.62857 -0.036708 0.4765 -0.55 -1.2839 1.6888 -0.16956 -2.7594 0.7248 -0.62857 0.036708 -0.4765 -0.0066928 -1.9212 -0.91729 0.55214 -3.5953 -1.2861
3 65 12 -0.22228 4.812 -0.27262 -0.065307 3.5833 -0.042657 0.91678 3.6301 -0.016777 1.5188 2.3813 0.84739 1.4879 2.685 2.3588 -1.0483 3.566 -0.071976 -1.3626 2.2759 -1.0236 -1.9541 0.85499 -1.1168 0.77621 0.020346 -0.14346 0.34696 -2.0357 -0.19661 -0.030696 -3.7735 -0.4939 -0.77621 -0.020346 0.14346 -0.55178 -1.3373 1.765 -0.76741 -1.7898 0.03306
3 65 24 -0.2741 4.812 -0.22044 -0.072749 3.5833 -0.028146 0.89326 3.6301 -0.20702 1.6618 2.3813 0.51309 1.9458 2.685 1.9979 -1.0403 3.566 0.14754 -1.5456 2.2759 -0.71796 -2.1436 0.85499 -0.68607 0.72942 0.020346 -0.30171 0.2985 -2.0357 -0.26445 -0.13271 -3.7735 -0.47673 -0.72942 -0.020346 0.30171 -0.17276 -1.3373 1.8412 -0.74377 -1.7898 0.19189
3 66 12 -0.23083 4.8049 -0.32722 -0.068819 3.5786 -0.09162 0.91241 3.6282 -0.045925 1.5551 2.5383 0.98744 1.4841 3.059 2.4371 -1.0509 3.5585 -0.14076 -1.3851 2.3442 -1.1812 -2.0507 0.96803 -1.3828 0.77547 0.021441 -0.14728 0.33249 -2.0274 -0.28949 -0.061219 -3.7516 -0.64047 -0.77547 -0.021441 0.14728 -0.40814 -1.1454 1.884 -0.68788 -1.8837 0.26305
3 66 24 -0.29381 4.8049 -0.27208 -0.086365 3.5786 -0.07531 0.88292 3.6282 -0.23462 1.7264 2.5383 0.64253 1.9584 3.059 2.0753 -1.0572 3.5585 0.080818 -1.6004 2.3442 -0.86741 -2.2934 0.96803 -0.92624 0.7279 0.021441 -0.30529 0.26503 -2.0274 -0.35229 -0.19304 -3.7516 -0.61375 -0.7279 -0.021441 0.30529 -0.007514 -1.1454 1.9277 -0.61815 -1.8837 0.40032
3 66 36 -0.34396 4.8049 -0.20505 -0.10014 3.5786 -0.055708 0.81485 3.6282 -0.41307 1.8223 2.5383 0.26955 2.347 3.059 1.6228 -1.0173 3.5585 0.29886 -1.7458 2.3442 -0.51572 -2.4359 0.96803 -0.42917 0.64852 0.021441 -0.44996 0.186 -2.0274 -0.39969 -0.31643 -3.7516 -0.5602 -0.64852 -0.021441 0.44996 0.39344 -1.1454 1.8871 -0.52142 -1.8837 0.52009
3 66 48 -0.37908 4.8049 -0.12905 -0.10953 3.5786 -0.033671 0.71116 3.6282 -0.57346 1.8385 2.5383 -0.11522 2.6331 3.059 1.0993 -0.93296 3.5585 0.50385 -1.8148 2.3442 -0.14148 -2.4719 0.96803 0.086658 0.5408 0.021441 -0.57496 0.098831 -2.0274 -0.42963 -0.42599 -3.7516 -0.48217 -0.5408 -0.021441 0.57496 0.77719 -1.1454 1.7641 -0.40189 -1.8837 0.61714
3 66 60 -0.39762 4.8049 -0.047416 -0.11414 3.5786 -0.010163 0.57639 3.6282 -0.70878 1.7744 2.5383 -0.49496 2.8042 3.059 0.52786 -0.80782 3.5585 0.68681 -1.8046 2.3442 0.23894 -2.3998 0.96803 0.5987 0.40944 0.021441 -0.67483 0.0073463 -2.0274 -0.44079 -0.51693 -3.7516 -0.38307 -0.40944 -0.021441 0.67483 1.127 -1.1454 1.5639 -0.26479 -1.8837 0.68721
3 66 72 -0.39879 4.8049 0.036291 -0.11376 3.5786 0.013789 0.41643 3.6282 -0.81313 1.6327 2.5383 -0.85306 2.8526 3.059 -0.066696 -0.64737 3.5585 0.83975 -1.7155 2.3442 0.60891 -2.2229 0.96803 1.0846 0.26018 0.021441 -0.74521 -0.084459 -2.0274 -0.43268 -0.58528 -3.7516 -0.26722 -0.26019 -0.021441 0.74521 1.4275 -1.1454 1.2955 -0.11613 -1.8837 0.72725
3 67 12 -0.22666 4.7988 -0.33743 -0.045322 3.5768 -0.091112 0.93417 3.6469 -0.035981 1.5812 2.6904 1.1195 1.4924 3.3862 2.4927 -1.0263 3.5362 -0.15001 -1.3989 2.3771 -1.2393 -2.1243 1.0399 -1.4907 0.77506 0.017046 -0.14997 0.32114 -2.0211 -0.38271 -0.085538 -3.7298 -0.79005 -0.77506 -0.017046 0.14997 -0.31217 -1.0407 1.9254 -0.5779 -2.1096 0.49792
3 67 24 -0.29186 4.7988 -0.28293 -0.063275 3.5768 -0.079698 0.90627 3.6469 -0.22942 1.7794 2.6904 0.76628 1.9781 3.3862 2.1279 -1.035 3.5362 0.066643 -1.626 2.3771 -0.92133 -2.3878 1.0399 -1.0165 0.72694 0.017046 -0.30783 0.23455 -2.0211 -0.44112 -0.24793 -3.7298 -0.755 -0.72694 -0.017046 0.30783 0.094969 -1.0407 1.9482 -0.46174 -2.1096 0.60719
3 67 36 -0.34431 4.7988 -0.21607 -0.078463 3.5768 -0.064801 0.83877 3.6469 -0.41283 1.8998 2.6904 0.37958 2.3773 3.3862 1.6702 -0.99855 3.5362 0.28038 -1.782 2.3771 -0.56313 -2.547 1.0399 -0.49778 0.64706 0.017046 -0.45225 0.13771 -2.0211 -0.48024 -0.39948 -3.7298 -0.68695 -0.64705 -0.017046 0.45225 0.49796 -1.0407 1.8859 -0.32541 -2.1096 0.68993
3 67 48 -0.38171 4.7988 -0.13976 -0.090221 3.5768 -0.047071 0.73461 3.6469 -0.5782 1.9372 2.6904 -0.023712 2.6726 3.3862 1.1394 -0.91844 3.5362 0.48186 -1.8602 2.3771 -0.18033 -2.5948 1.0399 0.042644 0.53889 0.017046 -0.57689 0.034855 -2.0211 -0.49838 -0.53358 -3.7298 -0.58888 -0.53889 -0.017046 0.5769 0.87918 -1.0407 1.7412 -0.17486 -2.1096 0.74251
3 67 60 -0.40242 4.7988 -0.057348 -0.098036 3.5768 -0.027285 0.59834 3.6469 -0.7183 1.89 2.6904 -0.42597 2.8511 3.3862 0.55884 -0.79818 3.5362 0.66229 -1.857 2.3771 0.21036 -2.5293 1.0399 0.58121 0.40717 0.017046 -0.67633 -0.069526 -2.0211 -0.49474 -0.64435 -3.7298 -0.46508 -0.40717 -0.017046 0.67633 1.222 -1.0407 1.5203 -0.01666 -2.1096 0.76264
3 68 12 -0.18594 4.8086 -0.28646 -0.022781 3.5818 -0.056259 0.95801 3.6321 -0.0025481 1.6066 2.7725 1.226 1.5079 3.5762 2.5382 -1.0045 3.5611 -0.11317 -1.4066 2.422 -1.213 -2.1684 1.106 -1.4685 0.77508 0.0099196 -0.15052 0.31108 -2.013 -0.47757 -0.10743 -3.7043 -0.94151 -0.77508 -0.0099192 0.15052 -0.2712 -1.0533 1.9032 -0.45725 -2.3933 0.71129
3 68 24 -0.24143 4.8086 -0.24154 -0.03398 3.5818 -0.050293 0.93654 3.6321 -0.20167 1.8263 2.7725 0.86515 2.0027 3.5762 2.1693 -1.006 3.5611 0.098138 -1.6281 2.422 -0.89403 -2.4264 1.106 -0.98554 0.72685 0.0099196 -0.30837 0.20499 -2.013 -0.53181 -0.30084 -3.7043 -0.8986 -0.72685 -0.0099192 0.30837 0.13041 -1.0533 1.918 -0.29937 -2.3933 0.79082
3 68 36 -0.28638 4.8086 -0.18607 -0.043694 3.5818 -0.042129 0.87415 3.6321 -0.39198 1.9663 2.7725 0.46653 2.4099 3.5762 1.7055 -0.96365 3.5611 0.30516 -1.7784 2.422 -0.536 -2.5783 1.106 -0.45953 0.64685 0.0099196 -0.45276 0.089937 -2.013 -0.56281 -0.48109 -3.7043 -0.81641 -0.64685 -0.0099192 0.45275 0.52633 -1.0533 1.8489 -0.12841 -2.3933 0.83578
3 68 48 -0.3188 4.8086 -0.12246 -0.051498 3.5818 -0.032124 0.77355 3.6321 -0.56516 2.0203 2.7725 0.047512 2.7119 3.5762 1.1672 -0.87915 3.5611 0.49885 -1.851 2.422 -0.15453 -2.6175 1.106 0.086559 0.53858 0.0099196 -0.57735 -0.029042 -2.013 -0.56921 -0.64032 -3.7043 -0.69855 -0.53858 -0.0099192 0.57735 0.89925 -1.0533 1.6991 0.048166 -2.3933 0.84421
3 68 60 -0.3373 4.8086 -0.053502 -0.057052 3.5818 -0.020715 0.63914 3.6321 -0.71364 1.9861 2.7725 -0.37358 2.8953 3.5762 0.57783 -0.75622 3.5611 0.67073 -1.8427 2.422 0.23369 -2.5423 1.106 0.62887 0.40677 0.0099196 -0.67671 -0.14675 -2.013 -0.55073 -0.77156 -3.7043 -0.55015 -0.40677 -0.0099192 0.67671 1.2329 -1.0533 1.475 0.22264 -2.3933 0.81575
3 69 12 -0.1898 4.8132 -0.2417 -0.031483 3.5837 -0.020441 0.94964 3.631 0.029825 1.5871 2.8048 1.2867 1.487 3.6678 2.5606 -1.0134 3.5661 -0.073755 -1.4472 2.4272 -1.1616 -2.2144 1.1039 -1.3568 0.77648 0.015064 -0.14267 0.30177 -1.9835 -0.58395 -0.1291 -3.6581 -1.0947 -0.77648 -0.015064 0.14267 -0.27758 -1.1628 1.8303 -0.36771 -2.7121 0.91243
3 69 24 -0.2359 4.8132 -0.19696 -0.035045 3.5837 -0.013449 0.93509 3.631 -0.16827 1.82 2.8048 0.92864 1.9869 3.6678 2.1955 -1.0066 3.5661 0.13856 -1.6571 2.4272 -0.8353 -2.4481 1.1039 -0.86678 0.72985 0.015064 -0.30099 0.17376 -1.9835 -0.63393 -0.35388 -3.6581 -1.0439 -0.72985 -0.015064 0.30099 0.10902 -1.1628 1.848 -0.16997 -2.7121 0.96894
3 69 36 -0.2717 4.8132 -0.14361 -0.037075 3.5837 -0.0058685 0.87967 3.631 -0.35901 1.9733 2.8048 0.52995 2.4 3.6678 1.7344 -0.95581 3.5661 0.34482 -1.7945 2.4272 -0.47251 -2.5749 1.1039 -0.33884 0.65132 0.015064 -0.44615 0.038166 -1.9835 -0.6562 -0.5632 -3.6581 -0.94756 -0.65132 -0.015064 0.44615 0.49086 -1.1628 1.785 0.035198 -2.7121 0.9831
3 69 48 -0.29562 4.8132 -0.083984 -0.037485 3.5837 0.001968 0.78581 3.631 -0.53406 2.0403 2.8048 0.1081 2.7081 3.6678 1.1976 -0.86323 3.5661 0.53601 -1.8536 2.4272 -0.089081 -2.589 1.1039 0.2039 0.54433 0.015064 -0.57182 -0.0991 -1.9835 -0.6498 -0.7479 -3.6581 -0.80975 -0.54433 -0.015064 0.57182 0.85125 -1.1628 1.6439 0.23883 -2.7121 0.9543
3 69 60 -0.30662 4.8132 -0.020686 -0.036257 3.5837 0.0097186 0.6576 3.631 -0.68576 2.0182 2.8048 -0.31847 2.8979 3.6678 0.60835 -0.73292 3.5661 0.70377 -1.8316 2.4272 0.29824 -2.4901 1.1039 0.73774 0.41354 0.015064 -0.6725 -0.23204 -1.9835 -0.615 -0.89991 -3.6581 -0.63656 -0.41354 -0.015064 0.6725 1.1744 -1.1628 1.431 0.43202 -2.7121 0.88379
3 70 24 -0.22614 4.8161 -0.14114 -0.034355 3.585 0.041367 0.93337 3.6271 -0.12922 1.8024 2.7749 0.96042 1.9708 3.6351 2.229 -1.0034 3.5726 0.20931 -1.6666 2.3969 -0.71084 -2.4303 1.0581 -0.66623 0.73174 0.022611 -0.29589 0.14415 -1.9446 -0.74202 -0.40029 -3.6041 -1.1899 -0.73174 -0.022611 0.29589 0.068012 -1.336 1.7276 -0.062429 -3.0324 1.1309
3 70 36 -0.25054 4.8161 -0.091038 -0.025004 3.585 0.047606 0.88611 3.6271 -0.32046 1.9626 2.7749 0.5647 2.3912 3.6351 1.7705 -0.93793 3.5726 0.41335 -1.778 2.3969 -0.3488 -2.5158 1.0581 -0.14637 0.65423 0.022611 -0.44156 -0.013272 -1.9446 -0.75578 -0.63893 -3.6041 -1.0807 -0.65423 -0.022611 0.44156 0.42571 -1.336 1.6757 0.17407 -3.0324 1.1192
3 70 48 -0.26399 4.8161 -0.036958 -0.014559 3.585 0.051764 0.80012 3.6271 -0.49768 2.0372 2.7749 0.1443 2.707 3.6351 1.2347 -0.83149 3.5726 0.59933 -1.8117 2.3969 0.028488 -2.4912 1.0581 0.37988 0.54812 0.022611 -0.56793 -0.17012 -1.9446 -0.73651 -0.84966 -3.6041 -0.92422 -0.54812 -0.022611 0.56793 0.7648 -1.336 1.5506 0.40296 -3.0324 1.0585
3 70 60 -0.26591 4.8161 0.018737 -0.0034789 3.585 0.05366 0.67916 3.6271 -0.65316 2.0227 2.7749 -0.2824 2.9046 3.6351 0.64485 -0.68872 3.5726 0.75911 -1.7661 2.3969 0.40453 -2.3578 1.0581 0.88953 0.41807 0.022611 -0.66948 -0.31953 -1.9446 -0.68504 -1.0232 -3.6041 -0.72737 -0.41807 -0.022611 0.66948 1.0705 -1.336 1.3577 0.61423 -3.0324 0.95163
3 71 36 -0.24498 4.8168 -0.044208 -0.027285 3.5844 0.094764 0.87518 3.6191 -0.29475 1.9156 2.6826 0.54738 2.3577 3.4791 1.7915 -0.93137 3.5793 0.48201 -1.7488 2.3411 -0.20166 -2.4178 0.98372 0.094259 0.64162 0.033363 -0.45903 -0.052166 -1.9132 -0.83852 -0.69852 -3.5542 -1.2128 -0.64162 -0.033363 0.45903 0.35691 -1.5342 1.5383 0.22976 -3.3057 1.2279
3 71 48 -0.24882 4.8168 0.0076925 -0.0069858 3.5844 0.098366 0.79477 3.6191 -0.47027 1.9876 2.6826 0.13714 2.6787 3.4791 1.2622 -0.8108 3.5793 0.66512 -1.7525 2.3411 0.16635 -2.3454 0.98372 0.59489 0.53216 0.033363 -0.5824 -0.22536 -1.9132 -0.80935 -0.93541 -3.5542 -1.041 -0.53217 -0.033363 0.5824 0.66894 -1.5342 1.4305 0.48004 -3.3057 1.1533
4 24 288 -0.3222 4.6193 1.3477 -0.41748 3.4173 0.96057 0.56318 3.4056 0.88627 1.1801 2.1634 0.023069 1.6786 1.1673 1.0894 -1.3967 3.4573 1.044 -1.8128 1.9246 0.66128 -1.3574 1.7164 2.1197 0.77763 0.11788 0.069909 0.78682 -1.6149 1.258 1.3052 -3.3096 0.926 -0.77763 -0.11788 -0.069909 -0.55616 -2.2043 0.03935 -0.56799 -2.512 -1.7372
4 26 300 -0.28283 4.5918 1.4633 -0.38693 3.4013 1.0447 0.59183 3.3882 0.9487 1.2833 2.0432 0.33095 1.6497 1.2386 1.5943 -1.3638 3.4421 1.1513 -1.7917 2.0479 0.41515 -1.5648 1.5138 1.8438 0.7772 0.13716 -0.025294 0.88309 -1.6314 1.1039 1.2751 -3.1791 0.26603 -0.7772 -0.13716 0.025294 -0.53447 -2.0767 0.7958 -0.58226 -2.2966 -0.99312
4 46 12 -0.38407 4.7114 0.99693 -0.4245 3.4638 0.78812 0.5363 3.5074 0.58237 1.2546 2.3227 -0.28332 1.3524 2.2027 1.2509 -1.3848 3.4493 1 -1.8283 1.9457 0.54031 -1.3198 1.4735 1.9173 0.77739 0.13529 -0.029423 0.97881 -1.7028 0.96818 1.4107 -3.3913 0.50641 -0.77739 -0.13529 0.029423 -0.41325 -2.2007 0.15443 -0.4557 -2.6112 -1.6007
4 47 12 -0.43205 4.6955 1.0293 -0.49019 3.4523 0.80408 0.48328 3.4837 0.66718 1.4284 2.2842 0.086828 1.2461 2.2461 1.6175 -1.4632 3.45 0.94792 -1.8505 2.005 0.29159 -1.62 1.3962 1.6894 0.77482 0.15112 -0.017828 0.94418 -1.6612 1.0315 1.3511 -3.2744 0.33658 -0.77482 -0.15112 0.017828 -0.44882 -2.1757 0.47497 -0.39127 -2.4518 -1.3059
4 48 24 -0.25315 4.6852 1.1312 -0.3594 3.4461 0.90375 0.59196 3.4734 0.65571 1.5744 2.2613 0.17152 1.4466 2.2409 1.7081 -1.3092 3.4477 1.159 -1.796 2.073 0.42287 -1.5345 1.3623 1.7661 0.75953 0.15322 -0.15208 1.1392 -1.6938 0.77451 1.3229 -3.2328 -0.14681 -0.75954 -0.15322 0.15208 -0.34691 -2.0845 0.86921 -0.47722 -2.4167 -0.89814
4 49 24 -0.36739 4.6708 1.1655 -0.43488 3.4324 0.92497 0.54308 3.4699 0.82727 1.607 2.2659 0.53192 1.2235 2.2549 2.0254 -1.4127 3.4236 1.0303 -1.8601 2.1052 0.17564 -1.7871 1.376 1.5323 0.7677 0.1554 -0.099898 1.1124 -1.777 0.64924 1.2839 -3.2623 -0.3584 -0.7677 -0.1554 0.099898 -0.38151 -1.9491 1.1235 -0.29333 -2.5071 -0.58871
4 50 36 -0.2744 4.6521 1.2623 -0.34108 3.4132 1.0237 0.62945 3.4577 0.87053 1.6514 2.2592 0.43693 1.3972 2.2281 1.9575 -1.3112 3.3975 1.1846 -1.8805 2.1158 0.34686 -1.6746 1.4054 1.6998 0.75093 0.16052 -0.18394 1.1276 -1.874 0.1808 1.1288 -3.3515 -0.85261 -0.75093 -0.16052 0.18394 -0.18743 -1.8302 1.328 -0.18966 -2.7312 -0.23371
