0 5 324 0.24247 4.7961 -0.64015 0.15533 3.5641 -0.36379 -0.61904 3.4598 -0.96113 -1.9294 2.5532 -1.3214 -3.0277 2.901 -2.3463 0.93033 3.6976 0.22692 2.0939 2.5585 0.095207 3.1138 2.4184 -1.0528 -0.38085 -0.047015 -0.6901 0.71315 -1.8202 -0.96066 0.63085 -3.6019 -1.2249 0.38085 0.047015 0.6901 -0.017993 -2.0158 0.69153 -1.0768 -3.4745 0.73457
0 7 312 0.24794 4.7798 -0.72057 0.20169 3.5579 -0.39196 -0.63215 3.4632 -0.9049 -2.031 2.6214 -0.84716 -3.397 3.0146 -1.445 1.036 3.6815 0.11399 2.0877 2.5226 -0.35462 2.694 2.4391 -1.7699 -0.34207 -0.050315 -0.7099 0.84839 -1.7775 -0.82823 0.84425 -3.5613 -1.0906 0.34207 0.050314 0.7099 -0.11094 -2.0005 0.65432 -1.2026 -3.4268 0.49587
0 8 312 0.18036 4.7706 -0.78007 0.18312 3.554 -0.43065 -0.71329 3.4615 -0.8247 -2.0747 2.6408 -0.44828 -3.5457 3.0351 -0.68976 1.0791 3.6754 -0.04364 1.9712 2.5108 -0.76247 2.2042 2.4587 -2.2858 -0.39564 -0.055267 -0.68111 0.82566 -1.7579 -0.83536 0.83384 -3.5423 -1.094 0.39564 0.055267 0.68111 -0.082867 -1.9902 0.64447 -1.1965 -3.4007 0.49878
0 26 0 0.47171 4.7974 -0.49432 0.37093 3.5603 -0.24181 -0.42432 3.5279 -0.81965 -1.7623 2.6078 -0.99856 -2.9854 2.8002 -1.9176 1.1685 3.622 0.33045 2.1839 2.6313 -0.47958 2.776 2.5496 -1.901 -0.41468 -0.0027633 -0.67196 0.34527 -1.8863 -1.2095 -0.052485 -3.6399 -1.3425 0.41468 0.0027628 0.67196 0.64961 -2.0836 0.75169 -0.26377 -3.5771 1.1828
0 27 12 0.41449 4.8016 -0.51244 0.33239 3.5627 -0.26202 -0.48909 3.5296 -0.80188 -1.8237 2.6128 -1.0188 -3.0071 2.7888 -1.9916 1.1558 3.6249 0.27229 2.2174 2.6471 -0.49296 3.0248 2.5342 -1.8018 -0.47384 -0.0029111 -0.63163 0.1554 -1.9106 -1.2474 -0.31101 -3.6518 -1.2858 0.47384 0.0029106 0.63163 0.78491 -2.0747 0.66511 0.0046762 -3.6001 1.2265
0 28 12 0.45829 4.8054 -0.44599 0.34274 3.5647 -0.21883 -0.38238 3.5311 -0.88249 -1.6195 2.6078 -1.4171 -2.5018 2.7677 -2.6715 1.0705 3.6274 0.43976 2.3133 2.6667 -0.0086824 3.5095 2.548 -0.97453 -0.40245 -0.0046096 -0.67934 0.22612 -1.9319 -1.2314 -0.29059 -3.659 -1.2643 0.40245 0.0046096 0.67934 0.77209 -2.0631 0.72516 0.022714 -3.6188 1.2441
0 29 24 0.41046 4.8075 -0.47755 0.30881 3.5656 -0.25008 -0.45254 3.5337 -0.87193 -1.6602 2.6006 -1.4547 -2.4366 2.7319 -2.7805 1.0725 3.6268 0.36666 2.368 2.6955 0.015673 3.6582 2.5792 -0.82062 -0.4728 -0.0054746 -0.6324 0.032857 -1.9529 -1.2376 -0.52269 -3.6661 -1.1534 0.4728 0.0054746 0.6324 0.90747 -2.0499 0.60555 0.30678 -3.631 1.2303
0 31 36 0.41671 4.8131 -0.42842 0.29038 3.5695 -0.22375 -0.40786 3.5394 -0.91578 -1.3537 2.5741 -1.8336 -1.5824 2.6171 -3.3579 0.99141 3.6288 0.46356 2.3734 2.7738 0.63033 3.8704 2.7276 0.26363 -0.48715 0.001811 -0.62143 -0.10562 -1.9836 -1.1932 -0.6986 -3.6724 -0.97576 0.48715 -0.001811 0.62143 1.026 -2.0296 0.51213 0.60643 -3.6512 1.1793
0 32 48 0.38649 4.8134 -0.45458 0.26699 3.5693 -0.24913 -0.46612 3.5421 -0.90425 -1.3434 2.5543 -1.8651 -1.4362 2.5464 -3.4043 1.0026 3.6258 0.40128 2.3937 2.817 0.68301 3.9083 2.8088 0.39414 -0.55687 0.0043416 -0.5598 -0.2898 -1.9993 -1.1327 -0.85849 -3.6754 -0.78884 0.55687 -0.0043421 0.5598 1.1115 -2.0199 0.3497 0.86162 -3.6624 1.0502
0 33 60 0.34715 4.8154 -0.46859 0.23444 3.5703 -0.26531 -0.52858 3.547 -0.88549 -1.3277 2.5305 -1.8838 -1.2919 2.48 -3.4246 0.99976 3.623 0.35022 2.3872 2.8551 0.7426 3.9151 2.8826 0.53594 -0.61935 0.0069962 -0.48975 -0.4585 -2.0149 -1.0379 -0.98032 -3.677 -0.57319 0.61935 -0.0069962 0.48975 1.1667 -2.0121 0.18247 1.074 -3.6724 0.87932
0 35 72 0.38897 4.8164 -0.42619 0.25015 3.5696 -0.2519 -0.42817 3.5469 -0.96375 -0.82943 2.4794 -2.1335 -0.25072 2.3722 -3.5587 0.93118 3.6217 0.4558 2.118 2.9005 1.316 3.6202 2.9826 1.6543 -0.62692 0.017102 -0.47976 -0.5518 -2.0386 -0.90744 -1.037 -3.6749 -0.32608 0.62692 -0.017103 0.47976 1.2124 -1.9889 0.051226 1.2687 -3.6729 0.69285
0 36 84 0.3686 4.8163 -0.43923 0.23395 3.5691 -0.26495 -0.47055 3.5452 -0.95086 -0.79336 2.4531 -2.1221 -0.11386 2.3316 -3.501 0.94094 3.6225 0.41672 2.0646 2.9059 1.3615 3.5396 3.0162 1.7973 -0.67817 0.024031 -0.40374 -0.67938 -2.0449 -0.76979 -1.0669 -3.6691 -0.089628 0.67817 -0.024031 0.40374 1.2155 -1.9747 -0.16251 1.4006 -3.673 0.41399
0 37 96 0.34105 4.8175 -0.44063 0.20257 3.5708 -0.26824 -0.52647 3.548 -0.92804 -0.7802 2.4328 -2.0946 0.0012253 2.3028 -3.4175 0.93392 3.623 0.38733 1.9899 2.8956 1.3995 3.4279 3.0296 1.9397 -0.71751 0.026108 -0.32863 -0.77568 -2.0531 -0.62499 -1.0562 -3.6589 0.14542 0.71751 -0.026107 0.32863 1.1741 -1.9566 -0.36348 1.4618 -3.669 0.12214
0 38 108 0.33067 4.8187 -0.42072 0.18211 3.5727 -0.25504 -0.56752 3.5538 -0.89149 -0.76067 2.4149 -2.0466 0.13429 2.284 -3.2955 0.93386 3.6212 0.37732 1.9163 2.8648 1.441 3.3148 3.0196 2.0718 -0.74651 0.031559 -0.25539 -0.83542 -2.0581 -0.45512 -0.99635 -3.6441 0.38727 0.74651 -0.031559 0.25539 1.0988 -1.9382 -0.55394 1.4591 -3.6637 -0.17511
0 60 132 0.16634 4.8055 -0.49132 -0.015041 3.5701 -0.3177 -0.9545 3.5763 -0.60881 -0.75326 2.3517 -1.6712 0.64626 2.6001 -2.2689 0.92539 3.5934 -0.030648 1.9727 2.5778 0.7044 3.4812 2.2649 0.76966 -0.77615 0.018466 0.14405 -1.0541 -2.061 0.031464 -0.91546 -3.6599 0.85337 0.77615 -0.018466 -0.14405 0.67929 -1.9429 -0.98169 1.0999 -3.6679 -0.66855
0 61 120 0.21077 4.8071 -0.47446 0.021692 3.5705 -0.31777 -0.88184 3.5694 -0.70634 -0.62893 2.3256 -1.7348 0.78552 2.5742 -2.2963 0.92645 3.6011 0.066734 1.9312 2.5919 0.86722 3.4424 2.3066 0.98032 -0.78873 0.017275 0.033339 -1.055 -2.0578 -0.16066 -1.0862 -3.6685 0.64888 0.78873 -0.017275 -0.033339 0.82301 -1.9589 -0.83523 1.1929 -3.6738 -0.41901
0 62 120 0.15113 4.8076 -0.50927 -0.0066153 3.5694 -0.32937 -0.94486 3.5583 -0.62422 -0.85553 2.2965 -1.658 0.43345 2.5369 -2.4694 0.93217 3.61 -0.038859 2.0417 2.6047 0.6147 3.5502 2.3319 0.44859 -0.78486 0.017196 0.084845 -1.0712 -2.0528 -0.1325 -1.1024 -3.6767 0.65038 0.78486 -0.017196 -0.084846 0.77403 -1.9737 -0.8504 1.1656 -3.6778 -0.41006
0 63 108 0.19621 4.8097 -0.4974 0.035201 3.5692 -0.33037 -0.86529 3.5539 -0.72564 -0.71911 2.2722 -1.7279 0.58981 2.4938 -2.5123 0.9366 3.6139 0.060576 1.9925 2.5992 0.78466 3.5076 2.3267 0.69694 -0.78891 0.016473 -0.029034 -1.0431 -2.0485 -0.32182 -1.2322 -3.6857 0.40926 0.78891 -0.016473 0.029035 0.88969 -1.9855 -0.69685 1.1988 -3.678 -0.15758
0 64 108 0.1423 4.8117 -0.50816 0.0087776 3.5691 -0.3338 -0.92788 3.5459 -0.63296 -0.93281 2.2432 -1.6186 0.20601 2.4428 -2.6389 0.94568 3.6216 -0.039151 2.0774 2.5921 0.53347 3.5582 2.308 0.21034 -0.78905 0.01641 0.025116 -1.0687 -2.0428 -0.28434 -1.2552 -3.6943 0.41462 0.78905 -0.01641 -0.025116 0.85326 -1.9975 -0.72182 1.1741 -3.6782 -0.15314
0 65 96 0.191 4.8136 -0.48924 0.049094 3.5692 -0.33108 -0.84807 3.5425 -0.73324 -0.78829 2.2178 -1.6873 0.37318 2.3986 -2.6853 0.94692 3.6253 0.066564 2.014 2.5759 0.72138 3.5051 2.2751 0.46908 -0.78466 0.01463 -0.087093 -1.019 -2.0385 -0.46633 -1.3443 -3.7018 0.14897 0.78466 -0.014631 0.087094 0.95145 -2.0093 -0.55138 1.1514 -3.6802 0.095998
0 67 84 0.18214 4.8187 -0.47852 0.062744 3.5697 -0.32816 -0.81804 3.5373 -0.76465 -0.79589 2.1604 -1.6435 0.16999 2.3034 -2.837 0.94417 3.6316 0.10383 1.9899 2.52 0.68646 3.436 2.1697 0.28151 -0.77108 0.0079436 -0.1699 -0.96371 -2.0338 -0.62663 -1.4166 -3.7108 -0.14344 0.77108 -0.0079432 0.1699 0.98618 -2.0234 -0.38314 1.0413 -3.6816 0.32278
0 92 24 0.44642 4.7848 0.028646 0.24154 3.5555 0.0020876 -0.20689 3.5848 -0.8728 -1.4364 3.3443 -1.9212 -2.2972 4.5739 -2.2744 0.68882 3.556 0.87804 1.1253 3.3356 2.4368 1.3971 4.6191 3.2471 -0.34661 0.01861 -0.70923 0.026946 -2.0433 -0.86217 -0.51833 -3.7414 -0.59742 0.34661 -0.01861 0.70923 0.73385 -2.0836 0.71736 0.17026 -3.7082 1.2595
0 93 24 0.39841 4.7941 0.05232 0.19133 3.565 0.012682 -0.24173 3.6044 -0.86951 -1.337 3.7232 -2.0758 -1.8331 5.1654 -2.3034 0.6234 3.5553 0.89619 1.2541 3.6664 2.3991 1.6033 5.0988 2.8505 -0.3472 0.015961 -0.70901 0.031303 -2.0447 -0.86652 -0.50943 -3.7453 -0.60904 0.3472 -0.015962 0.70901 0.73329 -2.0812 0.71244 0.18077 -3.7119 1.2476
0 100 60 0.04823 4.8437 -0.12801 0.037099 3.5796 -0.13855 -0.79934 3.544 -0.65474 -0.57352 3.8759 -2.2383 0.5037 4.8274 -2.7968 0.87274 3.6451 0.37602 2.1722 3.8713 -0.58786 2.1024 4.5464 -1.9724 -0.69058 0.00036192 -0.38288 -0.44355 -2.0435 -0.80217 -0.76698 -3.7572 -0.34425 0.69058 -0.0003624 0.38288 1.0285 -2.0535 0.091838 0.89545 -3.7307 0.73999
0 101 60 0.055069 4.8428 -0.16521 0.046905 3.5795 -0.17526 -0.78502 3.5415 -0.69854 -0.38084 3.5686 -2.2812 0.78166 4.3776 -2.8909 0.87827 3.6473 0.34589 2.1268 3.609 -0.70696 2.08 4.1247 -2.1594 -0.68489 -0.001101 -0.39297 -0.43187 -2.0428 -0.81927 -0.76443 -3.7554 -0.36382 0.68489 0.001101 0.39297 1.0371 -2.0471 0.084772 0.89754 -3.7294 0.71832
0 102 72 0.019161 4.8399 -0.23431 0.021269 3.5776 -0.22914 -0.9001 3.5233 -0.56899 -0.72032 3.2242 -2.1649 0.32601 3.887 -3.0834 0.9414 3.6615 0.10802 1.8779 3.3524 -1.1944 1.5727 3.6893 -2.6678 -0.75001 -0.00029087 -0.24694 -0.59009 -2.0402 -0.72386 -0.82509 -3.7529 -0.21173 0.75001 0.00029135 0.24694 1.0384 -2.0436 -0.14502 1.0258 -3.7274 0.49964
1 3 252 0.58611 4.3038 -2.1276 0.39749 3.1285 -1.7066 -0.55313 3.1177 -1.9588 -1.0778 1.6404 -1.4994 -1.7841 0.41276 -2.109 1.3504 3.1666 -1.466 1.7257 1.7059 -0.83814 2.716 0.54603 -1.0652 -0.76867 -0.0068836 -0.18053 -0.09938 -1.398 -1.6058 -0.57656 -2.8206 -0.60607 0.76867 0.0068839 0.18054 1.1837 -1.5111 -1.2115 0.90693 -2.7455 0.073147
1 4 252 0.53452 4.3948 -1.946 0.36719 3.2007 -1.5672 -0.58314 3.1954 -1.8206 -1.324 1.783 -1.467 -2.3832 0.8218 -2.0432 1.3197 3.234 -1.3241 1.9172 1.8699 -0.65251 3.187 0.99632 -0.69873 -0.76921 -0.0071657 -0.17821 -0.14118 -1.4546 -1.5656 -0.59884 -2.8802 -0.56103 0.76921 0.0071654 0.17821 1.1971 -1.5559 -1.159 0.90497 -2.7964 0.11637
1 5 240 0.82751 4.4907 -1.5896 0.6138 3.2782 -1.3009 -0.26029 3.2754 -1.7518 -1.2751 1.9965 -1.6937 -2.4414 1.3785 -2.4908 1.4914 3.3095 -0.85804 2.1374 2.0981 0.027436 3.5301 1.5668 0.42221 -0.71488 -0.0083079 -0.33524 0.087982 -1.5763 -1.4802 -0.52757 -3.0438 -0.6325 0.71488 0.0083082 0.33524 1.3797 -1.6618 -0.7525 0.8389 -2.9707 0.3634
1 6 240 0.70608 4.5801 -1.3743 0.52477 3.353 -1.1272 -0.34455 3.3443 -1.5871 -1.5575 2.2507 -1.6242 -2.8534 1.9673 -2.4104 1.3965 3.3908 -0.67334 2.1831 2.3478 0.30752 3.6367 2.1426 0.77938 -0.71303 -0.011558 -0.33905 -0.10462 -1.7524 -1.3458 -0.61967 -3.3029 -0.58312 0.71303 0.011558 0.33905 1.3452 -1.7858 -0.54656 0.8279 -3.2153 0.4228
1 7 228 0.83108 4.6386 -1.0528 0.63378 3.4036 -0.8728 -0.11101 3.3878 -1.515 -1.4112 2.47 -1.8839 -2.5713 2.485 -2.8996 1.3808 3.4489 -0.23467 2.0137 2.5505 0.97414 3.3311 2.6083 1.7733 -0.62539 -0.015726 -0.48181 -0.099837 -1.908 -1.2285 -0.63293 -3.5561 -0.72824 0.62539 0.015726 0.48181 1.3743 -1.8787 -0.032605 0.79753 -3.4456 0.64791
1 8 228 0.72038 4.672 -0.95814 0.54919 3.4308 -0.80237 -0.19398 3.4113 -1.4463 -1.5848 2.6735 -1.8821 -2.7643 2.935 -2.8402 1.2937 3.48 -0.16159 1.9664 2.7236 1.1207 3.2392 2.9853 1.9508 -0.62845 -0.018736 -0.47771 -0.30766 -1.9796 -1.1605 -0.79615 -3.6938 -0.88861 0.62845 0.018736 0.47771 1.3288 -1.9325 0.1361 0.94745 -3.5689 0.78993
1 9 216 0.84075 4.6876 -0.73558 0.656 3.444 -0.62649 0.055723 3.4251 -1.4054 -1.2801 2.903 -2.1875 -2.2478 3.3834 -3.2877 1.2577 3.4925 0.15 1.6523 2.9011 1.6208 2.6672 3.3318 2.6988 -0.51716 -0.015308 -0.59649 -0.16439 -2.0005 -1.1872 -0.75019 -3.7057 -1.1926 0.51716 0.015309 0.59649 1.2287 -1.9609 0.54551 0.8106 -3.5913 1.1919
1 10 216 0.80788 4.7002 -0.67574 0.63188 3.4564 -0.56735 0.028151 3.4391 -1.3436 -1.3674 3.1369 -2.1373 -2.3139 3.8191 -3.1455 1.2366 3.5035 0.20692 1.6139 3.0708 1.7364 2.5874 3.6407 2.7876 -0.51384 -0.0076876 -0.5995 -0.28155 -2.0058 -1.206 -0.93135 -3.6825 -1.3379 0.51384 0.0076876 0.5995 1.2265 -1.9664 0.69667 0.84174 -3.565 1.4364
1 11 216 0.77236 4.7184 -0.60649 0.59403 3.4757 -0.50095 -0.0051492 3.4582 -1.2807 -1.4393 3.3674 -2.0576 -2.3582 4.2156 -2.9598 1.194 3.523 0.27699 1.5639 3.2235 1.8397 2.5039 3.8982 2.859 -0.51271 -0.00038433 -0.60053 -0.42979 -2.0061 -1.2207 -1.1329 -3.6492 -1.4586 0.5127 0.00038433 0.60053 1.2651 -1.9478 0.8301 0.9148 -3.5022 1.6739
1 22 216 0.64201 4.7925 -0.20599 0.45975 3.5434 -0.19597 -0.14849 3.5844 -0.96781 -1.3134 3.5113 -2.1108 -2.1644 4.3168 -3.1131 1.0695 3.5323 0.5757 1.8609 2.9232 1.8686 2.9711 3.2475 2.8883 -0.53728 0.032543 -0.57773 -0.30669 -1.8257 -1.5307 -1.2626 -3.3349 -1.2867 0.53728 -0.032543 0.57773 1.366 -1.9462 0.83331 0.90456 -3.3027 1.9279
1 23 216 0.66271 4.7841 -0.23789 0.48189 3.5348 -0.23896 -0.13119 3.5798 -1.0067 -1.3032 3.4409 -2.1363 -2.1902 4.1714 -3.1645 1.0964 3.5196 0.52881 1.8686 2.8892 1.8231 2.9731 3.1804 2.8589 -0.53672 0.028409 -0.57846 -0.36121 -1.8553 -1.4923 -1.2808 -3.3942 -1.2992 0.53672 -0.028409 0.57846 1.2918 -1.9726 0.83222 0.89414 -3.3611 1.9115
1 24 216 0.72521 4.7668 -0.29804 0.54636 3.5167 -0.30262 -0.061944 3.5582 -1.0744 -1.2492 3.3909 -2.184 -2.1486 4.1103 -3.2092 1.1563 3.5049 0.4689 1.9049 2.8913 1.7849 3.0112 3.2203 2.8073 -0.53509 0.028842 -0.57995 -0.37248 -1.8556 -1.4948 -1.2758 -3.4071 -1.3287 0.53509 -0.028842 0.57995 1.289 -1.9753 0.81937 0.90631 -3.3737 1.8913
1 31 228 0.81831 4.7039 -0.74495 0.63699 3.4551 -0.65707 -0.12805 3.4778 -1.2748 -1.4065 2.7202 -1.9533 -2.3925 2.8468 -3.132 1.4048 3.462 -0.042399 2.1609 2.4695 1.0121 3.6152 2.3572 1.5123 -0.63902 0.026104 -0.4631 -0.63245 -1.9708 -1.1164 -1.3886 -3.5966 -0.92748 0.63902 -0.026104 0.4631 1.2188 -2.0451 0.42153 1.2129 -3.5379 1.4328
1 32 228 0.92325 4.6708 -0.8326 0.72299 3.4259 -0.72667 -0.043568 3.4613 -1.3419 -1.2228 2.459 -1.8649 -2.1361 2.2151 -3.0831 1.4934 3.4198 -0.11529 2.0839 2.2658 0.87882 3.481 1.7836 1.3183 -0.64144 0.034796 -0.45918 -0.49546 -1.9584 -1.1072 -1.1002 -3.6289 -0.79938 0.64144 -0.034796 0.45918 1.219 -2.0421 0.23277 1.0396 -3.5649 1.1814
1 33 240 0.80517 4.633 -1.1238 0.6069 3.3957 -0.95469 -0.26636 3.4379 -1.4053 -1.3716 2.2415 -1.5314 -2.3937 1.6371 -2.5151 1.484 3.3824 -0.50995 2.0859 2.0927 0.29212 3.401 1.2928 0.38218 -0.72468 0.039126 -0.31113 -0.55001 -1.9433 -0.98475 -0.90188 -3.6239 -0.43447 0.72468 -0.039126 0.31113 1.2042 -2.0099 -0.23706 0.95306 -3.5296 0.70013
1 34 240 0.84994 4.6012 -1.2247 0.62062 3.3731 -1.0338 -0.24331 3.4174 -1.5018 -1.1649 2.0687 -1.4797 -2.0239 1.1538 -2.3756 1.4891 3.3574 -0.57235 1.9096 1.9589 0.15982 3.0378 0.909 0.21054 -0.72508 0.033298 -0.31087 -0.40454 -1.9403 -0.95615 -0.66063 -3.6002 -0.30042 0.72508 -0.033298 0.31087 1.1176 -1.977 -0.38362 0.68126 -3.4762 0.51791
1 44 228 0.72845 4.7064 -0.84954 0.5492 3.4614 -0.71257 -0.21036 3.4653 -1.3374 -1.1215 2.153 -1.6785 -1.9815 1.5969 -2.8313 1.3116 3.4869 -0.091722 1.9277 2.1635 0.64154 3.3811 1.7244 0.91103 -0.62567 -0.0079145 -0.48164 -0.29385 -2.0015 -1.056 -0.77034 -3.6775 -0.59262 0.62566 0.0079145 0.48164 1.2317 -1.9752 0.1434 0.71361 -3.5813 0.77807
2 0 72 0.93776 3.8359 -2.7743 0.60372 2.9528 -1.9333 -0.32211 2.9191 -2.2636 -1.3324 2.625 -1.0139 -2.4709 1.6837 -0.57174 1.5358 3.0067 -1.624 1.8352 2.8813 -0.022983 2.7956 2.3106 1.0399 -0.76019 0.012938 -0.21317 -0.45195 -1.8841 -1.0621 -0.5573 -3.5499 -0.38045 0.76019 -0.012938 0.21317 1.0858 -1.9294 -0.58401 0.80912 -3.4966 0.26341
2 1 72 1.0399 3.6134 -3.0256 0.68143 2.7952 -2.1308 -0.24321 2.7601 -2.4642 -1.1943 2.665 -1.1394 -2.35 1.8565 -0.51613 1.6129 2.849 -1.8195 1.8238 2.8947 -0.20024 2.6891 2.4268 0.98719 -0.75875 0.014499 -0.21815 -0.41328 -1.8475 -1.128 -0.54105 -3.4955 -0.40765 0.75875 -0.014499 0.21815 1.1128 -1.8983 -0.64216 0.81846 -3.4444 0.23751
2 2 72 1.1382 3.386 -3.2499 0.76032 2.6228 -2.3154 -0.16301 2.5858 -2.6522 -1.0496 2.6451 -1.2814 -2.2049 1.9737 -0.51191 1.6909 2.6772 -2.0017 1.818 2.8408 -0.38121 2.584 2.4453 0.89726 -0.75589 0.015066 -0.22783 -0.37061 -1.8052 -1.2037 -0.52597 -3.429 -0.43548 0.75589 -0.015066 0.22783 1.1385 -1.8574 -0.70698 0.82293 -3.3763 0.21182
2 14 84 0.47047 3.9289 -2.7714 0.26396 2.8362 -2.1856 -0.69386 2.8279 -2.409 -1.05 2.0827 -3.8184 -0.32403 3.2906 -4.4442 1.2251 2.8685 -1.9796 1.8149 1.9792 -3.2166 1.6206 3.3138 -3.9642 -0.78596 -0.00028253 -0.075954 -0.49605 -1.9412 -0.82642 -0.74418 -3.0594 0.56606 0.78596 0.00028276 0.075955 1.0102 -1.9815 -0.58487 0.78632 -3.0063 0.88156
2 15 84 0.38791 4.2098 -2.3376 0.20997 3.0474 -1.8832 -0.74701 3.0532 -2.1102 -1.0769 2.5598 -3.6322 -0.37885 3.9109 -3.8869 1.1699 3.068 -1.6698 1.8358 2.3852 -2.9961 1.5618 3.8523 -3.3835 -0.78664 0.0032692 -0.068436 -0.64625 -2.0715 -0.36843 -0.83846 -3.3219 0.91622 0.78664 -0.0032692 0.068436 0.98927 -2.079 -0.18542 0.82612 -3.2452 1.18
2 18 84 0.29378 4.4801 -1.8042 0.21306 3.2693 -1.4431 -0.75261 3.2653 -1.6297 -1.0212 2.8407 -3.1841 -0.37015 4.2333 -3.305 1.1799 3.3016 -1.2657 1.9854 2.7195 -2.5623 1.6359 4.2029 -2.7968 -0.78179 0.0096245 -0.11053 -0.71454 -2.0891 -0.1818 -0.95576 -3.3302 1.1036 0.78179 -0.009625 0.11053 0.89729 -2.1047 0.0027094 0.80544 -3.1304 1.4827
2 19 84 0.32306 4.4397 -1.9098 0.25365 3.2428 -1.5062 -0.71341 3.2254 -1.6847 -0.98331 2.6829 -3.2017 -0.34452 4.0671 -3.4331 1.2218 3.2878 -1.3388 2.0453 2.6313 -2.5876 1.7077 4.0932 -2.9432 -0.77995 0.014739 -0.12233 -0.66255 -2.0512 -0.48626 -0.88885 -3.1635 0.91461 0.77995 -0.014738 0.12233 0.94342 -2.0724 -0.26949 0.76793 -3.008 1.2618
2 20 84 0.33041 4.3896 -2.0347 0.25781 3.2131 -1.5763 -0.7086 3.1853 -1.7569 -0.97096 2.4844 -3.209 -0.34179 3.8321 -3.6159 1.2253 3.268 -1.4081 2.0557 2.5161 -2.5972 1.7301 3.9344 -3.1073 -0.77856 0.009263 -0.13135 -0.638 -1.9875 -0.76962 -0.82996 -3.0456 0.67762 0.77856 -0.0092626 0.13135 0.97931 -2.0031 -0.49991 0.71614 -2.9648 1.0023
2 21 84 0.35061 4.2995 -2.2186 0.27539 3.1481 -1.7015 -0.68929 3.1048 -1.8883 -0.94828 2.2395 -3.2495 -0.31305 3.5055 -3.8588 1.2411 3.2178 -1.5287 2.0626 2.343 -2.6371 1.7482 3.6947 -3.3093 -0.77716 0.0051913 -0.1396 -0.62682 -1.8959 -1.0214 -0.77691 -3.0148 0.38443 0.77716 -0.0051918 0.1396 1.0227 -1.9139 -0.70349 0.67636 -2.9735 0.71359
2 68 84 0.46327 3.3117 -3.4919 0.27206 2.4021 -2.6478 -0.69217 2.3522 -2.8352 -0.9006 0.93147 -3.6143 -0.69888 1.2819 -5.1023 1.2393 2.4707 -2.4834 1.67 1.0779 -3.2206 1.6374 1.3407 -4.7396 -0.78494 -0.016322 -0.084288 -0.52434 -1.5958 -1.4451 -0.79329 -2.639 0.00068608 0.78494 0.016322 0.084288 1.1829 -1.6689 -1.1056 0.84684 -2.6089 0.39579
2 69 84 0.43666 3.5201 -3.2829 0.24946 2.5379 -2.5253 -0.71235 2.5046 -2.7281 -0.91662 1.4813 -3.9851 -0.64953 2.5445 -5.0695 1.2146 2.5916 -2.3439 1.7154 1.5642 -3.5111 1.5573 2.5608 -4.6771 -0.78519 -0.016275 -0.081929 -0.53407 -1.744 -1.2508 -0.81159 -2.7939 0.18849 0.78519 0.016275 0.081928 1.1452 -1.7922 -0.92502 0.86446 -2.7576 0.57166
2 70 84 0.38471 3.7829 -2.9906 0.22809 2.731 -2.3205 -0.73565 2.7022 -2.5148 -0.94295 2.0517 -3.9989 -0.6749 3.4643 -4.5562 1.1946 2.7824 -2.1455 1.7377 2.0889 -3.5212 1.5473 3.4785 -4.1619 -0.78475 -0.017178 -0.085869 -0.59486 -1.9322 -0.92912 -0.84294 -3.0351 0.47551 0.78475 0.017178 0.085869 1.1098 -1.9312 -0.63001 0.87407 -2.9673 0.82664
2 75 84 0.3512 4.3506 -2.1263 0.30438 3.1986 -1.602 -0.66566 3.1739 -1.7625 -1.1166 3.0114 -3.3242 -0.63098 4.4665 -3.1684 1.2754 3.2502 -1.4542 2.0457 2.8681 -2.8432 1.8251 4.3854 -3.0072 -0.77305 -0.00060272 -0.16092 -0.62547 -2.0103 -0.75575 -0.90196 -3.2908 0.4831 0.77305 0.00060272 0.16092 1.072 -1.9626 -0.52519 0.76575 -3.0706 0.86387
2 76 84 0.36713 4.3152 -2.1993 0.30532 3.1825 -1.6359 -0.66423 3.1595 -1.7996 -1.1281 2.9021 -3.3447 -0.66711 4.3717 -3.2705 1.2761 3.2319 -1.4858 2.0533 2.7533 -2.8406 1.8416 4.2566 -3.1106 -0.77393 -0.0015378 -0.15661 -0.60828 -1.935 -0.96203 -0.85918 -3.3172 0.16819 0.77393 0.0015378 0.15661 1.1089 -1.8796 -0.71723 0.72179 -3.0801 0.57111
2 77 84 0.38516 4.2741 -2.2753 0.31197 3.1603 -1.677 -0.65658 3.1354 -1.8463 -1.1217 2.759 -3.3664 -0.68853 4.2383 -3.4082 1.282 3.2111 -1.5224 2.0707 2.6363 -2.8324 1.8576 4.1123 -3.2244 -0.77489 -0.00038481 -0.15179 -0.59494 -1.8557 -1.1211 -0.83957 -3.3678 -0.17 0.77489 0.00038481 0.15179 1.1267 -1.7957 -0.87998 0.70423 -3.1252 0.26233
2 78 84 0.41353 4.2376 -2.3365 0.33447 3.1387 -1.7123 -0.63188 3.1051 -1.8923 -1.0961 2.5926 -3.3724 -0.68879 4.0692 -3.5497 1.3023 3.1978 -1.5477 2.1072 2.5278 -2.8015 1.8854 3.9664 -3.3103 -0.77417 0.003696 -0.15537 -0.59487 -1.7915 -1.2321 -0.82769 -3.4281 -0.51215 0.77417 -0.003696 0.15537 1.1354 -1.7105 -1.0154 0.73959 -3.1956 -0.0728
2 79 84 0.42583 4.2317 -2.3433 0.34466 3.1412 -1.7047 -0.62051 3.1012 -1.8897 -1.0843 2.4493 -3.314 -0.69319 3.9054 -3.6374 1.3113 3.2064 -1.5355 2.1293 2.4392 -2.7233 1.8926 3.8344 -3.3356 -0.77401 0.0076337 -0.15605 -0.61403 -1.7413 -1.3093 -0.82643 -3.4749 -0.86182 0.77401 -0.0076337 0.15605 1.107 -1.6545 -1.1054 0.82017 -3.2996 -0.42558
2 80 84 0.44456 4.2452 -2.3114 0.35254 3.1612 -1.6634 -0.6106 3.1199 -1.8584 -1.0748 2.3292 -3.2105 -0.69367 3.7489 -3.6761 1.3174 3.2277 -1.4843 2.1468 2.372 -2.6017 1.9001 3.7247 -3.2995 -0.77424 0.013544 -0.15449 -0.6429 -1.6917 -1.3749 -0.82605 -3.4758 -1.1902 0.77424 -0.013544 0.15449 1.0606 -1.6304 -1.1563 0.90715 -3.3788 -0.74346
2 81 84 0.45486 4.2675 -2.2657 0.34681 3.1815 -1.6242 -0.61442 3.1438 -1.8291 -1.0866 2.2301 -3.0984 -0.70823 3.6044 -3.6865 1.31 3.2442 -1.4353 2.156 2.3082 -2.473 1.9072 3.622 -3.2409 -0.77676 0.019204 -0.14062 -0.687 -1.6277 -1.4421 -0.82985 -3.4249 -1.4179 0.77676 -0.019204 0.14062 1.0544 -1.5915 -1.2251 0.97739 -3.3759 -0.97854
2 82 84 0.46563 4.2999 -2.2028 0.35255 3.2044 -1.5776 -0.61013 3.1914 -1.7788 -1.0983 2.1917 -2.975 -0.70719 3.5254 -3.6428 1.3176 3.2428 -1.3919 2.187 2.2604 -2.3655 1.9427 3.5498 -3.1751 -0.77981 0.027568 -0.12098 -0.71419 -1.5035 -1.5583 -0.82677 -3.3002 -1.4591 0.77981 -0.027568 0.12098 1.0844 -1.4925 -1.354 1.0171 -3.2764 -1.1008
2 83 84 0.46605 4.3196 -2.1651 0.34451 3.2152 -1.5572 -0.61842 3.2245 -1.7573 -1.1179 2.1831 -2.9126 -0.70602 3.4926 -3.615 1.3103 3.2317 -1.3719 2.1868 2.2242 -2.3129 1.9625 3.4943 -3.1579 -0.7814 0.025611 -0.11069 -0.7211 -1.1891 -1.8239 -0.79649 -2.9557 -1.4713 0.7814 -0.025611 0.1107 1.1388 -1.2252 -1.5768 0.98272 -2.9467 -1.0638
2 84 84 0.4966 4.2709 -2.2523 0.36268 3.171 -1.6396 -0.6052 3.1877 -1.8136 -1.0775 2.0705 -2.908 -0.66644 3.3375 -3.6849 1.3333 3.1798 -1.4807 2.1716 2.0919 -2.3652 2.0232 3.3086 -3.3008 -0.78239 0.028852 -0.10262 -0.69806 -0.81491 -2.0249 -0.77131 -2.5089 -1.4117 0.78239 -0.028852 0.10262 1.1807 -0.8767 -1.778 0.99811 -2.4815 -0.97668
2 85 84 0.51213 4.2498 -2.2753 0.35385 3.1736 -1.6273 -0.61573 3.199 -1.7905 -1.0362 1.9313 -2.7313 -0.65983 3.0766 -3.6927 1.3263 3.1734 -1.4799 2.0823 1.9358 -2.2321 2.0531 2.9999 -3.3476 -0.78323 0.028579 -0.096049 -0.66756 -0.61269 -2.0935 -0.75135 -2.2293 -1.2995 0.78323 -0.028579 0.096049 1.2018 -0.73098 -1.8393 0.98564 -2.2193 -0.8448
2 86 84 0.51579 4.2083 -2.3403 0.34274 3.1466 -1.6735 -0.62375 3.1782 -1.8532 -0.9969 1.8015 -2.6495 -0.60248 2.753 -3.797 1.3127 3.1394 -1.5107 2.0094 1.8101 -2.1558 2.0327 2.6817 -3.4276 -0.78264 0.019693 -0.10285 -0.63088 -0.50287 -2.1322 -0.73196 -2.0511 -1.2137 0.78264 -0.019693 0.10285 1.2087 -0.63978 -1.8589 0.97184 -2.0387 -0.74632
2 93 84 0.48853 3.82 -2.9329 0.30634 2.8401 -2.1621 -0.66359 2.825 -2.3245 -0.97568 1.2941 -2.8018 -0.53669 1.1917 -4.2764 1.2789 2.8766 -2.0204 1.9151 1.4126 -2.3678 1.9678 1.6477 -3.8908 -0.78438 0.0078428 -0.09044 -0.4999 -0.90659 -1.9605 -0.68981 -2.421 -1.0006 0.78438 -0.007843 0.09044 1.0305 -1.0495 -1.7175 0.93806 -2.4045 -0.53161
2 94 84 0.46588 3.813 -2.9492 0.29272 2.8309 -2.1793 -0.67845 2.8124 -2.3338 -0.98519 1.2542 -2.7169 -0.61329 0.87874 -4.1655 1.2663 2.8707 -2.0456 1.8805 1.3791 -2.3033 1.9518 1.3555 -3.8435 -0.78495 0.0089302 -0.08525 -0.51317 -1.0352 -1.8881 -0.70107 -2.5747 -0.96848 0.78495 -0.0089302 0.08525 1.007 -1.1694 -1.6521 0.93806 -2.5573 -0.50323
2 95 84 0.44126 3.8325 -2.931 0.27813 2.8355 -2.178 -0.69376 2.8149 -2.3275 -1.0019 1.2355 -2.609 -0.71546 0.55297 -3.9617 1.2522 2.8779 -2.0487 1.8415 1.3625 -2.2067 1.9278 1.0185 -3.7073 -0.78545 0.010777 -0.080268 -0.52721 -1.1516 -1.8113 -0.71247 -2.7133 -0.92944 0.78545 -0.010777 0.080269 0.98022 -1.2809 -1.582 0.93204 -2.6946 -0.46405
2 96 84 0.40995 3.8718 -2.8863 0.25947 2.8606 -2.1497 -0.71347 2.8403 -2.2922 -1.0274 1.2454 -2.4548 -0.85779 0.27222 -3.6388 1.2344 2.9029 -2.027 1.7987 1.3709 -2.084 1.9017 0.67448 -3.4559 -0.786 0.010949 -0.07473 -0.54269 -1.2563 -1.7328 -0.72865 -2.8358 -0.88334 0.786 -0.010949 0.07473 0.95756 -1.3769 -1.5124 0.9265 -2.8109 -0.41992
2 97 84 0.38038 3.9266 -2.8178 0.24199 2.8966 -2.105 -0.732 2.8733 -2.2397 -1.0637 1.2739 -2.2691 -1.0376 0.06559 -3.2267 1.2177 2.9425 -1.9897 1.753 1.3999 -1.941 1.8849 0.37206 -3.0828 -0.7862 0.011292 -0.072569 -0.56129 -1.35 -1.6571 -0.74659 -2.9417 -0.83076 0.7862 -0.011292 0.072569 0.94077 -1.4595 -1.4418 0.91793 -2.9092 -0.37005
3 1 72 0.59082 4.7818 -0.0079312 0.22665 3.578 -0.010499 -0.24068 3.6281 0.85348 -1.6247 2.7781 1.0286 -2.816 3.1215 0.11178 0.69891 3.5572 -0.87299 1.9328 2.4878 -0.82177 2.5686 1.2337 -1.4547 -0.23269 0.031661 0.75389 -0.088546 -2.0456 0.47391 0.27972 -3.8057 0.34204 0.23269 -0.031661 -0.75389 -1.4068 -1.2117 -1.3317 0.19591 -1.8607 -0.82069
3 2 60 0.60388 4.7782 0.15098 0.24969 3.5745 0.070689 -0.39158 3.6217 0.81493 -1.8351 2.8786 0.63402 -2.7736 3.3471 -0.4962 0.89536 3.5566 -0.67104 2.1447 2.5608 -0.33008 3.0051 1.3649 -0.78521 -0.39126 0.027162 0.68533 -0.097368 -2.0451 0.50147 0.36079 -3.7889 0.4876 0.39126 -0.027162 -0.68533 -1.2706 -0.98425 -1.5436 0.097117 -1.9191 -0.83205
3 2 72 0.62208 4.7782 0.022122 0.25894 3.5745 0.017229 -0.21359 3.6217 0.87854 -1.6632 2.8786 1.0017 -2.8162 3.3471 0.091306 0.73628 3.5566 -0.84253 2.0292 2.5608 -0.76877 2.7762 1.3649 -1.3928 -0.24022 0.027162 0.7517 0.0090221 -2.0451 0.51076 0.45429 -3.7889 0.40194 0.24022 -0.027162 -0.7517 -1.5637 -0.98425 -1.2457 -0.077999 -1.9191 -0.83406
3 3 60 0.59187 4.7815 0.13666 0.24441 3.5751 0.061695 -0.39475 3.6213 0.80782 -1.8324 2.8859 0.56073 -2.7654 3.4421 -0.53369 0.88788 3.5583 -0.68196 2.143 2.5687 -0.34408 3.0095 1.3813 -0.80953 -0.3916 0.029807 0.68502 -0.010888 -2.0322 0.55346 0.50266 -3.7606 0.56453 0.3916 -0.029807 -0.68502 -1.3496 -0.87286 -1.5046 -0.16966 -2.0945 -0.89941
3 3 72 0.60735 4.7815 0.010616 0.25189 3.5751 0.0095316 -0.21817 3.6213 0.87224 -1.6758 2.8859 0.92945 -2.816 3.4421 0.05294 0.7267 3.5583 -0.85166 2.0246 2.5687 -0.78211 2.7755 1.3813 -1.4176 -0.24062 0.029807 0.75147 0.10442 -2.0322 0.54363 0.60905 -3.7606 0.44768 0.24062 -0.029807 -0.75147 -1.6329 -0.87286 -1.1911 -0.35295 -2.0945 -0.84448
3 4 48 0.54516 4.7843 0.22801 0.22601 3.5756 0.085118 -0.54735 3.6215 0.69106 -1.8409 2.7983 0.12751 -2.5355 3.3926 -1.1142 1.0031 3.559 -0.51756 2.1282 2.5063 0.025249 3.0063 1.282 -0.30318 -0.52227 0.037313 0.59105 -0.047005 -2.0091 0.61579 0.49456 -3.7225 0.76339 0.52227 -0.037313 -0.59105 -1.0183 -0.88666 -1.7398 -0.23086 -2.3489 -1.0379
3 4 60 0.58066 4.7843 0.10969 0.23877 3.5756 0.036268 -0.39171 3.6215 0.78976 -1.7742 2.7983 0.50748 -2.7118 3.3926 -0.56273 0.87357 3.559 -0.71481 2.087 2.5063 -0.41779 2.8776 1.282 -0.92159 -0.38797 0.037313 0.68672 0.082052 -2.0091 0.6121 0.64247 -3.7225 0.64388 0.38797 -0.037313 -0.68672 -1.3578 -0.88666 -1.49 -0.44161 -2.3489 -0.96721
3 5 48 0.51574 4.7907 0.18433 0.20349 3.5776 0.051843 -0.55748 3.6237 0.67326 -1.7558 2.6592 0.12318 -2.4666 3.202 -1.1329 0.96833 3.5608 -0.5663 2.0255 2.3975 -0.12171 2.7593 1.1049 -0.53207 -0.51662 0.041369 0.59573 0.02568 -1.9863 0.69032 0.60522 -3.6841 0.87008 0.51662 -0.041369 -0.59573 -0.97178 -1.0361 -1.6955 -0.4508 -2.6676 -1.1319
