2 4 336 3.4467 2.9497 1.6772 2.5091 2.2762 1.1632 2.9441 2.2324 0.28213 1.62 2.4214 -0.6558 0.7968 1.9191 -1.859 2.0975 2.3353 2.0545 0.48692 2.5215 1.8545 -0.93493 2.1105 2.2869 0.32277 0.01072 -0.72056 1.3857 -1.7051 -0.1372 0.52257 -3.256 -0.45416 -0.32277 -0.01072 0.72056 0.71146 -1.7526 1.2779 -0.2623 -3.192 0.79768
2 5 336 3.5422 2.7986 1.7435 2.5976 2.1446 1.2187 3.0351 2.0931 0.33933 1.6924 2.2399 -0.57943 0.84172 1.7 -1.7467 2.1837 2.2108 2.1085 0.57311 2.2949 1.8485 -0.81356 1.7347 2.224 0.326 0.010496 -0.71911 1.4466 -1.6485 -0.081706 0.51406 -3.1458 -0.45506 -0.326 -0.010496 0.71911 0.77555 -1.6942 1.3242 -0.25838 -3.0721 0.79207
2 6 336 3.5944 2.7106 1.7787 2.6535 2.0625 1.2412 3.0983 2.0064 0.36578 1.747 2.0068 -0.5522 0.92006 1.3195 -1.6575 2.2326 2.133 2.1273 0.62852 2.0216 1.8386 -0.64075 1.2245 2.2007 0.32384 0.0067756 -0.72013 1.5063 -1.5877 -0.031921 0.50021 -3.0171 -0.47387 -0.32384 -0.0067759 0.72012 0.82561 -1.6419 1.3677 -0.27675 -2.9469 0.79089
2 7 336 3.5868 2.7171 1.7817 2.6655 2.0506 1.2338 3.1246 1.992 0.36595 1.802 1.7159 -0.55229 1.082 0.78388 -1.5476 2.23 2.1239 2.1126 0.67062 1.7171 1.8449 -0.36575 0.6437 2.2341 0.32471 -0.0050759 -0.71975 1.5759 -1.5194 0.025583 0.49613 -2.8623 -0.50506 -0.32471 0.0050757 0.71975 0.85045 -1.5943 1.4091 -0.3142 -2.8258 0.79436
2 8 336 3.5255 2.8051 1.7667 2.6298 2.1052 1.2188 3.1017 2.0428 0.35807 1.8941 1.4042 -0.53788 1.4549 0.14683 -1.3149 2.181 2.183 2.0905 0.75685 1.4022 1.9146 0.12626 0.079658 2.395 0.33218 -0.01733 -0.71614 1.6309 -1.4641 0.080368 0.48057 -2.7125 -0.52725 -0.33218 0.01733 0.71614 0.85949 -1.5486 1.4524 -0.35354 -2.7042 0.78597
2 9 324 2.9735 2.9672 2.4034 2.2456 2.211 1.7047 2.8938 2.1476 0.96771 2.1437 1.1048 -0.041485 2.2784 -0.39127 -0.38994 1.6171 2.2905 2.4571 0.50749 1.1236 2.1816 0.33056 -0.28579 2.7815 0.4838 -0.027252 -0.62345 1.5843 -1.4574 0.45247 0.52301 -2.6057 -0.44524 -0.4838 0.027252 0.62345 0.5183 -1.5252 1.6235 -0.55941 -2.604 0.66146
2 12 312 2.0111 3.552 2.6002 1.5787 2.5868 1.9222 2.3719 2.5587 1.3414 3.0925 1.0969 1.4529 3.7658 1.113 2.84 0.79905 2.6352 2.5199 0.88949 1.1442 3.1811 1.9239 1.3723 4.3016 0.60536 -0.0042431 -0.50697 1.2833 -1.6233 0.64779 0.38078 -2.636 -0.53998 -0.60536 0.0042434 0.50697 0.062414 -1.7028 1.5339 -0.86759 -2.6233 0.29347
2 13 312 1.9021 3.7184 2.4392 1.5281 2.6914 1.8206 2.3265 2.6704 1.2466 3.4227 1.5619 1.7347 3.7833 2.3382 3.0173 0.74212 2.7344 2.4104 1.1254 1.5272 3.4422 2.0676 2.471 4.2163 0.59739 -0.0038791 -0.51634 1.1406 -1.7723 0.47953 0.25853 -2.813 -0.69941 -0.59739 0.0038788 0.51634 -0.044176 -1.8354 1.3679 -0.99581 -2.781 0.16326
2 14 312 1.7447 3.9289 2.204 1.4476 2.8362 1.6586 2.2545 2.8279 1.0963 3.5402 2.0827 1.7747 3.5195 3.2906 2.7329 0.65135 2.8685 2.2351 1.1761 1.9792 3.5011 1.8616 3.3138 3.8569 0.58235 -0.00028253 -0.53326 0.94607 -1.9412 0.18435 0.07729 -3.0594 -0.9318 -0.58235 0.00028276 0.53326 -0.24133 -1.9815 1.1421 -1.1813 -3.0063 -0.0055273
2 14 324 2.1649 3.9289 1.7931 1.7608 2.8362 1.3214 2.4331 2.8279 0.60358 3.8318 2.0827 0.9999 4.0108 3.2906 1.9415 1.1018 2.8685 2.0508 1.8783 1.9792 3.18 2.6228 3.3138 3.3855 0.45876 -0.00028253 -0.64268 0.96372 -1.9412 -0.016381 -0.11813 -3.0594 -0.92751 -0.45876 0.00028276 0.64268 0.0013971 -1.9815 1.1673 -1.1566 -3.0063 0.2402
2 15 324 1.8305 4.2098 1.5047 1.5259 3.0474 1.1234 2.201 3.0532 0.40816 3.684 2.5598 0.88342 3.5556 3.9109 1.6154 0.86115 3.068 1.848 1.6768 2.3852 3.0879 2.1492 3.8523 3.0443 0.45259 0.0032692 -0.64703 0.6422 -2.0715 -0.37545 -0.37424 -3.3219 -1.1842 -0.45259 -0.0032692 0.64703 -0.33406 -2.079 0.94944 -1.435 -3.2452 0.12543
2 16 324 1.5123 4.4234 1.2396 1.2576 3.2223 0.93626 1.9221 3.2323 0.21124 3.4178 2.8413 0.73929 3.1783 4.2241 1.3782 0.6009 3.2403 1.6682 1.3993 2.6674 2.9733 1.7651 4.1564 2.81 0.46484 0.0054674 -0.63828 0.38154 -2.0939 -0.64798 -0.49395 -3.4756 -1.4064 -0.46484 -0.0054674 0.63828 -0.59958 -2.0999 0.73499 -1.6832 -3.369 0.052185
2 21 324 1.7461 4.2995 1.413 1.3359 3.1481 1.0893 1.98 3.1048 0.34721 3.2883 2.2395 0.80352 3.4983 3.5055 1.6583 0.70332 3.2178 1.8392 1.2525 2.343 3.1048 1.9918 3.6947 3.1687 0.50948 0.0051913 -0.60324 1.198 -1.8959 -0.032135 0.055531 -3.0148 -0.86504 -0.50948 -0.0051918 0.60324 0.097886 -1.9139 1.2374 -0.95617 -2.9735 0.22895
2 22 324 1.8786 4.1982 1.5441 1.4194 3.0773 1.1834 2.0752 3.0238 0.45243 3.2801 1.991 0.84 3.6847 3.1163 1.8135 0.77631 3.1561 1.9235 1.2314 2.1691 3.1431 2.1138 3.4235 3.3023 0.51641 0.0071793 -0.5973 1.3523 -1.799 0.075881 0.33143 -3.0906 -0.65936 -0.51641 -0.0071793 0.5973 0.21056 -1.8305 1.3465 -0.70125 -3.0322 0.35881
2 23 324 1.9895 4.1039 1.6554 1.4831 3.019 1.2536 2.14 2.955 0.52434 3.236 1.7773 0.8079 3.8255 2.6923 1.9001 0.84043 3.1072 1.9929 1.1762 1.9971 3.1434 2.2002 3.1161 3.4207 0.52012 0.0087333 -0.59405 1.4356 -1.7366 0.134 0.6575 -3.2567 -0.44463 -0.52012 -0.0087333 0.59405 0.28657 -1.7631 1.4221 -0.43186 -3.1727 0.55737
2 24 324 2.0694 4.033 1.7204 1.5256 2.9834 1.2812 2.1759 2.9117 0.54679 3.1418 1.6069 0.72918 3.893 2.2487 1.913 0.89079 3.078 2.0265 1.0934 1.8462 3.0802 2.2487 2.7799 3.4939 0.51806 0.0055532 -0.59589 1.448 -1.7317 0.13323 0.99559 -3.4377 -0.23517 -0.51806 -0.0055532 0.59589 0.32323 -1.7205 1.4709 -0.1385 -3.3434 0.83564
2 25 324 2.1127 3.978 1.777 1.554 2.9526 1.3078 2.2044 2.8781 0.57373 3.0103 1.4593 0.65142 3.8837 1.784 1.88 0.91993 3.0491 2.0534 0.98225 1.7193 3.0002 2.2401 2.4178 3.5548 0.5161 0.0047641 -0.59759 1.4527 -1.7369 0.11223 1.3075 -3.5258 -0.059298 -0.5161 -0.0047641 0.59759 0.33758 -1.6913 1.5147 0.10472 -3.4333 1.112
2 26 324 2.095 3.9583 1.8343 1.5518 2.9347 1.346 2.216 2.8652 0.62397 2.8529 1.3611 0.59877 3.7962 1.3517 1.8185 0.90381 3.0261 2.0803 0.8436 1.6301 2.9266 2.1504 2.0591 3.6236 0.51545 0.013205 -0.59802 1.5145 -1.6912 0.11684 1.4698 -3.4908 0.014045 -0.51545 -0.013205 0.59802 0.40211 -1.6333 1.5715 0.21157 -3.406 1.3028
2 27 324 2.0257 3.9942 1.8327 1.5175 2.9566 1.3392 2.1903 2.8981 0.6242 2.6881 1.345 0.53088 3.6604 1.0271 1.6847 0.86034 3.0374 2.0665 0.72871 1.6004 2.8324 2.0278 1.7379 3.6516 0.50746 0.021982 -0.60457 1.6853 -1.5226 0.19621 1.4133 -3.2933 -0.0077185 -0.50746 -0.021982 0.60457 0.50317 -1.5044 1.6979 0.19744 -3.2435 1.3333
2 28 324 2.0867 3.9353 1.8976 1.5845 2.9024 1.389 2.2522 2.8594 0.66808 2.6491 1.2795 0.54434 3.6259 0.69544 1.5847 0.93247 2.9675 2.1225 0.74467 1.4921 2.7982 1.9681 1.322 3.7212 0.49211 0.030093 -0.61678 1.8637 -1.2398 0.34261 1.2619 -2.8962 -0.038671 -0.49211 -0.030093 0.61678 0.66585 -1.277 1.8491 0.12921 -2.8766 1.2134
2 29 324 2.22 3.7762 2.0593 1.6732 2.7957 1.4933 2.3386 2.7662 0.76963 2.6009 1.1656 0.57409 3.5699 0.31886 1.4235 1.0242 2.8461 2.2306 0.72295 1.3273 2.7514 1.7484 0.77131 3.7599 0.49266 0.036828 -0.61598 1.9228 -1.0302 0.49323 1.1796 -2.5752 -0.065131 -0.49266 -0.036829 0.61598 0.81179 -1.0918 1.8808 0.050847 -2.5612 1.1648
2 30 324 2.3593 3.5952 2.2089 1.7494 2.6821 1.5942 2.4078 2.6515 0.86424 2.5333 1.0498 0.56821 3.4302 -0.059917 1.1528 1.1085 2.732 2.3386 0.69832 1.1951 2.7106 1.3776 0.19254 3.6651 0.50284 0.03927 -0.60755 1.9221 -0.95223 0.58275 1.137 -2.4293 -0.090076 -0.50284 -0.03927 0.60755 0.87411 -1.0073 1.865 -0.0012137 -2.4 1.1268
2 69 312 2.1475 3.5201 2.5212 1.7097 2.5379 1.8751 2.5041 2.5046 1.2961 3.5748 1.4813 1.9854 4.202 2.5445 2.9094 0.92909 2.5916 2.471 1.4615 1.5642 3.6242 2.4337 2.5608 4.2869 0.58628 -0.016275 -0.52869 1.2869 -1.744 0.44008 0.40298 -2.7939 -0.72925 -0.58628 0.016275 0.52869 -0.078861 -1.7922 1.47 -1.0033 -2.7576 0.2599
2 70 312 1.965 3.7829 2.287 1.5719 2.731 1.7222 2.3611 2.7022 1.136 3.6027 2.0517 1.975 3.8375 3.4643 2.5471 0.79507 2.7824 2.3233 1.454 2.0889 3.6476 2.0575 3.4785 3.9347 0.58891 -0.017178 -0.52572 1.0885 -1.9322 0.17964 0.21067 -3.0351 -0.9446 -0.58891 0.017178 0.52572 -0.27438 -1.9312 1.2463 -1.1992 -2.9673 0.096431
2 71 324 2.0612 4.1141 1.5227 1.6216 2.9873 1.1598 2.2448 2.96 0.39937 3.7122 2.5288 0.97346 3.7391 4.0353 1.3011 1.0111 3.04 1.9291 1.9811 2.5333 3.142 2.3023 4.0413 3.1247 0.47615 -0.020804 -0.62956 0.81204 -2.0737 -0.33416 -0.20345 -3.2922 -1.1914 -0.47615 0.020804 0.62956 -0.30464 -2.0299 1.053 -1.4121 -3.1838 0.22048
2 72 324 1.7521 4.3456 1.2742 1.3359 3.1886 0.97086 1.9518 3.1681 0.20431 3.4643 2.8766 0.74856 3.2901 4.3803 1.042 0.73031 3.2361 1.7444 1.6814 2.837 3.0113 1.8772 4.3628 2.9056 0.49225 -0.022413 -0.617 0.59498 -2.1184 -0.51395 -0.27555 -3.4546 -1.3552 -0.49225 0.022413 0.617 -0.47587 -2.0637 0.86654 -1.5925 -3.2954 0.16884
2 73 324 1.6018 4.4262 1.1971 1.1907 3.2629 0.91093 1.8109 3.2389 0.1479 3.3607 3.0642 0.63403 3.04 4.5394 0.94818 0.58008 3.3143 1.6802 1.4916 2.9833 2.9948 1.6627 4.5074 2.8347 0.50859 -0.018288 -0.60374 0.59994 -2.1128 -0.46532 -0.24455 -3.4407 -1.3453 -0.50859 0.018289 0.60374 -0.41255 -2.0633 0.87213 -1.5779 -3.2355 0.15175
2 73 336 1.8157 4.4262 0.83792 1.3541 3.2629 0.64346 1.802 3.2389 -0.23183 3.419 3.0642 -0.078545 3.1707 4.5394 0.29542 0.91674 3.3143 1.5229 2.0817 2.9833 2.6193 2.2157 4.5074 2.4271 0.37195 -0.018288 -0.69629 0.49008 -2.1128 -0.57989 -0.51891 -3.4407 -1.2651 -0.37195 0.018289 0.69629 -0.22221 -2.0633 0.93884 -1.5118 -3.2355 0.47649
2 74 324 1.6182 4.3953 1.278 1.208 3.2302 0.9973 1.8271 3.2053 0.23347 3.3986 3.0796 0.6618 3.0123 4.5353 0.99238 0.59861 3.2826 1.7675 1.4601 2.961 3.1178 1.6566 4.4828 2.9654 0.51942 -0.0081673 -0.59467 0.77163 -2.0748 -0.31245 -0.15157 -3.3361 -1.2113 -0.51942 0.0081673 0.59467 -0.24382 -2.0304 1.022 -1.3891 -3.1189 0.15349
2 74 336 1.8485 4.3953 0.91363 1.389 3.2302 0.72434 1.8357 3.2053 -0.15152 3.4619 3.0796 -0.059264 3.1528 4.5353 0.34441 0.95302 3.2826 1.6044 2.0764 2.961 2.7461 2.237 4.4828 2.5562 0.38443 -0.0081673 -0.68967 0.68981 -2.0748 -0.46606 -0.40009 -3.3361 -1.1533 -0.38443 0.0081673 0.68967 -0.026006 -2.0304 1.0503 -1.3269 -3.1189 0.43895
2 75 324 1.6658 4.3506 1.3673 1.2352 3.1986 1.0646 1.8592 3.1739 0.30477 3.4372 3.0114 0.69507 3.0594 4.4665 1.0378 0.62169 3.2502 1.8316 1.4395 2.8681 3.1932 1.6918 4.3854 3.0842 0.52588 -0.00060272 -0.58902 0.96724 -2.0103 -0.1638 0.032603 -3.2908 -1.0227 -0.52588 0.00060272 0.58902 -0.081153 -1.9626 1.1909 -1.131 -3.0706 0.23122
2 75 336 1.9137 4.3506 0.99107 1.4295 3.1986 0.78452 1.8819 3.1739 -0.088437 3.5066 3.0114 -0.034753 3.2083 4.4665 0.379 0.98893 3.2502 1.6623 2.0719 2.8681 2.8241 2.296 4.3854 2.665 0.39193 -0.00060272 -0.68549 0.91204 -2.0103 -0.36132 -0.18073 -3.2908 -1.0071 -0.39193 0.00060272 0.68549 0.16823 -1.9626 1.1818 -1.0582 -3.0706 0.46132
2 76 324 1.721 4.3152 1.4176 1.2641 3.1825 1.0824 1.8906 3.1595 0.32457 3.4607 2.9021 0.69542 3.1659 4.3717 1.0575 0.64871 3.2319 1.848 1.4334 2.7533 3.1986 1.773 4.2566 3.1501 0.52259 -0.0015378 -0.59194 1.1373 -1.935 -0.045767 0.28394 -3.3172 -0.82817 -0.52259 0.0015378 0.59194 0.066706 -1.8796 1.3189 -0.85549 -3.0801 0.33953
2 76 336 1.9782 4.3152 1.0288 1.4615 3.1825 0.7959 1.9168 3.1595 -0.07561 3.5296 2.9021 -0.039292 3.3166 4.3717 0.37618 1.0188 3.2319 1.6728 2.0671 2.7533 2.8306 2.3893 4.2566 2.7127 0.3881 -0.0015378 -0.68766 1.1029 -1.935 -0.28122 0.10555 -3.3172 -0.86911 -0.3881 0.0015378 0.68766 0.33947 -1.8796 1.2762 -0.7662 -3.0801 0.50998
2 77 324 1.7779 4.2741 1.4712 1.2964 3.1603 1.1087 1.9272 3.1354 0.35453 3.4762 2.759 0.71182 3.2958 4.2383 1.1078 0.67744 3.2111 1.8714 1.4176 2.6363 3.2095 1.8636 4.1123 3.2209 0.5189 -0.00038481 -0.59518 1.2684 -1.8557 0.045331 0.56701 -3.3678 -0.64209 -0.5189 0.00038481 0.59518 0.19875 -1.7957 1.4157 -0.5793 -3.1252 0.47872
2 78 324 1.8167 4.2376 1.5264 1.3156 3.1387 1.1458 1.9547 3.1051 0.39894 3.4686 2.5926 0.73693 3.4185 4.0692 1.1783 0.68916 3.1978 1.9017 1.3726 2.5278 3.2256 1.9241 3.9664 3.288 0.52164 0.003696 -0.59277 1.3645 -1.7915 0.10089 0.85739 -3.4281 -0.46073 -0.52164 -0.003696 0.59277 0.3117 -1.7105 1.491 -0.30675 -3.1956 0.6769
2 79 324 1.8164 4.2317 1.5404 1.304 3.1412 1.1508 1.9467 3.1012 0.40744 3.4121 2.4493 0.71801 3.4967 3.9054 1.2184 0.67408 3.2064 1.9034 1.2938 2.4392 3.2057 1.9424 3.8344 3.3068 0.52215 0.0076337 -0.59228 1.4409 -1.7413 0.12289 1.1596 -3.4749 -0.2848 -0.52215 -0.0076337 0.59228 0.40377 -1.6545 1.5114 -0.04152 -3.2996 0.92308
2 80 324 1.7794 4.2452 1.5407 1.2643 3.1612 1.137 1.9147 3.1199 0.4004 3.3177 2.3292 0.6744 3.5304 3.7489 1.2373 0.6268 3.2277 1.883 1.1798 2.372 3.16 1.9074 3.7247 3.2953 0.52091 0.013544 -0.59327 1.5121 -1.6917 0.13067 1.4438 -3.4758 -0.12028 -0.52091 -0.013544 0.59327 0.47109 -1.6304 1.4966 0.19028 -3.3788 1.1573
2 81 324 1.7347 4.2675 1.5268 1.2332 3.1815 1.1125 1.8913 3.1438 0.38247 3.2266 2.2301 0.60813 3.5468 3.6044 1.2299 0.58803 3.2442 1.8522 1.0637 2.3082 3.1037 1.8531 3.622 3.2721 0.51016 0.019204 -0.60238 1.5924 -1.6277 0.12611 1.6429 -3.4249 -0.0097163 -0.51016 -0.019204 0.60238 0.53371 -1.5915 1.5257 0.35875 -3.3759 1.3357
2 82 324 1.6749 4.2999 1.5047 1.19 3.2044 1.0941 1.8455 3.1914 0.36099 3.1255 2.1917 0.53634 3.5083 3.5254 1.2089 0.54662 3.2428 1.8371 0.95506 2.2604 3.0767 1.7784 3.5498 3.2699 0.49468 0.027568 -0.61485 1.7066 -1.5035 0.16065 1.677 -3.3002 0.013531 -0.49467 -0.027568 0.61484 0.63036 -1.4925 1.6162 0.44474 -3.2764 1.4313
2 83 324 1.642 4.3196 1.4862 1.1763 3.2152 1.0769 1.831 3.2245 0.34307 3.0813 2.1831 0.48822 3.4837 3.4926 1.1961 0.53293 3.2317 1.8207 0.90966 2.2242 3.0502 1.7536 3.4943 3.2785 0.48657 0.025611 -0.62137 1.9401 -1.1891 0.28747 1.6724 -2.9557 0.04587 -0.48657 -0.025611 0.62137 0.79611 -1.2252 1.7746 0.42993 -2.9467 1.383
2 84 324 1.7023 4.2709 1.5562 1.2386 3.171 1.1339 1.8733 3.1877 0.38271 3.0571 2.0705 0.52085 3.5244 3.3375 1.2653 0.61568 3.1798 1.895 0.96252 2.0919 3.0632 1.8469 3.3086 3.4025 0.48007 0.028852 -0.62626 2.1027 -0.81491 0.40793 1.6083 -2.5089 0.037893 -0.48007 -0.028852 0.62626 0.94943 -0.8767 1.9116 0.34677 -2.4815 1.3527
2 85 324 1.7144 4.2498 1.5811 1.2324 3.1736 1.1201 1.8585 3.199 0.36202 2.8835 1.9313 0.46826 3.5279 3.0766 1.2749 0.6185 3.1734 1.8886 0.89188 1.9358 2.9193 1.8726 2.9999 3.4518 0.4748 0.028579 -0.63028 2.1468 -0.61269 0.46861 1.5011 -2.2293 -0.00095246 -0.4748 -0.028579 0.63028 0.99201 -0.73098 1.9605 0.2388 -2.2193 1.276
2 86 324 1.7689 4.2083 1.6169 1.2779 3.1466 1.1336 1.9168 3.1782 0.38639 2.793 1.8015 0.46141 3.5895 2.753 1.3767 0.65198 3.1394 1.8922 0.86227 1.8101 2.8181 1.952 2.6817 3.4742 0.4804 0.019693 -0.62636 2.162 -0.50287 0.51974 1.4171 -2.0511 -0.02703 -0.4804 -0.019693 0.62636 1.0055 -0.63978 1.9762 0.16041 -2.0387 1.2148
2 87 324 1.8391 4.149 1.6821 1.3541 3.0951 1.1822 1.9922 3.121 0.43412 2.7808 1.691 0.47639 3.664 2.4491 1.4878 0.72972 3.0929 1.9421 0.87947 1.7175 2.8109 2.0495 2.4458 3.5025 0.48266 0.016824 -0.6247 2.1584 -0.44187 0.55679 1.356 -1.9417 -0.04118 -0.48266 -0.016824 0.6247 1.0104 -0.59795 1.9839 0.10561 -1.9289 1.1709
2 88 324 1.9226 4.086 1.7267 1.4222 3.0491 1.2117 2.0629 3.0651 0.46562 2.809 1.6119 0.47823 3.7312 2.2274 1.5498 0.79602 3.0559 1.9701 0.90172 1.6647 2.8198 2.1144 2.314 3.5166 0.48282 0.012181 -0.62469 2.1303 -0.44149 0.59771 1.3134 -1.9144 -0.045746 -0.48282 -0.012181 0.62469 1.0245 -0.61654 1.9577 0.070595 -1.909 1.1389
2 89 324 2.0125 4.0179 1.7752 1.4972 2.9989 1.2435 2.1444 2.9991 0.50293 2.8671 1.5341 0.51301 3.8193 2.0462 1.6124 0.8652 3.0209 1.9968 0.95836 1.6241 2.8389 2.1904 2.226 3.5442 0.48219 0.0086915 -0.62523 2.0921 -0.47694 0.63442 1.2823 -1.9374 -0.045409 -0.48219 -0.0086915 0.62523 1.0475 -0.65871 1.9105 0.052735 -1.9338 1.1134
2 93 312 1.8527 3.82 2.3256 1.4018 2.8401 1.6744 2.1715 2.825 1.0623 2.735 1.2941 1.1497 3.5371 1.1917 2.4626 0.64569 2.8766 2.3024 0.47811 1.4126 3.0076 1.5747 1.6477 4.0658 0.59206 0.0078428 -0.52239 1.7914 -0.90659 0.94035 1.2052 -2.421 0.15691 -0.59206 -0.007843 0.52239 0.58683 -1.0495 1.915 -0.23262 -2.4045 1.0528
2 94 312 1.88 3.813 2.3196 1.4237 2.8309 1.6758 2.1883 2.8124 1.0574 2.6783 1.2542 1.0858 3.5059 0.87874 2.3315 0.67284 2.8707 2.3098 0.45339 1.3791 2.9388 1.5503 1.3555 4.0223 0.58859 0.0089302 -0.52629 1.7465 -1.0352 0.882 1.1888 -2.5747 0.12704 -0.58859 -0.0089302 0.52629 0.5539 -1.1694 1.8538 -0.25371 -2.5573 1.0338
2 94 324 2.3212 3.813 1.8781 1.741 2.8309 1.3432 2.3603 2.8124 0.57933 2.8455 1.2542 0.50526 3.9141 0.87874 1.5516 1.1384 2.8707 2.1195 1.0545 1.3791 2.7803 2.3527 1.3555 3.6121 0.46631 0.0089302 -0.63716 1.8917 -1.0352 0.49962 1.1893 -2.5747 -0.1229 -0.46631 -0.0089302 0.63716 0.92722 -1.1694 1.6981 -0.033223 -2.5573 1.064
2 95 324 2.3177 3.8325 1.8477 1.7471 2.8355 1.3299 2.3626 2.8149 0.56296 2.7604 1.2355 0.43682 3.7887 0.55297 1.3612 1.1481 2.8779 2.1088 0.99028 1.3625 2.6981 2.2467 1.0185 3.5232 0.46224 0.010777 -0.64009 1.8322 -1.1516 0.44908 1.1612 -2.7133 -0.15229 -0.46224 -0.010777 0.64009 0.87996 -1.2809 1.6399 -0.06414 -2.6946 1.0392
2 96 324 2.2946 3.8718 1.7982 1.7319 2.8606 1.2995 2.3419 2.8403 0.52823 2.6396 1.2454 0.33761 3.5802 0.27222 1.0765 1.1382 2.9029 2.0825 0.90541 1.3709 2.5997 2.042 0.67448 3.3749 0.45772 0.010949 -0.64333 1.772 -1.2563 0.3964 1.1293 -2.8358 -0.18936 -0.45772 -0.010949 0.64333 0.831 -1.3769 1.5855 -0.09959 -2.8109 1.0123
2 97 324 2.2501 3.9266 1.7383 1.702 2.8966 1.2621 2.3057 2.8733 0.48594 2.4969 1.2739 0.21336 3.3132 0.06559 0.71472 1.1143 2.9425 2.0494 0.80444 1.3999 2.4886 1.7273 0.37206 3.1738 0.45594 0.011292 -0.64458 1.7157 -1.35 0.34245 1.0928 -2.9417 -0.23119 -0.45594 -0.011292 0.64458 0.77822 -1.4595 1.5356 -0.13849 -2.9092 0.97998
2 98 324 2.1883 3.9942 1.6634 1.66 2.9438 1.2106 2.2537 2.9189 0.4268 2.3259 1.3314 0.047961 3.0018 -0.032613 0.29327 1.0819 2.9919 2.0049 0.68498 1.4453 2.35 1.3129 0.15779 2.9208 0.45059 0.011407 -0.64833 1.6553 -1.4308 0.29137 1.0512 -3.0336 -0.2718 -0.45059 -0.011407 0.64833 0.72024 -1.5383 1.4922 -0.18483 -2.9982 0.94413
