0 4 132 -0.44177 4.8022 0.47097 -0.25608 3.5659 0.27903 0.23732 3.4677 1.1242 1.2042 2.5219 2.0403 1.6795 2.8389 3.4726 -0.75235 3.6931 -0.56054 -1.8655 2.5689 -0.96769 -3.3037 2.412 -0.4343 0.16317 -0.042154 0.77142 -0.9299 -1.8364 0.76239 -0.88912 -3.6162 1.0484 -0.16317 0.042153 -0.77142 0.16896 -2.0309 -0.69002 1.1944 -3.5013 -0.49717
0 5 120 -0.48189 4.7961 0.48619 -0.28987 3.5641 0.26916 0.1746 3.4598 1.1298 1.2251 2.5532 1.9919 1.8116 2.901 3.3749 -0.7576 3.6976 -0.5857 -1.8742 2.5585 -0.93866 -3.2728 2.4184 -0.30466 0.067238 -0.047015 0.78535 -1.0422 -1.8202 0.58754 -1.0745 -3.6019 0.86242 -0.067237 0.047015 -0.78534 0.29771 -2.0158 -0.62443 1.2825 -3.4745 -0.23307
0 6 108 -0.55108 4.7888 0.4668 -0.34245 3.5613 0.23674 0.084077 3.4635 1.1176 1.1965 2.5874 1.9323 1.8824 2.9631 3.2612 -0.77292 3.6881 -0.63846 -1.8942 2.5372 -0.93362 -3.2537 2.421 -0.21538 -0.035279 -0.047612 0.78739 -1.1257 -1.7985 0.38784 -1.2234 -3.5814 0.63845 0.03528 0.047612 -0.78739 0.39508 -2.0086 -0.54901 1.3021 -3.4515 0.039386
0 13 72 -0.7453 4.749 0.41812 -0.53033 3.5459 0.096398 -0.01227 3.496 0.93096 1.347 2.6315 1.2029 2.6701 2.7994 1.9768 -1.0533 3.6247 -0.73282 -1.9185 2.4846 0.054836 -1.8986 2.634 1.5894 -0.18858 -0.046401 0.76536 -1.1001 -1.7182 -0.12271 -1.3705 -3.5007 -0.14234 0.18858 0.046401 -0.76536 0.48082 -1.9779 -0.2846 1.0369 -3.3466 0.74893
0 13 84 -0.64208 4.749 0.56394 -0.4987 3.5459 0.20455 0.18155 3.496 0.91316 1.5676 2.6315 0.8966 3.0227 2.7994 1.3785 -1.1827 3.6247 -0.4978 -1.8651 2.4846 0.45251 -1.5266 2.634 1.9494 -0.02533 -0.046401 0.78785 -1.1015 -1.7182 0.10869 -1.3701 -3.5007 0.14571 0.02533 0.046401 -0.78785 0.41114 -1.9779 -0.37835 1.17 -3.3466 0.51697
0 14 72 -0.77875 4.7451 0.39754 -0.55915 3.542 0.078452 -0.030303 3.5022 0.90676 1.3081 2.6093 1.1897 2.6191 2.7391 1.9911 -1.0933 3.6107 -0.74453 -1.8559 2.472 0.14458 -1.6199 2.6952 1.6519 -0.17016 -0.039922 0.77003 -1.0939 -1.7237 -0.081992 -1.3849 -3.5023 -0.13507 0.17016 0.039922 -0.77003 0.45961 -1.9819 -0.27735 1.0298 -3.3508 0.74821
0 14 84 -0.67907 4.7451 0.55077 -0.53062 3.542 0.19299 0.15889 3.5022 0.89325 1.5269 2.6093 0.89174 2.9758 2.7391 1.403 -1.2242 3.6107 -0.50095 -1.7853 2.472 0.52729 -1.241 2.6952 1.9526 -0.0063464 -0.039922 0.78858 -1.087 -1.7237 0.14723 -1.3827 -3.5023 0.15582 0.0063463 0.039922 -0.78858 0.3919 -1.9819 -0.36685 1.1629 -3.3508 0.51775
0 15 84 -0.71027 4.7463 0.50932 -0.54822 3.541 0.16378 0.12782 3.5078 0.87738 1.4811 2.5945 0.93386 2.899 2.7051 1.5297 -1.2287 3.603 -0.54363 -1.736 2.4694 0.51774 -1.0682 2.7527 1.8784 -0.011976 -0.032722 0.78885 -1.0788 -1.7313 0.16371 -1.3862 -3.508 0.1558 0.011976 0.032722 -0.78885 0.38142 -1.9935 -0.37366 1.1593 -3.3568 0.51354
0 16 84 -0.73539 4.7499 0.46604 -0.54794 3.5427 0.13886 0.090848 3.5134 0.88615 1.4263 2.584 1.0332 2.7841 2.6857 1.7569 -1.1917 3.6008 -0.60251 -1.7271 2.4746 0.45288 -1.0232 2.786 1.789 -0.032172 -0.032658 0.78829 -1.0855 -1.7371 0.15616 -1.3875 -3.5147 0.15242 0.032172 0.032658 -0.78829 0.39035 -1.9965 -0.37775 1.157 -3.3644 0.51223
0 16 96 -0.62242 4.7499 0.60875 -0.5071 3.5427 0.24975 0.2731 3.5134 0.8479 1.61 2.584 0.7141 3.0885 2.6857 1.1397 -1.2909 3.6008 -0.34158 -1.5952 2.4746 0.80206 -0.62891 2.786 1.9627 0.13243 -0.032658 0.77775 -1.0293 -1.7371 0.37844 -1.3255 -3.5147 0.43758 -0.13243 0.032658 -0.77775 0.30329 -1.9965 -0.45065 1.2382 -3.3644 0.26049
0 17 84 -0.75499 4.7532 0.39546 -0.54769 3.544 0.086955 0.03688 3.5096 0.87718 1.3462 2.574 1.1585 2.6101 2.676 2.0359 -1.1373 3.6073 -0.69771 -1.7731 2.4895 0.3098 -1.1245 2.7971 1.6745 -0.071667 -0.027241 0.78589 -1.0962 -1.7439 0.1394 -1.39 -3.5228 0.14289 0.071667 0.027241 -0.78589 0.3985 -2.0116 -0.39771 1.15 -3.3774 0.50827
0 17 96 -0.65627 4.7532 0.54379 -0.51765 3.544 0.19893 0.21845 3.5096 0.85034 1.5576 2.574 0.85331 2.9763 2.676 1.4488 -1.2575 3.6073 -0.446 -1.6699 2.4895 0.67167 -0.75178 2.7971 1.8717 0.093295 -0.027241 0.78361 -1.0432 -1.7439 0.36426 -1.3299 -3.5228 0.42877 -0.093295 0.027241 -0.78361 0.3071 -2.0116 -0.47187 1.2305 -3.3774 0.25808
0 18 96 -0.68658 4.7605 0.45286 -0.51751 3.5469 0.13648 0.14793 3.5081 0.8597 1.4771 2.5718 1.0192 2.801 2.6852 1.8014 -1.1871 3.6147 -0.58077 -1.7668 2.5071 0.47081 -0.99072 2.7874 1.7734 0.034971 -0.022707 0.78852 -1.0719 -1.7482 0.32826 -1.3393 -3.5295 0.40735 -0.034971 0.022707 -0.78852 0.31914 -2.0282 -0.50067 1.2208 -3.3943 0.25536
0 19 96 -0.7177 4.7674 0.33524 -0.51899 3.5486 0.057286 0.051515 3.5092 0.85749 1.3378 2.5621 1.1998 2.5292 2.6891 2.1705 -1.0941 3.617 -0.73764 -1.8659 2.5205 0.19547 -1.3465 2.7515 1.6288 -0.039777 -0.01656 0.78844 -1.1055 -1.7526 0.27399 -1.3552 -3.5361 0.36184 0.039777 0.01656 -0.78844 0.33544 -2.0492 -0.54449 1.2118 -3.4127 0.24535
0 19 108 -0.63231 4.7674 0.47713 -0.49574 3.5486 0.16394 0.22867 3.5092 0.82804 1.558 2.5621 0.89542 2.9252 2.6891 1.5972 -1.2236 3.617 -0.49404 -1.7845 2.5205 0.57915 -0.97841 2.7515 1.8732 0.12502 -0.01656 0.77948 -1.0244 -1.7526 0.49785 -1.2503 -3.5361 0.63569 -0.12502 0.01656 -0.77948 0.21491 -2.0492 -0.60233 1.2363 -3.4127 -0.011952
0 20 96 -0.7345 4.7724 0.2147 -0.51304 3.55 -0.027606 -0.052428 3.5151 0.84071 1.1628 2.5626 1.3742 2.1781 2.7005 2.5265 -0.97878 3.614 -0.89153 -1.9382 2.5329 -0.13022 -1.774 2.7034 1.3935 -0.12482 -0.010969 0.77961 -1.1364 -1.7648 0.21848 -1.3583 -3.5503 0.33666 0.12482 0.010969 -0.77961 0.35758 -2.0688 -0.59362 1.2004 -3.4325 0.23162
0 20 108 -0.67381 4.7724 0.36272 -0.50757 3.55 0.079664 0.12351 3.5151 0.83324 1.4231 2.5626 1.1024 2.6558 2.7005 2.0185 -1.1428 3.614 -0.66854 -1.923 2.5329 0.2756 -1.4455 2.7034 1.7318 0.040002 -0.010969 0.78853 -1.0662 -1.7648 0.44998 -1.2586 -3.5503 0.61171 -0.040001 0.010969 -0.78853 0.22635 -2.0688 -0.65499 1.2223 -3.4325 -0.02301
0 21 108 -0.7067 4.7776 0.23375 -0.50713 3.5512 -0.007993 0.0056521 3.523 0.83083 1.241 2.5706 1.3163 2.2835 2.7214 2.4424 -1.0247 3.6085 -0.84238 -2.0055 2.5424 -0.087265 -1.9496 2.6562 1.4495 -0.051376 -0.0042086 0.78793 -1.1076 -1.7775 0.39509 -1.2716 -3.5632 0.58249 0.051375 0.0042086 -0.78794 0.2508 -2.086 -0.714 1.2118 -3.455 -0.040842
0 22 120 -0.6782 4.7831 0.25943 -0.49686 3.5528 0.022696 0.055068 3.5281 0.83641 1.3005 2.573 1.2897 2.3619 2.7389 2.3958 -1.0532 3.6066 -0.78656 -2.0616 2.5532 -0.050052 -2.1582 2.6188 1.4875 0.019472 -0.0028431 0.78937 -1.0548 -1.7937 0.55882 -1.1298 -3.5781 0.80623 -0.019473 0.0028429 -0.78937 0.12721 -2.093 -0.80551 1.1671 -3.4785 -0.30552
0 23 120 -0.70317 4.7869 0.13621 -0.48461 3.5542 -0.054162 -0.077692 3.5279 0.84087 1.0648 2.5808 1.5237 1.8751 2.7617 2.8232 -0.89661 3.6096 -0.94554 -2.065 2.5695 -0.4748 -2.6427 2.5973 0.9546 -0.082393 0.00053406 0.78531 -1.1054 -1.8119 0.4972 -1.1337 -3.5922 0.78089 0.082394 -0.0005343 -0.78531 0.16337 -2.0989 -0.85219 1.1594 -3.5035 -0.31757
0 24 132 -0.68822 4.7913 0.1738 -0.47764 3.5559 -0.0093406 -0.043993 3.5337 0.87317 1.1152 2.5973 1.5427 1.9082 2.79 2.851 -0.91624 3.6074 -0.88817 -2.1134 2.5823 -0.45834 -2.873 2.5718 0.88355 -0.023725 -0.0019205 0.78926 -1.039 -1.8372 0.66606 -0.95321 -3.6106 0.98021 0.023725 0.0019205 -0.78926 0.02329 -2.0954 -0.91441 1.0613 -3.5279 -0.56607
0 25 144 -0.6699 4.7939 0.2072 -0.46612 3.5573 0.024253 -0.0088559 3.5315 0.89466 1.1496 2.6028 1.5761 1.9307 2.7992 2.8909 -0.92806 3.6123 -0.84232 -2.1535 2.6018 -0.45998 -3.098 2.5546 0.75792 0.039801 0.00046086 0.78861 -0.9381 -1.8588 0.82466 -0.7389 -3.6233 1.1373 -0.039801 -0.0004611 -0.78861 -0.13315 -2.0931 -0.95138 0.91176 -3.5536 -0.78992
0 26 144 -0.67217 4.7974 0.12265 -0.44222 3.5603 -0.022396 -0.1385 3.5279 0.91252 0.83878 2.6078 1.8437 1.2881 2.8002 3.3062 -0.75108 3.622 -0.95415 -2.0487 2.6313 -0.89565 -3.3632 2.5496 -0.093759 -0.059484 -0.0027633 0.78737 -0.99029 -1.8863 0.7756 -0.74664 -3.6399 1.117 0.059484 0.0027628 -0.78737 -0.083715 -2.0836 -0.98996 0.90865 -3.5771 -0.8019
0 27 156 -0.63653 4.8016 0.17095 -0.42292 3.5627 0.016604 -0.075653 3.5296 0.93621 0.87657 2.6128 1.8961 1.2622 2.7888 3.3787 -0.77501 3.6249 -0.89965 -2.0837 2.6471 -0.90455 -3.5062 2.5342 -0.32027 0.012082 -0.0029111 0.78952 -0.8589 -1.9106 0.91779 -0.50414 -3.6518 1.223 -0.012083 0.0029106 -0.78952 -0.24406 -2.0747 -0.99945 0.71713 -3.6001 -0.995
0 28 168 -0.60007 4.8054 0.22103 -0.40211 3.5647 0.060509 -0.0096247 3.5311 0.96172 0.90311 2.6078 1.9533 1.1989 2.7677 3.4581 -0.79911 3.6274 -0.83716 -2.1169 2.6667 -0.93299 -3.6024 2.548 -0.53715 0.091345 -0.0046096 0.7843 -0.70743 -1.9319 1.033 -0.24878 -3.659 1.2732 -0.091345 0.0046096 -0.7843 -0.41039 -2.0631 -0.9765 0.48526 -3.6188 -1.1458
0 30 180 -0.58689 4.8102 0.18076 -0.37865 3.5678 0.04842 -0.076727 3.5378 0.984 0.4923 2.5901 2.1869 0.2118 2.6818 3.7003 -0.6853 3.627 -0.88422 -1.9168 2.7323 -1.4772 -3.4433 2.6389 -1.674 0.099757 0.00050831 0.78329 -0.57686 -1.9675 1.0721 -0.0029935 -3.6693 1.2319 -0.099757 -0.00050831 -0.78329 -0.56446 -2.0408 -0.97162 0.20199 -3.6431 -1.2816
0 31 192 -0.55493 4.8131 0.22189 -0.35629 3.5695 0.086297 0.00011699 3.5394 1.0025 0.4909 2.5741 2.2256 0.079835 2.6171 3.7112 -0.71715 3.6288 -0.82673 -1.9118 2.7738 -1.5412 -3.4286 2.7276 -1.8151 0.19227 0.001811 0.76585 -0.38881 -1.9836 1.133 0.24133 -3.6724 1.1755 -0.19227 -0.001811 -0.76585 -0.72902 -2.0296 -0.88517 -0.074326 -3.6512 -1.324
0 35 228 -0.52869 4.8164 0.23114 -0.33098 3.5696 0.12837 -0.00084184 3.5469 1.0546 -0.11004 2.4794 2.2864 -1.2184 2.3722 3.353 -0.66528 3.6217 -0.79514 -1.3996 2.9005 -2.0637 -2.6343 2.9826 -2.9837 0.37759 0.017102 0.69328 0.135 -2.0386 1.0534 0.81471 -3.6749 0.71968 -0.37759 -0.017103 -0.69328 -1.0867 -1.9889 -0.53991 -0.87723 -3.6729 -1.149
0 36 240 -0.51539 4.8163 0.25133 -0.32149 3.5691 0.14689 0.043122 3.5452 1.06 -0.13838 2.4531 2.2614 -1.32 2.3316 3.2446 -0.69009 3.6225 -0.76341 -1.3324 2.9059 -2.0835 -2.5026 3.0162 -3.0816 0.45533 0.024031 0.64467 0.30755 -2.0449 0.97957 0.93822 -3.6691 0.51583 -0.45533 -0.024031 -0.64467 -1.1765 -1.9747 -0.34593 -1.1111 -3.673 -0.94787
0 37 252 -0.49078 4.8175 0.26382 -0.29417 3.5708 0.16266 0.10349 3.548 1.0619 -0.13919 2.4328 2.2308 -1.3911 2.3028 3.1215 -0.69563 3.623 -0.7337 -1.2486 2.8956 -2.0879 -2.3426 3.0296 -3.1662 0.52181 0.026108 0.59205 0.45441 -2.0531 0.88646 1.024 -3.6589 0.29673 -0.52181 -0.026107 -0.59205 -1.2204 -1.9566 -0.14548 -1.2857 -3.669 -0.70614
0 38 264 -0.47321 4.8187 0.24985 -0.2701 3.5727 0.15892 0.15585 3.5538 1.0452 -0.13753 2.4149 2.1791 -1.4631 2.284 2.9559 -0.69966 3.6212 -0.72453 -1.1645 2.8648 -2.0959 -2.1855 3.0196 -3.2409 0.5781 0.031559 0.53694 0.57808 -2.0581 0.75556 1.0677 -3.6441 0.051464 -0.5781 -0.031559 -0.53694 -1.2291 -1.9382 0.059113 -1.4042 -3.6637 -0.43351
0 59 276 -0.45878 4.8023 0.25264 -0.19652 3.5698 0.24977 0.3086 3.5797 1.0936 -0.59883 2.3743 1.7199 -1.9974 2.6023 1.1119 -0.70524 3.5894 -0.59176 -0.92816 2.5604 -1.8408 -1.9121 2.2051 -2.9737 0.68799 0.0188 0.38706 0.84386 -2.0644 0.61091 1.2311 -3.6477 -0.15995 -0.68799 -0.0188 -0.38706 -1.1551 -1.9262 0.36002 -1.3003 -3.6618 -0.10635
0 60 264 -0.47642 4.8055 0.20514 -0.22603 3.5701 0.22376 0.18625 3.5763 1.1167 -0.73788 2.3517 1.678 -2.1186 2.6001 1.0379 -0.64199 3.5934 -0.66719 -0.79654 2.5778 -1.9374 -1.7574 2.2649 -3.1021 0.62639 0.018466 0.48041 0.7287 -2.061 0.76228 1.2467 -3.6599 0.10931 -0.62639 -0.018466 -0.48041 -1.1841 -1.9429 0.15207 -1.2328 -3.6679 -0.37006
0 61 264 -0.44939 4.8071 0.25996 -0.20433 3.5705 0.24433 0.29825 3.5694 1.0898 -0.5109 2.3256 1.7732 -1.9852 2.5742 1.396 -0.71029 3.6011 -0.59854 -1.0527 2.5919 -1.8368 -2.2087 2.3066 -2.8165 0.65769 0.017275 0.43663 0.75904 -2.0578 0.75007 1.2601 -3.6685 0.11347 -0.65769 -0.017275 -0.43663 -1.1568 -1.9589 0.19196 -1.2114 -3.6738 -0.36219
0 62 252 -0.47959 4.8076 0.22846 -0.24034 3.5694 0.22531 0.16835 3.5583 1.1199 -0.65964 2.2965 1.7452 -2.1251 2.5369 1.3302 -0.65262 3.61 -0.66674 -0.90936 2.6047 -1.9286 -2.0422 2.3319 -2.9385 0.58823 0.017196 0.52649 0.6183 -2.0528 0.88471 1.221 -3.6767 0.38405 -0.58823 -0.017196 -0.52649 -1.1499 -1.9737 -0.0061918 -1.0847 -3.6778 -0.59183
0 63 252 -0.4511 4.8097 0.28708 -0.22266 3.5692 0.24658 0.27351 3.5539 1.0957 -0.43387 2.2722 1.8206 -1.9539 2.4938 1.6858 -0.72212 3.6139 -0.59953 -1.1507 2.5992 -1.806 -2.4281 2.3267 -2.6256 0.62118 0.016473 0.4872 0.65472 -2.0485 0.87347 1.2374 -3.6857 0.39316 -0.62118 -0.016473 -0.4872 -1.1294 -1.9855 0.040815 -1.0625 -3.678 -0.57714
0 64 240 -0.47285 4.8117 0.23427 -0.25394 3.5691 0.21683 0.1505 3.5459 1.1131 -0.5787 2.2432 1.7763 -2.0989 2.4428 1.6127 -0.66188 3.6216 -0.67658 -0.99362 2.5921 -1.9008 -2.2246 2.308 -2.785 0.54664 0.01641 0.56957 0.50378 -2.0428 0.98445 1.148 -3.6943 0.65538 -0.54664 -0.01641 -0.56957 -1.1074 -1.9975 -0.1511 -0.89941 -3.6782 -0.77004
0 65 240 -0.44209 4.8136 0.28353 -0.23432 3.5692 0.23899 0.25512 3.5425 1.0917 -0.35401 2.2178 1.8284 -1.8803 2.3986 1.9531 -0.72695 3.6253 -0.61044 -1.2053 2.5759 -1.7674 -2.56 2.2751 -2.4397 0.58362 0.01463 0.53167 0.55031 -2.0385 0.97624 1.1751 -3.7018 0.66964 -0.58362 -0.014631 -0.53167 -1.0938 -2.0093 -0.11317 -0.87507 -3.6802 -0.75443
0 92 192 -0.43071 4.7848 -0.12084 -0.23583 3.5555 -0.052261 0.020901 3.5848 0.89674 1.0056 3.3443 2.1779 1.7741 4.5739 2.7023 -0.49122 3.556 -1.0021 -0.59404 3.3356 -2.6175 -0.69149 4.6191 -3.4666 0.19158 0.01861 0.7658 -0.20561 -2.0433 0.83773 0.38279 -3.7414 0.69213 -0.19158 -0.01861 -0.7658 -0.56866 -2.0836 -0.85426 0.095336 -3.7082 -1.2674
0 104 216 -0.22241 4.8306 0.27655 -0.21241 3.571 0.24687 0.32389 3.4996 1.0682 -0.68989 2.5927 1.9729 -2.1676 2.8882 2.2996 -0.75008 3.6718 -0.57051 -2.1017 2.8812 -0.10496 -2.8706 2.8474 1.2312 0.4532 -0.0063686 0.64658 0.040042 -2.0445 0.94619 0.55215 -3.7506 0.66709 -0.4532 0.0063686 -0.64658 -0.91394 -2.0379 -0.49489 -0.52786 -3.727 -0.99381
0 105 216 -0.23678 4.8283 0.30101 -0.22043 3.569 0.26689 0.31577 3.4944 1.088 -0.58553 2.3731 1.8619 -2.0736 2.4471 2.2592 -0.75808 3.6731 -0.5501 -1.9949 2.6799 -0.15964 -2.8177 2.4757 1.1284 0.44963 -0.0089393 0.64904 0.039793 -2.0483 0.94479 0.56467 -3.7506 0.6661 -0.44963 0.0089388 -0.64904 -0.90266 -2.0371 -0.49792 -0.51359 -3.726 -0.99507
1 10 12 -1.0129 4.7002 0.28872 -0.80801 3.4564 0.26129 -0.57221 3.4391 1.216 0.37985 3.1369 2.5087 0.83442 3.8191 3.8147 -1.0455 3.5035 -0.69199 -0.7681 3.0708 -2.2427 -1.2299 3.6407 -3.599 0.22558 -0.0076876 0.75667 -0.23333 -2.0058 1.2163 0.30667 -3.6825 1.601 -0.22558 0.0076876 -0.75667 -0.8371 -1.9664 -1.1353 -0.18472 -3.565 -1.6546
1 11 12 -0.95227 4.7184 0.23991 -0.74643 3.4757 0.21603 -0.51621 3.4582 1.1721 0.478 3.3674 2.4652 0.9505 4.2156 3.663 -0.97809 3.523 -0.73868 -0.68043 3.2235 -2.3168 -1.1246 3.8982 -3.6302 0.22412 -0.00038433 0.75714 -0.10388 -2.0061 1.29 0.4417 -3.6492 1.7933 -0.22412 0.00038433 -0.75714 -0.81813 -1.9478 -1.2729 -0.15489 -3.5022 -1.9012
1 21 12 -0.69346 4.7897 -0.09492 -0.51313 3.5422 -0.042814 -0.27577 3.5754 0.91108 0.34146 3.6035 2.4234 0.67434 4.5548 3.5904 -0.75188 3.5388 -0.99694 -0.937 3.0017 -2.5286 -1.5477 3.4597 -3.8684 0.23945 0.042914 0.75121 -0.42482 -1.7826 1.5516 0.61374 -3.2514 1.6742 -0.23945 -0.042914 -0.75121 -0.99853 -1.9055 -1.3587 -0.05739 -3.2254 -2.1478
1 22 12 -0.67029 4.7925 -0.072944 -0.49971 3.5434 -0.0079689 -0.258 3.5844 0.94453 0.34132 3.5113 2.4625 0.71105 4.3168 3.7243 -0.74285 3.5323 -0.96092 -0.93998 2.9232 -2.4639 -1.5395 3.2475 -3.8471 0.25585 0.032543 0.74631 -0.34241 -1.8257 1.5231 0.63006 -3.3349 1.689 -0.25585 -0.032543 -0.74631 -0.90893 -1.9462 -1.3168 -0.042204 -3.3027 -2.1291
1 23 12 -0.70217 4.7841 -0.052228 -0.53743 3.5348 0.022301 -0.28963 3.5798 0.97306 0.32161 3.4409 2.4816 0.71374 4.1714 3.7818 -0.78656 3.5196 -0.92905 -0.96552 2.8892 -2.4255 -1.5532 3.1804 -3.821 0.25504 0.028409 0.74676 -0.27699 -1.8553 1.5102 0.64163 -3.3942 1.7078 -0.25504 -0.028409 -0.74676 -0.84164 -1.9726 -1.2857 -0.039383 -3.3611 -2.1099
1 24 12 -0.78373 4.7668 -0.0227 -0.62222 3.5167 0.054232 -0.3804 3.5582 1.0067 0.2529 3.3909 2.5032 0.65754 4.1103 3.8057 -0.86558 3.5049 -0.89866 -1.0143 2.8913 -2.4053 -1.6091 3.2203 -3.7894 0.25294 0.028842 0.74745 -0.26771 -1.8556 1.5171 0.62512 -3.4071 1.7327 -0.25294 -0.028842 -0.74745 -0.84427 -1.9753 -1.2728 -0.058706 -3.3737 -2.0964
1 25 12 -0.8801 4.7492 0.027612 -0.71272 3.4987 0.10044 -0.4744 3.5332 1.0541 0.18786 3.3741 2.5389 0.58657 4.1162 3.8304 -0.9534 3.4939 -0.85319 -1.0632 2.9262 -2.3811 -1.6851 3.3326 -3.7323 0.2592 0.025141 0.74544 -0.31925 -1.8276 1.5497 0.58359 -3.3742 1.7597 -0.2592 -0.025141 -0.74544 -0.92291 -1.9465 -1.2768 -0.10427 -3.3401 -2.0758
1 30 12 -1.013 4.7276 0.12613 -0.82367 3.4778 0.16814 -0.57503 3.5006 1.1195 0.064154 3.0126 2.5414 0.26749 3.47 3.9999 -1.0762 3.4845 -0.78242 -1.1364 2.6909 -2.2091 -1.9631 2.9379 -3.4871 0.25475 0.018315 0.74717 -0.19095 -1.9221 1.4182 0.60285 -3.5071 1.748 -0.25475 -0.018315 -0.74717 -0.82579 -1.9892 -1.1985 -0.15589 -3.4572 -2.0029
1 33 24 -1.3119 4.633 0.43587 -1.0521 3.3957 0.41564 -0.6105 3.4379 1.2934 0.20946 2.2415 2.0451 0.4582 1.6371 3.4417 -1.5004 3.3824 -0.45974 -1.5158 2.0927 -1.4624 -2.5269 1.2928 -2.3083 0.4034 0.039126 0.67767 -0.13386 -1.9433 1.12 0.47426 -3.6239 0.8816 -0.4034 -0.039126 -0.67767 -1.1135 -2.0099 -0.51601 -0.35952 -3.5296 -1.1266
1 34 24 -1.4075 4.6012 0.49124 -1.1097 3.3731 0.47154 -0.68587 3.4174 1.358 0.072646 2.0687 1.8818 0.24105 1.1538 3.1115 -1.5411 3.3574 -0.41221 -1.451 1.9589 -1.2517 -2.3338 0.909 -1.9559 0.40388 0.033298 0.6777 -0.23473 -1.9403 1.0113 0.35788 -3.6002 0.63136 -0.40388 -0.033298 -0.6777 -1.1296 -1.977 -0.34655 -0.24673 -3.4762 -0.81943
1 35 24 -1.4871 4.5705 0.55791 -1.1562 3.3519 0.52407 -0.7384 3.3891 1.4137 -0.059411 1.9356 1.7221 0.043484 0.78342 2.7417 -1.5824 3.343 -0.36229 -1.3924 1.8665 -1.0349 -2.1418 0.64539 -1.605 0.40177 0.027174 0.67922 -0.3115 -1.9344 0.91944 0.33863 -3.5584 0.48246 -0.40177 -0.027174 -0.67922 -1.123 -1.9383 -0.18756 -0.20455 -3.4266 -0.62607
1 36 36 -1.3984 4.5314 0.96088 -1.0612 3.3206 0.83834 -0.475 3.3474 1.6277 0.13934 1.834 1.5957 0.35319 0.52035 2.3744 -1.6553 3.322 0.054531 -1.4854 1.8015 -0.51804 -2.2006 0.46958 -0.82173 0.5341 0.017815 0.58131 -0.23855 -1.8985 0.96205 0.39299 -3.4775 0.3629 -0.5341 -0.017815 -0.58131 -1.1252 -1.8877 0.17253 -0.28539 -3.3344 -0.50026
1 42 24 -1.2762 4.6387 0.56334 -0.99097 3.4091 0.49245 -0.56179 3.4105 1.3774 0.040898 1.916 1.6457 0.15253 0.83295 2.7376 -1.427 3.4366 -0.38873 -1.4113 1.9334 -1.0284 -2.4858 0.96304 -1.559 0.37837 0.0043054 0.69305 -0.50533 -1.8747 1.0136 0.28669 -3.4147 0.51162 -0.37837 -0.0043058 -0.69305 -1.2574 -1.8702 -0.29286 -0.24287 -3.3251 -0.61669
1 43 24 -1.1109 4.6858 0.50412 -0.86937 3.4454 0.44427 -0.43853 3.4469 1.3284 0.20709 2.0194 1.7915 0.4182 1.1728 3.0628 -1.3056 3.4731 -0.43681 -1.4286 2.0378 -1.2072 -2.5978 1.3121 -1.903 0.3725 -0.0020561 0.69623 -0.27737 -1.9713 1.034 0.38192 -3.6086 0.66601 -0.3725 0.0020561 -0.69623 -1.1322 -1.9452 -0.4834 -0.30482 -3.5193 -0.78094
2 104 216 -1.65 4.4273 1.0952 -1.2292 3.2615 0.86291 -0.64142 3.2481 1.6514 0.39904 2.0069 1.4374 1.0465 0.65314 1.792 -1.8271 3.3015 0.083004 -1.3312 1.9978 -0.76743 -1.2875 0.51517 -1.1887 0.4753 0.015883 0.63035 -0.34289 -1.831 1.2083 0.30425 -3.4807 0.87598 -0.4753 -0.015883 -0.63035 -1.2375 -1.9046 -0.11445 -0.52022 -3.4545 -0.69242
2 105 204 -1.7133 4.4883 0.66253 -1.2928 3.3055 0.53797 -0.8808 3.2936 1.431 0.20905 2.0766 1.435 0.81448 0.75382 1.9461 -1.7156 3.3446 -0.34923 -1.0411 2.0431 -1.0703 -0.90271 0.55857 -1.4635 0.33096 0.016369 0.71673 -0.50128 -1.877 1.0867 0.1796 -3.5369 0.90784 -0.33096 -0.016369 -0.71673 -1.097 -1.9474 -0.40249 -0.30993 -3.5176 -0.80982
3 2 276 -0.57729 4.7782 0.23281 -0.24356 3.5745 0.089578 -0.16221 3.6217 -0.88946 1.112 2.8786 -1.5916 2.5356 3.3471 -1.2288 -0.32993 3.5566 1.0692 -1.5411 2.5608 1.5277 -1.9697 1.3649 2.4016 -0.086292 0.027162 -0.78442 -0.21599 -2.0451 -0.46293 -0.57849 -3.7889 -0.18241 0.086291 -0.027162 0.78442 1.9352 -0.98425 0.50197 0.4105 -1.9191 0.73023
3 3 276 -0.55916 4.7815 0.23733 -0.23399 3.5751 0.093747 -0.15547 3.6213 -0.88557 1.1529 2.8859 -1.5307 2.551 3.4421 -1.1937 -0.31747 3.5583 1.0736 -1.5315 2.5687 1.538 -1.9589 1.3813 2.4239 -0.085831 0.029807 -0.78437 -0.31651 -2.0322 -0.45416 -0.73848 -3.7606 -0.16125 0.085832 -0.029807 0.78437 1.9762 -0.87286 0.42398 0.66592 -2.0945 0.62792
3 4 276 -0.53423 4.7843 0.25256 -0.21449 3.5756 0.111 -0.14731 3.6215 -0.86917 1.1371 2.7983 -1.4534 2.5247 3.3926 -1.1387 -0.28658 3.559 1.0918 -1.4428 2.5063 1.5647 -1.7863 1.282 2.437 -0.089774 0.037313 -0.78361 -0.42617 -2.0091 -0.44697 -0.89824 -3.7225 -0.14327 0.089775 -0.037313 0.78361 1.9743 -0.88666 0.40737 0.92578 -2.3489 0.52292
3 50 288 -0.13411 4.8254 -0.02539 -0.23726 3.5728 0.083893 -0.011635 3.5686 1.0412 0.93538 2.2555 1.26 1.0313 0.75606 1.6064 -0.46149 3.6067 -0.87315 -1.1926 2.1822 -1.1972 -2.577 2.7296 -0.79554 0.050774 -0.017625 0.78779 -1.6741 -1.1829 1.0731 0.06559 -1.1329 0.60193 -0.050774 0.017625 -0.78779 0.49421 -2.0023 -0.59547 0.97249 -3.7304 -0.40552
3 51 288 -0.09736 4.8275 -0.034152 -0.20644 3.5754 0.077414 0.032834 3.574 1.0314 1.0438 2.3129 1.2691 1.2155 0.82369 1.6301 -0.44426 3.6066 -0.87644 -1.4066 2.3293 -1.2098 -2.6796 3.0902 -0.78755 0.054132 -0.020697 0.78749 -1.7969 -1.0089 0.89525 -0.056605 -1.3128 0.53464 -0.054133 0.020697 -0.78749 0.54465 -1.984 -0.59536 1.068 -3.6989 -0.4052
3 52 288 -0.094891 4.8268 -0.033603 -0.20478 3.5754 0.08395 0.041951 3.5783 1.036 1.097 2.3563 1.2856 1.3181 0.87472 1.6513 -0.45008 3.6023 -0.86814 -1.5327 2.4246 -1.1994 -2.7492 3.2753 -0.78207 0.050726 -0.025131 0.78759 -1.8274 -0.96682 0.79547 -0.22953 -1.7389 0.47681 -0.050727 0.025131 -0.78759 0.59272 -1.9661 -0.60009 1.1533 -3.6696 -0.41352
3 53 288 -0.097917 4.8258 -0.027704 -0.20348 3.575 0.097851 0.041024 3.5832 1.0505 1.1203 2.384 1.3067 1.3683 0.90424 1.6624 -0.44665 3.5966 -0.85492 -1.5803 2.4616 -1.1638 -2.7737 3.3503 -0.7595 0.05731 -0.030184 0.78696 -1.7592 -1.085 0.74336 -0.43363 -2.2629 0.41744 -0.057311 0.030185 -0.78696 0.63436 -1.9457 -0.6089 1.2365 -3.6358 -0.43058
3 54 288 -0.1228 4.8247 -0.0056426 -0.23254 3.5745 0.12185 0.0033904 3.5847 1.0766 1.0939 2.3963 1.336 1.3544 0.91274 1.6661 -0.46714 3.5942 -0.8331 -1.5999 2.4549 -1.1291 -2.8054 3.331 -0.73336 0.066488 -0.036708 0.78596 -1.6231 -1.2839 0.7213 -0.65209 -2.7594 0.35898 -0.066488 0.036708 -0.78596 0.6772 -1.9212 -0.61876 1.3252 -3.5953 -0.45025
4 6 204 -1.126 4.6411 0.78797 -0.8661 3.437 0.49642 -0.43212 3.3141 1.3705 -0.1295 1.7227 1.5816 -1.5752 1.4867 2.0632 -1.3068 3.5878 -0.36981 -0.7874 2.3165 -1.2545 -1.8128 1.1662 -1.1983 0.40325 0.036264 0.67792 0.44622 -2.0496 0.42973 1.1396 -3.6075 -0.15615 -0.40325 -0.036264 -0.67792 -1.3994 -1.725 0.077148 -0.99468 -3.4805 0.15142
4 6 216 -0.9376 4.6411 1.0049 -0.74396 3.437 0.66565 -0.13775 3.3141 1.4304 0.20216 1.7227 1.5739 -1.1118 1.4867 2.3456 -1.3552 3.5878 -0.090021 -1.031 2.3165 -1.0634 -2.0223 1.1662 -0.79521 0.53538 0.036264 0.57927 0.52581 -2.0496 0.32757 1.0822 -3.6075 -0.38967 -0.53538 -0.036264 -0.57926 -1.3528 -1.725 0.36641 -0.94147 -3.4805 0.35491
4 7 204 -1.192 4.6339 0.7394 -0.90779 3.4318 0.46243 -0.48384 3.3261 1.3436 -0.14672 1.7435 1.568 -1.6174 1.5554 1.9917 -1.3391 3.5654 -0.41134 -0.79158 2.2895 -1.2721 -1.9243 1.2532 -1.1282 0.39856 0.045022 0.68016 0.61465 -2.0179 0.34567 1.3289 -3.5599 -0.25686 -0.39856 -0.045023 -0.68017 -1.4054 -1.7206 0.08997 -1.1161 -3.4861 0.31405
4 7 216 -1.0123 4.6339 0.97108 -0.79181 3.4318 0.64107 -0.19392 3.3261 1.4148 0.1825 1.7435 1.5643 -1.1679 1.5554 2.2844 -1.3954 3.5654 -0.12393 -1.0388 2.2895 -1.0797 -2.1168 1.2532 -0.70342 0.53126 0.045022 0.58244 0.67309 -2.0179 0.21033 1.2465 -3.5599 -0.52754 -0.53126 -0.045023 -0.58244 -1.356 -1.7206 0.3802 -1.0264 -3.4861 0.53923
4 20 228 -1.2826 4.5894 0.86322 -1.0025 3.3953 0.54681 -0.27209 3.4148 1.2052 0.91536 2.3437 0.87133 0.48803 1.2551 1.8763 -1.7396 3.4039 -0.1043 -1.9693 1.8072 -0.36204 -2.6069 2.2349 0.97518 0.47314 0.057014 0.62959 -0.3585 -1.738 1.337 -0.112 -3.4865 1.702 -0.47314 -0.057014 -0.62959 -0.17104 -2.1341 -0.53558 1.0602 -3.2796 -1.1857
4 21 228 -1.2333 4.615 0.78221 -0.96389 3.4188 0.46496 -0.24883 3.4296 1.1402 0.90707 2.3163 0.83485 0.5104 1.2454 1.871 -1.6854 3.4361 -0.20323 -1.844 1.8471 -0.5474 -2.5504 2.1387 0.7918 0.44058 0.056341 0.65285 -0.32035 -1.7827 1.326 -0.38146 -3.4994 1.8738 -0.44058 -0.05634 -0.65285 -0.011955 -2.1131 -0.66611 1.266 -3.1828 -1.3543
4 22 228 -1.1964 4.6353 0.69235 -0.93648 3.4362 0.37855 -0.25465 3.4376 1.0874 0.87273 2.2776 0.85913 0.45312 1.223 1.9029 -1.6247 3.4631 -0.32357 -1.719 1.8879 -0.74612 -2.5096 2.0299 0.57011 0.40583 0.059127 0.67476 -0.37445 -1.7734 1.3435 -0.36208 -3.4962 1.8752 -0.40583 -0.059127 -0.67476 0.016113 -2.1173 -0.67371 1.3929 -2.9832 -1.452
4 23 228 -1.2149 4.6439 0.54836 -0.95321 3.4406 0.25342 -0.32792 3.4349 1.0126 0.77957 2.2375 0.92144 0.25977 1.2054 1.9423 -1.5851 3.4746 -0.49953 -1.6032 1.9165 -0.99011 -2.5015 1.8992 0.26304 0.36198 0.07797 0.69742 -0.52066 -1.7182 1.3369 -0.23506 -3.4483 1.7566 -0.36198 -0.07797 -0.69742 -0.085455 -2.1586 -0.60273 1.3896 -2.7368 -1.4634
4 24 240 -1.2171 4.6193 0.66234 -0.99319 3.4173 0.3325 -0.28178 3.4056 1.0116 0.77247 2.1634 0.89239 0.31359 1.1673 1.9764 -1.7104 3.4573 -0.33933 -1.7044 1.9246 -0.90471 -2.4835 1.7164 0.40956 0.46839 0.11788 0.62467 -0.4084 -1.6149 1.4265 0.18517 -3.3096 1.5895 -0.46839 -0.11788 -0.62467 -0.40139 -2.2043 -0.38698 0.91092 -2.512 -1.5845
4 25 240 -1.3129 4.6034 0.60807 -1.0493 3.4086 0.2813 -0.39228 3.3902 1.0129 0.59686 2.0951 1.1274 -0.062618 1.1559 2.1574 -1.7133 3.455 -0.44282 -1.4998 1.9806 -1.1132 -2.4661 1.5673 0.015135 0.4512 0.12762 0.63532 -0.49218 -1.5895 1.3942 0.28157 -3.2179 1.4169 -0.4512 -0.12762 -0.63532 -0.65054 -2.1748 -0.20698 0.75237 -2.3417 -1.3272
4 41 300 -1.3075 4.6438 0.47895 -1.0269 3.421 0.30755 -0.27154 3.526 0.92869 0.87558 2.4175 0.57623 0.0012784 1.7964 1.6842 -1.7894 3.3446 -0.30895 -1.7258 1.7656 -0.72297 -2.5228 1.7546 0.59696 0.51516 0.11311 0.58763 -0.43925 -1.5513 1.4439 0.18045 -3.2411 1.551 -0.51516 -0.11311 -0.58763 -0.22701 -2.1323 -0.083501 1.0561 -3.2907 -0.59593
4 42 300 -1.2334 4.671 0.37487 -0.98322 3.4406 0.20994 -0.23745 3.5222 0.84598 0.90252 2.4047 0.499 0.0024225 1.8234 1.6079 -1.7353 3.3878 -0.42167 -1.6477 1.8216 -0.87776 -2.4666 1.6934 0.42247 0.47155 0.11367 0.62307 -0.3601 -1.6662 1.3679 -0.21251 -3.4133 1.7881 -0.47155 -0.11367 -0.62307 -0.074347 -2.1505 -0.29481 1.2376 -3.2922 -0.77043
4 43 300 -1.1289 4.7038 0.27563 -0.90807 3.4656 0.12945 -0.19504 3.5296 0.80388 0.94026 2.3885 0.525 -0.045365 1.8953 1.6034 -1.6269 3.4305 -0.54091 -1.527 1.8755 -1.0316 -2.3841 1.6452 0.22931 0.41149 0.099849 0.66649 -0.34677 -1.7404 1.3394 -0.42636 -3.4665 1.8543 -0.41149 -0.099849 -0.66649 0.031752 -2.1369 -0.40516 1.3906 -3.2104 -0.90719
4 43 312 -1.0469 4.7038 0.50432 -0.86131 3.4656 0.31542 -0.02364 3.5296 0.82686 1.0289 2.3885 0.31804 0.28899 1.8953 1.5778 -1.7038 3.4305 -0.19083 -1.7081 1.8755 -0.69159 -2.2843 1.6452 0.71998 0.54107 0.099849 0.56637 -0.060709 -1.7404 1.3823 -0.031508 -3.4665 1.9024 -0.54107 -0.099849 -0.56637 -0.053179 -2.1369 -0.40291 1.1716 -3.2104 -1.1765
4 44 300 -1.0465 4.7251 0.19449 -0.85011 3.4808 0.066764 -0.19601 3.5347 0.79929 0.94314 2.3704 0.6754 -0.17694 1.9917 1.6652 -1.5097 3.4559 -0.66238 -1.3911 1.9124 -1.1843 -2.3171 1.6026 0.0091502 0.35999 0.09007 0.69699 -0.42814 -1.7559 1.3179 -0.36245 -3.4963 1.7842 -0.35999 -0.09007 -0.69699 0.035166 -2.1349 -0.41975 1.4945 -3.0352 -0.9771
4 44 312 -0.98321 4.7251 0.40782 -0.81765 3.4808 0.24205 -0.025541 3.5347 0.82258 1.063 2.3704 0.46455 0.17314 1.9917 1.6656 -1.6145 3.4559 -0.33401 -1.607 1.9124 -0.86914 -2.2646 1.6026 0.49071 0.49704 0.09007 0.60691 -0.14478 -1.7559 1.3781 0.016436 -3.4963 1.8206 -0.49704 -0.09007 -0.60691 -0.052874 -2.1349 -0.41789 1.2587 -3.0352 -1.2665
4 45 312 -0.97524 4.7307 0.28897 -0.82106 3.4831 0.13694 -0.084872 3.5232 0.78793 1.0439 2.3478 0.67454 -0.04384 2.0999 1.739 -1.5617 3.4723 -0.51011 -1.5029 1.9448 -1.0864 -2.2813 1.5651 0.18941 0.45065 0.10154 0.64039 -0.23679 -1.7491 1.3594 0.1636 -3.4847 1.6391 -0.45065 -0.10154 -0.64039 -0.13446 -2.1628 -0.38452 1.2852 -2.8127 -1.2862
4 46 312 -1.0554 4.7114 0.16585 -0.89478 3.4638 0.026435 -0.23619 3.5074 0.75563 0.87268 2.3227 0.94487 -0.40706 2.2027 1.7967 -1.5585 3.4493 -0.69927 -1.3821 1.9457 -1.3132 -2.3203 1.4735 -0.18435 0.41417 0.13529 0.65852 -0.34907 -1.7028 1.3318 0.26677 -3.3913 1.4749 -0.41417 -0.13529 -0.65852 -0.34036 -2.2007 -0.28067 1.1584 -2.6112 -1.195
4 47 312 -1.1074 4.6955 0.14047 -0.94145 3.4523 -0.022473 -0.33615 3.4837 0.75212 0.63899 2.2842 1.2804 -0.77775 2.2461 1.8879 -1.5525 3.45 -0.79317 -1.1778 2.005 -1.4568 -2.2731 1.3962 -0.55827 0.40285 0.15112 0.6621 -0.42119 -1.6612 1.3334 0.38407 -3.2744 1.3384 -0.40285 -0.15112 -0.6621 -0.63575 -2.1757 -0.1512 0.93528 -2.4518 -0.99178
4 47 324 -1.054 4.6955 0.36764 -0.92555 3.4523 0.17376 -0.17243 3.4837 0.80557 0.89124 2.2842 1.1196 -0.36824 2.2461 2.0084 -1.6835 3.45 -0.45305 -1.4549 2.005 -1.1801 -2.3395 1.3962 -0.073469 0.5317 0.15112 0.56387 -0.13475 -1.6612 1.3919 0.65394 -3.2744 1.2293 -0.5317 -0.15112 -0.56387 -0.65329 -2.1757 -0.015716 0.70864 -2.4518 -1.1646
4 48 324 -1.1062 4.6852 0.34636 -0.96237 3.4461 0.14062 -0.27188 3.4734 0.84051 0.63864 2.2613 1.4492 -0.7559 2.2409 2.1069 -1.6583 3.4477 -0.55434 -1.2642 2.073 -1.344 -2.2967 1.3623 -0.44584 0.51147 0.15322 0.58174 -0.10113 -1.6938 1.3739 0.78858 -3.2328 1.0722 -0.51147 -0.15322 -0.58174 -0.92621 -2.0845 0.13417 0.5392 -2.4167 -0.86236
4 49 324 -1.1931 4.6708 0.26459 -1.0185 3.4324 0.085867 -0.44489 3.4699 0.88395 0.34283 2.2659 1.6576 -1.1423 2.2549 2.0722 -1.5986 3.4236 -0.70833 -1.0822 2.1052 -1.5231 -2.2205 1.376 -0.78153 0.47037 0.1554 0.6149 -0.0060448 -1.777 1.288 0.95236 -3.2623 0.93273 -0.47037 -0.1554 -0.6149 -1.1637 -1.9491 0.23136 0.36317 -2.5071 -0.54838
4 66 24 -1.2402 4.621 0.75112 -1.0089 3.406 0.48111 -0.24191 3.4506 1.0952 0.78691 2.2034 0.86129 -0.094858 1.5025 1.9144 -1.7824 3.3897 -0.1262 -1.7183 1.8626 -0.70294 -2.3439 1.9376 0.70442 0.53666 0.099916 0.57054 -0.28635 -1.714 1.2389 0.039217 -3.4821 1.1024 -0.53666 -0.099916 -0.57054 -0.036342 -2.1333 -0.39953 1.3344 -2.6564 -1.4476
