0 3 288 0.58006 4.8081 -0.14026 0.34 3.5677 -0.10904 0.40759 3.4727 -1.0857 0.28655 2.4949 -2.3887 0.85883 2.7822 -3.7915 0.27747 3.6919 0.86462 0.90291 2.58 1.885 2.3412 2.423 2.4181 0.23545 -0.039397 -0.75267 1.1813 -1.8538 -0.27541 1.2382 -3.6307 -0.57602 -0.23545 0.039397 0.75267 -0.46988 -2.0407 0.57175 -1.2915 -3.5261 -0.035817
0 4 276 0.63423 4.8022 -0.12135 0.37118 3.5659 -0.075221 0.46879 3.4677 -1.049 0.22508 2.5219 -2.3585 0.6824 2.8389 -3.7965 0.27919 3.6931 0.89571 0.9404 2.5689 1.8794 2.4175 2.412 2.2932 0.32142 -0.042154 -0.72001 1.2004 -1.8364 -0.070208 1.3356 -3.6162 -0.32559 -0.32142 0.042153 0.72001 -0.54227 -2.0309 0.45893 -1.2585 -3.5013 -0.29981
0 5 264 0.67563 4.7961 -0.11009 0.39272 3.5641 -0.047374 0.52284 3.4598 -1.0167 0.17965 2.5532 -2.3316 0.51813 2.901 -3.7952 0.26865 3.6976 0.91915 0.96452 2.5585 1.861 2.4687 2.4184 2.1702 0.40722 -0.047015 -0.67488 1.1885 -1.8202 0.13728 1.3762 -3.6019 -0.066122 -0.40722 0.047015 0.67488 -0.60788 -2.0158 0.33018 -1.1746 -3.4745 -0.56529
0 6 252 0.72021 4.7888 -0.053731 0.4162 3.5613 0.0097577 0.58888 3.4635 -0.95356 0.16775 2.5874 -2.2665 0.39404 2.9631 -3.7448 0.25003 3.6881 0.97084 0.98363 2.5372 1.8687 2.5057 2.421 2.0867 0.49136 -0.047612 -0.61628 1.1386 -1.7985 0.34788 1.365 -3.5814 0.20256 -0.49136 0.047612 0.61628 -0.64232 -2.0086 0.21194 -1.0303 -3.4515 -0.79724
0 7 240 0.76192 4.7798 0.013136 0.4351 3.5579 0.070693 0.66527 3.4632 -0.88084 0.17807 2.6214 -2.1934 0.32454 3.0146 -3.6772 0.21173 3.6815 1.0205 0.98239 2.5226 1.8759 2.5158 2.4391 2.0152 0.56945 -0.050315 -0.5447 1.0499 -1.7775 0.55093 1.2981 -3.5613 0.46592 -0.56945 0.050314 0.5447 -0.65658 -2.0005 0.096685 -0.84322 -3.4268 -0.99047
0 8 228 0.79465 4.7706 0.097833 0.44743 3.554 0.1371 0.74563 3.4615 -0.79558 0.22895 2.6408 -2.1102 0.31535 3.0351 -3.5984 0.1562 3.6754 1.0687 0.96434 2.5108 1.8807 2.5037 2.4587 1.9532 0.63602 -0.055267 -0.46467 0.91708 -1.7579 0.73382 1.1752 -3.5423 0.71491 -0.63602 0.055267 0.46467 -0.6496 -1.9902 -0.015047 -0.62112 -3.4007 -1.1378
0 9 216 0.80738 4.7618 0.20255 0.44162 3.5507 0.21633 0.81413 3.4648 -0.68988 0.3076 2.6527 -2.0137 0.38183 3.0302 -3.5069 0.076107 3.6656 1.1222 0.91533 2.4949 1.8928 2.4571 2.4684 1.8993 0.69169 -0.059207 -0.37623 0.74348 -1.7405 0.88275 0.99973 -3.5245 0.93144 -0.6917 0.059207 0.37623 -0.62331 -1.981 -0.12095 -0.38136 -3.3802 -1.232
0 10 204 0.78716 4.7571 0.31031 0.41277 3.5494 0.2914 0.87127 3.4719 -0.57527 0.41296 2.664 -1.9192 0.52801 3.0016 -3.4193 -0.03884 3.6559 1.1586 0.8222 2.4832 1.9017 2.3626 2.4843 1.8324 0.73832 -0.0623 -0.27294 0.55325 -1.7269 0.99553 0.78254 -3.5113 1.116 -0.73832 0.0623 0.27294 -0.57329 -1.9714 -0.22824 -0.12695 -3.3658 -1.2805
0 20 228 0.65103 4.7724 0.40218 0.32278 3.55 0.39974 0.65985 3.5151 -0.52359 0.24316 2.5626 -1.7837 0.42015 2.7005 -3.3092 -0.0075984 3.614 1.3239 1.2002 2.5329 1.5275 2.2226 2.7034 0.38592 0.66289 -0.010969 -0.42891 0.92279 -1.7648 0.69835 1.1591 -3.5503 0.78413 -0.66289 0.010969 0.42891 -0.68041 -2.0688 0.13147 -0.63107 -3.4325 -1.047
0 21 240 0.64658 4.7776 0.36877 0.3334 3.5512 0.38222 0.61364 3.523 -0.56013 0.14779 2.5706 -1.803 0.28706 2.7214 -3.3312 0.059641 3.6085 1.3252 1.2771 2.5424 1.5487 2.3817 2.6562 0.47895 0.61993 -0.0042086 -0.48905 1.0347 -1.7775 0.55872 1.2838 -3.5632 0.55525 -0.61993 0.0042086 0.48905 -0.69843 -2.086 0.29138 -0.84121 -3.455 -0.87323
0 22 252 0.64659 4.7831 0.33041 0.34933 3.5528 0.35405 0.58473 3.5281 -0.60059 0.088195 2.573 -1.8294 0.2 2.7389 -3.3584 0.12023 3.6066 1.309 1.3423 2.5532 1.5655 2.5495 2.6188 0.60852 0.57359 -0.0028431 -0.54266 1.1211 -1.7937 0.40997 1.3551 -3.5781 0.30011 -0.57359 0.0028429 0.54267 -0.68373 -2.093 0.44445 -1.008 -3.4785 -0.6629
0 23 252 0.57174 4.7869 0.43142 0.28402 3.5542 0.39638 0.67688 3.5279 -0.50492 0.41985 2.5808 -1.8109 0.84336 2.7617 -3.2825 -0.10272 3.6096 1.299 1.0289 2.5695 1.8523 2.4777 2.5973 1.3251 0.63873 0.00053406 -0.46424 1.1091 -1.8119 0.48877 1.3389 -3.5922 0.32001 -0.63873 -0.0005343 0.46424 -0.74262 -2.0989 0.44882 -1.0118 -3.5035 -0.64914
0 26 288 0.61589 4.7974 0.29586 0.3446 3.5603 0.27805 0.64841 3.5279 -0.65684 0.40511 2.6078 -1.9846 0.90121 2.8002 -3.4319 0.046806 3.622 1.2134 1.131 2.6313 1.9288 2.6658 2.5496 2.0527 0.51093 -0.0027633 -0.60203 1.257 -1.8863 -0.045395 1.2606 -3.6399 -0.46477 -0.51093 0.0027628 0.60203 -0.51416 -2.0836 0.8501 -1.2065 -3.5771 0.11466
0 27 300 0.61544 4.8016 0.23585 0.35191 3.5627 0.23515 0.6115 3.5296 -0.71294 0.40536 2.6128 -2.0492 0.96486 2.7888 -3.4753 0.098195 3.6249 1.1834 1.154 2.6471 1.9565 2.6483 2.5342 2.32 0.45429 -0.0029111 -0.64584 1.2343 -1.9106 -0.23766 1.1267 -3.6518 -0.69311 -0.45429 0.0029106 0.64584 -0.39001 -2.0747 0.95202 -1.165 -3.6001 0.38345
0 28 312 0.61539 4.8054 0.1739 0.36088 3.5647 0.1874 0.57307 3.5311 -0.77239 0.41747 2.6078 -2.1111 1.0627 2.7677 -3.5024 0.15442 3.6274 1.147 1.1642 2.6667 1.9991 2.5987 2.548 2.552 0.3871 -0.0046096 -0.68821 1.1795 -1.9319 -0.41988 0.94964 -3.659 -0.88382 -0.3871 0.0046096 0.68821 -0.24196 -2.0631 1.0312 -1.0661 -3.6188 0.64171
0 29 324 0.6188 4.8075 0.11669 0.37098 3.5656 0.14239 0.52884 3.5337 -0.82788 0.42975 2.6006 -2.1651 1.1896 2.7319 -3.5004 0.21872 3.6268 1.1122 1.1704 2.6955 2.0585 2.5398 2.5792 2.7578 0.31127 -0.0054746 -0.72566 1.0882 -1.9529 -0.59036 0.73756 -3.6661 -1.0294 -0.31127 0.0054746 0.72566 -0.070691 -2.0499 1.0887 -0.91212 -3.631 0.88086
0 31 336 0.57937 4.8131 0.14667 0.33897 3.5695 0.1396 0.58916 3.5394 -0.81111 0.91105 2.5741 -2.0891 2.1168 2.6171 -3.0493 0.094247 3.6288 1.0904 0.64082 2.7738 2.3706 1.7069 2.7276 3.4837 0.2946 0.001811 -0.7326 0.9805 -1.9836 -0.68805 0.49573 -3.6724 -1.0929 -0.2946 -0.001811 0.7326 0.069498 -2.0296 1.1446 -0.71811 -3.6512 1.1148
0 32 348 0.58692 4.8134 0.10742 0.34925 3.5693 0.10666 0.55004 3.5421 -0.85579 0.94353 2.5543 -2.096 2.2301 2.5464 -2.9459 0.15378 3.6258 1.0689 0.60534 2.817 2.4145 1.6128 2.8088 3.5818 0.20637 0.0043416 -0.76216 0.83603 -1.9993 -0.81731 0.25392 -3.6754 -1.1379 -0.20637 -0.0043421 0.76216 0.25291 -2.0199 1.1375 -0.4787 -3.6624 1.2713
0 37 36 0.55212 4.8175 0.075044 0.33359 3.5708 0.041314 0.54047 3.548 -0.91996 1.4238 2.4328 -1.7229 2.9602 2.3028 -1.7077 0.13152 3.623 1.0025 -0.21708 2.8956 2.423 0.034159 3.0296 3.9385 -0.074156 0.026108 -0.7857 0.15342 -2.0531 -0.98426 -0.65402 -3.6589 -0.84195 0.074156 -0.026107 0.7857 0.90183 -1.9566 0.83504 0.62511 -3.669 1.327
0 41 72 0.52027 4.8062 0.19777 0.30037 3.5715 0.056772 0.55859 3.5718 -0.89227 1.5893 2.3622 -1.2706 2.8952 2.2593 -0.45707 0.046215 3.6007 1.0065 -0.82179 2.7397 2.0899 -1.1967 2.8322 3.5828 -0.24477 0.047052 -0.74925 -0.30662 -2.053 -0.764 -1.0623 -3.6009 -0.23108 0.24477 -0.047052 0.74925 1.1843 -1.878 0.32583 1.2759 -3.6349 0.72041
0 42 84 0.53806 4.7997 0.16552 0.30075 3.5715 0.014572 0.49439 3.5777 -0.9497 1.5194 2.3505 -1.2845 2.7564 2.2646 -0.36795 0.11109 3.5948 0.97938 -0.79275 2.7006 2.0051 -1.2143 2.7265 3.4881 -0.34391 0.045931 -0.70931 -0.42963 -2.0532 -0.68395 -1.0942 -3.5887 -0.012107 0.34391 -0.045931 0.70931 1.2199 -1.8576 0.10523 1.392 -3.6225 0.43134
0 44 96 0.54236 4.7818 0.18653 0.28385 3.572 -0.024046 0.49515 3.5969 -0.9843 1.5497 2.35 -1.03 2.4154 2.299 0.245 0.076269 3.5767 0.93733 -1.0293 2.6576 1.7131 -1.796 2.4578 3.036 -0.41287 0.040276 -0.67187 -0.54012 -2.0555 -0.59597 -1.1021 -3.5619 0.21996 0.41287 -0.040276 0.67187 1.2054 -1.8276 -0.097319 1.431 -3.6014 0.13394
0 93 180 -0.34268 4.7941 -0.20984 -0.16963 3.565 -0.089407 -0.13283 3.6044 0.89266 0.37708 3.7232 2.4401 0.7377 5.1654 2.8499 -0.20499 3.5553 -1.0723 -0.16988 3.6664 -2.7017 -0.3053 5.0988 -3.2562 0.028807 0.015961 0.78893 -0.38104 -2.0447 0.77888 0.21767 -3.7453 0.76359 -0.028807 -0.015962 -0.78893 -0.38012 -2.0812 -0.9491 0.34229 -3.7119 -1.2132
0 106 348 0.39855 4.8273 -0.036777 0.35607 3.5681 -0.025425 0.60479 3.4909 -0.97387 1.6028 2.204 -0.84569 2.9241 2.0464 -0.066534 0.11152 3.6748 0.92124 1.0701 2.515 1.5573 2.5596 2.151 1.3938 0.18534 -0.012396 -0.76746 0.67487 -2.0527 -0.65935 0.10376 -3.7495 -0.87343 -0.18534 0.012396 0.76746 0.21754 -2.0367 0.99845 -0.4098 -3.7266 1.0364
0 107 348 0.39095 4.8283 -0.044291 0.34644 3.5692 -0.032775 0.59444 3.4932 -0.9815 1.4083 2.0794 -0.8949 2.7277 1.6964 -0.19473 0.10267 3.6747 0.91423 0.8829 2.3771 1.5276 2.3323 1.8546 1.4658 0.18795 -0.013959 -0.7668 0.66405 -2.0574 -0.65818 0.082054 -3.7492 -0.88196 -0.18795 0.013959 0.7668 0.19926 -2.0385 0.9942 -0.43178 -3.7272 1.024
1 7 168 1.3273 4.6386 0.19333 1.0728 3.4036 0.11247 1.2565 3.3878 -0.85363 0.92592 2.47 -2.1641 1.2254 2.485 -3.6766 0.89366 3.4489 1.0785 0.16323 2.5505 2.231 0.12982 2.6083 3.7715 0.10456 -0.015726 -0.78251 1.014 -1.908 -0.70071 0.31421 -3.5561 -0.91225 -0.10456 0.015726 0.78251 0.71537 -1.8787 1.1739 -0.16234 -3.4456 1.0146
1 8 168 1.19 4.672 0.14479 0.96947 3.4308 0.074425 1.1556 3.4113 -0.89116 0.83752 2.6735 -2.3135 1.0775 2.935 -3.8141 0.78681 3.48 1.0396 0.012678 2.7236 2.2633 -0.069837 2.9853 3.7807 0.099482 -0.018736 -0.7831 0.85123 -1.9796 -0.84672 0.37148 -3.6938 -1.1338 -0.099482 0.018736 0.7831 0.54653 -1.9325 1.2188 -0.21038 -3.5689 1.2155
1 9 168 1.1092 4.6876 0.1326 0.90453 3.444 0.068298 1.0817 3.4251 -0.89898 0.76903 2.903 -2.415 0.93912 3.3834 -3.8704 0.73011 3.4925 1.035 -0.09893 2.9011 2.3124 -0.22089 3.3318 3.788 0.097231 -0.015308 -0.78346 0.77225 -2.0005 -0.91654 0.38431 -3.7057 -1.3555 -0.097231 0.015309 0.78346 0.4168 -1.9609 1.2782 -0.34336 -3.5913 1.3999
1 10 168 1.0427 4.7002 0.14822 0.84443 3.4564 0.089948 1.0173 3.4391 -0.87813 0.67335 3.1369 -2.4463 0.78929 3.8191 -3.8243 0.67366 3.5035 1.0574 -0.21048 3.0708 2.3612 -0.34025 3.6407 3.7881 0.10169 -0.0076876 -0.78301 0.70787 -2.0058 -1.0162 0.37103 -3.6825 -1.5873 -0.10169 0.0076876 0.78301 0.30296 -1.9664 1.3776 -0.50424 -3.565 1.5867
1 21 168 0.5949 4.7897 0.36877 0.45135 3.5422 0.24782 0.6225 3.5754 -0.72015 0.67373 3.6035 -2.3527 0.8443 4.5548 -3.5543 0.28139 3.5388 1.2166 -0.17249 3.0017 2.6911 -0.15954 3.4597 4.1634 0.0868 0.042914 -0.78366 1.0192 -1.7826 -1.2447 0.12026 -3.2514 -1.779 -0.0868 -0.042914 0.78366 0.35958 -1.9055 1.6474 -0.82117 -3.2254 1.9855
1 22 168 0.58267 4.7925 0.33927 0.45326 3.5434 0.21053 0.61987 3.5844 -0.75794 0.68977 3.5113 -2.3884 0.86523 4.3168 -3.6915 0.28778 3.5323 1.18 -0.14344 2.9232 2.6332 -0.15835 3.2475 4.1406 0.069821 0.032543 -0.78585 0.93231 -1.8257 -1.2521 0.1114 -3.3349 -1.7993 -0.069821 -0.032543 0.78585 0.29474 -1.9462 1.5727 -0.82745 -3.3027 1.9622
1 23 168 0.62022 4.7841 0.33331 0.50003 3.5348 0.19822 0.66037 3.5798 -0.77113 0.71556 3.4409 -2.3979 0.88615 4.1714 -3.7451 0.34068 3.5196 1.1687 -0.10449 2.8892 2.6085 -0.13521 3.1804 4.1224 0.070742 0.028409 -0.78593 0.86729 -1.8553 -1.267 0.10847 -3.3942 -1.8211 -0.070743 -0.028409 0.78593 0.24593 -1.9726 1.5169 -0.82219 -3.3611 1.9435
1 24 168 0.70674 4.7668 0.33951 0.59048 3.5167 0.20353 0.75696 3.5582 -0.76493 0.78712 3.3909 -2.3897 0.94722 4.1103 -3.7441 0.42523 3.5049 1.173 -0.051761 2.8913 2.6099 -0.071347 3.2203 4.1163 0.072946 0.028842 -0.78571 0.8616 -1.8556 -1.277 0.1337 -3.4071 -1.8372 -0.072946 -0.028842 0.78571 0.25358 -1.9753 1.5062 -0.79905 -3.3737 1.939
1 25 168 0.81524 4.7492 0.33274 0.69196 3.4987 0.19813 0.86211 3.5332 -0.76997 0.86105 3.3741 -2.3958 1.0221 4.1162 -3.7378 0.52395 3.4939 1.1672 0.0028087 2.9262 2.6076 0.021359 3.3326 4.095 0.066408 0.025141 -0.78642 0.92198 -1.8276 -1.2859 0.18258 -3.3742 -1.8449 -0.066409 -0.025141 0.78642 0.32381 -1.9465 1.5418 -0.74907 -3.3401 1.9388
1 30 168 0.97675 4.7276 0.2968 0.82085 3.4778 0.18142 0.98065 3.5006 -0.78879 0.97509 3.0126 -2.3478 1.3825 3.47 -3.7629 0.66491 3.4845 1.1525 0.13968 2.6909 2.4803 0.37509 2.9379 3.9841 0.071181 0.018315 -0.78619 0.75127 -1.9221 -1.2179 0.16022 -3.5071 -1.842 -0.071181 -0.018315 0.78619 0.26694 -1.9892 1.4307 -0.67225 -3.4572 1.8932
1 31 168 1.0543 4.7039 0.3362 0.88754 3.4551 0.22312 1.04 3.4778 -0.74828 0.98833 2.7202 -2.1947 1.5161 2.8468 -3.638 0.73911 3.462 1.1954 0.20392 2.4695 2.3775 0.49794 2.3572 3.887 0.081548 0.026104 -0.78496 0.65061 -1.9708 -1.1059 0.10893 -3.5966 -1.6663 -0.081548 -0.026104 0.78496 0.24432 -2.0451 1.2662 -0.63435 -3.5379 1.7668
1 32 168 1.1827 4.6708 0.38326 0.99081 3.4259 0.26279 1.1403 3.4613 -0.70868 1.0036 2.459 -1.9914 1.602 2.2151 -3.3915 0.84655 3.4198 1.2357 0.28085 2.2658 2.2441 0.59886 1.7836 3.6738 0.076938 0.034796 -0.78509 0.71116 -1.9584 -0.9827 0.14217 -3.6289 -1.3525 -0.076938 -0.034796 0.78509 0.40794 -2.0421 1.1721 -0.50335 -3.5649 1.491
1 33 168 1.3176 4.633 0.4185 1.0955 3.3957 0.28218 1.2542 3.4379 -0.68757 1.0326 2.2415 -1.7777 1.6523 1.6371 -3.0537 0.94359 3.3824 1.2538 0.36675 2.0927 2.074 0.6875 1.2928 3.3527 0.071964 0.039126 -0.78536 0.76659 -1.9433 -0.82739 0.13451 -3.6239 -0.992 -0.071964 -0.039126 0.78536 0.59756 -2.0099 1.072 -0.37135 -3.5296 1.1228
1 42 156 1.2726 4.6387 0.57147 1.029 3.4091 0.40692 1.3995 3.4105 -0.50418 1.1956 1.916 -1.1316 1.9323 0.83295 -1.9451 0.66598 3.4366 1.3206 0.18012 1.9334 1.7369 0.50478 0.96304 2.8904 0.26186 0.0043054 -0.74492 1.0914 -1.8747 -0.30272 0.18837 -3.4147 -0.55539 -0.26186 -0.0043058 0.74492 0.62372 -1.8702 1.1304 -0.29577 -3.3251 0.59313
2 105 348 1.7755 4.4883 0.47103 1.3621 3.3055 0.32467 1.5537 3.2936 -0.63996 0.67435 2.0766 -1.2838 0.48498 0.75382 -2.0532 1.1826 3.3446 1.2909 0.21315 2.0431 1.4778 -0.12992 0.55857 1.7146 0.15353 0.016369 -0.77438 1.0443 -1.877 -0.5845 0.38832 -3.5369 -0.84003 -0.15353 -0.016369 0.77438 0.65088 -1.9474 0.9704 -0.22526 -3.5176 0.83733
2 106 348 1.6443 4.5401 0.44197 1.2705 3.3423 0.30538 1.4567 3.3338 -0.66034 0.58044 2.1186 -1.3117 0.4149 0.81308 -2.1154 1.0953 3.3785 1.2725 0.15739 2.0535 1.4556 -0.15766 0.56314 1.6946 0.15199 0.014305 -0.77472 0.97221 -1.9131 -0.61182 0.33722 -3.5815 -0.86541 -0.15199 -0.014305 0.77472 0.56159 -1.9831 0.94504 -0.28345 -3.5712 0.82333
3 50 72 0.093569 4.8254 0.099366 0.24126 3.5728 0.071587 0.62142 3.5686 -0.83551 -0.016136 2.2555 -1.5692 0.10992 0.75606 -1.9058 -0.13988 3.6067 0.97765 0.26109 2.1822 1.6695 1.6173 2.7296 2.1583 0.42197 -0.017625 -0.66718 1.9851 -1.1829 0.1158 0.30074 -1.1329 -0.52552 -0.42197 0.017625 0.66718 -0.74984 -2.0023 0.19126 -1.0251 -3.7304 -0.24354
3 51 72 0.058692 4.8275 0.084856 0.21252 3.5754 0.058714 0.57968 3.574 -0.85373 -0.098542 2.3129 -1.6402 -0.025234 0.82369 -2.0332 -0.15575 3.6066 0.97018 0.42692 2.3293 1.8055 1.7049 3.0902 2.2122 0.41908 -0.020697 -0.66891 1.9799 -1.0089 0.3319 0.36005 -1.3128 -0.39926 -0.41908 0.020697 0.66891 -0.79058 -1.984 0.16152 -1.1022 -3.6989 -0.29994
3 52 72 0.057017 4.8268 0.082961 0.21501 3.5754 0.052449 0.57503 3.5783 -0.86283 -0.1318 2.3563 -1.6849 -0.095763 0.87472 -2.1107 -0.14616 3.6023 0.96689 0.53499 2.4246 1.8713 1.7644 3.2753 2.2486 0.42189 -0.025131 -0.66699 1.946 -0.96682 0.43059 0.46595 -1.7389 -0.25084 -0.42189 0.025131 0.66699 -0.83225 -1.9661 0.13709 -1.1761 -3.6696 -0.34333
3 53 72 0.062932 4.8258 0.079967 0.22213 3.575 0.040437 0.58427 3.5832 -0.87397 -0.1383 2.384 -1.7157 -0.12989 0.90424 -2.1492 -0.14116 3.5966 0.95417 0.59437 2.4616 1.8704 1.7976 3.3503 2.2448 0.4162 -0.030184 -0.67035 1.8602 -1.085 0.43265 0.59618 -2.2629 -0.082834 -0.4162 0.030185 0.67035 -0.87111 -1.9457 0.11974 -1.2534 -3.6358 -0.37846
4 0 348 1.087 4.7086 -0.1177 0.78353 3.4878 0.027125 0.91317 3.3334 -0.93553 0.7004 1.7423 -1.2385 2.0114 0.93115 -1.2068 0.66168 3.6708 0.9858 0.04467 2.237 1.468 0.61294 0.91356 2.0186 0.07986 0.026003 -0.78514 0.64341 -1.9794 -0.51089 0.08677 -3.693 -0.44466 -0.07986 -0.026004 0.78514 0.53993 -2.0332 0.8229 -0.9514 -3.0055 0.53755
4 1 348 1.1605 4.6913 -0.12003 0.82724 3.4778 0.023701 0.96575 3.3276 -0.93839 0.79941 1.7307 -1.2397 2.1588 1.012 -1.1244 0.69678 3.6565 0.98205 0.027914 2.2471 1.4669 0.58738 0.92765 2.0358 0.077328 0.024606 -0.78544 0.5903 -1.996 -0.52375 -0.064168 -3.6748 -0.45904 -0.077328 -0.024606 0.78544 0.71826 -1.969 0.81128 -0.6652 -3.1002 0.57167
4 2 348 1.2173 4.6781 -0.11973 0.8672 3.469 0.019921 1.0057 3.3185 -0.94212 0.874 1.7179 -1.2413 2.2717 1.0958 -1.0489 0.737 3.6478 0.97826 0.012118 2.2656 1.4607 0.58074 0.95206 2.0342 0.072314 0.023084 -0.78596 0.50546 -2.017 -0.53118 -0.23213 -3.6611 -0.47152 -0.072314 -0.023084 0.78596 0.87306 -1.8994 0.79253 -0.35065 -3.2083 0.59225
4 3 336 1.2792 4.6605 0.16062 0.88438 3.4583 0.21448 1.2152 3.306 -0.69916 1.1702 1.7051 -1.0212 2.5124 1.1939 -0.4601 0.56297 3.6388 1.1263 -0.30002 2.285 1.4283 0.1648 0.9804 2.1062 0.23178 0.023639 -0.75446 0.49445 -2.0382 -0.44771 -0.29808 -3.6539 -0.55843 -0.23178 -0.023639 0.75446 0.8079 -1.8374 0.96337 -0.14702 -3.3146 0.56724
4 3 348 1.2847 4.6605 -0.10886 0.90965 3.4583 0.02592 1.0433 3.306 -0.93653 0.93227 1.7051 -1.2422 2.3618 1.1939 -0.97239 0.78485 3.6388 0.98467 0.0034914 2.285 1.4594 0.5991 0.9804 2.0259 0.069855 0.023639 -0.78617 0.39056 -2.0382 -0.54073 -0.40767 -3.6539 -0.48425 -0.069855 -0.023639 0.78617 0.99054 -1.8374 0.77435 -0.025867 -3.3146 0.58541
4 4 336 1.3151 4.6506 0.19363 0.91753 3.449 0.23627 1.2534 3.3011 -0.67625 1.2156 1.7009 -1.0031 2.5632 1.2903 -0.3759 0.59154 3.6249 1.1474 -0.32573 2.3024 1.4269 0.20087 1.0192 2.1006 0.22898 0.025833 -0.75525 0.35123 -2.0559 -0.49889 -0.48317 -3.6498 -0.61739 -0.22898 -0.025833 0.75525 0.90009 -1.7845 0.97105 0.18655 -3.4009 0.61193
4 5 336 1.3323 4.6449 0.24743 0.9402 3.4413 0.27276 1.2887 3.3043 -0.63671 1.2499 1.7071 -0.97784 2.5919 1.3926 -0.2866 0.60177 3.6063 1.1814 -0.3679 2.3155 1.4313 0.24556 1.0787 2.1181 0.22907 0.031029 -0.75503 0.18871 -2.0601 -0.55565 -0.67728 -3.637 -0.67532 -0.22907 -0.031029 0.75503 0.96679 -1.7434 0.9833 0.51028 -3.4536 0.64042
4 6 336 1.339 4.6411 0.30955 0.94845 3.437 0.31147 1.3076 3.3141 -0.59588 1.262 1.7227 -0.96204 2.5873 1.4867 -0.20997 0.59963 3.5878 1.2186 -0.40543 2.3165 1.4246 0.32249 1.1662 2.149 0.23397 0.036264 -0.75329 0.020774 -2.0496 -0.61915 -0.87857 -3.6075 -0.74238 -0.23397 -0.036264 0.75329 0.99371 -1.725 0.98833 0.7781 -3.4805 0.63788
4 8 324 1.2085 4.6288 0.757 0.83477 3.4275 0.61487 1.3974 3.3437 -0.18747 1.4097 1.7732 -0.63697 2.472 1.599 0.46704 0.28197 3.5393 1.4207 -0.70367 2.2383 1.3514 0.12993 1.3374 2.2847 0.39473 0.055223 -0.68165 -0.15052 -1.9703 -0.80145 -1.0603 -3.4894 -1.1411 -0.39473 -0.055223 0.68165 0.79161 -1.722 1.1601 0.93953 -3.4811 0.79355
4 9 324 1.1544 4.6287 0.8501 0.79599 3.4272 0.67272 1.3707 3.3721 -0.12355 1.357 1.8199 -0.63273 2.3784 1.6178 0.50462 0.23052 3.5102 1.4732 -0.69876 2.1693 1.3881 0.26877 1.4129 2.3205 0.40171 0.065832 -0.6766 -0.28633 -1.9071 -0.89683 -1.2269 -3.4001 -1.267 -0.40171 -0.065833 0.6766 0.796 -1.7288 1.1394 0.93419 -3.4758 0.71536
4 10 324 1.0987 4.6237 0.954 0.76533 3.421 0.74088 1.3449 3.3976 -0.053433 1.2985 1.8665 -0.62108 2.2886 1.5861 0.52728 0.19454 3.4723 1.5402 -0.65653 2.0814 1.4411 0.428 1.4716 2.3518 0.4075 0.077785 -0.67186 -0.3766 -1.8473 -0.97754 -1.365 -3.2949 -1.4002 -0.4075 -0.077785 0.67186 0.80502 -1.7293 1.1371 0.81123 -3.4528 0.6074
4 11 324 1.0779 4.6073 1.0613 0.76808 3.4055 0.81058 1.3525 3.4158 0.019537 1.2769 1.9123 -0.61478 2.2343 1.4899 0.51776 0.19196 3.4233 1.6075 -0.56614 1.9807 1.4941 0.61543 1.5204 2.3714 0.4158 0.081275 -0.66634 -0.33239 -1.8531 -1.002 -1.4373 -3.1763 -1.5304 -0.4158 -0.081275 0.66634 0.82287 -1.7072 1.1527 0.64361 -3.3805 0.50558
4 12 324 1.0443 4.6043 1.1236 0.756 3.4052 0.83773 1.3477 3.4459 0.053114 1.2503 1.9719 -0.64445 2.1714 1.3617 0.43108 0.17215 3.3924 1.6291 -0.47641 1.8967 1.5235 0.78309 1.5982 2.3615 0.42198 0.077103 -0.66294 -0.14988 -1.9201 -0.97689 -1.408 -3.0354 -1.6281 -0.42198 -0.077103 0.66294 0.81761 -1.7059 1.1369 0.47111 -3.3089 0.38774
4 13 324 1.0772 4.5953 1.1308 0.80076 3.3996 0.82059 1.3939 3.4613 0.038424 1.2869 2.0079 -0.6998 2.1741 1.2014 0.26978 0.21533 3.3657 1.6102 -0.29907 1.8161 1.5583 1.0177 1.7044 2.353 0.41326 0.061033 -0.67006 0.16622 -2.0154 -0.8744 -1.2305 -2.8518 -1.6493 -0.41326 -0.061033 0.67006 0.7823 -1.7396 1.0792 0.28061 -3.2588 0.24788
4 14 324 1.1382 4.575 1.1444 0.86215 3.3828 0.82129 1.4542 3.4493 0.03874 1.3248 2.0256 -0.75202 2.1941 1.0561 0.073787 0.27785 3.344 1.6115 -0.088087 1.7525 1.6532 1.2653 1.8346 2.3876 0.42094 0.047471 -0.66637 0.53606 -2.0497 -0.72174 -0.92614 -2.6402 -1.5959 -0.42094 -0.047471 0.66637 0.70052 -1.788 1.023 0.098353 -3.2206 0.10871
4 29 24 1.2039 4.5882 0.95448 0.83896 3.384 0.81248 1.2279 3.3915 -0.090854 1.1524 2.0051 -0.95172 2.5727 1.7031 -0.43281 0.45933 3.4046 1.7196 -0.61278 2.1723 1.7481 0.70099 1.554 2.2671 0.25243 0.14872 -0.73325 0.52348 -1.9331 -0.816 -0.45076 -3.3549 -1.3453 -0.25243 -0.14872 0.73325 1.1389 -1.712 0.91929 0.079668 -2.9192 0.09991
4 30 24 1.0766 4.5947 1.081 0.74616 3.3877 0.88642 1.2191 3.4142 0.024423 1.2307 2.0195 -0.82609 2.6062 1.7515 -0.18286 0.2815 3.3893 1.7533 -0.81093 2.1792 1.6483 0.42295 1.5349 2.3116 0.30379 0.14965 -0.71332 0.25678 -1.9362 -0.96074 -0.72755 -3.3514 -1.4891 -0.30379 -0.14965 0.71332 1.0641 -1.7258 0.95608 0.48919 -3.2007 0.092944
4 31 36 1.1558 4.609 0.94804 0.82408 3.401 0.76084 1.2086 3.4608 -0.14246 1.1349 2.0527 -0.96736 2.5852 1.7707 -0.52607 0.44737 3.3696 1.6688 -0.67737 2.1849 1.6854 0.61441 1.5188 2.2005 0.19293 0.14444 -0.75194 -0.19227 -1.8958 -1.0737 -1.2575 -3.3058 -1.4315 -0.19293 -0.14444 0.75194 1.1268 -1.7791 0.73366 0.88112 -3.3962 -0.025006
4 32 36 1.0277 4.6238 1.0297 0.73696 3.4105 0.81194 1.1474 3.5071 -0.076643 1.152 2.0878 -0.88556 2.575 1.7713 -0.38319 0.33338 3.3424 1.7063 -0.79609 2.1668 1.6007 0.44547 1.5036 2.2303 0.23174 0.13964 -0.74182 -0.28988 -1.8567 -1.1379 -1.4024 -3.2034 -1.5845 -0.23174 -0.13964 0.74182 1.0084 -1.835 0.69438 1.0667 -3.4823 -0.036303
4 33 36 0.89512 4.6343 1.1117 0.63574 3.4193 0.86639 1.064 3.5432 -0.010337 1.1248 2.1215 -0.81278 2.5186 1.7661 -0.25703 0.21375 3.3239 1.7497 -0.86597 2.1175 1.5317 0.34611 1.4863 2.246 0.25733 0.14592 -0.73211 -0.20452 -1.8535 -1.1829 -1.4614 -3.025 -1.7297 -0.25733 -0.14593 0.73211 0.91423 -1.8898 0.70569 1.0116 -3.5061 -0.087388
4 35 36 0.83069 4.6302 1.1902 0.60271 3.4216 0.88829 1.0674 3.5757 0.035217 1.1417 2.1742 -0.80095 2.4693 1.653 -0.21467 0.14379 3.2958 1.7491 -0.65765 1.9019 1.4602 0.60718 1.4796 2.2345 0.31272 0.12164 -0.71478 0.34938 -1.9267 -1.181 -1.1606 -2.5616 -1.9346 -0.31272 -0.12164 0.71478 0.86781 -1.8596 0.72381 0.61634 -3.3591 -0.24524
4 36 36 0.88759 4.5985 1.2652 0.65783 3.4007 0.92478 1.1598 3.5598 0.094089 1.1553 2.1846 -0.78771 2.4361 1.5492 -0.21019 0.16194 3.2694 1.764 -0.44774 1.7688 1.5514 0.87938 1.5278 2.2986 0.3546 0.10719 -0.69733 0.76442 -1.9246 -1.0411 -0.76264 -2.3723 -1.8888 -0.3546 -0.1072 0.69733 0.85 -1.8259 0.79385 0.42646 -3.2097 -0.28157
4 38 48 1.1137 4.5964 1.0906 0.81541 3.4001 0.802 1.1799 3.5424 -0.10035 0.72679 2.2957 -1.0539 2.0472 1.615 -0.64048 0.45875 3.2857 1.7114 0.089563 1.6944 1.726 1.5788 1.7751 2.1175 0.2925 0.091232 -0.72775 1.3439 -1.725 -0.62814 -0.084287 -2.3929 -1.5028 -0.2925 -0.091232 0.72775 0.73376 -1.9177 0.56965 -0.10405 -3.1339 -0.46466
4 39 48 1.0578 4.6131 1.0721 0.77446 3.4072 0.81024 1.1284 3.539 -0.097905 0.5639 2.3619 -1.08 1.876 1.706 -0.60474 0.42811 3.3034 1.7249 0.075469 1.709 1.7719 1.5677 1.84 2.1376 0.32286 0.091572 -0.71476 1.5397 -1.5709 -0.30273 0.45116 -2.6205 -1.2847 -0.32286 -0.091572 0.71476 0.52039 -1.998 0.45259 -0.36502 -3.1942 -0.56526
4 40 48 0.97113 4.6251 1.0889 0.70452 3.4091 0.85771 1.0475 3.525 -0.056797 0.40375 2.3967 -1.0474 1.7197 1.7624 -0.55379 0.36872 3.3217 1.778 -0.008111 1.7334 1.841 1.4908 1.8221 2.1918 0.36034 0.10413 -0.69485 1.5686 -1.5046 -0.089608 0.95793 -2.9456 -0.98486 -0.36034 -0.10413 0.69485 0.26078 -2.0771 0.32615 -0.6388 -3.2626 -0.69174
4 41 60 1.0685 4.6438 0.89285 0.77978 3.421 0.73552 0.94003 3.526 -0.22919 0.061238 2.4175 -1.0464 1.4579 1.7964 -0.84319 0.62715 3.3446 1.7041 0.23676 1.7656 1.856 1.7784 1.7546 1.8864 0.25132 0.11311 -0.73996 1.4701 -1.5513 -0.34155 1.253 -3.2411 -0.93176 -0.25132 -0.11311 0.73996 0.041189 -2.1323 0.23834 -1.0441 -3.2907 -0.61663
4 42 60 0.94137 4.671 0.88076 0.67343 3.4406 0.74652 0.85137 3.5222 -0.21735 -0.01911 2.4047 -1.0311 1.3913 1.8234 -0.80604 0.50248 3.3878 1.7137 0.063687 1.8216 1.8658 1.5992 1.6934 1.9249 0.30382 0.11367 -0.71991 1.3647 -1.6662 -0.37208 1.6548 -3.4133 -0.71002 -0.30382 -0.11367 0.71991 -0.21814 -2.1505 0.21179 -1.286 -3.2922 -0.68657
4 43 72 0.96022 4.7038 0.65451 0.70382 3.4656 0.58821 0.7279 3.5296 -0.39296 -0.23901 2.3885 -1.05 1.2219 1.8953 -1.0392 0.68665 3.4305 1.571 0.2551 1.8755 1.825 1.7657 1.6452 1.6183 0.21995 0.099849 -0.75176 1.2274 -1.7404 -0.63855 1.6633 -3.4665 -0.92394 -0.21995 -0.099849 0.75176 -0.32234 -2.1369 0.24751 -1.6047 -3.2104 -0.4264
4 44 72 0.84478 4.7251 0.64757 0.61845 3.4808 0.58708 0.72515 3.5347 -0.38917 -0.12916 2.3704 -1.1528 1.3559 1.9917 -0.98274 0.51796 3.4559 1.5652 0.050777 1.9124 1.8262 1.5573 1.6026 1.7158 0.27708 0.09007 -0.7339 1.2659 -1.7559 -0.56369 1.5685 -3.4963 -0.92453 -0.27708 -0.09007 0.7339 -0.33547 -2.1349 0.25474 -1.7262 -3.0352 -0.45684
4 45 84 0.86731 4.7307 0.53139 0.65116 3.4831 0.51853 0.64234 3.5232 -0.46416 -0.19724 2.3478 -1.2272 1.3216 2.0999 -1.131 0.66591 3.4723 1.5019 0.1983 1.9448 1.8438 1.6672 1.5651 1.5686 0.17436 0.10154 -0.7634 1.1687 -1.7491 -0.73366 1.1086 -3.4847 -1.2184 -0.17436 -0.10154 0.7634 -0.19578 -2.1628 0.35722 -1.8158 -2.8127 -0.094491
4 46 84 0.82945 4.7114 0.67334 0.61837 3.4638 0.64726 0.71959 3.5074 -0.33009 0.11824 2.3227 -1.2808 1.6076 2.2027 -0.89969 0.52317 3.4493 1.6261 -0.05112 1.9457 1.9058 1.4156 1.4735 1.8477 0.21224 0.13529 -0.74843 1.2233 -1.7028 -0.63171 0.91754 -3.3913 -1.1851 -0.21224 -0.13529 0.74843 0.019165 -2.2007 0.44075 -1.6632 -2.6112 -0.061255
4 47 84 0.84538 4.6955 0.72897 0.61325 3.4523 0.71467 0.78386 3.4837 -0.25346 0.52397 2.2842 -1.3316 1.9234 2.2461 -0.68528 0.44939 3.45 1.6845 -0.29452 2.005 1.85 1.1061 1.3962 2.0628 0.22248 0.15112 -0.74241 1.2728 -1.6612 -0.57923 0.73762 -3.2744 -1.181 -0.22248 -0.15112 0.74241 0.31304 -2.1757 0.57363 -1.3629 -2.4518 -0.031416
4 48 96 0.9976 4.6852 0.59031 0.74845 3.4461 0.62108 0.80655 3.4734 -0.36037 0.64963 2.2613 -1.4443 2.0715 2.2409 -0.84802 0.6977 3.4477 1.6033 -0.15283 2.073 1.8388 1.2055 1.3623 2.0051 0.090073 0.15322 -0.76936 1.0886 -1.6938 -0.84413 0.26917 -3.2328 -1.3035 -0.090073 -0.15322 0.76936 0.71947 -2.0845 0.59853 -1.0017 -2.4167 0.17632
4 49 96 0.99494 4.6708 0.70957 0.74531 3.4324 0.69943 0.9546 3.4699 -0.26086 1.0025 2.2659 -1.3639 2.3043 2.2549 -0.53769 0.54329 3.4236 1.662 -0.40777 2.1052 1.8234 0.90504 1.376 2.1731 0.14222 0.1554 -0.761 0.96122 -1.777 -0.85735 0.055899 -3.2623 -1.3319 -0.14222 -0.1554 0.761 0.95063 -1.9491 0.71002 -0.65054 -2.5071 0.09705
4 51 108 1.0349 4.6471 0.82555 0.80355 3.4067 0.7546 1.0859 3.4704 -0.1854 1.0027 2.263 -1.2827 2.3148 2.1598 -0.47939 0.52801 3.3719 1.6981 -0.50662 2.1204 1.8775 0.82275 1.4312 2.2455 0.14344 0.16118 -0.75957 0.24782 -1.9208 -1.0217 -0.70406 -3.4064 -1.3928 -0.14344 -0.16118 0.75957 1.1864 -1.7853 0.66913 0.048658 -3.0238 0.019057
4 52 108 0.95529 4.6439 0.95404 0.74026 3.4041 0.83385 1.1086 3.4895 -0.074116 1.0123 2.265 -1.1512 2.2892 2.0537 -0.31311 0.37805 3.3475 1.7465 -0.70428 2.1247 1.7919 0.5882 1.4466 2.2893 0.20491 0.15908 -0.74579 0.065567 -1.9108 -1.0785 -0.88345 -3.3857 -1.4967 -0.20491 -0.15908 0.74579 1.0917 -1.8114 0.69175 0.35025 -3.2905 -0.024712
4 57 120 1.0232 4.5912 1.2052 0.76717 3.3923 0.89317 1.1348 3.5652 -0.0025757 0.85635 2.2385 -0.91424 2.1788 1.6199 -0.41793 0.40715 3.2472 1.7969 -0.49138 1.8857 1.7093 0.95947 1.547 2.1069 0.24328 0.13166 -0.73958 0.61354 -1.9107 -1.065 -0.91198 -2.5892 -1.7457 -0.24328 -0.13166 0.73958 0.84458 -1.9018 0.42766 0.03509 -3.2905 -0.38925
4 58 120 1.1186 4.545 1.2899 0.84328 3.3609 0.94224 1.233 3.533 0.055758 0.95683 2.2087 -0.86009 2.2274 1.5144 -0.32982 0.46196 3.216 1.8372 -0.2917 1.7681 1.7722 1.1978 1.5909 2.1294 0.25197 0.13329 -0.73637 1.0026 -1.8246 -0.86955 -0.49016 -2.4521 -1.6625 -0.25197 -0.13329 0.73637 0.78543 -1.9374 0.44783 -0.14493 -3.2012 -0.43995
4 70 156 1.3633 4.5773 0.7468 0.9863 3.371 0.69518 1.2953 3.3495 -0.23832 1.0077 1.9943 -1.1041 2.3809 1.7555 -0.44455 0.68756 3.4203 1.631 -0.35605 2.1722 1.7783 1.0587 1.6218 2.0492 0.21772 0.12406 -0.7488 0.67808 -1.9175 -0.56287 -0.41003 -3.3057 -0.93666 -0.21772 -0.12406 0.7488 0.94337 -1.8629 0.95546 -0.58284 -2.5627 0.29837
4 71 156 1.2618 4.5942 0.84182 0.91716 3.381 0.74003 1.3243 3.3649 -0.15517 1.1209 1.9947 -1.0212 2.4292 1.8386 -0.22019 0.5194 3.4252 1.6385 -0.57008 2.209 1.6899 0.78853 1.6164 2.1151 0.26581 0.11759 -0.73418 0.37163 -1.9794 -0.658 -0.69773 -3.3685 -1.0796 -0.26581 -0.11759 0.73418 1.0132 -1.7658 0.98253 -0.19398 -2.9264 0.31427
4 72 156 1.1488 4.6147 0.91102 0.83671 3.3964 0.768 1.3166 3.393 -0.090542 1.176 2.01 -0.94866 2.4113 1.8808 -0.034849 0.36522 3.4281 1.6306 -0.74626 2.2322 1.5741 0.54793 1.6053 2.1306 0.30728 0.11207 -0.71869 0.15823 -1.9819 -0.80331 -0.90025 -3.3773 -1.2318 -0.30728 -0.11207 0.71869 0.9857 -1.7525 0.94565 0.24857 -3.2951 0.37297
4 73 156 1.0225 4.6422 0.94618 0.74456 3.42 0.76703 1.2726 3.4381 -0.062591 1.2022 2.0442 -0.91168 2.3621 1.9161 0.096196 0.22393 3.4305 1.6014 -0.89298 2.248 1.4499 0.33909 1.5939 2.107 0.33182 0.10462 -0.70884 -0.0011223 -1.9579 -0.93169 -1.0343 -3.3583 -1.4031 -0.33182 -0.10462 0.70884 0.89714 -1.8014 0.86629 0.67369 -3.5448 0.46421
4 74 168 1.0971 4.6589 0.76948 0.81843 3.4333 0.61669 1.1916 3.4737 -0.29242 1.0272 2.0684 -1.109 2.3151 1.9533 -0.269 0.45273 3.4215 1.5297 -0.68141 2.2458 1.5482 0.63762 1.5861 1.9982 0.18545 0.10504 -0.76031 -0.3085 -1.925 -0.98219 -1.4504 -3.2813 -1.3097 -0.18545 -0.10504 0.76031 0.97066 -1.8544 0.62799 0.99816 -3.6278 0.30363
5 15 324 0.87447 4.7652 0.25416 0.60642 3.5282 0.21248 0.85282 3.5362 -0.73966 0.3638 2.06 -1.2402 0.8276 0.69703 -1.7923 0.36676 3.5492 1.1662 0.48722 1.9716 1.5729 1.5797 0.93983 1.9187 0.27793 -0.022441 -0.73875 1.4538 -1.6909 -0.24091 1.7451 -3.4633 -0.39847 -0.27793 0.022442 0.73875 -0.11114 -2.0674 0.60017 -0.99309 -3.5339 0.03244
5 16 324 0.89038 4.763 0.24683 0.61093 3.5284 0.2057 0.88612 3.5245 -0.73855 0.38659 2.0559 -1.2507 0.80653 0.68154 -1.8097 0.34271 3.5612 1.1514 0.42804 1.9817 1.5598 1.5049 0.94255 1.9316 0.30284 -0.027461 -0.72872 1.4546 -1.6935 -0.16993 1.8891 -3.4402 -0.27491 -0.30284 0.027461 0.72872 -0.23005 -2.0663 0.57065 -1.1276 -3.5099 -0.030529
5 17 324 0.89072 4.7634 0.24168 0.6062 3.53 0.20086 0.91111 3.5145 -0.7341 0.41264 2.0494 -1.2571 0.79443 0.6678 -1.8256 0.30836 3.5743 1.1372 0.34606 1.9913 1.5391 1.3723 0.91481 1.9462 0.32123 -0.029342 -0.72073 1.4547 -1.6995 -0.13767 1.8903 -3.4474 -0.21635 -0.32123 0.029342 0.72073 -0.32588 -2.0633 0.533 -1.2566 -3.4791 -0.083417
5 18 336 0.91438 4.7648 0.048687 0.63006 3.5309 0.071051 0.75858 3.5063 -0.90375 0.17088 2.0415 -1.3254 0.40537 0.65679 -1.962 0.50874 3.5843 1.0456 0.55952 1.9985 1.4347 1.5735 0.86129 1.6719 0.18329 -0.030692 -0.76744 1.3902 -1.7117 -0.40427 1.7338 -3.4742 -0.56708 -0.18329 0.030692 0.76744 -0.3018 -2.0576 0.56886 -1.3836 -3.4409 0.16009
5 19 336 0.92712 4.7616 0.079535 0.64407 3.5274 0.10392 0.79148 3.494 -0.86795 0.22165 2.025 -1.2994 0.45125 0.64007 -1.9372 0.50388 3.5897 1.0754 0.44927 2.0049 1.468 1.3737 0.807 1.7648 0.20247 -0.02099 -0.76293 1.3877 -1.7121 -0.3763 1.6508 -3.4876 -0.54813 -0.20247 0.02099 0.76293 -0.37979 -2.0626 0.5587 -1.5141 -3.4035 0.15116
5 20 336 0.94017 4.7588 0.083696 0.65141 3.5261 0.11458 0.81392 3.4829 -0.85449 0.26959 2.0061 -1.2922 0.51504 0.62307 -1.9282 0.49623 3.5981 1.0831 0.30976 2.0229 1.4739 1.1199 0.76233 1.8375 0.21159 -0.015228 -0.76059 1.3907 -1.709 -0.36684 1.5472 -3.4962 -0.54715 -0.21159 0.015228 0.76059 -0.43996 -2.0633 0.55588 -1.6306 -3.3546 0.14859
6 36 144 0.85128 4.7659 0.21145 0.62611 3.5206 0.22064 0.90956 3.4468 -0.71828 0.59701 1.9195 -1.2063 1.4154 0.64584 -1.4994 0.34927 3.6234 1.1588 0.50525 2.1264 1.7939 1.5412 1.1914 2.4499 0.30256 -0.0040016 -0.72934 1.3176 -1.7763 -0.23642 1.0935 -3.5544 -0.43344 -0.30256 0.0040011 0.72934 0.10623 -2.0565 0.69095 -0.53711 -3.6675 0.19941
6 37 144 0.83007 4.7706 0.21163 0.60974 3.5245 0.21188 0.90598 3.4527 -0.72324 0.57655 1.9284 -1.2099 1.3341 0.6214 -1.5189 0.32004 3.6254 1.1464 0.49602 2.1325 1.786 1.5656 1.2386 2.4453 0.31854 -0.0093427 -0.72245 1.321 -1.7832 -0.20982 1.4152 -3.583 -0.26409 -0.31854 0.0093431 0.72245 -0.036416 -2.0709 0.63747 -0.6869 -3.6719 0.12301
6 38 144 0.81256 4.7739 0.21592 0.596 3.5273 0.20787 0.90752 3.4545 -0.72219 0.55832 1.9363 -1.2137 1.25 0.59688 -1.5382 0.29096 3.6292 1.1374 0.47573 2.1375 1.7773 1.5624 1.2659 2.4385 0.33715 -0.013171 -0.7139 1.3202 -1.794 -0.18804 1.6937 -3.5555 -0.095769 -0.33715 0.013171 0.7139 -0.17307 -2.0774 0.58423 -0.82653 -3.6709 0.050808
6 39 144 0.79795 4.7764 0.22498 0.5847 3.5296 0.20679 0.91561 3.4556 -0.71645 0.54912 1.9436 -1.2148 1.167 0.57304 -1.5575 0.26024 3.6327 1.1295 0.43573 2.1382 1.7654 1.5207 1.267 2.4299 0.35573 -0.015753 -0.70477 1.3141 -1.8119 -0.18555 1.8744 -3.5113 0.036319 -0.35573 0.015752 0.70477 -0.29008 -2.0769 0.52951 -0.96364 -3.6562 -0.020923
6 39 156 0.82729 4.7764 0.054161 0.61491 3.5296 0.080707 0.74664 3.4556 -0.89116 0.28455 1.9436 -1.3024 0.81768 0.57304 -1.7661 0.4894 3.6327 1.0507 0.79326 2.1382 1.6362 1.9926 1.267 2.0607 0.20143 -0.015753 -0.76333 1.2468 -1.8119 -0.45472 1.841 -3.5113 -0.35419 -0.20143 0.015752 0.76333 -0.17365 -2.0769 0.57825 -0.94694 -3.6562 0.17989
6 40 156 0.81375 4.7791 0.062486 0.60353 3.532 0.082315 0.75896 3.4565 -0.88593 0.28386 1.95 -1.3025 0.73954 0.55444 -1.7741 0.45435 3.6366 1.0488 0.73153 2.1346 1.6285 1.9089 1.24 2.0657 0.21688 -0.016871 -0.75906 1.2461 -1.8224 -0.45078 1.922 -3.4871 -0.29903 -0.21688 0.016871 0.75906 -0.28565 -2.0723 0.54705 -1.093 -3.6327 0.1417
6 41 156 0.79862 4.7816 0.05959 0.58997 3.5344 0.08022 0.75575 3.4533 -0.88586 0.27499 1.9508 -1.31 0.66278 0.53896 -1.7938 0.43041 3.6446 1.0445 0.65884 2.1315 1.6165 1.7924 1.1888 2.0682 0.22686 -0.017474 -0.75613 1.2407 -1.8304 -0.4403 1.9043 -3.4986 -0.27438 -0.22686 0.017474 0.75613 -0.3863 -2.0641 0.51976 -1.2382 -3.5986 0.10697
6 42 156 0.78055 4.7843 0.05662 0.57743 3.5362 0.075535 0.75586 3.4544 -0.88822 0.26914 1.9547 -1.3156 0.60718 0.53621 -1.817 0.40511 3.6472 1.0375 0.56872 2.1237 1.6039 1.6341 1.1111 2.07 0.2387 -0.020017 -0.75241 1.2536 -1.8255 -0.39928 1.8099 -3.535 -0.26162 -0.2387 0.020018 0.75241 -0.48167 -2.0522 0.50532 -1.3845 -3.5533 0.078018
6 43 156 0.76334 4.786 0.064156 0.56983 3.5365 0.083249 0.76107 3.4537 -0.87796 0.26793 1.9566 -1.3073 0.58068 0.5384 -1.8256 0.38452 3.6484 1.0427 0.46823 2.1144 1.5981 1.4383 1.017 2.0802 0.25308 -0.019608 -0.74771 1.2462 -1.8299 -0.35908 1.6949 -3.5724 -0.24384 -0.25308 0.019608 0.74771 -0.57832 -2.0412 0.49952 -1.531 -3.5076 0.0603
