2 3 180 -3.6569 3.1577 -0.11048 -2.6164 2.4443 -0.031201 -2.6533 2.4053 0.95088 -1.0681 2.5639 1.3126 0.11764 2.0048 2.1245 -2.6047 2.4995 -1.0131 -1.0792 2.7147 -1.5565 -0.011679 2.34 -2.6043 0.0046645 0.014306 0.78948 -1.1223 -1.7571 0.70967 -0.27807 -3.3483 0.63049 -0.0046654 -0.014306 -0.78948 -1.0962 -1.8078 -0.86834 -0.073446 -3.2925 -0.84407
2 4 180 -3.8309 2.9497 -0.13034 -2.7653 2.2762 -0.042064 -2.8043 2.2324 0.93973 -1.2132 2.4214 1.258 0.028212 1.9191 2.0224 -2.7518 2.3353 -1.0237 -1.1991 2.5215 -1.4961 -0.07607 2.1105 -2.4695 -0.0017919 0.01072 0.78954 -1.2101 -1.7051 0.68898 -0.29267 -3.256 0.62744 0.0017928 -0.01072 -0.78954 -1.1697 -1.7526 -0.87805 -0.084824 -3.192 -0.8354
2 5 180 -3.9451 2.7986 -0.152 -2.8687 2.1446 -0.056778 -2.9108 2.0931 0.92452 -1.3104 2.2399 1.2177 -0.058491 1.7 1.9381 -2.8525 2.2108 -1.038 -1.2754 2.2949 -1.4556 -0.16137 1.7347 -2.3626 -0.0053281 0.010496 0.78953 -1.2883 -1.6485 0.66302 -0.28452 -3.1458 0.6248 0.0053281 -0.010496 -0.78953 -1.2471 -1.6942 -0.89429 -0.086125 -3.0721 -0.82868
2 6 180 -4.0071 2.7106 -0.16293 -2.929 2.0625 -0.054633 -2.9792 2.0064 0.92602 -1.3713 2.0068 1.215 -0.16637 1.3195 1.8884 -2.9048 2.133 -1.0354 -1.322 2.0216 -1.424 -0.30975 1.2245 -2.2711 -0.0029411 0.0067756 0.78958 -1.3631 -1.5877 0.64185 -0.26422 -3.0171 0.63636 0.0029411 -0.0067759 -0.78958 -1.3105 -1.6419 -0.91368 -0.068857 -2.9469 -0.83508
2 7 180 -4.0013 2.7171 -0.16877 -2.9369 2.0506 -0.042953 -3.0033 1.992 0.93659 -1.4216 1.7159 1.2375 -0.35899 0.78388 1.8539 -2.8964 2.1239 -1.0229 -1.363 1.7171 -1.4126 -0.57457 0.6437 -2.1897 -0.0038928 -0.0050759 0.78959 -1.4501 -1.5194 0.61762 -0.24781 -2.8623 0.66319 0.0038933 0.0050757 -0.78959 -1.3501 -1.5943 -0.94137 -0.036061 -2.8258 -0.85348
2 16 168 -1.8857 4.4234 -0.51735 -1.5297 3.2223 -0.3438 -1.8419 3.2323 0.58883 -3.423 2.8413 0.71478 -3.4641 4.2241 0.033676 -1.2275 3.2403 -1.2796 -2.4876 2.6674 -2.1471 -2.7554 4.1564 -1.8491 -0.16504 0.0054674 0.77216 -0.084997 -2.0939 0.74714 1.0233 -3.4756 1.0839 0.16504 -0.0054674 -0.77216 0.2488 -2.0999 -0.91532 1.5164 -3.369 -0.73227
2 16 180 -1.9521 4.4234 -0.11398 -1.5677 3.2223 -0.018248 -1.6792 3.2323 0.95891 -3.1996 2.8413 1.4108 -3.3814 4.2241 0.75318 -1.4667 3.2403 -0.99643 -2.8797 2.6674 -1.5829 -3.0797 4.1564 -1.2358 -0.00089066 0.0054674 0.7896 0.0722 -2.0939 0.74849 1.2263 -3.4756 0.84749 0.00089019 -0.0054674 -0.7896 0.053058 -2.0999 -0.94704 1.331 -3.369 -1.0316
2 17 168 -1.7042 4.5058 -0.45795 -1.366 3.2936 -0.31858 -1.6629 3.301 0.61904 -3.2487 2.9214 0.71843 -3.274 4.3138 0.056416 -1.0775 3.3147 -1.2586 -2.3195 2.7787 -2.1745 -2.5466 4.268 -1.8457 -0.17478 0.0069966 0.77 -0.055823 -2.0906 0.75157 1.0591 -3.4583 1.1222 0.17478 -0.0069966 -0.77 0.29363 -2.1029 -0.85495 1.6453 -3.2855 -0.69557
2 17 180 -1.7621 4.5058 -0.093626 -1.4024 3.2936 -0.02762 -1.4979 3.301 0.95125 -3.0284 2.9214 1.3782 -3.1907 4.3138 0.73589 -1.3156 3.3147 -1.0071 -2.7209 2.7787 -1.6448 -2.8747 4.268 -1.2759 -0.010873 0.0069966 0.78951 0.10166 -2.0906 0.74675 1.2693 -3.4583 0.87743 0.010873 -0.0069966 -0.78951 0.10946 -2.1029 -0.89731 1.4647 -3.2855 -1.0224
2 18 168 -1.7636 4.4801 -0.48076 -1.4129 3.2693 -0.36273 -1.6994 3.2653 0.57814 -3.2734 2.8407 0.68277 -3.3256 4.2333 0.022654 -1.1355 3.3016 -1.3058 -2.3408 2.7195 -2.2424 -2.6105 4.2029 -1.9193 -0.19164 0.0096245 0.76595 -0.2555 -2.0891 0.69162 0.99768 -3.3302 1.0659 0.19164 -0.009625 -0.76595 0.096486 -2.1047 -0.89209 1.5588 -3.1304 -0.64605
2 18 180 -1.8251 4.4801 -0.10357 -1.4574 3.2693 -0.061048 -1.5421 3.2653 0.91884 -3.06 2.8407 1.3484 -3.2482 4.2333 0.71359 -1.3822 3.3016 -1.0412 -2.7558 2.7195 -1.7067 -2.9524 4.2029 -1.3346 -0.028206 0.0096245 0.78906 -0.10612 -2.0891 0.72963 1.1975 -3.3302 0.83517 0.028206 -0.009625 -0.78906 -0.091097 -2.1047 -0.89265 1.3904 -3.1304 -0.95601
2 19 168 -1.8655 4.4397 -0.52092 -1.4714 3.2428 -0.40971 -1.75 3.2254 0.53341 -3.287 2.6829 0.64325 -3.4503 4.0671 -0.016215 -1.2037 3.2878 -1.355 -2.3596 2.6313 -2.3046 -2.7486 4.0932 -2.006 -0.20319 0.014739 0.76289 -0.55285 -2.0512 0.60809 0.81668 -3.1635 0.97958 0.20319 -0.014738 -0.76289 -0.1694 -2.0724 -0.96643 1.3352 -3.008 -0.63183
2 19 180 -1.9331 4.4397 -0.12167 -1.5245 3.2428 -0.094825 -1.6009 3.2254 0.88559 -3.0814 2.6829 1.3126 -3.3782 4.0671 0.70149 -1.4591 3.2878 -1.0752 -2.7872 2.6313 -1.7637 -3.1056 4.0932 -1.3907 -0.040133 0.014739 0.78846 -0.41434 -2.0512 0.70975 1.0025 -3.1635 0.78838 0.040134 -0.014738 -0.78846 -0.36663 -2.0724 -0.91009 1.1746 -3.008 -0.89562
2 20 168 -1.9891 4.3896 -0.54129 -1.5407 3.2131 -0.42117 -1.8214 3.1853 0.52107 -3.293 2.4844 0.6302 -3.6318 3.8321 -0.038045 -1.2723 3.268 -1.3658 -2.3681 2.5161 -2.316 -2.9094 3.9344 -2.0454 -0.21201 0.009263 0.76057 -0.83209 -1.9875 0.55406 0.58715 -3.0456 0.89624 0.21201 -0.0092626 -0.76057 -0.39481 -2.0031 -1.0262 1.0717 -2.9648 -0.60744
2 20 180 -2.0581 4.3896 -0.11591 -1.5946 3.2131 -0.091634 -1.6732 3.1853 0.88837 -3.09 2.4844 1.3011 -3.5604 3.8321 0.71789 -1.5285 3.268 -1.0714 -2.7978 2.5161 -1.773 -3.2711 3.9344 -1.3958 -0.04925 0.009263 0.78803 -0.69871 -1.9875 0.71495 0.76066 -3.0456 0.75458 0.04925 -0.0092626 -0.78803 -0.59954 -2.0031 -0.92169 0.92199 -2.9648 -0.81699
2 21 168 -2.1698 4.2995 -0.5806 -1.6634 3.1481 -0.45174 -1.95 3.1048 0.48813 -3.3308 2.2395 0.60342 -3.8704 3.5055 -0.092023 -1.3906 3.2178 -1.3941 -2.4071 2.343 -2.327 -3.1084 3.6947 -2.0846 -0.22007 0.0051913 0.75831 -1.0813 -1.8959 0.51662 0.30111 -3.0148 0.81284 0.22007 -0.0051918 -0.75831 -0.59273 -1.9139 -1.0906 0.78038 -2.9735 -0.59806
2 21 180 -2.2431 4.2995 -0.11677 -1.721 3.1481 -0.096018 -1.8059 3.1048 0.8829 -3.1326 2.2395 1.2828 -3.8049 3.5055 0.71469 -1.65 3.2178 -1.0745 -2.8383 2.343 -1.7757 -3.4739 3.6947 -1.3928 -0.057603 0.0051913 0.7875 -0.9503 -1.8959 0.73016 0.46353 -3.0148 0.73247 0.057603 -0.0051918 -0.7875 -0.80654 -1.9139 -0.94357 0.63898 -2.9735 -0.74724
2 73 168 -1.9502 4.4262 -0.44211 -1.4583 3.2629 -0.34787 -1.7145 3.2389 0.60143 -3.328 3.0642 0.78769 -3.1628 4.5394 0.37026 -1.2133 3.3143 -1.299 -2.5808 2.9833 -2.1292 -2.6719 4.5074 -1.9134 -0.21906 -0.018288 0.7584 -0.35881 -2.1128 0.66911 0.7706 -3.4407 1.1295 0.21906 0.018289 -0.7584 0.022153 -2.0633 -0.96453 1.3797 -3.2355 -0.78041
2 73 180 -1.9995 4.4262 -0.02698 -1.4987 3.2629 -0.037071 -1.5519 3.2389 0.94474 -3.0915 3.0642 1.4624 -3.0167 4.5394 1.0197 -1.4569 3.3143 -1.0184 -2.9671 2.9833 -1.5461 -3.0114 4.5074 -1.316 -0.056593 -0.018288 0.78738 -0.21185 -2.1128 0.72909 0.9886 -3.4407 0.94465 0.056593 0.018289 -0.78738 -0.17887 -2.0633 -0.94806 1.1873 -3.2355 -1.0502
2 74 168 -1.9981 4.3953 -0.50933 -1.5092 3.2302 -0.41973 -1.7641 3.2053 0.52988 -3.3739 3.0796 0.77774 -3.1555 4.5353 0.31862 -1.2658 3.2826 -1.3712 -2.602 2.961 -2.2543 -2.7195 4.4828 -2.0352 -0.23264 -0.0081673 0.75453 -0.57783 -2.0748 0.59929 0.63113 -3.3361 1.0449 0.23264 0.0081673 -0.75453 -0.19294 -2.0304 -1.0328 1.2066 -3.1189 -0.70523
2 74 180 -2.0603 4.3953 -0.082769 -1.5635 3.2302 -0.096781 -1.6154 3.2053 0.88508 -3.1385 3.0796 1.4622 -3.0203 4.5353 0.96771 -1.5232 3.2826 -1.0781 -3.0138 2.961 -1.6641 -3.0833 4.4828 -1.4253 -0.070683 -0.0081673 0.78641 -0.44061 -2.0748 0.70633 0.83459 -3.3361 0.89086 0.070683 0.0081673 -0.78641 -0.40346 -2.0304 -0.97012 1.0336 -3.1189 -0.94069
2 75 180 -2.1513 4.3506 -0.12702 -1.625 3.1986 -0.13526 -1.6833 3.1739 0.84625 -3.1893 3.0114 1.458 -3.0851 4.4665 0.95871 -1.5796 3.2502 -1.1164 -3.0415 2.8681 -1.7372 -3.1815 4.3854 -1.5007 -0.079231 -0.00060272 0.78563 -0.68623 -2.0103 0.70104 0.57473 -3.2908 0.84652 0.079231 0.00060272 -0.78563 -0.63437 -1.9626 -1.0112 0.77909 -3.0706 -0.85185
2 76 180 -2.2256 4.3152 -0.13523 -1.6589 3.1825 -0.13265 -1.7203 3.1595 0.8487 -3.2085 2.9021 1.4715 -3.1828 4.3717 1.0053 -1.6111 3.2319 -1.1138 -3.0397 2.7533 -1.7452 -3.286 4.2566 -1.5063 -0.074855 -0.0015378 0.78606 -0.89318 -1.935 0.7055 0.25708 -3.3172 0.8369 0.074855 0.0015378 -0.78606 -0.82921 -1.8796 -1.0278 0.49253 -3.0801 -0.77753
2 97 168 -2.7626 3.9266 -0.67284 -2.0682 2.8966 -0.4607 -2.304 2.8733 0.49387 -2.3678 1.2739 0.82068 -3.3174 0.06559 0.69466 -1.8515 2.9425 -1.419 -1.7471 1.3999 -1.9462 -2.8689 0.37206 -2.1968 -0.15435 0.011292 0.7743 -1.7067 -1.35 0.385 -0.90425 -2.9417 0.65566 0.15435 -0.011292 -0.7743 -1.3355 -1.4595 -1.0863 -0.27208 -2.9092 -0.95158
2 98 168 -2.6757 3.9942 -0.62953 -2.0089 2.9438 -0.43074 -2.2324 2.9189 0.52675 -2.1443 1.3314 0.90222 -2.8616 -0.032613 0.95303 -1.8039 2.9919 -1.3915 -1.5816 1.4453 -1.8682 -2.3874 0.15779 -2.1343 -0.14794 0.011407 0.77555 -1.6307 -1.4308 0.40708 -0.84976 -3.0336 0.67586 0.14794 -0.011407 -0.77555 -1.2649 -1.5383 -1.0702 -0.21516 -2.9982 -0.93768
2 98 180 -2.7481 3.9942 -0.059469 -2.0545 2.9438 -0.0036512 -2.0741 2.9189 0.97938 -1.9099 1.3314 1.3283 -2.6009 -0.032613 1.5272 -2.0537 2.9919 -0.98602 -1.9355 1.4453 -1.4986 -2.7789 0.15779 -1.5913 0.016544 0.011407 0.78936 -1.5104 -1.4308 0.73723 -0.69067 -3.0336 0.83776 -0.016544 -0.011407 -0.78936 -1.4598 -1.5383 -0.78384 -0.40542 -2.9982 -0.87245
2 99 180 -2.6357 4.0694 -0.049179 -1.9784 2.9963 0.0023467 -1.9869 2.9739 0.9856 -1.6436 1.4199 1.3544 -2.0775 -0.026196 1.6676 -1.988 3.0423 -0.98008 -1.7158 1.5066 -1.4664 -2.2261 0.065957 -1.6706 0.019365 0.013191 0.78927 -1.4336 -1.5038 0.74318 -0.62512 -3.112 0.84774 -0.019364 -0.013191 -0.78927 -1.3879 -1.6073 -0.78708 -0.34821 -3.078 -0.87074
