0 11 12 -0.73059 4.7522 -0.43964 -0.35179 3.5479 -0.37893 -0.90592 3.4789 0.43072 -0.57566 2.6587 1.8043 -0.78825 2.9378 3.3059 0.19559 3.6458 -1.1902 -0.68378 2.4795 -1.9217 -2.2189 2.5142 -1.7806 -0.77193 -0.058336 0.15563 -0.36843 -1.7182 -1.0676 -0.54545 -3.503 -1.2524 0.77193 0.058336 -0.15563 0.50976 -1.9725 0.31477 -0.13507 -3.3547 1.2764
0 12 0 -0.62905 4.7479 -0.58048 -0.25756 3.5455 -0.46668 -0.92034 3.4861 0.25758 -0.79035 2.6451 1.652 -1.1738 2.8676 3.1289 0.39878 3.6339 -1.1938 -0.49198 2.4813 -1.9333 -2.0199 2.5625 -1.7423 -0.78748 -0.051195 0.027526 -0.18285 -1.7155 -1.1034 -0.28324 -3.4998 -1.3419 0.78748 0.051195 -0.027526 0.43357 -1.9782 0.38535 -0.39165 -3.3486 1.2173
0 12 12 -0.73599 4.7479 -0.43701 -0.34896 3.5455 -0.40293 -0.84668 3.4861 0.4433 -0.4296 2.6451 1.7803 -0.49759 2.8676 3.3046 0.14185 3.6339 -1.2507 -0.88318 2.4813 -1.7887 -2.338 2.5625 -1.2843 -0.76455 -0.051195 0.19065 -0.40826 -1.7155 -1.0412 -0.55605 -3.4998 -1.2537 0.76455 0.051195 -0.19065 0.50421 -1.9782 0.28679 -0.13001 -3.3486 1.2721
0 13 0 -0.62796 4.749 -0.57962 -0.25556 3.5459 -0.47458 -0.88918 3.496 0.27601 -0.72783 2.6315 1.6528 -1.055 2.7994 3.1503 0.37145 3.6247 -1.2282 -0.64499 2.4846 -1.8076 -2.0983 2.634 -1.3145 -0.78618 -0.046401 0.057161 -0.22323 -1.7182 -1.0841 -0.28813 -3.5007 -1.3474 0.78618 0.046401 -0.057161 0.41926 -1.9779 0.36934 -0.39184 -3.3466 1.2176
0 14 0 -0.61873 4.7451 -0.61778 -0.2474 3.542 -0.50754 -0.87174 3.5022 0.25138 -0.72725 2.6093 1.6117 -1.0843 2.7391 3.1062 0.37023 3.6107 -1.2699 -0.71102 2.472 -1.7204 -2.0716 2.6952 -1.0301 -0.78493 -0.039922 0.076118 -0.26005 -1.7237 -1.0657 -0.2995 -3.5023 -1.3588 0.78493 0.039922 -0.076118 0.4058 -1.9819 0.35141 -0.39336 -3.3508 1.2106
0 15 0 -0.58077 4.7463 -0.65314 -0.22019 3.541 -0.5281 -0.85922 3.5078 0.21883 -0.77392 2.5945 1.5706 -1.2182 2.7051 3.043 0.41222 3.603 -1.2788 -0.69636 2.4694 -1.6723 -1.9798 2.7527 -0.86602 -0.78578 -0.032722 0.070547 -0.27558 -1.7313 -1.0558 -0.29984 -3.508 -1.3623 0.78578 0.032722 -0.070547 0.41148 -1.9935 0.34027 -0.38954 -3.3568 1.2067
0 15 12 -0.70388 4.7463 -0.51812 -0.32518 3.541 -0.47078 -0.79494 3.5078 0.39269 -0.43046 2.5945 1.6972 -0.55894 2.7051 3.2298 0.13733 3.603 -1.3366 -1.0288 2.4694 -1.491 -2.1166 2.7527 -0.43547 -0.75394 -0.032722 0.23238 -0.48907 -1.7313 -0.97544 -0.57653 -3.508 -1.2702 0.75394 0.032722 -0.23238 0.47324 -1.9935 0.24728 -0.13015 -3.3568 1.2613
0 16 12 -0.67047 4.7499 -0.55538 -0.30138 3.5427 -0.47822 -0.81471 3.5134 0.36024 -0.54191 2.584 1.6758 -0.8106 2.6857 3.1908 0.20477 3.6008 -1.3195 -0.96441 2.4746 -1.5026 -2.0177 2.786 -0.42031 -0.75965 -0.032658 0.213 -0.48396 -1.7371 -0.98413 -0.57373 -3.5147 -1.2725 0.75965 0.032658 -0.213 0.47988 -1.9965 0.25452 -0.12964 -3.3644 1.2587
0 17 12 -0.60941 4.7532 -0.59583 -0.25195 3.544 -0.49402 -0.82285 3.5096 0.30614 -0.68582 2.574 1.6383 -1.1297 2.676 3.1115 0.31211 3.6073 -1.2973 -0.84254 2.4895 -1.5906 -1.94 2.7971 -0.55202 -0.76957 -0.027241 0.17469 -0.47131 -1.7439 -0.99942 -0.56543 -3.5228 -1.2778 0.76957 0.027241 -0.17469 0.50139 -2.0116 0.25609 -0.12804 -3.3774 1.2507
0 17 24 -0.71997 4.7532 -0.45611 -0.34915 3.544 -0.43084 -0.74122 3.5096 0.47053 -0.33021 2.574 1.7451 -0.45814 2.676 3.2783 0.035577 3.6073 -1.3338 -1.1548 2.4895 -1.3806 -2.0124 2.7971 -0.1366 -0.71643 -0.027241 0.33088 -0.6688 -1.7439 -0.87959 -0.81874 -3.5228 -1.1323 0.71643 0.027241 -0.33088 0.54368 -2.0116 0.14625 0.1348 -3.3774 1.25
0 18 24 -0.64286 4.7605 -0.51304 -0.28972 3.5469 -0.45 -0.77191 3.5081 0.40636 -0.51286 2.5718 1.7197 -0.84767 2.6852 3.2206 0.18551 3.6147 -1.3084 -0.99374 2.5071 -1.5349 -1.9928 2.7874 -0.39422 -0.73912 -0.022707 0.27692 -0.64342 -1.7482 -0.91799 -0.80127 -3.5295 -1.1478 0.73912 0.022707 -0.27692 0.57479 -2.0282 0.1488 0.13438 -3.3943 1.2399
0 19 36 -0.64918 4.7674 -0.45392 -0.30911 3.5486 -0.42082 -0.71685 3.5092 0.47336 -0.37014 2.5621 1.7585 -0.61511 2.6891 3.2756 0.091758 3.617 -1.3164 -1.1022 2.5205 -1.5182 -2.0838 2.7515 -0.35168 -0.7027 -0.01656 0.35977 -0.79004 -1.7526 -0.82041 -0.99095 -3.5361 -0.9927 0.7027 0.01656 -0.35977 0.63926 -2.0492 0.018259 0.3934 -3.4127 1.1721
0 32 168 -0.58692 4.8134 -0.10742 -0.34925 3.5693 -0.10666 -0.55004 3.5421 0.85579 -0.94353 2.5543 2.096 -2.2301 2.5464 2.9459 -0.15378 3.6258 -1.0689 -0.60534 2.817 -2.4145 -1.6128 2.8088 -3.5818 -0.20637 0.0043416 0.76216 -0.83603 -1.9993 0.81731 -0.25392 -3.6754 1.1379 0.20637 -0.0043421 -0.76216 -0.25292 -2.0199 -1.1375 0.4787 -3.6624 -1.2713
0 36 204 -0.56468 4.8163 -0.099608 -0.34643 3.5691 -0.070126 -0.58819 3.5452 0.88294 -1.4411 2.4531 1.7481 -2.975 2.3316 1.8491 -0.10958 3.6225 -1.0232 0.14676 2.9059 -2.4688 -0.21328 3.0162 -3.964 -0.010562 0.024031 0.78918 -0.32697 -2.0449 0.97326 0.45583 -3.6691 0.96879 0.010562 -0.024031 -0.78918 -0.74849 -1.9747 -0.9714 -0.34177 -3.673 -1.4199
0 37 216 -0.55212 4.8175 -0.075044 -0.33359 3.5708 -0.041314 -0.54047 3.548 0.91996 -1.4238 2.4328 1.7229 -2.9602 2.3028 1.7077 -0.13152 3.623 -1.0025 0.21708 2.8956 -2.423 -0.034159 3.0296 -3.9385 0.074156 0.026108 0.7857 -0.15342 -2.0531 0.98425 0.65402 -3.6589 0.84195 -0.074156 -0.026107 -0.7857 -0.90182 -1.9566 -0.83504 -0.62511 -3.669 -1.327
0 60 228 -0.50601 4.8055 -0.11408 -0.31439 3.5701 0.048168 -0.5057 3.5763 1.0129 -1.5833 2.3517 0.92381 -2.324 2.6001 -0.40555 -0.12721 3.5934 -0.91712 0.49433 2.5778 -2.0356 0.40156 2.2649 -3.5426 0.22439 0.018466 0.75684 0.14147 -2.061 1.045 0.94438 -3.6599 0.82125 -0.22439 -0.018466 -0.75684 -1.0473 -1.9429 -0.57295 -0.77987 -3.6679 -1.024
0 62 216 -0.52228 4.8076 -0.097066 -0.32687 3.5694 0.041007 -0.52204 3.5583 1.0049 -1.5594 2.2965 1.0241 -2.5012 2.5369 -0.17296 -0.13608 3.61 -0.923 0.39792 2.6047 -2.0948 0.075029 2.3319 -3.5777 0.16642 0.017196 0.77169 -0.019801 -2.0528 1.0792 0.76205 -3.6767 1.0284 -0.16642 -0.017196 -0.77169 -0.92665 -1.9737 -0.6809 -0.52965 -3.6778 -1.1164
0 64 204 -0.52025 4.8117 -0.088408 -0.33289 3.5691 0.026162 -0.5325 3.5459 0.98896 -1.5122 2.2432 1.0969 -2.646 2.4428 0.070955 -0.13779 3.6216 -0.9364 0.3134 2.5921 -2.1218 -0.16274 2.308 -3.5606 0.10746 0.01641 0.7821 -0.17108 -2.0428 1.0925 0.54356 -3.6943 1.205 -0.10746 -0.01641 -0.7821 -0.80706 -1.9975 -0.77314 -0.27502 -3.6782 -1.1516
0 66 192 -0.51348 4.8156 -0.086003 -0.33595 3.5691 0.013085 -0.55848 3.5409 0.97071 -1.4674 2.1925 1.1277 -2.7654 2.3543 0.31128 -0.11804 3.6268 -0.94428 0.26934 2.5502 -2.1103 -0.3585 2.2269 -3.481 0.04106 0.012561 0.78845 -0.3216 -2.035 1.0889 0.29528 -3.7083 1.3544 -0.041061 -0.012561 -0.78845 -0.66338 -2.0182 -0.85621 -0.020214 -3.6809 -1.1252
0 67 192 -0.51138 4.8187 -0.025354 -0.33149 3.5697 0.041735 -0.47444 3.5373 1.0143 -1.3171 2.1604 1.2648 -2.7507 2.3034 0.71501 -0.19301 3.6316 -0.93005 0.03794 2.52 -2.1047 -0.79404 2.1697 -3.3548 0.076688 0.0079436 0.78585 -0.29815 -2.0338 1.1102 0.30132 -3.7108 1.3916 -0.076688 -0.0079432 -0.78585 -0.66913 -2.0234 -0.81952 -0.014808 -3.6816 -1.0901
0 69 180 -0.50911 4.8218 -0.054231 -0.33708 3.5698 -0.017266 -0.53483 3.5182 0.94481 -1.2873 2.0842 1.1596 -2.7928 2.1819 0.84069 -0.14412 3.6508 -0.97829 0.0067242 2.4473 -2.0726 -0.93118 2.0232 -3.2207 -0.033621 0.011395 0.78882 -0.49518 -2.0194 1.0665 0.0036012 -3.7025 1.4779 0.033622 -0.011395 -0.78882 -0.52158 -2.036 -0.87369 0.20451 -3.6809 -1.0068
0 72 168 -0.51695 4.82 -0.1295 -0.34854 3.5661 -0.12999 -0.56723 3.4991 0.82659 -1.137 1.9762 0.98438 -2.6774 1.9138 0.95757 -0.13484 3.6626 -1.0852 -0.2429 2.3042 -1.9863 -1.3285 1.7016 -2.9005 -0.13659 0.030828 0.7771 -0.76506 -1.967 0.94443 -0.31237 -3.6687 1.3318 0.13659 -0.030828 -0.7771 -0.41136 -2.0549 -0.90838 0.37944 -3.675 -0.8788
0 73 168 -0.49242 4.8226 -0.12513 -0.32974 3.568 -0.13946 -0.49406 3.5021 0.82802 -0.99027 1.9548 0.99659 -2.5234 1.8166 1.0871 -0.17032 3.6633 -1.1053 -0.39997 2.2552 -1.9012 -1.5669 1.5921 -2.6603 -0.10956 0.03797 0.78106 -0.74955 -1.9581 0.92427 -0.27664 -3.6688 1.2417 0.10956 -0.03797 -0.78106 -0.4232 -2.0679 -0.88089 0.38932 -3.6773 -0.86301
0 75 156 -0.45411 4.8252 -0.18966 -0.30283 3.5694 -0.18544 -0.58026 3.5088 0.75622 -0.96624 1.9246 0.85647 -2.4632 1.5753 0.73478 -0.030458 3.6593 -1.1262 -0.28512 2.1702 -1.7478 -1.4071 1.3938 -2.466 -0.22844 0.033689 0.7551 -0.86072 -1.9688 0.68903 -0.42959 -3.686 1.0303 0.22844 -0.033688 -0.7551 -0.22766 -2.0774 -0.92641 0.5763 -3.6825 -0.75782
0 76 156 -0.44416 4.8277 -0.16265 -0.3015 3.5709 -0.16037 -0.54661 3.515 0.7905 -0.85129 1.9134 0.89307 -2.309 1.4198 0.79745 -0.061315 3.6562 -1.1103 -0.35771 2.1322 -1.6185 -1.5002 1.2925 -2.2246 -0.21677 0.027959 0.75877 -0.82703 -1.9807 0.67311 -0.38747 -3.6978 1.0033 0.21677 -0.027959 -0.75877 -0.20975 -2.0785 -0.92455 0.5973 -3.6826 -0.76113
0 92 168 -0.34432 4.7848 -0.28557 -0.19418 3.5555 -0.14366 -0.34564 3.5848 0.82771 0.032789 3.3443 2.3986 0.52159 4.5739 3.1903 -0.041169 3.556 -1.1152 0.52195 3.3356 -2.6328 0.77828 4.6191 -3.4481 -0.13646 0.01861 0.77752 -0.52857 -2.0433 0.68167 0.068182 -3.7414 0.78799 0.13646 -0.01861 -0.77751 -0.17204 -2.0836 -1.0117 0.6026 -3.7082 -1.1191
0 108 168 -0.36634 4.8316 0.052612 -0.31874 3.5718 0.038314 -0.56256 3.495 0.98806 -1.1767 1.9817 0.95232 -2.4762 1.3933 0.36678 -0.078957 3.678 -0.90962 -0.66882 2.2703 -1.4919 -2.0451 1.576 -1.5295 -0.18901 -0.014527 0.76653 -0.64798 -2.062 0.65937 -0.053709 -3.7486 0.88969 0.18901 0.014527 -0.76653 -0.17818 -2.0419 -0.99121 0.4595 -3.7283 -1.0124
3 53 252 -0.062932 4.8258 -0.079967 -0.22213 3.575 -0.040437 -0.58427 3.5832 0.87397 0.1383 2.384 1.7157 0.12989 0.90424 2.1492 0.14116 3.5966 -0.95417 -0.59437 2.4616 -1.8704 -1.7976 3.3503 -2.2448 -0.4162 -0.030184 0.67035 -1.8602 -1.085 -0.43265 -0.59618 -2.2629 0.082834 0.4162 0.030185 -0.67035 0.87111 -1.9457 -0.11974 1.2534 -3.6358 0.37846
3 54 252 -0.096032 4.8247 -0.076746 -0.25975 3.5745 -0.038105 -0.63008 3.5847 0.873 0.099654 2.3963 1.7238 0.11644 0.91274 2.144 0.11176 3.5942 -0.94857 -0.63064 2.4549 -1.8539 -1.8386 3.331 -2.2423 -0.40818 -0.036708 0.67493 -1.737 -1.2839 -0.37046 -0.73856 -2.7594 -0.09287 0.40818 0.036708 -0.67493 0.91157 -1.9212 -0.10254 1.3368 -3.5953 0.41468
3 55 252 -0.11298 4.8231 -0.059205 -0.2874 3.5745 -0.020453 -0.6626 3.5855 0.88865 0.059669 2.385 1.7288 0.10004 0.89794 2.1346 0.089273 3.5933 -0.92882 -0.61142 2.4119 -1.8132 -1.8665 3.2129 -2.2143 -0.40432 -0.044847 0.67677 -1.5646 -1.511 -0.28161 -0.85852 -3.1689 -0.2187 0.40432 0.044847 -0.67677 0.97065 -1.8889 -0.081673 1.4481 -3.5428 0.45461
4 0 168 -1.087 4.7086 0.1177 -0.78353 3.4878 -0.027124 -0.91317 3.3334 0.93553 -0.7004 1.7423 1.2385 -2.0114 0.93115 1.2068 -0.66168 3.6708 -0.9858 -0.04467 2.237 -1.468 -0.61294 0.91356 -2.0186 -0.07986 0.026003 0.78514 -0.64341 -1.9794 0.51089 -0.08677 -3.693 0.44466 0.07986 -0.026004 -0.78514 -0.53993 -2.0332 -0.8229 0.9514 -3.0055 -0.53755
4 52 288 -0.95529 4.6439 -0.95404 -0.74026 3.4041 -0.83385 -1.1086 3.4895 0.074116 -1.0123 2.265 1.1512 -2.2892 2.0537 0.31311 -0.37805 3.3475 -1.7465 0.70428 2.1247 -1.7919 -0.5882 1.4466 -2.2893 -0.20491 0.15908 0.74579 -0.065567 -1.9108 1.0785 0.88345 -3.3857 1.4967 0.20491 -0.15908 -0.74579 -1.0917 -1.8114 -0.69175 -0.35025 -3.2905 0.024712
4 53 288 -0.86264 4.64 -1.0699 -0.66207 3.4022 -0.90454 -1.0876 3.5058 -0.023882 -0.98437 2.2623 1.0305 -2.2386 1.9368 0.19466 -0.24206 3.3273 -1.7907 0.85122 2.1163 -1.7076 -0.40688 1.4504 -2.3004 -0.24829 0.16501 0.73118 0.025421 -1.8774 1.1409 0.97891 -3.3233 1.6421 0.24829 -0.16501 -0.73118 -0.97645 -1.8713 -0.67638 -0.55626 -3.4714 0.040418
4 54 288 -0.74949 4.639 -1.1662 -0.57275 3.4028 -0.96339 -1.0425 3.5259 -0.10808 -0.94562 2.2585 0.91814 -2.1876 1.8346 0.10852 -0.10781 3.3084 -1.825 0.96042 2.0856 -1.6452 -0.28368 1.451 -2.2988 -0.29222 0.1708 0.7134 -0.030039 -1.8646 1.1638 1.0167 -3.1996 1.7744 0.29222 -0.1708 -0.7134 -0.87216 -1.919 -0.66407 -0.58749 -3.5373 0.078037
4 56 300 -0.90804 4.6274 -1.1448 -0.69041 3.4063 -0.89743 -1.034 3.5682 0.0098024 -0.76072 2.2505 0.93599 -2.1122 1.6902 0.44894 -0.35324 3.2726 -1.8117 0.63812 1.9762 -1.7391 -0.76619 1.4968 -2.1583 -0.22184 0.15592 0.7416 -0.23732 -1.903 1.1598 1.222 -2.8027 1.7182 0.22184 -0.15592 -0.7416 -0.84637 -1.9402 -0.44263 -0.20085 -3.4322 0.33727
5 0 144 -0.85247 4.7626 -0.36421 -0.6125 3.523 -0.26632 -0.98866 3.5382 0.64232 -0.87652 2.0189 1.2321 -1.7381 0.78069 1.552 -0.24264 3.5368 -1.1776 0.14905 1.9572 -1.3199 -0.21503 0.53298 -1.7853 -0.26936 -0.0039864 0.74225 -0.11565 -2.0927 0.57497 0.95617 -3.5126 0.86843 0.26936 0.0039859 -0.74225 -0.91968 -1.7042 -1.0295 -0.82618 -3.4933 -0.82598
5 12 132 -0.72524 4.7739 -0.46779 -0.49392 3.5332 -0.36355 -0.87487 3.571 0.54244 -0.54794 2.0767 1.1161 -1.2502 0.76354 1.5162 -0.11876 3.5245 -1.2727 -0.19503 1.9409 -1.6666 -1.114 0.80403 -2.1573 -0.36841 0.0008111 0.6984 -1.4436 -1.72 0.15351 -0.85969 -3.3653 0.60404 0.36841 -0.0008111 -0.6984 -0.13317 -2.0409 -0.72801 0.59931 -3.5604 -0.091413
5 14 144 -0.85479 4.7676 -0.27446 -0.59445 3.5291 -0.22944 -0.8166 3.5474 0.72852 -0.34277 2.0626 1.2181 -0.852 0.71383 1.765 -0.37888 3.5398 -1.189 -0.52392 1.9622 -1.5877 -1.6033 0.91078 -1.915 -0.25382 -0.013056 0.7476 -1.44 -1.6937 0.32027 -1.4561 -3.4824 0.54691 0.25382 0.013056 -0.7476 -0.020621 -2.0667 -0.6313 0.8516 -3.5512 -0.096229
5 23 168 -0.98813 4.7465 0.087333 -0.6956 3.518 -0.0093525 -0.7639 3.4396 0.96868 -0.28052 1.9277 1.355 -0.55536 0.55011 1.991 -0.63453 3.6252 -0.98513 -0.27854 2.0969 -1.4395 -0.68219 0.68764 -1.9177 -0.13303 -0.014983 0.77819 -1.2258 -1.7976 0.57232 -1.0588 -3.5792 0.79407 0.13303 0.014983 -0.77819 0.21975 -2.0842 -0.78638 1.6476 -3.1526 -0.52057
5 24 168 -1.0306 4.7368 0.049025 -0.72347 3.5112 -0.041316 -0.85538 3.4195 0.92902 -0.44274 1.8993 1.3619 -0.80866 0.52789 1.9645 -0.599 3.6317 -1.0095 -0.17771 2.1215 -1.4683 -0.4736 0.70627 -2.0042 -0.1698 -0.012163 0.77105 -1.1967 -1.8294 0.5315 -0.95362 -3.6004 0.76682 0.1698 0.012163 -0.77105 0.096644 -2.086 -0.8518 1.5749 -3.0523 -0.48835
5 27 180 -1.0838 4.7207 0.1956 -0.74786 3.5081 0.051579 -0.85499 3.3954 1.0228 -0.68847 1.8551 1.5411 -1.2008 0.53711 2.1559 -0.64903 3.6493 -0.91674 -0.19563 2.1623 -1.4187 -0.54003 0.76386 -1.9695 -0.11303 -0.020438 0.78122 -1.0101 -1.9141 0.62789 -0.46382 -3.619 0.8425 0.11303 0.020438 -0.78122 -0.52838 -1.9738 -0.94248 0.85796 -3.082 -0.6249
5 28 180 -1.0958 4.7187 0.15204 -0.74777 3.508 0.021734 -0.9113 3.393 0.98474 -0.85637 1.8539 1.5297 -1.4849 0.5757 2.1204 -0.59264 3.6515 -0.93884 -0.12068 2.1554 -1.3945 -0.47219 0.7636 -1.9575 -0.15472 -0.021387 0.77402 -0.97996 -1.9441 0.58307 -0.34363 -3.6139 0.82355 0.15472 0.021388 -0.77402 -0.64879 -1.9095 -0.97479 0.55976 -3.1921 -0.5938
5 29 180 -1.0889 4.7211 0.09784 -0.73704 3.5099 -0.01605 -0.95903 3.3961 0.93533 -0.99781 1.8626 1.4973 -1.7594 0.6393 2.0461 -0.52346 3.6523 -0.96551 -0.051499 2.142 -1.3717 -0.41676 0.75603 -1.9403 -0.19527 -0.020052 0.76483 -0.9277 -1.977 0.54534 -0.21364 -3.6107 0.81388 0.19527 0.020053 -0.76483 -0.72589 -1.8528 -1.0057 0.24636 -3.3107 -0.581
5 30 180 -1.074 4.7257 0.035032 -0.72166 3.5128 -0.055471 -0.99943 3.4044 0.8818 -1.1205 1.8798 1.4558 -2.0166 0.7211 1.9377 -0.4522 3.6497 -0.99142 0.010903 2.1228 -1.3421 -0.35489 0.73852 -1.9144 -0.23064 -0.017991 0.75497 -0.8528 -2.0115 0.52425 -0.073836 -3.6111 0.81633 0.23064 0.017991 -0.75497 -0.77179 -1.8052 -1.0473 -0.086183 -3.4123 -0.60239
5 31 180 -1.0459 4.7318 -0.040296 -0.69998 3.5155 -0.1073 -1.0246 3.4165 0.81584 -1.2212 1.9032 1.399 -2.2397 0.81787 1.8018 -0.38342 3.6432 -1.0297 0.073766 2.103 -1.3255 -0.28909 0.71537 -1.8915 -0.25862 -0.011002 0.74599 -0.75172 -2.0418 0.52926 0.070141 -3.6173 0.83494 0.25862 0.011002 -0.74599 -0.79566 -1.7704 -1.1056 -0.41977 -3.483 -0.68533
5 51 216 -0.75181 4.784 -0.22178 -0.47934 3.5483 -0.19663 -0.68697 3.5794 0.76425 -0.24724 2.0862 1.26 -0.66863 0.73522 1.8724 -0.27725 3.5465 -1.1592 -0.24957 1.9415 -1.4626 -1.2495 0.81137 -1.7796 -0.1995 0.00047398 0.764 -1.3384 -1.7334 0.43099 -1.4989 -3.4976 0.76682 0.1995 -0.00047398 -0.764 -0.19803 -2.0519 -0.54556 0.7455 -3.5014 -0.036059
5 52 216 -0.74279 4.7853 -0.22935 -0.47019 3.5501 -0.18973 -0.73557 3.5789 0.75689 -0.32793 2.0873 1.2837 -0.80032 0.74908 1.8868 -0.21027 3.5504 -1.1383 -0.17158 1.9465 -1.4459 -1.1128 0.7783 -1.8024 -0.23381 -0.0063405 0.75418 -1.4022 -1.702 0.33713 -1.7045 -3.4678 0.54072 0.23381 0.0063405 -0.75418 -0.065241 -2.0601 -0.52076 0.87941 -3.4964 0.023016
5 54 228 -0.77651 4.7836 -0.083849 -0.49286 3.5505 -0.080751 -0.65974 3.5762 0.88819 -0.19692 2.0923 1.3909 -0.65655 0.78965 2.076 -0.33167 3.5539 -1.051 -0.30518 1.9546 -1.3831 -1.1496 0.69173 -1.6471 -0.14727 -0.020069 0.77551 -1.3721 -1.6892 0.41746 -1.808 -3.4322 0.56806 0.14727 0.02007 -0.7755 0.068372 -2.063 -0.51329 1.1324 -3.4597 -0.10343
5 55 228 -0.77701 4.7833 -0.076113 -0.48999 3.551 -0.070232 -0.70264 3.568 0.8899 -0.2639 2.088 1.4247 -0.77383 0.79912 2.1003 -0.28301 3.5633 -1.0317 -0.20297 1.9661 -1.365 -0.93983 0.65538 -1.7068 -0.18872 -0.028985 0.76619 -1.385 -1.6985 0.32368 -1.8034 -3.447 0.46129 0.18872 0.028985 -0.76619 0.18083 -2.0571 -0.51606 1.2614 -3.4271 -0.061862
5 57 240 -0.7993 4.7807 0.040059 -0.52133 3.5473 -0.016115 -0.63813 3.5351 0.9604 -0.14952 2.0583 1.4593 -0.55173 0.76894 2.2033 -0.41031 3.5888 -0.9925 -0.27372 2.0001 -1.3479 -0.86556 0.62862 -1.7304 -0.13102 -0.025093 0.77827 -1.3023 -1.7318 0.41852 -1.5162 -3.4996 0.70154 0.13102 0.025093 -0.77827 0.21407 -2.0659 -0.59043 1.4512 -3.3509 -0.32714
5 58 240 -0.82052 4.7766 0.021446 -0.52885 3.5466 -0.039143 -0.70075 3.5166 0.9288 -0.2582 2.0358 1.458 -0.64785 0.7301 2.1799 -0.36293 3.6059 -1.0068 -0.15056 2.0263 -1.3654 -0.65196 0.64311 -1.8268 -0.17485 -0.020974 0.76973 -1.3162 -1.7383 0.36662 -1.4176 -3.512 0.67392 0.17485 0.020974 -0.76973 0.25207 -2.0725 -0.60994 1.5468 -3.2937 -0.32157
5 60 252 -0.86424 4.7636 0.13425 -0.55785 3.5421 0.013551 -0.68875 3.4808 0.98642 -0.24789 1.9896 1.487 -0.48757 0.65598 2.2231 -0.43321 3.6326 -0.95786 -0.18773 2.0723 -1.375 -0.68798 0.69054 -1.842 -0.13135 -0.018205 0.77841 -1.2091 -1.8085 0.55993 -1.0414 -3.574 0.88526 0.13135 0.018205 -0.77841 0.086788 -2.0823 -0.77405 1.5389 -3.1307 -0.5663
5 61 252 -0.91777 4.7519 0.055485 -0.58574 3.5362 -0.055286 -0.81258 3.4556 0.89834 -0.43599 1.9635 1.4466 -0.73618 0.62314 2.1474 -0.36566 3.6459 -1.0076 -0.066478 2.0944 -1.4223 -0.56803 0.72904 -1.9341 -0.19656 -0.0079603 0.76472 -1.1751 -1.8492 0.50716 -0.95275 -3.6091 0.83042 0.19656 0.0079603 -0.76472 0.041802 -2.0857 -0.84877 1.5282 -3.0277 -0.45649
5 63 264 -1.0007 4.7311 0.16607 -0.64081 3.5281 0.016504 -0.83774 3.4281 0.97493 -0.53646 1.9243 1.5376 -0.8991 0.58629 2.2128 -0.45122 3.657 -0.93996 -0.14591 2.1161 -1.3883 -0.78967 0.80167 -1.8737 -0.1593 -0.018999 0.77315 -1.032 -1.9236 0.61478 -0.61113 -3.6543 0.89542 0.1593 0.018999 -0.77315 -0.28898 -2.028 -0.92459 1.1757 -2.9825 -0.48363
5 64 264 -1.0278 4.7273 0.10382 -0.6543 3.5254 -0.018892 -0.93202 3.4214 0.91888 -0.74897 1.9085 1.5075 -1.2415 0.59035 2.1379 -0.38415 3.6582 -0.95524 -0.043696 2.1174 -1.3779 -0.69105 0.82733 -1.9204 -0.21835 -0.021123 0.75854 -1.032 -1.9462 0.5429 -0.53422 -3.6525 0.84531 0.21835 0.021123 -0.75854 -0.37835 -1.9807 -0.98457 0.94681 -3.0641 -0.41808
5 66 276 -1.0345 4.7213 0.20974 -0.66867 3.5216 0.047535 -0.88744 3.404 0.9992 -0.83778 1.8873 1.6041 -1.498 0.65115 2.2474 -0.45748 3.6679 -0.90186 -0.16221 2.1189 -1.3287 -0.85921 0.83401 -1.8195 -0.16736 -0.024172 0.7713 -0.88335 -1.9928 0.60958 -0.20508 -3.6489 0.82886 0.16736 0.024171 -0.7713 -0.68465 -1.8876 -0.95464 0.37886 -3.2602 -0.46903
5 67 276 -1.0426 4.7216 0.14388 -0.66766 3.5219 0.0024727 -0.94654 3.3999 0.93772 -1.0287 1.8891 1.5539 -1.8373 0.71191 2.1353 -0.39653 3.6726 -0.93087 -0.078421 2.1198 -1.326 -0.72365 0.8232 -1.8554 -0.21552 -0.021945 0.75932 -0.85293 -2.0136 0.55582 -0.12953 -3.6488 0.78726 0.21552 0.021945 -0.75932 -0.71432 -1.8482 -0.98769 0.13011 -3.3493 -0.45415
5 68 276 -1.0378 4.7226 0.062888 -0.65963 3.5217 -0.05664 -0.9977 3.4022 0.85922 -1.1969 1.9 1.4694 -2.1439 0.79241 1.9734 -0.32924 3.67 -0.9711 0.010076 2.1146 -1.3379 -0.57965 0.8002 -1.8876 -0.25632 -0.014304 0.74672 -0.78947 -2.0349 0.52923 -0.036041 -3.656 0.76431 0.25632 0.014304 -0.74672 -0.74105 -1.8115 -1.0402 -0.13999 -3.426 -0.50843
5 71 288 -0.94954 4.7413 0.050145 -0.59713 3.5335 -0.070338 -0.87802 3.4461 0.86818 -1.2443 1.9735 1.4732 -2.3947 1.0557 1.9335 -0.32329 3.6498 -1.0078 -0.0011241 2.0876 -1.3607 -0.50165 0.70629 -1.8287 -0.16206 0.0082359 0.77277 -0.41752 -2.0725 0.63278 0.41867 -3.6687 0.69387 0.16206 -0.0082355 -0.77277 -1.0018 -1.7501 -0.93262 -0.82302 -3.5008 -0.5402
5 72 288 -0.91132 4.7501 -0.019468 -0.56573 3.5381 -0.11542 -0.87113 3.4666 0.81676 -1.2978 1.9995 1.395 -2.5274 1.1377 1.7459 -0.26717 3.6387 -1.0471 0.068103 2.0731 -1.3715 -0.36871 0.67172 -1.8437 -0.17049 0.016142 0.77083 -0.3364 -2.0736 0.63085 0.51881 -3.6599 0.68765 0.17049 -0.016142 -0.77083 -1.0089 -1.7444 -0.96166 -0.88693 -3.4967 -0.55486
5 73 288 -0.86448 4.7603 -0.090924 -0.53138 3.543 -0.15525 -0.86438 3.4942 0.76892 -1.3168 2.0275 1.3282 -2.6079 1.2165 1.5584 -0.20485 3.6208 -1.0797 0.13865 2.0514 -1.3758 -0.23566 0.63155 -1.8466 -0.18151 0.021533 0.76817 -0.26655 -2.0729 0.62495 0.61576 -3.6441 0.68508 0.18151 -0.021533 -0.76817 -1.0022 -1.7431 -0.99037 -0.89821 -3.4922 -0.5656
5 74 288 -0.83142 4.7652 -0.16859 -0.50876 3.5437 -0.20319 -0.85771 3.5145 0.71591 -1.3067 2.044 1.2678 -2.6376 1.2733 1.3801 -0.16597 3.6021 -1.1232 0.18553 2.0279 -1.3827 -0.13525 0.59054 -1.8395 -0.18464 0.029886 0.76715 -0.19111 -2.067 0.63489 0.71908 -3.6221 0.69719 0.18464 -0.029886 -0.76715 -0.994 -1.7504 -1.0219 -0.84459 -3.4861 -0.55715
5 75 288 -0.806 4.77 -0.22036 -0.49218 3.5459 -0.2202 -0.86057 3.5405 0.69174 -1.2825 2.0603 1.2394 -2.6214 1.2958 1.2589 -0.12968 3.5804 -1.1338 0.22418 2.0017 -1.3602 -0.062453 0.55247 -1.802 -0.1944 0.02582 0.76488 -0.14653 -2.071 0.64055 0.81569 -3.5935 0.72471 0.1944 -0.02582 -0.76488 -0.97274 -1.7483 -1.0565 -0.7647 -3.4641 -0.54283
5 76 288 -0.76001 4.7764 -0.28104 -0.45782 3.5495 -0.249 -0.84707 3.563 0.65414 -1.2093 2.0729 1.2174 -2.5304 1.2801 1.1552 -0.07413 3.5652 -1.1545 0.27524 1.9815 -1.3502 1.2102e-05 0.52578 -1.7779 -0.2157 0.026851 0.75911 -0.099275 -2.068 0.64723 0.91375 -3.555 0.76283 0.2157 -0.026851 -0.75911 -0.94036 -1.7507 -1.085 -0.69308 -3.451 -0.53855
5 90 312 -0.72333 4.7787 -0.39167 -0.46057 3.5414 -0.33347 -0.72357 3.5779 0.61356 -0.29902 2.1094 1.1897 -0.75431 0.74275 1.7399 -0.20333 3.5341 -1.2828 -0.33794 1.9354 -1.5906 -1.357 0.81597 -1.8839 -0.25443 0.025657 0.74707 -1.3713 -1.6972 0.30131 -1.3521 -3.4825 0.55307 0.25443 -0.025657 -0.74707 -0.11929 -2.0822 -0.53403 0.80817 -3.5283 0.013211
5 91 312 -0.72678 4.779 -0.38311 -0.4637 3.5416 -0.32582 -0.7453 3.5672 0.61621 -0.35078 2.0947 1.2035 -0.85706 0.73653 1.7296 -0.18794 3.5452 -1.2699 -0.28893 1.9435 -1.575 -1.2915 0.81712 -1.8973 -0.27101 0.020752 0.74136 -1.4125 -1.6756 0.25799 -1.5477 -3.4701 0.3697 0.27101 -0.020752 -0.74136 0.0012718 -2.0908 -0.50343 0.92991 -3.5264 0.068813
5 92 312 -0.73023 4.7794 -0.37715 -0.46886 3.5418 -0.31467 -0.777 3.5642 0.61909 -0.41228 2.0875 1.215 -0.96944 0.74017 1.7169 -0.16657 3.5486 -1.2506 -0.22881 1.9444 -1.5529 -1.1928 0.79224 -1.9006 -0.28888 0.014583 0.73473 -1.4326 -1.6621 0.19173 -1.6884 -3.4468 0.21378 0.28888 -0.014583 -0.73473 0.1155 -2.0921 -0.47396 1.0485 -3.5146 0.12352
5 94 324 -0.79753 4.7799 -0.19306 -0.52822 3.5424 -0.18507 -0.69127 3.548 0.78485 -0.2643 2.063 1.3152 -0.81109 0.7402 1.8886 -0.37143 3.5659 -1.1558 -0.39727 1.9563 -1.434 -1.2582 0.69749 -1.6616 -0.17289 0.002315 0.77045 -1.3703 -1.6763 0.36708 -1.6572 -3.4564 0.37839 0.17289 -0.0023146 -0.77045 0.20817 -2.0828 -0.47962 1.293 -3.4534 -0.037489
5 95 324 -0.80106 4.7796 -0.18494 -0.53507 3.5413 -0.17894 -0.73051 3.5382 0.78499 -0.32946 2.048 1.3208 -0.91566 0.73251 1.8718 -0.34589 3.5735 -1.1436 -0.31276 1.9638 -1.4202 -1.0536 0.64064 -1.6996 -0.1991 -0.0017333 0.7641 -1.3586 -1.6933 0.30747 -1.6214 -3.477 0.32092 0.1991 0.0017333 -0.7641 0.28269 -2.0789 -0.4842 1.4035 -3.4116 -0.016558
5 98 336 -0.81092 4.7813 0.020052 -0.55905 3.5417 -0.047098 -0.63877 3.4928 0.93199 -0.22258 1.9841 1.4005 -0.73504 0.65759 1.9967 -0.48543 3.6198 -1.0248 -0.29901 2.0276 -1.3388 -0.73159 0.58168 -1.655 -0.10569 -0.003993 0.7825 -1.258 -1.7383 0.50188 -1.2009 -3.5362 0.62514 0.10569 0.003993 -0.7825 0.29358 -2.0804 -0.59765 1.628 -3.2637 -0.33269
5 99 336 -0.80573 4.7815 0.014213 -0.55768 3.5414 -0.05637 -0.67946 3.4801 0.91769 -0.30768 1.9643 1.4002 -0.83301 0.63169 1.971 -0.44199 3.6317 -1.0289 -0.2008 2.0506 -1.3615 -0.58454 0.59784 -1.7077 -0.13454 -0.0030041 0.77807 -1.2234 -1.774 0.47447 -1.0564 -3.5633 0.62111 0.13454 0.0030046 -0.77807 0.25983 -2.0913 -0.66557 1.6472 -3.1999 -0.3541
5 100 336 -0.83036 4.7761 -0.013442 -0.5769 3.537 -0.08135 -0.74385 3.467 0.88539 -0.42833 1.9424 1.3802 -0.96952 0.60515 1.9248 -0.4162 3.6361 -1.0466 -0.12273 2.0667 -1.3924 -0.50373 0.61945 -1.764 -0.16341 0.00047398 0.77253 -1.1838 -1.8079 0.45164 -0.92206 -3.584 0.61849 0.16341 -0.0004735 -0.77253 0.16864 -2.1014 -0.75014 1.6122 -3.1163 -0.37986
5 104 348 -0.88422 4.7686 0.05686 -0.59798 3.537 -0.016095 -0.73592 3.4552 0.95429 -0.61965 1.9016 1.4457 -1.2302 0.59827 1.9991 -0.46722 3.6477 -0.98461 -0.16737 2.0876 -1.3653 -0.76445 0.71629 -1.7405 -0.096358 -0.0021744 0.78371 -0.8912 -1.9368 0.58446 -0.25241 -3.6178 0.71485 0.096358 0.0021744 -0.78371 -0.53098 -1.9991 -0.90893 0.88676 -3.07 -0.60223
5 105 348 -0.8845 4.7689 0.023025 -0.59811 3.5367 -0.037217 -0.76436 3.4589 0.92905 -0.72162 1.9019 1.4217 -1.4362 0.63235 1.9271 -0.43921 3.6434 -1.002 -0.13879 2.0786 -1.3625 -0.77309 0.72853 -1.7531 -0.11601 -0.00028229 0.78105 -0.84073 -1.9602 0.56236 -0.11357 -3.6038 0.70666 0.11601 0.00028276 -0.78105 -0.66257 -1.9452 -0.93271 0.59907 -3.1922 -0.60998
5 106 348 -0.89264 4.7676 -0.005767 -0.60411 3.5354 -0.053616 -0.79354 3.4625 0.90875 -0.81093 1.905 1.4015 -1.6492 0.68724 1.8396 -0.42215 3.6373 -1.0148 -0.13337 2.0656 -1.3542 -0.77512 0.72174 -1.7541 -0.13317 -0.00047112 0.77831 -0.77277 -1.9889 0.55136 0.031838 -3.5951 0.70487 0.13317 0.00047112 -0.77831 -0.77472 -1.8863 -0.95132 0.28801 -3.3081 -0.6351
5 110 336 -0.80541 4.7743 -0.31175 -0.53552 3.5383 -0.25202 -0.94625 3.4999 0.64083 -1.1818 1.9468 1.0894 -2.3509 0.94329 1.0295 -0.13177 3.6057 -1.1463 0.20916 2.021 -1.3496 -0.26739 0.6448 -1.8561 -0.29891 0.013216 0.73074 -0.41568 -2.078 0.56445 0.47661 -3.613 0.87799 0.29891 -0.013217 -0.73074 -0.8394 -1.737 -1.1142 -0.76646 -3.5381 -1.0722
5 111 336 -0.77854 4.778 -0.31793 -0.51293 3.541 -0.25804 -0.90373 3.5085 0.64395 -1.1447 1.9553 1.0891 -2.3304 0.97413 0.99335 -0.12885 3.6026 -1.1614 0.21738 2.0172 -1.3497 -0.22449 0.62438 -1.8421 -0.28249 0.018094 0.73714 -0.30132 -2.0798 0.62461 0.62399 -3.5963 0.93297 0.28249 -0.018094 -0.73714 -0.89826 -1.7253 -1.0622 -0.91403 -3.5265 -1.1416
5 112 336 -0.75188 4.7817 -0.32696 -0.49298 3.5435 -0.26197 -0.87017 3.5214 0.64611 -1.1024 1.9675 1.0935 -2.2884 0.98809 0.98502 -0.12219 3.5946 -1.1715 0.2252 2.0081 -1.3481 -0.1809 0.59882 -1.824 -0.27001 0.020667 0.74173 -0.20172 -2.0783 0.67774 0.76584 -3.5671 0.99122 0.27001 -0.020667 -0.74173 -0.92744 -1.7192 -1.0508 -0.98636 -3.5174 -1.1688
6 0 300 -1.0572 4.7141 -0.0015463 -0.8161 3.4745 -0.096816 -1.145 3.3527 0.82207 -0.82693 1.8042 1.234 -1.448 0.43396 1.5721 -0.49351 3.6253 -1.0136 -0.18058 2.1336 -1.6016 -0.52715 0.85687 -2.3937 -0.23369 -0.011706 0.75415 -0.88586 -1.9894 0.47541 -0.67276 -3.7184 0.94029 0.23369 0.011706 -0.75415 -0.38294 -1.9967 -0.76954 0.22256 -3.6925 -0.86262
6 2 312 -1.0871 4.7097 0.052645 -0.84935 3.47 -0.042066 -1.1104 3.3431 0.89766 -0.75589 1.8008 1.3032 -1.3655 0.424 1.6356 -0.59509 3.6259 -0.97931 -0.24418 2.1509 -1.5875 -0.60362 0.89194 -2.4021 -0.17742 -0.011961 0.76934 -0.7966 -2.0096 0.56806 -0.42856 -3.7348 0.94072 0.17742 0.011961 -0.76934 -0.44826 -1.9937 -0.78375 0.16058 -3.6823 -0.95306
6 3 312 -1.0915 4.7089 -0.015996 -0.8463 3.4697 -0.095839 -1.1582 3.3383 0.82763 -0.84894 1.7971 1.2727 -1.5011 0.43061 1.5641 -0.54144 3.6301 -1.0171 -0.12736 2.1534 -1.5799 -0.41813 0.88754 -2.411 -0.23004 -0.013711 0.75524 -0.80354 -2.0204 0.51285 -0.41172 -3.7428 0.87411 0.23004 0.013711 -0.75524 -0.36057 -2.0012 -0.83124 0.28352 -3.6837 -0.90353
6 5 324 -1.0493 4.7177 0.095282 -0.82654 3.4757 -0.0016972 -1.0468 3.3491 0.94847 -0.74839 1.8051 1.3909 -1.4308 0.48342 1.7971 -0.61289 3.6312 -0.94908 -0.25489 2.135 -1.4986 -0.5882 0.83068 -2.2504 -0.17342 -0.020075 0.77008 -0.71339 -2.0392 0.55568 -0.20258 -3.7483 0.81846 0.17342 0.020075 -0.77008 -0.32397 -2.0202 -0.83368 0.34993 -3.6909 -0.75806
6 6 324 -1.0344 4.7207 0.048023 -0.81096 3.4785 -0.040164 -1.0727 3.3448 0.89843 -0.82662 1.8024 1.3772 -1.5512 0.50313 1.7829 -0.55593 3.6411 -0.97605 -0.18012 2.1297 -1.469 -0.48248 0.80733 -2.2023 -0.22391 -0.021998 0.75689 -0.72059 -2.0475 0.50235 -0.18984 -3.7502 0.76712 0.22391 0.021998 -0.75689 -0.25065 -2.023 -0.8419 0.40896 -3.6908 -0.65727
6 7 324 -0.99989 4.7299 0.0042802 -0.77775 3.4865 -0.067903 -1.0905 3.3538 0.85509 -0.90621 1.8134 1.3669 -1.6573 0.5319 1.7809 -0.47165 3.6481 -0.98852 -0.084614 2.1214 -1.4222 -0.38029 0.78706 -2.1362 -0.27092 -0.024261 0.74129 -0.72595 -2.0553 0.45482 -0.16973 -3.749 0.72486 0.27092 0.02426 -0.74129 -0.1964 -2.0215 -0.84414 0.44313 -3.684 -0.5644
6 9 336 -0.95661 4.741 0.085131 -0.74661 3.4957 0.010876 -0.97001 3.3742 0.96098 -0.79667 1.8386 1.4908 -1.4835 0.57914 2.0561 -0.52957 3.6462 -0.93655 -0.2021 2.0955 -1.3327 -0.6729 0.7579 -1.9384 -0.18271 -0.021254 0.7679 -0.6285 -2.0594 0.51971 0.013405 -3.7384 0.66097 0.18271 0.021254 -0.7679 -0.38524 -2.0013 -0.79734 0.34092 -3.6334 -0.55227
6 10 336 -0.94274 4.7464 0.02372 -0.7303 3.5005 -0.025722 -0.99625 3.3825 0.91381 -0.88087 1.8466 1.4582 -1.5859 0.59123 2.0102 -0.47075 3.6475 -0.96294 -0.12856 2.0885 -1.3111 -0.61357 0.75296 -1.91 -0.20963 -0.019176 0.76104 -0.6318 -2.059 0.48718 0.032038 -3.7296 0.6271 0.20963 0.019176 -0.76104 -0.44329 -1.977 -0.81806 0.32397 -3.585 -0.54133
6 11 336 -0.93017 4.7507 -0.036966 -0.71905 3.5038 -0.056455 -1.0279 3.3982 0.87135 -0.95543 1.8617 1.4216 -1.6941 0.61046 1.9378 -0.41659 3.6386 -0.98259 -0.064985 2.0738 -1.2934 -0.55182 0.73988 -1.8945 -0.22233 -0.01634 0.7575 -0.61267 -2.0607 0.46995 0.069149 -3.7246 0.60115 0.22233 0.016339 -0.7575 -0.53077 -1.9421 -0.8653 0.23805 -3.5443 -0.5607
6 12 336 -0.9289 4.7524 -0.083968 -0.71859 3.5053 -0.076943 -1.0621 3.4124 0.83998 -1.0295 1.8712 1.3806 -1.8112 0.62397 1.84 -0.38147 3.6273 -0.99282 -0.019409 2.059 -1.2726 -0.49284 0.7227 -1.879 -0.22677 -0.016709 0.75617 -0.58063 -2.0664 0.45969 0.12041 -3.7232 0.57989 0.22677 0.016708 -0.75617 -0.62495 -1.8973 -0.91582 0.068927 -3.5325 -0.60677
6 13 336 -0.93176 4.7522 -0.12942 -0.72308 3.5052 -0.093807 -1.0983 3.4314 0.81234 -1.096 1.8836 1.3351 -1.934 0.64458 1.7094 -0.35416 3.6081 -0.99972 0.018383 2.0385 -1.2571 -0.42546 0.69233 -1.8643 -0.23248 -0.018235 0.7544 -0.53003 -2.0776 0.46297 0.18725 -3.7282 0.57155 0.23248 0.018235 -0.7544 -0.70063 -1.8544 -0.94658 -0.13452 -3.5425 -0.66253
6 14 336 -0.92418 4.7529 -0.17088 -0.72246 3.5058 -0.1147 -1.1149 3.4422 0.78491 -1.1329 1.8879 1.2873 -2.0315 0.66517 1.5615 -0.33637 3.5985 -1.0145 0.049325 2.029 -1.2527 -0.35563 0.66799 -1.8537 -0.2354 -0.015932 0.75355 -0.45503 -2.0872 0.47769 0.26504 -3.7375 0.57064 0.2354 0.015931 -0.75355 -0.76195 -1.8212 -0.96463 -0.33472 -3.5552 -0.7167
6 15 336 -0.92631 4.751 -0.20736 -0.72766 3.5045 -0.13711 -1.1252 3.4452 0.76054 -1.1537 1.8869 1.2499 -2.1104 0.68861 1.4126 -0.33653 3.5929 -1.0352 0.062404 2.0247 -1.2598 -0.29522 0.64498 -1.848 -0.23721 -0.012546 0.75304 -0.37176 -2.0938 0.49913 0.35275 -3.7431 0.57567 0.23721 0.012546 -0.75304 -0.81492 -1.7924 -0.97576 -0.54651 -3.5644 -0.7787
6 16 336 -0.92736 4.7504 -0.2371 -0.72617 3.5048 -0.1588 -1.1295 3.4508 0.73662 -1.1581 1.8898 1.2174 -2.1649 0.72307 1.2701 -0.32935 3.5879 -1.0549 0.084158 2.0219 -1.2682 -0.22815 0.6247 -1.8408 -0.23652 -0.0084033 0.75332 -0.2717 -2.0975 0.53236 0.45626 -3.746 0.58985 0.23652 0.0084028 -0.75332 -0.85866 -1.7693 -0.98687 -0.76307 -3.5644 -0.84691
6 17 336 -0.92382 4.7511 -0.26422 -0.71609 3.5068 -0.17975 -1.1196 3.4576 0.71587 -1.1385 1.8951 1.1925 -2.1829 0.7615 1.1509 -0.31919 3.585 -1.0763 0.10547 2.0211 -1.2825 -0.16561 0.61016 -1.8424 -0.23483 -0.003233 0.75389 -0.16295 -2.0943 0.56293 0.56796 -3.742 0.6074 0.23483 0.0032325 -0.75389 -0.89725 -1.749 -1.0038 -0.96822 -3.5481 -0.90836
6 18 336 -0.91624 4.752 -0.28436 -0.70677 3.5085 -0.19464 -1.1027 3.4624 0.70452 -1.1149 1.8979 1.1745 -2.182 0.79036 1.0624 -0.31754 3.5837 -1.0948 0.11745 2.0216 -1.2936 -0.12576 0.60032 -1.8399 -0.22708 0.001627 0.75626 -0.072088 -2.087 0.58962 0.68526 -3.7229 0.62745 0.22708 -0.001627 -0.75626 -0.91728 -1.7455 -1.0083 -1.1449 -3.5332 -0.95206
6 19 336 -0.89885 4.7547 -0.30804 -0.68894 3.5113 -0.21438 -1.0763 3.4737 0.68888 -1.0755 1.9086 1.157 -2.1573 0.82105 1.0003 -0.30819 3.5779 -1.1188 0.1348 2.0173 -1.3117 -0.088498 0.58885 -1.8477 -0.21858 0.0090504 0.75871 0.034942 -2.0719 0.61857 0.80465 -3.7021 0.64948 0.21858 -0.0090508 -0.75871 -0.93275 -1.7493 -1.0045 -1.2334 -3.5269 -0.98058
6 20 336 -0.88154 4.7578 -0.31625 -0.67267 3.5142 -0.22113 -1.0429 3.4825 0.68954 -1.0251 1.9196 1.1644 -2.1126 0.84093 0.98668 -0.30902 3.5749 -1.133 0.13906 2.0152 -1.3204 -0.073129 0.58205 -1.8485 -0.20658 0.013275 0.762 0.14837 -2.0546 0.65087 0.93641 -3.676 0.68045 0.20658 -0.013275 -0.762 -0.94838 -1.7524 -0.99812 -1.2656 -3.5273 -0.99332
6 23 324 -0.79276 4.7573 -0.48494 -0.62179 3.5122 -0.3456 -1.129 3.5042 0.49701 -1.1072 1.9589 1.0264 -2.0889 0.79976 0.76134 -0.12046 3.5492 -1.191 0.33307 1.9825 -1.2831 0.20423 0.5405 -1.8139 -0.34514 0.0042269 0.71018 0.23239 -2.0137 0.80325 1.1389 -3.5451 1.0932 0.34514 -0.0042267 -0.71018 -0.72253 -1.7627 -1.137 -0.93422 -3.5532 -1.1401
6 24 324 -0.78248 4.7565 -0.50437 -0.62071 3.5107 -0.36113 -1.1311 3.5078 0.47962 -1.0511 1.9691 1.0222 -1.9767 0.74294 0.88963 -0.11607 3.5427 -1.2047 0.30655 1.9683 -1.3125 0.15576 0.52798 -1.8419 -0.35537 0.0066936 0.7051 0.28868 -1.9873 0.85855 1.2376 -3.4816 1.2012 0.35537 -0.0066936 -0.7051 -0.73102 -1.7511 -1.1423 -0.84948 -3.5493 -1.0846
6 25 324 -0.78131 4.7588 -0.47277 -0.62353 3.5109 -0.34281 -1.133 3.5027 0.49849 -1.0142 1.9681 1.0459 -1.8478 0.67105 1.0697 -0.11974 3.5483 -1.1867 0.26518 1.9658 -1.3137 0.059514 0.53657 -1.8547 -0.35217 0.003053 0.70673 0.3176 -1.978 0.90928 1.3202 -3.4201 1.3168 0.35217 -0.003053 -0.70673 -0.70886 -1.7716 -1.1076 -0.73646 -3.5712 -0.99925
6 26 324 -0.79899 4.7595 -0.41493 -0.64443 3.5091 -0.30335 -1.1477 3.496 0.54161 -1.0191 1.9597 1.082 -1.7451 0.61075 1.2578 -0.14665 3.5514 -1.1506 0.20266 1.963 -1.3036 -0.084584 0.55705 -1.868 -0.33849 -0.0062075 0.71336 0.26301 -2.0081 0.92551 1.3532 -3.36 1.4099 0.33849 0.006207 -0.71336 -0.66473 -1.8083 -1.0531 -0.61922 -3.6046 -0.90479
6 27 324 -0.81608 4.7601 -0.36997 -0.65481 3.5087 -0.27987 -1.1358 3.486 0.57776 -1.0012 1.947 1.1089 -1.6422 0.57633 1.4059 -0.17942 3.5607 -1.1393 0.14443 1.9704 -1.3256 -0.24807 0.6007 -1.9152 -0.3252 -0.0070906 0.71951 0.13074 -2.0492 0.91027 1.3288 -3.2778 1.4635 0.3252 0.0070906 -0.71951 -0.62692 -1.8434 -1.0083 -0.50581 -3.6327 -0.82194
6 28 324 -0.85178 4.7576 -0.32556 -0.66961 3.5072 -0.26146 -1.1141 3.4688 0.61507 -0.96617 1.9326 1.1508 -1.5886 0.56439 1.4947 -0.23099 3.5748 -1.1392 0.070893 1.9864 -1.3729 -0.43377 0.66087 -1.9779 -0.30836 -0.0058818 0.7269 -0.064051 -2.0879 0.86789 1.241 -3.1753 1.4723 0.30836 0.0058813 -0.7269 -0.59473 -1.8762 -0.96424 -0.39595 -3.6547 -0.74375
6 29 324 -0.88664 4.7545 -0.27533 -0.68867 3.5056 -0.23314 -1.0978 3.4568 0.65995 -0.92703 1.9251 1.2016 -1.5908 0.57495 1.5395 -0.28581 3.5835 -1.127 -0.021884 2.0003 -1.4312 -0.63249 0.72083 -2.0376 -0.29129 -0.0091043 0.73387 -0.28829 -2.1091 0.79992 1.0834 -3.0929 1.4336 0.29129 0.0091043 -0.73387 -0.56069 -1.9018 -0.92584 -0.29421 -3.6662 -0.66747
6 34 324 -0.89164 4.7574 -0.20473 -0.66196 3.5129 -0.22107 -0.94933 3.4388 0.71663 -0.66202 1.9101 1.2158 -1.5334 0.66999 1.4997 -0.38129 3.616 -1.1581 -0.46885 2.1007 -1.7622 -1.3977 1.0561 -2.4131 -0.28275 -0.00090551 0.73726 -1.2226 -1.8357 0.33168 -0.38384 -3.3664 0.78378 0.28275 0.00090551 -0.73726 -0.33047 -2.0083 -0.77293 0.26236 -3.6552 -0.34027
6 35 324 -0.87378 4.7612 -0.20714 -0.64557 3.5165 -0.22172 -0.92666 3.4422 0.71787 -0.62798 1.9133 1.2099 -1.4848 0.66353 1.4953 -0.37117 3.6197 -1.1606 -0.50086 2.1161 -1.7858 -1.4902 1.1298 -2.4386 -0.28979 -0.0016961 0.73452 -1.2905 -1.7909 0.2743 -0.74608 -3.4772 0.60731 0.28979 0.0016956 -0.73452 -0.23279 -2.0333 -0.73187 0.3952 -3.6595 -0.2716
6 36 324 -0.85128 4.7659 -0.21145 -0.62611 3.5206 -0.22064 -0.90956 3.4468 0.71828 -0.59701 1.9195 1.2063 -1.4154 0.64584 1.4994 -0.34927 3.6234 -1.1588 -0.50525 2.1264 -1.7939 -1.5412 1.1914 -2.4499 -0.30256 -0.0040016 0.72934 -1.3176 -1.7763 0.23642 -1.0935 -3.5544 0.43344 0.30256 0.0040011 -0.72934 -0.10623 -2.0565 -0.69095 0.53711 -3.6675 -0.19941
6 43 336 -0.76334 4.786 -0.064156 -0.56983 3.5365 -0.083249 -0.76107 3.4537 0.87796 -0.26793 1.9566 1.3073 -0.58068 0.5384 1.8256 -0.38452 3.6484 -1.0427 -0.46823 2.1144 -1.5981 -1.4383 1.017 -2.0802 -0.25308 -0.019608 0.74771 -1.2462 -1.8299 0.35908 -1.6949 -3.5724 0.24384 0.25308 0.019608 -0.74771 0.57832 -2.0412 -0.49952 1.531 -3.5076 -0.0603
6 44 336 -0.75659 4.7843 -0.095455 -0.57084 3.5335 -0.11703 -0.77771 3.4521 0.84105 -0.2824 1.955 1.268 -0.58839 0.5404 1.7999 -0.36983 3.6442 -1.0734 -0.35923 2.1003 -1.6072 -1.2033 0.911 -2.108 -0.26021 -0.0076678 0.74547 -1.2293 -1.8257 0.33314 -1.5989 -3.5876 0.23372 0.26021 0.0076678 -0.74547 0.64842 -2.0414 -0.49056 1.6787 -3.4546 -0.052174
6 45 336 -0.74144 4.7858 -0.090679 -0.561 3.5343 -0.12032 -0.77198 3.4488 0.83652 -0.29119 1.9481 1.2673 -0.61047 0.53871 1.8052 -0.35573 3.649 -1.0753 -0.23866 2.0969 -1.5716 -0.91533 0.8162 -2.1003 -0.25537 -0.0011201 0.74718 -1.2192 -1.8202 0.32733 -1.4455 -3.6079 0.26617 0.25537 0.0011201 -0.74718 0.7038 -2.0352 -0.48945 1.8038 -3.3934 -0.046247
6 56 348 -0.65243 4.7999 -0.18766 -0.48468 3.5466 -0.15246 -0.7978 3.4933 0.77839 -1.1633 1.9782 1.2681 -2.3695 1.0305 1.4247 -0.17679 3.6292 -1.0829 0.16518 2.0579 -1.3707 -0.40984 0.71356 -1.8603 -0.18154 0.022614 0.76813 -0.34485 -2.0562 0.51111 0.3948 -3.7004 0.53031 0.18154 -0.022614 -0.76813 -0.86697 -1.8373 -0.91559 -0.50257 -3.5963 -0.75979
6 57 348 -0.61685 4.8041 -0.20161 -0.45738 3.5497 -0.16503 -0.76482 3.5023 0.76803 -1.1797 1.9958 1.2445 -2.4709 1.1547 1.2988 -0.15497 3.6264 -1.0978 0.16416 2.05 -1.3842 -0.43166 0.70832 -1.8559 -0.17358 0.027805 0.7698 -0.16704 -2.062 0.55265 0.58119 -3.7024 0.5422 0.17358 -0.027806 -0.7698 -0.91557 -1.8206 -0.88737 -0.8709 -3.6206 -0.79254
6 58 348 -0.5852 4.8075 -0.21126 -0.43416 3.5521 -0.17168 -0.7318 3.5116 0.76488 -1.1771 2.0113 1.2334 -2.5323 1.2771 1.1873 -0.14133 3.6221 -1.108 0.16128 2.0431 -1.3979 -0.4493 0.70318 -1.8556 -0.15915 0.032121 0.77275 0.0046477 -2.0544 0.58855 0.7597 -3.6913 0.55142 0.15915 -0.032122 -0.77275 -0.9535 -1.8125 -0.85311 -1.1868 -3.5995 -0.79672
6 61 336 -0.47688 4.8106 -0.3627 -0.3487 3.5543 -0.28301 -0.78374 3.5376 0.59894 -1.3116 2.0366 0.96893 -2.6465 1.4662 0.44901 0.081875 3.6005 -1.1661 0.40297 2.0158 -1.399 -0.074488 0.65904 -1.9549 -0.26364 0.047941 0.74276 0.29548 -1.9773 0.72841 1.1052 -3.586 0.81464 0.26364 -0.047941 -0.74276 -0.83582 -1.8265 -0.94826 -1.3322 -3.5595 -0.98265
6 63 336 -0.47834 4.806 -0.38356 -0.36878 3.5483 -0.29456 -0.76328 3.5565 0.60636 -1.1871 2.0366 1.0296 -2.4764 1.3549 0.52908 0.021812 3.5697 -1.197 0.3275 1.9814 -1.426 -0.096046 0.59372 -1.9482 -0.21535 0.049093 0.7581 0.48979 -1.9296 0.79897 1.3879 -3.489 0.91142 0.21535 -0.049093 -0.7581 -0.89071 -1.8285 -0.91534 -1.1771 -3.608 -0.86873
6 64 336 -0.49283 4.8031 -0.36954 -0.39593 3.5458 -0.26412 -0.77218 3.5712 0.64426 -1.1052 2.0375 1.0978 -2.3476 1.2294 0.67217 -0.023313 3.55 -1.1743 0.27248 1.9589 -1.3972 -0.11994 0.5553 -1.9008 -0.20481 0.031991 0.76192 0.49755 -1.9476 0.81089 1.5002 -3.4373 0.9727 0.20481 -0.031991 -0.76192 -0.89408 -1.8154 -0.9239 -1.0492 -3.6087 -0.82019
