0 4 300 0.53004 4.8022 -0.36883 0.30849 3.5659 -0.21969 0.0015992 3.4677 -1.149 -0.75365 2.5219 -2.2461 -0.92078 2.8389 -3.7459 0.61937 3.6931 0.70471 1.6235 2.5689 1.3344 3.1412 2.412 1.1117 0.00078235 -0.042154 -0.78849 1.0681 -1.8364 -0.5524 1.0877 -3.6162 -0.84066 -0.0007823 0.042153 0.78849 -0.30873 -2.0309 0.63981 -1.2716 -3.5013 0.23798
0 5 288 0.57244 4.7961 -0.37537 0.3395 3.5641 -0.20301 0.064121 3.4598 -1.1414 -0.78423 2.5532 -2.2031 -1.0703 2.901 -3.6778 0.61927 3.6976 0.73042 1.6381 2.5585 1.3078 3.1379 2.4184 0.97845 0.097514 -0.047015 -0.78216 1.1416 -1.8202 -0.35801 1.2304 -3.6019 -0.62017 -0.097514 0.047015 0.78216 -0.42103 -2.0158 0.54889 -1.3029 -3.4745 -0.038672
0 6 276 0.63609 4.7888 -0.34202 0.38419 3.5613 -0.16037 0.15012 3.4635 -1.1106 -0.76862 2.5874 -2.1388 -1.1632 2.9631 -3.5813 0.62328 3.6881 0.78521 1.6587 2.5372 1.307 3.1378 2.421 0.88716 0.19822 -0.047612 -0.76285 1.1817 -1.7985 -0.14532 1.3294 -3.5814 -0.37015 -0.19822 0.047612 0.76285 -0.50059 -2.0086 0.45487 -1.2655 -3.4515 -0.30926
0 7 264 0.70139 4.7798 -0.2979 0.42624 3.5579 -0.11239 0.24948 3.4632 -1.0753 -0.72947 2.6214 -2.0762 -1.1992 3.0146 -3.4913 0.60851 3.6815 0.84617 1.6605 2.5226 1.3142 3.1179 2.4391 0.81771 0.29867 -0.050315 -0.72922 1.1832 -1.7775 0.076283 1.3754 -3.5613 -0.10235 -0.29867 0.050314 0.72922 -0.56049 -2.0005 0.35538 -1.1732 -3.4268 -0.56188
0 8 252 0.76574 4.7706 -0.23384 0.46451 3.554 -0.056743 0.35757 3.4615 -1.0301 -0.64914 2.6408 -2.0209 -1.1755 3.0351 -3.4156 0.57736 3.6754 0.91273 1.6459 2.5108 1.3259 3.0817 2.4587 0.76594 0.39204 -0.055267 -0.68319 1.1363 -1.7579 0.29736 1.3644 -3.5423 0.17511 -0.39204 0.055267 0.68319 -0.59956 -1.9902 0.25047 -1.0302 -3.4007 -0.78681
0 9 252 0.77224 4.7618 -0.3107 0.48443 3.5507 -0.084562 0.25314 3.4648 -1.0367 -0.93477 2.6527 -1.8099 -1.7524 3.0302 -3.0616 0.72118 3.6656 0.86313 1.8531 2.4949 0.9933 3.1042 2.4684 0.092323 0.33845 -0.059207 -0.71095 1.1204 -1.7405 0.27715 1.3563 -3.5245 0.16592 -0.33845 0.059207 0.71095 -0.57536 -1.981 0.26853 -1.0327 -3.3802 -0.77258
0 10 240 0.81922 4.7571 -0.21164 0.50522 3.5494 -0.006869 0.36674 3.4719 -0.97753 -0.79396 2.664 -1.7954 -1.5826 3.0016 -3.0766 0.6496 3.6559 0.96017 1.783 2.4832 1.0552 2.9885 2.4843 0.09377 0.43688 -0.0623 -0.65479 1.0328 -1.7269 0.48021 1.289 -3.5113 0.44289 -0.43688 0.0623 0.65479 -0.59795 -1.9714 0.15232 -0.85539 -3.3658 -0.96136
0 11 228 0.84947 4.7522 -0.073751 0.50733 3.5479 0.099788 0.47974 3.4789 -0.88095 -0.59484 2.6587 -1.7981 -1.3054 2.9378 -3.1378 0.54134 3.6458 1.0779 1.6827 2.4795 1.1528 2.8417 2.5142 0.13627 0.53303 -0.058336 -0.57963 0.92557 -1.7182 0.64713 1.1774 -3.503 0.69264 -0.53303 0.058336 0.57963 -0.59742 -1.9725 0.044973 -0.64097 -3.3547 -1.112
0 11 240 0.81558 4.7522 -0.24876 0.51699 3.5479 -0.0078735 0.28609 3.4789 -0.96144 -0.95569 2.6587 -1.6351 -1.9293 2.9378 -2.7978 0.75361 3.6458 0.94175 1.8856 2.4795 0.77771 2.8079 2.5142 -0.45753 0.40087 -0.058336 -0.67779 1.0399 -1.7182 0.44056 1.2957 -3.503 0.4327 -0.40087 0.058336 0.67779 -0.57501 -1.9725 0.1682 -0.85816 -3.3547 -0.95444
0 12 228 0.8523 4.7479 -0.079057 0.51915 3.5455 0.12086 0.42441 3.4861 -0.8563 -0.69885 2.6451 -1.6928 -1.5398 2.8676 -2.9659 0.62037 3.6339 1.0952 1.7659 2.4813 0.928 2.6464 2.5625 -0.33526 0.50647 -0.051195 -0.60363 0.94231 -1.7155 0.60241 1.1868 -3.4998 0.68743 -0.50647 0.051195 0.60363 -0.57649 -1.9782 0.064355 -0.64255 -3.3486 -1.1056
0 12 240 0.81723 4.7479 -0.25453 0.53293 3.5455 0.010285 0.2371 3.4861 -0.92583 -1.0355 2.6451 -1.5105 -2.1228 2.8676 -2.581 0.83451 3.6339 0.94227 1.9203 2.4813 0.54057 2.5188 2.5625 -0.87815 0.3699 -0.051195 -0.69574 1.047 -1.7155 0.39333 1.3037 -3.4998 0.42566 -0.3699 0.051195 0.69574 -0.55051 -1.9782 0.18281 -0.85837 -3.3486 -0.94782
0 13 228 0.85093 4.749 -0.078826 0.52369 3.5459 0.12764 0.38986 3.496 -0.84548 -0.74124 2.6315 -1.6468 -1.6352 2.7994 -2.8919 0.66422 3.6247 1.0979 1.7749 2.4846 0.73021 2.3809 2.634 -0.67979 0.48358 -0.046401 -0.62249 0.95505 -1.7182 0.55954 1.1941 -3.5007 0.68747 -0.48358 0.046401 0.62249 -0.55501 -1.9779 0.06443 -0.64268 -3.3466 -1.1059
0 13 240 0.81595 4.749 -0.25402 0.53878 3.5459 0.01597 0.20556 3.496 -0.90806 -1.0674 2.6315 -1.4567 -2.2007 2.7994 -2.4888 0.87797 3.6247 0.93581 1.8879 2.4846 0.34523 2.1875 2.634 -1.1599 0.34359 -0.046401 -0.70943 1.0505 -1.7182 0.34875 1.311 -3.5007 0.42418 -0.34359 0.046401 0.70943 -0.52949 -1.9779 0.17842 -0.85858 -3.3466 -0.94815
0 14 228 0.87312 4.7451 -0.04643 0.54272 3.542 0.15576 0.3965 3.5022 -0.81604 -0.71113 2.6093 -1.6189 -1.5828 2.7391 -2.8842 0.69598 3.6107 1.1249 1.7543 2.472 0.62278 2.1517 2.6952 -0.85026 0.46865 -0.039922 -0.63425 0.96597 -1.7237 0.51983 1.2102 -3.5023 0.68667 -0.46865 0.039922 0.63425 -0.53268 -1.9819 0.066433 -0.63647 -3.3508 -1.1024
0 14 240 0.84438 4.7451 -0.22695 0.56325 3.542 0.039517 0.21817 3.5022 -0.88064 -1.0322 2.6093 -1.4357 -2.1479 2.7391 -2.4921 0.91464 3.6107 0.95558 1.8454 2.472 0.24444 1.9279 2.6952 -1.279 0.32654 -0.039922 -0.71783 1.0529 -1.7237 0.30763 1.3265 -3.5023 0.42005 -0.32654 0.039922 0.71783 -0.50723 -1.9819 0.17573 -0.85177 -3.3508 -0.94598
0 15 240 0.85603 4.7463 -0.17639 0.56744 3.541 0.073359 0.24009 3.5078 -0.85352 -0.97324 2.5945 -1.4555 -2.0262 2.7051 -2.5766 0.90138 3.603 0.9964 1.7965 2.4694 0.2331 1.7399 2.7527 -1.2816 0.33179 -0.032722 -0.71578 1.0521 -1.7313 0.28924 1.3297 -3.508 0.42148 -0.33179 0.032722 0.71578 -0.50042 -1.9935 0.18622 -0.85022 -3.3568 -0.94068
0 16 240 0.86136 4.7499 -0.12664 0.55705 3.5427 0.096018 0.27744 3.5134 -0.84649 -0.88274 2.584 -1.524 -1.8288 2.6857 -2.7374 0.84357 3.6008 1.0351 1.762 2.4746 0.28874 1.6624 2.786 -1.2182 0.35002 -0.032658 -0.70705 1.0552 -1.7371 0.29886 1.3296 -3.5147 0.42512 -0.35002 0.032658 0.70705 -0.51025 -1.9965 0.18632 -0.84862 -3.3644 -0.93854
0 17 240 0.85057 4.7532 -0.054189 0.53571 3.544 0.14333 0.32309 3.5096 -0.81634 -0.75858 2.574 -1.6059 -1.5563 2.676 -2.9215 0.75521 3.6073 1.1 1.7458 2.4895 0.43816 1.7084 2.7971 -1.0723 0.38512 -0.027241 -0.6888 1.0581 -1.7439 0.31849 1.3279 -3.5228 0.43482 -0.38512 0.027241 0.6888 -0.52581 -2.0116 0.20124 -0.8438 -3.3774 -0.93206
0 17 252 0.82071 4.7532 -0.22985 0.5538 3.544 0.028817 0.1463 3.5096 -0.86568 -1.0759 2.574 -1.4131 -2.1297 2.676 -2.5341 0.9674 3.6073 0.91893 1.7987 2.4895 0.065613 1.4481 2.7971 -1.4041 0.2335 -0.027241 -0.75381 1.1012 -1.7439 0.091547 1.3893 -3.5228 0.14922 -0.2335 0.027241 0.75381 -0.47248 -2.0116 0.30617 -1.0192 -3.3774 -0.73626
0 18 252 0.81142 4.7605 -0.13445 0.52828 3.5469 0.085805 0.21453 3.5081 -0.84555 -0.93483 2.5718 -1.5318 -1.8262 2.6852 -2.785 0.84823 3.6147 1.0134 1.8056 2.5071 0.28852 1.6264 2.7874 -1.2171 0.28877 -0.022707 -0.73457 1.1127 -1.7482 0.1361 1.3892 -3.5295 0.17259 -0.28877 0.022707 0.73457 -0.49519 -2.0282 0.32758 -1.0114 -3.3943 -0.72981
0 19 252 0.792 4.7674 -0.014344 0.49742 3.5486 0.15876 0.30171 3.5092 -0.80431 -0.73416 2.5621 -1.6402 -1.4277 2.6891 -3.0115 0.6995 3.617 1.1189 1.7841 2.5205 0.58036 1.8926 2.7515 -0.94033 0.35703 -0.01656 -0.7041 1.1214 -1.7526 0.19935 1.3852 -3.5361 0.22064 -0.35703 0.01656 0.7041 -0.52791 -2.0492 0.36098 -1.0072 -3.4127 -0.717
0 19 264 0.77172 4.7674 -0.1787 0.51956 3.5486 0.05187 0.12789 3.5092 -0.84947 -1.0591 2.5621 -1.4517 -2.0226 2.6891 -2.6489 0.91685 3.617 0.94901 1.8658 2.5205 0.19674 1.6557 2.7515 -1.3133 0.20283 -0.01656 -0.76294 1.1383 -1.7526 -0.038152 1.4008 -3.5361 -0.072175 -0.20283 0.01656 0.76294 -0.44132 -2.0492 0.46285 -1.1343 -3.4127 -0.49193
0 20 264 0.76309 4.7724 -0.057297 0.49609 3.55 0.13367 0.22608 3.5151 -0.81144 -0.8517 2.5626 -1.5859 -1.6052 2.7005 -2.9242 0.77204 3.614 1.0755 1.8688 2.5329 0.53036 2.0249 2.7034 -0.99418 0.28418 -0.010969 -0.73663 1.157 -1.7648 0.022577 1.3986 -3.5503 -0.046903 -0.28418 0.010969 0.73663 -0.47319 -2.0688 0.5063 -1.126 -3.4325 -0.47613
0 21 264 0.74067 4.7776 0.073901 0.46003 3.5512 0.21357 0.33276 3.523 -0.7613 -0.59832 2.5706 -1.7072 -1.0927 2.7214 -3.16 0.59347 3.6085 1.1863 1.7966 2.5424 0.89541 2.3706 2.6562 -0.53119 0.36742 -0.0042086 -0.69892 1.1725 -1.7775 0.089561 1.3986 -3.5632 -0.01491 -0.36742 0.0042086 0.69892 -0.51953 -2.086 0.55026 -1.1237 -3.455 -0.45558
0 21 276 0.73985 4.7776 -0.081709 0.49439 3.5512 0.11326 0.16721 3.523 -0.81385 -0.9402 2.5706 -1.5455 -1.7258 2.7214 -2.8638 0.82716 3.6085 1.037 1.9435 2.5424 0.50231 2.2084 2.6562 -1.0125 0.21407 -0.0042086 -0.76003 1.1655 -1.7775 -0.15618 1.365 -3.5632 -0.30537 -0.21407 0.0042086 0.76004 -0.39377 -2.086 0.64625 -1.1938 -3.455 -0.212
0 22 276 0.72508 4.7831 0.038848 0.46313 3.5528 0.18136 0.28989 3.5281 -0.7865 -0.66352 2.573 -1.7071 -1.1833 2.7389 -3.1494 0.64226 3.6066 1.147 1.863 2.5532 0.88424 2.5766 2.6188 -0.48107 0.30328 -0.0028431 -0.72905 1.1909 -1.7937 -0.081468 1.36 -3.5781 -0.27701 -0.30328 0.0028429 0.72905 -0.44385 -2.093 0.68412 -1.1905 -3.4785 -0.1956
0 23 288 0.71613 4.7869 0.012969 0.46276 3.5542 0.15374 0.25082 3.5279 -0.80634 -0.72476 2.5808 -1.7118 -1.2471 2.7617 -3.1513 0.68043 3.6096 1.1113 1.9212 2.5695 0.89378 2.7834 2.5973 -0.3843 0.24387 0.00053406 -0.75102 1.1846 -1.8119 -0.25652 1.2713 -3.5922 -0.52811 -0.24387 -0.0005343 0.75102 -0.33698 -2.0989 0.79961 -1.2001 -3.5035 0.069565
0 24 300 0.70932 4.7913 -0.02691 0.46526 3.5559 0.10844 0.22457 3.5337 -0.84494 -0.77009 2.5973 -1.7408 -1.2737 2.79 -3.1855 0.71156 3.6074 1.0593 1.972 2.5823 0.88774 2.9939 2.5718 -0.26692 0.1873 -0.0019205 -0.76708 1.1548 -1.8372 -0.43549 1.1362 -3.6106 -0.76061 -0.1873 0.0019205 0.76708 -0.2129 -2.0954 0.88959 -1.1558 -3.5279 0.33304
0 26 312 0.68298 4.7974 0.01978 0.4279 3.5603 0.11385 0.32519 3.5279 -0.86378 -0.43713 2.6078 -1.9778 -0.57257 2.8002 -3.5017 0.53629 3.622 1.0895 1.8177 2.6313 1.302 3.2702 2.5496 0.79096 0.22189 -0.0027633 -0.7578 1.1299 -1.8863 -0.55276 0.96255 -3.6399 -0.93731 -0.22189 0.0027628 0.7578 -0.12394 -2.0836 0.98573 -1.0555 -3.5771 0.59546
0 27 324 0.65816 4.8016 -0.034867 0.41713 3.5627 0.071688 0.26865 3.5296 -0.90002 -0.46319 2.6128 -2.0369 -0.53209 2.7888 -3.5673 0.57102 3.6249 1.0411 1.8501 2.6471 1.318 3.363 2.5342 1.0422 0.15233 -0.0029111 -0.77478 1.031 -1.9106 -0.71916 0.7474 -3.6518 -1.0915 -0.15233 0.0029106 0.77478 0.030929 -2.0747 1.0283 -0.90833 -3.6001 0.82416
0 28 336 0.63292 4.8054 -0.091437 0.40591 3.5647 0.024418 0.20937 3.5311 -0.93871 -0.47727 2.6078 -2.0983 -0.4537 2.7677 -3.6318 0.60759 3.6274 0.98501 1.8766 2.6667 1.3527 3.412 2.548 1.2744 0.073717 -0.0046096 -0.78616 0.90674 -1.9319 -0.86333 0.50806 -3.659 -1.1937 -0.073717 0.0046096 0.78616 0.1984 -2.0631 1.0405 -0.71288 -3.6188 1.0198
0 93 168 -0.29157 4.7941 -0.27651 -0.14734 3.565 -0.12272 -0.31552 3.6044 0.84554 -0.13849 3.7232 2.4652 0.12905 5.1654 2.941 0.022426 3.5553 -1.0915 0.39556 3.6664 -2.678 0.37838 5.0988 -3.2485 -0.13585 0.015961 0.77768 -0.53465 -2.0447 0.68263 0.054153 -3.7453 0.79216 0.13585 -0.015962 -0.77768 -0.17449 -2.0812 -1.0074 0.58706 -3.7119 -1.1156
0 104 24 0.27505 4.8306 -0.22426 0.25909 3.571 -0.19732 -0.094716 3.4996 -1.1122 1.085 2.5927 -1.7863 2.5983 2.8882 -1.7986 0.61507 3.6718 0.71399 2.034 2.8812 0.53964 3.0639 2.8474 -0.60747 -0.30887 -0.0063686 -0.72668 0.15756 -2.0445 -0.93384 -0.40139 -3.7506 -0.76731 0.30887 0.0063686 0.72668 0.79107 -2.0379 0.6741 0.3097 -3.727 1.0818
0 105 24 0.29419 4.8283 -0.24521 0.2711 3.569 -0.21523 -0.082654 3.4944 -1.1299 0.95985 2.3731 -1.6995 2.498 2.4471 -1.7787 0.62714 3.6731 0.69569 1.9181 2.6799 0.57092 2.9907 2.4757 -0.51794 -0.30486 -0.0089393 -0.72834 0.15751 -2.0483 -0.93242 -0.41384 -3.7506 -0.76895 0.30486 0.0089388 0.72834 0.77941 -2.0371 0.67471 0.29548 -3.726 1.0801
0 106 24 0.30081 4.8273 -0.26401 0.27312 3.5681 -0.22986 -0.083142 3.4909 -1.1434 0.79961 2.204 -1.6263 2.3265 2.0464 -1.7726 0.63171 3.6748 0.67975 1.7811 2.515 0.63085 2.89 2.151 -0.37689 -0.30116 -0.012396 -0.72983 0.15843 -2.0527 -0.9301 -0.42945 -3.7495 -0.76761 0.30116 0.012396 0.72983 0.76286 -2.0367 0.67989 0.27765 -3.7266 1.0793
1 6 192 1.4938 4.5801 -0.39488 1.1888 3.353 -0.36425 0.94892 3.3443 -1.3181 0.16478 2.2507 -2.2443 -0.118 1.9673 -3.7333 1.4349 3.3908 0.58727 1.2322 2.3478 1.8281 1.8542 2.1426 3.2241 -0.22515 -0.011558 -0.75675 0.93009 -1.7524 -0.97824 0.018699 -3.3029 -0.85069 0.22515 0.011558 0.75675 1.3063 -1.7858 0.63394 0.23977 -3.2153 0.89816
1 7 192 1.2912 4.6386 -0.36325 1.0258 3.4036 -0.33358 0.80068 3.3878 -1.2909 -0.034337 2.47 -2.3536 -0.3759 2.485 -3.8572 1.2551 3.4489 0.62179 1.0566 2.5505 1.9717 1.6526 2.6083 3.3927 -0.22275 -0.015726 -0.75739 0.64132 -1.908 -1.0526 -0.083998 -3.5561 -0.96118 0.22275 0.015726 0.75739 1.131 -1.8787 0.7814 0.26438 -3.4456 0.99295
1 33 192 1.3739 4.633 -0.15359 1.1156 3.3957 -0.1878 0.86608 3.4379 -1.1382 0.22033 2.2415 -2.044 0.26739 1.6371 -3.4618 1.372 3.3824 0.76164 1.1786 2.0927 1.7456 1.9917 1.2928 2.7832 -0.25369 0.039126 -0.74673 0.36378 -1.9433 -1.0677 -0.2806 -3.6239 -0.96094 0.25369 -0.039126 0.74673 0.98191 -2.0099 0.73625 0.11742 -3.5296 1.1767
1 34 192 1.4789 4.6012 -0.18787 1.1835 3.3731 -0.23051 0.95322 3.4174 -1.1857 0.32018 2.0687 -1.8558 0.41114 1.1538 -3.0937 1.4217 3.3574 0.72362 1.159 1.9589 1.5261 1.8762 0.909 2.3984 -0.25415 0.033298 -0.74686 0.43987 -1.9403 -0.94042 -0.2188 -3.6002 -0.69197 0.25415 -0.033298 0.74686 1.0329 -1.977 0.57384 0.07097 -3.4762 0.85283
1 35 192 1.5706 4.5705 -0.23654 1.2399 3.3519 -0.27222 1.0162 3.3891 -1.2293 0.41616 1.9356 -1.6721 0.52749 0.78342 -2.6908 1.4725 3.343 0.68338 1.1468 1.8665 1.3018 1.7613 0.64539 2.0152 -0.25177 0.027174 -0.74791 0.49586 -1.9344 -0.83458 -0.23092 -3.5584 -0.54232 0.25177 -0.027174 0.74791 1.0595 -1.9383 0.41695 0.069914 -3.4266 0.65492
1 36 192 1.6683 4.5314 -0.30903 1.3104 3.3206 -0.33424 1.096 3.3474 -1.2938 0.52175 1.834 -1.5145 0.64308 0.52035 -2.3127 1.5344 3.322 0.62346 1.1463 1.8015 1.0774 1.6761 0.46958 1.6457 -0.25149 0.017815 -0.74829 0.60923 -1.8985 -0.78185 -0.21141 -3.4775 -0.49137 0.25149 -0.017815 0.74829 1.0981 -1.8877 0.30005 0.057239 -3.3344 0.57309
1 42 192 1.3655 4.6387 -0.28569 1.0717 3.4091 -0.27566 0.83589 3.4105 -1.2305 0.30215 1.916 -1.6182 0.41998 0.83295 -2.7094 1.315 3.4366 0.67693 1.1667 1.9334 1.2993 2.1073 0.96304 2.0417 -0.226 0.0043054 -0.75657 0.70503 -1.8747 -0.88642 -0.17406 -3.4147 -0.56004 0.226 -0.0043058 0.75657 1.169 -1.8702 0.54789 0.10935 -3.3251 0.65371
2 104 12 1.9528 4.4273 -0.32944 1.4739 3.2615 -0.28835 1.2576 3.2481 -1.2477 0.22011 2.0069 -1.4755 -0.22714 0.65314 -2.0627 1.7029 3.3015 0.66732 0.90399 1.9978 1.2425 0.69272 0.51517 1.6097 -0.17782 0.015883 -0.76917 0.80471 -1.831 -0.96439 0.07835 -3.4807 -0.92399 0.17782 -0.015883 0.76917 1.084 -1.9046 0.6079 0.19362 -3.4545 0.84415
2 105 12 1.8136 4.4883 -0.29184 1.3764 3.3055 -0.25742 1.1591 3.2936 -1.2166 0.09387 2.0766 -1.4471 -0.39206 0.75382 -2.073 1.6055 3.3446 0.69828 0.79581 2.0431 1.2634 0.5787 0.55857 1.6192 -0.17471 0.016369 -0.76987 0.71626 -1.877 -0.95872 0.013078 -3.5369 -0.92535 0.17471 -0.016369 0.76987 0.98931 -1.9474 0.62176 0.13479 -3.5176 0.85656
3 51 96 0.088132 4.8275 0.053648 0.21803 3.5754 -0.032801 0.18233 3.574 -1.0157 -0.75717 2.3129 -1.4584 -0.85002 0.82369 -1.8471 0.25233 3.6066 0.94965 1.1244 2.3293 1.4758 2.4573 3.0902 1.3275 0.11078 -0.020697 -0.78154 1.9437 -1.0089 -0.50209 0.16653 -1.3128 -0.51119 -0.11078 0.020697 0.78154 -0.65653 -1.984 0.46911 -1.1289 -3.6989 0.1743
3 52 96 0.085831 4.8268 0.052598 0.21776 3.5754 -0.039539 0.17437 3.5783 -1.0221 -0.8057 2.3563 -1.4856 -0.94597 0.87472 -1.8892 0.25975 3.6023 0.94274 1.2498 2.4246 1.4919 2.5265 3.2753 1.3366 0.11413 -0.025131 -0.78092 1.9529 -0.96682 -0.39814 0.32365 -1.7389 -0.41867 -0.11413 0.025131 0.78092 -0.70454 -1.9661 0.46374 -1.214 -3.6696 0.1647
3 53 96 0.090017 4.8258 0.047457 0.21937 3.575 -0.053408 0.17828 3.5832 -1.0361 -0.82417 2.384 -1.5111 -0.99282 0.90424 -1.9106 0.25914 3.5966 0.9291 1.3037 2.4616 1.4669 2.5552 3.3503 1.3196 0.10756 -0.030184 -0.78168 1.8753 -1.085 -0.36136 0.51095 -2.2629 -0.31816 -0.10756 0.030185 0.78168 -0.7471 -1.9457 0.4637 -1.299 -3.6358 0.16408
4 4 12 1.1777 4.6506 -0.61632 0.88117 3.449 -0.34816 0.61651 3.3011 -1.2838 0.39389 1.7009 -1.526 1.8527 1.2903 -1.8107 1.153 3.6249 0.58056 0.57517 2.3024 1.3458 1.3972 1.0192 1.5813 -0.25868 0.025833 -0.7456 -0.0090924 -2.0559 -0.61006 -0.75379 -3.6498 -0.21548 0.25868 -0.025833 0.7456 1.299 -1.7845 0.25654 0.51061 -3.4009 0.38541
4 5 12 1.2233 4.6449 -0.58291 0.92096 3.4413 -0.33197 0.66836 3.3043 -1.2726 0.43643 1.7071 -1.5258 1.9284 1.3926 -1.7553 1.1812 3.6063 0.60205 0.54369 2.3155 1.3742 1.4437 1.0787 1.5693 -0.25847 0.031029 -0.74547 -0.17393 -2.0601 -0.56045 -0.94488 -3.637 -0.14825 0.25847 -0.031029 0.74547 1.3601 -1.7434 0.22724 0.78926 -3.4536 0.21817
4 6 12 1.2653 4.6411 -0.53663 0.95039 3.437 -0.3055 0.70761 3.3141 -1.2507 0.4555 1.7227 -1.5201 1.9697 1.4867 -1.6906 1.2014 3.5878 0.63344 0.50936 2.3165 1.3908 1.524 1.1662 1.549 -0.25349 0.036264 -0.74694 -0.34712 -2.0496 -0.51312 -1.1471 -3.6075 -0.084192 0.25349 -0.036264 0.74694 1.3849 -1.725 0.21549 1.0044 -3.4805 0.058699
4 7 12 1.3197 4.6339 -0.4754 0.9841 3.4318 -0.26359 0.75262 3.3261 -1.2136 0.46953 1.7435 -1.5033 1.9961 1.5554 -1.6119 1.2243 3.5654 0.68077 0.5098 2.2895 1.4089 1.6477 1.2532 1.5036 -0.24843 0.045022 -0.74817 -0.52935 -2.0179 -0.46591 -1.3533 -3.5599 -0.02505 0.24843 -0.045023 0.74817 1.3934 -1.7206 0.2042 1.157 -3.4861 -0.075148
4 22 36 1.3142 4.6353 -0.42847 0.99472 3.4362 -0.17557 0.47517 3.4376 -1.0107 -0.67503 2.2776 -1.0218 -0.04759 1.223 -1.9555 1.5219 3.4631 0.6543 1.5263 1.8879 1.0872 2.5733 2.0299 -0.035875 -0.25667 0.059127 -0.74439 0.6456 -1.7734 -1.2363 0.74404 -3.4962 -1.7589 0.25667 -0.059127 0.74439 -0.15583 -2.1173 0.65563 -1.6643 -2.9832 1.1307
4 23 36 1.3024 4.6439 -0.28378 0.98507 3.4406 -0.049701 0.53128 3.4349 -0.92228 -0.57096 2.2375 -1.0634 0.14974 1.2054 -1.9539 1.4466 3.4746 0.81817 1.3623 1.9165 1.3018 2.5016 1.8992 0.2628 -0.20906 0.07797 -0.75744 0.78724 -1.7182 -1.1995 0.59514 -3.4483 -1.6694 0.20906 -0.07797 0.75744 -0.041727 -2.1586 0.60733 -1.6635 -2.7368 1.1425
4 24 36 1.3813 4.6193 -0.11003 1.0426 3.4173 0.10022 0.66886 3.4056 -0.80949 -0.34272 2.1634 -1.1294 0.51739 1.1673 -1.9331 1.4245 3.4573 1.0057 1.1891 1.9246 1.5197 2.4354 1.7164 0.63599 -0.17381 0.11788 -0.76118 0.9533 -1.6149 -1.1371 0.47736 -3.3096 -1.5274 0.17381 -0.11788 0.76118 0.20929 -2.2043 0.51678 -1.4766 -2.512 1.077
4 26 48 1.4791 4.5918 -0.18321 1.1132 3.4013 0.045152 0.71938 3.3882 -0.85602 -0.081802 2.0432 -1.3227 1.0065 1.2386 -2.0616 1.5164 3.4421 0.94133 0.9485 2.0479 1.5757 2.2371 1.5138 0.91845 -0.26423 0.13716 -0.73135 0.77702 -1.6314 -1.181 -0.14102 -3.1791 -1.2949 0.26423 -0.13716 0.73135 0.92201 -2.0767 0.2624 -0.76458 -2.2966 0.86066
4 28 60 1.5592 4.5743 -0.1566 1.1882 3.3761 0.016495 0.86001 3.3722 -0.91069 0.19898 1.9896 -1.4765 1.5591 1.5785 -2.0755 1.5259 3.408 0.93967 0.794 2.1413 1.6667 2.1111 1.5424 1.1337 -0.29645 0.14496 -0.71736 0.23507 -1.8569 -1.0702 -0.84136 -3.2956 -0.92071 0.29645 -0.14496 0.71736 1.4211 -1.7696 0.0032771 -0.13822 -2.6178 0.31936
4 29 60 1.535 4.5882 0.064531 1.1563 3.384 0.16418 0.94001 3.3915 -0.79526 0.37294 2.0051 -1.4474 1.827 1.7031 -1.8624 1.3823 3.4046 1.1212 0.53176 2.1723 1.7744 1.8997 1.554 1.4221 -0.22678 0.14872 -0.74159 -0.056129 -1.9331 -0.96785 -1.1554 -3.3549 -0.82344 0.22678 -0.14872 0.74159 1.4618 -1.712 0.074262 0.12318 -2.9192 0.034001
4 30 60 1.5063 4.5947 0.24172 1.1247 3.3877 0.27854 1.0006 3.4142 -0.69678 0.51007 2.0195 -1.3917 2.001 1.7515 -1.6798 1.2583 3.3893 1.253 0.31278 2.1792 1.8101 1.7009 1.5349 1.6215 -0.17351 0.14965 -0.75564 -0.35697 -1.9362 -0.92819 -1.4639 -3.3514 -0.77706 0.17351 -0.14965 0.75564 1.4228 -1.7258 0.14802 0.4504 -3.2007 -0.21235
4 33 72 1.3776 4.6343 0.3732 1.0236 3.4193 0.32725 0.85469 3.5432 -0.63374 0.43226 2.1215 -1.3187 1.8865 1.7661 -1.6883 1.2014 3.3239 1.2899 0.19975 2.1175 1.7482 1.6002 1.4863 1.6136 -0.22214 0.14592 -0.74354 -0.86077 -1.8535 -0.8368 -2.199 -3.025 -0.54042 0.22214 -0.14593 0.74354 1.1544 -1.8898 0.033543 0.76701 -3.5061 -0.66528
4 34 72 1.3547 4.6321 0.4886 1.0014 3.4186 0.41028 0.84928 3.5614 -0.55088 0.4419 2.1472 -1.2599 1.89 1.7311 -1.588 1.1624 3.3041 1.3738 0.2082 2.0221 1.7127 1.6433 1.4667 1.6146 -0.19215 0.1526 -0.75053 -0.69222 -1.875 -0.9811 -2.2169 -2.788 -0.67666 0.19215 -0.1526 0.75053 1.126 -1.9144 0.088506 0.57508 -3.4824 -0.61053
4 35 72 1.3716 4.6302 0.4746 1.0097 3.4216 0.36438 0.88421 3.5757 -0.59889 0.45291 2.1742 -1.3191 1.8715 1.653 -1.6251 1.1444 3.2958 1.3305 0.3262 1.9019 1.5678 1.8046 1.4796 1.4508 -0.16714 0.12164 -0.76208 -0.41154 -1.9267 -1.1608 -2.076 -2.5616 -0.88293 0.16714 -0.12164 0.76208 1.1275 -1.8596 0.075491 0.35448 -3.3591 -0.56068
4 41 96 1.3893 4.6438 0.094264 1.0632 3.421 0.13671 0.62579 3.526 -0.73795 -0.56551 2.4175 -0.88254 0.68384 1.7964 -1.5391 1.509 3.3446 1.0101 1.2825 1.7656 1.3624 2.5475 1.7546 0.48078 -0.23161 0.11311 -0.74636 0.98856 -1.5513 -1.1404 0.46598 -3.2411 -1.4903 0.23161 -0.11311 0.74636 0.17342 -2.1323 0.16861 -1.2072 -3.2907 0.11487
4 42 96 1.2793 4.671 0.15922 0.98361 3.4406 0.20812 0.56101 3.5222 -0.67626 -0.62153 2.4047 -0.82295 0.65177 1.8234 -1.4699 1.4138 3.3878 1.091 1.1482 1.8216 1.472 2.4252 1.6934 0.61731 -0.17735 0.11367 -0.761 0.88534 -1.6662 -1.1032 0.92143 -3.4133 -1.5471 0.17735 -0.11367 0.761 -0.05199 -2.1505 0.29956 -1.444 -3.2922 0.20045
4 42 108 1.2844 4.671 -0.11024 1.0054 3.4406 -0.0009349 0.40815 3.5222 -0.77812 -0.77905 2.4047 -0.67574 0.33193 1.8234 -1.5733 1.6097 3.3878 0.77324 1.4292 1.8216 1.2011 2.5006 1.6934 0.099596 -0.3317 0.11367 -0.7075 0.63663 -1.6662 -1.2631 0.57964 -3.4133 -1.7049 0.3317 -0.11367 0.7075 0.011428 -2.1505 0.30383 -1.3707 -3.2922 0.49628
4 43 96 1.1434 4.7038 0.20737 0.88222 3.4656 0.25108 0.50514 3.5296 -0.65505 -0.64544 2.3885 -0.86206 0.6936 1.8953 -1.4463 1.2663 3.4305 1.1559 0.97535 1.8755 1.5635 2.2713 1.6452 0.76022 -0.10483 0.099849 -0.77623 0.86158 -1.7404 -1.0826 1.1437 -3.4665 -1.5206 0.10483 -0.099849 0.77623 -0.1938 -2.1369 0.35722 -1.6394 -3.2104 0.26314
4 43 108 1.1615 4.7038 -0.034895 0.91514 3.4656 0.062174 0.35791 3.5296 -0.74576 -0.81056 2.3885 -0.70902 0.37774 1.8953 -1.5589 1.4789 3.4305 0.86735 1.2791 1.8755 1.3265 2.3797 1.6452 0.27139 -0.26393 0.099849 -0.73748 0.61767 -1.7404 -1.2381 0.80258 -3.4665 -1.7252 0.26393 -0.099849 0.73748 -0.1153 -2.1369 0.3897 -1.5488 -3.2104 0.59824
4 44 108 1.0641 4.7251 0.027347 0.84541 3.4808 0.11144 0.35791 3.5347 -0.74108 -0.78211 2.3704 -0.85673 0.51929 1.9917 -1.592 1.339 3.4559 0.96179 1.1145 1.9124 1.4476 2.2684 1.6026 0.4728 -0.20721 0.09007 -0.7566 0.6928 -1.7559 -1.2001 0.72549 -3.4963 -1.6699 0.20721 -0.09007 0.7566 -0.12167 -2.1349 0.40327 -1.665 -3.0352 0.64502
4 45 108 1.0085 4.7307 0.13268 0.80577 3.4831 0.20885 0.39802 3.5232 -0.68529 -0.67932 2.3478 -1.0408 0.74735 2.0999 -1.5708 1.2192 3.4723 1.1012 0.9311 1.9448 1.6037 2.1611 1.5651 0.75484 -0.15122 0.10154 -0.76832 0.76924 -1.7491 -1.1456 0.51723 -3.4847 -1.5639 0.15122 -0.10154 0.76832 -0.033562 -2.1628 0.40597 -1.6972 -2.8127 0.65223
4 46 120 1.0668 4.7114 0.057204 0.88072 3.4638 0.16018 0.38814 3.5074 -0.69001 -0.65716 2.3227 -1.1057 0.77171 2.2027 -1.6728 1.379 3.4493 1.008 1.0789 1.9457 1.5719 2.2313 1.4735 0.66274 -0.26821 0.13529 -0.73025 0.61833 -1.7028 -1.2301 0.045703 -3.3913 -1.4981 0.26821 -0.13529 0.73025 0.27457 -2.2007 0.34531 -1.3816 -2.6112 0.92805
4 47 120 1.1124 4.6955 0.092842 0.91621 3.4523 0.21772 0.48518 3.4837 -0.66579 -0.35881 2.2842 -1.3853 1.1533 2.2461 -1.685 1.3537 3.45 1.0986 0.84916 2.005 1.6698 2.1073 1.3962 1.0187 -0.25639 0.15112 -0.73139 0.68922 -1.6612 -1.2167 -0.097407 -3.2744 -1.389 0.25639 -0.15112 0.73139 0.59042 -2.1757 0.28008 -1.121 -2.4518 0.77565
4 48 120 1.1515 4.6852 0.13352 0.93636 3.4461 0.26297 0.59024 3.4734 -0.65726 0.0060188 2.2613 -1.5837 1.5475 2.2409 -1.6173 1.2895 3.4477 1.1809 0.60829 2.073 1.742 1.9168 1.3623 1.3414 -0.23064 0.15322 -0.73948 0.65118 -1.6938 -1.2139 -0.28428 -3.2328 -1.3003 0.23064 -0.15322 0.73948 0.90071 -2.0845 0.25415 -0.84334 -2.4167 0.56849
4 49 132 1.222 4.6708 -0.010757 1.0141 3.4324 0.12777 0.61896 3.4699 -0.77214 0.0093082 2.2659 -1.6927 1.5482 2.2549 -1.7895 1.4164 3.4236 1.0252 0.74185 2.1052 1.7148 2.0095 1.376 1.2261 -0.33224 0.1554 -0.69926 0.2737 -1.777 -1.2586 -0.73762 -3.2623 -1.1104 0.33224 -0.1554 0.69926 1.1864 -1.9491 0.015652 -0.46925 -2.5071 0.46089
4 50 132 1.2841 4.6521 0.14094 1.0538 3.4132 0.2322 0.79996 3.4577 -0.71699 0.26192 2.2592 -1.6881 1.8007 2.2281 -1.5941 1.3152 3.3975 1.1802 0.54153 2.1158 1.834 1.8656 1.4054 1.4877 -0.26142 0.16052 -0.72759 0.061948 -1.874 -1.1403 -0.96593 -3.3515 -1.0335 0.26142 -0.16052 0.72759 1.3404 -1.8302 0.047586 -0.2126 -2.7312 0.21305
4 51 132 1.2812 4.6471 0.33323 1.041 3.4067 0.36253 0.91658 3.4704 -0.61103 0.39428 2.263 -1.5796 1.9197 2.1598 -1.3795 1.173 3.3719 1.3365 0.30084 2.1204 1.9213 1.6649 1.4312 1.7167 -0.1779 0.16118 -0.75224 -0.18916 -1.9208 -1.0342 -1.2097 -3.4064 -0.98603 0.1779 -0.16118 0.75224 1.356 -1.7853 0.12874 0.052203 -3.0238 -0.0023816
4 52 132 1.2607 4.6439 0.48301 1.0154 3.4041 0.46067 0.9826 3.4895 -0.51861 0.45653 2.265 -1.4635 1.964 2.0537 -1.2172 1.0557 3.3475 1.4418 0.085436 2.1247 1.9234 1.4685 1.4466 1.8521 -0.11614 0.15908 -0.76466 -0.37875 -1.9108 -1.0119 -1.4158 -3.3857 -1.008 0.11614 -0.15908 0.76466 1.2787 -1.8114 0.18789 0.30992 -3.2905 -0.16504
4 52 144 1.3336 4.6439 0.21033 1.089 3.4041 0.23949 0.8533 3.4895 -0.71157 0.14228 2.265 -1.5264 1.668 2.0537 -1.5989 1.3324 3.3475 1.1908 0.48347 2.1247 1.8636 1.8215 1.4466 1.5063 -0.27259 0.15908 -0.7238 -0.58086 -1.9108 -0.91104 -1.5945 -3.3857 -0.69159 0.27259 -0.15908 0.7238 1.2898 -1.8114 -0.082078 0.26884 -3.2905 -0.22587
4 53 144 1.3268 4.64 0.35852 1.0673 3.4022 0.34264 0.89391 3.5058 -0.61994 0.19066 2.2623 -1.4123 1.6967 1.9368 -1.4733 1.2484 3.3273 1.3065 0.31503 2.1163 1.8818 1.6813 1.4504 1.6219 -0.22891 0.16501 -0.73748 -0.69116 -1.8774 -0.90806 -1.7572 -3.3233 -0.75312 0.22891 -0.16501 0.73748 1.1875 -1.8713 -0.026741 0.42627 -3.4714 -0.35966
4 54 144 1.2918 4.639 0.50296 1.0296 3.4028 0.44275 0.90691 3.5259 -0.52532 0.22535 2.2585 -1.2986 1.706 1.8346 -1.3736 1.1599 3.3084 1.413 0.19003 2.0856 1.8955 1.5807 1.451 1.693 -0.18292 0.1708 -0.74891 -0.65976 -1.8646 -0.95919 -1.8655 -3.1996 -0.8379 0.18292 -0.1708 0.74891 1.0959 -1.919 0.024607 0.42942 -3.5373 -0.40845
4 55 144 1.2708 4.6351 0.61791 1.0025 3.4029 0.51716 0.91746 3.547 -0.45204 0.26593 2.2533 -1.2074 1.721 1.7516 -1.3001 1.0953 3.2873 1.4895 0.12596 2.0352 1.8909 1.5446 1.458 1.7116 -0.13743 0.17043 -0.75866 -0.50835 -1.8765 -1.0534 -1.9021 -3.0138 -0.93113 0.13743 -0.17043 0.75866 1.0123 -1.9534 0.073283 0.25382 -3.515 -0.41358
4 56 144 1.2952 4.6274 0.67651 0.99574 3.4063 0.53903 0.94066 3.5682 -0.42954 0.31424 2.2505 -1.1645 1.747 1.6902 -1.2692 1.0596 3.2726 1.5114 0.12441 1.9762 1.8483 1.5778 1.4968 1.6601 -0.098973 0.15592 -0.76772 -0.25494 -1.903 -1.1561 -1.8152 -2.8027 -1.0726 0.098973 -0.15592 0.76772 0.95323 -1.9402 0.06011 0.046308 -3.4322 -0.3898
4 56 156 1.4075 4.6274 0.39244 1.086 3.4063 0.32022 0.8308 3.5682 -0.61573 0.065268 2.2505 -1.2044 1.4449 1.6902 -1.6047 1.3506 3.2726 1.258 0.50598 1.9762 1.782 1.8885 1.4968 1.2958 -0.25643 0.15592 -0.73037 -0.48973 -1.903 -1.0778 -1.9986 -2.8027 -0.67174 0.25643 -0.15592 0.73037 0.9449 -1.9402 -0.13939 -0.035749 -3.4322 -0.39091
4 57 156 1.5361 4.5912 0.37361 1.1456 3.3923 0.27166 0.91654 3.5652 -0.66909 0.15543 2.2385 -1.243 1.517 1.6199 -1.6188 1.3856 3.2472 1.2144 0.60717 1.8857 1.6717 2.0146 1.547 1.1405 -0.23789 0.13166 -0.74133 -0.1296 -1.9107 -1.2222 -1.7639 -2.5892 -0.87623 0.23789 -0.13166 0.74133 0.93465 -1.9018 -0.15045 -0.20041 -3.2905 -0.33553
4 71 192 1.5157 4.5942 -0.060641 1.177 3.381 0.059604 0.98014 3.3649 -0.90391 0.30656 1.9947 -1.485 1.8358 1.8386 -1.606 1.3833 3.4252 1.0203 0.53211 2.209 1.7023 1.8811 1.6164 1.2476 -0.21649 0.11759 -0.7502 -0.086104 -1.9794 -0.75077 -1.1991 -3.3685 -0.46333 0.21649 -0.11759 0.7502 1.3972 -1.7658 0.19932 0.027793 -2.9264 0.36827
4 72 192 1.4649 4.6147 0.061765 1.1283 3.3964 0.12952 1.0119 3.393 -0.84711 0.39378 2.01 -1.4587 1.9303 1.8808 -1.4455 1.2539 3.4281 1.1045 0.32148 2.2322 1.7121 1.6956 1.6053 1.4016 -0.17384 0.11207 -0.76205 -0.34416 -1.9819 -0.7429 -1.4524 -3.3773 -0.46741 0.17384 -0.11207 0.76205 1.3533 -1.7525 0.18567 0.42033 -3.2951 0.15563
4 73 192 1.3834 4.6422 0.16445 1.0532 3.42 0.18289 0.99273 3.4381 -0.79863 0.43673 2.0442 -1.4442 1.9675 1.9161 -1.3106 1.1225 3.4305 1.1639 0.12977 2.248 1.6978 1.5128 1.5939 1.5053 -0.14819 0.10462 -0.7685 -0.54854 -1.9579 -0.75309 -1.6615 -3.3583 -0.52719 0.14819 -0.10462 0.7685 1.235 -1.8014 0.17352 0.81789 -3.5448 -0.020431
4 74 192 1.3153 4.6589 0.25672 0.9985 3.4333 0.23049 0.96963 3.4737 -0.7518 0.4873 2.0684 -1.4309 2.0056 1.9533 -1.1874 1.0358 3.4215 1.2133 0.0071992 2.2458 1.6915 1.3953 1.5861 1.5661 -0.13983 0.10504 -0.77001 -0.68133 -1.925 -0.77179 -1.8578 -3.2813 -0.60657 0.13983 -0.10504 0.77001 1.1422 -1.8544 0.17889 1.0354 -3.6278 -0.12861
