0 6 36 -0.61424 4.7888 -0.37986 -0.33098 3.5613 -0.25253 -1.0369 3.4635 0.42531 -1.4679 2.5874 1.735 -2.5199 2.9631 2.798 0.36837 3.6881 -0.93238 0.3026 2.5372 -2.09 -0.8006 2.421 -3.161 -0.75976 -0.047612 0.20977 -0.71671 -1.7985 -0.95073 -0.98524 -3.5814 -0.9662 0.75976 0.047612 -0.20976 0.64422 -2.0086 0.20609 0.36493 -3.4515 1.2506
0 7 24 -0.60869 4.7798 -0.45847 -0.31045 3.5579 -0.31294 -1.056 3.4632 0.32158 -1.4333 2.6214 1.6699 -2.424 3.0146 2.7842 0.42855 3.6815 -0.95007 0.30787 2.5226 -2.0951 -0.85081 2.4391 -3.1091 -0.78086 -0.050315 0.10596 -0.52553 -1.7775 -1.0628 -0.77634 -3.5613 -1.1399 0.78086 0.050314 -0.10596 0.58801 -2.0005 0.30771 0.09999 -3.4268 1.2969
0 8 12 -0.58538 4.7706 -0.54623 -0.2814 3.554 -0.37391 -1.0709 3.4615 0.20537 -1.4256 2.6408 1.5726 -2.3702 3.0351 2.7258 0.50177 3.6754 -0.95637 0.32527 2.5108 -2.0883 -0.87752 2.4587 -3.0518 -0.78768 -0.055267 0.0020837 -0.31061 -1.7579 -1.1327 -0.53054 -3.5423 -1.2691 0.78768 0.055267 -0.0020839 0.5167 -1.9902 0.394 -0.16629 -3.4007 1.2856
0 16 312 0.14574 4.7499 -0.85834 0.26346 3.5427 -0.50012 -0.71933 3.5134 -0.52544 -1.7222 2.584 0.36859 -3.1686 2.6857 0.89337 1.2451 3.6008 -0.48242 0.81909 2.4746 -1.5865 -0.64483 2.786 -1.9575 -0.56428 -0.032658 -0.55137 0.6103 -1.7371 -0.91119 0.81518 -3.5147 -1.1331 0.56428 0.032658 0.55138 0.019522 -1.9965 0.54285 -1.1548 -3.3644 0.51706
0 21 24 -0.30634 4.7776 -0.67839 -0.04506 3.5512 -0.50519 -0.82569 3.523 0.092466 -1.1793 2.5706 1.3718 -2.1903 2.7214 2.5263 0.73066 3.6085 -1.1071 -0.12284 2.5424 -2.0036 -1.6453 2.6562 -1.7874 -0.78899 -0.0042086 0.031267 -0.5087 -1.7775 -1.0602 -0.71222 -3.5632 -1.2038 0.78899 0.0042086 -0.031268 0.73631 -2.086 0.1748 0.16729 -3.455 1.2009
0 22 36 -0.3289 4.7831 -0.64736 -0.074507 3.5528 -0.49176 -0.82607 3.5281 0.14219 -1.1467 2.573 1.4282 -2.1358 2.7389 2.5994 0.67216 3.6066 -1.1297 -0.16572 2.5532 -2.0555 -1.7049 2.6188 -1.9909 -0.78301 -0.0028431 0.10188 -0.66601 -1.7937 -0.99063 -0.9199 -3.5781 -1.0393 0.78301 0.0028429 -0.10188 0.81439 -2.093 0.042319 0.42584 -3.4785 1.1288
0 23 48 -0.34683 4.7869 -0.62667 -0.098242 3.5542 -0.47763 -0.82373 3.5279 0.18595 -1.1201 2.5808 1.4836 -2.1056 2.7617 2.6557 0.62219 3.6096 -1.1449 -0.18657 2.5695 -2.1107 -1.7245 2.5973 -2.2184 -0.77233 0.00053406 0.16431 -0.81445 -1.8119 -0.89764 -1.093 -3.5922 -0.83693 0.77233 -0.0005343 -0.16431 0.86097 -2.0989 -0.10797 0.66031 -3.5035 1.0046
0 24 60 -0.37796 4.7913 -0.60083 -0.13871 3.5559 -0.45715 -0.84403 3.5337 0.22798 -1.1226 2.5973 1.5373 -2.1218 2.79 2.6958 0.56157 3.6074 -1.1459 -0.21718 2.5823 -2.1516 -1.7281 2.5718 -2.4593 -0.75796 -0.0019205 0.22133 -0.95453 -1.8372 -0.78231 -1.2268 -3.6106 -0.60365 0.75796 0.0019205 -0.22133 0.87685 -2.0954 -0.26042 0.86634 -3.5279 0.83447
0 34 168 -0.51486 4.8159 -0.26678 -0.30408 3.5697 -0.18501 -0.80422 3.5477 0.66159 -1.7539 2.5003 1.48 -3.2937 2.4206 1.4897 0.1913 3.6211 -1.0331 0.54096 2.8827 -2.4478 0.2784 2.9387 -3.9662 -0.3459 0.01196 0.70973 -0.84622 -2.0286 0.69561 -0.23036 -3.6782 1.0833 0.3459 -0.01196 -0.70973 -0.13014 -2.0012 -1.1898 0.53447 -3.6724 -1.3173
0 35 180 -0.52553 4.8164 -0.23823 -0.31687 3.5696 -0.16006 -0.78427 3.5469 0.70503 -1.7727 2.4794 1.4481 -3.3071 2.3722 1.3381 0.14575 3.6217 -1.0265 0.59713 2.9005 -2.421 0.45461 2.9826 -3.9542 -0.26255 0.017102 0.7445 -0.69252 -2.0386 0.80521 0.010324 -3.6749 1.087 0.26255 -0.017103 -0.7445 -0.32592 -1.9889 -1.1689 0.26689 -3.6729 -1.4207
0 38 204 -0.45298 4.8187 -0.28488 -0.27268 3.5727 -0.15445 -0.82729 3.5538 0.65759 -1.9559 2.4149 0.97043 -3.2915 2.284 0.21092 0.27764 3.6212 -0.96819 1.2329 2.8648 -2.0564 1.7139 3.0196 -3.5132 -0.17596 0.031559 0.76912 -0.3653 -2.0581 0.87841 0.4893 -3.6441 0.95042 0.17596 -0.031559 -0.76912 -0.66577 -1.9382 -1.0349 -0.32667 -3.6637 -1.4328
0 39 216 -0.43942 4.8166 -0.30646 -0.26525 3.5725 -0.1593 -0.79425 3.5589 0.66975 -1.9118 2.3956 0.92784 -3.1795 2.2715 0.058933 0.25961 3.6156 -0.98998 1.2591 2.8218 -2.0095 1.8289 2.98 -3.4336 -0.098119 0.04159 0.78239 -0.17974 -2.0558 0.87556 0.70047 -3.628 0.81023 0.098118 -0.041591 -0.78239 -0.83663 -1.919 -0.90811 -0.61405 -3.6552 -1.3406
0 45 252 -0.38652 4.7749 -0.42183 -0.26404 3.5718 -0.095246 -0.90947 3.6027 0.64627 -1.7813 2.3545 0.054053 -1.646 2.3302 -1.4818 0.37887 3.5706 -0.83957 1.7192 2.6374 -0.87754 3.0956 2.2931 -1.4814 0.06839 0.038 0.78573 0.24006 -2.0559 0.76661 1.1088 -3.5515 0.25716 -0.06839 -0.038 -0.78573 -1.1287 -1.8158 -0.42565 -1.2509 -3.5934 -0.70142
0 46 252 -0.37638 4.7702 -0.43949 -0.27715 3.5705 -0.097079 -0.96218 3.6012 0.60802 -1.7077 2.3657 -0.15782 -1.1982 2.3564 -1.6131 0.40547 3.5694 -0.80517 1.7098 2.594 -0.67799 3.1398 2.1236 -1.0118 0.039467 0.036216 0.7878 0.22421 -2.0565 0.76253 1.1157 -3.5429 0.26566 -0.039467 -0.036216 -0.7878 -1.117 -1.8093 -0.45685 -1.2527 -3.5905 -0.70154
0 70 156 -0.46922 4.8208 -0.23668 -0.31809 3.5676 -0.16435 -0.83252 3.5023 0.67139 -1.5563 2.0383 0.63029 -2.9301 2.0987 -0.067237 0.19131 3.6623 -1.0003 0.59903 2.4037 -1.9587 0.032403 1.926 -3.3109 -0.33448 0.013771 0.71514 -0.90813 -2.0064 0.7786 -0.60641 -3.6883 1.3542 0.33448 -0.013771 -0.71514 -0.15204 -2.0375 -1.0015 0.5752 -3.6771 -0.81745
0 106 132 -0.34405 4.8273 -0.20451 -0.30301 3.5681 -0.18872 -1.0617 3.4909 0.43239 -1.7938 2.204 -0.25793 -2.4047 2.0464 -1.6649 0.45128 3.6748 -0.81085 0.049583 2.515 -1.8889 -1.2515 2.151 -2.6321 -0.60104 -0.012396 0.51195 -0.93354 -2.0527 0.13674 -0.59734 -3.7495 0.64563 0.60104 0.012396 -0.51195 0.41088 -2.0367 -0.93562 0.94072 -3.7266 -0.59759
0 107 132 -0.34232 4.8283 -0.19396 -0.29954 3.5692 -0.17712 -1.0578 3.4932 0.44465 -1.6653 2.0794 -0.10378 -2.3212 1.6964 -1.4457 0.45431 3.6747 -0.79998 0.18364 2.3771 -1.7548 -1.0253 1.8546 -2.5568 -0.60277 -0.013959 0.50988 -0.92409 -2.0574 0.14216 -0.58479 -3.7492 0.66529 0.60277 0.013959 -0.50988 0.42317 -2.0385 -0.92145 0.95119 -3.7272 -0.57462
1 35 312 -0.99013 4.5705 -1.2419 -0.85571 3.3519 -0.93769 -1.5727 3.3891 -0.26541 -1.6562 1.9356 0.47566 -2.5941 0.78342 0.88858 -0.14444 3.343 -1.6169 0.55395 1.8665 -1.6441 0.86458 0.64539 -2.533 -0.52182 0.027174 0.592 -0.9707 -1.9344 -0.012135 -0.3542 -3.5584 0.47115 0.52182 -0.027174 -0.592 -0.16864 -1.9383 -1.126 0.53222 -3.4266 -0.38801
1 42 312 -0.93015 4.6387 -1.0397 -0.77457 3.4091 -0.79029 -1.4836 3.4105 -0.10865 -1.5525 1.916 0.54743 -2.5564 0.83295 0.99101 -0.071268 3.4366 -1.4773 0.54193 1.9334 -1.66 0.71451 0.96304 -2.8459 -0.54221 0.0043054 0.57401 -1.1202 -1.8747 -0.16736 -0.39798 -3.4147 0.43076 0.54221 -0.0043058 -0.57401 -0.11003 -1.8702 -1.2863 0.51145 -3.3251 -0.42155
1 44 324 -0.92103 4.7064 -0.63566 -0.76607 3.4614 -0.47171 -1.3081 3.4653 0.34901 -1.5521 2.153 1.2908 -2.6087 1.5969 2.2666 -0.22832 3.4869 -1.2948 0.43652 2.1635 -1.9842 0.55262 1.7244 -3.4578 -0.4136 -0.0079145 0.67258 -1.0195 -2.0015 0.40263 -0.50886 -3.6775 0.82806 0.4136 0.0079145 -0.67258 0.013867 -1.9752 -1.24 0.69922 -3.5813 -0.79103
2 107 144 -1.2243 4.5811 -1.0089 -0.96686 3.3721 -0.75123 -1.525 3.3687 0.058582 -1.0191 2.1341 1.0011 -1.2506 0.83203 1.7941 -0.41732 3.4035 -1.5663 0.45732 2.0354 -1.3879 0.79161 0.5354 -1.5144 -0.45153 0.015688 0.64759 -1.0879 -1.937 0.20432 -0.63499 -3.6122 0.69359 0.45153 -0.015688 -0.64759 -0.065616 -2.0137 -1.0411 0.63859 -3.6159 -0.60767
3 51 228 -0.019104 4.8275 -0.10139 -0.17026 3.5754 -0.14008 -0.87681 3.574 0.54414 -0.57712 2.3129 1.5385 -0.80392 0.82369 1.8677 0.53689 3.6066 -0.82296 0.34436 2.3293 -1.8231 -0.65777 3.0902 -2.7144 -0.65492 -0.020697 0.44062 -1.6737 -1.0089 -1.1085 -0.49131 -1.3128 0.2183 0.65492 0.020697 -0.44063 0.78792 -1.984 0.174 0.88492 -3.6989 0.72232
3 52 228 -0.018344 4.8268 -0.098979 -0.17509 3.5754 -0.13537 -0.87626 3.5783 0.55435 -0.56489 2.3563 1.5928 -0.771 0.87472 1.9671 0.52679 3.6023 -0.82385 0.27237 2.4246 -1.9271 -0.6973 3.2753 -2.7719 -0.65671 -0.025131 0.43772 -1.6026 -0.96682 -1.1849 -0.52769 -1.7389 0.039629 0.65671 0.025131 -0.43772 0.81606 -1.9661 0.21327 0.93475 -3.6696 0.79199
3 68 276 0.30433 4.8086 -0.15498 0.058332 3.5818 -0.016775 -0.097605 3.6321 0.95303 -1.3872 2.7725 1.4696 -2.682 3.5762 1.2343 0.21755 3.5611 -0.98713 1.3534 2.422 -1.2721 1.6871 1.106 -2.0031 0.068674 0.0099196 0.78656 0.44244 -2.013 0.35929 0.94758 -3.7043 -0.008431 -0.068673 -0.0099192 -0.78656 -1.8644 -1.0533 -0.46865 -0.6596 -2.3933 -0.52909
3 81 96 -0.49582 4.8029 0.012223 -0.20482 3.5771 -0.069434 -0.45839 3.5638 -1.0196 -1.5962 2.4124 -1.2391 -1.6269 0.98124 -1.8124 0.044108 3.6198 0.88113 0.9844 2.3889 1.4003 2.2821 3.1072 0.97865 -0.063327 -0.027349 -0.7866 1.7563 -1.0624 -0.965 0.036418 -1.506 -0.6551 0.063328 0.027349 0.7866 -0.27793 -2.0394 0.62424 -0.57926 -3.8094 0.45886
3 82 96 -0.51112 4.8023 0.020182 -0.22844 3.5739 -0.05864 -0.4904 3.561 -1.0066 -1.6416 2.424 -1.2311 -1.7045 1.009 -1.8408 0.028962 3.6163 0.88968 0.97602 2.3955 1.4201 2.2844 3.1025 1.0129 -0.068633 -0.026285 -0.78619 1.8463 -0.89013 -0.81805 0.23438 -1.6697 -0.60622 0.068633 0.026285 0.78619 -0.36155 -2.0245 0.63222 -0.73953 -3.7803 0.47421
3 83 96 -0.4938 4.8043 0.010529 -0.21367 3.5755 -0.072952 -0.4675 3.5683 -1.0232 -1.5801 2.3966 -1.2641 -1.6055 0.98377 -1.8813 0.035618 3.6122 0.87777 0.96833 2.3722 1.3889 2.3077 3.0349 1.0088 -0.070689 -0.031768 -0.78581 1.8569 -0.86592 -0.73114 0.43293 -1.9573 -0.55189 0.070689 0.031769 0.78581 -0.44626 -1.9996 0.64196 -0.89936 -3.7384 0.49288
4 1 132 -1.0094 4.6913 -0.58503 -0.65532 3.4778 -0.50541 -1.3329 3.3276 0.19152 -1.3754 1.7307 0.53309 -2.4074 1.012 -0.35925 0.01353 3.6565 -1.204 0.83961 2.2471 -1.2031 0.72142 0.92765 -1.9923 -0.52423 0.024606 0.58998 -0.78541 -1.996 0.076751 -0.2179 -3.6748 0.40909 0.52423 -0.024606 -0.58998 -0.10422 -1.969 -1.0785 0.87418 -3.1002 -0.071494
4 2 132 -1.0552 4.6781 -0.61868 -0.68987 3.469 -0.52584 -1.3674 3.3185 0.17104 -1.4367 1.7179 0.49051 -2.4544 1.0958 -0.48669 -0.021236 3.6478 -1.2246 0.84879 2.2656 -1.1889 0.72587 0.95206 -1.9871 -0.52048 0.023084 0.59335 -0.72115 -2.017 0.13263 -0.089356 -3.6611 0.51791 0.52048 -0.023084 -0.59335 -0.24049 -1.8994 -1.1543 0.6318 -3.2083 -0.27303
4 3 132 -1.1033 4.6605 -0.66704 -0.72069 3.4583 -0.55565 -1.3945 3.306 0.14446 -1.4844 1.7051 0.45698 -2.4823 1.1939 -0.60155 -0.05618 3.6388 -1.2579 0.85501 2.285 -1.1828 0.70613 0.9804 -1.9912 -0.51861 0.023639 0.59496 -0.6338 -2.0382 0.20789 0.045179 -3.6539 0.63139 0.51861 -0.023639 -0.59496 -0.34621 -1.8374 -1.2087 0.36502 -3.3146 -0.4584
4 4 132 -1.1226 4.6506 -0.71177 -0.7421 3.449 -0.58904 -1.4201 3.3011 0.10799 -1.5185 1.7009 0.4219 -2.4945 1.2903 -0.69913 -0.073713 3.6249 -1.2888 0.87793 2.3024 -1.171 0.67087 1.0192 -2.0007 -0.51637 0.025833 0.59682 -0.52378 -2.0559 0.3129 0.19028 -3.6498 0.76054 0.51637 -0.025833 -0.59682 -0.42731 -1.7845 -1.2532 0.078471 -3.4009 -0.63491
4 5 132 -1.1164 4.6449 -0.76792 -0.74797 3.4413 -0.63159 -1.4363 3.3043 0.057487 -1.5396 1.7071 0.38492 -2.4844 1.3926 -0.7924 -0.069233 3.6063 -1.324 0.91828 2.3155 -1.158 0.63719 1.0787 -2.0349 -0.51636 0.031029 0.59658 -0.39839 -2.0601 0.43085 0.34405 -3.637 0.89241 0.51636 -0.031029 -0.59658 -0.48326 -1.7434 -1.2915 -0.20568 -3.4536 -0.7926
4 15 120 -0.5863 4.5684 -1.5245 -0.46269 3.3764 -1.1178 -1.3263 3.4311 -0.65031 -1.513 2.0735 0.23904 -2.0294 1.0067 -0.74731 0.3967 3.3495 -1.5954 0.66823 1.7391 -1.6341 -0.32046 2 -2.7882 -0.67357 0.040467 0.41008 -1.0387 -2.0021 0.080119 -0.12843 -2.5287 1.5447 0.67357 -0.040467 -0.41008 -0.13465 -1.8498 -1.1083 0.076048 -3.1987 0.069415
4 16 120 -0.61277 4.5568 -1.5471 -0.4648 3.3645 -1.1492 -1.3287 3.4039 -0.68075 -1.4906 2.1455 0.34833 -2.0578 1.0413 -0.56638 0.39445 3.3527 -1.6277 0.6178 1.7419 -1.7834 -0.4054 2.1578 -2.8594 -0.69032 0.035894 0.38167 -1.2279 -1.8771 -0.30087 -0.47849 -2.5675 1.1867 0.69032 -0.035894 -0.38167 -0.034698 -1.9266 -0.94181 0.20749 -3.2028 0.30866
4 17 120 -0.60229 4.5489 -1.5693 -0.42705 3.3575 -1.1788 -1.286 3.3859 -0.7005 -1.4193 2.2284 0.44452 -2.0427 1.11 -0.41466 0.42688 3.3568 -1.6668 0.63851 1.7527 -1.8922 -0.40295 2.2795 -2.8999 -0.7066 0.039956 0.35016 -1.3087 -1.7234 -0.62051 -0.8058 -2.7447 0.77769 0.7066 -0.039955 -0.35016 0.091984 -2.0126 -0.73109 0.34984 -3.2337 0.57023
4 19 132 -0.79995 4.5705 -1.3966 -0.51977 3.3772 -1.0776 -1.2492 3.4003 -0.41826 -1.054 2.3439 0.81245 -1.953 1.2351 0.2293 0.20278 3.3819 -1.7449 0.42091 1.7842 -2.0064 -0.8324 2.3108 -2.7341 -0.65613 0.054227 0.43594 -1.371 -1.6607 -0.545 -1.3816 -3.33 0.13655 0.65613 -0.054227 -0.43594 0.35058 -2.1302 -0.33046 0.87943 -3.2954 0.93978
4 29 180 -0.71164 4.5882 -1.3617 -0.43596 3.384 -1.0835 -1.1587 3.3915 -0.41644 -1.4399 2.0051 0.4007 -2.5263 1.7031 -0.65103 0.27979 3.4046 -1.7577 1.2708 2.1723 -1.3477 0.28174 1.554 -2.3563 -0.52885 0.14872 0.56719 -0.81012 -1.9331 0.53254 -0.1354 -3.3549 1.4124 0.52885 -0.14872 -0.56719 -0.66657 -1.712 -1.3031 -0.032143 -2.9192 -0.12368
4 39 204 -0.53027 4.6131 -1.4096 -0.37795 3.4072 -1.0552 -1.0706 3.539 -0.3695 -0.95442 2.3619 0.75727 -1.9598 1.706 -0.21058 0.31049 3.3034 -1.7499 0.65174 1.709 -1.6494 -0.56274 1.84 -2.5904 -0.58566 0.091572 0.52164 -1.5297 -1.5709 -0.34969 -0.9347 -2.6205 0.99015 0.58566 -0.091572 -0.52164 -0.29132 -1.998 -0.62512 0.10355 -3.1942 0.66485
4 44 228 -0.50836 4.7251 -0.93519 -0.32619 3.4808 -0.78787 -0.82074 3.5347 0.060581 -0.3509 2.3704 1.1057 -1.6384 1.9917 0.34629 0.16343 3.4559 -1.6405 0.69641 1.9124 -1.689 -0.72473 1.6026 -2.2009 -0.55163 0.09007 0.55775 -1.3857 -1.7559 7.0337e-05 -1.8089 -3.4963 0.20665 0.55163 -0.09007 -0.55775 0.41008 -2.1349 -0.096266 1.3911 -3.0352 1.1194
4 46 240 -0.48387 4.7114 -0.9525 -0.30164 3.4638 -0.84281 -0.79164 3.5074 0.0088698 -0.62895 2.3227 1.1219 -1.8345 2.2027 0.16806 0.18345 3.4493 -1.6983 0.82187 1.9457 -1.7203 -0.54169 1.4735 -2.2637 -0.49831 0.13529 0.5974 -1.3744 -1.7028 0.079555 -1.3202 -3.3913 0.70947 0.49831 -0.13529 -0.5974 0.16176 -2.2007 -0.41044 1.4945 -2.6112 0.73245
4 47 240 -0.4758 4.6955 -1.0098 -0.26955 3.4523 -0.90232 -0.81919 3.4837 -0.087283 -1.0203 2.2842 1.0034 -2.0359 2.2461 -0.15629 0.2746 3.45 -1.7216 1.0215 2.005 -1.5703 -0.17148 1.3962 -2.3343 -0.50521 0.15112 0.58773 -1.3983 -1.6612 0.011473 -1.1542 -3.2744 0.77885 0.50521 -0.15112 -0.58773 -0.052657 -2.1757 -0.65136 1.2323 -2.4518 0.58302
4 48 252 -0.67125 4.6852 -0.94504 -0.43113 3.4461 -0.87181 -0.88339 3.4734 0.0011575 -1.1809 2.2613 1.0552 -2.2373 2.2409 -0.067853 0.014752 3.4477 -1.7485 0.88753 2.073 -1.6177 -0.2857 1.3623 -2.3221 -0.39521 0.15322 0.66621 -1.3379 -1.6938 0.32836 -0.77608 -3.2328 1.0813 0.39521 -0.15322 -0.66621 -0.41382 -2.0845 -0.83942 0.98677 -2.4167 0.24633
4 49 252 -0.62031 4.6708 -1.0529 -0.39639 3.4324 -0.9421 -0.97817 3.4699 -0.14996 -1.4706 2.2659 0.83829 -2.3238 2.2549 -0.44605 0.17966 3.4236 -1.7393 1.1141 2.1052 -1.4999 0.057096 1.376 -2.3534 -0.43946 0.1554 0.63736 -1.2268 -1.777 0.39227 -0.59278 -3.2623 1.194 0.43946 -0.1554 -0.63736 -0.57965 -1.9491 -1.0353 0.63377 -2.5071 0.17594
4 58 276 -0.49729 4.545 -1.6333 -0.38713 3.3609 -1.2038 -1.1037 3.533 -0.55244 -1.2239 2.2087 0.39655 -2.169 1.5144 -0.60467 0.32524 3.216 -1.8663 0.98729 1.7681 -1.5003 -0.22817 1.5909 -2.4325 -0.5297 0.13329 0.57022 -1.2696 -1.8246 0.38658 -0.22842 -2.4521 1.7181 0.5297 -0.13329 -0.57022 -0.53538 -1.9374 -0.72858 -0.046546 -3.2012 0.46087
4 59 276 -0.56041 4.5088 -1.7059 -0.43612 3.326 -1.277 -1.1643 3.4958 -0.63799 -1.2671 2.1823 0.32791 -2.1567 1.4617 -0.70502 0.28772 3.1834 -1.9274 0.82359 1.6629 -1.6636 -0.42904 1.6517 -2.5628 -0.54922 0.13081 0.55204 -1.4516 -1.6825 -0.0064049 -0.57944 -2.4504 1.3722 0.54922 -0.13081 -0.55204 -0.40545 -2.0003 -0.64155 0.097469 -3.1718 0.63338
4 60 276 -0.56323 4.48 -1.772 -0.43175 3.2966 -1.3462 -1.1576 3.4666 -0.7047 -1.2176 2.1815 0.30206 -2.0686 1.4872 -0.78028 0.2898 3.1538 -1.9991 0.74177 1.5962 -1.8036 -0.52238 1.7408 -2.6746 -0.57688 0.137 0.52148 -1.4955 -1.5424 -0.34457 -0.86528 -2.605 0.96869 0.57688 -0.137 -0.52148 -0.24626 -2.0687 -0.44906 0.25171 -3.2044 0.85976
4 61 276 -0.49042 4.5006 -1.7441 -0.34549 3.3112 -1.3386 -1.0536 3.473 -0.67549 -1.0713 2.2168 0.36863 -1.9077 1.5397 -0.73577 0.35812 3.1767 -2.0126 0.76486 1.6035 -1.8441 -0.4966 1.8405 -2.6986 -0.59993 0.14334 0.49299 -1.4407 -1.4885 -0.52904 -1.0686 -2.8853 0.54855 0.59993 -0.14334 -0.49299 -0.062853 -2.1158 -0.20222 0.42932 -3.2532 1.1073
4 64 288 -0.72346 4.5633 -1.458 -0.48239 3.3541 -1.1705 -1.0694 3.451 -0.38727 -0.76535 2.2498 0.67741 -1.8163 1.5026 -0.16812 0.098381 3.2853 -1.9612 0.54632 1.7159 -1.89 -0.8554 1.9501 -2.4883 -0.57599 0.11814 0.52705 -1.2522 -1.7081 -0.26156 -1.4756 -3.4963 -0.31809 0.57599 -0.11814 -0.52705 0.4718 -2.0827 0.21061 1.188 -3.1116 1.5065
4 65 288 -0.68624 4.5973 -1.3686 -0.44335 3.3853 -1.0946 -1.0776 3.4577 -0.3464 -0.83138 2.2399 0.71425 -1.8479 1.4946 -0.17396 0.1847 3.3412 -1.8503 0.6827 1.7875 -1.7684 -0.69911 1.9632 -2.4297 -0.60012 0.10106 0.50313 -1.2374 -1.7148 -0.33997 -1.3449 -3.514 -0.29167 0.60012 -0.10106 -0.50313 0.45552 -2.0836 0.17711 1.2803 -2.9005 1.5567
4 67 300 -0.8232 4.6065 -1.212 -0.52637 3.3914 -1.0201 -1.1265 3.4077 -0.2411 -0.9483 2.1356 0.76815 -2.0205 1.5116 -0.14761 0.06623 3.4033 -1.805 0.75725 1.9255 -1.7191 -0.64724 1.827 -2.3479 -0.54396 0.11783 0.56011 -1.232 -1.6879 -0.26477 -0.86828 -3.359 0.3061 0.54396 -0.11783 -0.56011 0.24732 -2.1897 -0.3764 1.4466 -2.425 0.94923
4 68 300 -0.82512 4.5779 -1.2924 -0.50903 3.3706 -1.0883 -1.1682 3.3651 -0.3583 -1.1742 2.0685 0.63551 -2.1495 1.5509 -0.44086 0.14192 3.404 -1.8249 0.96898 2.0141 -1.5952 -0.31148 1.6971 -2.3938 -0.56664 0.12681 0.5351 -1.1958 -1.7118 -0.26375 -0.65072 -3.2525 0.49786 0.56664 -0.12681 -0.5351 0.075397 -2.1584 -0.74901 1.2043 -2.2826 0.65133
4 70 312 -0.94169 4.5773 -1.2367 -0.61828 3.371 -1.0362 -1.2802 3.3495 -0.30912 -1.3697 1.9943 0.59873 -2.3559 1.7555 -0.5623 0.035252 3.4203 -1.7696 1.0486 2.1722 -1.4798 -0.13364 1.6218 -2.3026 -0.50347 0.12406 0.59551 -0.8484 -1.9175 0.23841 -0.0063955 -3.3057 1.0225 0.50347 -0.12406 -0.59551 -0.47319 -1.8629 -1.2566 0.65381 -2.5627 -0.035516
4 71 312 -0.81035 4.5942 -1.2823 -0.53687 3.381 -1.0491 -1.2729 3.3649 -0.39687 -1.4393 1.9947 0.47701 -2.3087 1.8386 -0.78689 0.19193 3.4252 -1.7081 1.2082 2.209 -1.312 0.13991 1.6164 -2.2529 -0.54145 0.11759 0.56259 -0.60714 -1.9794 0.44995 0.19828 -3.3685 1.2701 0.54145 -0.11759 -0.56259 -0.526 -1.7658 -1.3097 0.30503 -2.9264 -0.2082
5 15 120 -0.69549 4.7652 -0.58786 -0.46757 3.5282 -0.44077 -1.0799 3.5362 0.32884 -0.83679 2.06 0.98503 -1.485 0.69703 1.3007 0.13926 3.5492 -1.2145 0.19465 1.9716 -1.6351 -0.66274 0.93983 -2.3953 -0.55438 -0.022441 0.56184 -1.4261 -1.6909 -0.37124 -1.7563 -3.4633 -0.34577 0.55438 0.022442 -0.56184 0.34564 -2.0674 -0.50308 0.92042 -3.5339 0.37429
5 16 120 -0.71301 4.763 -0.58764 -0.47445 3.5284 -0.43641 -1.1099 3.5245 0.31429 -0.86187 2.0559 0.98533 -1.4729 0.68154 1.3252 0.15524 3.5612 -1.1912 0.24341 1.9817 -1.5991 -0.58911 0.94255 -2.3767 -0.57306 -0.027461 0.54254 -1.3979 -1.6935 -0.43639 -1.8376 -3.4402 -0.51723 0.57306 0.027461 -0.54254 0.44227 -2.0663 -0.42774 1.0177 -3.5099 0.48653
5 17 120 -0.71541 4.7634 -0.58308 -0.47209 3.53 -0.43006 -1.1309 3.5145 0.30005 -0.88829 2.0494 0.98062 -1.4683 0.6678 1.3446 0.18083 3.5743 -1.1643 0.30989 1.9913 -1.5468 -0.46206 0.91481 -2.3361 -0.5866 -0.029342 0.52776 -1.3849 -1.6995 -0.46592 -1.8149 -3.4474 -0.57121 0.5866 0.029342 -0.52776 0.51449 -2.0633 -0.35437 1.114 -3.4791 0.58731
5 18 120 -0.71113 4.7648 -0.57685 -0.46797 3.5309 -0.42782 -1.1449 3.5063 0.28527 -0.9173 2.0415 0.97184 -1.4812 0.65679 1.349 0.20302 3.5843 -1.145 0.39065 1.9985 -1.4896 -0.29028 0.86129 -2.2774 -0.59937 -0.030692 0.51314 -1.3623 -1.7117 -0.49006 -1.736 -3.4742 -0.56032 0.59937 0.030692 -0.51314 0.57853 -2.0576 -0.28282 1.2134 -3.4409 0.68373
5 20 132 -0.82485 4.7588 -0.45886 -0.54849 3.5261 -0.36962 -1.0911 3.4829 0.44956 -0.77185 2.0061 1.0708 -1.2548 0.62307 1.552 -0.012784 3.5981 -1.1913 0.31653 2.0229 -1.4725 -0.27568 0.76233 -2.1342 -0.50266 -0.015228 0.60877 -1.4197 -1.709 -0.23053 -1.6359 -3.4962 -0.12944 0.50266 0.015228 -0.60877 0.62802 -2.0633 -0.32888 1.55 -3.3546 0.52746
5 21 132 -0.83115 4.7586 -0.45059 -0.55129 3.5265 -0.36324 -1.1118 3.4766 0.44339 -0.82834 1.9896 1.0575 -1.3399 0.60751 1.5111 0.0023037 3.6052 -1.1724 0.43842 2.0474 -1.3996 0.01615 0.71955 -2.0601 -0.51201 -0.016468 0.6009 -1.4061 -1.7263 -0.23061 -1.5334 -3.518 -0.073725 0.51201 0.016468 -0.6009 0.66821 -2.0621 -0.33725 1.6316 -3.2972 0.5556
5 23 144 -0.93822 4.7465 -0.32213 -0.63166 3.518 -0.29147 -1.0919 3.4396 0.57423 -0.80739 1.9277 1.1237 -1.3172 0.55011 1.593 -0.17898 3.6252 -1.158 0.33104 2.0969 -1.4284 0.15679 0.68764 -2.0294 -0.43805 -0.014983 0.6568 -1.3526 -1.7976 0.024277 -1.2902 -3.5792 0.29478 0.43805 0.014983 -0.6568 0.5206 -2.0842 -0.62901 1.7169 -3.1526 0.19459
5 24 144 -0.96148 4.7368 -0.37442 -0.64412 3.5112 -0.33201 -1.1593 3.4195 0.50079 -0.95839 1.8993 1.0641 -1.5378 0.52789 1.4657 -0.13662 3.6317 -1.1658 0.43488 2.1215 -1.4137 0.38251 0.70627 -2.0235 -0.46874 -0.012163 0.63532 -1.3095 -1.8294 -0.0012078 -1.1831 -3.6004 0.31265 0.46874 0.012163 -0.63532 0.43475 -2.086 -0.73885 1.6373 -3.0523 0.19442
5 25 144 -0.98063 4.7297 -0.41058 -0.64594 3.5093 -0.35706 -1.2086 3.4084 0.44329 -1.1186 1.8817 1.0178 -1.7696 0.52154 1.3398 -0.091403 3.6389 -1.159 0.53143 2.1445 -1.3771 0.54848 0.73233 -1.9961 -0.49559 -0.013777 0.61458 -1.2645 -1.8616 -0.024703 -1.0764 -3.6174 0.33956 0.49559 0.013777 -0.61458 0.33788 -2.0687 -0.8446 1.4987 -2.9888 0.18334
5 27 156 -1.0697 4.7207 -0.26213 -0.70418 3.5081 -0.25706 -1.1971 3.3954 0.58657 -1.2558 1.8551 1.1279 -1.9739 0.53711 1.4811 -0.22005 3.6493 -1.1015 0.39832 2.1623 -1.3756 0.30772 0.76386 -2.0189 -0.42101 -0.020438 0.6677 -1.1782 -1.9141 0.16276 -0.7664 -3.619 0.58101 0.42101 0.020438 -0.6677 -0.099357 -1.9738 -1.0759 1.038 -3.082 -0.22191
5 28 156 -1.0629 4.7187 -0.30679 -0.69196 3.508 -0.28429 -1.233 3.393 0.52895 -1.4045 1.8539 1.0491 -2.2189 0.5757 1.3331 -0.15954 3.6515 -1.0987 0.45695 2.1554 -1.323 0.36482 0.7636 -1.9803 -0.45616 -0.021387 0.64417 -1.1324 -1.9441 0.13408 -0.64889 -3.6139 0.61258 0.45616 0.021388 -0.64417 -0.19622 -1.9095 -1.1544 0.75289 -3.1921 -0.31479
5 29 156 -1.0345 4.7211 -0.3535 -0.66679 3.5099 -0.31445 -1.2565 3.3961 0.46439 -1.5206 1.8626 0.96204 -2.4395 0.6393 1.1536 -0.085497 3.6523 -1.0949 0.51086 2.142 -1.274 0.40844 0.75603 -1.942 -0.48947 -0.020052 0.61928 -1.0693 -1.977 0.12087 -0.52621 -3.6107 0.65663 0.48947 0.020053 -0.61928 -0.25408 -1.8528 -1.214 0.46137 -3.3107 -0.43057
5 30 156 -0.99537 4.7257 -0.40482 -0.63671 3.5128 -0.3442 -1.2717 3.4044 0.39905 -1.6158 1.8798 0.87415 -2.6304 0.7211 0.94996 -0.0098548 3.6497 -1.0896 0.55584 2.1228 -1.2216 0.45445 0.73852 -1.8932 -0.51777 -0.017991 0.59589 -0.9923 -2.0115 0.13206 -0.39948 -3.6111 0.71572 0.51777 0.017991 -0.59589 -0.27911 -1.8052 -1.2706 0.16628 -3.4123 -0.58536
5 31 156 -0.93905 4.7318 -0.4622 -0.59582 3.5155 -0.38273 -1.2678 3.4165 0.32856 -1.6847 1.9032 0.78129 -2.779 0.81787 0.73505 0.068551 3.6432 -1.0966 0.6065 2.103 -1.1809 0.50526 0.71537 -1.8456 -0.53968 -0.011002 0.5763 -0.902 -2.0418 0.17776 -0.27552 -3.6173 0.79129 0.53968 0.011002 -0.5763 -0.27717 -1.7704 -1.3337 -0.10473 -3.483 -0.79682
5 32 156 -0.86849 4.7403 -0.51477 -0.54617 3.5197 -0.41498 -1.2491 3.4321 0.2674 -1.7279 1.9308 0.69809 -2.8791 0.91802 0.53427 0.14961 3.6361 -1.1003 0.6614 2.0854 -1.1466 0.55248 0.69054 -1.7948 -0.55524 -0.002583 0.56143 -0.80468 -2.0638 0.2398 -0.15934 -3.6209 0.88004 0.55524 0.002583 -0.56143 -0.2691 -1.7468 -1.3826 -0.31529 -3.511 -1.0132
5 33 156 -0.78927 4.7494 -0.56313 -0.49032 3.5246 -0.44366 -1.2123 3.4556 0.22064 -1.7337 1.963 0.632 -2.9213 1.0185 0.35801 0.22518 3.6226 -1.1114 0.71872 2.0653 -1.1231 0.6086 0.66143 -1.7513 -0.56278 0.0073962 0.55383 -0.711 -2.0766 0.33179 -0.042954 -3.6218 0.97751 0.56278 -0.0073957 -0.55383 -0.30274 -1.7303 -1.3886 -0.41553 -3.5183 -1.1854
5 34 156 -0.70801 4.7586 -0.60256 -0.43429 3.53 -0.46375 -1.17 3.483 0.18731 -1.7198 1.9976 0.58767 -2.9238 1.1095 0.21475 0.29557 3.6061 -1.1186 0.76939 2.0427 -1.1037 0.66772 0.62812 -1.7088 -0.56424 0.016483 0.55214 -0.62748 -2.0792 0.41587 0.068947 -3.605 1.0775 0.56424 -0.016484 -0.55214 -0.33959 -1.7286 -1.3683 -0.45268 -3.5254 -1.2712
5 55 204 -0.67887 4.7833 -0.38557 -0.41906 3.551 -0.26346 -1.0038 3.568 0.52718 -0.82057 2.088 1.1942 -1.5612 0.79912 1.6039 0.16108 3.5633 -1.0576 0.36978 1.9661 -1.3296 -0.16438 0.65538 -1.9415 -0.48404 -0.028985 0.62319 -1.3969 -1.6985 -0.26762 -1.8351 -3.447 -0.3121 0.48404 0.028985 -0.62319 0.3751 -2.0571 -0.39789 1.1775 -3.4271 0.45656
5 56 204 -0.67971 4.7838 -0.38112 -0.42098 3.551 -0.26068 -1.0472 3.5544 0.49772 -0.89905 2.0781 1.1812 -1.6629 0.79468 1.5649 0.20063 3.5769 -1.0225 0.46207 1.9823 -1.2628 0.06612 0.63545 -1.9006 -0.52286 -0.035812 0.59062 -1.3507 -1.7204 -0.35343 -1.7439 -3.48 -0.34162 0.52286 0.035812 -0.59062 0.46525 -2.0518 -0.36068 1.2751 -3.3887 0.53812
5 57 216 -0.74649 4.7807 -0.28851 -0.46971 3.5473 -0.22677 -0.97359 3.5351 0.61781 -0.73014 2.0583 1.2723 -1.4002 0.76894 1.7884 0.028847 3.5888 -1.0736 0.29817 2.0001 -1.3427 -0.086913 0.62862 -1.9328 -0.43625 -0.025093 0.65769 -1.3599 -1.7318 -0.14736 -1.6704 -3.4996 0.02421 0.43625 0.025093 -0.65769 0.43572 -2.0659 -0.45232 1.4588 -3.3509 0.29138
5 58 216 -0.75831 4.7766 -0.31414 -0.46721 3.5466 -0.25086 -1.0179 3.5166 0.56348 -0.82891 2.0358 1.227 -1.4785 0.7301 1.7279 0.077939 3.6059 -1.0674 0.41781 2.0263 -1.3086 0.14745 0.64311 -1.9341 -0.47281 -0.020974 0.63206 -1.3515 -1.7383 -0.20042 -1.5691 -3.512 0.039081 0.47281 0.020974 -0.63206 0.47837 -2.0725 -0.45468 1.5439 -3.2937 0.33539
5 60 228 -0.84412 4.7636 -0.22888 -0.51514 3.5421 -0.21452 -1.0304 3.4808 0.621 -0.83128 1.9896 1.2576 -1.3496 0.65598 1.8326 -0.0061589 3.6326 -1.0513 0.38777 2.0723 -1.3325 0.12071 0.69054 -1.9626 -0.4366 -0.018205 0.65769 -1.3323 -1.8085 0.019742 -1.3114 -3.574 0.38515 0.4366 0.018205 -0.65769 0.39412 -2.0823 -0.67183 1.6362 -3.1307 0.1086
5 61 228 -0.86099 4.7519 -0.3226 -0.51262 3.5362 -0.28875 -1.1077 3.4556 0.49017 -0.98668 1.9635 1.1442 -1.5459 0.62314 1.6623 0.075779 3.6459 -1.0692 0.51776 2.0944 -1.3263 0.26773 0.72904 -1.9979 -0.49061 -0.0079603 0.61866 -1.2798 -1.8492 -0.014659 -1.2081 -3.6091 0.37111 0.49061 0.0079603 -0.61866 0.38341 -2.0857 -0.75839 1.5818 -3.0277 0.20457
5 63 240 -0.98175 4.7311 -0.25531 -0.59212 3.5281 -0.24557 -1.1618 3.4281 0.5499 -1.1155 1.9243 1.1865 -1.7214 0.58629 1.6558 -0.0299 3.657 -1.0422 0.43138 2.1161 -1.3276 0.040704 0.80167 -2.0329 -0.45999 -0.018999 0.64152 -1.1928 -1.9236 0.1419 -0.92249 -3.6543 0.56944 0.45999 0.018999 -0.64152 0.11207 -2.028 -0.96219 1.2708 -2.9825 0.036397
5 64 240 -0.98116 4.7273 -0.3232 -0.59004 3.5254 -0.28338 -1.2252 3.4214 0.46035 -1.2974 1.9085 1.0725 -2.0038 0.59035 1.4481 0.03759 3.6582 -1.0289 0.52052 2.1174 -1.2765 0.14979 0.82733 -2.0354 -0.50799 -0.021123 0.60415 -1.1636 -1.9462 0.076226 -0.83186 -3.6525 0.55494 0.50799 0.021123 -0.60415 0.054816 -1.9807 -1.0533 1.035 -3.0641 0.0031696
5 65 240 -0.97468 4.723 -0.38746 -0.58283 3.5224 -0.32434 -1.2755 3.4126 0.36528 -1.468 1.8955 0.93968 -2.2806 0.61154 1.2022 0.10236 3.6609 -1.0162 0.59076 2.1162 -1.2259 0.26172 0.83508 -2.0185 -0.55137 -0.021919 0.56481 -1.123 -1.968 0.016953 -0.74135 -3.6488 0.54627 0.55137 0.021919 -0.56481 0.021548 -1.9307 -1.1313 0.8007 -3.1636 -0.071201
5 66 240 -0.9602 4.7213 -0.43837 -0.56891 3.5216 -0.35458 -1.3053 3.404 0.28675 -1.6206 1.8873 0.80531 -2.5329 0.65115 0.93769 0.15999 3.6679 -0.99852 0.64977 2.1189 -1.1703 0.37437 0.83401 -1.9771 -0.58875 -0.024172 0.52563 -1.0729 -1.9928 -0.026059 -0.6531 -3.6489 0.55002 0.58875 0.024171 -0.52563 0.0072346 -1.8876 -1.1747 0.5822 -3.2602 -0.15676
5 67 252 -1.011 4.7216 -0.29262 -0.61095 3.5219 -0.2693 -1.2461 3.3999 0.47166 -1.5718 1.8891 1.0011 -2.547 0.71191 1.2034 0.016367 3.6726 -1.0117 0.4677 2.1198 -1.2433 0.093571 0.8232 -1.9893 -0.50573 -0.021945 0.60601 -1.0053 -2.0136 0.16085 -0.43854 -3.6488 0.66651 0.50573 0.021945 -0.60601 -0.25083 -1.8482 -1.1928 0.30358 -3.3493 -0.36196
5 68 252 -0.97364 4.7226 -0.36466 -0.57957 3.5217 -0.32004 -1.2609 3.4022 0.37913 -1.6911 1.9 0.85555 -2.7612 0.79241 0.93079 0.094202 3.67 -1.0211 0.55338 2.1146 -1.2181 0.23821 0.8002 -1.9602 -0.53788 -0.014304 0.57791 -0.93648 -2.0349 0.16236 -0.3438 -3.656 0.68357 0.53788 0.014304 -0.57791 -0.2539 -1.8115 -1.2517 0.078907 -3.426 -0.52142
5 69 252 -0.92144 4.7276 -0.42136 -0.53673 3.5252 -0.35443 -1.2601 3.4155 0.30293 -1.7887 1.9249 0.71174 -2.92 0.8782 0.66401 0.17946 3.6638 -1.0142 0.64595 2.1066 -1.1761 0.39168 0.77087 -1.9034 -0.56164 -0.0080657 0.55497 -0.86209 -2.0538 0.18223 -0.24836 -3.6624 0.71765 0.56164 0.0080652 -0.55497 -0.2495 -1.7833 -1.2949 -0.12025 -3.4767 -0.68958
5 70 252 -0.86305 4.734 -0.4716 -0.4901 3.5294 -0.38302 -1.2431 3.4275 0.24147 -1.8441 1.9467 0.58028 -3.0221 0.96703 0.40717 0.25605 3.66 -1.0104 0.7253 2.1004 -1.1375 0.53581 0.74196 -1.842 -0.5767 0.00010967 0.53937 -0.78368 -2.0663 0.22082 -0.15736 -3.6687 0.76008 0.5767 -0.00010967 -0.53937 -0.26043 -1.7644 -1.3144 -0.26052 -3.5008 -0.82887
5 71 252 -0.79767 4.7413 -0.51756 -0.44174 3.5335 -0.40789 -1.2206 3.4461 0.18629 -1.8725 1.9735 0.46044 -3.0739 1.0557 0.15663 0.33082 3.6498 -1.0054 0.79891 2.0876 -1.1015 0.66905 0.70629 -1.7743 -0.58533 0.0082359 0.52993 -0.70972 -2.0725 0.26652 -0.069133 -3.6687 0.80744 0.58533 -0.0082355 -0.52992 -0.26232 -1.7501 -1.3434 -0.34831 -3.5008 -0.92079
5 72 264 -0.82462 4.7501 -0.38845 -0.46987 3.5381 -0.33554 -1.128 3.4666 0.39183 -1.753 1.9995 0.74655 -3.019 1.1377 0.567 0.18184 3.6387 -1.0653 0.62006 2.0731 -1.2252 0.41305 0.67172 -1.8342 -0.46927 0.016142 0.63484 -0.56391 -2.0736 0.43948 0.19426 -3.6599 0.83922 0.46927 -0.016142 -0.63484 -0.53057 -1.7444 -1.2889 -0.58457 -3.4967 -0.86764
5 95 300 -0.65658 4.7796 -0.49477 -0.41603 3.5413 -0.3811 -0.98664 3.5382 0.42 -0.83822 2.048 1.0726 -1.5978 0.73251 1.3375 0.14915 3.5735 -1.1854 0.29192 1.9638 -1.4246 -0.27117 0.64064 -1.9812 -0.49268 -0.0017333 0.61706 -1.3662 -1.6933 -0.27169 -1.6118 -3.477 -0.36632 0.49268 0.0017333 -0.61706 0.45519 -2.0789 -0.32736 1.2889 -3.4116 0.55571
5 96 300 -0.66487 4.778 -0.49637 -0.42312 3.5392 -0.3906 -1.0144 3.5195 0.39512 -0.89121 2.025 1.0432 -1.6624 0.71042 1.2773 0.1625 3.5881 -1.1793 0.3628 1.98 -1.3855 -0.04778 0.5975 -1.9313 -0.51177 -7.6294e-06 0.60133 -1.3463 -1.6983 -0.31175 -1.5472 -3.4896 -0.35407 0.51177 8.1062e-06 -0.60133 0.50425 -2.0797 -0.30259 1.3811 -3.3626 0.61177
5 98 312 -0.74897 4.7813 -0.31151 -0.49156 3.5417 -0.27041 -0.96261 3.4928 0.5916 -0.77297 1.9841 1.1889 -1.4836 0.65759 1.5251 -0.026652 3.6198 -1.1336 0.27139 2.0276 -1.3447 0.004811 0.58168 -1.8095 -0.41483 -0.003993 0.67186 -1.3534 -1.7383 -0.053176 -1.3513 -3.5362 0.08265 0.41483 0.003993 -0.67186 0.51129 -2.0804 -0.42657 1.6225 -3.2637 0.35822
5 99 312 -0.74185 4.7815 -0.31474 -0.48654 3.5414 -0.27833 -0.99397 3.4801 0.56199 -0.8506 1.9643 1.154 -1.5627 0.63169 1.4618 0.014712 3.6317 -1.1197 0.37032 2.0506 -1.3254 0.16059 0.59784 -1.7978 -0.43937 -0.0030041 0.65608 -1.3106 -1.774 -0.06414 -1.2177 -3.5633 0.13773 0.43937 0.0030046 -0.65608 0.50807 -2.0913 -0.50234 1.6488 -3.1999 0.3465
5 100 312 -0.7531 4.7761 -0.35002 -0.49394 3.537 -0.30896 -1.0397 3.467 0.50629 -0.95268 1.9424 1.0867 -1.6686 0.60515 1.3641 0.045473 3.6361 -1.1254 0.45421 2.0667 -1.3219 0.2573 0.61945 -1.8164 -0.4635 0.00047398 0.63927 -1.2652 -1.8079 -0.06891 -1.0939 -3.584 0.18998 0.4635 -0.0004735 -0.63927 0.45917 -2.1014 -0.6167 1.6273 -3.1163 0.30871
5 101 312 -0.76334 4.7709 -0.39419 -0.49637 3.5339 -0.33978 -1.0787 3.456 0.44903 -1.0588 1.9234 1.0143 -1.7875 0.58653 1.2578 0.079352 3.6408 -1.13 0.53034 2.0811 -1.3111 0.32629 0.64672 -1.8389 -0.49134 0.0024366 0.61812 -1.2199 -1.8432 -0.072561 -0.97914 -3.6024 0.24095 0.49134 -0.0024366 -0.61812 0.37827 -2.0969 -0.74018 1.5568 -3.016 0.26834
6 0 276 -0.96517 4.7141 -0.43141 -0.70617 3.4745 -0.42038 -1.3804 3.3527 0.28527 -1.2573 1.8042 0.79095 -1.9622 0.43396 0.84728 -0.038559 3.6253 -1.1267 0.48644 2.1336 -1.5365 0.49205 0.85687 -2.4012 -0.52023 -0.011706 0.5939 -1.0026 -1.9894 0.073998 -0.99705 -3.7184 0.58536 0.52023 0.011706 -0.5939 -0.036828 -1.9967 -0.85876 0.55418 -3.6925 -0.69752
6 1 276 -0.94815 4.7103 -0.51827 -0.69467 3.4704 -0.47926 -1.4149 3.3443 0.17851 -1.3215 1.8001 0.70343 -2.0118 0.42141 0.6882 0.018719 3.6256 -1.1383 0.61152 2.1452 -1.4933 0.7201 0.88014 -2.3682 -0.55894 -0.012639 0.55761 -0.99416 -1.9976 0.023895 -0.95397 -3.7244 0.54118 0.55894 0.012639 -0.55761 0.017659 -1.9926 -0.87466 0.61709 -3.6856 -0.71617
6 2 288 -1.0145 4.7097 -0.39408 -0.75881 3.47 -0.38389 -1.3795 3.3431 0.3684 -1.2206 1.8008 0.88311 -1.9127 0.424 0.93876 -0.14532 3.6259 -1.1367 0.42262 2.1509 -1.5496 0.42559 0.89194 -2.4399 -0.475 -0.011961 0.63066 -0.95878 -2.0096 0.19494 -0.77413 -3.7348 0.68508 0.475 0.011961 -0.63066 -0.090726 -1.9937 -0.89831 0.53434 -3.6823 -0.80535
6 3 288 -0.99059 4.7089 -0.45855 -0.73415 3.4697 -0.43177 -1.3947 3.3383 0.28499 -1.2932 1.7971 0.81736 -2.0075 0.43061 0.81828 -0.080938 3.6301 -1.1494 0.52624 2.1534 -1.4951 0.59865 0.88754 -2.3726 -0.51734 -0.013711 0.59638 -0.94267 -2.0204 0.14169 -0.73166 -3.7428 0.63108 0.51734 0.013711 -0.59638 0.0086987 -2.0012 -0.90604 0.62651 -3.6837 -0.7101
6 5 300 -0.9973 4.7177 -0.33973 -0.75439 3.4757 -0.33773 -1.3421 3.3491 0.44069 -1.2494 1.8051 0.96625 -2.0381 0.48342 1.0598 -0.17387 3.6312 -1.1163 0.37667 2.135 -1.4727 0.37797 0.83068 -2.2951 -0.47165 -0.020075 0.63296 -0.87773 -2.0392 0.21748 -0.51796 -3.7483 0.6653 0.47165 0.020075 -0.63296 0.043126 -2.0202 -0.89337 0.62801 -3.6909 -0.55019
6 6 300 -0.96452 4.7207 -0.37687 -0.72451 3.4785 -0.36654 -1.3454 3.3448 0.38445 -1.3153 1.8024 0.92189 -2.1423 0.50313 0.99777 -0.11087 3.6411 -1.1178 0.43294 2.1297 -1.4152 0.45497 0.80733 -2.2081 -0.51241 -0.021998 0.60038 -0.86262 -2.0475 0.16583 -0.48544 -3.7502 0.62358 0.51241 0.021998 -0.60038 0.11345 -2.023 -0.87106 0.64094 -3.6908 -0.43411
6 7 300 -0.91518 4.7299 -0.40278 -0.68289 3.4865 -0.37837 -1.3441 3.3538 0.3376 -1.3838 1.8134 0.88018 -2.2383 0.5319 0.95284 -0.028809 3.6481 -1.0949 0.50115 2.1214 -1.3336 0.52145 0.78706 -2.1062 -0.54901 -0.024261 0.56701 -0.84818 -2.0553 0.12023 -0.44988 -3.749 0.59316 0.54901 0.02426 -0.56701 0.16392 -2.0215 -0.85104 0.63438 -3.684 -0.33537
6 8 300 -0.86639 4.7371 -0.44359 -0.64183 3.4928 -0.4025 -1.3443 3.3634 0.27364 -1.4521 1.8261 0.81571 -2.3292 0.55959 0.88118 0.053697 3.6511 -1.0797 0.56676 2.1107 -1.2609 0.56725 0.77185 -2.0258 -0.57721 -0.02344 0.53831 -0.82898 -2.0587 0.08153 -0.41147 -3.745 0.56415 0.57721 0.02344 -0.53831 0.1815 -2.0161 -0.85116 0.61813 -3.669 -0.27818
6 37 300 -0.67223 4.7706 -0.53095 -0.47085 3.5245 -0.44157 -1.1218 3.4527 0.29222 -1.0188 1.9284 0.87081 -1.8366 0.6214 0.84497 0.17389 3.6254 -1.1774 0.27329 2.1325 -1.8333 -0.4356 1.2386 -2.8707 -0.58485 -0.0093427 0.53043 -1.2921 -1.7832 -0.34562 -1.4003 -3.583 -0.33436 0.58485 0.0093431 -0.53043 0.29255 -2.0709 -0.56755 0.67755 -3.6719 0.16702
6 38 300 -0.65449 4.7739 -0.52775 -0.45992 3.5273 -0.43232 -1.1228 3.4545 0.29063 -1.0037 1.9363 0.8817 -1.7676 0.59688 0.89675 0.1968 3.6292 -1.1574 0.28831 2.1375 -1.8172 -0.43552 1.2659 -2.8632 -0.59837 -0.013171 0.51505 -1.2826 -1.794 -0.36521 -1.5863 -3.5555 -0.60142 0.59837 0.013171 -0.51505 0.39573 -2.0774 -0.46333 0.77574 -3.6709 0.28977
6 39 300 -0.63745 4.7764 -0.53008 -0.45004 3.5296 -0.42673 -1.1279 3.4556 0.2821 -0.99575 1.9436 0.88643 -1.6996 0.57304 0.94817 0.22168 3.6327 -1.1377 0.31999 2.1382 -1.79 -0.40086 1.267 -2.8384 -0.61164 -0.015753 0.49915 -1.276 -1.8119 -0.365 -1.6976 -3.5113 -0.79557 0.61164 0.015752 -0.49915 0.48038 -2.0769 -0.36575 0.87182 -3.6562 0.41106
6 40 300 -0.62161 4.7791 -0.52886 -0.43988 3.532 -0.42134 -1.1348 3.4565 0.27063 -0.99526 1.95 0.88693 -1.6411 0.55444 1.0006 0.24891 3.6366 -1.1156 0.36542 2.1346 -1.7475 -0.33017 1.24 -2.7932 -0.62163 -0.016871 0.48661 -1.273 -1.8224 -0.36772 -1.7307 -3.4871 -0.88778 0.62163 0.016871 -0.48661 0.55264 -2.0723 -0.27467 0.96755 -3.6327 0.52781
6 42 312 -0.69004 4.7843 -0.3692 -0.49678 3.5362 -0.30387 -1.0518 3.4544 0.504 -0.78099 1.9547 1.0924 -1.2937 0.53621 1.413 0.051897 3.6472 -1.1126 0.13281 2.1237 -1.6965 -0.65092 1.1111 -2.5557 -0.5241 -0.020017 0.59027 -1.3076 -1.8255 -0.14512 -1.7598 -3.535 -0.49714 0.5241 0.020018 -0.59027 0.64556 -2.0522 -0.26573 1.2966 -3.5533 0.49187
6 43 312 -0.67125 4.786 -0.36909 -0.4867 3.5365 -0.30782 -1.0524 3.4537 0.4925 -0.77648 1.9566 1.0853 -1.273 0.5384 1.4316 0.072812 3.6484 -1.1089 0.22225 2.1144 -1.6504 -0.46785 1.017 -2.4854 -0.53532 -0.019608 0.58013 -1.2845 -1.8299 -0.17883 -1.6475 -3.5724 -0.46661 0.53532 0.019608 -0.58013 0.7315 -2.0412 -0.22111 1.4231 -3.5076 0.56761
6 44 312 -0.65235 4.7843 -0.39493 -0.47389 3.5335 -0.3391 -1.0526 3.4521 0.45202 -0.77374 1.955 1.0435 -1.2696 0.5404 1.405 0.098751 3.6442 -1.1311 0.32553 2.1003 -1.6143 -0.24188 0.911 -2.4152 -0.54093 -0.0076678 0.57519 -1.2585 -1.8257 -0.19565 -1.5557 -3.5876 -0.43683 0.54093 0.0076678 -0.57519 0.79189 -2.0414 -0.18441 1.5548 -3.4546 0.63514
6 45 312 -0.64046 4.7858 -0.38441 -0.46356 3.5343 -0.33809 -1.0455 3.4488 0.45021 -0.78145 1.9481 1.0393 -1.2919 0.53871 1.4008 0.1124 3.649 -1.1271 0.42119 2.0969 -1.5328 0.018053 0.8162 -2.291 -0.5372 -0.0011201 0.57872 -1.247 -1.8202 -0.19689 -1.4288 -3.6079 -0.34477 0.5372 0.0011201 -0.57872 0.84203 -2.0352 -0.16087 1.6666 -3.3934 0.69141
