0 96 144 -0.10749 4.8279 -0.2181 -0.077177 3.5755 -0.093436 -0.63222 3.583 0.71849 -1.7176 4.4369 1.5911 -1.9135 5.8913 1.1175 0.47836 3.5979 -0.90476 0.65566 4.2401 -2.3964 -0.024669 5.601 -2.6467 -0.42471 0.010407 0.66559 -0.79615 -2.0406 0.40151 -0.33378 -3.751 0.73589 0.42471 -0.010407 -0.66559 0.21402 -2.0732 -1.0042 0.91996 -3.719 -0.79421
0 97 144 -0.10009 4.834 -0.16033 -0.085927 3.5752 -0.07992 -0.64083 3.566 0.73209 -1.908 4.4478 1.2664 -2.1873 5.7892 0.55906 0.46932 3.6141 -0.89082 0.33581 4.2658 -2.3829 -0.58761 5.4861 -2.5721 -0.42694 0.0091467 0.66418 -0.80837 -2.0395 0.39591 -0.35866 -3.7526 0.73335 0.42694 -0.0091467 -0.66418 0.20612 -2.0706 -1.0048 0.89714 -3.7235 -0.80134
0 99 132 -0.08178 4.8428 -0.090693 -0.096943 3.5784 -0.073512 -0.82899 3.5479 0.58265 -2.2832 4.1457 0.13928 -2.4657 5.2284 -0.94332 0.6341 3.6385 -0.72874 0.28854 4.0849 -2.2617 -0.94771 4.9344 -2.619 -0.56793 0.0030518 0.54859 -0.89112 -2.0429 0.19644 -0.5456 -3.7581 0.63186 0.56793 -0.0030513 -0.54858 0.40431 -2.0608 -0.93996 1.0023 -3.7298 -0.61183
0 100 132 -0.10684 4.8437 -0.085426 -0.12031 3.5796 -0.078098 -0.86971 3.544 0.55789 -2.3059 3.8759 -0.14621 -2.5043 4.8274 -1.3433 0.62731 3.6451 -0.71383 0.11214 3.8713 -2.2475 -1.2262 4.5464 -2.6091 -0.57754 0.00036192 0.53846 -0.89997 -2.0435 0.17396 -0.56442 -3.7572 0.62307 0.57754 -0.0003624 -0.53846 0.40516 -2.0535 -0.94975 0.98048 -3.7307 -0.62296
0 101 132 -0.14011 4.8428 -0.10343 -0.15219 3.5795 -0.098769 -0.90694 3.5415 0.53073 -2.2872 3.5686 -0.34271 -2.5079 4.3776 -1.6367 0.60036 3.6473 -0.7284 -0.01515 3.609 -2.2411 -1.4109 4.1247 -2.6455 -0.58538 -0.001101 0.52994 -0.91262 -2.0428 0.15756 -0.58224 -3.7554 0.61459 0.58538 0.001101 -0.52994 0.40112 -2.0471 -0.96019 0.96051 -3.7294 -0.63164
1 4 300 -1.0885 4.3948 -1.6993 -0.91896 3.2007 -1.3215 -1.7432 3.1954 -0.78485 -1.9761 1.783 0.0022848 -3.113 0.8218 0.40388 -0.10101 3.234 -1.8667 0.79793 1.8699 -1.8613 1.6132 0.99632 -2.8359 -0.64714 -0.0071657 0.45239 -1.2579 -1.4546 -0.94267 -0.81763 -2.8802 0.069625 0.64714 0.0071654 -0.45239 -0.060284 -1.5559 -1.6651 0.69202 -2.7964 -0.59466
1 6 312 -1.0889 4.5801 -1.0962 -0.90984 3.353 -0.8474 -1.6159 3.3443 -0.16277 -2.026 2.2507 0.97942 -3.1742 1.9673 1.9689 -0.20883 3.3908 -1.5363 0.96708 2.3478 -1.9812 1.865 2.1426 -3.2178 -0.54279 -0.011558 0.57336 -1.3122 -1.7524 -0.31637 -0.74607 -3.3029 0.40915 0.54279 0.011558 -0.57336 -0.10413 -1.7858 -1.4482 0.65795 -3.2153 -0.65672
1 9 324 -0.95938 4.6876 -0.5723 -0.79855 3.444 -0.4303 -1.3538 3.4251 0.38129 -1.6848 2.903 1.8934 -2.4321 3.3834 3.1538 -0.246 3.4925 -1.2425 1.0309 2.9011 -2.0723 1.7425 3.3318 -3.3707 -0.40749 -0.015308 0.67618 -1.0783 -2.0005 0.5232 -0.90242 -3.7057 1.082 0.40749 0.015309 -0.67618 0.13911 -1.9609 -1.3372 0.88308 -3.5913 -1.1392
1 14 336 -0.65086 4.7625 -0.27359 -0.51578 3.515 -0.19528 -0.89339 3.4989 0.71275 -0.88847 3.8463 2.309 -0.99444 4.9887 3.3392 -0.13833 3.5608 -1.1024 0.98683 3.4926 -2.2848 1.3679 4.363 -3.4992 -0.25763 0.0029078 0.7464 -0.77556 -1.9637 1.274 -0.47276 -3.5436 2.0885 0.25763 -0.0029073 -0.7464 0.2551 -1.9137 -1.62 1.2697 -3.3524 -2.0093
1 15 336 -0.57853 4.7698 -0.25347 -0.46528 3.5196 -0.18368 -0.83736 3.5055 0.72666 -0.87368 3.9556 2.2966 -0.97042 5.147 3.2707 -0.092805 3.5634 -1.0929 0.99329 3.5321 -2.3128 1.3665 4.4405 -3.5016 -0.24987 0.0062594 0.74901 -0.8157 -1.9507 1.2634 -0.45064 -3.5419 2.0286 0.24987 -0.006259 -0.74901 0.22024 -1.9224 -1.6104 1.2552 -3.3419 -2.0161
1 16 336 -0.52824 4.7762 -0.24369 -0.42913 3.5249 -0.16984 -0.79264 3.5189 0.74404 -0.87803 4.0487 2.287 -0.99461 5.2851 3.201 -0.064877 3.5607 -1.0828 0.97385 3.5656 -2.3436 1.3509 4.5016 -3.5095 -0.23708 0.005724 0.75316 -0.86016 -1.9486 1.2077 -0.37016 -3.5216 1.9402 0.23708 -0.0057244 -0.75316 0.14788 -1.9272 -1.5983 1.2261 -3.3277 -1.9548
1 17 336 -0.50065 4.7841 -0.25841 -0.40814 3.5332 -0.16859 -0.7656 3.5389 0.74768 -0.91119 4.0966 2.2762 -1.0431 5.3685 3.1379 -0.049861 3.5572 -1.0842 0.92993 3.5605 -2.3914 1.3067 4.5152 -3.5422 -0.23226 0.0050941 0.75467 -0.98588 -1.9167 1.1461 -0.3018 -3.4226 1.8639 0.23226 -0.0050941 -0.75467 0.13215 -1.9148 -1.6249 1.2999 -3.2738 -1.8257
1 18 336 -0.4873 4.792 -0.33926 -0.38645 3.5417 -0.23321 -0.74317 3.5548 0.68328 -0.96128 4.0423 2.2271 -1.1309 5.3259 3.0645 -0.029445 3.5585 -1.1495 0.88988 3.4624 -2.4965 1.2511 4.4041 -3.6628 -0.23207 0.023301 0.75439 -1.1169 -1.8519 1.0936 -0.34805 -3.3211 1.8015 0.23207 -0.023301 -0.75439 0.12184 -1.8979 -1.6968 1.3363 -3.2267 -1.7986
1 26 324 -0.71549 4.7337 -0.66956 -0.64003 3.4856 -0.48408 -1.1924 3.5171 0.32911 -1.8269 3.4149 1.831 -2.5109 4.1857 2.978 -0.090263 3.4836 -1.2996 1.009 2.9972 -2.4058 1.552 3.492 -3.7616 -0.37733 0.017431 0.69341 -1.4791 -1.7704 0.75679 -0.9907 -3.2944 1.5873 0.37733 -0.017431 -0.69341 0.2461 -1.8828 -1.6512 1.3991 -3.2613 -1.5055
1 27 324 -0.77158 4.723 -0.71049 -0.68421 3.4787 -0.50927 -1.2358 3.5066 0.30456 -1.8631 3.4883 1.8128 -2.5361 4.2803 2.9519 -0.13604 3.4802 -1.3259 0.98066 3.0871 -2.4516 1.4881 3.6559 -3.792 -0.38151 0.01708 0.69113 -1.5824 -1.7067 0.72034 -1.0647 -3.2105 1.5697 0.38151 -0.01708 -0.69113 0.18919 -1.813 -1.7645 1.3515 -3.1757 -1.5578
1 28 324 -0.82189 4.7097 -0.74685 -0.71954 3.4666 -0.54318 -1.2721 3.4941 0.27001 -1.897 3.4581 1.779 -2.6011 4.2513 2.8983 -0.171 3.4684 -1.3596 0.94647 3.0686 -2.4821 1.4079 3.6634 -3.8278 -0.38331 0.023125 0.68995 -1.5903 -1.6962 0.72594 -1.0949 -3.2088 1.573 0.38331 -0.023125 -0.68995 0.18932 -1.7975 -1.7982 1.3346 -3.1744 -1.59
1 29 324 -0.80122 4.723 -0.69905 -0.69425 3.477 -0.51091 -1.2403 3.5047 0.30667 -1.8745 3.2867 1.7963 -2.683 3.9784 2.9123 -0.1521 3.4787 -1.3315 0.93435 2.9165 -2.4142 1.3543 3.4099 -3.8135 -0.37817 0.019869 0.69288 -1.4282 -1.7982 0.77396 -1.0324 -3.3454 1.6108 0.37817 -0.019869 -0.69288 0.26503 -1.8871 -1.6494 1.3645 -3.3118 -1.5383
1 30 324 -0.77158 4.7276 -0.66842 -0.67609 3.4778 -0.4996 -1.2167 3.5006 0.32173 -1.8457 3.0126 1.7482 -2.7935 3.47 2.8752 -0.13867 3.4845 -1.3233 0.88123 2.6909 -2.3227 1.2778 2.9379 -3.7922 -0.3848 0.018315 0.68927 -1.1817 -1.9221 0.80705 -0.8956 -3.5071 1.6176 0.3848 -0.018315 -0.68927 0.33807 -1.9892 -1.4156 1.3841 -3.4572 -1.4561
2 0 132 -1.9337 3.8359 -2.1993 -1.3724 2.9528 -1.4895 -2.1214 2.9191 -0.85284 -1.5443 2.625 0.64689 -1.7306 1.6837 1.854 -0.63855 3.0067 -2.1421 0.89771 2.8813 -1.6009 2.2984 2.3106 -1.9011 -0.56471 0.012938 0.55176 -1.1458 -1.8841 -0.13965 -0.60813 -3.5499 0.29241 0.5647 -0.012938 -0.55176 0.037125 -1.9294 -1.2323 0.63268 -3.4966 -0.56902
2 2 120 -1.6535 3.386 -3.0205 -1.2119 2.6228 -2.1143 -2.0801 2.5858 -1.6535 -1.6546 2.6451 -0.077421 -1.8558 1.9737 1.2961 -0.35609 2.6772 -2.5959 0.9332 2.8408 -1.6061 2.3959 2.4453 -1.3199 -0.6751 0.015066 0.40929 -1.1425 -1.8052 -0.53003 -0.67557 -3.429 0.099474 0.6751 -0.015066 -0.40929 0.23639 -1.8574 -1.3191 0.70806 -3.3763 -0.46982
2 3 120 -1.7328 3.1577 -3.2222 -1.2812 2.4443 -2.2815 -2.1501 2.4053 -1.8223 -1.6708 2.5639 -0.2687 -1.781 2.0048 1.1641 -0.42494 2.4995 -2.7623 0.8084 2.7147 -1.7128 2.2495 2.34 -1.3122 -0.68137 0.014306 0.39878 -1.1757 -1.7571 -0.61709 -0.68506 -3.3483 0.07443 0.68137 -0.014306 -0.39878 0.20391 -1.8078 -1.3835 0.69426 -3.2925 -0.48564
2 4 120 -1.8026 2.9497 -3.3828 -1.3462 2.2762 -2.4158 -2.216 2.2324 -1.9587 -1.696 2.4214 -0.42164 -1.7373 1.9191 1.0356 -0.48933 2.3353 -2.895 0.6961 2.5215 -1.7865 2.1006 2.1105 -1.3006 -0.68466 0.01072 0.39322 -1.2017 -1.7051 -0.70352 -0.68972 -3.256 0.060264 0.68466 -0.01072 -0.39322 0.17555 -1.7526 -1.452 0.68107 -3.192 -0.49116
2 5 120 -1.8409 2.7986 -3.4926 -1.3852 2.1446 -2.5127 -2.256 2.0931 -2.0585 -1.7097 2.2399 -0.52598 -1.7077 1.7 0.91838 -0.52736 2.2108 -2.9893 0.62288 2.2949 -1.8324 1.9654 1.7347 -1.3211 -0.68642 0.010496 0.39015 -1.2183 -1.6485 -0.78418 -0.68335 -3.1458 0.065994 0.68642 -0.010496 -0.39015 0.15092 -1.6942 -1.5272 0.6746 -3.0721 -0.48893
2 6 120 -1.8625 2.7106 -3.5517 -1.4172 2.0625 -2.5639 -2.2916 2.0064 -2.117 -1.7379 2.0068 -0.5801 -1.7186 1.3195 0.80011 -0.55577 2.133 -3.0333 0.5722 2.0216 -1.8569 1.8119 1.2245 -1.4038 -0.68527 0.0067756 0.39225 -1.2374 -1.5877 -0.85958 -0.68321 -3.0171 0.089356 0.68527 -0.0067759 -0.39225 0.136 -1.6419 -1.5918 0.68877 -2.9469 -0.47717
2 10 108 -0.92163 3.171 -3.54 -0.75757 2.3442 -2.6036 -1.716 2.2904 -2.3894 -1.8807 0.89263 -1.5601 -2.1756 -0.49473 -2.165 0.19424 2.4155 -2.8409 0.7705 0.95053 -2.4043 0.89507 -0.24212 -3.3737 -0.76017 -0.024077 0.21227 -0.99568 -1.4658 -1.2978 -0.64898 -2.531 0.11499 0.76017 0.024077 -0.21227 0.56074 -1.5389 -1.6022 0.85468 -2.5398 -0.13154
2 11 108 -0.8435 3.3702 -3.3718 -0.70132 2.4721 -2.5022 -1.6611 2.4337 -2.2906 -2.0485 0.86436 -2.0542 -2.2628 0.041216 -3.3404 0.25232 2.5293 -2.736 0.62606 0.94194 -2.8318 0.38436 0.34795 -4.2341 -0.76047 -0.012567 0.21219 -0.9621 -1.5157 -1.2418 -0.61189 -2.5375 0.20186 0.76047 0.012567 -0.21219 0.56589 -1.6017 -1.5428 0.87127 -2.544 -0.036294
2 12 108 -0.77964 3.552 -3.1934 -0.66035 2.5868 -2.3981 -1.6213 2.5587 -2.1902 -2.2342 1.0969 -2.5851 -2.2851 1.113 -4.1262 0.29495 2.6352 -2.627 0.48128 1.1442 -3.2679 -0.0079924 1.3723 -4.7122 -0.75923 -0.0042431 0.21692 -0.90884 -1.6233 -1.1137 -0.56749 -2.636 0.33842 0.75923 0.0042434 -0.21692 0.56686 -1.7028 -1.4266 0.91195 -2.6233 0.084778
2 13 108 -0.74551 3.7184 -3.002 -0.65544 2.6914 -2.2847 -1.6183 2.6704 -2.0851 -2.4212 1.5619 -2.9769 -2.229 2.3382 -4.2952 0.30243 2.7344 -2.5038 0.37195 1.5272 -3.6023 -0.17396 2.471 -4.6927 -0.75576 -0.0038791 0.22872 -0.84697 -1.7723 -0.90201 -0.52066 -2.813 0.53379 0.75576 0.0038788 -0.22872 0.59673 -1.8354 -1.2317 0.97613 -2.781 0.25589
2 14 108 -0.69743 3.9289 -2.7231 -0.64783 2.8362 -2.104 -1.6137 2.8279 -1.9185 -2.5123 2.0827 -3.0612 -2.1036 3.2906 -3.9282 0.31405 2.8685 -2.3068 0.34963 1.9792 -3.6767 -0.13188 3.3138 -4.2806 -0.7489 -0.00028253 0.25029 -0.7893 -1.9412 -0.55321 -0.4496 -3.0594 0.81981 0.7489 0.00028276 -0.25029 0.685 -1.9815 -0.9452 1.0769 -3.0063 0.48552
2 15 108 -0.59642 4.2098 -2.2933 -0.57415 3.0474 -1.8058 -1.5407 3.0532 -1.6239 -2.4612 2.5598 -2.8801 -1.9271 3.9109 -3.3968 0.38956 3.068 -2.0013 0.45845 2.3852 -3.4837 0.050625 3.8523 -3.7262 -0.74647 0.0032692 0.25744 -0.74023 -2.0715 -0.073725 -0.39331 -3.3219 1.178 0.74647 -0.0032692 -0.25744 0.82833 -2.079 -0.57176 1.2347 -3.2452 0.74199
2 71 108 -0.77251 4.1141 -2.4435 -0.63018 2.9873 -1.8914 -1.5813 2.96 -1.6425 -2.431 2.5288 -2.9695 -2.2602 4.0353 -3.2504 0.31592 3.04 -2.155 0.24411 2.5333 -3.7064 -0.025962 4.0413 -3.8812 -0.75526 -0.020804 0.22945 -0.85337 -2.0737 -0.20696 -0.53569 -3.2922 1.0835 0.75526 0.020804 -0.22945 0.86538 -2.0299 -0.67281 1.272 -3.1838 0.65165
2 72 108 -0.66847 4.3456 -2.0607 -0.51009 3.1886 -1.5706 -1.4589 3.1681 -1.3125 -2.3627 2.8766 -2.6418 -2.0493 4.3803 -2.7769 0.43451 3.2361 -1.8405 0.40975 2.837 -3.4245 0.18917 4.3628 -3.4541 -0.7609 -0.022413 0.20982 -0.78344 -2.1184 0.066071 -0.57366 -3.4546 1.2584 0.7609 0.022413 -0.20982 0.89433 -2.0637 -0.42134 1.3876 -3.2954 0.79946
2 87 108 -0.49912 4.149 -2.4418 -0.40064 3.0951 -1.7523 -1.3565 3.121 -1.5222 -1.9697 1.691 -2.0199 -2.0897 2.4491 -3.3573 0.55118 3.0929 -2.0001 0.94068 1.7175 -2.791 0.40061 2.4458 -4.0382 -0.75767 0.016824 0.22169 -1.4189 -0.44187 -1.7191 -1.1212 -1.9417 -0.76373 0.75767 -0.016824 -0.22169 0.34873 -0.59795 -2.1989 0.60282 -1.9289 -1.0094
2 88 108 -0.54046 4.086 -2.527 -0.4384 3.0491 -1.8162 -1.3953 3.0651 -1.5893 -1.9914 1.6119 -2.038 -2.1077 2.2274 -3.447 0.51399 3.0559 -2.0617 0.92794 1.6647 -2.8113 0.35642 2.314 -4.0878 -0.75779 0.012181 0.22159 -1.3721 -0.44149 -1.7357 -1.0894 -1.9144 -0.73497 0.75779 -0.012181 -0.22159 0.32183 -0.61654 -2.186 0.61234 -1.909 -0.96291
2 89 108 -0.58472 4.0179 -2.6191 -0.48031 2.9989 -1.8861 -1.4392 2.9991 -1.6673 -2.018 1.5341 -2.1003 -2.1421 2.0462 -3.5494 0.47375 3.0209 -2.124 0.89334 1.6241 -2.86 0.31119 2.226 -4.1548 -0.7576 0.0086915 0.2224 -1.3196 -0.47694 -1.7429 -1.0641 -1.9374 -0.71695 0.7576 -0.0086915 -0.2224 0.27555 -0.65871 -2.1613 0.61176 -1.9338 -0.93174
2 90 108 -0.62554 3.9506 -2.7126 -0.51346 2.9477 -1.9587 -1.4716 2.9406 -1.7368 -2.0372 1.4681 -2.1617 -2.1644 1.8836 -3.6412 0.43954 2.9767 -2.2001 0.86755 1.5746 -2.921 0.27933 2.1416 -4.2287 -0.75706 0.0079288 0.22428 -1.2814 -0.54579 -1.7335 -1.0599 -2.0151 -0.71221 0.75706 -0.0079288 -0.22428 0.24736 -0.73402 -2.1288 0.61635 -2.0146 -0.91441
2 91 108 -0.67485 3.8928 -2.7864 -0.55224 2.9024 -2.0177 -1.509 2.8924 -1.79 -2.0574 1.4075 -2.1942 -2.19 1.7049 -3.7014 0.39914 2.9339 -2.2651 0.83095 1.5203 -2.9608 0.2407 2.0346 -4.2892 -0.75551 0.005635 0.22951 -1.2703 -0.65908 -1.696 -1.0473 -2.1347 -0.68415 0.75551 -0.005635 -0.22951 0.23264 -0.82893 -2.0904 0.62013 -2.1259 -0.89939
2 92 108 -0.71075 3.8467 -2.8465 -0.57704 2.8643 -2.069 -1.532 2.8519 -1.834 -2.0475 1.3457 -2.2005 -2.2055 1.4721 -3.7291 0.37228 2.8981 -2.3239 0.80397 1.4628 -2.9738 0.22269 1.8752 -4.3412 -0.75491 0.0064747 0.23145 -1.2655 -0.78074 -1.6484 -1.0404 -2.271 -0.6587 0.75491 -0.0064747 -0.23145 0.23681 -0.93439 -2.0439 0.62991 -2.2585 -0.88497
2 93 108 -0.74664 3.82 -2.8781 -0.59957 2.8401 -2.0998 -1.5517 2.825 -1.8537 -2.0309 1.2941 -2.1627 -2.2297 1.1917 -3.6884 0.34659 2.8766 -2.3659 0.78651 1.4126 -2.942 0.21513 1.6477 -4.3548 -0.75335 0.0078428 0.23642 -1.2541 -0.90659 -1.5877 -1.0372 -2.421 -0.63354 0.75336 -0.007843 -0.23642 0.24282 -1.0495 -1.9882 0.64073 -2.4045 -0.8672
2 94 108 -0.77396 3.813 -2.8837 -0.61901 2.8309 -2.11 -1.569 2.8124 -1.8561 -2.0051 1.2542 -2.0813 -2.2545 0.87874 -3.5559 0.32482 2.8707 -2.3838 0.78111 1.3791 -2.8691 0.21977 1.3555 -4.3051 -0.75176 0.0089302 0.24139 -1.2367 -1.0352 -1.5161 -1.0344 -2.5747 -0.5996 0.75176 -0.0089302 -0.24139 0.248 -1.1694 -1.9188 0.65228 -2.5573 -0.84127
2 95 108 -0.78906 3.8325 -2.8571 -0.63178 2.8355 -2.1028 -1.5805 2.8149 -1.8441 -1.9765 1.2355 -1.9759 -2.265 0.55297 -3.3282 0.31069 2.8779 -2.3809 0.78478 1.3625 -2.7649 0.25327 1.0185 -4.1709 -0.7502 0.010777 0.24614 -1.2184 -1.1516 -1.4403 -1.0289 -2.7133 -0.5593 0.7502 -0.010777 -0.24614 0.25201 -1.2809 -1.8439 0.66271 -2.6946 -0.80303
2 96 108 -0.79946 3.8718 -2.8035 -0.63731 2.8606 -2.0693 -1.5841 2.8403 -1.8039 -1.9371 1.2454 -1.8247 -2.2637 0.27222 -2.9753 0.30325 2.9029 -2.3538 0.7956 1.3709 -2.6354 0.33169 0.67448 -3.9306 -0.74844 0.010949 0.25143 -1.2005 -1.2563 -1.3622 -1.0249 -2.8358 -0.5106 0.74844 -0.010949 -0.25143 0.25963 -1.3769 -1.7711 0.6756 -2.8109 -0.76045
2 97 108 -0.79861 3.9266 -2.7289 -0.63512 2.8966 -2.0215 -1.5797 2.8733 -1.7484 -1.8946 1.2739 -1.6403 -2.2603 0.06559 -2.5257 0.30312 2.9425 -2.3129 0.81195 1.3999 -2.4861 0.46807 0.37206 -3.583 -0.74774 0.011292 0.25348 -1.1868 -1.35 -1.2855 -1.0199 -2.9417 -0.45527 0.74774 -0.011292 -0.25348 0.27302 -1.4595 -1.6998 0.68806 -2.9092 -0.71142
2 98 108 -0.79265 3.9942 -2.632 -0.63142 2.9438 -1.9551 -1.5724 2.9189 -1.67 -1.8535 1.3314 -1.4059 -2.2561 -0.032613 -2.0017 0.30312 2.9919 -2.2579 0.82714 1.4453 -2.3038 0.65463 0.15779 -3.1346 -0.74562 0.011407 0.25966 -1.1679 -1.4308 -1.2087 -1.0102 -3.0336 -0.39798 0.74562 -0.011407 -0.25966 0.29438 -1.5383 -1.6305 0.70447 -2.9982 -0.65518
