2 6 204 -3.727 2.7106 1.481 -2.698 2.0625 1.1414 -2.345 2.0064 2.0577 -0.75858 2.0068 1.6677 0.61608 1.3195 1.7928 -3.0748 2.133 0.23565 -1.7869 2.0216 -0.76316 -1.2067 1.2245 -1.9487 0.31847 0.0067756 0.72252 -0.98422 -1.5877 1.1408 0.017451 -3.0171 0.68881 -0.31847 -0.0067759 -0.72252 -1.5689 -1.6419 -0.30165 -0.40256 -2.9469 -0.73487
2 7 204 -3.724 2.7171 1.4733 -2.7005 2.0506 1.1553 -2.3627 1.992 2.0772 -0.79535 1.7159 1.7087 0.42609 0.78388 1.8396 -3.0621 2.1239 0.24359 -1.8198 1.7171 -0.73611 -1.4155 0.6437 -1.7667 0.3176 -0.0050759 0.72291 -1.0735 -1.5194 1.154 0.043361 -2.8623 0.70665 -0.3176 0.0050757 -0.72291 -1.6162 -1.5943 -0.31087 -0.38009 -2.8258 -0.76503
2 8 204 -3.6719 2.8051 1.4378 -2.6654 2.1052 1.1388 -2.3415 2.0428 2.0654 -0.86768 1.4042 1.7675 0.0036253 0.14683 1.9611 -3.0129 2.183 0.222 -1.9292 1.4022 -0.71865 -1.8643 0.079658 -1.5088 0.30993 -0.01733 0.72605 -1.151 -1.4641 1.1582 0.070257 -2.7125 0.70993 -0.30993 0.01733 -0.72605 -1.6544 -1.5486 -0.33311 -0.34753 -2.7042 -0.78865
2 11 228 -2.4983 3.3702 2.4164 -1.8163 2.4721 1.8584 -1.1532 2.4337 2.5838 -0.75479 0.86436 2.8011 -1.7615 0.041216 3.6298 -2.4956 2.5293 1.1495 -2.7655 0.94194 0.87374 -3.859 0.34795 1.7842 0.56399 -0.012567 0.55249 -0.59442 -1.5157 1.4541 0.48076 -2.5375 0.42898 -0.56399 0.012567 -0.55249 -1.6191 -1.6017 0.28135 -0.46707 -2.544 -0.73639
2 12 228 -2.3757 3.552 2.2719 -1.7466 2.5868 1.7709 -1.0861 2.5587 2.4992 -1.1217 1.0969 3.2274 -2.4308 1.113 4.0421 -2.4225 2.6352 1.0581 -3.0707 1.1442 1.2171 -4.0769 1.3723 2.363 0.56747 -0.0042431 0.54905 -0.51011 -1.6233 1.344 0.57682 -2.636 0.32225 -0.56747 0.0042434 -0.54905 -1.5189 -1.7028 0.2224 -0.38255 -2.6233 -0.83216
2 13 228 -2.227 3.7184 2.1466 -1.6509 2.6914 1.71 -0.99663 2.6704 2.444 -1.3674 1.5619 3.5853 -2.6053 2.3382 4.078 -2.3196 2.7344 0.99001 -3.3057 1.5272 1.479 -3.977 2.471 2.497 0.57595 -0.0038791 0.54015 -0.35768 -1.7723 1.1845 0.7226 -2.813 0.18401 -0.57595 0.0038788 -0.54015 -1.365 -1.8354 0.099051 -0.26646 -2.781 -0.97329
2 14 216 -2.3743 3.9289 1.5048 -1.8009 2.8362 1.2663 -1.3259 2.8279 2.1275 -2.1351 2.0827 3.3353 -3.0858 3.2906 3.2145 -2.2909 2.8685 0.41415 -3.6048 1.9792 0.80365 -4.0303 3.3138 1.4482 0.46946 -0.00028253 0.6349 -0.28223 -1.9412 0.92162 0.91862 -3.0594 0.17427 -0.46946 0.00028276 -0.6349 -1.1106 -1.9815 -0.35939 0.12897 -3.0063 -1.1742
2 15 216 -1.9967 4.2098 1.2759 -1.54 3.0474 1.1041 -1.0683 3.0532 1.9671 -1.9786 2.5598 3.2307 -2.635 3.9109 2.8824 -2.0237 3.068 0.24793 -3.4549 2.3852 0.64052 -3.5595 3.8523 1.1033 0.47551 0.0032692 0.63038 0.15863 -2.0715 0.72679 1.2419 -3.3219 0.010026 -0.47551 -0.0032692 -0.63038 -0.79975 -2.079 -0.6111 0.32414 -3.2452 -1.4035
2 16 204 -1.8297 4.4234 0.68986 -1.4396 3.2223 0.62099 -1.144 3.2323 1.559 -2.3492 2.8413 2.5903 -2.7828 4.2241 2.0634 -1.7452 3.2403 -0.31372 -3.2745 2.6674 -0.27483 -3.3161 4.1564 0.12361 0.32035 0.0054674 0.7217 0.3704 -2.0939 0.65441 1.465 -3.4756 0.27545 -0.32035 -0.0054674 -0.7217 -0.33673 -2.0999 -0.88675 0.79638 -3.369 -1.4837
2 17 204 -1.6479 4.5058 0.6312 -1.2924 3.2936 0.54516 -0.98147 3.301 1.4782 -2.206 2.9214 2.4908 -2.6156 4.3138 1.97 -1.6115 3.3147 -0.38492 -3.1547 2.7787 -0.39586 -3.1452 4.268 0.0036333 0.31119 0.0069966 0.72568 0.3966 -2.0906 0.64084 1.5164 -3.4583 0.28531 -0.31119 -0.0069966 -0.72568 -0.26497 -2.1029 -0.86426 0.92223 -3.2855 -1.5298
2 18 204 -1.7094 4.4801 0.6477 -1.3563 3.2693 0.53702 -1.0351 3.2653 1.4666 -2.247 2.8407 2.4765 -2.6771 4.2333 1.9731 -1.6861 3.3016 -0.38899 -3.2117 2.7195 -0.43825 -3.24 4.2029 -0.018334 0.29517 0.0096245 0.73231 0.19983 -2.0891 0.70971 1.4337 -3.3302 0.2759 -0.29517 -0.009625 -0.73231 -0.4463 -2.1047 -0.77843 0.88132 -3.1304 -1.4389
2 19 204 -1.8154 4.4397 0.67509 -1.4312 3.2428 0.53342 -1.1023 3.2254 1.4602 -2.2811 2.6829 2.4524 -2.8009 4.0671 2.0149 -1.7703 3.2878 -0.38873 -3.2636 2.6313 -0.47752 -3.4027 4.0932 -0.0072699 0.28403 0.014739 0.73662 -0.089835 -2.0512 0.81691 1.2365 -3.1635 0.31246 -0.28403 -0.014738 -0.73662 -0.70509 -2.0724 -0.68229 0.70879 -3.008 -1.2959
2 21 216 -1.8834 4.2995 1.224 -1.4488 3.1481 0.9339 -0.94206 3.1048 1.7758 -1.7803 2.2395 2.8791 -2.6582 3.5055 2.8147 -1.9665 3.2178 0.10056 -3.3399 2.343 0.23174 -3.6291 3.6947 0.91513 0.41628 0.0051913 0.67096 -0.33964 -1.8959 1.1493 0.80554 -3.0148 0.32012 -0.41628 -0.0051918 -0.67096 -1.2071 -1.9139 -0.28929 0.077729 -2.9735 -0.98012
2 22 216 -2.049 4.1982 1.3095 -1.5641 3.0773 0.9842 -1.0716 3.0238 1.8338 -1.8125 1.991 2.86 -2.8633 3.1163 2.9439 -2.0692 3.1561 0.14393 -3.3698 2.1691 0.19987 -3.7939 3.4235 0.98983 0.40849 0.0071793 0.67571 -0.49005 -1.799 1.2627 0.52468 -3.0906 0.51896 -0.40849 -0.0071793 -0.67571 -1.3457 -1.8305 -0.21584 -0.12455 -3.0322 -0.77781
2 23 216 -2.1892 4.1039 1.3806 -1.6506 3.019 1.0232 -1.16 2.955 1.8732 -1.7683 1.7773 2.828 -2.9893 2.6923 3.0511 -2.155 3.1072 0.18347 -3.353 1.9971 0.14731 -3.9332 3.1161 1.0355 0.40425 0.0087333 0.67823 -0.57106 -1.7366 1.3239 0.21969 -3.2567 0.76272 -0.40425 -0.0087333 -0.67823 -1.441 -1.7631 -0.16691 -0.39664 -3.1727 -0.58296
2 24 216 -2.2757 4.033 1.4365 -1.6899 2.9834 1.055 -1.1924 2.9117 1.9004 -1.6644 1.6069 2.7627 -3.0224 2.2487 3.1113 -2.2025 3.078 0.22098 -3.2673 1.8462 0.088016 -4.0178 2.7799 1.0589 0.40663 0.0055532 0.67684 -0.57416 -1.7317 1.3359 -0.083994 -3.4377 1.0195 -0.40663 -0.0055532 -0.67684 -1.4988 -1.7205 -0.14713 -0.75194 -3.3434 -0.38995
2 25 216 -2.3428 3.978 1.4601 -1.724 2.9526 1.0738 -1.2268 2.8781 1.9192 -1.5498 1.4593 2.6617 -2.9881 1.784 3.1127 -2.2372 3.0491 0.24036 -3.1569 1.7193 0.0070692 -4.0731 2.4178 1.0319 0.40886 0.0047641 0.6755 -0.55563 -1.7369 1.3469 -0.34765 -3.5258 1.2618 -0.40886 -0.0047641 -0.6755 -1.5449 -1.6913 -0.14702 -1.0899 -3.4333 -0.24403
2 26 216 -2.3919 3.9583 1.4257 -1.7597 2.9347 1.0599 -1.2782 2.8652 1.9147 -1.4511 1.3611 2.5282 -2.9026 1.3517 3.0485 -2.2577 3.0261 0.21674 -3.0441 1.6301 -0.10206 -4.1108 2.0591 0.92542 0.40947 0.013205 0.67502 -0.57913 -1.6912 1.4043 -0.46756 -3.4908 1.3936 -0.40947 -0.013205 -0.67502 -1.6189 -1.6333 -0.1032 -1.3044 -3.406 -0.20138
2 27 216 -2.3689 3.9942 1.3602 -1.7426 2.9566 1.0294 -1.2705 2.8981 1.8902 -1.3356 1.345 2.3925 -2.7333 1.0271 2.9606 -2.2312 3.0374 0.17964 -2.919 1.6004 -0.18223 -4.0995 1.7379 0.80018 0.41816 0.021982 0.66944 -0.7074 -1.5226 1.5422 -0.42939 -3.2933 1.3465 -0.41816 -0.021982 -0.66944 -1.7703 -1.5044 -0.046147 -1.3291 -3.2435 -0.22424
2 28 216 -2.4495 3.9353 1.3982 -1.8107 2.9024 1.0777 -1.3313 2.8594 1.9355 -1.3363 1.2795 2.3512 -2.6276 0.69544 2.9587 -2.3067 2.9675 0.23095 -2.8913 1.4921 -0.15646 -4.1472 1.322 0.72189 0.43452 0.030093 0.65862 -0.90175 -1.2398 1.6666 -0.35317 -2.8962 1.2121 -0.43452 -0.030093 -0.65862 -1.9644 -1.277 0.06185 -1.194 -2.8766 -0.25208
2 29 228 -2.28 3.7762 1.9926 -1.6601 2.7957 1.508 -1.0099 2.7662 2.2454 -0.84281 1.1656 2.5266 -1.7889 0.31886 3.4016 -2.3255 2.8461 0.78545 -2.8119 1.3273 0.43139 -3.9221 0.77131 1.3458 0.56111 0.036828 0.55435 -0.69151 -1.0302 1.8607 -0.058527 -2.5752 1.1799 -0.56111 -0.036829 -0.55435 -1.9553 -1.0918 0.61075 -1.1637 -2.5612 -0.071183
2 30 228 -2.4435 3.5952 2.1155 -1.7683 2.6821 1.5732 -1.1112 2.6515 2.3043 -0.8299 1.0498 2.46 -1.505 -0.059917 3.2909 -2.4417 2.732 0.85797 -2.7688 1.1951 0.41115 -3.789 0.19254 0.98698 0.55166 0.03927 0.56359 -0.78048 -0.95223 1.8507 -0.029265 -2.4293 1.1402 -0.55166 -0.03927 -0.56359 -1.9462 -1.0073 0.67437 -1.1205 -2.4 -0.11899
2 68 228 -2.4273 3.3117 2.5527 -1.7764 2.4021 1.9822 -1.1065 2.3522 2.7006 -1.3958 0.93147 3.4534 -2.4336 1.2819 4.5386 -2.4624 2.4707 1.2807 -3.2441 1.0779 1.6239 -4.1106 1.3407 2.872 0.58548 -0.016322 0.52957 -0.42519 -1.5958 1.4773 0.64219 -2.639 0.46573 -0.58548 0.016322 -0.52957 -1.6069 -1.6689 0.19916 -0.45247 -2.6089 -0.81797
2 69 228 -2.2829 3.5201 2.3993 -1.6861 2.5379 1.8964 -1.0273 2.5046 2.6258 -1.6008 1.4813 3.7628 -2.4543 2.5445 4.4831 -2.3604 2.5916 1.1823 -3.4516 1.5642 1.8323 -4.009 2.5608 2.8684 0.58707 -0.016275 0.5278 -0.30315 -1.744 1.3259 0.76738 -2.7939 0.32454 -0.58707 0.016275 -0.5278 -1.4702 -1.7922 0.075228 -0.36335 -2.7576 -0.9706
2 71 216 -2.0852 4.1141 1.4898 -1.6041 2.9873 1.1838 -1.0735 2.96 2.0115 -2.0729 2.5288 3.2297 -2.3929 4.0353 3.154 -2.1472 3.04 0.36548 -3.6004 2.5333 0.91318 -3.6832 4.0413 1.224 0.45161 -0.020804 0.64739 0.066874 -2.0737 0.87556 1.196 -3.2922 0.17467 -0.45161 0.020804 -0.64739 -0.9073 -2.0299 -0.61512 0.22668 -3.1838 -1.4111
2 72 204 -1.9795 4.3456 0.88021 -1.5087 3.1886 0.67147 -1.1528 3.1681 1.5881 -2.3804 2.8766 2.6259 -2.5474 4.3803 2.3284 -1.8759 3.2361 -0.23974 -3.4485 2.837 -0.049552 -3.455 4.3628 0.17292 0.28821 -0.022413 0.7348 0.1476 -2.1184 0.77224 1.3114 -3.4546 0.43898 -0.28821 0.022413 -0.7348 -0.51252 -2.0637 -0.84538 0.65004 -3.2954 -1.4636
2 73 204 -1.8376 4.4262 0.78862 -1.3842 3.2629 0.57573 -1.0335 3.2389 1.4943 -2.2294 3.0642 2.5934 -2.3411 4.5394 2.1586 -1.7452 3.3143 -0.33776 -3.3394 2.9833 -0.20562 -3.2863 4.5074 0.022588 0.26855 -0.018288 0.74232 0.10301 -2.1128 0.75223 1.2874 -3.4407 0.46088 -0.26855 0.018289 -0.74232 -0.54901 -2.0633 -0.79334 0.65752 -3.2355 -1.4424
2 74 204 -1.9159 4.3953 0.7624 -1.4677 3.2302 0.54752 -1.1158 3.2053 1.4656 -2.2724 3.0796 2.6123 -2.3656 4.5353 2.1125 -1.83 3.2826 -0.36535 -3.4301 2.961 -0.29438 -3.3964 4.4828 -0.048047 0.25529 -0.0081673 0.74717 -0.11522 -2.0748 0.82448 1.1248 -3.3361 0.47438 -0.25529 0.0081673 -0.74717 -0.76316 -2.0304 -0.72214 0.56165 -3.1189 -1.2798
2 75 204 -2.017 4.3506 0.75899 -1.5395 3.1986 0.53739 -1.1935 3.1739 1.4577 -2.3205 3.0114 2.6292 -2.4284 4.4665 2.1307 -1.8971 3.2502 -0.37741 -3.4852 2.8681 -0.34997 -3.5168 4.3854 -0.076972 0.24716 -0.00060272 0.74994 -0.34176 -2.0103 0.91955 0.86935 -3.2908 0.53957 -0.24716 0.00060272 -0.74994 -0.99081 -1.9626 -0.66575 0.36526 -3.0706 -1.0951
2 76 216 -1.88 4.3152 1.1988 -1.42 3.1825 0.86774 -0.89292 3.1595 1.6978 -1.7308 2.9021 3.0764 -1.9841 4.3717 2.6841 -1.958 3.2319 0.045888 -3.485 2.7533 0.37481 -3.5439 4.2566 0.71283 0.40148 -0.0015378 0.67994 -0.30791 -1.935 1.0958 0.69989 -3.3172 0.52596 -0.40148 0.0015378 -0.67994 -1.275 -1.8796 -0.34413 -0.058557 -3.0801 -0.91854
2 77 216 -1.9486 4.2741 1.2363 -1.455 3.1603 0.89032 -0.93272 3.1354 1.7233 -1.7512 2.759 3.0861 -2.072 4.2383 2.7922 -1.9891 3.2111 0.065995 -3.4905 2.6363 0.35645 -3.6392 4.1123 0.77711 0.4057 -0.00038481 0.67743 -0.43507 -1.8557 1.1923 0.43545 -3.3678 0.73767 -0.4057 0.00038481 -0.67743 -1.4078 -1.7957 -0.24845 -0.27628 -3.1252 -0.69888
2 78 216 -2.013 4.2376 1.2561 -1.4963 3.1387 0.89718 -0.98346 3.1051 1.7358 -1.7727 2.5926 3.0711 -2.177 4.0692 2.8871 -2.0216 3.1978 0.067771 -3.4919 2.5278 0.30862 -3.7216 3.9664 0.81389 0.40256 0.003696 0.67928 -0.51761 -1.7915 1.2665 0.17323 -3.4281 0.95779 -0.40256 -0.003696 -0.67928 -1.5143 -1.7105 -0.16429 -0.54898 -3.1956 -0.50091
2 79 216 -2.0263 4.2317 1.2515 -1.4975 3.1412 0.88455 -0.98908 3.1012 1.7256 -1.7373 2.4493 3.0233 -2.2393 3.9054 2.949 -2.0185 3.2064 0.052909 -3.4486 2.4392 0.23987 -3.7452 3.8344 0.82547 0.40194 0.0076337 0.67962 -0.56214 -1.7413 1.3324 -0.087467 -3.4749 1.1908 -0.40194 -0.0076337 -0.67962 -1.5622 -1.6545 -0.083046 -0.86507 -3.2996 -0.32473
2 80 216 -2.0152 4.2452 1.2162 -1.472 3.1612 0.85105 -0.97248 3.1199 1.6973 -1.6666 2.3292 2.947 -2.2677 3.7489 2.9753 -1.9846 3.2277 0.014228 -3.3699 2.372 0.14553 -3.7234 3.7247 0.7957 0.40326 0.013544 0.67875 -0.59154 -1.6917 1.3977 -0.33176 -3.4758 1.4103 -0.40326 -0.013544 -0.67875 -1.5689 -1.6304 -0.014446 -1.1595 -3.3788 -0.17667
2 81 216 -1.9881 4.2675 1.178 -1.4391 3.1815 0.8291 -0.9482 3.1438 1.6805 -1.5754 2.2301 2.8807 -2.2657 3.6044 2.9931 -1.9432 3.2442 -0.013097 -3.2805 2.3082 0.052525 -3.6846 3.622 0.75126 0.41525 0.019204 0.67134 -0.61202 -1.6277 1.4755 -0.49844 -3.4249 1.5655 -0.41525 -0.019204 -0.67134 -1.616 -1.5915 0.036119 -1.3812 -3.3759 -0.071571
2 82 216 -1.9486 4.2999 1.128 -1.4083 3.2044 0.79366 -0.91362 3.1914 1.6436 -1.4759 2.1917 2.8068 -2.2339 3.5254 2.963 -1.9161 3.2428 -0.047818 -3.2213 2.2604 -0.042453 -3.6594 3.5498 0.68086 0.43189 0.027568 0.66046 -0.68016 -1.5035 1.5735 -0.53108 -3.3002 1.5907 -0.43189 -0.027568 -0.66046 -1.7318 -1.4925 0.10009 -1.4986 -3.2764 -0.01931
2 83 216 -1.9208 4.3196 1.1024 -1.3877 3.2152 0.78592 -0.8921 3.2245 1.6354 -1.4165 2.1831 2.7797 -2.214 3.4926 2.9436 -1.8963 3.2317 -0.055778 -3.1821 2.2242 -0.077442 -3.66 3.4943 0.65464 0.4406 0.025611 0.65476 -0.87293 -1.1891 1.7563 -0.56043 -2.9557 1.5764 -0.4406 -0.025611 -0.65476 -1.9338 -1.2252 0.20877 -1.4481 -2.9467 -0.018476
2 84 216 -2.0061 4.2709 1.1381 -1.4611 3.171 0.82755 -0.94285 3.1877 1.6633 -1.4401 2.0705 2.7466 -2.2925 3.3375 2.9609 -1.9925 3.1798 -3.6047e-05 -3.2108 2.0919 -0.031183 -3.8067 3.3086 0.70511 0.44726 0.028852 0.6501 -1.0377 -0.81491 1.8737 -0.53302 -2.5089 1.5178 -0.44726 -0.028852 -0.6501 -2.1114 -0.8767 0.31226 -1.3937 -2.4815 -0.088215
2 85 216 -2.0335 4.2498 1.1419 -1.4461 3.1736 0.82594 -0.91861 3.199 1.6557 -1.3364 1.9313 2.5976 -2.3027 3.0766 2.9613 -1.9872 3.1734 0.0046325 -3.052 1.9358 -0.053887 -3.8615 2.9999 0.71428 0.45271 0.028579 0.64633 -1.1091 -0.61269 1.8969 -0.46295 -2.2293 1.4279 -0.45271 -0.028579 -0.64633 -2.1711 -0.73098 0.33764 -1.2873 -2.2193 -0.16719
2 86 216 -2.0843 4.2083 1.1827 -1.473 3.1466 0.8651 -0.95979 3.1782 1.7035 -1.3019 1.8015 2.5137 -2.4186 2.753 2.9884 -2.001 3.1394 0.035351 -2.9467 1.8101 -0.050776 -3.9073 2.6817 0.78293 0.44726 0.019693 0.65044 -1.1624 -0.50287 1.8955 -0.4122 -2.0511 1.3561 -0.44726 -0.019693 -0.65044 -2.1901 -0.63978 0.34561 -1.2049 -2.0387 -0.22283
2 88 228 -1.9182 4.086 1.7316 -1.3537 3.0491 1.2878 -0.6787 3.0651 2.003 -0.76923 1.6119 2.7436 -1.9314 2.2274 3.5488 -2.0425 3.0559 0.58573 -2.8986 1.6647 0.60203 -3.7183 2.314 1.7352 0.57079 0.012181 0.54547 -0.81712 -0.44149 2.0562 -0.091789 -1.9144 1.311 -0.57079 -0.012181 -0.54547 -2.0541 -0.61654 0.81429 -1.1401 -1.909 -0.048843
2 89 228 -1.9758 4.0179 1.8159 -1.3932 2.9989 1.359 -0.72432 2.9991 2.0801 -0.80989 1.5341 2.7978 -2.0028 2.0462 3.6298 -2.0763 3.0209 0.65174 -2.9235 1.6241 0.65636 -3.7538 2.226 1.8079 0.5714 0.0086915 0.5449 -0.84962 -0.47694 2.0143 -0.088872 -1.9374 1.28 -0.5714 -0.0086915 -0.5449 -2.0095 -0.65871 0.84203 -1.1128 -1.9338 -0.063934
2 90 228 -2.0364 3.9506 1.898 -1.4395 2.9477 1.424 -0.76827 2.9406 2.1428 -0.85349 1.4681 2.8451 -2.0712 1.8836 3.695 -2.1251 2.9767 0.71941 -2.9634 1.5746 0.70916 -3.8018 2.1416 1.8724 0.57276 0.0079288 0.54349 -0.86056 -0.54579 1.9764 -0.086841 -2.0151 1.274 -0.57276 -0.0079288 -0.54349 -1.9673 -0.73402 0.85019 -1.1001 -2.0146 -0.076572
2 91 228 -2.0756 3.8928 1.9776 -1.4712 2.9024 1.4871 -0.79571 2.8924 2.2019 -0.87154 1.4075 2.8789 -2.1105 1.7049 3.7473 -2.1612 2.9339 0.7869 -2.9796 1.5203 0.76077 -3.8349 2.0346 1.9362 0.57651 0.005635 0.53954 -0.83359 -0.65908 1.9481 -0.068838 -2.1347 1.2491 -0.57651 -0.005635 -0.53954 -1.9267 -0.82893 0.84375 -1.089 -2.1259 -0.087358
2 92 228 -2.1098 3.8467 2.0388 -1.5032 2.8643 1.5342 -0.82225 2.8519 2.2438 -0.88195 1.3457 2.8734 -2.1267 1.4721 3.7746 -2.1987 2.8981 0.83957 -2.9774 1.4628 0.79064 -3.8709 1.8752 1.9777 0.5779 0.0064747 0.53805 -0.79478 -0.78074 1.9202 -0.050239 -2.271 1.2304 -0.5779 -0.0064747 -0.53805 -1.8884 -0.93439 0.81685 -1.0814 -2.2585 -0.10303
2 93 228 -2.1192 3.82 2.0856 -1.5187 2.8401 1.5691 -0.82947 2.825 2.2706 -0.85752 1.2941 2.8402 -2.0794 1.1917 3.7752 -2.2223 2.8766 0.88281 -2.9411 1.4126 0.78987 -3.8789 1.6477 1.9911 0.58142 0.0078428 0.53422 -0.74794 -0.90659 1.8799 -0.030079 -2.421 1.215 -0.58142 -0.007843 -0.53422 -1.8432 -1.0495 0.78379 -1.0714 -2.4045 -0.12129
2 95 216 -2.4735 3.8325 1.6333 -1.8047 2.8355 1.2507 -1.2655 2.8149 2.073 -1.2685 1.2355 2.4903 -2.4654 0.55297 3.1826 -2.3604 2.8779 0.44025 -2.8721 1.3625 0.10804 -4.045 1.0185 1.048 0.46592 0.010777 0.63742 -0.99329 -1.1516 1.6038 -0.21398 -2.7133 1.1514 -0.46592 -0.010777 -0.63742 -1.8316 -1.2809 0.33014 -0.96851 -2.6946 -0.38213
2 96 216 -2.4192 3.8718 1.6267 -1.7711 2.8606 1.2456 -1.2261 2.8403 2.064 -1.1368 1.2454 2.4061 -2.1302 0.27222 3.0723 -2.3323 2.9029 0.43896 -2.7523 1.3709 0.057734 -3.8407 0.67448 0.89917 0.4704 0.010949 0.63411 -0.92457 -1.2563 1.5627 -0.16889 -2.8358 1.1326 -0.4704 -0.010949 -0.63411 -1.7647 -1.3769 0.30039 -0.93201 -2.8109 -0.40754
2 97 216 -2.3486 3.9266 1.6028 -1.7263 2.8966 1.2287 -1.1747 2.8733 2.0427 -0.97452 1.2739 2.3088 -1.7036 0.06559 2.9302 -2.2934 2.9425 0.42644 -2.6154 1.3999 -0.0039491 -3.5522 0.37206 0.66204 0.47214 0.011292 0.63282 -0.85588 -1.35 1.5259 -0.11781 -2.9417 1.1107 -0.47214 -0.011292 -0.63282 -1.7009 -1.4595 0.2656 -0.88922 -2.9092 -0.43454
2 98 204 -2.5347 3.9942 1.0634 -1.8784 2.9438 0.83232 -1.4965 2.9189 1.7383 -1.2045 1.3314 1.9903 -1.7549 -0.032613 2.453 -2.2772 2.9919 -0.065444 -2.3777 1.4453 -0.58179 -3.1859 0.15779 -0.32339 0.33618 0.011407 0.71439 -1.08 -1.4308 1.2878 -0.29021 -3.0336 1.0463 -0.33618 -0.011407 -0.71439 -1.6524 -1.5383 -0.12233 -0.72522 -2.9982 -0.63213
