1 0 156 2.3663 4.1169 0.92985 1.8733 2.9854 0.66732 2.2287 2.9629 -0.24946 1.654 1.4612 -0.53783 2.2779 0.052876 -0.46717 1.5315 3.034 1.5883 0.91525 1.5211 1.6003 1.4536 0.1268 1.9794 0.25917 0.00082231 -0.74587 1.4892 -1.4953 0.06849 0.70836 -3.0285 -0.47032 -0.25917 -0.00082231 0.74587 0.99942 -1.6161 1.2161 -0.12134 -2.9968 0.91884
1 0 168 2.5079 4.1169 0.41754 1.9711 2.9854 0.26327 2.1282 2.9629 -0.70739 1.506 1.4612 -0.86995 2.131 0.052876 -0.93056 1.8283 3.034 1.2352 1.228 1.5211 1.3751 1.8334 0.1268 1.634 0.09843 0.00082231 -0.78346 1.4709 -1.4953 -0.24262 0.5951 -3.0285 -0.60732 -0.09843 -0.00082231 0.78346 1.2304 -1.6161 0.98171 0.072346 -2.9968 0.92399
1 1 156 2.3261 4.1439 0.90789 1.8472 3.0054 0.64885 2.1966 2.9876 -0.27039 1.6299 1.4877 -0.58312 2.2522 0.078567 -0.65287 1.5113 3.0496 1.5722 0.89857 1.5358 1.6143 1.3462 0.14445 2.1057 0.26021 -0.0035107 -0.7455 1.5493 -1.4418 0.081511 0.70263 -2.9327 -0.47663 -0.26021 0.0035105 0.7455 1.0465 -1.5634 1.247 -0.12845 -2.8877 0.9056
1 1 168 2.464 4.1439 0.40443 1.9418 3.0054 0.25061 2.0924 2.9876 -0.72118 1.473 1.4877 -0.90925 2.0672 0.078567 -1.1069 1.8051 3.0496 1.2236 1.2146 1.5358 1.3922 1.7545 0.14445 1.7798 0.099527 -0.0035107 -0.78331 1.5323 -1.4418 -0.24238 0.58818 -2.9327 -0.6123 -0.099527 0.0035105 0.78331 1.2829 -1.5634 1.0021 0.062639 -2.8877 0.91251
1 2 156 2.2151 4.2132 0.86225 1.7692 3.0594 0.61287 2.1185 3.0432 -0.30639 1.6065 1.5452 -0.70978 2.2575 0.18226 -1.0199 1.4324 3.1023 1.536 0.81299 1.5975 1.6794 1.1292 0.26607 2.39 0.26049 -0.0068364 -0.74538 1.5923 -1.4051 0.0825 0.68482 -2.8549 -0.48801 -0.26049 0.0068364 0.74538 1.0724 -1.5288 1.2742 -0.14902 -2.7993 0.89361
1 2 168 2.346 4.2132 0.38287 1.8579 3.0594 0.23165 2.0085 3.0432 -0.74016 1.4238 1.5452 -1.0283 1.9961 0.18226 -1.467 1.7205 3.1023 1.2046 1.1444 1.5975 1.4736 1.6015 0.26607 2.103 0.099823 -0.0068364 -0.78325 1.5746 -1.4051 -0.25036 0.56839 -2.8549 -0.61973 -0.099824 0.0068364 0.78325 1.3139 -1.5288 1.0234 0.040028 -2.7993 0.90506
1 3 156 2.0547 4.3038 0.8053 1.6558 3.1285 0.5737 2.0059 3.1177 -0.34535 1.6039 1.6404 -0.9152 2.2839 0.41276 -1.5539 1.3169 3.1666 1.4962 0.65316 1.7059 1.8039 0.77549 0.54603 2.8125 0.25989 -0.0068836 -0.74559 1.6073 -1.398 0.06901 0.66301 -2.8206 -0.51005 -0.25989 0.0068839 0.74559 1.0812 -1.5111 1.3039 -0.16755 -2.7455 0.89432
1 3 168 2.1772 4.3038 0.3605 1.7388 3.1285 0.21692 1.8902 3.1177 -0.75485 1.3785 1.6404 -1.2287 1.911 0.41276 -1.9948 1.5992 3.1666 1.1897 1.0139 1.7059 1.6287 1.3433 0.54603 2.5898 0.099198 -0.0068836 -0.78333 1.5866 -1.398 -0.26668 0.54248 -2.8206 -0.63675 -0.099198 0.0068839 0.78333 1.3286 -1.5111 1.0506 0.022054 -2.7455 0.90961
2 1 348 3.1177 3.6134 0.71794 2.1903 2.7952 0.45497 2.4253 2.7601 -0.49946 1.0083 2.665 -1.3069 0.26766 1.8565 -2.3911 1.9782 2.849 1.4139 0.38978 2.8947 1.7929 -0.70069 2.4268 2.7776 0.13765 0.014499 -0.77739 1.0786 -1.8475 -0.52892 0.34886 -3.4955 -0.58069 -0.13765 -0.014499 0.77739 0.75497 -1.8983 1.0396 -0.15065 -3.4444 0.83881
2 2 348 3.3511 3.386 0.7923 2.3822 2.6228 0.51413 2.6207 2.5858 -0.43935 1.1647 2.6451 -1.1778 0.27863 1.9737 -2.2464 2.1674 2.6772 1.4724 0.56916 2.8408 1.7682 -0.62224 2.4453 2.6637 0.14757 0.015066 -0.77556 1.1584 -1.8052 -0.4944 0.37812 -3.429 -0.5686 -0.14757 -0.015066 0.77556 0.82211 -1.8574 1.0583 -0.12464 -3.3763 0.84056
2 3 348 3.554 3.1577 0.86839 2.5528 2.4443 0.57451 2.793 2.4053 -0.37846 1.3176 2.5639 -1.0618 0.32664 2.0048 -2.1025 2.3371 2.4995 1.5325 0.73195 2.7147 1.7469 -0.53003 2.34 2.5498 0.15958 0.014306 -0.77319 1.2453 -1.7571 -0.46083 0.40308 -3.3483 -0.5589 -0.15958 -0.014306 0.77319 0.8917 -1.8078 1.0773 -0.10365 -3.2925 0.84089
2 4 348 3.7201 2.9497 0.92398 2.6961 2.2762 0.61608 2.9384 2.2324 -0.33614 1.4482 2.4214 -0.97828 0.39288 1.9191 -1.984 2.4788 2.3353 1.5735 0.86184 2.5215 1.7127 -0.43903 2.1105 2.4313 0.16591 0.01072 -0.77192 1.3269 -1.7051 -0.42232 0.41672 -3.256 -0.55288 -0.16591 -0.01072 0.77192 0.9616 -1.7526 1.1021 -0.09072 -3.192 0.83478
2 5 348 3.8273 2.7986 0.96891 2.7942 2.1446 0.65197 3.0394 2.0931 -0.29913 1.5349 2.2399 -0.91862 0.46016 1.7 -1.8836 2.5744 2.2108 1.6084 0.94492 2.2949 1.689 -0.33338 1.7347 2.3446 0.16936 0.010496 -0.77117 1.398 -1.6485 -0.38068 0.40821 -3.1458 -0.55199 -0.16936 -0.010496 0.77117 1.0339 -1.6942 1.134 -0.08805 -3.0721 0.82848
2 16 336 1.737 4.4234 0.89811 1.4248 3.2223 0.65433 1.9241 3.2323 -0.19301 3.4968 2.8413 0.012527 3.3954 4.2241 0.6873 0.93461 3.2403 1.5068 1.9869 2.6674 2.6174 2.3107 4.1564 2.3816 0.32197 0.0054674 -0.72097 0.23848 -2.0939 -0.71314 -0.77557 -3.4756 -1.273 -0.32197 -0.0054674 0.72097 -0.43367 -2.0999 0.84359 -1.6355 -3.369 0.40099
2 17 336 1.5717 4.5058 0.80226 1.2699 3.2936 0.59562 1.7553 3.301 -0.25977 3.3271 2.9214 -0.027282 3.2142 4.3138 0.62552 0.79226 3.3147 1.4552 1.8167 2.7787 2.6093 2.1072 4.268 2.3349 0.33106 0.0069966 -0.71683 0.21086 -2.0906 -0.72354 -0.80265 -3.4583 -1.3178 -0.33106 -0.0069966 0.71683 -0.46497 -2.1029 0.77521 -1.754 -3.2855 0.3383
2 18 336 1.6252 4.4801 0.83694 1.3066 3.2693 0.64856 1.7825 3.2653 -0.21217 3.3439 2.8407 0.012738 3.2576 4.2333 0.66927 0.83917 3.3016 1.5133 1.8234 2.7195 2.68 2.1544 4.2029 2.4201 0.34671 0.0096245 -0.70937 0.39371 -2.0891 -0.62339 -0.75427 -3.3302 -1.25 -0.34671 -0.009625 0.70937 -0.27985 -2.1047 0.85253 -1.659 -3.1304 0.30785
2 19 336 1.7164 4.4397 0.8974 1.3541 3.2428 0.70668 1.8227 3.2254 -0.1579 3.3489 2.6829 0.054212 3.3715 4.0671 0.73321 0.89569 3.2878 1.5757 1.8289 2.6313 2.7448 2.2715 4.0932 2.5336 0.35736 0.014739 -0.70397 0.6672 -2.0512 -0.47986 -0.59517 -3.1635 -1.128 -0.35736 -0.014738 0.70397 -0.035237 -2.0724 0.98053 -1.4374 -3.008 0.34043
2 20 336 1.833 4.3896 0.943 1.4195 3.2131 0.73229 1.8899 3.1853 -0.131 3.352 2.4844 0.068212 3.5446 3.8321 0.79232 0.96054 3.268 1.6005 1.8348 2.5161 2.7577 2.4206 3.9344 2.6056 0.36551 0.009263 -0.69987 0.9291 -1.9875 -0.36895 -0.38798 -3.0456 -0.99874 -0.36551 -0.0092626 0.69987 0.17282 -2.0031 1.0859 -1.1746 -2.9648 0.37135
2 21 336 2.0017 4.2995 1.019 1.5332 3.1481 0.78771 2.0089 3.1048 -0.072033 3.3835 2.2395 0.10228 3.7667 3.5055 0.89471 1.0703 3.2178 1.6528 1.8707 2.343 2.7766 2.6071 3.6947 2.6853 0.37293 0.0051913 -0.69599 1.1651 -1.8959 -0.28051 -0.12553 -3.0148 -0.85768 -0.37293 -0.0051918 0.69599 0.35302 -1.9139 1.19 -0.88767 -2.9735 0.42274
2 98 336 2.4863 3.9942 1.1721 1.8754 2.9438 0.839 2.2932 2.9189 -0.051091 2.2851 1.3314 -0.43667 2.9972 -0.032613 -0.33725 1.4751 2.9919 1.7361 1.1586 1.4453 2.1562 1.8915 0.15779 2.584 0.30595 0.011407 -0.72785 1.6797 -1.4308 -0.05915 0.97171 -3.0336 -0.48441 -0.30595 -0.011407 0.72785 1.0147 -1.5383 1.3098 0.015508 -2.9982 0.96192
2 99 336 2.3879 4.0694 1.117 1.8083 2.9963 0.80255 2.216 2.9739 -0.09226 2.0524 1.4199 -0.56875 2.5761 -0.026196 -0.67842 1.4175 3.0423 1.7039 0.97104 1.5066 2.0375 1.3541 0.065957 2.4316 0.30333 0.013191 -0.72891 1.6119 -1.5038 -0.09585 0.91588 -3.112 -0.52019 -0.30334 -0.013191 0.72891 0.9478 -1.6073 1.2836 -0.036052 -3.078 0.93709
2 99 348 2.5679 4.0694 0.59611 1.9357 2.9963 0.40904 2.1484 2.9739 -0.55097 1.8893 1.4199 -0.98303 2.3788 -0.026196 -1.1992 1.7408 3.0423 1.372 1.3734 1.5066 1.7911 1.8301 0.065957 2.0969 0.14516 0.013191 -0.77605 1.5567 -1.5038 -0.42889 0.78771 -3.112 -0.69924 -0.14516 -0.013191 0.77605 1.194 -1.6073 1.0584 0.15957 -3.078 0.92411
2 100 336 2.2811 4.143 1.0674 1.7351 3.0502 0.76258 2.134 3.0311 -0.13623 1.8183 1.5322 -0.70401 2.1726 0.060079 -0.99564 1.3523 3.0935 1.6675 0.75812 1.591 1.9088 0.82154 0.09228 2.2658 0.3011 0.013217 -0.72984 1.5411 -1.5747 -0.13393 0.85505 -3.1874 -0.5576 -0.3011 -0.013217 0.72984 0.87227 -1.6745 1.2568 -0.095084 -3.1553 0.90721
2 100 348 2.4532 4.143 0.5698 1.8557 3.0502 0.38517 2.0591 3.0311 -0.57694 1.6322 1.5322 -1.0667 1.9181 0.060079 -1.4256 1.6694 3.0935 1.3499 1.1384 1.591 1.7095 1.2747 0.09228 2.0455 0.14278 0.013217 -0.77649 1.4796 -1.5747 -0.45142 0.72043 -3.1874 -0.72319 -0.14278 -0.013217 0.77649 1.1145 -1.6745 1.048 0.095614 -3.1553 0.90716
