0 3 336 0.2839 4.8081 -0.52492 0.14647 3.5677 -0.32563 -0.53407 3.4727 -1.0293 -1.5834 2.4949 -1.8113 -2.2429 2.7822 -3.1752 0.8282 3.6919 0.37235 2.005 2.58 0.59035 3.3636 2.423 -0.12183 -0.40179 -0.039397 -0.67861 0.58575 -1.8538 -1.0621 0.40042 -3.6307 -1.3056 0.40179 0.039397 0.67861 0.11048 -2.0407 0.73176 -0.8908 -3.5261 0.9358
0 6 312 0.31357 4.7888 -0.65058 0.21655 3.5613 -0.35557 -0.53137 3.4635 -0.98676 -1.879 2.5874 -1.2785 -3.0461 2.9631 -2.2137 0.96578 3.6881 0.26889 2.1101 2.5372 0.082483 3.06 2.421 -1.1266 -0.28803 -0.047612 -0.73367 0.8706 -1.7985 -0.81216 0.85792 -3.5814 -1.0808 0.28803 0.047612 0.73367 -0.13762 -2.0086 0.66224 -1.2056 -3.4515 0.49365
0 8 300 0.3386 4.7706 -0.72552 0.26865 3.554 -0.38317 -0.52623 3.4615 -0.95498 -1.9362 2.6408 -0.86984 -3.3249 3.0351 -1.4119 1.0646 3.6754 0.18168 2.0866 2.5108 -0.33598 2.6313 2.4587 -1.7776 -0.24539 -0.055267 -0.74848 0.9813 -1.7579 -0.64544 1.0431 -3.5423 -0.89676 0.24539 0.055267 0.74848 -0.21505 -1.9902 0.61316 -1.2741 -3.4007 0.23911
0 9 300 0.28583 4.7618 -0.78178 0.26131 3.5507 -0.41659 -0.601 3.4648 -0.88178 -1.9705 2.6527 -0.51641 -3.4478 3.0302 -0.74631 1.124 3.6656 0.04161 1.9781 2.4949 -0.71246 2.1457 2.4684 -2.2451 -0.30187 -0.059207 -0.72723 0.95563 -1.7405 -0.64714 1.0308 -3.5245 -0.89689 0.30187 0.059207 0.72723 -0.18544 -1.981 0.60726 -1.2651 -3.3802 0.25048
0 10 300 0.22633 4.7571 -0.81529 0.24666 3.5494 -0.44097 -0.66319 3.4719 -0.80637 -1.9518 2.664 -0.21009 -3.4558 3.0016 -0.16771 1.1563 3.6559 -0.082482 1.8053 2.4832 -1.0165 1.5754 2.4843 -2.5412 -0.34862 -0.0623 -0.70575 0.93225 -1.7269 -0.65429 1.0281 -3.5113 -0.8949 0.34862 0.0623 0.70575 -0.16706 -1.9714 0.594 -1.2603 -3.3658 0.26011
0 21 324 0.43434 4.7776 -0.60449 0.41497 3.5512 -0.29162 -0.49292 3.523 -0.66883 -1.7777 2.5706 -0.33545 -3.283 2.7214 -0.6337 1.3241 3.6085 0.079203 1.6737 2.5424 -1.1082 0.72529 2.6562 -2.3186 -0.42157 -0.0042086 -0.66765 0.66382 -1.7775 -0.97065 0.6864 -3.5632 -1.2187 0.42157 0.0042086 0.66765 0.21678 -2.086 0.72506 -0.95637 -3.455 0.74533
0 23 336 0.48882 4.7869 -0.52351 0.4239 3.5542 -0.24103 -0.4314 3.5279 -0.72595 -1.7571 2.5808 -0.60684 -3.1764 2.7617 -1.1819 1.2811 3.6096 0.23794 1.9497 2.5695 -0.82968 1.5769 2.5973 -2.3256 -0.39494 0.00053406 -0.68376 0.60203 -1.8119 -1.052 0.45821 -3.5922 -1.2981 0.39493 -0.0005343 0.68376 0.36874 -2.0989 0.78547 -0.75134 -3.5035 0.93842
0 24 348 0.45463 4.7913 -0.54513 0.39191 3.5559 -0.27319 -0.47764 3.5337 -0.73227 -1.809 2.5973 -0.59256 -3.2195 2.79 -1.1849 1.2633 3.6074 0.17999 1.9792 2.5823 -0.87144 1.8049 2.5718 -2.4035 -0.44472 -0.0019205 -0.65247 0.44906 -1.8372 -1.1496 0.19501 -3.6106 -1.3533 0.44472 0.0019205 0.65247 0.51863 -2.0954 0.75346 -0.52591 -3.5279 1.0818
0 25 348 0.52771 4.7939 -0.46176 0.41595 3.5573 -0.21174 -0.3558 3.5315 -0.82091 -1.6912 2.6028 -0.97222 -2.9397 2.7992 -1.8557 1.1904 3.6123 0.39202 2.1544 2.6018 -0.45568 2.5219 2.5546 -1.9525 -0.35712 0.00046086 -0.70425 0.52158 -1.8588 -1.1349 0.21245 -3.6233 -1.3395 0.35712 -0.0004611 0.70425 0.5086 -2.0931 0.81498 -0.51164 -3.5536 1.0925
0 27 0 0.51197 4.8016 -0.41507 0.3796 3.5627 -0.18718 -0.31168 3.5296 -0.88604 -1.572 2.6128 -1.3757 -2.5273 2.7888 -2.5732 1.0739 3.6249 0.50665 2.2714 2.6471 -0.021162 3.3333 2.5342 -1.1335 -0.33216 -0.0029111 -0.71635 0.41135 -1.9106 -1.1878 -0.036889 -3.6518 -1.3223 0.33217 0.0029106 0.71635 0.62947 -2.0747 0.81377 -0.25043 -3.6001 1.2007
0 29 12 0.50078 4.8075 -0.38178 0.35406 3.5656 -0.18041 -0.26137 3.5337 -0.94696 -1.3214 2.6006 -1.7681 -1.8053 2.7319 -3.2263 0.97284 3.6268 0.58164 2.313 2.6955 0.50766 3.7489 2.5792 -0.042099 -0.33099 -0.0054746 -0.71688 0.28946 -1.9529 -1.2037 -0.27145 -3.6661 -1.2369 0.33099 0.0054746 0.71688 0.76173 -2.0499 0.78099 0.044277 -3.631 1.2672
0 30 24 0.46263 4.8102 -0.40385 0.32622 3.5678 -0.19824 -0.33013 3.5378 -0.93013 -1.3392 2.5901 -1.7976 -1.6985 2.6818 -3.2943 0.9857 3.627 0.52904 2.3519 2.7323 0.5699 3.8265 2.6389 0.12881 -0.40973 0.00050831 -0.675 0.090922 -1.9675 -1.214 -0.49831 -3.6693 -1.1266 0.40973 -0.00050831 0.675 0.91086 -2.0408 0.65803 0.33674 -3.6431 1.253
0 32 36 0.47255 4.8134 -0.36429 0.31296 3.5693 -0.18818 -0.26793 3.5421 -0.9814 -0.92628 2.5543 -2.1037 -0.69705 2.5464 -3.6285 0.89727 3.6258 0.60097 2.1994 2.817 1.1658 3.741 2.8088 1.1981 -0.42831 0.0043416 -0.66335 -0.047965 -1.9993 -1.1682 -0.67572 -3.6754 -0.95009 0.42831 -0.0043421 0.66335 1.0145 -2.0199 0.57316 0.62444 -3.6624 1.2064
0 33 48 0.43699 4.8154 -0.38617 0.28447 3.5703 -0.21077 -0.33292 3.547 -0.97604 -0.90704 2.5305 -2.1187 -0.55169 2.48 -3.6183 0.90509 3.623 0.55043 2.1807 2.8551 1.2227 3.7181 2.8826 1.3382 -0.50399 0.0069962 -0.60781 -0.23269 -2.0149 -1.1105 -0.83973 -3.677 -0.76449 0.50399 -0.0069962 0.60781 1.1033 -2.0121 0.42106 0.8677 -3.6724 1.0834
0 34 60 0.41282 4.8159 -0.40722 0.26992 3.5697 -0.23202 -0.38069 3.5477 -0.9693 -0.86563 2.5003 -2.1254 -0.399 2.4206 -3.5929 0.92346 3.6211 0.5012 2.1608 2.8827 1.2709 3.6861 2.9387 1.4904 -0.5681 0.01196 -0.54829 -0.40006 -2.0286 -1.0198 -0.95912 -3.6782 -0.55385 0.5681 -0.01196 0.54829 1.1718 -2.0012 0.24391 1.0877 -3.6724 0.91539
0 39 120 0.35072 4.8166 -0.40498 0.18616 3.5725 -0.24715 -0.58306 3.5589 -0.85991 -0.72292 2.3956 -1.9983 0.27374 2.2715 -3.1683 0.95742 3.6156 0.36167 1.8669 2.8218 1.4623 3.2236 2.98 2.1777 -0.76785 0.04159 -0.17936 -0.85197 -2.0558 -0.27028 -0.87901 -3.628 0.61194 0.76785 -0.041591 0.17936 0.99059 -1.919 -0.73713 1.3974 -3.6552 -0.47055
0 40 132 0.35234 4.8123 -0.41319 0.16744 3.5722 -0.25656 -0.62377 3.5646 -0.84076 -0.71797 2.3792 -1.9609 0.37879 2.2662 -3.0389 0.96064 3.6093 0.32382 1.7978 2.7794 1.4549 3.1252 2.9162 2.2275 -0.78281 0.043852 -0.093756 -0.8473 -2.0562 -0.098127 -0.72378 -3.6132 0.8026 0.78281 -0.043852 0.093756 0.84693 -1.8982 -0.89202 1.2662 -3.6455 -0.74414
0 41 144 0.34887 4.8062 -0.43369 0.14681 3.5715 -0.26812 -0.67599 3.5718 -0.80698 -0.7173 2.3622 -1.9042 0.45996 2.2593 -2.8947 0.97149 3.6007 0.26706 1.7337 2.7397 1.4274 3.0376 2.8322 2.2453 -0.78822 0.047052 0.0012595 -0.82136 -2.053 0.055527 -0.54803 -3.6009 0.93889 0.78822 -0.047052 -0.0012594 0.67586 -1.878 -1.0257 1.0794 -3.6349 -0.99086
0 57 144 0.24681 4.7976 -0.46736 0.0063647 3.5698 -0.31445 -0.89238 3.6067 -0.71225 -0.42751 2.4181 -1.732 1.1046 2.5844 -1.7839 0.90747 3.5623 0.079655 1.7013 2.495 1.0281 3.062 2.0432 1.5955 -0.77674 0.018648 0.14079 -0.97738 -2.0727 0.15715 -0.67362 -3.6217 1.0285 0.77674 -0.018648 -0.14079 0.59049 -1.8932 -1.0711 0.9803 -3.6463 -0.91021
0 58 132 0.27403 4.7997 -0.45029 0.036703 3.5697 -0.31552 -0.82067 3.5876 -0.79714 -0.30012 2.3944 -1.784 1.2287 2.5919 -1.8226 0.89622 3.5812 0.16245 1.6518 2.5357 1.1648 3.013 2.1331 1.7671 -0.7886 0.01784 0.035911 -1.0215 -2.0691 -0.033002 -0.89104 -3.635 0.85116 0.7886 -0.017841 -0.035911 0.76237 -1.9091 -0.95066 1.1318 -3.6542 -0.68819
0 59 132 0.22266 4.8023 -0.47405 0.012172 3.5698 -0.31758 -0.89249 3.5797 -0.70338 -0.52646 2.3743 -1.7434 0.9624 2.6023 -2.0736 0.91838 3.5894 0.064218 1.8329 2.5604 0.94371 3.2948 2.2051 1.2819 -0.7841 0.0188 0.091249 -1.0418 -2.0644 0.0017696 -0.90198 -3.6477 0.85304 0.7841 -0.0188 -0.09125 0.72284 -1.9262 -0.97018 1.1145 -3.6618 -0.67825
0 60 120 0.26486 4.8055 -0.44599 0.051341 3.5701 -0.31389 -0.80706 3.5763 -0.79395 -0.38934 2.3517 -1.7912 1.1039 2.6001 -2.085 0.91154 3.5934 0.16242 1.7832 2.5778 1.0992 3.2451 2.2649 1.4766 -0.78914 0.018466 -0.020472 -1.0376 -2.061 -0.18838 -1.0729 -3.6599 0.64438 0.78914 -0.018466 0.020473 0.86855 -1.9429 -0.81901 1.2149 -3.6679 -0.42526
0 61 108 0.30481 4.8071 -0.42027 0.087286 3.5705 -0.30631 -0.71572 3.5694 -0.87425 -0.25449 2.3256 -1.8277 1.2458 2.5742 -2.0828 0.89233 3.6011 0.25789 1.7087 2.5919 1.2498 3.1633 2.3066 1.6746 -0.77842 0.017275 -0.13137 -0.9985 -2.0578 -0.37649 -1.1973 -3.6685 0.40888 0.77842 -0.017275 0.13138 0.97868 -1.9589 -0.64586 1.254 -3.6738 -0.16183
0 62 108 0.25371 4.8076 -0.46672 0.062009 3.5694 -0.32355 -0.79443 3.5583 -0.80703 -0.49213 2.2965 -1.7996 0.9374 2.5369 -2.3253 0.91988 3.61 0.1558 1.8693 2.6047 1.0258 3.3794 2.3319 1.1769 -0.78535 0.017196 -0.08019 -1.0202 -2.0528 -0.35231 -1.2135 -3.6767 0.40697 0.78535 -0.017196 0.080189 0.93393 -1.9737 -0.67089 1.2254 -3.6778 -0.15876
0 63 96 0.29534 4.8097 -0.44574 0.10312 3.5692 -0.31583 -0.69551 3.5539 -0.88969 -0.34414 2.2722 -1.8397 1.0993 2.4938 -2.3348 0.90354 3.6139 0.25398 1.7858 2.5992 1.1818 3.2861 2.3267 1.411 -0.76564 0.016473 -0.19242 -0.95339 -2.0485 -0.53166 -1.2903 -3.6857 0.14413 0.76564 -0.016473 0.19242 1.0151 -1.9855 -0.49664 1.2053 -3.678 0.095107
0 64 96 0.24485 4.8117 -0.46746 0.077987 3.5691 -0.32468 -0.77601 3.5459 -0.81204 -0.5759 2.2432 -1.7772 0.75016 2.4428 -2.5384 0.93315 3.6216 0.15832 1.9211 2.5921 0.95373 3.4367 2.308 0.94552 -0.77703 0.01641 -0.13949 -0.98621 -2.0428 -0.50032 -1.314 -3.6943 0.14459 0.77703 -0.01641 0.13949 0.98469 -1.9975 -0.52865 1.1803 -3.6782 0.094312
0 65 84 0.28855 4.8136 -0.43884 0.11686 3.5692 -0.31363 -0.67709 3.5425 -0.89355 -0.42026 2.2178 -1.8143 0.92332 2.3986 -2.549 0.91239 3.6253 0.26199 1.82 2.5759 1.1243 3.331 2.2751 1.1876 -0.74941 0.01463 -0.24833 -0.8998 -2.0385 -0.66801 -1.3459 -3.7018 -0.13378 0.74941 -0.014631 0.24833 1.0453 -2.0093 -0.34151 1.1063 -3.6802 0.33329
0 66 84 0.24047 4.8156 -0.46177 0.091369 3.5691 -0.32355 -0.75062 3.5409 -0.83111 -0.61904 2.1925 -1.744 0.55852 2.3543 -2.7263 0.93454 3.6268 0.17954 1.9237 2.5502 0.90827 3.4214 2.2269 0.73473 -0.76255 0.012561 -0.20459 -0.93623 -2.035 -0.64235 -1.3794 -3.7083 -0.13772 0.76255 -0.012561 0.20459 1.0193 -2.0182 -0.36633 1.0764 -3.6809 0.32848
0 67 72 0.27765 4.8187 -0.43019 0.1296 3.5697 -0.30795 -0.64119 3.5373 -0.91803 -0.43679 2.1604 -1.7731 0.75612 2.3034 -2.7396 0.90195 3.6316 0.29787 1.8037 2.52 1.0852 3.3024 2.1697 0.98974 -0.71891 0.0079436 -0.32651 -0.81237 -2.0338 -0.8133 -1.3558 -3.7108 -0.43482 0.71891 -0.0079432 0.32651 1.0443 -2.0234 -0.16972 0.95146 -3.6816 0.53223
0 68 72 0.22995 4.8207 -0.45424 0.10971 3.5704 -0.31316 -0.70773 3.5282 -0.85847 -0.59652 2.1221 -1.6826 0.39208 2.2449 -2.8596 0.92816 3.642 0.22757 1.8886 2.4881 0.87166 3.3459 2.1057 0.54319 -0.7309 0.0053759 -0.29875 -0.83844 -2.0306 -0.80607 -1.3867 -3.7105 -0.44777 0.7309 -0.0053763 0.29875 1.0135 -2.028 -0.19448 0.92048 -3.6816 0.51831
0 70 60 0.28443 4.8208 -0.44191 0.19669 3.5676 -0.29917 -0.58069 3.5023 -0.89814 -0.46416 2.0383 -1.6136 0.37315 2.0987 -2.907 0.97487 3.6623 0.29483 1.8854 2.4037 0.80048 3.2894 1.926 0.37831 -0.67626 0.013771 -0.4074 -0.67941 -2.0064 -0.98454 -1.2834 -3.6883 -0.74464 0.67626 -0.013771 0.4074 1.0119 -2.0375 -0.046526 0.75285 -3.6771 0.6575
0 71 60 0.2838 4.8198 -0.45421 0.21577 3.5661 -0.30313 -0.59547 3.4975 -0.85498 -0.53229 2.0019 -1.5091 0.12149 2.0085 -2.9056 1.0275 3.6641 0.24362 1.9464 2.3555 0.57817 3.2612 1.8133 -0.017565 -0.68583 0.021043 -0.39076 -0.67193 -1.9861 -1.0115 -1.2451 -3.6744 -0.74332 0.68583 -0.021043 0.39076 1.0047 -2.0442 -0.077622 0.7363 -3.6761 0.64069
0 72 60 0.28291 4.82 -0.45163 0.23133 3.5661 -0.29131 -0.61085 3.4991 -0.7949 -0.58486 1.9762 -1.3855 -0.083326 1.9138 -2.8423 1.0737 3.6626 0.2071 1.9641 2.3042 0.38279 3.1691 1.7016 -0.36721 -0.69686 0.030828 -0.37004 -0.66179 -1.967 -1.0195 -1.1701 -3.6687 -0.70864 0.69686 -0.030828 0.37004 0.99104 -2.0549 -0.11052 0.71853 -3.675 0.63243
0 102 60 0.067459 4.8399 -0.22521 0.068444 3.5776 -0.21971 -0.76213 3.5233 -0.74369 -0.25447 3.2242 -2.2674 0.95996 3.887 -2.9482 0.89837 3.6615 0.30139 2.0852 3.3524 -0.77784 2.093 3.6893 -2.2825 -0.68228 -0.00029087 -0.39748 -0.42669 -2.0402 -0.83073 -0.76304 -3.7529 -0.37865 0.68228 0.00029135 0.39748 1.0459 -2.0436 0.074051 0.89955 -3.7274 0.70201
1 0 252 0.67741 4.1169 -2.4505 0.46786 2.9854 -1.9327 -0.48106 2.9629 -2.1905 -0.70777 1.4612 -1.5887 -0.70272 0.052876 -2.2166 1.4195 3.034 -1.6891 1.4959 1.5211 -1.0775 1.8167 0.1268 -1.6526 -0.76888 0.00082231 -0.17978 -0.087544 -1.4953 -1.4882 -0.54179 -3.0285 -0.65532 0.76888 -0.00082231 0.17978 1.1049 -1.6161 -1.1211 0.92649 -2.9968 0.024634
1 1 252 0.65978 4.1439 -2.4083 0.45221 3.0054 -1.9049 -0.49852 2.9876 -2.1563 -0.7503 1.4877 -1.56 -0.88471 0.078567 -2.1716 1.4056 3.0496 -1.6673 1.5115 1.5358 -1.0624 1.9535 0.14445 -1.5589 -0.76862 -0.0035107 -0.18086 -0.080877 -1.4418 -1.5493 -0.54746 -2.9327 -0.64896 0.76862 0.0035105 0.18086 1.1308 -1.5634 -1.1711 0.91406 -2.8877 0.033088
1 2 252 0.62599 4.2132 -2.2931 0.42459 3.0594 -1.8235 -0.52616 3.0432 -2.0749 -0.87382 1.5452 -1.5235 -1.2503 0.18226 -2.1385 1.3778 3.1023 -1.5851 1.5852 1.5975 -0.98408 2.2589 0.26607 -1.3729 -0.76853 -0.0068364 -0.18115 -0.08439 -1.4051 -1.5922 -0.55692 -2.8549 -0.63005 0.76853 0.0068364 0.18115 1.1552 -1.5288 -1.1997 0.90429 -2.7993 0.054796
1 8 216 0.90384 4.672 -0.78743 0.70401 3.4308 -0.67066 0.11097 3.4113 -1.4551 -1.1589 2.6735 -2.1705 -2.1134 2.935 -3.3529 1.2991 3.48 0.11092 1.6904 2.7236 1.505 2.7628 2.9853 2.5817 -0.51539 -0.018736 -0.59793 -0.059647 -1.9796 -1.1992 -0.594 -3.6938 -1.0347 0.51539 0.018736 0.59793 1.2714 -1.9325 0.40939 0.76251 -3.5689 0.96966
1 31 216 0.95531 4.7039 -0.55853 0.75969 3.4551 -0.51028 0.13979 3.4778 -1.2735 -0.96968 2.7202 -2.203 -1.6891 2.8468 -3.561 1.3829 3.462 0.2506 1.9033 2.4695 1.4393 3.2218 2.3572 2.2309 -0.52877 0.026104 -0.58584 -0.38652 -1.9708 -1.2235 -1.1654 -3.5966 -1.1959 0.52877 -0.026104 0.58584 1.1045 -2.0451 0.66571 0.88853 -3.5379 1.6536
1 33 228 1.0212 4.633 -0.9318 0.79213 3.3957 -0.80765 0.031635 3.4379 -1.4299 -1.0232 2.2415 -1.7831 -1.8185 1.6371 -2.9578 1.5576 3.3824 -0.19026 1.9795 2.0927 0.71941 3.2473 1.2928 1.0809 -0.64416 0.039126 -0.455 -0.33325 -1.9433 -1.0776 -0.79184 -3.6239 -0.61248 0.64416 -0.039126 0.455 1.2271 -2.0099 0.018485 0.78667 -3.5296 0.88298
1 34 228 1.086 4.6012 -1.0212 0.82198 3.3731 -0.88214 0.074243 3.4174 -1.5195 -0.83175 2.0687 -1.6895 -1.4858 1.1538 -2.7445 1.5755 3.3574 -0.25025 1.8347 1.9589 0.55336 2.9276 0.909 0.83753 -0.64461 0.033298 -0.45483 -0.1969 -1.9403 -1.0194 -0.58374 -3.6002 -0.43121 0.64461 -0.033298 0.45483 1.1729 -1.977 -0.14288 0.55869 -3.4762 0.64824
1 35 240 0.87513 4.5705 -1.3254 0.62736 3.3519 -1.1036 -0.23356 3.3891 -1.5777 -0.96417 1.9356 -1.4281 -1.6467 0.78342 -2.1925 1.4932 3.343 -0.63703 1.7348 1.8665 0.018795 2.6762 0.64539 0.039535 -0.72427 0.027174 -0.31335 -0.28842 -1.9344 -0.92694 -0.55754 -3.5584 -0.19127 0.72427 -0.027174 0.31335 1.0188 -1.9383 -0.50834 0.53348 -3.4266 0.38627
1 36 240 0.88669 4.5314 -1.4466 0.62845 3.3206 -1.1975 -0.2281 3.3474 -1.6802 -0.77634 1.834 -1.4011 -1.2884 0.52035 -2.0254 1.49 3.322 -0.72309 1.5677 1.8015 -0.13092 2.3445 0.46958 -0.14437 -0.72436 0.017815 -0.31381 -0.17337 -1.8985 -0.9759 -0.50662 -3.4775 -0.17168 0.72436 -0.017815 0.31381 0.95776 -1.8877 -0.61528 0.46419 -3.3344 0.34093
1 41 240 0.80041 4.5587 -1.4185 0.58389 3.3431 -1.1549 -0.28819 3.3417 -1.6097 -0.79184 1.8073 -1.3632 -1.3344 0.54229 -2.0583 1.4599 3.3727 -0.70877 1.647 1.8336 -0.19391 2.6179 0.66073 -0.43739 -0.71677 0.0053382 -0.33123 -0.024153 -1.7296 -1.2927 -0.40929 -3.1626 -0.2684 0.71677 -0.0053382 0.33123 1.2079 -1.7536 -0.72552 0.50626 -3.0709 0.28606
1 42 240 0.70136 4.6387 -1.2059 0.51225 3.4091 -0.98088 -0.35513 3.4105 -1.4446 -1.0004 1.916 -1.3073 -1.7325 0.83295 -2.1251 1.383 3.4366 -0.52429 1.7463 1.9334 0.0024267 2.9274 0.96304 -0.19988 -0.71347 0.0043054 -0.33829 -0.18698 -1.8747 -1.1171 -0.53266 -3.4147 -0.24539 0.71347 -0.0043058 0.33829 1.1894 -1.8702 -0.50214 0.55897 -3.3251 0.35615
1 43 228 0.8098 4.6858 -0.91237 0.61351 3.4454 -0.75946 -0.1397 3.4469 -1.3919 -0.91784 2.0194 -1.5523 -1.6278 1.1728 -2.6279 1.3704 3.4731 -0.132 1.7961 2.0378 0.52181 3.1472 1.3121 0.68183 -0.62348 -0.0020561 -0.48453 -0.16717 -1.9713 -1.0574 -0.61979 -3.6086 -0.45309 0.62348 0.0020561 0.48453 1.2309 -1.9452 -0.018909 0.5961 -3.5193 0.58944
2 13 84 0.53995 3.7184 -3.0457 0.33051 2.6914 -2.3538 -0.63028 2.6704 -2.5631 -1.0011 1.5619 -3.7043 -0.28926 2.3382 -4.8305 1.2947 2.7344 -2.1644 1.805 1.5272 -3.1396 1.7498 2.471 -4.3578 -0.78345 -0.0038791 -0.098453 -0.40687 -1.7723 -1.1685 -0.69275 -2.813 0.27587 0.78345 0.0038788 0.098453 1.0461 -1.8354 -0.88248 0.78766 -2.781 0.63079
2 22 84 0.39789 4.1982 -2.3989 0.31521 3.0773 -1.8209 -0.64579 3.0238 -2.0234 -0.91257 1.991 -3.2606 -0.27182 3.1163 -4.0978 1.2776 3.1561 -1.634 2.1063 2.1691 -2.638 1.803 3.4235 -3.4817 -0.77548 0.0071793 -0.14858 -0.61043 -1.799 -1.2091 -0.73674 -3.0906 0.042659 0.77548 -0.0071793 0.14858 1.0608 -1.8305 -0.8556 0.66137 -3.0322 0.42789
2 23 84 0.43891 4.1039 -2.5507 0.34409 3.019 -1.9112 -0.6159 2.955 -2.1154 -0.91834 1.7773 -3.2064 -0.26721 2.6923 -4.263 1.3057 3.1072 -1.7243 2.1341 1.9971 -2.5904 1.8623 3.1161 -3.6158 -0.77452 0.0087333 -0.15341 -0.60174 -1.7366 -1.3102 -0.71381 -3.2567 -0.34709 0.77452 -0.0087333 0.15341 1.0883 -1.7631 -0.95923 0.69863 -3.1727 0.095315
2 24 84 0.45522 4.033 -2.6523 0.34675 2.9834 -1.9618 -0.61441 2.9117 -2.1578 -0.9394 1.6069 -3.0855 -0.28974 2.2487 -4.3279 1.3096 3.078 -1.7847 2.1209 1.8462 -2.487 1.9015 2.7799 -3.6944 -0.77508 0.0055532 -0.15071 -0.6086 -1.7317 -1.3206 -0.70146 -3.4377 -0.74462 0.77508 -0.0055532 0.15071 1.1122 -1.7205 -1.0154 0.79293 -3.3434 -0.29787
2 25 84 0.48257 3.978 -2.7181 0.35557 2.9526 -1.9997 -0.60532 2.8781 -2.1959 -0.941 1.4593 -2.9327 -0.31371 1.784 -4.3034 1.3184 3.0491 -1.8234 2.1071 1.7193 -2.3507 1.9585 2.4178 -3.7174 -0.77558 0.0047641 -0.14815 -0.62913 -1.7369 -1.3142 -0.70511 -3.5258 -1.1027 0.77558 -0.0047641 0.14816 1.143 -1.6913 -1.0497 0.91064 -3.4333 -0.64668
2 26 84 0.54103 3.9583 -2.7315 0.38979 2.9347 -2.0169 -0.56764 2.8652 -2.2311 -0.9079 1.3611 -2.7701 -0.32326 1.3517 -4.1969 1.3497 3.0261 -1.8229 2.1127 1.6301 -2.1939 2.0629 2.0591 -3.6741 -0.77563 0.013205 -0.14738 -0.65607 -1.6912 -1.37 -0.72276 -3.4908 -1.2799 0.77563 -0.013205 0.14738 1.1599 -1.6333 -1.134 1.0225 -3.406 -0.83464
2 27 84 0.5743 3.9942 -2.6706 0.40104 2.9566 -1.9838 -0.5546 2.8981 -2.209 -0.88428 1.345 -2.5934 -0.37123 1.0271 -4.0123 1.3595 3.0374 -1.7783 2.0886 1.6004 -2.0473 2.1485 1.7379 -3.582 -0.7773 0.021982 -0.13719 -0.67274 -1.5226 -1.5576 -0.71333 -3.2933 -1.2201 0.7773 -0.021982 0.13719 1.2189 -1.5044 -1.2847 1.056 -3.2435 -0.83765
2 28 84 0.59999 3.9353 -2.7559 0.41066 2.9024 -2.0668 -0.54751 2.8594 -2.2845 -0.85311 1.2795 -2.5663 -0.44053 0.69544 -3.9324 1.3719 2.9675 -1.8688 2.051 1.4921 -2.044 2.2386 1.322 -3.565 -0.7802 0.030093 -0.11779 -0.63512 -1.2398 -1.7853 -0.66444 -2.8962 -1.0735 0.7802 -0.030093 0.11779 1.2685 -1.277 -1.5012 0.98625 -2.8766 -0.71862
2 99 72 0.86126 4.0694 -2.4915 0.60913 2.9963 -1.8823 -0.32339 2.9739 -2.1942 -0.78016 1.4199 -1.9817 -0.94398 -0.026196 -2.4911 1.5464 3.0423 -1.5878 1.9248 1.5066 -1.1787 2.2768 0.065957 -1.6009 -0.75663 0.013191 -0.22548 -0.26381 -1.5038 -1.5931 -0.61308 -3.112 -0.85649 0.75663 -0.013191 0.22548 1.1774 -1.6073 -1.0768 0.93572 -3.078 -0.062097
2 100 72 0.82311 4.143 -2.3802 0.57703 3.0502 -1.8053 -0.35855 3.0311 -2.1081 -0.89023 1.5322 -1.7348 -1.2173 0.060079 -2.0566 1.517 3.0935 -1.5192 1.8191 1.591 -0.9535 2.1675 0.09228 -1.0539 -0.75731 0.013217 -0.22316 -0.29429 -1.5747 -1.5187 -0.64392 -3.1874 -0.79208 0.75731 -0.013217 0.22316 1.1587 -1.6745 -0.99886 0.91218 -3.1553 -0.00026641
2 101 72 0.78251 4.2178 -2.2609 0.54712 3.1062 -1.7177 -0.39121 3.0898 -2.012 -0.98841 1.6604 -1.4935 -1.4489 0.19852 -1.6624 1.4895 3.1474 -1.4392 1.7188 1.6958 -0.72574 2.0473 0.1963 -0.57989 -0.75743 0.012243 -0.22283 -0.32132 -1.6434 -1.4407 -0.67205 -3.2623 -0.72877 0.75743 -0.012243 0.22283 1.1424 -1.7372 -0.91316 0.89197 -3.2338 0.060743
2 103 60 1.1172 4.3601 -1.8063 0.80779 3.212 -1.3883 -0.049748 3.1948 -1.8696 -0.87448 1.9064 -1.2966 -1.5321 0.5151 -1.3943 1.6715 3.2552 -0.91987 1.6008 1.9188 0.016933 1.7687 0.43623 0.40621 -0.69335 0.013962 -0.37759 -0.12036 -1.7748 -1.3191 -0.59193 -3.4135 -0.73345 0.69335 -0.013961 0.37759 1.2267 -1.8543 -0.48439 0.79091 -3.3844 0.36404
2 104 60 1.0619 4.4273 -1.6717 0.77194 3.2615 -1.2883 -0.085719 3.2481 -1.7695 -0.9492 2.0069 -1.1509 -1.6849 0.65314 -1.2114 1.6354 3.3015 -0.81898 1.5283 1.9978 0.15963 1.6597 0.51517 0.56228 -0.69059 0.015883 -0.38253 -0.17822 -1.831 -1.2433 -0.63423 -3.4807 -0.6765 0.69059 -0.015883 0.38253 1.1771 -1.9046 -0.39879 0.75688 -3.4545 0.42096
3 4 72 0.59077 4.7843 -0.013437 0.24109 3.5756 -0.014168 -0.21895 3.6215 0.85394 -1.6299 2.7983 0.86526 -2.7695 3.3926 0.013384 0.70587 3.559 -0.88081 1.9545 2.5063 -0.84257 2.6231 1.282 -1.4997 -0.23671 0.037313 0.75238 0.20752 -2.0091 0.58167 0.7623 -3.7225 0.49623 0.23671 -0.037313 -0.75238 -1.6379 -0.88666 -1.1752 -0.63305 -2.3489 -0.85426
3 5 60 0.54279 4.7907 0.073073 0.20982 3.5776 0.0084017 -0.40532 3.6237 0.77445 -1.6918 2.6592 0.48554 -2.6483 3.202 -0.59529 0.82943 3.5608 -0.75525 1.956 2.3975 -0.54018 2.5884 1.1049 -1.0941 -0.38147 0.041369 0.69012 0.16865 -1.9863 0.6699 0.77289 -3.6841 0.72523 0.38147 -0.041369 -0.69012 -1.3031 -1.0361 -1.4564 -0.67628 -2.6676 -1.0134
3 50 132 0.13284 4.8254 -0.03135 0.18263 3.5728 -0.17314 -0.41287 3.5686 -0.95592 -1.367 2.2555 -0.7706 -1.5955 0.75606 -1.0481 0.77673 3.6067 0.60996 1.5764 2.1822 0.60866 2.6778 2.7296 -0.32141 -0.36681 -0.017625 -0.69903 1.0928 -1.1829 -1.6613 -0.30474 -1.1329 -0.52321 0.36681 0.017625 0.69903 -0.20928 -2.0023 0.74501 -0.72347 -3.7304 0.76601
3 51 132 0.10283 4.8275 -0.0084008 0.15711 3.5754 -0.15469 -0.44951 3.574 -0.92888 -1.4698 2.3129 -0.73478 -1.7734 0.82369 -0.99474 0.76233 3.6066 0.61997 1.7771 2.3293 0.53303 2.7683 3.0902 -0.37044 -0.36975 -0.020697 -0.69739 1.2774 -1.0089 -1.5487 -0.16575 -1.3128 -0.51144 0.36975 0.020697 0.69739 -0.25541 -1.984 0.76542 -0.81086 -3.6989 0.80457
3 52 132 0.10035 4.8268 -0.0078977 0.15293 3.5754 -0.15998 -0.45972 3.5783 -0.92941 -1.525 2.3563 -0.72829 -1.8758 0.87472 -0.9724 0.76427 3.6023 0.61002 1.8881 2.4246 0.47232 2.8296 3.2753 -0.40373 -0.36668 -0.025131 -0.69886 1.3459 -0.96682 -1.47 0.015747 -1.7389 -0.52895 0.36668 0.025131 0.69886 -0.2974 -1.9661 0.78929 -0.88536 -3.6696 0.84684
3 53 132 0.10072 4.8258 -0.014517 0.14609 3.575 -0.17215 -0.46475 3.5832 -0.94298 -1.555 2.384 -0.73806 -1.9262 0.90424 -0.96211 0.75576 3.5966 0.59934 1.917 2.4616 0.42046 2.8429 3.3503 -0.43435 -0.37244 -0.030184 -0.69561 1.3048 -1.085 -1.3946 0.22635 -2.2629 -0.55772 0.37244 0.030185 0.69561 -0.33186 -1.9457 0.81428 -0.95447 -3.6358 0.89628
3 54 132 0.11448 4.8247 -0.044793 0.16288 3.5745 -0.2059 -0.441 3.5847 -0.98217 -1.5427 2.3963 -0.7756 -1.915 0.91274 -0.97117 0.76561 3.5942 0.57108 1.9208 2.4549 0.38079 2.8612 3.331 -0.47112 -0.38042 -0.036708 -0.69097 1.1894 -1.2839 -1.3191 0.44971 -2.7594 -0.59317 0.38042 0.036708 0.69097 -0.36698 -1.9212 0.84071 -1.0275 -3.5953 0.95034
4 17 72 0.76323 4.5489 -1.4977 0.59023 3.3575 -1.1061 -0.33994 3.3859 -1.4244 -1.2801 2.2284 -0.75734 -1.0587 1.11 -1.7955 1.5243 3.3568 -0.79806 1.8334 1.7527 -0.79163 1.8854 2.2795 -2.2399 -0.73303 0.039956 -0.2908 -0.41459 -1.7234 -1.3878 -1.1171 -2.7447 -0.07845 0.73303 -0.039955 0.2908 0.60485 -2.0126 -0.42084 -0.18968 -3.2337 0.64154
4 18 72 0.78307 4.5588 -1.4525 0.63237 3.3666 -1.0532 -0.30129 3.3917 -1.3615 -1.2715 2.3066 -0.6198 -1.1335 1.1857 -1.6697 1.5697 3.3693 -0.7552 1.9033 1.7701 -0.74786 1.9154 2.3381 -2.1813 -0.71963 0.046396 -0.32168 -0.27941 -1.6456 -1.4869 -0.99152 -3.0406 -0.59361 0.71963 -0.046396 0.32168 0.53417 -2.0856 -0.14902 -0.28037 -3.2763 0.93246
4 19 72 0.80953 4.5705 -1.3911 0.67337 3.3772 -0.98895 -0.26238 3.4003 -1.291 -1.2306 2.3439 -0.5066 -1.1751 1.2351 -1.5767 1.6125 3.3819 -0.69684 1.948 1.7842 -0.63867 1.9516 2.3108 -2.0879 -0.7056 0.054227 -0.35026 -0.21349 -1.6607 -1.4598 -0.80907 -3.33 -1.1283 0.7056 -0.054227 0.35026 0.46147 -2.1302 0.13838 -0.37416 -3.2954 1.2315
4 24 84 0.84249 4.6193 -1.1001 0.77209 3.4173 -0.70772 -0.15402 3.4056 -1.0387 -1.0687 2.1634 -0.50105 -1.0903 1.1673 -1.678 1.7006 3.4573 -0.3857 1.9251 1.9246 0.13323 2.1022 1.7164 -1.3843 -0.68197 0.11788 -0.38016 -0.20711 -1.6149 -1.4693 -0.81569 -3.3096 -1.3768 0.68197 -0.11788 0.38016 0.52408 -2.2043 0.19026 -0.18769 -2.512 1.818
4 25 96 0.70476 4.6034 -1.2636 0.68359 3.4086 -0.84437 -0.27803 3.3902 -1.0501 -1.1455 2.0951 -0.56127 -1.2174 1.1559 -1.7821 1.6464 3.455 -0.64881 1.8677 1.9806 0.019023 1.9862 1.5673 -1.4618 -0.73846 0.12762 -0.24878 -0.4213 -1.5895 -1.4172 -1.0606 -3.2179 -0.98077 0.73846 -0.12762 0.24878 0.64796 -2.1748 -0.21493 0.17142 -2.3417 1.516
4 26 96 0.85357 4.5918 -1.2218 0.77841 3.4013 -0.79704 -0.15479 3.3882 -1.1074 -1.0377 2.0432 -0.82429 -0.85861 1.2386 -2.1274 1.7142 3.4421 -0.497 1.8057 2.0479 0.3495 2.1794 1.5138 -1.0479 -0.7203 0.13716 -0.29301 -0.35773 -1.6314 -1.3677 -1.0567 -3.1791 -0.76167 0.7203 -0.13716 0.29301 0.81195 -2.0767 -0.50961 0.12798 -2.2966 1.1441
4 27 108 0.75127 4.5783 -1.3535 0.69455 3.3855 -0.93232 -0.25663 3.374 -1.1823 -1.0959 2.0004 -0.90398 -0.90355 1.4021 -2.3121 1.6477 3.4249 -0.6929 1.8154 2.1044 0.25415 2.112 1.5293 -1.1455 -0.75217 0.13895 -0.19603 -0.6088 -1.7331 -1.1389 -1.1852 -3.2084 -0.27729 0.75217 -0.13895 0.19603 0.82032 -1.9126 -0.92814 0.23357 -2.3907 0.70835
4 29 120 0.82341 4.5882 -1.2971 0.72033 3.384 -0.91929 -0.21871 3.3915 -1.2117 -1.067 2.0051 -1.0467 -0.69937 1.7031 -2.5134 1.6621 3.4046 -0.63656 1.8026 2.1723 0.4267 2.1815 1.554 -0.93413 -0.75562 0.14872 -0.1744 -0.86625 -1.9331 -0.43532 -1.2908 -3.3549 0.58892 0.75562 -0.14872 0.1744 0.7952 -1.712 -1.2288 0.091035 -2.9192 -0.089675
4 30 120 0.96251 4.5947 -1.1837 0.80356 3.3877 -0.83473 -0.10314 3.4142 -1.2149 -0.9502 2.0195 -1.1376 -0.45428 1.7515 -2.5728 1.7142 3.3893 -0.46323 1.724 2.1792 0.63419 2.2548 1.5349 -0.66226 -0.74116 0.14965 -0.22756 -0.98232 -1.9362 -0.15495 -1.4049 -3.3514 0.87922 0.74116 -0.14965 0.22756 0.83961 -1.7258 -1.1582 0.0413 -3.2007 -0.49623
4 31 132 0.82203 4.609 -1.2486 0.67054 3.401 -0.8991 -0.26801 3.4608 -1.1871 -1.0807 2.0527 -1.0275 -0.79342 1.7707 -2.5161 1.6129 3.3696 -0.61936 1.747 2.1849 0.49749 2.1243 1.5188 -0.84106 -0.76799 0.14444 -0.11327 -1.0477 -1.8958 0.30344 -1.2922 -3.3058 1.4002 0.76799 -0.14444 0.11327 0.61185 -1.7791 -1.1974 -0.11697 -3.3962 -0.87368
4 32 132 0.91668 4.6238 -1.1297 0.73046 3.4105 -0.81779 -0.19616 3.5071 -1.1331 -1.0011 2.0878 -1.0531 -0.65025 1.7713 -2.5209 1.6621 3.3424 -0.50991 1.6752 2.1668 0.62441 2.1715 1.5036 -0.67616 -0.76198 0.13964 -0.15293 -1.1013 -1.8567 0.40723 -1.4293 -3.2034 1.5604 0.76198 -0.13964 0.15293 0.58517 -1.835 -1.0754 -0.1476 -3.4823 -1.057
4 33 132 1.012 4.6343 -1.0064 0.79519 3.4193 -0.72282 -0.12149 3.5432 -1.0571 -0.92591 2.1215 -1.0337 -0.51888 1.7661 -2.4779 1.7177 3.3239 -0.39547 1.6139 2.1175 0.70112 2.1975 1.4863 -0.57898 -0.755 0.14592 -0.17939 -1.1551 -1.8535 0.32705 -1.5675 -3.025 1.6342 0.755 -0.14593 0.17939 0.60626 -1.8898 -0.98298 -0.19265 -3.5061 -0.99689
4 34 144 0.88332 4.6321 -1.1374 0.69964 3.4186 -0.82558 -0.26147 3.5614 -0.97795 -1.0617 2.1472 -0.80959 -0.9262 1.7311 -2.2882 1.6657 3.3041 -0.68095 1.6932 2.0221 0.33125 2.0434 1.4667 -1.0639 -0.77317 0.1526 -0.049182 -1.147 -1.875 0.35516 -1.3286 -2.788 1.8993 0.77317 -0.1526 0.049182 0.43213 -1.9144 -1.0436 -0.40294 -3.4824 -0.7356
4 35 144 0.87522 4.6302 -1.1578 0.65856 3.4216 -0.84771 -0.29634 3.5757 -1.026 -1.1146 2.1742 -0.83836 -0.96721 1.653 -2.2821 1.619 3.2958 -0.67724 1.5919 1.9019 0.17425 1.9375 1.4796 -1.268 -0.77643 0.12164 -0.076538 -1.2312 -1.9267 0.032676 -1.4812 -2.5616 1.7016 0.77643 -0.12164 0.076538 0.42022 -1.8596 -1.049 -0.4237 -3.3591 -0.51039
4 36 144 0.92904 4.5985 -1.2351 0.67624 3.4007 -0.9114 -0.26892 3.5598 -1.1321 -1.1062 2.1846 -0.85535 -0.95268 1.5492 -2.2519 1.6276 3.2694 -0.69911 1.6139 1.7688 -0.053591 1.9144 1.5278 -1.5467 -0.77278 0.10719 -0.12176 -1.2264 -1.9246 -0.40528 -1.5607 -2.3723 1.309 0.77278 -0.1072 0.12176 0.49233 -1.8259 -1.0537 -0.39957 -3.2097 -0.31858
4 37 144 0.96475 4.5955 -1.2291 0.69845 3.4036 -0.89475 -0.23804 3.5577 -1.1529 -1.1066 2.2375 -0.73886 -0.90618 1.553 -2.106 1.6414 3.2773 -0.64533 1.6588 1.7117 -0.17893 1.9208 1.6524 -1.6973 -0.76341 0.098834 -0.17587 -1.0682 -1.8604 -0.8708 -1.5685 -2.3103 0.802 0.76341 -0.098834 0.17587 0.51045 -1.8524 -0.95349 -0.41267 -3.1389 -0.091227
4 38 144 0.96821 4.5964 -1.2216 0.71238 3.4001 -0.89477 -0.22314 3.5424 -1.163 -1.1241 2.2957 -0.61265 -0.85096 1.615 -1.969 1.6541 3.2857 -0.63513 1.7072 1.6944 -0.26949 1.9409 1.7751 -1.7915 -0.75434 0.091232 -0.21482 -0.76518 -1.725 -1.2709 -1.4858 -2.3929 0.24091 0.75434 -0.091232 0.21482 0.48983 -1.9177 -0.78929 -0.45123 -3.1339 0.15205
4 46 168 0.75635 4.7114 -0.75453 0.70835 3.4638 -0.54732 -0.25307 3.5074 -0.75015 -1.2614 2.3227 -0.25147 -0.72673 2.2027 -1.6928 1.6719 3.4493 -0.35033 1.89 1.9457 0.25005 1.9855 1.4735 -1.2147 -0.72214 0.13529 -0.28931 -0.50039 -1.7028 -1.2826 -1.0827 -3.3913 -1.0364 0.72214 -0.13529 0.28931 0.44034 -2.2007 0.027011 -0.23477 -2.6112 1.6477
4 47 168 0.81334 4.6955 -0.76455 0.77486 3.4523 -0.53519 -0.17013 3.4837 -0.80606 -1.2696 2.2842 -0.66029 -0.48048 2.2461 -1.9845 1.7222 3.45 -0.27085 1.8091 2.005 0.48629 2.1671 1.3962 -0.88444 -0.71508 0.15112 -0.29886 -0.44302 -1.6612 -1.3263 -1.0974 -3.2744 -0.85703 0.71508 -0.15112 0.29886 0.6032 -2.1757 -0.25136 -0.1737 -2.4518 1.3521
4 47 180 0.63661 4.6955 -0.91695 0.64665 3.4523 -0.6846 -0.334 3.4837 -0.75308 -1.3791 2.2842 -0.38191 -0.88258 2.2461 -1.8412 1.6283 3.45 -0.623 1.8707 2.005 0.099522 1.9359 1.3962 -1.3157 -0.76159 0.15112 -0.14366 -0.7091 -1.6612 -1.2052 -1.2516 -3.2744 -0.61014 0.76159 -0.15112 0.14366 0.53776 -2.1757 -0.37128 0.11121 -2.4518 1.3587
4 48 180 0.69136 4.6852 -0.93043 0.69592 3.4461 -0.67943 -0.27408 3.4734 -0.8398 -1.3685 2.2613 -0.79705 -0.62684 2.2409 -2.1488 1.6675 3.4477 -0.52628 1.8128 2.073 0.3442 2.1201 1.3623 -0.98927 -0.75573 0.15322 -0.17 -0.72571 -1.6938 -1.1709 -1.2682 -3.2328 -0.40395 0.75573 -0.15322 0.17 0.67045 -2.0845 -0.65296 0.070655 -2.4167 1.0146
4 49 180 0.80968 4.6708 -0.91532 0.7735 3.4324 -0.66812 -0.15965 3.4699 -0.97664 -1.2517 2.2659 -1.1396 -0.29388 2.2549 -2.3479 1.7096 3.4236 -0.36659 1.7707 2.1052 0.59613 2.2558 1.376 -0.67293 -0.74196 0.1554 -0.22099 -0.75218 -1.777 -1.0456 -1.3187 -3.2623 -0.19481 0.74197 -0.1554 0.22099 0.8055 -1.9491 -0.87121 0.028519 -2.5071 0.65712
4 49 192 0.60168 4.6708 -1.0637 0.61769 3.4324 -0.81434 -0.35921 3.4699 -0.9221 -1.4613 2.2659 -0.85441 -0.77561 2.2549 -2.2355 1.5961 3.4236 -0.71404 1.856 2.1052 0.21494 2.0666 1.376 -1.1272 -0.7717 0.1554 -0.0619 -0.95313 -1.777 -0.86633 -1.3304 -3.2623 0.083625 0.7717 -0.1554 0.0619 0.60676 -1.9491 -1.0196 0.16452 -2.5071 0.63683
4 50 192 0.76412 4.6521 -1.0416 0.72798 3.4132 -0.79649 -0.22095 3.4577 -1.0513 -1.3309 2.2592 -1.0709 -0.4802 2.2281 -2.3565 1.6797 3.3975 -0.54888 1.859 2.1158 0.44801 2.2212 1.4054 -0.87176 -0.76082 0.16052 -0.13739 -0.95653 -1.874 -0.62378 -1.378 -3.3515 0.31978 0.76082 -0.16052 0.13739 0.71139 -1.8302 -1.137 0.078206 -2.7312 0.29064
4 51 192 0.92921 4.6471 -0.94298 0.83446 3.4067 -0.72027 -0.070882 3.4704 -1.0993 -1.1709 2.263 -1.1313 -0.2348 2.1598 -2.3523 1.744 3.3719 -0.34762 1.8143 2.1204 0.70011 2.3192 1.4312 -0.58353 -0.74041 0.16118 -0.22205 -0.9902 -1.9208 -0.35326 -1.4588 -3.4064 0.55462 0.74041 -0.16118 0.22205 0.78947 -1.7853 -1.1099 0.024039 -3.0238 -0.0464
4 51 204 0.71285 4.6471 -1.1156 0.66647 3.4067 -0.87802 -0.29789 3.4704 -1.0605 -1.3805 2.263 -0.86311 -0.71873 2.1598 -2.252 1.6336 3.3719 -0.70262 1.9202 2.1204 0.30759 2.1472 1.4312 -1.053 -0.7704 0.16118 -0.063261 -1.042 -1.9208 -0.13967 -1.3116 -3.4064 0.84579 0.7704 -0.16118 0.063261 0.54145 -1.7853 -1.2498 0.013867 -3.0238 -0.050384
4 52 204 0.84896 4.6439 -1.0498 0.75191 3.4041 -0.82337 -0.18959 3.4895 -1.0948 -1.2508 2.265 -0.88642 -0.55068 2.0537 -2.244 1.6974 3.3475 -0.55854 1.8557 2.1247 0.51312 2.2153 1.4466 -0.82428 -0.76312 0.15908 -0.12583 -1.0794 -1.9108 0.047522 -1.3962 -3.3857 1.0351 0.76312 -0.15908 0.12583 0.57384 -1.8114 -1.1581 -0.061188 -3.2905 -0.34575
4 53 204 0.97386 4.64 -0.96975 0.83038 3.4022 -0.75299 -0.089931 3.5058 -1.0841 -1.1278 2.2623 -0.87126 -0.42759 1.9368 -2.206 1.7556 3.3273 -0.42792 1.7872 2.1163 0.66807 2.2452 1.4504 -0.6451 -0.75313 0.16501 -0.1705 -1.132 -1.8774 0.14454 -1.5308 -3.3233 1.1452 0.75313 -0.16501 0.1705 0.5706 -1.8713 -1.0418 -0.098341 -3.4714 -0.54899
4 53 216 0.75096 4.64 -1.151 0.65568 3.4022 -0.90918 -0.31337 3.5058 -1.0417 -1.2843 2.2623 -0.61775 -0.8769 1.9368 -2.0689 1.6283 3.3273 -0.78358 1.887 2.1163 0.28189 2.0621 1.4504 -1.0978 -0.77212 0.16501 -0.01019 -1.0772 -1.8774 0.37673 -1.2593 -3.3233 1.4384 0.77212 -0.16501 0.01019 0.34153 -1.8713 -1.1377 -0.21033 -3.4714 -0.51655
4 54 216 0.87754 4.639 -1.0732 0.73925 3.4028 -0.84242 -0.21936 3.5259 -1.0249 -1.1654 2.2585 -0.61561 -0.77921 1.8346 -2.047 1.7023 3.3084 -0.66648 1.8615 2.0856 0.40502 2.0986 1.451 -0.98015 -0.76878 0.1708 -0.057461 -1.1161 -1.8646 0.33106 -1.3734 -3.1996 1.5153 0.76878 -0.1708 0.057461 0.36206 -1.919 -1.0347 -0.25576 -3.5373 -0.53462
4 55 216 0.98035 4.6351 -1.0176 0.80164 3.4029 -0.79364 -0.14641 3.547 -1.0122 -1.0662 2.2533 -0.62603 -0.70468 1.7516 -2.0386 1.7551 3.2873 -0.58146 1.8372 2.0352 0.46452 2.1051 1.458 -0.94005 -0.764 0.17043 -0.10374 -1.1589 -1.8765 0.15796 -1.4733 -3.0138 1.5212 0.764 -0.17043 0.10374 0.38252 -1.9534 -0.94014 -0.3149 -3.515 -0.3692
4 56 216 1.0436 4.6274 -1.0227 0.82034 3.4063 -0.78043 -0.11784 3.5682 -1.0274 -1.0104 2.2505 -0.65871 -0.66726 1.6902 -2.0537 1.7648 3.2726 -0.54068 1.7963 1.9762 0.45283 2.0664 1.4968 -0.9876 -0.76073 0.15592 -0.14311 -1.1783 -1.903 -0.11479 -1.581 -2.8027 1.3949 0.76073 -0.15592 0.14311 0.35173 -1.9402 -0.88801 -0.35641 -3.4322 -0.1645
4 57 216 1.0916 4.5912 -1.1435 0.80808 3.3923 -0.85633 -0.12118 3.5652 -1.1283 -0.99874 2.2385 -0.7561 -0.64338 1.6199 -2.1231 1.7445 3.2472 -0.59274 1.7513 1.8857 0.31001 1.995 1.547 -1.1744 -0.76096 0.13166 -0.16464 -1.1233 -1.9107 -0.49887 -1.6408 -2.5892 1.0895 0.76096 -0.13166 0.16464 0.33703 -1.9018 -0.88465 -0.39078 -3.2905 0.0057898
4 58 228 0.88106 4.545 -1.4625 0.63553 3.3609 -1.0932 -0.32798 3.533 -1.1899 -1.1137 2.2087 -0.64422 -1.002 1.5144 -2.0165 1.6045 3.216 -1.0071 1.7756 1.7681 -0.2702 1.655 1.5909 -1.7972 -0.77819 0.13329 -0.012091 -1.1368 -1.8246 -0.6848 -1.4297 -2.4521 0.97991 0.77819 -0.13329 0.012091 0.1832 -1.9374 -0.88538 -0.37363 -3.2012 0.27379
4 59 228 0.89272 4.5088 -1.5579 0.65714 3.326 -1.1786 -0.30495 3.4958 -1.2921 -1.0916 2.1823 -0.72224 -0.91919 1.4617 -2.0745 1.6249 3.1834 -1.0759 1.7874 1.6629 -0.50115 1.6174 1.6517 -2.0337 -0.77774 0.13081 -0.038762 -0.96653 -1.6825 -1.083 -1.4075 -2.4504 0.4876 0.77774 -0.13081 0.038762 0.20547 -2.0003 -0.73059 -0.40548 -3.1718 0.49625
4 60 228 0.93995 4.48 -1.6042 0.71153 3.2966 -1.2216 -0.25092 3.4666 -1.3318 -1.0392 2.1815 -0.70274 -0.80431 1.4872 -2.0594 1.6796 3.1538 -1.1223 1.8367 1.5962 -0.65562 1.6381 1.7408 -2.1779 -0.77354 0.137 -0.079768 -0.74462 -1.5424 -1.3419 -1.2989 -2.605 0.0051515 0.77354 -0.137 0.079769 0.16894 -2.0687 -0.48349 -0.4705 -3.2044 0.76235
4 68 240 0.70667 4.5779 -1.3608 0.68798 3.3706 -0.98498 -0.27378 3.3651 -1.1908 -1.1375 2.0685 -0.69915 -0.69295 1.5509 -2.0819 1.6513 3.404 -0.78952 1.866 2.0141 0.041547 1.9173 1.6971 -1.4666 -0.74673 0.12681 -0.22317 -0.36947 -1.7118 -1.1674 -0.75652 -3.2525 -0.31461 0.74673 -0.12681 0.22317 0.68636 -2.1584 -0.30921 0.0381 -2.2826 1.3686
4 70 252 0.6002 4.5773 -1.4339 0.58828 3.371 -1.0536 -0.37241 3.3495 -1.2633 -1.2034 1.9943 -0.8868 -0.69099 1.7555 -2.3214 1.5502 3.4203 -0.85428 1.8058 2.1722 0.16822 1.9273 1.6218 -1.2671 -0.76746 0.12406 -0.13826 -0.63067 -1.9175 -0.61553 -0.88867 -3.3057 0.50569 0.76746 -0.12406 0.13826 0.85162 -1.8629 -1.0381 0.35766 -2.5627 0.54846
4 71 252 0.70531 4.5942 -1.3429 0.6401 3.381 -0.98949 -0.29274 3.3649 -1.3008 -1.1328 1.9947 -1.008 -0.4729 1.8386 -2.3929 1.5752 3.4252 -0.68782 1.7403 2.209 0.39032 2.021 1.6164 -1.0053 -0.75794 0.11759 -0.18761 -0.69324 -1.9794 -0.30082 -1.0008 -3.3685 0.80676 0.75794 -0.11759 0.18761 0.87123 -1.7658 -1.1104 0.33282 -2.9264 0.16006
4 72 252 0.78594 4.6147 -1.2378 0.67633 3.3964 -0.91241 -0.22766 3.393 -1.2999 -1.0664 2.01 -1.0704 -0.2867 1.8808 -2.3944 1.5835 3.4281 -0.53366 1.6435 2.2322 0.57764 2.0617 1.6053 -0.76764 -0.74687 0.11207 -0.23047 -0.81545 -1.9819 -0.073394 -1.131 -3.3773 1.0241 0.74687 -0.11207 0.23047 0.83743 -1.7525 -1.0791 0.34495 -3.2951 -0.2862
4 73 252 0.83412 4.6422 -1.1158 0.685 3.42 -0.82066 -0.19527 3.4381 -1.259 -1.0324 2.0442 -1.1003 -0.15124 1.9161 -2.3592 1.5692 3.4305 -0.3901 1.5353 2.248 0.73654 2.0601 1.5939 -0.55747 -0.73964 0.10462 -0.25591 -0.92646 -1.9579 0.098504 -1.2873 -3.3583 1.1753 0.73964 -0.10462 0.25591 0.76777 -1.8014 -0.98278 0.39125 -3.5448 -0.71853
4 74 252 0.87995 4.6589 -1.0107 0.69886 3.4333 -0.74948 -0.16626 3.4737 -1.2156 -0.99551 2.0684 -1.1374 -0.025527 1.9533 -2.3306 1.5686 3.4215 -0.29036 1.4685 2.2458 0.83951 2.0539 1.5861 -0.42525 -0.73676 0.10504 -0.26391 -1.0091 -1.925 0.20415 -1.4542 -3.2813 1.3056 0.73676 -0.10504 0.26391 0.72601 -1.8544 -0.8997 0.40631 -3.6278 -0.96096
