0 3 192 0.078856 4.8081 0.59154 0.072906 3.5677 0.34953 1.0371 3.4727 0.51884 2.3457 2.4949 0.53468 3.6809 2.7822 1.2504 -0.88889 3.6919 0.18557 -1.9691 2.58 0.70093 -2.6496 2.423 2.0757 0.72393 -0.039397 0.31284 0.15042 -1.8538 1.2036 0.44345 -3.6307 1.2916 -0.72393 0.039397 -0.31284 -0.5195 -2.0407 -0.52707 0.17062 -3.5261 -1.2807
0 4 180 0.054394 4.8022 0.64344 0.03601 3.5659 0.37701 0.99423 3.4677 0.57587 2.322 2.5219 0.47037 3.7044 2.8389 1.0755 -0.91999 3.6931 0.18403 -1.9674 2.5689 0.7388 -2.5334 2.412 2.1645 0.68246 -0.042154 0.39492 -0.055655 -1.8364 1.2012 0.1842 -3.6162 1.3623 -0.68246 0.042153 -0.39492 -0.39973 -2.0309 -0.58727 0.42971 -3.5013 -1.2202
0 4 192 0.18698 4.8022 0.61807 0.11361 3.5659 0.36128 1.0922 3.4677 0.35657 2.3691 2.5219 -0.022679 3.8471 2.8389 0.28182 -0.86162 3.6931 0.37129 -1.7708 2.5689 1.1317 -2.028 2.412 2.6439 0.74966 -0.042154 0.2444 0.1953 -1.8364 1.1865 0.46341 -3.6162 1.2942 -0.74966 0.042153 -0.2444 -0.5131 -2.0309 -0.49133 0.16662 -3.5013 -1.2829
0 5 168 0.038864 4.7961 0.68343 0.006064 3.5641 0.39552 0.95645 3.4598 0.62625 2.3 2.5532 0.42238 3.7202 2.901 0.912 -0.9422 3.6976 0.1711 -1.9516 2.5585 0.76471 -2.4163 2.4184 2.2283 0.62862 -0.047015 0.47553 -0.26076 -1.8202 1.1677 -0.078095 -3.6019 1.3756 -0.62862 0.047015 -0.47553 -0.26483 -2.0158 -0.63907 0.68496 -3.4745 -1.109
0 5 180 0.18011 4.7961 0.66042 0.088164 3.5641 0.38561 1.0658 3.4598 0.41371 2.3376 2.5532 -0.065056 3.8286 2.901 0.11859 -0.88603 3.6976 0.36325 -1.75 2.5585 1.1538 -1.9002 2.4184 2.682 0.71375 -0.047015 0.33444 -0.01229 -1.8202 1.1964 0.20961 -3.6019 1.3618 -0.71375 0.047015 -0.33444 -0.39192 -2.0158 -0.57004 0.43941 -3.4745 -1.2272
0 6 168 0.12872 4.7888 0.71064 0.033801 3.5613 0.41494 1.0099 3.4635 0.48598 2.2716 2.5874 -0.07008 3.7655 2.9631 0.00044503 -0.93938 3.6881 0.35014 -1.7556 2.5372 1.1736 -1.8134 2.421 2.7101 0.66426 -0.047612 0.42425 -0.22696 -1.7985 1.1688 -0.058769 -3.5814 1.3787 -0.66426 0.047612 -0.42425 -0.27792 -2.0086 -0.61665 0.68518 -3.4515 -1.108
0 7 156 0.066578 4.7798 0.75912 -0.024825 3.5579 0.44011 0.94555 3.4632 0.56955 2.2 2.6214 -0.052182 3.691 3.0146 -0.061616 -0.9928 3.6815 0.31725 -1.763 2.5226 1.1731 -1.7412 2.4391 2.7126 0.60124 -0.050315 0.50939 -0.43817 -1.7775 1.1017 -0.32767 -3.5613 1.3397 -0.60124 0.050314 -0.50939 -0.16479 -2.0005 -0.64287 0.89691 -3.4268 -0.94213
0 8 144 -0.014234 4.7706 0.80052 -0.089577 3.554 0.45931 0.86916 3.4615 0.65838 2.1226 2.6408 0.0071228 3.6117 3.0351 -0.062512 -1.0465 3.6754 0.26705 -1.7696 2.5108 1.1556 -1.6807 2.4587 2.6942 0.52861 -0.055267 0.58397 -0.63394 -1.7579 0.98877 -0.58815 -3.5423 1.2435 -0.52861 0.055267 -0.58397 -0.052938 -1.9902 -0.64762 1.0666 -3.4007 -0.73665
0 26 216 -0.091063 4.7974 0.67718 -0.15795 3.5603 0.41365 0.82506 3.5279 0.4137 2.0127 2.6078 -0.22799 3.5424 2.8002 -0.2034 -1.1395 3.622 0.41948 -1.4849 2.6313 1.6716 -1.1285 2.5496 3.1696 0.73045 -0.0027633 0.29988 0.43162 -1.8863 1.1815 0.83157 -3.6399 1.0553 -0.73045 0.0027628 -0.29988 -0.96738 -2.0836 -0.2263 -0.48186 -3.5771 -1.112
0 27 228 -0.034121 4.8016 0.6582 -0.1149 3.5627 0.40735 0.86701 3.5296 0.36125 2.0742 2.6128 -0.24773 3.6034 2.7888 -0.1563 -1.0951 3.6249 0.45907 -1.5042 2.6471 1.7022 -1.3881 2.5342 3.2356 0.75461 -0.0029111 0.23248 0.60745 -1.9106 1.1005 1.0074 -3.6518 0.8574 -0.75461 0.0029106 -0.23248 -1.0259 -2.0747 -0.076732 -0.7247 -3.6001 -0.98951
0 39 0 0.17536 4.8166 0.50622 0.12096 3.5725 0.28479 1.0362 3.5589 -0.074991 2.092 2.3956 0.37307 2.6069 2.2715 1.8212 -0.79193 3.6156 0.64831 -2.1998 2.8218 0.88562 -3.4978 2.98 1.7029 0.53926 0.04159 -0.5753 0.66005 -2.0558 -0.60269 -0.090448 -3.628 -1.0672 -0.53926 -0.041591 0.5753 0.14308 -1.919 1.2264 -0.2912 -3.6552 1.4455
0 39 348 0.066281 4.8166 0.53162 0.059102 3.5725 0.30371 1.0292 3.5589 0.14209 1.9687 2.3956 0.79987 2.1713 2.2715 2.3234 -0.90941 3.6156 0.4695 -2.3359 2.8218 0.4089 -3.7754 2.98 0.93842 0.64709 0.04159 -0.45061 0.77094 -2.0558 -0.45229 0.13342 -3.628 -1.0627 -0.64709 -0.041591 0.45061 -0.11504 -1.919 1.2294 -0.58537 -3.6552 1.3534
0 40 0 0.071299 4.8123 0.53832 0.07862 3.5722 0.2961 1.0422 3.5646 0.09903 1.9376 2.3792 0.77854 2.0049 2.2662 2.3149 -0.88343 3.6093 0.49722 -2.2841 2.7794 0.3625 -3.7465 2.9162 0.83195 0.59347 0.043852 -0.519 0.63988 -2.0562 -0.564 -0.11215 -3.6132 -1.0749 -0.59347 -0.043852 0.519 0.096192 -1.8982 1.2263 -0.29425 -3.6455 1.4389
0 41 12 0.088858 4.8062 0.54946 0.10102 3.5715 0.28851 1.052 3.5718 0.03762 1.8951 2.3622 0.7411 1.8434 2.2593 2.2788 -0.84852 3.6007 0.54326 -2.2208 2.7397 0.33327 -3.7011 2.8322 0.755 0.52648 0.047052 -0.5866 0.50833 -2.053 -0.64754 -0.33103 -3.6009 -1.0355 -0.52648 -0.047052 0.5866 0.31 -1.878 1.1886 0.014071 -3.6349 1.4652
0 64 324 0.18356 4.8117 0.49475 0.1891 3.5691 0.27521 1.1227 3.5459 -0.033323 1.7061 2.2432 0.7612 1.3844 2.4428 2.256 -0.74206 3.6216 0.58753 -1.9942 2.5921 0.78949 -3.0022 2.308 1.9213 0.62359 0.01641 -0.48411 1.0317 -2.0428 -0.39811 0.7718 -3.6943 -1.0732 -0.62359 -0.01641 0.48411 -0.26603 -1.9975 1.0855 -0.85983 -3.6782 0.814
0 65 312 0.13304 4.8136 0.50807 0.15488 3.5692 0.2967 1.1171 3.5425 0.094722 1.6295 2.2178 0.90168 1.2764 2.3986 2.3918 -0.8052 3.6253 0.50274 -2.0533 2.5759 0.60017 -3.1114 2.2751 1.6808 0.686 0.01463 -0.39076 1.0985 -2.0385 -0.2217 1 -3.7018 -0.91067 -0.686 -0.014631 0.39075 -0.44565 -2.0093 1.0053 -0.98792 -3.6802 0.5991
0 66 312 0.18226 4.8156 0.48769 0.17931 3.5691 0.2844 1.1199 3.5409 -0.001696 1.7103 2.1925 0.70693 1.6523 2.3543 2.2393 -0.75875 3.6268 0.57436 -1.9622 2.5502 0.82187 -2.8354 2.2269 2.051 0.66229 0.012561 -0.42978 1.1038 -2.035 -0.26594 1.0253 -3.7083 -0.93294 -0.66229 -0.012561 0.42979 -0.40981 -2.0182 1.0026 -0.96435 -3.6809 0.58011
0 67 300 0.13391 4.8187 0.49419 0.14213 3.5697 0.30237 1.1113 3.5373 0.13778 1.6099 2.1604 0.86183 1.53 2.3034 2.3951 -0.82488 3.6316 0.47097 -2.0134 2.52 0.6143 -2.9452 2.1697 1.7919 0.72369 0.0079436 -0.31577 1.148 -2.0338 -0.059503 1.2303 -3.7108 -0.71659 -0.72369 -0.0079432 0.31577 -0.57264 -2.0234 0.88963 -1.0322 -3.6816 0.35094
0 67 312 0.23373 4.8187 0.45555 0.20189 3.5697 0.26621 1.1156 3.5373 -0.096271 1.7539 2.1604 0.50828 1.9945 2.3034 2.0246 -0.70894 3.6316 0.63218 -1.8417 2.52 1.0195 -2.5083 2.1697 2.3651 0.64222 0.0079436 -0.45934 1.1105 -2.0338 -0.29688 1.0545 -3.7108 -0.95673 -0.64222 -0.0079432 0.45934 -0.37516 -2.0234 0.98924 -0.93666 -3.6816 0.55788
0 68 300 0.1837 4.8207 0.47484 0.15931 3.5704 0.29108 1.1115 3.5282 0.04848 1.6496 2.1221 0.68256 1.8627 2.2449 2.2048 -0.79018 3.642 0.53748 -1.9115 2.4881 0.82029 -2.6425 2.1057 2.123 0.71109 0.0053759 -0.34326 1.1601 -2.0306 -0.083721 1.2607 -3.7105 -0.73094 -0.71109 -0.0053763 0.34326 -0.53362 -2.028 0.88329 -1.0011 -3.6816 0.33723
0 69 288 0.10575 4.8218 0.50095 0.087744 3.5698 0.32592 1.0638 3.5182 0.21669 1.5006 2.0842 0.866 1.6626 2.1819 2.3963 -0.88587 3.6508 0.43937 -1.9733 2.4473 0.63409 -2.7754 2.0232 1.8809 0.7606 0.011395 -0.21178 1.1673 -2.0194 0.14138 1.4045 -3.7025 -0.46013 -0.7606 -0.011395 0.21178 -0.66975 -2.036 0.76604 -1.0207 -3.6809 0.11662
0 69 300 0.20759 4.8218 0.46802 0.15359 3.5698 0.30056 1.0856 3.5182 -0.0092293 1.6479 2.0842 0.53508 2.1245 2.1819 1.9983 -0.77516 3.6508 0.61396 -1.7983 2.4473 1.0305 -2.3237 2.0232 2.4168 0.69995 0.011395 -0.36529 1.1712 -2.0194 -0.10441 1.2781 -3.7025 -0.74209 -0.69995 -0.011395 0.36529 -0.49584 -2.036 0.88855 -0.97419 -3.6809 0.3263
0 70 288 0.13809 4.8208 0.50707 0.090712 3.5676 0.34636 1.056 3.5023 0.16943 1.5097 2.0383 0.73479 1.9107 2.0987 2.2225 -0.87142 3.6623 0.52719 -1.8564 2.4037 0.86547 -2.4822 1.926 2.1913 0.75527 0.013771 -0.22996 1.1863 -2.0064 0.15389 1.4122 -3.6883 -0.45551 -0.75527 -0.013771 0.22996 -0.64251 -2.0375 0.78311 -0.99237 -3.6771 0.11952
0 71 288 0.14765 4.8198 0.51483 0.080889 3.5661 0.36318 1.0338 3.4975 0.12957 1.4777 2.0019 0.61421 2.078 2.0085 2.0345 -0.86855 3.6641 0.60053 -1.732 2.3555 1.0596 -2.1691 1.8133 2.4353 0.7493 0.021043 -0.2482 1.2013 -1.9861 0.17752 1.3855 -3.6744 -0.42793 -0.7493 -0.021043 0.24821 -0.61458 -2.0442 0.79856 -0.96881 -3.6761 0.11847
1 34 96 0.032258 4.6012 1.4904 0.10554 3.3731 1.2011 1.0796 3.4174 1.0719 1.8121 2.0687 0.51241 3.0337 1.1538 0.73227 -0.86827 3.3574 1.3383 -1.6389 1.9589 0.99315 -2.5814 0.909 1.6152 0.76933 0.033298 -0.17469 0.88929 -1.9403 0.53576 0.71105 -3.6002 -0.14527 -0.76933 -0.033298 0.17469 -0.67867 -1.977 0.96726 -0.85557 -3.4762 -0.018563
1 43 96 0.13616 4.6858 1.2123 0.15387 3.4454 0.96411 1.1279 3.4469 0.82757 1.7678 2.0194 0.35663 3.0421 1.1728 0.54872 -0.81888 3.4731 1.1067 -1.5896 2.0378 0.98561 -2.6126 1.3121 1.8826 0.77726 -0.0020561 -0.13912 0.89768 -1.9713 0.58332 0.75144 -3.6086 -0.15742 -0.77726 0.0020561 0.13912 -0.80961 -1.9452 0.92742 -0.83691 -3.5193 0.048581
2 19 276 0.081056 4.4397 1.9352 0.065043 3.2428 1.526 1.0481 3.2254 1.4995 1.6275 2.6829 2.9273 1.0508 4.0671 3.2864 -0.91676 3.2878 1.5635 -1.4627 2.6313 2.9563 -1.0584 4.0932 3.2339 0.78834 0.014739 -0.042503 0.74917 -2.0512 0.33788 0.67927 -3.1635 -1.0794 -0.78834 -0.014738 0.042502 -0.86678 -2.0724 0.45975 -1.0135 -3.008 -1.0746
2 20 276 0.099858 4.3896 2.059 0.075548 3.2131 1.5954 1.0584 3.1853 1.5712 1.6169 2.4844 2.937 1.0861 3.8321 3.4658 -0.90578 3.268 1.6321 -1.4708 2.5161 2.9678 -1.0462 3.9344 3.3991 0.78886 0.009263 -0.033391 0.78407 -1.9875 0.62015 0.67094 -3.0456 -0.83537 -0.78886 -0.0092626 0.033391 -0.85397 -2.0031 0.69259 -0.90889 -2.9648 -0.83154
2 21 276 0.11834 4.2995 2.2431 0.084401 3.1481 1.7216 1.0668 3.1048 1.7037 1.6032 2.2395 2.9813 1.1085 3.5055 3.7094 -0.89616 3.2178 1.7533 -1.4693 2.343 3.0083 -1.022 3.6947 3.6004 0.78921 0.0051913 -0.025029 0.82549 -1.8959 0.86878 0.68 -3.0148 -0.53755 -0.78921 -0.0051918 0.025029 -0.8541 -1.9139 0.90075 -0.80994 -2.9735 -0.55737
2 22 276 0.10957 4.1982 2.4292 0.070274 3.0773 1.8467 1.0524 3.0238 1.8449 1.5705 1.991 2.9996 1.1179 3.1163 3.9517 -0.90996 3.1561 1.864 -1.5118 2.1691 3.0182 -1.0397 3.4235 3.7805 0.78943 0.0071793 -0.015903 0.84847 -1.799 1.0557 0.71177 -3.0906 -0.1949 -0.78943 -0.0071793 0.015903 -0.85975 -1.8305 1.0575 -0.73588 -3.0322 -0.28104
2 23 276 0.10099 4.1039 2.5862 0.060797 3.019 1.941 1.0423 2.955 1.9412 1.5649 1.7773 2.9454 1.1477 2.6923 4.1143 -0.91864 3.1072 1.9581 -1.5489 1.9971 2.9775 -1.0698 3.1161 3.924 0.78949 0.0087333 -0.010978 0.86101 -1.7366 1.1565 0.77038 -3.2567 0.1911 -0.78949 -0.0087333 0.010978 -0.86507 -1.7631 1.1645 -0.70318 -3.1727 0.052021
2 28 276 -0.013883 3.9353 2.8205 0.028013 2.9024 2.107 1.0105 2.8594 2.1207 1.368 1.2795 2.3329 1.2485 0.69544 3.7549 -0.95336 2.9675 2.1132 -1.5812 1.4921 2.4257 -1.4484 1.322 3.9525 0.78764 0.030093 -0.046993 0.99243 -1.2398 1.6142 0.87312 -2.8962 0.91191 -0.78764 -0.030093 0.046993 -0.92862 -1.277 1.7321 -0.81529 -2.8766 0.90796
2 80 276 0.045718 4.2452 2.3533 0.0010088 3.1612 1.7003 0.98364 3.1199 1.6908 1.7188 2.3292 2.9168 1.4428 3.7489 3.4516 -0.97996 3.2277 1.7258 -1.5589 2.372 2.9912 -1.1726 3.7247 3.6224 0.78944 0.013544 -0.0098618 0.9147 -1.6917 1.2112 1.0555 -3.4758 0.99245 -0.78944 -0.013544 0.0098618 -0.79698 -1.6304 1.3515 -0.73275 -3.3788 0.91582
2 81 276 0.026145 4.2675 2.3108 -0.0015342 3.1815 1.6609 0.98129 3.1438 1.6614 1.7071 2.2301 2.8047 1.4592 3.6044 3.4587 -0.98295 3.2442 1.6763 -1.5947 2.3082 2.8672 -1.1917 3.622 3.5666 0.78902 0.019204 -0.023951 0.97183 -1.6277 1.2678 1.1065 -3.4249 1.2144 -0.78902 -0.019204 0.023951 -0.7767 -1.5915 1.4175 -0.75258 -3.3759 1.1604
2 82 276 0.0025447 4.2999 2.2515 -0.016832 3.2044 1.6165 0.96662 3.1914 1.613 1.6928 2.1917 2.6816 1.4491 3.5254 3.4161 -0.99945 3.2428 1.6355 -1.6474 2.2604 2.7685 -1.2401 3.5498 3.5096 0.78792 0.027568 -0.043797 1.0226 -1.5035 1.3758 1.1121 -3.3002 1.2553 -0.78792 -0.027568 0.043796 -0.77924 -1.4925 1.5499 -0.76605 -3.2764 1.2882
3 51 0 -0.062566 4.8275 0.082042 0.009831 3.5754 0.22026 0.99107 3.574 0.2875 1.5295 2.3129 -0.60058 1.9259 0.82369 -0.65229 -0.97082 3.6066 0.15168 -1.5852 2.3293 0.96396 -1.5771 3.0902 2.3051 0.76567 -0.020697 0.19187 0.29617 -1.0089 1.9856 0.49098 -1.3128 0.21905 -0.76567 0.020697 -0.19186 -0.39791 -1.984 -0.70197 -0.055339 -3.6989 -1.1409
3 52 0 -0.061281 4.8268 0.079863 0.016561 3.5754 0.2207 0.9983 3.5783 0.28026 1.5617 2.3563 -0.646 1.9778 0.87472 -0.74331 -0.96473 3.6023 0.15978 -1.6144 2.4246 1.0871 -1.5933 3.2753 2.373 0.76472 -0.025131 0.19514 0.19183 -0.96682 1.9838 0.38255 -1.7389 0.36564 -0.76472 0.025131 -0.19513 -0.38756 -1.9661 -0.74915 -0.036901 -3.6696 -1.2246
