0 96 48 0.22814 4.8279 -0.084104 0.10099 3.5755 -0.066987 -0.64847 3.583 -0.70386 -1.4028 4.4369 -1.8745 -0.9114 5.8913 -2.0198 0.8498 3.5979 0.57031 2.3147 4.2401 0.90256 2.6347 5.601 0.25212 -0.61755 0.010407 -0.49196 -0.31609 -2.0406 -0.83375 -0.69697 -3.751 -0.40887 0.61755 -0.010407 0.49196 0.97631 -2.0732 0.31781 0.69369 -3.719 0.99794
0 97 48 0.16991 4.834 -0.082786 0.088464 3.5752 -0.077102 -0.66109 3.566 -0.71385 -1.06 4.4478 -2.0299 -0.32736 5.7892 -2.2337 0.83688 3.6141 0.55986 2.3347 4.2658 0.58305 2.6194 5.4861 -0.31554 -0.61592 0.0091467 -0.49402 -0.30924 -2.0395 -0.84533 -0.69184 -3.7526 -0.43335 0.61592 -0.0091467 0.49402 0.97771 -2.0706 0.31002 0.70317 -3.7235 0.97598
1 19 228 0.55122 4.7813 -0.42464 0.39376 3.5332 -0.35057 -0.36803 3.5557 -0.97229 -1.7761 3.8797 -1.7346 -2.5287 5.1256 -2.2436 1.1561 3.5404 0.2708 2.1778 3.2802 1.5187 3.2747 4.1269 2.1951 -0.64731 0.02253 -0.45164 -0.57946 -1.7451 -1.5853 -1.5159 -3.1652 -0.98744 0.64731 -0.02253 0.45164 1.6518 -1.8653 0.54848 1.3123 -3.1465 1.7708
1 20 228 0.58649 4.7851 -0.39944 0.41328 3.5387 -0.3194 -0.34411 3.5651 -0.94631 -1.7489 3.7278 -1.7641 -2.5811 4.8529 -2.4114 1.1717 3.5421 0.30677 2.2151 3.1237 1.4922 3.4299 3.7809 2.1777 -0.63858 0.025454 -0.46375 -0.55475 -1.7494 -1.585 -1.482 -3.1782 -0.99373 0.63858 -0.025454 0.46375 1.6827 -1.8482 0.50454 1.3093 -3.1411 1.7045
1 21 228 0.61682 4.7897 -0.33082 0.4403 3.5422 -0.26697 -0.31242 3.5754 -0.89917 -1.7007 3.6035 -1.7598 -2.6559 4.5548 -2.5083 1.1943 3.5388 0.36459 2.2443 3.0017 1.4949 3.5259 3.4597 2.2199 -0.63527 0.042914 -0.467 -0.56832 -1.7826 -1.505 -1.4806 -3.2514 -0.99367 0.63527 -0.042914 0.467 1.6064 -1.9055 0.51227 1.3089 -3.2254 1.7039
1 26 228 0.74068 4.7337 -0.64158 0.54833 3.4856 -0.58592 -0.20266 3.5171 -1.2203 -1.63 3.4149 -2.0083 -2.6992 4.1857 -2.8084 1.3019 3.4836 0.046079 2.2872 2.9972 1.255 3.5787 3.492 1.9366 -0.65017 0.017431 -0.44774 -0.59804 -1.7704 -1.5501 -1.4751 -3.2944 -1.1512 0.65017 -0.017431 0.44774 1.6164 -1.8828 0.41735 1.351 -3.2613 1.5488
1 27 228 0.78725 4.723 -0.69308 0.578 3.4787 -0.62723 -0.17372 3.5066 -1.2609 -1.6081 3.4883 -2.0424 -2.6706 4.2803 -2.8307 1.3329 3.4802 0.0032963 2.3357 3.0871 1.2316 3.6157 3.6559 1.8763 -0.64746 0.01708 -0.45166 -0.55099 -1.7067 -1.649 -1.4498 -3.2105 -1.2229 0.64746 -0.01708 0.45166 1.7351 -1.813 0.37259 1.408 -3.1757 1.5069
1 28 228 0.82867 4.7097 -0.73932 0.61541 3.4666 -0.65882 -0.13556 3.4941 -1.2934 -1.5709 3.4581 -2.0726 -2.6105 4.2513 -2.8898 1.37 3.4684 -0.027951 2.3696 3.0686 1.2007 3.6597 3.6634 1.8003 -0.64611 0.023125 -0.45333 -0.55574 -1.6962 -1.6575 -1.45 -3.2088 -1.2533 0.64611 -0.023125 0.45333 1.7686 -1.7975 0.37624 1.4417 -3.1744 1.4935
1 29 228 0.77897 4.723 -0.72376 0.58068 3.477 -0.63704 -0.17535 3.5047 -1.2656 -1.5905 3.2867 -2.052 -2.6159 3.9784 -2.9727 1.3401 3.4787 -0.01208 2.3034 2.9165 1.1816 3.6511 3.4099 1.7455 -0.64956 0.019869 -0.44853 -0.62043 -1.7982 -1.5012 -1.4941 -3.3454 -1.1952 0.64956 -0.019869 0.44853 1.6127 -1.8871 0.43598 1.3873 -3.3118 1.5178
2 62 84 0.55713 1.5726 -4.5328 0.32828 1.2132 -3.3436 -0.64455 1.1632 -3.4795 -1.1671 1.4061 -1.9509 -2.1114 0.70331 -0.95486 1.3043 1.2707 -3.2364 1.5938 1.4354 -1.6371 2.367 0.49515 -0.69066 -0.78644 -0.0022628 -0.070736 -0.49582 -1.6419 -1.3519 -0.73606 -3.1332 -0.36745 0.78644 0.0022628 0.070736 1.0021 -1.7072 -1.1316 0.84544 -3.1108 -0.010711
2 63 84 0.574 1.7299 -4.4753 0.33811 1.3166 -3.3051 -0.63226 1.2596 -3.4551 -1.1598 1.18 -1.911 -2.022 0.18074 -1.1137 1.3119 1.3824 -3.1834 1.6002 1.1872 -1.5873 2.3203 -0.0037353 -0.92335 -0.78588 -0.012081 -0.075838 -0.49392 -1.5914 -1.4303 -0.73915 -2.9925 -0.3222 0.78588 0.012081 0.075838 1.0473 -1.648 -1.1852 0.85604 -2.9694 0.026437
2 64 84 0.58379 2.0029 -4.3581 0.34176 1.5079 -3.2221 -0.62698 1.4472 -3.3809 -1.1543 0.91296 -1.93 -1.8647 -0.39513 -1.5276 1.3139 1.579 -3.0909 1.6259 0.91435 -1.6316 2.2565 -0.47942 -1.4384 -0.78516 -0.018372 -0.081756 -0.50493 -1.5341 -1.5095 -0.75912 -2.8297 -0.28159 0.78516 0.018372 0.081756 1.0963 -1.594 -1.2288 0.87053 -2.82 0.073786
