0 8 96 -0.60443 4.7706 0.52507 -0.40127 3.554 0.24077 0.092312 3.4615 1.0865 1.415 2.6408 1.5822 2.4631 3.0351 2.6422 -0.89869 3.6754 -0.59899 -2.0429 2.5108 -0.54178 -3.1268 2.4587 0.55371 -0.080263 -0.055267 0.78358 -1.159 -1.7579 0.19051 -1.3176 -3.5423 0.39497 0.080262 0.055267 -0.78358 0.44585 -1.9902 -0.47268 1.2612 -3.4007 0.29976
0 10 84 -0.66231 4.7571 0.52655 -0.45875 3.5494 0.21177 0.062562 3.4719 1.0422 1.4556 2.664 1.3172 2.6972 3.0016 2.1669 -0.98398 3.6559 -0.61295 -2.058 2.4832 -0.2388 -2.7682 2.4843 1.1299 -0.13279 -0.0623 0.77588 -1.1388 -1.7269 -0.018635 -1.3577 -3.5113 0.1197 0.13279 0.0623 -0.77588 0.4843 -1.9714 -0.38236 1.1725 -3.3658 0.53033
0 11 84 -0.64389 4.7522 0.55897 -0.4691 3.5479 0.21747 0.1297 3.4789 0.99468 1.5381 2.6587 1.1051 2.9005 2.9378 1.7712 -1.0715 3.6458 -0.55381 -2.0389 2.4795 0.056481 -2.3791 2.5142 1.5601 -0.090529 -0.058336 0.78224 -1.1292 -1.7182 0.020495 -1.3597 -3.503 0.13173 0.090529 0.058336 -0.78224 0.45689 -1.9725 -0.38754 1.1722 -3.3547 0.52288
0 12 84 -0.64305 4.7479 0.56493 -0.49104 3.5455 0.20737 0.15997 3.4861 0.94223 1.5604 2.6451 0.9587 2.9891 2.8676 1.4944 -1.1456 3.6339 -0.52138 -1.9741 2.4813 0.2872 -1.9439 2.5625 1.8267 -0.054938 -0.051195 0.78604 -1.1164 -1.7155 0.066517 -1.3642 -3.4998 0.14142 0.054938 0.051195 -0.78604 0.42856 -1.9782 -0.39091 1.1697 -3.3486 0.51674
0 94 192 -0.33708 4.8044 -0.12256 -0.14405 3.572 -0.041199 0.091162 3.6063 0.91319 0.66489 4.0482 2.3775 0.78173 5.5803 2.5068 -0.37849 3.5675 -0.99638 -0.92098 3.9309 -2.4938 -1.3119 5.4085 -2.6973 0.19955 0.013351 0.76387 -0.2166 -2.0444 0.84618 0.36245 -3.7466 0.71131 -0.19956 -0.013351 -0.76387 -0.5768 -2.0785 -0.84758 0.066607 -3.715 -1.2461
0 101 216 -0.1175 4.8428 0.12853 -0.11414 3.5795 0.14103 0.43302 3.5415 0.95745 -0.57991 3.5686 2.2388 -1.8899 4.3776 2.323 -0.66165 3.6473 -0.67321 -2.2305 3.609 -0.2192 -2.7785 4.1247 1.1267 0.46584 -0.001101 0.63756 0.061305 -2.0428 0.92409 0.55036 -3.7554 0.64329 -0.46584 0.001101 -0.63756 -0.913 -2.0471 -0.49929 -0.52778 -3.7294 -1.0213
0 102 216 -0.15323 4.8399 0.1783 -0.15189 3.5776 0.17287 0.39375 3.5233 0.98938 -0.68975 3.2242 2.1748 -2.0761 3.887 2.3029 -0.69812 3.6615 -0.64073 -2.2213 3.3524 -0.13752 -2.8405 3.6893 1.2339 0.46163 -0.00029087 0.64062 0.051916 -2.0402 0.93246 0.54306 -3.7529 0.65627 -0.46163 0.00029135 -0.64062 -0.92534 -2.0436 -0.49305 -0.53625 -3.7274 -1.0072
1 6 24 -1.379 4.5801 0.69682 -1.0871 3.353 0.60345 -0.65415 3.3443 1.4865 0.30543 2.2507 2.2295 0.89163 1.9673 3.6272 -1.5256 3.3908 -0.27612 -1.5854 2.3478 -1.532 -2.484 2.1426 -2.7681 0.37757 -0.011558 0.6934 -0.70638 -1.7524 1.1502 0.15858 -3.3029 0.83598 -0.37757 0.011558 -0.6934 -1.4095 -1.7858 -0.3485 -0.42127 -3.2153 -0.82868
1 13 12 -0.77886 4.7503 0.18705 -0.60076 3.5053 0.16592 -0.37449 3.49 1.123 0.60925 3.7213 2.4065 1.1142 4.7959 3.3904 -0.82728 3.5505 -0.79012 -0.58657 3.4249 -2.401 -0.96861 4.2425 -3.6513 0.22795 0.0021982 0.756 0.11062 -1.9763 1.4532 0.76565 -3.5629 2.0052 -0.22795 -0.0021982 -0.756 -0.77413 -1.9114 -1.4421 -0.16051 -3.3776 -2.2935
1 14 12 -0.68736 4.7625 0.16123 -0.53206 3.515 0.14518 -0.30382 3.4989 1.1017 0.63841 3.8463 2.3903 1.1582 4.9887 3.286 -0.75986 3.5608 -0.81052 -0.54459 3.4926 -2.4285 -0.95011 4.363 -3.6349 0.2303 0.0029078 0.75528 0.12142 -1.9637 1.4866 0.84511 -3.5436 1.9675 -0.2303 -0.0029073 -0.75528 -0.74586 -1.9137 -1.4606 -0.15378 -3.3524 -2.3719
1 15 12 -0.61702 4.7698 0.13499 -0.48439 3.5196 0.12489 -0.25031 3.5055 1.0801 0.64311 3.9556 2.3716 1.1374 5.147 3.2164 -0.71748 3.5634 -0.82963 -0.55584 3.5321 -2.4549 -0.95266 4.4405 -3.636 0.23811 0.0062594 0.75284 0.082668 -1.9507 1.5015 0.82778 -3.5419 1.906 -0.23811 -0.006259 -0.75284 -0.76839 -1.9224 -1.4323 -0.16958 -3.3419 -2.3689
1 16 12 -0.57059 4.7762 0.11334 -0.447 3.5249 0.11483 -0.20393 3.5189 1.0678 0.63393 4.0487 2.3663 1.0769 5.2851 3.1743 -0.68891 3.5607 -0.83783 -0.58968 3.5656 -2.4684 -0.96996 4.5016 -3.6333 0.25089 0.005724 0.74868 0.014014 -1.9486 1.4827 0.84097 -3.5216 1.7873 -0.25089 -0.0057244 -0.74868 -0.8198 -1.9272 -1.3799 -0.15706 -3.3277 -2.3021
1 17 12 -0.55692 4.7841 0.085215 -0.42929 3.5332 0.10351 -0.17991 3.5389 1.0549 0.60077 4.0966 2.3771 1.0006 5.3685 3.1517 -0.67764 3.5572 -0.84786 -0.65331 3.5605 -2.4813 -1.0249 4.5152 -3.6338 0.25568 0.0050941 0.74706 -0.12393 -1.9167 1.5067 0.85142 -3.4226 1.6853 -0.25568 -0.0050941 -0.74706 -0.84816 -1.9148 -1.3922 -0.021432 -3.2738 -2.2411
1 18 12 -0.59365 4.792 0.01196 -0.44972 3.5417 0.038478 -0.19962 3.5548 0.9896 0.53138 4.0423 2.3668 0.88636 5.3259 3.144 -0.69949 3.5585 -0.91268 -0.74748 3.4624 -2.5428 -1.1408 4.4041 -3.6987 0.25567 0.023301 0.74672 -0.2608 -1.8519 1.5413 0.7773 -3.3211 1.662 -0.25567 -0.023301 -0.74672 -0.89877 -1.8979 -1.4443 0.023861 -3.2267 -2.2405
1 38 48 -1.3322 4.3646 1.5702 -1.0093 3.1694 1.3316 -0.2582 3.1772 1.9666 0.16972 1.6515 1.5692 0.32964 0.18523 2.0189 -1.7674 3.1892 0.70542 -1.5189 1.6651 0.17244 -2.0954 0.23491 0.17292 0.66032 0.01937 0.43255 -0.28596 -1.6222 1.3403 0.28121 -3.0576 0.40807 -0.66032 -0.019369 -0.43255 -1.3169 -1.6941 0.6531 -0.46435 -2.9581 -0.30932
1 39 48 -1.3099 4.3965 1.5339 -0.97765 3.2089 1.2704 -0.22358 3.2128 1.9018 0.20682 1.6814 1.5296 0.3439 0.2187 1.9978 -1.7391 3.2323 0.64825 -1.5665 1.6924 0.13112 -2.1655 0.27286 0.19331 0.65877 0.020119 0.43488 -0.31914 -1.5567 1.4206 0.26113 -2.9424 0.42363 -0.65877 -0.020119 -0.43488 -1.4187 -1.6354 0.67305 -0.49036 -2.8449 -0.28929
1 41 36 -1.3082 4.5587 0.97034 -1.0031 3.3431 0.81755 -0.39144 3.3417 1.5877 0.16891 1.8073 1.5674 0.38186 0.54229 2.4231 -1.622 3.3727 0.053682 -1.5835 1.8336 -0.49275 -2.5695 0.66073 -0.66522 0.52007 0.0053382 0.59413 -0.50374 -1.7296 1.1908 0.26474 -3.1626 0.41167 -0.52007 -0.0053382 -0.59413 -1.3986 -1.7536 0.1715 -0.34614 -3.0709 -0.46724
2 101 228 -1.6345 4.2178 1.7472 -1.1985 3.1062 1.3466 -0.46096 3.0898 1.9972 0.2955 1.6604 1.7664 0.64748 0.19852 2.108 -1.9461 3.1474 0.70891 -1.8654 1.6958 -0.036097 -2.1062 0.1963 -0.30296 0.60131 0.012243 0.51164 -0.29243 -1.6434 1.4468 0.31754 -3.2623 0.93911 -0.60131 -0.012243 -0.51164 -1.415 -1.7372 0.36956 -0.79015 -3.2338 -0.41829
2 103 216 -1.7553 4.3601 1.1957 -1.3026 3.212 0.93972 -0.71501 3.1948 1.7282 0.27152 1.9064 1.5401 0.83251 0.5151 1.8969 -1.9012 3.2552 0.16047 -1.4556 1.9188 -0.66659 -1.4506 0.43623 -1.0905 0.47982 0.013962 0.62696 -0.42657 -1.7748 1.254 0.24244 -3.4135 0.9108 -0.47982 -0.013961 -0.62696 -1.3176 -1.8543 -0.056411 -0.57446 -3.3844 -0.65426
4 9 216 -1.1652 4.6287 0.83518 -0.88577 3.4272 0.54915 -0.30607 3.3721 1.3418 0.18244 1.8199 1.4861 -1.2149 1.6178 2.106 -1.4723 3.5102 -0.236 -1.1043 2.1693 -1.0935 -2.29 1.4129 -0.46146 0.51935 0.065832 0.59113 0.94142 -1.9071 0.004816 1.5841 -3.4001 -0.77538 -0.51935 -0.065833 -0.59113 -1.3296 -1.7288 0.40494 -0.96903 -3.4758 0.66741
4 10 216 -1.2468 4.6237 0.75011 -0.94112 3.421 0.49893 -0.36477 3.3976 1.2956 0.18943 1.8665 1.4268 -1.2087 1.5861 2.0137 -1.5249 3.4723 -0.29093 -1.1676 2.0814 -1.0697 -2.369 1.4716 -0.3197 0.51305 0.077785 0.59517 1.0461 -1.8473 -0.056091 1.7535 -3.2949 -0.86549 -0.51305 -0.077785 -0.59517 -1.3302 -1.7293 0.41423 -0.82836 -3.4528 0.58382
4 11 216 -1.3425 4.6073 0.6972 -1.0083 3.4055 0.48 -0.43652 3.4158 1.2802 0.19011 1.9123 1.4044 -1.1829 1.4899 1.965 -1.5882 3.4233 -0.31419 -1.246 1.9807 -1.0001 -2.4455 1.5204 -0.1475 0.50524 0.081275 0.60136 1.0557 -1.8531 -0.0064938 1.8997 -3.1763 -0.89406 -0.50524 -0.081275 -0.60136 -1.3505 -1.7072 0.42641 -0.67972 -3.3805 0.45587
4 12 216 -1.3914 4.6043 0.646 -1.0303 3.4052 0.46013 -0.46697 3.4459 1.2653 0.22655 1.9719 1.3882 -1.081 1.3617 1.932 -1.6026 3.3924 -0.3397 -1.3017 1.8967 -0.92389 -2.4879 1.5982 0.015024 0.50009 0.077103 0.60619 0.97539 -1.9201 0.15933 1.9835 -3.0354 -0.83597 -0.50009 -0.077103 -0.60619 -1.3339 -1.7059 0.42627 -0.51435 -3.3089 0.32823
4 13 216 -1.4083 4.5953 0.67504 -1.0279 3.3996 0.50799 -0.46727 3.4613 1.3138 0.26786 2.0079 1.4402 -0.92842 1.2014 1.9843 -1.5979 3.3657 -0.29279 -1.3897 1.8161 -0.76599 -2.5523 1.7044 0.24074 0.50956 0.061033 0.6001 0.78024 -2.0154 0.42829 1.9489 -2.8518 -0.66058 -0.50956 -0.061033 -0.6001 -1.2681 -1.7396 0.41052 -0.32246 -3.2588 0.19028
4 14 216 -1.4401 4.575 0.72884 -1.0475 3.3828 0.56616 -0.48623 3.4493 1.3711 0.30582 2.0256 1.4924 -0.74819 1.0561 2.0639 -1.6185 3.344 -0.23374 -1.5451 1.7525 -0.59464 -2.6617 1.8346 0.46557 0.50368 0.047471 0.60626 0.52076 -2.0497 0.73286 1.804 -2.6402 -0.38766 -0.50368 -0.047471 -0.60626 -1.1894 -1.788 0.35012 -0.13378 -3.2206 0.059946
4 15 216 -1.4549 4.5684 0.74244 -1.0633 3.3764 0.57699 -0.50811 3.4311 1.387 0.39588 2.0735 1.4797 -0.53109 1.0067 2.0964 -1.6281 3.3495 -0.22777 -1.6949 1.7391 -0.49377 -2.7394 2 0.61015 0.47824 0.040467 0.62702 0.18825 -2.0021 1.0246 1.5497 -2.5287 -0.033743 -0.47824 -0.040467 -0.62702 -1.0881 -1.8498 0.24976 0.061086 -3.1987 -0.082887
4 16 216 -1.4746 4.5568 0.77113 -1.0943 3.3645 0.58238 -0.53813 3.4039 1.3926 0.50223 2.1455 1.446 -0.34818 1.0413 2.1057 -1.66 3.3527 -0.22215 -1.8382 1.7419 -0.42801 -2.8013 2.1578 0.70206 0.45174 0.035894 0.64664 -0.17088 -1.8771 1.2526 1.2302 -2.5675 0.35183 -0.45174 -0.035894 -0.64664 -0.93302 -1.9266 0.13295 0.28529 -3.2028 -0.23862
4 19 228 -1.3054 4.5705 0.94156 -1.0174 3.3772 0.62957 -0.28539 3.4003 1.2861 0.91818 2.3439 0.96334 0.43219 1.2351 1.9183 -1.7565 3.3819 -0.019281 -2.0394 1.7842 -0.20888 -2.6321 2.3108 1.1136 0.50214 0.054227 0.60697 -0.39871 -1.6607 1.4204 0.28022 -3.33 1.3598 -0.50214 -0.054227 -0.60697 -0.36529 -2.1302 -0.31411 0.8427 -3.2954 -0.97285
4 26 252 -1.2767 4.5918 0.76898 -1.0353 3.4013 0.41152 -0.30901 3.3882 1.0746 0.61273 2.0432 1.1751 -0.080917 1.2386 2.2927 -1.7681 3.4421 -0.24319 -1.5074 2.0479 -1.0537 -2.4172 1.5138 0.070847 0.53885 0.13716 0.56065 -0.22949 -1.6314 1.3949 0.65552 -3.1791 1.1256 -0.53885 -0.13716 -0.56065 -0.94903 -2.0767 0.1353 0.34842 -2.2966 -1.0972
4 28 264 -1.3607 4.5743 0.77723 -1.0921 3.3761 0.4682 -0.41525 3.3722 1.1818 0.41878 1.9896 1.4298 -0.58009 1.5785 2.5302 -1.7762 3.408 -0.23777 -1.4033 2.1413 -1.1997 -2.3898 1.5424 -0.17702 0.5626 0.14496 0.53476 0.22056 -1.8569 1.0733 1.1431 -3.2956 0.4989 -0.5626 -0.14496 -0.53476 -1.2996 -1.7696 0.57504 -0.0036225 -2.6178 -0.34797
4 29 264 -1.4286 4.5882 0.56541 -1.1231 3.384 0.32032 -0.53528 3.3915 1.1088 0.24799 2.0051 1.4739 -0.91154 1.7031 2.4445 -1.7189 3.4046 -0.46199 -1.2075 2.1723 -1.4047 -2.3139 1.554 -0.5265 0.5088 0.14872 0.58524 0.44494 -1.9331 0.86135 1.3905 -3.3549 0.28229 -0.5088 -0.14872 -0.58524 -1.3656 -1.712 0.52671 -0.12636 -2.9192 0.019039
4 31 276 -1.3989 4.609 0.52697 -1.071 3.401 0.33325 -0.48091 3.4608 1.1179 0.27032 2.0527 1.4665 -0.83701 1.7707 2.5019 -1.6689 3.3696 -0.44699 -1.1209 2.1849 -1.4293 -2.2129 1.5188 -0.56818 0.55473 0.14444 0.54305 1.0259 -1.8958 0.37031 1.8684 -3.3058 -0.37324 -0.55473 -0.14444 -0.54305 -1.1988 -1.7791 0.60904 -0.4189 -3.3962 0.77557
4 32 276 -1.4056 4.6238 0.37514 -1.0716 3.4105 0.23226 -0.50732 3.5071 1.032 0.19094 2.0878 1.4404 -0.95566 1.7713 2.4216 -1.6444 3.3424 -0.56442 -0.98822 2.1668 -1.4898 -2.1542 1.5036 -0.72937 0.52657 0.13964 0.5716 1.1304 -1.8567 0.31789 2.0735 -3.2034 -0.42228 -0.52657 -0.13964 -0.5716 -1.1055 -1.835 0.52609 -0.50189 -3.4823 0.9419
4 33 276 -1.4103 4.6343 0.21937 -1.0682 3.4193 0.11737 -0.52303 3.5432 0.92658 0.14148 2.1215 1.3805 -1.0367 1.7661 2.3097 -1.6221 3.3239 -0.68972 -0.89354 2.1175 -1.5158 -2.1182 1.4863 -0.82327 0.50536 0.14592 0.58891 1.1267 -1.8535 0.41435 2.2287 -3.025 -0.40071 -0.50536 -0.14593 -0.58891 -1.0683 -1.8898 0.4389 -0.4301 -3.5061 0.91974
4 34 276 -1.4363 4.6321 0.10466 -1.0817 3.4186 0.032487 -0.5518 3.5614 0.84869 0.10875 2.1472 1.3307 -1.0807 1.7311 2.2194 -1.6206 3.3041 -0.78223 -0.88683 2.0221 -1.48 -2.1579 1.4667 -0.80662 0.4808 0.1526 0.60749 1.0314 -1.875 0.61473 2.3005 -2.788 -0.28353 -0.4808 -0.1526 -0.60749 -1.0647 -1.9144 0.37714 -0.27704 -3.4824 0.79166
4 35 276 -1.4461 4.6302 0.12431 -1.0706 3.4216 0.077818 -0.56418 3.5757 0.90675 0.12277 2.1742 1.3893 -1.0487 1.653 2.2458 -1.5866 3.2958 -0.75 -0.9357 1.9019 -1.2996 -2.2387 1.4796 -0.59141 0.46265 0.12164 0.62821 0.84812 -1.9267 0.89309 2.2557 -2.5616 -0.037804 -0.46266 -0.12164 -0.62821 -1.0607 -1.8596 0.38964 -0.095785 -3.3591 0.65639
4 36 288 -1.4776 4.5985 0.45317 -1.0828 3.4007 0.33986 -0.44788 3.5598 1.074 0.39215 2.1846 1.3422 -0.55288 1.5492 2.3818 -1.7277 3.2694 -0.39108 -1.3371 1.7688 -0.90524 -2.4579 1.5278 0.12602 0.55362 0.10719 0.55273 0.75395 -1.9246 1.0487 2.032 -2.3723 -0.14164 -0.55362 -0.1072 -0.55273 -1.0177 -1.8259 0.56309 0.13601 -3.2097 0.4926
4 37 288 -1.503 4.5955 0.42734 -1.091 3.4036 0.31333 -0.48505 3.5577 1.0726 0.46099 2.2375 1.2482 -0.50475 1.553 2.2364 -1.7072 3.2773 -0.44272 -1.4472 1.7117 -0.83027 -2.5516 1.6524 0.24418 0.51424 0.098834 0.59101 0.35237 -1.8604 1.3324 1.7403 -2.3103 0.2731 -0.51424 -0.098834 -0.59101 -0.97341 -1.8524 0.47135 0.28023 -3.1389 0.31636
4 38 288 -1.5013 4.5964 0.41916 -1.1023 3.4001 0.30516 -0.50306 3.5424 1.072 0.54927 2.2957 1.1563 -0.46892 1.615 2.0931 -1.7115 3.2857 -0.45843 -1.5395 1.6944 -0.78543 -2.6232 1.7751 0.30853 0.484 0.091232 0.61718 -0.12798 -1.725 1.478 1.3436 -2.3929 0.6784 -0.484 -0.091232 -0.61718 -0.86021 -1.9177 0.35063 0.45443 -3.1339 0.14221
4 39 300 -1.3465 4.6131 0.67471 -1.0099 3.4072 0.48617 -0.25557 3.539 1.1034 0.85289 2.3619 0.87004 -0.0045779 1.706 1.9711 -1.7728 3.3034 -0.12588 -1.7085 1.709 -0.47576 -2.5174 1.84 0.83043 0.58 0.091572 0.52793 -0.18788 -1.5709 1.5579 1.0824 -2.6205 0.82608 -0.58 -0.091572 -0.52793 -0.59125 -1.998 0.35507 0.65039 -3.1942 -0.17248
4 40 300 -1.3357 4.6251 0.58711 -1.0334 3.4091 0.40499 -0.26967 3.525 1.0138 0.87139 2.3967 0.70766 -0.0047323 1.7624 1.8067 -1.8049 3.3217 -0.19876 -1.7484 1.7334 -0.57661 -2.5452 1.8221 0.74052 0.54949 0.10413 0.55742 -0.39951 -1.5046 1.5195 0.64064 -2.9456 1.2154 -0.54949 -0.10413 -0.55742 -0.39077 -2.0771 0.14723 0.85528 -3.2626 -0.39377
4 50 336 -1.2304 4.6521 0.39354 -1.0571 3.4132 0.21648 -0.43918 3.4577 0.98038 0.44732 2.2592 1.6486 -0.99664 2.2281 2.1887 -1.6815 3.3975 -0.54326 -1.2407 2.1158 -1.4552 -2.3094 1.4054 -0.60033 0.53476 0.16052 0.55836 0.4072 -1.874 1.0669 1.3028 -3.3515 0.55125 -0.53476 -0.16052 -0.55836 -1.2438 -1.8302 0.5017 0.10757 -2.7312 -0.2811
4 52 348 -1.3039 4.6439 0.35029 -1.0923 3.4041 0.22416 -0.49011 3.4895 0.99712 0.49086 2.265 1.4523 -0.87346 2.0537 2.1391 -1.7016 3.3475 -0.54586 -1.1997 2.1247 -1.5059 -2.2767 1.4466 -0.63524 0.54342 0.15908 0.55035 0.90119 -1.9108 0.59602 1.7379 -3.3857 -0.016731 -0.54342 -0.15908 -0.55035 -1.1449 -1.8114 0.59961 -0.15373 -3.2905 0.31568
4 53 348 -1.3579 4.64 0.21212 -1.1144 3.4022 0.12109 -0.56447 3.5058 0.92993 0.40026 2.2623 1.3677 -0.95073 1.9368 2.036 -1.6719 3.3273 -0.68574 -1.0532 2.1163 -1.591 -2.1956 1.4504 -0.79782 0.50908 0.16501 0.58061 1.0007 -1.8774 0.54843 1.9116 -3.3233 -0.026699 -0.50908 -0.16501 -0.58061 -1.074 -1.8713 0.50744 -0.24313 -3.4714 0.50195
4 54 348 -1.3847 4.639 0.06596 -1.1207 3.4028 0.014319 -0.61484 3.5259 0.84878 0.32232 2.2585 1.278 -0.99981 1.8346 1.9488 -1.6344 3.3084 -0.81911 -0.94458 2.0856 -1.6543 -2.1326 1.451 -0.9037 0.47171 0.1708 0.60977 0.99286 -1.8646 0.60791 2.045 -3.1996 0.0066931 -0.47171 -0.1708 -0.60977 -1.0112 -1.919 0.42327 -0.22616 -3.5373 0.5478
4 55 0 -1.3913 4.6351 0.24703 -1.115 3.4029 0.17088 -0.47654 3.547 0.90498 0.49457 2.2533 1.1331 -0.62814 1.7516 2.0634 -1.7616 3.2873 -0.56119 -1.2133 2.0352 -1.4557 -2.2556 1.458 -0.47683 0.55711 0.17043 0.53299 1.0304 -1.8765 0.55339 2.0861 -3.0138 -0.36471 -0.55711 -0.17043 -0.53299 -0.86207 -1.9534 0.53574 0.037747 -3.515 0.48378
4 56 0 -1.4455 4.6274 0.21398 -1.1224 3.4063 0.1492 -0.50853 3.5682 0.90041 0.43024 2.2505 1.1268 -0.66729 1.6902 2.0537 -1.7456 3.2726 -0.59991 -1.1871 1.9762 -1.4222 -2.2523 1.4968 -0.41562 0.53132 0.15592 0.56292 0.88578 -1.903 0.78544 2.099 -2.8027 -0.19922 -0.53132 -0.15592 -0.56292 -0.80651 -1.9402 0.51167 0.19166 -3.4322 0.34258
4 57 0 -1.5553 4.5912 0.28349 -1.1571 3.3923 0.2178 -0.56516 3.5652 0.98403 0.36358 2.2385 1.1987 -0.72744 1.6199 2.0958 -1.7597 3.2472 -0.54584 -1.2346 1.8857 -1.2802 -2.3043 1.547 -0.2225 0.51885 0.13166 0.58048 0.61551 -1.9107 1.0638 1.9678 -2.5892 0.083038 -0.51885 -0.13166 -0.58048 -0.79265 -1.9018 0.5176 0.31955 -3.2905 0.22501
4 58 12 -1.5724 4.545 0.6653 -1.1567 3.3609 0.51084 -0.43404 3.533 1.1554 0.52231 2.2087 1.1758 -0.37464 1.5144 2.2203 -1.89 3.216 -0.12838 -1.5953 1.7681 -0.82505 -2.3953 1.5909 0.48118 0.62247 0.13329 0.46719 0.51717 -1.8246 1.2222 1.7326 -2.4521 0.047576 -0.62247 -0.13329 -0.46719 -0.66862 -1.9374 0.60861 0.46321 -3.2012 -0.001883
4 59 12 -1.6379 4.5088 0.73565 -1.2244 3.326 0.56721 -0.51279 3.4958 1.2246 0.45856 2.1823 1.2259 -0.47572 1.4617 2.2186 -1.9469 3.1834 -0.084677 -1.7406 1.6629 -0.64518 -2.5039 1.6517 0.69457 0.60642 0.13081 0.48851 0.14536 -1.6825 1.4443 1.4253 -2.4504 0.43283 -0.60642 -0.13081 -0.48851 -0.59565 -2.0003 0.47029 0.61972 -3.1718 -0.16314
4 60 24 -1.5112 4.48 1.0832 -1.1469 3.2966 0.82662 -0.31247 3.4666 1.3187 0.66354 2.1815 1.0647 -0.10285 1.4872 2.2085 -1.9909 3.1538 0.34216 -1.9446 1.5962 -0.14812 -2.3823 1.7408 1.3233 0.67422 0.137 0.3875 0.13443 -1.5424 1.5288 1.1887 -2.605 0.52359 -0.67422 -0.137 -0.3875 -0.35099 -2.0687 0.37297 0.73989 -3.2044 -0.50507
4 61 24 -1.5072 4.5006 1.0054 -1.1664 3.3112 0.74224 -0.31686 3.473 1.2108 0.68164 2.2168 0.90497 -0.11025 1.5397 2.0417 -2.0248 3.1767 0.28133 -1.9902 1.6035 -0.15756 -2.4131 1.8405 1.3062 0.65425 0.14334 0.41822 -0.057947 -1.4885 1.5337 0.85191 -2.8853 0.84678 -0.65425 -0.14334 -0.41822 -0.1729 -2.1158 0.12227 0.92047 -3.2532 -0.75049
4 62 24 -1.4723 4.5248 0.94013 -1.1632 3.3273 0.67211 -0.30415 3.4727 1.1285 0.71017 2.2424 0.77294 -0.068812 1.5524 1.9108 -2.0303 3.2097 0.22313 -2.0024 1.6314 -0.19728 -2.4103 1.9079 1.2638 0.63519 0.14143 0.44725 -0.14239 -1.5239 1.4652 0.46042 -3.193 1.146 -0.63519 -0.14143 -0.44725 -0.053486 -2.1394 -0.15745 1.0959 -3.2602 -0.97821
4 63 24 -1.4439 4.5352 0.91012 -1.1647 3.3298 0.6429 -0.30859 3.4521 1.1114 0.71397 2.2436 0.7082 -0.029828 1.5208 1.8493 -2.0282 3.2355 0.18159 -2.0015 1.6589 -0.24518 -2.4071 1.9392 1.2158 0.61036 0.13507 0.4824 -0.13839 -1.6232 1.3555 0.071259 -3.4132 1.4088 -0.61036 -0.13507 -0.4824 0.067111 -2.1215 -0.38488 1.2501 -3.228 -1.1767
4 68 36 -1.199 4.5779 0.95569 -1.0291 3.3706 0.62 -0.23423 3.3651 1.1992 0.75477 2.0685 1.1014 -0.21376 1.5509 2.1838 -1.8297 3.404 0.049607 -1.6878 2.0141 -0.79693 -2.3481 1.6971 0.55999 0.5914 0.12681 0.5076 -0.13731 -1.7118 1.2168 0.56315 -3.2525 0.59512 -0.5914 -0.12681 -0.5076 -0.75279 -2.1584 0.0033095 0.52187 -2.2826 -1.2658
4 69 36 -1.2619 4.5736 0.90338 -1.0634 3.3711 0.56642 -0.32946 3.3535 1.2209 0.61485 2.0222 1.289 -0.5148 1.6541 2.2719 -1.8038 3.4166 -0.079386 -1.5277 2.1108 -1.0214 -2.3462 1.6377 0.19676 0.56888 0.12781 0.53248 -0.041223 -1.8071 1.0786 0.76563 -3.2434 0.34571 -0.56888 -0.12781 -0.53248 -1.0867 -2.029 0.19676 0.25659 -2.3333 -0.96681
4 70 36 -1.3284 4.5773 0.80726 -1.0952 3.371 0.50657 -0.44125 3.3495 1.2409 0.45228 1.9943 1.4248 -0.80548 1.7555 2.2842 -1.7562 3.4203 -0.22003 -1.3621 2.1722 -1.1975 -2.304 1.6218 -0.10779 0.53962 0.12406 0.56296 0.14842 -1.9175 0.86867 1.0162 -3.3057 0.11324 -0.53962 -0.12406 -0.56296 -1.2991 -1.8629 0.33925 0.033021 -2.5627 -0.65394
4 71 36 -1.36 4.5942 0.67187 -1.0995 3.381 0.42427 -0.52775 3.3649 1.2244 0.32395 1.9947 1.4813 -1.0239 1.8386 2.2138 -1.6787 3.4252 -0.36942 -1.1785 2.209 -1.3387 -2.226 1.6164 -0.37464 0.50291 0.11759 0.59729 0.38403 -1.9794 0.65084 1.2839 -3.3685 -0.064433 -0.50291 -0.11759 -0.59729 -1.3575 -1.7658 0.38622 -0.17518 -2.9264 -0.32512
