0 7 288 0.51959 4.7798 -0.55743 0.34367 3.5579 -0.27604 -0.20944 3.4632 -1.0838 -1.5109 2.6214 -1.6 -2.5155 3.0146 -2.7017 0.90007 3.6815 0.52551 2.0514 2.5226 0.52518 3.181 2.4391 -0.52116 -0.023753 -0.050315 -0.78766 1.1119 -1.7775 -0.41156 1.2148 -3.5613 -0.65293 0.023753 0.050314 0.78766 -0.36749 -2.0005 0.55263 -1.3003 -3.4268 -0.036125
0 9 276 0.5791 4.7618 -0.59794 0.40816 3.5507 -0.27429 -0.19039 3.4648 -1.05 -1.5901 2.6527 -1.2732 -2.8462 3.0302 -2.0841 1.0099 3.6656 0.49518 2.0969 2.4949 0.15371 2.8733 2.4684 -1.1782 0.02002 -0.059207 -0.78714 1.1362 -1.7405 -0.2025 1.3065 -3.5245 -0.40007 -0.02002 0.059207 0.78714 -0.4164 -1.981 0.47933 -1.2576 -3.3802 -0.28575
0 11 264 0.64389 4.7522 -0.55898 0.4691 3.5479 -0.21747 -0.1297 3.4789 -0.99468 -1.5381 2.6587 -1.1051 -2.9005 2.9378 -1.7712 1.0715 3.6458 0.55381 2.0389 2.4795 -0.056481 2.3791 2.5142 -1.5601 0.090529 -0.058336 -0.78224 1.1292 -1.7182 -0.020495 1.3597 -3.503 -0.13173 -0.090529 0.058336 0.78224 -0.45689 -1.9725 0.38754 -1.1722 -3.3547 -0.52288
0 12 264 0.64305 4.7479 -0.56493 0.49104 3.5455 -0.20737 -0.15997 3.4861 -0.94223 -1.5604 2.6451 -0.9587 -2.9891 2.8676 -1.4944 1.1456 3.6339 0.52138 1.9741 2.4813 -0.2872 1.9439 2.5625 -1.8267 0.054938 -0.051195 -0.78604 1.1164 -1.7155 -0.066517 1.3642 -3.4998 -0.14142 -0.054938 0.051195 0.78604 -0.42856 -1.9782 0.39091 -1.1697 -3.3486 -0.51674
0 94 12 0.33708 4.8044 0.12257 0.14405 3.572 0.041199 -0.091162 3.6063 -0.91319 -0.66489 4.0482 -2.3775 -0.78173 5.5803 -2.5068 0.37849 3.5675 0.99638 0.92098 3.9309 2.4938 1.3119 5.4085 2.6973 -0.19955 0.013351 -0.76387 0.2166 -2.0444 -0.84618 -0.36245 -3.7466 -0.71131 0.19956 -0.013351 0.76387 0.5768 -2.0785 0.84758 -0.066607 -3.715 1.2461
0 101 36 0.1175 4.8428 -0.12853 0.11414 3.5795 -0.14103 -0.43302 3.5415 -0.95745 0.57991 3.5686 -2.2388 1.8899 4.3776 -2.323 0.66165 3.6473 0.67321 2.2305 3.609 0.2192 2.7785 4.1247 -1.1267 -0.46584 -0.001101 -0.63756 -0.061305 -2.0428 -0.92409 -0.55036 -3.7554 -0.64329 0.46584 0.001101 0.63756 0.913 -2.0471 0.49929 0.52778 -3.7294 1.0213
0 102 36 0.15323 4.8399 -0.1783 0.15189 3.5776 -0.17287 -0.39375 3.5233 -0.98938 0.68975 3.2242 -2.1748 2.0761 3.887 -2.3029 0.69812 3.6615 0.64073 2.2213 3.3524 0.13752 2.8405 3.6893 -1.2339 -0.46163 -0.00029087 -0.64062 -0.051916 -2.0402 -0.93246 -0.54306 -3.7529 -0.65627 0.46163 0.00029135 0.64062 0.92534 -2.0436 0.49305 0.53625 -3.7274 1.0072
1 5 216 1.4025 4.4907 -1.1156 1.0899 3.2782 -0.93878 0.47473 3.2754 -1.7062 -0.47599 1.9965 -2.0659 -1.2172 1.3785 -3.2685 1.7115 3.3095 -0.17724 1.9415 2.0981 0.89444 3.0532 1.5668 1.8215 -0.51672 -0.0083079 -0.59702 0.68243 -1.5763 -1.3165 -0.2247 -3.0438 -0.79239 0.51672 0.0083082 0.59702 1.5665 -1.6618 -0.12628 0.61857 -2.9707 0.67319
1 14 192 0.68736 4.7625 -0.16123 0.53206 3.515 -0.14518 0.30382 3.4989 -1.1017 -0.63841 3.8463 -2.3903 -1.1582 4.9887 -3.286 0.75986 3.5608 0.81052 0.54459 3.4926 2.4285 0.95012 4.363 3.6349 -0.2303 0.0029078 -0.75528 -0.12142 -1.9637 -1.4866 -0.84511 -3.5436 -1.9675 0.2303 -0.0029073 0.75528 0.74586 -1.9137 1.4606 0.15378 -3.3524 2.3719
1 15 192 0.61702 4.7698 -0.13499 0.48439 3.5196 -0.12489 0.25031 3.5055 -1.0801 -0.64311 3.9556 -2.3716 -1.1374 5.147 -3.2164 0.71748 3.5634 0.82963 0.55584 3.5321 2.4549 0.95266 4.4405 3.636 -0.23811 0.0062594 -0.75284 -0.082668 -1.9507 -1.5015 -0.82778 -3.5419 -1.906 0.23811 -0.006259 0.75284 0.76839 -1.9224 1.4323 0.16958 -3.3419 2.3689
1 16 192 0.57059 4.7762 -0.11334 0.447 3.5249 -0.11483 0.20393 3.5189 -1.0678 -0.63393 4.0487 -2.3663 -1.0769 5.2851 -3.1743 0.68891 3.5607 0.83783 0.58968 3.5656 2.4684 0.96996 4.5016 3.6333 -0.25089 0.005724 -0.74868 -0.014014 -1.9486 -1.4827 -0.84097 -3.5216 -1.7873 0.25089 -0.0057244 0.74868 0.8198 -1.9272 1.3799 0.15706 -3.3277 2.3021
1 17 192 0.55692 4.7841 -0.085215 0.42929 3.5332 -0.10351 0.17991 3.5389 -1.0549 -0.60077 4.0966 -2.3771 -1.0006 5.3685 -3.1517 0.67764 3.5572 0.84786 0.65331 3.5605 2.4813 1.0249 4.5152 3.6338 -0.25568 0.0050941 -0.74706 0.12393 -1.9167 -1.5067 -0.85142 -3.4226 -1.6853 0.25568 -0.0050941 0.74706 0.84816 -1.9148 1.3922 0.021432 -3.2738 2.2411
1 38 228 1.3322 4.3646 -1.5702 1.0093 3.1694 -1.3316 0.2582 3.1772 -1.9666 -0.16972 1.6515 -1.5692 -0.32964 0.18523 -2.0189 1.7674 3.1892 -0.70542 1.5189 1.6651 -0.17244 2.0954 0.23491 -0.17292 -0.66032 0.01937 -0.43255 0.28596 -1.6222 -1.3403 -0.28121 -3.0576 -0.40807 0.66032 -0.019369 0.43255 1.3169 -1.6941 -0.6531 0.46435 -2.9581 0.30932
1 39 228 1.3099 4.3965 -1.5339 0.97765 3.2089 -1.2704 0.22358 3.2128 -1.9018 -0.20682 1.6814 -1.5296 -0.3439 0.2187 -1.9978 1.7391 3.2323 -0.64825 1.5665 1.6924 -0.13112 2.1655 0.27286 -0.19331 -0.65877 0.020119 -0.43488 0.31914 -1.5567 -1.4206 -0.26113 -2.9424 -0.42363 0.65877 -0.020119 0.43488 1.4187 -1.6354 -0.67305 0.49036 -2.8449 0.28929
1 40 228 1.2078 4.476 -1.3872 0.90847 3.2731 -1.1497 0.15209 3.2757 -1.7783 -0.3106 1.7324 -1.508 -0.54775 0.33893 -2.1242 1.6713 3.2984 -0.52934 1.6085 1.7479 -0.018668 2.3787 0.41379 -0.086774 -0.64175 0.012387 -0.4599 0.32731 -1.6085 -1.3807 -0.28397 -2.984 -0.38806 0.64175 -0.012387 0.4599 1.3937 -1.6658 -0.59604 0.45765 -2.8938 0.33495
2 101 48 1.6345 4.2178 -1.7472 1.1985 3.1062 -1.3466 0.46096 3.0898 -1.9972 -0.2955 1.6604 -1.7664 -0.64748 0.19852 -2.108 1.9461 3.1474 -0.70891 1.8654 1.6958 0.036097 2.1062 0.1963 0.30296 -0.60131 0.012243 -0.51164 0.29243 -1.6434 -1.4468 -0.31754 -3.2623 -0.93911 0.60131 -0.012243 0.51164 1.415 -1.7372 -0.36956 0.79015 -3.2338 0.41829
4 9 36 1.1652 4.6287 -0.83518 0.88577 3.4272 -0.54915 0.30607 3.3721 -1.3418 -0.18244 1.8199 -1.4861 1.2149 1.6178 -2.106 1.4723 3.5102 0.236 1.1043 2.1693 1.0935 2.29 1.4129 0.46146 -0.51935 0.065832 -0.59113 -0.94142 -1.9071 -0.0048159 -1.5841 -3.4001 0.77538 0.51935 -0.065833 0.59113 1.3296 -1.7288 -0.40494 0.96903 -3.4758 -0.66741
4 10 36 1.2468 4.6237 -0.75011 0.94112 3.421 -0.49893 0.36477 3.3976 -1.2956 -0.18943 1.8665 -1.4268 1.2087 1.5861 -2.0137 1.5249 3.4723 0.29093 1.1676 2.0814 1.0697 2.369 1.4716 0.3197 -0.51305 0.077785 -0.59517 -1.0461 -1.8473 0.056091 -1.7535 -3.2949 0.86549 0.51305 -0.077785 0.59517 1.3302 -1.7293 -0.41423 0.82836 -3.4528 -0.58382
4 11 36 1.3425 4.6073 -0.6972 1.0083 3.4055 -0.48 0.43652 3.4158 -1.2802 -0.19011 1.9123 -1.4044 1.1829 1.4899 -1.965 1.5882 3.4233 0.31419 1.246 1.9807 1.0001 2.4455 1.5204 0.1475 -0.50524 0.081275 -0.60136 -1.0557 -1.8531 0.0064939 -1.8997 -3.1763 0.89406 0.50524 -0.081275 0.60136 1.3505 -1.7072 -0.42641 0.67972 -3.3805 -0.45587
4 12 36 1.3914 4.6043 -0.646 1.0303 3.4052 -0.46013 0.46697 3.4459 -1.2653 -0.22655 1.9719 -1.3882 1.081 1.3617 -1.932 1.6026 3.3924 0.3397 1.3017 1.8967 0.92389 2.4879 1.5982 -0.015024 -0.50009 0.077103 -0.60619 -0.97539 -1.9201 -0.15933 -1.9835 -3.0354 0.83597 0.50009 -0.077103 0.60619 1.3339 -1.7059 -0.42627 0.51435 -3.3089 -0.32823
4 13 36 1.4083 4.5953 -0.67504 1.0279 3.3996 -0.50799 0.46727 3.4613 -1.3138 -0.26786 2.0079 -1.4402 0.92842 1.2014 -1.9843 1.5979 3.3657 0.29279 1.3897 1.8161 0.76599 2.5523 1.7044 -0.24075 -0.50956 0.061033 -0.6001 -0.78024 -2.0154 -0.42829 -1.9489 -2.8518 0.66058 0.50956 -0.061033 0.6001 1.2681 -1.7396 -0.41052 0.32246 -3.2588 -0.19028
4 14 36 1.4401 4.575 -0.72884 1.0475 3.3828 -0.56616 0.48623 3.4493 -1.3711 -0.30582 2.0256 -1.4924 0.74819 1.0561 -2.0639 1.6185 3.344 0.23374 1.5451 1.7525 0.59464 2.6617 1.8346 -0.46557 -0.50368 0.047471 -0.60626 -0.52076 -2.0497 -0.73286 -1.804 -2.6402 0.38766 0.50368 -0.047471 0.60626 1.1894 -1.788 -0.35012 0.13378 -3.2206 -0.059946
4 15 36 1.4549 4.5684 -0.74244 1.0633 3.3764 -0.57699 0.50811 3.4311 -1.387 -0.39588 2.0735 -1.4797 0.53109 1.0067 -2.0964 1.6281 3.3495 0.22777 1.6949 1.7391 0.49377 2.7394 2 -0.61015 -0.47824 0.040467 -0.62702 -0.18825 -2.0021 -1.0246 -1.5497 -2.5287 0.033743 0.47824 -0.040467 0.62702 1.0881 -1.8498 -0.24976 -0.061086 -3.1987 0.082887
4 17 48 1.3064 4.5489 -1.0578 0.98909 3.3575 -0.7704 0.26882 3.3859 -1.4395 -0.86137 2.2284 -1.2125 -0.23688 1.11 -2.0709 1.7171 3.3568 -0.10907 1.9969 1.7527 0.022538 2.6334 2.2795 -1.2793 -0.55138 0.039956 -0.56381 0.18572 -1.7234 -1.4364 -0.98863 -2.7447 -0.52604 0.55138 -0.039955 0.56381 0.72373 -2.0126 -0.13844 -0.43422 -3.2337 0.50893
4 18 48 1.3062 4.5588 -1.0085 1.0061 3.3666 -0.70498 0.27852 3.3917 -1.3663 -0.90944 2.3066 -1.0834 -0.3564 1.1857 -1.9864 1.7411 3.3693 -0.051467 2.043 1.7701 0.090944 2.637 2.3381 -1.2137 -0.52658 0.046396 -0.58657 0.34951 -1.6456 -1.472 -0.66436 -3.0406 -0.94558 0.52658 -0.046396 0.58657 0.5486 -2.0856 0.081126 -0.63539 -3.2763 0.73781
4 19 48 1.3054 4.5705 -0.94156 1.0174 3.3772 -0.62957 0.28539 3.4003 -1.2861 -0.91818 2.3439 -0.96334 -0.43219 1.2351 -1.9183 1.7565 3.3819 0.019281 2.0394 1.7842 0.20888 2.6321 2.3108 -1.1136 -0.50214 0.054227 -0.60697 0.39871 -1.6607 -1.4204 -0.28022 -3.33 -1.3598 0.50214 -0.054227 0.60697 0.36529 -2.1302 0.31411 -0.8427 -3.2954 0.97285
4 28 84 1.3607 4.5743 -0.77723 1.0921 3.3761 -0.4682 0.41525 3.3722 -1.1818 -0.41878 1.9896 -1.4298 0.58009 1.5785 -2.5302 1.7762 3.408 0.23777 1.4033 2.1413 1.1997 2.3898 1.5424 0.17702 -0.5626 0.14496 -0.53476 -0.22056 -1.8569 -1.0733 -1.1431 -3.2956 -0.4989 0.5626 -0.14496 0.53476 1.2996 -1.7696 -0.57504 0.0036225 -2.6178 0.34797
4 30 96 1.3607 4.5947 -0.68985 1.0736 3.3877 -0.43572 0.39993 3.4142 -1.1518 -0.40536 2.0195 -1.4257 0.63145 1.7515 -2.5351 1.7545 3.3893 0.27407 1.317 2.1792 1.2806 2.3292 1.5349 0.31208 -0.58453 0.14965 -0.50934 -0.83437 -1.9362 -0.5411 -1.641 -3.3514 0.23179 0.58453 -0.14965 0.50934 1.2381 -1.7258 -0.71658 0.23956 -3.2007 -0.43653
4 31 96 1.3989 4.609 -0.52697 1.071 3.401 -0.33325 0.48091 3.4608 -1.1179 -0.27032 2.0527 -1.4665 0.83701 1.7707 -2.5019 1.6689 3.3696 0.44699 1.1209 2.1849 1.4293 2.2129 1.5188 0.56818 -0.55473 0.14444 -0.54305 -1.0259 -1.8958 -0.37031 -1.8684 -3.3058 0.37324 0.55473 -0.14444 0.54305 1.1988 -1.7791 -0.60904 0.4189 -3.3962 -0.77557
4 32 96 1.4056 4.6238 -0.37514 1.0716 3.4105 -0.23226 0.50732 3.5071 -1.032 -0.19095 2.0878 -1.4404 0.95566 1.7713 -2.4216 1.6444 3.3424 0.56442 0.98822 2.1668 1.4898 2.1542 1.5036 0.72937 -0.52657 0.13964 -0.5716 -1.1304 -1.8567 -0.31789 -2.0735 -3.2034 0.42228 0.52657 -0.13964 0.5716 1.1055 -1.835 -0.52609 0.50189 -3.4823 -0.9419
4 34 108 1.3832 4.6321 -0.40101 1.0513 3.4186 -0.25667 0.36329 3.5614 -0.94487 -0.38304 2.1472 -1.279 0.59564 1.7311 -2.3956 1.7479 3.3041 0.42819 1.1751 2.0221 1.2632 2.2785 1.4667 0.34033 -0.5966 0.1526 -0.49425 -1.1367 -1.875 -0.38685 -2.1912 -2.788 0.75563 0.5966 -0.1526 0.49425 0.96299 -1.9144 -0.59025 0.10639 -3.4824 -0.83196
4 35 108 1.3886 4.6302 -0.42225 1.0311 3.4216 -0.29871 0.36333 3.5757 -1.0042 -0.40893 2.1742 -1.3334 0.55888 1.653 -2.4148 1.7079 3.2958 0.40374 1.1855 1.9019 1.0767 2.3127 1.4796 0.11303 -0.58316 0.12164 -0.51829 -1.0153 -1.9267 -0.69725 -2.1985 -2.5616 0.50596 0.58316 -0.12164 0.51829 0.95656 -1.8596 -0.60167 -0.042779 -3.3591 -0.66196
4 36 108 1.4776 4.5985 -0.45317 1.0828 3.4007 -0.33986 0.44788 3.5598 -1.074 -0.39215 2.1846 -1.3422 0.55288 1.5492 -2.3818 1.7277 3.2694 0.39108 1.3371 1.7688 0.90524 2.4579 1.5278 -0.12602 -0.55362 0.10719 -0.55273 -0.75395 -1.9246 -1.0487 -2.032 -2.3723 0.14164 0.55362 -0.1072 0.55273 1.0177 -1.8259 -0.56309 -0.13601 -3.2097 -0.4926
4 37 108 1.503 4.5955 -0.42734 1.091 3.4036 -0.31333 0.48505 3.5577 -1.0726 -0.46099 2.2375 -1.2482 0.50475 1.553 -2.2364 1.7072 3.2773 0.44272 1.4472 1.7117 0.83027 2.5516 1.6524 -0.24418 -0.51424 0.098834 -0.59101 -0.35237 -1.8604 -1.3324 -1.7403 -2.3103 -0.2731 0.51424 -0.098834 0.59101 0.97341 -1.8524 -0.47135 -0.28023 -3.1389 -0.31636
4 38 120 1.3814 4.5964 -0.72214 1.0147 3.4001 -0.52766 0.26918 3.5424 -1.1532 -0.77769 2.2957 -1.0169 0.02348 1.615 -2.1449 1.7694 3.2857 0.092569 1.6692 1.6944 0.44818 2.5018 1.7751 -0.84719 -0.60175 0.091232 -0.50307 -0.1821 -1.725 -1.4723 -1.4553 -2.3929 -0.38423 0.60175 -0.091232 0.50307 0.76852 -1.9177 -0.52182 -0.47407 -3.1339 -0.044626
4 39 120 1.3465 4.6131 -0.67471 1.0099 3.4072 -0.48617 0.25557 3.539 -1.1034 -0.85289 2.3619 -0.87004 0.0045774 1.706 -1.9711 1.7728 3.3034 0.12588 1.7085 1.709 0.47576 2.5174 1.84 -0.83043 -0.58 0.091572 -0.52793 0.18788 -1.5709 -1.5579 -1.0824 -2.6205 -0.82608 0.58 -0.091572 0.52793 0.59125 -1.998 -0.35507 -0.65039 -3.1942 0.17248
4 49 156 1.112 4.6708 -0.50686 0.97838 3.4324 -0.29575 0.25139 3.4699 -0.95714 -0.67998 2.2659 -1.5501 0.68652 2.2549 -2.2645 1.7109 3.4236 0.36048 1.3752 2.1052 1.2648 2.3345 1.376 0.30278 -0.58793 0.1554 -0.50367 -0.26188 -1.777 -1.2611 -1.1255 -3.2623 -0.71434 0.58793 -0.1554 0.50367 1.0902 -1.9491 -0.46826 -0.24122 -2.5071 0.61191
4 51 168 1.2324 4.6471 -0.48351 1.0553 3.4067 -0.31859 0.38237 3.4704 -1.0331 -0.60951 2.263 -1.5097 0.74225 2.1598 -2.2444 1.7346 3.3719 0.39179 1.3727 2.1204 1.3775 2.356 1.4312 0.4102 -0.58608 0.16118 -0.50401 -0.76091 -1.9208 -0.72547 -1.5582 -3.4064 -0.08667 0.58608 -0.16118 0.50401 1.1727 -1.7853 -0.69286 0.040833 -3.0238 -0.032611
4 52 168 1.3039 4.6439 -0.35029 1.0923 3.4041 -0.22416 0.49011 3.4895 -0.99712 -0.49086 2.265 -1.4523 0.87346 2.0537 -2.1391 1.7016 3.3475 0.54586 1.1997 2.1247 1.5059 2.2767 1.4466 0.63524 -0.54342 0.15908 -0.55035 -0.90119 -1.9108 -0.59602 -1.7379 -3.3857 0.016732 0.54342 -0.15908 0.55035 1.1449 -1.8114 -0.59961 0.15373 -3.2905 -0.31568
4 53 168 1.3579 4.64 -0.21212 1.1144 3.4022 -0.12109 0.56447 3.5058 -0.92993 -0.40026 2.2623 -1.3677 0.95073 1.9368 -2.036 1.6719 3.3273 0.68574 1.0532 2.1163 1.591 2.1956 1.4504 0.79782 -0.50908 0.16501 -0.58061 -1.0007 -1.8774 -0.54843 -1.9116 -3.3233 0.0267 0.50908 -0.16501 0.58061 1.074 -1.8713 -0.50744 0.24313 -3.4714 -0.50195
4 55 180 1.3913 4.6351 -0.24703 1.115 3.4029 -0.17088 0.47654 3.547 -0.90498 -0.49457 2.2533 -1.1331 0.62814 1.7516 -2.0634 1.7616 3.2873 0.56119 1.2133 2.0352 1.4557 2.2556 1.458 0.47683 -0.55711 0.17043 -0.53299 -1.0304 -1.8765 -0.55339 -2.0861 -3.0138 0.36471 0.55711 -0.17043 0.53299 0.86207 -1.9534 -0.53574 -0.037747 -3.515 -0.48378
4 56 180 1.4455 4.6274 -0.21398 1.1224 3.4063 -0.1492 0.50853 3.5682 -0.90041 -0.43024 2.2505 -1.1268 0.66729 1.6902 -2.0537 1.7456 3.2726 0.59991 1.1871 1.9762 1.4222 2.2523 1.4968 0.41562 -0.53132 0.15592 -0.56292 -0.88578 -1.903 -0.78544 -2.099 -2.8027 0.19922 0.53132 -0.15592 0.56292 0.80651 -1.9402 -0.51167 -0.19166 -3.4322 -0.34258
4 58 192 1.5724 4.545 -0.6653 1.1567 3.3609 -0.51084 0.43404 3.533 -1.1554 -0.52231 2.2087 -1.1758 0.37464 1.5144 -2.2203 1.89 3.216 0.12838 1.5953 1.7681 0.82505 2.3953 1.5909 -0.48119 -0.62247 0.13329 -0.46719 -0.51717 -1.8246 -1.2222 -1.7326 -2.4521 -0.047576 0.62247 -0.13329 0.46719 0.66862 -1.9374 -0.60861 -0.46321 -3.2012 0.001883
4 59 192 1.6379 4.5088 -0.73565 1.2244 3.326 -0.56721 0.51279 3.4958 -1.2246 -0.45856 2.1823 -1.2259 0.47572 1.4617 -2.2186 1.9469 3.1834 0.084677 1.7406 1.6629 0.64518 2.5039 1.6517 -0.69457 -0.60642 0.13081 -0.48851 -0.14536 -1.6825 -1.4443 -1.4253 -2.4504 -0.43283 0.60642 -0.13081 0.48851 0.59565 -2.0003 -0.47029 -0.61972 -3.1718 0.16314
4 60 204 1.5112 4.48 -1.0832 1.1469 3.2966 -0.82662 0.31247 3.4666 -1.3187 -0.66354 2.1815 -1.0647 0.10285 1.4872 -2.2085 1.9909 3.1538 -0.34216 1.9446 1.5962 0.14812 2.3823 1.7408 -1.3233 -0.67422 0.137 -0.3875 -0.13443 -1.5424 -1.5288 -1.1887 -2.605 -0.52359 0.67422 -0.137 0.3875 0.35099 -2.0687 -0.37297 -0.73989 -3.2044 0.50507
4 61 204 1.5072 4.5006 -1.0054 1.1664 3.3112 -0.74224 0.31686 3.473 -1.2108 -0.68164 2.2168 -0.90497 0.11025 1.5397 -2.0417 2.0248 3.1767 -0.28133 1.9902 1.6035 0.15756 2.4131 1.8405 -1.3062 -0.65425 0.14334 -0.41822 0.057948 -1.4885 -1.5337 -0.85191 -2.8853 -0.84678 0.65425 -0.14334 0.41822 0.1729 -2.1158 -0.12227 -0.92047 -3.2532 0.75049
4 68 216 1.199 4.5779 -0.95569 1.0291 3.3706 -0.62 0.23424 3.3651 -1.1992 -0.75477 2.0685 -1.1014 0.21376 1.5509 -2.1838 1.8297 3.404 -0.049607 1.6878 2.0141 0.79693 2.3481 1.6971 -0.55998 -0.5914 0.12681 -0.5076 0.13731 -1.7118 -1.2168 -0.56315 -3.2525 -0.59512 0.5914 -0.12681 0.5076 0.75279 -2.1584 -0.0033094 -0.52187 -2.2826 1.2658
