2 5 24 3.6659 2.7986 -1.4658 2.6438 2.1446 -1.1149 2.2831 2.0931 -2.0285 0.70181 2.2399 -1.6454 -0.73485 1.7 -1.7943 3.0281 2.2108 -0.212 1.7572 2.2949 0.81101 1.1084 1.7347 2.0928 -0.31626 0.010496 -0.72344 0.90724 -1.6485 -1.1297 0.0057976 -3.1458 -0.68651 0.31626 -0.010496 0.72344 1.503 -1.6942 0.30973 0.41573 -3.0721 0.72201
2 6 24 3.727 2.7106 -1.481 2.698 2.0625 -1.1414 2.345 2.0064 -2.0577 0.75858 2.0068 -1.6677 -0.61609 1.3195 -1.7928 3.0748 2.133 -0.23565 1.7869 2.0216 0.76316 1.2067 1.2245 1.9487 -0.31847 0.0067756 -0.72252 0.98422 -1.5877 -1.1408 -0.017451 -3.0171 -0.68881 0.31847 -0.0067759 0.72252 1.5689 -1.6419 0.30165 0.40256 -2.9469 0.73487
2 7 24 3.724 2.7171 -1.4733 2.7005 2.0506 -1.1553 2.3627 1.992 -2.0772 0.79535 1.7159 -1.7087 -0.42609 0.78388 -1.8396 3.0621 2.1239 -0.24359 1.8198 1.7171 0.73611 1.4155 0.6437 1.7667 -0.3176 -0.0050759 -0.72291 1.0735 -1.5194 -1.154 -0.043362 -2.8623 -0.70665 0.3176 0.0050757 0.72291 1.6162 -1.5943 0.31087 0.38009 -2.8258 0.76503
2 12 48 2.3757 3.552 -2.2719 1.7466 2.5868 -1.7709 1.0861 2.5587 -2.4992 1.1217 1.0969 -3.2274 2.4308 1.113 -4.0421 2.4225 2.6352 -1.0581 3.0707 1.1442 -1.2171 4.0769 1.3723 -2.363 -0.56747 -0.0042431 -0.54905 0.51011 -1.6233 -1.344 -0.57682 -2.636 -0.32225 0.56747 0.0042434 0.54905 1.5189 -1.7028 -0.2224 0.38255 -2.6233 0.83216
2 13 48 2.227 3.7184 -2.1466 1.6509 2.6914 -1.71 0.99663 2.6704 -2.444 1.3674 1.5619 -3.5853 2.6053 2.3382 -4.078 2.3196 2.7344 -0.99001 3.3057 1.5272 -1.479 3.977 2.471 -2.497 -0.57595 -0.0038791 -0.54015 0.35768 -1.7723 -1.1845 -0.7226 -2.813 -0.18401 0.57595 0.0038788 0.54015 1.365 -1.8354 -0.099051 0.26646 -2.781 0.97329
2 15 36 1.9967 4.2098 -1.2759 1.54 3.0474 -1.1041 1.0683 3.0532 -1.9671 1.9786 2.5598 -3.2307 2.635 3.9109 -2.8824 2.0237 3.068 -0.24793 3.4549 2.3852 -0.64052 3.5595 3.8523 -1.1033 -0.47551 0.0032692 -0.63038 -0.15863 -2.0715 -0.72679 -1.2419 -3.3219 -0.010026 0.47551 -0.0032692 0.63038 0.79975 -2.079 0.6111 -0.32414 -3.2452 1.4035
2 28 48 2.1053 3.9353 -1.8769 1.547 2.9024 -1.4307 0.89984 2.8594 -2.17 0.81826 1.2795 -2.5776 1.955 0.69544 -3.4403 2.2083 2.9675 -0.7055 2.8607 1.4921 -0.4481 3.9065 1.322 -1.5684 -0.56196 0.030093 -0.55389 0.53554 -1.2398 -1.8176 0.093446 -2.8962 -1.259 0.56196 -0.030093 0.55389 1.9086 -1.277 -0.46891 1.2203 -2.8766 -0.0016675
2 29 48 2.28 3.7762 -1.9926 1.6601 2.7957 -1.508 1.0099 2.7662 -2.2454 0.84281 1.1656 -2.5266 1.7889 0.31886 -3.4016 2.3255 2.8461 -0.78545 2.8119 1.3273 -0.43139 3.9221 0.77131 -1.3458 -0.56111 0.036828 -0.55435 0.69151 -1.0302 -1.8607 0.058527 -2.5752 -1.1799 0.56111 -0.036829 0.55435 1.9553 -1.0918 -0.61075 1.1637 -2.5612 0.071183
2 69 48 2.2829 3.5201 -2.3993 1.6861 2.5379 -1.8964 1.0273 2.5046 -2.6258 1.6008 1.4813 -3.7628 2.4543 2.5445 -4.4831 2.3604 2.5916 -1.1823 3.4516 1.5642 -1.8323 4.009 2.5608 -2.8684 -0.58707 -0.016275 -0.5278 0.30315 -1.744 -1.3259 -0.76738 -2.7939 -0.32454 0.58707 0.016275 0.5278 1.4702 -1.7922 -0.075228 0.36335 -2.7576 0.9706
2 70 48 2.0691 3.7829 -2.1933 1.5485 2.731 -1.7433 0.883 2.7022 -2.4669 1.5876 2.0517 -3.7894 2.132 3.4643 -4.0827 2.2275 2.7824 -1.0336 3.4756 2.0889 -1.8273 3.698 3.4785 -2.4575 -0.5844 -0.017178 -0.53073 0.064876 -1.9322 -1.1013 -0.96145 -3.0351 -0.11078 0.5844 0.017178 0.53073 1.2681 -1.9312 0.14261 0.22125 -2.9673 1.1825
2 71 36 2.0852 4.1141 -1.4898 1.6041 2.9873 -1.1838 1.0735 2.96 -2.0115 2.0729 2.5288 -3.2297 2.3929 4.0353 -3.154 2.1472 3.04 -0.36548 3.6004 2.5333 -0.91318 3.6832 4.0413 -1.224 -0.45161 -0.020804 -0.64739 -0.066874 -2.0737 -0.87556 -1.196 -3.2922 -0.17467 0.45161 0.020804 0.64739 0.9073 -2.0299 0.61512 -0.22668 -3.1838 1.4111
2 75 36 1.8151 4.3506 -1.1618 1.3942 3.1986 -0.84573 0.86438 3.1739 -1.674 1.7232 3.0114 -3.0542 1.9324 4.4665 -2.589 1.9341 3.2502 -0.025262 3.4818 2.8681 -0.38228 3.456 4.3854 -0.6559 -0.39768 -0.00060272 -0.68216 0.14311 -2.0103 -0.97051 -0.96254 -3.2908 -0.34703 0.39768 0.00060272 0.68216 1.1076 -1.9626 0.4452 -0.12959 -3.0706 1.1471
2 76 36 1.88 4.3152 -1.1988 1.42 3.1825 -0.86774 0.89292 3.1595 -1.6978 1.7308 2.9021 -3.0764 1.9841 4.3717 -2.6841 1.958 3.2319 -0.045889 3.485 2.7533 -0.37482 3.5439 4.2566 -0.71283 -0.40148 -0.0015378 -0.67994 0.30791 -1.935 -1.0958 -0.69989 -3.3172 -0.52596 0.40148 0.0015378 0.67994 1.275 -1.8796 0.34413 0.058557 -3.0801 0.91854
2 77 36 1.9486 4.2741 -1.2363 1.455 3.1603 -0.89032 0.93272 3.1354 -1.7233 1.7512 2.759 -3.0861 2.072 4.2383 -2.7922 1.9891 3.2111 -0.065995 3.4905 2.6363 -0.35645 3.6392 4.1123 -0.77711 -0.4057 -0.00038481 -0.67743 0.43507 -1.8557 -1.1923 -0.43545 -3.3678 -0.73767 0.4057 0.00038481 0.67743 1.4078 -1.7957 0.24845 0.27628 -3.1252 0.69888
2 84 48 1.7256 4.2709 -1.5303 1.2571 3.171 -1.1133 0.57642 3.1877 -1.823 0.83756 2.0705 -2.986 1.6268 3.3375 -3.3729 1.949 3.1798 -0.41423 3.1471 2.0919 -0.63705 3.577 3.3086 -1.4812 -0.57265 0.028852 -0.5429 0.62548 -0.81491 -2.0485 0.20579 -2.5089 -1.5955 0.57265 -0.028852 0.5429 2.0003 -0.8767 -0.74442 1.3816 -2.4815 -0.20347
2 85 48 1.7517 4.2498 -1.5397 1.2428 3.1736 -1.1086 0.5543 3.199 -1.8105 0.7671 1.9313 -2.8187 1.6367 3.0766 -3.3753 1.9429 3.1734 -0.4177 2.9966 1.9358 -0.58185 3.6286 2.9999 -1.5015 -0.57719 0.028579 -0.53808 0.69044 -0.61269 -2.086 0.15596 -2.2293 -1.4929 0.57719 -0.028579 0.53808 2.0534 -0.73098 -0.78165 1.294 -2.2193 -0.10411
2 86 48 1.7929 4.2083 -1.5902 1.261 3.1466 -1.1525 0.58463 3.1782 -1.8659 0.75083 1.8015 -2.7294 1.7444 2.753 -3.426 1.95 3.1394 -0.45062 2.8928 1.8101 -0.56298 3.6592 2.6817 -1.5782 -0.57272 0.019693 -0.54324 0.74288 -0.50287 -2.0958 0.12124 -2.0511 -1.4122 0.57272 -0.019693 0.54324 2.0704 -0.63978 -0.79341 1.2249 -2.0387 -0.032554
2 87 48 1.8651 4.149 -1.6532 1.3172 3.0951 -1.2231 0.63998 3.121 -1.9359 0.76445 1.691 -2.7158 1.8626 2.4491 -3.4884 2.0077 3.0929 -0.52272 2.8874 1.7175 -0.58084 3.6975 2.4458 -1.6722 -0.57083 0.016824 -0.54532 0.77935 -0.44187 -2.0883 0.10079 -1.9417 -1.3529 0.57083 -0.016824 0.54532 2.0787 -0.59795 -0.79744 1.1756 -1.9289 0.017364
2 88 48 1.9182 4.086 -1.7316 1.3537 3.0491 -1.2878 0.6787 3.0651 -2.003 0.76923 1.6119 -2.7436 1.9314 2.2274 -3.5488 2.0425 3.0559 -0.58573 2.8986 1.6647 -0.60203 3.7183 2.314 -1.7352 -0.57079 0.012181 -0.54547 0.81712 -0.44149 -2.0562 0.091789 -1.9144 -1.311 0.57079 -0.012181 0.54547 2.0541 -0.61654 -0.81429 1.1401 -1.909 0.048843
2 89 48 1.9758 4.0179 -1.8159 1.3932 2.9989 -1.359 0.72432 2.9991 -2.0801 0.80989 1.5341 -2.7978 2.0028 2.0462 -3.6298 2.0763 3.0209 -0.65174 2.9235 1.6241 -0.65636 3.7538 2.226 -1.8079 -0.5714 0.0086915 -0.5449 0.84962 -0.47694 -2.0143 0.088871 -1.9374 -1.28 0.5714 -0.0086915 0.5449 2.0095 -0.65871 -0.84203 1.1128 -1.9338 0.063934
2 90 48 2.0364 3.9506 -1.898 1.4395 2.9477 -1.424 0.76827 2.9406 -2.1428 0.85349 1.4681 -2.8451 2.0712 1.8836 -3.695 2.1251 2.9767 -0.71941 2.9634 1.5746 -0.70916 3.8018 2.1416 -1.8724 -0.57276 0.0079288 -0.54349 0.86056 -0.54579 -1.9764 0.086841 -2.0151 -1.274 0.57276 -0.0079288 0.54349 1.9673 -0.73402 -0.85019 1.1001 -2.0146 0.076572
2 91 48 2.0756 3.8928 -1.9776 1.4712 2.9024 -1.4871 0.79571 2.8924 -2.2019 0.87154 1.4075 -2.8789 2.1105 1.7049 -3.7473 2.1612 2.9339 -0.7869 2.9796 1.5203 -0.76077 3.8349 2.0346 -1.9362 -0.57651 0.005635 -0.53954 0.83359 -0.65908 -1.9481 0.068838 -2.1347 -1.2491 0.57651 -0.005635 0.53954 1.9267 -0.82893 -0.84375 1.089 -2.1259 0.087358
2 92 48 2.1098 3.8467 -2.0388 1.5032 2.8643 -1.5342 0.82225 2.8519 -2.2438 0.88195 1.3457 -2.8734 2.1267 1.4721 -3.7746 2.1987 2.8981 -0.83957 2.9774 1.4628 -0.79064 3.8709 1.8752 -1.9777 -0.5779 0.0064747 -0.53805 0.79478 -0.78074 -1.9202 0.050239 -2.271 -1.2304 0.5779 -0.0064747 0.53805 1.8884 -0.93439 -0.81685 1.0814 -2.2585 0.10303
2 93 48 2.1192 3.82 -2.0856 1.5187 2.8401 -1.5691 0.82947 2.825 -2.2706 0.85752 1.2941 -2.8402 2.0794 1.1917 -3.7752 2.2223 2.8766 -0.88281 2.9411 1.4126 -0.78987 3.8789 1.6477 -1.9911 -0.58142 0.0078428 -0.53422 0.74794 -0.90659 -1.8799 0.030079 -2.421 -1.215 0.58142 -0.007843 0.53422 1.8432 -1.0495 -0.78379 1.0714 -2.4045 0.12129
2 94 48 2.1104 3.813 -2.1121 1.5178 2.8309 -1.5911 0.82288 2.8124 -2.2869 0.79993 1.2542 -2.7771 1.9523 0.87874 -3.7304 2.2268 2.8707 -0.9106 2.8753 1.3791 -0.75809 3.8382 1.3555 -1.9622 -0.58493 0.0089302 -0.53035 0.69461 -1.0352 -1.8291 0.0020822 -2.5747 -1.1956 0.58493 -0.0089302 0.53035 1.7857 -1.1694 -0.74464 1.0547 -2.5573 0.14426
