0 43 0 -0.19225 4.7911 0.53687 -0.0072632 3.5721 0.29012 0.95304 3.5874 0.50211 1.1376 2.347 1.5491 0.022987 2.2763 2.6123 -0.96843 3.5863 0.081965 -1.8501 2.6691 -0.94285 -3.2644 2.5983 -1.5529 0.69307 0.046121 -0.37554 0.63199 -2.0509 -0.48919 -0.11117 -3.5737 -1.1056 -0.69307 -0.046121 0.37554 -0.0011005 -1.8424 1.2174 -0.28339 -3.6119 1.4178
0 44 12 -0.12882 4.7818 0.55888 0.053584 3.572 0.27978 1.0307 3.5969 0.38955 1.1863 2.35 1.4335 0.0088255 2.299 2.4278 -0.92423 3.5767 0.17383 -1.8113 2.6576 -0.84463 -3.2071 2.4578 -1.4688 0.62504 0.040276 -0.48084 0.53625 -2.0555 -0.59945 -0.33396 -3.5619 -1.0731 -0.62504 -0.040276 0.48084 0.22278 -1.8276 1.1886 0.016373 -3.6014 1.4372
0 55 0 -0.056186 4.7869 0.55834 0.1282 3.5671 0.30563 1.1102 3.6138 0.33363 0.99362 2.4021 1.4232 -0.50031 2.5378 1.7801 -0.85491 3.5498 0.28207 -1.8469 2.4275 -0.36988 -3.2714 1.8668 -0.55453 0.63399 0.021782 -0.47019 0.68928 -2.074 -0.60733 -0.067627 -3.5935 -1.215 -0.63399 -0.021782 0.47019 0.055712 -1.8586 1.2217 -0.26203 -3.6296 1.3378
0 56 348 -0.095166 4.793 0.52853 0.099897 3.569 0.30274 1.0754 3.6092 0.4217 0.90221 2.4135 1.5213 -0.58855 2.5576 1.8881 -0.87688 3.5581 0.18808 -1.8618 2.4616 -0.51647 -3.2987 1.9558 -0.75552 0.68597 0.017432 -0.39069 0.81839 -2.0766 -0.49878 0.19195 -3.611 -1.2089 -0.68597 -0.017432 0.39069 -0.14979 -1.8749 1.2133 -0.53222 -3.6367 1.2389
0 75 240 -0.23608 4.8252 0.4318 -0.21608 3.5694 0.28179 0.69142 3.5088 0.65613 0.75078 1.9246 1.0505 0.47328 1.5753 2.5265 -1.1232 3.6593 -0.087433 -1.768 2.1702 0.10086 -2.5996 1.3938 1.1417 0.72709 0.033689 0.30612 0.59529 -1.9688 0.92803 0.97976 -3.686 0.53493 -0.72709 -0.033688 -0.30612 -0.94514 -2.0774 0.12958 -0.69343 -3.6825 -0.65236
0 76 240 -0.20818 4.8277 0.42473 -0.19101 3.5709 0.28309 0.72904 3.515 0.62624 0.79919 1.9134 0.93997 0.55173 1.4198 2.3797 -1.1106 3.6562 -0.05508 -1.647 2.1322 0.18657 -2.3692 1.2925 1.2594 0.73195 0.027959 0.29489 0.58297 -1.9807 0.89286 0.95729 -3.6978 0.49022 -0.73195 -0.027959 -0.29489 -0.94141 -2.0785 0.11195 -0.69452 -3.6826 -0.67358
0 105 252 -0.01463 4.8283 0.3827 -0.021458 3.569 0.34548 0.895 3.4944 0.69464 0.62072 2.3731 1.8505 -0.34964 2.4471 3.0466 -0.93664 3.6731 0.00054566 -1.7078 2.6799 1.0434 -1.6163 2.4757 2.5691 0.74525 -0.0089393 0.2608 0.58753 -2.0483 0.74096 0.84835 -3.7506 0.20698 -0.74525 0.0089388 -0.2608 -1.0229 -2.0371 0.12775 -1.0004 -3.726 -0.50315
1 37 72 -0.57124 4.4572 1.7754 -0.37385 3.2501 1.4648 0.56609 3.2643 1.754 0.87715 1.7338 1.2751 1.337 0.31916 1.6814 -1.3167 3.2639 1.1852 -1.3669 1.7355 0.61045 -1.9897 0.33807 0.80298 0.77534 0.016521 0.14856 0.30375 -1.7894 1.1132 0.47274 -3.3001 0.14347 -0.77534 -0.016521 -0.14856 -0.83713 -1.8141 0.93735 -0.51201 -3.1686 -0.20748
3 49 324 -0.15023 4.8261 0.12392 -0.15504 3.5709 0.25041 0.56646 3.5631 0.9188 1.3809 2.1869 0.58492 1.5622 0.67709 0.84037 -0.87552 3.6084 -0.41807 -1.4246 2.0698 -0.41799 -2.4212 2.1895 0.75249 0.50859 -0.022913 0.60358 -0.56193 -1.3421 1.8397 0.54178 -1.3443 0.41398 -0.50859 0.022914 -0.60358 0.0092021 -2.0084 -0.74485 0.47875 -3.7457 -0.85552
4 7 252 -0.24815 4.6339 1.3806 -0.26378 3.4318 0.98405 0.67474 3.3261 1.2586 1.0671 1.7435 1.1583 0.39788 1.5554 2.5346 -1.2017 3.5654 0.71992 -1.475 2.2895 -0.26294 -2.126 1.2532 0.67516 0.77215 0.045022 0.15893 0.66817 -2.0179 -0.22548 0.69833 -3.5599 -1.1594 -0.77215 -0.045023 -0.15893 -0.87354 -1.7206 1.1046 -0.5134 -3.4861 1.0395
4 8 252 -0.34651 4.6288 1.3832 -0.32682 3.4275 0.98392 0.61012 3.3437 1.2711 1.0414 1.7732 1.1439 0.31971 1.599 2.4953 -1.264 3.5393 0.70718 -1.5027 2.2383 -0.25163 -2.1328 1.3374 0.82959 0.77026 0.055223 0.16477 0.71571 -1.9703 -0.39081 0.75761 -3.4894 -1.3611 -0.77026 -0.055223 -0.16477 -0.85869 -1.722 1.1114 -0.46438 -3.4811 1.1388
4 9 252 -0.45177 4.6287 1.3606 -0.39382 3.4272 0.96491 0.54107 3.3721 1.2654 1.0211 1.8199 1.095 0.25503 1.6178 2.4179 -1.3298 3.5102 0.67446 -1.5361 2.1693 -0.2356 -2.1239 1.4129 0.97269 0.76762 0.065832 0.17297 0.76446 -1.9071 -0.54946 0.82581 -3.4001 -1.5584 -0.76762 -0.065833 -0.17297 -0.83767 -1.7288 1.1091 -0.39167 -3.4758 1.1095
4 22 264 -0.56096 4.6353 1.2634 -0.53513 3.4362 0.8567 0.43314 3.4376 1.0294 1.211 2.2776 0.18207 1.4851 1.223 1.2731 -1.5046 3.4631 0.69322 -1.8293 1.8879 0.40678 -1.6952 2.0299 1.9363 0.72494 0.059127 0.30735 0.48676 -1.7734 1.307 0.80926 -3.4962 1.7299 -0.72494 -0.059127 -0.30735 -0.38296 -2.1173 -0.55451 0.2734 -2.9832 -1.9934
4 41 348 -0.51896 4.6438 1.2921 -0.45856 3.421 0.9689 0.50846 3.526 0.8232 1.0141 2.4175 -0.26511 1.2524 1.7964 1.126 -1.4269 3.3446 1.1231 -1.692 1.7656 0.79872 -1.2445 1.7546 2.2743 0.78141 0.11311 0.010364 0.77911 -1.5513 1.2926 1.2733 -3.2411 0.9037 -0.78141 -0.11311 -0.010364 -0.21395 -2.1323 0.11283 0.26379 -3.2907 -1.1836
4 42 348 -0.54675 4.671 1.1675 -0.50188 3.4406 0.87115 0.4698 3.5222 0.74253 0.97473 2.4047 -0.3368 1.1965 1.8234 1.0741 -1.4745 3.3878 1.0074 -1.7548 1.8216 0.63714 -1.3365 1.6934 2.1157 0.77856 0.11367 0.06649 0.77558 -1.6662 1.1829 1.1866 -3.4133 1.3544 -0.77856 -0.11367 -0.06649 -0.26883 -2.1505 -0.14202 0.25557 -3.2922 -1.4352
4 43 348 -0.55055 4.7038 1.0234 -0.51142 3.4656 0.76145 0.46689 3.5296 0.68284 1.0193 2.3885 -0.34746 1.1612 1.8953 1.1066 -1.4906 3.4305 0.8471 -1.7884 1.8755 0.44447 -1.4249 1.6452 1.9252 0.77064 0.099849 0.14017 0.76335 -1.7404 1.1539 1.0927 -3.4665 1.5576 -0.77064 -0.099849 -0.14017 -0.27984 -2.1369 -0.2947 0.25633 -3.2104 -1.6405
4 44 348 -0.55572 4.7251 0.90785 -0.51922 3.4808 0.67643 0.46284 3.5347 0.68049 1.133 2.3704 -0.24896 1.1191 1.9917 1.2457 -1.5024 3.4559 0.67873 -1.8109 1.9124 0.24139 -1.5437 1.6026 1.7281 0.75884 0.09007 0.19885 0.69292 -1.7559 1.2 1.0834 -3.4963 1.4632 -0.75884 -0.09007 -0.19885 -0.28841 -2.1349 -0.307 0.2739 -3.0352 -1.7645
4 61 60 -0.6284 4.5006 1.6993 -0.50732 3.3112 1.2861 0.45533 3.473 1.1658 1.0834 2.2168 0.33148 1.1109 1.5397 1.7166 -1.4727 3.1767 1.4177 -1.7027 1.6035 1.0423 -1.1845 1.8405 2.4751 0.77512 0.14334 -0.046206 0.85459 -1.4885 1.2748 1.1869 -2.8853 0.18432 -0.77512 -0.14334 0.046207 -0.068015 -2.1158 0.20055 0.30355 -3.2532 -1.1482
4 62 60 -0.63852 4.5248 1.626 -0.54597 3.3273 1.2274 0.41728 3.4727 1.0918 1.0289 2.2424 0.2079 1.0675 1.5524 1.5863 -1.5114 3.2097 1.3739 -1.7359 1.6314 1.0174 -1.2072 1.9079 2.4392 0.77676 0.14143 -0.011522 0.74602 -1.5239 1.2691 1.0461 -3.193 0.65652 -0.77676 -0.14143 0.011522 -0.13582 -2.1394 -0.095939 0.3116 -3.2602 -1.4355
4 63 60 -0.6332 4.5352 1.585 -0.56439 3.3298 1.2047 0.40359 3.4521 1.0805 0.99388 2.2436 0.15329 1.0628 1.5208 1.5136 -1.5341 3.2355 1.3391 -1.7634 1.6589 0.9781 -1.2327 1.9392 2.3985 0.77734 0.13507 0.031508 0.68477 -1.6232 1.1779 0.8857 -3.4132 1.0978 -0.77734 -0.13507 -0.031508 -0.17193 -2.1215 -0.35082 0.31968 -3.228 -1.6868
4 64 60 -0.5994 4.5633 1.5132 -0.54703 3.3541 1.1417 0.42778 3.451 1.0539 1.0155 2.2498 0.11549 1.0904 1.5026 1.4623 -1.5233 3.2853 1.2392 -1.7701 1.7159 0.85864 -1.2768 1.9501 2.3007 0.77708 0.11814 0.075379 0.6435 -1.7081 1.1056 0.75098 -3.4963 1.3094 -0.77708 -0.11814 -0.075379 -0.15918 -2.0827 -0.49154 0.32455 -3.1116 -1.8909
4 65 60 -0.55789 4.5973 1.4257 -0.51682 3.3853 1.0619 0.46362 3.4577 1.0326 1.0871 2.2399 0.13991 1.1072 1.4946 1.4897 -1.4986 3.3412 1.1008 -1.771 1.7875 0.67594 -1.3379 1.9632 2.1454 0.77546 0.10106 0.10931 0.57535 -1.7148 1.1471 0.68315 -3.514 1.1946 -0.77546 -0.10106 -0.10931 -0.17319 -2.0836 -0.45703 0.30018 -2.9005 -1.9931
4 66 60 -0.56186 4.621 1.3367 -0.53345 3.406 0.98225 0.44801 3.4506 1.0282 1.1429 2.2034 0.23427 1.0485 1.5025 1.6045 -1.5162 3.3897 0.94557 -1.8033 1.8626 0.44131 -1.4822 1.9376 1.9476 0.76952 0.099916 0.14613 0.49654 -1.714 1.1706 0.67972 -3.4821 0.86883 -0.76952 -0.099916 -0.14613 -0.26424 -2.1333 -0.30187 0.22867 -2.6564 -1.9555
4 72 84 -0.51142 4.6147 1.3741 -0.47185 3.3964 1.0331 0.49295 3.393 1.2242 1.2656 2.01 0.82527 0.77827 1.8808 2.2825 -1.4379 3.4281 0.85122 -1.7276 2.2322 -0.22332 -1.857 1.6053 1.1795 0.77847 0.11207 0.070153 0.81289 -1.9819 -0.097751 0.89334 -3.3773 -1.2368 -0.77847 -0.11207 -0.070153 -0.59477 -1.7525 1.2297 -0.27791 -3.2951 0.35166
4 73 84 -0.58389 4.6422 1.2649 -0.4994 3.42 0.94515 0.45277 3.4381 1.1909 1.2386 2.0442 0.86163 0.63845 1.9161 2.2762 -1.4538 3.4305 0.70784 -1.6549 2.248 -0.40124 -1.8991 1.5939 0.9736 0.77668 0.10462 0.09654 0.88574 -1.9579 -0.28897 1.0148 -3.3583 -1.4172 -0.77668 -0.10462 -0.09654 -0.54666 -1.8014 1.1209 -0.23331 -3.5448 0.78417
5 0 216 -0.60982 4.7626 0.6982 -0.44256 3.523 0.50023 0.30537 3.5382 1.1388 0.90095 2.0189 1.2144 0.9389 0.78069 2.1326 -1.1949 3.5368 -0.13312 -1.2092 1.9572 -0.54962 -1.7644 0.53298 -0.34719 0.62268 -0.0039864 0.48554 0.51109 -2.0927 0.28767 1.1214 -3.5126 -0.64101 -0.62268 0.0039859 -0.48554 -1.2633 -1.7042 0.55652 -1.0409 -3.4933 0.5305
5 1 216 -0.62627 4.7613 0.67718 -0.44228 3.5213 0.49683 0.31366 3.5576 1.125 0.93808 2.0483 1.151 1.0537 0.79833 2.0465 -1.203 3.514 -0.12658 -1.2371 1.9267 -0.51113 -1.7808 0.4977 -0.31106 0.62227 -0.010726 0.48597 0.52983 -2.0959 0.24554 1.2017 -3.4652 -0.71608 -0.62227 0.010726 -0.48597 -1.2701 -1.7166 0.51948 -0.98689 -3.4962 0.45802
5 2 216 -0.63777 4.7658 0.62318 -0.44205 3.5245 0.46605 0.31554 3.5803 1.0908 0.97032 2.0839 1.0633 1.1695 0.81309 1.9137 -1.2047 3.4977 -0.15449 -1.262 1.9018 -0.49868 -1.7994 0.471 -0.29443 0.62049 -0.010542 0.48824 0.55563 -2.093 0.21692 1.2778 -3.4162 -0.77225 -0.62049 0.010542 -0.48824 -1.2536 -1.7448 0.47721 -0.91283 -3.5116 0.36199
5 3 216 -0.62711 4.7701 0.57945 -0.42742 3.5268 0.44501 0.33613 3.6 1.0606 1.0117 2.114 0.99798 1.2853 0.8158 1.7839 -1.1961 3.4827 -0.16697 -1.2755 1.8787 -0.46659 -1.8177 0.45405 -0.23428 0.62571 -0.012904 0.48148 0.57684 -2.0989 0.2351 1.3362 -3.3751 -0.78743 -0.62571 0.012905 -0.48148 -1.2016 -1.7893 0.43218 -0.81584 -3.5414 0.25263
5 9 216 -0.56226 4.7808 0.59443 -0.41367 3.536 0.41625 0.44323 3.6027 0.89442 1.0929 2.1182 0.68711 1.4183 0.82945 1.4687 -1.2749 3.4984 -0.057304 -1.5632 1.8912 -0.10851 -2.1099 0.62503 0.58098 0.66996 0.0060086 0.41787 0.28127 -1.9212 1.1589 1.0436 -3.0846 0.011511 -0.66996 -0.0060081 -0.41787 -0.89954 -1.9738 0.28159 -0.2916 -3.5699 -0.29613
5 10 216 -0.55092 4.7799 0.61455 -0.41421 3.5357 0.42355 0.44717 3.5913 0.89502 1.0782 2.1024 0.66341 1.392 0.81481 1.4517 -1.2796 3.5092 -0.043062 -1.6154 1.9104 -0.046533 -2.1678 0.67978 0.70048 0.66821 0.0062585 0.42066 0.18022 -1.8377 1.3016 0.87699 -3.1612 0.29479 -0.66821 -0.0062585 -0.42066 -0.85459 -1.9949 0.23107 -0.20693 -3.557 -0.39459
5 11 216 -0.54364 4.777 0.64426 -0.41386 3.5345 0.43767 0.45021 3.5802 0.90526 1.0656 2.0876 0.65605 1.3796 0.79165 1.4304 -1.2818 3.5178 -0.024752 -1.6537 1.9272 -0.0025819 -2.2132 0.74013 0.80704 0.66406 0.0040908 0.42721 0.081739 -1.7631 1.4031 0.69682 -3.258 0.60451 -0.66406 -0.0040913 -0.42721 -0.80118 -2.0178 0.15625 -0.12045 -3.5542 -0.49717
5 12 216 -0.54103 4.7739 0.67237 -0.41319 3.5332 0.45322 0.44802 3.571 0.92678 1.0528 2.0767 0.66161 1.3772 0.76354 1.4018 -1.2781 3.5245 -0.014919 -1.6779 1.9409 0.019749 -2.2619 0.80403 0.88236 0.65607 0.0008111 0.4394 0.0017692 -1.72 1.4517 0.51087 -3.3653 0.91812 -0.65607 -0.0008111 -0.4394 -0.73794 -2.0409 0.056341 -0.028267 -3.5604 -0.60558
5 31 252 -0.36151 4.7318 0.98222 -0.31836 3.5155 0.63256 0.45929 3.4165 1.2266 0.9531 1.9032 1.5938 1.0215 0.81787 2.6869 -1.0978 3.6432 0.046454 -1.2378 2.103 -0.47975 -1.8883 0.71537 -0.30957 0.62956 -0.011002 0.47648 0.27107 -2.0418 0.87848 0.81575 -3.6173 0.1913 -0.62956 0.011002 -0.47648 -1.2974 -1.7704 0.41506 -0.7815 -3.483 0.18745
5 32 252 -0.42117 4.7403 0.91754 -0.35562 3.5197 0.58655 0.39649 3.4321 1.2143 0.87488 1.9308 1.6455 0.83229 0.91802 2.8075 -1.1099 3.6361 -0.033777 -1.2095 2.0854 -0.53792 -1.8427 0.69054 -0.36185 0.61639 -0.002583 0.49351 0.32259 -2.0638 0.77521 0.89188 -3.6209 0.066478 -0.61639 0.002583 -0.49351 -1.3469 -1.7468 0.41215 -0.97468 -3.511 0.41947
5 44 264 -0.59606 4.7877 0.48585 -0.40511 3.5443 0.34013 0.33378 3.6195 0.9849 0.97587 2.1178 0.94852 1.4041 0.76448 1.5508 -1.1489 3.4982 -0.30176 -1.2547 1.8919 -0.57968 -1.9544 0.6208 -0.05782 0.6271 0.0050907 0.47981 0.57141 -2.0372 0.97007 1.5392 -3.0134 -0.19669 -0.6271 -0.0050907 -0.47981 -1.0072 -1.9116 0.31697 -0.33555 -3.5605 0.032322
5 45 264 -0.59904 4.7861 0.49556 -0.41481 3.5456 0.32246 0.32058 3.6133 0.97207 0.97119 2.1162 0.90722 1.3957 0.75771 1.5004 -1.1549 3.5071 -0.32413 -1.2846 1.9002 -0.5879 -2.0279 0.67168 -0.025755 0.60579 0.005693 0.50644 0.39676 -1.9854 1.1437 1.4153 -3.0785 0.13435 -0.60579 -0.0056934 -0.50644 -0.95075 -1.9369 0.24559 -0.2322 -3.5622 -0.059821
5 47 276 -0.52357 4.7873 0.57507 -0.3844 3.5447 0.3754 0.44244 3.5962 0.90553 1.0724 2.1085 0.66315 1.5352 0.7484 1.2232 -1.2151 3.5225 -0.15075 -1.4308 1.9155 -0.3503 -2.1111 0.76979 0.42564 0.66085 0.011111 0.43203 0.26382 -1.8704 1.2785 1.1325 -3.3073 0.62147 -0.66085 -0.01111 -0.43203 -0.82452 -1.9818 0.27774 -0.079205 -3.5412 -0.2358
5 48 276 -0.54457 4.7864 0.56294 -0.40148 3.545 0.35886 0.40588 3.5899 0.91878 1.0371 2.1039 0.66997 1.4608 0.74752 1.2687 -1.2127 3.5293 -0.19705 -1.4469 1.9229 -0.37958 -2.161 0.80656 0.40878 0.63638 0.011895 0.4673 0.077182 -1.8262 1.3176 0.88942 -3.4089 1.0242 -0.63638 -0.011895 -0.4673 -0.78044 -2.0037 0.18569 0.014344 -3.529 -0.35532
5 73 0 -0.35361 4.7603 0.79408 -0.31186 3.543 0.4574 0.46418 3.4942 1.0597 0.85625 2.0275 1.6627 0.67623 1.2165 2.9618 -1.0902 3.6208 -0.13883 -1.2656 2.0514 -0.55702 -1.8291 0.63155 -0.34652 0.67449 0.021533 0.41 0.512 -2.0729 0.44663 0.84183 -3.6441 -0.37392 -0.67449 -0.021533 -0.41 -1.2516 -1.7431 0.64715 -0.81548 -3.4922 0.67947
5 82 12 -0.54 4.7864 0.52352 -0.37944 3.5442 0.34388 0.40124 3.6275 0.9363 1.0764 2.1401 0.95678 1.2234 0.81067 1.7241 -1.165 3.4902 -0.24546 -1.283 1.8723 -0.43855 -1.7989 0.52675 0.11 0.66798 0.0069556 0.42101 0.63145 -2.0775 0.68145 1.2813 -3.0434 -0.6954 -0.66798 -0.0069551 -0.42101 -0.94404 -1.9247 0.39172 -0.23747 -3.5461 0.041518
5 83 12 -0.58004 4.7847 0.51081 -0.41019 3.5437 0.32941 0.36263 3.6232 0.93255 1.0431 2.1383 0.90622 1.3114 0.77866 1.5823 -1.188 3.4933 -0.27048 -1.3265 1.874 -0.43565 -1.8785 0.56745 0.16926 0.65334 0.01264 0.44327 0.50388 -2.0356 0.88663 1.2566 -3.0104 -0.43024 -0.65334 -0.01264 -0.44327 -0.91404 -1.9443 0.34097 -0.1784 -3.5435 -0.049094
5 84 12 -0.6098 4.7842 0.49043 -0.43566 3.5444 0.30467 0.3279 3.6199 0.92 1.0098 2.1368 0.85606 1.3695 0.76492 1.4613 -1.2042 3.4981 -0.30738 -1.3864 1.8791 -0.4265 -1.9782 0.60866 0.21659 0.63463 0.01784 0.46949 0.33974 -1.9762 1.0619 1.1847 -3.0442 -0.11979 -0.63463 -0.01784 -0.46949 -0.87161 -1.9638 0.28628 -0.11406 -3.5418 -0.14612
5 85 12 -0.62449 4.7846 0.47076 -0.45082 3.545 0.28329 0.30376 3.614 0.91034 0.99035 2.1344 0.82003 1.3962 0.75959 1.3882 -1.2103 3.5051 -0.34043 -1.4461 1.8901 -0.41014 -2.0728 0.65446 0.2666 0.61412 0.020024 0.49594 0.16565 -1.9116 1.1901 1.0706 -3.1259 0.21154 -0.61412 -0.020024 -0.49594 -0.82466 -1.9832 0.22237 -0.043457 -3.5402 -0.24288
5 86 24 -0.53409 4.783 0.5837 -0.40598 3.5438 0.35958 0.45637 3.6027 0.82888 1.1154 2.1289 0.57888 1.63 0.75329 1.0484 -1.2722 3.5141 -0.1053 -1.5478 1.9039 -0.089955 -2.0458 0.7026 0.73856 0.68782 0.022846 0.38715 0.26142 -1.8492 1.2403 0.98901 -3.2339 0.34356 -0.68782 -0.022846 -0.38715 -0.73759 -2.0005 0.32055 -0.043514 -3.5308 -0.33297
5 87 24 -0.56491 4.7806 0.57493 -0.43261 3.5423 0.3475 0.41965 3.5972 0.83537 1.0868 2.1291 0.57386 1.5774 0.75305 1.0674 -1.2888 3.5167 -0.1359 -1.5925 1.9121 -0.094616 -2.1149 0.74218 0.76333 0.67065 0.026617 0.41595 0.12586 -1.7969 1.3061 0.83336 -3.3346 0.68519 -0.67065 -0.026618 -0.41595 -0.71074 -2.0219 0.2409 0.016047 -3.5229 -0.44444
5 88 24 -0.58401 4.7794 0.5689 -0.45113 3.5417 0.33778 0.39246 3.5882 0.84132 1.0649 2.1226 0.57949 1.5215 0.7476 1.1073 -1.2986 3.5244 -0.16113 -1.6222 1.9241 -0.10675 -2.1677 0.77861 0.76958 0.6544 0.0288 0.44094 0.010445 -1.7563 1.3427 0.6229 -3.4164 0.99657 -0.6544 -0.028801 -0.44094 -0.66443 -2.0454 0.14867 0.091139 -3.5227 -0.55675
5 109 60 -0.378 4.7702 0.79983 -0.29624 3.5358 0.52826 0.54667 3.4859 1.0326 0.97768 1.9329 1.2997 0.85127 0.89143 2.4297 -1.1411 3.6147 0.030922 -1.3216 2.0315 -0.32919 -1.8906 0.6703 0.119 0.69078 0.0089307 0.38241 0.44307 -2.0663 0.59812 0.85497 -3.6132 -0.23156 -0.69078 -0.0089302 -0.38241 -1.2276 -1.7603 0.64664 -1.0003 -3.536 0.43245
5 110 60 -0.39423 4.7743 0.76841 -0.30662 3.5383 0.50625 0.53841 3.4999 1.0081 0.95992 1.9468 1.2892 0.7781 0.94329 2.4457 -1.1538 3.6057 0.011221 -1.3203 2.021 -0.34909 -1.8739 0.6448 0.071911 0.69549 0.013216 0.37366 0.5179 -2.078 0.47241 0.923 -3.613 -0.38223 -0.69549 -0.013217 -0.37366 -1.1958 -1.737 0.71834 -1.1465 -3.5381 0.65019
5 111 60 -0.39757 4.778 0.74104 -0.31024 3.541 0.48315 0.54595 3.5085 0.96609 0.96344 1.9553 1.2523 0.74431 0.97413 2.4215 -1.1685 3.6026 0.0067433 -1.3196 2.0172 -0.35727 -1.8555 0.62438 0.030707 0.70357 0.018094 0.358 0.58969 -2.0798 0.36496 0.99308 -3.5963 -0.52305 -0.70357 -0.018094 -0.358 -1.1502 -1.7253 0.78231 -1.2308 -3.5265 0.7897
6 0 12 -0.32816 4.7141 1.005 -0.34427 3.4745 0.74624 0.428 3.3527 1.343 0.91805 1.8042 1.1678 1.0477 0.43396 1.8629 -1.1165 3.6253 0.15612 -1.579 2.1336 -0.32317 -2.4395 0.85687 -0.23836 0.64503 -0.011706 0.4553 0.1784 -1.9894 0.98941 0.68637 -3.7184 0.9304 -0.64503 0.011706 -0.4553 -0.85021 -1.9967 0.12639 -0.75163 -3.6925 -0.47823
6 3 24 -0.35249 4.7089 1.0331 -0.35267 3.4697 0.77526 0.42922 3.3383 1.3573 0.94806 1.7971 1.2007 1.0236 0.43061 1.911 -1.1346 3.6301 0.20064 -1.5419 2.1534 -0.36708 -2.4222 0.88754 -0.34737 0.64719 -0.013711 0.45216 0.23944 -2.0204 0.92269 0.7041 -3.7428 0.66168 -0.64719 0.013711 -0.45216 -0.90198 -2.0012 0.086055 -0.7717 -3.6837 -0.54885
6 22 48 -0.5688 4.7612 0.71816 -0.41438 3.5162 0.55905 0.36228 3.5013 1.1623 0.86714 1.9495 1.2391 0.41394 0.83768 2.2066 -1.1943 3.5602 -0.038585 -1.2318 1.9976 -0.5135 -1.7791 0.55701 -0.45875 0.6724 0.013912 0.41374 0.78141 -2.0194 -0.10409 1.1037 -3.5937 -0.92178 -0.6724 -0.013912 -0.41374 -1.2148 -1.7736 0.59807 -1.2779 -3.5555 0.86557
6 23 48 -0.56515 4.7573 0.73773 -0.4087 3.5122 0.58226 0.37627 3.5042 1.1748 0.90507 1.9589 1.2085 0.53882 0.79976 2.1571 -1.197 3.5492 -0.0046907 -1.2413 1.9825 -0.46537 -1.7826 0.5405 -0.39271 0.67021 0.0042269 0.41749 0.82314 -2.0137 -0.14715 1.2063 -3.5451 -1.0183 -0.67021 -0.0042267 -0.41749 -1.2063 -1.7627 0.59973 -1.2315 -3.5532 0.80994
6 31 36 -0.48421 4.7541 0.79944 -0.41272 3.5087 0.58549 0.35737 3.4404 1.1935 0.93444 1.913 1.1402 0.97351 0.62525 1.9875 -1.1847 3.6062 -0.016089 -1.5883 2.0436 -0.26984 -2.406 0.85074 0.26497 0.61535 -0.005681 0.49478 0.35892 -2.052 0.89604 1.3742 -3.0754 -0.18699 -0.61535 0.005681 -0.49478 -0.97029 -1.948 0.19186 -0.53187 -3.6751 -0.083136
6 32 36 -0.47751 4.7532 0.80365 -0.41606 3.5086 0.58205 0.36909 3.4347 1.1698 0.9421 1.907 1.0897 0.95871 0.64783 1.9796 -1.2028 3.6114 0.00084321 -1.6909 2.0647 -0.19414 -2.5417 0.91593 0.38388 0.61523 -0.0029469 0.49495 0.19308 -1.9835 1.0548 1.1486 -3.1448 0.060145 -0.61523 0.0029473 -0.49495 -0.93171 -1.9675 0.16182 -0.43862 -3.6701 -0.16816
6 36 48 -0.29927 4.7659 0.82452 -0.28488 3.5206 0.59962 0.61927 3.4468 0.97966 1.1372 1.9195 0.71983 1.3432 0.64584 1.5643 -1.189 3.6234 0.22623 -1.8369 2.1264 0.31497 -2.5976 1.1914 1.2766 0.69372 -0.0040016 0.37714 0.097391 -1.7763 1.3351 0.31676 -3.5544 1.1328 -0.69372 0.0040011 -0.37714 -0.69827 -2.0565 0.033426 -0.14217 -3.6675 -0.55501
6 37 48 -0.29723 4.7706 0.80341 -0.27445 3.5245 0.58426 0.62458 3.4527 0.97662 1.143 1.9284 0.69986 1.3712 0.6214 1.4856 -1.1735 3.6254 0.19846 -1.828 2.1325 0.30662 -2.5956 1.2386 1.3014 0.6852 -0.0093427 0.39232 0.070589 -1.7832 1.3357 0.11471 -3.583 1.4351 -0.6852 0.0093431 -0.39232 -0.63017 -2.0709 -0.10285 -0.050532 -3.6719 -0.696
6 38 48 -0.29967 4.7739 0.78553 -0.26903 3.5273 0.571 0.62337 3.4545 0.97804 1.1487 1.9363 0.68213 1.3991 0.59688 1.404 -1.1615 3.6292 0.17048 -1.8173 2.1375 0.28734 -2.5884 1.2659 1.299 0.67475 -0.013171 0.40993 0.049009 -1.794 1.3327 -0.0818 -3.5555 1.6945 -0.67475 0.013171 -0.40993 -0.56294 -2.0774 -0.23319 0.035866 -3.6709 -0.82732
6 58 60 -0.38176 4.8075 0.49127 -0.29744 3.5521 0.35986 0.5013 3.5116 0.93235 0.80932 2.0113 1.5007 0.34662 1.2771 2.7753 -1.0975 3.6221 -0.20798 -1.2796 2.0431 -0.58535 -1.9036 0.70318 -0.14611 0.68575 0.032121 0.39015 0.56118 -2.0544 0.17745 0.75919 -3.6913 -0.55212 -0.68575 -0.032122 -0.39015 -1.106 -1.8125 0.64321 -1.1245 -3.5995 0.88255
6 59 60 -0.39238 4.8082 0.47052 -0.30588 3.5523 0.34572 0.50311 3.519 0.9041 0.80083 2.0213 1.4846 0.24535 1.3767 2.7706 -1.1162 3.615 -0.20819 -1.3061 2.0341 -0.57365 -1.9256 0.69403 -0.12847 0.69474 0.038469 0.3733 0.64309 -2.0321 0.020729 0.8167 -3.6673 -0.71877 -0.69474 -0.038469 -0.3733 -1.0798 -1.8107 0.68741 -1.1774 -3.5644 1.0951
6 60 60 -0.39846 4.8092 0.45685 -0.31011 3.5532 0.33352 0.5112 3.5274 0.87402 0.81047 2.0302 1.455 0.19115 1.4433 2.7394 -1.1329 3.6084 -0.20256 -1.3281 2.0257 -0.55726 -1.9433 0.68116 -0.11997 0.70338 0.043093 0.35622 0.70696 -2.0057 -0.10931 0.8718 -3.6342 -0.8655 -0.70338 -0.043093 -0.35622 -1.0536 -1.8121 0.7219 -1.1665 -3.5451 1.2065
6 61 60 -0.41056 4.8106 0.43635 -0.31791 3.5543 0.31721 0.51373 3.5376 0.84206 0.82652 2.0366 1.4057 0.16991 1.4662 2.679 -1.1511 3.6005 -0.20332 -1.3492 2.0158 -0.547 -1.952 0.65904 -0.13026 0.71114 0.047941 0.33983 0.7553 -1.9773 -0.21773 0.9257 -3.586 -1.014 -0.71114 -0.047941 -0.33983 -1.0304 -1.8265 0.73212 -1.1165 -3.5595 1.2222
6 62 60 -0.42793 4.8096 0.42108 -0.33393 3.5527 0.30944 0.51004 3.5454 0.81444 0.84928 2.0373 1.3431 0.18516 1.4329 2.5966 -1.1796 3.5895 -0.19149 -1.3781 2.0028 -0.5259 -1.963 0.63138 -0.13256 0.72006 0.054033 0.31951 0.79978 -1.9468 -0.31667 0.98363 -3.5336 -1.1527 -0.72006 -0.054033 -0.31951 -1.012 -1.836 0.75465 -1.0456 -3.5914 1.1648
6 63 60 -0.43145 4.806 0.43562 -0.3315 3.5483 0.33597 0.52326 3.5565 0.82248 0.89992 2.0366 1.2882 0.26732 1.3549 2.5182 -1.1881 3.5697 -0.14681 -1.3839 1.9814 -0.47477 -1.9475 0.59372 -0.10812 0.73144 0.049093 0.29341 0.84579 -1.9296 -0.4036 1.0515 -3.489 -1.285 -0.73144 -0.049093 -0.29341 -1.0034 -1.8285 0.79015 -0.98701 -3.608 1.0799
6 64 60 -0.41903 4.8031 0.4515 -0.30406 3.5458 0.36615 0.56001 3.5712 0.8353 0.97627 2.0375 1.2139 0.4231 1.2294 2.405 -1.1703 3.55 -0.099567 -1.3611 1.9589 -0.41704 -1.9029 0.5553 -0.079406 0.73634 0.031991 0.28333 0.85845 -1.9476 -0.41007 1.1242 -3.4373 -1.3903 -0.73634 -0.031991 -0.28333 -1.0123 -1.8154 0.79261 -0.92537 -3.6087 0.95772
6 66 48 -0.52186 4.795 0.36243 -0.36739 3.5394 0.33518 0.39089 3.5985 0.95878 0.83223 2.0488 1.2283 0.37326 0.93787 2.1941 -1.1292 3.5098 -0.28625 -1.2622 1.9126 -0.60244 -1.8405 0.50113 -0.37686 0.66897 0.017378 0.41913 0.88805 -2.0062 -0.10191 1.5291 -3.3114 -1.1679 -0.66897 -0.017378 -0.41913 -1.1042 -1.849 0.51351 -0.91195 -3.6417 0.52654
6 67 48 -0.49375 4.7937 0.38637 -0.33047 3.5389 0.36258 0.44142 3.6082 0.96817 0.9191 2.0583 1.1636 0.68305 0.825 2.0586 -1.106 3.4991 -0.24101 -1.2495 1.8994 -0.53935 -1.8381 0.50075 -0.26549 0.67974 0.0025463 0.4018 0.83977 -2.0625 0.049016 1.5531 -3.2246 -1.1306 -0.67974 -0.0025463 -0.4018 -1.0587 -1.8793 0.46329 -0.80594 -3.6637 0.40868
6 69 36 -0.56804 4.786 0.36041 -0.39203 3.5327 0.35118 0.28239 3.6067 1.0632 0.79512 2.0668 1.2493 0.8346 0.72072 2.0005 -1.0707 3.4881 -0.35931 -1.1991 1.8854 -0.64817 -1.8899 0.53668 -0.36257 0.60425 -0.0086217 0.50823 0.57754 -2.1085 0.5735 1.5931 -3.0625 -0.57083 -0.60425 0.0086222 -0.50823 -1.0325 -1.9289 0.18243 -0.64318 -3.6855 0.066506
6 70 36 -0.57523 4.7875 0.38533 -0.40143 3.5341 0.35194 0.29739 3.6013 1.0408 0.85261 2.0713 1.1805 1.0487 0.71819 1.8935 -1.1044 3.4963 -0.33489 -1.2893 1.8936 -0.59149 -1.9988 0.57423 -0.22578 0.60743 -0.0038543 0.50449 0.43625 -2.0833 0.75129 1.4273 -3.0782 -0.37956 -0.60743 0.0038538 -0.50449 -0.98719 -1.954 0.1565 -0.53366 -3.6907 -0.013693
6 71 36 -0.57201 4.7915 0.39503 -0.40677 3.5376 0.33942 0.31205 3.5933 1.0084 0.90728 2.0749 1.1042 1.1841 0.72824 1.8023 -1.1295 3.5113 -0.32713 -1.3842 1.9107 -0.53224 -2.1093 0.6205 -0.099531 0.60358 0.0014014 0.5091 0.30115 -2.0394 0.90629 1.2372 -3.1573 -0.15445 -0.60358 -0.0014009 -0.5091 -0.93805 -1.9733 0.13434 -0.42009 -3.6854 -0.092331
6 72 36 -0.5688 4.7935 0.40336 -0.41555 3.5391 0.3279 0.3163 3.5817 0.9836 0.94292 2.0743 1.045 1.2474 0.73506 1.746 -1.1511 3.5259 -0.32494 -1.4775 1.9325 -0.47817 -2.2228 0.68085 0.027203 0.59603 0.0065432 0.51788 0.16015 -1.981 1.0413 1.0075 -3.2698 0.10755 -0.59603 -0.0065432 -0.51788 -0.89206 -1.9892 0.1112 -0.31044 -3.6722 -0.17184
