0 44 180 0.2422 4.7818 -0.51989 0.0057554 3.572 -0.2848 -0.92716 3.5969 -0.59532 -0.86235 2.35 -1.6488 0.49613 2.299 -2.3766 0.94017 3.5767 0.022127 1.5961 2.6576 1.2028 2.8316 2.4578 2.1035 -0.71135 0.040276 0.34038 -0.64916 -2.0555 0.47486 0.10355 -3.5619 1.1191 0.71135 -0.040276 -0.34038 0.02921 -1.8276 -1.2089 0.28279 -3.6014 -1.4092
0 53 180 0.23836 4.7734 -0.58385 -0.018326 3.565 -0.34869 -0.97016 3.6145 -0.59145 -0.51989 2.3556 -1.5301 0.9906 2.5193 -1.2669 0.93571 3.5449 -0.11044 1.6306 2.3635 0.77849 2.8738 1.6894 1.3932 -0.70629 0.039004 0.3509 -0.63137 -2.0533 0.52728 0.094902 -3.558 1.2049 0.70629 -0.039004 -0.3509 0.03979 -1.83 -1.2242 0.28109 -3.6113 -1.3634
0 53 192 0.11177 4.7734 -0.62065 -0.090423 3.565 -0.33726 -1.0719 3.6145 -0.37681 -0.82666 2.3556 -1.3886 0.70555 2.5193 -1.4452 0.8923 3.5449 -0.30257 1.7569 2.3635 0.42245 3.1006 1.6894 0.76522 -0.6179 0.039004 0.49008 -0.50794 -2.0533 0.64703 0.34334 -3.558 1.1588 0.6179 -0.039004 -0.49008 -0.2156 -1.83 -1.2057 -0.0085132 -3.6113 -1.392
0 54 168 0.2561 4.7814 -0.52681 -0.012511 3.5667 -0.33517 -0.93282 3.6211 -0.67784 -0.43347 2.3854 -1.6225 1.0751 2.5334 -1.3398 0.91049 3.5416 0.0036641 1.5744 2.3878 0.9505 2.8141 1.7701 1.6283 -0.74449 0.027053 0.26172 -0.7685 -2.0685 0.41091 -0.17354 -3.5755 1.202 0.74449 -0.027053 -0.26172 0.25102 -1.8422 -1.1977 0.54408 -3.6199 -1.2657
0 54 180 0.14097 4.7814 -0.56854 -0.081923 3.5667 -0.32524 -1.0534 3.6211 -0.46909 -0.76134 2.3854 -1.497 0.77306 2.5334 -1.534 0.89135 3.5416 -0.18572 1.7377 2.3878 0.60239 3.0912 1.7701 1.0076 -0.67381 0.027053 0.41079 -0.66628 -2.0685 0.56171 0.080163 -3.5755 1.2118 0.67381 -0.027053 -0.41079 -0.0034829 -1.8422 -1.2237 0.26904 -3.6199 -1.3512
0 77 48 0.27303 4.8298 -0.36025 0.22946 3.5723 -0.23388 -0.61085 3.5202 -0.74234 -0.64742 1.9027 -0.96785 -0.14511 1.248 -2.2704 1.0704 3.6537 0.26974 1.5448 2.0986 0.11024 2.3831 1.185 -0.80633 -0.65666 0.02617 -0.43773 -0.37978 -1.9875 -0.96962 -0.83015 -3.7037 -0.64953 0.65666 -0.02617 0.43773 0.94436 -2.0811 0.10777 0.54443 -3.6833 0.83158
0 106 60 0.08818 4.8273 -0.3904 0.085851 3.5681 -0.3465 -0.73931 3.4909 -0.87613 -0.30901 2.204 -1.7857 0.84031 2.0464 -2.8015 0.91061 3.6748 0.17862 1.8118 2.515 -0.53654 2.1165 2.151 -2.0036 -0.67262 -0.012396 -0.41343 -0.41853 -2.0527 -0.84559 -0.79862 -3.7495 -0.36859 0.67262 0.012396 0.41343 1.0168 -2.0367 0.10165 0.85904 -3.7266 0.71001
0 107 60 0.078688 4.8283 -0.38551 0.075886 3.5692 -0.33961 -0.74978 3.4932 -0.86864 -0.41592 2.0794 -1.6159 0.6577 1.6964 -2.6544 0.90121 3.6747 0.18487 1.7257 2.3771 -0.36762 2.1148 1.8546 -1.7652 -0.67119 -0.013959 -0.4157 -0.42076 -2.0574 -0.83493 -0.81344 -3.7492 -0.35058 0.67119 0.013959 0.4157 1.0071 -2.0385 0.11771 0.84043 -3.7272 0.72707
0 108 60 0.063169 4.8316 -0.36467 0.062058 3.5718 -0.31498 -0.76586 3.495 -0.84035 -0.54208 1.9817 -1.4134 0.41636 1.3933 -2.4684 0.8895 3.678 0.206 1.6256 2.2703 -0.17506 2.0866 1.576 -1.4724 -0.6706 -0.014527 -0.41663 -0.42686 -2.062 -0.82002 -0.82955 -3.7486 -0.32601 0.6706 0.014527 0.41663 0.99776 -2.0419 0.13684 0.8209 -3.7283 0.74988
3 49 132 0.17271 4.8261 -0.089974 0.20371 3.5709 -0.2127 -0.36306 3.5631 -1.0165 -1.2291 2.1869 -0.85925 -1.3534 0.67709 -1.1468 0.76947 3.6084 0.59096 1.3065 2.0698 0.70503 2.5247 2.1895 -0.23266 -0.37199 -0.022913 -0.69613 0.93215 -1.3421 -1.6827 -0.44387 -1.3443 -0.51757 0.37199 0.022914 0.69613 -0.16386 -2.0084 0.72666 -0.64616 -3.7457 0.73728
3 56 132 0.074513 4.8219 -0.072598 0.13916 3.5752 -0.25309 -0.45605 3.5876 -1.036 -1.5216 2.3666 -0.82989 -1.8571 0.86968 -0.98635 0.7327 3.5925 0.53099 1.7853 2.3482 0.41928 2.8103 3.0008 -0.52989 -0.37959 -0.054006 -0.69028 0.87285 -1.6961 -1.0764 0.66431 -3.4324 -0.63725 0.37959 0.054006 0.69028 -0.47211 -1.8508 0.93613 -1.2176 -3.4818 1.1235
4 2 60 0.26231 4.6781 -1.1948 0.28693 3.469 -0.8186 -0.58523 3.3185 -1.2476 -0.91047 1.7179 -1.2148 -0.29559 1.0958 -2.4847 1.1581 3.6478 -0.39863 1.393 2.2656 0.43987 2.1141 0.95206 0.076301 -0.72515 0.023084 -0.31165 -0.34899 -2.017 -0.64487 -0.52017 -3.6611 0.075061 0.72515 -0.023084 0.31165 1.0235 -1.8994 -0.58543 0.4549 -3.2083 0.51651
4 3 60 0.29345 4.6605 -1.2554 0.30575 3.4583 -0.85712 -0.56831 3.306 -1.2816 -0.89331 1.7051 -1.2705 -0.19496 1.1939 -2.5467 1.179 3.6388 -0.44215 1.3891 2.285 0.44767 2.1119 0.9804 0.056268 -0.7261 0.023639 -0.30938 -0.39357 -2.0382 -0.53854 -0.58653 -3.6539 0.23808 0.7261 -0.023639 0.30938 1.0425 -1.8374 -0.70277 0.54877 -3.3146 0.2055
5 11 24 0.66571 4.777 -0.51715 0.49582 3.5345 -0.34206 -0.25216 3.5802 -0.97908 -0.90594 2.0876 -0.86327 -1.052 0.79165 -1.6859 1.2486 3.5178 0.2907 1.617 1.9272 0.34635 2.3327 0.74013 -0.32924 -0.56072 0.0040908 -0.55594 0.21177 -1.7631 -1.3895 -0.55591 -3.258 -0.73618 0.56072 -0.0040913 0.55594 0.81616 -2.0178 0.013741 0.014449 -3.5542 0.51135
5 14 36 0.52517 4.7676 -0.72814 0.40191 3.5291 -0.49446 -0.44052 3.5474 -1.0018 -1.0525 2.0626 -0.7024 -1.4153 0.71383 -1.3557 1.2479 3.5398 0.0070841 1.6719 1.9622 -0.0076433 2.3167 0.91078 -0.93306 -0.63257 -0.013056 -0.47242 0.1404 -1.6937 -1.4685 -0.070193 -3.4824 -1.5538 0.63257 0.013056 0.47242 0.60677 -2.0667 0.17547 -0.17164 -3.5512 0.83965
5 15 36 0.51195 4.7652 -0.75313 0.38948 3.5282 -0.51108 -0.43993 3.5362 -1.0396 -1.0671 2.06 -0.72924 -1.4488 0.69703 -1.3409 1.2224 3.5492 0.011549 1.6465 1.9716 0.022677 2.3129 0.93983 -0.90949 -0.61671 -0.022441 -0.49261 0.22014 -1.6909 -1.4571 0.16029 -3.4633 -1.7828 0.61671 0.022442 0.49261 0.53645 -2.0674 0.29116 -0.27603 -3.5339 0.95451
5 16 36 0.50989 4.763 -0.77053 0.38442 3.5284 -0.51747 -0.42858 3.5245 -1.071 -1.07 2.0559 -0.75415 -1.4719 0.68154 -1.3263 1.201 3.5612 0.029866 1.6158 1.9817 0.074925 2.3021 0.94255 -0.83432 -0.59947 -0.027461 -0.5132 0.28787 -1.6935 -1.4359 0.32231 -3.4402 -1.8816 0.59947 0.027461 0.5132 0.47163 -2.0663 0.39513 -0.37749 -3.5099 1.063
5 17 36 0.5051 4.7634 -0.77244 0.37835 3.53 -0.51446 -0.41662 3.5145 -1.0934 -1.0681 2.0494 -0.78092 -1.4907 0.6678 -1.3197 1.1768 3.5743 0.058141 1.5708 1.9913 0.1465 2.275 0.91481 -0.70371 -0.58619 -0.029342 -0.52822 0.3186 -1.6995 -1.4261 0.37837 -3.4474 -1.8646 0.58619 0.029342 0.52822 0.40621 -2.0633 0.47463 -0.46765 -3.4791 1.1693
5 24 48 0.47287 4.7368 -0.91708 0.39752 3.5112 -0.60588 -0.37687 3.4195 -1.2053 -0.95806 1.8993 -1.0644 -1.2969 0.52789 -1.6825 1.1737 3.6317 -0.014006 1.3605 2.1215 0.58027 1.9725 0.70627 0.59193 -0.58285 -0.012163 -0.53258 0.13808 -1.8294 -1.3022 -0.18727 -3.6004 -1.2093 0.58285 0.012163 0.53258 0.68935 -2.086 0.50959 -0.3645 -3.0523 1.608
5 28 60 0.41621 4.7187 -1.025 0.35506 3.508 -0.65846 -0.39716 3.393 -1.2816 -0.89659 1.8539 -1.5065 -1.0938 0.5757 -2.3461 1.1094 3.6515 -0.043821 1.268 2.1554 0.59274 1.9314 0.7636 0.56983 -0.59296 -0.021387 -0.521 -0.014973 -1.9441 -1.1402 -0.5414 -3.6139 -0.70937 0.59296 0.021388 0.521 1.1686 -1.9095 -0.074472 0.23437 -3.1921 0.78167
5 29 60 0.4597 4.7211 -0.99191 0.38242 3.5099 -0.63027 -0.3305 3.3961 -1.2982 -0.79783 1.8626 -1.6128 -0.89225 0.6393 -2.5467 1.0979 3.6523 0.029424 1.2136 2.142 0.64123 1.8887 0.75603 0.6092 -0.56473 -0.020052 -0.55153 -0.0084301 -1.977 -1.0761 -0.59802 -3.6107 -0.59196 0.56473 0.020053 0.55153 1.2339 -1.8528 -0.1258 0.37998 -3.3107 0.50385
5 44 72 0.68405 4.7877 -0.35131 0.46697 3.5443 -0.24847 -0.12172 3.6195 -1.0328 -0.75734 2.1178 -1.1307 -1.051 0.76448 -1.8088 1.0611 3.4982 0.53404 1.1067 1.8919 0.82787 1.8997 0.6208 0.46291 -0.51363 0.0050907 -0.59971 -0.35724 -2.0372 -1.0677 -1.5465 -3.0134 -0.12763 0.51363 -0.0050907 0.59971 1.0511 -1.9116 -0.10064 0.33494 -3.5605 0.038149
5 45 72 0.68898 4.7861 -0.36019 0.47279 3.5456 -0.22917 -0.11147 3.6133 -1.0175 -0.76135 2.1162 -1.0893 -1.0532 0.75771 -1.7578 1.0623 3.5071 0.55717 1.1343 1.9002 0.84215 1.9783 0.67168 0.44682 -0.48726 0.005693 -0.62132 -0.15031 -1.9854 -1.2012 -1.3564 -3.0785 -0.42568 0.48726 -0.0056934 0.62133 0.98104 -1.9369 -0.042552 0.21469 -3.5622 0.10679
5 47 84 0.63169 4.7873 -0.45364 0.45405 3.5447 -0.28728 -0.2445 3.5962 -0.97773 -0.91107 2.1085 -0.87162 -1.2473 0.7484 -1.5157 1.1572 3.5225 0.40008 1.3267 1.9155 0.64011 2.1534 0.76979 0.022581 -0.55658 0.011111 -0.55999 0.0077581 -1.8704 -1.3054 -0.97854 -3.3073 -0.84335 0.55658 -0.01111 0.55999 0.86425 -1.9818 -0.10024 0.028448 -3.5412 0.24712
5 48 84 0.64972 4.7864 -0.43741 0.46732 3.545 -0.26754 -0.20598 3.5899 -0.98309 -0.87511 2.1039 -0.87095 -1.1651 0.74752 -1.5447 1.1452 3.5293 0.44488 1.3364 1.9229 0.67211 2.1988 0.80656 0.049455 -0.52532 0.011895 -0.5894 0.19845 -1.8262 -1.3049 -0.65703 -3.4089 -1.1868 0.52532 -0.011895 0.5894 0.80199 -2.0037 -0.019375 -0.087906 -3.529 0.34458
5 49 96 0.5489 4.7857 -0.55504 0.40568 3.5461 -0.34006 -0.38189 3.5812 -0.92817 -1.019 2.094 -0.70209 -1.4023 0.73793 -1.3281 1.1971 3.5404 0.24385 1.4373 1.934 0.41881 2.179 0.83111 -0.36299 -0.61 0.0079546 -0.50134 0.077866 -1.8012 -1.3188 -0.57913 -3.4801 -1.3396 0.61 -0.0079546 0.50134 0.72404 -2.023 -0.082348 -0.12015 -3.5171 0.47096
5 50 96 0.56619 4.7833 -0.55028 0.42215 3.546 -0.3248 -0.34531 3.5765 -0.93916 -0.98817 2.0853 -0.76071 -1.337 0.728 -1.4039 1.1935 3.5448 0.28539 1.438 1.9383 0.45345 2.2003 0.82974 -0.29993 -0.58637 0.0075855 -0.52878 0.19895 -1.7676 -1.3326 -0.23135 -3.504 -1.5577 0.58637 -0.007586 0.52878 0.66139 -2.041 0.0055825 -0.22276 -3.5072 0.57095
5 64 144 0.42399 4.7273 -0.94201 0.34351 3.5254 -0.55719 -0.32976 3.4214 -1.2666 -0.93101 1.9085 -1.4024 -1.2307 0.59035 -2.1442 1.0193 3.6582 0.14493 1.2151 2.1174 0.6511 2.0086 0.82733 0.36173 -0.54774 -0.021123 -0.56836 0.045818 -1.9462 -1.1652 -0.46495 -3.6525 -0.88531 0.54774 0.021123 0.56836 1.0418 -1.9807 0.16462 -0.11134 -3.0641 1.029
5 67 156 0.39669 4.7216 -0.97484 0.33169 3.5219 -0.57945 -0.33882 3.3999 -1.2886 -0.83134 1.8891 -1.6678 -0.93059 0.71191 -2.6588 1.0044 3.6726 0.12203 1.1876 2.1198 0.5951 1.9686 0.8232 0.301 -0.54983 -0.021945 -0.56631 -0.054886 -2.0136 -1.0166 -0.61702 -3.6488 -0.50581 0.54983 0.021945 0.56631 1.2125 -1.8482 -0.12477 0.32825 -3.3493 0.33975
5 70 168 0.37881 4.734 -0.90762 0.32969 3.5294 -0.52745 -0.37009 3.4275 -1.2111 -0.76986 1.9467 -1.7733 -0.72084 0.96703 -2.963 1.0316 3.66 0.14903 1.2071 2.1004 0.60243 1.8879 0.74196 0.34033 -0.59669 0.00010967 -0.51716 -0.30153 -2.0663 -0.7563 -0.77236 -3.6687 -0.077048 0.59669 -0.00010967 0.51716 1.28 -1.7644 -0.3964 0.79709 -3.5008 -0.34573
5 71 168 0.43134 4.7413 -0.8474 0.35948 3.5335 -0.48196 -0.31286 3.4461 -1.1945 -0.65365 1.9735 -1.8142 -0.47708 1.0557 -3.0406 1.0344 3.6498 0.22392 1.179 2.0876 0.67939 1.8345 0.70629 0.47992 -0.58821 0.0082359 -0.52673 -0.33924 -2.0725 -0.67797 -0.81025 -3.6687 0.015647 0.58821 -0.0082355 0.52673 1.3086 -1.7501 -0.4013 0.87934 -3.5008 -0.44265
5 72 168 0.47252 4.7501 -0.77949 0.38282 3.5381 -0.43222 -0.27177 3.4666 -1.1628 -0.55922 1.9995 -1.8215 -0.24832 1.1377 -3.0618 1.0404 3.6387 0.2922 1.1537 2.0731 0.74474 1.781 0.67172 0.60251 -0.58231 0.016142 -0.53306 -0.37813 -2.0736 -0.60676 -0.85493 -3.6599 0.10547 0.58231 -0.016142 0.53306 1.3373 -1.7444 -0.39294 0.92399 -3.4967 -0.49067
5 74 180 0.41726 4.7652 -0.73863 0.35046 3.5437 -0.42107 -0.41583 3.5145 -1.037 -0.80198 2.044 -1.6345 -0.49747 1.2733 -2.9349 1.1195 3.6021 0.18925 1.2577 2.0279 0.60374 1.7913 0.59054 0.43981 -0.67254 0.029886 -0.41266 -0.54476 -2.067 -0.37795 -0.88528 -3.6221 0.46845 0.67254 -0.029886 0.41266 1.279 -1.7504 -0.62957 0.79087 -3.4861 -0.63108
5 75 180 0.45864 4.77 -0.69846 0.36151 3.5459 -0.40005 -0.39195 3.5405 -1.0322 -0.78241 2.0603 -1.6027 -0.38723 1.2958 -2.8821 1.1184 3.5804 0.22705 1.2244 2.0017 0.63354 1.7331 0.55247 0.49744 -0.66737 0.02582 -0.42125 -0.56391 -2.071 -0.3373 -0.9413 -3.5935 0.55182 0.66737 -0.02582 0.42125 1.3054 -1.7483 -0.59865 0.75257 -3.4641 -0.55953
5 76 180 0.50214 4.7764 -0.63597 0.37828 3.5495 -0.35846 -0.36037 3.563 -1.0078 -0.78408 2.0729 -1.5263 -0.31675 1.2801 -2.7635 1.1209 3.5652 0.28625 1.1991 1.9815 0.679 1.6909 0.52578 0.54942 -0.6553 0.026851 -0.43972 -0.58488 -2.068 -0.29442 -1.0079 -3.555 0.6333 0.6553 -0.026851 0.43972 1.3225 -1.7507 -0.55905 0.72636 -3.451 -0.49274
5 77 180 0.52381 4.7818 -0.57979 0.38492 3.5508 -0.3283 -0.33679 3.5815 -0.99581 -0.8112 2.0881 -1.4579 -0.30698 1.2238 -2.6311 1.1109 3.5494 0.33522 1.1619 1.9593 0.70631 1.6477 0.50303 0.56184 -0.64293 0.023336 -0.45781 -0.6185 -2.0681 -0.2587 -1.0967 -3.5133 0.70749 0.64293 -0.023336 0.45781 1.277 -1.7784 -0.50757 0.64963 -3.4657 -0.40636
5 78 180 0.53689 4.7858 -0.53321 0.38501 3.5505 -0.3124 -0.31722 3.5997 -0.99929 -0.83627 2.1042 -1.4025 -0.35268 1.1342 -2.4994 1.0919 3.5306 0.37122 1.1243 1.9332 0.71157 1.6172 0.48289 0.53444 -0.63034 0.015734 -0.47531 -0.65014 -2.0742 -0.26065 -1.1946 -3.4586 0.75818 0.63034 -0.015735 0.47531 1.2089 -1.8132 -0.44595 0.56108 -3.4908 -0.31625
5 79 180 0.55675 4.7889 -0.47732 0.38728 3.5508 -0.28624 -0.29357 3.6191 -0.99275 -0.85621 2.1231 -1.3308 -0.44649 1.0356 -2.3442 1.0731 3.5118 0.41768 1.1048 1.9063 0.71774 1.6135 0.46877 0.48911 -0.61368 0.010927 -0.49676 -0.67332 -2.0815 -0.31602 -1.2937 -3.376 0.77499 0.61368 -0.010927 0.49676 1.1574 -1.845 -0.37195 0.47815 -3.5091 -0.2296
5 80 180 0.57721 4.7908 -0.43281 0.40239 3.5494 -0.26626 -0.26511 3.6249 -0.98466 -0.86517 2.1305 -1.2589 -0.57014 0.94035 -2.194 1.075 3.5031 0.44989 1.1148 1.8915 0.71406 1.6483 0.47481 0.42074 -0.59763 0.0095267 -0.516 -0.66838 -2.0886 -0.43066 -1.3775 -3.2679 0.73438 0.59763 -0.0095263 0.516 1.0987 -1.8797 -0.29992 0.39276 -3.5313 -0.14212
5 81 180 0.60603 4.7885 -0.41375 0.42155 3.546 -0.26456 -0.23048 3.6292 -0.9962 -0.86269 2.1384 -1.212 -0.70161 0.86461 -2.0659 1.0789 3.492 0.4651 1.1326 1.8765 0.7016 1.7035 0.49149 0.3363 -0.58221 0.0066929 -0.53337 -0.60346 -2.0931 -0.60254 -1.4188 -3.1457 0.61324 0.58221 -0.0066929 0.53337 1.0405 -1.9072 -0.23628 0.3124 -3.5476 -0.063346
5 82 180 0.63704 4.7864 -0.39981 0.44265 3.5442 -0.25747 -0.19781 3.6275 -0.99926 -0.85398 2.1401 -1.1597 -0.83818 0.81067 -1.9408 1.0885 3.4902 0.48231 1.1637 1.8723 0.69571 1.7824 0.52675 0.26641 -0.56585 0.0069556 -0.55069 -0.47597 -2.0775 -0.79784 -1.3979 -3.0434 0.41381 0.56585 -0.0069551 0.55069 1.0048 -1.9247 -0.18688 0.24091 -3.5461 0.0087609
5 83 180 0.67357 4.7847 -0.37905 0.46972 3.5437 -0.23693 -0.16082 3.6232 -0.98757 -0.83192 2.1383 -1.1033 -0.95373 0.77866 -1.8203 1.1058 3.4933 0.51156 1.2069 1.874 0.70193 1.8726 0.56745 0.22499 -0.5469 0.01264 -0.56942 -0.30853 -2.0356 -0.97202 -1.3186 -3.0104 0.15958 0.5469 -0.01264 0.56942 0.96496 -1.9443 -0.14348 0.16429 -3.5435 0.085113
5 84 180 0.69844 4.7842 -0.35293 0.48948 3.5444 -0.20743 -0.12946 3.6199 -0.96807 -0.80978 2.1368 -1.0473 -1.0358 0.76492 -1.7141 1.114 3.4981 0.55103 1.2675 1.8791 0.70543 1.98 0.60866 0.19944 -0.52315 0.01784 -0.59118 -0.11153 -1.9762 -1.1094 -1.1837 -3.0442 -0.12913 0.52315 -0.01784 0.59118 0.91209 -1.9638 -0.09881 0.081187 -3.5418 0.16664
5 85 180 0.70872 4.7846 -0.33064 0.49987 3.545 -0.18337 -0.10786 3.614 -0.95361 -0.79821 2.1344 -1.008 -1.0771 0.75959 -1.6481 1.113 3.5051 0.58462 1.3292 1.8901 0.70183 2.083 0.65446 0.17019 -0.49759 0.020024 -0.61278 0.085397 -1.9116 -1.1985 -1.0032 -3.1259 -0.4295 0.49759 -0.020024 0.61278 0.85287 -1.9832 -0.046053 -0.0079894 -3.5402 0.2466
5 87 192 0.6721 4.7806 -0.44492 0.49541 3.5423 -0.24996 -0.23679 3.5972 -0.90436 -0.94371 2.1291 -0.78728 -1.321 0.75305 -1.372 1.2324 3.5167 0.40088 1.538 1.9121 0.42365 2.2274 0.74218 -0.30694 -0.56952 0.026617 -0.5463 0.14845 -1.7969 -1.3038 -0.67269 -3.3346 -0.84348 0.56952 -0.026618 0.5463 0.7453 -2.0219 -0.087865 -0.1081 -3.5229 0.43139
5 88 192 0.68953 4.7794 -0.43504 0.5115 3.5417 -0.2366 -0.20897 3.5882 -0.90453 -0.92111 2.1226 -0.78822 -1.258 0.7476 -1.3994 1.2367 3.5244 0.42759 1.5646 1.9241 0.44171 2.2804 0.77861 -0.30206 -0.54842 0.0288 -0.56736 0.26895 -1.7563 -1.3155 -0.40208 -3.4164 -1.1043 0.54842 -0.028801 0.56736 0.68083 -2.0454 -0.0072807 -0.2049 -3.5227 0.52564
5 89 204 0.59578 4.778 -0.56889 0.46107 3.541 -0.33506 -0.37062 3.5822 -0.85846 -1.0467 2.1163 -0.60839 -1.4668 0.74421 -1.1729 1.2967 3.5289 0.1836 1.6318 1.9308 0.13225 2.2002 0.80321 -0.75268 -0.6419 0.028259 -0.45899 0.076649 -1.7231 -1.3704 -0.36909 -3.4667 -1.2607 0.6419 -0.02826 0.45899 0.60578 -2.0662 -0.050803 -0.17514 -3.5259 0.66355
5 90 204 0.59602 4.7787 -0.56689 0.45948 3.5414 -0.33498 -0.35993 3.5779 -0.87775 -1.0391 2.1094 -0.65202 -1.4216 0.74275 -1.255 1.2828 3.5341 0.20302 1.6172 1.9354 0.17012 2.2111 0.81597 -0.70843 -0.63188 0.025657 -0.47283 0.13718 -1.6972 -1.3972 -0.10818 -3.4825 -1.4568 0.63188 -0.025657 0.47283 0.54475 -2.0822 0.051575 -0.2623 -3.5283 0.76453
5 91 204 0.58895 4.779 -0.57282 0.45317 3.5416 -0.34032 -0.35574 3.5672 -0.89924 -1.0362 2.0947 -0.70551 -1.3801 0.73653 -1.3496 1.2658 3.5452 0.21368 1.5872 1.9435 0.21191 2.2035 0.81712 -0.64196 -0.62133 0.020752 -0.48684 0.19114 -1.6756 -1.4231 0.12666 -3.4701 -1.5862 0.62133 -0.020752 0.48684 0.4784 -2.0908 0.15678 -0.3528 -3.5264 0.86313
5 92 204 0.58434 4.7794 -0.57794 0.44416 3.5418 -0.34868 -0.34869 3.5642 -0.93028 -1.0282 2.0875 -0.76757 -1.3333 0.74017 -1.4525 1.2408 3.5486 0.22804 1.5476 1.9444 0.26225 2.1762 0.79224 -0.54714 -0.6095 0.014583 -0.50179 0.26035 -1.6621 -1.4217 0.31841 -3.4468 -1.6718 0.6095 -0.014583 0.50179 0.41507 -2.0921 0.25631 -0.44148 -3.5146 0.959
5 105 228 0.42231 4.7689 -0.77751 0.33128 3.5367 -0.49937 -0.4224 3.4589 -1.1265 -0.87044 1.9019 -1.3358 -0.95081 0.63235 -2.2073 1.0873 3.6434 0.12061 1.2493 2.0786 0.56103 1.9048 0.72853 0.20704 -0.6184 -0.00028229 -0.49099 -0.06665 -1.9602 -1.0093 -0.5552 -3.6038 -0.45168 0.6184 0.00028276 0.49099 1.139 -1.9452 -0.10745 0.22872 -3.1922 0.8238
5 106 228 0.45131 4.7676 -0.77016 0.34849 3.5354 -0.49637 -0.39023 3.4625 -1.1416 -0.80827 1.905 -1.403 -0.76857 0.68724 -2.3481 1.0899 3.6373 0.14181 1.2394 2.0656 0.56159 1.9066 0.72174 0.20576 -0.60745 -0.00047112 -0.50448 -0.091108 -1.9889 -0.94492 -0.62636 -3.5951 -0.32486 0.60745 0.00047112 0.50448 1.2112 -1.8863 -0.19527 0.40601 -3.3081 0.56698
5 107 228 0.4821 4.768 -0.75198 0.36416 3.5359 -0.48403 -0.36253 3.4683 -1.1434 -0.76753 1.9136 -1.4393 -0.60089 0.76179 -2.4508 1.0938 3.6322 0.16838 1.2283 2.0549 0.57199 1.8979 0.71074 0.22217 -0.5996 0.001133 -0.51379 -0.14204 -2.0185 -0.86874 -0.70384 -3.5956 -0.19939 0.5996 -0.001133 0.51379 1.2633 -1.8357 -0.26606 0.59723 -3.4155 0.29212
5 108 228 0.51441 4.7678 -0.73417 0.38571 3.5346 -0.47592 -0.33364 3.4756 -1.1441 -0.71615 1.9216 -1.472 -0.44043 0.83004 -2.5256 1.1083 3.6225 0.18555 1.2257 2.0417 0.58057 1.8901 0.69188 0.24251 -0.59498 0.0039892 -0.51912 -0.21354 -2.045 -0.78436 -0.79076 -3.6027 -0.083461 0.59498 -0.0039887 0.51912 1.3066 -1.7948 -0.31798 0.82708 -3.499 0.023768
5 109 228 0.53603 4.7702 -0.70376 0.39959 3.5358 -0.45513 -0.32003 3.4859 -1.1237 -0.6861 1.9329 -1.4746 -0.3275 0.89143 -2.5536 1.1226 3.6147 0.207 1.2243 2.0315 0.59677 1.8741 0.6703 0.27669 -0.59618 0.0089307 -0.51767 -0.30903 -2.0663 -0.67717 -0.88443 -3.6132 0.048739 0.59618 -0.0089302 0.51767 1.3352 -1.7603 -0.37728 1.0684 -3.536 -0.21502
6 5 204 0.44212 4.7177 -0.95633 0.41474 3.4757 -0.71495 -0.29799 3.3491 -1.3808 -0.83036 1.8051 -1.3436 -0.84094 0.48342 -2.1377 1.1284 3.6312 -0.056235 1.4253 2.135 0.52855 2.243 0.83068 0.6158 -0.5802 -0.020075 -0.53523 -0.12454 -2.0392 -0.89565 -0.60751 -3.7483 -0.58467 0.5802 0.020075 0.53523 0.88397 -2.0202 0.13627 0.48153 -3.6909 0.68208
6 6 204 0.47562 4.7207 -0.91985 0.44026 3.4785 -0.68223 -0.24171 3.3448 -1.3782 -0.77935 1.8024 -1.4045 -0.76838 0.50313 -2.2348 1.1232 3.6411 0.006577 1.3622 2.1297 0.57851 2.1485 0.80733 0.68329 -0.54353 -0.021998 -0.57236 -0.074752 -2.0475 -0.87522 -0.56942 -3.7502 -0.54797 0.54353 0.021998 0.57236 0.85443 -2.023 0.20388 0.36473 -3.6908 0.6828
6 10 216 0.45083 4.7464 -0.82829 0.38743 3.5005 -0.6196 -0.29325 3.3825 -1.3197 -0.82238 1.8466 -1.4919 -0.94793 0.59123 -2.3785 1.0693 3.6475 0.073787 1.1997 2.0885 0.54421 1.9609 0.75296 0.42362 -0.55427 -0.019176 -0.56207 -0.10601 -2.059 -0.79074 -0.5591 -3.7296 -0.2858 0.55427 0.019176 0.56207 0.93011 -1.977 0.025126 0.30682 -3.585 0.55123
6 15 228 0.48346 4.751 -0.81689 0.35526 3.5045 -0.64968 -0.37559 3.4452 -1.3052 -0.8322 1.8869 -1.4835 -0.69126 0.68861 -2.4436 1.0885 3.5929 -0.00016455 1.1788 2.0247 0.44864 1.8488 0.64498 0.2903 -0.64288 -0.012546 -0.4583 -0.35982 -2.0938 -0.5078 -0.6565 -3.7431 0.15759 0.64288 0.012546 0.4583 1.1798 -1.7924 -0.47351 0.90947 -3.5644 -0.27913
6 16 228 0.51206 4.7504 -0.8087 0.37542 3.5048 -0.64155 -0.35154 3.4508 -1.3018 -0.79994 1.8898 -1.4776 -0.53891 0.72307 -2.4514 1.105 3.5879 0.012748 1.1801 2.0219 0.47192 1.8212 0.6247 0.35186 -0.64336 -0.0084033 -0.45773 -0.42234 -2.0975 -0.42291 -0.70197 -3.746 0.25166 0.64336 0.0084028 0.45773 1.2039 -1.7693 -0.51168 1.0413 -3.5644 -0.46401
6 37 216 0.45777 4.7706 -0.72405 0.38993 3.5245 -0.51443 -0.40788 3.4527 -1.0851 -0.97254 1.9284 -0.92222 -1.0323 0.6214 -1.7382 1.1892 3.6254 0.049867 1.8518 2.1325 0.080157 2.8094 1.2386 -0.73328 -0.58866 -0.0093427 -0.5262 0.20866 -1.7832 -1.3212 0.18616 -3.583 -1.4276 0.58866 0.0093431 0.5262 0.59502 -2.0709 0.23162 -0.095278 -3.6719 0.6913
6 38 216 0.45644 4.7739 -0.70606 0.38187 3.5273 -0.50259 -0.4064 3.4545 -1.0863 -0.98179 1.9363 -0.90605 -1.0766 0.59688 -1.6642 1.1716 3.6292 0.074747 1.8373 2.1375 0.096783 2.802 1.2659 -0.73242 -0.57478 -0.013171 -0.54126 0.22914 -1.794 -1.3137 0.43231 -3.5555 -1.6404 0.57478 0.013171 0.54126 0.50215 -2.0774 0.34513 -0.20709 -3.6709 0.80178
6 39 216 0.46055 4.7764 -0.68937 0.37735 3.5296 -0.49218 -0.39845 3.4556 -1.0922 -0.98566 1.9436 -0.89764 -1.1206 0.57304 -1.5912 1.1547 3.6327 0.10154 1.8137 2.1382 0.13113 2.7809 1.267 -0.69535 -0.56035 -0.015753 -0.55611 0.22962 -1.8119 -1.3072 0.61377 -3.5113 -1.7715 0.56035 0.015752 0.55611 0.41396 -2.0769 0.43951 -0.31768 -3.6562 0.91001
6 40 216 0.46099 4.7791 -0.67349 0.37305 3.532 -0.48151 -0.38776 3.4565 -1.1002 -0.9861 1.95 -0.8971 -1.1666 0.55444 -1.5275 1.1355 3.6366 0.13094 1.7761 2.1346 0.18075 2.7434 1.24 -0.62033 -0.54893 -0.016871 -0.56736 0.23264 -1.8224 -1.3045 0.70201 -3.4871 -1.814 0.54893 0.016871 0.56736 0.33093 -2.0723 0.5209 -0.42379 -3.6327 1.0174
6 71 204 0.64164 4.7915 -0.26747 0.46845 3.5376 -0.24743 -0.095571 3.5933 -1.0513 -0.65788 2.0749 -1.2687 -0.78353 0.72824 -2.0092 1.0368 3.5113 0.55483 1.2433 1.9107 0.80841 2.0425 0.6205 0.53591 -0.48455 0.0014014 -0.62347 -0.10614 -2.0394 -0.94909 -1.2423 -3.1573 -0.10615 0.48455 -0.0014009 0.62347 0.94549 -1.9733 0.063631 0.39171 -3.6854 0.17765
6 74 216 0.5328 4.7981 -0.43383 0.40309 3.5435 -0.32056 -0.34705 3.5651 -0.95631 -0.99514 2.0655 -0.94723 -1.2835 0.74098 -1.6822 1.1564 3.5513 0.31175 1.6003 1.9811 0.39035 2.4043 0.83592 -0.25756 -0.58813 0.007947 -0.52682 0.089297 -1.8575 -1.2164 -0.49161 -3.4796 -0.68511 0.58813 -0.007947 0.52682 0.78322 -2.024 -0.031663 0.08724 -3.6452 0.34
6 75 216 0.50986 4.801 -0.44338 0.38933 3.547 -0.31404 -0.36648 3.5566 -0.94335 -1.0029 2.0526 -0.90261 -1.2756 0.73055 -1.6479 1.1481 3.5668 0.31147 1.6322 2.0079 0.37571 2.472 0.92629 -0.3332 -0.58317 0.0080385 -0.53231 0.17576 -1.8176 -1.2431 -0.21574 -3.5552 -0.96255 0.58317 -0.008039 0.53231 0.70611 -2.0474 0.042204 -0.028447 -3.6474 0.43099
6 76 216 0.48145 4.8045 -0.44805 0.37014 3.5512 -0.30388 -0.38438 3.5501 -0.93481 -1.007 2.0416 -0.86229 -1.2454 0.71828 -1.6171 1.1274 3.5817 0.32298 1.6429 2.0328 0.38392 2.5152 1.0156 -0.37912 -0.57563 0.007731 -0.54045 0.22729 -1.8023 -1.2429 0.061655 -3.5974 -1.21 0.57563 -0.007731 0.54045 0.61265 -2.0683 0.13162 -0.15266 -3.6532 0.52276
6 77 216 0.44308 4.8079 -0.45548 0.34203 3.5551 -0.29985 -0.40838 3.5418 -0.9355 -1.0152 2.0281 -0.83862 -1.2164 0.69991 -1.5956 1.095 3.5979 0.33151 1.63 2.0558 0.39734 2.5287 1.094 -0.40577 -0.5679 0.0042596 -0.54861 0.2537 -1.8033 -1.2356 0.33215 -3.596 -1.4121 0.5679 -0.0042591 0.54861 0.50655 -2.0804 0.23203 -0.27919 -3.6584 0.61057
