0 7 96 -0.62413 4.7798 0.43722 -0.39356 3.5579 0.19855 -0.020467 3.4632 1.1036 1.1452 2.6214 1.8792 1.8989 3.0146 3.1657 -0.77114 3.6815 -0.70116 -1.8974 2.5226 -0.94022 -3.2198 2.4391 -0.15159 -0.14053 -0.050315 0.77538 -1.1732 -1.7775 0.17138 -1.3241 -3.5613 0.38608 0.14053 0.050314 -0.77538 0.47435 -2.0005 -0.46415 1.2644 -3.4268 0.30568
0 9 84 -0.69076 4.7618 0.46447 -0.45626 3.5507 0.18343 -0.032073 3.4648 1.0666 1.2907 2.6527 1.576 2.3507 3.0302 2.6303 -0.88487 3.6656 -0.69433 -2.0191 2.4949 -0.58632 -3.0555 2.4684 0.55509 -0.18324 -0.059207 0.76578 -1.1535 -1.7405 -0.038157 -1.3611 -3.5245 0.11969 0.18324 0.059207 -0.76578 0.50696 -1.981 -0.38228 1.1708 -3.3802 0.54099
0 11 72 -0.74604 4.7522 0.41289 -0.50406 3.5479 0.11519 -0.079945 3.4789 0.99991 1.2748 2.6587 1.4007 2.4688 2.9378 2.3356 -0.93294 3.6458 -0.76449 -2.0061 2.4795 -0.36867 -2.6514 2.5142 1.0313 -0.25119 -0.058336 0.74632 -1.1088 -1.7182 -0.21472 -1.3574 -3.503 -0.15385 0.25119 0.058336 -0.74632 0.52748 -1.9725 -0.28408 1.0378 -3.3547 0.75516
0 12 72 -0.74646 4.7479 0.41888 -0.52343 3.5455 0.10074 -0.03943 3.4861 0.9549 1.3269 2.6451 1.2622 2.613 2.8676 2.0832 -1.0122 3.6339 -0.74818 -1.9907 2.4813 -0.12952 -2.2812 2.5625 1.3827 -0.21716 -0.051195 0.75744 -1.1059 -1.7155 -0.16706 -1.3638 -3.4998 -0.1453 0.21717 0.051195 -0.75744 0.50047 -1.9782 -0.29327 1.0367 -3.3486 0.74864
0 13 72 -0.7453 4.749 0.41812 -0.53033 3.5459 0.096398 -0.01227 3.496 0.93096 1.347 2.6315 1.2029 2.6701 2.7994 1.9768 -1.0533 3.6247 -0.73282 -1.9185 2.4846 0.054836 -1.8986 2.634 1.5894 -0.18858 -0.046401 0.76536 -1.1001 -1.7182 -0.12271 -1.3705 -3.5007 -0.14234 0.18858 0.046401 -0.76536 0.48082 -1.9779 -0.2846 1.0369 -3.3466 0.74893
0 14 72 -0.77875 4.7451 0.39754 -0.55915 3.542 0.078452 -0.030303 3.5022 0.90676 1.3081 2.6093 1.1897 2.6191 2.7391 1.9911 -1.0933 3.6107 -0.74453 -1.8559 2.472 0.14458 -1.6199 2.6952 1.6519 -0.17016 -0.039922 0.77003 -1.0939 -1.7237 -0.081992 -1.3849 -3.5023 -0.13507 0.17016 0.039922 -0.77003 0.45961 -1.9819 -0.27735 1.0298 -3.3508 0.74821
0 23 120 -0.70317 4.7869 0.13621 -0.48461 3.5542 -0.054162 -0.077692 3.5279 0.84087 1.0648 2.5808 1.5237 1.8751 2.7617 2.8232 -0.89661 3.6096 -0.94554 -2.065 2.5695 -0.4748 -2.6427 2.5973 0.9546 -0.082393 0.00053406 0.78531 -1.1054 -1.8119 0.4972 -1.1337 -3.5922 0.78089 0.082394 -0.0005343 -0.78531 0.16337 -2.0989 -0.85219 1.1594 -3.5035 -0.31757
0 103 216 -0.18941 4.835 0.24043 -0.18631 3.5743 0.21618 0.35322 3.5038 1.0355 -0.72676 2.8782 2.0895 -2.1697 3.3738 2.3126 -0.72677 3.6743 -0.59946 -2.1735 3.1121 -0.089857 -2.8822 3.2614 1.2714 0.45811 -0.0042858 0.64313 0.047121 -2.0432 0.94002 0.54794 -3.7531 0.66337 -0.45811 0.0042858 -0.64313 -0.92158 -2.0394 -0.49167 -0.53441 -3.7263 -0.99694
1 20 12 -0.70927 4.7851 -0.021572 -0.52209 3.5387 0.015478 -0.27784 3.5651 0.96785 0.378 3.7278 2.4552 0.67079 4.8529 3.4681 -0.76765 3.5421 -0.93691 -0.91494 3.1237 -2.5092 -1.4949 3.7809 -3.7778 0.24404 0.025454 0.75053 -0.48286 -1.7494 1.6084 0.61484 -3.1782 1.675 -0.24404 -0.025454 -0.75053 -1.0648 -1.8482 -1.3973 -0.057343 -3.1411 -2.1485
1 26 12 -0.97634 4.7337 0.083684 -0.788 3.4856 0.15173 -0.55329 3.5171 1.1063 0.13825 3.4149 2.5828 0.53298 4.1857 3.8586 -1.0262 3.4836 -0.80254 -1.1127 2.9972 -2.3597 -1.7569 3.492 -3.6703 0.26282 0.017431 0.74439 -0.42729 -1.7704 1.6056 0.51672 -3.2944 1.7984 -0.26282 -0.017431 -0.74439 -1.0624 -1.8828 -1.2878 -0.18262 -3.2613 -2.0472
1 29 12 -1.0556 4.723 0.12767 -0.84422 3.477 0.17406 -0.60201 3.5047 1.1269 0.080664 3.2867 2.595 0.36902 3.9784 3.9426 -1.0913 3.4787 -0.77794 -1.1689 2.9165 -2.3098 -1.9278 3.4099 -3.5582 0.26187 0.019869 0.74467 -0.38047 -1.7982 1.5792 0.50625 -3.3454 1.8451 -0.26187 -0.019869 -0.74467 -1.0484 -1.8871 -1.3006 -0.23017 -3.3118 -2.0433
1 36 24 -1.5676 4.5314 0.64914 -1.2123 3.3206 0.59939 -0.80303 3.3474 1.4933 -0.19548 1.834 1.5898 -0.14818 0.52035 2.3959 -1.6305 3.322 -0.29082 -1.3453 1.8015 -0.81556 -1.9816 0.46958 -1.2613 0.40157 0.017815 0.67965 -0.43336 -1.8985 0.89143 0.30895 -3.4775 0.43668 -0.40157 -0.017815 -0.67965 -1.1365 -1.8877 -0.065184 -0.17514 -3.3344 -0.54866
1 37 36 -1.5057 4.4572 1.1006 -1.1634 3.2501 0.96529 -0.57302 3.2643 1.7518 -0.039839 1.7338 1.5471 0.093372 0.31916 2.1462 -1.7619 3.2639 0.18487 -1.4647 1.7355 -0.3096 -2.0817 0.33807 -0.51988 0.53994 0.016521 0.57592 -0.40857 -1.7894 1.0791 0.29812 -3.3001 0.39394 -0.53994 -0.016521 -0.57592 -1.2282 -1.8141 0.26628 -0.29228 -3.1686 -0.46881
2 104 204 -1.8416 4.4273 0.72825 -1.3817 3.2615 0.58849 -0.97074 3.2481 1.4819 0.091464 2.0069 1.489 0.65104 0.65314 1.9704 -1.8044 3.3015 -0.29869 -1.1426 1.9978 -1.0274 -1.0123 0.51517 -1.4305 0.33385 0.015883 0.71539 -0.58662 -1.831 1.1106 0.11547 -3.4807 0.92009 -0.33385 -0.015883 -0.71539 -1.1867 -1.9046 -0.36925 -0.36489 -3.4545 -0.78545
4 7 204 -1.192 4.6339 0.7394 -0.90779 3.4318 0.46243 -0.48384 3.3261 1.3436 -0.14672 1.7435 1.568 -1.6174 1.5554 1.9917 -1.3391 3.5654 -0.41134 -0.79158 2.2895 -1.2721 -1.9243 1.2532 -1.1282 0.39856 0.045022 0.68016 0.61465 -2.0179 0.34567 1.3289 -3.5599 -0.25686 -0.39856 -0.045023 -0.68017 -1.4054 -1.7206 0.08997 -1.1161 -3.4861 0.31405
4 8 204 -1.2598 4.6288 0.66806 -0.94988 3.4275 0.4155 -0.53636 3.3437 1.3039 -0.15322 1.7732 1.5393 -1.6405 1.599 1.9073 -1.3713 3.5393 -0.46614 -0.8185 2.2383 -1.2851 -2.0436 1.3374 -1.0298 0.39296 0.055223 0.68266 0.76933 -1.9703 0.27037 1.5184 -3.4894 -0.34771 -0.39296 -0.055223 -0.68267 -1.4005 -1.722 0.10551 -1.157 -3.4811 0.41688
4 9 204 -1.3134 4.6287 0.57466 -0.98059 3.4272 0.35299 -0.57836 3.3721 1.2488 -0.13052 1.8199 1.4915 -1.6262 1.6178 1.8074 -1.3911 3.5102 -0.53695 -0.85278 2.1693 -1.2992 -2.144 1.4129 -0.92749 0.3851 0.065832 0.6862 0.91985 -1.9071 0.20044 1.7107 -3.4001 -0.42908 -0.3851 -0.065833 -0.6862 -1.3848 -1.7288 0.11965 -1.0866 -3.4758 0.45135
4 18 216 -1.4873 4.5588 0.71485 -1.1307 3.3666 0.4804 -0.55651 3.3917 1.2786 0.66432 2.3066 1.2488 -0.064379 1.1857 2.0171 -1.7138 3.3693 -0.31166 -1.9794 1.7701 -0.51371 -2.8317 2.3381 0.6389 0.39311 0.046396 0.68323 -0.64791 -1.6456 1.3671 0.45324 -3.0406 1.063 -0.39311 -0.046396 -0.68323 -0.51975 -2.0856 -0.19341 0.77491 -3.2763 -0.58958
4 19 216 -1.4726 4.5705 0.64959 -1.1261 3.3772 0.40428 -0.54654 3.4003 1.1986 0.69783 2.3439 1.1332 0.023909 1.2351 1.9662 -1.7141 3.3819 -0.38407 -1.9514 1.7842 -0.62832 -2.8061 2.3108 0.54205 0.36497 0.054227 0.69811 -0.68532 -1.6607 1.3065 -0.0086231 -3.33 1.3883 -0.36497 -0.054227 -0.69811 -0.292 -2.1302 -0.3832 1.0266 -3.2954 -0.77638
4 24 228 -1.3282 4.6193 0.39481 -1.0406 3.4173 0.11874 -0.48594 3.4056 0.93086 0.57005 2.1634 1.0335 -0.10418 1.1673 1.9984 -1.6025 3.4573 -0.68753 -1.4791 1.9246 -1.2393 -2.5144 1.7164 -0.11574 0.32827 0.11788 0.70841 -0.69606 -1.6149 1.3104 -0.14936 -3.3096 1.5933 -0.32827 -0.11788 -0.70841 -0.31216 -2.2043 -0.46197 1.2204 -2.512 -1.3605
4 26 240 -1.4087 4.5918 0.48673 -1.0982 3.4013 0.18728 -0.52569 3.3882 0.98689 0.35503 2.0432 1.2768 -0.55583 1.2386 2.2258 -1.6789 3.4421 -0.60549 -1.2554 2.0479 -1.3441 -2.3791 1.5138 -0.43327 0.41051 0.13716 0.66043 -0.5145 -1.6314 1.3167 0.40717 -3.1791 1.2373 -0.41051 -0.13716 -0.66043 -0.95642 -2.0767 -0.06497 0.56894 -2.2966 -1.0008
4 27 252 -1.4033 4.5783 0.65339 -1.1099 3.3855 0.34602 -0.48731 3.374 1.1073 0.35529 2.0004 1.3755 -0.62801 1.4021 2.4016 -1.7403 3.4249 -0.40792 -1.3193 2.1044 -1.2727 -2.3819 1.5293 -0.31469 0.4933 0.13895 0.60071 -0.17691 -1.7331 1.2793 0.79582 -3.2084 0.92094 -0.4933 -0.13895 -0.60071 -1.2092 -1.9126 0.26871 0.22739 -2.3907 -0.71036
4 28 252 -1.4925 4.5743 0.47735 -1.1656 3.3761 0.2309 -0.65188 3.3722 1.0696 0.11236 1.9896 1.4856 -1.0935 1.5785 2.3543 -1.688 3.408 -0.60187 -1.1232 2.1413 -1.4652 -2.3007 1.5424 -0.67001 0.43912 0.14496 0.64004 -0.0074132 -1.8569 1.0957 1.0144 -3.2956 0.72567 -0.43912 -0.14496 -0.64005 -1.3908 -1.7696 0.29227 0.068804 -2.6178 -0.34112
4 30 264 -1.4744 4.5947 0.39186 -1.1407 3.3877 0.20299 -0.63068 3.4142 1.0435 0.10008 2.0195 1.4788 -1.1447 1.7515 2.3485 -1.6591 3.3893 -0.63285 -1.022 2.1792 -1.5264 -2.2134 1.5349 -0.78953 0.46586 0.14965 0.61974 0.70363 -1.9362 0.70275 1.6534 -3.3514 0.11447 -0.46586 -0.14965 -0.61974 -1.36 -1.7258 0.4435 -0.32509 -3.2007 0.37718
4 31 264 -1.4779 4.609 0.2246 -1.1168 3.401 0.10331 -0.70283 3.4608 0.99347 -0.040493 2.0527 1.4907 -1.3389 1.7707 2.2732 -1.5395 3.3696 -0.78422 -0.79928 2.1849 -1.6312 -2.0464 1.5188 -1.0159 0.4297 0.14444 0.64652 0.92653 -1.8958 0.57553 1.9052 -3.3058 0.023381 -0.4297 -0.14444 -0.64652 -1.2992 -1.7791 0.34649 -0.571 -3.3962 0.67153
4 32 264 -1.4529 4.6238 0.074696 -1.0965 3.4105 0.0043736 -0.7108 3.5071 0.90396 -0.1127 2.0878 1.4486 -1.4383 1.7713 2.17 -1.4911 3.3424 -0.89397 -0.65688 2.1668 -1.6627 -1.9555 1.5036 -1.1613 0.39622 0.13964 0.66859 1.0396 -1.8567 0.54596 2.116 -3.2034 0.018043 -0.39622 -0.13964 -0.66859 -1.1908 -1.835 0.28474 -0.68675 -3.4823 0.81697
4 33 264 -1.4251 4.6343 -0.078634 -1.0693 3.4193 -0.10728 -0.70425 3.5432 0.79759 -0.14864 2.1215 1.3798 -1.4942 1.7661 2.0436 -1.4433 3.3239 -1.0119 -0.55886 2.1175 -1.6685 -1.9007 1.4863 -1.2457 0.37188 0.14592 0.68111 1.0159 -1.8535 0.63955 2.2633 -3.025 0.071415 -0.37188 -0.14593 -0.68111 -1.1362 -1.8898 0.20721 -0.61193 -3.5061 0.81022
4 39 288 -1.4574 4.6131 0.38002 -1.0889 3.4072 0.26558 -0.47939 3.539 1.0261 0.65336 2.3619 1.0284 -0.41428 1.706 1.927 -1.7079 3.3034 -0.49171 -1.5722 1.709 -0.82058 -2.635 1.84 0.28889 0.45757 0.091572 0.63698 -0.50767 -1.5709 1.4848 0.88702 -2.6205 1.0331 -0.45757 -0.091572 -0.63698 -0.65215 -1.998 0.22438 0.67204 -3.1942 -0.033486
4 40 288 -1.4286 4.6251 0.29657 -1.0951 3.4091 0.18128 -0.47456 3.525 0.93555 0.70522 2.3967 0.87336 -0.38025 1.7624 1.7662 -1.7242 3.3217 -0.56968 -1.5903 1.7334 -0.92752 -2.6436 1.8221 0.19516 0.42158 0.10413 0.65949 -0.7067 -1.5046 1.4033 0.37394 -2.9456 1.322 -0.42158 -0.10413 -0.65949 -0.41284 -2.0771 0.06277 0.91846 -3.2626 -0.20734
4 41 288 -1.3785 4.6438 0.19664 -1.0684 3.421 0.08733 -0.45869 3.526 0.85194 0.73664 2.4175 0.74568 -0.34891 1.7964 1.6476 -1.6861 3.3446 -0.67423 -1.5377 1.7656 -1.066 -2.5918 1.7546 0.059386 0.38173 0.11311 0.6819 -0.72986 -1.5513 1.321 -0.14596 -3.2411 1.5546 -0.38173 -0.11311 -0.6819 -0.20468 -2.1323 -0.12887 1.1569 -3.2907 -0.36334
4 49 324 -1.1931 4.6708 0.26459 -1.0185 3.4324 0.085867 -0.44489 3.4699 0.88395 0.34283 2.2659 1.6576 -1.1423 2.2549 2.0722 -1.5986 3.4236 -0.70833 -1.0822 2.1052 -1.5231 -2.2205 1.376 -0.78153 0.47037 0.1554 0.6149 -0.0060448 -1.777 1.288 0.95236 -3.2623 0.93273 -0.47037 -0.1554 -0.6149 -1.1637 -1.9491 0.23136 0.36317 -2.5071 -0.54838
4 50 324 -1.2854 4.6521 0.12912 -1.079 3.4132 -0.0080344 -0.63341 3.4577 0.86765 0.09477 2.2592 1.7056 -1.4299 2.2281 1.9337 -1.5318 3.3975 -0.881 -0.911 2.1158 -1.6813 -2.1341 1.4054 -1.0674 0.40699 0.16052 0.65734 0.17648 -1.874 1.1282 1.1597 -3.3515 0.81006 -0.40699 -0.16052 -0.65734 -1.321 -1.8302 0.23213 0.16366 -2.7312 -0.2526
4 51 336 -1.306 4.6471 0.21671 -1.0985 3.4067 0.092226 -0.58881 3.4704 0.93101 0.28231 2.263 1.6034 -1.1927 2.1598 2.041 -1.6153 3.3719 -0.74387 -1.0563 2.1204 -1.6328 -2.2192 1.4312 -0.89108 0.46849 0.16118 0.61485 0.59345 -1.9208 0.86782 1.5062 -3.4064 0.40875 -0.46849 -0.16118 -0.61485 -1.2911 -1.7853 0.43391 -0.046721 -3.0238 0.023409
4 52 336 -1.3482 4.6439 0.071541 -1.115 3.4041 -0.0078349 -0.68671 3.4895 0.87343 0.17818 2.265 1.5226 -1.2991 2.0537 1.9107 -1.5509 3.3475 -0.88771 -0.86038 2.1247 -1.7224 -2.0949 1.4466 -1.0947 0.41712 0.15908 0.65131 0.75758 -1.9108 0.77036 1.7034 -3.3857 0.34497 -0.41712 -0.15908 -0.65131 -1.2446 -1.8114 0.34846 -0.216 -3.2905 0.27683
4 53 336 -1.3723 4.64 -0.074832 -1.1152 3.4022 -0.11325 -0.74548 3.5058 0.79225 0.10714 2.2623 1.4211 -1.3533 1.9368 1.7939 -1.4928 3.3273 -1.0184 -0.69939 2.1163 -1.7752 -1.9818 1.4504 -1.2369 0.37723 0.16501 0.67377 0.86486 -1.8774 0.74451 1.8754 -3.3233 0.37132 -0.37723 -0.16501 -0.67377 -1.156 -1.8713 0.27306 -0.34218 -3.4714 0.44043
4 54 336 -1.3682 4.639 -0.22338 -1.0992 3.4028 -0.219 -0.77788 3.5259 0.7024 0.04957 2.2585 1.3171 -1.3831 1.8346 1.6983 -1.4283 3.3084 -1.141 -0.57998 2.0856 -1.8146 -1.8981 1.451 -1.3273 0.33463 0.1708 0.69452 0.84477 -1.8646 0.80106 1.999 -3.1996 0.43173 -0.33463 -0.1708 -0.69452 -1.0771 -1.919 0.20379 -0.33511 -3.5373 0.48881
4 55 348 -1.4122 4.6351 -0.047625 -1.1262 3.4029 -0.064688 -0.65428 3.547 0.78613 0.24817 2.2533 1.2112 -1.0434 1.7516 1.8877 -1.6065 3.2873 -0.91519 -0.88415 2.0352 -1.6762 -2.1072 1.458 -0.93538 0.43412 0.17043 0.63718 0.89284 -1.8765 0.75553 2.1163 -3.0138 0.07699 -0.43412 -0.17043 -0.63718 -0.95462 -1.9534 0.3448 -0.063662 -3.515 0.48106
4 56 348 -1.4584 4.6274 -0.091223 -1.1289 3.4063 -0.087422 -0.68462 3.5682 0.775 0.18656 2.2505 1.1916 -1.0797 1.6902 1.8701 -1.5827 3.2726 -0.94972 -0.86543 1.9762 -1.6379 -2.1166 1.4968 -0.87481 0.40268 0.15592 0.66109 0.70312 -1.903 0.95244 2.0945 -2.8027 0.24154 -0.40268 -0.15592 -0.66109 -0.89527 -1.9402 0.3328 0.11624 -3.4322 0.37494
4 57 348 -1.5802 4.5912 -0.046066 -1.1771 3.3923 -0.027528 -0.7574 3.5652 0.84503 0.1064 2.2385 1.2481 -1.1473 1.6199 1.8988 -1.6078 3.2472 -0.89977 -0.94147 1.8857 -1.5089 -2.2077 1.547 -0.69673 0.38683 0.13166 0.67567 0.38087 -1.9107 1.1685 1.9075 -2.5892 0.49035 -0.38683 -0.13166 -0.67567 -0.88294 -1.9018 0.34149 0.26579 -3.2905 0.28653
4 64 24 -1.3744 4.5633 0.8719 -1.1136 3.3541 0.60209 -0.27336 3.451 1.104 0.7537 2.2498 0.69035 0.022655 1.5026 1.8239 -1.9608 3.2853 0.10716 -1.9367 1.7159 -0.34577 -2.3853 1.9501 1.1108 0.58437 0.11814 0.51774 -0.12923 -1.7081 1.2727 -0.1621 -3.4963 1.5008 -0.58437 -0.11814 -0.51774 0.16014 -2.0827 -0.49123 1.374 -3.1116 -1.339
4 67 24 -1.2914 4.6065 0.692 -1.0696 3.3914 0.41685 -0.35754 3.4077 1.0952 0.66482 2.1356 1.0234 -0.358 1.5116 1.994 -1.7882 3.4033 -0.25454 -1.6305 1.9255 -0.93279 -2.4026 1.827 0.39827 0.50018 0.11783 0.59953 -0.3921 -1.6879 1.1976 0.21366 -3.359 0.89552 -0.50018 -0.11783 -0.59953 -0.34848 -2.1897 -0.28531 1.0952 -2.425 -1.3394
4 68 24 -1.3715 4.5779 0.68551 -1.1355 3.3706 0.39248 -0.47844 3.3651 1.1243 0.50929 2.0685 1.2342 -0.66313 1.5509 2.0916 -1.8 3.404 -0.33189 -1.4852 2.0141 -1.1304 -2.4132 1.6971 0.059553 0.47294 0.12681 0.61947 -0.3873 -1.7118 1.1616 0.42711 -3.2525 0.6992 -0.47294 -0.12681 -0.61947 -0.73703 -2.1584 -0.15328 0.77365 -2.2826 -1.1297
4 69 24 -1.4221 4.5736 0.62128 -1.1579 3.3711 0.33295 -0.5761 3.3535 1.1257 0.33341 2.0222 1.3887 -0.97591 1.6541 2.1152 -1.7479 3.4166 -0.45269 -1.282 2.1108 -1.3167 -2.3358 1.6377 -0.29534 0.44574 0.12781 0.63912 -0.26457 -1.8071 1.0464 0.67702 -3.2434 0.49734 -0.44574 -0.12781 -0.63912 -1.1038 -2.029 -0.033472 0.452 -2.3333 -0.89233
4 70 24 -1.4672 4.5773 0.51343 -1.1766 3.371 0.2678 -0.68961 3.3495 1.1221 0.14618 1.9943 1.4877 -1.2628 1.7555 2.0668 -1.6721 3.4203 -0.58037 -1.0833 2.1722 -1.4545 -2.2312 1.6218 -0.58446 0.41078 0.12406 0.66285 -0.035429 -1.9175 0.88054 0.97043 -3.3057 0.32204 -0.41078 -0.12406 -0.66285 -1.3413 -1.8629 0.061734 0.16826 -2.5627 -0.63279
