0 6 192 0.40664 4.7888 0.59685 0.19965 3.5613 0.36532 1.1202 3.4635 0.033203 2.0467 2.5874 -0.98798 3.4401 2.9631 -1.5312 -0.71576 3.6881 0.70195 -1.1265 2.5372 1.7862 -0.55431 2.421 3.2133 0.77939 -0.047612 0.11739 0.26805 -1.7985 1.16 0.50708 -3.5814 1.2834 -0.77939 0.047612 -0.11739 -0.50471 -2.0086 -0.4503 0.17528 -3.4515 -1.2909
0 7 180 0.36959 4.7798 0.66641 0.15633 3.5579 0.41215 1.0955 3.4632 0.13572 1.9886 2.6214 -0.9425 3.3468 3.0146 -1.5576 -0.77793 3.6815 0.69363 -1.1334 2.5226 1.7887 -0.48732 2.4391 3.1863 0.75645 -0.050315 0.22081 0.047812 -1.7775 1.1847 0.24556 -3.5613 1.3572 -0.75645 0.050314 -0.22081 -0.41202 -2.0005 -0.52027 0.43617 -3.4268 -1.2255
0 24 216 0.10091 4.7913 0.70262 -0.059216 3.5559 0.47404 0.86379 3.5337 0.13502 1.6508 2.5973 -0.94784 3.0349 2.79 -1.5997 -0.97908 3.6074 0.81838 -0.67675 2.5823 2.054 0.57841 2.5718 2.9496 0.78246 -0.0019205 0.1061 0.55381 -1.8372 1.1029 0.87521 -3.6106 1.0504 -0.78246 0.0019205 -0.1061 -0.90697 -2.0954 -0.11874 -0.45203 -3.5279 -1.1147
0 25 228 0.13604 4.7939 0.68789 -0.024602 3.5573 0.4661 0.88883 3.5315 0.10233 1.6876 2.6028 -0.97855 3.0769 2.7992 -1.618 -0.93471 3.6123 0.83493 -0.68256 2.6018 2.0936 0.42994 2.5546 3.1602 0.78846 0.00046086 0.04285 0.72208 -1.8588 1.0192 1.0538 -3.6233 0.85372 -0.78846 -0.0004611 -0.04285 -0.96009 -2.0931 0.032973 -0.69029 -3.5536 -0.98933
0 34 336 0.44814 4.8159 0.36799 0.25897 3.5697 0.24419 0.9242 3.5477 -0.47993 2.0232 2.5003 -1.0831 3.5315 2.4206 -0.77238 -0.40192 3.6211 0.97079 -1.0381 2.8827 2.2819 -1.0969 2.9387 3.8217 0.4859 0.01196 -0.6223 0.97235 -2.0286 -0.50447 0.45056 -3.6782 -1.0118 -0.4859 -0.01196 0.6223 -0.12009 -2.0012 1.1909 -0.79668 -3.6724 1.1774
0 38 12 0.38386 4.8187 0.37284 0.23461 3.5727 0.20777 0.94593 3.5538 -0.47122 2.1149 2.4149 -0.54257 3.2634 2.284 0.47802 -0.47287 3.6212 0.88931 -1.6335 2.8648 1.7551 -2.4069 3.0196 3.0801 0.33202 0.031559 -0.71573 0.53995 -2.0581 -0.78327 -0.281 -3.6441 -1.0314 -0.33202 -0.031559 0.71573 0.43605 -1.9382 1.1507 0.021631 -3.6637 1.4694
0 41 36 0.30466 4.8062 0.46581 0.20963 3.5715 0.22248 0.97637 3.5718 -0.39353 2.0327 2.3622 -0.093764 2.6109 2.2593 1.332 -0.5542 3.6007 0.84141 -1.8933 2.7397 1.2078 -3.0741 2.8322 2.1951 0.24237 0.047052 -0.75003 0.201 -2.053 -0.79832 -0.72359 -3.6009 -0.81134 -0.24237 -0.047052 0.75003 0.76664 -1.878 0.95974 0.6088 -3.6349 1.3328
0 43 48 0.27033 4.7911 0.50211 0.21074 3.5721 0.19952 1.0109 3.5874 -0.37227 1.9124 2.347 0.19117 1.9567 2.2763 1.7309 -0.58709 3.5863 0.77453 -1.9386 2.6691 0.74397 -3.3384 2.5983 1.3868 0.18468 0.046121 -0.76633 0.059345 -2.0509 -0.79699 -0.89601 -3.5737 -0.65718 -0.18468 -0.046121 0.76633 0.90397 -1.8424 0.81541 0.86401 -3.6119 1.1593
0 44 48 0.22429 4.7818 0.52786 0.2078 3.572 0.19485 1.0628 3.5969 -0.29066 1.8023 2.35 0.46243 1.4342 2.299 1.9589 -0.64554 3.5767 0.68388 -1.9618 2.6576 0.38133 -3.4579 2.4578 0.69681 0.22304 0.040276 -0.75639 0.081484 -2.0555 -0.80017 -0.90093 -3.5619 -0.67186 -0.22304 -0.040276 0.75639 0.87887 -1.8276 0.83065 0.858 -3.6014 1.1531
0 103 288 0.17014 4.835 0.25443 0.14803 3.5743 0.244 1.094 3.5038 -0.015944 1.7627 2.8782 1.3369 1.529 3.3738 2.7782 -0.7947 3.6743 0.50596 -0.7571 3.1121 2.0393 0.31855 3.2614 3.134 0.75322 -0.0042858 -0.23695 0.90857 -2.0432 0.24567 0.80022 -3.7531 -0.31613 -0.75322 0.0042858 0.23695 -0.75239 -2.0394 0.72454 -1.1133 -3.7263 0.20018
0 104 288 0.19428 4.8306 0.29698 0.16915 3.571 0.2783 1.1161 3.4996 0.022064 1.6631 2.5927 1.2658 1.5172 2.8882 2.7721 -0.77437 3.6718 0.53707 -0.74929 2.8812 1.9664 0.28388 2.8474 3.1106 0.75498 -0.0063686 -0.23122 0.91225 -2.0445 0.25431 0.80506 -3.7506 -0.31899 -0.75498 0.0063686 0.23122 -0.75309 -2.0379 0.71628 -1.1083 -3.727 0.19493
1 0 96 0.37788 4.1169 2.5142 0.35871 2.9854 1.9559 1.3304 2.9629 1.8054 1.2928 1.4612 1.1635 1.5435 0.052876 1.7391 -0.60976 3.034 2.1205 -0.92831 1.5211 1.5928 -0.98744 0.1268 2.2486 0.77553 0.00082231 -0.14849 0.68526 -1.4953 1.3239 0.76149 -3.0285 0.3783 -0.77553 -0.00082231 0.14849 -0.55344 -1.6161 1.4736 -0.85641 -2.9968 0.35434
1 1 96 0.37679 4.1439 2.4684 0.3617 3.0054 1.9242 1.3325 2.9876 1.7671 1.3199 1.4877 1.12 1.6915 0.078567 1.624 -0.60591 3.0496 2.0949 -0.94874 1.5358 1.5853 -1.1505 0.14445 2.2187 0.77573 -0.0035107 -0.1474 0.70404 -1.4418 1.3824 0.76409 -2.9327 0.37018 -0.77573 0.0035105 0.1474 -0.55666 -1.5634 1.5298 -0.84849 -2.8877 0.34155
1 34 120 0.63567 4.6012 1.3484 0.58495 3.3731 1.0543 1.4222 3.4174 0.54017 1.8639 2.0687 -0.26895 3.0693 1.1538 -0.56497 -0.24887 3.3574 1.5758 -1.0932 1.9589 1.5739 -1.7012 0.909 2.5255 0.63177 0.033298 -0.47251 1.0303 -1.9403 0.12773 0.59049 -3.6002 -0.42192 -0.63177 -0.033298 0.47251 -0.22657 -1.977 1.1597 -0.78916 -3.4762 0.33103
1 43 120 0.61748 4.6858 1.0521 0.53271 3.4454 0.81817 1.367 3.4469 0.29727 1.76 2.0194 -0.39322 3.0023 1.1728 -0.73605 -0.29794 3.4731 1.3441 -1.0513 2.0378 1.547 -1.621 1.3121 2.7825 0.65348 -0.0020561 -0.44324 1.0573 -1.9713 0.16777 0.62244 -3.6086 -0.44945 -0.65348 0.0020561 0.44324 -0.3624 -1.9452 1.1765 -0.7448 -3.5193 0.38478
2 101 288 0.69585 4.2178 2.2891 0.56698 3.1062 1.7112 1.4991 3.0898 1.3978 1.6775 1.6604 0.62729 2.1493 0.19852 0.49325 -0.35912 3.1474 2.0398 -0.96395 1.6958 1.5974 -1.3155 0.1963 1.6725 0.74375 0.012243 -0.26493 1.1068 -1.6434 0.97665 0.97206 -3.2623 0.19456 -0.74375 -0.012243 0.26493 -0.38747 -1.7372 1.4102 -0.75732 -3.2338 0.47515
2 102 288 0.64023 4.2888 2.1707 0.52749 3.1597 1.6236 1.4601 3.14 1.3118 1.6087 1.7848 0.4117 2.0999 0.35405 0.11275 -0.39936 3.205 1.9495 -1.0286 1.8128 1.371 -1.4305 0.32554 1.307 0.74466 0.014239 -0.26227 1.0793 -1.7118 0.88796 0.95504 -3.3394 0.12222 -0.74466 -0.014239 0.26227 -0.42971 -1.7978 1.3271 -0.7807 -3.3114 0.41239
2 103 288 0.59476 4.3601 2.0389 0.49119 3.212 1.5293 1.4227 3.1948 1.2141 1.5487 1.9064 0.2177 2.0613 0.5151 -0.20559 -0.43488 3.2552 1.8577 -1.0838 1.9188 1.1783 -1.4854 0.43623 1.0426 0.74454 0.013962 -0.2626 1.0608 -1.7748 0.7932 0.94114 -3.4135 0.050883 -0.74454 -0.013961 0.2626 -0.46082 -1.8543 1.2357 -0.79975 -3.3844 0.34417
3 70 72 -0.2562 4.8161 0.073613 0.0077536 3.585 0.05321 0.52852 3.6271 -0.78009 1.9197 2.7749 -0.69676 2.9752 3.6351 0.026861 -0.51584 3.5726 0.88571 -1.6434 2.3969 0.76289 -2.1213 1.0581 1.3603 0.26974 0.022611 -0.74177 -0.45497 -1.9446 -0.60364 -1.1521 -3.6041 -0.49873 -0.26974 -0.022611 0.74177 1.3293 -1.336 1.1054 0.79867 -3.0324 0.80313
3 83 300 0.44682 4.8043 -0.21046 0.22487 3.5755 -0.020263 0.84324 3.5683 0.74455 1.9576 2.3966 0.51214 2.2318 0.98377 1.0656 -0.38956 3.6122 -0.7874 -1.4495 2.3722 -0.87497 -2.5185 3.0349 0.017014 0.38419 -0.031768 0.68912 -1.399 -0.86592 1.4232 -0.17102 -1.9573 0.68026 -0.38419 0.031769 -0.68912 0.14657 -1.9996 -0.76797 0.62113 -3.7384 -0.81607
3 84 300 0.41535 4.8082 -0.17714 0.196 3.579 0.016345 0.79804 3.5718 0.79407 1.8619 2.3475 0.59904 2.0448 0.92373 1.1621 -0.40187 3.6156 -0.76377 -1.4123 2.3344 -0.84224 -2.5217 2.9403 0.040862 0.37832 -0.036224 0.69214 -1.3759 -0.96893 1.3756 -0.38976 -2.333 0.72929 -0.37832 0.036224 -0.69214 0.2213 -1.9742 -0.80521 0.75369 -3.6952 -0.88159
4 23 312 0.41836 4.6439 1.2656 0.1524 3.4406 0.97448 0.97277 3.4349 0.43196 0.99788 2.2375 -0.67898 1.9588 1.2054 -0.055316 -0.66248 3.4746 1.5242 -1.1523 1.9165 1.491 0.00012161 1.8992 2.5153 0.73143 0.07797 -0.28709 1.2752 -1.7182 0.65755 1.7224 -3.4483 0.41739 -0.73143 -0.07797 0.28709 -0.60836 -2.1586 0.021984 -1.3101 -2.7368 -1.5349
4 25 324 0.4675 4.6034 1.3693 0.17008 3.4086 1.073 0.96639 3.3902 0.49601 1.1836 2.0951 -0.47574 2.139 1.1559 0.28778 -0.61948 3.455 1.6576 -1.2639 1.9806 1.3752 -0.24272 1.5673 2.4542 0.679 0.12762 -0.38232 1.3351 -1.5895 0.63522 1.4385 -3.2179 -0.13192 -0.679 -0.12762 0.38232 -0.27385 -2.1748 0.62534 -1.2413 -2.3417 -0.88698
5 23 300 0.72609 4.7465 0.67589 0.4585 3.518 0.52319 1.231 3.4396 -0.080488 1.1947 1.9277 -0.6982 1.8512 0.55011 -0.91951 -0.30751 3.6252 1.1307 -0.88339 2.0969 1.1702 -0.96867 0.68764 1.7902 0.66732 -0.014983 -0.42185 1.2455 -1.7976 0.52796 1.2986 -3.5792 0.25548 -0.66732 0.014983 0.42185 -0.73144 -2.0842 0.36288 -1.4893 -3.1526 -0.8761
5 24 300 0.72607 4.7368 0.73312 0.45339 3.5112 0.56529 1.2628 3.4195 0.014034 1.3083 1.8993 -0.58226 2.001 0.52789 -0.71352 -0.34938 3.6317 1.1206 -0.97227 2.1215 1.1146 -1.1725 0.70627 1.693 0.68662 -0.012163 -0.38974 1.1958 -1.8294 0.53371 1.2079 -3.6004 0.19558 -0.68662 0.012163 0.38974 -0.69768 -2.086 0.49814 -1.4167 -3.0523 -0.84357
5 25 300 0.72885 4.7297 0.77395 0.44487 3.5093 0.58892 1.2844 3.4084 0.086623 1.4358 1.8817 -0.47486 2.1616 0.52154 -0.50424 -0.38789 3.6389 1.0959 -1.0456 2.1445 1.0419 -1.3129 0.73233 1.6004 0.70271 -0.013777 -0.35987 1.1451 -1.8616 0.53688 1.1215 -3.6174 0.12763 -0.70271 0.013777 0.35987 -0.6522 -2.0687 0.63415 -1.2946 -2.9888 -0.77708
5 26 300 0.72852 4.7244 0.80685 0.43645 3.5087 0.60536 1.3043 3.4003 0.15534 1.569 1.8655 -0.33769 2.3238 0.52193 -0.28431 -0.42451 3.6455 1.0607 -1.095 2.1593 0.96009 -1.3933 0.75335 1.5188 0.71813 -0.018206 -0.32781 1.0977 -1.8904 0.54696 1.0408 -3.6245 0.056648 -0.71813 0.018206 0.32781 -0.59972 -2.0298 0.78154 -1.1427 -3.0053 -0.6343
5 26 312 0.88035 4.7244 0.63775 0.55278 3.5087 0.50139 1.3081 3.4003 -0.11923 1.4645 1.8655 -0.65653 2.2139 0.52193 -0.76125 -0.19469 3.6455 1.1258 -0.87149 2.1593 1.1668 -1.0471 0.75335 1.7752 0.63428 -0.018206 -0.46995 1.1874 -1.8904 0.30678 1.0298 -3.6245 -0.16097 -0.63428 0.018206 0.46995 -0.42412 -2.0298 0.88915 -1.2496 -3.0053 -0.38287
5 27 300 0.71129 4.7207 0.8408 0.4186 3.5081 0.62188 1.3132 3.3954 0.22907 1.6789 1.8551 -0.17433 2.4675 0.53711 -0.038028 -0.46941 3.6493 1.0205 -1.1308 2.1623 0.87878 -1.4356 0.76386 1.4524 0.73307 -0.020438 -0.29272 1.0488 -1.9141 0.56083 0.96154 -3.619 -0.019569 -0.73307 0.020438 0.29272 -0.55203 -1.9738 0.92883 -0.97016 -3.082 -0.43056
5 27 312 0.87056 4.7207 0.67454 0.53875 3.5081 0.52126 1.3322 3.3954 -0.048972 1.606 1.8551 -0.51958 2.4057 0.53711 -0.55022 -0.24699 3.6493 1.0957 -0.92341 2.1623 1.0947 -1.1023 0.76386 1.7192 0.65619 -0.020438 -0.43874 1.1425 -1.9141 0.33051 0.93646 -3.619 -0.21906 -0.65619 0.020438 0.43874 -0.34685 -1.9738 1.0233 -1.0385 -3.082 -0.21945
5 28 312 0.84619 4.7187 0.71257 0.51651 3.508 0.54116 1.3416 3.393 0.018305 1.7098 1.8539 -0.38717 2.5693 0.5757 -0.31532 -0.30114 3.6515 1.0686 -0.95556 2.1554 1.0228 -1.1388 0.7636 1.6607 0.67873 -0.021387 -0.40294 1.089 -1.9441 0.3381 0.84195 -3.6139 -0.2957 -0.67873 0.021388 0.40294 -0.29029 -1.9095 1.1344 -0.81583 -3.1921 -0.018651
5 29 312 0.80131 4.7211 0.74372 0.48125 3.5099 0.55847 1.3368 3.3961 0.08684 1.7804 1.8626 -0.2604 2.6978 0.6393 -0.061599 -0.36725 3.6523 1.0351 -0.98489 2.142 0.9561 -1.163 0.75603 1.608 0.69904 -0.020052 -0.36666 1.026 -1.977 0.32451 0.74779 -3.6107 -0.38583 -0.69904 0.020053 0.36666 -0.26165 -1.8528 1.2124 -0.59661 -3.3107 0.20569
5 30 312 0.74466 4.7257 0.77468 0.44166 3.5128 0.57342 1.3241 3.4044 0.15269 1.8316 1.8798 -0.14137 2.7894 0.7211 0.20205 -0.43419 3.6497 0.99943 -1.0047 2.1228 0.88994 -1.1852 0.73852 1.5447 0.71538 -0.017991 -0.33378 0.96022 -2.0115 0.28296 0.65606 -3.6111 -0.49136 -0.71538 0.017991 0.33378 -0.26183 -1.8052 1.2743 -0.39 -3.4123 0.46712
5 60 24 0.67805 4.7636 0.55243 0.38335 3.5421 0.4055 1.1939 3.4808 -0.1482 1.2709 1.9896 -0.81077 1.9783 0.65598 -1.1252 -0.42196 3.6326 0.96287 -0.89621 2.0723 1.0596 -0.90854 0.69054 1.7438 0.66636 -0.018205 -0.42325 1.2251 -1.8085 0.52385 1.3547 -3.574 0.18156 -0.66635 0.018205 0.42325 -0.6333 -2.0823 0.45344 -1.4506 -3.1307 -0.76473
5 61 24 0.65534 4.7519 0.64491 0.35085 3.5362 0.47229 1.2113 3.4556 0.0027607 1.3668 1.9635 -0.64395 2.0884 0.62314 -0.88977 -0.50412 3.6459 0.94595 -1.0125 2.0944 1.0011 -1.0572 0.72904 1.7163 0.69982 -0.0079603 -0.36563 1.1632 -1.8492 0.53394 1.2546 -3.6091 0.15237 -0.69982 0.0079603 0.36563 -0.65873 -2.0857 0.53687 -1.3618 -3.0277 -0.83026
5 63 36 0.79303 4.7311 0.63255 0.44105 3.5281 0.46517 1.2851 3.4281 -0.029793 1.5016 1.9243 -0.63022 2.246 0.58629 -0.81248 -0.39659 3.657 0.96428 -0.93408 2.1161 1.0374 -0.86404 0.80167 1.8406 0.68115 -0.018999 -0.39896 1.1474 -1.9236 0.35552 1.0743 -3.6543 -0.14499 -0.68115 0.018999 0.39896 -0.49374 -2.028 0.83342 -1.1461 -2.9825 -0.55013
5 64 36 0.76488 4.7273 0.69433 0.42377 3.5254 0.49888 1.3065 3.4214 0.077781 1.6214 1.9085 -0.45209 2.4195 0.59035 -0.5079 -0.45283 3.6582 0.92466 -0.99472 2.1174 0.95445 -0.96472 0.82733 1.7985 0.7098 -0.021123 -0.3453 1.094 -1.9462 0.40363 0.98565 -3.6525 -0.16862 -0.7098 0.021123 0.3453 -0.47851 -1.9807 0.93998 -0.94423 -3.0641 -0.42387
5 65 36 0.73282 4.723 0.7504 0.40052 3.5224 0.53336 1.3138 3.4126 0.18508 1.7233 1.8955 -0.26134 2.5724 0.61154 -0.17064 -0.50684 3.6609 0.88672 -1.0383 2.1162 0.87965 -1.0601 0.83508 1.7376 0.73343 -0.021919 -0.29172 1.0328 -1.968 0.44129 0.89945 -3.6488 -0.19751 -0.73343 0.021919 0.29172 -0.47981 -1.9307 1.0247 -0.76043 -3.1636 -0.26063
5 66 36 0.69888 4.7213 0.79102 0.3755 3.5216 0.55532 1.3091 3.404 0.26894 1.8081 1.8873 -0.076509 2.6953 0.65115 0.17359 -0.55229 3.6679 0.84712 -1.0696 2.1189 0.80483 -1.1461 0.83401 1.6539 0.75164 -0.024172 -0.24072 0.96958 -1.9928 0.46021 0.82036 -3.6489 -0.23683 -0.75164 0.024171 0.24072 -0.48442 -1.8876 1.0702 -0.59563 -3.2602 -0.09359
5 68 48 0.74115 4.7226 0.72915 0.39929 3.5217 0.5281 1.3061 3.4022 0.16651 1.8929 1.9 -0.093759 2.9011 0.79241 0.27278 -0.50136 3.67 0.89447 -1.001 2.1146 0.88775 -1.0149 0.8002 1.6938 0.72643 -0.014304 -0.30917 0.92155 -2.0349 0.23257 0.59211 -3.656 -0.48464 -0.72643 0.014304 0.30917 -0.27715 -1.8115 1.2467 -0.28417 -3.426 0.44424
5 69 48 0.67039 4.7276 0.75971 0.34617 3.5252 0.54209 1.2743 3.4155 0.23577 1.9236 1.9249 0.077337 2.9377 0.8782 0.58109 -0.57644 3.6638 0.85349 -1.0685 2.1066 0.8117 -1.132 0.77087 1.5795 0.73881 -0.0080657 -0.27855 0.86168 -2.0538 0.18417 0.51878 -3.6624 -0.55459 -0.73881 0.0080652 0.27855 -0.29874 -1.7833 1.2844 -0.17062 -3.4767 0.67887
6 0 72 0.70625 4.7141 0.78668 0.47413 3.4745 0.67127 1.3771 3.3527 0.30085 1.4703 1.8042 -0.21116 2.1372 0.43396 0.024082 -0.42306 3.6253 1.045 -1.0694 2.1336 1.2058 -1.4262 0.85687 1.9935 0.71682 -0.011706 -0.33096 0.94605 -1.9894 0.34021 1.1489 -3.7184 -0.12922 -0.71682 0.011706 0.33096 -0.31565 -1.9967 0.7995 -0.78997 -3.6925 0.41182
6 3 84 0.71844 4.7089 0.82181 0.49506 3.4697 0.69305 1.39 3.3383 0.30692 1.5138 1.7971 -0.22071 2.1668 0.43061 0.068997 -0.39356 3.6301 1.0829 -1.0889 2.1534 1.1518 -1.5119 0.88754 1.924 0.71518 -0.013711 -0.33441 0.9188 -2.0204 0.25398 0.92508 -3.7428 -0.27892 -0.71518 0.013711 0.3344 -0.37647 -2.0012 0.82417 -0.86117 -3.6837 0.39389
