0 28 216 -0.23727 4.8054 0.59384 -0.2241 3.5647 0.33932 0.70826 3.5311 0.65067 2.0559 2.6078 0.63584 3.3721 2.7677 1.423 -1.1568 3.6274 0.033683 -2.1098 2.6667 0.94886 -2.8097 2.548 2.3177 0.64397 -0.0046096 0.45692 0.29429 -1.9319 1.2169 0.77971 -3.659 1.0368 -0.64397 0.0046096 -0.45692 -1.0003 -2.0631 -0.34842 -0.52676 -3.6188 -1.1273
0 28 228 -0.10862 4.8054 0.63019 -0.14866 3.5647 0.3785 0.82807 3.5311 0.4892 2.1431 2.6078 0.19451 3.5943 2.7677 0.69081 -1.1246 3.6274 0.27347 -1.8664 2.6667 1.3668 -2.2664 2.548 2.8512 0.7249 -0.0046096 0.31305 0.54087 -1.9319 1.1291 0.97824 -3.659 0.85205 -0.7249 0.0046096 -0.31305 -1.0509 -2.0631 -0.13284 -0.74963 -3.6188 -0.99313
0 29 228 -0.18073 4.8075 0.60321 -0.18039 3.5656 0.35407 0.76806 3.5337 0.61248 2.1083 2.6006 0.65371 3.3569 2.7319 1.549 -1.1289 3.6268 0.10127 -2.1696 2.6955 0.94882 -3.0082 2.5792 2.2376 0.68915 -0.0054746 0.38542 0.47337 -1.9529 1.144 0.94664 -3.6661 0.84112 -0.68915 0.0054746 -0.38542 -1.0753 -2.0499 -0.1841 -0.78069 -3.631 -0.9992
0 30 228 -0.25838 4.8102 0.5571 -0.21738 3.5678 0.31379 0.67991 3.5378 0.71544 1.9546 2.5901 1.0974 2.8916 2.6818 2.3186 -1.1157 3.627 -0.082382 -2.3804 2.7323 0.43597 -3.548 2.6389 1.4387 0.64885 0.00050831 0.44999 0.41073 -1.9675 1.1461 0.91344 -3.6693 0.8265 -0.64885 -0.00050831 -0.44999 -1.0998 -2.0408 -0.23066 -0.81725 -3.6431 -1.0077
0 30 240 -0.1369 4.8102 0.59865 -0.14739 3.5678 0.35213 0.8138 3.5378 0.55845 2.14 2.5901 0.66708 3.3105 2.6818 1.6667 -1.1084 3.627 0.15138 -2.2377 2.7323 0.92135 -3.1714 2.6389 2.1449 0.72823 0.00050831 0.30525 0.64004 -1.9675 1.0356 1.0653 -3.6693 0.61852 -0.72823 -0.00050831 -0.30525 -1.1237 -2.0408 0.0030276 -1.0089 -3.6431 -0.81573
0 31 240 -0.20643 4.8131 0.56087 -0.17427 3.5695 0.32252 0.74508 3.5394 0.67072 1.9825 2.5741 1.1244 2.8114 2.6171 2.4239 -1.0942 3.6288 -0.020243 -2.4246 2.7738 0.38952 -3.643 2.7276 1.3334 0.69779 0.001811 0.36957 0.58179 -1.9836 1.0471 1.0351 -3.6724 0.60725 -0.69779 -0.001811 -0.36957 -1.1456 -2.0296 -0.050529 -1.0337 -3.6512 -0.83071
0 32 252 -0.16818 4.8134 0.57248 -0.14258 3.5693 0.33619 0.79361 3.5421 0.63648 1.9859 2.5543 1.1575 2.6967 2.5464 2.5258 -1.0791 3.6258 0.041206 -2.4646 2.817 0.34964 -3.7308 2.8088 1.2296 0.73642 0.0043416 0.2849 0.72544 -1.9993 0.91688 1.1051 -3.6754 0.37147 -0.73642 -0.0043421 -0.2849 -1.1577 -2.0199 0.13263 -1.2143 -3.6624 -0.60897
0 33 252 -0.24214 4.8154 0.53052 -0.17415 3.5703 0.30825 0.70113 3.547 0.75624 1.6904 2.5305 1.5666 1.9757 2.48 3.0811 -1.0507 3.623 -0.13471 -2.4895 2.8551 -0.23003 -3.9409 2.8826 0.28976 0.70764 0.0069962 0.35027 0.66427 -2.0149 0.91989 1.0781 -3.677 0.35684 -0.70764 -0.0069962 -0.35027 -1.1792 -2.0121 0.064089 -1.2333 -3.6724 -0.63681
0 34 264 -0.2115 4.8159 0.53992 -0.15221 3.5697 0.32175 0.74203 3.5477 0.73066 1.6553 2.5003 1.5895 1.8259 2.4206 3.12 -1.0475 3.6211 -0.082261 -2.491 2.8827 -0.28213 -3.9736 2.9387 0.1377 0.74199 0.01196 0.26982 0.78025 -2.0286 0.76888 1.1015 -3.6782 0.11586 -0.74199 -0.01196 -0.26982 -1.1697 -2.0012 0.2538 -1.366 -3.6724 -0.39384
0 35 276 -0.18199 4.8164 0.54755 -0.12607 3.5696 0.33186 0.78314 3.5469 0.70628 1.6255 2.4794 1.6117 1.6765 2.3722 3.1491 -1.0361 3.6217 -0.037653 -2.4702 2.9005 -0.34079 -3.98 2.9826 -0.038793 0.76786 0.017102 0.18329 0.87318 -2.0386 0.60455 1.08 -3.6749 -0.12389 -0.76786 -0.017103 -0.18329 -1.1284 -1.9889 0.44631 -1.4408 -3.6729 -0.11692
0 36 288 -0.15809 4.8163 0.55118 -0.10595 3.5691 0.3372 0.81662 3.5452 0.67726 1.5879 2.4531 1.616 1.528 2.3316 3.152 -1.0291 3.6225 0.0020225 -2.4399 2.9059 -0.40401 -3.9646 3.0162 -0.20224 0.78376 0.024031 0.092996 0.93375 -2.0449 0.42691 1.0111 -3.6691 -0.35207 -0.78376 -0.024031 -0.092996 -1.0443 -1.9747 0.64285 -1.4479 -3.673 0.19148
0 37 300 -0.13234 4.8175 0.54125 -0.075958 3.5708 0.32745 0.85842 3.548 0.63367 1.5647 2.4328 1.5961 1.3889 2.3028 3.1225 -1.0107 3.623 0.026011 -2.3871 2.8956 -0.46916 -3.9205 3.0296 -0.37771 0.78914 0.026108 0.008378 0.96283 -2.0531 0.25546 0.9057 -3.6589 -0.56243 -0.78914 -0.026107 -0.0083779 -0.92473 -1.9566 0.8096 -1.3851 -3.669 0.48298
0 37 312 -0.01692 4.8175 0.55694 -0.0062177 3.5708 0.33608 0.97141 3.548 0.44135 1.8623 2.4328 1.2359 2.0078 2.3028 2.7655 -0.98322 3.623 0.23558 -2.4325 2.8956 0.03739 -3.9133 3.0296 0.44566 0.77364 0.026108 -0.15588 0.9949 -2.0531 0.049696 0.76897 -3.6589 -0.73845 -0.77364 -0.026107 0.15588 -0.7362 -1.9566 0.98417 -1.2544 -3.669 0.7604
0 38 312 -0.13096 4.8187 0.51885 -0.062627 3.5727 0.30706 0.88105 3.5538 0.58359 1.5273 2.4149 1.5603 1.2177 2.284 3.0652 -1.0066 3.6212 0.035138 -2.3367 2.8648 -0.53705 -3.8709 3.0196 -0.54441 0.78585 0.031559 -0.070324 0.94831 -2.0581 0.075973 0.7527 -3.6441 -0.75904 -0.78585 -0.031559 0.070323 -0.77853 -1.9382 0.95299 -1.2618 -3.6637 0.75346
0 38 324 -0.020223 4.8187 0.53474 0.0025831 3.5727 0.31337 0.98314 3.5538 0.38766 1.8184 2.4149 1.2087 1.8284 2.284 2.745 -0.97729 3.6212 0.24365 -2.3973 2.8648 -0.03949 -3.8995 3.0196 0.27229 0.75405 0.031559 -0.23217 0.94338 -2.0581 -0.12285 0.57843 -3.6441 -0.89895 -0.75405 -0.031559 0.23217 -0.56338 -1.9382 1.094 -1.0775 -3.6637 0.99933
0 89 252 -0.24022 4.7866 0.36218 -0.1438 3.5407 0.27064 0.8154 3.5573 0.48748 1.8612 2.4563 -0.11485 3.1807 2.4853 -0.9121 -1.1026 3.5537 0.051774 -1.967 2.5158 -0.86714 -3.0995 2.7383 -1.8897 0.76816 0.012426 0.18239 0.62343 -2.0419 0.59847 0.78836 -3.7341 -0.0017181 -0.76816 -0.012426 -0.18239 -1.0284 -2.0805 0.081332 -1.044 -3.6896 -0.73193
0 89 264 -0.15967 4.7866 0.40421 -0.084389 3.5407 0.29462 0.89893 3.5573 0.3073 1.7966 2.4563 -0.4993 2.9216 2.4853 -1.5535 -1.0677 3.5537 0.27989 -2.1043 2.5158 -0.43924 -3.4246 2.7383 -1.2039 0.7893 0.012426 0.018696 0.73424 -2.0419 0.45578 0.77077 -3.7341 -0.16559 -0.7893 -0.012426 -0.018696 -0.98901 -2.0805 0.29337 -1.1733 -3.6896 -0.49888
0 89 276 -0.07214 4.7866 0.42858 -0.02129 3.5407 0.30573 0.94318 3.5573 0.11368 1.6535 2.4563 -0.86192 2.5347 2.4853 -2.127 -0.98621 3.5537 0.49576 -2.1496 2.5158 0.0078632 -3.6001 2.7383 -0.46562 0.77594 0.012426 -0.14582 0.81296 -2.0419 0.29316 0.7195 -3.7341 -0.32222 -0.77594 -0.012426 0.14582 -0.90641 -2.0805 0.49259 -1.2514 -3.6896 -0.24403
0 90 240 -0.35616 4.7804 0.3003 -0.21066 3.5426 0.20885 0.67444 3.5719 0.63675 2.0286 2.6909 0.39405 3.4285 3.1504 -0.060497 -1.0954 3.5431 -0.22088 -1.952 2.7314 -1.3505 -2.8258 3.3775 -2.4445 0.70687 0.015334 0.35157 0.48978 -2.0429 0.71319 0.77329 -3.7359 0.16162 -0.70687 -0.015333 -0.35157 -1.0167 -2.0835 -0.1493 -0.86821 -3.6977 -0.93881
0 90 252 -0.28594 4.7804 0.36779 -0.16263 3.5426 0.24808 0.79209 3.5719 0.48261 2.0662 2.6909 -0.036324 3.341 3.1504 -0.77201 -1.1173 3.5431 0.011688 -2.1901 2.7314 -0.91514 -3.2722 3.3775 -1.8035 0.76451 0.015334 0.19693 0.62735 -2.0429 0.59577 0.79 -3.7359 -0.002686 -0.76451 -0.015333 -0.19693 -1.0255 -2.0835 0.065347 -1.0444 -3.6977 -0.73778
0 90 288 -0.01515 4.7804 0.46562 0.014246 3.5426 0.29629 0.92449 3.5719 -0.075142 1.6502 2.6909 -1.2439 2.2492 3.1504 -2.5884 -0.89708 3.5431 0.66622 -2.3097 2.7314 0.54695 -3.7074 3.3775 0.4643 0.73426 0.015334 -0.29005 0.85773 -2.0429 0.11324 0.63754 -3.7359 -0.46652 -0.73426 -0.015333 0.29005 -0.79126 -2.0835 0.65566 -1.2786 -3.6977 0.017023
0 91 228 -0.43416 4.7783 0.19449 -0.24655 3.5467 0.13247 0.52192 3.5824 0.74528 2.0242 2.9925 0.99778 3.2836 3.8782 0.91221 -1.0145 3.5407 -0.48202 -1.8316 3.0073 -1.7922 -2.4509 4.0327 -2.7631 0.60937 0.01713 0.50187 0.3263 -2.0433 0.80021 0.71966 -3.7378 0.32614 -0.60937 -0.01713 -0.50187 -0.96334 -2.0833 -0.36 -0.66261 -3.7034 -1.0918
0 101 264 0.016888 4.8428 0.17332 0.028437 3.5795 0.17919 1.0013 3.5415 0.31886 1.2757 3.5686 1.929 0.46176 4.3776 2.9589 -0.94302 3.6473 0.041237 -1.6554 3.609 1.5109 -1.0219 4.1247 2.8187 0.78551 -0.001101 0.080423 0.72776 -2.0428 0.57278 0.84632 -3.7554 0.021447 -0.78551 0.001101 -0.080422 -0.98196 -2.0471 0.3444 -1.1121 -3.7294 -0.29115
1 5 84 -0.10943 4.4907 1.7887 -0.031612 3.2782 1.4381 0.95031 3.2754 1.4945 1.8538 1.9965 1.0286 3.2435 1.3785 1.2825 -1.0135 3.3095 1.3905 -1.9638 2.0981 0.84431 -3.3966 1.5668 1.0501 0.78942 -0.0083079 0.015486 0.52168 -1.5763 1.388 0.73922 -3.0438 0.36323 -0.78942 0.0083082 -0.015487 -0.95433 -1.6618 1.2486 -0.91418 -2.9707 0.009235
1 7 72 -0.33102 4.6386 1.2998 -0.22399 3.4036 1.0551 0.71761 3.3878 1.3389 2.0554 2.47 1.147 3.5284 2.485 1.603 -1.166 3.4489 0.77603 -2.2358 2.5505 -0.070865 -3.7644 2.6083 -0.26512 0.76729 -0.015726 0.18578 0.59088 -1.908 1.0817 0.87441 -3.5561 0.40785 -0.76729 0.015726 -0.18578 -1.2422 -1.8787 0.58875 -0.99211 -3.4456 -0.26751
1 33 84 -0.27848 4.633 1.3541 -0.16612 3.3957 1.119 0.8149 3.4379 1.1754 1.8759 2.2415 0.84117 3.2097 1.6371 1.3241 -1.1483 3.3824 1.0695 -2.0243 2.0927 0.58153 -3.2625 1.2928 1.0342 0.78858 0.039126 -0.010522 0.90299 -1.9433 0.6759 1.0006 -3.6239 0.030077 -0.78858 -0.039126 0.010522 -1.0036 -2.0099 0.70634 -1.1554 -3.5296 -0.25196
1 44 72 -0.31993 4.7064 1.0724 -0.21189 3.4614 0.87434 0.73615 3.4653 1.1362 1.7072 2.153 1.0773 2.9617 1.5969 1.7806 -1.1609 3.4869 0.61727 -2.022 2.1635 0.19801 -3.4594 1.7244 0.54296 0.76748 -0.0079145 0.18552 0.69796 -2.0015 0.84518 0.94478 -3.6775 0.22807 -0.76747 0.0079145 -0.18552 -1.1836 -1.9752 0.36998 -0.96839 -3.5813 -0.42055
1 44 84 -0.089981 4.7064 1.1155 -0.025473 3.4614 0.89929 0.95629 3.4653 0.95833 1.8939 2.153 0.69878 3.2672 1.5969 1.1259 -1.0072 3.4869 0.84515 -1.9367 2.1635 0.61408 -3.2709 1.7244 1.2503 0.78928 -0.0079145 0.0219 0.85843 -2.0015 0.68159 0.97155 -3.6775 0.026651 -0.78928 0.0079145 -0.0219 -1.0808 -1.9752 0.60797 -1.0347 -3.5813 -0.21002
2 0 264 -0.34047 3.8359 2.9086 -0.18856 2.9528 2.0166 0.7857 2.9191 2.1471 1.5141 2.625 0.71477 2.5357 1.6837 0.045529 -1.1646 3.0067 1.9079 -1.7904 2.8813 0.40405 -2.9507 2.3106 -0.43595 0.7879 0.012938 0.050458 0.6629 -1.8841 0.94493 0.62422 -3.5499 0.25627 -0.7879 -0.012938 -0.050457 -0.94064 -1.9294 0.797 -0.84621 -3.4966 -0.089423
2 1 264 -0.38811 3.6134 3.1757 -0.22353 2.7952 2.2259 0.75023 2.7601 2.3598 1.4051 2.665 0.86618 2.406 1.8565 0.016253 -1.1993 2.849 2.1151 -1.7424 2.8947 0.57506 -2.8356 2.4268 -0.40651 0.78752 0.014499 0.055635 0.63877 -1.8475 1.0174 0.61398 -3.4955 0.28625 -0.78752 -0.014499 -0.055635 -0.95501 -1.8983 0.8595 -0.84996 -3.4444 -0.062148
