0 6 204 0.52184 4.7888 0.49926 0.27124 3.5613 0.31583 1.1027 3.4635 -0.20044 1.7966 2.5874 -1.3919 3.0466 2.9631 -2.2129 -0.55417 3.6881 0.83542 -0.73051 2.5372 1.9814 0.1259 2.421 3.2584 0.78677 -0.047612 -0.047219 0.50338 -1.7985 1.079 0.76283 -3.5814 1.1499 -0.78677 0.047612 0.047218 -0.5873 -2.0086 -0.33553 -0.09694 -3.4515 -1.2991
0 7 192 0.50006 4.7798 0.57501 0.2386 3.5579 0.37065 1.0997 3.4632 -0.095008 1.7492 2.6214 -1.3354 2.9499 3.0146 -2.2194 -0.61672 3.6815 0.84021 -0.73674 2.5226 1.9853 0.18581 2.4391 3.218 0.78582 -0.050315 0.058709 0.29307 -1.7775 1.1488 0.52236 -3.5613 1.2764 -0.78582 0.050314 -0.058709 -0.51119 -2.0005 -0.42324 0.17184 -3.4268 -1.2894
0 13 120 -0.18798 4.749 0.83364 -0.28322 3.5459 0.45861 0.68363 3.496 0.63205 1.7953 2.6315 -0.19607 3.2557 2.7994 -0.6615 -1.2494 3.6247 0.29244 -1.2429 2.4846 1.4624 -0.089224 2.634 2.4744 0.44259 -0.046401 0.65227 -0.82728 -1.7182 0.7354 -1.0228 -3.5007 0.92323 -0.44259 0.046401 -0.65227 0.11023 -1.9779 -0.54776 1.2504 -3.3466 -0.26947
0 14 120 -0.22565 4.7451 0.84473 -0.31585 3.542 0.46803 0.65358 3.5022 0.62926 1.7594 2.6093 -0.17606 3.2322 2.7391 -0.61406 -1.2849 3.6107 0.31431 -1.1344 2.472 1.476 0.14372 2.6952 2.3092 0.45838 -0.039922 0.64171 -0.79289 -1.7237 0.75806 -1.027 -3.5023 0.93879 -0.45838 0.039922 -0.64171 0.10143 -1.9819 -0.52714 1.2451 -3.3508 -0.26466
0 16 120 -0.32101 4.7499 0.80928 -0.36168 3.5427 0.43441 0.59436 3.5134 0.66351 1.7612 2.584 -0.0024621 3.2851 2.6857 -0.21507 -1.3182 3.6008 0.213 -1.131 2.4746 1.3815 0.22375 2.786 2.0488 0.43732 -0.032658 0.65665 -0.78641 -1.7371 0.76439 -1.033 -3.5147 0.93889 -0.43732 0.032658 -0.65665 0.093769 -1.9965 -0.53505 1.2371 -3.3644 -0.26565
0 17 120 -0.37835 4.7532 0.76371 -0.39198 3.544 0.39227 0.54543 3.5096 0.68797 1.77 2.574 0.14599 3.3083 2.676 0.11295 -1.3302 3.6073 0.10404 -1.2523 2.4895 1.2928 0.074502 2.7971 2.0157 0.40395 -0.027241 0.67792 -0.80487 -1.7439 0.75708 -1.0405 -3.5228 0.93262 -0.40395 0.027241 -0.67792 0.088623 -2.0116 -0.55599 1.2291 -3.3774 -0.26473
0 18 132 -0.28927 4.7605 0.76993 -0.33845 3.5469 0.4146 0.625 3.5081 0.60856 1.794 2.5718 -0.043666 3.3249 2.6852 -0.18904 -1.3017 3.6147 0.2279 -1.1527 2.5071 1.4194 0.24087 2.7874 2.0171 0.49177 -0.022707 0.61737 -0.67423 -1.7482 0.89561 -0.84404 -3.5295 1.1168 -0.49177 0.022707 -0.61737 -0.036101 -2.0282 -0.59264 1.1377 -3.3943 -0.51096
0 23 216 0.20896 4.7869 0.68509 -0.0032097 3.5542 0.48762 0.84439 3.5279 -0.010629 1.4041 2.5808 -1.2183 2.6117 2.7617 -2.1599 -0.84664 3.6096 0.99053 -0.25635 2.5695 2.1034 1.2256 2.5973 2.5284 0.78962 0.00053406 -0.00014507 0.61002 -1.8119 1.0474 0.89512 -3.5922 1.0459 -0.78962 -0.0005343 0.00014455 -0.8646 -2.0989 -0.073398 -0.43702 -3.5035 -1.1199
0 24 228 0.24478 4.7913 0.66629 0.040637 3.5559 0.476 0.87298 3.5337 -0.047518 1.4177 2.5973 -1.2703 2.636 2.79 -2.1957 -0.78753 3.6074 1.0041 -0.23492 2.5823 2.1498 1.179 2.5718 2.7649 0.78742 -0.0019205 -0.058905 0.77102 -1.8372 0.96367 1.0745 -3.6106 0.84553 -0.78742 0.0019205 0.058905 -0.91184 -2.0954 0.072419 -0.67391 -3.5279 -0.99635
0 45 60 0.29037 4.7749 0.49297 0.23847 3.5718 0.14806 1.024 3.6027 -0.44305 1.7536 2.3545 0.31748 1.3019 2.3302 1.7916 -0.54515 3.5706 0.74245 -1.8641 2.6374 0.50092 -3.336 2.2931 0.80544 0.096468 0.038 -0.78278 -0.075426 -2.0559 -0.79977 -1.0311 -3.5515 -0.48206 -0.096467 -0.038 0.78278 1.0155 -1.8158 0.65101 1.0777 -3.5934 0.94616
0 68 336 0.42772 4.8207 0.27618 0.29997 3.5704 0.14185 0.92775 3.5282 -0.61412 1.7357 2.1221 -0.41738 2.8029 2.2449 0.68883 -0.32335 3.642 0.89928 -1.0643 2.4881 1.7872 -0.88995 2.1057 3.2708 0.37352 0.0053759 -0.69567 0.88929 -2.0306 -0.74959 0.59027 -3.7105 -1.3323 -0.37352 -0.0053763 0.69567 0.087475 -2.028 1.0282 -0.61169 -3.6816 0.86126
0 70 324 0.40976 4.8208 0.32906 0.27697 3.5676 0.22689 0.95391 3.5023 -0.48363 1.6533 2.0383 -0.29294 2.8521 2.0987 0.67498 -0.39511 3.6623 0.93871 -0.99317 2.4037 1.7914 -0.72007 1.926 3.2318 0.47586 0.013771 -0.62997 1.0502 -2.0064 -0.57277 0.87472 -3.6883 -1.1986 -0.47586 -0.013771 0.62997 -0.0595 -2.0375 1.0112 -0.73259 -3.6771 0.68
1 35 120 0.71029 4.5705 1.4206 0.64205 3.3519 1.0951 1.4831 3.3891 0.58658 1.7189 1.9356 -0.12093 2.7221 0.78342 -0.32983 -0.1949 3.343 1.6116 -0.88367 1.8665 1.493 -1.3723 0.64539 2.2979 0.6335 0.027174 -0.47057 0.94696 -1.9344 0.21369 0.44442 -3.5584 -0.38721 -0.6335 -0.027174 0.47057 -0.06915 -1.9383 1.1365 -0.60126 -3.4266 0.26887
1 37 108 0.58141 4.4572 1.7721 0.55852 3.2501 1.4048 1.489 3.2643 1.0863 1.4591 1.7338 0.51598 2.07 0.31916 0.57441 -0.36862 3.2639 1.7328 -0.74707 1.7355 1.2973 -1.1377 0.33807 1.8191 0.71459 0.016521 -0.33555 0.90004 -1.7894 0.72203 0.46678 -3.3001 -0.1618 -0.71459 -0.016521 0.33555 -0.12629 -1.8141 1.2504 -0.53618 -3.1686 0.1331
1 40 108 0.59749 4.476 1.7396 0.5414 3.2731 1.3616 1.464 3.2757 1.0209 1.4613 1.7324 0.48503 2.1135 0.33893 0.58775 -0.37724 3.2984 1.7121 -0.78809 1.7479 1.4023 -1.1142 0.41379 2.1034 0.71916 0.012387 -0.32582 1.0321 -1.6085 0.97382 0.47806 -2.984 -0.0519 -0.71916 -0.012387 0.32582 -0.18066 -1.6658 1.505 -0.5189 -2.8938 0.22886
1 42 120 0.69366 4.6387 1.2103 0.59334 3.4091 0.93406 1.4286 3.4105 0.41473 1.6324 1.916 -0.21269 2.7066 0.83295 -0.43784 -0.23744 3.4366 1.4598 -0.87523 1.9334 1.5111 -1.2906 0.96304 2.6351 0.6497 0.0043054 -0.44874 1.0609 -1.8747 0.39661 0.47884 -3.4147 -0.3386 -0.6497 -0.0043058 0.44874 -0.15983 -1.8702 1.2811 -0.58792 -3.3251 0.306
2 104 300 0.91677 4.4273 1.7554 0.7297 3.2615 1.3127 1.5753 3.2481 0.81052 1.4713 2.0069 -0.2466 1.8916 0.65314 -0.85344 -0.10844 3.3015 1.8258 -0.90238 1.9978 1.2437 -1.3168 0.51517 1.1562 0.67658 0.015883 -0.4068 1.1659 -1.831 0.46732 0.90298 -3.4807 -0.21101 -0.67658 -0.015883 0.4068 -0.24318 -1.9046 1.2188 -0.74301 -3.4545 0.445
3 71 72 -0.22418 4.8168 0.10823 0.033627 3.5844 0.092703 0.53478 3.6191 -0.75287 1.8715 2.6826 -0.68315 2.9605 3.4791 0.063514 -0.47018 3.5793 0.9374 -1.5334 2.3411 0.86479 -1.9006 0.98372 1.4974 0.24927 0.033363 -0.7485 -0.53507 -1.9132 -0.64772 -1.278 -3.5542 -0.57055 -0.24928 -0.033363 0.7485 1.1929 -1.5342 1.0347 0.90765 -3.3057 0.85838
4 1 300 0.86575 4.6913 0.78212 0.53592 3.4778 0.63061 1.3436 3.3276 0.089788 1.4562 1.7307 -0.23547 2.2801 1.012 0.85192 -0.26357 3.6565 1.1749 -1.0714 2.2471 1.0023 -1.1199 0.92765 1.7987 0.63544 0.024606 -0.46809 0.78421 -1.996 0.088223 0.2982 -3.6748 -0.35484 -0.63544 -0.024606 0.46809 -0.12229 -1.969 1.0766 -0.86994 -3.1002 -0.11182
4 2 300 0.90354 4.6781 0.82455 0.56547 3.469 0.65779 1.3731 3.3185 0.117 1.5073 1.7179 -0.18109 2.2996 1.0958 0.98636 -0.23384 3.6478 1.2023 -1.0774 2.2656 0.98643 -1.1232 0.95206 1.7928 0.63247 0.023084 -0.47217 0.73297 -2.017 0.020202 0.19508 -3.6611 -0.48801 -0.63247 -0.023084 0.47217 -0.0047705 -1.8994 1.1791 -0.67476 -3.2083 0.1357
4 19 300 0.4921 4.5705 1.5324 0.28436 3.3772 1.1622 1.1349 3.4003 0.66884 1.1999 2.3439 -0.57555 1.958 1.2351 0.18175 -0.56114 3.3819 1.6646 -0.82886 1.7842 1.875 0.24576 2.3108 2.8474 0.73243 0.054227 -0.29 1.2277 -1.6607 0.81813 1.3798 -3.33 0.1537 -0.73243 -0.054227 0.29 -0.41162 -2.1302 0.25035 -0.66482 -3.2954 -1.1021
4 22 312 0.5635 4.6353 1.2622 0.27859 3.4362 0.97092 1.0548 3.4376 0.36692 0.94565 2.2776 -0.77814 1.9398 1.223 -0.25174 -0.49162 3.4631 1.582 -0.92171 1.8879 1.6316 0.30466 2.0299 2.5555 0.71349 0.059127 -0.33308 1.297 -1.7734 0.51284 1.827 -3.4962 0.55611 -0.71349 -0.059127 0.33308 -0.66833 -2.1173 -0.086446 -1.2984 -2.9832 -1.537
4 24 324 0.53149 4.6193 1.2797 0.22686 3.4173 1.0225 0.97656 3.4056 0.38597 0.96825 2.1634 -0.67496 1.9983 1.1673 -0.10528 -0.51626 3.4573 1.6656 -1.0779 1.9246 1.6005 0.14772 1.7164 2.5127 0.67021 0.11788 -0.40052 1.376 -1.6149 0.55527 1.6002 -3.3096 -0.018006 -0.67021 -0.11788 0.40052 -0.42681 -2.2043 0.35874 -1.4806 -2.512 -1.0716
4 26 336 0.63132 4.5918 1.3501 0.30105 3.4013 1.0726 1.0364 3.3882 0.41965 1.2327 2.0432 -0.48654 2.2717 1.2386 0.32013 -0.42668 3.4421 1.733 -1.2055 2.0479 1.389 -0.18221 1.5138 2.4114 0.6139 0.13716 -0.47729 1.3633 -1.6314 0.37404 1.188 -3.1791 -0.53427 -0.6139 -0.13716 0.47729 0.035359 -2.0767 0.95797 -1.0548 -2.2966 -0.46121
4 28 348 0.63075 4.5743 1.4345 0.35147 3.3761 1.1351 1.1319 3.3722 0.5365 1.4657 1.9896 -0.26703 2.4557 1.5785 0.84139 -0.42214 3.408 1.7416 -1.3398 2.1413 1.2702 -0.42585 1.5424 2.3582 0.59064 0.14496 -0.50362 1.0905 -1.8569 -0.10716 0.61566 -3.2956 -1.0847 -0.59064 -0.14496 0.50362 0.43604 -1.7696 1.3526 -0.34644 -2.6178 -0.03277
4 48 60 0.46009 4.6852 1.0639 0.24045 3.4461 0.9424 0.86433 3.4734 0.18254 1.3745 2.2613 -0.78662 2.1743 2.2409 0.53154 -0.37796 3.4477 1.7072 -1.2045 2.073 1.3978 -0.20333 1.3623 2.3307 0.52509 0.15322 -0.56948 1.3769 -1.6938 -0.043029 0.98394 -3.2328 -0.89634 -0.52509 -0.15322 0.56948 0.23026 -2.0845 0.90711 -0.914 -2.4167 -0.44611
4 49 60 0.38785 4.6708 1.1589 0.19186 3.4324 1.0039 0.92562 3.4699 0.35006 1.6127 2.2659 -0.51422 2.1803 2.2549 0.91946 -0.53734 3.4236 1.6639 -1.4016 2.1052 1.2354 -0.54514 1.376 2.2901 0.56237 0.1554 -0.53206 1.2816 -1.777 -0.12862 0.82807 -3.2623 -1.0446 -0.56237 -0.1554 0.53206 0.35174 -1.9491 1.1332 -0.58334 -2.5071 -0.30386
4 67 108 0.55322 4.6065 1.3567 0.30277 3.3914 1.1073 1.0518 3.4077 0.47006 1.0873 2.1356 -0.5542 1.9457 1.5116 0.56447 -0.44007 3.4033 1.7518 -1.0981 1.9255 1.5241 0.14495 1.827 2.4311 0.64853 0.11783 -0.43477 1.15 -1.6879 0.51513 0.91295 -3.359 -0.11888 -0.64853 -0.11783 0.43477 -0.32017 -2.1897 0.31675 -1.2176 -2.425 -1.2292
4 68 108 0.53839 4.5779 1.4357 0.27164 3.3706 1.1703 1.0681 3.3651 0.59335 1.2807 2.0685 -0.37749 2.0108 1.5509 0.87813 -0.51823 3.404 1.7555 -1.2795 2.0141 1.3589 -0.19302 1.6971 2.4062 0.66551 0.12681 -0.4056 1.1148 -1.7118 0.5066 0.74001 -3.2525 -0.35169 -0.66551 -0.12681 0.4056 -0.22948 -2.1584 0.71697 -1.0426 -2.2826 -0.88749
5 17 288 0.57855 4.7634 0.71908 0.37236 3.53 0.51881 1.1686 3.5145 -0.058362 1.0728 2.0494 -0.7745 1.7158 0.6678 -1.01 -0.41895 3.5743 1.1012 -0.62472 1.9913 1.4486 -0.033733 0.91481 2.3811 0.68351 -0.029342 -0.39427 1.2578 -1.6995 0.74368 1.6565 -3.4474 0.93606 -0.68351 0.029342 0.39427 -0.57693 -2.0633 0.23966 -0.96758 -3.4791 -0.8061
5 18 288 0.57566 4.7648 0.71209 0.36879 3.5309 0.51577 1.1792 3.5063 -0.040993 1.0993 2.0415 -0.75989 1.7293 0.65679 -1.0116 -0.43663 3.5843 1.0777 -0.69182 1.9985 1.3758 -0.18956 0.86129 2.288 0.69296 -0.030692 -0.37731 1.2306 -1.7117 0.76259 1.5816 -3.4742 0.90901 -0.69296 0.030692 0.37731 -0.62469 -2.0576 0.15636 -1.0448 -3.4409 -0.92108
5 20 300 0.71142 4.7588 0.62033 0.45966 3.5261 0.47558 1.1607 3.4829 -0.21288 0.97761 2.0061 -0.88691 1.5501 0.62307 -1.2572 -0.23518 3.5981 1.1679 -0.61576 2.0229 1.3745 -0.17406 0.76233 2.1448 0.61824 -0.015228 -0.49096 1.3407 -1.709 0.52066 1.5733 -3.4962 0.46674 -0.61824 0.015228 0.49096 -0.68267 -2.0633 0.19112 -1.4065 -3.3546 -0.83821
5 21 300 0.71931 4.7586 0.61355 0.46372 3.5265 0.46993 1.1797 3.4766 -0.20254 1.0301 1.9896 -0.86213 1.6248 0.60751 -1.1996 -0.24601 3.6052 1.1463 -0.71984 2.0474 1.2779 -0.44412 0.71955 2.0117 0.62575 -0.016468 -0.48131 1.3274 -1.7263 0.5179 1.4845 -3.518 0.39092 -0.62575 0.016468 0.48131 -0.72373 -2.0621 0.19095 -1.4805 -3.2972 -0.88269
5 23 312 0.85075 4.7465 0.51015 0.55726 3.518 0.41643 1.1874 3.4396 -0.33467 1.0234 1.9277 -0.93132 1.6196 0.55011 -1.2843 -0.065698 3.6252 1.17 -0.62078 2.0969 1.3283 -0.5753 0.68764 1.9525 0.56503 -0.014983 -0.55137 1.3281 -1.7976 0.25747 1.3233 -3.5792 -0.020086 -0.56503 0.014983 0.55137 -0.64001 -2.0842 0.50703 -1.6389 -3.1526 -0.54731
5 24 312 0.86263 4.7368 0.56614 0.56101 3.5112 0.45867 1.2381 3.4195 -0.24881 1.1587 1.8993 -0.84155 1.8089 0.52789 -1.114 -0.10876 3.6317 1.1688 -0.7193 2.1215 1.2924 -0.79487 0.70627 1.8998 0.59059 -0.012163 -0.52398 1.2806 -1.8294 0.27343 1.2222 -3.6004 -0.059845 -0.59059 0.012163 0.52398 -0.57886 -2.086 0.63231 -1.5611 -3.0523 -0.53059
5 25 312 0.87384 4.7297 0.6055 0.55759 3.5093 0.48355 1.2744 3.4084 -0.18232 1.3057 1.8817 -0.76301 2.0095 0.52154 -0.94263 -0.15156 3.6389 1.1526 -0.80612 2.1445 1.2365 -0.9515 0.73233 1.8384 0.61253 -0.013777 -0.49811 1.2317 -1.8616 0.28707 1.1235 -3.6174 -0.10833 -0.61253 0.013777 0.49811 -0.5061 -2.0687 0.75589 -1.4279 -2.9888 -0.49093
5 31 324 0.82243 4.7318 0.64734 0.50323 3.5155 0.49825 1.3085 3.4165 -0.05778 1.8103 1.9032 -0.41395 2.8711 0.81787 -0.1412 -0.29506 3.6432 1.0584 -0.83877 2.103 1.029 -0.87793 0.71537 1.7002 0.64771 -0.011002 -0.4515 0.91924 -2.0418 0.013664 0.43402 -3.6173 -0.71671 -0.64771 0.011002 0.4515 -0.006173 -1.7704 1.3622 -0.063225 -3.483 0.80118
5 32 324 0.74248 4.7403 0.68409 0.44796 3.5197 0.51947 1.2774 3.4321 -0.0018621 1.8353 1.9308 -0.32358 2.9272 0.91802 0.076001 -0.37511 3.6361 1.0452 -0.88534 2.0854 0.98404 -0.91355 0.69054 1.6407 0.65983 -0.002583 -0.43372 0.83696 -2.0638 -0.067252 0.33883 -3.6209 -0.82768 -0.65983 0.002583 0.43372 -0.02423 -1.7468 1.4083 0.097752 -3.511 1.0566
5 33 324 0.65494 4.7494 0.71493 0.38736 3.5246 0.53591 1.2317 3.4556 0.036244 1.8272 1.963 -0.25774 2.9319 1.0185 0.25719 -0.45133 3.6226 1.0403 -0.93651 2.0653 0.94909 -0.95941 0.66143 1.5865 0.66563 0.0073962 -0.42472 0.76444 -2.0766 -0.17671 0.24525 -3.6218 -0.94722 -0.66563 -0.0073957 0.42472 0.0074211 -1.7303 1.4212 0.15999 -3.5183 1.2459
5 55 12 0.58387 4.7833 0.51829 0.35513 3.551 0.34483 1.0915 3.568 -0.30694 1.0509 2.088 -0.99751 1.8605 0.79912 -1.2443 -0.37744 3.5633 1.001 -0.63813 1.9661 1.2236 -0.24287 0.65538 1.9332 0.60303 -0.028985 -0.50893 1.3107 -1.6985 0.55221 1.7301 -3.447 0.68681 -0.60303 0.028985 0.50893 -0.44963 -2.0571 0.31121 -1.0569 -3.4271 -0.6914
5 56 12 0.58561 4.7838 0.51411 0.35758 3.551 0.34251 1.1278 3.5544 -0.26911 1.125 2.0781 -0.96844 1.9519 0.79468 -1.1849 -0.40883 3.5769 0.9584 -0.71452 1.9823 1.1391 -0.45984 0.63545 1.8453 0.63423 -0.035812 -0.46901 1.2477 -1.7204 0.62653 1.6347 -3.48 0.69672 -0.63423 0.035812 0.46901 -0.53008 -2.0518 0.25606 -1.1353 -3.3887 -0.79146
5 57 24 0.67019 4.7807 0.43741 0.41229 3.5473 0.31947 1.0808 3.5351 -0.40189 0.97872 2.0583 -1.0927 1.7414 0.76894 -1.4582 -0.25143 3.5888 1.0441 -0.57082 2.0001 1.2513 -0.31685 0.62862 1.9087 0.56345 -0.025093 -0.55262 1.2996 -1.7318 0.42689 1.639 -3.4996 0.32362 -0.56345 0.025093 0.55262 -0.52024 -2.0659 0.35184 -1.3663 -3.3509 -0.5883
5 58 24 0.67642 4.7766 0.46494 0.40484 3.5466 0.34252 1.1129 3.5166 -0.33952 1.0659 2.0358 -1.0278 1.8054 0.7301 -1.3828 -0.29815 3.6059 1.0278 -0.68074 2.0263 1.1931 -0.54634 0.64311 1.8612 0.5939 -0.020974 -0.51995 1.2803 -1.7383 0.47704 1.543 -3.512 0.28801 -0.5939 0.020974 0.51995 -0.56245 -2.0725 0.34529 -1.4404 -3.2937 -0.64905
5 60 36 0.77809 4.7636 0.39938 0.45928 3.5421 0.31694 1.137 3.4808 -0.39319 1.0746 1.9896 -1.0573 1.7011 0.65598 -1.5119 -0.21254 3.6326 1.0296 -0.65633 2.0723 1.2227 -0.52612 0.69054 1.8946 0.5638 -0.018205 -0.55254 1.3073 -1.8085 0.25769 1.3629 -3.574 -0.10407 -0.5638 0.018205 0.55254 -0.52519 -2.0823 0.57521 -1.5779 -3.1307 -0.44642
5 61 36 0.77511 4.7519 0.49456 0.44138 3.5362 0.38902 1.1854 3.4556 -0.24915 1.203 1.9635 -0.91405 1.8578 0.62314 -1.3045 -0.29642 3.6459 1.0301 -0.7822 2.0944 1.1897 -0.67727 0.72904 1.8986 0.60851 -0.0079603 -0.50314 1.2488 -1.8492 0.28043 1.2589 -3.6091 -0.11182 -0.60851 0.0079603 0.50314 -0.53271 -2.0857 0.6621 -1.5047 -3.0277 -0.52898
5 64 48 0.89253 4.7273 0.52013 0.51823 3.5254 0.39987 1.2941 3.4214 -0.19556 1.492 1.9085 -0.77932 2.2611 0.59035 -0.99985 -0.25069 3.6582 0.9986 -0.77455 2.1174 1.1404 -0.56971 0.82733 1.9598 0.6225 -0.021123 -0.48533 1.154 -1.9462 0.16736 0.92906 -3.6525 -0.36986 -0.6225 0.021123 0.48533 -0.27262 -1.9807 1.0189 -1.0117 -3.0641 -0.21829
5 65 48 0.87282 4.723 0.58164 0.50266 3.5224 0.43843 1.3235 3.4126 -0.092109 1.6313 1.8955 -0.61393 2.4807 0.61154 -0.70175 -0.3114 3.6609 0.97272 -0.83273 2.1162 1.0763 -0.67568 0.83508 1.92 0.65675 -0.021919 -0.43783 1.102 -1.968 0.21691 0.83873 -3.6488 -0.38019 -0.65675 0.021919 0.43783 -0.25628 -1.9307 1.1021 -0.798 -3.1636 -0.096829
5 66 48 0.84807 4.7213 0.62843 0.48275 3.5216 0.46511 1.3364 3.404 -0.009101 1.7527 1.8873 -0.45076 2.6725 0.65115 -0.39058 -0.3641 3.6679 0.94344 -0.87889 2.1189 1.0096 -0.77724 0.83401 1.856 0.68517 -0.024172 -0.39173 1.0441 -1.9928 0.24857 0.75319 -3.6489 -0.40222 -0.68517 0.024171 0.39173 -0.25132 -1.8876 1.1476 -0.60207 -3.2602 0.032293
5 67 48 0.80455 4.7216 0.67852 0.44859 3.5219 0.49452 1.3302 3.3999 0.075958 1.8431 1.8891 -0.27527 2.8162 0.71191 -0.063428 -0.42644 3.6726 0.91755 -0.93295 2.1198 0.94556 -0.89461 0.8232 1.7793 0.7085 -0.021945 -0.34792 0.98378 -2.0136 0.26194 0.67172 -3.6488 -0.43052 -0.7085 0.021945 0.34792 -0.25602 -1.8482 1.1917 -0.42455 -3.3493 0.20719
5 69 60 0.8137 4.7276 0.60373 0.45131 3.5252 0.45827 1.2955 3.4155 -0.034333 1.8976 1.9249 -0.32429 2.9943 0.8782 -0.042385 -0.3864 3.6638 0.95468 -0.87636 2.1066 1.0161 -0.77886 0.77087 1.7803 0.66476 -0.0080657 -0.42607 0.88114 -2.0538 0.00099561 0.39214 -3.6624 -0.65033 -0.66476 0.0080652 0.42607 -0.02517 -1.7833 1.3185 -0.02575 -3.4767 0.69951
5 70 60 0.74614 4.734 0.64074 0.39976 3.5294 0.47655 1.2661 3.4275 0.022264 1.9244 1.9467 -0.1842 3.0408 0.96703 0.23006 -0.46052 3.66 0.93504 -0.94595 2.1004 0.96182 -0.90708 0.74196 1.6904 0.67624 0.00010967 -0.40768 0.81246 -2.0663 -0.053062 0.31195 -3.6687 -0.71075 -0.67624 -0.00010967 0.40768 -0.018546 -1.7644 1.3399 0.082495 -3.5008 0.86492
5 71 60 0.67263 4.7413 0.67209 0.34729 3.5335 0.49082 1.2327 3.4461 0.071569 1.9274 1.9735 -0.061058 3.0392 1.0557 0.48588 -0.53262 3.6498 0.91461 -1.0105 2.0876 0.91134 -1.0233 0.70629 1.5964 0.68272 0.0082359 -0.39665 0.74962 -2.0725 -0.11313 0.2355 -3.6687 -0.77543 -0.68272 -0.0082355 0.39665 -0.022717 -1.7501 1.3686 0.14926 -3.5008 0.97309
5 96 108 0.54714 4.778 0.62376 0.33267 3.5392 0.47004 1.0744 3.5195 -0.17558 1.0886 2.025 -0.83512 1.8916 0.71042 -0.90378 -0.40414 3.5881 1.1197 -0.64293 1.98 1.2798 -0.3548 0.5975 1.899 0.62561 -7.6294e-06 -0.48178 1.2521 -1.6983 0.58485 1.4398 -3.4896 0.66802 -0.62561 8.1062e-06 0.48178 -0.55615 -2.0797 0.19114 -1.2237 -3.3626 -0.88554
5 98 120 0.66783 4.7813 0.46042 0.4246 3.5417 0.3667 1.0646 3.4928 -0.37854 1.0033 1.9841 -1.0022 1.7683 0.65759 -1.1833 -0.20962 3.6198 1.1144 -0.54504 2.0276 1.2589 -0.38092 0.58168 1.769 0.54545 -0.003993 -0.57093 1.3127 -1.7383 0.33339 1.339 -3.5362 0.20011 -0.54545 0.003993 0.57093 -0.5888 -2.0804 0.31094 -1.5126 -3.2637 -0.68773
5 99 120 0.6602 4.7815 0.4621 0.41804 3.5414 0.3734 1.0891 3.4801 -0.34305 1.072 1.9643 -0.95195 1.8325 0.63169 -1.105 -0.24719 3.6317 1.0922 -0.6378 2.0506 1.2195 -0.53087 0.59784 1.7251 0.56618 -0.0030041 -0.55039 1.2686 -1.774 0.33522 1.2197 -3.5633 0.11845 -0.56618 0.0030046 0.55039 -0.60141 -2.0913 0.38573 -1.5408 -3.1999 -0.68174
5 100 120 0.66387 4.7761 0.49895 0.41891 3.537 0.40491 1.1222 3.467 -0.27907 1.1578 1.9424 -0.86486 1.9157 0.60515 -0.98734 -0.27846 3.6361 1.0914 -0.71912 2.0667 1.1986 -0.62932 0.61945 1.7232 0.58628 0.00047398 -0.52894 1.2232 -1.8079 0.33045 1.1095 -3.584 0.041603 -0.58628 -0.0004735 0.52894 -0.57735 -2.1014 0.50776 -1.5275 -3.1163 -0.64029
5 101 120 0.66471 4.7709 0.54429 0.41488 3.5339 0.43556 1.1485 3.456 -0.21495 1.2465 1.9234 -0.77204 2.01 0.58653 -0.85872 -0.31256 3.6408 1.0888 -0.79135 2.0811 1.1722 -0.7015 0.64672 1.7309 0.60912 0.0024366 -0.50246 1.1781 -1.8432 0.3246 1.0078 -3.6024 -0.032114 -0.60912 -0.0024366 0.50246 -0.52389 -2.0969 0.64536 -1.467 -3.016 -0.58616
6 0 84 0.85438 4.7141 0.62265 0.60333 3.4745 0.55802 1.4095 3.3527 0.0079601 1.3943 1.8042 -0.51225 2.0955 0.43396 -0.42079 -0.19654 3.6253 1.1101 -0.79528 2.1336 1.4018 -0.98054 0.85687 2.2464 0.63234 -0.011706 -0.47276 0.99611 -1.9894 0.13608 1.097 -3.7184 -0.36527 -0.63234 0.011706 0.47276 -0.14252 -1.9967 0.84766 -0.68709 -3.6925 0.56706
6 2 96 0.91044 4.7097 0.5964 0.66242 3.47 0.53327 1.426 3.3431 -0.073533 1.3775 1.8008 -0.61003 2.0661 0.424 -0.52058 -0.094184 3.6259 1.1421 -0.73556 2.1509 1.4278 -0.92358 0.89194 2.2981 0.59574 -0.011961 -0.51812 0.97836 -2.0096 0.0086608 0.89965 -3.7348 -0.50916 -0.59574 0.011961 0.51812 -0.098026 -1.9937 0.89754 -0.69011 -3.6823 0.67666
6 3 96 0.8736 4.7089 0.65448 0.62833 3.4697 0.57498 1.4235 3.3383 0.01121 1.4349 1.7971 -0.53063 2.1338 0.43061 -0.38301 -0.1598 3.6301 1.1411 -0.82559 2.1534 1.353 -1.0789 0.88754 2.1963 0.63003 -0.013711 -0.47579 0.95153 -2.0204 0.057402 0.84688 -3.7428 -0.46516 -0.63003 0.013711 0.47579 -0.19688 -2.0012 0.88443 -0.76045 -3.6837 0.56432
6 5 108 0.90488 4.7177 0.53966 0.66769 3.4757 0.4872 1.4044 3.3491 -0.15203 1.423 1.8051 -0.68537 2.2139 0.48342 -0.61289 -0.06202 3.6312 1.1281 -0.67464 2.135 1.3622 -0.84689 0.83068 2.1663 0.59294 -0.020075 -0.52107 0.90376 -2.0392 -0.030236 0.64497 -3.7483 -0.54307 -0.59294 0.020075 0.52107 -0.22793 -2.0202 0.86489 -0.72868 -3.6909 0.4076
6 6 108 0.86509 4.7207 0.56917 0.63247 3.4785 0.50916 1.3959 3.3448 -0.096322 1.4782 1.8024 -0.62828 2.3029 0.50313 -0.53056 -0.12395 3.6411 1.1164 -0.71773 2.1297 1.2943 -0.90412 0.80733 2.0653 0.62604 -0.021998 -0.48072 0.87824 -2.0475 0.017143 0.60449 -3.7502 -0.50903 -0.62604 0.021998 0.48072 -0.29207 -2.023 0.82844 -0.71719 -3.6908 0.29136
6 7 108 0.81144 4.7299 0.58426 0.5893 3.4865 0.51208 1.3849 3.3538 -0.050774 1.5366 1.8134 -0.57323 2.3875 0.5319 -0.46664 -0.19946 3.6481 1.077 -0.76747 2.1214 1.2003 -0.94795 0.78706 1.9517 0.6549 -0.024261 -0.44047 0.85464 -2.0553 0.058743 0.56337 -3.749 -0.48666 -0.6549 0.02426 0.44047 -0.33728 -2.0215 0.79836 -0.69025 -3.684 0.19614
6 8 108 0.75523 4.7371 0.61403 0.54412 3.4928 0.52715 1.3718 3.3634 0.011841 1.5899 1.8261 -0.49598 2.4615 0.55959 -0.37767 -0.277 3.6511 1.0449 -0.81653 2.1107 1.1155 -0.97604 0.77185 1.8636 0.67652 -0.02344 -0.40654 0.82781 -2.0587 0.092605 0.51977 -3.745 -0.46628 -0.67652 0.02344 0.40654 -0.3545 -2.0161 0.79483 -0.66246 -3.669 0.14359
6 44 120 0.55598 4.7843 0.52194 0.39303 3.5335 0.43022 1.1235 3.4521 -0.2233 0.97379 1.955 -0.85987 1.534 0.5404 -1.1103 -0.33175 3.6442 1.0858 -0.65405 2.1003 1.5114 -0.26555 0.911 2.4127 0.64869 -0.0076678 -0.45015 1.1903 -1.8257 0.45303 1.4309 -3.5876 0.75074 -0.64869 0.0076678 0.45015 -0.81292 -2.0414 0.015738 -1.3888 -3.4546 -0.94453
