0 11 180 0.62322 4.7522 0.58193 0.26532 3.5479 0.44379 0.97568 3.4789 -0.23296 0.93822 2.6587 -1.6452 1.4583 2.9378 -3.0697 -0.43877 3.6458 1.1235 0.2693 2.4795 2.0219 1.8002 2.5142 2.203 0.78742 -0.058336 0.0082664 0.13841 -1.7182 1.1209 0.27313 -3.503 1.3385 -0.78742 0.058336 -0.0082664 -0.43317 -1.9725 -0.41388 0.39749 -3.3547 -1.2204
0 12 168 0.49461 4.7479 0.69858 0.1549 3.5455 0.51003 0.95379 3.4861 -0.0606 1.1166 2.6451 -1.4516 1.7987 2.8676 -2.8165 -0.63828 3.6339 1.0848 0.079278 2.4813 1.9933 1.6135 2.5625 2.1242 0.77599 -0.051195 0.1368 -0.050546 -1.7155 1.1173 -0.00195 -3.4998 1.3715 -0.77599 0.051195 -0.1368 -0.34398 -1.9782 -0.46707 0.63618 -3.3486 -1.1092
0 13 168 0.49373 4.749 0.69751 0.1513 3.5459 0.51735 0.92714 3.496 -0.085108 1.0556 2.6315 -1.4653 1.6869 2.7994 -2.8621 -0.6187 3.6247 1.1242 0.25507 2.4846 1.9022 1.7792 2.634 1.722 0.78088 -0.046401 0.10754 -0.0070511 -1.7182 1.1069 0.0016918 -3.5007 1.3779 -0.78088 0.046401 -0.10754 -0.3333 -1.9779 -0.44844 0.63643 -3.3466 -1.1096
0 14 168 0.47677 4.7451 0.73292 0.13647 3.542 0.54789 0.90496 3.5022 -0.064645 1.0465 2.6093 -1.4253 1.7064 2.7391 -2.8129 -0.62617 3.6107 1.1652 0.33779 2.472 1.8306 1.8122 2.6952 1.4383 0.7836 -0.039922 0.088741 0.0328 -1.7237 1.0965 0.010432 -3.5023 1.3914 -0.7836 0.039922 -0.088741 -0.32387 -1.9819 -0.4281 0.63647 -3.3508 -1.1024
0 15 168 0.43228 4.7463 0.75962 0.10558 3.541 0.56234 0.88594 3.5078 -0.035409 1.0836 2.5945 -1.3754 1.8243 2.7051 -2.7233 -0.66909 3.603 1.1652 0.33344 2.4694 1.7806 1.7565 2.7527 1.2587 0.78328 -0.032722 0.094367 0.050043 -1.7313 1.09 0.010049 -3.508 1.3949 -0.78328 0.032722 -0.094367 -0.33175 -1.9935 -0.41838 0.63191 -3.3568 -1.0993
0 16 180 0.54035 4.7499 0.68264 0.19537 3.5427 0.53043 0.8718 3.5134 -0.18298 0.87848 2.584 -1.5265 1.4563 2.6857 -2.9525 -0.47464 3.6008 1.2481 0.63092 2.4746 1.6703 1.8862 2.786 0.83062 0.78733 -0.032658 -0.050403 0.26877 -1.7371 1.0632 0.29662 -3.5147 1.364 -0.78733 0.032658 0.050403 -0.41648 -1.9965 -0.34873 0.38849 -3.3644 -1.2042
0 47 96 0.54331 4.7635 0.26508 0.32005 3.5677 -0.025841 0.69825 3.5975 -0.93328 1.6292 2.3766 -0.37499 1.4073 2.3876 1.1509 -0.054602 3.5674 0.88355 -1.2833 2.5328 1.1811 -2.4936 1.9703 1.9534 -0.33422 0.036753 -0.71445 -0.49729 -2.0552 -0.60708 -1.1354 -3.5337 0.20396 0.33422 -0.036753 0.71446 1.2067 -1.8055 -0.0097804 1.4345 -3.588 0.13728
0 63 24 0.51519 4.8097 0.14314 0.33224 3.5692 0.00047472 0.63122 3.5539 -0.9364 1.6433 2.2722 -0.89579 2.5602 2.4938 0.32397 0.037658 3.6139 0.9378 -0.57209 2.5992 2.0636 -0.32648 2.3267 3.5613 -0.053589 0.016473 -0.78763 0.21102 -2.0485 -1.071 -0.53581 -3.6857 -1.1827 0.053588 -0.016473 0.78763 0.78603 -1.9855 0.81197 0.28202 -3.678 1.1757
0 65 12 0.50652 4.8136 0.13882 0.33439 3.5692 0.014219 0.64058 3.5425 -0.92007 1.5956 2.2178 -0.96034 2.7096 2.3986 0.090448 0.03278 3.6253 0.94869 -0.50691 2.5759 2.0783 -0.10013 2.2751 3.5349 0.0045957 0.01463 -0.78947 0.35726 -2.0385 -1.0622 -0.28867 -3.7018 -1.3214 -0.0045967 -0.014631 0.78947 0.64781 -2.0093 0.88861 0.02488 -3.6802 1.1551
0 67 0 0.49493 4.8187 0.13112 0.33292 3.5697 0.028098 0.67496 3.5373 -0.89349 1.5513 2.1604 -0.96332 2.8392 2.3034 -0.12749 -0.0045719 3.6316 0.94985 -0.4747 2.52 2.0508 0.079185 2.1697 3.4466 0.088374 0.0079436 -0.78462 0.52246 -2.0338 -1.0239 -0.0054197 -3.7108 -1.4238 -0.088374 -0.0079432 0.78462 0.48412 -2.0234 0.94073 -0.21216 -3.6816 1.0694
0 68 0 0.50307 4.8207 0.078332 0.33173 3.5704 0.0075718 0.59775 3.5282 -0.93838 1.4159 2.1221 -1.0873 2.8408 2.2449 -0.51077 0.07038 3.642 0.95305 -0.24537 2.4881 2.0656 0.51733 2.1057 3.35 0.058272 0.0053759 -0.78745 0.50752 -2.0306 -1.0465 -0.002676 -3.7105 -1.4572 -0.058272 -0.0053763 0.78745 0.49814 -2.028 0.90377 -0.2085 -3.6816 1.0356
0 73 336 0.45564 4.8226 0.22477 0.29354 3.568 0.20497 0.65542 3.5021 -0.7072 1.1758 1.9548 -0.76892 2.6942 1.8166 -0.53871 -0.063209 3.6633 1.1166 -0.0040594 2.2552 1.9429 0.97956 1.5921 2.928 0.26956 0.03797 -0.74121 0.92534 -1.9581 -0.74824 0.52875 -3.6688 -1.157 -0.26956 -0.03797 0.74121 0.23081 -2.0679 0.94963 -0.56024 -3.6773 0.76321
0 74 336 0.46117 4.8229 0.21434 0.30308 3.5679 0.20412 0.61843 3.5037 -0.72528 1.0724 1.9367 -0.81107 2.5887 1.7059 -0.65212 -0.0071017 3.6615 1.1328 0.16744 2.2098 1.8615 1.2344 1.4898 2.7105 0.2494 0.037512 -0.74826 0.90076 -1.9597 -0.71214 0.48234 -3.6743 -1.081 -0.2494 -0.037512 0.74826 0.23666 -2.0728 0.93751 -0.56097 -3.68 0.76016
0 109 336 0.33637 4.8352 0.018409 0.29255 3.5743 0.017404 0.73046 3.5035 -0.86042 1.1327 1.9215 -0.79313 2.2606 1.1342 -0.096236 -0.14147 3.6746 0.89429 0.12595 2.1804 1.498 1.3341 1.3225 1.9246 0.34882 -0.016188 -0.70821 0.75117 -2.0693 -0.51546 0.20878 -3.7507 -0.87526 -0.34882 0.016188 0.70821 -0.056609 -2.0449 0.99267 -0.68771 -3.7299 0.87767
3 48 72 0.26016 4.8211 0.10825 0.36302 3.5645 0.063833 0.80628 3.5595 -0.81416 0.35229 2.1087 -1.4124 0.64275 0.60127 -1.5569 -0.080107 3.5992 0.94121 -0.13699 2.0097 1.3141 1.1843 1.5192 1.9397 0.39667 -0.031665 -0.68202 1.7674 -1.5075 -0.084268 0.12807 -1.8535 -0.75032 -0.39667 0.031664 0.68202 -0.66908 -2.0062 0.2492 -0.89734 -3.7498 -0.14887
4 55 108 0.66487 4.6351 1.2468 0.50708 3.4029 1.0077 1.0079 3.547 0.17356 0.92485 2.2533 -0.82053 2.1566 1.7516 -0.040236 0.010658 3.2873 1.8488 -1.0095 2.0352 1.6038 0.24353 1.458 2.2926 0.33475 0.17043 -0.69455 0.20789 -1.8765 -1.151 -0.9915 -3.0138 -1.8713 -0.33475 -0.17043 0.69455 0.77592 -1.9534 0.65432 0.44844 -3.515 -0.1854
4 56 108 0.65018 4.6274 1.3086 0.48874 3.4063 1.0214 1.0135 3.5682 0.2054 0.9387 2.2505 -0.75738 2.1594 1.6902 1.6665e-05 -0.031142 3.2726 1.8455 -0.98575 1.9762 1.5684 0.3007 1.4968 2.2705 0.37118 0.15592 -0.67927 0.47328 -1.903 -1.0851 -0.83809 -2.8027 -1.9347 -0.37118 -0.15592 0.67927 0.73585 -1.9402 0.60893 0.26658 -3.4322 -0.28814
5 0 312 0.75812 4.7626 0.53349 0.54375 3.523 0.38784 1.1006 3.5382 -0.42273 1.1135 2.0189 -1.0229 2.0228 0.78069 -1.1567 -0.0074906 3.5368 1.2023 -0.42021 1.9572 1.26 -0.16086 0.53298 1.791 0.41779 -0.0039864 -0.67002 0.23267 -2.0927 -0.53836 -0.75472 -3.5126 -1.0482 -0.41779 0.0039859 0.67002 0.68553 -1.7042 1.1983 0.63639 -3.4933 0.9797
5 1 312 0.73893 4.7613 0.55205 0.54034 3.5213 0.38793 1.086 3.5576 -0.42954 1.0466 2.0483 -1.0533 1.9251 0.79833 -1.2618 -0.00014038 3.514 1.2096 -0.37903 1.9267 1.2837 -0.1232 0.4977 1.8036 0.41826 -0.010726 -0.66966 0.18881 -2.0959 -0.55259 -0.83776 -3.4652 -1.1202 -0.41826 0.010726 0.66966 0.6494 -1.7166 1.2089 0.55867 -3.4962 0.93361
5 36 0 0.7611 4.7739 0.39289 0.48734 3.5396 0.32243 0.91441 3.5405 -0.56356 1.239 2.0562 -1.1637 2.5317 1.2158 -1.1809 0.066289 3.5678 1.2108 -0.34746 1.9928 1.3408 -0.053091 0.55874 1.8252 0.29738 0.032823 -0.73074 0.22971 -2.067 -0.71359 -0.77147 -3.5219 -1.0767 -0.29738 -0.032823 0.73074 0.83122 -1.7528 1.1577 0.89297 -3.5409 0.93507
5 37 0 0.69498 4.7829 0.41841 0.45108 3.5438 0.32724 0.89326 3.5672 -0.55098 1.1728 2.078 -1.1616 2.4498 1.2138 -1.1555 0.014313 3.5495 1.2085 -0.37852 1.9675 1.3165 -0.098845 0.52616 1.7877 0.30336 0.028316 -0.72847 0.15174 -2.0669 -0.76477 -0.89606 -3.4768 -1.1715 -0.30336 -0.028317 0.72847 0.80195 -1.7586 1.1744 0.81895 -3.5393 0.89224
5 38 0 0.65518 4.7852 0.45001 0.43634 3.5438 0.32986 0.89751 3.5897 -0.53765 1.1047 2.0909 -1.1536 2.3305 1.1557 -1.1706 -0.020008 3.527 1.201 -0.39073 1.9386 1.2913 -0.114 0.49425 1.755 0.32407 0.017106 -0.71985 0.11254 -2.0718 -0.79844 -0.99672 -3.4108 -1.2754 -0.32407 -0.017106 0.71985 0.74813 -1.7534 1.2199 0.72918 -3.5197 0.85862
5 50 24 0.69831 4.7833 0.36844 0.43935 3.546 0.30112 0.78649 3.5765 -0.61862 0.41812 2.0853 -1.1749 0.92204 0.728 -1.7054 0.097399 3.5448 1.2233 0.013093 1.9383 1.5077 0.96517 0.82974 1.9999 0.3217 0.0075855 -0.72108 1.3289 -1.7676 -0.22259 1.41 -3.504 -0.70138 -0.3217 -0.007586 0.72108 0.19907 -2.041 0.63074 -0.61185 -3.5072 -0.035424
5 51 24 0.68927 4.784 0.37325 0.42798 3.5483 0.292 0.83085 3.5794 -0.60472 0.50381 2.0862 -1.1811 1.0433 0.73522 -1.6924 0.030185 3.5465 1.1915 -0.059986 1.9415 1.4826 0.85223 0.81137 2.0005 0.35398 0.00047398 -0.70583 1.3987 -1.7334 -0.1433 1.6256 -3.4976 -0.43842 -0.35398 -0.00047398 0.70583 0.080279 -2.0519 0.57481 -0.73671 -3.5014 -0.11973
5 56 48 0.77596 4.7838 0.071708 0.49061 3.551 0.066918 0.75424 3.5544 -0.88063 0.3409 2.0781 -1.4447 0.88261 0.79468 -2.1059 0.23259 3.5769 1.0157 0.091502 1.9823 1.3416 0.71265 0.63545 1.7632 0.23743 -0.035812 -0.75223 1.3777 -1.7204 -0.22649 1.7321 -3.48 -0.39722 -0.23743 0.035812 0.75223 -0.27833 -2.0518 0.51873 -1.3837 -3.3887 0.027012
5 59 60 0.84085 4.7718 -0.01544 0.53177 3.5465 0.048727 0.76817 3.4987 -0.90479 0.38117 2.011 -1.4579 0.75256 0.68914 -2.1595 0.30156 3.6235 1.0018 0.020812 2.0544 1.3596 0.45334 0.66817 1.8781 0.22605 -0.023996 -0.75619 1.3181 -1.7689 -0.33538 1.302 -3.5406 -0.6697 -0.22605 0.023996 0.75619 -0.27 -2.0741 0.65512 -1.6127 -3.2192 0.2852
5 89 120 0.62805 4.778 0.53305 0.38142 3.541 0.42353 0.81502 3.5822 -0.45832 0.49564 2.1163 -1.1046 1.0132 0.74421 -1.5814 -0.047057 3.5289 1.3088 0.039038 1.9308 1.6367 0.97854 0.80321 2.1095 0.38938 0.028259 -0.68636 1.3709 -1.7231 -0.06702 1.2153 -3.4667 -0.49885 -0.38938 -0.02826 0.68636 0.11385 -2.0662 0.59715 -0.67822 -3.5259 -0.10482
5 90 120 0.62609 4.7787 0.5335 0.38117 3.5414 0.42194 0.83532 3.5779 -0.44971 0.53984 2.1094 -1.1015 1.0996 0.74275 -1.545 -0.067813 3.5341 1.297 -0.00014855 1.9354 1.6261 0.93566 0.81597 2.1249 0.40419 0.025657 -0.67784 1.4039 -1.6972 -0.0096243 1.4375 -3.4825 -0.25987 -0.40419 -0.025657 0.67784 0.0056493 -2.0822 0.54716 -0.78776 -3.5283 -0.18095
5 101 156 0.85768 4.7709 0.049634 0.59166 3.5339 0.10851 0.80278 3.456 -0.84895 0.55466 1.9234 -1.3573 1.1213 0.58653 -1.8761 0.38713 3.6408 1.0646 0.048799 2.0811 1.4135 0.44989 0.64672 1.8127 0.19745 0.0024366 -0.76453 1.1439 -1.8432 -0.42987 0.79648 -3.6024 -0.61837 -0.19745 -0.0024366 0.76453 -0.044508 -2.0969 0.83004 -1.5314 -3.016 0.38808
5 102 156 0.87837 4.7667 0.087989 0.59281 3.5335 0.13218 0.85099 3.4515 -0.81332 0.67824 1.9114 -1.3301 1.2754 0.57874 -1.8252 0.3417 3.6445 1.0766 -0.024455 2.0893 1.417 0.4085 0.67225 1.8439 0.22405 0.0040302 -0.75716 1.093 -1.8784 -0.41696 0.66594 -3.618 -0.62306 -0.22405 -0.0040298 0.75716 0.078235 -2.0785 0.89723 -1.408 -2.9537 0.37194
5 103 156 0.88354 4.7667 0.11215 0.58901 3.5351 0.13746 0.89226 3.4519 -0.79446 0.79651 1.905 -1.3109 1.4373 0.58276 -1.7785 0.29312 3.6472 1.0687 -0.077395 2.0905 1.3975 0.39066 0.69535 1.858 0.24149 0.00067329 -0.75178 1.0423 -1.9101 -0.40243 0.53334 -3.6245 -0.63177 -0.24149 -0.00067329 0.75178 0.20192 -2.0446 0.95174 -1.2277 -2.979 0.37392
5 104 156 0.87672 4.7686 0.12822 0.58157 3.537 0.14007 0.91825 3.4552 -0.78043 0.90669 1.9016 -1.2853 1.619 0.59827 -1.6996 0.2523 3.6477 1.0602 -0.12016 2.0876 1.3703 0.38588 0.71629 1.8614 0.2572 -0.0021744 -0.74655 0.99324 -1.9368 -0.3864 0.39552 -3.6178 -0.64675 -0.2572 0.0021744 0.74655 0.3304 -1.9991 0.99947 -0.99259 -3.07 0.4047
5 105 156 0.86996 4.7689 0.16138 0.5773 3.5367 0.16076 0.94082 3.4589 -0.74982 1.0014 1.9019 -1.2406 1.8054 0.63235 -1.5864 0.2213 3.6434 1.0714 -0.14751 2.0786 1.3615 0.39171 0.72853 1.8755 0.27587 -0.00028229 -0.73986 0.93928 -1.9602 -0.37527 0.25801 -3.6038 -0.66761 -0.27587 0.00028276 0.73986 0.45417 -1.9452 1.0501 -0.7128 -3.1922 0.4721
5 106 156 0.87193 4.7676 0.19123 0.57976 3.5354 0.17805 0.96514 3.4625 -0.72391 1.0846 1.905 -1.2023 1.9957 0.68724 -1.4566 0.20194 3.6373 1.0804 -0.15109 2.0656 1.3523 0.39349 0.72174 1.8769 0.29208 -0.00047112 -0.73361 0.87052 -1.9889 -0.37865 0.11541 -3.5951 -0.69609 -0.29208 0.00047112 0.73361 0.56 -1.8863 1.0916 -0.41376 -3.3081 0.56134
5 107 156 0.86415 4.768 0.22613 0.57287 3.5359 0.19677 0.97537 3.4683 -0.69811 1.1317 1.9136 -1.1747 2.1452 0.76179 -1.3288 0.17788 3.6322 1.0923 -0.16443 2.0549 1.3449 0.37519 0.71074 1.8737 0.30335 0.001133 -0.72902 0.78233 -2.0185 -0.40354 -0.027867 -3.5956 -0.73101 -0.30335 -0.001133 0.72902 0.64341 -1.8357 1.1192 -0.093271 -3.4155 0.65827
5 108 156 0.8572 4.7678 0.26237 0.57181 3.5346 0.21976 0.98497 3.4756 -0.67085 1.1787 1.9216 -1.136 2.2659 0.83004 -1.1993 0.16601 3.6225 1.1114 -0.17341 2.0417 1.3451 0.35343 0.69188 1.8725 0.30985 0.0039892 -0.72627 0.67998 -2.045 -0.44547 -0.16498 -3.6027 -0.77785 -0.30985 -0.0039887 0.72627 0.70618 -1.7948 1.1444 0.23298 -3.499 0.79395
6 8 144 0.97191 4.7371 0.052843 0.75005 3.4928 0.10665 1.1168 3.3634 -0.79676 0.99476 1.8261 -1.3358 1.7694 0.55959 -1.7524 0.39008 3.6511 1.0082 -0.0049197 2.1107 1.3824 0.30575 0.77185 2.0814 0.30836 -0.02344 -0.72654 0.72415 -2.0587 -0.41166 0.14643 -3.745 -0.68274 -0.30836 0.02344 0.72654 0.18039 -2.0161 0.8514 -0.45154 -3.669 0.50555
6 20 144 0.79652 4.7578 0.49262 0.61199 3.5142 0.35615 1.1634 3.4825 -0.45765 1.2448 1.9196 -0.92586 2.2716 0.84093 -0.52589 0.066706 3.5749 1.1725 -0.41056 2.0152 1.2627 -0.3128 0.58205 1.8233 0.36049 0.013275 -0.7024 -0.0098019 -2.0546 -0.66749 -0.77448 -3.676 -0.86027 -0.36049 -0.013275 0.7024 0.72014 -1.7524 1.1735 1.0314 -3.5273 1.2348
6 21 144 0.77984 4.7593 0.50012 0.60269 3.5147 0.36414 1.137 3.4912 -0.4613 1.1972 1.9329 -0.94793 2.2186 0.84633 -0.55585 0.074465 3.5672 1.1921 -0.40007 2.0065 1.2796 -0.30003 0.5692 1.8291 0.35058 0.017014 -0.70732 -0.11312 -2.0321 -0.72504 -0.90401 -3.6398 -0.9271 -0.35058 -0.017014 0.70732 0.73015 -1.7587 1.1688 1.0211 -3.5371 1.2268
6 22 144 0.77368 4.7612 0.49062 0.5993 3.5162 0.35368 1.1181 3.5013 -0.48179 1.1416 1.9495 -0.99191 2.1512 0.83768 -0.64232 0.086464 3.5602 1.1918 -0.38193 1.9976 1.2788 -0.27027 0.55701 1.8173 0.34119 0.013912 -0.71197 -0.1852 -2.0194 -0.76625 -1.0321 -3.5937 -1.0013 -0.34119 -0.013912 0.71197 0.72177 -1.7736 1.1456 0.9944 -3.5555 1.1805
6 28 132 0.76548 4.7576 0.49554 0.60062 3.5072 0.39496 1.2177 3.4688 -0.36999 1.1843 1.9326 -0.92478 1.8646 0.56439 -1.1318 -0.010907 3.5748 1.1623 -0.35479 1.9864 1.3282 0.013066 0.66087 2.0249 0.45275 -0.0058818 -0.6469 0.24309 -2.0879 -0.8356 -0.90775 -3.1753 -1.6981 -0.45275 0.0058813 0.6469 0.38125 -1.8762 1.0668 0.23266 -3.6547 0.80982
6 29 132 0.81002 4.7545 0.45366 0.62515 3.5056 0.37123 1.211 3.4568 -0.41729 1.1566 1.9251 -0.98258 1.8761 0.57495 -1.1751 0.045247 3.5835 1.1618 -0.27615 2.0003 1.4044 0.19502 0.72083 2.1246 0.43751 -0.0091043 -0.65727 0.44831 -2.1091 -0.7225 -0.76166 -3.0929 -1.6275 -0.43751 0.0091043 0.65727 0.35594 -1.9018 1.0222 0.149 -3.6662 0.71406
6 30 132 0.83868 4.7534 0.41926 0.63545 3.5062 0.35385 1.1893 3.4472 -0.45682 1.1066 1.9186 -1.0271 1.8841 0.59665 -1.1872 0.087967 3.5942 1.1662 -0.18614 2.0192 1.5024 0.37367 0.78456 2.2371 0.42989 -0.0099559 -0.66226 0.66016 -2.0972 -0.59291 -0.564 -3.0543 -1.5074 -0.42989 0.0099554 0.66226 0.32573 -1.9243 0.98137 0.06495 -3.6724 0.62485
6 31 132 0.84567 4.7541 0.39799 0.62543 3.5087 0.34925 1.1496 3.4404 -0.48017 1.0363 1.913 -1.0485 1.8749 0.62525 -1.1759 0.10783 3.6062 1.1799 -0.10234 2.0436 1.6078 0.51501 0.85074 2.3651 0.42774 -0.005681 -0.6637 0.85361 -2.052 -0.45062 -0.32961 -3.0754 -1.3471 -0.42775 0.005681 0.6637 0.29223 -1.948 0.94492 -0.027085 -3.6751 0.53765
6 32 132 0.84916 4.7532 0.39089 0.62235 3.5086 0.35294 1.1248 3.4347 -0.48934 0.98521 1.907 -1.0508 1.8685 0.64783 -1.1604 0.12657 3.6114 1.1961 -0.016328 2.0647 1.7019 0.64746 0.91593 2.4877 0.42793 -0.0029469 -0.6636 1.0288 -1.9835 -0.30227 -0.060246 -3.1448 -1.1486 -0.42793 0.0029473 0.6636 0.25832 -1.9675 0.90969 -0.12139 -3.6701 0.4538
6 33 132 0.84218 4.7545 0.38849 0.61185 3.5103 0.35511 1.0978 3.4351 -0.49667 0.9348 1.9071 -1.0511 1.8433 0.66481 -1.1461 0.13257 3.6145 1.2076 0.049529 2.0846 1.7744 0.76084 0.98225 2.5847 0.42767 -0.00053692 -0.66378 1.1671 -1.9048 -0.1727 0.22804 -3.247 -0.92609 -0.42767 0.00053692 0.66378 0.22025 -1.9873 0.87114 -0.2207 -3.6615 0.36751
6 46 156 0.70991 4.7904 0.085227 0.53811 3.5377 0.12087 0.75851 3.4498 -0.83362 0.31746 1.9393 -1.2728 0.66447 0.53525 -1.8074 0.32322 3.6549 1.0735 0.11688 2.0993 1.5275 0.60698 0.74304 2.0735 0.2595 0.00094604 -0.74576 1.177 -1.8399 -0.31717 1.277 -3.64 -0.2904 -0.2595 -0.00094604 0.74576 -0.71868 -2.0398 0.52976 -1.8954 -3.3213 0.056672
6 47 156 0.67379 4.7943 0.11429 0.50869 3.5406 0.15134 0.75249 3.4517 -0.79735 0.36664 1.9302 -1.2498 0.77196 0.53598 -1.769 0.2702 3.6587 1.0982 -0.00093574 2.1024 1.5142 0.32674 0.69655 2.0563 0.28461 0.007441 -0.7365 1.1166 -1.8734 -0.30683 1.1106 -3.6764 -0.30743 -0.28461 -0.007441 0.7365 -0.66892 -2.0693 0.61228 -1.9293 -3.2437 0.080457
6 53 168 0.71582 4.7923 0.14834 0.53254 3.5411 0.12748 0.81929 3.4751 -0.81103 0.92513 1.9309 -1.3335 1.7803 0.71275 -1.7366 0.25145 3.6362 1.0652 -0.12882 2.0826 1.3974 0.33858 0.70199 1.9005 0.18251 0.013868 -0.76811 0.71754 -1.9922 -0.44576 0.12307 -3.6937 -0.49486 -0.18251 -0.013868 0.76811 0.53372 -1.9784 0.97276 -0.63181 -3.3081 0.62022
6 56 156 0.59915 4.7999 0.31921 0.4424 3.5466 0.2499 0.9422 3.4933 -0.59551 1.4015 1.9782 -0.99853 2.6139 1.0305 -0.90096 -0.052227 3.6292 1.096 -0.44656 2.0579 1.3064 0.014095 0.71356 1.9049 0.33728 0.022614 -0.7136 0.44358 -2.0562 -0.42824 -0.27592 -3.7004 -0.6008 -0.33728 -0.022614 0.7136 0.65766 -1.8373 1.0758 0.33362 -3.5963 0.84768
6 57 156 0.56145 4.8041 0.32545 0.41308 3.5497 0.25652 0.90779 3.5023 -0.59223 1.4127 1.9958 -0.97198 2.687 1.1547 -0.75672 -0.076657 3.6264 1.106 -0.44836 2.05 1.3198 0.036362 0.70832 1.9051 0.32984 0.027805 -0.71689 0.27829 -2.062 -0.50585 -0.45576 -3.7024 -0.65119 -0.32984 -0.027806 0.71689 0.71107 -1.8206 1.0583 0.68709 -3.6206 0.95629
6 58 156 0.52849 4.8075 0.32831 0.38898 3.5521 0.25819 0.87484 3.5116 -0.59601 1.4079 2.0113 -0.96175 2.7238 1.2771 -0.63481 -0.092129 3.6221 1.1132 -0.44839 2.0431 1.3338 0.053677 0.70318 1.9085 0.31633 0.032121 -0.72277 0.11782 -2.0544 -0.57666 -0.62846 -3.6913 -0.69732 -0.31633 -0.032122 0.72277 0.7553 -1.8125 1.0327 0.99525 -3.5995 1.0261
6 59 156 0.50896 4.8082 0.34104 0.3758 3.5523 0.26807 0.84656 3.519 -0.59486 1.3928 2.0213 -0.95163 2.7297 1.3767 -0.53361 -0.090372 3.615 1.1318 -0.43398 2.0341 1.3589 0.07351 0.69403 1.9285 0.29863 0.038469 -0.72996 -0.046606 -2.0321 -0.64174 -0.8002 -3.6673 -0.7371 -0.29863 -0.038469 0.72996 0.79651 -1.8107 1.002 1.2121 -3.5644 1.0564
6 60 156 0.496 4.8092 0.34852 0.36411 3.5532 0.27355 0.8158 3.5274 -0.59976 1.3624 2.0302 -0.95812 2.7044 1.4433 -0.47645 -0.083036 3.6084 1.1478 -0.41538 2.0257 1.3791 0.083827 0.68116 1.9452 0.28075 0.043093 -0.73676 -0.18261 -2.0057 -0.69166 -0.95188 -3.6342 -0.77655 -0.28075 -0.043093 0.73676 0.82808 -1.8121 0.97239 1.3218 -3.5451 1.034
6 77 144 0.57011 4.8079 0.28064 0.39086 3.5551 0.23263 0.76352 3.5418 -0.67748 0.48385 2.0281 -1.2247 1.1416 0.69991 -1.6499 0.02308 3.5979 1.1438 0.12581 2.0558 1.673 1.1673 1.094 2.2796 0.34627 0.0042596 -0.70963 1.2535 -1.8033 -0.14055 1.4456 -3.596 -0.12046 -0.34627 -0.0042591 0.70963 -0.064142 -2.0804 0.55346 -0.66696 -3.6584 -0.076846
