0 95 156 -0.1749 4.8169 -0.24625 -0.087811 3.5752 -0.090162 -0.45941 3.5982 0.82019 -1.0972 4.2965 2.1522 -1.2332 5.8252 2.0035 0.28455 3.582 -1.0005 0.45013 4.1301 -2.5305 -0.018395 5.5803 -2.7653 -0.28062 0.010769 0.73799 -0.68423 -2.0434 0.55968 -0.14584 -3.7487 0.78984 0.28062 -0.01077 -0.73799 0.017484 -2.0753 -1.0259 0.76186 -3.7164 -0.96733
0 96 156 -0.15049 4.8279 -0.19098 -0.094917 3.5755 -0.075348 -0.46902 3.583 0.83424 -1.3493 4.4369 1.9134 -1.6393 5.8913 1.491 0.27979 3.5979 -0.98444 0.1431 4.2401 -2.4803 -0.5744 5.601 -2.5837 -0.27704 0.010407 0.73935 -0.69527 -2.0406 0.55826 -0.17349 -3.751 0.78921 0.27704 -0.010407 -0.73935 0.00055876 -2.0732 -1.0267 0.73473 -3.719 -0.96812
0 99 144 -0.098849 4.8428 -0.071708 -0.11011 3.5784 -0.05175 -0.68973 3.5479 0.74228 -2.2044 4.1457 0.61095 -2.6079 5.2284 -0.41006 0.46873 3.6385 -0.84465 -0.18801 4.0849 -2.2723 -1.4715 4.9344 -2.3647 -0.44146 0.0030518 0.65468 -0.8308 -2.0429 0.37742 -0.4023 -3.7581 0.73149 0.44146 -0.0030513 -0.65468 0.20005 -2.0608 -1.0035 0.85316 -3.7298 -0.80684
0 100 144 -0.12226 4.8437 -0.061346 -0.13392 3.5796 -0.051378 -0.73471 3.544 0.72653 -2.286 3.8759 0.33642 -2.7288 4.8274 -0.79329 0.46518 3.6451 -0.82866 -0.35759 3.8713 -2.2217 -1.7418 4.5464 -2.2971 -0.45297 0.00036192 0.64678 -0.84414 -2.0435 0.35727 -0.42254 -3.7572 0.7268 0.45297 -0.0003624 -0.64678 0.19884 -2.0535 -1.0132 0.82953 -3.7307 -0.8132
2 1 132 -2.1003 3.6134 -2.4134 -1.5046 2.7952 -1.6555 -2.2557 2.7601 -1.0215 -1.5839 2.665 0.46463 -1.622 1.8565 1.7771 -0.76933 2.849 -2.3066 0.73851 2.8947 -1.6796 2.1995 2.4268 -1.8353 -0.5683 0.014499 0.54802 -1.1835 -1.8475 -0.20609 -0.62356 -3.4955 0.26474 0.5683 -0.014499 -0.54802 0.0002908 -1.8983 -1.2848 0.61492 -3.4444 -0.59006
2 2 132 -2.2454 3.386 -2.6107 -1.625 2.6228 -1.8162 -2.3784 2.5858 -1.1849 -1.6345 2.6451 0.26827 -1.5458 1.9737 1.6536 -0.88804 2.6772 -2.4652 0.57888 2.8408 -1.7651 2.0691 2.4453 -1.7892 -0.57525 0.015066 0.5407 -1.2278 -1.8052 -0.2809 -0.64012 -3.429 0.23776 0.57525 -0.015066 -0.5407 -0.04303 -1.8574 -1.3394 0.5949 -3.3763 -0.60677
2 15 120 -1.0602 4.2098 -2.1192 -0.93704 3.0474 -1.6469 -1.8447 3.0532 -1.2681 -3.0062 2.5598 -2.3055 -2.5912 3.9109 -2.9219 -0.035041 3.068 -2.0385 -0.27588 2.3852 -3.5029 -0.7252 3.8523 -3.6553 -0.67663 0.0032692 0.40701 -0.73939 -2.0715 0.081789 -0.13979 -3.3219 1.2341 0.67663 -0.0032692 -0.40701 0.69135 -2.079 -0.73149 1.3619 -3.2452 0.46907
2 16 120 -0.87733 4.4234 -1.7475 -0.76807 3.2223 -1.3668 -1.67 3.2323 -0.97478 -2.8216 2.8413 -2.0655 -2.343 4.2241 -2.5518 0.12958 3.2403 -1.7684 -0.068961 2.6674 -3.2853 -0.46956 4.1564 -3.285 -0.68426 0.0054674 0.39403 -0.61211 -2.0939 0.43677 -0.12081 -3.4756 1.4857 0.68426 -0.0054674 -0.39403 0.84669 -2.0999 -0.42757 1.5589 -3.369 0.63693
2 17 120 -0.79999 4.5058 -1.5729 -0.67726 3.2936 -1.2283 -1.5727 3.301 -0.82157 -2.7077 2.9214 -1.9336 -2.2327 4.3138 -2.3953 0.21436 3.3147 -1.6429 0.063939 2.7787 -3.1788 -0.33237 4.268 -3.1276 -0.68917 0.0069966 0.38534 -0.59588 -2.0906 0.46141 -0.12524 -3.4583 1.5379 0.68917 -0.0069966 -0.38534 0.83183 -2.1029 -0.35386 1.6178 -3.2855 0.75727
2 18 120 -0.82283 4.4801 -1.6323 -0.67584 3.2693 -1.2927 -1.5668 3.2653 -0.87608 -2.6978 2.8407 -1.9758 -2.2421 4.2333 -2.4562 0.21061 3.3016 -1.7176 0.10013 2.7195 -3.24 -0.32044 4.2029 -3.2242 -0.69745 0.0096245 0.3701 -0.68494 -2.0891 0.27292 -0.12453 -3.3302 1.4546 0.69745 -0.009625 -0.3701 0.72751 -2.1047 -0.52522 1.5231 -3.1304 0.72609
2 19 120 -0.86116 4.4397 -1.7349 -0.68011 3.2428 -1.3676 -1.5674 3.2254 -0.94359 -2.6775 2.6829 -2.0123 -2.2966 4.0671 -2.5749 0.20155 3.2878 -1.8012 0.13377 2.6313 -3.2956 -0.34845 4.0932 -3.3849 -0.70289 0.014739 0.35947 -0.82183 -2.0512 -0.0039526 -0.1815 -3.1635 1.2624 0.70289 -0.014738 -0.35947 0.60485 -2.0724 -0.77255 1.3629 -3.008 0.56944
2 20 120 -0.92868 4.3896 -1.8403 -0.71794 3.2131 -1.4268 -1.606 3.1853 -1.0049 -2.6718 2.4844 -2.0255 -2.4019 3.8321 -2.7244 0.16364 3.268 -1.8594 0.13656 2.5161 -3.3095 -0.42673 3.9344 -3.5307 -0.70708 0.009263 0.35136 -0.96853 -1.9875 -0.24763 -0.27316 -3.0456 1.036 0.70708 -0.0092626 -0.35136 0.49844 -2.0031 -0.98006 1.1685 -2.9648 0.38997
2 21 120 -1.0204 4.2995 -2.001 -0.77735 3.1481 -1.5384 -1.6676 3.1048 -1.1225 -2.6772 2.2395 -2.0715 -2.5214 3.5055 -2.9378 0.10554 3.2178 -1.9662 0.11865 2.343 -3.3459 -0.53078 3.6947 -3.7048 -0.71079 0.0051913 0.34386 -1.1075 -1.8959 -0.45791 -0.40257 -3.0148 0.76766 0.71079 -0.0051918 -0.34386 0.41389 -1.9139 -1.1703 0.96662 -2.9735 0.17975
2 22 120 -1.0882 4.1982 -2.1747 -0.81531 3.0773 -1.6584 -1.7118 3.0238 -1.2574 -2.6548 1.991 -2.1015 -2.6285 3.1163 -3.1554 0.073146 3.1561 -2.0729 0.15346 2.1691 -3.3722 -0.58784 3.4235 -3.8766 -0.71471 0.0071793 0.33562 -1.2045 -1.799 -0.61935 -0.57096 -3.0906 0.46756 0.71471 -0.0071793 -0.33562 0.35531 -1.8305 -1.3157 0.78657 -3.0322 -0.042568
2 23 120 -1.1442 4.1039 -2.3215 -0.84502 3.019 -1.7485 -1.7417 2.955 -1.3494 -2.6276 1.7773 -2.0543 -2.7219 2.6923 -3.2918 0.042803 3.1072 -2.1624 0.20398 1.9971 -3.3501 -0.61867 3.1161 -4.0199 -0.71677 0.0087333 0.33115 -1.257 -1.7366 -0.70631 -0.7815 -3.2567 0.13876 0.71677 -0.0087333 -0.33115 0.31662 -1.7631 -1.4157 0.62123 -3.1727 -0.33353
2 24 120 -1.1907 4.033 -2.4133 -0.8726 2.9834 -1.791 -1.7654 2.9117 -1.3845 -2.5736 1.6069 -1.944 -2.7783 2.2487 -3.3311 0.010458 3.078 -2.2136 0.25399 1.8462 -3.2586 -0.63317 2.7799 -4.1065 -0.71564 0.0055532 0.33365 -1.2686 -1.7317 -0.71065 -1.0052 -3.4377 -0.1901 0.71564 -0.0055532 -0.33365 0.30299 -1.7205 -1.4752 0.46641 -3.3434 -0.70706
2 25 120 -1.2073 3.978 -2.4826 -0.88772 2.9526 -1.8268 -1.7804 2.8781 -1.4207 -2.4851 1.4593 -1.8195 -2.7833 1.784 -3.2971 -0.0051926 3.0491 -2.2501 0.32295 1.7193 -3.1403 -0.60052 2.4178 -4.1586 -0.71454 0.0047641 0.33602 -1.2814 -1.7369 -0.69338 -1.2186 -3.5258 -0.47764 0.71454 -0.0047641 -0.33602 0.30771 -1.6913 -1.5211 0.35662 -3.4333 -1.0584
2 26 120 -1.1678 3.9583 -2.5278 -0.87019 2.9347 -1.8609 -1.7706 2.8652 -1.4714 -2.3627 1.3611 -1.7074 -2.7284 1.3517 -3.2053 0.020442 3.0261 -2.268 0.41969 1.6301 -3.0167 -0.49065 2.0591 -4.185 -0.71413 0.013205 0.33667 -1.336 -1.6912 -0.72274 -1.3371 -3.4908 -0.61067 0.71413 -0.013205 -0.33667 0.27185 -1.6333 -1.5992 0.33663 -3.406 -1.2762
2 27 120 -1.1051 3.9942 -2.4981 -0.84161 2.9566 -1.8407 -1.7471 2.8981 -1.4611 -2.2397 1.345 -1.5783 -2.6587 1.0271 -3.0278 0.054569 3.0374 -2.2378 0.48635 1.6004 -2.884 -0.36728 1.7379 -4.1607 -0.70949 0.021982 0.3459 -1.4598 -1.5226 -0.86473 -1.2942 -3.2933 -0.56779 0.70949 -0.021982 -0.3459 0.23094 -1.5044 -1.7558 0.36194 -3.2435 -1.2984
2 28 120 -1.1345 3.9353 -2.5823 -0.88258 2.9024 -1.9134 -1.7857 2.8594 -1.5264 -2.1986 1.2795 -1.5747 -2.6678 0.69544 -2.9225 0.011431 2.9675 -2.3182 0.45783 1.4921 -2.8591 -0.28443 1.322 -4.2 -0.70044 0.030093 0.36329 -1.5632 -1.2398 -1.071 -1.1685 -2.8962 -0.47794 0.70044 -0.030093 -0.36329 0.14382 -1.277 -1.9601 0.3755 -2.8766 -1.1611
2 29 120 -1.1905 3.7762 -2.7842 -0.92119 2.7957 -2.0448 -1.8234 2.7662 -1.6543 -2.1425 1.1656 -1.5823 -2.6823 0.31886 -2.7525 -0.028398 2.8461 -2.4544 0.45866 1.3273 -2.8076 -0.06793 0.77131 -4.146 -0.70061 0.036828 0.36234 -1.556 -1.0302 -1.2327 -1.1041 -2.5752 -0.42029 0.70061 -0.036829 -0.36234 0.023365 -1.0918 -2.0483 0.4273 -2.5612 -1.0848
2 68 108 -0.99707 3.3117 -3.3785 -0.82841 2.4021 -2.5295 -1.7855 2.3522 -2.3085 -2.2928 0.93147 -2.9355 -2.7137 1.2819 -4.3769 0.1221 2.4707 -2.7728 0.21569 1.0779 -3.6214 -0.43195 1.3407 -4.9959 -0.75136 -0.016322 0.24226 -1.0668 -1.5958 -1.1069 -0.72443 -2.639 0.32329 0.75136 0.016322 -0.24226 0.63097 -1.6689 -1.4912 0.93461 -2.6089 0.017134
2 69 108 -0.93637 3.5201 -3.1767 -0.79922 2.5379 -2.4084 -1.7604 2.5046 -2.2025 -2.4582 1.4813 -3.2677 -2.6553 2.5445 -4.367 0.15629 2.5916 -2.6353 0.13898 1.5642 -3.9053 -0.47964 2.5608 -4.9061 -0.75063 -0.016275 0.24452 -0.99665 -1.744 -0.92546 -0.66475 -2.7939 0.5023 0.75063 0.016275 -0.24452 0.66995 -1.7922 -1.3108 1.0222 -2.7576 0.17063
2 70 108 -0.86492 3.7829 -2.8885 -0.73547 2.731 -2.2127 -1.6949 2.7022 -1.9982 -2.4879 2.0517 -3.2696 -2.4697 3.4643 -3.8878 0.21865 2.7824 -2.4459 0.15529 2.0889 -3.9236 -0.27927 3.4785 -4.4314 -0.75183 -0.017178 0.24074 -0.92134 -1.9322 -0.60685 -0.57666 -3.0351 0.77725 0.75183 0.017178 -0.24074 0.75756 -1.9312 -1.0269 1.1347 -2.9673 0.39966
2 73 120 -0.97638 4.4262 -1.7451 -0.71727 3.2629 -1.3165 -1.5941 3.2389 -0.87165 -2.8122 3.0642 -1.9461 -2.3915 4.5394 -2.1027 0.15349 3.3143 -1.7709 -0.14457 2.9833 -3.3426 -0.36598 4.5074 -3.2659 -0.71018 -0.018288 0.34468 -0.73734 -2.1128 0.18108 -0.32379 -3.4407 1.3285 0.71018 0.018289 -0.34468 0.73161 -2.0633 -0.62893 1.5032 -3.2355 0.50315
2 74 120 -0.95849 4.3953 -1.8257 -0.69793 3.2302 -1.4024 -1.5742 3.2053 -0.95644 -2.8356 3.0796 -1.9869 -2.3482 4.5353 -2.1318 0.17206 3.2826 -1.8582 -0.065778 2.961 -3.4421 -0.30724 4.4828 -3.3829 -0.71639 -0.0081673 0.33199 -0.83201 -2.0748 -0.028409 -0.35421 -3.3361 1.1682 0.71639 0.0081673 -0.33199 0.63842 -2.0304 -0.83446 1.3315 -3.1189 0.4248
2 75 120 -0.96566 4.3506 -1.9266 -0.69537 3.1986 -1.4749 -1.5745 3.1739 -1.0346 -2.8573 3.0114 -2.033 -2.3728 4.4665 -2.1924 0.17704 3.2502 -1.9261 -0.016248 2.8681 -3.5026 -0.29106 4.3854 -3.5056 -0.71999 -0.00060272 0.3242 -0.95024 -2.0103 -0.24377 -0.44574 -3.2908 0.92099 0.71999 0.00060272 -0.3242 0.55854 -1.9626 -1.055 1.1273 -3.0706 0.24879
2 76 120 -0.99567 4.3152 -1.995 -0.71455 3.1825 -1.5029 -1.5952 3.1595 -1.0655 -2.8786 2.9021 -2.0429 -2.462 4.3717 -2.2538 0.15903 3.2319 -1.9521 -0.0084854 2.7533 -3.505 -0.33849 4.2566 -3.599 -0.71818 -0.0015378 0.3282 -1.0576 -1.935 -0.42076 -0.59624 -3.3172 0.64108 0.71818 0.0015378 -0.3282 0.47552 -1.8796 -1.232 0.91963 -3.0801 0.037777
2 77 120 -1.0258 4.2741 -2.0672 -0.73335 3.1603 -1.5401 -1.6164 3.1354 -1.1077 -2.8862 2.759 -2.0642 -2.5603 4.2383 -2.3525 0.14229 3.2111 -1.9851 0.010356 2.6363 -3.5086 -0.39245 4.1123 -3.7005 -0.71612 -0.00038481 0.33267 -1.1403 -1.8557 -0.55732 -0.77915 -3.3678 0.35596 0.71612 0.00038481 -0.33267 0.39425 -1.7957 -1.3741 0.72393 -3.1252 -0.20171
2 78 120 -1.0388 4.2376 -2.1333 -0.73586 3.1387 -1.5819 -1.6235 3.1051 -1.1595 -2.869 2.5926 -2.084 -2.6437 4.0692 -2.4669 0.14391 3.1978 -2.0176 0.058069 2.5278 -3.505 -0.42042 3.9664 -3.7863 -0.71764 0.003696 0.32935 -1.2055 -1.7915 -0.64716 -0.97066 -3.4281 0.072165 0.71764 -0.003696 -0.32935 0.32168 -1.7105 -1.4888 0.55555 -3.1956 -0.49361
2 79 120 -1.0328 4.2317 -2.146 -0.72317 3.1412 -1.5817 -1.6127 3.1012 -1.164 -2.8251 2.4493 -2.0438 -2.6988 3.9054 -2.5353 0.15837 3.2064 -2.013 0.12191 2.4392 -3.4548 -0.42947 3.8344 -3.811 -0.71791 0.0076337 0.3287 -1.2663 -1.7413 -0.69833 -1.1752 -3.4749 -0.21146 0.71791 -0.0076337 -0.3287 0.24589 -1.6545 -1.545 0.41338 -3.2996 -0.82639
2 80 120 -0.99894 4.2452 -2.1312 -0.69252 3.1612 -1.5529 -1.5863 3.1199 -1.1446 -2.7566 2.3292 -1.9655 -2.722 3.7489 -2.5663 0.19329 3.2277 -1.9752 0.20752 2.372 -3.3667 -0.40214 3.7247 -3.7862 -0.71718 0.013544 0.3301 -1.3282 -1.6917 -0.73441 -1.3679 -3.4758 -0.47735 0.71718 -0.013544 -0.3301 0.17836 -1.6304 -1.5588 0.2969 -3.3788 -1.1347
2 81 120 -0.96375 4.2675 -2.1003 -0.67413 3.1815 -1.5179 -1.5722 3.1438 -1.1187 -2.7003 2.2301 -1.8679 -2.7399 3.6044 -2.5662 0.21615 3.2442 -1.9312 0.29066 2.3082 -3.268 -0.36199 3.622 -3.743 -0.71107 0.019204 0.3428 -1.4035 -1.6277 -0.7629 -1.5048 -3.4249 -0.65934 0.71107 -0.019204 -0.3428 0.13299 -1.5915 -1.6109 0.21555 -3.3759 -1.3662
2 82 120 -0.91809 4.2999 -2.0558 -0.6421 3.2044 -1.4836 -1.5391 3.1914 -1.0804 -2.6372 2.1917 -1.7612 -2.7133 3.5254 -2.5314 0.24784 3.2428 -1.9006 0.37894 2.2604 -3.1992 -0.29461 3.5498 -3.7106 -0.70199 0.027568 0.36049 -1.4937 -1.5035 -0.84091 -1.5265 -3.3002 -0.69445 0.70199 -0.027568 -0.36049 0.081485 -1.4925 -1.7328 0.17586 -3.2764 -1.4884
2 83 120 -0.89557 4.3196 -2.0255 -0.63656 3.2152 -1.4623 -1.5332 3.2245 -1.0582 -2.6164 2.1831 -1.6993 -2.696 3.4926 -2.5096 0.25369 3.2317 -1.8801 0.40963 2.2242 -3.1565 -0.26848 3.4943 -3.7083 -0.69723 0.025611 0.36974 -1.6555 -1.1891 -1.0517 -1.5092 -2.9557 -0.72214 0.69723 -0.025611 -0.36974 -0.0054928 -1.2252 -1.945 0.16975 -2.9467 -1.4383
2 84 120 -0.92213 4.2709 -2.1141 -0.67029 3.171 -1.5396 -1.5556 3.1877 -1.1115 -2.581 2.0705 -1.7193 -2.7051 3.3375 -2.5894 0.20831 3.1798 -1.9816 0.36663 2.0919 -3.1899 -0.30333 3.3086 -3.8596 -0.69329 0.028852 0.37686 -1.755 -0.81491 -1.2279 -1.4538 -2.5089 -0.68875 0.69329 -0.028852 -0.37686 -0.08985 -0.8767 -2.1325 0.23341 -2.4815 -1.3768
2 97 120 -1.3485 3.9266 -2.5032 -1.0415 2.8966 -1.8452 -1.9087 2.8733 -1.3817 -2.1943 1.2739 -1.2105 -2.736 0.06559 -2.0005 -0.18438 2.9425 -2.3254 0.27731 1.3999 -2.6006 -0.2871 0.37206 -3.602 -0.6787 0.011292 0.40341 -1.4281 -1.35 -1.0107 -1.0923 -2.9417 -0.23326 0.6787 -0.011292 -0.40341 -0.086347 -1.4595 -1.7194 0.52511 -2.9092 -0.83893
2 98 120 -1.3225 3.9942 -2.4096 -1.0241 2.9438 -1.7811 -1.8852 2.9189 -1.3065 -2.1053 1.3314 -0.98985 -2.623 -0.032613 -1.4889 -0.17295 2.9919 -2.2716 0.33007 1.4453 -2.4254 -0.011404 0.15779 -3.2023 -0.67534 0.011407 0.40901 -1.3937 -1.4308 -0.93944 -1.0709 -3.0336 -0.17926 0.67534 -0.011407 -0.40901 -0.051058 -1.5383 -1.6561 0.55286 -2.9982 -0.78733
2 99 120 -1.2753 4.0694 -2.3072 -0.99124 2.9963 -1.7122 -1.847 2.9739 -1.2279 -1.9947 1.4199 -0.74623 -2.4829 -0.026196 -0.96536 -0.14522 3.0423 -2.2117 0.41201 1.5066 -2.2191 0.33376 0.065957 -2.7632 -0.67385 0.013191 0.41141 -1.3604 -1.5038 -0.86991 -1.0467 -3.112 -0.1175 0.67385 -0.013191 -0.41141 -0.012333 -1.6073 -1.5955 0.57997 -3.078 -0.73693
