0 98 192 -0.14322 4.839 -0.003057 -0.11153 3.576 0.028007 0.11002 3.5582 0.98611 -0.69879 4.35 2.1641 -1.5897 5.5639 1.8319 -0.3321 3.6235 -0.92931 -1.7018 4.2146 -1.5952 -2.5621 5.2522 -0.84633 0.20156 0.0064335 0.76343 -0.25897 -2.0407 0.87042 0.28858 -3.7559 0.77424 -0.20156 -0.006433 -0.76343 -0.61169 -2.0662 -0.8221 -0.013105 -3.727 -1.1885
0 99 192 -0.11943 4.8428 0.025477 -0.11213 3.5784 0.047199 0.090099 3.5479 1.0092 -1.021 4.1457 2.047 -2.0498 5.2284 1.6637 -0.31406 3.6385 -0.91351 -1.8145 4.0849 -1.3808 -2.742 4.9344 -0.48875 0.19112 0.0030518 0.76613 -0.27544 -2.0429 0.86995 0.27441 -3.7581 0.78843 -0.19112 -0.0030513 -0.76613 -0.61188 -2.0608 -0.82012 -0.028723 -3.7298 -1.1739
1 0 36 -1.9884 4.1169 1.5844 -1.5145 2.9854 1.2886 -0.89834 2.9629 2.0549 -0.36121 1.4612 1.7013 -0.73437 0.052876 2.2063 -2.1413 3.034 0.53218 -1.8436 1.5211 -0.007541 -2.4411 0.1268 0.26916 0.51636 0.00082231 0.59738 -0.80389 -1.4953 1.2554 0.053126 -3.0285 0.84862 -0.51636 -0.00082231 -0.59738 -1.5529 -1.6161 0.25749 -0.73507 -2.9968 -0.56451
1 1 24 -2.2312 4.1439 1.1211 -1.7182 3.0054 0.9386 -1.2689 2.9876 1.8133 -0.65726 1.4877 1.6014 -1.0218 0.078567 2.1105 -2.1796 3.0496 0.071099 -1.8009 1.5358 -0.41241 -2.4656 0.14445 -0.4086 0.3799 -0.0035107 0.69221 -1.0972 -1.4418 1.0968 -0.11595 -2.9327 0.84108 -0.3799 0.0035105 -0.69221 -1.6269 -1.5634 -0.056678 -0.58704 -2.8877 -0.70142
1 1 36 -1.9493 4.1439 1.5605 -1.4855 3.0054 1.2753 -0.86412 2.9876 2.0375 -0.30994 1.4877 1.7031 -0.56067 0.078567 2.2769 -2.1172 3.0496 0.52271 -1.8473 1.5358 -0.028961 -2.4967 0.14445 0.11296 0.51552 -0.0035107 0.5981 -0.84522 -1.4418 1.3009 0.061455 -2.9327 0.84681 -0.51552 0.0035105 -0.5981 -1.6032 -1.5634 0.28282 -0.72004 -2.8877 -0.56404
1 2 24 -2.123 4.2132 1.0692 -1.6393 3.0594 0.90465 -1.1899 3.0432 1.7794 -0.54747 1.5452 1.6688 -0.75262 0.18226 2.3601 -2.0999 3.1023 0.036718 -1.792 1.5975 -0.51955 -2.5317 0.26607 -0.76007 0.37963 -0.0068364 0.69234 -1.1268 -1.4051 1.1281 -0.095569 -2.8549 0.83546 -0.37963 0.0068364 -0.69234 -1.6645 -1.5288 -0.0557 -0.56437 -2.7993 -0.70868
1 3 24 -1.9733 4.3038 0.9881 -1.5343 3.1285 0.84658 -1.0855 3.1177 1.7217 -0.39307 1.6404 1.8043 -0.37348 0.41276 2.7371 -1.9931 3.1666 -0.022556 -1.7776 1.7059 -0.72163 -2.609 0.54603 -1.3056 0.38018 -0.0068836 0.69204 -1.1268 -1.398 1.1483 -0.0646 -2.8206 0.83401 -0.38018 0.0068839 -0.69204 -1.6924 -1.5111 -0.069026 -0.5525 -2.7455 -0.72293
2 1 192 -3.1402 3.6134 0.61222 -2.186 2.7952 0.47525 -2.0124 2.7601 1.4427 -0.38958 2.665 1.604 0.72802 1.8565 2.2932 -2.3822 2.849 -0.48702 -1.0853 2.8947 -1.4794 -0.48963 2.4268 -2.8224 0.19045 0.014499 0.76617 -0.77024 -1.8475 0.92191 -0.08251 -3.4955 0.67238 -0.19045 -0.014499 -0.76617 -1.1125 -1.8983 -0.64267 -0.20355 -3.4444 -0.82756
2 100 204 -2.3196 4.143 0.98099 -1.7277 3.0502 0.77916 -1.3267 3.0311 1.677 -0.69353 1.5322 1.8224 -0.71384 0.060079 2.2808 -2.1441 3.0935 -0.11086 -1.9258 1.591 -0.71386 -2.2335 0.09228 -0.90559 0.3409 0.013217 0.71212 -0.93168 -1.5747 1.2349 -0.15776 -3.1874 1.0085 -0.3409 -0.013217 -0.71212 -1.5176 -1.6745 -0.19274 -0.61057 -3.1553 -0.67771
2 101 204 -2.2038 4.2178 0.93131 -1.6426 3.1062 0.74275 -1.2334 3.0898 1.637 -0.44851 1.6604 1.7339 -0.26589 0.19852 2.1891 -2.0662 3.1474 -0.14393 -1.6894 1.6958 -0.7917 -1.8009 0.1963 -1.1334 0.34122 0.012243 0.71198 -0.85561 -1.6434 1.2028 -0.091887 -3.2623 0.98707 -0.34122 -0.012243 -0.71198 -1.443 -1.7372 -0.23793 -0.55171 -3.2338 -0.70351
