0 94 24 0.3552 4.8044 0.049803 0.14947 3.572 0.01035 -0.27903 3.6063 -0.87428 -1.1447 4.0482 -2.1873 -1.2858 5.5803 -2.2895 0.57738 3.5675 0.89592 1.4194 3.9309 2.2479 1.844 5.4085 2.3656 -0.35401 0.013351 -0.70569 0.035934 -2.0444 -0.87273 -0.50242 -3.7466 -0.62041 0.35401 -0.013351 0.70569 0.74042 -2.0785 0.70913 0.19394 -3.715 1.2328
0 100 48 0.07379 4.8437 -0.11518 0.065095 3.5796 -0.12781 -0.64575 3.544 -0.80663 -0.095628 3.8759 -2.3086 1.0742 4.8274 -2.6309 0.77549 3.6451 0.54925 2.2469 3.8713 -0.1234 2.4666 4.5464 -1.4922 -0.59588 0.00036192 -0.51809 -0.26708 -2.0435 -0.87686 -0.67865 -3.7572 -0.4962 0.59588 -0.0003624 0.51809 0.98689 -2.0535 0.30366 0.72203 -3.7307 0.90999
1 5 228 1.1399 4.4907 -1.3828 0.87086 3.2782 -1.1449 0.10961 3.2754 -1.7676 -0.89511 1.9965 -1.9218 -1.8702 1.3785 -2.944 1.6373 3.3095 -0.5292 2.085 2.0981 0.47123 3.3652 1.5668 1.1469 -0.62955 -0.0083079 -0.47654 0.39381 -1.5763 -1.4296 -0.38454 -3.0438 -0.72836 0.62955 0.0083082 0.47654 1.506 -1.6618 -0.4492 0.74502 -2.9707 0.52987
1 12 204 0.81272 4.7346 -0.38353 0.62626 3.4911 -0.3225 0.20689 3.4742 -1.212 -1.0419 3.5627 -2.2615 -1.7499 4.5406 -3.2208 1.0463 3.5378 0.56564 1.1062 3.3389 2.186 1.7747 4.0937 3.3526 -0.37948 0.0038862 -0.69244 -0.31109 -1.9904 -1.3502 -1.0003 -3.6013 -1.7754 0.37948 -0.0038857 0.69244 1.0844 -1.9202 1.1874 0.60017 -3.4288 2.048
1 13 204 0.72295 4.7503 -0.3449 0.55314 3.5053 -0.2872 0.13283 3.49 -1.1763 -1.0963 3.7213 -2.2272 -1.7947 4.7959 -3.0846 0.97347 3.5505 0.60085 1.073 3.4249 2.2266 1.7066 4.2425 3.3701 -0.38015 0.0021982 -0.69208 -0.41033 -1.9763 -1.3984 -1.1658 -3.5629 -1.8022 0.38015 -0.0021982 0.69208 1.057 -1.9114 1.2496 0.63386 -3.3776 2.21
1 17 204 0.52703 4.7841 -0.19914 0.39838 3.5332 -0.1905 -0.043348 3.5389 -1.0693 -1.0819 4.0966 -2.2002 -1.634 5.3685 -2.8748 0.83911 3.5572 0.68844 1.1549 3.5605 2.2912 1.758 4.5152 3.3413 -0.40542 0.0050941 -0.67758 -0.19204 -1.9167 -1.4995 -1.1832 -3.4226 -1.4715 0.40542 -0.0050941 0.67758 1.1191 -1.9148 1.1855 0.48691 -3.2738 2.1876
1 18 204 0.57819 4.792 -0.13512 0.43189 3.5417 -0.13114 -0.010496 3.5548 -1.0095 -1.0119 4.0423 -2.2046 -1.5207 5.3259 -2.891 0.87396 3.5585 0.7473 1.2598 3.4624 2.3318 1.8849 4.4041 3.3807 -0.40533 0.023301 -0.67725 -0.065346 -1.8519 -1.5618 -1.1059 -3.3211 -1.4641 0.40533 -0.023301 0.67725 1.1794 -1.8979 1.2259 0.4425 -3.2267 2.1965
2 1 60 1.6462 3.6134 -2.7433 1.1096 2.7952 -1.9425 0.27443 2.7601 -2.4609 -0.93135 2.665 -1.3628 -2.1913 1.8565 -0.99344 1.9559 2.849 -1.4444 1.8256 2.8947 0.18333 2.4251 2.4268 1.5247 -0.69681 0.014499 -0.37114 -0.16973 -1.8475 -1.1893 -0.44447 -3.4955 -0.51123 0.69681 -0.014499 0.37114 1.222 -1.8983 -0.39676 0.7512 -3.4444 0.40248
2 2 60 1.7891 3.386 -2.9422 1.2251 2.6228 -2.1067 0.39198 2.5858 -2.6282 -0.76023 2.6451 -1.4716 -2.0503 1.9737 -0.95916 2.0701 2.6772 -1.6064 1.8576 2.8408 0.0051112 2.341 2.4453 1.4149 -0.692 0.015066 -0.38001 -0.11224 -1.8052 -1.2545 -0.42393 -3.429 -0.53532 0.692 -0.015066 0.38001 1.2606 -1.8574 -0.45483 0.76091 -3.3763 0.37828
2 16 72 0.71163 4.4234 -1.8213 0.50181 3.2223 -1.4854 -0.39307 3.2323 -1.8933 -0.35306 2.8413 -3.479 0.32861 4.2241 -3.4487 1.4009 3.2403 -1.087 2.3953 2.6674 -2.2496 2.127 4.1564 -2.547 -0.75068 0.0054674 -0.24485 -0.73417 -2.0939 -0.16263 -1.185 -3.4756 0.90438 0.75068 -0.0054674 0.24485 0.88429 -2.0999 0.34311 0.56975 -3.369 1.5846
2 17 72 0.63357 4.5058 -1.647 0.45962 3.2936 -1.3252 -0.44182 3.301 -1.7185 -0.37491 2.9214 -3.306 0.28612 4.3138 -3.262 1.3644 3.3147 -0.94003 2.4051 2.7787 -2.0795 2.1018 4.268 -2.3397 -0.74751 0.0069966 -0.25431 -0.74162 -2.0906 -0.13408 -1.2267 -3.4583 0.936 0.74751 -0.0069966 0.25431 0.81957 -2.1029 0.38139 0.51978 -3.2855 1.709
2 18 72 0.66248 4.4801 -1.7037 0.50843 3.2693 -1.3672 -0.39733 3.2653 -1.7506 -0.33686 2.8407 -3.3269 0.32509 4.2333 -3.3097 1.4173 3.3016 -0.99276 2.4748 2.7195 -2.0935 2.1816 4.2029 -2.3955 -0.74172 0.0096245 -0.27066 -0.66113 -2.0891 -0.32639 -1.1643 -3.3302 0.8808 0.74172 -0.009625 0.27066 0.87712 -2.1047 0.18921 0.47957 -3.1304 1.6177
2 29 84 0.67336 3.7762 -2.9522 0.45664 2.7957 -2.1957 -0.5028 2.7662 -2.4101 -0.80326 1.1656 -2.5395 -0.55216 0.31886 -3.8034 1.4197 2.8461 -2.0023 2.0213 1.3273 -2.0018 2.382 0.77131 -3.3941 -0.77978 0.036828 -0.11866 -0.53426 -1.0302 -1.9118 -0.64621 -2.5752 -0.989 0.77978 -0.036829 0.11866 1.2229 -1.0918 -1.6434 0.9833 -2.5612 -0.62642
2 71 72 0.81126 4.1141 -2.4309 0.60192 2.9873 -1.9006 -0.31386 2.96 -2.2583 -0.2213 2.5288 -3.8313 0.082005 4.0353 -3.9582 1.5223 3.04 -1.5578 2.3761 2.5333 -2.8551 2.2603 4.0413 -3.1552 -0.74588 -0.020804 -0.2583 -0.56874 -2.0737 -0.66903 -1.0702 -3.2922 0.56166 0.74588 0.020804 0.2583 1.0956 -2.0299 -0.035657 0.64605 -3.1838 1.2749
2 72 72 0.67044 4.3456 -2.0601 0.51053 3.1886 -1.5705 -0.40882 3.1681 -1.9194 -0.3586 2.8766 -3.526 -0.025738 4.3803 -3.4511 1.4334 3.2361 -1.2336 2.3443 2.837 -2.5296 2.1833 4.3628 -2.6832 -0.73891 -0.022413 -0.2775 -0.67265 -2.1184 -0.40704 -1.2038 -3.4546 0.68085 0.73891 0.022413 0.2775 0.97118 -2.0637 0.1848 0.6527 -3.2954 1.4624
2 73 72 0.64354 4.4262 -1.8933 0.49839 3.2629 -1.4139 -0.41893 3.2389 -1.7679 -0.4355 3.0642 -3.3921 -0.037626 4.5394 -3.1842 1.4187 3.3143 -1.0709 2.3873 2.9833 -2.3441 2.1822 4.5074 -2.4573 -0.73135 -0.018288 -0.29714 -0.62794 -2.1128 -0.42678 -1.2039 -3.4407 0.64831 0.73135 0.018289 0.29714 0.95693 -2.0633 0.12285 0.63191 -3.2355 1.4538
2 74 72 0.7154 4.3953 -1.9339 0.57519 3.2302 -1.4571 -0.34257 3.2053 -1.8098 -0.42081 3.0796 -3.4367 0.012966 4.5353 -3.1715 1.496 3.2826 -1.1155 2.514 2.961 -2.3521 2.3084 4.4828 -2.4919 -0.72607 -0.0081673 -0.31024 -0.53561 -2.0748 -0.63731 -1.1052 -3.3361 0.51845 0.72607 0.0081673 0.31024 1.0473 -2.0304 -0.083928 0.57524 -3.1189 1.2737
2 75 72 0.78561 4.3506 -2.0068 0.6308 3.1986 -1.5037 -0.28467 3.1739 -1.8624 -0.4011 3.0114 -3.4837 0.041559 4.4665 -3.2304 1.5499 3.2502 -1.1573 2.5921 2.8681 -2.3558 2.4104 4.3854 -2.562 -0.7227 -0.00060272 -0.31813 -0.45467 -2.0103 -0.86928 -0.98269 -3.2908 0.28501 0.7227 0.00060272 0.31813 1.1577 -1.9626 -0.29084 0.56941 -3.0706 1.0042
2 76 72 0.81636 4.3152 -2.0749 0.63877 3.1825 -1.5367 -0.27555 3.1595 -1.8984 -0.40802 2.9021 -3.5062 0.02744 4.3717 -3.3377 1.5571 3.2319 -1.188 2.5991 2.7533 -2.3516 2.4481 4.2566 -2.6597 -0.72446 -0.0015378 -0.3141 -0.39497 -1.935 -1.0675 -0.87538 -3.3172 -0.014122 0.72446 0.0015378 0.3141 1.2338 -1.8796 -0.47101 0.58728 -3.0801 0.70869
2 98 72 0.90576 3.9942 -2.5952 0.63836 2.9438 -1.9529 -0.29051 2.9189 -2.2753 -0.67313 1.3314 -2.2269 -0.64869 -0.032613 -2.9455 1.5724 2.9919 -1.6485 2.0233 1.4453 -1.3776 2.3721 0.15779 -2.1512 -0.75584 0.011407 -0.22819 -0.2344 -1.4308 -1.6643 -0.58333 -3.0336 -0.91575 0.75584 -0.011407 0.22819 1.1966 -1.5383 -1.1461 0.95503 -2.9982 -0.11597
