0 78 264 0.001413 4.8309 0.44235 -0.036986 3.5728 0.31892 0.94076 3.5224 0.22489 1.0663 1.8944 0.27272 1.4397 1.0615 1.5156 -1.0124 3.6525 0.41704 -1.2285 2.0694 0.75763 -1.3239 1.0691 1.9272 0.78838 0.02486 -0.036673 0.87762 -1.9891 0.55508 1.0369 -3.7055 0.026377 -0.78838 -0.02486 0.036672 -0.83744 -2.084 0.45129 -0.95557 -3.6836 -0.37221
0 79 264 0.0081436 4.8313 0.43887 -0.029324 3.5728 0.3194 0.94795 3.5226 0.22048 1.0272 1.8923 0.15271 1.4375 0.87417 1.2356 -1.0042 3.6525 0.42228 -1.1782 2.0468 0.66785 -1.2826 0.95165 1.7483 0.78869 0.02249 -0.031046 0.87605 -1.993 0.55591 1.0093 -3.7081 0.015993 -0.78869 -0.02249 0.031046 -0.85769 -2.0823 0.43942 -0.98513 -3.678 -0.39017
0 80 252 -0.079491 4.8313 0.43555 -0.087196 3.5722 0.31563 0.88911 3.5234 0.42433 0.96088 1.9006 0.25082 1.2465 0.71083 1.1892 -1.062 3.6505 0.21112 -1.2451 2.0298 0.3043 -1.6142 0.84034 1.2134 0.77666 0.017943 0.14134 0.72575 -1.9974 0.73306 0.94902 -3.7071 0.20592 -0.77666 -0.017943 -0.14134 -0.95164 -2.0767 0.23967 -0.90942 -3.6677 -0.60755
0 80 264 0.012801 4.8313 0.44256 -0.019667 3.5722 0.32686 0.9579 3.5234 0.2302 0.99203 1.9006 0.045561 1.4665 0.71083 0.90406 -0.99493 3.6505 0.42732 -1.1547 2.0298 0.55653 -1.3267 0.84034 1.5225 0.78907 0.017943 -0.023223 0.8623 -1.9974 0.56615 0.97109 -3.7071 0.0041065 -0.78907 -0.017943 0.023223 -0.88101 -2.0767 0.43229 -1.0159 -3.6677 -0.40519
0 86 300 0.1637 4.8056 0.40197 0.16779 3.5463 0.31412 0.95445 3.5584 -0.27612 0.80753 2.1173 -1.0314 1.2418 1.1756 -2.1726 -0.61931 3.5641 0.90363 -1.3374 2.1005 0.79766 -2.5473 1.249 1.2319 0.65077 0.010247 -0.44709 0.92806 -2.0239 -0.00014119 0.57813 -3.7071 -0.54338 -0.65077 -0.010248 0.44709 -0.59398 -2.0522 0.93864 -1.1725 -3.6547 0.34854
0 88 312 0.21127 4.7899 0.34564 0.19741 3.5374 0.25101 0.85374 3.5484 -0.48144 0.71405 2.2901 -1.5139 0.71539 1.9452 -3.0168 -0.46058 3.5562 0.9818 -1.5279 2.3315 1.1543 -2.9795 2.1451 1.6399 0.53831 0.0063066 -0.57765 0.84888 -2.0425 -0.23069 0.40247 -3.7296 -0.68371 -0.53831 -0.0063066 0.57765 -0.42948 -2.0712 0.94978 -1.1339 -3.6807 0.5443
0 106 264 0.078235 4.8273 0.39252 0.062505 3.5681 0.35146 1.0317 3.4909 0.49968 1.0086 2.204 1.5056 0.37182 2.0464 2.9011 -0.90454 3.6748 0.2072 -1.4369 2.515 1.2271 -1.1186 2.151 2.6913 0.78263 -0.012396 0.1041 0.72628 -2.0527 0.60225 0.87949 -3.7495 0.011894 -0.78263 0.012396 -0.1041 -0.97024 -2.0367 0.32071 -1.0736 -3.7266 -0.29922
0 107 264 0.084914 4.8283 0.38418 0.068808 3.5692 0.34112 1.0383 3.4932 0.48858 1.0372 2.0794 1.307 0.47879 1.6964 2.6924 -0.89849 3.6747 0.19767 -1.427 2.3771 1.0377 -1.214 1.8546 2.4728 0.78224 -0.013959 0.10677 0.72398 -2.0574 0.59161 0.88571 -3.7492 -0.010586 -0.78224 0.013959 -0.10677 -0.96792 -2.0385 0.30209 -1.0635 -3.7272 -0.32238
0 108 264 0.090616 4.8316 0.35883 0.071422 3.5718 0.31299 1.0415 3.495 0.45619 1.0701 1.9817 1.0708 0.62361 1.3933 2.4243 -0.89638 3.678 0.17361 -1.4138 2.2703 0.8211 -1.3074 1.576 2.1938 0.78208 -0.014527 0.10785 0.72349 -2.062 0.57551 0.89043 -3.7486 -0.039583 -0.78208 0.014527 -0.10785 -0.96716 -2.0419 0.28082 -1.0549 -3.7283 -0.35116
0 109 264 0.086437 4.8352 0.3256 0.07385 3.5743 0.28361 1.044 3.5035 0.42882 1.1043 1.9215 0.83216 0.79008 1.1342 2.1202 -0.89423 3.6746 0.14181 -1.3857 2.1804 0.58268 -1.4182 1.3225 1.8636 0.78134 -0.016188 0.1129 0.72236 -2.0693 0.55512 0.89694 -3.7507 -0.07191 -0.78134 0.016188 -0.1129 -0.96158 -2.0449 0.25291 -1.0472 -3.7299 -0.38284
0 110 264 0.06629 4.8377 0.3017 0.054051 3.5758 0.2573 1.0246 3.5081 0.40126 1.122 1.8878 0.58608 0.97753 0.9185 1.7765 -0.91447 3.673 0.11636 -1.3647 2.1165 0.32395 -1.5831 1.11 1.4715 0.77948 -0.012898 0.12545 0.71079 -2.0752 0.52103 0.89597 -3.753 -0.11266 -0.77948 0.012897 -0.12545 -0.9636 -2.0503 0.2261 -1.0477 -3.7328 -0.41651
0 112 252 0.011928 4.8407 0.25012 0.0049489 3.5778 0.19201 0.92819 3.5047 0.52313 1.1212 1.8896 0.37133 1.2766 0.62805 1.2443 -0.91638 3.6806 -0.13656 -1.1951 2.0948 -0.41314 -1.9762 0.87476 0.11501 0.72932 -0.012753 0.30236 0.58195 -2.0883 0.59315 0.92843 -3.7545 -0.0025042 -0.72932 0.012753 -0.30236 -0.97195 -2.0574 -0.037754 -0.9115 -3.7341 -0.69786
0 114 240 -0.041914 4.8267 0.22288 -0.01339 3.5663 0.16033 0.80811 3.5124 0.69847 1.1739 1.9542 0.37139 1.902 0.72816 0.95828 -0.83284 3.65 -0.37713 -0.88486 2.0973 -0.8824 -1.8149 0.96291 -1.3576 0.63785 -0.020201 0.46501 0.45369 -2.1033 0.66809 0.95287 -3.7494 0.1276 -0.63785 0.020202 -0.46501 -0.91588 -2.0553 -0.29383 -0.70322 -3.7286 -0.93072
0 116 312 0.12299 4.7891 0.10343 0.10758 3.5411 0.030237 0.89271 3.5173 -0.56168 0.72584 2.0434 -1.2462 1.3293 1.2588 -2.4285 -0.67872 3.5944 0.61867 -1.3559 2.1107 0.5247 -2.6939 1.454 0.91989 0.64724 -0.022976 -0.45171 0.75712 -2.1097 -0.23267 0.38027 -3.7397 -0.90489 -0.64724 0.022976 0.45171 -0.58114 -2.0558 0.74928 -1.1397 -3.7193 0.33486
1 37 84 -0.18963 4.4572 1.8554 -0.061137 3.2501 1.5105 0.9184 3.2643 1.598 1.1231 1.7338 1.0648 1.6574 0.31916 1.3667 -1.0415 3.2639 1.433 -1.2102 1.7355 0.88132 -1.7793 0.33807 1.1991 0.78929 0.016521 -0.01589 0.52855 -1.7894 1.0257 0.49224 -3.3001 0.042045 -0.78929 -0.016521 0.01589 -0.62395 -1.8141 1.0909 -0.54396 -3.1686 -0.096488
1 38 84 -0.15486 4.3646 2.0534 -0.033804 3.1694 1.6705 0.94705 3.1772 1.7428 1.0597 1.6515 1.1698 1.4533 0.18523 1.4395 -1.0153 3.1892 1.6096 -1.1274 1.6651 1.0323 -1.5935 0.23491 1.3715 0.78846 0.01937 -0.038181 0.55645 -1.6222 1.2524 0.46736 -3.0576 0.16484 -0.78846 -0.019369 0.038182 -0.68148 -1.6941 1.3024 -0.55748 -2.9581 0.022693
3 18 228 -0.088409 4.8204 -0.30144 0.0040668 3.5889 -0.054782 0.9861 3.5522 -0.095008 1.1874 1.9638 0.22916 0.72317 1.0173 1.3545 -0.97662 3.655 -0.019452 -1.3252 2.0595 -0.059523 -1.4011 0.82022 0.85492 0.78815 0.013176 -0.04625 0.94072 -1.7918 1.0182 0.91535 -1.6518 -0.77917 -0.78815 -0.013176 0.04625 -0.36771 -2.0667 -0.09655 0.020112 -3.823 -0.22386
3 19 252 -0.21684 4.8166 -0.25215 -0.040958 3.59 -0.028332 0.92056 3.5881 -0.2353 1.2064 2.0033 0.039576 0.93025 1.0316 1.2045 -1.003 3.6212 0.1738 -1.3361 2.0229 0.22924 -1.4372 0.73356 1.0689 0.76096 0.016771 -0.21014 1.0085 -1.7738 0.86085 0.71232 -1.9785 -0.90587 -0.76096 -0.016772 0.21014 -0.38704 -2.0758 0.023187 -0.10435 -3.838 -0.23258
3 30 0 -0.081625 4.8048 0.35175 -0.010151 3.5544 0.51186 0.96804 3.5725 0.61274 1.4117 2.0998 0.062173 1.4788 0.57663 0.29262 -0.98826 3.566 0.40925 -1.3458 1.9886 0.18018 -1.5648 0.58622 0.7828 0.78823 -0.0052629 0.046577 0.36066 -2.0623 0.045133 0.29826 -3.6113 -0.8755 -0.78823 0.0052629 -0.046577 -0.55006 -2.0796 0.058276 -0.61802 -3.7034 -0.72235
3 31 0 -0.15439 4.7991 0.42727 -0.062116 3.5472 0.55657 0.9019 3.5694 0.75035 1.4126 2.1096 0.22404 1.4788 0.58186 0.42221 -1.0261 3.5549 0.36172 -1.3872 2.0025 0.003417 -1.7269 0.57727 0.48413 0.77909 -0.010726 0.12804 0.30511 -2.0557 0.039672 0.29629 -3.6104 -0.87333 -0.77909 0.010727 -0.12804 -0.59595 -2.0745 0.052201 -0.65479 -3.7251 -0.67102
3 31 12 -0.062185 4.7991 0.45004 0.054958 3.5472 0.55732 1.0382 3.5694 0.54644 1.4283 2.1096 -0.074549 1.5342 0.58186 0.10552 -0.92851 3.5549 0.56716 -1.3562 2.0025 0.29176 -1.5885 0.57727 0.83259 0.78869 -0.010726 -0.036738 0.30669 -2.0557 -0.024632 0.10824 -3.6104 -0.91585 -0.78869 0.010727 0.036738 -0.57207 -2.0745 0.17497 -0.77999 -3.7251 -0.52022
3 32 0 -0.17077 4.8012 0.44487 -0.068572 3.5484 0.54941 0.87941 3.5672 0.81082 1.4162 2.0979 0.33988 1.5145 0.57086 0.52979 -1.0165 3.5593 0.28745 -1.3421 2.0316 -0.19111 -1.7723 0.58911 0.14317 0.77225 -0.016355 0.16391 0.28656 -2.0562 0.03132 0.32405 -3.6163 -0.87178 -0.77225 0.016355 -0.16391 -0.57519 -2.066 0.034767 -0.60985 -3.7287 -0.66168
3 32 12 -0.074547 4.8012 0.47066 0.047156 3.5484 0.55166 1.0288 3.5672 0.61026 1.456 2.0979 0.038005 1.5915 0.57086 0.20334 -0.93455 3.5593 0.49252 -1.3525 2.0316 0.092113 -1.7038 0.58911 0.50851 0.78945 -0.016355 -0.00023487 0.28681 -2.0562 -0.028943 0.13571 -3.6163 -0.9201 -0.78945 0.016355 0.00023583 -0.55539 -2.066 0.1536 -0.7341 -3.7287 -0.52042
3 33 12 -0.1064 4.8045 0.45349 0.017855 3.5519 0.53179 0.99559 3.5704 0.63696 1.4437 2.0865 0.12103 1.5726 0.5667 0.34721 -0.95993 3.5633 0.42608 -1.3429 2.0654 -0.10166 -1.7562 0.6133 0.21185 0.78934 -0.0089602 0.019149 0.29356 -2.05 -0.033035 0.18154 -3.6166 -0.91846 -0.78934 0.0089607 -0.019149 -0.54902 -2.0692 0.17539 -0.70668 -3.7328 -0.50177
3 34 12 -0.13423 4.8055 0.45493 -0.011462 3.5525 0.52775 0.96308 3.569 0.65948 1.4251 2.0721 0.19629 1.5153 0.56651 0.51705 -0.986 3.5659 0.39559 -1.325 2.1107 -0.26478 -1.7266 0.64492 -0.0042562 0.78909 -0.0026569 0.028655 0.30477 -2.0459 -0.041303 0.21224 -3.6196 -0.91638 -0.78909 0.0026569 -0.028656 -0.56209 -2.0734 0.20074 -0.70778 -3.738 -0.47665
3 35 12 -0.13534 4.8068 0.45382 -0.0127 3.5535 0.52127 0.9612 3.57 0.65766 1.4001 2.0532 0.23854 1.4995 0.56712 0.63756 -0.98662 3.5667 0.38466 -1.2815 2.1516 -0.37638 -1.651 0.6671 -0.18302 0.78891 -0.004312 0.033212 0.30463 -2.0475 -0.037812 0.22173 -3.6248 -0.90748 -0.78891 0.0043125 -0.033212 -0.56016 -2.0713 0.19913 -0.68482 -3.7428 -0.46526
3 48 348 -0.080459 4.8211 0.27005 -0.025537 3.5645 0.36771 0.89397 3.5595 0.71676 1.4414 2.1087 0.20273 1.6156 0.60127 0.47648 -0.94443 3.5992 0.018715 -1.3213 2.0097 0.0011227 -1.8053 1.5192 1.3805 0.71975 -0.031665 0.3232 0.26855 -1.5075 1.749 0.7596 -1.8535 0.048943 -0.71975 0.031664 -0.32321 -0.31777 -2.0062 -0.63936 0.054257 -3.7498 -0.90799
3 56 336 -0.038543 4.8219 0.096628 -0.024191 3.5752 0.28781 0.838 3.5876 0.76093 1.7276 2.3666 0.13926 2.0977 0.86968 0.14574 -0.88533 3.5925 -0.18706 -1.8015 2.3482 0.3431 -2.3519 3.0008 1.6271 0.62754 -0.054006 0.47621 -0.35956 -1.6961 1.3384 -0.34769 -3.4324 0.85235 -0.62754 0.054006 -0.47621 0.050536 -1.8508 -1.0472 0.65532 -3.4818 -1.5216
3 57 336 -0.017105 4.8212 0.058507 -0.018514 3.5781 0.27206 0.84264 3.5881 0.74712 1.6805 2.3116 0.1663 2.0022 0.80383 0.19539 -0.87823 3.5977 -0.20529 -1.7329 2.2725 0.22156 -2.3135 2.6942 1.5864 0.62843 -0.05314 0.47514 -0.26957 -1.8351 1.1327 -0.27493 -3.594 0.73614 -0.62843 0.053141 -0.47514 0.063635 -1.8416 -1.0628 0.71788 -3.4184 -1.643
3 63 48 -0.33202 4.8137 0.01754 -0.07166 3.5842 0.11787 0.69518 3.6185 -0.49706 1.2907 2.0979 -0.4539 2.2392 1.6981 0.69416 -0.84142 3.5795 0.73009 -1.4546 2.0981 0.4167 -1.6324 0.65022 0.91649 0.54737 0.044746 -0.56734 0.26698 -2.0102 -0.2315 -0.11547 -3.7693 -0.1299 -0.54737 -0.044746 0.56734 0.040303 -1.841 1.4853 -1.0015 -2.0584 0.029858
4 0 264 0.23068 4.7086 1.0688 0.054926 3.4878 0.78208 1.0259 3.3334 0.81038 1.3049 1.7423 0.5671 1.4105 0.93115 1.8742 -0.91123 3.6708 0.7611 -1.4553 2.237 0.19787 -1.9434 0.91356 0.82058 0.78919 0.026003 -0.0026466 0.57535 -1.9794 0.58649 0.45129 -3.693 0.039815 -0.78919 -0.026004 0.0026466 -0.76195 -2.0332 0.62298 -0.63405 -3.0055 -0.89
4 1 264 0.24069 4.6913 1.1416 0.062899 3.4778 0.82518 1.0342 3.3276 0.86237 1.3165 1.7307 0.66544 1.3439 1.012 2.0294 -0.90383 3.6565 0.79561 -1.4559 2.2471 0.18109 -1.9633 0.92765 0.79696 0.78922 0.024606 -0.0051959 0.58258 -1.996 0.53232 0.44982 -3.6748 -0.1118 -0.78922 -0.024606 0.0051959 -0.73176 -1.969 0.79912 -0.63807 -3.1002 -0.6018
4 2 264 0.24632 4.6781 1.1982 0.070835 3.469 0.86453 1.0421 3.3185 0.90174 1.3259 1.7179 0.73946 1.2807 1.0958 2.1497 -0.89587 3.6478 0.83522 -1.4515 2.2656 0.16474 -1.9624 0.95206 0.7902 0.78922 0.023084 -0.010237 0.58111 -2.017 0.44717 0.44467 -3.6611 -0.28015 -0.78922 -0.023084 0.010237 -0.69693 -1.8994 0.95112 -0.62566 -3.2083 -0.28683
4 3 264 0.24254 4.6605 1.2662 0.069306 3.4583 0.90738 1.0405 3.306 0.93966 1.3328 1.7051 0.79731 1.2139 1.1939 2.2472 -0.89724 3.6388 0.88347 -1.4511 2.285 0.15603 -1.9522 0.9804 0.80759 0.78916 0.023639 -0.012704 0.57859 -2.0382 0.3319 0.43899 -3.6539 -0.45606 -0.78916 -0.023639 0.012705 -0.66656 -1.8374 1.0661 -0.58491 -3.3146 0.035467
4 4 264 0.22222 4.6506 1.3105 0.058823 3.449 0.94563 1.0305 3.3011 0.98305 1.3296 1.7009 0.84618 1.1496 1.2903 2.3215 -0.90843 3.6249 0.91714 -1.4577 2.3024 0.13114 -1.9357 1.0192 0.84015 0.78904 0.025833 -0.015616 0.58301 -2.0559 0.17987 0.43787 -3.6498 -0.65031 -0.78904 -0.025833 0.015616 -0.64538 -1.7845 1.1561 -0.52434 -3.4009 0.36652
4 5 264 0.17637 4.6449 1.3435 0.031128 3.4413 0.97847 1.0038 3.3043 1.0289 1.3162 1.7071 0.88655 1.0735 1.3926 2.3765 -0.93761 3.6063 0.93739 -1.475 2.3155 0.092415 -1.9386 1.0787 0.88807 0.78886 0.031029 -0.01546 0.58676 -2.0601 0.0077679 0.43298 -3.637 -0.85282 -0.78886 -0.031029 0.01546 -0.63642 -1.7434 1.2233 -0.45139 -3.4536 0.68321
4 6 264 0.11938 4.6411 1.3692 -0.0031346 3.437 0.99828 0.97079 3.3141 1.0595 1.3049 1.7227 0.90294 0.99921 1.4867 2.3958 -0.97369 3.5878 0.94686 -1.4802 2.3165 0.054643 -1.9441 1.1662 0.97078 0.78872 0.036264 -0.010264 0.59527 -2.0496 -0.17157 0.43456 -3.6075 -1.065 -0.78872 -0.036264 0.010264 -0.63288 -1.725 1.2505 -0.36621 -3.4805 0.93713
4 31 336 -0.2431 4.609 1.475 -0.24687 3.401 1.0941 0.72766 3.4608 0.97542 1.4052 2.0527 0.49915 1.7482 1.7707 1.9758 -1.2216 3.3696 1.2219 -1.7983 2.1849 0.2561 -1.5985 1.5188 1.6324 0.74766 0.14444 -0.20889 0.83367 -1.8958 -0.70334 0.61098 -3.3058 -1.8047 -0.74766 -0.14444 0.20889 -0.071948 -1.7791 1.3427 0.46221 -3.3962 0.75057
4 35 348 -0.32863 4.6302 1.4137 -0.25683 3.4216 1.0423 0.68803 3.5757 0.81677 1.3592 2.1742 0.31254 1.8118 1.653 1.6914 -1.2036 3.2958 1.2772 -1.5252 1.9019 0.4883 -1.2543 1.4796 1.9464 0.74044 0.12164 -0.24588 1.1115 -1.9267 -0.53062 0.66109 -2.5616 -2.157 -0.74044 -0.12164 0.24588 0.042781 -1.8596 1.1292 0.59466 -3.3591 0.29393
4 44 12 -0.13842 4.7251 1.0554 -0.1992 3.4808 0.82913 0.6996 3.5347 0.43341 0.93379 2.3704 -0.68827 1.529 1.9917 0.68286 -1.0965 3.4559 1.2311 -1.5562 1.9124 0.95709 -0.70732 1.6026 2.2065 0.77412 0.09007 -0.12699 1.1211 -1.7559 0.81445 1.5849 -3.4963 0.89606 -0.77412 -0.09007 0.12699 -0.38834 -2.1349 -0.16316 -0.46745 -3.0352 -1.7233
4 53 60 -0.21787 4.64 1.357 -0.2292 3.4022 1.0973 0.70998 3.5058 0.82421 1.4245 2.2623 0.041988 1.6426 1.9368 1.5334 -1.1688 3.3273 1.3781 -1.8385 2.1163 0.51 -1.4373 1.4504 1.8416 0.70951 0.16501 -0.30474 0.83084 -1.8774 -0.78229 0.56532 -3.3233 -1.8263 -0.70951 -0.16501 0.30474 0.15072 -1.8713 1.1782 0.40225 -3.4714 0.38634
4 71 96 -0.09812 4.5942 1.5137 -0.1823 3.381 1.1643 0.79651 3.3649 1.0693 1.4448 1.9947 0.4601 1.4053 1.8386 1.9936 -1.1593 3.4252 1.2691 -1.7486 2.209 0.35126 -1.4374 1.6164 1.7404 0.76872 0.11759 -0.13689 0.75566 -1.9794 -0.0071551 0.58613 -3.3685 -1.1441 -0.76872 -0.11759 0.13689 -0.34428 -1.7658 1.3687 -0.36915 -2.9264 -0.010853
5 19 252 0.017811 4.7616 0.93035 -0.036023 3.5274 0.6514 0.94592 3.494 0.69642 1.3154 2.025 0.084617 1.9738 0.64007 0.24629 -1.0169 3.5897 0.61353 -1.413 2.0049 0.60025 -1.6116 0.807 1.5506 0.77992 -0.02099 0.12161 0.51929 -1.7121 1.3408 0.71768 -3.4876 1.5845 -0.77992 0.02099 -0.12161 -0.59534 -2.0626 -0.31931 -0.3086 -3.4035 -1.49
5 20 252 0.015037 4.7588 0.94377 -0.045857 3.5261 0.65982 0.93489 3.4829 0.72015 1.3133 2.0061 0.13305 1.9715 0.62307 0.31067 -1.0253 3.5981 0.60673 -1.4335 2.0229 0.46213 -1.7104 0.76233 1.3058 0.77854 -0.015228 0.13093 0.5102 -1.709 1.3447 0.70588 -3.4962 1.4815 -0.77854 0.015228 -0.13093 -0.59882 -2.0633 -0.37944 -0.31822 -3.3546 -1.6061
5 21 252 0.025356 4.7586 0.94509 -0.038936 3.5265 0.65905 0.93991 3.4766 0.74118 1.33 1.9896 0.18863 1.9786 0.60751 0.40478 -1.0165 3.6052 0.5842 -1.4313 2.0474 0.32012 -1.7922 0.71955 1.0161 0.77639 -0.016468 0.14296 0.50331 -1.7263 1.333 0.70284 -3.518 1.3648 -0.77639 0.016468 -0.14296 -0.62617 -2.0621 -0.41006 -0.33465 -3.2972 -1.6908
5 49 312 -0.11782 4.7857 0.77167 -0.12831 3.5461 0.51357 0.85453 3.5812 0.52644 1.2371 2.094 -0.030948 1.9152 0.73793 0.25019 -1.1118 3.5404 0.50636 -1.409 1.934 0.50599 -1.5495 0.83111 1.5744 0.78818 0.0079546 0.047045 0.71218 -1.8012 1.1127 1.2559 -3.4801 0.74333 -0.78818 -0.0079546 -0.047044 -0.53736 -2.023 0.4922 -0.17962 -3.5171 -0.45164
5 50 312 -0.13462 4.7833 0.77798 -0.15062 3.546 0.5109 0.83138 3.5765 0.55683 1.2466 2.0853 0.034598 1.9068 0.728 0.34992 -1.1333 3.5448 0.47066 -1.4299 1.9383 0.47836 -1.6038 0.82974 1.5359 0.78519 0.0075855 0.083129 0.62234 -1.7676 1.1951 1.1028 -3.504 1.1242 -0.78519 -0.007586 -0.083128 -0.53836 -2.041 0.38424 -0.15538 -3.5072 -0.59285
5 51 312 -0.14198 4.784 0.77088 -0.14545 3.5483 0.49727 0.83187 3.5794 0.60332 1.279 2.0862 0.11417 1.932 0.73522 0.46925 -1.1239 3.5465 0.3969 -1.4285 1.9415 0.40109 -1.6393 0.81137 1.4287 0.78067 0.00047398 0.11854 0.56853 -1.7334 1.286 0.91931 -3.4976 1.4106 -0.78067 -0.00047398 -0.11854 -0.52187 -2.0519 0.25398 -0.11379 -3.5014 -0.73765
5 52 312 -0.15045 4.7853 0.76269 -0.13955 3.5501 0.48745 0.82964 3.5789 0.65243 1.3109 2.0873 0.19195 1.9602 0.74908 0.5987 -1.1101 3.5504 0.32811 -1.4201 1.9465 0.32178 -1.6763 0.7783 1.2951 0.77449 -0.0063405 0.15369 0.48185 -1.702 1.3593 0.71594 -3.4678 1.6387 -0.77449 0.0063405 -0.1537 -0.51109 -2.0601 0.11932 -0.069033 -3.4964 -0.87699
5 53 312 -0.16066 4.7854 0.75801 -0.13548 3.551 0.4803 0.82234 3.5785 0.70208 1.3369 2.0905 0.26666 1.9807 0.76987 0.73482 -1.095 3.5526 0.26409 -1.4163 1.9511 0.23816 -1.7157 0.73708 1.1405 0.76635 -0.01263 0.18985 0.36778 -1.6899 1.3908 0.52189 -3.4405 1.7941 -0.76635 0.01263 -0.18985 -0.50054 -2.0635 -0.007076 -0.026158 -3.4819 -1.014
5 54 312 -0.16456 4.7836 0.76349 -0.13183 3.5505 0.48172 0.81436 3.5762 0.74897 1.3627 2.0923 0.34123 1.996 0.78965 0.86995 -1.0799 3.5539 0.22 -1.4074 1.9546 0.15894 -1.7582 0.69173 0.97114 0.75586 -0.020069 0.22752 0.27175 -1.6892 1.4082 0.37595 -3.4322 1.8575 -0.75586 0.02007 -0.22752 -0.50334 -2.063 -0.12165 0.015503 -3.4597 -1.137
5 57 324 -0.04371 4.7807 0.79911 -0.070521 3.5473 0.51679 0.88843 3.5351 0.73502 1.4357 2.0583 0.30124 2.1335 0.76894 0.77901 -1.0299 3.5888 0.30432 -1.3691 2.0001 0.13133 -1.8114 0.62862 0.67994 0.76031 -0.025093 0.21166 0.2801 -1.7318 1.3389 0.53922 -3.4996 1.5812 -0.76031 0.025093 -0.21166 -0.56482 -2.0659 -0.27462 -0.17366 -3.3509 -1.4774
5 58 324 -0.06444 4.7766 0.81827 -0.094209 3.5466 0.52186 0.85046 3.5166 0.794 1.4231 2.0358 0.40919 2.1002 0.7301 0.87216 -1.0392 3.6059 0.25571 -1.3736 2.0263 0.0070143 -1.885 0.64311 0.45743 0.74724 -0.020974 0.25436 0.22703 -1.7383 1.3473 0.52205 -3.512 1.4802 -0.74724 0.020974 -0.25435 -0.58025 -2.0725 -0.31445 -0.15812 -3.2937 -1.572
5 59 324 -0.072537 4.7718 0.83786 -0.10404 3.5465 0.52376 0.81953 3.4987 0.85854 1.4101 2.011 0.53147 2.069 0.68914 0.97417 -1.0279 3.6235 0.19519 -1.3543 2.0544 -0.12141 -1.9152 0.66817 0.25454 0.72842 -0.023996 0.30386 0.19577 -1.7689 1.3459 0.52994 -3.5406 1.3649 -0.72842 0.023996 -0.30386 -0.62331 -2.0741 -0.337 -0.11506 -3.2192 -1.6337
5 76 36 -0.032428 4.7764 0.80966 -0.095339 3.5495 0.51235 0.88389 3.563 0.60347 1.5315 2.0729 0.77392 1.8806 1.2801 2.0496 -1.0751 3.5652 0.42726 -1.3692 1.9815 0.15547 -1.6909 0.52578 0.5494 0.78861 0.026851 -0.029436 0.64623 -2.068 -0.10559 0.44313 -3.555 -1.1048 -0.78861 -0.026851 0.029436 -0.7413 -1.7507 1.2296 -0.29802 -3.451 0.82558
5 77 36 -0.082983 4.7818 0.77695 -0.11843 3.5508 0.49185 0.85779 3.5815 0.60767 1.5132 2.0881 0.70268 1.7949 1.2238 1.9482 -1.0958 3.5494 0.38179 -1.3551 1.9593 0.11151 -1.6633 0.50303 0.51395 0.78924 0.023336 -0.0075278 0.65243 -2.0681 -0.15425 0.47141 -3.5133 -1.217 -0.78924 -0.023336 0.0075274 -0.73479 -1.7784 1.1612 -0.28671 -3.4657 0.71059
5 78 36 -0.12094 4.7858 0.74695 -0.12786 3.5505 0.47905 0.844 3.5997 0.62199 1.501 2.1042 0.64314 1.7544 1.1342 1.8147 -1.1015 3.5306 0.34146 -1.3278 1.9332 0.085192 -1.6225 0.48289 0.51823 0.78934 0.015734 0.014029 0.67918 -2.0742 -0.17127 0.52079 -3.4586 -1.3155 -0.78934 -0.015735 -0.014029 -0.71593 -1.8132 1.0714 -0.26804 -3.4908 0.58564
5 79 36 -0.16986 4.7889 0.71341 -0.14506 3.5508 0.45921 0.82103 3.6191 0.63059 1.4749 2.1231 0.5734 1.7391 1.0356 1.6341 -1.1136 3.5118 0.29283 -1.3156 1.9063 0.068693 -1.5928 0.46877 0.5527 0.78847 0.010927 0.041173 0.73048 -2.0815 -0.1401 0.59106 -3.376 -1.3874 -0.78847 -0.010927 -0.041173 -0.71776 -1.845 0.98124 -0.25188 -3.5091 0.4668
5 80 36 -0.21257 4.7908 0.68942 -0.16904 3.5494 0.45193 0.79325 3.6249 0.64078 1.4399 2.1305 0.50998 1.7508 0.94035 1.4398 -1.1341 3.5031 0.26788 -1.3216 1.8915 0.077556 -1.5808 0.47481 0.62843 0.78678 0.0095267 0.066174 0.79386 -2.0886 -0.044454 0.68279 -3.2679 -1.4038 -0.78678 -0.0095263 -0.066174 -0.71255 -1.8797 0.88842 -0.23421 -3.5313 0.34583
5 81 36 -0.24709 4.7885 0.69095 -0.18553 3.546 0.46181 0.77202 3.6292 0.67047 1.4103 2.1384 0.47341 1.7819 0.86461 1.259 -1.1462 3.492 0.25786 -1.3287 1.8765 0.098129 -1.5758 0.49149 0.72923 0.78453 0.0066929 0.08929 0.84238 -2.0931 0.13276 0.78736 -3.1457 -1.3301 -0.78453 -0.0066929 -0.08929 -0.70286 -1.9072 0.80272 -0.2155 -3.5476 0.23487
5 84 48 -0.20507 4.7842 0.7552 -0.17338 3.5444 0.50255 0.80604 3.6199 0.55156 1.3202 2.1368 0.099001 1.9669 0.76492 0.37723 -1.1549 3.4981 0.45912 -1.3723 1.8791 0.46988 -1.4731 0.60866 1.338 0.78939 0.01784 0.0068032 0.89903 -1.9762 0.65942 0.88801 -3.0442 -0.79324 -0.78939 -0.01784 -0.0068035 -0.53688 -1.9638 0.74393 -0.17816 -3.5418 -0.051173
5 85 48 -0.22852 4.7846 0.74792 -0.19821 3.545 0.49417 0.78084 3.614 0.55793 1.2832 2.1344 0.081306 1.9455 0.75959 0.30238 -1.1792 3.5051 0.43596 -1.411 1.8901 0.51816 -1.5202 0.65446 1.4341 0.78834 0.020024 0.040254 0.83352 -1.9116 0.86542 0.99045 -3.1259 -0.45813 -0.78834 -0.020024 -0.040255 -0.53646 -1.9832 0.66462 -0.17792 -3.5402 -0.17095
5 87 60 -0.11908 4.7806 0.79717 -0.14574 3.5423 0.53542 0.83052 3.5972 0.42916 1.2165 2.1291 -0.17452 1.9035 0.75305 -0.063651 -1.1225 3.5167 0.64758 -1.344 1.9121 0.85951 -1.2623 0.74218 1.8606 0.78706 0.026617 -0.057688 0.86956 -1.7969 0.98271 1.0769 -3.3346 0.064495 -0.78706 -0.026618 0.057688 -0.43341 -2.0219 0.61266 -0.24825 -3.5229 -0.36899
5 88 60 -0.13808 4.7794 0.80352 -0.16643 3.5417 0.53844 0.81202 3.5882 0.44996 1.2021 2.1226 -0.15709 1.8818 0.7476 0.0015002 -1.1453 3.5244 0.63293 -1.3752 1.9241 0.86717 -1.3014 0.77861 1.8968 0.7886 0.0288 -0.027918 0.79768 -1.7563 1.0801 1.0897 -3.4164 0.44012 -0.7886 -0.028801 0.027918 -0.45015 -2.0454 0.51082 -0.25352 -3.5227 -0.50399
5 89 60 -0.14761 4.778 0.81044 -0.17608 3.541 0.54208 0.80443 3.5822 0.47667 1.2044 2.1163 -0.12306 1.8761 0.74421 0.086723 -1.1569 3.5289 0.61362 -1.3979 1.9308 0.85214 -1.3376 0.80321 1.9022 0.78909 0.028259 -0.0059678 0.74351 -1.7231 1.1538 1.0396 -3.4667 0.80302 -0.78909 -0.02826 0.005968 -0.46022 -2.0662 0.39717 -0.24834 -3.5259 -0.63977
5 90 60 -0.14898 4.7787 0.80896 -0.17483 3.5414 0.54107 0.80712 3.5779 0.49855 1.2239 2.1094 -0.083247 1.8878 0.74275 0.17974 -1.1571 3.5341 0.58977 -1.4083 1.9354 0.81292 -1.3724 0.81597 1.8728 0.78912 0.025657 0.011118 0.7103 -1.6972 1.211 0.94381 -3.4825 1.115 -0.78912 -0.025657 -0.011118 -0.47103 -2.0822 0.27847 -0.23717 -3.5283 -0.7727
5 91 60 -0.13977 4.779 0.8096 -0.16658 3.5416 0.54169 0.81636 3.5672 0.51841 1.253 2.0947 -0.038282 1.9098 0.73653 0.28065 -1.1497 3.5452 0.57117 -1.4086 1.9435 0.7615 -1.4054 0.81712 1.8145 0.78883 0.020752 0.028651 0.68186 -1.6756 1.2637 0.82987 -3.4701 1.3577 -0.78883 -0.020752 -0.028651 -0.47918 -2.0908 0.15436 -0.22191 -3.5264 -0.90566
5 92 60 -0.13304 4.7794 0.81103 -0.15438 3.5418 0.54315 0.8289 3.5642 0.54766 1.283 2.0875 0.016637 1.9324 0.74017 0.39144 -1.1379 3.5486 0.54487 -1.4062 1.9444 0.69748 -1.439 0.79224 1.7218 0.78804 0.014583 0.047697 0.62504 -1.6621 1.3032 0.72505 -3.4468 1.5397 -0.78804 -0.014583 -0.047697 -0.48646 -2.0921 0.036612 -0.20653 -3.5146 -1.0353
5 93 60 -0.12601 4.7793 0.8126 -0.14699 3.5422 0.54226 0.83593 3.5562 0.57437 1.3066 2.0751 0.070871 1.9471 0.74048 0.50251 -1.1301 3.5574 0.51645 -1.4023 1.9501 0.62363 -1.4775 0.75278 1.5923 0.78648 0.010021 0.069601 0.56301 -1.6616 1.3226 0.62818 -3.4381 1.6235 -0.78648 -0.01002 -0.069601 -0.49096 -2.0902 -0.066769 -0.19134 -3.4906 -1.1622
5 94 60 -0.10864 4.7799 0.81334 -0.12884 3.5424 0.54467 0.85281 3.548 0.60544 1.3356 2.063 0.12538 1.9631 0.7402 0.60923 -1.1106 3.5659 0.49021 -1.3846 1.9563 0.54498 -1.521 0.69749 1.425 0.78431 0.002315 0.091413 0.5083 -1.6763 1.3244 0.54954 -3.4564 1.6085 -0.78431 -0.0023146 -0.091413 -0.49875 -2.0828 -0.1569 -0.17244 -3.4534 -1.282
5 95 60 -0.10019 4.7796 0.816 -0.12203 3.5413 0.55084 0.85705 3.5382 0.64445 1.348 2.048 0.18959 1.9572 0.73251 0.71499 -1.1012 3.5735 0.46353 -1.3797 1.9638 0.4595 -1.5802 0.64064 1.2254 0.78073 -0.0017333 0.11814 0.4478 -1.6933 1.319 0.48865 -3.477 1.579 -0.78073 0.0017333 -0.11814 -0.5111 -2.0789 -0.23053 -0.16317 -3.4116 -1.394
5 96 60 -0.09743 4.778 0.82398 -0.12671 3.5392 0.56174 0.84939 3.5195 0.68094 1.3491 2.025 0.25021 1.9374 0.71042 0.80101 -1.1025 3.5881 0.44891 -1.3812 1.98 0.37853 -1.6486 0.5975 1.007 0.77665 -7.6294e-06 0.14254 0.40319 -1.6983 1.3218 0.46699 -3.4896 1.517 -0.77665 8.1062e-06 -0.14254 -0.51418 -2.0797 -0.2854 -0.16074 -3.3626 -1.5019
5 97 60 -0.079396 4.7792 0.82014 -0.1147 3.5405 0.55805 0.85713 3.5055 0.70532 1.3602 2.004 0.30382 1.9279 0.68537 0.86649 -1.086 3.6045 0.4171 -1.3699 2.0024 0.27184 -1.6942 0.57838 0.76664 0.77291 -0.0013762 0.16159 0.38808 -1.7103 1.3217 0.4827 -3.5091 1.4003 -0.77291 0.0013757 -0.16159 -0.5239 -2.0779 -0.33163 -0.15703 -3.3135 -1.5924
5 98 60 -0.064822 4.7813 0.80857 -0.10528 3.5417 0.55106 0.86011 3.4928 0.73269 1.3696 1.9841 0.36776 1.9089 0.65759 0.93972 -1.0699 3.6198 0.37565 -1.3627 2.0276 0.15742 -1.7224 0.58168 0.55459 0.76717 -0.003993 0.18691 0.36764 -1.7383 1.3036 0.49619 -3.5362 1.2597 -0.76717 0.003993 -0.18691 -0.56369 -2.0804 -0.35445 -0.1607 -3.2637 -1.6538
5 99 60 -0.070087 4.7815 0.8028 -0.11435 3.5414 0.54874 0.84164 3.4801 0.77166 1.3604 1.9643 0.45236 1.8732 0.63169 1.0345 -1.0695 3.6317 0.33202 -1.375 2.0506 0.057387 -1.7595 0.59784 0.40283 0.75974 -0.0030041 0.21513 0.34399 -1.774 1.2663 0.50728 -3.5633 1.1155 -0.75974 0.0030046 -0.21513 -0.63476 -2.0913 -0.32797 -0.17998 -3.1999 -1.6752
6 10 60 -0.074953 4.7464 0.94005 -0.10192 3.5005 0.72362 0.80466 3.3825 1.0863 1.3581 1.8466 1.0285 1.8334 0.59123 1.7873 -1.0069 3.6475 0.36752 -1.3173 2.0885 -0.0091898 -1.9636 0.75296 0.41057 0.73496 -0.019176 0.28803 0.41847 -2.059 0.67926 0.62701 -3.7296 0.033688 -0.73496 0.019176 -0.28803 -0.85992 -1.977 0.35536 -0.5045 -3.585 -0.37877
6 14 72 -0.073342 4.7529 0.93698 -0.038554 3.5058 0.73049 0.89715 3.4422 1.0268 1.3987 1.8879 0.99213 1.7653 0.66517 1.8572 -0.97382 3.5985 0.44057 -1.251 2.029 0.081891 -1.8064 0.66799 0.54745 0.77402 -0.015932 0.15534 0.52264 -2.0872 0.4026 0.53981 -3.7375 -0.32324 -0.77402 0.015931 -0.15534 -0.8797 -1.8212 0.8586 -0.67779 -3.5552 0.4078
6 15 72 -0.1094 4.751 0.94291 -0.060302 3.5045 0.73801 0.87399 3.4452 1.0396 1.3636 1.8869 1.0167 1.6254 0.68861 1.9512 -0.99436 3.5929 0.4429 -1.2594 2.0247 0.069621 -1.807 0.64498 0.48677 0.77371 -0.012546 0.1572 0.53526 -2.0938 0.31755 0.53564 -3.7431 -0.41099 -0.77371 0.012546 -0.1572 -0.88523 -1.7924 0.91245 -0.71731 -3.5644 0.62492
6 16 72 -0.13887 4.7504 0.94706 -0.082022 3.5048 0.73879 0.85065 3.4508 1.0463 1.3318 1.8898 1.0245 1.4894 0.72307 2.0203 -1.0147 3.5879 0.43782 -1.27 2.0219 0.048863 -1.8069 0.6247 0.41932 0.77391 -0.0084033 0.15648 0.55784 -2.0975 0.21456 0.53893 -3.746 -0.51542 -0.77391 0.0084028 -0.15648 -0.89171 -1.7693 0.95711 -0.76251 -3.5644 0.84742
6 19 84 -0.015207 4.7547 0.95004 0.0090033 3.5113 0.72147 0.98777 3.4737 0.81077 1.4328 1.9086 0.6653 1.618 0.82105 1.7426 -0.9688 3.5779 0.63883 -1.2892 2.0173 0.27714 -1.7299 0.58885 0.65513 0.78912 0.0090504 -0.026575 0.57749 -2.0719 -0.22438 0.36904 -3.7021 -0.96596 -0.78912 -0.0090508 0.026575 -0.6671 -1.7493 1.1975 -0.55145 -3.5269 1.476
6 20 84 -0.028362 4.7578 0.93612 -0.0024433 3.5142 0.70808 0.97805 3.4825 0.77874 1.4242 1.9196 0.6151 1.5912 0.84093 1.7043 -0.98202 3.5749 0.644 -1.2988 2.0152 0.27579 -1.7355 0.58205 0.64077 0.78854 0.013275 -0.039006 0.57316 -2.0546 -0.34224 0.35778 -3.676 -1.1009 -0.78854 -0.013275 0.039007 -0.65621 -1.7524 1.2104 -0.55361 -3.5273 1.5106
6 21 84 -0.0432 4.7593 0.92542 -0.014013 3.5147 0.70402 0.96798 3.4912 0.75399 1.4195 1.9329 0.5628 1.5907 0.84633 1.6434 -0.99519 3.5672 0.66056 -1.3082 2.0065 0.29334 -1.7341 0.5692 0.65472 0.78785 0.017014 -0.050053 0.57135 -2.0321 -0.46049 0.35089 -3.6398 -1.2464 -0.78785 -0.017014 0.050053 -0.64712 -1.7587 1.2167 -0.55188 -3.5371 1.4977
6 22 84 -0.038047 4.7612 0.91534 -0.006643 3.5162 0.69585 0.97628 3.5013 0.72739 1.4298 1.9495 0.49273 1.6319 0.83768 1.5418 -0.98888 3.5602 0.67077 -1.2984 1.9976 0.30862 -1.7089 0.55701 0.67457 0.78717 0.013912 -0.060505 0.57099 -2.0194 -0.54351 0.35108 -3.5937 -1.3945 -0.78717 -0.013912 0.060506 -0.63125 -1.7736 1.1979 -0.5251 -3.5555 1.4514
6 23 84 -0.023587 4.7573 0.92902 0.011596 3.5122 0.71129 0.99495 3.5042 0.72928 1.4425 1.9589 0.44568 1.7038 0.79976 1.4284 -0.97119 3.5492 0.69981 -1.2777 1.9825 0.3531 -1.673 0.5405 0.73007 0.78761 0.0042269 -0.056186 0.57944 -2.0137 -0.60288 0.37733 -3.5451 -1.5329 -0.78761 -0.0042267 0.056186 -0.6234 -1.7627 1.1942 -0.52021 -3.5532 1.3791
6 24 84 -0.045559 4.7565 0.92983 -0.0023905 3.5107 0.71812 0.98091 3.5078 0.73976 1.4108 1.9691 0.39911 1.7588 0.74294 1.267 -0.9853 3.5427 0.70289 -1.2899 1.9683 0.39075 -1.673 0.52798 0.78608 0.78832 0.0066936 -0.044795 0.59919 -1.9873 -0.67928 0.42148 -3.4816 -1.6724 -0.78832 -0.0066936 0.044795 -0.62371 -1.7511 1.2042 -0.51456 -3.5493 1.278
6 38 72 0.045745 4.7739 0.83951 -0.013526 3.5273 0.63106 0.96728 3.4545 0.63994 1.3268 1.9363 0.15593 1.8492 0.59688 0.71354 -0.99178 3.6292 0.62818 -1.5433 2.1375 1.0017 -1.8363 1.2659 2.2395 0.78315 -0.013171 0.10004 0.58682 -1.794 1.1975 0.61448 -3.5555 1.5813 -0.78315 0.013171 -0.10004 -0.60911 -2.0774 0.01594 -0.30373 -3.6709 -0.77038
6 39 72 0.032611 4.7764 0.82842 -0.015989 3.5296 0.61998 0.96433 3.4556 0.6494 1.325 1.9436 0.14685 1.8419 0.57304 0.6286 -0.99384 3.6327 0.59655 -1.5444 2.1382 0.95995 -1.8411 1.267 2.1971 0.78021 -0.015753 0.12054 0.58256 -1.8119 1.1925 0.54468 -3.5113 1.7939 -0.78021 0.015752 -0.12054 -0.59324 -2.0769 -0.11225 -0.27788 -3.6562 -0.92295
6 40 72 0.022917 4.7791 0.81583 -0.018778 3.532 0.60883 0.96041 3.4565 0.6622 1.3251 1.95 0.14615 1.8417 0.55444 0.55005 -0.9956 3.6366 0.5615 -1.5432 2.1346 0.89775 -1.8548 1.24 2.1144 0.77757 -0.016871 0.13635 0.57856 -1.8224 1.1921 0.4983 -3.4871 1.8802 -0.77757 0.016871 -0.13635 -0.57391 -2.0723 -0.2269 -0.25518 -3.6327 -1.0722
6 41 72 0.024214 4.7816 0.80047 -0.018111 3.5344 0.59512 0.96 3.4533 0.65902 1.3315 1.9508 0.13655 1.8532 0.53896 0.47165 -0.99375 3.6446 0.53723 -1.5388 2.1315 0.8242 -1.8695 1.1888 1.9988 0.7757 -0.017474 0.14658 0.56758 -1.8304 1.1879 0.47192 -3.4986 1.8651 -0.7757 0.017474 -0.14658 -0.5573 -2.0641 -0.32985 -0.23582 -3.5986 -1.2203
6 42 72 0.02528 4.7843 0.78219 -0.014764 3.5362 0.58216 0.96236 3.4544 0.65887 1.3366 1.9547 0.13014 1.8705 0.53621 0.41393 -0.98946 3.6472 0.51134 -1.5357 2.1237 0.73326 -1.8878 1.1111 1.8416 0.77324 -0.020017 0.15875 0.52813 -1.8255 1.205 0.44937 -3.535 1.7726 -0.77324 0.020018 -0.15875 -0.5529 -2.0522 -0.42621 -0.22231 -3.5533 -1.3688
6 43 72 0.015986 4.786 0.76586 -0.02323 3.5365 0.57541 0.95271 3.4537 0.66513 1.3281 1.9566 0.12981 1.8763 0.5384 0.38668 -0.99677 3.6484 0.49141 -1.5404 2.1144 0.63271 -1.9185 1.017 1.6479 0.77007 -0.019608 0.17353 0.48738 -1.8299 1.2018 0.41967 -3.5724 1.6601 -0.77007 0.019608 -0.17353 -0.55724 -2.0412 -0.52294 -0.22 -3.5076 -1.5163
6 44 72 -0.015848 4.7843 0.76242 -0.056723 3.5335 0.57995 0.91774 3.4521 0.68553 1.2906 1.955 0.14831 1.8516 0.5404 0.39702 -1.0289 3.6442 0.48001 -1.5608 2.1003 0.52525 -1.9707 0.911 1.4171 0.76859 -0.0076678 0.18086 0.45981 -1.8257 1.1877 0.39957 -3.5876 1.5657 -0.76859 0.0076678 -0.18086 -0.55565 -2.0414 -0.59359 -0.22736 -3.4546 -1.6641
6 45 72 -0.01268 4.7858 0.74686 -0.061017 3.5343 0.5705 0.91263 3.4488 0.68031 1.2907 1.9481 0.15713 1.8591 0.53871 0.41844 -1.0323 3.649 0.46619 -1.538 2.0969 0.40162 -1.9931 0.8162 1.1299 0.76978 -0.0011201 0.17587 0.45298 -1.8202 1.1784 0.4158 -3.6079 1.4097 -0.76978 0.0011201 -0.17587 -0.56033 -2.0352 -0.64878 -0.23454 -3.3934 -1.789
6 46 72 -0.010555 4.7904 0.71493 -0.063957 3.5377 0.5478 0.90834 3.4498 0.66722 1.299 1.9393 0.18268 1.8669 0.53525 0.47191 -1.0338 3.6549 0.43365 -1.5069 2.0993 0.27591 -1.9987 0.74304 0.82039 0.7688 0.00094604 0.18013 0.43847 -1.8399 1.1374 0.4223 -3.64 1.2397 -0.7688 -0.00094604 -0.18013 -0.60198 -2.0398 -0.65937 -0.25448 -3.3213 -1.8791
6 47 72 -0.043234 4.7943 0.68205 -0.097341 3.5406 0.52172 0.87164 3.4517 0.66502 1.2813 1.9302 0.23399 1.84 0.53598 0.58282 -1.0639 3.6587 0.38352 -1.506 2.1024 0.15734 -2.0109 0.69655 0.53989 0.76222 0.007441 0.20607 0.42187 -1.8734 1.0784 0.42183 -3.6764 1.0724 -0.76222 -0.007441 -0.20607 -0.67885 -2.0693 -0.60125 -0.28169 -3.2437 -1.9104
6 56 84 -0.11843 4.7999 0.66847 -0.10096 3.5466 0.49797 0.85752 3.4933 0.71207 1.3827 1.9782 1.0243 1.6646 1.0305 2.2076 -1.0585 3.6292 0.28901 -1.3805 2.0579 -0.020994 -1.8073 0.71356 0.60205 0.7829 0.022614 0.10025 0.54435 -2.0562 0.28954 0.48614 -3.7004 -0.44807 -0.7829 -0.022614 -0.10025 -0.81995 -1.8373 0.95793 -0.7031 -3.5963 0.57923
6 57 84 -0.13603 4.8041 0.63454 -0.11632 3.5497 0.47213 0.84377 3.5023 0.68035 1.361 1.9958 1.0432 1.55 1.1547 2.3216 -1.0756 3.6264 0.26887 -1.3938 2.05 -0.018579 -1.8006 0.70832 0.62329 0.78373 0.027805 0.092162 0.56708 -2.062 0.10835 0.47848 -3.7024 -0.63468 -0.78373 -0.027806 -0.092162 -0.78681 -1.8206 1.0033 -0.69716 -3.6206 0.94897
6 58 96 -0.020084 4.8075 0.62184 -0.02911 3.5521 0.46597 0.95358 3.5116 0.45963 1.5368 2.0113 0.73837 1.9117 1.2771 2.0415 -1.0101 3.6221 0.4768 -1.3793 2.0431 0.27858 -1.6259 0.70318 1.0007 0.78411 0.032121 -0.087436 0.55831 -2.0544 -0.18629 0.28967 -3.6913 -0.89292 -0.78411 -0.032122 0.087436 -0.51671 -1.8125 1.1705 -0.39097 -3.5995 1.3749
6 59 96 -0.040873 4.8082 0.6113 -0.044255 3.5523 0.45949 0.93844 3.519 0.43571 1.5205 2.0213 0.73037 1.827 1.3767 2.0972 -1.0254 3.615 0.48766 -1.3939 2.0341 0.30363 -1.6333 0.69403 1.0279 0.78148 0.038469 -0.10636 0.53246 -2.0321 -0.36123 0.23825 -3.6673 -1.0615 -0.78148 -0.038469 0.10636 -0.4695 -1.8107 1.1908 -0.30883 -3.5644 1.578
6 60 96 -0.05383 4.8092 0.6038 -0.054846 3.5532 0.4521 0.92731 3.5274 0.40662 1.5109 2.0302 0.70077 1.7648 1.4433 2.1039 -1.0356 3.6084 0.50201 -1.402 2.0257 0.3298 -1.6427 0.68116 1.0452 0.77843 0.043093 -0.12525 0.50769 -2.0057 -0.50397 0.19657 -3.6342 -1.2126 -0.77843 -0.043093 0.12525 -0.42808 -1.8121 1.2033 -0.23456 -3.5451 1.6617
6 61 96 -0.075665 4.8106 0.59434 -0.07074 3.5543 0.44349 0.91057 3.5376 0.37927 1.4949 2.0366 0.65139 1.7121 1.4662 2.0675 -1.0508 3.6005 0.51214 -1.4131 2.0158 0.35052 -1.6557 0.65904 1.042 0.77507 0.047941 -0.14306 0.48308 -1.9773 -0.6201 0.1529 -3.586 -1.3644 -0.77507 -0.047941 0.14306 -0.40331 -1.8265 1.198 -0.18489 -3.5595 1.6451
6 65 84 -0.22289 4.799 0.58874 -0.12663 3.5429 0.47041 0.85342 3.5872 0.54048 1.3807 2.0422 0.60163 1.4549 1.0845 1.8079 -1.1078 3.5281 0.40424 -1.4057 1.9342 0.20541 -1.7542 0.52101 0.71432 0.7881 0.026989 -0.04085 0.63116 -1.9627 -0.69725 0.50301 -3.3736 -1.8125 -0.7881 -0.026988 0.04085 -0.61182 -1.8227 1.1173 -0.44771 -3.6182 1.1182
6 66 84 -0.20917 4.795 0.59996 -0.10021 3.5394 0.48711 0.8798 3.5985 0.54591 1.3953 2.0488 0.50455 1.5916 0.93787 1.5557 -1.0818 3.5098 0.43213 -1.3753 1.9126 0.25453 -1.7105 0.50113 0.77695 0.78757 0.017378 -0.054125 0.65855 -2.0062 -0.60442 0.55061 -3.3114 -1.8436 -0.78757 -0.017378 0.054125 -0.59151 -1.849 1.0645 -0.42829 -3.6417 0.96201
6 67 84 -0.17235 4.7937 0.6028 -0.054236 3.5389 0.48758 0.9262 3.6082 0.5238 1.4275 2.0583 0.40116 1.7626 0.825 1.2639 -1.0364 3.4991 0.45511 -1.3279 1.8994 0.29812 -1.6431 0.50075 0.86563 0.78609 0.0025463 -0.074484 0.7082 -2.0625 -0.45395 0.59192 -3.2246 -1.8276 -0.78609 -0.0025463 0.074484 -0.58418 -1.8793 0.99709 -0.4118 -3.6637 0.80435
6 76 72 -0.12614 4.8045 0.64547 -0.12083 3.5512 0.46341 0.86043 3.5501 0.53034 1.3215 2.0416 0.10572 1.9581 0.71828 0.57623 -1.1019 3.5817 0.40139 -1.5548 2.0328 0.65509 -1.812 1.0156 1.7851 0.78336 0.007731 0.09889 0.5467 -1.8023 1.1392 0.66136 -3.5974 1.0152 -0.78336 -0.007731 -0.09889 -0.57301 -2.0683 0.25362 -0.18376 -3.6532 -0.51265
6 77 72 -0.090736 4.8079 0.62893 -0.10046 3.5551 0.44362 0.88027 3.5418 0.5168 1.3143 2.0281 0.081725 1.9219 0.69991 0.57589 -1.0807 3.5979 0.37541 -1.5523 2.0558 0.63665 -1.8073 1.094 1.8146 0.7819 0.0042596 0.11003 0.52103 -1.8033 1.1487 0.56127 -3.596 1.3376 -0.7819 -0.0042591 -0.11003 -0.5462 -2.0804 0.11003 -0.13302 -3.6584 -0.65806
