0 9 228 0.83185 4.7618 0.030257 0.47695 3.5507 0.11978 0.6529 3.4648 -0.84407 -0.11779 2.6527 -2.0337 -0.35564 3.0302 -3.5097 0.30776 3.6656 1.0818 1.2889 2.4949 1.6611 2.7982 2.4684 1.3469 0.59836 -0.059207 -0.51182 0.91077 -1.7405 0.70888 1.1715 -3.5245 0.70323 -0.59836 0.059207 0.51182 -0.63484 -1.981 0.011291 -0.62918 -3.3802 -1.1258
0 23 264 0.64894 4.7869 0.30312 0.36022 3.5542 0.32867 0.55711 3.5279 -0.63461 0.034165 2.5808 -1.8586 0.14246 2.7617 -3.3861 0.1696 3.6096 1.292 1.3916 2.5695 1.5979 2.6991 2.5973 0.78104 0.52825 0.00053406 -0.5869 1.1865 -1.8119 0.24749 1.3762 -3.5922 0.034637 -0.52825 -0.0005343 0.5869 -0.63308 -2.0989 0.59341 -1.1247 -3.5035 -0.42458
0 24 276 0.65894 4.7913 0.26392 0.38093 3.5559 0.2883 0.54883 3.5337 -0.68055 0.0045514 2.5973 -1.9036 0.13206 2.79 -3.4281 0.2192 3.6074 1.2571 1.4404 2.5823 1.6131 2.8436 2.5718 0.97387 0.48311 -0.0019205 -0.62458 1.2321 -1.8372 0.071844 1.3473 -3.6106 -0.23273 -0.48311 0.0019205 0.62458 -0.55632 -2.0954 0.72608 -1.1914 -3.5279 -0.16588
0 25 288 0.66375 4.7939 0.22613 0.39135 3.5573 0.25436 0.53303 3.5315 -0.71859 -0.0036568 2.6028 -1.9508 0.13727 2.7992 -3.4737 0.25572 3.6123 1.227 1.4718 2.6018 1.6379 2.9518 2.5546 1.2078 0.43134 0.00046086 -0.6614 1.2437 -1.8588 -0.11576 1.2662 -3.6233 -0.48575 -0.43134 -0.0004611 0.6614 -0.45149 -2.0931 0.84795 -1.2019 -3.5536 0.10314
1 35 168 1.531 4.5705 0.42271 1.2434 3.3519 0.25563 1.4283 3.3891 -0.70967 1.0603 1.9356 -1.3583 1.5763 0.78342 -2.2436 1.0673 3.343 1.2232 0.5182 1.8665 1.6557 0.78938 0.64539 2.5574 0.074199 0.027174 -0.78566 0.79244 -1.9344 -0.56074 0.0096217 -3.5584 -0.58936 -0.074199 -0.027174 0.78566 0.79828 -1.9383 0.81182 -0.20251 -3.4266 0.62674
1 36 168 1.6498 4.5314 0.39627 1.3331 3.3206 0.22765 1.5274 3.3474 -0.73613 1.0926 1.834 -1.1713 1.5282 0.52035 -1.8512 1.1481 3.322 1.1937 0.60896 1.8015 1.4505 0.86181 0.46958 2.1852 0.074613 0.017815 -0.78588 0.87456 -1.8985 -0.46646 0.0067258 -3.4775 -0.53488 -0.074613 -0.017815 0.78588 0.88113 -1.8877 0.72075 -0.1808 -3.3344 0.54682
1 42 168 1.3636 4.6387 0.29439 1.0912 3.4091 0.18408 1.2641 3.4105 -0.78414 0.93421 1.916 -1.3554 1.4857 0.83295 -2.3044 0.92599 3.4366 1.1533 0.53732 1.9334 1.6615 1.0947 0.96304 2.7223 0.10126 0.0043054 -0.78309 1.0046 -1.8747 -0.52302 0.06878 -3.4147 -0.58242 -0.10126 -0.0043058 0.78309 0.84511 -1.8702 0.97601 -0.16599 -3.3251 0.64167
4 5 348 1.3546 4.6449 -0.034968 0.97636 3.4413 0.071321 1.1282 3.3043 -0.89073 1.0193 1.7071 -1.2163 2.4757 1.3926 -0.81922 0.83425 3.6063 1.0305 -0.062268 2.3155 1.4766 0.68057 1.0787 2.0208 0.067083 0.031029 -0.78615 0.069059 -2.0601 -0.58274 -0.80289 -3.637 -0.51975 -0.067083 -0.031029 0.78615 1.1501 -1.7434 0.76081 0.63228 -3.4536 0.52033
4 6 348 1.3741 4.6411 0.024388 0.99248 3.437 0.10747 1.1551 3.3141 -0.85473 1.0344 1.7227 -1.2034 2.4871 1.4867 -0.74331 0.83989 3.5878 1.0673 -0.10038 2.3165 1.4778 0.76224 1.1662 2.035 0.072236 0.036264 -0.78547 -0.10841 -2.0496 -0.60994 -1.0137 -3.6075 -0.5435 -0.072236 -0.036264 0.78547 1.1775 -1.725 0.76013 0.89372 -3.4805 0.46216
4 8 336 1.3394 4.6288 0.4892 0.94437 3.4275 0.42788 1.3279 3.3437 -0.47392 1.2465 1.7732 -0.91614 2.5151 1.599 -0.057126 0.57118 3.5393 1.331 -0.40732 2.2383 1.4682 0.60212 1.3374 2.2078 0.24438 0.055223 -0.74882 -0.31386 -1.9703 -0.75264 -1.2744 -3.4894 -0.89573 -0.24438 -0.055223 0.74882 1.0155 -1.722 0.97015 1.084 -3.4811 0.58087
4 9 336 1.3059 4.6287 0.59152 0.91846 3.4272 0.49252 1.3151 3.3721 -0.40583 1.1957 1.8199 -0.90103 2.4313 1.6178 -0.00089459 0.53177 3.5102 1.393 -0.39488 2.1693 1.5031 0.74536 1.4129 2.2139 0.25226 0.065832 -0.74534 -0.46654 -1.9071 -0.8177 -1.4635 -3.4001 -0.98418 -0.25226 -0.065833 0.74534 1.0155 -1.7288 0.94902 1.0625 -3.4758 0.5055
4 10 336 1.273 4.6237 0.70472 0.90265 3.421 0.56557 1.3044 3.3976 -0.33188 1.141 1.8665 -0.87747 2.3482 1.5861 0.039932 0.51051 3.4723 1.4661 -0.34257 2.0814 1.5461 0.90762 1.4716 2.2114 0.2589 0.077785 -0.7419 -0.57161 -1.8473 -0.87788 -1.6263 -3.2949 -1.0858 -0.25891 -0.077785 0.7419 1.0238 -1.7293 0.94489 0.91978 -3.4528 0.42547
4 11 336 1.275 4.6073 0.81401 0.91982 3.4055 0.63317 1.327 3.4158 -0.26208 1.1212 1.9123 -0.86683 2.2931 1.4899 0.041907 0.52199 3.4233 1.5325 -0.24314 1.9807 1.5791 1.095 1.5204 2.1916 0.26817 0.081275 -0.73822 -0.53345 -1.8531 -0.91097 -1.7241 -3.1763 -1.1982 -0.26817 -0.081275 0.73823 1.0445 -1.7072 0.95639 0.73466 -3.3805 0.36072
4 12 336 1.2551 4.6043 0.88196 0.91365 3.4052 0.66224 1.3293 3.4459 -0.22825 1.089 1.9719 -0.89032 2.2136 1.3617 -0.029813 0.50711 3.3924 1.5577 -0.14924 1.8967 1.5893 1.257 1.5982 2.1471 0.27493 0.077103 -0.73619 -0.34972 -1.9201 -0.92438 -1.7157 -3.0354 -1.2998 -0.27493 -0.077103 0.73619 1.0361 -1.7059 0.94208 0.54143 -3.3089 0.28132
4 13 336 1.2887 4.5953 0.88208 0.95387 3.3996 0.63617 1.3714 3.4613 -0.25222 1.1133 2.0079 -0.95208 2.1827 1.2014 -0.18814 0.5454 3.3657 1.5302 0.03146 1.8161 1.5865 1.4846 1.7044 2.09 0.26492 0.061033 -0.74134 -0.019212 -2.0154 -0.88985 -1.5465 -2.8518 -1.3575 -0.26492 -0.061033 0.74134 0.98959 -1.7396 0.89297 0.32602 -3.2588 0.18412
4 14 336 1.3513 4.575 0.88278 1.0141 3.3828 0.62409 1.4305 3.4493 -0.26446 1.1395 2.0256 -1.011 2.1615 1.0561 -0.384 0.60682 3.344 1.5185 0.25756 1.7525 1.6354 1.734 1.8346 2.0723 0.27319 0.047471 -0.73933 0.37429 -2.0497 -0.81742 -1.2377 -2.6402 -1.3685 -0.27319 -0.047471 0.73933 0.8979 -1.788 0.85496 0.11881 -3.2206 0.085885
4 23 12 1.3052 4.6439 0.27049 0.92012 3.4406 0.35526 0.86048 3.4349 -0.62646 -0.089078 2.2375 -1.2037 0.93152 1.2054 -1.7241 0.98875 3.4746 1.3358 0.71506 1.9165 1.7434 2.1784 1.8992 1.2576 0.11709 0.07797 -0.77699 1.207 -1.7182 -0.77556 1.2227 -3.4483 -1.283 -0.11709 -0.07797 0.77699 -0.28514 -2.1586 0.53785 -1.9844 -2.7368 0.36714
4 24 12 1.3066 4.6193 0.4613 0.91167 3.4173 0.5156 0.94028 3.4056 -0.46746 0.14629 2.1634 -1.1712 1.2589 1.1673 -1.5555 0.89232 3.4573 1.4981 0.46816 1.9246 1.872 1.9662 1.7164 1.5716 0.15081 0.11788 -0.76607 1.3334 -1.6149 -0.65101 1.0574 -3.3096 -1.2012 -0.15081 -0.11788 0.76607 -0.019 -2.2043 0.55722 -1.787 -2.512 0.38329
4 26 24 1.4258 4.5918 0.43424 0.99857 3.4013 0.49402 1.0054 3.3882 -0.48942 0.46327 2.0432 -1.2416 1.758 1.2386 -1.474 1.0024 3.4421 1.4767 0.22559 2.0479 1.8253 1.6701 1.5138 1.7489 0.056084 0.13716 -0.77559 1.1902 -1.6314 -0.76286 0.39786 -3.1791 -1.2403 -0.056084 -0.13716 0.77559 0.73557 -2.0767 0.61473 -1.0485 -2.2966 0.47526
4 28 36 1.4881 4.5743 0.49111 1.0787 3.3761 0.49834 1.1561 3.3722 -0.48216 0.78233 1.9896 -1.2679 2.2685 1.5785 -1.262 1.0118 3.408 1.4791 0.047443 2.1413 1.8456 1.4675 1.5424 1.8944 0.020952 0.14496 -0.77592 0.65005 -1.8569 -0.88211 -0.39413 -3.2956 -1.1833 -0.020952 -0.14496 0.77592 1.2969 -1.7696 0.58102 -0.25617 -2.6178 0.23553
4 29 36 1.3761 4.5882 0.68331 0.98955 3.384 0.62029 1.1822 3.3915 -0.34417 0.92939 2.0051 -1.1705 2.4265 1.7031 -0.95825 0.80681 3.4046 1.5865 -0.23594 2.1723 1.8373 1.157 1.554 2.0719 0.094461 0.14872 -0.76971 0.34238 -1.9331 -0.90701 -0.72062 -3.3549 -1.2222 -0.094461 -0.14872 0.76971 1.3052 -1.712 0.6624 0.098699 -2.9192 0.081163
4 30 36 1.2778 4.5947 0.83351 0.91415 3.3877 0.71191 1.1975 3.4142 -0.22957 1.032 2.0195 -1.0639 2.5112 1.7515 -0.72072 0.63988 3.3893 1.6564 -0.45051 2.1792 1.7809 0.89432 1.5349 2.1732 0.14884 0.14965 -0.76089 0.051422 -1.9362 -0.99313 -1.0213 -3.3514 -1.3053 -0.14884 -0.14965 0.76089 1.2396 -1.7258 0.71395 0.49783 -3.2007 -0.010797
4 32 48 1.2193 4.6238 0.79357 0.88967 3.4105 0.64097 1.1064 3.5071 -0.31352 0.94266 2.0878 -1.1057 2.4391 1.7713 -0.91019 0.68085 3.3424 1.5997 -0.44588 2.1668 1.7313 0.89944 1.5036 2.089 0.072441 0.13964 -0.77379 -0.52012 -1.8567 -1.0527 -1.7012 -3.2034 -1.2583 -0.072441 -0.13964 0.77379 1.1307 -1.835 0.46955 1.0358 -3.4823 -0.25728
4 33 48 1.1067 4.6343 0.90125 0.80198 3.4193 0.71528 1.0386 3.5432 -0.23132 0.93126 2.1215 -1.0289 2.4101 1.7661 -0.77505 0.57286 3.3239 1.667 -0.52858 2.1175 1.6783 0.80551 1.4863 2.125 0.099491 0.14592 -0.76961 -0.446 -1.8535 -1.1146 -1.7891 -3.025 -1.3881 -0.099491 -0.14593 0.76961 1.041 -1.8898 0.50019 0.97129 -3.5061 -0.2958
4 36 48 1.1313 4.5985 1.0531 0.83572 3.4007 0.76781 1.154 3.5598 -0.1491 0.96629 2.1846 -1.0107 2.3391 1.5492 -0.71208 0.52515 3.2694 1.6918 -0.1154 1.7688 1.6106 1.3381 1.5278 2.0656 0.20187 0.10719 -0.75581 0.53126 -1.9246 -1.1773 -1.1387 -2.3723 -1.689 -0.20187 -0.1072 0.75581 0.99648 -1.8259 0.59978 0.3586 -3.2097 -0.36408
4 37 48 1.1216 4.5955 1.0879 0.81684 3.4036 0.78815 1.1714 3.5577 -0.11623 0.85048 2.2375 -1.0233 2.1892 1.553 -0.68108 0.47022 3.2773 1.6999 0.004553 1.7117 1.6684 1.4873 1.6524 2.0876 0.25471 0.098834 -0.74085 0.97769 -1.8604 -0.97135 -0.63365 -2.3103 -1.6437 -0.25471 -0.098834 0.74085 0.89491 -1.8524 0.60732 0.13386 -3.1389 -0.40087
4 38 60 1.3161 4.5964 0.83522 0.96433 3.4001 0.61495 1.1333 3.5424 -0.34348 0.4918 2.2957 -1.1819 1.8693 1.615 -1.0521 0.80455 3.2857 1.5787 0.44646 1.6944 1.6697 1.9846 1.7751 1.743 0.1348 0.091232 -0.77266 1.184 -1.725 -0.89384 -0.39489 -2.3929 -1.4524 -0.1348 -0.091232 0.77266 0.83617 -1.9177 0.40465 -0.19839 -3.1339 -0.43287
4 39 60 1.2576 4.6131 0.82875 0.92599 3.4072 0.63152 1.0833 3.539 -0.33036 0.32703 2.3619 -1.1736 1.7093 1.706 -0.98156 0.77738 3.3034 1.5982 0.44221 1.709 1.7175 1.9779 1.84 1.7649 0.1672 0.091572 -0.76626 1.4431 -1.5709 -0.61623 0.17419 -2.6205 -1.3505 -0.1672 -0.091572 0.76626 0.60312 -1.998 0.3345 -0.47456 -3.1942 -0.47701
4 40 60 1.1763 4.6251 0.8632 0.86745 3.4091 0.69249 1.0128 3.525 -0.27334 0.17715 2.3967 -1.1085 1.567 1.7624 -0.89923 0.73033 3.3217 1.6625 0.37483 1.7334 1.8025 1.9139 1.8221 1.834 0.208 0.10413 -0.75458 1.5157 -1.5046 -0.41378 0.73224 -2.9456 -1.1625 -0.208 -0.10413 0.75458 0.32289 -2.0771 0.2648 -0.76866 -3.2626 -0.54381
4 41 72 1.2308 4.6438 0.65118 0.91566 3.421 0.55732 0.87184 3.526 -0.41962 -0.15766 2.4175 -1.0363 1.2507 1.7964 -1.1279 0.96775 3.3446 1.5365 0.61748 1.7656 1.7662 2.1317 1.7546 1.4754 0.091986 0.11311 -0.77604 1.3669 -1.5513 -0.63973 1.0318 -3.2411 -1.1719 -0.091987 -0.11311 0.77604 0.089843 -2.1323 0.22457 -1.1495 -3.2907 -0.38606
4 42 72 1.1039 4.671 0.66579 0.81392 3.4406 0.59019 0.78757 3.5222 -0.38961 -0.23307 2.4047 -1.0046 1.1933 1.8234 -1.0777 0.84779 3.3878 1.5717 0.45022 1.8216 1.8118 1.9645 1.6934 1.5504 0.14751 0.11367 -0.76735 1.2575 -1.6662 -0.64768 1.471 -3.4133 -1.0386 -0.14751 -0.11367 0.76735 -0.16934 -2.1505 0.25252 -1.4006 -3.2922 -0.40419
4 44 84 0.96096 4.7251 0.45778 0.727 3.4808 0.44567 0.62839 3.5347 -0.53143 -0.36602 2.3704 -1.1008 1.1219 1.9917 -1.2432 0.83206 3.4559 1.4233 0.42936 1.9124 1.7758 1.88 1.6026 1.3546 0.11844 0.09007 -0.77547 1.121 -1.7559 -0.81456 1.342 -3.4963 -1.2304 -0.11844 -0.09007 0.77547 -0.27517 -2.1349 0.31892 -1.7834 -3.0352 -0.087968
4 49 108 1.1207 4.6708 0.4872 0.87444 3.4324 0.52918 0.8795 3.4699 -0.45363 0.69698 2.2659 -1.5426 2.1422 2.2549 -1.005 0.87696 3.4236 1.5127 -0.019761 2.1052 1.8683 1.3371 1.376 1.9375 -0.019104 0.1554 -0.77394 0.76196 -1.777 -1.0385 -0.22223 -3.2623 -1.3144 0.019104 -0.1554 0.77394 1.0775 -1.9491 0.49686 -0.61614 -2.5071 0.23018
4 57 132 1.2514 4.5912 0.96611 0.93611 3.3923 0.71415 1.1094 3.5652 -0.23845 0.64756 2.2385 -1.0723 2.0443 1.6199 -0.86179 0.77184 3.2472 1.673 -0.12526 1.8857 1.7741 1.3765 1.547 1.8613 0.084198 0.13166 -0.774 0.37872 -1.9107 -1.1692 -1.255 -2.5892 -1.5179 -0.084199 -0.13166 0.774 0.91504 -1.9018 0.24271 -0.046606 -3.2905 -0.38804
4 58 132 1.3624 4.545 1.0291 1.0208 3.3609 0.74632 1.2176 3.533 -0.20181 0.7571 2.2087 -1.0402 2.1102 1.5144 -0.78572 0.83384 3.216 1.701 0.083122 1.7681 1.7941 1.6144 1.5909 1.8338 0.093368 0.13329 -0.77267 0.79988 -1.8246 -1.059 -0.8251 -2.4521 -1.5243 -0.093368 -0.13329 0.77267 0.86138 -1.9374 0.27474 -0.23323 -3.2012 -0.40021
4 70 168 1.4888 4.5773 0.44703 1.1093 3.371 0.47493 1.2174 3.3495 -0.50242 0.75616 1.9943 -1.2895 2.2365 1.7555 -0.92986 1.0116 3.4203 1.4524 0.021466 2.1722 1.8135 1.4616 1.6218 1.7843 0.057282 0.12406 -0.77771 0.54623 -1.9175 -0.69155 -0.59581 -3.3057 -0.83094 -0.057282 -0.12406 0.77771 1.1214 -1.8629 0.73844 -0.50807 -2.5627 0.41303
4 71 168 1.4093 4.5942 0.56108 1.051 3.381 0.53317 1.2631 3.3649 -0.42711 0.88405 1.9947 -1.2319 2.3303 1.8386 -0.72044 0.84871 3.4252 1.4947 -0.20627 2.209 1.7715 1.211 1.6164 1.9049 0.10736 0.11759 -0.7734 0.22671 -1.9794 -0.72089 -0.90695 -3.3685 -0.91097 -0.10736 -0.11759 0.7734 1.1954 -1.7658 0.75039 -0.1244 -2.9264 0.34773
4 72 168 1.3131 4.6147 0.65225 0.9781 3.3964 0.57725 1.269 3.393 -0.36229 0.95304 2.01 -1.1724 2.3513 1.8808 -0.53542 0.69626 3.4281 1.519 -0.40269 2.2322 1.6948 0.97894 1.6053 1.9701 0.15114 0.11207 -0.76687 -0.012246 -1.9819 -0.81865 -1.1367 -3.3773 -1.0177 -0.15114 -0.11207 0.76687 1.1608 -1.7525 0.72005 0.32069 -3.2951 0.31314
