0 6 288 0.55108 4.7888 -0.4668 0.34245 3.5613 -0.23674 -0.084077 3.4635 -1.1176 -1.1965 2.5874 -1.9323 -1.8824 2.9631 -3.2612 0.77292 3.6881 0.63846 1.8942 2.5372 0.93362 3.2537 2.421 0.21538 0.035279 -0.047612 -0.78739 1.1257 -1.7985 -0.38784 1.2234 -3.5814 -0.63845 -0.03528 0.047612 0.78739 -0.39508 -2.0086 0.54901 -1.3021 -3.4515 -0.039386
0 8 276 0.60443 4.7706 -0.52507 0.40127 3.554 -0.24077 -0.092312 3.4615 -1.0865 -1.415 2.6408 -1.5822 -2.4631 3.0351 -2.6422 0.89869 3.6754 0.59899 2.0429 2.5108 0.54178 3.1268 2.4587 -0.55371 0.080263 -0.055267 -0.78358 1.159 -1.7579 -0.19051 1.3176 -3.5423 -0.39497 -0.080263 0.055267 0.78358 -0.44585 -1.9902 0.47268 -1.2612 -3.4007 -0.29976
0 10 264 0.66231 4.7571 -0.52655 0.45875 3.5494 -0.21177 -0.062562 3.4719 -1.0422 -1.4556 2.664 -1.3172 -2.6972 3.0016 -2.1669 0.98398 3.6559 0.61295 2.058 2.4832 0.2388 2.7682 2.4843 -1.1299 0.13279 -0.0623 -0.77588 1.1388 -1.7269 0.018635 1.3577 -3.5113 -0.1197 -0.13279 0.0623 0.77588 -0.4843 -1.9714 0.38236 -1.1725 -3.3658 -0.53033
0 13 264 0.64208 4.749 -0.56394 0.4987 3.5459 -0.20455 -0.18155 3.496 -0.91316 -1.5676 2.6315 -0.8966 -3.0227 2.7994 -1.3785 1.1827 3.6247 0.4978 1.8651 2.4846 -0.45251 1.5266 2.634 -1.9494 0.02533 -0.046401 -0.78785 1.1015 -1.7182 -0.10869 1.3701 -3.5007 -0.14571 -0.02533 0.046401 0.78785 -0.41114 -1.9779 0.37835 -1.17 -3.3466 -0.51697
0 14 264 0.67907 4.7451 -0.55077 0.53062 3.542 -0.19299 -0.15889 3.5022 -0.89325 -1.5269 2.6093 -0.89174 -2.9758 2.7391 -1.403 1.2242 3.6107 0.50095 1.7853 2.472 -0.52729 1.241 2.6952 -1.9526 0.0063464 -0.039922 -0.78858 1.087 -1.7237 -0.14723 1.3827 -3.5023 -0.15582 -0.0063463 0.039922 0.78858 -0.3919 -1.9819 0.36685 -1.1629 -3.3508 -0.51775
0 103 36 0.18941 4.835 -0.24043 0.18631 3.5743 -0.21618 -0.35322 3.5038 -1.0355 0.72676 2.8782 -2.0895 2.1697 3.3738 -2.3126 0.72677 3.6743 0.59945 2.1735 3.1121 0.089857 2.8822 3.2614 -1.2714 -0.45811 -0.0042858 -0.64313 -0.047121 -2.0432 -0.94002 -0.54794 -3.7531 -0.66337 0.45811 0.0042858 0.64313 0.92158 -2.0394 0.49167 0.53441 -3.7263 0.99694
1 6 204 1.379 4.5801 -0.69682 1.0871 3.353 -0.60345 0.65415 3.3443 -1.4865 -0.30543 2.2507 -2.2295 -0.89163 1.9673 -3.6272 1.5256 3.3908 0.27612 1.5854 2.3478 1.532 2.484 2.1426 2.7681 -0.37757 -0.011558 -0.6934 0.70638 -1.7524 -1.1502 -0.15858 -3.3029 -0.83598 0.37757 0.011558 0.6934 1.4095 -1.7858 0.3485 0.42127 -3.2153 0.82868
1 12 192 0.8747 4.7346 -0.20617 0.67962 3.4911 -0.18524 0.45436 3.4742 -1.1425 -0.5489 3.5627 -2.4287 -1.0421 4.5406 -3.5142 0.9058 3.5378 0.77081 0.62748 3.3389 2.3682 1.0389 4.0937 3.6483 -0.22722 0.0038862 -0.75621 -0.023572 -1.9904 -1.3854 -0.60931 -3.6013 -1.9446 0.22722 -0.0038857 0.75621 0.81387 -1.9202 1.3869 0.16126 -3.4288 2.128
1 13 192 0.77886 4.7503 -0.18705 0.60076 3.5053 -0.16592 0.37449 3.49 -1.123 -0.60925 3.7213 -2.4065 -1.1142 4.7959 -3.3904 0.82728 3.5505 0.79012 0.58657 3.4249 2.401 0.96861 4.2425 3.6513 -0.22795 0.0021982 -0.756 -0.11062 -1.9763 -1.4532 -0.76565 -3.5629 -2.0052 0.22795 -0.0021982 0.756 0.77413 -1.9114 1.4421 0.16051 -3.3776 2.2935
1 18 192 0.59365 4.792 -0.01196 0.44972 3.5417 -0.038478 0.19962 3.5548 -0.9896 -0.53138 4.0423 -2.3668 -0.88636 5.3259 -3.144 0.69949 3.5585 0.91268 0.74748 3.4624 2.5428 1.1408 4.4041 3.6987 -0.25567 0.023301 -0.74672 0.2608 -1.8519 -1.5413 -0.7773 -3.3211 -1.662 0.25567 -0.023301 0.74672 0.89877 -1.8979 1.4443 -0.02386 -3.2267 2.2405
1 37 216 1.5057 4.4572 -1.1006 1.1634 3.2501 -0.96529 0.57302 3.2643 -1.7518 0.039839 1.7338 -1.5471 -0.093372 0.31916 -2.1462 1.7619 3.2639 -0.18487 1.4647 1.7355 0.3096 2.0817 0.33807 0.51988 -0.53994 0.016521 -0.57592 0.40857 -1.7894 -1.0791 -0.29812 -3.3001 -0.39394 0.53994 -0.016521 0.57592 1.2282 -1.8141 -0.26628 0.29228 -3.1686 0.46881
1 41 216 1.3082 4.5587 -0.97034 1.0031 3.3431 -0.81755 0.39144 3.3417 -1.5877 -0.16891 1.8073 -1.5674 -0.38186 0.54229 -2.4231 1.622 3.3727 -0.053681 1.5835 1.8336 0.49275 2.5695 0.66073 0.66522 -0.52007 0.0053382 -0.59413 0.50374 -1.7296 -1.1908 -0.26474 -3.1626 -0.41167 0.52007 -0.0053382 0.59413 1.3986 -1.7536 -0.1715 0.34614 -3.0709 0.46724
2 103 36 1.7553 4.3601 -1.1957 1.3026 3.212 -0.93972 0.71501 3.1948 -1.7282 -0.27152 1.9064 -1.5401 -0.83251 0.5151 -1.8969 1.9012 3.2552 -0.16047 1.4556 1.9188 0.66659 1.4506 0.43623 1.0905 -0.47982 0.013962 -0.62696 0.42657 -1.7748 -1.254 -0.24244 -3.4135 -0.9108 0.47982 -0.013961 0.62696 1.3176 -1.8543 0.05641 0.57446 -3.3844 0.65426
4 16 36 1.4746 4.5568 -0.77113 1.0943 3.3645 -0.58238 0.53813 3.4039 -1.3926 -0.50223 2.1455 -1.446 0.34818 1.0413 -2.1057 1.66 3.3527 0.22215 1.8382 1.7419 0.42801 2.8013 2.1578 -0.70207 -0.45174 0.035894 -0.64664 0.17088 -1.8771 -1.2526 -1.2302 -2.5675 -0.35183 0.45174 -0.035894 0.64664 0.93302 -1.9266 -0.13295 -0.28529 -3.2028 0.23862
4 20 48 1.2826 4.5894 -0.86322 1.0025 3.3953 -0.54681 0.27209 3.4148 -1.2052 -0.91536 2.3437 -0.87133 -0.48803 1.2551 -1.8763 1.7396 3.4039 0.1043 1.9693 1.8072 0.36204 2.6069 2.2349 -0.97518 -0.47314 0.057014 -0.62959 0.3585 -1.738 -1.337 0.112 -3.4865 -1.702 0.47314 -0.057014 0.62959 0.17104 -2.1341 0.53558 -1.0602 -3.2796 1.1857
4 21 48 1.2333 4.615 -0.78221 0.96389 3.4188 -0.46496 0.24883 3.4296 -1.1402 -0.90707 2.3163 -0.83485 -0.5104 1.2454 -1.871 1.6854 3.4361 0.20323 1.844 1.8471 0.5474 2.5504 2.1387 -0.7918 -0.44058 0.056341 -0.65285 0.32035 -1.7827 -1.326 0.38146 -3.4994 -1.8738 0.44058 -0.05634 0.65285 0.011955 -2.1131 0.66611 -1.266 -3.1828 1.3543
4 24 60 1.2171 4.6193 -0.66234 0.99319 3.4173 -0.3325 0.28178 3.4056 -1.0116 -0.77247 2.1634 -0.89239 -0.31359 1.1673 -1.9764 1.7104 3.4573 0.33933 1.7044 1.9246 0.90471 2.4835 1.7164 -0.40956 -0.46839 0.11788 -0.62467 0.4084 -1.6149 -1.4265 -0.18517 -3.3096 -1.5895 0.46839 -0.11788 0.62467 0.40138 -2.2043 0.38698 -0.91092 -2.512 1.5845
4 25 60 1.3129 4.6034 -0.60807 1.0493 3.4086 -0.2813 0.39228 3.3902 -1.0129 -0.59686 2.0951 -1.1274 0.062618 1.1559 -2.1574 1.7133 3.455 0.44282 1.4998 1.9806 1.1132 2.4661 1.5673 -0.015135 -0.4512 0.12762 -0.63532 0.49218 -1.5895 -1.3942 -0.28157 -3.2179 -1.4169 0.4512 -0.12762 0.63532 0.65054 -2.1748 0.20698 -0.75237 -2.3417 1.3272
4 26 72 1.2767 4.5918 -0.76898 1.0353 3.4013 -0.41152 0.30901 3.3882 -1.0746 -0.61273 2.0432 -1.1751 0.080917 1.2386 -2.2927 1.7681 3.4421 0.24319 1.5074 2.0479 1.0537 2.4172 1.5138 -0.070847 -0.53885 0.13716 -0.56065 0.22949 -1.6314 -1.3949 -0.65552 -3.1791 -1.1256 0.53885 -0.13716 0.56065 0.94903 -2.0767 -0.1353 -0.34842 -2.2966 1.0972
4 27 72 1.4033 4.5783 -0.65339 1.1099 3.3855 -0.34602 0.48731 3.374 -1.1073 -0.35529 2.0004 -1.3755 0.62801 1.4021 -2.4016 1.7403 3.4249 0.40792 1.3193 2.1044 1.2727 2.3819 1.5293 0.31469 -0.4933 0.13895 -0.60071 0.17691 -1.7331 -1.2793 -0.79582 -3.2084 -0.92094 0.4933 -0.13895 0.60071 1.2092 -1.9126 -0.26871 -0.22739 -2.3907 0.71036
4 29 84 1.4286 4.5882 -0.56541 1.1231 3.384 -0.32032 0.53528 3.3915 -1.1088 -0.24799 2.0051 -1.4739 0.91154 1.7031 -2.4445 1.7189 3.4046 0.46199 1.2075 2.1723 1.4047 2.3139 1.554 0.5265 -0.5088 0.14872 -0.58524 -0.44494 -1.9331 -0.86135 -1.3905 -3.3549 -0.28229 0.5088 -0.14872 0.58524 1.3656 -1.712 -0.52671 0.12636 -2.9192 -0.019039
4 30 84 1.4744 4.5947 -0.39186 1.1407 3.3877 -0.20299 0.63068 3.4142 -1.0435 -0.10008 2.0195 -1.4788 1.1447 1.7515 -2.3485 1.6591 3.3893 0.63285 1.022 2.1792 1.5264 2.2134 1.5349 0.78953 -0.46586 0.14965 -0.61974 -0.70363 -1.9362 -0.70275 -1.6534 -3.3514 -0.11447 0.46586 -0.14965 0.61974 1.36 -1.7258 -0.4435 0.32509 -3.2007 -0.37718
4 33 96 1.4103 4.6343 -0.21937 1.0682 3.4193 -0.11737 0.52303 3.5432 -0.92658 -0.14148 2.1215 -1.3805 1.0367 1.7661 -2.3097 1.6221 3.3239 0.68972 0.89354 2.1175 1.5158 2.1182 1.4863 0.82327 -0.50536 0.14592 -0.58891 -1.1267 -1.8535 -0.41435 -2.2287 -3.025 0.40071 0.50536 -0.14593 0.58891 1.0683 -1.8898 -0.4389 0.4301 -3.5061 -0.91974
4 34 96 1.4363 4.6321 -0.10466 1.0817 3.4186 -0.032487 0.5518 3.5614 -0.84869 -0.10875 2.1472 -1.3307 1.0807 1.7311 -2.2194 1.6206 3.3041 0.78223 0.88683 2.0221 1.48 2.1579 1.4667 0.80662 -0.4808 0.1526 -0.60749 -1.0314 -1.875 -0.61473 -2.3005 -2.788 0.28353 0.4808 -0.1526 0.60749 1.0647 -1.9144 -0.37714 0.27704 -3.4824 -0.79166
4 35 96 1.4461 4.6302 -0.12431 1.0706 3.4216 -0.077818 0.56418 3.5757 -0.90675 -0.12277 2.1742 -1.3893 1.0487 1.653 -2.2458 1.5866 3.2958 0.75 0.9357 1.9019 1.2996 2.2387 1.4796 0.59141 -0.46265 0.12164 -0.62821 -0.84812 -1.9267 -0.89309 -2.2557 -2.5616 0.037804 0.46266 -0.12164 0.62821 1.0607 -1.8596 -0.38964 0.095785 -3.3591 -0.65639
4 38 108 1.5013 4.5964 -0.41916 1.1023 3.4001 -0.30516 0.50306 3.5424 -1.072 -0.54927 2.2957 -1.1563 0.46892 1.615 -2.0931 1.7115 3.2857 0.45843 1.5395 1.6944 0.78543 2.6232 1.7751 -0.30853 -0.484 0.091232 -0.61718 0.12798 -1.725 -1.478 -1.3436 -2.3929 -0.6784 0.484 -0.091232 0.61718 0.86021 -1.9177 -0.35063 -0.45443 -3.1339 -0.14221
4 40 120 1.3357 4.6251 -0.58711 1.0334 3.4091 -0.40499 0.26967 3.525 -1.0138 -0.87139 2.3967 -0.70766 0.0047319 1.7624 -1.8067 1.8049 3.3217 0.19876 1.7484 1.7334 0.57661 2.5452 1.8221 -0.74052 -0.54949 0.10413 -0.55742 0.39951 -1.5046 -1.5195 -0.64064 -2.9456 -1.2154 0.54949 -0.10413 0.55742 0.39077 -2.0771 -0.14723 -0.85528 -3.2626 0.39377
4 41 120 1.3075 4.6438 -0.47895 1.0269 3.421 -0.30755 0.27153 3.526 -0.92869 -0.87558 2.4175 -0.57623 -0.0012789 1.7964 -1.6842 1.7894 3.3446 0.30895 1.7258 1.7656 0.72297 2.5228 1.7546 -0.59696 -0.51516 0.11311 -0.58763 0.43925 -1.5513 -1.4439 -0.18045 -3.2411 -1.551 0.51516 -0.11311 0.58763 0.22701 -2.1323 0.083501 -1.0561 -3.2907 0.59593
4 48 144 1.1062 4.6852 -0.34636 0.96237 3.4461 -0.14062 0.27188 3.4734 -0.84051 -0.63864 2.2613 -1.4492 0.7559 2.2409 -2.1069 1.6583 3.4477 0.55434 1.2642 2.073 1.344 2.2967 1.3623 0.44584 -0.51147 0.15322 -0.58174 0.10113 -1.6938 -1.3739 -0.78858 -3.2328 -1.0722 0.51147 -0.15322 0.58174 0.92621 -2.0845 -0.13417 -0.5392 -2.4167 0.86236
4 50 156 1.2304 4.6521 -0.39354 1.0571 3.4132 -0.21648 0.43918 3.4577 -0.98038 -0.44732 2.2592 -1.6486 0.99664 2.2281 -2.1887 1.6815 3.3975 0.54326 1.2407 2.1158 1.4552 2.3094 1.4054 0.60033 -0.53476 0.16052 -0.55836 -0.4072 -1.874 -1.0669 -1.3028 -3.3515 -0.55125 0.53476 -0.16052 0.55836 1.2438 -1.8302 -0.5017 -0.10757 -2.7312 0.2811
4 51 156 1.306 4.6471 -0.21671 1.0985 3.4067 -0.092226 0.58881 3.4704 -0.93101 -0.28231 2.263 -1.6034 1.1927 2.1598 -2.041 1.6153 3.3719 0.74387 1.0563 2.1204 1.6328 2.2192 1.4312 0.89108 -0.46849 0.16118 -0.61485 -0.59345 -1.9208 -0.86782 -1.5062 -3.4064 -0.40875 0.46849 -0.16118 0.61485 1.2911 -1.7853 -0.43391 0.046721 -3.0238 -0.023409
4 52 156 1.3482 4.6439 -0.071541 1.115 3.4041 0.007835 0.68671 3.4895 -0.87343 -0.17818 2.265 -1.5226 1.2991 2.0537 -1.9107 1.5509 3.3475 0.88771 0.86038 2.1247 1.7224 2.0949 1.4466 1.0947 -0.41712 0.15908 -0.65131 -0.75758 -1.9108 -0.77036 -1.7034 -3.3857 -0.34497 0.41712 -0.15908 0.65131 1.2446 -1.8114 -0.34846 0.216 -3.2905 -0.27683
4 54 168 1.3847 4.639 -0.06596 1.1207 3.4028 -0.014319 0.61484 3.5259 -0.84878 -0.32232 2.2585 -1.278 0.99981 1.8346 -1.9488 1.6344 3.3084 0.81911 0.94458 2.0856 1.6543 2.1326 1.451 0.9037 -0.47171 0.1708 -0.60977 -0.99286 -1.8646 -0.60791 -2.045 -3.1996 -0.0066928 0.47171 -0.1708 0.60977 1.0112 -1.919 -0.42327 0.22616 -3.5373 -0.5478
4 55 168 1.4122 4.6351 0.047624 1.1262 3.4029 0.064688 0.65428 3.547 -0.78613 -0.24817 2.2533 -1.2112 1.0434 1.7516 -1.8877 1.6065 3.2873 0.91519 0.88415 2.0352 1.6762 2.1072 1.458 0.93538 -0.43412 0.17043 -0.63718 -0.89284 -1.8765 -0.75553 -2.1163 -3.0138 -0.07699 0.43412 -0.17043 0.63718 0.95462 -1.9534 -0.3448 0.063662 -3.515 -0.48106
4 57 180 1.5553 4.5912 -0.28349 1.1571 3.3923 -0.2178 0.56516 3.5652 -0.98403 -0.36358 2.2385 -1.1987 0.72744 1.6199 -2.0958 1.7597 3.2472 0.54584 1.2346 1.8857 1.2802 2.3043 1.547 0.2225 -0.51885 0.13166 -0.58048 -0.61551 -1.9107 -1.0638 -1.9678 -2.5892 -0.083038 0.51885 -0.13166 0.58048 0.79265 -1.9018 -0.5176 -0.31955 -3.2905 -0.22501
4 62 204 1.4723 4.5248 -0.94013 1.1632 3.3273 -0.67211 0.30415 3.4727 -1.1285 -0.71017 2.2424 -0.77294 0.068812 1.5524 -1.9108 2.0303 3.2097 -0.22313 2.0024 1.6314 0.19728 2.4104 1.9079 -1.2638 -0.63519 0.14143 -0.44725 0.14239 -1.5239 -1.4652 -0.46042 -3.193 -1.146 0.63519 -0.14143 0.44725 0.053486 -2.1394 0.15745 -1.0959 -3.2602 0.97821
4 63 204 1.4439 4.5352 -0.91012 1.1647 3.3298 -0.6429 0.30859 3.4521 -1.1114 -0.71397 2.2436 -0.7082 0.029829 1.5208 -1.8493 2.0282 3.2355 -0.18159 2.0015 1.6589 0.24518 2.4071 1.9392 -1.2158 -0.61036 0.13507 -0.4824 0.13839 -1.6232 -1.3555 -0.071258 -3.4132 -1.4088 0.61036 -0.13507 0.4824 -0.067111 -2.1215 0.38488 -1.2501 -3.228 1.1767
4 64 204 1.3744 4.5633 -0.8719 1.1136 3.3541 -0.60209 0.27336 3.451 -1.104 -0.7537 2.2498 -0.69035 -0.022654 1.5026 -1.8239 1.9608 3.2853 -0.10716 1.9367 1.7159 0.34577 2.3853 1.9501 -1.1108 -0.58437 0.11814 -0.51774 0.12923 -1.7081 -1.2727 0.1621 -3.4963 -1.5008 0.58437 -0.11814 0.51774 -0.16014 -2.0827 0.49123 -1.374 -3.1116 1.339
4 65 204 1.2894 4.5973 -0.82554 1.0423 3.3853 -0.55535 0.23186 3.4577 -1.1079 -0.79724 2.2399 -0.75217 -0.020145 1.4946 -1.856 1.8594 3.3412 -0.009719 1.8301 1.7875 0.49412 2.3434 1.9632 -0.94926 -0.56311 0.10106 -0.54424 0.20876 -1.7148 -1.2662 0.14949 -3.514 -1.368 0.56311 -0.10106 0.54424 -0.12852 -2.0836 0.47154 -1.4144 -2.9005 1.436
4 66 204 1.2402 4.621 -0.75112 1.0089 3.406 -0.48111 0.24191 3.4506 -1.0952 -0.78691 2.2034 -0.86129 0.094858 1.5025 -1.9144 1.7824 3.3897 0.1262 1.7183 1.8626 0.70294 2.3439 1.9376 -0.70442 -0.53666 0.099916 -0.57054 0.28635 -1.714 -1.2389 -0.039216 -3.4821 -1.1024 0.53666 -0.099916 0.57054 0.036342 -2.1333 0.39953 -1.3344 -2.6564 1.4476
4 67 204 1.2914 4.6065 -0.692 1.0696 3.3914 -0.41685 0.35754 3.4077 -1.0952 -0.66482 2.1356 -1.0234 0.358 1.5116 -1.994 1.7882 3.4033 0.25454 1.6305 1.9255 0.93279 2.4026 1.827 -0.39827 -0.50018 0.11783 -0.59953 0.3921 -1.6879 -1.1976 -0.21366 -3.359 -0.89552 0.50018 -0.11783 0.59953 0.34848 -2.1897 0.28531 -1.0952 -2.425 1.3394
4 69 216 1.2619 4.5736 -0.90338 1.0634 3.3711 -0.56642 0.32946 3.3535 -1.2209 -0.61485 2.0222 -1.289 0.5148 1.6541 -2.2719 1.8038 3.4166 0.079386 1.5277 2.1108 1.0214 2.3462 1.6377 -0.19676 -0.56888 0.12781 -0.53248 0.041223 -1.8071 -1.0786 -0.76563 -3.2434 -0.34571 0.56888 -0.12781 0.53248 1.0867 -2.029 -0.19676 -0.25659 -2.3333 0.96681
4 70 216 1.3284 4.5773 -0.80726 1.0952 3.371 -0.50657 0.44125 3.3495 -1.2409 -0.45228 1.9943 -1.4248 0.80548 1.7555 -2.2842 1.7562 3.4203 0.22003 1.3621 2.1722 1.1975 2.304 1.6218 0.10779 -0.53962 0.12406 -0.56296 -0.14842 -1.9175 -0.86867 -1.0162 -3.3057 -0.11324 0.53962 -0.12406 0.56296 1.2991 -1.8629 -0.33925 -0.033021 -2.5627 0.65394
4 71 216 1.36 4.5942 -0.67187 1.0995 3.381 -0.42427 0.52775 3.3649 -1.2244 -0.32395 1.9947 -1.4813 1.0239 1.8386 -2.2138 1.6787 3.4252 0.36942 1.1785 2.209 1.3387 2.226 1.6164 0.37464 -0.50291 0.11759 -0.59729 -0.38403 -1.9794 -0.65084 -1.2839 -3.3685 0.064433 0.50291 -0.11759 0.59729 1.3575 -1.7658 -0.38622 0.17518 -2.9264 0.32512
4 72 216 1.3634 4.6147 -0.5394 1.0835 3.3964 -0.34061 0.57987 3.393 -1.1855 -0.23357 2.01 -1.4928 1.1755 1.8808 -2.1056 1.5947 3.4281 0.499 0.99006 2.2322 1.4333 2.1191 1.6053 0.59079 -0.46876 0.11207 -0.62546 -0.61657 -1.9819 -0.53869 -1.5169 -3.3773 0.16373 0.46876 -0.11207 0.62546 1.3118 -1.7525 -0.38082 0.44729 -3.2951 -0.028784
4 73 216 1.3307 4.6422 -0.41245 1.0365 3.42 -0.2613 0.58207 3.4381 -1.1334 -0.18844 2.0442 -1.497 1.2644 1.9161 -1.9976 1.4988 3.4305 0.60677 0.80913 2.248 1.4983 1.9943 1.5939 0.75986 -0.44796 0.10462 -0.64178 -0.80742 -1.9579 -0.46487 -1.7322 -3.3583 0.19416 0.44796 -0.10462 0.64178 1.1988 -1.8014 -0.3438 0.73887 -3.5448 -0.35133
4 74 216 1.306 4.6589 -0.30044 1.0059 3.4333 -0.19556 0.58001 3.4737 -1.0812 -0.13681 2.0684 -1.5054 1.3492 1.9533 -1.9005 1.4397 3.4215 0.68709 0.69456 2.2458 1.5423 1.9116 1.5861 0.86324 -0.44093 0.10504 -0.64656 -0.93634 -1.925 -0.42795 -1.9439 -3.2813 0.20149 0.44093 -0.10504 0.64656 1.1162 -1.8544 -0.30114 0.89355 -3.6278 -0.53861
