2 12 168 -3.1554 3.552 -0.9215 -2.407 2.5868 -0.62716 -2.7074 2.5587 0.30896 -3.3559 1.0969 0.64233 -4.7159 1.113 -0.084083 -2.1276 2.6352 -1.5689 -2.5894 1.1442 -2.0507 -4.0849 1.3723 -2.3492 -0.19176 -0.0042431 0.76597 -1.4189 -1.6233 0.23021 0.0093328 -2.636 0.66067 0.19176 0.0042434 -0.76597 -0.95208 -1.7028 -1.2042 0.52939 -2.6233 -0.74738
2 33 180 -3.9356 2.7665 -0.43414 -2.8807 2.0883 -0.30226 -2.9521 2.0622 0.67835 -2.105 0.74715 1.1492 -2.3281 -0.75167 1.4346 -2.8357 2.1283 -1.284 -1.8656 0.91968 -1.8004 -1.8419 -0.60015 -2.0597 -0.05927 0.040777 0.78633 -1.7729 -1.1647 0.62971 -0.72225 -2.6282 0.70174 0.05927 -0.040776 -0.78633 -1.6781 -1.2153 -0.91465 -0.52917 -2.6047 -0.89411
2 34 180 -4.1473 2.4375 -0.42503 -3.0329 1.8579 -0.30021 -3.102 1.827 0.68043 -2.0171 0.71782 1.1918 -1.8897 -0.77292 1.5648 -2.9912 1.9006 -1.2819 -1.7914 0.91276 -1.7854 -1.3797 -0.55689 -2.0052 -0.059151 0.03717 0.78652 -1.6761 -1.2951 0.62848 -0.70067 -2.8089 0.71786 0.059151 -0.03717 -0.78652 -1.5827 -1.3441 -0.88929 -0.49781 -2.7841 -0.89822
2 35 180 -4.324 2.1116 -0.4043 -3.1668 1.6199 -0.28826 -3.2313 1.5767 0.69222 -1.9564 0.69891 1.2147 -1.5397 -0.70699 1.6917 -3.1305 1.673 -1.2697 -1.7661 0.91684 -1.7549 -1.003 -0.40448 -1.9774 -0.059613 0.029358 0.78682 -1.5426 -1.4501 0.62491 -0.65517 -3.0161 0.72975 0.059613 -0.029358 -0.78682 -1.4503 -1.4875 -0.87819 -0.45482 -2.9905 -0.90428
2 36 180 -4.4684 1.7903 -0.37641 -3.2779 1.3833 -0.26647 -3.3317 1.3333 0.71433 -1.9261 0.68071 1.2311 -1.3528 -0.62561 1.8164 -3.2527 1.4412 -1.248 -1.7794 0.93945 -1.7443 -0.76503 -0.1934 -2 -0.059262 0.019832 0.78714 -1.4032 -1.585 0.60664 -0.61423 -3.2003 0.74528 0.059262 -0.019832 -0.78714 -1.3118 -1.6097 -0.86986 -0.4173 -3.1745 -0.91933
2 37 180 -4.5795 1.4859 -0.33553 -3.3624 1.1619 -0.23658 -3.4025 1.1094 0.74475 -1.9309 0.63814 1.2748 -1.3681 -0.62534 1.9564 -3.3516 1.2206 -1.2183 -1.8268 0.95861 -1.743 -0.665 0.016148 -2.1166 -0.055113 0.014751 0.78756 -1.2702 -1.6882 0.5931 -0.57544 -3.3432 0.76377 0.055113 -0.014751 -0.78756 -1.2025 -1.6963 -0.85986 -0.39293 -3.3059 -0.92811
2 38 180 -4.6557 1.2253 -0.27514 -3.4194 0.97658 -0.19573 -3.4416 0.91986 0.78592 -1.9601 0.55896 1.3723 -1.5629 -0.71744 2.1409 -3.4266 1.0379 -1.1773 -1.9022 0.97668 -1.7613 -0.72069 0.167 -2.3325 -0.046166 0.015441 0.78812 -1.1583 -1.7575 0.60353 -0.54054 -3.4418 0.78348 0.046166 -0.015441 -0.78812 -1.1177 -1.7636 -0.84914 -0.36107 -3.3988 -0.91603
2 39 180 -4.7069 1.0055 -0.20888 -3.4577 0.82392 -0.14862 -3.4631 0.75519 0.83251 -2.0289 0.41106 1.5348 -1.928 -0.89415 2.3497 -3.482 0.89566 -1.1292 -2.0089 0.96494 -1.8321 -0.93718 0.18907 -2.6239 -0.035986 0.016042 0.78864 -1.0822 -1.7987 0.62561 -0.51744 -3.502 0.80097 0.035986 -0.016042 -0.78864 -1.0784 -1.796 -0.85334 -0.35203 -3.4458 -0.89219
2 51 168 -4.5103 1.5381 -0.74537 -3.3307 1.1675 -0.49461 -3.4946 1.1432 0.47488 -2.4166 0.063454 1.0587 -2.7605 -1.4386 1.0014 -3.1956 1.1982 -1.4683 -1.9651 0.18435 -1.8243 -2.1567 -1.3456 -1.8426 -0.10596 0.027153 0.78201 -1.0207 -1.8441 0.50627 -0.53402 -3.5605 0.76707 0.10596 -0.027153 -0.78201 -0.81915 -1.9098 -0.90037 -0.039674 -3.5341 -0.82889
2 52 168 -4.4535 1.7059 -0.73271 -3.2872 1.2953 -0.47952 -3.4497 1.2824 0.49042 -2.2497 0.38669 1.1435 -2.33 -1.1502 1.2395 -3.1532 1.3159 -1.4537 -1.803 0.4526 -1.7706 -1.6531 -1.0788 -1.8706 -0.10348 0.024885 0.78241 -1.0006 -1.8567 0.51932 -0.50741 -3.572 0.77502 0.10348 -0.024885 -0.78241 -0.79794 -1.9189 -0.90287 -0.014154 -3.5405 -0.82029
2 65 168 -4.0921 2.3653 -1.0079 -3.0458 1.7516 -0.66303 -3.3127 1.6898 0.28159 -2.2088 0.6498 0.88871 -2.494 -0.79805 1.336 -2.8051 1.826 -1.6138 -1.665 0.67543 -1.8257 -2.0194 -0.72126 -2.3746 -0.16901 -0.019672 0.77107 -1.631 -1.469 0.35125 -0.34628 -2.6744 0.73538 0.16901 0.019672 -0.77107 -1.1302 -1.5538 -1.2713 0.21538 -2.68 -0.85658
2 66 168 -3.8609 2.7471 -0.95646 -2.8914 2.0097 -0.63888 -3.1654 1.9504 0.30386 -2.5876 0.49018 0.75392 -3.56 -0.70183 0.8597 -2.6425 2.0838 -1.5875 -2.0762 0.57717 -1.8673 -3.0182 -0.55439 -2.3253 -0.17144 -0.016834 0.7706 -1.6408 -1.4613 0.35985 -0.2878 -2.5888 0.74577 0.17144 0.016834 -0.7706 -1.1305 -1.5408 -1.3117 0.27225 -2.5713 -0.84127
2 67 168 -3.6273 3.0711 -0.8893 -2.7319 2.2381 -0.59836 -3.0084 2.1827 0.34388 -3.1359 0.57341 0.59391 -4.5741 0.045649 0.41838 -2.4792 2.3102 -1.5462 -2.5736 0.72285 -1.9203 -3.9754 0.16178 -2.2333 -0.17035 -0.014904 0.77088 -1.5941 -1.5057 0.36502 -0.19803 -2.5751 0.76305 0.17035 0.014904 -0.77088 -1.0793 -1.5822 -1.3206 0.3591 -2.5453 -0.81616
2 68 168 -3.4244 3.3117 -0.82574 -2.6048 2.4021 -0.54733 -2.892 2.3522 0.39202 -3.6886 0.93147 0.51787 -5.1474 1.2819 0.16172 -2.3403 2.4707 -1.4921 -3.0284 1.0779 -1.9975 -4.5425 1.3407 -2.1238 -0.16587 -0.016322 0.77183 -1.492 -1.5958 0.37042 -0.082239 -2.639 0.78901 0.16587 0.016322 -0.77183 -0.97593 -1.6689 -1.292 0.48215 -2.6089 -0.80083
2 69 168 -3.2193 3.5201 -0.77742 -2.4854 2.5379 -0.51206 -2.7877 2.5046 0.42328 -4.0591 1.4813 0.49504 -5.1096 2.5445 0.11606 -2.2041 2.5916 -1.453 -3.3126 1.5642 -2.073 -4.4886 2.5608 -2.0377 -0.16355 -0.016275 0.77232 -1.2998 -1.744 0.40039 0.10263 -2.7939 0.82684 0.16355 0.016275 -0.77232 -0.80025 -1.7922 -1.2356 0.65889 -2.7576 -0.79997
2 70 168 -2.934 3.7829 -0.6952 -2.284 2.731 -0.4694 -2.5779 2.7022 0.46875 -4.0756 2.0517 0.51979 -4.6017 3.4643 0.19496 -2.0089 2.7824 -1.4123 -3.3203 2.0889 -2.0963 -3.9773 3.4785 -1.9738 -0.16743 -0.017178 0.77147 -0.98621 -1.9322 0.49448 0.38479 -3.0351 0.88803 0.16743 0.017178 -0.77147 -0.51056 -1.9312 -1.1695 0.91348 -2.9673 -0.78288
