0 0 240 0.17182 4.8174 0.45606 0.15982 3.5725 0.24923 1.134 3.5075 0.13077 2.4016 2.4853 0.26171 3.7145 2.7739 1.0172 -0.81155 3.6669 0.37123 -1.8929 2.6073 0.98483 -2.6264 2.5042 2.3373 0.78522 -0.02094 -0.08054 0.89262 -1.9089 0.83499 1.1888 -3.6681 0.57289 -0.78522 0.020939 0.080539 -0.85909 -2.0782 0.032557 -0.84912 -3.5909 -0.94862
0 0 252 0.26288 4.8174 0.41037 0.20814 3.5725 0.21055 1.1364 3.5075 -0.10787 2.4035 2.4853 -0.24332 3.8448 2.7739 0.22266 -0.71663 3.6669 0.53185 -1.6468 2.6073 1.3569 -2.083 2.5042 2.8323 0.75132 -0.02094 -0.24204 1.0467 -1.9089 0.63115 1.2819 -3.6681 0.31321 -0.75132 0.020939 0.24204 -0.83354 -2.0782 0.21046 -1.0278 -3.5909 -0.75135
0 0 264 0.34246 4.8174 0.34675 0.24737 3.5725 0.16268 1.0892 3.5075 -0.34179 2.3004 2.4853 -0.73773 3.8071 2.7739 -0.58158 -0.59039 3.6669 0.66922 -1.3287 2.6073 1.6696 -1.4486 2.5042 3.2035 0.68458 -0.02094 -0.39296 1.1551 -1.9089 0.39973 1.319 -3.6681 0.039833 -0.68458 0.020939 0.39295 -0.77157 -2.0782 0.37916 -1.1616 -3.5909 -0.52124
0 1 228 0.19561 4.8165 0.47423 0.16845 3.5717 0.26448 1.1451 3.4939 0.17854 2.4253 2.4791 0.17601 3.7945 2.7568 0.82846 -0.80511 3.6789 0.35426 -1.845 2.606 1.0146 -2.469 2.4735 2.4185 0.789 -0.03031 -0.0077333 0.75652 -1.8944 0.961 1.0735 -3.6622 0.80145 -0.789 0.03031 0.0077332 -0.80525 -2.0653 -0.14224 -0.62123 -3.5693 -1.1195
0 1 240 0.28993 4.8165 0.4232 0.21975 3.5717 0.22367 1.1572 3.4939 -0.063449 2.4089 2.4791 -0.33208 3.8839 2.7568 0.021425 -0.71386 3.6789 0.51391 -1.5938 2.606 1.3761 -1.9122 2.4735 2.879 0.77015 -0.03031 -0.17161 0.93979 -1.8944 0.78271 1.2167 -3.6622 0.56075 -0.77015 0.03031 0.17161 -0.81723 -2.0653 0.02829 -0.84041 -3.5693 -0.96587
0 1 252 0.37159 4.8165 0.35367 0.26146 3.5717 0.1731 1.1188 3.4939 -0.30267 2.2872 2.4791 -0.82566 3.8034 2.7568 -0.78654 -0.59142 3.6789 0.6511 -1.2728 2.606 1.6774 -1.2719 2.4735 3.2136 0.71764 -0.03031 -0.32798 1.082 -1.8944 0.57021 1.3067 -3.6622 0.29553 -0.71764 0.03031 0.32798 -0.79349 -2.0653 0.19758 -1.0229 -3.5693 -0.77003
0 2 216 0.20394 4.815 0.5 0.16076 3.5708 0.28523 1.1386 3.4839 0.22522 2.4244 2.4846 0.095034 3.8418 2.7575 0.63728 -0.81379 3.6869 0.34938 -1.8092 2.5954 1.0468 -2.3078 2.4463 2.4983 0.78565 -0.034411 0.071153 0.59108 -1.8749 1.0656 0.90805 -3.6488 1.0026 -0.78565 0.034411 -0.071153 -0.72026 -2.0539 -0.29267 -0.36746 -3.5488 -1.2369
0 2 228 0.30344 4.815 0.44667 0.21655 3.5708 0.24557 1.1606 3.4839 -0.016436 2.3912 2.4846 -0.4111 3.8904 2.7575 -0.17541 -0.72337 3.6869 0.51094 -1.552 2.5954 1.4001 -1.7379 2.4463 2.9235 0.78328 -0.034411 -0.093748 0.79972 -1.8749 0.91944 1.0967 -3.6488 0.79189 -0.78328 0.034411 0.093748 -0.76537 -2.0539 -0.13653 -0.6166 -3.5488 -1.1335
0 2 240 0.38968 4.815 0.37382 0.26287 3.5708 0.19518 1.1318 3.4839 -0.25737 2.2534 2.4846 -0.89927 3.7689 2.7575 -0.98043 -0.60133 3.6869 0.65017 -1.227 2.5954 1.6922 -1.0921 2.4463 3.221 0.74667 -0.034411 -0.25455 0.9734 -1.8749 0.73307 1.2373 -3.6488 0.54658 -0.74667 0.034411 0.25455 -0.77703 -2.0539 0.025587 -0.83878 -3.5488 -0.98049
0 3 204 0.20012 4.8081 0.56222 0.14398 3.5677 0.32673 1.1223 3.4727 0.29188 2.4056 2.4949 0.035295 3.8605 2.7822 0.45781 -0.83088 3.6919 0.36632 -1.7803 2.58 1.095 -2.1602 2.423 2.5812 0.77316 -0.039397 0.15549 0.39737 -1.8538 1.146 0.70229 -3.6307 1.1712 -0.77316 0.039397 -0.15549 -0.61773 -2.0407 -0.40754 -0.099377 -3.5261 -1.2882
0 3 216 0.31264 4.8081 0.50833 0.20877 3.5677 0.28966 1.1585 3.4727 0.052155 2.3604 2.4949 -0.46563 3.8713 2.7822 -0.35483 -0.73656 3.6919 0.53107 -1.5138 2.58 1.4412 -1.5763 2.423 2.9739 0.78859 -0.039397 -0.0086585 0.62696 -1.8538 1.0383 0.93045 -3.6307 0.99956 -0.78859 0.039397 0.008659 -0.68897 -2.0407 -0.2702 -0.36503 -3.5261 -1.2394
0 28 252 0.15709 4.8054 0.61989 0.018145 3.5647 0.40624 0.95545 3.5311 0.1101 2.037 2.6078 -0.69399 3.5645 2.7677 -0.83084 -0.91611 3.6274 0.70723 -1.1492 2.6667 2.0078 -0.91076 2.548 3.5266 0.78956 -0.0046096 -0.0088622 0.95338 -1.9319 0.81153 1.2402 -3.659 0.3805 -0.78956 0.0046096 0.0088622 -1.014 -2.0631 0.30607 -1.0888 -3.6188 -0.60237
0 29 252 0.080241 4.8075 0.62457 -0.020784 3.5656 0.39683 0.95078 3.5337 0.24713 2.1919 2.6006 -0.26034 3.6967 2.7319 0.049717 -0.99013 3.6268 0.55169 -1.5961 2.6955 1.7492 -1.838 2.5792 3.2677 0.78633 -0.0054746 0.071793 0.89775 -1.9529 0.85255 1.2069 -3.6661 0.38337 -0.78633 0.0054746 -0.071793 -1.0572 -2.0499 0.26918 -1.1196 -3.631 -0.59528
0 29 264 0.20834 4.8075 0.59424 0.062175 3.5656 0.39248 0.98138 3.5337 0.044054 2.0899 2.6006 -0.71039 3.6263 2.7319 -0.71996 -0.85379 3.6268 0.74549 -1.1976 2.6955 2.0429 -1.1184 2.5792 3.5784 0.78407 -0.0054746 -0.093263 1.0554 -1.9529 0.64727 1.2603 -3.6661 0.12406 -0.78407 0.0054746 0.093263 -0.97816 -2.0499 0.48311 -1.2189 -3.631 -0.34949
0 30 264 0.11843 4.8102 0.60257 0.0085754 3.5678 0.38163 0.97059 3.5378 0.17916 2.2263 2.5901 -0.26102 3.7022 2.6818 0.17615 -0.95101 3.627 0.58912 -1.6695 2.7323 1.7518 -2.0248 2.6389 3.2494 0.78943 0.00050831 -0.017334 1.0059 -1.9675 0.68576 1.2248 -3.6693 0.13174 -0.78943 -0.00050831 0.017334 -1.0253 -2.0408 0.45981 -1.2535 -3.6431 -0.33485
0 30 276 0.24112 4.8102 0.56478 0.087734 3.5678 0.37151 0.98663 3.5378 -0.026549 2.1234 2.5901 -0.71819 3.6579 2.6818 -0.59743 -0.80774 3.627 0.77397 -1.2688 2.7323 2.0607 -1.3049 2.6389 3.5994 0.76857 0.00050831 -0.18109 1.1265 -1.9675 0.46163 1.2254 -3.6693 -0.12579 -0.76857 -0.00050831 0.18109 -0.9073 -2.0408 0.66293 -1.2957 -3.6431 -0.066925
0 31 276 0.16267 4.8131 0.57509 0.048582 3.5695 0.36336 0.99702 3.5394 0.10467 2.2648 2.5741 -0.25557 3.6992 2.6171 0.30853 -0.89716 3.6288 0.6268 -1.7326 2.7738 1.7403 -2.1635 2.7276 3.2201 0.78175 0.001811 -0.11117 1.0861 -1.9836 0.50511 1.1943 -3.6724 -0.11713 -0.78175 -0.001811 0.11117 -0.95652 -2.0296 0.6325 -1.3245 -3.6512 -0.06448
0 31 288 0.27868 4.8131 0.5287 0.12307 3.5695 0.34531 0.997 3.5394 -0.10491 2.1621 2.5741 -0.72086 3.6825 2.6171 -0.46732 -0.74724 3.6288 0.79964 -1.3329 2.7738 2.0625 -1.4468 2.7276 3.5995 0.74156 0.001811 -0.27127 1.1674 -1.9836 0.26826 1.1439 -3.6724 -0.36288 -0.74156 -0.001811 0.27127 -0.80412 -2.0296 0.81755 -1.309 -3.6512 0.21232
0 32 276 0.079206 4.8134 0.59139 0.0064879 3.5693 0.36512 0.98388 3.5421 0.25867 2.285 2.5543 0.24966 3.4909 2.5464 1.2106 -0.96909 3.6258 0.47657 -2.1093 2.817 1.3218 -2.9081 2.8088 2.6407 0.78863 0.0043416 -0.039255 1.0357 -1.9993 0.54255 1.1607 -3.6754 -0.11014 -0.78863 -0.0043421 0.039255 -1.0036 -2.0199 0.59203 -1.357 -3.6624 -0.062423
0 32 288 0.20043 4.8134 0.562 0.082258 3.5693 0.35579 1.0162 3.5421 0.048454 2.2869 2.5543 -0.23087 3.6663 2.5464 0.45834 -0.84883 3.6258 0.66764 -1.7884 2.817 1.7315 -2.2955 2.8088 3.1877 0.76324 0.0043416 -0.20236 1.1258 -1.9993 0.31537 1.1124 -3.6754 -0.34905 -0.76324 -0.0043421 0.20236 -0.85861 -2.0199 0.78776 -1.3403 -3.6624 0.22108
0 32 300 0.3129 4.8134 0.50804 0.15443 3.5693 0.33091 1.004 3.5421 -0.16388 2.189 2.5543 -0.70131 3.6815 2.5464 -0.31395 -0.69147 3.6258 0.82953 -1.3893 2.817 2.0655 -1.5826 2.8088 3.5953 0.70448 0.0043416 -0.35663 1.1668 -1.9993 0.074406 1.0155 -3.6754 -0.5727 -0.70448 -0.0043421 0.35663 -0.67607 -2.0199 0.94906 -1.2651 -3.6624 0.49491
0 33 288 0.11594 4.8154 0.57153 0.040294 3.5703 0.35174 1.0117 3.547 0.1997 2.2884 2.5305 0.27384 3.4094 2.48 1.3314 -0.92923 3.623 0.50862 -2.1492 2.8551 1.2772 -3.018 2.8826 2.5508 0.77838 0.0069962 -0.13256 1.0781 -2.0149 0.35376 1.0819 -3.677 -0.34498 -0.77838 -0.0069962 0.13256 -0.91629 -2.0121 0.74494 -1.3721 -3.6724 0.20975
0 33 300 0.23223 4.8154 0.53494 0.11254 3.5703 0.33568 1.0311 3.547 -0.015015 2.2953 2.5305 -0.20792 3.6117 2.48 0.59344 -0.80318 3.623 0.6907 -1.8367 2.8551 1.6961 -2.4217 2.8826 3.1226 0.73381 0.0069962 -0.2915 1.1281 -2.0149 0.12188 0.98656 -3.677 -0.56239 -0.73381 -0.0069962 0.2915 -0.74139 -2.0121 0.91917 -1.2985 -3.6724 0.49044
0 33 312 0.33838 4.8154 0.47496 0.17988 3.5703 0.30495 1.0055 3.547 -0.22908 2.2019 2.5305 -0.6806 3.6562 2.48 -0.17045 -0.64202 3.623 0.8426 -1.444 2.8551 2.0409 -1.7195 2.8826 3.5578 0.65717 0.0069962 -0.4377 1.1288 -2.0149 -0.11533 0.84807 -3.677 -0.75522 -0.65717 -0.0069962 0.4377 -0.53408 -2.0121 1.0532 -1.1682 -3.6724 0.7497
0 34 300 0.14625 4.8159 0.56112 0.065979 3.5697 0.34977 1.0298 3.5477 0.15496 2.2734 2.5003 0.31303 3.311 2.4206 1.4509 -0.89578 3.6211 0.54914 -2.1811 2.8827 1.2359 -3.1338 2.9387 2.447 0.75888 0.01196 -0.21785 1.0832 -2.0286 0.16341 0.95921 -3.6782 -0.5537 -0.75888 -0.01196 0.21785 -0.79715 -2.0012 0.89288 -1.3366 -3.6724 0.48429
0 34 312 0.25972 4.8159 0.51845 0.13726 3.5697 0.32841 1.0395 3.5477 -0.06253 2.2888 2.5003 -0.16649 3.5403 2.4206 0.73079 -0.76203 3.6211 0.72338 -1.8764 2.8827 1.6624 -2.5565 2.9387 3.0451 0.697 0.01196 -0.37087 1.0935 -2.0286 -0.06536 0.82313 -3.6782 -0.74103 -0.697 -0.01196 0.37087 -0.59409 -2.0012 1.0391 -1.2067 -3.6724 0.75161
0 34 324 0.36183 4.8159 0.45313 0.20254 3.5697 0.29269 1.0038 3.5477 -0.27729 2.2042 2.5003 -0.63873 3.6149 2.4206 -0.02126 -0.59498 3.6211 0.86601 -1.4898 2.8827 2.0162 -1.8675 2.9387 3.5101 0.60466 0.01196 -0.50768 1.056 -2.0286 -0.29128 0.65107 -3.6782 -0.89597 -0.60466 -0.01196 0.50768 -0.36506 -2.0012 1.1399 -1.0241 -3.6724 0.98607
0 35 312 0.17461 4.8164 0.54995 0.093075 3.5696 0.34258 1.0487 3.5469 0.11107 2.2624 2.4794 0.34843 3.2073 2.3722 1.5622 -0.86033 3.6217 0.57852 -2.1987 2.9005 1.1762 -3.2427 2.9826 2.308 0.72895 0.017102 -0.30305 1.0618 -2.0386 -0.024149 0.80089 -3.6749 -0.73502 -0.72895 -0.017103 0.30305 -0.65054 -1.9889 1.0243 -1.2344 -3.6729 0.75232
0 35 324 0.28514 4.8164 0.50163 0.16227 3.5696 0.31575 1.0489 3.5469 -0.1094 2.2854 2.4794 -0.12955 3.462 2.3722 0.86125 -0.72125 3.6217 0.74475 -1.9061 2.9005 1.6077 -2.692 2.9826 2.9318 0.65001 0.017102 -0.44799 1.0335 -2.0386 -0.24438 0.63057 -3.6749 -0.88547 -0.65001 -0.017103 0.44799 -0.42336 -1.9889 1.1372 -1.051 -3.6729 0.99252
0 36 324 0.19608 4.8163 0.53883 0.11248 3.5691 0.33508 1.0587 3.5452 0.067919 2.2345 2.4531 0.374 3.0889 2.3316 1.6519 -0.83136 3.6225 0.60652 -2.2114 2.9059 1.1073 -3.3263 3.0162 2.1667 0.68873 0.024031 -0.38544 1.0063 -2.0449 -0.20347 0.61108 -3.6691 -0.87916 -0.68873 -0.024031 0.38544 -0.46701 -1.9747 1.1339 -1.0588 -3.673 1.006
0 36 336 0.30382 4.8163 0.48629 0.17969 3.5691 0.30437 1.0497 3.5452 -0.15369 2.2634 2.4531 -0.098755 3.3648 2.3316 0.97358 -0.68709 3.6225 0.76611 -1.9329 2.9059 1.5429 -2.8031 3.0162 2.811 0.59354 0.024031 -0.52022 0.94205 -2.0449 -0.40825 0.41493 -3.6691 -0.987 -0.59354 -0.024031 0.52022 -0.22105 -1.9747 1.2062 -0.82653 -3.673 1.2041
0 37 336 0.21107 4.8175 0.51567 0.13102 3.5708 0.30956 1.0669 3.548 0.0080839 2.204 2.4328 0.37161 2.959 2.3028 1.7098 -0.8024 3.623 0.61513 -2.207 2.8956 1.0235 -3.3937 3.0296 1.9988 0.64335 0.026108 -0.45707 0.9291 -2.0531 -0.35926 0.40214 -3.6589 -0.98737 -0.64335 -0.026107 0.45707 -0.27225 -1.9566 1.1985 -0.83667 -3.669 1.2049
0 37 348 0.31367 4.8175 0.46052 0.19251 3.5708 0.27555 1.0453 3.548 -0.21392 2.2331 2.4328 -0.094757 3.2498 2.3028 1.0572 -0.65697 3.623 0.76851 -1.9459 2.8956 1.46 -2.904 3.0296 2.6607 0.53427 0.026108 -0.58084 0.8341 -2.0531 -0.54458 0.18806 -3.6589 -1.0494 -0.53427 -0.026107 0.58084 -0.017117 -1.9566 1.2289 -0.56788 -3.669 1.3525
0 38 348 0.19902 4.8187 0.49673 0.12982 3.5727 0.28523 1.0558 3.5538 -0.045736 2.1528 2.4149 0.36456 2.7868 2.284 1.764 -0.7937 3.6212 0.62009 -2.2061 2.8648 0.939 -3.4516 3.0196 1.8348 0.59443 0.031559 -0.5188 0.81185 -2.0581 -0.49594 0.16279 -3.6441 -1.0565 -0.59443 -0.031559 0.5188 -0.069692 -1.9382 1.2286 -0.57792 -3.6637 1.3512
0 93 312 0.073356 4.7941 0.39508 0.047064 3.565 0.18589 0.75225 3.6044 -0.4986 1.561 3.7232 -1.913 1.6243 5.1654 -2.4552 -0.65969 3.5553 0.86983 -1.8941 3.6664 1.9341 -2.2155 5.0988 2.4057 0.56702 0.015961 -0.54931 0.83379 -2.0447 -0.238 0.42181 -3.7453 -0.6727 -0.56702 -0.015962 0.54931 -0.45097 -2.0812 0.91756 -1.1307 -3.7119 0.55744
0 93 324 0.15389 4.7941 0.37119 0.084684 3.565 0.17204 0.63215 3.6044 -0.6441 1.1292 3.7232 -2.1957 1.0783 5.1654 -2.7392 -0.46442 3.5553 0.98797 -1.4506 3.6664 2.2856 -1.667 5.0988 2.8138 0.44042 0.015961 -0.65519 0.76608 -2.0447 -0.40615 0.27273 -3.7453 -0.7457 -0.44042 -0.015962 0.65519 -0.25034 -2.0812 0.99127 -0.99005 -3.7119 0.78034
0 94 312 0.062397 4.8044 0.3532 0.036344 3.572 0.14535 0.74527 3.6063 -0.53554 1.7265 4.0482 -1.7646 1.7801 5.5803 -1.9304 -0.67365 3.5675 0.82598 -1.6992 3.9309 2.0445 -1.68 5.4085 2.4848 0.56175 0.013351 -0.55475 0.84112 -2.0444 -0.23551 0.43478 -3.7466 -0.66955 -0.56175 -0.013351 0.55476 -0.44562 -2.0785 0.92332 -1.1125 -3.715 0.56539
0 94 324 0.13447 4.8044 0.33251 0.065769 3.572 0.13462 0.61764 3.6063 -0.67879 1.3219 4.0482 -2.085 1.3399 5.5803 -2.2583 -0.4872 3.5675 0.94799 -1.237 3.9309 2.3531 -1.1267 5.4085 2.7798 0.43414 0.013351 -0.65943 0.77377 -2.0444 -0.40524 0.28608 -3.7466 -0.74531 -0.43414 -0.013351 0.65943 -0.24392 -2.0785 0.99579 -0.97063 -3.715 0.78433
0 95 312 0.05962 4.8169 0.2961 0.043547 3.5752 0.11808 0.7533 3.5982 -0.56243 1.8777 4.2965 -1.5199 1.9415 5.8252 -1.3287 -0.66688 3.582 0.79824 -1.4405 4.1301 2.1286 -1.1079 5.5803 2.5337 0.55653 0.010769 -0.56005 0.85272 -2.0434 -0.23299 0.45449 -3.7487 -0.66224 -0.55653 -0.01077 0.56005 -0.43325 -2.0753 0.9301 -1.0894 -3.7164 0.57382
0 96 300 0.0094892 4.8279 0.24296 0.032501 3.5755 0.11675 0.8698 3.583 -0.39923 2.2163 4.4369 -0.75493 2.2026 5.8913 -0.24263 -0.805 3.5979 0.63197 -1.5737 4.2401 1.9225 -1.054 5.601 2.4279 0.65871 0.010407 -0.4353 0.89062 -2.0406 -0.042972 0.60424 -3.751 -0.53651 -0.65871 -0.010407 0.4353 -0.60395 -2.0732 0.83032 -1.1635 -3.719 0.35136
0 96 312 0.059797 4.8279 0.23568 0.056064 3.5755 0.10744 0.76779 3.583 -0.57135 2.0109 4.4369 -1.1992 2.104 5.8913 -0.69527 -0.65601 3.5979 0.78553 -1.1396 4.2401 2.2077 -0.52614 5.601 2.5939 0.55381 0.010407 -0.56274 0.86223 -2.0406 -0.2272 0.47949 -3.751 -0.65041 -0.55381 -0.010407 0.56274 -0.41812 -2.0732 0.93775 -1.065 -3.719 0.58558
0 97 288 -0.013261 4.834 0.18854 0.022541 3.5752 0.11516 0.94876 3.566 -0.2156 2.288 4.4478 0.096933 2.0982 5.7892 0.83337 -0.90329 3.6141 0.44483 -1.6723 4.2658 1.7304 -1.0364 5.4861 2.4262 0.7358 0.0091467 -0.28639 0.8867 -2.0395 0.15486 0.72121 -3.7526 -0.38247 -0.7358 -0.0091467 0.28639 -0.75734 -2.0706 0.69172 -1.1968 -3.7235 0.12097
0 97 300 0.026229 4.834 0.18718 0.045992 3.5752 0.10796 0.8832 3.566 -0.40815 2.2581 4.4478 -0.38088 2.2256 5.7892 0.37893 -0.79107 3.6141 0.62291 -1.276 4.2658 2.0403 -0.50934 5.4861 2.5887 0.66017 0.0091467 -0.43311 0.89952 -2.0395 -0.032883 0.62593 -3.7526 -0.52406 -0.66017 -0.0091467 0.43311 -0.59697 -2.0706 0.83406 -1.1455 -3.7235 0.36716
0 97 312 0.064572 4.834 0.17763 0.067433 3.5752 0.096039 0.77904 3.566 -0.58285 2.1296 4.4478 -0.84205 2.2557 5.7892 -0.092079 -0.64427 3.6141 0.77377 -0.8239 4.2658 2.261 0.040009 5.4861 2.638 0.5557 0.0091467 -0.56091 0.87302 -2.0395 -0.21918 0.5033 -3.7526 -0.64275 -0.5557 -0.0091467 0.56091 -0.41052 -2.0706 0.93995 -1.0441 -3.7235 0.5973
0 98 288 0.01193 4.839 0.14275 0.039512 3.576 0.10799 0.96921 3.5582 -0.21249 2.2253 4.35 0.46874 1.988 5.5639 1.3895 -0.8895 3.6235 0.42742 -1.4086 4.2146 1.8592 -0.57388 5.2522 2.6365 0.73818 0.0064335 -0.28026 0.89272 -2.0407 0.16657 0.73984 -3.7559 -0.36793 -0.73818 -0.006433 0.28025 -0.75366 -2.0662 0.69427 -1.1807 -3.727 0.13727
0 98 300 0.041349 4.839 0.13715 0.061101 3.576 0.097418 0.90385 3.5582 -0.40936 2.2742 4.35 -0.0041698 2.2335 5.5639 0.94578 -0.7812 3.6235 0.60302 -0.99123 4.2146 2.1114 -0.013168 5.2522 2.6982 0.66378 0.0064335 -0.42761 0.90785 -2.0407 -0.022678 0.64717 -3.7559 -0.51371 -0.66378 -0.006433 0.42761 -0.59285 -2.0662 0.8358 -1.1263 -3.727 0.37974
0 99 276 0.012853 4.8428 0.12144 0.03522 3.5784 0.11645 1.0131 3.5479 0.015889 1.929 4.1457 1.2294 1.4403 5.2284 2.2125 -0.94134 3.6385 0.21685 -1.5629 4.0849 1.6602 -0.77269 4.9344 2.6759 0.78191 0.0030518 -0.10999 0.8364 -2.0429 0.36486 0.8128 -3.7581 -0.19049 -0.78191 -0.0030513 0.10999 -0.87959 -2.0608 0.5228 -1.1705 -3.7298 -0.094141
0 99 288 0.037822 4.8428 0.11612 0.058662 3.5784 0.10659 0.9943 3.5479 -0.1951 2.1425 4.1457 0.80144 1.8688 5.2284 1.8646 -0.87568 3.6385 0.40783 -1.1835 4.0849 1.9488 -0.19946 4.9344 2.778 0.74196 0.0030518 -0.27016 0.89398 -2.0429 0.18299 0.75543 -3.7581 -0.35532 -0.74196 -0.0030513 0.27016 -0.75167 -2.0608 0.69425 -1.1645 -3.7298 0.15127
0 99 300 0.061137 4.8428 0.10571 0.079541 3.5784 0.092061 0.93201 3.5479 -0.39756 2.2623 4.1457 0.33848 2.2157 5.2284 1.4353 -0.77175 3.6385 0.58098 -0.75248 4.0849 2.1523 0.38248 4.9344 2.7588 0.66958 0.0030518 -0.41852 0.91249 -2.0429 -0.0068723 0.66505 -3.7581 -0.50462 -0.66958 -0.0030513 0.41852 -0.5909 -2.0608 0.83536 -1.1076 -3.7298 0.39007
0 100 276 0.036222 4.8437 0.13191 0.051425 3.5796 0.1339 1.0315 3.544 0.059856 1.7796 3.8759 1.4737 1.2364 4.8274 2.5587 -0.92708 3.6451 0.20878 -1.4118 3.8713 1.7524 -0.54157 4.5464 2.8315 0.78374 0.00036192 -0.096156 0.83034 -2.0435 0.38825 0.82285 -3.7572 -0.17232 -0.78374 -0.0003624 0.096156 -0.88602 -2.0535 0.53022 -1.1594 -3.7307 -0.072328
0 100 288 0.062856 4.8437 0.1215 0.078141 3.5796 0.12028 1.0214 3.544 -0.15592 2.0471 3.8759 1.0715 1.7414 4.8274 2.2457 -0.86341 3.6451 0.39697 -1.0166 3.8713 2.0076 0.05897 4.5464 2.8822 0.74662 0.00036192 -0.257 0.89292 -2.0435 0.20713 0.76904 -3.7572 -0.33963 -0.74662 -0.0003624 0.257 -0.75642 -2.0535 0.70284 -1.1491 -3.7307 0.1703
0 101 276 0.052555 4.8428 0.16603 0.065071 3.5795 0.16936 1.0457 3.5415 0.10371 1.6489 3.5686 1.6216 1.0669 4.3776 2.7982 -0.91384 3.6473 0.2364 -1.3051 3.609 1.822 -0.41349 4.1247 2.9696 0.78507 -0.001101 -0.084651 0.83094 -2.0428 0.40896 0.83229 -3.7554 -0.15498 -0.78507 0.001101 0.084652 -0.88889 -2.0471 0.54104 -1.1483 -3.7294 -0.05357
0 101 288 0.085925 4.8428 0.15147 0.098861 3.5795 0.15213 1.0444 3.5415 -0.11596 1.9501 3.5686 1.2434 1.6253 4.3776 2.5153 -0.84472 3.6473 0.42123 -0.89772 3.609 2.0536 0.21295 4.1247 2.9906 0.75031 -0.001101 -0.24603 0.89781 -2.0428 0.22726 0.78188 -3.7554 -0.32464 -0.75031 0.001101 0.24603 -0.75698 -2.0471 0.71402 -1.1344 -3.7294 0.18635
1 4 96 0.30319 4.3948 1.9951 0.30199 3.2007 1.5811 1.2732 3.1954 1.426 1.8062 1.783 0.80166 3.0082 0.8218 0.89721 -0.66699 3.234 1.7464 -1.486 1.8699 1.3759 -2.6272 0.99632 1.9346 0.77519 -0.0071657 -0.15007 0.76576 -1.4546 1.3728 0.77526 -2.8802 0.26895 -0.77519 0.0071654 0.15007 -0.6222 -1.5559 1.5457 -0.87406 -2.7964 0.26178
1 5 96 0.26486 4.4907 1.7724 0.26808 3.2782 1.4132 1.2403 3.2754 1.2642 2.0271 1.9965 0.62074 3.4392 1.3785 0.5801 -0.70226 3.3095 1.5708 -1.7453 2.0981 1.2342 -3.1041 1.5668 1.7334 0.77539 -0.0083079 -0.14898 0.79887 -1.5763 1.2492 0.79858 -3.0438 0.2016 -0.77539 0.0083082 0.14898 -0.67388 -1.6618 1.4197 -0.89229 -2.9707 0.1991
1 5 108 0.62757 4.4907 1.6786 0.55605 3.2782 1.3266 1.476 3.2754 0.97875 2.1119 1.9965 0.18571 3.4847 1.3785 -0.14763 -0.36032 3.3095 1.6825 -1.4506 2.0981 1.5701 -2.6759 1.5668 2.3409 0.72747 -0.0083079 -0.30694 1.0411 -1.5763 1.0558 0.82305 -3.0438 0.031162 -0.72747 0.0083082 0.30694 -0.36397 -1.6618 1.5288 -0.83139 -2.9707 0.38027
1 6 96 0.23657 4.5801 1.5269 0.23799 3.353 1.2204 1.2116 3.3443 1.0815 2.2147 2.2507 0.39847 3.7252 1.9673 0.27289 -0.73404 3.3908 1.3656 -1.9469 2.3478 1.0344 -3.4002 2.1426 1.5071 0.77614 -0.011558 -0.14482 0.87566 -1.7524 1.0273 0.84407 -3.3029 0.10752 -0.77614 0.011558 0.14482 -0.76701 -1.7858 1.2329 -0.9183 -3.2153 0.14457
1 6 108 0.54886 4.5801 1.4443 0.48651 3.353 1.1442 1.41 3.3443 0.80595 2.2492 2.2507 -0.07071 3.7006 1.9673 -0.50759 -0.43407 3.3908 1.4884 -1.6893 2.3478 1.4166 -3.0126 2.1426 2.1811 0.72907 -0.011558 -0.30302 1.0701 -1.7524 0.82275 0.84798 -3.3029 -0.070324 -0.72907 0.011558 0.30302 -0.49392 -1.7858 1.3654 -0.86818 -3.2153 0.33234
1 7 96 0.22629 4.6386 1.3221 0.22454 3.4036 1.055 1.2001 3.3878 0.93123 2.3443 2.47 0.21187 3.8753 2.485 0.029339 -0.74957 3.4489 1.1832 -2.0714 2.5505 0.84466 -3.5468 2.6083 1.2889 0.77652 -0.015726 -0.14236 0.97976 -1.908 0.74783 0.9647 -3.5561 0.016933 -0.77652 0.015726 0.14236 -0.89534 -1.8787 1.0431 -1.0151 -3.4456 0.15914
1 7 108 0.49622 4.6386 1.2461 0.43898 3.4036 0.98527 1.3675 3.3878 0.66136 2.3371 2.47 -0.28016 3.7967 2.485 -0.77703 -0.48719 3.4489 1.3132 -1.8505 2.5505 1.2569 -3.2013 2.6083 1.9982 0.72995 -0.015726 -0.3007 1.1138 -1.908 0.52779 0.94714 -3.5561 -0.18401 -0.72995 0.015726 0.3007 -0.6589 -1.8787 1.2065 -0.95987 -3.4456 0.36672
1 7 120 0.74447 4.6386 1.1157 0.63423 3.4036 0.87247 1.4751 3.3878 0.36258 2.2278 2.47 -0.75995 3.5522 2.485 -1.5494 -0.20352 3.4489 1.3858 -1.5487 2.5505 1.6141 -2.7159 2.6083 2.6201 0.65148 -0.015726 -0.44589 1.1992 -1.908 0.28468 0.88818 -3.5561 -0.37691 -0.65148 0.015726 0.44589 -0.39366 -1.8787 1.3171 -0.86265 -3.4456 0.55828
1 8 96 0.23001 4.672 1.1765 0.2288 3.4308 0.94502 1.2046 3.4113 0.82363 2.4591 2.6735 0.081611 3.9604 2.935 -0.15384 -0.74559 3.48 1.0696 -2.1486 2.7236 0.71145 -3.6172 2.9853 1.1019 0.77552 -0.018736 -0.14738 1.0683 -1.9796 0.54792 1.1931 -3.6938 0.0029416 -0.77552 0.018736 0.14738 -0.99027 -1.9325 0.89641 -1.221 -3.5689 0.17552
1 8 108 0.46959 4.672 1.1029 0.42028 3.4308 0.8768 1.3495 3.4113 0.55517 2.4223 2.6735 -0.43145 3.8419 2.935 -0.97388 -0.50693 3.48 1.2012 -1.9537 2.7236 1.1426 -3.3091 2.9853 1.8298 0.72793 -0.018736 -0.3054 1.1589 -1.9796 0.31383 1.1676 -3.6938 -0.24518 -0.72793 0.018736 0.3054 -0.78225 -1.9325 1.0827 -1.1578 -3.5689 0.42555
1 8 120 0.68864 4.672 0.9812 0.59339 3.4308 0.77026 1.4355 3.4113 0.26245 2.2797 2.6735 -0.92565 3.5554 2.935 -1.7514 -0.2461 3.48 1.2803 -1.6735 2.7236 1.5239 -2.8563 2.9853 2.4779 0.64853 -0.018736 -0.45007 1.1988 -1.9796 0.066025 1.0911 -3.6938 -0.48259 -0.64853 0.018736 0.45007 -0.54005 -1.9325 1.2217 -1.044 -3.5689 0.65698
1 9 108 0.43977 4.6876 1.0269 0.39312 3.444 0.81749 1.3194 3.4251 0.48728 2.476 2.903 -0.5415 3.8214 3.3834 -1.1219 -0.53131 3.4925 1.1498 -2.0521 2.9011 1.0705 -3.391 3.3318 1.7027 0.72711 -0.015308 -0.30753 1.1799 -2.0005 0.21052 1.3661 -3.7057 -0.34494 -0.72711 0.015309 0.30753 -0.89852 -1.9609 1 -1.3841 -3.5913 0.40261
1 9 120 0.64367 4.6876 0.91303 0.55449 3.444 0.71789 1.3919 3.4251 0.20232 2.3093 2.903 -1.0445 3.5046 3.3834 -1.8919 -0.28064 3.4925 1.2352 -1.7847 2.9011 1.4738 -2.9628 3.3318 2.3705 0.64728 -0.015308 -0.45198 1.1979 -2.0005 -0.039394 1.2645 -3.7057 -0.62142 -0.64728 0.015309 0.45198 -0.67096 -1.9609 1.165 -1.2701 -3.5913 0.68157
1 9 132 0.81943 4.6876 0.75926 0.69163 3.444 0.58692 1.4035 3.4251 -0.091485 2.0417 2.903 -1.5018 3.0347 3.3834 -2.5792 -0.017707 3.4925 1.2665 -1.4392 2.9011 1.8126 -2.4052 3.3318 2.9347 0.53917 -0.015308 -0.57668 1.1635 -2.0005 -0.28758 1.1077 -3.7057 -0.87074 -0.53917 0.015309 0.57668 -0.41408 -1.9609 1.279 -1.1006 -3.5913 0.93075
1 10 108 0.39301 4.7002 0.97715 0.34432 3.4564 0.77627 1.2691 3.4391 0.44197 2.4552 3.1369 -0.64 3.7066 3.8191 -1.2286 -0.57891 3.5035 1.1121 -2.1501 3.0708 0.99831 -3.4507 3.6407 1.5994 0.72895 -0.0076876 -0.30344 1.234 -2.0058 0.10491 1.5602 -3.6825 -0.47235 -0.72895 0.0076876 0.30344 -1.0416 -1.9664 0.95118 -1.6262 -3.565 0.35666
1 10 120 0.58759 4.7002 0.87409 0.49819 3.4564 0.68772 1.3333 3.4391 0.16844 2.2685 3.1369 -1.1365 3.3701 3.8191 -1.9724 -0.33504 3.5035 1.2082 -1.8956 3.0708 1.4235 -3.0428 3.6407 2.2819 0.64993 -0.0076876 -0.44836 1.2289 -2.0058 -0.15394 1.4279 -3.6825 -0.78641 -0.64993 0.0076876 0.44836 -0.82106 -1.9664 1.147 -1.5165 -3.565 0.68698
1 10 132 0.75648 4.7002 0.73282 0.63029 3.4564 0.56911 1.3392 3.4391 -0.11245 1.9826 3.1369 -1.5833 2.8864 3.8191 -2.63 -0.076526 3.5035 1.2514 -1.5582 3.0708 1.7865 -2.5019 3.6407 2.8646 0.54251 -0.0076876 -0.57369 1.17 -2.0058 -0.40607 1.2332 -3.6825 -1.0661 -0.54251 0.0076876 0.57369 -0.56465 -1.9664 1.2926 -1.3406 -3.565 0.98728
1 11 120 0.52244 4.7184 0.83152 0.43612 3.4757 0.64314 1.2742 3.4582 0.12875 2.1968 3.3674 -1.2164 3.19 4.2156 -2.0359 -0.40028 3.523 1.1585 -1.9931 3.2235 1.3631 -3.105 3.8982 2.1914 0.65083 -0.00038433 -0.44712 1.259 -2.0061 -0.29984 1.569 -3.6492 -0.97424 -0.65083 0.00038433 0.44712 -0.9578 -1.9478 1.1714 -1.7603 -3.5022 0.73482
1 11 132 0.68391 4.7184 0.70473 0.5603 3.4757 0.53841 1.2732 3.4582 -0.13899 1.8959 3.3674 -1.6465 2.697 4.2156 -2.6547 -0.15067 3.523 1.2164 -1.6662 3.2235 1.7477 -2.5816 3.8982 2.7891 0.54364 -0.00038433 -0.57267 1.1691 -2.0061 -0.55504 1.3322 -3.6492 -1.2792 -0.54364 0.00038433 0.57267 -0.69331 -1.9478 1.345 -1.5691 -3.5022 1.0848
1 12 120 0.46638 4.7346 0.76818 0.38619 3.4911 0.58912 1.227 3.4742 0.079073 2.1402 3.5627 -1.2726 3.0202 4.5406 -2.077 -0.45317 3.5378 1.0997 -2.0584 3.3389 1.3286 -3.1487 4.0937 2.1154 0.64898 0.0038862 -0.44978 1.3103 -1.9904 -0.45052 1.6611 -3.6013 -1.1804 -0.64898 -0.0038857 0.44978 -1.0675 -1.9202 1.2026 -1.974 -3.4288 0.81095
1 12 132 0.6159 4.7346 0.65442 0.50024 3.4911 0.49595 1.2166 3.4742 -0.17776 1.8289 3.5627 -1.6897 2.5224 4.5406 -2.6596 -0.21464 3.5378 1.1699 -1.7372 3.3389 1.7275 -2.6401 4.0937 2.7239 0.54129 0.0038862 -0.57488 1.188 -1.9904 -0.71309 1.3794 -3.6013 -1.5 -0.54129 -0.0038857 0.57488 -0.79417 -1.9202 1.3983 -1.7623 -3.4288 1.2036
1 13 132 0.55142 4.7503 0.58099 0.44408 3.5053 0.43731 1.1598 3.49 -0.23716 1.7795 3.7213 -1.7309 2.379 4.7959 -2.6601 -0.27062 3.5505 1.1115 -1.7861 3.4249 1.7085 -2.6778 4.2425 2.6645 0.54074 0.0021982 -0.57541 1.2032 -1.9763 -0.82238 1.3537 -3.5629 -1.6657 -0.54074 -0.0021982 0.57541 -0.86184 -1.9114 1.3915 -1.906 -3.3776 1.2858
1 13 144 0.66017 4.7503 0.45365 0.52529 3.5053 0.33543 1.0851 3.49 -0.47311 1.3807 3.7213 -2.063 1.774 4.7959 -3.0966 -0.033617 3.5505 1.1435 -1.3918 3.4249 2.0425 -2.0653 4.2425 3.163 0.40929 0.0021982 -0.67526 1.0059 -1.9763 -1.0546 0.97782 -3.5629 -1.9107 -0.40929 -0.0021982 0.67526 -0.55371 -1.9114 1.5403 -1.597 -3.3776 1.654
1 14 132 0.48331 4.7625 0.51466 0.39176 3.515 0.38819 1.1061 3.4989 -0.28775 1.7508 3.8463 -1.748 2.2667 4.9887 -2.6461 -0.322 3.5608 1.0633 -1.8308 3.4926 1.6859 -2.6729 4.363 2.6403 0.53895 0.0029078 -0.57709 1.2267 -1.9637 -0.84844 1.2814 -3.5436 -1.7156 -0.53895 -0.0029073 0.57709 -0.89198 -1.9137 1.3762 -1.9772 -3.3524 1.3191
1 14 144 0.57975 4.7625 0.40293 0.46391 3.515 0.29825 1.0221 3.4989 -0.51143 1.3491 3.8463 -2.0738 1.667 4.9887 -3.0595 -0.093891 3.5608 1.107 -1.4403 3.4926 2.0297 -2.0655 4.363 3.1383 0.40719 0.0029078 -0.67653 1.0235 -1.9637 -1.085 0.89665 -3.5436 -1.9446 -0.40719 -0.0029073 0.67653 -0.58636 -1.9137 1.5316 -1.6597 -3.3524 1.7014
1 15 132 0.42542 4.7698 0.46686 0.35035 3.5196 0.35705 1.0605 3.5055 -0.32326 1.7323 3.9556 -1.7427 2.2168 5.147 -2.5932 -0.35974 3.5634 1.0362 -1.8481 3.5321 1.7088 -2.6726 4.4405 2.6431 0.53292 0.0062594 -0.58263 1.259 -1.9507 -0.82236 1.2368 -3.5419 -1.6699 -0.53292 -0.006259 0.58263 -0.85622 -1.9224 1.3816 -1.9667 -3.3419 1.3313
1 15 144 0.51319 4.7698 0.36821 0.41693 3.5196 0.2764 0.97014 3.5055 -0.53669 1.3321 3.9556 -2.0648 1.6292 5.147 -2.9975 -0.13645 3.5634 1.0883 -1.4524 3.5321 2.0557 -2.0646 4.4405 3.141 0.40014 0.0062594 -0.68069 1.0605 -1.9507 -1.0662 0.86255 -3.5419 -1.8905 -0.40014 -0.006259 0.68069 -0.55025 -1.9224 1.5294 -1.6469 -3.3419 1.7111
1 16 132 0.38345 4.7762 0.43748 0.32295 3.5249 0.3297 1.0267 3.5189 -0.35732 1.7323 4.0487 -1.7322 2.2106 5.2851 -2.5197 -0.38113 3.5607 1.0155 -1.8429 3.5656 1.7449 -2.6616 4.5016 2.6567 0.52293 0.005724 -0.59162 1.277 -1.9486 -0.75347 1.1273 -3.5216 -1.6219 -0.52293 -0.0057244 0.59162 -0.78516 -1.9272 1.3999 -1.9152 -3.3277 1.2871
1 16 144 0.46603 4.7762 0.3482 0.38444 3.5249 0.25535 0.93002 3.5189 -0.56298 1.3343 4.0487 -2.0545 1.6384 5.2851 -2.9243 -0.16166 3.5607 1.0726 -1.4398 3.5656 2.0899 -2.051 4.5016 3.152 0.38849 0.005724 -0.68741 1.0925 -1.9486 -1.0025 0.76547 -3.5216 -1.8209 -0.38849 -0.0057244 0.68741 -0.47694 -1.9272 1.5326 -1.6057 -3.3277 1.6571
1 17 132 0.35226 4.7841 0.4397 0.30428 3.5332 0.32002 1.0035 3.5389 -0.37164 1.7582 4.0966 -1.7088 2.2292 5.3685 -2.4424 -0.39545 3.5572 1.0108 -1.8222 3.5605 1.8064 -2.6345 4.5152 2.7044 0.51913 0.0050941 -0.59496 1.3668 -1.9167 -0.64603 1.0338 -3.4226 -1.58 -0.51913 -0.0050941 0.59496 -0.78162 -1.9148 1.4306 -1.9301 -3.2738 1.1391
1 17 144 0.43598 4.7841 0.35685 0.36417 3.5332 0.24976 0.90433 3.5389 -0.57217 1.3645 4.0966 -2.037 1.6727 5.3685 -2.8525 -0.17665 3.5572 1.0709 -1.4068 3.5605 2.1458 -2.0147 4.5152 3.1931 0.38409 0.0050941 -0.68989 1.2026 -1.9167 -0.91608 0.68274 -3.4226 -1.7604 -0.38409 -0.0050941 0.68989 -0.46709 -1.9148 1.5619 -1.6511 -3.2738 1.5155
1 18 132 0.30718 4.792 0.50813 0.25818 3.5417 0.37023 0.95683 3.5548 -0.32193 1.784 4.0423 -1.6436 2.2796 5.3259 -2.3396 -0.44065 3.5585 1.0621 -1.8284 3.4624 1.9187 -2.6327 4.4041 2.8373 0.51885 0.023301 -0.59477 1.4652 -1.8519 -0.54478 1.0507 -3.3211 -1.5042 -0.51885 -0.023301 0.59477 -0.80145 -1.8979 1.5005 -1.9523 -3.2267 1.0996
1 18 144 0.40612 4.792 0.43316 0.32952 3.5417 0.30846 0.86899 3.5548 -0.51383 1.4033 4.0423 -1.9786 1.7433 5.3259 -2.7624 -0.2102 3.5585 1.1305 -1.3895 3.4624 2.2569 -1.9853 4.4041 3.3227 0.38385 0.023301 -0.68965 1.3199 -1.8519 -0.8375 0.715 -3.3211 -1.6897 -0.38385 -0.023301 0.68965 -0.47196 -1.8979 1.6344 -1.681 -3.2267 1.4815
1 19 132 0.36469 4.7813 0.59258 0.30749 3.5332 0.42825 1.0054 3.5557 -0.26438 1.9108 3.8797 -1.585 2.4956 5.1256 -2.2803 -0.39017 3.5404 1.1215 -1.738 3.2802 2.0072 -2.5254 4.1269 3.0273 0.51683 0.02253 -0.59656 1.6371 -1.7451 -0.41058 1.1405 -3.1652 -1.4044 -0.51683 -0.02253 0.59656 -0.71813 -1.8653 1.5854 -1.8983 -3.1465 1.12
1 19 144 0.47993 4.7813 0.50381 0.38981 3.5332 0.35496 0.92849 3.5557 -0.46764 1.5395 3.8797 -1.9477 1.967 5.1256 -2.7493 -0.14847 3.5404 1.1781 -1.2827 3.2802 2.3247 -1.8408 4.1269 3.4862 0.3815 0.02253 -0.69098 1.516 -1.7451 -0.74199 0.82357 -3.1652 -1.6108 -0.3815 -0.02253 0.69098 -0.37281 -1.8653 1.7001 -1.624 -3.1465 1.4902
1 20 132 0.33595 4.7851 0.62503 0.27445 3.5387 0.44441 0.9771 3.5651 -0.24331 1.9372 3.7278 -1.5549 2.668 4.8529 -2.3149 -0.42757 3.5421 1.1333 -1.7155 3.1237 2.0469 -2.5243 3.7809 3.1835 0.52796 0.025454 -0.58661 1.6343 -1.7494 -0.38603 1.1432 -3.1782 -1.37 -0.52796 -0.025454 0.58661 -0.67766 -1.8482 1.6208 -1.832 -3.1411 1.1239
1 20 144 0.45856 4.7851 0.54152 0.36085 3.5387 0.37763 0.90516 3.5651 -0.44114 1.5716 3.7278 -1.9237 2.1284 4.8529 -2.8191 -0.1826 3.5421 1.1974 -1.2525 3.1237 2.3589 -1.8072 3.7809 3.6388 0.39446 0.025454 -0.68356 1.5184 -1.7494 -0.71739 0.83337 -3.1782 -1.5777 -0.39446 -0.025454 0.68356 -0.32588 -1.8482 1.7262 -1.5583 -3.1411 1.4802
1 21 132 0.26453 4.7897 0.64802 0.21949 3.5422 0.46579 0.9269 3.5754 -0.21672 1.928 3.6035 -1.5074 2.7722 4.5548 -2.3792 -0.48743 3.5388 1.1496 -1.7213 3.0017 2.0758 -2.5763 3.4597 3.2745 0.53085 0.042914 -0.58297 1.5561 -1.7826 -0.40789 1.143 -3.2514 -1.3686 -0.53085 -0.042914 0.58297 -0.67738 -1.9055 1.5441 -1.8314 -3.2254 1.1236
1 21 144 0.39348 4.7897 0.57886 0.31153 3.5422 0.40998 0.86159 3.5754 -0.4047 1.5724 3.6035 -1.8753 2.217 4.5548 -2.9036 -0.23776 3.5388 1.2258 -1.2521 3.0017 2.3883 -1.8392 3.4597 3.7386 0.39804 0.042914 -0.6806 1.4373 -1.7826 -0.72252 0.83347 -3.2514 -1.5763 -0.39804 -0.042914 0.6806 -0.34155 -1.9055 1.6512 -1.5577 -3.2254 1.4798
1 22 132 0.27197 4.7925 0.61696 0.24295 3.5434 0.43674 0.94699 3.5844 -0.24884 1.9619 3.5113 -1.5268 2.8698 4.3168 -2.4779 -0.46076 3.5323 1.1238 -1.6638 2.9232 2.046 -2.5619 3.2475 3.2568 0.5184 0.032543 -0.59473 1.4902 -1.8257 -0.46501 1.1477 -3.3349 -1.3902 -0.5184 -0.032543 0.59473 -0.68596 -1.9462 1.4456 -1.8228 -3.3027 1.1011
1 22 144 0.3943 4.7925 0.54693 0.32845 3.5434 0.37669 0.87456 3.5844 -0.44029 1.6016 3.5113 -1.9014 2.2919 4.3168 -3.0205 -0.21704 3.5323 1.195 -1.2021 2.9232 2.3472 -1.8288 3.2475 3.7182 0.38342 0.032543 -0.68951 1.361 -1.8257 -0.76468 0.83359 -3.3349 -1.5984 -0.38342 -0.032543 0.68951 -0.37041 -1.9462 1.5566 -1.554 -3.3027 1.456
1 23 132 0.30585 4.7841 0.63421 0.28803 3.5348 0.45427 0.98751 3.5798 -0.2357 1.9884 3.4409 -1.5193 2.9182 4.1714 -2.509 -0.4113 3.5196 1.1457 -1.6178 2.8892 2.0489 -2.5325 3.1804 3.2556 0.51919 0.028409 -0.59425 1.4464 -1.8553 -0.51522 1.1582 -3.3942 -1.4096 -0.51919 -0.028409 0.59425 -0.69263 -1.9726 1.3717 -1.8075 -3.3611 1.089
1 24 120 0.2206 4.7668 0.75239 0.24385 3.5167 0.575 1.075 3.5582 0.050698 2.3026 3.3909 -1.0141 3.4162 4.1103 -1.8014 -0.58719 3.5049 1.1009 -1.9742 2.8913 1.7079 -3.1067 3.2203 2.7013 0.63271 0.028842 -0.47154 1.5255 -1.8556 -0.21419 1.4548 -3.4071 -1.13 -0.63271 -0.028842 0.47154 -0.94961 -1.9753 1.1963 -1.9757 -3.3737 0.70366
1 24 132 0.37221 4.7668 0.69008 0.35807 3.5167 0.51174 1.062 3.5582 -0.17391 2.0414 3.3909 -1.4706 2.9671 4.1103 -2.4723 -0.34547 3.5049 1.1989 -1.576 2.8913 2.0811 -2.4772 3.2203 3.2882 0.52085 0.028842 -0.59278 1.4477 -1.8556 -0.52669 1.188 -3.4071 -1.4077 -0.52085 -0.028842 0.59278 -0.68014 -1.9753 1.3676 -1.7862 -3.3737 1.099
1 25 120 0.29823 4.7492 0.82849 0.31577 3.4987 0.6468 1.1491 3.5332 0.12546 2.3566 3.3741 -0.96323 3.4617 4.1162 -1.7415 -0.51681 3.4939 1.1704 -1.936 2.9262 1.7469 -3.0289 3.3326 2.7559 0.62886 0.025141 -0.47687 1.5725 -1.8276 -0.17527 1.4932 -3.3742 -1.0988 -0.62886 -0.025141 0.47687 -0.92909 -1.9465 1.2723 -1.942 -3.3401 0.74064
1 25 132 0.46396 4.7492 0.74838 0.44334 3.4987 0.56701 1.15 3.5332 -0.11618 2.1048 3.3741 -1.4322 3.024 4.1162 -2.4232 -0.26218 3.4939 1.2523 -1.5305 2.9262 2.1113 -2.3897 3.3326 3.3255 0.51597 0.025141 -0.59719 1.5017 -1.8276 -0.49839 1.2321 -3.3742 -1.3852 -0.51597 -0.025141 0.59719 -0.64426 -1.9465 1.4377 -1.7456 -3.3401 1.1282
1 26 120 0.38129 4.7337 0.90269 0.38781 3.4856 0.70255 1.2232 3.5171 0.18434 2.4137 3.4149 -0.92962 3.5051 4.1857 -1.6993 -0.44614 3.4836 1.224 -1.9003 2.9972 1.7874 -2.9477 3.492 2.8051 0.62674 0.017431 -0.47999 1.659 -1.7704 -0.089768 1.5507 -3.2944 -1.0472 -0.62674 -0.017431 0.47999 -0.89643 -1.8828 1.4084 -1.8905 -3.2613 0.80629
1 26 132 0.56064 4.7337 0.80369 0.5254 3.4856 0.60657 1.2348 3.5171 -0.074002 2.1677 3.4149 -1.4111 3.0752 4.1857 -2.3909 -0.18192 3.4836 1.29 -1.4872 2.9972 2.1435 -2.3001 3.492 3.3567 0.51325 0.017431 -0.59981 1.6041 -1.7704 -0.43274 1.2991 -3.2944 -1.3467 -0.51325 -0.017431 0.59981 -0.58403 -1.8828 1.564 -1.6816 -3.2613 1.1817
1 27 120 0.41589 4.723 0.96289 0.41792 3.4787 0.74354 1.2528 3.5066 0.22441 2.4394 3.4883 -0.8983 3.5175 4.2803 -1.6652 -0.41501 3.4802 1.2666 -1.893 3.0871 1.8408 -2.9018 3.6559 2.8589 0.62963 0.01708 -0.4762 1.7386 -1.7067 -0.014444 1.6111 -3.2105 -1.001 -0.62963 -0.01708 0.4762 -0.89052 -1.813 1.535 -1.8683 -3.1757 0.87341
1 27 132 0.607 4.723 0.85538 0.56337 3.4787 0.6404 1.2721 3.5066 -0.04097 2.1993 3.4883 -1.3858 3.0944 4.2803 -2.3601 -0.1426 3.4802 1.3252 -1.469 3.0871 2.1942 -2.244 3.6559 3.3998 0.51687 0.01708 -0.59671 1.6976 -1.7067 -0.3756 1.3678 -3.2105 -1.3141 -0.51687 -0.01708 0.59671 -0.55191 -1.813 1.6866 -1.6458 -3.1757 1.2428
1 28 120 0.44706 4.7097 1.0166 0.4364 3.4666 0.78888 1.2719 3.4941 0.27074 2.4566 3.4581 -0.85358 3.5551 4.2513 -1.5897 -0.39676 3.4684 1.3116 -1.8742 3.0686 1.8825 -2.8431 3.6634 2.9242 0.6308 0.023125 -0.47439 1.7481 -1.6962 -0.016352 1.6401 -3.2088 -0.9917 -0.6308 -0.023125 0.47439 -0.90435 -1.7975 1.5657 -1.8659 -3.1744 0.90967
1 28 132 0.64865 4.7097 0.90141 0.59088 3.4666 0.68091 1.3004 3.4941 0.00037069 2.2254 3.4581 -1.3457 3.1469 4.2513 -2.2941 -0.1154 3.4684 1.3654 -1.4418 3.0686 2.2311 -2.173 3.6634 3.4514 0.51839 0.023125 -0.59518 1.7065 -1.6962 -0.37944 1.398 -3.2088 -1.311 -0.51839 -0.023125 0.59518 -0.55905 -1.7975 1.7196 -1.636 -3.1744 1.2777
1 29 120 0.44762 4.723 0.9645 0.42642 3.477 0.74912 1.2578 3.5047 0.22431 2.443 3.2867 -0.8786 3.6356 3.9784 -1.5693 -0.40264 3.4787 1.2783 -1.8355 2.9165 1.8255 -2.7883 3.4099 2.933 0.6273 0.019869 -0.47916 1.6195 -1.7982 -0.12616 1.5984 -3.3454 -1.0517 -0.6273 -0.019869 0.47916 -0.91299 -1.8871 1.399 -1.8722 -3.3118 0.85033
1 29 132 0.63837 4.723 0.85036 0.57286 3.477 0.64409 1.2769 3.5047 -0.042099 2.207 3.2867 -1.3673 3.2299 3.9784 -2.2909 -0.12807 3.4787 1.3341 -1.4159 2.9165 2.1672 -2.1175 3.4099 3.4486 0.51397 0.019869 -0.59912 1.5579 -1.7982 -0.46011 1.3448 -3.3454 -1.361 -0.51397 -0.019869 0.59912 -0.60217 -1.8871 1.5583 -1.6545 -3.3118 1.221
1 30 120 0.433 4.7276 0.92446 0.41444 3.4778 0.7314 1.2424 3.5006 0.20096 2.3972 3.0126 -0.84636 3.7215 3.47 -1.4904 -0.41156 3.4845 1.2653 -1.7498 2.6909 1.7635 -2.7098 2.9379 2.9446 0.63188 0.018315 -0.47317 1.4078 -1.9221 -0.25664 1.4761 -3.5071 -1.1135 -0.63188 -0.018315 0.47317 -0.88463 -1.9892 1.1557 -1.8567 -3.4572 0.76719
1 30 132 0.61575 4.7276 0.81424 0.55745 3.4778 0.62925 1.257 3.5006 -0.061738 2.1689 3.0126 -1.3263 3.3303 3.47 -2.2316 -0.1395 3.4845 1.3232 -1.3449 2.6909 2.0887 -2.0383 2.9379 3.4437 0.5197 0.018315 -0.5942 1.3237 -1.9221 -0.54373 1.2124 -3.5071 -1.3961 -0.5197 -0.018315 0.5942 -0.62501 -1.9892 1.3144 -1.6566 -3.4572 1.1365
1 31 108 0.23599 4.7039 1.0811 0.25054 3.4551 0.88019 1.168 3.4778 0.5265 2.3949 2.7202 -0.24144 3.9087 2.8468 -0.506 -0.66567 3.462 1.2378 -1.957 2.4695 1.3653 -3.1173 2.3572 2.3747 0.72057 0.026104 -0.32186 1.2831 -1.9708 0.01048 1.4975 -3.5966 -0.7388 -0.72057 -0.026104 0.32186 -0.97443 -2.0451 0.84471 -1.8473 -3.5379 0.33404
1 31 120 0.45562 4.7039 1.0085 0.42807 3.4551 0.80886 1.252 3.4778 0.27215 2.2923 2.7202 -0.73409 3.7181 2.8468 -1.3076 -0.39378 3.462 1.3491 -1.6304 2.4695 1.7424 -2.5554 2.3572 2.9709 0.63791 0.026104 -0.46464 1.2572 -1.9708 -0.25651 1.3112 -3.5966 -1.034 -0.63791 -0.026104 0.46464 -0.77751 -2.0451 1.0288 -1.7375 -3.5379 0.71081
1 31 132 0.65533 4.7039 0.89169 0.58689 3.4551 0.70219 1.2812 3.4778 0.005905 2.0896 2.7202 -1.1946 3.3649 2.8468 -2.0521 -0.10467 3.462 1.4015 -1.2325 2.4695 2.0433 -1.8819 2.3572 3.4373 0.52736 0.026104 -0.58712 1.1764 -1.9708 -0.51229 1.0676 -3.5966 -1.284 -0.52736 -0.026104 0.58712 -0.54661 -2.0451 1.168 -1.5517 -3.5379 1.0565
1 32 96 0.00096954 4.6708 1.2432 0.056248 3.4259 1.0235 1.0264 3.4613 0.86552 2.2041 2.459 0.33915 3.7205 2.2151 0.47561 -0.9136 3.4198 1.187 -2.0475 2.2658 0.96056 -3.3089 1.7836 1.7048 0.77044 0.034796 -0.16943 1.1544 -1.9584 0.37269 1.3303 -3.6289 -0.28274 -0.77044 -0.034796 0.16943 -0.98868 -2.0421 0.75017 -1.5736 -3.5649 -0.017961
1 32 108 0.25943 4.6708 1.2159 0.26782 3.4259 0.98946 1.1839 3.4613 0.63322 2.2264 2.459 -0.12652 3.7381 2.2151 -0.30833 -0.64686 3.4198 1.351 -1.803 2.2658 1.3653 -2.8822 1.7836 2.3555 0.71838 0.034796 -0.32592 1.2066 -1.9584 0.12454 1.2424 -3.6289 -0.55314 -0.71838 -0.034796 0.32592 -0.8111 -2.0421 0.93934 -1.5429 -3.5649 0.3096
1 32 120 0.50655 4.6708 1.1354 0.46769 3.4259 0.91216 1.2897 3.4613 0.37323 2.1515 2.459 -0.58666 3.5923 2.2151 -1.0788 -0.35184 3.4198 1.4559 -1.4798 2.2658 1.7103 -2.3294 1.7836 2.9033 0.63492 0.034796 -0.46815 1.2061 -1.9584 -0.12906 1.1002 -3.6289 -0.79936 -0.63492 -0.034796 0.46815 -0.59808 -2.0421 1.0874 -1.4449 -3.5649 0.62363
1 33 108 0.29635 4.633 1.3503 0.30338 3.3957 1.0898 1.2225 3.4379 0.74236 2.0558 2.2415 0.0054668 3.4708 1.6371 -0.095932 -0.61405 3.3824 1.4441 -1.6128 2.0927 1.3546 -2.5598 1.2928 2.2717 0.71612 0.039126 -0.33036 1.0998 -1.9433 0.25019 0.92635 -3.6239 -0.37951 -0.71612 -0.039126 0.33036 -0.62958 -2.0099 1.0535 -1.158 -3.5296 0.23978
1 44 96 0.1439 4.7064 1.1098 0.16206 3.4614 0.88494 1.1346 3.4653 0.73857 1.9978 2.153 0.28975 3.4299 1.5969 0.42201 -0.80947 3.4869 1.0361 -1.7667 2.1635 1.0033 -2.9394 1.7244 1.9031 0.77658 -0.0079145 -0.14268 0.98138 -2.0015 0.48822 0.95586 -3.6775 -0.17593 -0.77658 0.0079145 0.14268 -0.93075 -1.9752 0.81939 -1.0557 -3.5813 0.0096863
1 44 108 0.3715 4.7064 1.0556 0.3425 3.4614 0.8319 1.2634 3.4653 0.48652 2.0144 2.153 -0.13196 3.4427 1.5969 -0.30033 -0.57637 3.4869 1.1817 -1.5195 2.1635 1.3487 -2.4795 1.7244 2.4726 0.72995 -0.0079145 -0.30102 1.0614 -2.0015 0.27351 0.8984 -3.6775 -0.37082 -0.72995 0.0079145 0.30102 -0.74005 -1.9752 0.995 -1.0306 -3.5813 0.22897
2 0 276 0.27171 3.8359 2.9158 0.23483 2.9528 2.0117 1.2149 2.9191 1.9369 1.6296 2.625 0.38436 2.4898 1.6837 -0.48268 -0.74248 3.0067 2.1083 -1.6672 2.8813 0.76745 -2.9769 2.3106 0.18706 0.78117 0.012938 -0.11446 0.84488 -1.8841 0.78646 0.66386 -3.5499 0.12088 -0.78117 -0.012938 0.11446 -0.75438 -1.9294 0.97515 -0.84631 -3.4966 0.088467
2 0 288 0.87201 3.8359 2.7956 0.64796 2.9528 1.9189 1.5911 2.9191 1.6419 1.6739 2.625 0.037153 2.335 1.6837 -0.98978 -0.28791 3.0067 2.2166 -1.4712 2.8813 1.0973 -2.8729 2.3106 0.8019 0.7403 0.012938 -0.27437 0.98993 -1.8841 0.59362 0.67449 -3.5499 -0.019783 -0.7403 -0.012938 0.27437 -0.53515 -1.9294 1.1107 -0.80942 -3.4966 0.26249
2 1 276 0.28063 3.6134 3.187 0.24415 2.7952 2.2237 1.2245 2.7601 2.1522 1.5545 2.665 0.55511 2.3568 1.8565 -0.48433 -0.73336 2.849 2.3183 -1.5847 2.8947 0.92475 -2.8582 2.4268 0.19193 0.78188 0.014499 -0.10932 0.83635 -1.8475 0.86238 0.66008 -3.4955 0.15234 -0.78188 -0.014499 0.10932 -0.75544 -1.8983 1.0393 -0.84431 -3.4444 0.11593
2 1 288 0.93711 3.6134 3.059 0.70115 2.7952 2.1244 1.6452 2.7601 1.8506 1.636 2.665 0.21978 2.2046 1.8565 -0.96374 -0.23535 2.849 2.4201 -1.3578 2.8947 1.234 -2.7558 2.4268 0.78198 0.74207 0.014499 -0.26949 0.99737 -1.8475 0.66965 0.67732 -3.4955 0.011775 -0.74207 -0.014499 0.26949 -0.52285 -1.8983 1.1736 -0.80175 -3.4444 0.28893
2 2 276 0.28202 3.386 3.4319 0.24717 2.6228 2.4245 1.2277 2.5858 2.3566 1.48 2.6451 0.7437 2.2225 1.9737 -0.42917 -0.73056 2.6772 2.5163 -1.5058 2.8408 1.0877 -2.7256 2.4453 0.23133 0.7832 0.015066 -0.099316 0.82816 -1.8052 0.94891 0.65762 -3.429 0.1839 -0.7832 -0.015066 0.099315 -0.75249 -1.8574 1.1089 -0.83793 -3.3763 0.14121
2 2 288 0.9894 3.386 3.2983 0.74584 2.6228 2.3201 1.6908 2.5858 2.0499 1.6023 2.6451 0.41973 2.0847 1.9737 -0.88189 -0.19142 2.6772 2.6133 -1.2467 2.8408 1.377 -2.6179 2.4453 0.79295 0.74544 0.015066 -0.25998 1.0074 -1.8052 0.75599 0.68149 -3.429 0.043158 -0.74544 -0.015066 0.25998 -0.50549 -1.8574 1.2411 -0.79026 -3.3763 0.31234
2 3 276 0.27237 3.1577 3.6484 0.24246 2.4443 2.6054 1.223 2.4053 2.5393 1.417 2.5639 0.92503 2.1005 2.0048 -0.33906 -0.73532 2.4995 2.6963 -1.4352 2.7147 1.2359 -2.5888 2.34 0.28383 0.78466 0.014306 -0.087162 0.82309 -1.7571 1.0419 0.65611 -3.3483 0.21064 -0.78466 -0.014306 0.087162 -0.749 -1.8078 1.181 -0.83177 -3.2925 0.16127
2 3 288 1.025 3.1577 3.5121 0.77885 2.4443 2.498 1.7242 2.4053 2.2296 1.5784 2.5639 0.6102 1.9841 2.0048 -0.76837 -0.15866 2.4995 2.7902 -1.1468 2.7147 1.5073 -2.4732 2.34 0.81587 0.74939 0.014306 -0.2484 1.0217 -1.7571 0.84805 0.68557 -3.3483 0.069629 -0.74939 -0.014306 0.2484 -0.4871 -1.8078 1.3109 -0.78006 -3.2925 0.33068
2 4 276 0.27081 2.9497 3.8235 0.24721 2.2762 2.7545 1.2277 2.2324 2.6907 1.3779 2.4214 1.075 2.0084 1.9191 -0.23945 -0.73049 2.3353 2.8438 -1.3625 2.5215 1.3489 -2.448 2.1105 0.33378 0.78541 0.01072 -0.080748 0.81169 -1.7051 1.1315 0.6546 -3.256 0.22548 -0.78541 -0.01072 0.080747 -0.75097 -1.7526 1.2551 -0.82196 -3.192 0.17168
2 4 288 1.0598 2.9497 3.6837 0.81451 2.2762 2.6429 1.7603 2.2324 2.3767 1.5713 2.4214 0.76505 1.9147 1.9191 -0.65178 -0.12327 2.3353 2.9335 -1.0523 2.5215 1.6027 -2.3251 2.1105 0.83546 0.75145 0.01072 -0.24228 1.0292 -1.7051 0.938 0.68717 -3.256 0.084453 -0.75145 -0.01072 0.24228 -0.47361 -1.7526 1.3838 -0.7683 -3.192 0.33883
2 5 276 0.26121 2.7986 3.9394 0.24339 2.1446 2.8589 1.2237 2.0931 2.7982 1.348 2.2399 1.1759 1.9336 1.7 -0.14441 -0.73411 2.2108 2.9454 -1.3143 2.2949 1.4206 -2.3328 1.7347 0.40745 0.78576 0.010496 -0.077229 0.79405 -1.6485 1.2119 0.65112 -3.1458 0.21766 -0.78576 -0.010496 0.077229 -0.75903 -1.6942 1.3338 -0.81514 -3.0721 0.17227
2 5 288 1.0745 2.7986 3.799 0.83247 2.1446 2.7458 1.7787 2.0931 2.4826 1.563 2.2399 0.86995 1.8613 1.7 -0.54327 -0.10568 2.2108 3.0337 -0.99024 2.2949 1.6628 -2.1971 1.7347 0.88357 0.75254 0.010496 -0.23891 1.0287 -1.6485 1.0204 0.68214 -3.1458 0.077526 -0.75254 -0.010496 0.23891 -0.46514 -1.6942 1.4624 -0.76151 -3.0721 0.33799
2 6 276 0.25683 2.7106 4.0022 0.25182 2.0625 2.9186 1.2324 2.0064 2.8661 1.3517 2.0068 1.2368 1.8954 1.3195 -0.031928 -0.72604 2.133 2.9971 -1.278 2.0216 1.4636 -2.2262 1.2245 0.54545 0.78557 0.0067756 -0.079609 0.78082 -1.5877 1.2886 0.66049 -3.0171 0.19626 -0.78557 -0.0067759 0.079609 -0.77169 -1.6419 1.3989 -0.8233 -2.9469 0.15577
2 7 276 0.25041 2.7171 3.9971 0.26427 2.0506 2.9253 1.2454 1.992 2.889 1.3793 1.7159 1.2844 1.8812 0.78388 0.16324 -0.71457 2.1239 2.9875 -1.2624 1.7171 1.5032 -2.1177 0.6437 0.80031 0.78567 -0.0050759 -0.078663 0.76581 -1.5194 1.3776 0.68546 -2.8623 0.17713 -0.78567 0.0050757 0.078663 -0.79509 -1.5943 1.4411 -0.84504 -2.8258 0.12508
2 8 276 0.23276 2.8051 3.9365 0.25943 2.1052 2.8869 1.2408 2.0428 2.8652 1.4129 1.4042 1.3714 1.8662 0.14683 0.60255 -0.7199 2.183 2.9341 -1.2796 1.4022 1.6127 -2.011 0.079658 1.3069 0.78628 -0.01733 -0.070398 0.74585 -1.4641 1.4526 0.6969 -2.7125 0.15256 -0.78628 0.01733 0.070398 -0.82806 -1.5486 1.4705 -0.85744 -2.7042 0.086811
2 9 276 0.20358 2.9672 3.818 0.23573 2.211 2.8095 1.2172 2.1476 2.798 1.4652 1.1048 1.5653 1.8143 -0.39127 1.4323 -0.74392 2.2905 2.8459 -1.2817 1.1236 1.8369 -1.8459 -0.28579 2.1069 0.78704 -0.027252 -0.05764 0.72389 -1.4574 1.4802 0.68084 -2.6057 0.090747 -0.78704 0.027252 0.057641 -0.85969 -1.5252 1.4715 -0.86588 -2.604 0.026885
2 10 276 0.16549 3.171 3.6542 0.19971 2.3442 2.7042 1.1817 2.2904 2.6939 1.5153 0.89263 1.917 1.6779 -0.49473 2.57 -0.78065 2.4155 2.7384 -1.2535 0.95053 2.1916 -1.5769 -0.24212 3.1139 0.78769 -0.024077 -0.049584 0.70409 -1.4658 1.4764 0.65871 -2.531 0.022451 -0.78769 0.024077 0.049583 -0.88159 -1.5389 1.4506 -0.86335 -2.5398 -0.049028
2 11 276 0.12404 3.3702 3.4734 0.16576 2.4721 2.5933 1.1485 2.4337 2.5859 1.5766 0.86436 2.4353 1.5188 0.041216 3.7379 -0.81564 2.5293 2.6237 -1.2012 0.94194 2.6398 -1.2563 0.34795 4.0617 0.78797 -0.012567 -0.049439 0.68288 -1.5157 1.4147 0.64048 -2.5375 -0.070227 -0.78797 0.012567 0.049439 -0.8743 -1.6017 1.3915 -0.85977 -2.544 -0.14565
2 16 276 0.09069 4.4234 1.9533 0.14572 3.2223 1.5611 1.1292 3.2323 1.5698 1.7376 2.8413 3.0346 1.1025 4.2241 3.2842 -0.83766 3.2403 1.5628 -1.2733 2.6674 3.0294 -0.90716 4.1564 3.192 0.78537 0.0054674 -0.08165 0.73684 -2.0939 -0.15004 0.71467 -3.4756 -1.3082 -0.78537 -0.0054674 0.08165 -0.9474 -2.0999 0.046226 -1.165 -3.369 -1.2159
2 17 276 0.091081 4.5058 1.7623 0.11912 3.2936 1.3976 1.1026 3.301 1.3902 1.6872 2.9214 2.8677 1.0654 4.3138 3.0963 -0.86407 3.3147 1.4137 -1.3513 2.7787 2.878 -0.96845 4.268 2.9924 0.78632 0.0069966 -0.071713 0.73204 -2.0906 -0.17916 0.73995 -3.4583 -1.354 -0.78632 -0.0069966 0.071713 -0.90384 -2.1029 -0.015066 -1.17 -3.2855 -1.3498
2 18 276 0.087765 4.4801 1.8259 0.091628 3.2693 1.4558 1.075 3.2653 1.4376 1.6609 2.8407 2.9022 1.0492 4.2333 3.1558 -0.891 3.3016 1.4834 -1.4093 2.7195 2.9191 -1.0187 4.2029 3.0758 0.78768 0.0096245 -0.054427 0.73673 -2.0891 0.029268 0.70542 -3.3302 -1.2782 -0.78768 -0.009625 0.054427 -0.87824 -2.1047 0.18391 -1.0961 -3.1304 -1.2828
2 31 276 -0.058501 3.3583 3.4766 -0.021467 2.5098 2.5468 0.96144 2.4763 2.5351 1.2766 0.9049 2.2186 1.5341 -0.39496 3.007 -1.003 2.5612 2.5824 -1.5608 1.0533 2.2929 -1.8866 -0.26391 3.0254 0.78831 0.038656 -0.023947 0.82738 -1.0066 1.7982 0.78262 -2.4392 0.70432 -0.78831 -0.038656 0.023947 -0.78444 -1.0124 1.8857 -0.82213 -2.3741 0.70451
2 32 276 -0.043226 3.0832 3.7207 -0.014078 2.3101 2.7268 0.96871 2.2783 2.705 1.3145 0.80285 2.095 1.6108 -0.61789 2.616 -0.99534 2.3578 2.7737 -1.5825 0.96049 2.1643 -1.8902 -0.50534 2.5309 0.78811 0.041699 -0.025193 0.82076 -1.07 1.7573 0.75708 -2.5028 0.66467 -0.78811 -0.041699 0.025193 -0.76482 -1.108 1.8354 -0.8163 -2.4642 0.64842
2 33 276 -0.020385 2.7665 3.9594 0.00051241 2.0883 2.8966 0.98321 2.0622 2.865 1.363 0.74715 1.9733 1.6701 -0.75167 2.1654 -0.98051 2.1283 2.9544 -1.5956 0.91968 2.0436 -1.8559 -0.60015 2.0471 0.78822 0.040777 -0.023249 0.81158 -1.1647 1.6974 0.77339 -2.6282 0.64495 -0.78822 -0.040776 0.023249 -0.73423 -1.2153 1.7645 -0.8339 -2.6047 0.61974
2 34 276 0.010812 2.4375 4.169 0.018465 1.8579 3.0477 1.0009 1.827 3.0138 1.3962 0.71782 1.8815 1.7538 -0.77292 1.7158 -0.96225 1.9006 3.1088 -1.5884 0.91276 1.9682 -1.85 -0.55689 1.5818 0.7884 0.03717 -0.023387 0.80023 -1.2951 1.6012 0.78717 -2.8089 0.6218 -0.7884 -0.03717 0.023387 -0.71898 -1.3441 1.667 -0.84126 -2.7841 0.58897
2 35 276 0.049898 2.1116 4.3426 0.04434 1.6199 3.1796 1.0262 1.5767 3.1412 1.4126 0.69891 1.8187 1.8434 -0.70699 1.3545 -0.93552 1.673 3.2461 -1.5607 0.91684 1.9399 -1.8617 -0.40448 1.2042 0.78874 0.029358 -0.022959 0.78274 -1.4501 1.4689 0.79423 -3.0161 0.5753 -0.78874 -0.029358 0.022958 -0.72178 -1.4875 1.5342 -0.85179 -2.9905 0.54685
2 36 276 0.092722 1.7903 4.4833 0.077618 1.3833 3.2878 1.0587 1.3333 3.2388 1.4257 0.68071 1.7868 1.9478 -0.62561 1.1555 -0.90115 1.4412 3.3654 -1.5487 0.93945 1.952 -1.9091 -0.1934 0.9699 0.78902 0.019832 -0.023341 0.74999 -1.585 1.3321 0.8054 -3.2003 0.53296 -0.78902 -0.019832 0.023341 -0.72798 -1.6097 1.3955 -0.87067 -3.1745 0.51111
2 56 276 0.58382 1.9422 4.3759 0.49662 1.5224 3.1868 1.4733 1.4976 3.0735 1.7958 1.4758 1.4722 2.3475 0.55327 0.3666 -0.47611 1.556 3.3283 -1.2963 1.4847 1.9173 -2.1121 0.56874 0.98286 0.77727 0.021492 -0.13746 0.79414 -1.8831 0.74934 0.87189 -3.5939 0.18515 -0.77727 -0.021492 0.13746 -0.64045 -1.945 0.97148 -0.79403 -3.5647 0.19437
2 57 276 0.55687 1.8792 4.4059 0.475 1.482 3.2089 1.4519 1.4539 3.0977 1.7695 1.6198 1.5039 2.3963 0.93059 0.2752 -0.49792 1.5184 3.3483 -1.3047 1.6398 1.933 -2.231 0.9053 0.94303 0.77881 0.016918 -0.12909 0.78954 -1.8724 0.78996 0.86481 -3.5716 0.19179 -0.77881 -0.016918 0.12909 -0.65052 -1.9307 0.98662 -0.79892 -3.5446 0.19668
2 58 276 0.52442 1.7787 4.4509 0.45429 1.4074 3.2447 1.4323 1.3749 3.1452 1.7289 1.6954 1.571 2.4108 1.1902 0.28364 -0.52005 1.4475 3.3727 -1.2924 1.7422 1.9637 -2.29 1.1201 0.96594 0.78013 0.012627 -0.12136 0.78815 -1.8454 0.85946 0.85658 -3.5255 0.20883 -0.78013 -0.012627 0.12136 -0.67121 -1.9024 1.0331 -0.80789 -3.5005 0.2096
2 59 276 0.48801 1.6634 4.4998 0.43394 1.3187 3.2854 1.4124 1.279 3.1935 1.6785 1.712 1.6409 2.4016 1.3134 0.33864 -0.54105 1.3656 3.4061 -1.2647 1.7821 2.002 -2.296 1.1928 1.0187 0.78139 0.010248 -0.11326 0.78186 -1.8044 0.94562 0.84363 -3.4552 0.22313 -0.78139 -0.010248 0.11326 -0.69487 -1.8631 1.1001 -0.80998 -3.4329 0.22075
2 60 276 0.45987 1.5685 4.5395 0.41662 1.2386 3.3211 1.395 1.1953 3.2306 1.6335 1.6679 1.6851 2.3731 1.2769 0.38976 -0.55837 1.2887 3.4405 -1.2302 1.7386 2.0211 -2.2627 1.1176 1.0587 0.78201 0.010645 -0.10885 0.77231 -1.7535 1.0321 0.82678 -3.3666 0.22831 -0.78201 -0.010645 0.10885 -0.71 -1.8188 1.1764 -0.81595 -3.3453 0.22279
2 61 276 0.42632 1.5293 4.558 0.39586 1.1956 3.3404 1.375 1.1451 3.2617 1.5849 1.5626 1.6963 2.323 1.0738 0.43378 -0.5801 1.253 3.4479 -1.217 1.6294 1.9914 -2.2257 0.8901 1.0895 0.78283 0.0082362 -0.10299 0.76483 -1.6987 1.122 0.81216 -3.2607 0.22264 -0.78283 -0.0082364 0.10299 -0.72222 -1.7684 1.2487 -0.81826 -3.239 0.21005
2 62 276 0.39746 1.5726 4.5496 0.37407 1.2132 3.3388 1.3539 1.1632 3.2695 1.5472 1.4061 1.6656 2.2638 0.70331 0.49501 -0.60289 1.2707 3.4368 -1.2186 1.4354 1.9327 -2.1716 0.49515 1.1677 0.78396 -0.0022628 -0.094319 0.76606 -1.6419 1.2193 0.79637 -3.1332 0.20638 -0.78396 0.0022628 0.094319 -0.74494 -1.7072 1.3152 -0.82474 -3.1108 0.18625
2 67 276 0.27513 3.0711 3.7246 0.27511 2.2381 2.783 1.2567 2.1827 2.7549 1.5339 0.57341 2.7989 1.8114 0.045649 4.2209 -0.70437 2.3102 2.8357 -1.031 0.72285 3.0411 -0.89551 0.16178 4.4709 0.78579 -0.014904 -0.076199 0.83976 -1.5057 1.4033 0.7869 -2.5751 -0.047455 -0.78579 0.014904 0.076199 -0.92242 -1.5822 1.4345 -0.88718 -2.5453 -0.089318
2 70 276 0.24547 3.7829 3.0052 0.25936 2.731 2.3172 1.2424 2.7022 2.3069 1.7538 2.0517 3.7155 1.6074 3.4643 4.3163 -0.7224 2.7824 2.347 -0.96767 2.0889 3.8056 -0.64816 3.4785 4.3926 0.78545 -0.017178 -0.079166 0.77503 -1.9322 0.78514 0.72566 -3.0351 -0.64037 -0.78545 0.017178 0.079166 -0.95451 -1.9312 0.84697 -1.0268 -2.9673 -0.62685
2 71 276 0.2476 4.1141 2.5507 0.22316 2.9873 1.9811 1.2053 2.96 1.9354 1.7605 2.5288 3.41 1.535 4.0353 3.6493 -0.75707 3.04 2.0422 -1.0094 2.5333 3.5747 -0.78155 4.0413 3.8018 0.78646 -0.020804 -0.067405 0.79169 -2.0737 0.37986 0.74925 -3.2922 -0.9484 -0.78646 0.020804 0.067405 -0.98636 -2.0299 0.47819 -1.1087 -3.1838 -0.90188
2 72 276 0.22542 4.3456 2.1546 0.17239 3.1886 1.6424 1.1542 3.1681 1.5872 1.7618 2.8766 3.0753 1.4272 4.3803 3.1423 -0.80768 3.2361 1.71 -1.1128 2.837 3.2644 -0.90319 4.3628 3.3393 0.7879 -0.022413 -0.047036 0.78006 -2.1184 0.098259 0.82275 -3.4546 -1.1116 -0.7879 0.022413 0.047036 -0.96238 -2.0637 0.22619 -1.1911 -3.2954 -1.0705
2 73 276 0.18217 4.4262 1.9914 0.11979 3.2629 1.4944 1.1018 3.2389 1.4447 1.7775 3.0642 2.9217 1.3295 4.5394 2.8936 -0.86051 3.3143 1.5554 -1.2275 2.9833 3.1125 -0.99404 4.5074 3.1324 0.78898 -0.018288 -0.02602 0.74724 -2.1128 0.13448 0.83613 -3.4407 -1.0819 -0.78898 0.018289 0.02602 -0.92417 -2.0633 0.27699 -1.1686 -3.2355 -1.0711
2 74 276 0.13305 4.3953 2.0577 0.067178 3.2302 1.565 1.0491 3.2053 1.514 1.7823 3.0796 2.9685 1.2781 4.5353 2.9026 -0.91298 3.2826 1.6276 -1.3399 2.961 3.1713 -1.0953 4.4828 3.2154 0.78949 -0.0081673 -0.011906 0.74852 -2.0748 0.36436 0.79874 -3.3361 -0.92314 -0.78949 0.0081673 0.011906 -0.92263 -2.0304 0.50265 -1.0436 -3.1189 -0.92963
2 75 276 0.098549 4.3506 2.1528 0.035342 3.1986 1.6303 1.0176 3.1739 1.5856 1.7834 3.0114 3.0194 1.2759 4.4665 2.968 -0.94517 3.2502 1.6876 -1.4098 2.8681 3.2064 -1.16 4.3854 3.3209 0.78961 -0.00060272 -0.0033241 0.76893 -2.0103 0.60919 0.7818 -3.2908 -0.66007 -0.78961 0.00060272 0.0033242 -0.93935 -1.9626 0.73659 -0.92862 -3.0706 -0.68578
2 76 276 0.098143 4.3152 2.2275 0.041476 3.1825 1.6636 1.0239 3.1595 1.6222 1.7988 2.9021 3.0371 1.3325 4.3717 3.0603 -0.93928 3.2319 1.7187 -1.4179 2.7533 3.2055 -1.1546 4.2566 3.4255 0.78958 -0.0015378 -0.0077205 0.795 -1.935 0.81454 0.80544 -3.3172 -0.34315 -0.78958 0.0015378 0.0077205 -0.93552 -1.8796 0.93211 -0.82476 -3.0801 -0.40856
2 77 276 0.096324 4.2741 2.3057 0.04352 3.1603 1.7053 1.0261 3.1354 1.6694 1.7971 2.759 3.0596 1.3821 4.2383 3.1905 -0.93742 3.2111 1.7556 -1.4365 2.6363 3.2011 -1.1466 4.1123 3.5402 0.78952 -0.00038481 -0.012634 0.81504 -1.8557 0.97293 0.85657 -3.3678 -0.0082743 -0.78952 0.00038481 0.012634 -0.91908 -1.7957 1.095 -0.74339 -3.1252 -0.11018
2 78 276 0.081282 4.2376 2.3714 0.028844 3.1387 1.7444 1.0115 3.1051 1.7196 1.7733 2.5926 3.0708 1.4118 4.0692 3.3289 -0.9521 3.1978 1.7846 -1.4787 2.5278 3.1784 -1.156 3.9664 3.63 0.78956 0.003696 -0.0089874 0.83804 -1.7915 1.0815 0.91609 -3.4281 0.32888 -0.78956 -0.003696 0.0089872 -0.89944 -1.7105 1.2293 -0.70829 -3.1956 0.22498
2 84 276 -0.017461 4.2709 2.3064 -0.013869 3.171 1.6791 0.96905 3.1877 1.6482 1.6586 2.0705 2.6204 1.418 3.3375 3.4658 -0.99628 3.1798 1.7255 -1.6324 2.0919 2.765 -1.2927 3.3086 3.6493 0.78663 0.028852 -0.062289 1.1038 -0.81491 1.8355 1.048 -2.5089 1.2205 -0.78663 -0.028852 0.062289 -0.78527 -0.8767 1.9846 -0.77323 -2.4815 1.1629
2 85 276 -0.027885 4.2498 2.332 -0.0077768 3.1736 1.6654 0.97454 3.199 1.6234 1.5814 1.9313 2.4562 1.4132 3.0766 3.4748 -0.98961 3.1734 1.7233 -1.5727 1.9358 2.6162 -1.3122 2.9999 3.7013 0.78609 0.028579 -0.068893 1.0882 -0.61269 1.9089 1.0051 -2.2293 1.1149 -0.78609 -0.028579 0.068893 -0.79313 -0.73098 2.049 -0.78846 -2.2193 1.0313
2 86 276 -0.017939 4.2083 2.3964 0.012699 3.1466 1.7082 0.99541 3.1782 1.683 1.526 1.8015 2.3843 1.3788 2.753 3.5888 -0.9699 3.1394 1.7506 -1.5173 1.8101 2.5265 -1.2756 2.6817 3.7753 0.78693 0.019693 -0.062115 1.0604 -0.50287 1.9544 0.96831 -2.0511 1.035 -0.78693 -0.019693 0.062114 -0.79577 -0.63978 2.0695 -0.79543 -2.0387 0.93207
2 87 276 -0.019467 4.149 2.4922 0.027555 3.0951 1.7973 1.0104 3.121 1.7709 1.5067 1.691 2.3853 1.3461 2.4491 3.7184 -0.95498 3.0929 1.8418 -1.5004 1.7175 2.5344 -1.2314 2.4458 3.8667 0.78721 0.016824 -0.059317 1.0305 -0.44187 1.9765 0.93795 -1.9417 0.98016 -0.78721 -0.016824 0.059318 -0.79829 -0.59795 2.0783 -0.79951 -1.9289 0.862
2 88 276 0.0032549 4.086 2.5842 0.051209 3.0491 1.8677 1.0344 3.0651 1.8446 1.5242 1.6119 2.4075 1.3449 2.2274 3.8099 -0.93141 3.0559 1.9098 -1.4922 1.6647 2.5569 -1.1985 2.314 3.9243 0.7873 0.012181 -0.059189 0.98127 -0.44149 1.9831 0.91281 -1.9144 0.94541 -0.7873 -0.012181 0.059189 -0.7693 -0.61654 2.0713 -0.79916 -1.909 0.81456
2 89 276 0.027403 4.0179 2.6834 0.077687 2.9989 1.9447 1.0611 2.9991 1.9301 1.5373 1.5341 2.474 1.3573 2.0462 3.9172 -0.90501 3.0209 1.9791 -1.4685 1.6241 2.6118 -1.1682 2.226 3.9993 0.78729 0.0086915 -0.060022 0.92841 -0.47694 1.9792 0.89174 -1.9374 0.92251 -0.78729 -0.0086915 0.060022 -0.71889 -0.65871 2.0568 -0.79211 -1.9338 0.78418
2 90 276 0.047896 3.9506 2.7834 0.095011 2.9477 2.0226 1.0784 2.9406 2.0048 1.5432 1.4681 2.538 1.36 1.8836 4.0116 -0.88737 2.9767 2.0607 -1.4559 1.5746 2.6768 -1.1524 2.1416 4.0782 0.78714 0.0079288 -0.061978 0.89294 -0.54579 1.962 0.88866 -2.0151 0.91701 -0.78714 -0.0079288 0.061978 -0.68456 -0.73402 2.0309 -0.793 -2.0146 0.76628
2 91 276 0.080785 3.8928 2.8658 0.12067 2.9024 2.0884 1.1039 2.8924 2.0647 1.5562 1.4075 2.574 1.3726 1.7049 4.0759 -0.86137 2.9339 2.1326 -1.4284 1.5203 2.7233 -1.1272 2.0346 4.1455 0.78672 0.005635 -0.067413 0.88994 -0.65908 1.923 0.88218 -2.1347 0.88694 -0.78672 -0.005635 0.067413 -0.66219 -0.82893 1.9964 -0.79357 -2.1259 0.7508
2 92 276 0.1034 3.8467 2.9321 0.13427 2.8643 2.1437 1.1172 2.8519 2.1124 1.5452 1.3457 2.5781 1.382 1.4721 4.1062 -0.84731 2.8981 2.1957 -1.4047 1.4628 2.7417 -1.1204 1.8752 4.2 0.78653 0.0064747 -0.069437 0.89517 -0.78074 1.8755 0.88074 -2.271 0.86063 -0.78653 -0.0064747 0.069437 -0.65657 -0.93439 1.95 -0.80014 -2.2585 0.73467
