C0
15 269 132 -1.08 4.8778 -0.46979 -0.80251 3.6084 -0.47729 -1.3054 3.4991 0.40699 -1.7471 1.9301 0.88749 -3.1162 1.3436 0.29207 -0.31121 3.7463 -1.3641 0.22088 2.1667 -1.695 -0.96528 1.1353 -2.0148 -0.44084 0.029698 0.69244 -1.126 -2.0116 0.31761 -0.94764 -3.8533 0.62465 0.44084 -0.029698 -0.69244 0.63813 -2.203 -0.81279 1.6271 -3.744 -0.40614
15 266 132 -0.98922 4.9058 -0.44398 -0.76128 3.6266 -0.44891 -1.2285 3.5657 0.45925 -1.694 2.047 1.0632 -3.0284 2.8277 0.63554 -0.30435 3.7165 -1.3599 0.21944 2.1378 -1.7079 -1.2925 1.606 -1.7731 -0.42543 0.017032 0.70244 -1.1876 -2.0074 0.39035 -1.2162 -3.8573 0.69886 0.42543 -0.017032 -0.70244 0.50581 -2.1997 -0.78278 1.3776 -3.8152 -0.3982
15 267 132 -1.0512 4.8896 -0.46191 -0.79501 3.6149 -0.46716 -1.2673 3.5346 0.43689 -1.6682 1.9956 1.0356 -3.0867 2.4502 0.44045 -0.33369 3.7241 -1.3738 0.21327 2.1525 -1.7184 -1.2226 1.4527 -1.8654 -0.42447 0.024557 0.70279 -1.1672 -2.0048 0.37578 -1.1295 -3.8561 0.67401 0.42447 -0.024557 -0.70279 0.55045 -2.2057 -0.7632 1.4721 -3.8013 -0.41344
15 268 132 -1.0731 4.8821 -0.46747 -0.80174 3.6104 -0.47369 -1.2813 3.5144 0.42497 -1.6564 1.9554 0.98775 -3.1197 1.9027 0.33287 -0.33348 3.7352 -1.3748 0.22099 2.1646 -1.7121 -1.1068 1.295 -1.9435 -0.42679 0.030321 0.70116 -1.1484 -2.0029 0.3518 -1.0429 -3.8523 0.64607 0.42679 -0.030321 -0.70116 0.60717 -2.2073 -0.77073 1.5653 -3.7805 -0.41726
15 269 132 -1.08 4.8778 -0.46979 -0.80251 3.6084 -0.47729 -1.3054 3.4991 0.40699 -1.7471 1.9301 0.88749 -3.1162 1.3436 0.29207 -0.31121 3.7463 -1.3641 0.22088 2.1667 -1.695 -0.96528 1.1353 -2.0148 -0.44084 0.029698 0.69244 -1.126 -2.0116 0.31761 -0.94764 -3.8533 0.62465 0.44084 -0.029698 -0.69244 0.63813 -2.203 -0.81279 1.6271 -3.744 -0.40614
15 270 132 -1.0938 4.8742 -0.4827 -0.80969 3.6072 -0.47959 -1.3696 3.4761 0.36667 -1.8589 1.8993 0.76949 -3.0002 0.84769 0.36383 -0.26166 3.7667 -1.3287 0.22922 2.1733 -1.6573 -0.77907 1.0034 -2.0903 -0.46047 0.021812 0.67985 -1.112 -2.0249 0.27596 -0.85793 -3.8554 0.59627 0.46047 -0.021812 -0.67985 0.60467 -2.1928 -0.88665 1.6281 -3.683 -0.38679
15 271 132 -1.1197 4.866 -0.51827 -0.81965 3.6039 -0.49672 -1.4365 3.4493 0.30475 -1.7882 1.8328 0.6935 -2.768 0.57605 0.51027 -0.21508 3.7868 -1.3016 0.27701 2.1901 -1.612 -0.54041 0.92626 -2.1664 -0.48752 0.01182 0.66097 -1.0815 -2.0472 0.23144 -0.75828 -3.8623 0.5757 0.48752 -0.011821 -0.66097 0.52059 -2.1715 -0.99502 1.5522 -3.6141 -0.38461
15 272 132 -1.1178 4.8615 -0.56277 -0.81117 3.6013 -0.52557 -1.4544 3.4365 0.25284 -1.6216 1.7983 0.6726 -2.5249 0.48223 0.51448 -0.18041 3.7942 -1.3077 0.37698 2.2111 -1.574 -0.26156 0.89371 -2.2295 -0.52407 0.0070581 0.63246 -1.0326 -2.0733 0.19602 -0.64633 -3.8706 0.56781 0.52407 -0.0070577 -0.63246 0.41457 -2.1406 -1.0935 1.4204 -3.565 -0.40268
C1
15 270 312 1.0938 4.8742 0.4827 0.80969 3.6072 0.47959 1.3696 3.4761 -0.36667 1.8589 1.8993 -0.76949 3.0002 0.84769 -0.36383 0.26166 3.7667 1.3287 -0.22922 2.1733 1.6573 0.77908 1.0034 2.0903 0.46047 0.021812 -0.67985 1.112 -2.0249 -0.27596 0.85793 -3.8554 -0.59627 -0.46047 -0.021812 0.67985 -0.60467 -2.1928 0.88665 -1.6281 -3.683 0.38679
15 266 300 0.87529 4.9058 0.63995 0.65131 3.6266 0.59738 1.2972 3.5657 -0.19379 1.878 2.047 -0.6878 3.0943 2.8277 0.0079832 0.014955 3.7165 1.3935 -0.56974 2.1378 1.625 0.89558 1.606 2.0031 0.56218 0.017032 -0.59864 1.2428 -2.0074 -0.1349 1.3349 -3.8573 -0.43072 -0.56218 -0.017032 0.59864 -0.6575 -2.1997 0.66051 -1.4303 -3.8152 0.10309
15 266 312 0.98922 4.9058 0.44398 0.76128 3.6266 0.44891 1.2285 3.5657 -0.45925 1.694 2.047 -1.0632 3.0284 2.8277 -0.63554 0.30435 3.7165 1.3599 -0.21944 2.1378 1.7079 1.2925 1.606 1.7731 0.42543 0.017032 -0.70244 1.1876 -2.0074 -0.39035 1.2162 -3.8573 -0.69886 -0.42543 -0.017032 0.70244 -0.50581 -2.1997 0.78278 -1.3776 -3.8152 0.3982
15 267 300 0.93223 4.8896 0.67038 0.68051 3.6149 0.62224 1.3304 3.5346 -0.16386 1.8471 1.9956 -0.66614 3.1108 2.4502 0.21094 0.040758 3.7241 1.4132 -0.56589 2.1525 1.6365 0.80803 1.4527 2.0789 0.56132 0.024557 -0.59918 1.2198 -2.0048 -0.1249 1.245 -3.8561 -0.42444 -0.56132 -0.024557 0.59918 -0.6971 -2.2057 0.63207 -1.5259 -3.8013 0.098323
15 267 312 1.0512 4.8896 0.46191 0.79501 3.6149 0.46716 1.2673 3.5346 -0.43689 1.6682 1.9956 -1.0356 3.0867 2.4502 -0.44045 0.33369 3.7241 1.3738 -0.21327 2.1525 1.7184 1.2226 1.4527 1.8654 0.42447 0.024557 -0.70279 1.1672 -2.0048 -0.37578 1.1295 -3.8561 -0.67401 -0.42447 -0.024557 0.70279 -0.55045 -2.2057 0.7632 -1.4721 -3.8013 0.41344
15 268 300 0.95249 4.8821 0.68037 0.68573 3.6104 0.63003 1.3417 3.5144 -0.14928 1.8256 1.9554 -0.62178 3.1208 1.9027 0.32303 0.040363 3.7352 1.4141 -0.57214 2.1646 1.6288 0.67857 1.295 2.1312 0.56325 0.030321 -0.5971 1.1964 -2.0029 -0.10536 1.1545 -3.8523 -0.41511 -0.56325 -0.030321 0.5971 -0.75414 -2.2073 0.62765 -1.6179 -3.7805 0.082694
15 268 312 1.0731 4.8821 0.46747 0.80174 3.6104 0.47369 1.2813 3.5144 -0.42497 1.6564 1.9554 -0.98775 3.1197 1.9027 -0.33288 0.33348 3.7352 1.3748 -0.22099 2.1646 1.7121 1.1068 1.295 1.9435 0.42679 0.030321 -0.70116 1.1484 -2.0029 -0.3518 1.0429 -3.8523 -0.64607 -0.42679 -0.030321 0.70116 -0.60717 -2.2073 0.77073 -1.5653 -3.7805 0.41726
15 269 300 0.95868 4.8778 0.68406 0.68574 3.6084 0.63372 1.3615 3.4991 -0.12669 1.8934 1.9301 -0.50486 3.1088 1.3436 0.36221 0.020798 3.7463 1.399 -0.56846 2.1667 1.612 0.52529 1.1353 2.1714 0.57517 0.029698 -0.58566 1.1674 -2.0116 -0.076566 1.0568 -3.8533 -0.41397 -0.57517 -0.029698 0.58566 -0.79318 -2.203 0.66235 -1.6759 -3.744 0.058982
15 269 312 1.08 4.8778 0.46979 0.80251 3.6084 0.47729 1.3054 3.4991 -0.40699 1.7471 1.9301 -0.88749 3.1162 1.3436 -0.29207 0.31121 3.7463 1.3641 -0.22088 2.1667 1.695 0.96528 1.1353 2.0148 0.44084 0.029698 -0.69244 1.126 -2.0116 -0.31761 0.94764 -3.8533 -0.62465 -0.44084 -0.029698 0.69244 -0.63813 -2.203 0.81279 -1.6271 -3.744 0.40614
15 270 300 0.96951 4.8742 0.69957 0.69228 3.6072 0.63746 1.4159 3.4761 -0.073909 1.9783 1.8993 -0.36618 3.0102 0.84769 0.26789 -0.020315 3.7667 1.3541 -0.56878 2.1733 1.5734 0.32745 1.0034 2.2066 0.59176 0.021812 -0.56925 1.1451 -2.0249 -0.03873 0.96315 -3.8554 -0.40487 -0.59176 -0.021812 0.56925 -0.77581 -2.1928 0.74155 -1.673 -3.683 0.039834
15 270 312 1.0938 4.8742 0.4827 0.80969 3.6072 0.47959 1.3696 3.4761 -0.36667 1.8589 1.8993 -0.76949 3.0002 0.84769 -0.36383 0.26166 3.7667 1.3287 -0.22922 2.1733 1.6573 0.77908 1.0034 2.0903 0.46047 0.021812 -0.67985 1.112 -2.0249 -0.27596 0.85793 -3.8554 -0.59627 -0.46047 -0.021812 0.67985 -0.60467 -2.1928 0.88665 -1.6281 -3.683 0.38679
15 271 300 0.98745 4.866 0.73974 0.69846 3.6039 0.65628 1.4685 3.4493 0.00058404 1.8933 1.8328 -0.30655 2.8136 0.57605 0.076377 -0.060239 3.7868 1.3179 -0.60611 2.1901 1.5192 0.078178 0.92626 2.2314 0.61429 0.01182 -0.54517 1.106 -2.0472 -0.0015197 0.86141 -3.8623 -0.40547 -0.61429 -0.011821 0.54517 -0.71609 -2.1715 0.86503 -1.5982 -3.6141 0.053483
15 271 312 1.1197 4.866 0.51827 0.81965 3.6039 0.49672 1.4365 3.4493 -0.30475 1.7882 1.8328 -0.6935 2.768 0.57605 -0.51027 0.21508 3.7868 1.3016 -0.27701 2.1901 1.612 0.54041 0.92626 2.1664 0.48752 0.01182 -0.66097 1.0815 -2.0472 -0.23144 0.75828 -3.8623 -0.5757 -0.48752 -0.011821 0.66097 -0.52059 -2.1715 0.99502 -1.5522 -3.6141 0.38461
C2
15 266 228 -0.33815 4.9058 1.0302 -0.36688 3.6266 0.80403 0.58516 3.5657 1.1738 1.2345 2.047 1.5736 0.9486 2.8277 2.9453 -1.3207 3.7165 0.44483 -1.7215 2.1378 -0.039713 -1.6283 1.606 1.4707 0.74306 0.017032 0.34967 0.51235 -2.0074 1.1403 0.82216 -3.8573 1.1365 -0.74306 -0.017032 -0.34967 -0.83136 -2.1997 -0.42122 -0.54001 -3.8152 -1.3284
15 266 228 -0.33815 4.9058 1.0302 -0.36688 3.6266 0.80403 0.58516 3.5657 1.1738 1.2345 2.047 1.5736 0.9486 2.8277 2.9453 -1.3207 3.7165 0.44483 -1.7215 2.1378 -0.039713 -1.6283 1.606 1.4707 0.74306 0.017032 0.34967 0.51235 -2.0074 1.1403 0.82216 -3.8573 1.1365 -0.74306 -0.017032 -0.34967 -0.83136 -2.1997 -0.42122 -0.54001 -3.8152 -1.3284
15 266 240 -0.11656 4.9058 1.078 -0.19169 3.6266 0.86274 0.81642 3.5657 1.0265 1.5347 2.047 1.2825 1.5402 2.8277 2.6837 -1.1993 3.7165 0.70969 -1.6921 2.1378 0.31907 -1.287 1.606 1.7772 0.79952 0.017032 0.18754 0.73824 -2.0074 1.0089 1.0405 -3.8573 0.94073 -0.79952 -0.017032 -0.18754 -0.90077 -2.1997 -0.23916 -0.8044 -3.8152 -1.1871
15 267 228 -0.34949 4.8896 1.0938 -0.3815 3.6149 0.83949 0.56697 3.5346 1.2147 1.2043 1.9956 1.5509 0.76068 2.4502 3.0238 -1.3314 3.7241 0.47546 -1.7313 2.1525 -0.032475 -1.7274 1.4527 1.4109 0.74331 0.024557 0.34869 0.49572 -2.0048 1.1215 0.78838 -3.8561 1.0529 -0.74331 -0.024557 -0.34869 -0.81655 -2.2057 -0.46766 -0.56505 -3.8013 -1.4209
15 267 240 -0.11445 4.8896 1.1425 -0.19862 3.6149 0.90046 0.80713 3.5346 1.0703 1.5005 1.9956 1.2666 1.3727 2.4502 2.7995 -1.2035 3.7241 0.74189 -1.7002 2.1525 0.32819 -1.3963 1.4527 1.7392 0.79957 0.024557 0.18652 0.71806 -2.0048 0.99392 0.99006 -3.8561 0.86595 -0.79957 -0.024557 -0.18652 -0.89594 -2.2057 -0.28767 -0.84812 -3.8013 -1.2723
15 268 228 -0.35274 4.8821 1.1161 -0.38729 3.6104 0.84686 0.55657 3.5144 1.2299 1.1555 1.9554 1.5441 0.65715 1.9027 3.0678 -1.3324 3.7352 0.47536 -1.7259 2.1646 -0.040816 -1.8172 1.295 1.3039 0.74193 0.030321 0.35116 0.46992 -2.0029 1.1053 0.75154 -3.8523 0.96968 -0.74193 -0.030321 -0.35116 -0.82997 -2.2073 -0.52328 -0.5786 -3.7805 -1.5131
15 268 240 -0.11297 4.8821 1.1651 -0.20275 3.6104 0.90887 0.80012 3.5144 1.0873 1.4513 1.9554 1.2701 1.2806 1.9027 2.8642 -1.2044 3.7352 0.74199 -1.6966 2.1646 0.3189 -1.5064 1.295 1.6533 0.79873 0.030321 0.18923 0.68945 -2.0029 0.98346 0.93673 -3.8523 0.79223 -0.79873 -0.030321 -0.18923 -0.92063 -2.2073 -0.33928 -0.88055 -3.7805 -1.3598
15 269 228 -0.35433 4.8778 1.1231 -0.39079 3.6084 0.848 0.54121 3.4991 1.2557 1.0652 1.9301 1.6447 0.61619 1.3436 3.0686 -1.3241 3.7463 0.45209 -1.7088 2.1667 -0.0425 -1.9028 1.1353 1.1706 0.73473 0.029698 0.36604 0.43357 -2.0116 1.0866 0.72028 -3.8533 0.87715 -0.73473 -0.029698 -0.36604 -0.87504 -2.203 -0.54968 -0.57399 -3.744 -1.5757
15 269 240 -0.11307 4.8778 1.1723 -0.20595 3.6084 0.91072 0.79046 3.4991 1.1157 1.3839 1.9301 1.3873 1.2407 1.3436 2.8734 -1.2012 3.7463 0.7175 -1.6803 2.1667 0.3137 -1.6179 1.1353 1.5406 0.79478 0.029698 0.20528 0.65001 -2.0116 0.97272 0.88691 -3.8533 0.70823 -0.79478 -0.029698 -0.20528 -0.9702 -2.203 -0.35574 -0.88905 -3.744 -1.4219
15 270 228 -0.36573 4.8742 1.1382 -0.39233 3.6072 0.85539 0.50782 3.4761 1.3237 0.95959 1.8993 1.7683 0.67544 0.84769 2.9457 -1.2941 3.7667 0.39911 -1.6722 2.1733 -0.054731 -1.9974 1.0034 0.9933 0.72425 0.021812 0.38688 0.39069 -2.0249 1.0771 0.68268 -3.8554 0.7909 -0.72425 -0.021812 -0.38688 -0.945 -2.1928 -0.50868 -0.55486 -3.683 -1.5788
15 270 240 -0.12108 4.8742 1.1894 -0.20591 3.6072 0.91826 0.77194 3.4761 1.1892 1.3063 1.8993 1.5302 1.2731 0.84769 2.7409 -1.1828 3.7667 0.65945 -1.647 2.1733 0.29413 -1.7472 1.0034 1.3869 0.78887 0.021812 0.22785 0.60609 -2.0249 0.97232 0.8322 -3.8554 0.63168 -0.78887 -0.021812 -0.22785 -1.0301 -2.1928 -0.30109 -0.87098 -3.683 -1.4289
15 271 228 -0.3984 4.866 1.1677 -0.40833 3.6039 0.86708 0.45323 3.4493 1.3968 0.87662 1.8328 1.7059 0.79681 0.57605 2.6995 -1.272 3.7868 0.34996 -1.6321 2.1901 -0.10699 -2.0981 0.92626 0.7639 0.70831 0.01182 0.41576 0.34323 -2.0472 1.0514 0.65181 -3.8623 0.69395 -0.70831 -0.011821 -0.41575 -1.044 -2.1715 -0.41374 -0.54475 -3.6141 -1.5035
15 271 240 -0.14691 4.866 1.225 -0.21913 3.6039 0.93303 0.73374 3.4493 1.272 1.2121 1.8328 1.4864 1.3407 0.57605 2.4748 -1.1714 3.7868 0.60678 -1.6187 2.1901 0.23469 -1.8934 0.92626 1.1834 0.77928 0.01182 0.2594 0.55433 -2.0472 0.95709 0.78185 -3.8623 0.54327 -0.77928 -0.011821 -0.2594 -1.1072 -2.1715 -0.18764 -0.84544 -3.6141 -1.3574
C3
15 270 36 0.59439 4.8742 -1.0373 0.5616 3.6072 -0.75512 -0.2215 3.4761 -1.4004 -0.57096 1.8993 -1.9292 -0.048238 0.84769 -3.0217 1.3488 3.7667 -0.12134 1.6242 2.1733 0.4012 2.1603 1.0034 -0.55631 -0.62799 0.021812 -0.52901 -0.15821 -2.0249 -1.1348 -0.50333 -3.8554 -0.91556 0.62799 -0.021812 0.52901 0.81859 -2.1928 0.69404 0.21449 -3.683 1.6596
15 266 24 0.72793 4.9058 -0.80361 0.66219 3.6266 -0.5853 -0.057137 3.5657 -1.3103 -0.48773 2.047 -1.9396 0.33138 2.8277 -3.0765 1.3874 3.7165 0.13078 1.5565 2.1378 0.73647 2.0858 1.606 -0.68129 -0.5366 0.017032 -0.62167 -0.0042546 -2.0074 -1.2501 -0.28882 -3.8573 -1.3727 0.5366 -0.017032 0.62167 0.58816 -2.1997 0.72294 -0.046978 -3.8152 1.4332
15 266 36 0.54495 4.9058 -0.93739 0.52603 3.6266 -0.71019 -0.32832 3.5657 -1.2698 -0.88034 2.047 -1.7958 -0.31551 2.8277 -3.0782 1.3843 3.7165 -0.16053 1.6756 2.1378 0.39676 1.8985 1.606 -1.1001 -0.65412 0.017032 -0.49652 -0.26408 -2.0074 -1.2219 -0.5679 -3.8573 -1.2826 0.65412 -0.017032 0.49652 0.72562 -2.1997 0.58486 0.25203 -3.8152 1.4116
15 267 36 0.56926 4.8896 -0.99719 0.5477 3.6149 -0.74183 -0.30203 3.5346 -1.306 -0.85557 1.9956 -1.7674 -0.11539 2.4502 -3.1158 1.4012 3.7241 -0.18825 1.6867 2.1525 0.39172 1.983 1.4527 -1.0209 -0.65457 0.024557 -0.49561 -0.25172 -2.0048 -1.2001 -0.55225 -3.8561 -1.1938 0.65457 -0.024557 0.49561 0.70148 -2.2057 0.62721 0.25729 -3.8013 1.5073
15 268 36 0.57708 4.8821 -1.0184 0.5549 3.6104 -0.74783 -0.2887 3.5144 -1.3187 -0.8092 1.9554 -1.7506 -0.0049518 1.9027 -3.1374 1.4021 3.7352 -0.18795 1.6797 2.1646 0.39875 2.0486 1.295 -0.89763 -0.65271 0.030321 -0.49775 -0.22984 -2.0029 -1.1789 -0.53351 -3.8523 -1.1047 0.65271 -0.030321 0.49775 0.70304 -2.2073 0.6844 0.25136 -3.7805 1.6004
15 269 36 0.58011 4.8778 -1.0249 0.55856 3.6084 -0.74822 -0.26831 3.4991 -1.3408 -0.70001 1.9301 -1.8303 0.035263 1.3436 -3.1296 1.3891 3.7463 -0.16692 1.6626 2.1667 0.39684 2.1046 1.1353 -0.74939 -0.64257 0.029698 -0.5108 -0.19817 -2.0116 -1.153 -0.52217 -3.8533 -1.0077 0.64257 -0.029698 0.5108 0.74163 -2.203 0.7196 0.23384 -3.744 1.6606
15 270 36 0.59439 4.8742 -1.0373 0.5616 3.6072 -0.75512 -0.2215 3.4761 -1.4004 -0.57096 1.8993 -1.9292 -0.048238 0.84769 -3.0217 1.3488 3.7667 -0.12134 1.6242 2.1733 0.4012 2.1603 1.0034 -0.55631 -0.62799 0.021812 -0.52901 -0.15821 -2.0249 -1.1348 -0.50333 -3.8554 -0.91556 0.62799 -0.021812 0.52901 0.81859 -2.1928 0.69404 0.21449 -3.683 1.6596
15 271 36 0.63247 4.866 -1.0594 0.57968 3.6039 -0.76324 -0.15292 3.4493 -1.4605 -0.50278 1.8328 -1.8509 -0.21814 0.57605 -2.8062 1.317 3.7868 -0.077849 1.5742 2.1901 0.44399 2.211 0.92626 -0.311 -0.60639 0.01182 -0.55394 -0.11712 -2.0472 -1.0998 -0.49329 -3.8623 -0.81431 0.60639 -0.011821 0.55394 0.93515 -2.1715 0.62175 0.22025 -3.6141 1.5839
15 272 36 0.67653 4.8615 -1.0528 0.60748 3.6013 -0.75178 -0.099429 3.4365 -1.4728 -0.49941 1.7983 -1.683 -0.24774 0.48223 -2.5648 1.3194 3.7942 -0.04273 1.526 2.2111 0.53945 2.2446 0.89371 -0.027085 -0.57421 0.0070581 -0.58731 -0.08701 -2.0733 -1.0474 -0.49714 -3.8706 -0.70214 0.57421 -0.0070577 0.58731 1.0442 -2.1406 0.52661 0.252 -3.565 1.4547
C4
15 272 84 -0.32972 4.8615 -1.2072 -0.1522 3.6013 -0.95449 -1.1611 3.4365 -0.91163 -1.5849 1.7983 -0.75504 -2.0718 0.48223 -1.5321 0.85109 3.7942 -1.0091 1.422 2.2111 -0.77307 1.4818 0.89371 -1.6862 -0.82068 0.0070581 0.033737 -0.83662 -2.0733 -0.63622 -0.85444 -3.8706 -0.10038 0.82068 -0.0070577 -0.033737 1.0901 -2.1406 -0.42363 1.2497 -3.565 0.78614
15 266 72 -0.11011 4.9058 -1.0787 0.0081293 3.6266 -0.88374 -1.012 3.5657 -0.83432 -1.7678 2.047 -0.93541 -2.0646 2.8277 -2.3049 1.0255 3.7165 -0.94353 1.5888 2.1378 -0.66391 0.88935 1.606 -2.0059 -0.82104 0.017032 -0.01721 -0.93186 -2.0074 -0.83333 -1.2133 -3.8573 -0.70385 0.82104 -0.017032 0.01721 0.93081 -2.1997 0.046654 1.0336 -3.8152 0.9939
15 266 84 -0.33198 4.9058 -1.0322 -0.17579 3.6266 -0.86612 -1.1633 3.5657 -0.60568 -1.9236 2.047 -0.54743 -2.4987 2.8277 -1.8253 0.80696 3.7165 -1.1361 1.416 2.1378 -0.97973 0.45286 1.606 -2.147 -0.80668 0.017032 0.15387 -1.0848 -2.0074 -0.62137 -1.3332 -3.8573 -0.4362 0.80668 -0.017032 -0.15387 0.92017 -2.1997 -0.14789 1.2177 -3.8152 0.75728
15 267 72 -0.12559 4.8896 -1.1414 0.0070618 3.6149 -0.92208 -1.012 3.5346 -0.87906 -1.731 1.9956 -0.92693 -1.9248 2.4502 -2.4529 1.0229 3.7241 -0.97589 1.5948 2.1525 -0.67452 1.0042 1.4527 -1.9915 -0.82087 0.024557 -0.016208 -0.90902 -2.0048 -0.82291 -1.1485 -3.8561 -0.64118 0.82087 -0.024557 0.016208 0.93617 -2.2057 0.095105 1.0941 -3.8013 1.0682
15 267 84 -0.36015 4.8896 -1.0903 -0.1848 3.6149 -0.9034 -1.1727 3.5346 -0.64944 -1.8859 1.9956 -0.54678 -2.3927 2.4502 -1.9992 0.79768 3.7241 -1.1672 1.4197 2.1525 -0.99136 0.56822 1.4527 -2.1568 -0.80631 0.024557 0.15482 -1.0602 -2.0048 -0.61593 -1.2567 -3.8561 -0.38839 0.80631 -0.024557 -0.15482 0.93549 -2.2057 -0.10161 1.2923 -3.8013 0.81738
15 268 72 -0.13173 4.8821 -1.1631 0.0093567 3.6104 -0.93117 -1.0087 3.5144 -0.89718 -1.6836 1.9554 -0.94061 -1.8481 1.9027 -2.5353 1.0239 3.7352 -0.9762 1.5933 2.1646 -0.66469 1.1297 1.295 -1.9303 -0.82062 0.030321 -0.019033 -0.87886 -2.0029 -0.81862 -1.081 -3.8523 -0.58017 0.82062 -0.030321 0.019032 0.97105 -2.2073 0.14046 1.144 -3.7805 1.147
15 268 84 -0.37067 4.8821 -1.1103 -0.18445 3.6104 -0.91277 -1.1732 3.5144 -0.66785 -1.8424 1.9554 -0.57001 -2.3349 1.9027 -2.0957 0.79852 3.7352 -1.1677 1.4202 2.1646 -0.98142 0.70371 1.295 -2.123 -0.80664 0.030321 0.152 -1.0299 -2.0029 -0.61801 -1.178 -3.8523 -0.34274 0.80664 -0.030321 -0.152 0.97904 -2.2073 -0.064505 1.3575 -3.7805 0.88406
15 269 72 -0.13313 4.8778 -1.1702 0.012095 3.6084 -0.93364 -1.0052 3.4991 -0.92702 -1.6421 1.9301 -1.0693 -1.811 1.3436 -2.5526 1.0257 3.7463 -0.95156 1.5783 2.1667 -0.6562 1.2622 1.1353 -1.8433 -0.82009 0.029698 -0.035555 -0.83805 -2.0116 -0.81632 -1.0148 -3.8533 -0.50836 0.82009 -0.029698 0.035554 1.023 -2.203 0.14624 1.1653 -3.744 1.206
15 269 84 -0.37351 4.8778 -1.1169 -0.18228 3.6084 -0.91575 -1.1759 3.4991 -0.69777 -1.8286 1.9301 -0.70448 -2.3022 1.3436 -2.1203 0.80548 3.7463 -1.144 1.4074 2.1667 -0.97001 0.85138 1.1353 -2.0655 -0.80956 0.029698 0.13573 -0.98946 -2.0116 -0.62424 -1.0983 -3.8533 -0.28626 0.80956 -0.029698 -0.13573 1.031 -2.203 -0.069637 1.3905 -3.744 0.93737
15 270 72 -0.12885 4.8742 -1.1886 0.010495 3.6072 -0.94101 -1.0023 3.4761 -1.0027 -1.5959 1.8993 -1.2251 -1.8152 0.84769 -2.4163 1.0199 3.7667 -0.89096 1.5499 2.1733 -0.63013 1.4207 1.0034 -1.7198 -0.819 0.021812 -0.058855 -0.79501 -2.0249 -0.82506 -0.94535 -3.8554 -0.44485 0.819 -0.021812 0.058855 1.0702 -2.1928 0.080339 1.149 -3.683 1.2166
15 270 84 -0.37316 4.8742 -1.1358 -0.18538 3.6072 -0.92263 -1.1889 3.4761 -0.77244 -1.8157 1.8993 -0.86656 -2.2779 0.84769 -1.9861 0.81234 3.7667 -1.0835 1.385 2.1733 -0.9386 1.0321 1.0034 -1.9776 -0.81334 0.021812 0.11271 -0.94917 -2.0249 -0.64174 -1.0172 -3.8554 -0.23858 0.81334 -0.021812 -0.11271 1.0635 -2.1928 -0.14392 1.3769 -3.683 0.95111
15 271 72 -0.111 4.866 -1.2288 0.02035 3.6039 -0.9582 -0.98218 3.4493 -1.0917 -1.4947 1.8328 -1.2019 -1.8259 0.57605 -2.142 1.0197 3.7868 -0.83708 1.5345 2.1901 -0.5661 1.606 0.92626 -1.5512 -0.81618 0.01182 -0.091714 -0.74121 -2.0472 -0.82092 -0.87772 -3.8623 -0.36884 0.81618 -0.011821 0.091714 1.122 -2.1715 -0.046659 1.1092 -3.6141 1.1519
15 271 84 -0.36405 4.866 -1.1789 -0.17932 3.6039 -0.94149 -1.1877 3.4493 -0.86363 -1.7119 1.8328 -0.86486 -2.2313 0.57605 -1.7156 0.82337 3.7868 -1.0308 1.3833 2.1901 -0.87278 1.2484 0.92626 -1.8512 -0.81741 0.01182 0.079983 -0.89569 -2.0472 -0.64888 -0.93522 -3.8623 -0.17829 0.81741 -0.011821 -0.079983 1.0878 -2.1715 -0.27892 1.3244 -3.6141 0.89616
15 272 72 -0.071514 4.8615 -1.2494 0.049575 3.6013 -0.96527 -0.94615 3.4365 -1.1331 -1.3933 1.7983 -1.0681 -1.708 0.48223 -1.9294 1.0423 3.7942 -0.81009 1.5516 2.2111 -0.46053 1.8 0.89371 -1.3413 -0.80976 0.0070581 -0.13763 -0.68606 -2.0733 -0.79626 -0.8149 -3.8706 -0.27583 0.80976 -0.0070577 0.13763 1.1543 -2.1406 -0.18774 1.0589 -3.565 1.0288
15 272 84 -0.32972 4.8615 -1.2072 -0.1522 3.6013 -0.95449 -1.1611 3.4365 -0.91163 -1.5849 1.7983 -0.75504 -2.0718 0.48223 -1.5321 0.85109 3.7942 -1.0091 1.422 2.2111 -0.77307 1.4818 0.89371 -1.6862 -0.82068 0.0070581 0.033737 -0.83662 -2.0733 -0.63622 -0.85444 -3.8706 -0.10038 0.82068 -0.0070577 -0.033737 1.0901 -2.1406 -0.42363 1.2497 -3.565 0.78614
15 272 96 -0.57351 4.8615 -1.1123 -0.34732 3.6013 -0.90199 -1.3252 3.4365 -0.65031 -1.7073 1.7983 -0.40902 -2.3451 0.48223 -1.0679 0.62269 3.7942 -1.164 1.2302 2.2111 -1.0518 1.0988 0.89371 -1.9574 -0.79573 0.0070581 0.20363 -0.95062 -2.0733 -0.44837 -0.85664 -3.8706 0.079464 0.79573 -0.0070577 -0.20363 0.97816 -2.1406 -0.64101 1.3858 -3.565 0.50913
C5
15 270 0 1.0906 4.8742 -0.48984 0.8982 3.6072 -0.28081 0.64393 3.4761 -1.2631 0.67202 1.8993 -1.8963 1.7371 0.84769 -2.473 1.1625 3.7667 0.69463 1.0782 2.1733 1.2793 2.0747 1.0034 0.81972 -0.19711 0.021812 -0.7971 0.53901 -2.0249 -1.0111 0.13095 -3.8554 -1.0366 0.19711 -0.021812 0.7971 0.2543 -2.1928 1.0426 -0.80198 -3.683 1.4687
15 265 348 0.99954 4.9213 -0.17949 0.8396 3.6375 -0.06544 0.68168 3.5937 -1.0754 0.6988 2.0888 -1.8646 1.9324 2.9619 -2.4022 1.0072 3.7107 0.94123 0.80293 2.1197 1.5025 2.0656 1.7448 0.58714 -0.065457 0.014875 -0.81865 0.74741 -2.003 -1.0285 0.64129 -3.8499 -1.3381 0.065457 -0.014874 0.81865 0.09832 -2.1979 0.91846 -0.81736 -3.8288 1.0588
15 266 0 0.99186 4.9058 -0.43805 0.843 3.6266 -0.26536 0.48076 3.5657 -1.2203 0.34335 2.047 -1.9703 1.5541 2.8277 -2.6758 1.2143 3.7165 0.68379 1.1224 2.1378 1.3059 2.1825 1.606 0.22596 -0.23735 0.017032 -0.78618 0.50458 -2.0074 -1.1438 0.29446 -3.8573 -1.3715 0.23735 -0.017032 0.78618 0.24327 -2.1997 0.89967 -0.62585 -3.8152 1.2902
15 266 348 1.0613 4.9058 -0.22226 0.87975 3.6266 -0.084292 0.72397 3.5657 -1.0937 0.7455 2.047 -1.8559 2.0764 2.8277 -2.2942 1.0456 3.7165 0.9213 0.82635 2.1378 1.5107 2.0879 1.606 0.6748 -0.068706 0.017032 -0.81834 0.73136 -2.0074 -1.0139 0.57316 -3.8573 -1.2803 0.068706 -0.017032 0.81834 0.050898 -2.1997 0.93059 -0.88041 -3.8152 1.1319
15 267 0 1.0467 4.8896 -0.47214 0.87913 3.6149 -0.27822 0.52331 3.5346 -1.2341 0.34666 1.9956 -1.9327 1.7381 2.4502 -2.5886 1.2442 3.7241 0.67129 1.1343 2.1525 1.3083 2.2044 1.4527 0.33966 -0.23825 0.024557 -0.78571 0.50173 -2.0048 -1.1188 0.25491 -3.8561 -1.2904 0.23825 -0.024557 0.78571 0.19884 -2.2057 0.91974 -0.67782 -3.8013 1.3707
15 268 0 1.0655 4.8821 -0.48469 0.88848 3.6104 -0.27885 0.54156 3.5144 -1.2366 0.37431 1.9554 -1.8919 1.8401 1.9027 -2.5411 1.2448 3.7352 0.67208 1.1245 2.1646 1.3099 2.185 1.295 0.47794 -0.23548 0.030321 -0.78634 0.50697 -2.0029 -1.0888 0.21773 -3.8523 -1.2073 0.23548 -0.030321 0.78634 0.16649 -2.2073 0.96693 -0.73732 -3.7805 1.4425
15 269 0 1.0718 4.8778 -0.48821 0.89168 3.6084 -0.27701 0.57103 3.4991 -1.2424 0.50948 1.9301 -1.8922 1.8681 1.3436 -2.5112 1.222 3.7463 0.68148 1.1118 2.1667 1.2983 2.1432 1.1353 0.63081 -0.21961 0.029698 -0.79094 0.5174 -2.0116 -1.0493 0.16989 -3.8533 -1.1222 0.21961 -0.029698 0.79094 0.17703 -2.203 1.0181 -0.78689 -3.744 1.4809
15 270 0 1.0906 4.8742 -0.48984 0.8982 3.6072 -0.28081 0.64393 3.4761 -1.2631 0.67202 1.8993 -1.8963 1.7371 0.84769 -2.473 1.1625 3.7667 0.69463 1.0782 2.1733 1.2793 2.0747 1.0034 0.81972 -0.19711 0.021812 -0.7971 0.53901 -2.0249 -1.0111 0.13095 -3.8554 -1.0366 0.19711 -0.021812 0.7971 0.2543 -2.1928 1.0426 -0.80198 -3.683 1.4687
15 271 0 1.1344 4.866 -0.48528 0.91759 3.6039 -0.27675 0.73475 3.4493 -1.2715 0.68118 1.8328 -1.7929 1.4729 0.57605 -2.3985 1.1112 3.7868 0.71111 1.0126 2.1901 1.2845 1.9716 0.92626 1.048 -0.16499 0.01182 -0.80457 0.5517 -2.0472 -0.95861 0.079561 -3.8623 -0.94874 0.16499 -0.011821 0.80457 0.39109 -2.1715 1.0527 -0.75281 -3.6141 1.4109
15 272 0 1.1662 4.8615 -0.4541 0.93335 3.6013 -0.25114 0.78527 3.4365 -1.25 0.58524 1.7983 -1.6552 1.3071 0.48223 -2.2206 1.0925 3.7942 0.74095 0.91747 2.2111 1.3334 1.8318 0.89371 1.2974 -0.11934 0.0070581 -0.81265 0.54528 -2.0733 -0.89854 0.010515 -3.8706 -0.86025 0.11934 -0.0070577 0.81266 0.53525 -2.1406 1.0398 -0.6512 -3.565 1.325
C6
15 268 96 -0.59341 4.8821 -1.009 -0.37019 3.6104 -0.85447 -1.2864 3.5144 -0.40934 -1.9206 1.9554 -0.1745 -2.7196 1.9027 -1.5644 0.53828 3.7352 -1.3082 1.1852 2.1646 -1.2553 0.24693 1.295 -2.2229 -0.75742 0.030321 0.31639 -1.1358 -2.0029 -0.39038 -1.2235 -3.8523 -0.090336 0.75741 -0.030321 -0.31639 0.94423 -2.2073 -0.26665 1.5116 -3.7805 0.5825
15 266 96 -0.53933 4.9058 -0.94063 -0.35202 3.6266 -0.81065 -1.2639 3.5657 -0.35057 -1.9954 2.047 -0.13552 -2.8236 2.8277 -1.2659 0.55311 3.7165 -1.2791 1.1814 2.1378 -1.2527 -0.0034117 1.606 -2.1942 -0.75706 0.017032 0.31823 -1.1902 -2.0074 -0.38226 -1.3947 -3.8573 -0.14949 0.75706 -0.017032 -0.31823 0.86931 -2.1997 -0.33597 1.3485 -3.8152 0.48756
15 267 96 -0.57896 4.8896 -0.99159 -0.36859 3.6149 -0.84524 -1.2821 3.5346 -0.39144 -1.9584 1.9956 -0.14273 -2.7561 2.4502 -1.458 0.53756 3.7241 -1.3076 1.1826 2.1525 -1.2649 0.10738 1.4527 -2.2278 -0.7565 0.024557 0.31907 -1.1651 -2.0048 -0.38203 -1.31 -3.8561 -0.11863 0.7565 -0.024557 -0.31907 0.89392 -2.2057 -0.29389 1.434 -3.8013 0.53083
15 268 96 -0.59341 4.8821 -1.009 -0.37019 3.6104 -0.85447 -1.2864 3.5144 -0.40934 -1.9206 1.9554 -0.1745 -2.7196 1.9027 -1.5644 0.53828 3.7352 -1.3082 1.1852 2.1646 -1.2553 0.24693 1.295 -2.2229 -0.75742 0.030321 0.31639 -1.1358 -2.0029 -0.39038 -1.2235 -3.8523 -0.090336 0.75741 -0.030321 -0.31639 0.94423 -2.2073 -0.26665 1.5116 -3.7805 0.5825
15 269 96 -0.59757 4.8778 -1.0149 -0.3687 3.6084 -0.85784 -1.2953 3.4991 -0.43804 -1.9351 1.9301 -0.30891 -2.6927 1.3436 -1.5954 0.55002 3.7463 -1.2865 1.175 2.1667 -1.2414 0.40333 1.1353 -2.1974 -0.76365 0.029698 0.30108 -1.0976 -2.0116 -0.40488 -1.1338 -3.8533 -0.051658 0.76365 -0.029698 -0.30108 0.99401 -2.203 -0.28248 1.555 -3.744 0.62778
15 270 96 -0.60116 4.8742 -1.0334 -0.37315 3.6072 -0.86392 -1.3235 3.4761 -0.50837 -1.9562 1.8993 -0.47012 -2.641 0.84769 -1.4691 0.56931 3.7667 -1.2287 1.1596 2.1733 -1.206 0.59836 1.0034 -2.149 -0.77213 0.021812 0.27935 -1.0619 -2.0249 -0.43037 -1.0446 -3.8554 -0.021886 0.77213 -0.021812 -0.27935 1.0104 -2.1928 -0.3619 1.5445 -3.683 0.64406
15 270 108 -0.80288 4.8742 -0.88585 -0.54462 3.6072 -0.76746 -1.4003 3.4761 -0.22208 -2.0112 1.8993 -0.053129 -2.8888 0.84769 -0.8879 0.3014 3.7667 -1.3203 0.88348 2.1733 -1.4208 0.13848 1.0034 -2.2265 -0.69718 0.021812 0.43378 -1.1281 -2.0249 -0.2002 -1.0263 -3.8554 0.19577 0.69718 -0.021812 -0.43378 0.91303 -2.1928 -0.56405 1.6447 -3.683 0.30886
15 271 96 -0.6012 4.866 -1.0774 -0.37114 3.6039 -0.88364 -1.3413 3.4493 -0.59782 -1.8543 1.8328 -0.49003 -2.5393 0.57605 -1.2142 0.59107 3.7868 -1.1795 1.1716 2.1901 -1.1413 0.83618 0.92626 -2.0703 -0.78292 0.01182 0.24818 -1.011 -2.0472 -0.44847 -0.95186 -3.8623 0.020045 0.78292 -0.011821 -0.24818 1.006 -2.1715 -0.49899 1.4818 -3.6141 0.60121
15 271 108 -0.81207 4.866 -0.92888 -0.54675 3.6039 -0.78716 -1.4363 3.4493 -0.30589 -1.9157 1.8328 -0.093788 -2.7362 0.57605 -0.65969 0.33293 3.7868 -1.2766 0.90872 2.1901 -1.36 0.38747 0.92626 -2.1989 -0.71421 0.01182 0.40554 -1.0822 -2.0472 -0.22847 -0.92689 -3.8623 0.21751 0.71421 -0.011821 -0.40554 0.8803 -2.1715 -0.69725 1.5744 -3.6141 0.27998
15 272 108 -0.79224 4.8615 -0.96876 -0.52727 3.6013 -0.81006 -1.4315 3.4365 -0.36057 -1.755 1.7983 -0.045121 -2.5159 0.48223 -0.55696 0.36708 3.7942 -1.268 0.9846 2.2111 -1.2846 0.66786 0.89371 -2.1431 -0.736 0.0070581 0.36462 -1.0231 -2.0733 -0.24093 -0.8214 -3.8706 0.25583 0.736 -0.0070577 -0.36462 0.82351 -2.1406 -0.83037 1.4614 -3.565 0.20987
C7
15 271 288 0.81207 4.866 0.92888 0.54675 3.6039 0.78716 1.4363 3.4493 0.30589 1.9157 1.8328 0.093788 2.7362 0.57605 0.65969 -0.33293 3.7868 1.2766 -0.90872 2.1901 1.36 -0.38747 0.92626 2.1989 0.71421 0.01182 -0.40554 1.0822 -2.0472 0.22847 0.92689 -3.8623 -0.21751 -0.71421 -0.011821 0.40554 -0.8803 -2.1715 0.69725 -1.5744 -3.6141 -0.27998
15 266 276 0.53933 4.9058 0.94063 0.35202 3.6266 0.81065 1.2639 3.5657 0.35057 1.9954 2.047 0.13552 2.8236 2.8277 1.2659 -0.55311 3.7165 1.2791 -1.1814 2.1378 1.2527 0.0034114 1.606 2.1942 0.75706 0.017032 -0.31823 1.1902 -2.0074 0.38226 1.3947 -3.8573 0.14949 -0.75706 -0.017032 0.31823 -0.86931 -2.1997 0.33597 -1.3485 -3.8152 -0.48756
15 266 288 0.72311 4.9058 0.80795 0.51288 3.6266 0.71974 1.3091 3.5657 0.080142 1.98 2.047 -0.28231 3.025 2.8277 0.65115 -0.27509 3.7165 1.3661 -0.89513 2.1378 1.471 0.45954 1.606 2.1455 0.67435 0.017032 -0.46867 1.2437 -2.0074 0.12644 1.3953 -3.8573 -0.14376 -0.67435 -0.017032 0.46867 -0.78046 -2.1997 0.50937 -1.4204 -3.8152 -0.19653
15 267 276 0.57896 4.8896 0.99159 0.36859 3.6149 0.84524 1.2821 3.5346 0.39144 1.9584 1.9956 0.14273 2.7561 2.4502 1.458 -0.53756 3.7241 1.3076 -1.1826 2.1525 1.2649 -0.10738 1.4527 2.2278 0.7565 0.024557 -0.31907 1.1651 -2.0048 0.38203 1.31 -3.8561 0.11863 -0.7565 -0.024557 0.31907 -0.89392 -2.2057 0.29389 -1.434 -3.8013 -0.53083
15 267 288 0.77248 4.8896 0.84955 0.53627 3.6149 0.75013 1.3354 3.5346 0.11633 1.9452 1.9956 -0.26755 2.999 2.4502 0.85311 -0.25395 3.7241 1.3908 -0.89378 2.1525 1.4831 0.35815 1.4527 2.2014 0.67363 0.024557 -0.46938 1.2191 -2.0048 0.13144 1.306 -3.8561 -0.15632 -0.67363 -0.024557 0.46938 -0.81328 -2.2057 0.47333 -1.513 -3.8013 -0.22109
15 268 276 0.59341 4.8821 1.009 0.37019 3.6104 0.85447 1.2864 3.5144 0.40934 1.9206 1.9554 0.1745 2.7196 1.9027 1.5644 -0.53828 3.7352 1.3082 -1.1852 2.1646 1.2553 -0.24693 1.295 2.2229 0.75742 0.030321 -0.31639 1.1358 -2.0029 0.39038 1.2235 -3.8523 0.090336 -0.75742 -0.030321 0.31639 -0.94423 -2.2073 0.26665 -1.5116 -3.7805 -0.5825
15 268 288 0.79022 4.8821 0.86353 0.53976 3.6104 0.75883 1.3434 3.5144 0.13294 1.915 1.9554 -0.22863 2.9854 1.9027 0.96481 -0.25452 3.7352 1.3916 -0.89828 2.1646 1.4742 0.22065 1.295 2.2257 0.67508 0.030321 -0.46695 1.1922 -2.0029 0.1457 1.2155 -3.8523 -0.16602 -0.67508 -0.030321 0.46695 -0.86816 -2.2073 0.45714 -1.5997 -3.7805 -0.25549
15 269 276 0.59757 4.8778 1.0149 0.3687 3.6084 0.85784 1.2953 3.4991 0.43804 1.9351 1.9301 0.30891 2.6927 1.3436 1.5954 -0.55002 3.7463 1.2865 -1.175 2.1667 1.2414 -0.40333 1.1353 2.1974 0.76365 0.029698 -0.30108 1.0976 -2.0116 0.40488 1.1338 -3.8533 0.051658 -0.76365 -0.029698 0.30108 -0.99401 -2.203 0.28248 -1.555 -3.744 -0.62778
15 269 288 0.79551 4.8778 0.86844 0.53899 3.6084 0.76244 1.3581 3.4991 0.15915 1.957 1.9301 -0.10017 2.9656 1.3436 1.0006 -0.27052 3.7463 1.3727 -0.89119 2.1667 1.4586 0.062339 1.1353 2.2332 0.68437 0.029698 -0.45327 1.1578 -2.0116 0.16782 1.1198 -3.8533 -0.1852 -0.68437 -0.029698 0.45327 -0.91356 -2.203 0.48297 -1.6516 -3.744 -0.29075
15 270 276 0.60116 4.8742 1.0334 0.37315 3.6072 0.86392 1.3235 3.4761 0.50837 1.9562 1.8993 0.47012 2.641 0.84769 1.4691 -0.56931 3.7667 1.2287 -1.1596 2.1733 1.206 -0.59836 1.0034 2.149 0.77213 0.021812 -0.27935 1.0619 -2.0249 0.43037 1.0446 -3.8554 0.021886 -0.77213 -0.021812 0.27935 -1.0104 -2.1928 0.3619 -1.5445 -3.683 -0.64406
15 270 288 0.80288 4.8742 0.88585 0.54462 3.6072 0.76746 1.4003 3.4761 0.22208 2.0112 1.8993 0.053129 2.8888 0.84769 0.88789 -0.3014 3.7667 1.3203 -0.88348 2.1733 1.4208 -0.13848 1.0034 2.2265 0.69718 0.021812 -0.43378 1.1281 -2.0249 0.2002 1.0263 -3.8554 -0.19577 -0.69718 -0.021812 0.43378 -0.91303 -2.1928 0.56405 -1.6447 -3.683 -0.30886
15 271 276 0.6012 4.866 1.0774 0.37114 3.6039 0.88364 1.3413 3.4493 0.59782 1.8543 1.8328 0.49003 2.5393 0.57605 1.2142 -0.59107 3.7868 1.1795 -1.1716 2.1901 1.1413 -0.83618 0.92626 2.0703 0.78292 0.01182 -0.24818 1.011 -2.0472 0.44847 0.95186 -3.8623 -0.020045 -0.78292 -0.011821 0.24818 -1.006 -2.1715 0.49899 -1.4818 -3.6141 -0.60121
15 271 288 0.81207 4.866 0.92888 0.54675 3.6039 0.78716 1.4363 3.4493 0.30589 1.9157 1.8328 0.093788 2.7362 0.57605 0.65969 -0.33293 3.7868 1.2766 -0.90872 2.1901 1.36 -0.38747 0.92626 2.1989 0.71421 0.01182 -0.40554 1.0822 -2.0472 0.22847 0.92689 -3.8623 -0.21751 -0.71421 -0.011821 0.40554 -0.8803 -2.1715 0.69725 -1.5744 -3.6141 -0.27998
C8
15 266 204 -0.72793 4.9058 0.80361 -0.66219 3.6266 0.5853 0.057137 3.5657 1.3103 0.48773 2.047 1.9396 -0.33138 2.8277 3.0765 -1.3874 3.7165 -0.13078 -1.5565 2.1378 -0.73647 -2.0858 1.606 0.68129 0.5366 0.017032 0.62167 0.0042543 -2.0074 1.2501 0.28882 -3.8573 1.3727 -0.5366 -0.017032 -0.62167 -0.58816 -2.1997 -0.72294 0.046978 -3.8152 -1.4332
15 266 204 -0.72793 4.9058 0.80361 -0.66219 3.6266 0.5853 0.057137 3.5657 1.3103 0.48773 2.047 1.9396 -0.33138 2.8277 3.0765 -1.3874 3.7165 -0.13078 -1.5565 2.1378 -0.73647 -2.0858 1.606 0.68129 0.5366 0.017032 0.62167 0.0042543 -2.0074 1.2501 0.28882 -3.8573 1.3727 -0.5366 -0.017032 -0.62167 -0.58816 -2.1997 -0.72294 0.046978 -3.8152 -1.4332
15 266 216 -0.54495 4.9058 0.93739 -0.52603 3.6266 0.71019 0.32832 3.5657 1.2698 0.88034 2.047 1.7958 0.3155 2.8277 3.0782 -1.3843 3.7165 0.16053 -1.6756 2.1378 -0.39676 -1.8985 1.606 1.1001 0.65412 0.017032 0.49652 0.26408 -2.0074 1.2219 0.5679 -3.8573 1.2826 -0.65412 -0.017032 -0.49652 -0.72562 -2.1997 -0.58486 -0.25203 -3.8152 -1.4116
15 267 204 -0.76415 4.8896 0.85705 -0.68997 3.6149 0.61174 0.023897 3.5346 1.3403 0.46942 1.9956 1.9066 -0.53496 2.4502 3.0717 -1.4097 3.7241 -0.10718 -1.5684 2.1525 -0.73385 -2.1519 1.4527 0.5863 0.53723 0.024557 0.62087 -0.0032881 -2.0048 1.2262 0.29198 -3.8561 1.2825 -0.53723 -0.024557 -0.62087 -0.55574 -2.2057 -0.75935 0.061719 -3.8013 -1.5279
15 267 216 -0.56926 4.8896 0.99719 -0.5477 3.6149 0.74183 0.30203 3.5346 1.306 0.85557 1.9956 1.7674 0.11538 2.4502 3.1158 -1.4012 3.7241 0.18825 -1.6867 2.1525 -0.39172 -1.983 1.4527 1.0209 0.65457 0.024557 0.49561 0.25172 -2.0048 1.2001 0.55225 -3.8561 1.1938 -0.65457 -0.024557 -0.49561 -0.70148 -2.2057 -0.62721 -0.25729 -3.8013 -1.5073
15 268 204 -0.7762 4.8821 0.87615 -0.69825 3.6104 0.61612 0.0082137 3.5144 1.3499 0.42755 1.9554 1.8806 -0.64746 1.9027 3.0699 -1.4106 3.7352 -0.10767 -1.5601 2.1646 -0.73926 -2.1905 1.295 0.45209 0.53496 0.030321 0.62258 -0.020281 -2.0029 1.2009 0.29217 -3.8523 1.1915 -0.53496 -0.030321 -0.62257 -0.54538 -2.2073 -0.81562 0.086872 -3.7805 -1.6177
15 268 216 -0.57708 4.8821 1.0184 -0.5549 3.6104 0.74783 0.2887 3.5144 1.3187 0.8092 1.9554 1.7506 0.0049514 1.9027 3.1374 -1.4021 3.7352 0.18795 -1.6797 2.1646 -0.39875 -2.0486 1.295 0.89763 0.65271 0.030321 0.49775 0.22984 -2.0029 1.1789 0.53351 -3.8523 1.1047 -0.65271 -0.030321 -0.49775 -0.70304 -2.2073 -0.6844 -0.25136 -3.7805 -1.6004
15 269 204 -0.78053 4.8778 0.88193 -0.70192 3.6084 0.61574 -0.016322 3.4991 1.3673 0.30418 1.9301 1.9358 -0.68518 1.3436 3.0539 -1.3935 3.7463 -0.12555 -1.5438 2.1667 -0.73385 -2.2145 1.1353 0.29543 0.52233 0.029698 0.63324 -0.045881 -2.0116 1.169 0.30124 -3.8533 1.0943 -0.52233 -0.029698 -0.63324 -0.57582 -2.203 -0.85807 0.11652 -3.744 -1.6729
15 269 216 -0.58011 4.8778 1.0249 -0.55856 3.6084 0.74822 0.26831 3.4991 1.3408 0.70001 1.9301 1.8303 -0.035264 1.3436 3.1296 -1.3891 3.7463 0.16692 -1.6626 2.1667 -0.39684 -2.1046 1.1353 0.74939 0.64257 0.029698 0.5108 0.19817 -2.0116 1.153 0.52217 -3.8533 1.0077 -0.64257 -0.029698 -0.5108 -0.74163 -2.203 -0.7196 -0.23384 -3.744 -1.6606
15 270 204 -0.79707 4.8742 0.89108 -0.70633 3.6072 0.62186 -0.074495 3.4761 1.4158 0.15739 1.8993 2.0057 -0.58107 0.84769 2.9657 -1.3445 3.7667 -0.16174 -1.5053 2.1733 -0.73013 -2.2287 1.0034 0.095005 0.50428 0.021812 0.64802 -0.081178 -2.0249 1.1429 0.30197 -3.8554 1.0002 -0.50428 -0.021812 -0.64802 -0.6564 -2.1928 -0.84907 0.13526 -3.683 -1.668
15 270 216 -0.59439 4.8742 1.0373 -0.5616 3.6072 0.75512 0.2215 3.4761 1.4004 0.57096 1.8993 1.9292 0.048237 0.84769 3.0217 -1.3488 3.7667 0.12134 -1.6242 2.1733 -0.4012 -2.1603 1.0034 0.55631 0.62799 0.021812 0.52901 0.15821 -2.0249 1.1348 0.50333 -3.8554 0.91556 -0.62799 -0.021812 -0.52901 -0.81859 -2.1928 -0.69404 -0.21449 -3.683 -1.6596
15 271 204 -0.8389 4.866 0.90471 -0.7257 3.6039 0.62604 -0.15408 3.4493 1.4604 0.10697 1.8328 1.915 -0.37006 0.57605 2.7902 -1.3044 3.7868 -0.19767 -1.4475 2.1901 -0.76159 -2.2274 0.92626 -0.1555 0.47797 0.01182 0.66791 -0.1141 -2.0472 1.1001 0.3132 -3.8623 0.89907 -0.47797 -0.011821 -0.66791 -0.78544 -2.1715 -0.80259 0.11387 -3.6141 -1.5951
15 271 216 -0.63247 4.866 1.0594 -0.57968 3.6039 0.76324 0.15292 3.4493 1.4605 0.50278 1.8328 1.8509 0.21814 0.57605 2.8062 -1.317 3.7868 0.077849 -1.5742 2.1901 -0.44399 -2.211 0.92626 0.311 0.60639 0.01182 0.55394 0.11712 -2.0472 1.0998 0.49329 -3.8623 0.81431 -0.60639 -0.011821 -0.55394 -0.93515 -2.1715 -0.62175 -0.22025 -3.6141 -1.5839
15 272 204 -0.88064 4.8615 0.88916 -0.75051 3.6013 0.60905 -0.20896 3.4365 1.4613 0.13857 1.7983 1.7501 -0.29093 0.48223 2.5603 -1.2994 3.7942 -0.23252 -1.3805 2.2111 -0.84493 -2.2012 0.89371 -0.44019 0.43956 0.0070581 0.69386 -0.13267 -2.0733 1.0426 0.34029 -3.8706 0.79016 -0.43956 -0.0070577 -0.69386 -0.9119 -2.1406 -0.7322 0.055965 -3.565 -1.4753
C9
15 268 156 -1.1705 4.8821 0.0094276 -0.92509 3.6104 -0.10664 -0.9977 3.5144 0.90939 -1.1114 1.9554 1.5761 -2.7146 1.9027 1.573 -0.86383 3.7352 -1.1203 -0.4945 2.1646 -1.654 -1.8017 1.295 -1.3253 -0.10471 0.030321 0.81414 -0.906 -2.0029 0.78848 -0.68998 -3.8523 1.0144 0.10471 -0.030321 -0.81414 0.24119 -2.2073 -0.95105 1.2603 -3.7805 -1.0179
15 266 156 -1.0843 4.9058 -0.0032434 -0.87805 3.6266 -0.10046 -0.93553 3.5657 0.91924 -1.1151 2.047 1.6603 -2.508 2.8277 1.8123 -0.83116 3.7165 -1.1186 -0.4942 2.1378 -1.6495 -1.9019 1.606 -1.0941 -0.10294 0.017032 0.81475 -0.92617 -2.0074 0.83965 -0.82682 -3.8573 1.1331 0.10294 -0.017032 -0.81475 0.14369 -2.1997 -0.92084 1.0965 -3.8152 -0.92408
15 267 156 -1.1482 4.8896 0.0056021 -0.91629 3.6149 -0.10341 -0.98003 3.5346 0.91458 -1.1028 1.9956 1.6246 -2.6407 2.4502 1.6578 -0.86362 3.7241 -1.1193 -0.50412 2.1525 -1.6566 -1.8756 1.4527 -1.2069 -0.10192 0.024557 0.81468 -0.91342 -2.0048 0.81802 -0.75772 -3.8561 1.0752 0.10192 -0.024557 -0.81468 0.19244 -2.2057 -0.9211 1.1767 -3.8013 -0.97647
15 268 156 -1.1705 4.8821 0.0094276 -0.92509 3.6104 -0.10664 -0.9977 3.5144 0.90939 -1.1114 1.9554 1.5761 -2.7146 1.9027 1.573 -0.86383 3.7352 -1.1203 -0.4945 2.1646 -1.654 -1.8017 1.295 -1.3253 -0.10471 0.030321 0.81414 -0.906 -2.0029 0.78848 -0.68998 -3.8523 1.0144 0.10471 -0.030321 -0.81414 0.24119 -2.2073 -0.95105 1.2603 -3.7805 -1.0179
15 269 156 -1.1777 4.8778 0.010081 -0.92726 3.6084 -0.10962 -1.027 3.4991 0.90276 -1.2351 1.9301 1.5214 -2.728 1.3436 1.5343 -0.83913 3.7463 -1.1196 -0.48762 2.1667 -1.6383 -1.7013 1.1353 -1.448 -0.12108 0.029698 0.81188 -0.89945 -2.0116 0.74813 -0.61164 -3.8533 0.95608 0.12108 -0.029698 -0.81188 0.25237 -2.203 -1.0021 1.3212 -3.744 -1.0328
15 270 156 -1.1955 4.8742 0.0039063 -0.93476 3.6072 -0.1088 -1.102 3.4761 0.89202 -1.3852 1.8993 1.4591 -2.5928 0.84769 1.5527 -0.77947 3.7667 -1.1074 -0.46468 2.1733 -1.6072 -1.5619 1.0034 -1.5927 -0.14414 0.021812 0.80836 -0.90364 -2.0249 0.70441 -0.54123 -3.8554 0.89367 0.14414 -0.021812 -0.80836 0.19176 -2.1928 -1.0559 1.33 -3.683 -1.0156
C10
15 269 144 -1.154 4.8778 -0.23499 -0.88421 3.6084 -0.30001 -1.1923 3.4991 0.6695 -1.5244 1.9301 1.2313 -2.9874 1.3436 0.93357 -0.58802 3.7463 -1.2696 -0.13635 2.1667 -1.7039 -1.3631 1.1353 -1.7701 -0.28724 0.029698 0.76897 -1.0353 -2.0116 0.54477 -0.79706 -3.8533 0.80802 0.28724 -0.029698 -0.76897 0.4552 -2.203 -0.9277 1.5071 -3.744 -0.73555
15 266 144 -1.0599 4.9058 -0.22861 -0.83798 3.6266 -0.28082 -1.1062 3.5657 0.70465 -1.4359 2.047 1.3922 -2.83 2.8277 1.2513 -0.58044 3.7165 -1.2669 -0.14045 2.1378 -1.7162 -1.6329 1.606 -1.4657 -0.27008 0.017032 0.77554 -1.0805 -2.0074 0.62874 -1.0443 -3.8573 0.93645 0.27008 -0.017032 -0.77554 0.33201 -2.1997 -0.87084 1.2647 -3.8152 -0.67591
15 267 144 -1.1243 4.8896 -0.23325 -0.87477 3.6149 -0.29165 -1.1488 3.5346 0.69083 -1.4165 1.9956 1.3598 -2.9277 2.4502 1.0726 -0.61203 3.7241 -1.2744 -0.14867 2.1525 -1.7252 -1.5837 1.4527 -1.5705 -0.26908 0.024557 0.77569 -1.0635 -2.0048 0.61024 -0.9647 -3.8561 0.89412 0.26908 -0.024557 -0.77569 0.37974 -2.2057 -0.86096 1.354 -3.8013 -0.71048
15 268 144 -1.1469 4.8821 -0.23414 -0.8827 3.6104 -0.29665 -1.165 3.5144 0.68208 -1.4148 1.9554 1.3106 -2.9823 1.9027 0.97423 -0.61203 3.7352 -1.2754 -0.13981 2.1646 -1.7207 -1.4867 1.295 -1.6709 -0.27169 0.030321 0.77457 -1.0501 -2.0029 0.58288 -0.88581 -3.8523 0.84879 0.27169 -0.030321 -0.77457 0.43366 -2.2073 -0.88012 1.4444 -3.7805 -0.73359
15 269 144 -1.154 4.8778 -0.23499 -0.88421 3.6084 -0.30001 -1.1923 3.4991 0.6695 -1.5244 1.9301 1.2313 -2.9874 1.3436 0.93357 -0.58802 3.7463 -1.2696 -0.13635 2.1667 -1.7039 -1.3631 1.1353 -1.7701 -0.28724 0.029698 0.76897 -1.0353 -2.0116 0.54477 -0.79706 -3.8533 0.80802 0.28724 -0.029698 -0.76897 0.4552 -2.203 -0.9277 1.5071 -3.744 -0.73555
15 270 144 -1.1702 4.8742 -0.24475 -0.89171 3.6072 -0.30077 -1.2634 3.4761 0.64341 -1.6583 1.8993 1.1392 -2.8589 0.84769 0.97965 -0.53219 3.7667 -1.2453 -0.12036 2.1733 -1.6687 -1.1966 1.0034 -1.8826 -0.30906 0.021812 0.76073 -1.0304 -2.0249 0.50114 -0.71521 -3.8554 0.76161 0.30906 -0.021812 -0.76073 0.40712 -2.1928 -0.99299 1.5121 -3.683 -0.71684
15 271 144 -1.203 4.866 -0.27416 -0.90501 3.6039 -0.31545 -1.3418 3.4493 0.59676 -1.6049 1.8328 1.0501 -2.6014 0.57605 1.0746 -0.481 3.7868 -1.2285 -0.064199 2.1901 -1.6344 -0.97902 0.92626 -2.0067 -0.33944 0.01182 0.74789 -1.0098 -2.0472 0.45125 -0.62202 -3.8623 0.72078 0.33944 -0.011821 -0.74789 0.30234 -2.1715 -1.0815 1.4383 -3.6141 -0.69893
15 272 144 -1.2104 4.8615 -0.31807 -0.90271 3.6013 -0.34543 -1.37 3.4365 0.5497 -1.4463 1.7983 0.99506 -2.3628 0.48223 1.0282 -0.44835 3.7942 -1.2416 0.041486 2.2111 -1.618 -0.71938 0.89371 -2.1264 -0.38112 0.0070581 0.7276 -0.96929 -2.0733 0.40643 -0.51415 -3.8706 0.68978 0.38112 -0.0070577 -0.7276 0.17815 -2.1406 -1.1558 1.3057 -3.565 -0.68921
C11
15 266 12 0.87911 4.9058 -0.6347 0.76941 3.6266 -0.43483 0.21654 3.5657 -1.2936 -0.0738 2.047 -1.9986 0.96379 2.8277 -2.9404 1.3299 3.7165 0.41638 1.3694 2.1378 1.044 2.1818 1.606 -0.23275 -0.39562 0.017032 -0.71965 0.25575 -2.0074 -1.2237 0.0028805 -3.8573 -1.4027 0.39562 -0.017032 0.71965 0.425 -2.1997 0.82943 -0.34393 -3.8152 1.3921
15 266 12 0.87911 4.9058 -0.6347 0.76941 3.6266 -0.43483 0.21654 3.5657 -1.2936 -0.0738 2.047 -1.9986 0.96379 2.8277 -2.9404 1.3299 3.7165 0.41638 1.3694 2.1378 1.044 2.1818 1.606 -0.23275 -0.39562 0.017032 -0.71965 0.25575 -2.0074 -1.2237 0.0028805 -3.8573 -1.4027 0.39562 -0.017032 0.71965 0.425 -2.1997 0.82943 -0.34393 -3.8152 1.3921
15 267 12 0.92564 4.8896 -0.67944 0.80208 3.6149 -0.45492 0.25528 3.5346 -1.316 -0.062754 1.9956 -1.9626 1.1619 2.4502 -2.8934 1.3566 3.7241 0.39793 1.3816 2.1525 1.0439 2.2268 1.4527 -0.12607 -0.3964 0.024557 -0.719 0.25815 -2.0048 -1.1987 -0.018951 -3.8561 -1.3152 0.3964 -0.024557 0.719 0.38572 -2.2057 0.8583 -0.37803 -3.8013 1.4816
15 267 24 0.76415 4.8896 -0.85705 0.68997 3.6149 -0.61174 -0.023897 3.5346 -1.3403 -0.46942 1.9956 -1.9066 0.53496 2.4502 -3.0717 1.4097 3.7241 0.10718 1.5684 2.1525 0.73385 2.1519 1.4527 -0.5863 -0.53723 0.024557 -0.62087 0.0032879 -2.0048 -1.2262 -0.29198 -3.8561 -1.2825 0.53723 -0.024557 0.62087 0.55574 -2.2057 0.75935 -0.061719 -3.8013 1.5279
15 268 12 0.9414 4.8821 -0.69562 0.81109 3.6104 -0.45748 0.27263 3.5144 -1.3221 -0.027215 1.9554 -1.9284 1.2716 1.9027 -2.8682 1.3573 3.7352 0.39859 1.3723 2.1646 1.0475 2.2366 1.295 0.013214 -0.39383 0.030321 -0.72019 0.26952 -2.0029 -1.1704 -0.038049 -3.8523 -1.2262 0.39383 -0.030321 0.72019 0.36389 -2.2073 0.91119 -0.4213 -3.7805 1.5642
15 268 24 0.7762 4.8821 -0.87615 0.69825 3.6104 -0.61612 -0.008214 3.5144 -1.3499 -0.42755 1.9554 -1.8806 0.64746 1.9027 -3.0699 1.4105 3.7352 0.10767 1.5601 2.1646 0.73926 2.1905 1.295 -0.45209 -0.53496 0.030321 -0.62257 0.020281 -2.0029 -1.2009 -0.29217 -3.8523 -1.1915 0.53496 -0.030321 0.62257 0.54538 -2.2073 0.81562 -0.086872 -3.7805 1.6177
15 269 12 0.94683 4.8778 -0.70037 0.8146 3.6084 -0.45635 0.30024 3.4991 -1.334 0.10495 1.9301 -1.9568 1.3051 1.3436 -2.8447 1.3369 3.7463 0.41253 1.3574 2.1667 1.0388 2.2275 1.1353 0.17144 -0.37926 0.029698 -0.728 0.28793 -2.0116 -1.1339 -0.067141 -3.8533 -1.133 0.37926 -0.029698 0.728 0.38483 -2.203 0.95904 -0.4618 -3.744 1.6121
15 269 24 0.78053 4.8778 -0.88193 0.70192 3.6084 -0.61574 0.016322 3.4991 -1.3673 -0.30418 1.9301 -1.9358 0.68518 1.3436 -3.0539 1.3935 3.7463 0.12555 1.5438 2.1667 0.73385 2.2145 1.1353 -0.29543 -0.52233 0.029698 -0.63324 0.045881 -2.0116 -1.169 -0.30124 -3.8533 -1.0943 0.52233 -0.029698 0.63324 0.57582 -2.203 0.85807 -0.11652 -3.744 1.6729
15 270 12 0.96492 4.8742 -0.70589 0.82019 3.6072 -0.46142 0.36724 3.4761 -1.3694 0.26307 1.8993 -1.9946 1.185 0.84769 -2.7801 1.2815 3.7667 0.43775 1.3206 2.1733 1.0272 2.1998 1.0034 0.37045 -0.35853 0.021812 -0.7387 0.31702 -2.0249 -1.101 -0.08742 -3.8554 -1.0411 0.35853 -0.021812 0.7387 0.46552 -2.1928 0.96699 -0.47909 -3.683 1.6034
15 270 24 0.79707 4.8742 -0.89108 0.70633 3.6072 -0.62186 0.074495 3.4761 -1.4158 -0.15739 1.8993 -2.0057 0.58107 0.84769 -2.9657 1.3445 3.7667 0.16174 1.5053 2.1733 0.73013 2.2287 1.0034 -0.095006 -0.50428 0.021812 -0.64802 0.081178 -2.0249 -1.1429 -0.30197 -3.8554 -1.0002 0.50428 -0.021812 0.64802 0.6564 -2.1928 0.84907 -0.13526 -3.683 1.668
15 271 12 1.0087 4.866 -0.71052 0.84 3.6039 -0.46148 0.45435 3.4493 -1.3964 0.29352 1.8328 -1.8954 0.94209 0.57605 -2.6523 1.2348 3.7868 0.46454 1.2575 2.1901 1.0459 2.1464 0.92626 0.6152 -0.32866 0.01182 -0.75269 0.34034 -2.0472 -1.0524 -0.11943 -3.8623 -0.94455 0.32866 -0.011821 0.75269 0.60141 -2.1715 0.94836 -0.44302 -3.6141 1.5366
15 271 24 0.8389 4.866 -0.90471 0.7257 3.6039 -0.62604 0.15408 3.4493 -1.4604 -0.10697 1.8328 -1.915 0.37006 0.57605 -2.7902 1.3044 3.7868 0.19767 1.4475 2.1901 0.76159 2.2274 0.92626 0.1555 -0.47797 0.01182 -0.66791 0.1141 -2.0472 -1.1001 -0.3132 -3.8623 -0.89907 0.47797 -0.011821 0.66791 0.78544 -2.1715 0.80259 -0.11387 -3.6141 1.5951
15 272 12 1.0463 4.8615 -0.68664 0.86074 3.6013 -0.4397 0.50823 3.4365 -1.3859 0.22832 1.7983 -1.7407 0.81689 0.48223 -2.4439 1.2227 3.7942 0.49761 1.1747 2.2111 1.1135 2.0616 0.89371 0.88822 -0.28569 0.0070581 -0.77008 0.34655 -2.0733 -0.99228 -0.16857 -3.8706 -0.84364 0.28569 -0.0070577 0.77009 0.73974 -2.1406 0.9058 -0.36148 -3.565 1.4315
15 272 24 0.88064 4.8615 -0.88916 0.75051 3.6013 -0.60905 0.20896 3.4365 -1.4613 -0.13857 1.7983 -1.7501 0.29093 0.48223 -2.5603 1.2994 3.7942 0.23252 1.3805 2.2111 0.84493 2.2012 0.89371 0.44019 -0.43956 0.0070581 -0.69386 0.13267 -2.0733 -1.0426 -0.34029 -3.8706 -0.79016 0.43956 -0.0070577 0.69386 0.9119 -2.1406 0.7322 -0.055965 -3.565 1.4753
C12
15 270 120 -0.96951 4.8742 -0.69957 -0.69228 3.6072 -0.63746 -1.4159 3.4761 0.073909 -1.9783 1.8993 0.36618 -3.0102 0.84769 -0.26789 0.020315 3.7667 -1.3541 0.56878 2.1733 -1.5734 -0.32745 1.0034 -2.2066 -0.59176 0.021812 0.56925 -1.1451 -2.0249 0.03873 -0.96315 -3.8554 0.40487 0.59176 -0.021812 -0.56925 0.77581 -2.1928 -0.74155 1.673 -3.683 -0.039834
15 266 108 -0.72311 4.9058 -0.80795 -0.51288 3.6266 -0.71974 -1.3091 3.5657 -0.080142 -1.98 2.047 0.28231 -3.025 2.8277 -0.65115 0.27509 3.7165 -1.3661 0.89513 2.1378 -1.471 -0.45954 1.606 -2.1455 -0.67435 0.017032 0.46867 -1.2437 -2.0074 -0.12644 -1.3953 -3.8573 0.14376 0.67435 -0.017032 -0.46867 0.78046 -2.1997 -0.50937 1.4204 -3.8152 0.19653
15 266 120 -0.87529 4.9058 -0.63995 -0.65131 3.6266 -0.59738 -1.2972 3.5657 0.19379 -1.878 2.047 0.6878 -3.0943 2.8277 -0.0079824 -0.014955 3.7165 -1.3935 0.56974 2.1378 -1.625 -0.89558 1.606 -2.0031 -0.56218 0.017032 0.59864 -1.2428 -2.0074 0.1349 -1.3349 -3.8573 0.43072 0.56218 -0.017032 -0.59864 0.6575 -2.1997 -0.66051 1.4303 -3.8152 -0.10309
15 267 108 -0.77248 4.8896 -0.84955 -0.53627 3.6149 -0.75013 -1.3354 3.5346 -0.11633 -1.9452 1.9956 0.26755 -2.999 2.4502 -0.85311 0.25395 3.7241 -1.3908 0.89378 2.1525 -1.4831 -0.35815 1.4527 -2.2014 -0.67363 0.024557 0.46938 -1.2191 -2.0048 -0.13144 -1.306 -3.8561 0.15632 0.67363 -0.024557 -0.46938 0.81328 -2.2057 -0.47333 1.513 -3.8013 0.22109
15 267 120 -0.93223 4.8896 -0.67038 -0.68051 3.6149 -0.62224 -1.3304 3.5346 0.16386 -1.8471 1.9956 0.66614 -3.1108 2.4502 -0.21094 -0.040758 3.7241 -1.4132 0.56589 2.1525 -1.6365 -0.80803 1.4527 -2.0789 -0.56132 0.024557 0.59918 -1.2198 -2.0048 0.1249 -1.245 -3.8561 0.42444 0.56132 -0.024557 -0.59918 0.6971 -2.2057 -0.63207 1.5259 -3.8013 -0.098324
15 268 108 -0.79022 4.8821 -0.86353 -0.53976 3.6104 -0.75883 -1.3434 3.5144 -0.13294 -1.915 1.9554 0.22863 -2.9854 1.9027 -0.96481 0.25452 3.7352 -1.3916 0.89828 2.1646 -1.4742 -0.22065 1.295 -2.2257 -0.67508 0.030321 0.46695 -1.1922 -2.0029 -0.1457 -1.2155 -3.8523 0.16602 0.67508 -0.030321 -0.46695 0.86816 -2.2073 -0.45714 1.5997 -3.7805 0.25549
15 268 120 -0.95249 4.8821 -0.68037 -0.68573 3.6104 -0.63003 -1.3417 3.5144 0.14928 -1.8256 1.9554 0.62178 -3.1208 1.9027 -0.32303 -0.040363 3.7352 -1.4141 0.57214 2.1646 -1.6288 -0.67857 1.295 -2.1312 -0.56325 0.030321 0.5971 -1.1964 -2.0029 0.10536 -1.1545 -3.8523 0.41511 0.56325 -0.030321 -0.5971 0.75414 -2.2073 -0.62765 1.6179 -3.7805 -0.082695
15 269 108 -0.79551 4.8778 -0.86844 -0.53899 3.6084 -0.76244 -1.3581 3.4991 -0.15915 -1.957 1.9301 0.10017 -2.9656 1.3436 -1.0006 0.27052 3.7463 -1.3727 0.89119 2.1667 -1.4586 -0.062339 1.1353 -2.2332 -0.68437 0.029698 0.45327 -1.1578 -2.0116 -0.16782 -1.1198 -3.8533 0.1852 0.68437 -0.029698 -0.45327 0.91356 -2.203 -0.48297 1.6516 -3.744 0.29075
15 269 120 -0.95868 4.8778 -0.68406 -0.68574 3.6084 -0.63372 -1.3615 3.4991 0.12669 -1.8934 1.9301 0.50486 -3.1088 1.3436 -0.36221 -0.020798 3.7463 -1.399 0.56846 2.1667 -1.612 -0.52529 1.1353 -2.1714 -0.57517 0.029698 0.58566 -1.1674 -2.0116 0.076566 -1.0568 -3.8533 0.41397 0.57517 -0.029698 -0.58566 0.79318 -2.203 -0.66235 1.6759 -3.744 -0.058982
15 270 120 -0.96951 4.8742 -0.69957 -0.69228 3.6072 -0.63746 -1.4159 3.4761 0.073909 -1.9783 1.8993 0.36618 -3.0102 0.84769 -0.26789 0.020315 3.7667 -1.3541 0.56878 2.1733 -1.5734 -0.32745 1.0034 -2.2066 -0.59176 0.021812 0.56925 -1.1451 -2.0249 0.03873 -0.96315 -3.8554 0.40487 0.59176 -0.021812 -0.56925 0.77581 -2.1928 -0.74155 1.673 -3.683 -0.039834
15 271 120 -0.98745 4.866 -0.73974 -0.69846 3.6039 -0.65628 -1.4685 3.4493 -0.00058365 -1.8933 1.8328 0.30655 -2.8136 0.57605 -0.076377 0.060238 3.7868 -1.3179 0.60611 2.1901 -1.5192 -0.078178 0.92626 -2.2314 -0.61429 0.01182 0.54517 -1.106 -2.0472 0.00152 -0.86141 -3.8623 0.40547 0.61429 -0.011821 -0.54517 0.71609 -2.1715 -0.86503 1.5982 -3.6141 -0.053484
15 272 120 -0.97634 4.8615 -0.78287 -0.68417 3.6013 -0.68274 -1.4752 3.4365 -0.055069 -1.726 1.7983 0.32075 -2.5767 0.48223 -0.021715 0.095418 3.7942 -1.3166 0.696 2.2111 -1.4612 0.20769 0.89371 -2.2351 -0.64411 0.0070581 0.50968 -1.0508 -2.0733 -0.022955 -0.75026 -3.8706 0.42102 0.64411 -0.0070577 -0.50968 0.63287 -2.1406 -0.98344 1.4731 -3.565 -0.098557
C13
15 266 180 -0.99186 4.9058 0.43805 -0.843 3.6266 0.26536 -0.48076 3.5657 1.2203 -0.34335 2.047 1.9703 -1.5541 2.8277 2.6758 -1.2143 3.7165 -0.68379 -1.1224 2.1378 -1.3059 -2.1825 1.606 -0.22596 0.23735 0.017032 0.78618 -0.50458 -2.0074 1.1438 -0.29446 -3.8573 1.3715 -0.23735 -0.017032 -0.78618 -0.24327 -2.1997 -0.89967 0.62585 -3.8152 -1.2902
15 266 180 -0.99186 4.9058 0.43805 -0.843 3.6266 0.26536 -0.48076 3.5657 1.2203 -0.34335 2.047 1.9703 -1.5541 2.8277 2.6758 -1.2143 3.7165 -0.68379 -1.1224 2.1378 -1.3059 -2.1825 1.606 -0.22596 0.23735 0.017032 0.78618 -0.50458 -2.0074 1.1438 -0.29446 -3.8573 1.3715 -0.23735 -0.017032 -0.78618 -0.24327 -2.1997 -0.89967 0.62585 -3.8152 -1.2902
15 266 192 -0.87911 4.9058 0.6347 -0.76941 3.6266 0.43483 -0.21654 3.5657 1.2936 0.0738 2.047 1.9986 -0.96379 2.8277 2.9404 -1.3299 3.7165 -0.41638 -1.3694 2.1378 -1.044 -2.1818 1.606 0.23275 0.39562 0.017032 0.71965 -0.25575 -2.0074 1.2237 -0.0028804 -3.8573 1.4027 -0.39562 -0.017032 -0.71965 -0.425 -2.1997 -0.82943 0.34393 -3.8152 -1.3921
15 267 180 -1.0467 4.8896 0.47214 -0.87913 3.6149 0.27822 -0.52331 3.5346 1.2341 -0.34666 1.9956 1.9327 -1.7381 2.4502 2.5886 -1.2442 3.7241 -0.67129 -1.1343 2.1525 -1.3083 -2.2044 1.4527 -0.33966 0.23825 0.024557 0.78571 -0.50173 -2.0048 1.1188 -0.25491 -3.8561 1.2904 -0.23825 -0.024557 -0.78571 -0.19884 -2.2057 -0.91974 0.67782 -3.8013 -1.3707
15 267 192 -0.92564 4.8896 0.67944 -0.80208 3.6149 0.45492 -0.25528 3.5346 1.316 0.062754 1.9956 1.9626 -1.1619 2.4502 2.8934 -1.3566 3.7241 -0.39793 -1.3816 2.1525 -1.0439 -2.2268 1.4527 0.12607 0.3964 0.024557 0.719 -0.25815 -2.0048 1.1987 0.018951 -3.8561 1.3152 -0.3964 -0.024557 -0.719 -0.38572 -2.2057 -0.8583 0.37803 -3.8013 -1.4816
15 268 180 -1.0655 4.8821 0.48469 -0.88848 3.6104 0.27885 -0.54156 3.5144 1.2366 -0.37431 1.9554 1.8919 -1.8401 1.9027 2.5411 -1.2448 3.7352 -0.67208 -1.1245 2.1646 -1.3099 -2.185 1.295 -0.47794 0.23548 0.030321 0.78634 -0.50697 -2.0029 1.0888 -0.21773 -3.8523 1.2073 -0.23548 -0.030321 -0.78634 -0.16649 -2.2073 -0.96693 0.73732 -3.7805 -1.4425
15 268 192 -0.9414 4.8821 0.69562 -0.81109 3.6104 0.45748 -0.27263 3.5144 1.3221 0.027215 1.9554 1.9284 -1.2716 1.9027 2.8682 -1.3573 3.7352 -0.39859 -1.3723 2.1646 -1.0475 -2.2366 1.295 -0.013214 0.39383 0.030321 0.72019 -0.26952 -2.0029 1.1704 0.038049 -3.8523 1.2262 -0.39383 -0.030321 -0.72019 -0.36389 -2.2073 -0.91119 0.4213 -3.7805 -1.5642
15 269 180 -1.0718 4.8778 0.48821 -0.89168 3.6084 0.27701 -0.57103 3.4991 1.2424 -0.50948 1.9301 1.8922 -1.8681 1.3436 2.5112 -1.222 3.7463 -0.68148 -1.1118 2.1667 -1.2983 -2.1432 1.1353 -0.63081 0.21961 0.029698 0.79094 -0.5174 -2.0116 1.0493 -0.16989 -3.8533 1.1222 -0.21961 -0.029698 -0.79094 -0.17703 -2.203 -1.0181 0.78689 -3.744 -1.4809
15 269 192 -0.94683 4.8778 0.70037 -0.8146 3.6084 0.45635 -0.30024 3.4991 1.334 -0.10495 1.9301 1.9568 -1.3051 1.3436 2.8447 -1.3369 3.7463 -0.41253 -1.3574 2.1667 -1.0388 -2.2275 1.1353 -0.17144 0.37926 0.029698 0.728 -0.28793 -2.0116 1.1339 0.067141 -3.8533 1.133 -0.37926 -0.029698 -0.728 -0.38483 -2.203 -0.95904 0.4618 -3.744 -1.6121
15 270 180 -1.0906 4.8742 0.48984 -0.8982 3.6072 0.28081 -0.64393 3.4761 1.2631 -0.67202 1.8993 1.8963 -1.7371 0.84769 2.473 -1.1625 3.7667 -0.69463 -1.0782 2.1733 -1.2793 -2.0747 1.0034 -0.81972 0.19711 0.021812 0.7971 -0.53901 -2.0249 1.0111 -0.13095 -3.8554 1.0366 -0.19711 -0.021812 -0.7971 -0.2543 -2.1928 -1.0426 0.80198 -3.683 -1.4687
15 270 192 -0.96492 4.8742 0.70589 -0.82019 3.6072 0.46142 -0.36724 3.4761 1.3694 -0.26307 1.8993 1.9946 -1.185 0.84769 2.7801 -1.2815 3.7667 -0.43775 -1.3206 2.1733 -1.0272 -2.1998 1.0034 -0.37045 0.35853 0.021812 0.7387 -0.31702 -2.0249 1.101 0.08742 -3.8554 1.0411 -0.35853 -0.021812 -0.7387 -0.46552 -2.1928 -0.96699 0.47909 -3.683 -1.6034
15 271 180 -1.1344 4.866 0.48528 -0.91759 3.6039 0.27675 -0.73475 3.4493 1.2715 -0.68118 1.8328 1.7929 -1.4729 0.57605 2.3985 -1.1112 3.7868 -0.71111 -1.0126 2.1901 -1.2845 -1.9716 0.92626 -1.048 0.16499 0.01182 0.80457 -0.5517 -2.0472 0.95861 -0.07956 -3.8623 0.94874 -0.16499 -0.011821 -0.80457 -0.39109 -2.1715 -1.0527 0.75281 -3.6141 -1.4109
15 271 192 -1.0087 4.866 0.71052 -0.84 3.6039 0.46148 -0.45434 3.4493 1.3964 -0.29352 1.8328 1.8954 -0.94209 0.57605 2.6523 -1.2348 3.7868 -0.46454 -1.2575 2.1901 -1.0459 -2.1464 0.92626 -0.6152 0.32866 0.01182 0.75269 -0.34034 -2.0472 1.0524 0.11943 -3.8623 0.94455 -0.32866 -0.011821 -0.75269 -0.60141 -2.1715 -0.94836 0.44302 -3.6141 -1.5366
15 272 180 -1.1662 4.8615 0.4541 -0.93335 3.6013 0.25114 -0.78527 3.4365 1.25 -0.58524 1.7983 1.6552 -1.3071 0.48223 2.2206 -1.0925 3.7942 -0.74095 -0.91747 2.2111 -1.3334 -1.8318 0.89371 -1.2974 0.11934 0.0070581 0.81265 -0.54528 -2.0733 0.89854 -0.010514 -3.8706 0.86025 -0.11934 -0.0070577 -0.81266 -0.53525 -2.1406 -1.0398 0.6512 -3.565 -1.325
15 272 192 -1.0463 4.8615 0.68664 -0.86074 3.6013 0.4397 -0.50823 3.4365 1.3859 -0.22832 1.7983 1.7407 -0.81689 0.48223 2.4439 -1.2227 3.7942 -0.49761 -1.1747 2.2111 -1.1135 -2.0616 0.89371 -0.88822 0.28569 0.0070581 0.77008 -0.34655 -2.0733 0.99228 0.16857 -3.8706 0.84364 -0.28569 -0.0070577 -0.77009 -0.73974 -2.1406 -0.9058 0.36148 -3.565 -1.4315
C14
15 271 264 0.36405 4.866 1.1789 0.17932 3.6039 0.94149 1.1877 3.4493 0.86363 1.7119 1.8328 0.86486 2.2313 0.57605 1.7156 -0.82337 3.7868 1.0308 -1.3833 2.1901 0.87278 -1.2484 0.92626 1.8512 0.81741 0.01182 -0.079983 0.89569 -2.0472 0.64888 0.93522 -3.8623 0.17829 -0.81741 -0.011821 0.079983 -1.0878 -2.1715 0.27892 -1.3244 -3.6141 -0.89616
15 266 252 0.11011 4.9058 1.0787 -0.0081294 3.6266 0.88374 1.012 3.5657 0.83432 1.7678 2.047 0.93541 2.0646 2.8277 2.3049 -1.0255 3.7165 0.94353 -1.5888 2.1378 0.66391 -0.88935 1.606 2.0059 0.82104 0.017032 0.01721 0.93186 -2.0074 0.83333 1.2133 -3.8573 0.70385 -0.82104 -0.017032 -0.01721 -0.93081 -2.1997 -0.046654 -1.0336 -3.8152 -0.9939
15 266 264 0.33198 4.9058 1.0322 0.17579 3.6266 0.86612 1.1633 3.5657 0.60568 1.9236 2.047 0.54743 2.4987 2.8277 1.8253 -0.80696 3.7165 1.1361 -1.416 2.1378 0.97973 -0.45286 1.606 2.147 0.80668 0.017032 -0.15387 1.0848 -2.0074 0.62137 1.3332 -3.8573 0.4362 -0.80668 -0.017032 0.15387 -0.92017 -2.1997 0.14789 -1.2177 -3.8152 -0.75728
15 267 252 0.12559 4.8896 1.1414 -0.0070619 3.6149 0.92208 1.012 3.5346 0.87906 1.731 1.9956 0.92693 1.9248 2.4502 2.4529 -1.0229 3.7241 0.97589 -1.5948 2.1525 0.67452 -1.0042 1.4527 1.9915 0.82087 0.024557 0.016208 0.90902 -2.0048 0.82291 1.1485 -3.8561 0.64118 -0.82087 -0.024557 -0.016208 -0.93617 -2.2057 -0.095105 -1.0941 -3.8013 -1.0682
15 267 264 0.36015 4.8896 1.0903 0.1848 3.6149 0.9034 1.1727 3.5346 0.64944 1.8859 1.9956 0.54678 2.3927 2.4502 1.9992 -0.79768 3.7241 1.1672 -1.4197 2.1525 0.99136 -0.56822 1.4527 2.1568 0.80631 0.024557 -0.15482 1.0602 -2.0048 0.61593 1.2567 -3.8561 0.38839 -0.80631 -0.024557 0.15482 -0.93549 -2.2057 0.10161 -1.2923 -3.8013 -0.81738
15 268 252 0.13173 4.8821 1.1631 -0.0093568 3.6104 0.93117 1.0087 3.5144 0.89718 1.6836 1.9554 0.94061 1.8481 1.9027 2.5353 -1.0239 3.7352 0.9762 -1.5933 2.1646 0.66469 -1.1297 1.295 1.9303 0.82062 0.030321 0.019033 0.87886 -2.0029 0.81862 1.081 -3.8523 0.58017 -0.82062 -0.030321 -0.019033 -0.97105 -2.2073 -0.14046 -1.144 -3.7805 -1.147
15 268 264 0.37067 4.8821 1.1103 0.18445 3.6104 0.91277 1.1732 3.5144 0.66785 1.8424 1.9554 0.57001 2.3349 1.9027 2.0957 -0.79852 3.7352 1.1677 -1.4202 2.1646 0.98142 -0.70371 1.295 2.123 0.80664 0.030321 -0.152 1.0299 -2.0029 0.61801 1.178 -3.8523 0.34274 -0.80664 -0.030321 0.152 -0.97904 -2.2073 0.064505 -1.3575 -3.7805 -0.88406
15 269 252 0.13313 4.8778 1.1702 -0.012095 3.6084 0.93364 1.0052 3.4991 0.92702 1.6421 1.9301 1.0693 1.811 1.3436 2.5526 -1.0257 3.7463 0.95156 -1.5783 2.1667 0.6562 -1.2622 1.1353 1.8433 0.82009 0.029698 0.035555 0.83805 -2.0116 0.81632 1.0148 -3.8533 0.50836 -0.82009 -0.029698 -0.035554 -1.023 -2.203 -0.14624 -1.1653 -3.744 -1.206
15 269 264 0.37351 4.8778 1.1169 0.18228 3.6084 0.91575 1.1759 3.4991 0.69777 1.8286 1.9301 0.70448 2.3022 1.3436 2.1203 -0.80548 3.7463 1.144 -1.4074 2.1667 0.97001 -0.85138 1.1353 2.0655 0.80956 0.029698 -0.13573 0.98946 -2.0116 0.62424 1.0983 -3.8533 0.28626 -0.80956 -0.029698 0.13573 -1.031 -2.203 0.069637 -1.3905 -3.744 -0.93737
15 270 252 0.12885 4.8742 1.1886 -0.010495 3.6072 0.94101 1.0023 3.4761 1.0027 1.5959 1.8993 1.2251 1.8152 0.84769 2.4163 -1.0199 3.7667 0.89096 -1.5499 2.1733 0.63013 -1.4207 1.0034 1.7198 0.819 0.021812 0.058855 0.79501 -2.0249 0.82506 0.94535 -3.8554 0.44485 -0.819 -0.021812 -0.058855 -1.0702 -2.1928 -0.080339 -1.149 -3.683 -1.2166
15 270 264 0.37316 4.8742 1.1358 0.18538 3.6072 0.92263 1.1889 3.4761 0.77244 1.8157 1.8993 0.86656 2.2779 0.84769 1.9861 -0.81234 3.7667 1.0835 -1.385 2.1733 0.9386 -1.0321 1.0034 1.9776 0.81334 0.021812 -0.11271 0.94917 -2.0249 0.64174 1.0172 -3.8554 0.23858 -0.81334 -0.021812 0.11271 -1.0635 -2.1928 0.14392 -1.3769 -3.683 -0.95111
15 271 252 0.111 4.866 1.2288 -0.02035 3.6039 0.9582 0.98218 3.4493 1.0917 1.4947 1.8328 1.2019 1.8259 0.57605 2.142 -1.0197 3.7868 0.83708 -1.5345 2.1901 0.5661 -1.606 0.92626 1.5512 0.81618 0.01182 0.091714 0.74121 -2.0472 0.82092 0.87772 -3.8623 0.36884 -0.81618 -0.011821 -0.091714 -1.122 -2.1715 0.046659 -1.1092 -3.6141 -1.1519
15 271 264 0.36405 4.866 1.1789 0.17932 3.6039 0.94149 1.1877 3.4493 0.86363 1.7119 1.8328 0.86486 2.2313 0.57605 1.7156 -0.82337 3.7868 1.0308 -1.3833 2.1901 0.87278 -1.2484 0.92626 1.8512 0.81741 0.01182 -0.079983 0.89569 -2.0472 0.64888 0.93522 -3.8623 0.17829 -0.81741 -0.011821 0.079983 -1.0878 -2.1715 0.27892 -1.3244 -3.6141 -0.89616
C15
15 271 156 -1.2337 4.866 -0.018056 -0.95082 3.6039 -0.1204 -1.1884 3.4493 0.86269 -1.3515 1.8328 1.3609 -2.3211 0.57605 1.592 -0.7259 3.7868 -1.1016 -0.4026 2.1901 -1.5853 -1.3748 0.92626 -1.7593 -0.17653 0.01182 0.80212 -0.8939 -2.0472 0.65134 -0.45857 -3.8623 0.83435 0.17653 -0.011821 -0.80212 0.070878 -2.1715 -1.1207 1.2616 -3.6141 -0.9827
15 271 156 -1.2337 4.866 -0.018056 -0.95082 3.6039 -0.1204 -1.1884 3.4493 0.86269 -1.3515 1.8328 1.3609 -2.3211 0.57605 1.592 -0.7259 3.7868 -1.1016 -0.4026 2.1901 -1.5853 -1.3748 0.92626 -1.7593 -0.17653 0.01182 0.80212 -0.8939 -2.0472 0.65134 -0.45857 -3.8623 0.83435 0.17653 -0.011821 -0.80212 0.070878 -2.1715 -1.1207 1.2616 -3.6141 -0.9827
15 272 156 -1.25 4.8615 -0.059476 -0.95481 3.6013 -0.1502 -1.2258 3.4365 0.82253 -1.2079 1.7983 1.274 -2.0973 0.48223 1.497 -0.6967 3.7942 -1.1213 -0.29582 2.2111 -1.5913 -1.1458 0.89371 -1.9303 -0.22152 0.0070581 0.79094 -0.86361 -2.0733 0.59907 -0.3595 -3.8706 0.7816 0.22152 -0.0070577 -0.79094 -0.06605 -2.1406 -1.1676 1.1338 -3.565 -0.94561
C16
15 266 336 1.0843 4.9058 0.0032433 0.87805 3.6266 0.10046 0.93553 3.5657 -0.91924 1.1151 2.047 -1.6603 2.508 2.8277 -1.8123 0.83116 3.7165 1.1186 0.4942 2.1378 1.6495 1.9019 1.606 1.0941 0.10294 0.017032 -0.81475 0.92617 -2.0074 -0.83965 0.82682 -3.8573 -1.1331 -0.10294 -0.017032 0.81475 -0.14369 -2.1997 0.92083 -1.0965 -3.8152 0.92408
15 266 336 1.0843 4.9058 0.0032433 0.87805 3.6266 0.10046 0.93553 3.5657 -0.91924 1.1151 2.047 -1.6603 2.508 2.8277 -1.8123 0.83116 3.7165 1.1186 0.4942 2.1378 1.6495 1.9019 1.606 1.0941 0.10294 0.017032 -0.81475 0.92617 -2.0074 -0.83965 0.82682 -3.8573 -1.1331 -0.10294 -0.017032 0.81475 -0.14369 -2.1997 0.92083 -1.0965 -3.8152 0.92408
15 267 336 1.1482 4.8896 -0.0056021 0.91629 3.6149 0.10341 0.98003 3.5346 -0.91458 1.1028 1.9956 -1.6246 2.6407 2.4502 -1.6578 0.86362 3.7241 1.1193 0.50412 2.1525 1.6566 1.8756 1.4527 1.2069 0.10192 0.024557 -0.81468 0.91342 -2.0048 -0.81802 0.75772 -3.8561 -1.0752 -0.10192 -0.024557 0.81468 -0.19244 -2.2057 0.9211 -1.1767 -3.8013 0.97647
15 267 348 1.122 4.8896 -0.24421 0.91777 3.6149 -0.089361 0.76846 3.5346 -1.0984 0.74091 1.9956 -1.8184 2.2383 2.4502 -2.1706 1.0775 3.7241 0.91532 0.83753 2.1525 1.5156 2.0856 1.4527 0.79055 -0.069685 0.024557 -0.81807 0.72338 -2.0048 -0.99006 0.51762 -3.8561 -1.2092 0.069685 -0.024557 0.81807 0.0032727 -2.2057 0.94098 -0.94798 -3.8013 1.1998
15 268 336 1.1705 4.8821 -0.0094276 0.92509 3.6104 0.10664 0.9977 3.5144 -0.90939 1.1114 1.9554 -1.5761 2.7146 1.9027 -1.573 0.86383 3.7352 1.1203 0.4945 2.1646 1.654 1.8017 1.295 1.3253 0.10471 0.030321 -0.81414 0.906 -2.0029 -0.78848 0.68998 -3.8523 -1.0144 -0.10471 -0.030321 0.81414 -0.24119 -2.2073 0.95105 -1.2603 -3.7805 1.0179
15 268 348 1.143 4.8821 -0.25258 0.92704 3.6104 -0.088028 0.78683 3.5144 -1.0969 0.75947 1.9554 -1.7727 2.3282 1.9027 -2.103 1.0779 3.7352 0.91621 0.82759 2.1646 1.5151 2.0378 1.295 0.92177 -0.06685 0.030321 -0.81811 0.72227 -2.0029 -0.95961 0.46399 -3.8523 -1.1357 0.06685 -0.030321 0.81811 -0.038186 -2.2073 0.98042 -1.0211 -3.7805 1.2576
15 269 336 1.1777 4.8778 -0.010081 0.92726 3.6084 0.10962 1.027 3.4991 -0.90276 1.2351 1.9301 -1.5214 2.728 1.3436 -1.5343 0.83913 3.7463 1.1196 0.48762 2.1667 1.6383 1.7013 1.1353 1.448 0.12108 0.029698 -0.81188 0.89945 -2.0116 -0.74813 0.61164 -3.8533 -0.95608 -0.12108 -0.029698 0.81188 -0.25237 -2.203 1.0021 -1.3212 -3.744 1.0328
15 269 348 1.1498 4.8778 -0.25471 0.92979 3.6084 -0.085563 0.81687 3.4991 -1.0966 0.89176 1.9301 -1.7449 2.3494 1.3436 -2.0679 1.0536 3.7463 0.92065 0.81758 2.1667 1.5011 1.9652 1.1353 1.0626 -0.050363 0.029698 -0.81932 0.72425 -2.0116 -0.91878 0.3995 -3.8533 -1.0624 0.050363 -0.029698 0.81932 -0.038515 -2.203 1.0326 -1.0776 -3.744 1.2849
15 270 336 1.1955 4.8742 -0.0039063 0.93476 3.6072 0.1088 1.102 3.4761 -0.89202 1.3852 1.8993 -1.4591 2.5928 0.84769 -1.5527 0.77947 3.7667 1.1074 0.46468 2.1733 1.6072 1.5619 1.0034 1.5927 0.14414 0.021812 -0.80836 0.90364 -2.0249 -0.70441 0.54123 -3.8554 -0.89367 -0.14414 -0.021812 0.80836 -0.19176 -2.1928 1.0559 -1.33 -3.683 1.0156
15 270 348 1.1686 4.8742 -0.25239 0.93695 3.6072 -0.087924 0.89248 3.4761 -1.1017 1.0516 1.8993 -1.7152 2.2133 0.84769 -2.0578 0.99268 3.7667 0.92115 0.78869 2.1733 1.4755 1.8589 1.0034 1.2332 -0.027076 0.021812 -0.82066 0.73744 -2.0249 -0.87689 0.3436 -3.8554 -0.98667 0.027076 -0.021812 0.82066 0.031968 -2.1928 1.0727 -1.0898 -3.683 1.2699
15 271 336 1.2337 4.866 0.018056 0.95082 3.6039 0.1204 1.1884 3.4493 -0.86269 1.3515 1.8328 -1.3609 2.3211 0.57605 -1.592 0.7259 3.7868 1.1016 0.4026 2.1901 1.5853 1.3748 0.92626 1.7593 0.17653 0.01182 -0.80212 0.8939 -2.0472 -0.65134 0.45857 -3.8623 -0.83435 -0.17653 -0.011821 0.80212 -0.070878 -2.1715 1.1207 -1.2616 -3.6141 0.9827
15 271 348 1.2105 4.866 -0.23883 0.95508 3.6039 -0.079921 0.98305 3.4493 -1.0909 1.0391 1.8328 -1.6121 1.9394 0.57605 -2.0398 0.93908 3.7868 0.92661 0.72341 2.1901 1.467 1.7106 0.92626 1.435 0.0058981 0.01182 -0.82129 0.73895 -2.0472 -0.82296 0.27508 -3.8623 -0.91146 -0.0058979 -0.011821 0.82129 0.16369 -2.1715 1.111 -1.0297 -3.6141 1.2235
15 272 336 1.25 4.8615 0.059476 0.95481 3.6013 0.1502 1.2258 3.4365 -0.82253 1.2079 1.7983 -1.274 2.0973 0.48223 -1.497 0.6967 3.7942 1.1213 0.29582 2.2111 1.5913 1.1458 0.89371 1.9303 0.22152 0.0070581 -0.79094 0.86361 -2.0733 -0.59907 0.3595 -3.8706 -0.7816 -0.22152 -0.0070577 0.79094 0.06605 -2.1406 1.1676 -1.1338 -3.565 0.94561
C17
15 269 168 -1.1498 4.8778 0.25471 -0.92979 3.6084 0.085563 -0.81687 3.4991 1.0966 -0.89176 1.9301 1.7449 -2.3494 1.3436 2.0679 -1.0536 3.7463 -0.92065 -0.81758 2.1667 -1.5011 -1.9652 1.1353 -1.0626 0.050363 0.029698 0.81932 -0.72425 -2.0116 0.91878 -0.3995 -3.8533 1.0624 -0.050364 -0.029698 -0.81932 0.038515 -2.203 -1.0326 1.0776 -3.744 -1.2849
15 266 168 -1.0613 4.9058 0.22226 -0.87975 3.6266 0.084292 -0.72397 3.5657 1.0937 -0.7455 2.047 1.8559 -2.0764 2.8277 2.2942 -1.0456 3.7165 -0.9213 -0.82635 2.1378 -1.5107 -2.0879 1.606 -0.6748 0.068707 0.017032 0.81834 -0.73136 -2.0074 1.0139 -0.57316 -3.8573 1.2803 -0.068707 -0.017032 -0.81834 -0.050898 -2.1997 -0.93059 0.88041 -3.8152 -1.1319
15 267 168 -1.122 4.8896 0.24421 -0.91777 3.6149 0.089361 -0.76846 3.5346 1.0984 -0.74091 1.9956 1.8184 -2.2383 2.4502 2.1707 -1.0775 3.7241 -0.91532 -0.83753 2.1525 -1.5156 -2.0856 1.4527 -0.79055 0.069685 0.024557 0.81807 -0.72338 -2.0048 0.99006 -0.51762 -3.8561 1.2092 -0.069685 -0.024557 -0.81807 -0.0032728 -2.2057 -0.94098 0.94798 -3.8013 -1.1998
15 268 168 -1.143 4.8821 0.25258 -0.92704 3.6104 0.088028 -0.78683 3.5144 1.0969 -0.75947 1.9554 1.7727 -2.3282 1.9027 2.103 -1.0779 3.7352 -0.91621 -0.82759 2.1646 -1.5151 -2.0378 1.295 -0.92177 0.06685 0.030321 0.81811 -0.72227 -2.0029 0.95961 -0.46399 -3.8523 1.1357 -0.06685 -0.030321 -0.81811 0.038186 -2.2073 -0.98042 1.0211 -3.7805 -1.2576
15 269 168 -1.1498 4.8778 0.25471 -0.92979 3.6084 0.085563 -0.81687 3.4991 1.0966 -0.89176 1.9301 1.7449 -2.3494 1.3436 2.0679 -1.0536 3.7463 -0.92065 -0.81758 2.1667 -1.5011 -1.9652 1.1353 -1.0626 0.050363 0.029698 0.81932 -0.72425 -2.0116 0.91878 -0.3995 -3.8533 1.0624 -0.050364 -0.029698 -0.81932 0.038515 -2.203 -1.0326 1.0776 -3.744 -1.2849
15 270 168 -1.1686 4.8742 0.25239 -0.93695 3.6072 0.087924 -0.89248 3.4761 1.1017 -1.0516 1.8993 1.7152 -2.2133 0.84769 2.0578 -0.99268 3.7667 -0.92115 -0.78869 2.1733 -1.4755 -1.8589 1.0034 -1.2332 0.027076 0.021812 0.82066 -0.73744 -2.0249 0.87689 -0.3436 -3.8554 0.98667 -0.027076 -0.021812 -0.82066 -0.031968 -2.1928 -1.0727 1.0898 -3.683 -1.2699
15 271 168 -1.2105 4.866 0.23883 -0.95508 3.6039 0.079921 -0.98305 3.4493 1.0909 -1.0391 1.8328 1.6121 -1.9394 0.57605 2.0398 -0.93908 3.7868 -0.92661 -0.72341 2.1901 -1.467 -1.7106 0.92626 -1.435 -0.005898 0.01182 0.82129 -0.73895 -2.0472 0.82296 -0.27508 -3.8623 0.91146 0.0058977 -0.011821 -0.82129 -0.16369 -2.1715 -1.111 1.0297 -3.6141 -1.2235
15 272 168 -1.2351 4.8615 0.20172 -0.96517 3.6013 0.051596 -1.028 3.4365 1.0594 -0.91658 1.7983 1.4973 -1.7403 0.48223 1.9003 -0.9146 3.7942 -0.95191 -0.6202 2.2111 -1.495 -1.5221 0.89371 -1.6499 -0.052232 0.0070581 0.81971 -0.72018 -2.0733 0.76554 -0.18914 -3.8706 0.83927 0.052232 -0.0070577 -0.81971 -0.30737 -2.1406 -1.1284 0.91246 -3.565 -1.1607
C18
15 269 324 1.154 4.8778 0.23499 0.88421 3.6084 0.30001 1.1923 3.4991 -0.6695 1.5244 1.9301 -1.2313 2.9874 1.3436 -0.93357 0.58802 3.7463 1.2696 0.13635 2.1667 1.7039 1.3631 1.1353 1.7701 0.28724 0.029698 -0.76897 1.0353 -2.0116 -0.54477 0.79706 -3.8533 -0.80802 -0.28724 -0.029698 0.76897 -0.4552 -2.203 0.9277 -1.5071 -3.744 0.73555
15 266 324 1.0599 4.9058 0.22861 0.83798 3.6266 0.28082 1.1062 3.5657 -0.70465 1.4359 2.047 -1.3922 2.83 2.8277 -1.2513 0.58044 3.7165 1.2669 0.14045 2.1378 1.7162 1.6329 1.606 1.4657 0.27008 0.017032 -0.77554 1.0805 -2.0074 -0.62874 1.0443 -3.8573 -0.93645 -0.27008 -0.017032 0.77554 -0.33201 -2.1997 0.87084 -1.2647 -3.8152 0.67591
15 267 324 1.1243 4.8896 0.23325 0.87477 3.6149 0.29166 1.1488 3.5346 -0.69083 1.4165 1.9956 -1.3598 2.9277 2.4502 -1.0726 0.61203 3.7241 1.2744 0.14867 2.1525 1.7252 1.5837 1.4527 1.5705 0.26908 0.024557 -0.77569 1.0635 -2.0048 -0.61024 0.9647 -3.8561 -0.89412 -0.26908 -0.024557 0.77569 -0.37974 -2.2057 0.86096 -1.354 -3.8013 0.71048
15 268 324 1.1469 4.8821 0.23414 0.8827 3.6104 0.29665 1.165 3.5144 -0.68208 1.4148 1.9554 -1.3106 2.9823 1.9027 -0.97423 0.61203 3.7352 1.2754 0.13981 2.1646 1.7207 1.4867 1.295 1.6709 0.27169 0.030321 -0.77457 1.0501 -2.0029 -0.58288 0.88581 -3.8523 -0.84879 -0.27169 -0.030321 0.77457 -0.43366 -2.2073 0.88012 -1.4444 -3.7805 0.73359
15 269 324 1.154 4.8778 0.23499 0.88421 3.6084 0.30001 1.1923 3.4991 -0.6695 1.5244 1.9301 -1.2313 2.9874 1.3436 -0.93357 0.58802 3.7463 1.2696 0.13635 2.1667 1.7039 1.3631 1.1353 1.7701 0.28724 0.029698 -0.76897 1.0353 -2.0116 -0.54477 0.79706 -3.8533 -0.80802 -0.28724 -0.029698 0.76897 -0.4552 -2.203 0.9277 -1.5071 -3.744 0.73555
15 270 324 1.1702 4.8742 0.24475 0.89171 3.6072 0.30077 1.2634 3.4761 -0.64341 1.6583 1.8993 -1.1392 2.8589 0.84769 -0.97965 0.53219 3.7667 1.2453 0.12036 2.1733 1.6687 1.1966 1.0034 1.8826 0.30906 0.021812 -0.76073 1.0304 -2.0249 -0.50114 0.71521 -3.8554 -0.76161 -0.30906 -0.021812 0.76073 -0.40712 -2.1928 0.99299 -1.5121 -3.683 0.71684
15 271 324 1.203 4.866 0.27416 0.90501 3.6039 0.31545 1.3418 3.4493 -0.59676 1.6049 1.8328 -1.0501 2.6014 0.57605 -1.0746 0.481 3.7868 1.2285 0.064198 2.1901 1.6344 0.97902 0.92626 2.0067 0.33944 0.01182 -0.74789 1.0098 -2.0472 -0.45125 0.62202 -3.8623 -0.72078 -0.33944 -0.011821 0.74789 -0.30234 -2.1715 1.0815 -1.4383 -3.6141 0.69893
C19
15 266 48 0.33815 4.9058 -1.0302 0.36688 3.6266 -0.80403 -0.58516 3.5657 -1.1738 -1.2345 2.047 -1.5736 -0.9486 2.8277 -2.9453 1.3207 3.7165 -0.44483 1.7215 2.1378 0.039713 1.6283 1.606 -1.4707 -0.74306 0.017032 -0.34967 -0.51235 -2.0074 -1.1403 -0.82216 -3.8573 -1.1365 0.74306 -0.017032 0.34967 0.83136 -2.1997 0.42122 0.54001 -3.8152 1.3284
15 266 48 0.33815 4.9058 -1.0302 0.36688 3.6266 -0.80403 -0.58516 3.5657 -1.1738 -1.2345 2.047 -1.5736 -0.9486 2.8277 -2.9453 1.3207 3.7165 -0.44483 1.7215 2.1378 0.039713 1.6283 1.606 -1.4707 -0.74306 0.017032 -0.34967 -0.51235 -2.0074 -1.1403 -0.82216 -3.8573 -1.1365 0.74306 -0.017032 0.34967 0.83136 -2.1997 0.42122 0.54001 -3.8152 1.3284
15 266 60 0.11656 4.9058 -1.078 0.19169 3.6266 -0.86274 -0.81642 3.5657 -1.0265 -1.5347 2.047 -1.2825 -1.5402 2.8277 -2.6837 1.1993 3.7165 -0.70969 1.6921 2.1378 -0.31907 1.287 1.606 -1.7772 -0.79952 0.017032 -0.18754 -0.73824 -2.0074 -1.0089 -1.0405 -3.8573 -0.94073 0.79952 -0.017032 0.18754 0.90077 -2.1997 0.23916 0.8044 -3.8152 1.1871
15 267 48 0.34949 4.8896 -1.0938 0.3815 3.6149 -0.83949 -0.56697 3.5346 -1.2147 -1.2043 1.9956 -1.5509 -0.76068 2.4502 -3.0238 1.3314 3.7241 -0.47546 1.7313 2.1525 0.032475 1.7274 1.4527 -1.4109 -0.74331 0.024557 -0.34869 -0.49572 -2.0048 -1.1215 -0.78838 -3.8561 -1.0529 0.74331 -0.024557 0.34869 0.81655 -2.2057 0.46766 0.56505 -3.8013 1.4209
15 267 60 0.11445 4.8896 -1.1425 0.19862 3.6149 -0.90046 -0.80713 3.5346 -1.0703 -1.5005 1.9956 -1.2666 -1.3727 2.4502 -2.7995 1.2035 3.7241 -0.74189 1.7002 2.1525 -0.32819 1.3963 1.4527 -1.7392 -0.79957 0.024557 -0.18652 -0.71806 -2.0048 -0.99392 -0.99006 -3.8561 -0.86595 0.79957 -0.024557 0.18652 0.89594 -2.2057 0.28767 0.84812 -3.8013 1.2723
15 268 48 0.35273 4.8821 -1.1161 0.38729 3.6104 -0.84686 -0.55657 3.5144 -1.2299 -1.1555 1.9554 -1.5441 -0.65715 1.9027 -3.0678 1.3324 3.7352 -0.47536 1.7259 2.1646 0.040816 1.8172 1.295 -1.3039 -0.74193 0.030321 -0.35116 -0.46992 -2.0029 -1.1053 -0.75154 -3.8523 -0.96968 0.74193 -0.030321 0.35116 0.82997 -2.2073 0.52328 0.5786 -3.7805 1.5131
15 268 60 0.11297 4.8821 -1.1651 0.20275 3.6104 -0.90887 -0.80012 3.5144 -1.0873 -1.4513 1.9554 -1.2701 -1.2806 1.9027 -2.8642 1.2044 3.7352 -0.74199 1.6966 2.1646 -0.3189 1.5064 1.295 -1.6533 -0.79873 0.030321 -0.18923 -0.68945 -2.0029 -0.98346 -0.93673 -3.8523 -0.79223 0.79873 -0.030321 0.18923 0.92063 -2.2073 0.33928 0.88055 -3.7805 1.3598
15 269 48 0.35433 4.8778 -1.1231 0.39079 3.6084 -0.848 -0.54121 3.4991 -1.2557 -1.0652 1.9301 -1.6447 -0.61619 1.3436 -3.0686 1.3241 3.7463 -0.45209 1.7088 2.1667 0.042499 1.9028 1.1353 -1.1706 -0.73473 0.029698 -0.36604 -0.43357 -2.0116 -1.0866 -0.72028 -3.8533 -0.87715 0.73473 -0.029698 0.36604 0.87504 -2.203 0.54968 0.57399 -3.744 1.5757
15 269 60 0.11307 4.8778 -1.1723 0.20595 3.6084 -0.91072 -0.79046 3.4991 -1.1157 -1.3839 1.9301 -1.3873 -1.2407 1.3436 -2.8734 1.2012 3.7463 -0.7175 1.6803 2.1667 -0.3137 1.6179 1.1353 -1.5406 -0.79478 0.029698 -0.20528 -0.65001 -2.0116 -0.97272 -0.88691 -3.8533 -0.70823 0.79478 -0.029698 0.20528 0.9702 -2.203 0.35574 0.88905 -3.744 1.4219
15 270 48 0.36573 4.8742 -1.1382 0.39233 3.6072 -0.85539 -0.50782 3.4761 -1.3237 -0.95959 1.8993 -1.7683 -0.67544 0.84769 -2.9457 1.2941 3.7667 -0.39911 1.6722 2.1733 0.054731 1.9974 1.0034 -0.9933 -0.72425 0.021812 -0.38688 -0.39069 -2.0249 -1.0771 -0.68268 -3.8554 -0.7909 0.72425 -0.021812 0.38688 0.945 -2.1928 0.50868 0.55486 -3.683 1.5788
15 270 60 0.12108 4.8742 -1.1894 0.20591 3.6072 -0.91826 -0.77194 3.4761 -1.1892 -1.3063 1.8993 -1.5302 -1.2731 0.84769 -2.7409 1.1828 3.7667 -0.65945 1.647 2.1733 -0.29413 1.7472 1.0034 -1.3869 -0.78887 0.021812 -0.22785 -0.60609 -2.0249 -0.97232 -0.8322 -3.8554 -0.63168 0.78887 -0.021812 0.22785 1.0301 -2.1928 0.30109 0.87098 -3.683 1.4289
15 271 48 0.3984 4.866 -1.1677 0.40833 3.6039 -0.86708 -0.45323 3.4493 -1.3968 -0.87662 1.8328 -1.7059 -0.79681 0.57605 -2.6995 1.272 3.7868 -0.34996 1.6321 2.1901 0.10699 2.0981 0.92626 -0.7639 -0.70831 0.01182 -0.41576 -0.34323 -2.0472 -1.0514 -0.65181 -3.8623 -0.69395 0.70831 -0.011821 0.41575 1.044 -2.1715 0.41374 0.54475 -3.6141 1.5035
15 271 60 0.14691 4.866 -1.225 0.21913 3.6039 -0.93303 -0.73374 3.4493 -1.272 -1.2121 1.8328 -1.4864 -1.3406 0.57605 -2.4748 1.1714 3.7868 -0.60678 1.6187 2.1901 -0.23469 1.8934 0.92626 -1.1834 -0.77927 0.01182 -0.2594 -0.55433 -2.0472 -0.95709 -0.78185 -3.8623 -0.54327 0.77927 -0.011821 0.2594 1.1072 -2.1715 0.18764 0.84544 -3.6141 1.3574
15 272 48 0.44285 4.8615 -1.1705 0.4379 3.6013 -0.86166 -0.40348 3.4365 -1.42 -0.83842 1.7983 -1.5424 -0.77559 0.48223 -2.4573 1.2817 3.7942 -0.31611 1.6048 2.2111 0.21039 2.1899 0.89371 -0.49317 -0.68377 0.0070581 -0.45509 -0.30288 -2.0733 -1.0065 -0.63226 -3.8706 -0.58344 0.68377 -0.0070577 0.45509 1.1309 -2.1406 0.298 0.54895 -3.565 1.3706
15 272 60 0.18982 4.8615 -1.237 0.24918 3.6013 -0.93387 -0.68989 3.4365 -1.3051 -1.1408 1.7983 -1.3344 -1.2695 0.48223 -2.2423 1.1879 3.7942 -0.57568 1.6135 2.2111 -0.12787 2.0395 0.89371 -0.9377 -0.76345 0.0070581 -0.30298 -0.50552 -2.0733 -0.9215 -0.73974 -3.8706 -0.43923 0.76345 -0.0070577 0.30298 1.1681 -2.1406 0.056361 0.82191 -3.565 1.2265
