0 0 300 0.48087 4.8174 0.079233 0.29575 3.5725 -0.013793 0.68027 3.5075 -0.91672 1.4274 2.4853 -1.949 2.7381 2.7739 -2.7082 -0.084281 3.6669 0.88844 -0.093574 2.6073 2.1317 0.71097 2.5042 3.4431 0.32286 -0.02094 -0.72029 1.1694 -1.9089 -0.35554 1.0905 -3.6681 -0.74309 -0.32286 0.020939 0.72029 -0.40135 -2.0782 0.76027 -1.2461 -3.5909 0.26105
0 38 108 0.33067 4.8187 -0.42072 0.18211 3.5727 -0.25504 -0.56752 3.5538 -0.89149 -0.76067 2.4149 -2.0466 0.13429 2.284 -3.2955 0.93386 3.6212 0.37732 1.9163 2.8648 1.441 3.3148 3.0196 2.0718 -0.74651 0.031559 -0.25539 -0.83542 -2.0581 -0.45512 -0.99635 -3.6441 0.38727 0.74651 -0.031559 0.25539 1.0988 -1.9382 -0.55394 1.4591 -3.6637 -0.17511
0 42 84 0.53806 4.7997 0.16552 0.30075 3.5715 0.014572 0.49439 3.5777 -0.9497 1.5194 2.3505 -1.2845 2.7564 2.2646 -0.36795 0.11109 3.5948 0.97938 -0.79275 2.7006 2.0051 -1.2143 2.7265 3.4881 -0.34391 0.045931 -0.70931 -0.42963 -2.0532 -0.68395 -1.0942 -3.5887 -0.012107 0.34391 -0.045931 0.70931 1.2199 -1.8576 0.10523 1.392 -3.6225 0.43134
0 56 276 -0.53207 4.793 0.072817 -0.25705 3.569 0.18856 -0.068748 3.6092 1.1531 -1.168 2.4135 1.3282 -1.9776 2.5576 0.023722 -0.44985 3.5581 -0.77585 -0.084123 2.4616 -1.9302 -0.3008 1.9558 -3.3707 0.58354 0.017432 0.53167 0.72727 -2.0766 0.62421 1.209 -3.611 -0.191 -0.58354 -0.017432 -0.53167 -1.2002 -1.8749 0.23247 -1.3427 -3.6367 -0.12333
0 76 24 0.41807 4.8277 -0.22125 0.32092 3.5709 -0.11675 -0.22171 3.515 -0.93516 -0.094057 1.9134 -1.2302 0.9524 1.4198 -2.2495 0.86615 3.6562 0.69738 1.4422 2.1322 0.81718 2.657 1.2925 0.37372 -0.41883 0.027959 -0.6688 0.053176 -1.9807 -1.065 -0.48632 -3.6978 -0.95928 0.41883 -0.027959 0.6688 0.82742 -2.0785 0.46277 0.16596 -3.6826 0.95317
0 105 180 -0.36849 4.8283 0.10435 -0.3352 3.569 0.086352 -0.38407 3.4944 1.0658 -1.5681 2.3731 1.1622 -3.0055 2.4471 0.60891 -0.28996 3.6731 -0.89063 -1.5201 2.6799 -1.3017 -2.9428 2.4757 -0.74327 -0.017736 -0.0089393 0.78937 -0.52314 -2.0483 0.78774 0.0653 -3.7506 0.87079 0.017736 0.0089388 -0.78937 -0.4376 -2.0371 -0.93339 0.16938 -3.726 -1.1069
1 9 348 -1.1092 4.6876 -0.1326 -0.90453 3.444 -0.068298 -1.0817 3.4251 0.89898 -0.76903 2.903 2.415 -0.93912 3.3834 3.8704 -0.73011 3.4925 -1.035 0.09893 2.9011 -2.3124 0.22089 3.3318 -3.788 -0.097231 -0.015308 0.78346 -0.77225 -2.0005 0.91654 -0.38431 -3.7057 1.3555 0.097231 0.015309 -0.78346 -0.4168 -1.9609 -1.2782 0.34336 -3.5913 -1.3999
2 11 300 1.5261 3.3702 3.1227 1.2062 2.4721 2.3017 2.101 2.4337 1.8952 2.4308 0.86436 1.5835 2.9078 0.041216 2.7969 0.32203 2.5293 2.7286 -0.023608 0.94194 2.9001 0.50436 0.34795 4.2215 0.69974 -0.012567 -0.36566 1.1993 -1.5157 1.0147 0.55655 -2.5375 -0.32466 -0.69974 0.012567 0.36566 -0.23275 -1.6017 1.6268 -0.84468 -2.544 0.21665
2 43 348 4.6722 0.59315 0.98074 3.4468 0.50501 0.69138 3.6149 0.41418 -0.27343 3.2494 -0.68676 -1.4237 4.3534 -1.7604 -1.5022 3.3081 0.59615 1.6608 2.2683 0.2755 2.8793 2.4078 -0.87385 3.8977 0.16155 -0.0063815 -0.77289 1.1715 -1.8045 -0.3714 0.68627 -3.5081 -0.70755 -0.16155 0.0063815 0.77289 0.88861 -1.7808 1.1156 0.21202 -3.4426 0.93811
2 75 312 1.3451 4.3506 1.6838 0.98683 3.1986 1.2981 1.7552 3.1739 0.68466 3.2176 3.0114 1.3945 2.7768 4.4665 1.6512 0.22729 3.2502 1.9209 0.74413 2.8681 3.4227 1.0136 4.3854 3.3685 0.63686 -0.00060272 -0.46681 0.98016 -2.0103 0.04088 0.24451 -3.2908 -0.99354 -0.63686 0.00060272 0.46681 -0.32699 -1.9626 1.148 -1.1544 -3.0706 -0.0089783
2 97 240 -1.4936 3.9266 2.4195 -1.0773 2.8966 1.8246 -0.24227 2.8733 2.3438 0.048805 1.2739 2.5056 -0.36449 0.06559 3.3697 -1.9217 2.9425 1.3224 -2.3909 1.3999 1.0602 -2.9759 0.37206 2.0496 0.68871 0.011292 0.38607 -0.16123 -1.35 1.7421 0.34414 -2.9417 1.0626 -0.68871 -0.011292 -0.38607 -1.4459 -1.4595 0.93447 -0.98909 -2.9092 -0.035295
3 5 156 0.015935 4.7907 -0.54746 -0.013577 3.5776 -0.20955 0.81258 3.6237 0.32215 0.65972 2.6592 1.6318 -0.31521 3.202 2.696 -0.83781 3.5608 -0.74594 -0.74167 2.3975 -1.8888 -1.3587 1.1049 -2.4599 0.72622 0.041369 0.30724 0.6486 -1.9863 -0.23775 0.64047 -3.6841 -0.84447 -0.72622 -0.041369 -0.30724 -1.3122 -1.0361 1.4482 -0.93717 -2.6676 0.77851
3 9 120 0.18117 4.7944 -0.39649 -0.066881 3.5797 -0.16762 0.4265 3.5889 0.68317 0.12503 2.0573 1.165 -1.2447 1.5355 1.6438 -0.55569 3.5998 -1.0209 -0.53968 2.013 -1.4086 -1.4144 0.7625 -1.1876 0.44216 0.069831 0.65048 1.0387 -1.8419 0.015174 1.5684 -3.4639 -0.56764 -0.44216 -0.06983 -0.65048 -1.1399 -1.9098 0.085663 -0.80793 -3.6735 0.25936
3 24 36 0.072591 4.8224 -0.080575 0.2652 3.5812 0.035561 0.35178 3.605 -0.94388 0.33222 2.0049 -1.2723 1.2254 0.75322 -1.1573 0.1755 3.5871 1.015 0.347 1.98 1.2531 1.2511 0.73433 1.3453 -0.0046051 0.013675 -0.78949 0.50936 -2.0125 -0.57803 -0.19929 -3.6428 -0.87956 0.0046045 -0.013675 0.78949 0.1806 -2.0694 0.39285 -0.5272 -3.7274 0.36148
3 70 264 0.2353 4.8161 -0.12527 -0.018647 3.585 -0.050436 -0.35478 3.6271 0.87293 -1.7329 2.7749 1.0807 -2.9158 3.6351 0.5923 0.32042 3.5726 -0.97361 1.4489 2.3969 -1.0879 1.7921 1.0581 -1.7716 -0.10962 0.022611 0.78165 0.57054 -1.9446 0.49585 1.2306 -3.6041 0.24829 0.10962 -0.022611 -0.78165 -1.5301 -1.336 -0.80488 -0.94819 -3.0324 -0.61953
3 78 276 0.35241 4.8082 0.052627 0.062818 3.5842 0.14971 0.22644 3.5809 1.1195 0.88545 2.1168 1.4207 0.3554 0.73838 1.8643 -0.096146 3.6169 -0.82035 -0.6418 2.1191 -1.1776 -2.1454 2.2047 -0.84665 0.061086 -0.051898 0.78554 -1.0354 -1.8104 1.1315 0.70281 -2.0443 0.71336 -0.061087 0.051898 -0.78554 -0.010564 -2.0403 -0.60018 0.042846 -3.8331 -0.41546
4 38 300 -1.3814 4.5964 0.72214 -1.0147 3.4001 0.52766 -0.26918 3.5424 1.1532 0.77769 2.2957 1.0169 -0.02348 1.615 2.1449 -1.7694 3.2857 -0.09257 -1.6692 1.6944 -0.44818 -2.5018 1.7751 0.84719 0.60175 0.091232 0.50307 0.1821 -1.725 1.4723 1.4553 -2.3929 0.38423 -0.60175 -0.091232 -0.50307 -0.76852 -1.9177 0.52182 0.47407 -3.1339 0.044626
4 49 180 0.80968 4.6708 -0.91532 0.7735 3.4324 -0.66812 -0.15965 3.4699 -0.97664 -1.2517 2.2659 -1.1396 -0.29388 2.2549 -2.3479 1.7096 3.4236 -0.36659 1.7707 2.1052 0.59613 2.2558 1.376 -0.67293 -0.74196 0.1554 -0.22099 -0.75218 -1.777 -1.0456 -1.3187 -3.2623 -0.19481 0.74197 -0.1554 0.22099 0.8055 -1.9491 -0.87121 0.028519 -2.5071 0.65712
4 66 84 0.030383 4.621 1.4496 -0.087811 3.406 1.1143 0.82748 3.4506 0.75708 1.1394 2.2034 -0.25084 1.6104 1.5025 1.0393 -1.0005 3.3897 1.4805 -1.4679 1.8626 1.1366 -0.56191 1.9376 2.3821 0.76243 0.099916 -0.17949 0.92974 -1.714 0.86744 0.97434 -3.4821 0.51725 -0.76243 -0.099916 0.17949 -0.36418 -2.1333 -0.16829 -0.58645 -2.6564 -1.8794
5 14 12 0.77593 4.7676 -0.45158 0.56827 3.5291 -0.28824 0.0050185 3.5474 -1.0943 -0.67585 2.0626 -1.0698 -0.74156 0.71383 -1.8142 1.1371 3.5398 0.51404 1.5305 1.9622 0.67305 2.4959 0.91078 0.089901 -0.38573 -0.013056 -0.68887 0.72557 -1.6937 -1.2845 0.56786 -3.4824 -1.448 0.38573 0.013056 0.68887 0.48295 -2.0667 0.4071 -0.49832 -3.5512 0.69725
5 33 60 0.64255 4.7494 -0.72608 0.49249 3.5246 -0.44126 -0.092704 3.4556 -1.2288 -0.44732 1.963 -1.7902 -0.050688 1.0185 -2.9427 1.0817 3.6226 0.34012 1.0418 2.0653 0.83218 1.6781 0.66143 0.78833 -0.49197 0.0073962 -0.61759 -0.25565 -2.0766 -0.74178 -0.96766 -3.6218 -0.1449 0.49197 -0.0073957 0.61759 1.4126 -1.7303 -0.15593 1.2223 -3.5183 -0.28935
5 58 96 0.65121 4.7766 -0.49964 0.45086 3.5466 -0.27918 0.020987 3.5166 -1.1633 -0.64812 2.0358 -1.3313 -0.75719 0.7301 -2.1444 0.88539 3.6059 0.60118 0.92436 2.0263 1.0161 1.6012 0.64311 1.0947 -0.31098 -0.020974 -0.7255 0.84933 -1.7383 -1.0702 0.75071 -3.512 -1.3784 0.31098 0.020974 0.7255 0.15458 -2.0725 0.64162 -1.0624 -3.2937 1.1694
5 92 336 -0.82049 4.7794 -0.047532 -0.55632 3.5418 -0.096762 -0.45802 3.5642 0.8816 0.11756 2.0875 1.2777 -0.18731 0.74017 1.9628 -0.66082 3.5486 -1.0747 -0.84064 1.9444 -1.3256 -1.8628 0.79224 -1.2511 0.034937 0.014583 0.78871 -1.2307 -1.6621 0.75784 -1.4554 -3.4468 0.88201 -0.034937 -0.014583 -0.78871 -0.08726 -2.0921 -0.47996 1.0081 -3.5146 -0.31362
5 100 132 0.7531 4.7761 0.35002 0.49394 3.537 0.30897 1.0397 3.467 -0.50629 0.95268 1.9424 -1.0867 1.6686 0.60515 -1.3641 -0.045473 3.6361 1.1254 -0.45421 2.0667 1.3219 -0.2573 0.61945 1.8164 0.4635 0.00047398 -0.63927 1.2652 -1.8079 0.06891 1.0939 -3.584 -0.18998 -0.4635 -0.0004735 0.63927 -0.45917 -2.1014 0.6167 -1.6273 -3.1163 -0.30871
5 108 216 0.65582 4.7678 -0.61117 0.47623 3.5346 -0.38532 -0.088487 3.4756 -1.1884 -0.39445 1.9216 -1.5888 0.094307 0.83004 -2.562 1.0455 3.6225 0.41192 1.0782 2.0417 0.82272 1.7984 0.69188 0.63018 -0.47404 0.0039892 -0.63148 -0.045797 -2.045 -0.81162 -0.75613 -3.6027 -0.24605 0.47404 -0.0039887 0.63148 1.3441 -1.7948 -0.039379 0.80407 -3.499 0.19521
5 112 312 -0.55389 4.7817 -0.60451 -0.34381 3.5435 -0.43983 -1.0577 3.5214 0.23632 -1.4519 1.9675 0.55061 -2.4912 0.98809 -0.030913 0.36487 3.5946 -1.1199 0.75404 2.0081 -1.1399 0.57664 0.59882 -1.7399 -0.54835 0.020667 0.56779 -0.45994 -2.0783 0.5371 0.29647 -3.5671 1.217 0.54835 -0.020667 -0.56779 -0.41986 -1.7192 -1.3372 -0.42569 -3.5174 -1.4689
6 8 336 -0.96166 4.7371 0.15038 -0.75584 3.4928 0.051628 -0.92673 3.3634 1.0115 -0.69529 1.8261 1.5134 -1.3664 0.55959 2.0819 -0.59117 3.6511 -0.90503 -0.2826 2.1107 -1.3532 -0.73181 0.77185 -1.9723 -0.15056 -0.02344 0.77478 -0.62273 -2.0587 0.55322 -0.0012808 -3.745 0.69826 0.15056 0.02344 -0.77478 -0.35346 -2.0161 -0.79529 0.33656 -3.669 -0.58838
6 21 72 -0.23466 4.7593 0.89622 -0.16008 3.5147 0.68572 0.79007 3.4912 0.93877 1.2715 1.9329 0.84564 1.2142 0.84633 1.9382 -1.1108 3.5672 0.43921 -1.3406 2.0065 0.014937 -1.8323 0.5692 0.27988 0.78104 0.017014 0.11484 0.6546 -2.0321 -0.33163 0.60237 -3.6398 -1.1463 -0.78104 -0.017014 -0.11484 -0.88595 -1.7587 1.0556 -0.85121 -3.5371 1.3502
6 60 0 -0.59487 4.8092 -0.11665 -0.44389 3.5532 -0.1018 -0.50133 3.5274 0.87973 -0.85487 2.0302 1.4294 -2.2768 1.4433 1.5353 -0.39101 3.6084 -1.0824 -0.18144 2.0257 -1.4288 -0.86778 0.68116 -1.743 0.043193 0.043093 0.78726 0.44814 -2.0057 0.55759 1.1854 -3.6342 0.32225 -0.043194 -0.043093 -0.78726 -1.152 -1.8121 -0.55151 -1.6281 -3.5451 -0.40697
6 67 288 -0.087735 4.7937 -0.62079 -0.14877 3.5389 -0.46749 -1.0592 3.6082 -0.1018 -1.4673 2.0583 0.21415 -2.1243 0.825 -0.43776 0.76173 3.4991 -0.83732 1.0919 1.8994 -0.81246 1.149 0.50075 -1.4591 -0.68784 0.0025463 0.38778 -0.46233 -2.0625 0.70275 0.20261 -3.2246 1.9103 0.68784 -0.0025463 -0.38778 0.12812 -1.8793 -1.1485 0.049045 -3.6637 -0.9023
