0 2 168 -0.23511 4.815 0.48612 -0.1044 3.5708 0.31032 0.59452 3.4839 0.99686 1.5516 2.4846 1.8653 2.0971 2.7575 3.2815 -0.80417 3.6869 -0.37099 -1.9885 2.5954 -0.64403 -3.4008 2.4463 -0.043322 0.47283 -0.034411 0.63146 -0.3964 -1.8749 1.1523 -0.13747 -3.6488 1.3457 -0.47283 0.034411 -0.63146 -0.26445 -2.0539 -0.7311 0.6733 -3.5488 -1.1007
0 3 156 -0.2839 4.8081 0.52492 -0.14647 3.5677 0.32563 0.53407 3.4727 1.0293 1.5834 2.4949 1.8113 2.2429 2.7822 3.1752 -0.8282 3.6919 -0.37235 -2.005 2.58 -0.59035 -3.3636 2.423 0.12183 0.40179 -0.039397 0.67861 -0.58575 -1.8538 1.0621 -0.40042 -3.6307 1.3056 -0.40179 0.039397 -0.67861 -0.11048 -2.0407 -0.73176 0.8908 -3.5261 -0.9358
0 4 156 -0.21202 4.8022 0.60993 -0.12045 3.5659 0.35906 0.67405 3.4677 0.93047 1.9299 2.5219 1.3742 2.9467 2.8389 2.4892 -0.9153 3.6931 -0.20607 -2.0978 2.5689 -0.12528 -3.1947 2.412 0.94698 0.46283 -0.042154 0.63836 -0.53941 -1.8364 1.0747 -0.38582 -3.6162 1.3194 -0.46283 0.042153 -0.63836 -0.12631 -2.0309 -0.69909 0.88888 -3.5013 -0.93997
0 5 144 -0.24247 4.7961 0.64015 -0.15533 3.5641 0.36379 0.61904 3.4598 0.96113 1.9294 2.5532 1.3214 3.0277 2.901 2.3463 -0.93033 3.6976 -0.22692 -2.0939 2.5585 -0.095207 -3.1138 2.4184 1.0528 0.38085 -0.047015 0.6901 -0.71315 -1.8202 0.96066 -0.63085 -3.6019 1.2249 -0.38085 0.047015 -0.6901 0.017993 -2.0158 -0.69153 1.0768 -3.4745 -0.73457
0 6 132 -0.31357 4.7888 0.65058 -0.21655 3.5613 0.35557 0.53137 3.4635 0.98676 1.879 2.5874 1.2785 3.0461 2.9631 2.2137 -0.96578 3.6881 -0.26889 -2.1101 2.5372 -0.082483 -3.06 2.421 1.1266 0.28803 -0.047612 0.73367 -0.8706 -1.7985 0.81216 -0.85792 -3.5814 1.0808 -0.28803 0.047612 -0.73367 0.13762 -2.0086 -0.66224 1.2056 -3.4515 -0.49365
0 6 144 -0.17145 4.7888 0.70156 -0.13789 3.5613 0.39282 0.72492 3.4635 0.85472 2.1037 2.5874 0.85994 3.4398 2.9631 1.532 -1.0006 3.6881 -0.062217 -2.0812 2.5372 0.35804 -2.7589 2.421 1.7382 0.43428 -0.047612 0.65775 -0.68272 -1.7985 0.97542 -0.61445 -3.5814 1.2356 -0.43428 0.047612 -0.65775 -0.0030761 -2.0086 -0.67638 1.0766 -3.4515 -0.73352
0 7 132 -0.24794 4.7798 0.72057 -0.20169 3.5579 0.39196 0.63215 3.4632 0.9049 2.031 2.6214 0.84716 3.397 3.0146 1.445 -1.036 3.6815 -0.11399 -2.0877 2.5226 0.35462 -2.694 2.4391 1.7699 0.34207 -0.050315 0.7099 -0.84839 -1.7775 0.82823 -0.84425 -3.5613 1.0906 -0.34207 0.050314 -0.7099 0.11094 -2.0005 -0.65432 1.2026 -3.4268 -0.49587
0 8 120 -0.3386 4.7706 0.72552 -0.26865 3.554 0.38317 0.52623 3.4615 0.95498 1.9362 2.6408 0.86984 3.3249 3.0351 1.4119 -1.0646 3.6754 -0.18168 -2.0866 2.5108 0.33598 -2.6313 2.4587 1.7776 0.24539 -0.055267 0.74848 -0.9813 -1.7579 0.64544 -1.0431 -3.5423 0.89676 -0.24539 0.055267 -0.74848 0.21505 -1.9902 -0.61316 1.2741 -3.4007 -0.23911
0 8 132 -0.18036 4.7706 0.78007 -0.18312 3.554 0.43065 0.71329 3.4615 0.8247 2.0747 2.6408 0.44828 3.5457 3.0351 0.68976 -1.0791 3.6754 0.04364 -1.9712 2.5108 0.76247 -2.2042 2.4587 2.2858 0.39564 -0.055267 0.68111 -0.82566 -1.7579 0.83536 -0.83384 -3.5423 1.094 -0.39564 0.055267 -0.68111 0.082867 -1.9902 -0.64447 1.1965 -3.4007 -0.49878
0 9 120 -0.28583 4.7618 0.78178 -0.26131 3.5507 0.41659 0.601 3.4648 0.88178 1.9705 2.6527 0.51641 3.4478 3.0302 0.74631 -1.124 3.6656 -0.04161 -1.9781 2.4949 0.71246 -2.1457 2.4684 2.2451 0.30187 -0.059207 0.72723 -0.95563 -1.7405 0.64714 -1.0308 -3.5245 0.89689 -0.30187 0.059207 -0.72723 0.18544 -1.981 -0.60726 1.2651 -3.3802 -0.25048
0 10 120 -0.22633 4.7571 0.81529 -0.24666 3.5494 0.44097 0.66319 3.4719 0.80637 1.9518 2.664 0.21009 3.4558 3.0016 0.1677 -1.1563 3.6559 0.082482 -1.8053 2.4832 1.0165 -1.5754 2.4843 2.5412 0.34862 -0.0623 0.70575 -0.93225 -1.7269 0.65429 -1.0281 -3.5113 0.8949 -0.34862 0.0623 -0.70575 0.16706 -1.9714 -0.594 1.2603 -3.3658 -0.26011
0 11 120 -0.19236 4.7522 0.83069 -0.25168 3.5479 0.45167 0.68959 3.4789 0.72848 1.8939 2.6587 -0.010084 3.3876 2.9378 -0.2719 -1.1924 3.6458 0.18177 -1.6163 2.4795 1.2442 -1.0077 2.5142 2.6605 0.38655 -0.058336 0.68606 -0.90148 -1.7182 0.6803 -1.0226 -3.503 0.90578 -0.38655 0.058336 -0.68606 0.14184 -1.9725 -0.58208 1.2557 -3.3547 -0.26597
0 23 156 -0.48882 4.7869 0.52351 -0.4239 3.5542 0.24103 0.4314 3.5279 0.72595 1.7571 2.5808 0.60684 3.1764 2.7617 1.1819 -1.2811 3.6096 -0.23794 -1.9497 2.5695 0.82968 -1.5769 2.5973 2.3256 0.39494 0.00053406 0.68376 -0.60203 -1.8119 1.052 -0.45821 -3.5922 1.2981 -0.39493 -0.0005343 -0.68376 -0.36874 -2.0989 -0.78547 0.75134 -3.5035 -0.93842
0 24 168 -0.45463 4.7913 0.54513 -0.39191 3.5559 0.27319 0.47764 3.5337 0.73227 1.809 2.5973 0.59256 3.2195 2.79 1.1849 -1.2633 3.6074 -0.17999 -1.9792 2.5823 0.87144 -1.8049 2.5718 2.4035 0.44472 -0.0019205 0.65247 -0.44906 -1.8372 1.1496 -0.19501 -3.6106 1.3533 -0.44472 0.0019205 -0.65247 -0.51863 -2.0954 -0.75346 0.52591 -3.5279 -1.0818
0 25 168 -0.52771 4.7939 0.46176 -0.41595 3.5573 0.21174 0.3558 3.5315 0.82091 1.6912 2.6028 0.97222 2.9397 2.7992 1.8557 -1.1904 3.6123 -0.39202 -2.1544 2.6018 0.45568 -2.5219 2.5546 1.9525 0.35712 0.00046086 0.70425 -0.52158 -1.8588 1.1349 -0.21245 -3.6233 1.3395 -0.35712 -0.0004611 -0.70425 -0.5086 -2.0931 -0.81498 0.51164 -3.5536 -1.0925
0 25 180 -0.42017 4.7939 0.56138 -0.36284 3.5573 0.2936 0.5187 3.5315 0.729 1.8564 2.6028 0.59934 3.2612 2.7992 1.204 -1.2459 3.6123 -0.13595 -2.0126 2.6018 0.89364 -2.0608 2.5546 2.4341 0.49574 0.00046086 0.61461 -0.27422 -1.8588 1.2186 0.070688 -3.6233 1.3544 -0.49574 -0.0004611 -0.61461 -0.66693 -2.0931 -0.69142 0.27332 -3.5536 -1.175
0 26 180 -0.47171 4.7974 0.49432 -0.37093 3.5603 0.24181 0.42432 3.5279 0.81965 1.7623 2.6078 0.99856 2.9854 2.8002 1.9176 -1.1685 3.622 -0.33045 -2.1839 2.6313 0.47958 -2.776 2.5496 1.901 0.41468 -0.0027633 0.67196 -0.34527 -1.8863 1.2095 0.052486 -3.6399 1.3425 -0.41468 0.0027628 -0.67196 -0.64961 -2.0836 -0.75169 0.26377 -3.5771 -1.1828
0 26 192 -0.35862 4.7974 0.58159 -0.31255 3.5603 0.31365 0.58546 3.5279 0.71351 1.9314 2.6078 0.61034 3.3189 2.8002 1.255 -1.2116 3.622 -0.080285 -2.0364 2.6313 0.92315 -2.3201 2.5496 2.4366 0.54533 -0.0027633 0.57106 -0.086251 -1.8863 1.2549 0.33046 -3.6399 1.3023 -0.54533 0.0027628 -0.57106 -0.7917 -2.0836 -0.6002 0.012078 -3.5771 -1.2118
0 27 180 -0.51197 4.8016 0.41507 -0.3796 3.5627 0.18718 0.31168 3.5296 0.88604 1.572 2.6128 1.3757 2.5273 2.7888 2.5732 -1.0739 3.6249 -0.50664 -2.2714 2.6471 0.021162 -3.3333 2.5342 1.1335 0.33216 -0.0029111 0.71635 -0.41135 -1.9106 1.1878 0.036889 -3.6518 1.3223 -0.33217 0.0029106 -0.71635 -0.62947 -2.0747 -0.81377 0.25043 -3.6001 -1.2007
0 27 192 -0.41449 4.8016 0.51244 -0.33239 3.5627 0.26202 0.48909 3.5296 0.80188 1.8237 2.6128 1.0188 3.0071 2.7888 1.9916 -1.1558 3.6249 -0.27229 -2.2174 2.6471 0.49296 -3.0248 2.5342 1.8018 0.47384 -0.0029111 0.63163 -0.1554 -1.9106 1.2474 0.31101 -3.6518 1.2858 -0.47384 0.0029106 -0.63163 -0.78491 -2.0747 -0.66511 -0.0046763 -3.6001 -1.2265
0 28 192 -0.45829 4.8054 0.44599 -0.34274 3.5647 0.21883 0.38238 3.5311 0.88249 1.6195 2.6078 1.4171 2.5018 2.7677 2.6715 -1.0705 3.6274 -0.43976 -2.3133 2.6667 0.0086826 -3.5095 2.548 0.97453 0.40245 -0.0046096 0.67934 -0.22612 -1.9319 1.2314 0.29059 -3.659 1.2643 -0.40245 0.0046096 -0.67934 -0.77209 -2.0631 -0.72516 -0.022714 -3.6188 -1.2441
0 28 204 -0.35555 4.8054 0.53153 -0.28975 3.5647 0.28531 0.5575 3.5311 0.78371 1.8787 2.6078 1.0494 3.0026 2.7677 2.093 -1.1386 3.6274 -0.20757 -2.261 2.6667 0.48946 -3.2302 2.548 1.6829 0.5349 -0.0046096 0.58082 0.03485 -1.9319 1.2515 0.54711 -3.659 1.1763 -0.5349 0.0046096 -0.58082 -0.90599 -2.0631 -0.54878 -0.28088 -3.6188 -1.2122
0 29 192 -0.50078 4.8075 0.38178 -0.35406 3.5656 0.18041 0.26137 3.5337 0.94696 1.3214 2.6006 1.7681 1.8053 2.7319 3.2263 -0.97284 3.6268 -0.58164 -2.313 2.6955 -0.50766 -3.7489 2.5792 0.042099 0.33099 -0.0054746 0.71688 -0.28946 -1.9529 1.2037 0.27145 -3.6661 1.2369 -0.33099 0.0054746 -0.71688 -0.76173 -2.0499 -0.78099 -0.044277 -3.631 -1.2672
0 29 204 -0.41046 4.8075 0.47755 -0.30881 3.5656 0.25008 0.45254 3.5337 0.87193 1.6602 2.6006 1.4547 2.4366 2.7319 2.7805 -1.0725 3.6268 -0.36666 -2.368 2.6955 -0.015673 -3.6582 2.5792 0.82062 0.4728 -0.0054746 0.6324 -0.032858 -1.9529 1.2376 0.52269 -3.6661 1.1534 -0.4728 0.0054746 -0.6324 -0.90747 -2.0499 -0.60555 -0.30678 -3.631 -1.2303
0 30 204 -0.46263 4.8102 0.40385 -0.32622 3.5678 0.19824 0.33013 3.5378 0.93014 1.3392 2.5901 1.7976 1.6985 2.6818 3.2943 -0.9857 3.627 -0.52904 -2.3519 2.7323 -0.5699 -3.8265 2.6389 -0.12881 0.40973 0.00050831 0.675 -0.090922 -1.9675 1.214 0.49831 -3.6693 1.1266 -0.40973 -0.00050831 -0.675 -0.91086 -2.0408 -0.65803 -0.33674 -3.6431 -1.253
0 30 216 -0.36856 4.8102 0.49121 -0.27787 3.5678 0.26174 0.51631 3.5378 0.84117 1.6837 2.5901 1.4798 2.3463 2.6818 2.8691 -1.0741 3.627 -0.31254 -2.419 2.7323 -0.068462 -3.7696 2.6389 0.66958 0.54111 0.00050831 0.57506 0.16348 -1.9675 1.2064 0.72164 -3.6693 0.99835 -0.54111 -0.00050831 -0.57506 -1.0278 -2.0408 -0.45428 -0.58989 -3.6431 -1.1556
0 31 216 -0.41671 4.8131 0.42842 -0.29038 3.5695 0.22375 0.40786 3.5394 0.91578 1.3537 2.5741 1.8336 1.5824 2.6171 3.3579 -0.99141 3.6288 -0.46356 -2.3734 2.7738 -0.63033 -3.8704 2.7276 -0.26363 0.48715 0.001811 0.62143 0.10562 -1.9836 1.1932 0.6986 -3.6724 0.97576 -0.48715 -0.001811 -0.62143 -1.026 -2.0296 -0.51213 -0.60643 -3.6512 -1.1793
0 32 228 -0.38649 4.8134 0.45458 -0.26699 3.5693 0.24913 0.46612 3.5421 0.90425 1.3434 2.5543 1.8651 1.4362 2.5464 3.4043 -1.0026 3.6258 -0.40128 -2.3937 2.817 -0.68301 -3.9083 2.8088 -0.39414 0.55687 0.0043416 0.5598 0.2898 -1.9993 1.1327 0.85849 -3.6754 0.78884 -0.55687 -0.0043421 -0.5598 -1.1115 -2.0199 -0.3497 -0.86162 -3.6624 -1.0502
0 33 228 -0.43699 4.8154 0.38617 -0.28447 3.5703 0.21077 0.33292 3.547 0.97604 0.90704 2.5305 2.1187 0.55169 2.48 3.6183 -0.90509 3.623 -0.55043 -2.1807 2.8551 -1.2227 -3.7181 2.8826 -1.3382 0.50399 0.0069962 0.60781 0.23269 -2.0149 1.1105 0.83973 -3.677 0.76449 -0.50399 -0.0069962 -0.60781 -1.1033 -2.0121 -0.42106 -0.8677 -3.6724 -1.0834
0 33 240 -0.34715 4.8154 0.46859 -0.23444 3.5703 0.26531 0.52858 3.547 0.88549 1.3277 2.5305 1.8838 1.2919 2.48 3.4246 -0.99976 3.623 -0.35022 -2.3872 2.8551 -0.7426 -3.9151 2.8826 -0.53594 0.61935 0.0069962 0.48975 0.4585 -2.0149 1.0379 0.98032 -3.677 0.57319 -0.61935 -0.0069962 -0.48975 -1.1667 -2.0121 -0.18247 -1.074 -3.6724 -0.87932
0 34 240 -0.41282 4.8159 0.40722 -0.26992 3.5697 0.23202 0.38069 3.5477 0.9693 0.86563 2.5003 2.1254 0.39901 2.4206 3.5929 -0.92346 3.6211 -0.5012 -2.1608 2.8827 -1.2709 -3.6861 2.9387 -1.4904 0.5681 0.01196 0.54829 0.40006 -2.0286 1.0198 0.95912 -3.6782 0.55385 -0.5681 -0.01196 -0.54829 -1.1718 -2.0012 -0.24391 -1.0877 -3.6724 -0.91539
0 34 252 -0.31914 4.8159 0.48415 -0.21578 3.5697 0.28307 0.5739 3.5477 0.86897 1.2886 2.5003 1.899 1.1373 2.4206 3.4314 -1.0075 3.6211 -0.29825 -2.3779 2.8827 -0.79386 -3.9154 2.9387 -0.69146 0.66968 0.01196 0.41819 0.60334 -2.0286 0.9143 1.0533 -3.6782 0.34234 -0.66968 -0.01196 -0.41819 -1.1969 -2.0012 0.0050558 -1.2543 -3.6724 -0.66924
0 35 252 -0.38897 4.8164 0.42619 -0.25015 3.5696 0.2519 0.42817 3.5469 0.96375 0.82943 2.4794 2.1335 0.25072 2.3722 3.5587 -0.93118 3.6217 -0.4558 -2.118 2.9005 -1.316 -3.6202 2.9826 -1.6543 0.62692 0.017102 0.47976 0.5518 -2.0386 0.90744 1.037 -3.6749 0.32608 -0.62692 -0.017103 -0.47976 -1.2124 -1.9889 -0.051226 -1.2687 -3.6729 -0.69285
0 35 264 -0.29186 4.8164 0.49775 -0.19231 3.5696 0.2984 0.61919 3.5469 0.85367 1.2549 2.4794 1.9144 0.98514 2.3722 3.4288 -1.0056 3.6217 -0.25224 -2.3453 2.9005 -0.84693 -3.885 2.9826 -0.86544 0.71297 0.017102 0.33893 0.72841 -2.0386 0.77289 1.0821 -3.6749 0.10336 -0.71297 -0.017103 -0.33893 -1.1965 -1.9889 0.20196 -1.385 -3.6729 -0.41393
0 36 264 -0.3686 4.8163 0.43923 -0.23395 3.5691 0.26495 0.47055 3.5452 0.95086 0.79336 2.4531 2.1221 0.11386 2.3316 3.501 -0.94094 3.6225 -0.41672 -2.0646 2.9059 -1.3615 -3.5396 3.0162 -1.7973 0.67817 0.024031 0.40374 0.67938 -2.0449 0.76979 1.0669 -3.6691 0.089628 -0.67817 -0.024031 -0.40374 -1.2155 -1.9747 0.16251 -1.4006 -3.673 -0.41399
0 36 276 -0.26923 4.8163 0.50627 -0.17375 3.5691 0.3078 0.65797 3.5452 0.83225 1.2172 2.4531 1.9108 0.83926 2.3316 3.4008 -1.007 3.6225 -0.21198 -2.3026 2.9059 -0.90247 -3.8359 3.0162 -1.0221 0.74729 0.024031 0.25392 0.82459 -2.0449 0.61172 1.0622 -3.6691 -0.13415 -0.74729 -0.024031 -0.25392 -1.1551 -1.9747 0.41168 -1.4561 -3.673 -0.11374
0 37 276 -0.34105 4.8175 0.44063 -0.20257 3.5708 0.26824 0.52647 3.548 0.92804 0.7802 2.4328 2.0946 -0.0012258 2.3028 3.4175 -0.93392 3.623 -0.38733 -1.9899 2.8956 -1.3995 -3.4279 3.0296 -1.9397 0.71751 0.026108 0.32863 0.77568 -2.0531 0.62499 1.0562 -3.6589 -0.14542 -0.71751 -0.026107 -0.32863 -1.1741 -1.9566 0.36348 -1.4618 -3.669 -0.12214
0 37 288 -0.24198 4.8175 0.50191 -0.14238 3.5708 0.3045 0.70792 3.548 0.7983 1.1986 2.4328 1.8866 0.70934 2.3028 3.3431 -0.99404 3.623 -0.1847 -2.2374 2.8956 -0.95521 -3.7563 3.0296 -1.1846 0.77016 0.026108 0.17227 0.88867 -2.0531 0.45006 1.0028 -3.6589 -0.36184 -0.77016 -0.026107 -0.17227 -1.0728 -1.9566 0.59965 -1.4552 -3.669 0.18445
0 38 288 -0.33067 4.8187 0.42072 -0.18211 3.5727 0.25504 0.56752 3.5538 0.89149 0.76067 2.4149 2.0466 -0.13429 2.284 3.2955 -0.93386 3.6212 -0.37732 -1.9163 2.8648 -1.441 -3.3148 3.0196 -2.0718 0.74651 0.031559 0.25539 0.83542 -2.0581 0.45512 0.99635 -3.6441 -0.38727 -0.74651 -0.031559 -0.25539 -1.0988 -1.9382 0.55394 -1.4591 -3.6637 0.17511
0 38 300 -0.23597 4.8187 0.48028 -0.1251 3.5727 0.28733 0.74047 3.5538 0.75402 1.1696 2.4149 1.8438 0.55382 2.284 3.2514 -0.9919 3.6212 -0.17491 -2.174 2.8648 -1.0111 -3.6731 3.0196 -1.3373 0.7833 0.031559 0.0946 0.91179 -2.0581 0.27148 0.89406 -3.6441 -0.58596 -0.7833 -0.031559 -0.094601 -0.95966 -1.9382 0.7703 -1.3908 -3.6637 0.47466
0 39 300 -0.35072 4.8166 0.40498 -0.18616 3.5725 0.24715 0.58306 3.5589 0.85991 0.72292 2.3956 1.9983 -0.27374 2.2715 3.1683 -0.95742 3.6156 -0.36167 -1.8669 2.8218 -1.4623 -3.2236 2.98 -2.1777 0.76785 0.04159 0.17936 0.85197 -2.0558 0.27028 0.87901 -3.628 -0.61194 -0.76785 -0.041591 -0.17936 -0.99059 -1.919 0.73713 -1.3974 -3.6552 0.47055
0 39 312 -0.25885 4.8166 0.46905 -0.1307 3.5725 0.28045 0.74911 3.5589 0.71989 1.1226 2.3956 1.8043 0.39096 2.2715 3.156 -1.0117 3.6156 -0.15471 -2.1301 2.8218 -1.0422 -3.606 2.98 -1.4599 0.78836 0.04159 0.015799 0.88955 -2.0558 0.087236 0.73258 -3.628 -0.78132 -0.78836 -0.041591 -0.015798 -0.81568 -1.919 0.92697 -1.2691 -3.6552 0.75081
0 40 312 -0.35234 4.8123 0.41319 -0.16744 3.5722 0.25656 0.62377 3.5646 0.84076 0.71797 2.3792 1.9609 -0.37879 2.2662 3.0389 -0.96064 3.6093 -0.32382 -1.7978 2.7794 -1.4549 -3.1252 2.9162 -2.2275 0.78281 0.043852 0.093756 0.8473 -2.0562 0.098127 0.72378 -3.6132 -0.8026 -0.78281 -0.043852 -0.093756 -0.84693 -1.8982 0.89202 -1.2662 -3.6455 0.74414
0 40 324 -0.25874 4.8123 0.47742 -0.11044 3.5722 0.28577 0.78494 3.5646 0.6927 1.11 2.3792 1.7688 0.2613 2.2662 3.0512 -1.007 3.6093 -0.11701 -2.061 2.7794 -1.0493 -3.52 2.9162 -1.5291 0.78519 0.043852 -0.071048 0.84918 -2.0562 -0.08018 0.54109 -3.6132 -0.93554 -0.78519 -0.043852 0.071048 -0.64296 -1.8982 1.0486 -1.0838 -3.6455 0.99114
0 41 324 -0.34887 4.8062 0.43369 -0.14681 3.5715 0.26812 0.67599 3.5718 0.80698 0.7173 2.3622 1.9042 -0.45996 2.2593 2.8947 -0.97149 3.6007 -0.26706 -1.7337 2.7397 -1.4274 -3.0376 2.8322 -2.2453 0.78822 0.047052 -0.0012594 0.82136 -2.053 -0.055527 0.54803 -3.6009 -0.93889 -0.78822 -0.047052 0.0012593 -0.67586 -1.878 1.0257 -1.0794 -3.6349 0.99086
0 41 336 -0.25107 4.8062 0.49675 -0.087858 3.5715 0.29279 0.82899 3.5718 0.6488 1.0975 2.3622 1.7135 0.15194 2.2593 2.9271 -1.0058 3.6007 -0.059242 -1.9926 2.7397 -1.0357 -3.438 2.8322 -1.5647 0.77073 0.047052 -0.16511 0.79186 -2.053 -0.22508 0.34085 -3.6009 -1.0323 -0.77073 -0.047052 0.16511 -0.44784 -1.878 1.1438 -0.84983 -3.6349 1.1936
0 58 312 -0.27403 4.7997 0.45029 -0.036703 3.5697 0.31552 0.82067 3.5876 0.79714 0.30012 2.3944 1.784 -1.2287 2.5919 1.8226 -0.89622 3.5812 -0.16245 -1.6518 2.5357 -1.1648 -3.013 2.1331 -1.7671 0.7886 0.01784 -0.035911 1.0215 -2.0691 0.033002 0.89104 -3.635 -0.85116 -0.7886 -0.017841 0.035911 -0.76237 -1.9091 0.95066 -1.1318 -3.6542 0.68819
0 58 324 -0.17443 4.7997 0.49743 0.029699 3.5697 0.31626 0.96847 3.5876 0.6091 0.66447 2.3944 1.6826 -0.82287 2.5919 2.0382 -0.91041 3.5812 0.02744 -1.8579 2.5357 -0.79592 -3.3146 2.1331 -1.102 0.7639 0.01784 -0.19909 1.0061 -2.0691 -0.18011 0.6946 -3.635 -1.0178 -0.7639 -0.017841 0.19909 -0.54806 -1.9091 1.0884 -0.96401 -3.6542 0.90847
0 59 312 -0.22266 4.8023 0.47405 -0.012172 3.5698 0.31758 0.89249 3.5797 0.70338 0.52646 2.3743 1.7434 -0.9624 2.6023 2.0736 -0.91838 3.5894 -0.064218 -1.8329 2.5604 -0.94371 -3.2948 2.2051 -1.2819 0.7841 0.0188 -0.091249 1.0418 -2.0644 -0.0017697 0.90198 -3.6477 -0.85304 -0.7841 -0.0188 0.09125 -0.72284 -1.9262 0.97018 -1.1145 -3.6618 0.67825
0 59 324 -0.11924 4.8023 0.50998 0.054123 3.5698 0.31317 1.0192 3.5797 0.50245 0.87742 2.3743 1.5958 -0.51025 2.6023 2.2283 -0.91166 3.5894 0.12813 -1.9891 2.5604 -0.542 -3.4893 2.2051 -0.56883 0.748 0.0188 -0.25228 1.0186 -2.0644 -0.21833 0.70492 -3.6477 -1.0219 -0.748 -0.0188 0.25228 -0.50534 -1.9262 1.0993 -0.9491 -3.6618 0.89514
0 60 300 -0.26486 4.8055 0.44599 -0.051341 3.5701 0.31389 0.80706 3.5763 0.79395 0.38934 2.3517 1.7912 -1.1039 2.6001 2.085 -0.91154 3.5934 -0.16242 -1.7832 2.5778 -1.0992 -3.2451 2.2649 -1.4766 0.78914 0.018466 0.020472 1.0376 -2.061 0.18838 1.0729 -3.6599 -0.64438 -0.78914 -0.018466 -0.020473 -0.86855 -1.9429 0.81901 -1.2149 -3.6679 0.42526
0 60 312 -0.16634 4.8055 0.49132 0.015041 3.5701 0.3177 0.9545 3.5763 0.60881 0.75326 2.3517 1.6712 -0.64626 2.6001 2.2689 -0.92539 3.5934 0.030648 -1.9727 2.5778 -0.7044 -3.4812 2.2649 -0.76966 0.77615 0.018466 -0.14405 1.0541 -2.061 -0.031464 0.91546 -3.6599 -0.85337 -0.77615 -0.018466 0.14405 -0.67929 -1.9429 0.98169 -1.0999 -3.6679 0.66855
0 60 324 -0.060558 4.8055 0.51516 0.080766 3.5701 0.30763 1.0602 3.5763 0.39705 1.0842 2.3517 1.478 -0.1604 2.6001 2.3537 -0.8988 3.5934 0.22238 -2.0761 2.5778 -0.27885 -3.5652 2.2649 -0.029059 0.72924 0.018466 -0.30227 1.0245 -2.061 -0.24993 0.71803 -3.6599 -1.0251 -0.72924 -0.018466 0.30227 -0.46034 -1.9429 1.1015 -0.9369 -3.6679 0.88263
0 61 288 -0.30481 4.8071 0.42027 -0.087286 3.5705 0.30631 0.71572 3.5694 0.87425 0.25449 2.3256 1.8277 -1.2458 2.5742 2.0828 -0.89233 3.6011 -0.25789 -1.7087 2.5919 -1.2498 -3.1633 2.3066 -1.6746 0.77842 0.017275 0.13137 0.9985 -2.0578 0.37649 1.1973 -3.6685 -0.40888 -0.77842 -0.017275 -0.13138 -0.97868 -1.9589 0.64586 -1.254 -3.6738 0.16183
0 61 300 -0.21077 4.8071 0.47446 -0.021692 3.5705 0.31777 0.88184 3.5694 0.70634 0.62893 2.3256 1.7348 -0.78552 2.5742 2.2963 -0.92645 3.6011 -0.066734 -1.9312 2.5919 -0.86722 -3.4424 2.3066 -0.98032 0.78873 0.017275 -0.033339 1.055 -2.0578 0.16066 1.0862 -3.6685 -0.64888 -0.78873 -0.017275 0.033338 -0.82301 -1.9589 0.83523 -1.1929 -3.6738 0.41901
0 61 312 -0.10752 4.8071 0.50791 0.04485 3.5705 0.31533 1.0094 3.5694 0.50756 0.97588 2.3256 1.5662 -0.29093 2.5742 2.4094 -0.92008 3.6011 0.12734 -2.0694 2.5919 -0.44674 -3.571 2.3066 -0.24319 0.76456 0.017275 -0.1966 1.0653 -2.0578 -0.062187 0.92751 -3.6685 -0.86053 -0.76456 -0.017275 0.1966 -0.63137 -1.9589 0.98809 -1.0797 -3.6738 0.65788
0 62 288 -0.25371 4.8076 0.46672 -0.062009 3.5694 0.32355 0.79443 3.5583 0.80703 0.49213 2.2965 1.7996 -0.9374 2.5369 2.3253 -0.91988 3.61 -0.1558 -1.8693 2.6047 -1.0258 -3.3794 2.3319 -1.1769 0.78535 0.017196 0.08019 1.0202 -2.0528 0.35231 1.2135 -3.6767 -0.40697 -0.78535 -0.017196 -0.080189 -0.93393 -1.9737 0.67089 -1.2254 -3.6778 0.15876
0 62 300 -0.15113 4.8076 0.50927 0.0066152 3.5694 0.32937 0.94486 3.5583 0.62422 0.85553 2.2965 1.658 -0.43345 2.5369 2.4694 -0.93217 3.61 0.038859 -2.0417 2.6047 -0.6147 -3.5502 2.3319 -0.44859 0.78486 0.017196 -0.084845 1.0712 -2.0528 0.1325 1.1024 -3.6767 -0.65038 -0.78486 -0.017196 0.084846 -0.77403 -1.9737 0.8504 -1.1656 -3.6778 0.41006
0 63 276 -0.29534 4.8097 0.44574 -0.10312 3.5692 0.31583 0.69551 3.5539 0.88969 0.34414 2.2722 1.8397 -1.0993 2.4938 2.3348 -0.90354 3.6139 -0.25398 -1.7858 2.5992 -1.1818 -3.2861 2.3267 -1.411 0.76564 0.016473 0.19242 0.95339 -2.0485 0.53166 1.2903 -3.6857 -0.14413 -0.76564 -0.016473 -0.19242 -1.0151 -1.9855 0.49664 -1.2053 -3.678 -0.095107
0 63 288 -0.19621 4.8097 0.4974 -0.035201 3.5692 0.33037 0.86529 3.5539 0.72564 0.71911 2.2722 1.7279 -0.58981 2.4938 2.5123 -0.9366 3.6139 -0.060575 -1.9925 2.5992 -0.78466 -3.5076 2.3267 -0.69694 0.78891 0.016473 0.029034 1.0431 -2.0485 0.32182 1.2322 -3.6857 -0.40926 -0.78891 -0.016473 -0.029035 -0.88969 -1.9855 0.69685 -1.1988 -3.678 0.15758
0 63 300 -0.088507 4.8097 0.52733 0.034256 3.5692 0.33047 0.99725 3.5539 0.52988 1.0627 2.2722 1.5407 -0.054579 2.4938 2.58 -0.92873 3.6139 0.13548 -2.1121 2.5992 -0.35325 -3.5759 2.3267 0.047565 0.77771 0.016473 -0.13562 1.0872 -2.0485 0.097916 1.1202 -3.6857 -0.6565 -0.77771 -0.016473 0.13562 -0.72536 -1.9855 0.86659 -1.1398 -3.678 0.40337
0 64 276 -0.24485 4.8117 0.46746 -0.077987 3.5691 0.32468 0.77601 3.5459 0.81204 0.5759 2.2432 1.7772 -0.75016 2.4428 2.5384 -0.93315 3.6216 -0.15832 -1.9211 2.5921 -0.95373 -3.4367 2.308 -0.94552 0.77703 0.01641 0.13949 0.98621 -2.0428 0.50032 1.314 -3.6943 -0.14459 -0.77703 -0.01641 -0.13949 -0.98469 -1.9975 0.52865 -1.1803 -3.6782 -0.094312
0 64 288 -0.1423 4.8117 0.50816 -0.0087776 3.5691 0.3338 0.92788 3.5459 0.63296 0.93281 2.2432 1.6186 -0.20601 2.4428 2.6389 -0.94568 3.6216 0.039151 -2.0774 2.5921 -0.53347 -3.5582 2.308 -0.21034 0.78905 0.01641 -0.025116 1.0687 -2.0428 0.28434 1.2552 -3.6943 -0.41462 -0.78905 -0.01641 0.025116 -0.85326 -1.9975 0.72182 -1.1741 -3.6782 0.15314
0 65 264 -0.28855 4.8136 0.43884 -0.11686 3.5692 0.31363 0.67709 3.5425 0.89355 0.42026 2.2178 1.8143 -0.92332 2.3986 2.549 -0.91239 3.6253 -0.26199 -1.82 2.5759 -1.1243 -3.331 2.2751 -1.1876 0.74941 0.01463 0.24833 0.8998 -2.0385 0.66801 1.3459 -3.7018 0.13378 -0.74941 -0.014631 -0.24833 -1.0453 -2.0093 0.34151 -1.1063 -3.6802 -0.33329
0 65 276 -0.191 4.8136 0.48924 -0.049094 3.5692 0.33108 0.84807 3.5425 0.73324 0.78829 2.2178 1.6873 -0.37318 2.3986 2.6853 -0.94692 3.6253 -0.066565 -2.014 2.5759 -0.72138 -3.5051 2.2751 -0.46908 0.78466 0.01463 0.087093 1.019 -2.0385 0.46633 1.3443 -3.7018 -0.14897 -0.78466 -0.014631 -0.087094 -0.95145 -2.0093 0.55138 -1.1514 -3.6802 -0.095998
0 66 264 -0.24047 4.8156 0.46177 -0.091369 3.5691 0.32355 0.75062 3.5409 0.83111 0.61904 2.1925 1.744 -0.55852 2.3543 2.7263 -0.93454 3.6268 -0.17954 -1.9237 2.5502 -0.90827 -3.4214 2.2269 -0.73473 0.76255 0.012561 0.20459 0.93623 -2.035 0.64235 1.3794 -3.7083 0.13772 -0.76255 -0.012561 -0.20459 -1.0193 -2.0182 0.36633 -1.0764 -3.6809 -0.32848
0 66 276 -0.13921 4.8156 0.50168 -0.022102 3.5691 0.33547 0.90701 3.5409 0.65689 0.96812 2.1925 1.5772 0.02051 2.3543 2.7828 -0.95145 3.6268 0.018685 -2.0705 2.5502 -0.48845 -3.4994 2.2269 -0.0073247 0.78842 0.012561 0.04158 1.0493 -2.035 0.43366 1.3779 -3.7083 -0.15209 -0.78842 -0.012561 -0.041579 -0.92086 -2.0182 0.57025 -1.1212 -3.6809 -0.097513
0 67 252 -0.27765 4.8187 0.43019 -0.1296 3.5697 0.30795 0.64119 3.5373 0.91803 0.43679 2.1604 1.7731 -0.75612 2.3034 2.7396 -0.90195 3.6316 -0.29787 -1.8037 2.52 -1.0852 -3.3024 2.1697 -0.98974 0.71891 0.0079436 0.32651 0.81237 -2.0338 0.8133 1.3558 -3.7108 0.43482 -0.71891 -0.0079432 -0.32651 -1.0443 -2.0234 0.16972 -0.95146 -3.6816 -0.53223
0 67 264 -0.18214 4.8187 0.47852 -0.062744 3.5697 0.32816 0.81804 3.5373 0.76465 0.79589 2.1604 1.6435 -0.16999 2.3034 2.837 -0.94417 3.6316 -0.10383 -1.9899 2.52 -0.68646 -3.436 2.1697 -0.28151 0.77108 0.0079436 0.1699 0.96371 -2.0338 0.62663 1.4166 -3.7108 0.14344 -0.77108 -0.0079432 -0.1699 -0.98618 -2.0234 0.38314 -1.0413 -3.6816 -0.32278
0 68 252 -0.22995 4.8207 0.45424 -0.10971 3.5704 0.31316 0.70773 3.5282 0.85847 0.59652 2.1221 1.6826 -0.39208 2.2449 2.8596 -0.92816 3.642 -0.22757 -1.8886 2.4881 -0.87166 -3.3459 2.1057 -0.54319 0.7309 0.0053759 0.29875 0.83844 -2.0306 0.80607 1.3867 -3.7105 0.44777 -0.7309 -0.0053763 -0.29875 -1.0135 -2.028 0.19448 -0.92048 -3.6816 -0.51831
0 68 264 -0.13049 4.8207 0.49213 -0.042206 3.5704 0.32913 0.87075 3.5282 0.69257 0.93332 2.1221 1.5218 0.21103 2.2449 2.8786 -0.95519 3.642 -0.029626 -2.0286 2.4881 -0.45994 -3.3857 2.1057 0.16433 0.77704 0.0053759 0.14026 0.98771 -2.0306 0.61413 1.4495 -3.7105 0.14966 -0.77704 -0.0053763 -0.14026 -0.95089 -2.028 0.40094 -1.0081 -3.6816 -0.31561
0 69 252 -0.2089 4.8218 0.46744 -0.12059 3.5698 0.31525 0.7333 3.5182 0.80062 0.70501 2.0842 1.5827 -0.063485 2.1819 2.9159 -0.97494 3.6508 -0.16524 -1.9691 2.4473 -0.64688 -3.3509 2.0232 -0.10966 0.73982 0.011395 0.27573 0.86128 -2.0194 0.8005 1.4067 -3.7025 0.45328 -0.73982 -0.011395 -0.27574 -0.9921 -2.036 0.22607 -0.89435 -3.6809 -0.50563
0 69 264 -0.10715 4.8218 0.50065 -0.052406 3.5698 0.33343 0.88373 3.5182 0.63066 1.0187 2.0842 1.4015 0.54415 2.1819 2.8654 -0.988 3.6508 0.041072 -2.0606 2.4473 -0.22334 -3.3004 2.0232 0.58942 0.78099 0.011395 0.11589 1.0089 -2.0194 0.60394 1.4702 -3.7025 0.15091 -0.78099 -0.011395 -0.11589 -0.92342 -2.036 0.4274 -0.97993 -3.6809 -0.30863
0 70 240 -0.28443 4.8208 0.44191 -0.19669 3.5676 0.29917 0.58069 3.5023 0.89814 0.46416 2.0383 1.6136 -0.37315 2.0987 2.907 -0.97487 3.6623 -0.29483 -1.8854 2.4037 -0.80048 -3.2894 1.926 -0.37831 0.67626 0.013771 0.4074 0.67941 -2.0064 0.98454 1.2834 -3.6883 0.74464 -0.67626 -0.013771 -0.4074 -1.0119 -2.0375 0.046526 -0.75285 -3.6771 -0.6575
0 70 252 -0.18633 4.8208 0.49139 -0.1302 3.5676 0.33353 0.75474 3.5023 0.75778 0.78951 2.0383 1.4819 0.23941 2.0987 2.9211 -1.0149 3.6623 -0.085698 -2.0106 2.4037 -0.391 -3.2961 1.926 0.31386 0.74619 0.013771 0.2579 0.86926 -2.0064 0.82177 1.4102 -3.6883 0.46153 -0.74619 -0.013771 -0.2579 -0.9801 -2.0375 0.25589 -0.8731 -3.6771 -0.48661
0 71 240 -0.2838 4.8198 0.45421 -0.21577 3.5661 0.30313 0.59547 3.4975 0.85498 0.53229 2.0019 1.5091 -0.12149 2.0085 2.9056 -1.0275 3.6641 -0.24362 -1.9464 2.3555 -0.57817 -3.2612 1.8133 0.017565 0.68583 0.021043 0.39076 0.67193 -1.9861 1.0115 1.2451 -3.6744 0.74332 -0.68583 -0.021043 -0.39076 -1.0047 -2.0442 0.077622 -0.7363 -3.6761 -0.64069
0 71 252 -0.18316 4.8198 0.50329 -0.14803 3.5661 0.34136 0.76022 3.4975 0.71249 0.83442 2.0019 1.3655 0.48528 2.0085 2.8674 -1.0557 3.6641 -0.024681 -2.0241 2.3555 -0.16085 -3.1863 1.8133 0.69523 0.75209 0.021043 0.23963 0.86756 -1.9861 0.84974 1.3725 -3.6744 0.4682 -0.75209 -0.021043 -0.23963 -0.96659 -2.0442 0.28481 -0.85342 -3.6761 -0.47361
0 72 240 -0.28291 4.82 0.45163 -0.23133 3.5661 0.29131 0.61085 3.4991 0.7949 0.58486 1.9762 1.3855 0.083326 1.9138 2.8423 -1.0737 3.6626 -0.2071 -1.9641 2.3042 -0.38279 -3.1691 1.7016 0.36721 0.69686 0.030828 0.37004 0.66179 -1.967 1.0195 1.1701 -3.6687 0.70864 -0.69686 -0.030828 -0.37004 -0.99104 -2.0549 0.11052 -0.71853 -3.675 -0.63243
0 72 252 -0.18283 4.82 0.50058 -0.16571 3.5661 0.33305 0.76277 3.4991 0.65053 0.86014 1.9762 1.2336 0.67245 1.9138 2.7629 -1.0933 3.6626 0.020667 -2.0008 2.3042 0.033943 -3.0235 1.7016 1.0181 0.75857 0.030828 0.21707 0.85928 -1.967 0.85959 1.2919 -3.6687 0.44987 -0.75857 -0.030828 -0.21707 -0.9464 -2.0549 0.31415 -0.83432 -3.675 -0.46922
0 91 204 -0.47573 4.7783 0.001089 -0.27912 3.5467 0.020735 0.17367 3.5824 0.89313 1.4434 2.9925 1.7348 2.6286 3.8782 2.1689 -0.73072 3.5407 -0.85298 -0.94426 3.0073 -2.3822 -1.1152 4.0327 -3.521 0.35255 0.01713 0.70634 -0.027382 -2.0433 0.86375 0.52479 -3.7378 0.59066 -0.35255 -0.01713 -0.70634 -0.73363 -2.0833 -0.7207 -0.16126 -3.7034 -1.2669
0 92 204 -0.44642 4.7848 -0.028646 -0.24154 3.5555 -0.0020876 0.20689 3.5848 0.8728 1.4364 3.3443 1.9212 2.2972 4.5739 2.2744 -0.68882 3.556 -0.87804 -1.1253 3.3356 -2.4368 -1.3971 4.6191 -3.2471 0.34661 0.01861 0.70923 -0.026946 -2.0433 0.86217 0.51833 -3.7414 0.59742 -0.34661 -0.01861 -0.70923 -0.73385 -2.0836 -0.71736 -0.17026 -3.7082 -1.2595
0 93 204 -0.39841 4.7941 -0.05232 -0.19133 3.565 -0.012682 0.24173 3.6044 0.86951 1.337 3.7232 2.0758 1.8331 5.1654 2.3034 -0.6234 3.5553 -0.89619 -1.2541 3.6664 -2.3991 -1.6033 5.0988 -2.8505 0.3472 0.015961 0.70901 -0.031303 -2.0447 0.86652 0.50943 -3.7453 0.60904 -0.3472 -0.015962 -0.70901 -0.73329 -2.0812 -0.71244 -0.18077 -3.7119 -1.2476
0 94 204 -0.3552 4.8044 -0.049803 -0.14947 3.572 -0.01035 0.27903 3.6063 0.87428 1.1447 4.0482 2.1873 1.2858 5.5803 2.2895 -0.57738 3.5675 -0.89592 -1.4194 3.9309 -2.2479 -1.844 5.4085 -2.3656 0.35401 0.013351 0.70569 -0.035934 -2.0444 0.87273 0.50242 -3.7466 0.62041 -0.35401 -0.013351 -0.70569 -0.74042 -2.0785 -0.70913 -0.19394 -3.715 -1.2328
0 95 204 -0.30003 4.8169 -0.034796 -0.12576 3.5752 0.0049263 0.30212 3.5982 0.89023 0.86527 4.2965 2.2555 0.66377 5.8252 2.257 -0.55309 3.582 -0.88091 -1.5793 4.1301 -2.0277 -2.0673 5.5803 -1.8367 0.36066 0.010769 0.70236 -0.041913 -2.0434 0.88298 0.48938 -3.7487 0.63689 -0.36066 -0.01077 -0.70236 -0.7507 -2.0753 -0.69946 -0.20908 -3.7164 -1.2134
0 98 216 -0.13208 4.839 0.055459 -0.090497 3.576 0.07095 0.50159 3.5582 0.85611 0.24186 4.35 2.2613 -0.70714 5.5639 2.3201 -0.68138 3.6235 -0.71389 -2.2034 4.2146 -0.76509 -2.6848 5.2522 0.26895 0.49465 0.0064335 0.61545 0.11745 -2.0407 0.9005 0.57854 -3.7559 0.58993 -0.49465 -0.006433 -0.61545 -0.89319 -2.0662 -0.50223 -0.49539 -3.727 -1.0804
0 99 228 -0.081648 4.8428 0.090812 -0.062976 3.5784 0.1041 0.66611 3.5479 0.76354 0.37718 4.1457 2.2562 -0.68041 5.2284 2.5508 -0.79103 3.6385 -0.55445 -2.2795 4.0849 -0.050544 -2.5056 4.9344 1.2163 0.60494 0.0030518 0.50748 0.28851 -2.0429 0.8657 0.68543 -3.7581 0.47656 -0.60494 -0.0030513 -0.50748 -0.97708 -2.0608 -0.30384 -0.71324 -3.7298 -0.93282
0 100 228 -0.07379 4.8437 0.11518 -0.065095 3.5796 0.12781 0.64575 3.544 0.80663 0.095628 3.8759 2.3086 -1.0742 4.8274 2.6309 -0.77549 3.6451 -0.54925 -2.2469 3.8713 0.1234 -2.4666 4.5464 1.4922 0.59588 0.00036192 0.51809 0.26708 -2.0435 0.87686 0.67865 -3.7572 0.4962 -0.59588 -0.0003624 -0.51809 -0.98689 -2.0535 -0.30366 -0.72203 -3.7307 -0.90999
0 100 240 -0.04823 4.8437 0.12801 -0.037099 3.5796 0.13855 0.79934 3.544 0.65474 0.57352 3.8759 2.2383 -0.5037 4.8274 2.7968 -0.87274 3.6451 -0.37602 -2.1722 3.8713 0.58786 -2.1024 4.5464 1.9724 0.69058 0.00036192 0.38288 0.44355 -2.0435 0.80217 0.76698 -3.7572 0.34425 -0.69058 -0.0003624 -0.38288 -1.0285 -2.0535 -0.091838 -0.89546 -3.7307 -0.73999
0 101 240 -0.055069 4.8428 0.16521 -0.046905 3.5795 0.17526 0.78502 3.5415 0.69854 0.38084 3.5686 2.2812 -0.78166 4.3776 2.8909 -0.87827 3.6473 -0.34589 -2.1268 3.609 0.70696 -2.08 4.1247 2.1594 0.68489 -0.001101 0.39297 0.43187 -2.0428 0.81927 0.76443 -3.7554 0.36382 -0.68489 0.001101 -0.39297 -1.0371 -2.0471 -0.084772 -0.89754 -3.7294 -0.71832
0 101 252 -0.019517 4.8428 0.17305 -0.0094404 3.5795 0.18119 0.9131 3.5415 0.52007 0.8468 3.5686 2.1521 -0.16352 4.3776 2.9902 -0.93099 3.6473 -0.15573 -1.9333 3.609 1.1337 -1.5856 4.1247 2.5446 0.75163 -0.001101 0.24198 0.59277 -2.0428 0.71157 0.82337 -3.7554 0.19694 -0.75163 0.001101 -0.24198 -1.0321 -2.0471 0.13271 -1.0273 -3.7294 -0.51601
0 102 240 -0.067459 4.8399 0.22521 -0.068444 3.5776 0.21971 0.76213 3.5233 0.74369 0.25447 3.2242 2.2674 -0.95996 3.887 2.9482 -0.89837 3.6615 -0.30139 -2.0852 3.3524 0.77784 -2.093 3.6893 2.2825 0.68228 -0.00029087 0.39748 0.42669 -2.0402 0.83073 0.76304 -3.7529 0.37865 -0.68228 0.00029135 -0.39748 -1.0459 -2.0436 -0.074051 -0.89955 -3.7274 -0.70201
0 102 252 -0.019161 4.8399 0.23431 -0.021269 3.5776 0.22914 0.9001 3.5233 0.56899 0.72032 3.2242 2.1649 -0.32601 3.887 3.0834 -0.9414 3.6615 -0.10802 -1.8779 3.3524 1.1944 -1.5727 3.6893 2.6678 0.75001 -0.00029087 0.24694 0.59009 -2.0402 0.72386 0.82509 -3.7529 0.21173 -0.75001 0.00029135 -0.24694 -1.0384 -2.0436 0.14502 -1.0258 -3.7274 -0.49964
0 103 252 -0.01191 4.835 0.30584 -0.023661 3.5743 0.28441 0.89442 3.5038 0.63013 0.64022 2.8782 2.1176 -0.39602 3.3738 3.1463 -0.94032 3.6743 -0.057784 -1.8112 3.1121 1.2049 -1.5844 3.2614 2.7227 0.74864 -0.0042858 0.25103 0.59065 -2.0432 0.73279 0.83321 -3.7531 0.2146 -0.74864 0.0042858 -0.25103 -1.0346 -2.0394 0.14392 -1.0183 -3.7263 -0.49242
1 1 72 -0.65978 4.1439 2.4083 -0.45221 3.0054 1.9049 0.49852 2.9876 2.1563 0.7503 1.4877 1.56 0.88471 0.078567 2.1716 -1.4056 3.0496 1.6673 -1.5115 1.5358 1.0624 -1.9535 0.14445 1.5589 0.76862 -0.0035107 0.18086 0.080877 -1.4418 1.5493 0.54746 -2.9327 0.64896 -0.76862 0.0035105 -0.18086 -1.1308 -1.5634 1.1711 -0.91406 -2.8877 -0.033088
1 2 72 -0.62599 4.2132 2.2931 -0.42459 3.0594 1.8235 0.52616 3.0432 2.0749 0.87382 1.5452 1.5235 1.2503 0.18226 2.1385 -1.3778 3.1023 1.5851 -1.5852 1.5975 0.98408 -2.2589 0.26607 1.3729 0.76853 -0.0068364 0.18115 0.08439 -1.4051 1.5922 0.55692 -2.8549 0.63005 -0.76853 0.0068364 -0.18115 -1.1552 -1.5288 1.1997 -0.90429 -2.7993 -0.054796
1 3 72 -0.58611 4.3038 2.1276 -0.39749 3.1285 1.7066 0.55313 3.1177 1.9588 1.0778 1.6404 1.4994 1.7841 0.41276 2.109 -1.3504 3.1666 1.466 -1.7257 1.7059 0.83814 -2.716 0.54603 1.0652 0.76867 -0.0068836 0.18053 0.09938 -1.398 1.6058 0.57656 -2.8206 0.60607 -0.76867 0.0068839 -0.18054 -1.1837 -1.5111 1.2115 -0.90693 -2.7455 -0.073147
1 4 60 -0.92743 4.3948 1.7923 -0.68501 3.2007 1.4566 0.19188 3.1954 1.902 0.99003 1.783 1.7102 1.9063 0.8218 2.494 -1.5661 3.234 1.0208 -2.0109 1.8699 0.23965 -3.2626 0.99632 0.020849 0.71535 -0.0071657 0.33424 -0.18741 -1.4546 1.5607 0.46911 -2.8802 0.67328 -0.71535 0.0071654 -0.33424 -1.4119 -1.5559 0.88478 -0.861 -2.7964 -0.30198
1 4 72 -0.53452 4.3948 1.946 -0.36719 3.2007 1.5672 0.58314 3.1954 1.8206 1.324 1.783 1.467 2.3832 0.8218 2.0432 -1.3197 3.234 1.3241 -1.9172 1.8699 0.65251 -3.187 0.99632 0.69873 0.76921 -0.0071657 0.17821 0.14118 -1.4546 1.5656 0.59884 -2.8802 0.56103 -0.76921 0.0071654 -0.17821 -1.1971 -1.5559 1.159 -0.90497 -2.7964 -0.11637
1 5 60 -0.82751 4.4907 1.5896 -0.6138 3.2782 1.3009 0.26029 3.2754 1.7518 1.2751 1.9965 1.6937 2.4414 1.3785 2.4908 -1.4914 3.3095 0.85804 -2.1374 2.0981 -0.027436 -3.5301 1.5668 -0.42221 0.71488 -0.0083079 0.33524 -0.087982 -1.5763 1.4802 0.52757 -3.0438 0.6325 -0.71488 0.0083082 -0.33524 -1.3797 -1.6618 0.7525 -0.8389 -2.9707 -0.3634
1 5 72 -0.47894 4.4907 1.7269 -0.32992 3.2782 1.4001 0.61883 3.2754 1.6594 1.5994 1.9965 1.3916 2.9059 1.3785 1.9288 -1.2805 3.3095 1.1494 -2.0964 2.0981 0.41756 -3.5408 1.5668 0.32097 0.76895 -0.0083079 0.17928 0.22169 -1.5763 1.4662 0.64754 -3.0438 0.50899 -0.76895 0.0083082 -0.17928 -1.1931 -1.6618 1.0229 -0.89613 -2.9707 -0.18104
1 6 48 -0.97639 4.5801 1.1975 -0.74766 3.353 0.99344 0.0070363 3.3443 1.6241 1.1858 2.2507 1.9125 2.2899 1.9673 2.951 -1.506 3.3908 0.36827 -2.0714 2.3478 -0.75469 -3.3952 2.1426 -1.5185 0.62696 -0.011558 0.47988 -0.17747 -1.7524 1.3381 0.48489 -3.3029 0.69921 -0.62696 0.011558 -0.47988 -1.4294 -1.7858 0.25494 -0.7219 -3.2153 -0.58569
1 6 60 -0.70608 4.5801 1.3743 -0.52477 3.353 1.1272 0.34455 3.3443 1.5871 1.5575 2.2507 1.6242 2.8534 1.9673 2.4104 -1.3965 3.3908 0.67334 -2.1831 2.3478 -0.30752 -3.6367 2.1426 -0.77938 0.71303 -0.011558 0.33905 0.10462 -1.7524 1.3458 0.61967 -3.3029 0.58312 -0.71303 0.011558 -0.33905 -1.3452 -1.7858 0.54656 -0.8279 -3.2153 -0.4228
1 7 48 -0.83108 4.6386 1.0528 -0.63378 3.4036 0.8728 0.11101 3.3878 1.515 1.4112 2.47 1.8839 2.5713 2.485 2.8996 -1.3808 3.4489 0.23468 -2.0137 2.5505 -0.97414 -3.3311 2.6083 -1.7733 0.62539 -0.015726 0.48181 0.099838 -1.908 1.2285 0.63293 -3.5561 0.72824 -0.62539 0.015726 -0.48181 -1.3743 -1.8787 0.032605 -0.79753 -3.4456 -0.64791
1 8 36 -0.90384 4.672 0.78743 -0.70401 3.4308 0.67066 -0.11097 3.4113 1.4551 1.1589 2.6735 2.1705 2.1134 2.935 3.3529 -1.2991 3.48 -0.11092 -1.6904 2.7236 -1.505 -2.7628 2.9853 -2.5817 0.51539 -0.018736 0.59793 0.059647 -1.9796 1.1992 0.594 -3.6938 1.0347 -0.51539 0.018736 -0.59793 -1.2714 -1.9325 -0.40939 -0.76251 -3.5689 -0.96966
1 8 48 -0.72038 4.672 0.95814 -0.54919 3.4308 0.80237 0.19398 3.4113 1.4463 1.5848 2.6735 1.8821 2.7643 2.935 2.8402 -1.2937 3.48 0.16159 -1.9664 2.7236 -1.1207 -3.2392 2.9853 -1.9508 0.62845 -0.018736 0.47771 0.30766 -1.9796 1.1605 0.79615 -3.6938 0.88861 -0.62845 0.018736 -0.47771 -1.3288 -1.9325 -0.1361 -0.94745 -3.5689 -0.78993
1 9 36 -0.84075 4.6876 0.73558 -0.656 3.444 0.62649 -0.055723 3.4251 1.4054 1.2801 2.903 2.1875 2.2478 3.3834 3.2877 -1.2577 3.4925 -0.15 -1.6523 2.9011 -1.6208 -2.6672 3.3318 -2.6988 0.51716 -0.015308 0.59649 0.16439 -2.0005 1.1872 0.75019 -3.7057 1.1926 -0.51716 0.015309 -0.59649 -1.2287 -1.9609 -0.54551 -0.8106 -3.5913 -1.1919
1 10 36 -0.80788 4.7002 0.67574 -0.63188 3.4564 0.56735 -0.028151 3.4391 1.3436 1.3674 3.1369 2.1373 2.3139 3.8191 3.1455 -1.2366 3.5035 -0.20692 -1.6139 3.0708 -1.7364 -2.5874 3.6407 -2.7876 0.51384 -0.0076876 0.5995 0.28155 -2.0058 1.206 0.93135 -3.6825 1.3379 -0.51384 0.0076876 -0.5995 -1.2265 -1.9664 -0.69667 -0.84174 -3.565 -1.4364
1 11 36 -0.77236 4.7184 0.60649 -0.59403 3.4757 0.50095 0.0051493 3.4582 1.2807 1.4393 3.3674 2.0576 2.3582 4.2156 2.9598 -1.194 3.523 -0.27699 -1.5639 3.2235 -1.8397 -2.5039 3.8982 -2.859 0.51271 -0.00038433 0.60053 0.42979 -2.0061 1.2207 1.1329 -3.6492 1.4586 -0.51271 0.00038433 -0.60053 -1.2651 -1.9478 -0.8301 -0.9148 -3.5022 -1.6739
1 13 24 -0.72295 4.7503 0.3449 -0.55314 3.5053 0.2872 -0.13283 3.49 1.1763 1.0963 3.7213 2.2272 1.7947 4.7959 3.0846 -0.97347 3.5505 -0.60085 -1.073 3.4249 -2.2266 -1.7066 4.2425 -3.3701 0.38015 0.0021982 0.69208 0.41033 -1.9763 1.3984 1.1658 -3.5629 1.8022 -0.38015 -0.0021982 -0.69208 -1.057 -1.9114 -1.2496 -0.63386 -3.3776 -2.21
1 14 24 -0.63882 4.7625 0.30062 -0.49025 3.515 0.25263 -0.06812 3.4989 1.1408 1.1214 3.8463 2.2053 1.8161 4.9887 2.9734 -0.91177 3.5608 -0.63483 -1.0376 3.4926 -2.2622 -1.6851 4.363 -3.358 0.3823 0.0029078 0.6909 0.42784 -1.9637 1.4289 1.2357 -3.5436 1.7488 -0.3823 -0.0029073 -0.6909 -1.0332 -1.9137 -1.2736 -0.64356 -3.3524 -2.2881
1 15 24 -0.57547 4.7698 0.26033 -0.44784 3.5196 0.22287 -0.020285 3.5055 1.1085 1.1221 3.9556 2.186 1.7813 5.147 2.9097 -0.87429 3.5634 -0.66233 -1.0541 3.5321 -2.2857 -1.6878 4.4405 -3.3585 0.38943 0.0062594 0.68688 0.39305 -1.9507 1.4515 1.206 -3.5419 1.6923 -0.38943 -0.006259 -0.68688 -1.0494 -1.9224 -1.2412 -0.65839 -3.3419 -2.2818
1 16 24 -0.53456 4.7762 0.2295 -0.41336 3.5249 0.20526 0.022548 3.5189 1.0869 1.1121 4.0487 2.1828 1.7133 5.2851 2.881 -0.84805 3.5607 -0.67629 -1.09 3.5656 -2.2919 -1.7042 4.5016 -3.3522 0.40107 0.005724 0.68015 0.32197 -1.9486 1.4474 1.1942 -3.5216 1.5733 -0.40107 -0.0057244 -0.68015 -1.0888 -1.9272 -1.1793 -0.63226 -3.3277 -2.2192
1 17 24 -0.52703 4.7841 0.19914 -0.39838 3.5332 0.1905 0.043348 3.5389 1.0693 1.0819 4.0966 2.2002 1.634 5.3685 2.8748 -0.83911 3.5572 -0.68844 -1.1549 3.5605 -2.2912 -1.758 4.5152 -3.3413 0.40542 0.0050941 0.67758 0.19204 -1.9167 1.4995 1.1832 -3.4226 1.4715 -0.40542 -0.0050941 -0.67758 -1.1191 -1.9148 -1.1855 -0.48691 -3.2738 -2.1876
1 18 24 -0.57819 4.792 0.13513 -0.43189 3.5417 0.13114 0.010496 3.5548 1.0095 1.0119 4.0423 2.2046 1.5207 5.3259 2.891 -0.87396 3.5585 -0.7473 -1.2598 3.4624 -2.3318 -1.8849 4.4041 -3.3807 0.40533 0.023301 0.67725 0.065346 -1.8519 1.5618 1.1059 -3.3211 1.4641 -0.40533 -0.023301 -0.67725 -1.1794 -1.8979 -1.2259 -0.4425 -3.2267 -2.1965
1 20 36 -0.65672 4.7851 0.26878 -0.47066 3.5387 0.22649 0.13984 3.5651 0.99718 1.3439 3.7278 2.0892 2.0234 4.8529 2.8954 -1.0824 3.5421 -0.54368 -1.8564 3.1237 -1.9201 -2.9022 3.7809 -2.8432 0.52821 0.025454 0.58638 0.21308 -1.7494 1.6657 1.243 -3.1782 1.2801 -0.52821 -0.025454 -0.58638 -1.541 -1.8482 -0.84337 -0.92626 -3.1411 -1.9394
1 21 36 -0.67212 4.7897 0.19534 -0.48618 3.5422 0.1696 0.11865 3.5754 0.94448 1.2976 3.6035 2.075 2.0764 4.5548 3.0057 -1.0924 3.5388 -0.60493 -1.8845 3.0017 -1.9289 -2.9873 3.4597 -2.9044 0.52429 0.042914 0.58888 0.243 -1.7826 1.5903 1.2416 -3.2514 1.2798 -0.52429 -0.042914 -0.58888 -1.4648 -1.9055 -0.83507 -0.92603 -3.2254 -1.9388
1 22 36 -0.64201 4.7925 0.20599 -0.45975 3.5434 0.19597 0.14849 3.5844 0.96781 1.3134 3.5113 2.1108 2.1644 4.3168 3.1131 -1.0695 3.5323 -0.5757 -1.8609 2.9232 -1.8686 -2.9711 3.2475 -2.8883 0.53728 0.032543 0.57773 0.30669 -1.8257 1.5307 1.2626 -3.3349 1.2867 -0.53728 -0.032543 -0.57773 -1.366 -1.9462 -0.8333 -0.90456 -3.3027 -1.9279
1 23 36 -0.66271 4.7841 0.23789 -0.48189 3.5348 0.23896 0.13119 3.5798 1.0067 1.3032 3.4409 2.1363 2.1902 4.1714 3.1645 -1.0964 3.5196 -0.52881 -1.8686 2.8892 -1.8231 -2.9731 3.1804 -2.8589 0.53672 0.028409 0.57846 0.36121 -1.8553 1.4923 1.2808 -3.3942 1.2992 -0.53672 -0.028409 -0.57846 -1.2918 -1.9726 -0.83222 -0.89414 -3.3611 -1.9115
1 24 36 -0.72521 4.7668 0.29804 -0.54636 3.5167 0.30262 0.061944 3.5582 1.0744 1.2492 3.3909 2.184 2.1486 4.1103 3.2092 -1.1563 3.5049 -0.4689 -1.9049 2.8913 -1.7849 -3.0112 3.2203 -2.8073 0.53509 0.028842 0.57995 0.37248 -1.8556 1.4948 1.2758 -3.4071 1.3287 -0.53509 -0.028842 -0.57995 -1.289 -1.9753 -0.81937 -0.90631 -3.3737 -1.8913
1 25 36 -0.79278 4.7492 0.38319 -0.61025 3.4987 0.38165 -0.004666 3.5332 1.1559 1.2043 3.3741 2.243 2.0938 4.1162 3.2607 -1.218 3.4939 -0.39164 -1.9397 2.9262 -1.7428 -3.0575 3.3326 -2.7242 0.53999 0.025141 0.57557 0.33868 -1.8276 1.5456 1.2489 -3.3742 1.3702 -0.53999 -0.025141 -0.57557 -1.3624 -1.9465 -0.79101 -0.93958 -3.3401 -1.854
1 26 36 -0.85789 4.7337 0.47356 -0.65816 3.4856 0.45912 -0.055471 3.5171 1.2357 1.1768 3.4149 2.3033 2.0563 4.1857 3.3083 -1.2639 3.4836 -0.31576 -1.9763 2.9972 -1.7031 -3.0979 3.492 -2.6384 0.54287 0.017431 0.57314 0.26269 -1.7704 1.6405 1.2035 -3.2944 1.4327 -0.54287 -0.017431 -0.57314 -1.4943 -1.8828 -0.74431 -0.99949 -3.2613 -1.7959
1 27 36 -0.91414 4.723 0.51426 -0.69578 3.4787 0.49335 -0.092227 3.5066 1.2694 1.1484 3.4883 2.3321 2.0237 4.2803 3.3241 -1.303 3.4802 -0.28034 -2.0286 3.0871 -1.6903 -3.1466 3.6559 -2.587 0.53941 0.01708 0.57641 0.1961 -1.7067 1.7275 1.1639 -3.2105 1.4976 -0.53941 -0.01708 -0.57641 -1.6197 -1.813 -0.72519 -1.0639 -3.1757 -1.7667
1 28 36 -0.96427 4.7097 0.55087 -0.73894 3.4666 0.51647 -0.1363 3.4941 1.2933 1.1057 3.4581 2.3539 1.9526 4.2513 3.3694 -1.3459 3.4684 -0.25749 -2.0681 3.0686 -1.6672 -3.2054 3.6634 -2.5218 0.53773 0.023125 0.57776 0.19899 -1.6962 1.7368 1.1577 -3.2088 1.5274 -0.53773 -0.023125 -0.57776 -1.6517 -1.7975 -0.73573 -1.0997 -3.1744 -1.7606
1 29 36 -0.91243 4.723 0.54599 -0.70044 3.477 0.50239 -0.091609 3.5047 1.2744 1.1292 3.2867 2.3378 1.9407 3.9784 3.4516 -1.3134 3.4787 -0.26681 -2.0074 2.9165 -1.6347 -3.2084 3.4099 -2.4664 0.54211 0.019869 0.57378 0.29475 -1.7982 1.5974 1.213 -3.3454 1.4797 -0.54211 -0.019869 -0.57378 -1.4868 -1.8871 -0.76175 -1.0414 -3.3118 -1.7731
1 30 36 -0.87414 4.7276 0.52726 -0.68407 3.4778 0.48862 -0.069993 3.5006 1.2566 1.0923 3.0126 2.2956 1.8713 3.47 3.5453 -1.3014 3.4845 -0.27705 -1.9367 2.6909 -1.5559 -3.2117 2.9379 -2.3871 0.53662 0.018315 0.57896 0.40239 -1.9221 1.3732 1.2617 -3.5071 1.3516 -0.53662 -0.018315 -0.57896 -1.2419 -1.9892 -0.75898 -0.95707 -3.4572 -1.7663
1 31 36 -0.95531 4.7039 0.55853 -0.75969 3.4551 0.51028 -0.13979 3.4778 1.2735 0.96968 2.7202 2.203 1.6891 2.8468 3.561 -1.3829 3.462 -0.2506 -1.9033 2.4695 -1.4393 -3.2218 2.3572 -2.2309 0.52877 0.026104 0.58584 0.38652 -1.9708 1.2235 1.1654 -3.5966 1.1959 -0.52878 -0.026104 -0.58584 -1.1045 -2.0451 -0.66571 -0.88853 -3.5379 -1.6536
1 31 48 -0.81831 4.7039 0.74495 -0.63699 3.4551 0.65707 0.12805 3.4778 1.2748 1.4065 2.7202 1.9533 2.3925 2.8468 3.132 -1.4048 3.462 0.042399 -2.1609 2.4695 -1.0121 -3.6152 2.3572 -1.5123 0.63902 0.026104 0.4631 0.63245 -1.9708 1.1164 1.3886 -3.5966 0.92748 -0.63902 -0.026104 -0.4631 -1.2188 -2.0451 -0.42153 -1.2129 -3.5379 -1.4328
1 32 48 -0.92325 4.6708 0.8326 -0.72299 3.4259 0.72667 0.043568 3.4613 1.3419 1.2228 2.459 1.8649 2.1361 2.2151 3.0831 -1.4934 3.4198 0.11529 -2.0839 2.2658 -0.87882 -3.481 1.7836 -1.3183 0.64144 0.034796 0.45918 0.49546 -1.9584 1.1072 1.1002 -3.6289 0.79938 -0.64144 -0.034796 -0.45918 -1.219 -2.0421 -0.23277 -1.0396 -3.5649 -1.1814
1 33 48 -1.0212 4.633 0.9318 -0.79213 3.3957 0.80765 -0.031634 3.4379 1.4299 1.0232 2.2415 1.7831 1.8185 1.6371 2.9578 -1.5576 3.3824 0.19026 -1.9795 2.0927 -0.71941 -3.2473 1.2928 -1.0809 0.64416 0.039126 0.455 0.33325 -1.9433 1.0776 0.79184 -3.6239 0.61248 -0.64416 -0.039126 -0.455 -1.2271 -2.0099 -0.018485 -0.78667 -3.5296 -0.88298
1 33 60 -0.80517 4.633 1.1238 -0.6069 3.3957 0.95469 0.26636 3.4379 1.4053 1.3716 2.2415 1.5314 2.3937 1.6371 2.5151 -1.484 3.3824 0.50995 -2.0859 2.0927 -0.29212 -3.401 1.2928 -0.38218 0.72468 0.039126 0.31113 0.55001 -1.9433 0.98475 0.90188 -3.6239 0.43447 -0.72468 -0.039126 -0.31113 -1.2042 -2.0099 0.23706 -0.95306 -3.5296 -0.70013
1 34 60 -0.84994 4.6012 1.2247 -0.62062 3.3731 1.0338 0.24331 3.4174 1.5018 1.1649 2.0687 1.4797 2.0239 1.1538 2.3756 -1.4891 3.3574 0.57235 -1.9096 1.9589 -0.15982 -3.0378 0.909 -0.21054 0.72508 0.033298 0.31087 0.40454 -1.9403 0.95615 0.66063 -3.6002 0.30042 -0.72508 -0.033298 -0.31087 -1.1176 -1.977 0.38362 -0.68126 -3.4762 -0.51791
1 34 72 -0.57673 4.6012 1.3747 -0.39212 3.3731 1.1402 0.55023 3.4174 1.4184 1.447 2.0687 1.2052 2.4736 1.1538 1.9029 -1.3375 3.3574 0.86944 -1.9011 1.9589 0.2407 -3.0152 0.909 0.42564 0.77387 0.033298 0.15333 0.59449 -1.9403 0.85115 0.70866 -3.6002 0.1565 -0.77387 -0.033298 -0.15333 -1.0134 -1.977 0.6076 -0.77405 -3.4762 -0.36495
1 35 60 -0.87513 4.5705 1.3254 -0.62736 3.3519 1.1036 0.23356 3.3891 1.5777 0.96417 1.9356 1.4281 1.6467 0.78342 2.1925 -1.4932 3.343 0.63703 -1.7348 1.8665 -0.018796 -2.6762 0.64539 -0.039535 0.72427 0.027174 0.31335 0.28842 -1.9344 0.92694 0.55754 -3.5584 0.19127 -0.72427 -0.027174 -0.31335 -1.0188 -1.9383 0.50834 -0.53348 -3.4266 -0.38627
1 42 60 -0.70136 4.6387 1.2059 -0.51225 3.4091 0.98088 0.35513 3.4105 1.4446 1.0004 1.916 1.3073 1.7325 0.83295 2.1251 -1.383 3.4366 0.52429 -1.7463 1.9334 -0.0024269 -2.9274 0.96304 0.19988 0.71347 0.0043054 0.33829 0.18698 -1.8747 1.1171 0.53266 -3.4147 0.24539 -0.71347 -0.0043058 -0.33829 -1.1894 -1.8702 0.50214 -0.55897 -3.3251 -0.35615
1 43 48 -0.8098 4.6858 0.91237 -0.61351 3.4454 0.75946 0.1397 3.4469 1.3919 0.91784 2.0194 1.5523 1.6278 1.1728 2.6279 -1.3704 3.4731 0.132 -1.7961 2.0378 -0.52181 -3.1472 1.3121 -0.68183 0.62348 -0.0020561 0.48453 0.16718 -1.9713 1.0574 0.61979 -3.6086 0.45309 -0.62348 0.0020561 -0.48453 -1.2309 -1.9452 0.018909 -0.5961 -3.5193 -0.58944
1 43 60 -0.60241 4.6858 1.0608 -0.4422 3.4454 0.87042 0.42605 3.4469 1.3325 1.2205 2.0194 1.3276 2.1386 1.1728 2.232 -1.313 3.4731 0.41404 -1.8654 2.0378 -0.13698 -3.2202 1.3121 -0.01259 0.71059 -0.0020561 0.34431 0.38337 -1.9713 0.99956 0.70045 -3.6086 0.31433 -0.71059 0.0020561 -0.34431 -1.2001 -1.9452 0.27442 -0.70563 -3.5193 -0.45262
1 44 48 -0.72845 4.7064 0.84954 -0.5492 3.4614 0.71257 0.21036 3.4653 1.3374 1.1215 2.153 1.6785 1.9815 1.5969 2.8313 -1.3116 3.4869 0.091722 -1.9277 2.1635 -0.64154 -3.3811 1.7244 -0.91103 0.62567 -0.0079145 0.48164 0.29385 -2.0015 1.056 0.77034 -3.6775 0.59262 -0.62566 0.0079145 -0.48164 -1.2317 -1.9752 -0.1434 -0.71361 -3.5813 -0.77807
1 44 60 -0.5359 4.7064 0.98243 -0.38905 3.4614 0.81118 0.48383 3.4653 1.2644 1.446 2.153 1.4087 2.5268 1.5969 2.3575 -1.2639 3.4869 0.36242 -2.019 2.1635 -0.22672 -3.4967 1.7244 -0.18815 0.71213 -0.0079145 0.34103 0.50699 -2.0015 0.97182 0.87672 -3.6775 0.41951 -0.71213 0.0079145 -0.34103 -1.2346 -1.9752 0.11582 -0.85979 -3.5813 -0.6127
2 0 240 -1.4941 3.8359 2.5187 -0.99248 2.9528 1.7656 -0.15555 2.9191 2.2811 1.0924 2.625 1.2688 2.298 1.6837 1.073 -1.8399 3.0067 1.2692 -1.7999 2.8813 -0.35909 -2.5183 2.3106 -1.5984 0.69926 0.012938 0.36656 0.22125 -1.8841 1.1329 0.46602 -3.5499 0.48801 -0.69926 -0.012938 -0.36656 -1.1835 -1.9294 0.3455 -0.73668 -3.4966 -0.42588
2 0 252 -0.93776 3.8359 2.7743 -0.60372 2.9528 1.9333 0.32211 2.9191 2.2636 1.3324 2.625 1.0139 2.4709 1.6837 0.57174 -1.5358 3.0067 1.624 -1.8352 2.8813 0.022983 -2.7956 2.3106 -1.0399 0.76019 0.012938 0.21317 0.45195 -1.8841 1.0621 0.5573 -3.5499 0.38045 -0.76019 -0.012938 -0.21317 -1.0858 -1.9294 0.58401 -0.80912 -3.4966 -0.26341
2 1 240 -1.6462 3.6134 2.7433 -1.1096 2.7952 1.9425 -0.27443 2.7601 2.4609 0.93135 2.665 1.3628 2.1913 1.8565 0.99344 -1.9559 2.849 1.4444 -1.8256 2.8947 -0.18333 -2.4251 2.4268 -1.5247 0.69681 0.014499 0.37114 0.16973 -1.8475 1.1893 0.44447 -3.4955 0.51123 -0.69681 -0.014499 -0.37114 -1.222 -1.8983 0.39676 -0.7512 -3.4444 -0.40248
2 1 252 -1.0399 3.6134 3.0256 -0.68143 2.7952 2.1308 0.24321 2.7601 2.4642 1.1943 2.665 1.1394 2.35 1.8565 0.51613 -1.6129 2.849 1.8195 -1.8238 2.8947 0.20024 -2.6891 2.4268 -0.98719 0.75875 0.014499 0.21815 0.41328 -1.8475 1.128 0.54105 -3.4955 0.40765 -0.75875 -0.014499 -0.21815 -1.1128 -1.8983 0.64216 -0.81846 -3.4444 -0.23751
2 2 252 -1.1382 3.386 3.2499 -0.76032 2.6228 2.3154 0.16301 2.5858 2.6522 1.0496 2.6451 1.2814 2.2049 1.9737 0.51191 -1.6909 2.6772 2.0017 -1.818 2.8408 0.38121 -2.584 2.4453 -0.89726 0.75589 0.015066 0.22783 0.37061 -1.8052 1.2037 0.52597 -3.429 0.43548 -0.75589 -0.015066 -0.22783 -1.1385 -1.8574 0.70698 -0.82293 -3.3763 -0.21182
2 3 252 -1.2351 3.1577 3.4438 -0.8382 2.4443 2.4787 0.084441 2.4053 2.8172 0.91828 2.5639 1.4214 2.0568 2.0048 0.54462 -1.7684 2.4995 2.1641 -1.8138 2.7147 0.54535 -2.4804 2.34 -0.79365 0.75228 0.014306 0.23953 0.32813 -1.7571 1.2866 0.51371 -3.3483 0.4593 -0.75228 -0.014306 -0.23952 -1.1646 -1.8078 0.77421 -0.82545 -3.2925 -0.19098
2 4 252 -1.3078 2.9497 3.6031 -0.89452 2.2762 2.6169 0.027156 2.2324 2.9574 0.82154 2.4214 1.5425 1.9321 1.9191 0.59812 -1.824 2.3353 2.3008 -1.7934 2.5215 0.67809 -2.3721 2.1105 -0.69076 0.75035 0.01072 0.24569 0.2813 -1.7051 1.3638 0.50629 -3.256 0.47223 -0.75035 -0.01072 -0.24569 -1.1965 -1.7526 0.84113 -0.82073 -3.192 -0.17748
2 4 264 -0.53007 2.9497 3.7963 -0.33088 2.2762 2.7457 0.64145 2.2324 2.8872 1.1243 2.4214 1.338 2.0142 1.9191 0.18334 -1.3058 2.3353 2.6297 -1.6132 2.5215 1.0361 -2.4639 2.1105 -0.18248 0.78503 0.01072 0.084312 0.55871 -1.7051 1.2755 0.59341 -3.256 0.35665 -0.78503 -0.01072 -0.084313 -0.9955 -1.7526 1.0715 -0.83969 -3.192 -0.002964
2 5 252 -1.3637 2.7986 3.705 -0.94047 2.1446 2.7107 -0.020209 2.0931 3.054 0.75315 2.2399 1.6225 1.8251 1.7 0.65453 -1.8686 2.2108 2.3922 -1.7785 2.2949 0.7632 -2.2969 1.7347 -0.57663 0.74924 0.010496 0.24905 0.23247 -1.6485 1.4301 0.5063 -3.1458 0.46367 -0.74924 -0.010496 -0.24905 -1.2359 -1.6942 0.90972 -0.81474 -3.0721 -0.17417
2 5 264 -0.56354 2.7986 3.9076 -0.35632 2.1446 2.847 0.61519 2.0931 2.9915 1.074 2.2399 1.4305 1.9213 1.7 0.26075 -1.3304 2.2108 2.7284 -1.581 2.2949 1.1163 -2.3666 1.7347 -0.086481 0.78465 0.010496 0.087827 0.52473 -1.6485 1.3505 0.59164 -3.1458 0.34828 -0.78465 -0.010496 -0.087827 -1.0197 -1.6942 1.1468 -0.83314 -3.0721 -0.00096759
2 6 252 -1.3932 2.7106 3.7607 -0.95706 2.0625 2.7687 -0.039919 2.0064 3.1195 0.73178 2.0068 1.6797 1.7445 1.3195 0.74177 -1.8823 2.133 2.4427 -1.7628 2.0216 0.81726 -2.2556 1.2245 -0.40721 0.75003 0.0067756 0.24679 0.1892 -1.5877 1.4948 0.52356 -3.0171 0.44794 -0.75003 -0.0067759 -0.24679 -1.2739 -1.6419 0.96405 -0.81548 -2.9469 -0.19257
2 6 264 -0.58089 2.7106 3.9681 -0.36049 2.0625 2.9072 0.60954 2.0064 3.0597 1.065 2.0068 1.4908 1.8606 1.3195 0.36285 -1.3333 2.133 2.7807 -1.5544 2.0216 1.1659 -2.291 1.2245 0.070664 0.78495 0.0067756 0.085459 0.49585 -1.5877 1.4228 0.60525 -3.0171 0.32929 -0.78495 -0.0067759 -0.085459 -1.0457 -1.6419 1.2079 -0.8377 -2.9469 -0.018809
2 7 252 -1.397 2.7171 3.7533 -0.94841 2.0506 2.7799 -0.037333 1.992 3.1458 0.73763 1.7159 1.7344 1.6522 0.78388 0.91429 -1.8679 2.1239 2.4386 -1.7647 1.7171 0.85979 -2.2601 0.6437 -0.13022 0.74974 -0.0050759 0.2477 0.13929 -1.5194 1.57 0.55416 -2.8623 0.44062 -0.74974 0.0050757 -0.2477 -1.3125 -1.5943 0.99308 -0.82286 -2.8258 -0.22945
2 10 264 -0.59788 3.171 3.6088 -0.36688 2.3442 2.6866 0.59581 2.2904 2.8808 1.0836 0.89263 2.1902 1.1069 -0.49473 2.8627 -1.3329 2.4155 2.5163 -1.6818 0.95053 1.8831 -2.1899 -0.24212 2.718 0.78079 -0.024077 0.11527 0.38174 -1.4658 1.5906 0.63965 -2.531 0.15891 -0.78079 0.024077 -0.11527 -1.1639 -1.5389 1.2356 -0.83429 -2.5398 -0.22746
2 11 264 -0.60084 3.3702 3.4233 -0.37704 2.4721 2.5711 0.5858 2.4337 2.7682 1.0358 0.86436 2.7098 0.70849 0.041216 3.972 -1.3433 2.5293 2.3968 -1.7237 0.94194 2.3324 -2.0733 0.34795 3.7117 0.78103 -0.012567 0.11547 0.37382 -1.5157 1.5258 0.64109 -2.5375 0.064471 -0.78103 0.012567 -0.11547 -1.1445 -1.6017 1.1793 -0.8107 -2.544 -0.32122
2 12 264 -0.58663 3.552 3.2344 -0.37212 2.5868 2.4593 0.59027 2.5587 2.6603 0.9896 1.0969 3.2704 0.40933 1.113 4.6989 -1.338 2.6352 2.2799 -1.7688 1.1442 2.7896 -1.9093 1.3723 4.3081 0.78182 -0.0042431 0.11064 0.37727 -1.6233 1.3871 0.65607 -2.636 -0.07834 -0.78182 0.0042434 -0.11064 -1.0981 -1.7028 1.0727 -0.79862 -2.6233 -0.44837
2 13 264 -0.53995 3.7184 3.0457 -0.33051 2.6914 2.3538 0.63028 2.6704 2.5631 1.0011 1.5619 3.7043 0.28926 2.3382 4.8305 -1.2947 2.7344 2.1644 -1.805 1.5272 3.1396 -1.7498 2.471 4.3578 0.78345 -0.0038791 0.098453 0.40687 -1.7723 1.1685 0.69275 -2.813 -0.27587 -0.78345 0.0038788 -0.098453 -1.0461 -1.8354 0.88248 -0.78766 -2.781 -0.63079
2 14 264 -0.47047 3.9289 2.7714 -0.26396 2.8362 2.1856 0.69386 2.8279 2.409 1.05 2.0827 3.8184 0.32403 3.2906 4.4442 -1.2251 2.8685 1.9796 -1.8149 1.9792 3.2166 -1.6206 3.3138 3.9642 0.78596 -0.00028253 0.075954 0.49605 -1.9412 0.82642 0.74418 -3.0594 -0.56606 -0.78596 0.00028276 -0.075955 -1.0102 -1.9815 0.58487 -0.78632 -3.0063 -0.88156
2 15 264 -0.38791 4.2098 2.3376 -0.20997 3.0474 1.8832 0.74701 3.0532 2.1102 1.0769 2.5598 3.6322 0.37885 3.9109 3.8869 -1.1699 3.068 1.6698 -1.8358 2.3852 2.9961 -1.5618 3.8523 3.3835 0.78664 0.0032692 0.068436 0.64625 -2.0715 0.36843 0.83846 -3.3219 -0.91622 -0.78664 -0.0032692 -0.068436 -0.98927 -2.079 0.18542 -0.82612 -3.2452 -1.18
2 16 252 -0.71163 4.4234 1.8213 -0.50181 3.2223 1.4854 0.39307 3.2323 1.8933 0.35306 2.8413 3.479 -0.32861 4.2241 3.4487 -1.4009 3.2403 1.087 -2.3953 2.6674 2.2496 -2.127 4.1564 2.547 0.75068 0.0054674 0.24485 0.73417 -2.0939 0.16263 1.185 -3.4756 -0.90438 -0.75068 -0.0054674 -0.24485 -0.88429 -2.0999 -0.34311 -0.56975 -3.369 -1.5846
2 16 264 -0.31741 4.4234 1.9295 -0.18202 3.2223 1.5572 0.77813 3.2323 1.7702 1.0687 2.8413 3.3296 0.39559 4.2241 3.4416 -1.1443 3.2403 1.3545 -1.8753 2.6674 2.6984 -1.551 4.1564 2.9336 0.78518 0.0054674 0.083421 0.75193 -2.0939 0.0064335 0.97103 -3.4756 -1.131 -0.78518 -0.0054674 -0.083421 -0.93631 -2.0999 -0.15176 -0.88677 -3.369 -1.4316
2 17 252 -0.63357 4.5058 1.647 -0.45962 3.2936 1.3252 0.44182 3.301 1.7185 0.37491 2.9214 3.306 -0.28612 4.3138 3.262 -1.3644 3.3147 0.94003 -2.4051 2.7787 2.0795 -2.1018 4.268 2.3397 0.74751 0.0069966 0.25431 0.74162 -2.0906 0.13408 1.2267 -3.4583 -0.936 -0.74751 -0.0069966 -0.25431 -0.81957 -2.1029 -0.38139 -0.51978 -3.2855 -1.709
2 17 264 -0.27731 4.5058 1.7427 -0.17405 3.2936 1.3918 0.78947 3.301 1.5891 1.0541 2.9214 3.1558 0.39833 4.3138 3.2502 -1.1391 3.3147 1.2032 -1.9202 2.7787 2.5341 -1.5694 4.268 2.7256 0.78405 0.0069966 0.09334 0.75329 -2.0906 -0.023044 1.0053 -3.4583 -1.1706 -0.78405 -0.0069966 -0.09334 -0.88095 -2.1029 -0.20266 -0.86374 -3.2855 -1.5636
2 18 264 -0.29378 4.4801 1.8042 -0.21306 3.2693 1.4431 0.75261 3.2653 1.6297 1.0212 2.8407 3.1841 0.37015 4.2333 3.305 -1.1799 3.3016 1.2657 -1.9854 2.7195 2.5623 -1.6359 4.2029 2.7968 0.78179 0.0096245 0.11053 0.71454 -2.0891 0.1818 0.95576 -3.3302 -1.1036 -0.78179 -0.009625 -0.11053 -0.89729 -2.1047 -0.0027094 -0.80544 -3.1304 -1.4827
2 19 264 -0.32306 4.4397 1.9098 -0.25365 3.2428 1.5062 0.71341 3.2254 1.6847 0.98331 2.6829 3.2017 0.34452 4.0671 3.4331 -1.2218 3.2878 1.3388 -2.0453 2.6313 2.5876 -1.7077 4.0932 2.9432 0.77995 0.014739 0.12233 0.66255 -2.0512 0.48626 0.88885 -3.1635 -0.91461 -0.77995 -0.014738 -0.12233 -0.94343 -2.0724 0.26949 -0.76793 -3.008 -1.2618
2 20 264 -0.33041 4.3896 2.0347 -0.25781 3.2131 1.5763 0.7086 3.1853 1.7569 0.97096 2.4844 3.209 0.34179 3.8321 3.6159 -1.2253 3.268 1.4081 -2.0557 2.5161 2.5972 -1.7301 3.9344 3.1073 0.77856 0.009263 0.13135 0.638 -1.9875 0.76962 0.82996 -3.0456 -0.67762 -0.77856 -0.0092626 -0.13135 -0.97931 -2.0031 0.49991 -0.71614 -2.9648 -1.0023
2 21 264 -0.35061 4.2995 2.2186 -0.27539 3.1481 1.7015 0.68929 3.1048 1.8883 0.94828 2.2395 3.2495 0.31305 3.5055 3.8588 -1.2411 3.2178 1.5287 -2.0626 2.343 2.6371 -1.7482 3.6947 3.3093 0.77716 0.0051913 0.1396 0.62682 -1.8959 1.0214 0.77691 -3.0148 -0.38443 -0.77716 -0.0051918 -0.1396 -1.0227 -1.9139 0.70349 -0.67636 -2.9735 -0.71359
2 22 264 -0.39789 4.1982 2.3989 -0.31521 3.0773 1.8209 0.64579 3.0238 2.0234 0.91257 1.991 3.2606 0.27182 3.1163 4.0978 -1.2776 3.1561 1.634 -2.1063 2.1691 2.638 -1.803 3.4235 3.4817 0.77548 0.0071793 0.14858 0.61043 -1.799 1.2091 0.73674 -3.0906 -0.042659 -0.77548 -0.0071793 -0.14858 -1.0608 -1.8305 0.8556 -0.66137 -3.0322 -0.4279
2 23 264 -0.43891 4.1039 2.5507 -0.34409 3.019 1.9112 0.6159 2.955 2.1154 0.91834 1.7773 3.2064 0.26721 2.6923 4.263 -1.3057 3.1072 1.7243 -2.1341 1.9971 2.5904 -1.8623 3.1161 3.6158 0.77452 0.0087333 0.15341 0.60174 -1.7366 1.3102 0.71381 -3.2567 0.34709 -0.77452 -0.0087333 -0.15341 -1.0883 -1.7631 0.95923 -0.69863 -3.1727 -0.095315
2 24 264 -0.45522 4.033 2.6523 -0.34675 2.9834 1.9618 0.61441 2.9117 2.1578 0.9394 1.6069 3.0855 0.28974 2.2487 4.3279 -1.3096 3.078 1.7847 -2.1209 1.8462 2.487 -1.9015 2.7799 3.6944 0.77508 0.0055532 0.15071 0.6086 -1.7317 1.3206 0.70146 -3.4377 0.74462 -0.77508 -0.0055532 -0.15071 -1.1122 -1.7205 1.0154 -0.79293 -3.3434 0.29787
2 25 264 -0.48257 3.978 2.7181 -0.35557 2.9526 1.9997 0.60532 2.8781 2.1959 0.941 1.4593 2.9327 0.31371 1.784 4.3034 -1.3184 3.0491 1.8234 -2.1071 1.7193 2.3507 -1.9585 2.4178 3.7174 0.77558 0.0047641 0.14815 0.62913 -1.7369 1.3142 0.70511 -3.5258 1.1027 -0.77558 -0.0047641 -0.14816 -1.143 -1.6913 1.0497 -0.91064 -3.4333 0.64668
2 26 264 -0.54103 3.9583 2.7315 -0.38979 2.9347 2.0169 0.56764 2.8652 2.2311 0.9079 1.3611 2.7701 0.32326 1.3517 4.1969 -1.3497 3.0261 1.8229 -2.1127 1.6301 2.1939 -2.0629 2.0591 3.6741 0.77563 0.013205 0.14738 0.65607 -1.6912 1.37 0.72276 -3.4908 1.2799 -0.77563 -0.013205 -0.14738 -1.1599 -1.6333 1.134 -1.0225 -3.406 0.83464
2 27 264 -0.5743 3.9942 2.6706 -0.40104 2.9566 1.9838 0.5546 2.8981 2.209 0.88428 1.345 2.5934 0.37123 1.0271 4.0123 -1.3595 3.0374 1.7783 -2.0886 1.6004 2.0473 -2.1485 1.7379 3.582 0.7773 0.021982 0.13719 0.67274 -1.5226 1.5576 0.71333 -3.2933 1.2201 -0.7773 -0.021982 -0.13719 -1.2189 -1.5044 1.2847 -1.056 -3.2435 0.83765
2 28 264 -0.59999 3.9353 2.7559 -0.41066 2.9024 2.0668 0.54752 2.8594 2.2845 0.85311 1.2795 2.5663 0.44053 0.69544 3.9324 -1.3719 2.9675 1.8688 -2.051 1.4921 2.044 -2.2386 1.322 3.565 0.7802 0.030093 0.11779 0.63512 -1.2398 1.7853 0.66444 -2.8962 1.0735 -0.7802 -0.030093 -0.11779 -1.2685 -1.277 1.5012 -0.98625 -2.8766 0.71862
2 29 264 -0.67336 3.7762 2.9522 -0.45664 2.7957 2.1957 0.5028 2.7662 2.4101 0.80326 1.1656 2.5395 0.55216 0.31886 3.8034 -1.4197 2.8461 2.0023 -2.0213 1.3273 2.0018 -2.382 0.77131 3.3941 0.77978 0.036828 0.11866 0.53426 -1.0302 1.9118 0.64621 -2.5752 0.989 -0.77978 -0.036829 -0.11866 -1.2229 -1.0918 1.6434 -0.9833 -2.5612 0.62642
2 30 264 -0.73336 3.5952 3.1477 -0.50594 2.6821 2.3121 0.45547 2.6515 2.5174 0.77456 1.0498 2.478 0.71678 -0.059917 3.547 -1.4711 2.732 2.1293 -1.9983 1.1951 1.9601 -2.4853 0.19254 3.0256 0.77757 0.03927 0.1317 0.45639 -0.95223 1.956 0.6465 -2.4293 0.93962 -0.77757 -0.03927 -0.13169 -1.1781 -1.0073 1.6895 -0.97641 -2.4 0.56233
2 67 264 -0.50527 3.0711 3.7004 -0.30953 2.2381 2.7794 0.65646 2.1827 2.956 0.91845 0.57341 3.0567 0.89421 0.045649 4.5053 -1.2785 2.3102 2.6273 -1.6408 0.72285 2.7603 -1.8055 0.16178 4.187 0.78446 -0.014904 0.088842 0.52965 -1.5057 1.5472 0.77957 -2.5751 0.11719 -0.78446 0.014904 -0.088842 -1.2005 -1.5822 1.2114 -0.84923 -2.5453 -0.27182
2 68 264 -0.46327 3.3117 3.4919 -0.27206 2.4021 2.6478 0.69217 2.3522 2.8352 0.9006 0.93147 3.6143 0.69888 1.2819 5.1023 -1.2393 2.4707 2.4834 -1.67 1.0779 3.2206 -1.6374 1.3407 4.7396 0.78494 -0.016322 0.084288 0.52434 -1.5958 1.4451 0.79329 -2.639 -0.00068608 -0.78494 0.016322 -0.084288 -1.1829 -1.6689 1.1056 -0.84684 -2.6089 -0.39579
2 69 264 -0.43666 3.5201 3.2829 -0.24946 2.5379 2.5253 0.71235 2.5046 2.7281 0.91662 1.4813 3.9851 0.64953 2.5445 5.0695 -1.2146 2.5916 2.3439 -1.7154 1.5642 3.5111 -1.5573 2.5608 4.6771 0.78519 -0.016275 0.081929 0.53407 -1.744 1.2508 0.81159 -2.7939 -0.18849 -0.78519 0.016275 -0.081928 -1.1452 -1.7922 0.92502 -0.86446 -2.7576 -0.57166
2 70 264 -0.38471 3.7829 2.9906 -0.22809 2.731 2.3205 0.73565 2.7022 2.5148 0.94295 2.0517 3.9989 0.6749 3.4643 4.5562 -1.1946 2.7824 2.1455 -1.7377 2.0889 3.5212 -1.5473 3.4785 4.1619 0.78475 -0.017178 0.085869 0.59486 -1.9322 0.92912 0.84294 -3.0351 -0.47551 -0.78475 0.017178 -0.085869 -1.1098 -1.9312 0.63001 -0.87407 -2.9673 -0.82664
2 71 264 -0.28813 4.1141 2.5464 -0.19361 2.9873 1.9842 0.77653 2.96 2.1437 1.013 2.5288 3.7016 0.74274 4.0353 3.8887 -1.1651 3.04 1.8402 -1.7305 2.5333 3.2867 -1.5549 4.0413 3.5562 0.78329 -0.020804 0.097582 0.69541 -2.0737 0.53617 0.93006 -3.2922 -0.7719 -0.78329 0.020804 -0.097582 -1.0642 -2.0299 0.26266 -0.897 -3.1838 -1.1127
2 72 252 -0.67044 4.3456 2.0601 -0.51053 3.1886 1.5705 0.40882 3.1681 1.9194 0.3586 2.8766 3.526 0.025737 4.3803 3.4511 -1.4334 3.2361 1.2336 -2.3443 2.837 2.5296 -2.1833 4.3628 2.6832 0.73891 -0.022413 0.2775 0.67265 -2.1184 0.40704 1.2037 -3.4546 -0.68085 -0.73891 0.022413 -0.2775 -0.97118 -2.0637 -0.1848 -0.6527 -3.2954 -1.4624
2 72 264 -0.22748 4.3456 2.1544 -0.17285 3.1886 1.6423 0.79896 3.1681 1.7925 1.0839 2.8766 3.3744 0.7427 4.3803 3.3703 -1.1456 3.2361 1.5047 -1.7672 2.837 2.9617 -1.5777 4.3628 3.0785 0.78046 -0.022413 0.11781 0.74258 -2.1184 0.2583 1.0359 -3.4546 -0.91624 -0.78046 0.022413 -0.11781 -0.98838 -2.0637 0.02116 -0.94248 -3.2954 -1.2947
2 73 252 -0.64354 4.4262 1.8933 -0.49839 3.2629 1.4139 0.41893 3.2389 1.7679 0.4355 3.0642 3.3921 0.037625 4.5394 3.1842 -1.4187 3.3143 1.0709 -2.3873 2.9833 2.3441 -2.1822 4.5074 2.4573 0.73135 -0.018288 0.29714 0.62794 -2.1128 0.42678 1.2039 -3.4407 -0.64831 -0.73135 0.018289 -0.29714 -0.95693 -2.0633 -0.12285 -0.63191 -3.2355 -1.4538
2 74 252 -0.7154 4.3953 1.9339 -0.57519 3.2302 1.4571 0.34257 3.2053 1.8098 0.42081 3.0796 3.4367 -0.012967 4.5353 3.1715 -1.496 3.2826 1.1155 -2.514 2.961 2.3521 -2.3084 4.4828 2.4919 0.72607 -0.0081673 0.31024 0.53561 -2.0748 0.63731 1.1052 -3.3361 -0.51845 -0.72607 0.0081673 -0.31024 -1.0473 -2.0304 0.083928 -0.57524 -3.1189 -1.2737
2 74 264 -0.29768 4.3953 2.0404 -0.25968 3.2302 1.5448 0.71137 3.2053 1.6991 1.1261 3.0796 3.2741 0.64671 4.5353 3.1049 -1.2314 3.2826 1.4022 -1.97 2.961 2.8234 -1.7398 4.4828 2.9174 0.77471 -0.0081673 0.1525 0.65641 -2.0748 0.51202 0.97321 -3.3361 -0.7369 -0.77471 0.0081673 -0.1525 -1.007 -2.0304 0.29984 -0.8275 -3.1189 -1.1263
2 75 264 -0.3512 4.3506 2.1263 -0.30438 3.1986 1.602 0.66566 3.1739 1.7625 1.1166 3.0114 3.3242 0.63098 4.4665 3.1684 -1.2754 3.2502 1.4542 -2.0457 2.8681 2.8432 -1.8251 4.3854 3.0072 0.77305 -0.00060272 0.16092 0.62547 -2.0103 0.75575 0.90196 -3.2908 -0.4831 -0.77305 0.00060272 -0.16092 -1.072 -1.9626 0.52519 -0.76575 -3.0706 -0.86387
2 76 264 -0.36713 4.3152 2.1993 -0.30532 3.1825 1.6359 0.66423 3.1595 1.7996 1.1281 2.9021 3.3447 0.66711 4.3717 3.2705 -1.2761 3.2319 1.4858 -2.0533 2.7533 2.8406 -1.8416 4.2566 3.1106 0.77393 -0.0015378 0.15661 0.60828 -1.935 0.96203 0.85918 -3.3172 -0.16819 -0.77393 0.0015378 -0.15661 -1.1089 -1.8796 0.71723 -0.72179 -3.0801 -0.57111
2 77 264 -0.38516 4.2741 2.2753 -0.31197 3.1603 1.677 0.65658 3.1354 1.8463 1.1217 2.759 3.3664 0.68853 4.2383 3.4082 -1.282 3.2111 1.5224 -2.0707 2.6363 2.8324 -1.8576 4.1123 3.2244 0.77489 -0.00038481 0.15179 0.59494 -1.8557 1.1211 0.83957 -3.3678 0.17 -0.77489 0.00038481 -0.15179 -1.1267 -1.7957 0.87998 -0.70424 -3.1252 -0.26233
2 78 264 -0.41353 4.2376 2.3365 -0.33447 3.1387 1.7123 0.63188 3.1051 1.8923 1.0961 2.5926 3.3724 0.68879 4.0692 3.5497 -1.3023 3.1978 1.5477 -2.1072 2.5278 2.8015 -1.8854 3.9664 3.3103 0.77417 0.003696 0.15537 0.59487 -1.7915 1.2321 0.82769 -3.4281 0.51215 -0.77417 -0.003696 -0.15537 -1.1354 -1.7105 1.0154 -0.73959 -3.1956 0.0728
2 79 264 -0.42583 4.2317 2.3433 -0.34466 3.1412 1.7047 0.62051 3.1012 1.8897 1.0843 2.4493 3.314 0.69319 3.9054 3.6374 -1.3113 3.2064 1.5355 -2.1293 2.4392 2.7233 -1.8926 3.8344 3.3356 0.77401 0.0076337 0.15605 0.61403 -1.7413 1.3093 0.82643 -3.4749 0.86182 -0.77401 -0.0076337 -0.15605 -1.107 -1.6545 1.1054 -0.82017 -3.2996 0.42558
2 80 264 -0.44456 4.2452 2.3114 -0.35254 3.1612 1.6634 0.6106 3.1199 1.8584 1.0748 2.3292 3.2105 0.69367 3.7489 3.6761 -1.3174 3.2277 1.4843 -2.1468 2.372 2.6017 -1.9001 3.7247 3.2995 0.77424 0.013544 0.15449 0.6429 -1.6917 1.3749 0.82605 -3.4758 1.1902 -0.77424 -0.013544 -0.15449 -1.0606 -1.6304 1.1563 -0.90715 -3.3788 0.74346
2 81 264 -0.45486 4.2675 2.2657 -0.34681 3.1815 1.6242 0.61442 3.1438 1.8291 1.0866 2.2301 3.0984 0.70823 3.6044 3.6865 -1.31 3.2442 1.4353 -2.156 2.3082 2.473 -1.9072 3.622 3.2409 0.77676 0.019204 0.14062 0.687 -1.6277 1.4421 0.82985 -3.4249 1.4179 -0.77676 -0.019204 -0.14062 -1.0544 -1.5915 1.2251 -0.97739 -3.3759 0.97854
2 82 264 -0.46563 4.2999 2.2028 -0.35255 3.2044 1.5776 0.61013 3.1914 1.7788 1.0983 2.1917 2.975 0.70719 3.5254 3.6428 -1.3176 3.2428 1.3919 -2.187 2.2604 2.3655 -1.9427 3.5498 3.1751 0.77981 0.027568 0.12098 0.71419 -1.5035 1.5583 0.82677 -3.3002 1.4591 -0.77981 -0.027568 -0.12098 -1.0844 -1.4925 1.354 -1.0171 -3.2764 1.1008
2 83 264 -0.46605 4.3196 2.1651 -0.34451 3.2152 1.5572 0.61842 3.2245 1.7573 1.1179 2.1831 2.9126 0.70602 3.4926 3.615 -1.3103 3.2317 1.3719 -2.1868 2.2242 2.3129 -1.9625 3.4943 3.1579 0.7814 0.025611 0.11069 0.7211 -1.1891 1.8239 0.79649 -2.9557 1.4713 -0.7814 -0.025611 -0.1107 -1.1388 -1.2252 1.5768 -0.98272 -2.9467 1.0638
2 84 264 -0.4966 4.2709 2.2523 -0.36268 3.171 1.6396 0.6052 3.1877 1.8136 1.0775 2.0705 2.908 0.66644 3.3375 3.6849 -1.3333 3.1798 1.4807 -2.1716 2.0919 2.3652 -2.0232 3.3086 3.3008 0.78239 0.028852 0.10262 0.69806 -0.81491 2.0249 0.77131 -2.5089 1.4117 -0.78239 -0.028852 -0.10262 -1.1807 -0.8767 1.778 -0.99811 -2.4815 0.97668
2 85 264 -0.51213 4.2498 2.2753 -0.35385 3.1736 1.6273 0.61573 3.199 1.7905 1.0362 1.9313 2.7313 0.65983 3.0766 3.6927 -1.3263 3.1734 1.4799 -2.0823 1.9358 2.2321 -2.0531 2.9999 3.3476 0.78323 0.028579 0.096049 0.66756 -0.61269 2.0935 0.75135 -2.2293 1.2995 -0.78323 -0.028579 -0.096049 -1.2018 -0.73098 1.8393 -0.98564 -2.2193 0.8448
2 86 264 -0.51579 4.2083 2.3403 -0.34274 3.1466 1.6735 0.62375 3.1782 1.8532 0.9969 1.8015 2.6495 0.60248 2.753 3.797 -1.3127 3.1394 1.5107 -2.0094 1.8101 2.1558 -2.0327 2.6817 3.4276 0.78264 0.019693 0.10285 0.63088 -0.50287 2.1322 0.73196 -2.0511 1.2137 -0.78264 -0.019693 -0.10285 -1.2087 -0.63978 1.8589 -0.97184 -2.0387 0.74632
2 87 264 -0.5372 4.149 2.4337 -0.34673 3.0951 1.7638 0.62013 3.121 1.9423 0.97783 1.691 2.6464 0.54355 2.4491 3.917 -1.317 3.0929 1.603 -1.9946 1.7175 2.1671 -2.0085 2.4458 3.5262 0.78234 0.016824 0.10565 0.59699 -0.44187 2.1476 0.71367 -1.9417 1.1538 -0.78234 -0.016824 -0.10565 -1.213 -0.59795 1.867 -0.96126 -1.9289 0.67693
2 88 264 -0.53409 4.086 2.5284 -0.33822 3.0491 1.8375 0.62823 3.0651 2.0194 0.99035 1.6119 2.6718 0.52342 2.2274 4.0063 -1.3081 3.0559 1.6744 -1.9912 1.6647 2.1908 -1.9883 2.314 3.5894 0.7824 0.012181 0.10579 0.54752 -0.44149 2.1438 0.6963 -1.9144 1.1145 -0.7824 -0.012181 -0.10579 -1.1831 -0.61654 1.8661 -0.95105 -1.909 0.63061
2 89 264 -0.53111 4.0179 2.6305 -0.32834 2.9989 1.9184 0.63664 2.9991 2.1086 0.98929 1.5341 2.7395 0.51323 2.0462 4.1138 -1.2967 3.0209 1.7477 -1.9794 1.6241 2.2494 -1.9742 2.226 3.6691 0.78256 0.0086915 0.10498 0.49662 -0.47694 2.129 0.68045 -1.9374 1.0878 -0.78256 -0.0086915 -0.10498 -1.1308 -0.65871 1.8624 -0.93785 -1.9338 0.60236
2 90 264 -0.53184 3.9506 2.7325 -0.32759 2.9477 1.9982 0.63799 2.9406 2.1852 0.98182 1.4681 2.8034 0.49624 1.8836 4.2067 -1.2964 2.9767 1.8311 -1.9806 1.5746 2.3156 -1.9752 2.1416 3.7495 0.78283 0.0079288 0.10303 0.46551 -0.54579 2.1048 0.67859 -2.0151 1.0817 -0.78283 -0.0079288 -0.10303 -1.0918 -0.73402 1.8442 -0.93499 -2.0146 0.58466
2 91 264 -0.51681 3.8928 2.82 -0.31616 2.9024 2.0678 0.65049 2.8924 2.2491 0.98706 1.4075 2.8413 0.49516 1.7049 4.2722 -1.2859 2.9339 1.907 -1.9634 1.5203 2.3668 -1.9645 2.0346 3.8205 0.78354 0.005635 0.097628 0.47067 -0.65908 2.066 0.67849 -2.1347 1.051 -0.78354 -0.005635 -0.097628 -1.0628 -0.82893 1.8151 -0.93233 -2.1259 0.5694
2 92 264 -0.50848 3.8467 2.8895 -0.31436 2.8643 2.1248 0.65363 2.8519 2.2985 0.97542 1.3457 2.843 0.4981 1.4721 4.3038 -1.2853 2.8981 1.9716 -1.944 1.4628 2.3897 -1.9691 1.8752 3.8753 0.78378 0.0064747 0.09561 0.48567 -0.78074 2.0206 0.68256 -2.271 1.0249 -0.78378 -0.0064747 -0.09561 -1.0476 -0.93439 1.7708 -0.9354 -2.2585 0.55225
2 93 264 -0.48853 3.82 2.9329 -0.30634 2.8401 2.1621 0.66359 2.825 2.3245 0.97568 1.2941 2.8018 0.53669 1.1917 4.2764 -1.2789 2.8766 2.0204 -1.9151 1.4126 2.3678 -1.9678 1.6477 3.8908 0.78438 0.0078428 0.09044 0.4999 -0.90659 1.9605 0.68981 -2.421 1.0006 -0.78438 -0.007843 -0.09044 -1.0305 -1.0495 1.7175 -0.93806 -2.4045 0.53161
2 94 264 -0.46588 3.813 2.9492 -0.29272 2.8309 2.1794 0.67845 2.8124 2.3338 0.98519 1.2542 2.7169 0.61329 0.87874 4.1655 -1.2663 2.8707 2.0456 -1.8805 1.3791 2.3033 -1.9518 1.3555 3.8435 0.78495 0.0089302 0.08525 0.51317 -1.0352 1.8881 0.70107 -2.5747 0.96848 -0.78495 -0.0089302 -0.08525 -1.007 -1.1694 1.6521 -0.93806 -2.5573 0.50323
2 95 264 -0.44126 3.8325 2.931 -0.27813 2.8355 2.178 0.69376 2.8149 2.3275 1.0019 1.2355 2.609 0.71546 0.55297 3.9617 -1.2522 2.8779 2.0487 -1.8415 1.3625 2.2067 -1.9278 1.0185 3.7073 0.78545 0.010777 0.080268 0.52721 -1.1516 1.8113 0.71247 -2.7133 0.92944 -0.78545 -0.010777 -0.080269 -0.98022 -1.2809 1.582 -0.93204 -2.6946 0.46405
2 96 264 -0.40995 3.8718 2.8863 -0.25947 2.8606 2.1497 0.71347 2.8403 2.2922 1.0274 1.2454 2.4548 0.85779 0.27222 3.6388 -1.2344 2.9029 2.027 -1.7987 1.3709 2.084 -1.9017 0.67448 3.4559 0.786 0.010949 0.07473 0.54269 -1.2563 1.7328 0.72865 -2.8358 0.88334 -0.786 -0.010949 -0.07473 -0.95756 -1.3769 1.5124 -0.9265 -2.8109 0.41992
2 97 264 -0.38038 3.9266 2.8178 -0.24199 2.8966 2.105 0.732 2.8733 2.2397 1.0637 1.2739 2.2691 1.0376 0.06559 3.2267 -1.2177 2.9425 1.9897 -1.753 1.3999 1.941 -1.8849 0.37206 3.0828 0.7862 0.011292 0.072569 0.56129 -1.35 1.6571 0.74659 -2.9417 0.83076 -0.7862 -0.011292 -0.072569 -0.94077 -1.4595 1.4418 -0.91793 -2.9092 0.37005
2 98 264 -0.3464 3.9942 2.7268 -0.21839 2.9438 2.0429 0.75721 2.9189 2.1651 1.1214 1.3314 2.0383 1.2469 -0.032613 2.7463 -1.1953 2.9919 1.9394 -1.6927 1.4453 1.7682 -1.873 0.15779 2.5974 0.78677 0.011407 0.066058 0.57531 -1.4308 1.5792 0.76098 -3.0336 0.77446 -0.78677 -0.011407 -0.066058 -0.93213 -1.5383 1.3698 -0.91005 -2.9982 0.312
2 99 252 -0.86126 4.0694 2.4915 -0.60913 2.9963 1.8823 0.32339 2.9739 2.1942 0.78016 1.4199 1.9817 0.94398 -0.026196 2.4911 -1.5464 3.0423 1.5878 -1.9248 1.5066 1.1787 -2.2768 0.065957 1.6009 0.75663 0.013191 0.22548 0.26381 -1.5038 1.5931 0.61308 -3.112 0.85649 -0.75663 -0.013191 -0.22548 -1.1774 -1.6073 1.0768 -0.93572 -3.078 0.062097
2 100 252 -0.82311 4.143 2.3802 -0.57703 3.0502 1.8053 0.35855 3.0311 2.1081 0.89023 1.5322 1.7348 1.2173 0.060079 2.0566 -1.517 3.0935 1.5192 -1.8191 1.591 0.9535 -2.1675 0.09228 1.0539 0.75731 0.013217 0.22316 0.29429 -1.5747 1.5187 0.64392 -3.1874 0.79208 -0.75731 -0.013217 -0.22316 -1.1587 -1.6745 0.99886 -0.91218 -3.1553 0.00026632
2 101 252 -0.78251 4.2178 2.2609 -0.54712 3.1062 1.7177 0.39121 3.0898 2.012 0.98841 1.6604 1.4935 1.4489 0.19852 1.6624 -1.4895 3.1474 1.4392 -1.7188 1.6958 0.72574 -2.0473 0.1963 0.57989 0.75743 0.012243 0.22283 0.32132 -1.6434 1.4407 0.67205 -3.2623 0.72877 -0.75743 -0.012243 -0.22283 -1.1424 -1.7372 0.91316 -0.89197 -3.2338 -0.060743
2 102 252 -0.75798 4.2888 2.1325 -0.52756 3.1597 1.6235 0.41019 3.14 1.9195 1.0595 1.7848 1.2787 1.6326 0.35405 1.3255 -1.469 3.205 1.3425 -1.638 1.8128 0.5046 -1.9256 0.32554 0.21658 0.75659 0.014239 0.22552 0.35121 -1.7118 1.3527 0.7008 -3.3394 0.66024 -0.7566 -0.014239 -0.22552 -1.1277 -1.7978 0.82109 -0.874 -3.3114 -0.12525
2 104 240 -1.0619 4.4273 1.6717 -0.77194 3.2615 1.2883 0.085719 3.2481 1.7695 0.9492 2.0069 1.1509 1.6849 0.65314 1.2114 -1.6354 3.3015 0.81898 -1.5283 1.9978 -0.15963 -1.6597 0.51517 -0.56228 0.69059 0.015883 0.38253 0.17822 -1.831 1.2433 0.63423 -3.4807 0.6765 -0.69059 -0.015883 -0.38253 -1.1771 -1.9046 0.39879 -0.75688 -3.4545 -0.42096
3 1 240 -0.57956 4.7818 -0.11508 -0.22388 3.578 -0.036853 0.41287 3.6281 -0.78479 1.8031 2.7781 -0.66835 2.7777 3.1215 0.47615 -0.86515 3.5572 0.7086 -2.0614 2.4878 0.40196 -2.8149 1.2337 0.8889 0.38435 0.031661 -0.68904 0.18514 -2.0456 -0.44515 -0.20249 -3.8057 -0.39272 -0.38435 -0.031661 0.68904 1.0991 -1.2117 1.5951 -0.36226 -1.8607 0.76203
3 1 252 -0.59082 4.7818 0.0079312 -0.22665 3.578 0.010499 0.24068 3.6281 -0.85348 1.6247 2.7781 -1.0286 2.816 3.1215 -0.11178 -0.69891 3.5572 0.87299 -1.9328 2.4878 0.82177 -2.5686 1.2337 1.4547 0.23269 0.031661 -0.75389 0.088546 -2.0456 -0.47391 -0.27972 -3.8057 -0.34204 -0.23269 -0.031661 0.75389 1.4068 -1.2117 1.3317 -0.19591 -1.8607 0.82069
3 2 228 -0.5593 4.7782 -0.27323 -0.22954 3.5745 -0.12106 0.55246 3.6217 -0.71571 1.9268 2.8786 -0.23862 2.6098 3.3471 1.062 -1.0153 3.5566 0.47022 -2.1664 2.5608 -0.12304 -3.1027 1.3649 0.14325 0.5252 0.027162 -0.58901 0.1995 -2.0451 -0.47027 -0.25153 -3.7889 -0.55196 -0.5252 -0.027162 0.58901 0.92187 -0.98425 1.774 -0.26799 -1.9191 0.79368
3 2 240 -0.60388 4.7782 -0.15098 -0.24969 3.5745 -0.070689 0.39158 3.6217 -0.81493 1.8351 2.8786 -0.63402 2.7736 3.3471 0.4962 -0.89536 3.5566 0.67104 -2.1447 2.5608 0.33008 -3.0051 1.3649 0.78521 0.39126 0.027162 -0.68533 0.097368 -2.0451 -0.50147 -0.36079 -3.7889 -0.4876 -0.39126 -0.027162 0.68533 1.2706 -0.98425 1.5436 -0.097117 -1.9191 0.83205
3 2 252 -0.62208 4.7782 -0.022122 -0.25893 3.5745 -0.017229 0.21359 3.6217 -0.87854 1.6632 2.8786 -1.0017 2.8162 3.3471 -0.091306 -0.73628 3.5566 0.84253 -2.0292 2.5608 0.76877 -2.7762 1.3649 1.3928 0.24022 0.027162 -0.7517 -0.009022 -2.0451 -0.51076 -0.45429 -3.7889 -0.40194 -0.24022 -0.027162 0.7517 1.5637 -0.98425 1.2457 0.077998 -1.9191 0.83406
3 3 216 -0.48512 4.7815 -0.36558 -0.19818 3.5751 -0.15577 0.68919 3.6213 -0.57743 1.9021 2.8859 0.23306 2.3093 3.4421 1.6124 -1.0885 3.5583 0.26186 -2.0977 2.5687 -0.5573 -3.0786 1.3813 -0.48455 0.63637 0.029807 -0.46652 0.23506 -2.0322 -0.50118 -0.22959 -3.7606 -0.72017 -0.63637 -0.029807 0.46652 0.62094 -0.87286 1.9235 -0.21083 -2.0945 0.89066
3 3 228 -0.55053 4.7815 -0.25673 -0.22624 3.5751 -0.11116 0.55408 3.6213 -0.7081 1.909 2.8859 -0.16749 2.5941 3.4421 1.097 -1.0103 3.5583 0.48245 -2.1677 2.5687 -0.10899 -3.1121 1.3813 0.16612 0.52547 0.029807 -0.58863 0.12572 -2.0322 -0.5391 -0.37431 -3.7606 -0.6567 -0.52547 -0.029807 0.58863 1.0073 -0.87286 1.7523 -0.021046 -2.0945 0.91503
3 3 240 -0.59187 4.7815 -0.13666 -0.24441 3.5751 -0.061695 0.39475 3.6213 -0.80782 1.8324 2.8859 -0.56073 2.7654 3.4421 0.53369 -0.88788 3.5583 0.68196 -2.143 2.5687 0.34408 -3.0095 1.3813 0.80953 0.3916 0.029807 -0.68502 0.010888 -2.0322 -0.55346 -0.50266 -3.7606 -0.56453 -0.3916 -0.029807 0.68502 1.3496 -0.87286 1.5046 0.16966 -2.0945 0.89941
3 3 252 -0.60735 4.7815 -0.010616 -0.25189 3.5751 -0.0095316 0.21817 3.6213 -0.87224 1.6758 2.8859 -0.92945 2.816 3.4421 -0.05294 -0.7267 3.5583 0.85166 -2.0246 2.5687 0.78211 -2.7755 1.3813 1.4176 0.24062 0.029807 -0.75147 -0.10442 -2.0322 -0.54363 -0.60905 -3.7606 -0.44768 -0.24062 -0.029807 0.75147 1.6329 -0.87286 1.1911 0.35295 -2.0945 0.84448
3 4 192 -0.30702 4.7843 -0.50491 -0.13282 3.5756 -0.20171 0.84901 3.6215 -0.23736 1.5643 2.7983 0.97891 1.3964 3.3926 2.3918 -1.1157 3.559 -0.17089 -1.7069 2.5063 -1.2714 -2.6103 1.282 -1.5218 0.76993 0.037313 -0.17119 0.39998 -2.0091 -0.47055 0.048596 -3.7225 -0.90829 -0.76993 -0.037313 0.17119 -0.19877 -0.88666 2.006 -0.42329 -2.3489 0.97537
3 4 204 -0.40529 4.7843 -0.43004 -0.17185 3.5756 -0.16969 0.78111 3.6215 -0.40869 1.7336 2.7983 0.63229 1.8631 3.3926 2.0492 -1.1269 3.559 0.064816 -1.934 2.5063 -0.8887 -2.8697 1.282 -0.9458 0.71752 0.037313 -0.32753 0.2934 -2.0091 -0.54343 -0.14131 -3.7225 -0.89855 -0.71752 -0.037313 0.32753 0.22265 -0.88666 2.0035 -0.21125 -2.3489 1.0421
3 4 216 -0.48584 4.7843 -0.33638 -0.20337 3.5756 -0.13025 0.67907 3.6215 -0.56216 1.8272 2.7983 0.25803 2.2485 3.3926 1.6171 -1.0888 3.559 0.29769 -2.0765 2.5063 -0.46718 -3.0036 1.282 -0.32849 0.63374 0.037313 -0.46955 0.17401 -2.0091 -0.59256 -0.32504 -3.7225 -0.84953 -0.63374 -0.037313 0.46955 0.63434 -0.88666 1.9135 0.010027 -2.3489 1.0632
3 4 228 -0.54516 4.7843 -0.22801 -0.22601 3.5756 -0.085118 0.54735 3.6215 -0.69106 1.8409 2.7983 -0.12751 2.5355 3.3926 1.1142 -1.0031 3.559 0.51756 -2.1282 2.5063 -0.025249 -3.0063 1.282 0.30318 0.52227 0.037313 -0.59105 0.047005 -2.0091 -0.61579 -0.49456 -3.7225 -0.76339 -0.52227 -0.037313 0.59105 1.0183 -0.88666 1.7398 0.23086 -2.3489 1.0379
3 4 240 -0.58066 4.7843 -0.10969 -0.23877 3.5756 -0.036268 0.39171 3.6215 -0.78976 1.7742 2.7983 -0.50748 2.7118 3.3926 0.56273 -0.87357 3.559 0.71481 -2.087 2.5063 0.41779 -2.8776 1.282 0.92159 0.38797 0.037313 -0.68672 -0.082052 -2.0091 -0.6121 -0.64247 -3.7225 -0.64388 -0.38797 -0.037313 0.68672 1.3578 -0.88666 1.49 0.44161 -2.3489 0.96721
3 4 252 -0.59077 4.7843 0.013437 -0.24109 3.5756 0.014168 0.21895 3.6215 -0.85394 1.6299 2.7983 -0.86526 2.7695 3.3926 -0.013384 -0.70587 3.559 0.88081 -1.9545 2.5063 0.84257 -2.6231 1.282 1.4997 0.23671 0.037313 -0.75238 -0.20752 -2.0091 -0.58167 -0.7623 -3.7225 -0.49623 -0.23671 -0.037313 0.75238 1.6379 -0.88666 1.1752 0.63305 -2.3489 0.85426
3 5 204 -0.39618 4.7907 -0.37816 -0.16481 3.5776 -0.13013 0.78312 3.6237 -0.38831 1.6541 2.6592 0.6016 1.7926 3.202 2.0382 -1.115 3.5608 0.12348 -1.8999 2.3975 -0.71266 -2.7372 1.1049 -0.63625 0.71426 0.041369 -0.3341 0.25732 -1.9863 -0.64109 -0.199 -3.6841 -1.041 -0.71426 -0.041369 0.3341 0.19815 -1.0361 1.9442 -0.048547 -2.6676 1.2174
3 5 216 -0.46614 4.7907 -0.28753 -0.18826 3.5776 -0.093018 0.68528 3.6237 -0.54264 1.743 2.6592 0.24455 2.1772 3.202 1.621 -1.0649 3.5608 0.3526 -2.0066 2.3975 -0.30208 -2.8096 1.1049 -0.053254 0.62919 0.041369 -0.4753 0.11841 -1.9863 -0.68058 -0.4111 -3.6841 -0.9769 -0.62919 -0.041369 0.4753 0.59803 -1.0361 1.8605 0.20562 -2.6676 1.2009
3 5 228 -0.51574 4.7907 -0.18433 -0.20349 3.5776 -0.051843 0.55748 3.6237 -0.67326 1.7558 2.6592 -0.12318 2.4666 3.202 1.1329 -0.96833 3.5608 0.5663 -2.0255 2.3975 0.12171 -2.7593 1.1049 0.53207 0.51662 0.041369 -0.59573 -0.02568 -1.9863 -0.69032 -0.60522 -3.6841 -0.87008 -0.51662 -0.041369 0.59573 0.97178 -1.0361 1.6955 0.4508 -2.6676 1.1319
3 5 240 -0.54279 4.7907 -0.073073 -0.20982 3.5776 -0.0084016 0.40532 3.6237 -0.77445 1.6918 2.6592 -0.48554 2.6483 3.202 0.59529 -0.82943 3.5608 0.75525 -1.956 2.3975 0.54018 -2.5884 1.1049 1.0941 0.38147 0.041369 -0.69012 -0.16865 -1.9863 -0.6699 -0.77289 -3.6841 -0.72523 -0.38147 -0.041369 0.69012 1.3031 -1.0361 1.4564 0.67628 -2.6676 1.0134
3 50 324 -0.12342 4.8254 0.058284 -0.14264 3.5728 0.20733 0.60259 3.5686 0.84919 1.4973 2.2555 0.46955 1.7786 0.75606 0.69346 -0.88657 3.6067 -0.43514 -1.6685 2.1822 -0.26761 -2.5525 2.7296 0.87113 0.50413 -0.017625 0.60749 -0.72357 -1.1829 1.8522 0.40687 -1.1329 0.44842 -0.50413 0.017625 -0.60749 0.049815 -2.0023 -0.77224 0.5484 -3.7304 -0.89969
3 51 312 -0.10283 4.8275 0.0084008 -0.15711 3.5754 0.15469 0.44951 3.574 0.92888 1.4698 2.3129 0.73478 1.7734 0.82369 0.99474 -0.76233 3.6066 -0.61997 -1.7771 2.3293 -0.53303 -2.7683 3.0902 0.37044 0.36975 -0.020697 0.69739 -1.2774 -1.0089 1.5487 0.16575 -1.3128 0.51144 -0.36975 0.020697 -0.69739 0.25541 -1.984 -0.76542 0.81086 -3.6989 -0.80457
3 51 324 -0.09884 4.8275 0.029598 -0.12151 3.5754 0.18397 0.63281 3.574 0.81513 1.5904 2.3129 0.41314 1.9415 0.82369 0.60429 -0.87457 3.6066 -0.44793 -1.8491 2.3293 -0.15191 -2.6308 3.0902 0.9379 0.50667 -0.020697 0.60527 -0.92749 -1.0089 1.7804 0.26846 -1.3128 0.4658 -0.50667 0.020697 -0.60527 0.09069 -1.984 -0.80179 0.62586 -3.6989 -0.95557
3 52 312 -0.10035 4.8268 0.0078977 -0.15293 3.5754 0.15998 0.45972 3.5783 0.92941 1.525 2.3563 0.72829 1.8758 0.87472 0.9724 -0.76427 3.6023 -0.61002 -1.8881 2.4246 -0.47232 -2.8296 3.2753 0.40374 0.36668 -0.025131 0.69886 -1.3459 -0.96682 1.47 -0.015747 -1.7389 0.52895 -0.36668 0.025131 -0.69886 0.2974 -1.9661 -0.78929 0.88536 -3.6696 -0.84684
3 52 324 -0.09652 4.8268 0.02859 -0.11632 3.5754 0.18828 0.64291 3.5783 0.81352 1.6431 2.3563 0.39531 2.037 0.87472 0.56116 -0.8744 3.6023 -0.43779 -1.945 2.4246 -0.069447 -2.6838 3.2753 0.98322 0.50397 -0.025131 0.60736 -1.0109 -0.96682 1.7177 0.094571 -1.7389 0.52066 -0.50397 0.025131 -0.60736 0.1268 -1.9661 -0.83388 0.68995 -3.6696 -1.0124
3 53 312 -0.10072 4.8258 0.014517 -0.14608 3.575 0.17215 0.46475 3.5832 0.94298 1.555 2.384 0.73806 1.9262 0.90424 0.96211 -0.75576 3.5966 -0.59934 -1.917 2.4616 -0.42046 -2.8429 3.3503 0.43435 0.37244 -0.030184 0.69561 -1.3048 -1.085 1.3946 -0.22635 -2.2629 0.55772 -0.37244 0.030185 -0.69561 0.33185 -1.9457 -0.81428 0.95447 -3.6358 -0.89629
3 53 324 -0.0955 4.8258 0.035141 -0.1071 3.575 0.19876 0.65065 3.5832 0.82575 1.6744 2.384 0.39864 2.0841 0.90424 0.5406 -0.86385 3.5966 -0.42911 -1.9625 2.4616 -0.012704 -2.6904 3.3503 1.0159 0.50893 -0.030184 0.60298 -0.9863 -1.085 1.6354 -0.10545 -2.2629 0.5926 -0.50893 0.030185 -0.60298 0.15531 -1.9457 -0.86548 0.74727 -3.6358 -1.0751
3 67 72 -0.40555 4.7988 0.027574 -0.10157 3.5768 -0.0063057 0.43592 3.6469 -0.827 1.7601 2.6904 -0.80961 2.905 3.3862 -0.046144 -0.64304 3.5362 0.81377 -1.7727 2.3771 0.59186 -2.3532 1.0399 1.0944 0.25765 0.017046 -0.74621 -0.17087 -2.0211 -0.46947 -0.72697 -3.7298 -0.32094 -0.25765 -0.017046 0.74621 1.5114 -1.0407 1.2331 0.14226 -2.1096 0.74943
3 68 72 -0.34105 4.8086 0.017796 -0.060112 3.5818 -0.0084007 0.4768 3.6321 -0.83093 1.865 2.7725 -0.77834 2.9521 3.5762 -0.036753 -0.60024 3.5611 0.8133 -1.7538 2.422 0.61169 -2.356 1.106 1.1437 0.25719 0.0099196 -0.74649 -0.25805 -2.013 -0.50818 -0.86909 -3.7043 -0.37771 -0.25719 -0.0099192 0.74649 1.5126 -1.0533 1.1865 0.38737 -2.3933 0.75163
3 69 72 -0.30422 4.8132 0.043516 -0.033444 3.5837 0.017044 0.50065 3.631 -0.8075 1.9079 2.8048 -0.73113 2.9611 3.6678 -0.0074625 -0.57059 3.5661 0.84077 -1.7296 2.4272 0.67254 -2.2823 1.1039 1.2393 0.26469 0.015064 -0.74378 -0.35483 -1.9835 -0.55331 -1.0126 -3.6581 -0.43555 -0.26469 -0.015064 0.74378 1.4463 -1.1628 1.1555 0.60633 -2.7121 0.77466
4 16 252 -0.7397 4.5568 1.4906 -0.54302 3.3645 1.1144 0.38319 3.4039 1.4429 1.2563 2.1455 0.87467 0.95603 1.0413 1.9082 -1.4735 3.3527 0.79598 -1.7387 1.7419 0.73419 -1.8537 2.1578 2.2146 0.74555 0.035894 0.25762 0.598 -1.8771 1.1138 1.202 -2.5675 -0.43844 -0.74555 -0.035894 -0.25762 -0.67668 -1.9266 0.65598 0.090546 -3.2028 -0.36073
4 17 252 -0.76323 4.5489 1.4977 -0.59023 3.3575 1.1061 0.33994 3.3859 1.4244 1.2801 2.2284 0.75734 1.0587 1.11 1.7955 -1.5243 3.3568 0.79805 -1.8334 1.7527 0.79163 -1.8854 2.2795 2.2399 0.73303 0.039956 0.2908 0.41459 -1.7234 1.3878 1.1171 -2.7447 0.07845 -0.73303 -0.039955 -0.2908 -0.60485 -2.0126 0.42084 0.18968 -3.2337 -0.64154
4 24 276 -0.59536 4.6193 1.2512 -0.60807 3.4173 0.85278 0.36661 3.4056 0.98399 1.1495 2.1634 0.26791 1.4154 1.1673 1.4146 -1.5832 3.4573 0.73083 -1.9107 1.9246 0.26992 -1.7685 1.7164 1.7911 0.74611 0.11788 0.23006 0.50807 -1.6149 1.3941 1.0841 -3.3096 1.1771 -0.74611 -0.11788 -0.23006 -0.55219 -2.2043 -0.077142 -0.1944 -2.512 -1.8173
4 25 276 -0.70476 4.6034 1.2636 -0.68359 3.4086 0.84437 0.27803 3.3902 1.0501 1.1455 2.0951 0.56127 1.2174 1.1559 1.7821 -1.6464 3.455 0.64881 -1.8677 1.9806 -0.019023 -1.9862 1.5673 1.4618 0.73846 0.12762 0.24878 0.4213 -1.5895 1.4172 1.0606 -3.2179 0.98077 -0.73846 -0.12762 -0.24878 -0.64796 -2.1748 0.21493 -0.17142 -2.3417 -1.516
4 26 288 -0.58089 4.5918 1.3726 -0.59569 3.4013 0.94146 0.38165 3.3882 1.051 1.1864 2.0432 0.59052 1.2822 1.2386 1.9024 -1.5734 3.4421 0.84254 -1.8389 2.0479 0.033561 -1.9139 1.5138 1.4781 0.76548 0.13716 0.13685 0.63427 -1.6314 1.2634 1.1919 -3.1791 0.52533 -0.76548 -0.13716 -0.13685 -0.68825 -2.0767 0.66728 -0.36306 -2.2966 -1.0925
4 27 288 -0.75127 4.5783 1.3535 -0.69455 3.3855 0.93232 0.25663 3.374 1.1823 1.0959 2.0004 0.90398 0.90355 1.4021 2.3121 -1.6477 3.4249 0.6929 -1.8154 2.1044 -0.25415 -2.112 1.5293 1.1455 0.75217 0.13895 0.19603 0.6088 -1.7331 1.1389 1.1852 -3.2084 0.27729 -0.75217 -0.13895 -0.19603 -0.82032 -1.9126 0.92814 -0.23358 -2.3907 -0.70835
4 28 300 -0.64397 4.5743 1.4286 -0.60836 3.3761 1.0207 0.35867 3.3722 1.2001 1.1792 1.9896 0.91057 1.0179 1.5785 2.388 -1.5767 3.408 0.85167 -1.8404 2.1413 -0.14573 -2.0374 1.5424 1.2614 0.76948 0.14496 0.10194 0.80933 -1.8569 0.7387 1.218 -3.2956 -0.26828 -0.76948 -0.14496 -0.10194 -0.71341 -1.7696 1.2291 -0.20746 -2.6178 -0.27938
4 29 300 -0.82341 4.5882 1.2971 -0.72033 3.384 0.91929 0.21871 3.3915 1.2117 1.067 2.0051 1.0467 0.69936 1.7031 2.5134 -1.6621 3.4046 0.63656 -1.8026 2.1723 -0.4267 -2.1815 1.554 0.93413 0.75562 0.14872 0.1744 0.86625 -1.9331 0.43532 1.2908 -3.3549 -0.58892 -0.75562 -0.14872 -0.1744 -0.7952 -1.712 1.2288 -0.091035 -2.9192 0.089675
4 30 312 -0.69537 4.5947 1.3579 -0.61245 3.3877 0.98356 0.35348 3.4142 1.1669 1.166 2.0195 0.91516 0.97927 1.7515 2.4221 -1.5805 3.3893 0.80952 -1.8182 2.1792 -0.26189 -2.0678 1.5349 1.1166 0.77228 0.14965 0.06849 0.99307 -1.9362 -0.052671 1.1914 -3.3514 -1.1521 -0.77228 -0.14965 -0.06849 -0.58046 -1.7258 1.3075 0.062775 -3.2007 0.49397
4 31 312 -0.82203 4.609 1.2486 -0.67054 3.401 0.8991 0.26801 3.4608 1.1871 1.0807 2.0527 1.0275 0.79342 1.7707 2.5161 -1.6129 3.3696 0.61936 -1.747 2.1849 -0.49749 -2.1243 1.5188 0.84106 0.76799 0.14444 0.11327 1.0477 -1.8958 -0.30344 1.2922 -3.3058 -1.4002 -0.76799 -0.14444 -0.11327 -0.61185 -1.7791 1.1974 0.11697 -3.3962 0.87368
4 32 312 -0.91668 4.6238 1.1297 -0.73046 3.4105 0.81779 0.19616 3.5071 1.1331 1.0011 2.0878 1.0531 0.65025 1.7713 2.5209 -1.6621 3.3424 0.50991 -1.6752 2.1668 -0.6244 -2.1715 1.5036 0.67616 0.76198 0.13964 0.15293 1.1013 -1.8567 -0.40723 1.4293 -3.2034 -1.5604 -0.76198 -0.13964 -0.15293 -0.58517 -1.835 1.0754 0.1476 -3.4823 1.057
4 33 324 -0.78064 4.6343 1.1948 -0.62753 3.4193 0.87236 0.33861 3.5432 1.0087 1.1206 2.1215 0.81861 1.0227 1.7661 2.3159 -1.598 3.3239 0.74397 -1.7244 2.1175 -0.35025 -2.0291 1.4863 1.0232 0.7758 0.14592 0.0185 1.0618 -1.8535 -0.56006 1.1935 -3.025 -1.9244 -0.7758 -0.14593 -0.0185 -0.38864 -1.8898 1.0876 0.3957 -3.5061 0.93505
4 34 324 -0.88332 4.6321 1.1374 -0.69964 3.4186 0.82558 0.26147 3.5614 0.97795 1.0617 2.1472 0.80959 0.9262 1.7311 2.2882 -1.6657 3.3041 0.68095 -1.6932 2.0221 -0.33125 -2.0434 1.4667 1.0639 0.77317 0.1526 0.049182 1.147 -1.875 -0.35516 1.3286 -2.788 -1.8993 -0.77317 -0.1526 -0.049182 -0.43213 -1.9144 1.0436 0.40294 -3.4824 0.7356
4 35 324 -0.87522 4.6302 1.1578 -0.65856 3.4216 0.84771 0.29634 3.5757 1.026 1.1146 2.1742 0.83836 0.96721 1.653 2.2821 -1.619 3.2958 0.67724 -1.5919 1.9019 -0.17426 -1.9375 1.4796 1.268 0.77643 0.12164 0.076538 1.2312 -1.9267 -0.032676 1.4812 -2.5616 -1.7016 -0.77643 -0.12164 -0.076538 -0.42022 -1.8596 1.049 0.4237 -3.3591 0.51039
4 36 324 -0.92904 4.5985 1.2351 -0.67624 3.4007 0.9114 0.26891 3.5598 1.1321 1.1062 2.1846 0.85535 0.95268 1.5492 2.2519 -1.6276 3.2694 0.69911 -1.6139 1.7688 0.053591 -1.9144 1.5278 1.5467 0.77277 0.10719 0.12176 1.2264 -1.9246 0.40528 1.5607 -2.3723 -1.309 -0.77278 -0.1072 -0.12176 -0.49233 -1.8259 1.0537 0.39957 -3.2097 0.31858
4 37 324 -0.96475 4.5955 1.2291 -0.69845 3.4036 0.89475 0.23804 3.5577 1.1529 1.1066 2.2375 0.73886 0.90618 1.553 2.106 -1.6414 3.2773 0.64533 -1.6588 1.7117 0.17893 -1.9208 1.6524 1.6973 0.76341 0.098834 0.17587 1.0682 -1.8604 0.8708 1.5685 -2.3103 -0.802 -0.76341 -0.098834 -0.17587 -0.51045 -1.8524 0.95349 0.41267 -3.1389 0.091227
4 38 324 -0.96821 4.5964 1.2216 -0.71238 3.4001 0.89477 0.22314 3.5424 1.163 1.1241 2.2957 0.61265 0.85096 1.615 1.969 -1.6541 3.2857 0.63513 -1.7072 1.6944 0.26949 -1.9409 1.7751 1.7915 0.75434 0.091232 0.21482 0.76518 -1.725 1.2709 1.4858 -2.3929 -0.24091 -0.75434 -0.091232 -0.21482 -0.48983 -1.9177 0.78929 0.45123 -3.1339 -0.15205
4 46 0 -0.58295 4.7114 0.89529 -0.57908 3.4638 0.68264 0.4035 3.5074 0.68114 1.2861 2.3227 -0.016283 1.0628 2.2027 1.5047 -1.5625 3.4493 0.69027 -1.9007 1.9457 0.14837 -1.6896 1.4735 1.601 0.76652 0.13529 0.13285 0.75612 -1.7028 1.1505 1.2745 -3.3913 0.78863 -0.76652 -0.13529 -0.13285 -0.43633 -2.2007 0.065131 -0.11293 -2.6112 -1.6605
4 46 348 -0.75635 4.7114 0.75453 -0.70835 3.4638 0.54732 0.25307 3.5074 0.75015 1.2614 2.3227 0.25147 0.72673 2.2027 1.6928 -1.6719 3.4493 0.35033 -1.89 1.9457 -0.25005 -1.9855 1.4735 1.2147 0.72214 0.13529 0.28931 0.50039 -1.7028 1.2826 1.0827 -3.3913 1.0364 -0.72214 -0.13529 -0.28931 -0.44034 -2.2007 -0.027011 0.23477 -2.6112 -1.6477
4 47 0 -0.63661 4.6955 0.91695 -0.64665 3.4523 0.6846 0.334 3.4837 0.75308 1.3791 2.2842 0.38191 0.88258 2.2461 1.8412 -1.6283 3.45 0.623 -1.8707 2.005 -0.099522 -1.9359 1.3962 1.3157 0.76159 0.15112 0.14366 0.7091 -1.6612 1.2052 1.2516 -3.2744 0.61014 -0.76159 -0.15112 -0.14366 -0.53776 -2.1757 0.37128 -0.11121 -2.4518 -1.3587
4 48 0 -0.69136 4.6852 0.93043 -0.69592 3.4461 0.67943 0.27408 3.4734 0.8398 1.3685 2.2613 0.79705 0.62684 2.2409 2.1488 -1.6675 3.4477 0.52628 -1.8128 2.073 -0.3442 -2.1201 1.3623 0.98927 0.75573 0.15322 0.17 0.72571 -1.6938 1.1709 1.2682 -3.2328 0.40395 -0.75573 -0.15322 -0.17 -0.67045 -2.0845 0.65296 -0.070655 -2.4167 -1.0146
4 48 12 -0.4828 4.6852 1.0538 -0.53945 3.4461 0.80927 0.4427 3.4734 0.76446 1.5043 2.2613 0.49511 1.0599 2.2409 1.9715 -1.5216 3.4477 0.86147 -1.8447 2.073 0.040216 -1.8681 1.3623 1.4085 0.77456 0.15322 0.0091599 0.9533 -1.6938 0.99444 1.3245 -3.2328 0.13144 -0.77456 -0.15322 -0.0091597 -0.52004 -2.0845 0.77809 -0.28006 -2.4167 -0.97774
4 49 12 -0.60168 4.6708 1.0637 -0.61769 3.4324 0.81434 0.35921 3.4699 0.9221 1.4613 2.2659 0.85441 0.77561 2.2549 2.2355 -1.5961 3.4236 0.71404 -1.856 2.1052 -0.21494 -2.0666 1.376 1.1272 0.7717 0.1554 0.0619 0.95313 -1.777 0.86633 1.3304 -3.2623 -0.083624 -0.7717 -0.1554 -0.0619 -0.60676 -1.9491 1.0196 -0.16452 -2.5071 -0.63683
4 50 12 -0.76412 4.6521 1.0416 -0.72798 3.4132 0.79649 0.22095 3.4577 1.0513 1.3309 2.2592 1.0709 0.4802 2.2281 2.3565 -1.6797 3.3975 0.54888 -1.859 2.1158 -0.44801 -2.2212 1.4054 0.87176 0.76082 0.16052 0.13739 0.95653 -1.874 0.62378 1.378 -3.3515 -0.31978 -0.76082 -0.16052 -0.13739 -0.71139 -1.8302 1.137 -0.078206 -2.7312 -0.29064
4 50 24 -0.53086 4.6521 1.1777 -0.54647 3.4132 0.93044 0.4347 3.4577 0.98237 1.5245 2.2592 0.77074 0.95966 2.2281 2.2052 -1.5289 3.3975 0.88612 -1.9116 2.1158 -0.051705 -1.9914 1.4054 1.3145 0.77276 0.16052 -0.023792 1.0653 -1.874 0.41128 1.2814 -3.3515 -0.59929 -0.77276 -0.16052 0.023792 -0.45945 -1.8302 1.2601 -0.13692 -2.7312 -0.26803
4 51 24 -0.71285 4.6471 1.1156 -0.66647 3.4067 0.87802 0.29789 3.4704 1.0605 1.3805 2.263 0.86311 0.71873 2.1598 2.252 -1.6336 3.3719 0.70262 -1.9202 2.1204 -0.30759 -2.1472 1.4312 1.053 0.7704 0.16118 0.063261 1.042 -1.9208 0.13967 1.3116 -3.4064 -0.84579 -0.7704 -0.16118 -0.06326 -0.54145 -1.7853 1.2498 -0.013867 -3.0238 0.050384
4 52 24 -0.84896 4.6439 1.0498 -0.75191 3.4041 0.82337 0.18959 3.4895 1.0948 1.2508 2.265 0.88642 0.55068 2.0537 2.244 -1.6974 3.3475 0.55854 -1.8557 2.1247 -0.51312 -2.2153 1.4466 0.82428 0.76312 0.15908 0.12583 1.0794 -1.9108 -0.047523 1.3962 -3.3857 -1.0351 -0.76312 -0.15908 -0.12583 -0.57384 -1.8114 1.1581 0.061188 -3.2905 0.34575
4 53 36 -0.75096 4.64 1.151 -0.65568 3.4022 0.90918 0.31337 3.5058 1.0417 1.2843 2.2623 0.61775 0.8769 1.9368 2.0689 -1.6283 3.3273 0.78358 -1.887 2.1163 -0.28189 -2.0621 1.4504 1.0978 0.77212 0.16501 0.01019 1.0772 -1.8774 -0.37673 1.2593 -3.3233 -1.4384 -0.77212 -0.16501 -0.01019 -0.34153 -1.8713 1.1377 0.21033 -3.4714 0.51655
4 54 36 -0.87754 4.639 1.0732 -0.73925 3.4028 0.84242 0.21936 3.5259 1.0249 1.1654 2.2585 0.61561 0.77921 1.8346 2.047 -1.7023 3.3084 0.66648 -1.8615 2.0856 -0.40502 -2.0986 1.451 0.98015 0.76878 0.1708 0.057461 1.1161 -1.8646 -0.33106 1.3734 -3.1996 -1.5153 -0.76878 -0.1708 -0.057461 -0.36206 -1.919 1.0347 0.25576 -3.5373 0.53462
4 55 36 -0.98035 4.6351 1.0176 -0.80164 3.4029 0.79364 0.14641 3.547 1.0122 1.0662 2.2533 0.62603 0.70468 1.7516 2.0386 -1.7551 3.2873 0.58146 -1.8372 2.0352 -0.46452 -2.1051 1.458 0.94005 0.764 0.17043 0.10374 1.1589 -1.8765 -0.15796 1.4733 -3.0138 -1.5212 -0.764 -0.17043 -0.10374 -0.38252 -1.9534 0.94014 0.3149 -3.515 0.3692
4 56 48 -0.80818 4.6274 1.2174 -0.64016 3.4063 0.93394 0.32886 3.5682 0.9804 1.1253 2.2505 0.43424 1.0797 1.6902 1.8701 -1.6138 3.2726 0.89578 -1.8512 1.9762 -0.06947 -1.8159 1.4968 1.3956 0.77386 0.15592 -0.018182 1.1764 -1.903 -0.1327 1.2564 -2.8027 -1.6932 -0.77386 -0.15592 0.018182 -0.15942 -1.9402 0.94173 0.38283 -3.4322 0.0868
4 57 48 -0.83002 4.5912 1.3455 -0.61239 3.3923 1.0056 0.35311 3.5652 1.0784 1.1341 2.2385 0.53193 1.0707 1.6199 1.943 -1.5831 3.2472 0.94248 -1.7775 1.8857 0.060877 -1.7072 1.547 1.5636 0.77856 0.13166 0.0028323 1.2024 -1.9107 0.25443 1.3784 -2.5892 -1.4068 -0.77856 -0.13166 -0.0028325 -0.14574 -1.9018 0.93539 0.38104 -3.2905 -0.086911
4 58 48 -0.88106 4.545 1.4625 -0.63553 3.3609 1.0932 0.32799 3.533 1.1899 1.1137 2.2087 0.64422 1.002 1.5144 2.0165 -1.6045 3.216 1.0071 -1.7756 1.7681 0.2702 -1.655 1.5909 1.7972 0.77819 0.13329 0.012091 1.1368 -1.8246 0.6848 1.4297 -2.4521 -0.97991 -0.77819 -0.13329 -0.012091 -0.1832 -1.9374 0.88538 0.37363 -3.2012 -0.27379
4 59 48 -0.89272 4.5088 1.5579 -0.65714 3.326 1.1786 0.30495 3.4958 1.2921 1.0916 2.1823 0.72224 0.91919 1.4617 2.0745 -1.6249 3.1834 1.0759 -1.7874 1.6629 0.50115 -1.6174 1.6517 2.0337 0.77774 0.13081 0.038762 0.96653 -1.6825 1.083 1.4075 -2.4504 -0.4876 -0.77774 -0.13081 -0.038762 -0.20547 -2.0003 0.73059 0.40548 -3.1718 -0.49625
4 70 72 -0.6002 4.5773 1.4339 -0.58828 3.371 1.0536 0.37241 3.3495 1.2633 1.2034 1.9943 0.8868 0.69099 1.7555 2.3214 -1.5502 3.4203 0.85428 -1.8058 2.1722 -0.16822 -1.9273 1.6218 1.2671 0.76746 0.12406 0.13826 0.63067 -1.9175 0.61553 0.88867 -3.3057 -0.50569 -0.76746 -0.12406 -0.13826 -0.85162 -1.8629 1.0381 -0.35766 -2.5627 -0.54846
