2 34 48 3.091 2.4375 -2.7977 2.2525 1.8579 -2.053 1.57 1.827 -2.7605 0.46401 0.71782 -2.2965 0.10158 -0.77292 -2.4514 2.9542 1.9006 -1.3651 2.5255 0.91276 -0.13662 2.4133 -0.55689 0.31639 -0.54492 0.03717 -0.57024 0.65445 -1.2951 -1.6661 -0.064633 -2.8089 -1.001 0.54492 -0.03717 0.57024 1.7199 -1.3441 -0.58114 1.0006 -2.7841 0.23108
2 35 36 3.7358 2.1116 -2.2145 2.7314 1.6199 -1.6282 2.2073 1.5767 -2.4593 0.86877 0.69891 -2.1327 0.25132 -0.70699 -2.2737 3.2789 1.673 -0.81285 2.4603 0.91684 0.38164 1.9738 -0.40448 1.0102 -0.41425 0.029358 -0.67159 0.8807 -1.4501 -1.4123 0.10111 -3.0161 -0.97547 0.41425 -0.029358 0.67159 1.6895 -1.4875 -0.142 0.89948 -2.9905 0.46424
2 35 48 3.1938 2.1116 -2.9428 2.3332 1.6199 -2.1605 1.6477 1.5767 -2.8645 0.40638 0.69891 -2.2667 -0.22689 -0.70699 -2.2762 3.0383 1.673 -1.4768 2.4859 0.91684 -0.13823 2.1407 -0.40448 0.57773 -0.54483 0.029358 -0.57078 0.56782 -1.4501 -1.5645 -0.10391 -3.0161 -0.97518 0.54483 -0.029358 0.57078 1.6231 -1.4875 -0.49017 0.97635 -2.9905 0.26708
2 36 36 3.8363 1.7903 -2.3219 2.8085 1.3833 -1.7111 2.2755 1.3333 -2.5362 0.8346 0.68071 -2.1281 0.026788 -0.62561 -2.2646 3.3651 1.4412 -0.90226 2.4648 0.93945 0.36526 1.7945 -0.1934 1.1684 -0.41473 0.019832 -0.67164 0.77864 -1.585 -1.3156 0.058859 -3.2003 -0.96398 0.41473 -0.019832 0.67164 1.5725 -1.6097 -0.0673 0.87797 -3.1745 0.49847
2 36 48 3.2697 1.7903 -3.0688 2.3913 1.3833 -2.2576 1.6985 1.3333 -2.9539 0.37391 0.68071 -2.2551 -0.44463 -0.62561 -2.2207 3.1039 1.4412 -1.5822 2.4869 0.93945 -0.15519 1.9982 -0.1934 0.76975 -0.54531 0.019832 -0.57074 0.4881 -1.585 -1.4487 -0.14285 -3.2003 -0.95515 0.54531 -0.019832 0.57074 1.5242 -1.6097 -0.39278 0.96242 -3.1745 0.30504
2 37 36 3.9021 1.4859 -2.4203 2.8593 1.1619 -1.785 2.3149 1.1094 -2.6024 0.8128 0.63814 -2.1662 -0.043136 -0.62534 -2.3868 3.4276 1.2206 -0.98436 2.5025 0.95861 0.33634 1.7821 0.016148 1.3215 -0.41833 0.014751 -0.66954 0.67898 -1.6882 -1.2264 0.016608 -3.3432 -0.95614 0.41833 -0.014751 0.66954 1.4782 -1.6963 -0.011143 0.86342 -3.3059 0.5199
2 37 48 3.3137 1.4859 -3.1787 2.4257 1.1619 -2.3405 1.7233 1.1094 -3.0269 0.34466 0.63814 -2.2879 -0.53845 -0.62534 -2.3257 3.148 1.2206 -1.6755 2.5177 0.95861 -0.1913 2.0179 0.016148 0.92209 -0.54839 0.014751 -0.56793 0.40916 -1.6882 -1.3408 -0.18255 -3.3432 -0.9387 0.54839 -0.014751 0.56793 1.4436 -1.6963 -0.31824 0.95264 -3.3059 0.32903
2 38 36 3.9283 1.2253 -2.514 2.8814 0.97658 -1.8515 2.3223 0.91986 -2.6587 0.77915 0.55896 -2.2624 0.0060343 -0.71744 -2.6507 3.4642 1.0379 -1.0616 2.5742 0.97668 0.3069 1.9541 0.167 1.4634 -0.42589 0.015441 -0.66474 0.58235 -1.7575 -1.1691 -0.023214 -3.4418 -0.95157 0.42589 -0.015441 0.66474 1.4034 -1.7636 0.030001 0.83054 -3.3988 0.52885
2 38 48 3.3198 1.2253 -3.2758 2.4335 0.97658 -2.4101 1.7188 0.91986 -3.0835 0.29175 0.55896 -2.3749 -0.5452 -0.71744 -2.594 3.1678 1.0379 -1.7587 2.5817 0.97668 -0.235 2.2156 0.167 1.0252 -0.55479 0.015441 -0.56166 0.32655 -1.7575 -1.2646 -0.22055 -3.4418 -0.92595 0.55479 -0.015441 0.56166 1.3789 -1.7636 -0.26243 0.92235 -3.3988 0.34461
2 39 36 3.9308 1.0055 -2.5977 2.8847 0.82392 -1.9122 2.3124 0.75519 -2.7091 0.73923 0.41106 -2.4342 0.17865 -0.89415 -3.0341 3.4808 0.89566 -1.1331 2.7021 0.96494 0.30137 2.3005 0.18907 1.572 -0.43443 0.016042 -0.65917 0.50778 -1.7987 -1.1422 -0.052181 -3.502 -0.95214 0.43443 -0.016042 0.65917 1.374 -1.796 0.056494 0.80921 -3.4458 0.51488
2 39 48 3.3048 1.0055 -3.3582 2.4241 0.82392 -2.4701 1.6986 0.75519 -3.1306 0.21696 0.41106 -2.5347 -0.45608 -0.89415 -3.005 3.1691 0.89566 -1.832 2.7057 0.96494 -0.26702 2.5771 0.18907 1.0593 -0.56199 0.016042 -0.55444 0.25921 -1.7987 -1.2228 -0.249 -3.502 -0.92049 0.56199 -0.016042 0.55444 1.3558 -1.796 -0.23042 0.89858 -3.4458 0.33538
2 40 36 3.9206 0.83409 -2.6667 2.879 0.70158 -1.9634 2.2947 0.61905 -2.7502 0.72295 0.17996 -2.6754 0.47897 -1.1296 -3.452 3.4869 0.78602 -1.1948 2.8884 0.88908 0.32179 2.8029 0.062057 1.6204 -0.44141 0.011094 -0.65463 0.47114 -1.8226 -1.1227 -0.075216 -3.5327 -0.95553 0.44141 -0.011095 0.65463 1.3731 -1.8053 0.082665 0.80461 -3.4636 0.50437
2 40 48 3.2805 0.83409 -3.4236 2.4079 0.70158 -2.519 1.6727 0.61905 -3.1672 0.15091 0.17996 -2.7673 -0.24921 -1.1296 -3.4762 3.1623 0.78602 -1.8936 2.8922 0.88908 -0.28577 3.0785 0.062057 1.0022 -0.56787 0.011094 -0.54855 0.22741 -1.8226 -1.1962 -0.27224 -3.5327 -0.91901 0.56787 -0.011095 0.54855 1.3603 -1.8053 -0.20462 0.89189 -3.4636 0.32606
2 41 36 3.8957 0.71969 -2.7299 2.8583 0.61773 -2.0161 2.2614 0.53159 -2.793 0.76905 -0.11268 -2.956 0.8738 -1.3721 -3.8396 3.4786 0.705 -1.2577 3.1223 0.74171 0.33615 3.3925 -0.19434 1.5313 -0.45162 0.0074964 -0.64767 0.46177 -1.8267 -1.1123 -0.089819 -3.5371 -0.96724 0.45162 -0.0074964 0.64767 1.3872 -1.8063 0.097042 0.81307 -3.4669 0.50152
2 41 48 3.243 0.71969 -3.4802 2.3767 0.61773 -2.5663 1.6313 0.53159 -3.2021 0.13765 -0.11268 -3.0513 0.056409 -1.3721 -3.9374 3.1411 0.705 -1.9535 3.124 0.74171 -0.32036 3.6368 -0.19434 0.79252 -0.57641 0.0074964 -0.53962 0.2204 -1.8267 -1.184 -0.28896 -3.5371 -0.92743 0.57641 -0.0074964 0.53962 1.3771 -1.8063 -0.1935 0.89958 -3.4669 0.32151
2 41 60 2.4485 0.71969 -4.0784 1.7912 0.61773 -3.0044 0.92987 0.53159 -3.4713 -0.49977 -0.11268 -3.0133 -0.76345 -1.3721 -3.8631 2.6663 0.705 -2.5639 2.9891 0.74171 -0.96287 3.7221 -0.19434 0.019069 -0.67601 0.0074964 -0.40799 -0.030589 -1.8267 -1.204 -0.47547 -3.5371 -0.84709 0.67601 -0.0074964 0.40799 1.3068 -1.8063 -0.47559 0.94676 -3.4669 0.12745
2 42 36 3.8773 0.63938 -2.7736 2.838 0.55244 -2.0607 2.244 0.46049 -2.8392 0.92786 -0.43274 -3.2115 1.3521 -1.602 -4.1228 3.4554 0.64495 -1.3007 3.3878 0.52298 0.32693 3.9888 -0.53135 1.2782 -0.46095 0.0048437 -0.64109 0.47581 -1.8147 -1.1165 -0.084503 -3.5229 -0.97853 0.46095 -0.0048437 0.64109 1.4125 -1.7964 0.094026 0.82778 -3.4561 0.48681
2 42 48 3.2159 0.63938 -3.5191 2.3476 0.55244 -2.6058 1.6047 0.46049 -3.2437 0.23988 -0.43274 -3.3342 0.4654 -1.602 -4.3138 3.1095 0.64495 -1.9907 3.3818 0.52298 -0.38458 4.1674 -0.53135 0.42096 -0.58417 0.0048437 -0.53124 0.23328 -1.8147 -1.1911 -0.2861 -3.5229 -0.93958 0.58417 -0.0048437 0.53124 1.4012 -1.7964 -0.2017 0.9109 -3.4561 0.30406
2 42 60 2.414 0.63938 -4.1109 1.7545 0.55244 -3.0369 0.8952 0.46049 -3.5065 -0.45859 -0.43274 -3.3112 -0.44166 -1.602 -4.3163 2.6277 0.64495 -2.5937 3.2279 0.52298 -1.0793 4.1638 -0.53135 -0.45468 -0.68186 0.0048437 -0.39818 -0.019454 -1.8147 -1.2135 -0.4752 -3.5229 -0.85956 0.68186 -0.0048437 0.39818 1.3286 -1.7964 -0.48861 0.95421 -3.4561 0.10803
2 43 36 3.8551 0.59315 -2.8159 2.8201 0.50501 -2.0988 2.2156 0.41418 -2.8694 1.1163 -0.68676 -3.3674 1.7967 -1.7604 -4.2403 3.4478 0.59615 -1.3471 3.6575 0.2755 0.24097 4.5077 -0.87385 0.81877 -0.46627 -0.0063815 -0.63722 0.50789 -1.8045 -1.1191 -0.066606 -3.5081 -0.98345 0.46627 0.0063815 0.63722 1.4236 -1.7808 0.086098 0.83902 -3.4426 0.47016
2 43 48 3.1854 0.59315 -3.5559 2.3221 0.50501 -2.6393 1.5707 0.41418 -3.2673 0.39176 -0.68676 -3.5259 0.87578 -1.7604 -4.5212 3.0924 0.59615 -2.0345 3.6277 0.2755 -0.52474 4.5794 -0.87385 -0.13632 -0.58857 -0.0063815 -0.52635 0.26411 -1.8045 -1.2003 -0.26962 -3.5081 -0.94811 0.58857 0.0063815 0.52635 1.4104 -1.7808 -0.21177 0.91844 -3.4426 0.28544
2 43 60 2.3765 0.59315 -4.1404 1.7227 0.50501 -3.0644 0.85702 0.41418 -3.5225 -0.34988 -0.68676 -3.5303 -0.083372 -1.7604 -4.6045 2.6018 0.59615 -2.633 3.4393 0.2755 -1.2675 4.451 -0.87385 -1.0855 -0.68514 -0.0063815 -0.39248 0.0087915 -1.8045 -1.2289 -0.46085 -3.5081 -0.87133 0.68514 0.0063815 0.39248 1.3356 -1.7808 -0.50039 0.95772 -3.4426 0.088247
2 44 36 3.8421 0.58464 -2.837 2.8142 0.49004 -2.1114 2.1967 0.40597 -2.8723 1.2756 -0.84291 -3.3827 2.1137 -1.8523 -4.1929 3.4545 0.57468 -1.3696 3.8464 0.043192 0.12462 4.8224 -1.1437 0.25212 -0.46794 -0.0078087 -0.63598 0.51203 -1.8028 -1.1176 -0.060214 -3.5063 -0.971 0.46794 0.0078082 0.63598 1.4279 -1.7762 0.079012 0.84716 -3.4374 0.47112
2 44 48 3.1683 0.58464 -3.5738 2.3137 0.49004 -2.6503 1.5515 0.40597 -3.2662 0.54439 -0.84291 -3.574 1.1958 -1.8523 -4.5407 3.0943 0.57468 -2.0579 3.7882 0.043192 -0.67781 4.7694 -1.1437 -0.75602 -0.58994 -0.0078087 -0.5248 0.26847 -1.8028 -1.1997 -0.26078 -3.5063 -0.93726 0.58994 0.0078082 0.5248 1.4131 -1.7762 -0.21959 0.9266 -3.4374 0.28469
2 44 60 2.356 0.58464 -4.1544 1.7121 0.49004 -3.0735 0.83852 0.40597 -3.5174 -0.21059 -0.84291 -3.6091 0.22557 -1.8523 -4.6901 2.5988 0.57468 -2.6563 3.5645 0.043192 -1.4506 4.508 -1.1437 -1.7311 -0.68616 -0.0078087 -0.39067 0.013179 -1.8028 -1.2293 -0.44995 -3.5063 -0.86256 0.68616 0.0078082 0.39067 1.3366 -1.7762 -0.5086 0.96554 -3.4374 0.085816
2 45 36 3.8291 0.62867 -2.8461 2.8049 0.51823 -2.1168 2.1957 0.42662 -2.8835 1.3889 -0.9401 -3.2708 2.2884 -1.9423 -4.0219 3.4371 0.6105 -1.3691 3.8551 -0.16305 0.0077533 4.8461 -1.3131 -0.26259 -0.47109 -0.0047765 -0.63368 0.47932 -1.8123 -1.1275 -0.07851 -3.5182 -0.95545 0.47109 0.004776 0.63368 1.4268 -1.786 0.091195 0.83069 -3.4435 0.47588
2 45 48 3.1537 0.62867 -3.5801 2.3035 0.51823 -2.6537 1.5482 0.42662 -3.277 0.67854 -0.9401 -3.4881 1.4022 -1.9423 -4.4098 3.0773 0.6105 -2.0538 3.7724 -0.16305 -0.79393 4.6856 -1.3131 -1.2644 -0.59255 -0.0047765 -0.52189 0.23443 -1.8123 -1.2025 -0.27544 -3.5182 -0.91825 0.59255 0.004776 0.52189 1.4145 -1.786 -0.20744 0.91148 -3.4435 0.29277
2 45 60 2.3405 0.62867 -4.1575 1.7014 0.51823 -3.0747 0.833 0.42662 -3.5273 -0.061511 -0.9401 -3.553 0.45474 -1.9423 -4.605 2.5831 0.6105 -2.6487 3.5249 -0.16305 -1.5609 4.3203 -1.3131 -2.211 -0.6881 -0.0047765 -0.38728 -0.020702 -1.8123 -1.2249 -0.46034 -3.5182 -0.84092 0.6881 0.004776 0.38728 1.3405 -1.786 -0.497 0.95243 -3.4435 0.096869
2 46 36 3.8089 0.71234 -2.8576 2.7868 0.57605 -2.1298 2.1822 0.49078 -2.9008 1.4301 -0.94531 -3.1027 2.3305 -1.9896 -3.7929 3.4145 0.66242 -1.3775 3.734 -0.33003 -0.11986 4.6549 -1.4495 -0.64574 -0.47604 -0.00057268 -0.62999 0.44125 -1.8221 -1.135 -0.098464 -3.5329 -0.9543 0.47604 0.00057268 0.62999 1.3955 -1.8074 0.08215 0.79549 -3.4606 0.47941
2 46 48 3.1316 0.71234 -3.5871 2.2831 0.57605 -2.6626 1.5314 0.49078 -3.2911 0.75377 -0.94531 -3.3322 1.491 -1.9896 -4.1946 3.0535 0.66242 -2.0573 3.6275 -0.33003 -0.89358 4.4189 -1.4495 -1.5994 -0.59662 -0.00057268 -0.51725 0.19563 -1.8221 -1.2019 -0.29472 -3.5329 -0.91298 0.59662 0.00057268 0.51725 1.3821 -1.8074 -0.20979 0.87778 -3.4606 0.30354
2 46 60 2.3173 0.71234 -4.1598 1.6796 0.57605 -3.0791 0.81366 0.49078 -3.5376 0.044499 -0.94531 -3.4161 0.58631 -1.9896 -4.4129 2.559 0.66242 -2.6472 3.3625 -0.33003 -1.6283 3.9898 -1.4495 -2.4832 -0.69112 -0.00057268 -0.3819 -0.058536 -1.8221 -1.2163 -0.4781 -3.5329 -0.83175 0.69112 0.00057268 0.3819 1.3083 -1.8074 -0.49256 0.92171 -3.4606 0.1144
2 47 36 3.7756 0.84367 -2.8684 2.7588 0.66318 -2.1437 2.155 0.58224 -2.9159 1.3995 -0.86586 -2.9476 2.2656 -1.9856 -3.559 3.3857 0.746 -1.3904 3.5338 -0.39883 -0.23446 4.3378 -1.5473 -0.87658 -0.48249 0.0067611 -0.62502 0.39832 -1.8307 -1.1371 -0.1242 -3.5455 -0.94382 0.48249 -0.0067608 0.62502 1.3453 -1.8344 0.05105 0.76433 -3.4836 0.49106
2 47 48 3.0967 0.84367 -3.5907 2.2528 0.66318 -2.6705 1.5016 0.58224 -3.3002 0.75608 -0.86586 -3.1742 1.4762 -1.9856 -3.9522 3.0226 0.746 -2.0639 3.4079 -0.39883 -0.96406 4.0608 -1.5473 -1.7593 -0.6019 0.0067611 -0.51105 0.15321 -1.8307 -1.195 -0.31772 -3.5455 -0.89737 0.6019 -0.0067608 0.51105 1.3265 -1.8344 -0.22976 0.84972 -3.4836 0.32142
2 47 60 2.2825 0.84367 -4.156 1.6484 0.66318 -3.0805 0.78268 0.58224 -3.5403 0.079617 -0.86586 -3.262 0.62221 -1.9856 -4.1728 2.5275 0.746 -2.6473 3.133 -0.39883 -1.6515 3.6063 -1.5473 -2.5652 -0.695 0.0067611 -0.37474 -0.098606 -1.8307 -1.2008 -0.49735 -3.5455 -0.8117 0.695 -0.0067608 0.37474 1.2497 -1.8344 -0.50054 0.89798 -3.4836 0.13773
2 48 36 3.7285 1.0057 -2.8821 2.7213 0.77499 -2.1588 2.1173 0.70304 -2.9317 1.3101 -0.71181 -2.8073 2.102 -1.9261 -3.3327 3.3483 0.84988 -1.4047 3.3031 -0.35785 -0.30559 3.944 -1.5966 -0.96327 -0.49117 0.014052 -0.61811 0.36247 -1.8364 -1.1295 -0.15094 -3.5539 -0.93575 0.49117 -0.014052 0.61811 1.3042 -1.8603 0.030884 0.7291 -3.504 0.49818
2 48 48 3.0478 1.0057 -3.5943 2.213 0.77499 -2.6774 1.4615 0.70304 -3.3078 0.69782 -0.71181 -3.0184 1.3632 -1.9261 -3.6969 2.9831 0.84988 -2.0702 3.1674 -0.35785 -0.98567 3.6575 -1.5966 -1.7622 -0.60895 0.014052 -0.50248 0.11971 -1.8364 -1.1802 -0.34219 -3.5539 -0.88392 0.60895 -0.014052 0.50248 1.2821 -1.8603 -0.24094 0.81675 -3.504 0.33571
2 48 60 2.2339 1.0057 -4.1494 1.608 0.77499 -3.079 0.7418 0.70304 -3.5394 0.055022 -0.71181 -3.0975 0.56478 -1.9261 -3.8995 2.4875 0.84988 -2.6452 2.8933 -0.35785 -1.6227 3.2112 -1.5966 -2.4842 -0.70011 0.014052 -0.36489 -0.12828 -1.8364 -1.1793 -0.51849 -3.5539 -0.79346 0.70011 -0.014052 0.36489 1.204 -1.8603 -0.50224 0.8687 -3.504 0.15856
2 49 36 3.6784 1.1754 -2.882 2.6827 0.89629 -2.161 2.0718 0.84247 -2.9299 1.1726 -0.4983 -2.6797 1.8414 -1.8211 -3.1046 3.3163 0.9541 -1.4109 3.0796 -0.24211 -0.32384 3.5504 -1.5943 -0.89628 -0.49685 0.017495 -0.61346 0.34334 -1.843 -1.1105 -0.17298 -3.5605 -0.92528 0.49685 -0.017495 0.61346 1.2693 -1.8766 0.01236 0.69451 -3.5134 0.5037
2 49 48 2.9988 1.1754 -3.5839 2.1748 0.89629 -2.6715 1.4173 0.84247 -3.2966 0.58983 -0.4983 -2.8649 1.1557 -1.8211 -3.4197 2.9505 0.9541 -2.0696 2.945 -0.24211 -0.95705 3.2865 -1.5943 -1.6149 -0.61354 0.017495 -0.49675 0.10496 -1.843 -1.1576 -0.36157 -3.5605 -0.8691 0.61354 -0.017495 0.49675 1.2441 -1.8766 -0.25181 0.78406 -3.5134 0.3483
2 49 60 2.1882 1.1754 -4.129 1.5718 0.89629 -3.0653 0.70095 0.84247 -3.5192 -0.018718 -0.4983 -2.925 0.41942 -1.8211 -3.5852 2.4557 0.9541 -2.6378 2.6816 -0.24211 -1.5484 2.8789 -1.5943 -2.2629 -0.70341 0.017495 -0.35833 -0.13801 -1.843 -1.1541 -0.53437 -3.5605 -0.77493 0.70341 -0.017495 0.35833 1.1646 -1.8766 -0.50498 0.83934 -3.5134 0.17767
2 50 36 3.6301 1.3595 -2.8659 2.6449 1.0323 -2.15 2.0349 0.99533 -2.9207 1.0151 -0.2333 -2.5753 1.5146 -1.6564 -2.8961 3.2775 1.0744 -1.3981 2.8627 -0.055225 -0.29324 3.1655 -1.5166 -0.6809 -0.50264 0.024701 -0.60848 0.32797 -1.8411 -1.1017 -0.18973 -3.5582 -0.91631 0.50264 -0.024701 0.60848 1.2342 -1.8966 -0.0040894 0.66869 -3.5265 0.51986
2 50 48 2.9549 1.3595 -3.558 2.1401 1.0323 -2.6529 1.3832 0.99533 -3.2799 0.45745 -0.2333 -2.7301 0.87939 -1.6564 -3.1477 2.9152 1.0744 -2.049 2.7391 -0.055225 -0.88201 2.9547 -1.5166 -1.3242 -0.61816 0.024701 -0.49068 0.091737 -1.8411 -1.1459 -0.3761 -3.5582 -0.85684 0.61816 -0.024701 0.49068 1.2064 -1.8966 -0.2606 0.76217 -3.5265 0.36947
2 50 60 2.1506 1.3595 -4.0946 1.5417 1.0323 -3.0399 0.671 0.99533 -3.4958 -0.12017 -0.2333 -2.7656 0.20574 -1.6564 -3.2617 2.4255 1.0744 -2.6103 2.4959 -0.055225 -1.4322 2.6149 -1.5166 -1.9095 -0.70667 0.024701 -0.35143 -0.1485 -1.8411 -1.1399 -0.54603 -3.5582 -0.75992 0.70667 -0.024701 0.35143 1.1258 -1.8966 -0.50573 0.82233 -3.5265 0.20293
2 51 36 3.5719 1.5381 -2.8531 2.5962 1.1675 -2.1442 1.9854 1.1432 -2.9148 0.83031 0.063454 -2.5043 1.103 -1.4386 -2.7215 3.2295 1.1982 -1.3923 2.6707 0.18435 -0.23966 2.8124 -1.3456 -0.36979 -0.51024 0.027153 -0.60201 0.30673 -1.8441 -1.0973 -0.21271 -3.5605 -0.91012 0.51024 -0.027153 0.60201 1.2172 -1.9098 -0.0062789 0.64253 -3.5341 0.52515
2 51 48 2.9007 1.5381 -3.5334 2.0937 1.1675 -2.6372 1.336 1.1432 -3.2639 0.29149 0.063454 -2.6222 0.51301 -1.4386 -2.8914 2.8694 1.1982 -2.0333 2.5625 0.18435 -0.78969 2.674 -1.3456 -0.94644 -0.62425 0.027153 -0.48277 0.071896 -1.8441 -1.1371 -0.39729 -3.5605 -0.84601 0.62425 -0.027153 0.48277 1.1893 -1.9098 -0.25922 0.73767 -3.5341 0.38008
2 52 36 3.5245 1.7059 -2.8193 2.5559 1.2953 -2.122 1.9439 1.2824 -2.8918 0.65556 0.38669 -2.437 0.63798 -1.1502 -2.5609 3.1902 1.3159 -1.3706 2.5223 0.4526 -0.15515 2.4963 -1.0788 0.023174 -0.5122 0.024885 -0.60044 0.28358 -1.8567 -1.0911 -0.23642 -3.572 -0.89567 0.5122 -0.024885 0.60044 1.2049 -1.9189 0.01115 0.61907 -3.5405 0.53836
2 52 48 2.8613 1.7059 -3.4905 2.0589 1.2953 -2.6071 1.3001 1.2824 -3.2327 0.13455 0.38669 -2.52 0.091599 -1.1502 -2.6376 2.8355 1.3159 -2.0039 2.4349 0.4526 -0.67616 2.4466 -1.0788 -0.49634 -0.62585 0.024885 -0.48083 0.050537 -1.8567 -1.1262 -0.41748 -3.572 -0.82694 0.62585 -0.024885 0.48082 1.1809 -1.9189 -0.2396 0.71747 -3.5405 0.39789
2 53 36 3.4891 1.8393 -2.7812 2.5237 1.4033 -2.0938 1.9147 1.3912 -2.866 0.51342 0.70495 -2.3818 0.15023 -0.79304 -2.4243 3.1549 1.4239 -1.3398 2.4125 0.73779 -0.056453 2.2311 -0.71267 0.43438 -0.51301 0.024213 -0.59977 0.26175 -1.866 -1.0907 -0.25679 -3.5805 -0.88447 0.51301 -0.024213 0.59977 1.1983 -1.9261 0.027416 0.59954 -3.5434 0.55321
2 62 36 3.7413 1.5726 -2.619 2.7044 1.2132 -1.9934 2.1545 1.1632 -2.8072 0.66886 1.4061 -2.1727 -0.70321 0.70331 -2.208 3.2778 1.2707 -1.1963 2.283 1.4354 0.088966 2.0971 0.49515 1.2969 -0.47366 -0.0022628 -0.63177 0.67289 -1.6419 -1.2731 -0.21945 -3.1332 -0.79287 0.47366 0.0022628 0.63177 1.5115 -1.7072 -0.012457 0.57367 -3.1108 0.62112
2 63 36 3.7099 1.7299 -2.568 2.6824 1.3166 -1.9603 2.1446 1.2596 -2.7818 0.6441 1.18 -2.1406 -0.52537 0.18074 -2.2479 3.2435 1.3824 -1.1552 2.2503 1.1872 0.12705 2.2387 -0.0037353 1.1065 -0.46949 -0.012081 -0.63477 0.73245 -1.5914 -1.3241 -0.25515 -2.9925 -0.76489 0.46949 0.012081 0.63477 1.5815 -1.648 -0.014785 0.55316 -2.9694 0.65385
2 64 36 3.6294 2.0029 -2.4823 2.6232 1.5079 -1.902 2.093 1.4472 -2.7282 0.66187 0.91296 -2.1492 -0.11249 -0.39513 -2.408 3.1762 1.579 -1.0918 2.3004 0.91435 0.11649 2.5788 -0.47942 0.71446 -0.46462 -0.018372 -0.63819 0.78391 -1.5341 -1.3853 -0.29869 -2.8297 -0.75256 0.46462 0.018372 0.63819 1.6468 -1.594 -0.0075551 0.52766 -2.82 0.6963
2 64 48 3.0339 2.0029 -3.1827 2.1704 1.5079 -2.4058 1.48 1.4472 -3.1037 0.20056 0.91296 -2.2398 -0.61067 -0.39513 -2.3319 2.8798 1.579 -1.7283 2.2744 0.91435 -0.36434 2.671 -0.47942 0.16268 -0.58715 -0.018372 -0.52765 0.47876 -1.5341 -1.518 -0.44863 -2.8297 -0.67401 0.58715 0.018372 0.52765 1.6092 -1.594 -0.34977 0.6609 -2.82 0.57138
2 65 36 3.4872 2.3653 -2.3667 2.5307 1.7516 -1.8198 2.0074 1.6898 -2.6502 0.81755 0.6498 -2.2361 0.67597 -0.79805 -2.7474 3.0763 1.826 -1.0048 2.4708 0.67543 -0.015682 3.1159 -0.72126 0.088253 -0.45993 -0.019672 -0.64154 0.83032 -1.469 -1.4471 -0.31479 -2.6744 -0.7494 0.45993 0.019672 0.64154 1.7011 -1.5538 0.010757 0.49245 -2.68 0.73322
2 65 48 2.9189 2.3653 -3.04 2.0971 1.7516 -2.3062 1.4125 1.6898 -3.0097 0.33477 0.6498 -2.3573 0.089989 -0.79805 -2.8279 2.8001 1.826 -1.6224 2.4136 0.67543 -0.52905 3.0662 -0.72126 -0.56151 -0.58326 -0.019672 -0.5319 0.5113 -1.469 -1.5881 -0.46372 -2.6744 -0.66758 0.58326 0.019672 0.5319 1.6661 -1.5538 -0.34315 0.63413 -2.68 0.61481
2 66 48 2.7588 2.7471 -2.8654 1.999 2.0097 -2.1845 1.3195 1.9504 -2.8932 0.6409 0.49018 -2.6179 1.0355 -0.70183 -3.5129 2.6961 2.0838 -1.4947 2.6552 0.57717 -0.86439 3.5229 -0.55439 -1.4511 -0.58164 -0.016834 -0.53377 0.50877 -1.4613 -1.6009 -0.50196 -2.5888 -0.62213 0.58164 0.016834 0.53377 1.7012 -1.5408 -0.32324 0.59244 -2.5713 0.65641
