2 32 132 -2.152 3.0832 -3.0355 -1.5914 2.3101 -2.2143 -2.3737 2.2783 -1.619 -2.2949 0.80285 -0.92225 -2.8408 -0.61789 -1.1696 -0.8251 2.3578 -2.829 0.0081404 0.96049 -2.6812 0.041566 -0.50534 -3.1585 -0.62279 0.041699 0.48362 -1.6969 -1.07 -0.93927 -1.0032 -2.5028 -0.092734 0.62279 -0.041699 -0.48362 -0.46006 -1.108 -1.9344 0.27927 -2.4642 -1.0044
2 33 120 -1.5918 2.7665 -3.6254 -1.1786 2.0883 -2.6459 -2.0635 2.0622 -2.2174 -2.0478 0.74715 -1.2484 -2.4064 -0.75167 -1.299 -0.30593 2.1283 -3.0978 0.62643 0.91968 -2.5159 0.8628 -0.60015 -2.625 -0.71062 0.040777 0.34184 -1.4318 -1.1647 -1.2205 -0.96885 -2.6282 -0.27462 0.71062 -0.040776 -0.34184 -0.046919 -1.2153 -1.9106 0.50973 -2.6047 -0.90533
2 33 132 -2.3108 2.7665 -3.2152 -1.703 2.0883 -2.3431 -2.4794 2.0622 -1.7399 -2.2626 0.74715 -0.79533 -2.6239 -0.75167 -0.77024 -0.94331 2.1283 -2.9665 0.089663 0.91968 -2.5911 0.29817 -0.60015 -2.747 -0.62402 0.040777 0.48211 -1.6543 -1.1647 -0.89618 -1.0048 -2.6282 -0.067184 0.62402 -0.040776 -0.48211 -0.44312 -1.2153 -1.8591 0.31037 -2.6047 -0.99153
2 34 120 -1.7056 2.4375 -3.8042 -1.2565 1.8579 -2.7767 -2.1403 1.827 -2.3462 -2.0407 0.71782 -1.151 -2.3 -0.77292 -0.85414 -0.38542 1.9006 -3.2314 0.65049 0.91276 -2.4441 1.0467 -0.55689 -2.1975 -0.71072 0.03717 0.34203 -1.3823 -1.2951 -1.1373 -0.97202 -2.8089 -0.24787 0.71072 -0.03717 -0.34203 -0.021212 -1.3441 -1.8153 0.52897 -2.7841 -0.88022
2 34 132 -2.4592 2.4375 -3.3665 -1.8063 1.8579 -2.4548 -2.5813 1.827 -1.8499 -2.2354 0.71782 -0.70152 -2.4274 -0.77292 -0.35727 -1.0488 1.9006 -3.0807 0.12811 0.91276 -2.5259 0.56692 -0.55689 -2.367 -0.62408 0.03717 0.48233 -1.5886 -1.2951 -0.82502 -1.0023 -2.8089 -0.040358 0.62408 -0.03717 -0.48233 -0.39818 -1.3441 -1.7712 0.33441 -2.7841 -0.97097
2 34 144 -3.1054 2.4375 -2.7816 -2.2772 1.8579 -2.0256 -2.9095 1.827 -1.2728 -2.3324 0.71782 -0.22142 -2.4486 -0.77292 0.15522 -1.6664 1.9006 -2.7953 -0.39986 0.91276 -2.4974 0.062399 -0.55689 -2.4332 -0.51016 0.03717 0.60154 -1.7254 -1.2951 -0.47671 -0.9888 -2.8089 0.16892 0.51016 -0.03717 -0.60154 -0.75774 -1.3441 -1.6498 0.12522 -2.7841 -1.0193
2 35 120 -1.8119 2.1116 -3.9469 -1.3338 1.6199 -2.8867 -2.2151 1.5767 -2.4523 -2.0302 0.69891 -1.0869 -2.2349 -0.70699 -0.48761 -0.46566 1.673 -3.346 0.63672 0.91684 -2.4069 1.211 -0.40448 -1.8574 -0.71121 0.029358 0.34178 -1.3125 -1.4501 -1.0235 -0.95956 -3.0161 -0.20252 0.71121 -0.029358 -0.34178 0.035379 -1.4875 -1.6951 0.55572 -2.9905 -0.84603
2 35 132 -2.5929 2.1116 -3.4839 -1.9048 1.6199 -2.5463 -2.6766 1.5767 -1.9381 -2.2118 0.69891 -0.64109 -2.2875 -0.70699 -0.012286 -1.1511 1.673 -3.176 0.12237 0.91684 -2.4867 0.79833 -0.40448 -2.0685 -0.62461 0.029358 0.48218 -1.4966 -1.4501 -0.72825 -0.9807 -3.0161 0.0014104 0.62461 -0.029358 -0.48218 -0.31783 -1.4875 -1.6654 0.36768 -2.9905 -0.94308
2 35 144 -3.2606 2.1116 -2.8687 -2.3926 1.6199 -2.0946 -3.021 1.5767 -1.3393 -2.2967 0.69891 -0.16722 -2.24 -0.70699 0.46357 -1.7863 1.673 -2.8673 -0.39731 0.91684 -2.4578 0.35081 -0.40448 -2.1893 -0.51071 0.029358 0.60151 -1.6153 -1.4501 -0.40117 -0.95898 -3.0161 0.20528 0.51071 -0.029358 -0.60151 -0.65714 -1.4875 -1.563 0.16356 -2.9905 -0.99892
2 36 120 -1.9082 1.7903 -4.0579 -1.4082 1.3833 -2.9719 -2.2845 1.3333 -2.5282 -2.0292 0.68071 -1.0525 -2.2494 -0.62561 -0.26336 -0.54557 1.4412 -3.4409 0.6209 0.93945 -2.4131 1.3496 -0.1934 -1.6626 -0.71132 0.019832 0.34225 -1.227 -1.585 -0.91189 -0.95254 -3.2003 -0.1593 0.71132 -0.019832 -0.34225 0.097443 -1.6097 -1.5709 0.58751 -3.1745 -0.82105
2 36 132 -2.7102 1.7903 -3.5725 -1.9953 1.3833 -2.6142 -2.7602 1.3333 -1.998 -2.2037 0.68071 -0.60759 -2.255 -0.62561 0.21007 -1.2491 1.4412 -3.2523 0.10562 0.93945 -2.4895 0.97441 -0.1934 -1.9068 -0.62461 0.019832 0.48266 -1.3898 -1.585 -0.63686 -0.96485 -3.2003 0.042226 0.62461 -0.019832 -0.48266 -0.23131 -1.6097 -1.5569 0.40396 -3.1745 -0.92526
2 36 144 -3.3938 1.7903 -2.931 -2.4952 1.3833 -2.1423 -3.1153 1.3333 -1.3804 -2.2818 0.68071 -0.13614 -2.162 -0.62561 0.67432 -1.898 1.4412 -2.9215 -0.41429 0.93945 -2.4571 0.55667 -0.1934 -2.0677 -0.51061 0.019832 0.60198 -1.4918 -1.585 -0.334 -0.93499 -3.2003 0.24191 0.51061 -0.019832 -0.60198 -0.54994 -1.6097 -1.4748 0.20276 -3.1745 -0.98903
2 37 120 -1.9992 1.4859 -4.1338 -1.4763 1.1619 -3.0303 -2.3462 1.1094 -2.5743 -2.0694 0.63814 -1.0348 -2.3783 -0.62534 -0.20659 -0.62069 1.2206 -3.5117 0.59608 0.95861 -2.4536 1.5005 0.016148 -1.6342 -0.7096 0.014751 0.34605 -1.1487 -1.6882 -0.80346 -0.94917 -3.3432 -0.11646 0.7096 -0.014751 -0.34605 0.14343 -1.6963 -1.4713 0.60731 -3.3059 -0.80434
2 37 132 -2.815 1.4859 -3.6278 -2.0741 1.1619 -2.6571 -2.8302 1.1094 -2.0302 -2.2393 0.63814 -0.58192 -2.3693 -0.62534 0.29239 -1.3372 1.2206 -3.3059 0.07292 0.95861 -2.5239 1.128 0.016148 -1.9105 -0.62215 0.014751 0.48602 -1.2907 -1.6882 -0.54707 -0.95264 -3.3432 0.083427 0.62214 -0.014751 -0.48602 -0.1656 -1.6963 -1.469 0.4268 -3.3059 -0.91303
2 37 144 -3.5077 1.4859 -2.9632 -2.5812 1.1619 -2.1678 -3.1904 1.1094 -1.3974 -2.3114 0.63814 -0.10362 -2.2567 -0.62534 0.7786 -1.9954 1.2206 -2.9556 -0.45342 0.95861 -2.4839 0.70611 0.016148 -2.1032 -0.5075 0.014751 0.60475 -1.3762 -1.6882 -0.26677 -0.91448 -3.3432 0.27967 0.5075 -0.014751 -0.60475 -0.46739 -1.6963 -1.4024 0.22765 -3.3059 -0.98182
2 38 120 -2.0896 1.2253 -4.1696 -1.5402 0.97658 -3.0591 -2.4014 0.91986 -2.5875 -2.1685 0.55896 -1.0114 -2.6355 -0.71744 -0.28307 -0.69369 1.0379 -3.5562 0.57429 0.97668 -2.528 1.6597 0.167 -1.7904 -0.70561 0.015441 0.35408 -1.1018 -1.7575 -0.70137 -0.94878 -3.4418 -0.076379 0.70561 -0.015441 -0.35408 0.17653 -1.7636 -1.3925 0.61277 -3.3988 -0.77071
2 38 132 -2.9108 1.2253 -3.644 -2.1425 0.97658 -2.672 -2.8869 0.91986 -2.0317 -2.3314 0.55896 -0.5384 -2.6368 -0.71744 0.27107 -1.4179 1.0379 -3.3343 0.036146 0.97668 -2.5921 1.2512 0.167 -2.0963 -0.61658 0.015441 0.49305 -1.2236 -1.7575 -0.45696 -0.94393 -3.4418 0.12255 0.61658 -0.015441 -0.49304 -0.11685 -1.7636 -1.3988 0.43914 -3.3988 -0.88127
2 38 144 -3.6049 1.2253 -2.9592 -2.6513 0.97658 -2.1682 -3.2462 0.91986 -1.3871 -2.3924 0.55896 -0.041901 -2.5228 -0.71744 0.81336 -2.0802 1.0379 -2.9666 -0.50358 0.97668 -2.543 0.78797 0.167 -2.3106 -0.50059 0.015441 0.61046 -1.2918 -1.7575 -0.19257 -0.89782 -3.4418 0.31613 0.50059 -0.015441 -0.61046 -0.40513 -1.7636 -1.3439 0.24631 -3.3988 -0.95332
2 39 120 -2.1726 1.0055 -4.1808 -1.6002 0.82392 -3.0688 -2.4525 0.75519 -2.5829 -2.3436 0.41106 -0.98962 -2.9988 -0.89415 -0.49483 -0.76304 0.89566 -3.5801 0.58216 0.96494 -2.6558 1.8038 0.18907 -2.1236 -0.70097 0.016042 0.36315 -1.0829 -1.7987 -0.6244 -0.95238 -3.502 -0.047631 0.70097 -0.016042 -0.36315 0.19981 -1.796 -1.3606 0.59664 -3.4458 -0.75096
2 39 132 -2.9943 1.0055 -3.6377 -2.2032 0.82392 -2.669 -2.9359 0.75519 -2.0165 -2.4982 0.41106 -0.48073 -3.0362 -0.89415 0.13948 -1.4907 0.89566 -3.3432 0.017268 0.96494 -2.7188 1.3229 0.18907 -2.4522 -0.61015 0.016042 0.50096 -1.189 -1.7987 -0.38561 -0.94147 -3.502 0.15142 0.61015 -0.016042 -0.50096 -0.087442 -1.796 -1.3724 0.42747 -3.4458 -0.8586
2 39 144 -3.6852 1.0055 -2.9357 -2.71 0.82392 -2.1526 -3.291 0.75519 -1.362 -2.5435 0.41106 0.049179 -2.9408 -0.89415 0.76769 -2.1532 0.89566 -2.9602 -0.54838 0.96494 -2.663 0.78412 0.18907 -2.6737 -0.49266 0.016042 0.61687 -1.2432 -1.7987 -0.12997 -0.88942 -3.502 0.34385 0.49266 -0.016042 -0.61687 -0.37087 -1.796 -1.3242 0.23962 -3.4458 -0.92871
2 40 120 -2.2423 0.83409 -4.1779 -1.6517 0.70158 -3.0685 -2.4953 0.61905 -2.5696 -2.5852 0.17996 -0.99865 -3.3831 -1.1296 -0.83718 -0.82374 0.78602 -3.5927 0.62194 0.88908 -2.8389 1.9045 0.062057 -2.6181 -0.69718 0.011094 0.37056 -1.0673 -1.8226 -0.58592 -0.95816 -3.5327 -0.025076 0.69718 -0.011095 -0.37056 0.22574 -1.8053 -1.3569 0.58571 -3.4636 -0.74748
2 40 132 -3.0619 0.83409 -3.6204 -2.2535 0.70158 -2.658 -2.975 0.61905 -1.9946 -2.7363 0.17996 -0.43934 -3.4832 -1.1296 -0.11551 -1.5527 0.78602 -3.3429 0.018106 0.88908 -2.9062 1.3185 0.062057 -2.9569 -0.6049 0.011094 0.50742 -1.1658 -1.8226 -0.3512 -0.94243 -3.5327 0.17468 0.6049 -0.011095 -0.50742 -0.061314 -1.8053 -1.3742 0.4175 -3.4636 -0.85292
2 40 144 -3.7478 0.83409 -2.9047 -2.7569 0.70158 -2.1314 -3.3247 0.61905 -1.3325 -2.7679 0.17996 0.13918 -3.4311 -1.1296 0.61121 -2.2138 0.78602 -2.947 -0.58652 0.88908 -2.8465 0.67495 0.062057 -3.1664 -0.48618 0.011094 0.62209 -1.2134 -1.8226 -0.10113 -0.88552 -3.5327 0.36681 0.48618 -0.011095 -0.62209 -0.34568 -1.8053 -1.3314 0.23104 -3.4636 -0.92108
2 41 120 -2.3078 0.71969 -4.1597 -1.7062 0.61773 -3.0534 -2.5413 0.53159 -2.5409 -2.8595 -0.11268 -1.0738 -3.7272 -1.3721 -1.2704 -0.88724 0.705 -3.591 0.66067 0.74171 -3.0701 1.8776 -0.19434 -3.2139 -0.69133 0.0074964 0.38145 -1.058 -1.8267 -0.57551 -0.97133 -3.5371 -0.011777 0.69133 -0.0074964 -0.38145 0.24152 -1.8063 -1.3695 0.58376 -3.4669 -0.7562
2 41 132 -3.1222 0.71969 -3.589 -2.3038 0.61773 -2.6319 -3.0141 0.53159 -1.9571 -3.0202 -0.11268 -0.45585 -3.9099 -1.3721 -0.46767 -1.6145 0.705 -3.328 0.0079359 0.74171 -3.1403 1.1683 -0.19434 -3.534 -0.59692 0.0074964 0.51685 -1.1545 -1.8267 -0.34296 -0.95255 -3.5371 0.19043 0.59692 -0.0074964 -0.51685 -0.048496 -1.8063 -1.3898 0.41378 -3.4669 -0.86104
2 41 144 -3.8002 0.71969 -2.8614 -2.8007 0.61773 -2.0954 -3.3551 0.53159 -1.2876 -3.049 -0.11268 0.18206 -3.9217 -1.3721 0.35547 -2.2711 0.705 -2.9197 -0.64515 0.74171 -3.0734 0.40803 -0.19434 -3.6997 -0.47641 0.0074964 0.62966 -1.2006 -1.8267 -0.09543 -0.89214 -3.5371 0.38432 0.47641 -0.0074964 -0.62966 -0.33639 -1.8063 -1.3493 0.22572 -3.4669 -0.92825
2 42 108 -1.4397 0.63938 -4.5446 -1.0829 0.55244 -3.3359 -2.0068 0.46049 -3.0116 -2.7676 -0.43274 -1.8749 -3.5032 -1.602 -2.56 -0.16928 0.64495 -3.6883 1.3578 0.52298 -3.121 2.4482 -0.53135 -3.3986 -0.75216 0.0048437 0.24029 -0.91484 -1.8147 -0.79755 -0.95675 -3.5229 -0.22202 0.75216 -0.0048437 -0.24029 0.5259 -1.7964 -1.3143 0.71878 -3.4561 -0.63683
2 42 120 -2.3531 0.63938 -4.146 -1.7528 0.55244 -3.0379 -2.5891 0.46049 -2.5285 -3.0969 -0.43274 -1.2585 -3.9589 -1.602 -1.7757 -0.93241 0.64495 -3.5725 0.67927 0.52298 -3.3351 1.6881 -0.53135 -3.8333 -0.68576 0.0048437 0.39142 -1.0607 -1.8147 -0.58991 -0.98201 -3.5229 -0.018245 0.68576 -0.0048437 -0.39142 0.24116 -1.7964 -1.3949 0.57066 -3.4561 -0.77236
2 42 132 -3.1637 0.63938 -3.5661 -2.3461 0.55244 -2.6071 -3.0582 0.46049 -1.935 -3.2909 -0.43274 -0.58709 -4.2415 -1.602 -0.91377 -1.6548 0.64495 -3.3006 -0.028982 0.52298 -3.4034 0.85426 -0.53135 -4.1005 -0.58939 0.0048437 0.52544 -1.1601 -1.8147 -0.3565 -0.96434 -3.5229 0.18632 0.58939 -0.0048437 -0.52544 -0.054134 -1.7964 -1.4146 0.39761 -3.4561 -0.87413
2 42 144 -3.836 0.63938 -2.8304 -2.8369 0.55244 -2.0623 -3.3937 0.46049 -1.2568 -3.341 -0.43274 0.10996 -4.3388 -1.602 -0.011936 -2.3049 0.64495 -2.8844 -0.73596 0.52298 -3.323 -0.016951 -0.53135 -4.1885 -0.46727 0.0048437 0.6365 -1.2089 -1.8147 -0.1075 -0.90453 -3.5229 0.38275 0.46727 -0.0048437 -0.6365 -0.34706 -1.7964 -1.3724 0.20718 -3.4561 -0.9377
2 43 108 -1.4867 0.59315 -4.5366 -1.1246 0.50501 -3.3307 -2.0442 0.41418 -2.9939 -2.8576 -0.68676 -2.1022 -3.4776 -1.7604 -3.0191 -0.21574 0.59615 -3.6953 1.3594 0.2755 -3.404 2.1716 -0.87385 -4.034 -0.75012 -0.0063815 0.24654 -0.9074 -1.8045 -0.82886 -0.95589 -3.5081 -0.24056 0.75012 0.0063815 -0.24654 0.52181 -1.7808 -1.3273 0.70642 -3.4426 -0.65267
2 43 120 -2.3975 0.59315 -4.1284 -1.7926 0.50501 -3.0241 -2.622 0.41418 -2.5034 -3.2323 -0.68676 -1.4621 -4.0293 -1.7604 -2.23 -0.97933 0.59615 -3.5697 0.62196 0.2755 -3.6123 1.2855 -0.87385 -4.3974 -0.68247 -0.0063815 0.39711 -1.0599 -1.8045 -0.62209 -0.98502 -3.5081 -0.036557 0.68247 0.0063815 -0.39711 0.23444 -1.7808 -1.4068 0.55528 -3.4426 -0.78528
2 43 132 -3.2034 0.59315 -3.5397 -2.3821 0.50501 -2.5853 -3.0852 0.41418 -1.9036 -3.4656 -0.68676 -0.75817 -4.4049 -1.7604 -1.3436 -1.7001 0.59615 -3.2881 -0.14267 0.2755 -3.6626 0.3431 -0.87385 -4.5686 -0.58499 -0.0063815 0.53032 -1.1661 -1.8045 -0.38813 -0.9711 -3.5081 0.16904 0.58499 0.0063815 -0.53033 -0.063184 -1.7808 -1.4248 0.37988 -3.4426 -0.88357
2 43 144 -3.8694 0.59315 -2.7963 -2.8676 0.50501 -2.0335 -3.4136 0.41418 -1.2205 -3.5475 -0.68676 -0.021054 -4.588 -1.7604 -0.39839 -2.3466 0.59615 -2.8628 -0.90106 0.2755 -3.5529 -0.61425 -0.87385 -4.5401 -0.46195 -0.0063815 0.64036 -1.2213 -1.8045 -0.1372 -0.91473 -3.5081 0.36725 0.46195 0.0063815 -0.64036 -0.35804 -1.7808 -1.3806 0.18787 -3.4426 -0.94325
2 44 108 -1.5108 0.58464 -4.5307 -1.1384 0.49004 -3.3289 -2.0529 0.40597 -2.9768 -2.823 -0.84291 -2.2585 -3.3345 -1.8523 -3.3059 -0.23507 0.57468 -3.7087 1.3071 0.043192 -3.6196 1.73 -1.1437 -4.5085 -0.74945 -0.0078087 0.2485 -0.9047 -1.8028 -0.83233 -0.94208 -3.5063 -0.24279 0.74945 0.0078082 -0.2485 0.51639 -1.7762 -1.3336 0.70985 -3.4374 -0.66012
2 44 120 -2.4198 0.58464 -4.1176 -1.8056 0.49004 -3.0195 -2.6269 0.40597 -2.4849 -3.2309 -0.84291 -1.6222 -3.949 -1.8523 -2.5404 -1.001 0.57468 -3.5787 0.52599 0.043192 -3.8123 0.75482 -1.1437 -4.7696 -0.68141 -0.0078087 0.39889 -1.058 -1.8028 -0.62604 -0.97197 -3.5063 -0.041613 0.68141 0.0078082 -0.39889 0.22784 -1.7762 -1.4118 0.55709 -3.4374 -0.79328
2 44 132 -3.223 0.58464 -3.5245 -2.394 0.49004 -2.5781 -3.0862 0.40597 -1.8844 -3.4975 -0.84291 -0.91499 -4.3909 -1.8523 -1.6639 -1.7232 0.57468 -3.2924 -0.27812 0.043192 -3.8383 -0.25334 -1.1437 -4.8223 -0.58359 -0.0078087 0.53185 -1.165 -1.8028 -0.3924 -0.95939 -3.5063 0.16138 0.58359 0.0078082 -0.53185 -0.070678 -1.7762 -1.4283 0.37999 -3.4374 -0.89177
2 45 108 -1.5236 0.62867 -4.5212 -1.1465 0.51823 -3.3217 -2.0639 0.42662 -2.9793 -2.6815 -0.9401 -2.3317 -3.1179 -1.9423 -3.4193 -0.23994 0.6105 -3.6919 1.1987 -0.16305 -3.664 1.2478 -1.3131 -4.69 -0.74824 -0.0047765 0.25222 -0.92416 -1.8123 -0.80426 -0.93295 -3.5182 -0.22058 0.74824 0.004776 -0.25222 0.52763 -1.786 -1.3287 0.70929 -3.4435 -0.64298
2 45 120 -2.4303 0.62867 -4.1057 -1.812 0.51823 -3.0108 -2.6382 0.42662 -2.485 -3.1077 -0.9401 -1.7232 -3.7607 -1.9423 -2.6963 -1.0023 0.6105 -3.5614 0.41068 -0.16305 -3.8332 0.24539 -1.3131 -4.847 -0.67945 -0.0047765 0.40227 -1.0712 -1.8123 -0.59454 -0.95843 -3.5182 -0.021792 0.67945 0.004776 -0.40227 0.23983 -1.786 -1.4094 0.56011 -3.4435 -0.7764
2 45 132 -3.2308 0.62867 -3.5107 -2.3984 0.51823 -2.5682 -3.0972 0.42662 -1.8822 -3.3981 -0.9401 -1.0394 -4.2391 -1.9423 -1.8555 -1.7208 0.6105 -3.2752 -0.39525 -0.16305 -3.8348 -0.76771 -1.3131 -4.7921 -0.58096 -0.0047765 0.53475 -1.1714 -1.8123 -0.35884 -0.94201 -3.5182 0.17795 0.58096 0.004776 -0.53475 -0.058441 -1.786 -1.4285 0.38645 -3.4435 -0.87588
2 46 108 -1.5408 0.71234 -4.5056 -1.1643 0.57605 -3.3085 -2.0845 0.49078 -2.9718 -2.5089 -0.94531 -2.3189 -2.8871 -1.9896 -3.3885 -0.25494 0.66242 -3.6731 1.0399 -0.33003 -3.5883 0.82431 -1.4495 -4.6266 -0.74626 -0.00057268 0.25806 -0.94308 -1.8221 -0.77039 -0.93802 -3.5329 -0.20125 0.74626 0.00057268 -0.25806 0.50937 -1.8074 -1.3018 0.70176 -3.4606 -0.60841
2 46 120 -2.4439 0.71234 -4.0868 -1.8268 0.57605 -2.9942 -2.6568 0.49078 -2.4734 -2.9362 -0.94531 -1.7466 -3.5285 -1.9896 -2.7142 -1.013 0.66242 -3.5398 0.27111 -0.33003 -3.7261 -0.15563 -1.4495 -4.6969 -0.6763 -0.00057268 0.40758 -1.0826 -1.8221 -0.55747 -0.95937 -3.5329 -0.0018269 0.6763 0.00057268 -0.40758 0.22757 -1.8074 -1.3793 0.55993 -3.4606 -0.74102
2 46 132 -3.2401 0.71234 -3.4894 -2.4094 0.57605 -2.5489 -3.113 0.49078 -1.867 -3.2351 -0.94531 -1.098 -4.0157 -1.9896 -1.9213 -1.7269 0.66242 -3.2518 -0.50951 -0.33003 -3.701 -1.1288 -1.4495 -4.5619 -0.57678 -0.00057268 0.53928 -1.1749 -1.8221 -0.3202 -0.93878 -3.5329 0.19768 0.57678 0.00057268 -0.53928 -0.064172 -1.8074 -1.3965 0.39363 -3.4606 -0.84125
2 47 108 -1.5613 0.84367 -4.4771 -1.1863 0.66318 -3.2862 -2.1072 0.58224 -2.9506 -2.3709 -0.86586 -2.2419 -2.6846 -1.9856 -3.2545 -0.2761 0.746 -3.6496 0.86904 -0.39883 -3.4333 0.50679 -1.5473 -4.3964 -0.74353 0.0067611 0.26573 -0.95834 -1.8307 -0.7302 -0.936 -3.5455 -0.17353 0.74353 -0.0067608 -0.26573 0.46427 -1.8344 -1.2637 0.70322 -3.4836 -0.57517
2 47 120 -2.458 0.84367 -4.0547 -1.8436 0.66318 -2.9678 -2.6746 0.58224 -2.448 -2.7852 -0.86586 -1.6999 -3.3026 -1.9856 -2.6252 -1.0289 0.746 -3.5125 0.13622 -0.39883 -3.539 -0.41835 -1.5473 -4.4057 -0.67203 0.0067611 0.41452 -1.0892 -1.8307 -0.515 -0.95163 -3.5455 0.024865 0.67203 -0.0067608 -0.41452 0.19139 -1.8344 -1.3326 0.56827 -3.4836 -0.70881
2 47 132 -3.2473 0.84367 -3.455 -2.4204 0.66318 -2.5196 -3.1252 0.58224 -1.8384 -3.0777 -0.86586 -1.0837 -3.7763 -1.9856 -1.8812 -1.7367 0.746 -3.2218 -0.60256 -0.39883 -3.49 -1.3252 -1.5473 -4.2225 -0.57116 0.0067611 0.54518 -1.1725 -1.8307 -0.27728 -0.92566 -3.5455 0.22218 0.57116 -0.0067608 -0.54518 -0.089849 -1.8344 -1.3432 0.40848 -3.4836 -0.81147
2 48 108 -1.5889 1.0057 -4.4366 -1.2122 0.77499 -3.2552 -2.1339 0.70304 -2.9196 -2.2651 -0.71181 -2.1135 -2.52 -1.9261 -3.029 -0.3013 0.84988 -3.6185 0.73008 -0.35785 -3.2359 0.30263 -1.5966 -4.0486 -0.73963 0.014052 0.27612 -0.96222 -1.8364 -0.69377 -0.93659 -3.5539 -0.14561 0.73963 -0.014052 -0.27612 0.43238 -1.8603 -1.2308 0.6991 -3.504 -0.53947
2 48 120 -2.4766 1.0057 -4.0093 -1.8625 0.77499 -2.9321 -2.6943 0.70304 -2.4121 -2.655 -0.71181 -1.5964 -3.0947 -1.9261 -2.4389 -1.047 0.84988 -3.4768 0.04135 -0.35785 -3.317 -0.54574 -1.5966 -4.0231 -0.66606 0.014052 0.42387 -1.0854 -1.8364 -0.47855 -0.9464 -3.5539 0.052297 0.66606 -0.014052 -0.42387 0.16704 -1.8603 -1.2938 0.57166 -3.504 -0.67303
2 48 132 -3.256 1.0057 -3.4068 -2.4314 0.77499 -2.4807 -3.1369 0.70304 -1.7992 -2.9289 -0.71181 -1.0095 -3.5341 -1.9261 -1.7422 -1.747 0.84988 -3.1831 -0.64919 -0.35785 -3.2531 -1.3703 -1.5966 -3.8217 -0.56338 0.014052 0.55309 -1.1612 -1.8364 -0.24242 -0.91485 -3.5539 0.24792 0.56338 -0.014052 -0.55309 -0.10561 -1.8603 -1.3002 0.41924 -3.504 -0.77718
2 49 108 -1.6043 1.1754 -4.389 -1.2262 0.89629 -3.2192 -2.1463 0.84247 -2.8757 -2.1862 -0.4983 -1.9433 -2.3837 -1.8211 -2.7107 -0.31709 0.9541 -3.59 0.64366 -0.24211 -3.0289 0.24471 -1.5943 -3.6536 -0.73697 0.017495 0.28297 -0.95001 -1.843 -0.66969 -0.93345 -3.5605 -0.12142 0.73697 -0.017495 -0.28297 0.40399 -1.8766 -1.2034 0.69366 -3.5134 -0.50487
2 49 120 -2.4818 1.1754 -3.9595 -1.8687 0.89629 -2.8939 -2.6973 0.84247 -2.3667 -2.5425 -0.4983 -1.4463 -2.8952 -1.8211 -2.1558 -1.0566 0.9541 -3.4456 -0.00015743 -0.24211 -3.0966 -0.52026 -1.5943 -3.6246 -0.66203 0.017495 0.43001 -1.0685 -1.843 -0.45753 -0.93829 -3.5605 0.075312 0.66203 -0.017495 -0.43001 0.14497 -1.8766 -1.261 0.57354 -3.5134 -0.63806
2 49 132 -3.2508 1.1754 -3.357 -2.4295 0.89629 -2.4421 -3.1304 0.84247 -1.7541 -2.7876 -0.4983 -0.88606 -3.2801 -1.8211 -1.5068 -1.7499 0.9541 -3.1507 -0.64397 -0.24211 -3.0289 -1.2625 -1.5943 -3.4373 -0.55816 0.017495 0.55825 -1.1403 -1.843 -0.22539 -0.90213 -3.5605 0.26875 0.55816 -0.017495 -0.55825 -0.12038 -1.8766 -1.2636 0.42835 -3.5134 -0.74336
2 50 108 -1.6039 1.3595 -4.338 -1.2275 1.0323 -3.1798 -2.1489 0.99533 -2.8378 -2.1356 -0.2333 -1.7612 -2.2863 -1.6564 -2.3354 -0.31687 1.0744 -3.5491 0.60573 -0.055225 -2.8132 0.33061 -1.5166 -3.221 -0.73402 0.024701 0.29 -0.94647 -1.8411 -0.65237 -0.9301 -3.5582 -0.10271 0.73402 -0.024701 -0.29 0.3775 -1.8966 -1.175 0.70105 -3.5265 -0.47532
2 50 120 -2.4707 1.3595 -3.9097 -1.8618 1.0323 -2.8551 -2.692 0.99533 -2.329 -2.4551 -0.2333 -1.2787 -2.7219 -1.6564 -1.809 -1.0478 1.0744 -3.4057 0.0075992 -0.055225 -2.8776 -0.34629 -1.5166 -3.2193 -0.65768 0.024701 0.43628 -1.0614 -1.8411 -0.44133 -0.93113 -3.5582 0.092911 0.65768 -0.024701 -0.43628 0.12494 -1.8966 -1.2279 0.58691 -3.5265 -0.61069
2 50 132 -3.2296 1.3595 -3.3106 -2.4147 1.0323 -2.4056 -3.1174 0.99533 -1.7184 -2.6673 -0.2333 -0.74032 -3.0385 -1.6564 -1.2036 -1.733 1.0744 -3.1134 -0.59086 -0.055225 -2.8163 -1.008 -1.5166 -3.077 -0.5526 0.024701 0.56349 -1.13 -1.8411 -0.21101 -0.89146 -3.5582 0.28447 0.55261 -0.024701 -0.56349 -0.13308 -1.8966 -1.227 0.44711 -3.5265 -0.71937
2 51 108 -1.6097 1.5381 -4.2787 -1.237 1.1675 -3.1318 -2.1586 1.1432 -2.789 -2.1251 0.063454 -1.5635 -2.2475 -1.4386 -1.89 -0.32617 1.1982 -3.5016 0.59735 0.18435 -2.614 0.51738 -1.3456 -2.789 -0.73022 0.027153 0.29924 -0.94877 -1.8441 -0.63079 -0.93131 -3.5605 -0.078939 0.73022 -0.027153 -0.29924 0.37017 -1.9098 -1.1596 0.698 -3.5341 -0.4488
2 51 120 -2.4641 1.5381 -3.8506 -1.8611 1.1675 -2.8062 -2.6912 1.1432 -2.2792 -2.4038 0.063454 -1.0875 -2.5913 -1.4386 -1.3814 -1.0471 1.1982 -3.3573 0.040812 0.18435 -2.6811 -0.073792 -1.3456 -2.8356 -0.65205 0.027153 0.44452 -1.0592 -1.8441 -0.41975 -0.92737 -3.5605 0.11642 0.65205 -0.027153 -0.44452 0.12099 -1.9098 -1.2112 0.58944 -3.5341 -0.58412
2 51 132 -3.2108 1.5381 -3.2541 -2.4039 1.1675 -2.3579 -3.1063 1.1432 -1.6699 -2.5774 0.063454 -0.56399 -2.8219 -1.4386 -0.81244 -1.7222 1.1982 -3.0662 -0.51751 0.18435 -2.631 -0.66174 -1.3456 -2.7583 -0.54538 0.027153 0.57037 -1.1233 -1.8441 -0.19036 -0.8829 -3.5605 0.30668 0.54538 -0.027153 -0.57037 -0.13348 -1.9098 -1.2099 0.45511 -3.5341 -0.6939
2 52 108 -1.5922 1.7059 -4.2232 -1.2283 1.2953 -3.0866 -2.1496 1.2824 -2.7423 -2.1151 0.38669 -1.3765 -2.2384 -1.1502 -1.3981 -0.31769 1.3159 -3.4576 0.63187 0.4526 -2.4468 0.79344 -1.0788 -2.3669 -0.72933 0.024885 0.30159 -0.95003 -1.8567 -0.60686 -0.92489 -3.572 -0.051924 0.72933 -0.024885 -0.30159 0.38294 -1.9189 -1.1425 0.70332 -3.5405 -0.4224
2 52 120 -2.4355 1.7059 -3.7999 -1.8432 1.2953 -2.7637 -2.6728 1.2824 -2.2355 -2.3551 0.38669 -0.90671 -2.4802 -1.1502 -0.90218 -1.0296 1.3159 -3.316 0.10935 0.4526 -2.5247 0.28398 -1.0788 -2.4802 -0.65069 0.024885 0.44663 -1.0554 -1.8567 -0.39607 -0.91548 -3.572 0.14151 0.65069 -0.024885 -0.44663 0.13703 -1.9189 -1.1971 0.60012 -3.5405 -0.5594
2 52 132 -3.1723 1.7059 -3.2105 -2.3776 1.2953 -2.3201 -3.0791 1.2824 -1.6309 -2.4922 0.38669 -0.39723 -2.6136 -1.1502 -0.3668 -1.6966 1.3159 -3.0295 -0.41794 0.4526 -2.4922 -0.23789 -1.0788 -2.485 -0.54361 0.024885 0.57216 -1.1147 -1.8567 -0.16798 -0.86605 -3.572 0.32875 0.54361 -0.024885 -0.57216 -0.11486 -1.9189 -1.1995 0.4707 -3.5405 -0.67195
2 53 120 -2.4013 1.8393 -3.7607 -1.8185 1.4033 -2.7288 -2.6501 1.3912 -2.2037 -2.3151 0.70495 -0.75958 -2.3953 -0.79304 -0.40281 -1.0026 1.4239 -3.2777 0.19603 0.73779 -2.4052 0.66521 -0.71267 -2.1734 -0.65011 0.024213 0.44751 -1.0573 -1.866 -0.37433 -0.90646 -3.5805 0.16294 0.65011 -0.024213 -0.44751 0.15252 -1.9261 -1.1889 0.61285 -3.5434 -0.53843
2 53 132 -3.1307 1.8393 -3.1792 -2.3461 1.4033 -2.2911 -3.0504 1.3912 -1.6046 -2.4225 0.70495 -0.26164 -2.4267 -0.79304 0.104 -1.6622 1.4239 -2.9976 -0.30832 0.73779 -2.3934 0.19879 -0.71267 -2.2643 -0.54286 0.024213 0.5729 -1.112 -1.866 -0.14632 -0.85278 -3.5805 0.34784 0.54286 -0.024213 -0.5729 -0.097991 -1.9261 -1.1946 0.48751 -3.5434 -0.65408
2 54 120 -2.3723 1.9289 -3.733 -1.7954 1.4864 -2.6996 -2.6317 1.471 -2.1822 -2.2828 1.007 -0.65525 -2.3419 -0.36042 0.054895 -0.97453 1.5108 -3.2409 0.28456 1.0239 -2.3209 1.0182 -0.27887 -1.9438 -0.64742 0.027229 0.45122 -1.0502 -1.8727 -0.35021 -0.89601 -3.5904 0.17562 0.64742 -0.027229 -0.45122 0.16259 -1.9391 -1.1752 0.62576 -3.5536 -0.51968
2 54 132 -3.0966 1.9289 -3.1582 -2.3175 1.4864 -2.2673 -3.0279 1.471 -1.5874 -2.3692 1.007 -0.1663 -2.2793 -0.36042 0.54059 -1.627 1.5108 -2.9674 -0.20419 1.0239 -2.3293 0.59184 -0.27887 -2.113 -0.53946 0.027229 0.57597 -1.1001 -1.8727 -0.12421 -0.83992 -3.5904 0.35807 0.53946 -0.027229 -0.57597 -0.085303 -1.9391 -1.1833 0.50404 -3.5536 -0.63843
2 54 144 -3.6856 1.9289 -2.4454 -2.7382 1.4864 -1.736 -3.2918 1.471 -0.92316 -2.352 1.007 0.32991 -2.1171 -0.36042 1.0027 -2.2084 1.5108 -2.5643 -0.68402 1.0239 -2.2359 0.13959 -0.27887 -2.1899 -0.40792 0.027229 0.67554 -1.1019 -1.8727 0.10723 -0.74712 -3.5904 0.52487 0.40792 -0.027229 -0.67554 -0.32947 -1.9391 -1.1397 0.36029 -3.5536 -0.72927
2 55 120 -2.3432 1.9539 -3.738 -1.7746 1.5168 -2.6975 -2.6154 1.4961 -2.1877 -2.2612 1.2608 -0.61038 -2.309 0.097194 0.40029 -0.94906 1.5466 -3.2313 0.35539 1.2672 -2.2884 1.3078 0.15284 -1.81 -0.64926 0.025459 0.44868 -1.037 -1.8799 -0.34716 -0.88367 -3.5968 0.18173 0.64926 -0.025459 -0.44868 0.17742 -1.9461 -1.1576 0.6359 -3.5638 -0.50665
2 55 132 -3.0692 1.9539 -3.1691 -2.2967 1.5168 -2.2696 -3.0131 1.4961 -1.5961 -2.3387 1.2608 -0.1269 -2.1753 0.097194 0.87161 -1.6002 1.5466 -2.9634 -0.12817 1.2672 -2.3123 0.9029 0.15284 -2.0424 -0.54179 0.025459 0.57386 -1.0865 -1.8799 -0.12397 -0.82658 -3.5968 0.36149 0.54179 -0.025459 -0.57386 -0.067142 -1.9461 -1.1692 0.51667 -3.5638 -0.62779
2 55 144 -3.661 1.9539 -2.4618 -2.7184 1.5168 -1.7425 -3.2791 1.4961 -0.93476 -2.314 1.2608 0.36211 -1.9465 0.097194 1.3048 -2.1813 1.5466 -2.566 -0.60613 1.2672 -2.2351 0.45853 0.15284 -2.1855 -0.41063 0.025459 0.67397 -1.0886 -1.8799 0.10464 -0.73336 -3.5968 0.52544 0.41063 -0.025459 -0.67397 -0.30877 -1.9461 -1.1297 0.37485 -3.5638 -0.72149
2 56 132 -3.0444 1.9422 -3.197 -2.2749 1.5224 -2.2863 -2.9985 1.4976 -1.6205 -2.3182 1.4758 -0.13546 -2.1146 0.55327 1.0832 -1.5712 1.556 -2.9725 -0.078242 1.4847 -2.3131 1.131 0.56874 -2.0366 -0.54802 0.021492 0.56807 -1.0829 -1.8831 -0.13944 -0.8142 -3.5939 0.36269 0.54802 -0.021492 -0.56807 -0.052887 -1.945 -1.1624 0.52813 -3.5647 -0.62397
2 56 144 -3.6426 1.9422 -2.4942 -2.7006 1.5224 -1.7633 -3.2699 1.4976 -0.9617 -2.2957 1.4758 0.34947 -1.8432 0.55327 1.4992 -2.1548 1.556 -2.5809 -0.55745 1.4847 -2.2463 0.68284 0.56874 -2.2272 -0.41794 0.021492 0.6696 -1.0883 -1.8831 0.088759 -0.721 -3.5939 0.52404 0.41794 -0.021492 -0.6696 -0.29341 -1.945 -1.126 0.38686 -3.5647 -0.72014
2 57 132 -3.0403 1.8792 -3.2371 -2.2704 1.482 -2.3168 -2.9954 1.4539 -1.6528 -2.3156 1.6198 -0.17659 -2.1004 0.93059 1.1859 -1.5653 1.5184 -3.0015 -0.080666 1.6398 -2.3307 1.2506 0.9053 -2.0743 -0.55419 0.016918 0.56221 -1.1031 -1.8724 -0.17501 -0.81237 -3.5716 0.35316 0.55419 -0.016918 -0.56221 -0.053642 -1.9307 -1.1806 0.53073 -3.5446 -0.62871
2 57 144 -3.6469 1.8792 -2.5343 -2.7025 1.482 -1.7941 -3.2736 1.4539 -0.99386 -2.3017 1.6198 0.3087 -1.808 0.93059 1.5967 -2.1551 1.5184 -2.6105 -0.56349 1.6398 -2.263 0.79204 0.9053 -2.289 -0.42519 0.016918 0.66515 -1.1154 -1.8724 0.058158 -0.7212 -3.5716 0.51435 0.42519 -0.016918 -0.66515 -0.29792 -1.9307 -1.1436 0.38842 -3.5446 -0.72532
2 58 132 -3.0404 1.7787 -3.2926 -2.2747 1.4074 -2.358 -3.0074 1.3749 -1.7027 -2.3221 1.6954 -0.25477 -2.1171 1.1902 1.1876 -1.5617 1.4475 -3.0343 -0.10867 1.7422 -2.3483 1.2849 1.1201 -2.1275 -0.55981 0.012627 0.55674 -1.1428 -1.8454 -0.23206 -0.81574 -3.5255 0.33454 0.55981 -0.012627 -0.55674 -0.064207 -1.9024 -1.2303 0.5304 -3.5005 -0.64443
2 58 144 -3.6586 1.7787 -2.5885 -2.7153 1.4074 -1.8335 -3.2957 1.3749 -1.0402 -2.3243 1.6954 0.23359 -1.8239 1.1902 1.6018 -2.1585 1.4475 -2.6433 -0.59453 1.7422 -2.2744 0.81445 1.1201 -2.3481 -0.43182 0.012627 0.66096 -1.1661 -1.8454 0.010616 -0.72836 -3.5255 0.49683 0.43182 -0.012627 -0.66096 -0.3186 -1.9024 -1.1901 0.38483 -3.5005 -0.74063
2 59 132 -3.0397 1.6634 -3.3536 -2.2822 1.3187 -2.4029 -3.0197 1.279 -1.7534 -2.3224 1.712 -0.34096 -2.142 1.3134 1.1377 -1.5643 1.3656 -3.0736 -0.15355 1.7821 -2.363 1.2587 1.1928 -2.1736 -0.56558 0.010248 0.55092 -1.1884 -1.8044 -0.30545 -0.81366 -3.4552 0.31536 0.56558 -0.010248 -0.55092 -0.084451 -1.8631 -1.2984 0.52553 -3.4329 -0.65469
2 59 144 -3.6706 1.6634 -2.6483 -2.7319 1.3187 -1.8759 -3.3183 1.279 -1.0873 -2.3425 1.712 0.14935 -1.8586 1.3134 1.5581 -2.1692 1.3656 -2.6812 -0.64149 1.7821 -2.2794 0.77928 1.1928 -2.3878 -0.43868 0.010248 0.65647 -1.2259 -1.8044 -0.051703 -0.73032 -3.4552 0.47764 0.43868 -0.010248 -0.65647 -0.35256 -1.8631 -1.2525 0.37793 -3.4329 -0.74965
2 60 132 -3.0403 1.5685 -3.4022 -2.2892 1.2386 -2.442 -3.0275 1.1953 -1.7936 -2.312 1.6679 -0.40311 -2.1489 1.2769 1.0795 -1.5706 1.2887 -3.1116 -0.19266 1.7386 -2.3582 1.2083 1.1176 -2.1865 -0.56868 0.010645 0.54771 -1.2315 -1.7535 -0.38107 -0.80308 -3.3666 0.30126 0.56868 -0.010645 -0.54771 -0.11708 -1.8188 -1.3691 0.52917 -3.3453 -0.65984
2 60 144 -3.6812 1.5685 -2.6958 -2.7469 1.2386 -1.9127 -3.3342 1.1953 -1.125 -2.3453 1.6679 0.086388 -1.8775 1.2769 1.5027 -2.1832 1.2887 -2.7171 -0.67874 1.7386 -2.2666 0.72725 1.1176 -2.3899 -0.44238 0.010645 0.65398 -1.2838 -1.7535 -0.1167 -0.72289 -3.3666 0.46165 0.44238 -0.010645 -0.65398 -0.39917 -1.8188 -1.3148 0.38042 -3.3453 -0.75545
2 61 132 -3.0241 1.5293 -3.437 -2.2837 1.1956 -2.4697 -3.0295 1.1451 -1.8306 -2.2793 1.5626 -0.44077 -2.1343 1.0738 1.0145 -1.5573 1.253 -3.1304 -0.18595 1.6294 -2.3264 1.1603 0.8901 -2.1896 -0.57279 0.0082362 0.54345 -1.2782 -1.6987 -0.45812 -0.78791 -3.2607 0.29726 0.57279 -0.0082364 -0.54345 -0.14967 -1.7684 -1.4347 0.53853 -3.239 -0.6509
2 61 144 -3.6726 1.5293 -2.7331 -2.7473 1.1956 -1.941 -3.3439 1.1451 -1.1607 -2.3211 1.5626 0.042756 -1.8768 1.0738 1.4361 -2.1741 1.253 -2.7382 -0.66558 1.6294 -2.2369 0.67967 0.8901 -2.383 -0.44728 0.0082362 0.65067 -1.3455 -1.6987 -0.18235 -0.70889 -3.2607 0.45458 0.44728 -0.0082364 -0.65067 -0.44469 -1.7684 -1.3722 0.39143 -3.239 -0.74864
2 62 120 -2.2136 1.5726 -3.9946 -1.6997 1.2132 -2.898 -2.5667 1.1632 -2.4361 -2.0909 1.4061 -0.8923 -2.2694 0.70331 0.46856 -0.84713 1.2707 -3.3849 0.32712 1.4354 -2.2612 1.509 0.49515 -1.95 -0.67782 -0.0022628 0.40503 -1.1958 -1.6419 -0.80228 -0.81146 -3.1332 0.13537 0.67782 0.0022628 -0.40503 0.1456 -1.7072 -1.5045 0.67768 -3.1108 -0.5056
2 62 132 -2.9957 1.5726 -3.447 -2.2651 1.2132 -2.4813 -3.0171 1.1632 -1.8492 -2.2307 1.4061 -0.43809 -2.1224 0.70331 0.93015 -1.5324 1.2707 -3.1348 -0.15016 1.4354 -2.2798 1.0705 0.49515 -2.2211 -0.5788 -0.0022628 0.53711 -1.3364 -1.6419 -0.53613 -0.76559 -3.1332 0.30113 0.5788 0.0022628 -0.53711 -0.17038 -1.7072 -1.5019 0.55775 -3.1108 -0.63545
2 62 144 -3.6469 1.5726 -2.7489 -2.7315 1.2132 -1.9561 -3.3356 1.1632 -1.1816 -2.273 1.4061 0.035272 -1.8826 0.70331 1.3511 -2.1507 1.2707 -2.7477 -0.62088 1.4354 -2.1988 0.58535 0.49515 -2.3952 -0.45448 -0.0022628 0.64571 -1.4187 -1.6419 -0.24656 -0.68625 -3.1332 0.45372 0.45448 0.0022628 -0.64571 -0.47891 -1.7072 -1.4336 0.41344 -3.1108 -0.73753
2 63 120 -2.1661 1.7299 -3.958 -1.6691 1.3166 -2.8726 -2.5423 1.2596 -2.4236 -2.0616 1.18 -0.86433 -2.2905 0.18074 0.28753 -0.80982 1.3824 -3.3465 0.36158 1.1872 -2.2247 1.3344 -0.0037353 -2.1108 -0.68036 -0.012081 0.40057 -1.2403 -1.5914 -0.86685 -0.78737 -2.9925 0.1738 0.68036 0.012081 -0.40057 0.15061 -1.648 -1.5744 0.70809 -2.9694 -0.48178
2 63 132 -2.9417 1.7299 -3.4211 -2.2299 1.3166 -2.4628 -2.9907 1.2596 -1.842 -2.1962 1.18 -0.41681 -2.1806 0.18074 0.75746 -1.4879 1.3824 -3.105 -0.10887 1.1872 -2.2513 0.86638 -0.0037353 -2.3421 -0.58221 -0.012081 0.53327 -1.3934 -1.5914 -0.59003 -0.73403 -2.9925 0.3337 0.58221 0.012081 -0.53327 -0.18002 -1.648 -1.5713 0.59245 -2.9694 -0.61847
2 63 144 -3.5887 1.7299 -2.7347 -2.6932 1.3166 -1.9454 -3.3083 1.2596 -1.18 -2.2349 1.18 0.048917 -1.9755 0.18074 1.1943 -2.101 1.3824 -2.7278 -0.57455 1.1872 -2.1794 0.36049 -0.0037353 -2.4711 -0.45862 -0.012081 0.64267 -1.4857 -1.5914 -0.28742 -0.64861 -2.9925 0.47902 0.45862 0.012081 -0.64267 -0.50278 -1.648 -1.4995 0.45092 -2.9694 -0.72813
2 64 120 -2.0893 2.0029 -3.8689 -1.6174 1.5079 -2.8076 -2.4945 1.4472 -2.3667 -2.0682 0.91296 -0.8829 -2.4065 -0.39513 -0.13983 -0.75383 1.579 -3.2729 0.35632 0.91435 -2.2757 0.98011 -0.47942 -2.49 -0.68326 -0.018372 0.39536 -1.2958 -1.5341 -0.92441 -0.77966 -2.8297 0.21839 0.68326 0.018372 -0.39536 0.16462 -1.594 -1.6385 0.74764 -2.82 -0.45199
2 64 132 -2.8481 2.0029 -3.35 -2.1658 1.5079 -2.41 -2.932 1.4472 -1.7963 -2.2066 0.91296 -0.43359 -2.383 -0.39513 0.36357 -1.4178 1.579 -3.0447 -0.12461 0.91435 -2.3 0.44099 -0.47942 -2.6394 -0.58613 -0.018372 0.52878 -1.4596 -1.5341 -0.63481 -0.71721 -2.8297 0.37572 0.58613 0.018372 -0.52878 -0.17965 -1.594 -1.6369 0.63733 -2.82 -0.59755
2 65 120 -1.9892 2.3653 -3.7154 -1.5453 1.7516 -2.7071 -2.4259 1.6898 -2.2734 -2.1384 0.6498 -1.0468 -2.6617 -0.79805 -0.95945 -0.67773 1.826 -3.1644 0.24267 0.67543 -2.4589 0.41347 -0.72126 -3.0896 -0.6861 -0.019672 0.39035 -1.3524 -1.469 -0.97703 -0.7782 -2.6744 0.23473 0.6861 0.019672 -0.39035 0.18851 -1.5538 -1.6906 0.78068 -2.68 -0.41311
2 65 132 -2.7182 2.3653 -3.2207 -2.0743 1.7516 -2.3266 -2.8455 1.6898 -1.7193 -2.3093 0.6498 -0.57933 -2.803 -0.79805 -0.38509 -1.3208 1.826 -2.9544 -0.27387 0.67543 -2.4556 -0.23793 -0.72126 -3.1081 -0.58995 -0.019672 0.52447 -1.526 -1.469 -0.6745 -0.71239 -2.6744 0.3914 0.58995 0.019672 -0.52447 -0.16711 -1.5538 -1.6929 0.67773 -2.68 -0.56639
2 66 120 -1.8726 2.7471 -3.5092 -1.4599 2.0097 -2.5762 -2.3439 1.9504 -2.149 -2.2917 0.49018 -1.4185 -3.021 -0.70183 -2.0704 -0.5884 2.0838 -3.026 -0.0015884 0.57717 -2.7923 -0.29149 -0.55439 -3.7989 -0.68738 -0.016834 0.38823 -1.3653 -1.4613 -0.97858 -0.74679 -2.5888 0.28514 0.68738 0.016834 -0.38823 0.21829 -1.5408 -1.7178 0.80736 -2.5713 -0.3606
2 66 132 -2.5613 2.7471 -3.0432 -1.9636 2.0097 -2.2164 -2.7395 1.9504 -1.6147 -2.5366 0.49018 -0.91103 -3.3854 -0.70183 -1.397 -1.2047 2.0838 -2.8376 -0.58211 0.57717 -2.731 -1.075 -0.55439 -3.6553 -0.59164 -0.016834 0.52266 -1.539 -1.4613 -0.67332 -0.67119 -2.5888 0.43418 0.59164 0.016834 -0.52266 -0.14364 -1.5408 -1.7257 0.71474 -2.5713 -0.52058
