0 96 180 -0.21516 4.8279 -0.11326 -0.11736 3.5755 -0.030228 -0.089158 3.583 0.95289 -0.45435 4.4369 2.2968 -0.89119 5.8913 2.0288 -0.14481 3.5979 -1.0131 -0.8781 4.2401 -2.3241 -1.5756 5.601 -2.1267 0.047628 0.010407 0.78811 -0.4081 -2.0406 0.79279 0.16251 -3.751 0.79154 -0.047628 -0.010407 -0.78811 -0.4171 -2.0732 -0.9382 0.27744 -3.719 -1.1833
0 96 348 0.18691 4.8279 0.15552 0.10851 3.5755 0.053967 0.28533 3.583 -0.91353 0.92196 4.4369 -2.1522 1.2935 5.8913 -1.7992 -0.069001 3.5979 1.0211 0.37571 4.2401 2.4559 1.099 5.601 2.4078 0.11727 0.010407 -0.78079 0.56401 -2.0406 -0.69062 0.0056097 -3.751 -0.80803 -0.11727 -0.010407 0.78079 0.21292 -2.0732 1.0044 -0.51739 -3.719 1.0997
0 97 348 0.15665 4.834 0.10576 0.111 3.5752 0.038061 0.28766 3.566 -0.92945 1.2279 4.4478 -1.933 1.7708 5.7892 -1.4004 -0.066414 3.6141 1.0047 0.66241 4.2658 2.3134 1.583 5.4861 2.1107 0.11988 0.0091467 -0.78041 0.57746 -2.0395 -0.69047 0.029377 -3.7526 -0.81583 -0.11988 -0.0091467 0.78041 0.22037 -2.0706 1.0017 -0.49364 -3.7235 1.097
0 98 348 0.12959 4.839 0.061045 0.11328 3.576 0.019778 0.30058 3.5582 -0.94561 1.5186 4.35 -1.6928 2.1973 5.5639 -1.0269 -0.074591 3.6235 0.98404 0.90582 4.2146 2.1494 1.9964 5.2522 1.8153 0.12638 0.0064335 -0.77941 0.59061 -2.0407 -0.68984 0.051283 -3.7559 -0.82468 -0.12638 -0.006433 0.77941 0.22443 -2.0662 0.99983 -0.47145 -3.727 1.0911
0 99 348 0.11947 4.8428 0.025303 0.12164 3.5784 0.0024905 0.32819 3.5479 -0.95864 1.7653 4.1457 -1.4547 2.5493 5.2284 -0.68614 -0.084652 3.6385 0.96227 1.096 4.0849 1.9994 2.3061 4.9344 1.5618 0.13701 0.0030518 -0.77763 0.60547 -2.0429 -0.68271 0.069999 -3.7581 -0.83188 -0.13702 -0.0030513 0.77763 0.2254 -2.0608 0.99809 -0.45123 -3.7298 1.0841
0 100 180 -0.13497 4.8437 0.022235 -0.13854 3.5796 0.037148 -0.16735 3.544 1.0196 -1.6516 3.8759 1.6158 -2.6739 4.8274 0.96218 -0.11073 3.6451 -0.94383 -1.5952 3.8713 -1.5872 -2.7594 4.5464 -0.83457 0.013706 0.00036192 0.7895 -0.47292 -2.0435 0.78521 0.085361 -3.7572 0.83635 -0.013706 -0.0003624 -0.7895 -0.4347 -2.0535 -0.93659 0.19312 -3.7307 -1.1455
0 100 348 0.13665 4.8437 0.0063129 0.14324 3.5796 -0.0075319 0.37569 3.544 -0.96255 1.9515 3.8759 -1.2371 2.8156 4.8274 -0.38521 -0.087922 3.6451 0.94622 1.2303 3.8713 1.8842 2.5256 4.5464 1.39 0.15074 0.00036192 -0.7751 0.62584 -2.0435 -0.66973 0.090393 -3.7572 -0.83583 -0.15074 -0.0003624 0.7751 0.23047 -2.0535 1.0065 -0.42706 -3.7307 1.0803
0 101 336 0.17006 4.8428 0.037499 0.17921 3.5795 0.028328 0.61266 3.5415 -0.85373 2.2288 3.5686 -0.6172 2.9568 4.3776 0.47519 -0.25219 3.6473 0.90961 0.9254 3.609 2.0412 2.365 4.1247 1.8429 0.31922 -0.001101 -0.72221 0.76964 -2.0428 -0.51514 0.28193 -3.7554 -0.79827 -0.31922 0.001101 0.72221 0.024104 -2.0471 1.0403 -0.62056 -3.7294 0.96771
0 101 348 0.17414 4.8428 0.0013217 0.18118 3.5795 -0.0095505 0.42177 3.5415 -0.96246 2.0518 3.5686 -1.0671 2.991 4.3776 -0.14994 -0.057562 3.6473 0.94217 1.3296 3.609 1.8042 2.6964 4.1247 1.3109 0.16209 -0.001101 -0.7728 0.64571 -2.0428 -0.6639 0.10979 -3.7554 -0.83944 -0.16209 0.001101 0.7728 0.23987 -2.0471 1.0126 -0.4058 -3.7294 1.0756
0 102 336 0.23103 4.8399 0.043549 0.22566 3.5776 0.045104 0.65996 3.5233 -0.83569 2.2283 3.2242 -0.49008 3.0324 3.887 0.64653 -0.20583 3.6615 0.92495 0.99153 3.3524 1.9924 2.4888 3.6893 1.843 0.32398 -0.00029087 -0.72009 0.78157 -2.0402 -0.51119 0.29682 -3.7529 -0.79844 -0.32398 0.00029135 0.72009 0.035679 -2.0436 1.0479 -0.60413 -3.7274 0.968
0 102 348 0.23503 4.8399 -0.005436 0.2301 3.5776 -0.0027986 0.47178 3.5233 -0.95464 2.0778 3.2242 -0.94267 3.1006 3.887 0.0019225 -0.0090259 3.6615 0.94754 1.3841 3.3524 1.7427 2.8176 3.6893 1.2852 0.16719 -0.00029087 -0.77172 0.65821 -2.0402 -0.66252 0.12433 -3.7529 -0.84271 -0.16719 0.00029135 0.77172 0.25277 -2.0436 1.0176 -0.38967 -3.7274 1.0725
0 103 336 0.30292 4.835 0.043814 0.28038 3.5743 0.05326 0.72017 3.5038 -0.82366 2.1729 2.8782 -0.41536 3.0877 3.3738 0.72273 -0.15576 3.6743 0.92913 1.0089 3.1121 1.9272 2.5422 3.2614 1.8604 0.32791 -0.0042858 -0.7183 0.79052 -2.0432 -0.51082 0.30052 -3.7531 -0.80621 -0.32791 0.0042858 0.7183 0.034989 -2.0394 1.044 -0.59617 -3.7263 0.96128
0 103 348 0.30541 4.835 -0.020125 0.28532 3.5743 -0.0061977 0.53318 3.5038 -0.95539 2.0391 2.8782 -0.85806 3.1705 3.3738 0.064973 0.040823 3.6743 0.94121 1.3876 3.1121 1.6753 2.8734 3.2614 1.2911 0.1714 -0.0042858 -0.77078 0.66704 -2.0432 -0.66401 0.12633 -3.7531 -0.85108 -0.1714 0.0042858 0.77078 0.25127 -2.0394 1.0139 -0.38328 -3.7263 1.0642
0 104 336 0.3507 4.8306 0.054338 0.32 3.571 0.060514 0.76318 3.4996 -0.81462 2.0535 2.5927 -0.38898 3.0753 2.8882 0.72741 -0.11903 3.6718 0.93484 0.95996 2.8812 1.8726 2.5016 2.8474 1.8704 0.33335 -0.0063686 -0.71577 0.7994 -2.0445 -0.50777 0.30164 -3.7506 -0.81172 -0.33335 0.0063686 0.71577 0.028379 -2.0379 1.0389 -0.59673 -3.727 0.95405
0 104 348 0.35433 4.8306 -0.019764 0.32559 3.571 -0.0073404 0.57713 3.4996 -0.9555 1.9278 2.5927 -0.80743 3.1593 2.8882 0.072126 0.077931 3.6718 0.93916 1.3283 2.8812 1.6321 2.8358 2.8474 1.3094 0.17725 -0.0063686 -0.76944 0.67636 -2.0445 -0.66288 0.12628 -3.7506 -0.8567 -0.17725 0.0063686 0.76944 0.24377 -2.0379 1.0103 -0.38533 -3.727 1.0573
0 105 336 0.37908 4.8283 0.054553 0.34135 3.569 0.057453 0.78439 3.4944 -0.81749 1.9053 2.3731 -0.42389 2.9933 2.4471 0.66618 -0.097362 3.6731 0.93156 0.85921 2.6799 1.8075 2.3861 2.4757 1.876 0.33727 -0.0089393 -0.71391 0.79831 -2.0483 -0.50686 0.29453 -3.7506 -0.82207 -0.33727 0.0089388 0.71391 0.020121 -2.0371 1.0307 -0.60496 -3.726 0.94232
1 3 156 2.0547 4.3038 0.8053 1.6558 3.1285 0.5737 2.0059 3.1177 -0.34535 1.6039 1.6404 -0.9152 2.2839 0.41276 -1.5539 1.3169 3.1666 1.4962 0.65316 1.7059 1.8039 0.77549 0.54603 2.8125 0.25989 -0.0068836 -0.74559 1.6073 -1.398 0.06901 0.66301 -2.8206 -0.51005 -0.25989 0.0068839 0.74559 1.0812 -1.5111 1.3039 -0.16755 -2.7455 0.89432
1 3 168 2.1772 4.3038 0.3605 1.7388 3.1285 0.21692 1.8902 3.1177 -0.75485 1.3785 1.6404 -1.2287 1.911 0.41276 -1.9948 1.5992 3.1666 1.1897 1.0139 1.7059 1.6287 1.3433 0.54603 2.5898 0.099198 -0.0068836 -0.78333 1.5866 -1.398 -0.26668 0.54248 -2.8206 -0.63675 -0.099198 0.0068839 0.78333 1.3286 -1.5111 1.0506 0.022054 -2.7455 0.90961
1 4 144 1.6855 4.3948 1.1097 1.377 3.2007 0.83351 1.9117 3.1954 0.0079891 1.8043 1.783 -0.80584 2.6796 0.8218 -1.6351 0.85153 3.234 1.6642 0.028132 1.8699 2.025 -0.3203 0.99632 3.2469 0.40718 -0.0071657 -0.6765 1.5326 -1.4546 0.34952 0.71862 -2.8802 -0.39617 -0.40718 0.0071654 0.6765 0.73235 -1.5559 1.4967 -0.39032 -2.7964 0.82472
1 4 156 1.8794 4.3948 0.735 1.5202 3.2007 0.529 1.8716 3.1954 -0.38964 1.5974 1.783 -1.1634 2.2811 0.8218 -2.1565 1.1789 3.234 1.4508 0.44853 1.8699 1.9749 0.36177 0.99632 3.2425 0.25763 -0.0071657 -0.74637 1.5718 -1.4546 0.023242 0.62055 -2.8802 -0.53692 -0.25763 0.0071654 0.74637 1.0275 -1.5559 1.3117 -0.21032 -2.7964 0.88785
1 4 168 1.9912 4.3948 0.32818 1.597 3.2007 0.20136 1.7496 3.1954 -0.77025 1.3206 1.783 -1.4701 1.7829 0.8218 -2.5837 1.4548 3.234 1.174 0.84933 1.8699 1.8385 1.028 0.99632 3.0965 0.096825 -0.0071657 -0.78363 1.5423 -1.4546 -0.30406 0.49536 -2.8802 -0.65421 -0.096825 0.0071654 0.78363 1.2778 -1.5559 1.0694 -0.021133 -2.7964 0.91217
1 5 156 1.6674 4.4907 0.65682 1.3579 3.2782 0.47446 1.715 3.2754 -0.44198 1.5511 1.9965 -1.4452 2.222 1.3785 -2.6884 1.0092 3.3095 1.3936 0.19614 2.0981 2.1286 -0.050895 1.5668 3.5549 0.25867 -0.0083079 -0.746 1.4813 -1.5763 -0.067225 0.57388 -3.0438 -0.59079 -0.25867 0.0083082 0.746 0.89259 -1.6618 1.2935 -0.27371 -2.9707 0.87229
1 5 168 1.7675 4.4907 0.2958 1.4269 3.2782 0.18176 1.5856 3.2754 -0.78889 1.2168 1.9965 -1.7361 1.6145 1.3785 -3.0916 1.2769 3.3095 1.1533 0.63441 2.0981 2.0413 0.68932 1.5668 3.4878 0.097919 -0.0083079 -0.78348 1.435 -1.5763 -0.37374 0.43851 -3.0438 -0.6972 -0.097919 0.0083082 0.78348 1.142 -1.6618 1.0796 -0.086374 -2.9707 0.91014
1 6 168 1.5252 4.5801 0.24684 1.2342 3.353 0.15077 1.403 3.3443 -0.81814 1.0634 2.2507 -1.9832 1.4107 1.9673 -3.4586 1.0719 3.3908 1.1201 0.38214 2.3478 2.1713 0.38257 2.1426 3.6995 0.10211 -0.011558 -0.7829 1.2476 -1.7524 -0.51536 0.36309 -3.3029 -0.76953 -0.10211 0.011558 0.7829 0.93549 -1.7858 1.1104 -0.14628 -3.2153 0.91803
1 11 168 0.96752 4.7184 0.16815 0.76977 3.4757 0.10625 0.94832 3.4582 -0.8608 0.566 3.3674 -2.4465 0.62157 4.2156 -3.733 0.59308 3.523 1.0726 -0.32072 3.2235 2.3933 -0.44916 3.8982 3.7738 0.10321 -0.00038433 -0.78284 0.61959 -2.0061 -1.1362 0.32589 -3.6492 -1.8179 -0.10321 0.00038433 0.78284 0.22966 -1.9478 1.4956 -0.63179 -3.5022 1.7999
1 12 168 0.88293 4.7346 0.16742 0.69621 3.4911 0.1072 0.87978 3.4742 -0.85892 0.48641 3.5627 -2.442 0.47738 4.5406 -3.6342 0.51398 3.5378 1.0726 -0.39001 3.3389 2.4187 -0.53483 4.0937 3.7554 0.1 0.0038862 -0.78325 0.54194 -1.9904 -1.2752 0.2343 -3.6013 -2.0243 -0.1 -0.0038857 0.78325 0.1794 -1.9202 1.598 -0.71821 -3.4288 2.0096
1 13 168 0.78761 4.7503 0.14591 0.61631 3.5053 0.092773 0.79887 3.49 -0.87356 0.42223 3.7213 -2.4463 0.36113 4.7959 -3.5504 0.43438 3.5505 1.0583 -0.44073 3.4249 2.432 -0.60025 4.2425 3.7296 0.099249 0.0021982 -0.78335 0.49001 -1.9763 -1.3725 0.11613 -3.5629 -2.1432 -0.099249 -0.0021982 0.78335 0.12064 -1.9114 1.6323 -0.78622 -3.3776 2.1605
1 14 168 0.69352 4.7625 0.13229 0.54511 3.515 0.08378 0.72568 3.4989 -0.88292 0.38899 3.8463 -2.4433 0.27844 4.9887 -3.473 0.3645 3.5608 1.0495 -0.49024 3.4926 2.44 -0.61049 4.363 3.7071 0.096813 0.0029078 -0.78366 0.49373 -1.9637 -1.4074 0.02821 -3.5436 -2.1411 -0.096813 -0.0029073 0.78366 0.087297 -1.9137 1.6377 -0.82424 -3.3524 2.2294
1 15 168 0.61859 4.7698 0.12765 0.49331 3.5196 0.082929 0.66798 3.5055 -0.88488 0.37709 3.9556 -2.4281 0.26919 5.147 -3.401 0.31801 3.5634 1.0497 -0.49073 3.5321 2.4688 -0.60861 4.4405 3.7092 0.088684 0.0062594 -0.7846 0.53521 -1.9507 -1.4053 0.019035 -3.5419 -2.0779 -0.088684 -0.006259 0.7846 0.11939 -1.9224 1.621 -0.80858 -3.3419 2.233
1 16 168 0.56736 4.7762 0.12854 0.45506 3.5249 0.076912 0.62063 3.5189 -0.89258 0.38335 4.0487 -2.4196 0.30734 5.2851 -3.3379 0.28858 3.5607 1.0456 -0.46531 3.5656 2.4949 -0.5917 4.5016 3.7137 0.075311 0.005724 -0.786 0.59026 -1.9486 -1.3602 -0.041322 -3.5216 -1.9748 -0.075311 -0.0057244 0.786 0.18765 -1.9272 1.5941 -0.79288 -3.3277 2.167
1 17 168 0.54343 4.7841 0.14867 0.43427 3.5332 0.080045 0.59342 3.5389 -0.89052 0.41802 4.0966 -2.4159 0.36786 5.3685 -3.2862 0.2742 3.5572 1.0502 -0.41241 3.5605 2.5325 -0.54173 4.5152 3.7365 0.070279 0.0050941 -0.78647 0.72605 -1.9167 -1.326 -0.092322 -3.4226 -1.8859 -0.070278 -0.0050941 0.78647 0.20856 -1.9148 1.6168 -0.89195 -3.2738 2.056
1 18 168 0.54719 4.792 0.23053 0.42649 3.5417 0.14777 0.58487 3.5548 -0.82286 0.47723 4.0423 -2.3783 0.46904 5.3259 -3.2327 0.2678 3.5585 1.1183 -0.35138 3.4624 2.627 -0.46221 4.4041 3.8429 0.070156 0.023301 -0.78615 0.86515 -1.8519 -1.3019 -0.034101 -3.3211 -1.8345 -0.070156 -0.023301 0.78615 0.2336 -1.8979 1.685 -0.93311 -3.2267 2.0371
1 19 168 0.64336 4.7813 0.26505 0.50048 3.5332 0.16572 0.65801 3.5557 -0.80486 0.61421 3.8797 -2.4054 0.67867 5.1256 -3.3117 0.34355 3.5404 1.1366 -0.22627 3.2802 2.6454 -0.26365 4.1269 3.9335 0.067474 0.02253 -0.78641 1.0831 -1.7451 -1.2945 0.097178 -3.1652 -1.8066 -0.067474 -0.02253 0.78641 0.35092 -1.8653 1.7048 -0.87746 -3.1465 2.0219
1 20 168 0.63917 4.7851 0.30819 0.48325 3.5387 0.19821 0.64748 3.5651 -0.77116 0.65329 3.7278 -2.3967 0.79779 4.8529 -3.4411 0.32021 3.5421 1.1681 -0.18473 3.1237 2.6644 -0.17094 3.7809 4.0592 0.082328 0.025454 -0.7849 1.0953 -1.7494 -1.2729 0.11961 -3.1782 -1.7803 -0.082328 -0.025454 0.7849 0.40442 -1.8482 1.7095 -0.82149 -3.1411 1.9861
1 26 168 0.92597 4.7337 0.32066 0.78159 3.4856 0.1819 0.95545 3.5171 -0.78564 0.92423 3.4149 -2.4158 1.0826 4.1857 -3.7418 0.61106 3.4836 1.1506 0.056762 2.9972 2.6082 0.11219 3.492 4.0676 0.062671 0.017431 -0.78694 1.0434 -1.7704 -1.293 0.25942 -3.2944 -1.8531 -0.062671 -0.017431 0.78694 0.44678 -1.8828 1.6086 -0.66582 -3.2613 1.9445
1 27 168 0.99385 4.723 0.33524 0.8322 3.4787 0.18695 1.0051 3.5066 -0.78088 0.96471 3.4883 -2.4139 1.1162 4.2803 -3.7282 0.66357 3.4802 1.1559 0.10128 3.0871 2.6385 0.18293 3.6559 4.0694 0.067419 0.01708 -0.78655 1.1526 -1.7067 -1.3017 0.33415 -3.2105 -1.867 -0.067419 -0.01708 0.78655 0.54486 -1.813 1.6889 -0.60104 -3.1757 1.9728
1 28 168 1.0546 4.7097 0.34799 0.87826 3.4666 0.20356 1.0523 3.4941 -0.76408 1.0094 3.4581 -2.3967 1.1974 4.2513 -3.7057 0.7092 3.4684 1.1725 0.14491 3.0686 2.6525 0.27072 3.6634 4.0695 0.069546 0.023125 -0.78621 1.1575 -1.6962 -1.31 0.36044 -3.2088 -1.8824 -0.069546 -0.023125 0.78621 0.55845 -1.7975 1.7197 -0.57253 -3.1744 1.9953
1 29 168 1.0163 4.723 0.31273 0.84203 3.477 0.18436 1.0083 3.5047 -0.78463 0.98177 3.2867 -2.4034 1.2665 3.9784 -3.7518 0.68053 3.4787 1.1546 0.12839 2.9165 2.5856 0.31391 3.4099 4.0346 0.063657 0.019869 -0.7868 0.9899 -1.7982 -1.2879 0.288 -3.3454 -1.8915 -0.063657 -0.019869 0.7868 0.42876 -1.8871 1.6146 -0.62082 -3.3118 1.9603
1 36 156 1.5314 4.5314 0.73062 1.2566 3.3206 0.49983 1.6471 3.3474 -0.40248 1.3123 1.834 -0.91854 1.8797 0.52035 -1.4931 0.87488 3.322 1.4063 0.29407 1.8015 1.5454 0.38865 0.46958 2.3166 0.23638 0.017815 -0.7532 0.95244 -1.8985 -0.27443 0.11779 -3.4775 -0.52179 -0.23638 -0.017815 0.7532 0.71202 -1.8877 0.8882 -0.29054 -3.3344 0.49728
1 37 144 1.512 4.4572 1.0919 1.2776 3.2501 0.8082 1.8431 3.2643 0.0036452 1.4837 1.7338 -0.4402 2.0123 0.31916 -0.75201 0.72027 3.2639 1.6185 0.15817 1.7355 1.4887 0.14883 0.33807 2.1404 0.38088 0.016521 -0.69149 1.1525 -1.7894 0.055108 0.28253 -3.3001 -0.40527 -0.38088 -0.016521 0.69149 0.63279 -1.8141 1.0858 -0.35554 -3.1686 0.42284
1 37 156 1.706 4.4572 0.75369 1.4177 3.2501 0.52492 1.8036 3.2643 -0.37964 1.3598 1.7338 -0.73907 1.812 0.31916 -1.154 1.041 3.2639 1.4334 0.46422 1.7355 1.4233 0.59061 0.33807 2.0627 0.22879 0.016521 -0.75557 1.1388 -1.7894 -0.18572 0.1921 -3.3001 -0.45515 -0.22879 -0.016521 0.75557 0.84471 -1.8141 0.93052 -0.25986 -3.1686 0.48752
1 37 168 1.8254 4.4572 0.38253 1.4958 3.2501 0.21869 1.6853 3.2643 -0.74634 1.1764 1.7338 -1.0056 1.5324 0.31916 -1.5055 1.3163 3.2639 1.1856 0.74999 1.7355 1.2956 1.0066 0.33807 1.8949 0.0667 0.016521 -0.78662 1.0753 -1.7894 -0.41844 0.093268 -3.3001 -0.48514 -0.0667 -0.016521 0.78662 1.0197 -1.8141 0.73456 -0.15282 -3.1686 0.5309
1 38 132 1.4223 4.3646 1.4891 1.2188 3.1694 1.1429 1.9288 3.1772 0.46235 1.5784 1.6515 -0.0047653 2.0423 0.18523 -0.11681 0.5168 3.1892 1.8315 0.012735 1.6651 1.5286 -0.047048 0.23491 2.102 0.49921 0.01937 -0.61149 1.3031 -1.6222 0.42449 0.43523 -3.0576 -0.23701 -0.49921 -0.019369 0.61149 0.51187 -1.6941 1.3779 -0.35616 -2.9581 0.42947
1 38 144 1.7008 4.3646 1.1608 1.4298 3.1694 0.86454 1.9828 3.1772 0.05122 1.5429 1.6515 -0.33282 1.9733 0.18523 -0.53886 0.8863 3.1892 1.684 0.33026 1.6651 1.4925 0.391 0.23491 2.0658 0.36116 0.01937 -0.70191 1.3628 -1.6222 0.1443 0.37644 -3.0576 -0.32232 -0.36116 -0.019369 0.70192 0.78717 -1.6941 1.2414 -0.25909 -2.9581 0.49414
1 38 156 1.905 4.3646 0.78181 1.5783 3.1694 0.54837 1.9501 3.1772 -0.36215 1.44 1.6515 -0.64634 1.8182 0.18523 -0.93737 1.2171 3.1892 1.463 0.63335 1.6651 1.3912 0.81196 0.23491 1.9394 0.20733 0.01937 -0.76167 1.3631 -1.6222 -0.14221 0.3012 -3.0576 -0.39355 -0.20733 -0.019369 0.76167 1.0281 -1.6941 1.0506 -0.15069 -2.9581 0.53721
1 38 168 2.0259 4.3646 0.36865 1.6578 3.1694 0.20824 1.8322 3.1772 -0.75969 1.2741 1.6515 -0.9316 1.5836 0.18523 -1.2949 1.4946 3.1892 1.1779 0.90877 1.6651 1.2291 1.1974 0.23491 1.7282 0.044444 0.01937 -0.78813 1.3037 -1.6222 -0.42249 0.21279 -3.0576 -0.44757 -0.044443 -0.019369 0.78813 1.224 -1.6941 0.81389 -0.035704 -2.9581 0.5568
1 39 132 1.3886 4.3965 1.463 1.1612 3.2089 1.1051 1.868 3.2128 0.42115 1.5428 1.6814 -0.045806 2.0228 0.2187 -0.13318 0.46291 3.2323 1.7973 -0.033346 1.6924 1.5716 -0.034103 0.27286 2.1738 0.50136 0.020119 -0.6097 1.3795 -1.5567 0.46588 0.4486 -2.9424 -0.21542 -0.50136 -0.020119 0.6097 0.52107 -1.6354 1.4813 -0.33896 -2.8449 0.45744
1 39 144 1.6624 4.3965 1.1424 1.3656 3.2089 0.83951 1.9148 3.2128 0.023559 1.4996 1.6814 -0.36558 1.951 0.2187 -0.55085 0.82648 3.2323 1.6618 0.29414 1.6924 1.5442 0.41861 0.27286 2.1334 0.36364 0.020119 -0.70061 1.4462 -1.5567 0.16889 0.39401 -2.9424 -0.30398 -0.36364 -0.020119 0.70061 0.81767 -1.6354 1.3406 -0.23644 -2.8449 0.51792
1 39 156 1.8636 4.3965 0.77176 1.5103 3.2089 0.53724 1.8778 3.2128 -0.37506 1.3908 1.6814 -0.66937 1.7938 0.2187 -0.94443 1.1539 3.2323 1.4536 0.60878 1.6924 1.4493 0.85303 0.27286 1.9998 0.21003 0.020119 -0.76091 1.4497 -1.5567 -0.13548 0.3222 -2.9424 -0.37926 -0.21003 -0.020119 0.76091 1.0785 -1.6354 1.1413 -0.1236 -2.8449 0.55576
1 39 168 1.9833 4.3965 0.36743 1.589 3.2089 0.21148 1.7588 3.2128 -0.75729 1.2212 1.6814 -0.94391 1.5582 0.2187 -1.2967 1.4309 3.2323 1.182 0.8968 1.6924 1.2911 1.2502 0.27286 1.7787 0.047234 0.020119 -0.78795 1.3899 -1.5567 -0.43393 0.23631 -2.9424 -0.43796 -0.047234 -0.020119 0.78795 1.2923 -1.6354 0.89214 -0.0053476 -2.8449 0.56931
1 40 144 1.5059 4.476 1.0562 1.2383 3.2731 0.78332 1.7845 3.2757 -0.034635 1.4673 1.7324 -0.46653 2.0553 0.33893 -0.76679 0.70114 3.2984 1.6068 0.1867 1.7479 1.5978 0.33494 0.41379 2.3566 0.3903 0.012387 -0.6863 1.4074 -1.6085 0.18119 0.35625 -2.984 -0.32298 -0.3903 -0.012387 0.6863 0.73845 -1.6658 1.3237 -0.28528 -2.8938 0.49016
1 40 156 1.6926 4.476 0.72001 1.3741 3.2731 0.50875 1.7383 3.2757 -0.40489 1.3383 1.7324 -0.76141 1.851 0.33893 -1.1774 1.0199 3.2984 1.4259 0.51481 1.7479 1.524 0.81758 0.41379 2.2354 0.23908 0.012387 -0.75245 1.4143 -1.6085 -0.11538 0.28131 -2.984 -0.38999 -0.23908 -0.012387 0.75245 0.99754 -1.6658 1.1413 -0.17714 -2.8938 0.53876
1 40 168 1.8053 4.476 0.35237 1.4499 3.2731 0.21193 1.6161 3.2757 -0.75746 1.1507 1.7324 -1.023 1.5658 0.33893 -1.5365 1.2941 3.2984 1.1827 0.82042 1.7479 1.3837 1.2645 0.41379 2.0166 0.077408 0.012387 -0.78572 1.3594 -1.6085 -0.40691 0.19408 -2.984 -0.43996 -0.077407 -0.012387 0.78572 1.213 -1.6658 0.90895 -0.061253 -2.8938 0.56381
1 41 156 1.4944 4.5587 0.64775 1.2096 3.3431 0.45998 1.5707 3.3417 -0.45487 1.273 1.8073 -0.93 1.9075 0.54229 -1.5422 0.8575 3.3727 1.3779 0.365 1.8336 1.6177 0.70864 0.66073 2.5578 0.2545 0.0053382 -0.74746 1.2831 -1.7296 -0.15915 0.22415 -3.1626 -0.43511 -0.2545 -0.0053382 0.74746 0.84781 -1.7536 1.1255 -0.23157 -3.0709 0.53339
1 41 168 1.5964 4.5587 0.32289 1.2788 3.3431 0.19844 1.4418 3.3417 -0.7715 1.0518 1.8073 -1.1743 1.5452 0.54229 -1.9051 1.1252 3.3727 1.1695 0.69336 1.8336 1.5065 1.225 0.66073 2.3546 0.093528 0.0053382 -0.78404 1.222 -1.7296 -0.42245 0.12879 -3.1626 -0.4722 -0.093528 -0.0053382 0.78404 1.0633 -1.7536 0.92459 -0.11561 -3.0709 0.56988
2 0 336 2.6611 3.8359 1.2226 1.8596 2.9528 0.8025 2.2849 2.9191 -0.083737 1.1477 2.625 -1.2191 0.82689 1.6837 -2.3976 1.4546 3.0067 1.6972 -0.16898 2.8813 1.8276 -1.3264 2.3106 2.6716 0.29146 0.012938 -0.73374 1.1035 -1.8841 -0.33845 0.43662 -3.5499 -0.51448 -0.29146 -0.012938 0.73374 0.46732 -1.9294 1.1409 -0.34654 -3.4966 0.77716
2 0 348 2.8571 3.8359 0.64263 1.9858 2.9528 0.39832 2.2175 2.9191 -0.55695 0.86912 2.625 -1.4311 0.31034 1.6837 -2.5171 1.7757 3.0067 1.3576 0.21469 2.8813 1.8228 -0.74199 2.3106 2.889 0.13254 0.012938 -0.77831 1.0091 -1.8841 -0.5605 0.32011 -3.5499 -0.59402 -0.13254 -0.012938 0.77831 0.69431 -1.9294 1.0188 -0.17739 -3.4966 0.83223
2 1 348 3.1177 3.6134 0.71794 2.1903 2.7952 0.45497 2.4253 2.7601 -0.49946 1.0083 2.665 -1.3069 0.26766 1.8565 -2.3911 1.9782 2.849 1.4139 0.38978 2.8947 1.7929 -0.70069 2.4268 2.7776 0.13765 0.014499 -0.77739 1.0786 -1.8475 -0.52892 0.34886 -3.4955 -0.58069 -0.13765 -0.014499 0.77739 0.75497 -1.8983 1.0396 -0.15065 -3.4444 0.83881
2 100 348 2.4532 4.143 0.5698 1.8557 3.0502 0.38517 2.0591 3.0311 -0.57694 1.6322 1.5322 -1.0667 1.9181 0.060079 -1.4256 1.6694 3.0935 1.3499 1.1384 1.591 1.7095 1.2747 0.09228 2.0455 0.14278 0.013217 -0.77649 1.4796 -1.5747 -0.45142 0.72043 -3.1874 -0.72319 -0.14278 -0.013217 0.77649 1.1145 -1.6745 1.048 0.095614 -3.1553 0.90716
2 101 324 1.9084 4.2178 1.4429 1.4645 3.1062 1.0511 2.0344 3.0898 0.24968 1.7258 1.6604 -0.47852 2.0288 0.19852 -0.86428 0.90845 3.1474 1.8613 0.15909 1.6958 1.8589 -0.081146 0.1963 2.1263 0.44598 0.012243 -0.6515 1.4694 -1.6434 0.13959 0.90077 -3.2623 -0.41396 -0.44598 -0.012243 0.6515 0.51545 -1.7372 1.3687 -0.3334 -3.2338 0.82955
2 101 336 2.1667 4.2178 1.0146 1.6511 3.1062 0.72367 2.0419 3.0898 -0.17876 1.5886 1.6604 -0.82688 1.8047 0.19852 -1.2672 1.2756 3.1474 1.6318 0.5421 1.6958 1.7852 0.36271 0.1963 2.0967 0.30078 0.012243 -0.72999 1.4664 -1.6434 -0.16897 0.79502 -3.2623 -0.5922 -0.30078 -0.012243 0.72999 0.78875 -1.7372 1.2316 -0.15365 -3.2338 0.88074
2 101 348 2.3303 4.2178 0.5419 1.7654 3.1062 0.36458 1.9601 3.0898 -0.59938 1.382 1.6604 -1.1391 1.5018 0.19852 -1.6147 1.587 3.1474 1.3309 0.90143 1.6958 1.6335 0.79071 0.1963 1.9755 0.14243 0.012243 -0.77657 1.3992 -1.6434 -0.47015 0.65453 -3.2623 -0.74455 -0.14244 -0.012243 0.77657 1.0276 -1.7372 1.0407 0.032827 -3.2338 0.89344
2 102 324 1.7939 4.2888 1.3799 1.3811 3.1597 1.0034 1.9523 3.14 0.20304 1.5435 1.7848 -0.61253 1.7651 0.35405 -1.1431 0.82283 3.205 1.812 -0.026268 1.8128 1.7138 -0.38906 0.32554 1.8983 0.44828 0.014239 -0.64987 1.3951 -1.7118 0.084005 0.84448 -3.3394 -0.46248 -0.44828 -0.014239 0.64988 0.43242 -1.7978 1.3262 -0.3892 -3.3114 0.79252
2 102 336 2.0416 4.2888 0.97673 1.5595 3.1597 0.69437 1.9519 3.14 -0.2073 1.3824 1.7848 -0.92005 1.4889 0.35405 -1.4851 1.1816 3.205 1.6013 0.33062 1.8128 1.6818 0.014113 0.32554 1.9377 0.30337 0.014239 -0.72888 1.382 -1.7118 -0.20788 0.72987 -3.3394 -0.62795 -0.30337 -0.014239 0.72888 0.69872 -1.7978 1.2074 -0.21592 -3.3114 0.85612
2 102 348 2.2 4.2888 0.53092 1.6698 3.1597 0.35496 1.8661 3.14 -0.60859 1.1609 1.7848 -1.1874 1.1476 0.35405 -1.7622 1.4887 3.205 1.3206 0.67305 1.8128 1.5763 0.41667 0.32554 1.8924 0.1452 0.014239 -0.77602 1.3086 -1.7118 -0.49068 0.58337 -3.3394 -0.76598 -0.1452 -0.014239 0.77602 0.93447 -1.7978 1.0357 -0.033207 -3.3114 0.8823
2 103 336 1.9132 4.3601 0.92231 1.4651 3.212 0.65825 1.8542 3.1948 -0.24491 1.198 1.9064 -1.0052 1.2265 0.5151 -1.6694 1.0896 3.2552 1.5662 0.15049 1.9188 1.5938 -0.2191 0.43623 1.8015 0.30305 0.013962 -0.72902 1.2993 -1.7748 -0.25758 0.66756 -3.4135 -0.66536 -0.30305 -0.013961 0.72902 0.60996 -1.8543 1.1693 -0.27937 -3.3844 0.82463
2 103 348 2.0631 4.3601 0.50438 1.57 3.212 0.33925 1.7628 3.1948 -0.62506 0.96287 1.9064 -1.2323 0.85262 0.5151 -1.888 1.3914 3.2552 1.3055 0.47858 1.9188 1.5277 0.16024 0.43623 1.8077 0.14486 0.013962 -0.77609 1.2173 -1.7748 -0.52209 0.51464 -3.4135 -0.78961 -0.14486 -0.013961 0.77609 0.83974 -1.8543 1.0169 -0.10182 -3.3844 0.86469
2 104 336 1.7735 4.4273 0.88131 1.3619 3.2615 0.63306 1.7509 3.2481 -0.27021 1.0453 2.0069 -1.0643 1.0287 0.65314 -1.8023 0.98544 3.3015 1.5408 0.00099232 1.9978 1.5366 -0.38571 0.51517 1.7094 0.30825 0.015883 -0.72679 1.2179 -1.831 -0.30721 0.6065 -3.4807 -0.70147 -0.30825 -0.015883 0.72679 0.51965 -1.9046 1.129 -0.33954 -3.4545 0.79674
2 104 348 1.918 4.4273 0.49332 1.4638 3.2615 0.33607 1.6564 3.2481 -0.62833 0.80121 2.0069 -1.2584 0.63148 0.65314 -1.9768 1.2843 3.3015 1.3023 0.32044 1.9978 1.5028 -0.021876 0.51517 1.7523 0.1504 0.015883 -0.775 1.1274 -1.831 -0.55371 0.4474 -3.4807 -0.81224 -0.1504 -0.015883 0.775 0.74302 -1.9046 0.99625 -0.16647 -3.4545 0.84992
4 15 324 1.1557 4.5684 1.1542 0.87733 3.3764 0.83296 1.4762 3.4311 0.054632 1.2849 2.0735 -0.83376 2.1579 1.0067 -0.14272 0.28649 3.3495 1.6188 0.054165 1.7391 1.7646 1.4268 2 2.4168 0.44855 0.040467 -0.64859 0.91632 -2.0021 -0.49567 -0.51096 -2.5287 -1.4634 -0.44855 -0.040467 0.64859 0.57379 -1.8498 0.95771 -0.097707 -3.1987 -0.032483
4 15 336 1.3704 4.5684 0.88874 1.0313 3.3764 0.63235 1.4553 3.4311 -0.25347 1.0835 2.0735 -1.0827 2.0811 1.0067 -0.58825 0.6168 3.3495 1.5239 0.41986 1.7391 1.7148 1.8981 2 2.0673 0.30389 0.040467 -0.72767 0.79324 -2.0021 -0.67535 -0.80405 -2.5287 -1.3252 -0.30389 -0.040467 0.72767 0.76037 -1.8498 0.81748 -0.10233 -3.1987 -0.011458
4 16 324 1.1891 4.5568 1.1641 0.89204 3.3645 0.86081 1.4907 3.4039 0.081456 1.2201 2.1455 -0.9245 2.1102 1.0413 -0.31957 0.30168 3.3527 1.6474 0.16097 1.7419 1.8805 1.5334 2.1578 2.4473 0.4754 0.035894 -0.62945 1.2441 -1.8771 -0.22455 -0.045537 -2.5675 -1.2787 -0.4754 -0.035894 0.62945 0.41476 -1.9266 0.84627 -0.3151 -3.2028 -0.19759
4 16 336 1.4051 4.5568 0.89146 1.0515 3.3645 0.65653 1.4751 3.4039 -0.23026 1.0012 2.1455 -1.158 1.9977 1.0413 -0.75133 0.6376 3.3527 1.5487 0.54842 1.7419 1.8059 2.0087 2.1578 2.075 0.33414 0.035894 -0.71453 1.1702 -1.8771 -0.4783 -0.31039 -2.5675 -1.2413 -0.33414 -0.035894 0.71453 0.58165 -1.9266 0.74154 -0.34929 -3.2028 -0.12776
4 17 324 1.1885 4.5489 1.1887 0.86957 3.3575 0.90314 1.4598 3.3859 0.11687 1.1158 2.2284 -0.98339 2.0348 1.11 -0.45204 0.28796 3.3568 1.6963 0.18632 1.7527 1.9883 1.5476 2.2795 2.4853 0.50309 0.039956 -0.60729 1.448 -1.7234 0.034554 0.41982 -2.7447 -1.0382 -0.50309 -0.039955 0.60729 0.21333 -2.0126 0.7053 -0.55153 -3.2337 -0.37864
4 17 336 1.4097 4.5489 0.9156 1.0383 3.3575 0.70261 1.4522 3.3859 -0.18919 0.887 2.2284 -1.1939 1.8963 1.11 -0.86522 0.63435 3.3568 1.5994 0.59564 1.7527 1.9061 2.0305 2.2795 2.1092 0.36583 0.039956 -0.69862 1.4235 -1.7234 -0.26725 0.19479 -2.7447 -1.1028 -0.36583 -0.039955 0.69862 0.35531 -2.0126 0.64553 -0.6182 -3.2337 -0.2557
4 18 336 1.3627 4.5588 0.93061 0.98137 3.3666 0.739 1.3855 3.3917 -0.15733 0.74931 2.3066 -1.1997 1.779 1.1857 -0.95278 0.58699 3.3693 1.64 0.54481 1.7701 1.9711 1.9692 2.3381 2.1329 0.39514 0.046396 -0.68206 1.5079 -1.6456 -0.12246 0.694 -3.0406 -0.92404 -0.39514 -0.046396 0.68206 0.092372 -2.0856 0.54682 -0.89805 -3.2763 -0.3763
4 18 348 1.5264 4.5588 0.62695 1.1136 3.3666 0.51881 1.3225 3.3917 -0.44196 0.48351 2.3066 -1.3293 1.542 1.1857 -1.3018 0.91513 3.3693 1.4821 0.94272 1.7701 1.8147 2.3696 2.3381 1.6769 0.2447 0.046396 -0.74931 1.4495 -1.6456 -0.43329 0.48672 -3.0406 -1.0481 -0.2447 -0.046396 0.74931 0.20404 -2.0856 0.51567 -0.95666 -3.2763 -0.18136
4 19 336 1.2989 4.5705 0.9505 0.91315 3.3772 0.77305 1.3113 3.4003 -0.126 0.63246 2.3439 -1.1709 1.6908 1.2351 -1.0038 0.52446 3.3819 1.6765 0.43154 1.7842 2.0041 1.8725 2.3108 2.1591 0.42209 0.054227 -0.66513 1.4741 -1.6607 -0.059733 1.2066 -3.33 -0.6867 -0.42209 -0.054227 0.66513 -0.18586 -2.1302 0.44448 -1.1856 -3.2954 -0.50083
4 19 348 1.4681 4.5705 0.65969 1.0539 3.3772 0.56631 1.2565 3.4003 -0.39588 0.37519 2.3439 -1.2768 1.4452 1.2351 -1.3334 0.86157 3.3819 1.5308 0.83879 1.7842 1.8706 2.2805 2.3108 1.7226 0.27458 0.054227 -0.73835 1.4295 -1.6607 -0.36491 1.0375 -3.33 -0.92257 -0.27458 -0.054227 0.73835 -0.089386 -2.1302 0.47341 -1.2639 -3.2954 -0.24338
4 20 0 1.4997 4.5894 0.37554 1.0771 3.3953 0.37909 1.0777 3.4148 -0.60426 0.035029 2.3437 -1.2633 1.0678 1.2551 -1.6181 1.0865 3.4039 1.3626 1.0487 1.8072 1.7058 2.4691 2.2349 1.2848 0.15128 0.057014 -0.77289 1.2335 -1.738 -0.62824 1.3398 -3.4865 -1.0556 -0.15128 -0.057014 0.77289 -0.28356 -2.1341 0.48548 -1.5906 -3.2796 0.0055041
4 20 336 1.2173 4.5894 0.95306 0.82982 3.3953 0.78442 1.2303 3.4148 -0.11367 0.54582 2.3437 -1.1398 1.6336 1.2551 -1.0439 0.43836 3.4039 1.6867 0.26424 1.8072 1.9848 1.733 2.2349 2.178 0.45257 0.057014 -0.64454 1.3824 -1.738 -0.072221 1.6533 -3.4865 -0.41942 -0.45257 -0.057014 0.64454 -0.45651 -2.1341 0.32817 -1.4553 -3.2796 -0.64193
4 20 348 1.3889 4.5894 0.67914 0.97478 3.3953 0.59475 1.1798 3.4148 -0.36699 0.29691 2.3437 -1.2284 1.3809 1.2551 -1.3608 0.77946 3.4039 1.5587 0.67114 1.8072 1.8865 2.148 2.2349 1.7701 0.30867 0.057014 -0.72455 1.3372 -1.738 -0.35806 1.53 -3.4865 -0.75399 -0.30867 -0.057014 0.72455 -0.3783 -2.1341 0.41591 -1.557 -3.2796 -0.32532
4 21 0 1.4065 4.615 0.39312 0.9905 3.4188 0.40519 1.0138 3.4296 -0.57802 0.013465 2.3163 -1.2327 1.0489 1.2454 -1.6312 0.97672 3.4361 1.3885 0.82705 1.8471 1.7366 2.295 2.1387 1.3655 0.19036 0.056341 -0.76426 1.1998 -1.7827 -0.64922 1.6477 -3.4994 -0.97031 -0.19036 -0.05634 0.76426 -0.48702 -2.1131 0.4546 -1.8535 -3.1828 -0.034565
4 21 348 1.2941 4.615 0.67696 0.88462 3.4188 0.60227 1.1118 3.4296 -0.3546 0.26946 2.3163 -1.203 1.3651 1.2454 -1.3775 0.6667 3.4361 1.5612 0.44792 1.8471 1.8706 1.9609 2.1387 1.8128 0.3451 0.056341 -0.70798 1.3086 -1.7827 -0.38558 1.8135 -3.4994 -0.60653 -0.3451 -0.05634 0.70798 -0.57089 -2.1131 0.34341 -1.8059 -3.1828 -0.41918
4 22 0 1.3151 4.6353 0.42583 0.90794 3.4362 0.44264 0.97849 3.4376 -0.53837 0.054489 2.2776 -1.2234 1.1109 1.223 -1.61 0.84669 3.4631 1.4239 0.59576 1.8879 1.7767 2.1029 2.0299 1.4835 0.22989 0.059127 -0.75309 1.249 -1.7734 -0.62072 1.6358 -3.4962 -0.98564 -0.22989 -0.059127 0.75309 -0.51144 -2.1173 0.43882 -2.011 -2.9832 -0.063535
4 22 348 1.1978 4.6353 0.68994 0.79607 3.4362 0.62174 1.069 3.4376 -0.32316 0.30766 2.2776 -1.1854 1.4214 1.223 -1.3439 0.53214 3.4631 1.5688 0.21334 1.8879 1.8618 1.7485 2.0299 1.8883 0.38145 0.059127 -0.68884 1.3507 -1.7734 -0.34747 1.805 -3.4962 -0.624 -0.38145 -0.059127 0.68884 -0.5915 -2.1173 0.3229 -1.9539 -2.9832 -0.48026
4 23 0 1.2205 4.6439 0.53594 0.82615 3.4406 0.5388 0.97192 3.4349 -0.43387 0.16313 2.2375 -1.1959 1.2696 1.2054 -1.4927 0.68941 3.4746 1.5122 0.33697 1.9165 1.8539 1.8693 1.8992 1.683 0.27607 0.07797 -0.73566 1.3419 -1.7182 -0.50766 1.4627 -3.4483 -1.0007 -0.27607 -0.07797 0.73566 -0.39074 -2.1586 0.46681 -2.0173 -2.7368 -0.053454
4 24 0 1.1822 4.6193 0.72289 0.78455 3.4173 0.69388 1.0169 3.4056 -0.26175 0.3866 2.1634 -1.1152 1.5548 1.1673 -1.2598 0.56134 3.4573 1.6509 0.068719 1.9246 1.9284 1.5965 1.7164 1.946 0.30679 0.11788 -0.71797 1.4396 -1.6149 -0.35956 1.284 -3.3096 -0.95513 -0.30679 -0.11788 0.71797 -0.13444 -2.2043 0.5411 -1.8277 -2.512 0.0033698
4 25 12 1.3304 4.6034 0.56881 0.9112 3.4086 0.59158 1.0153 3.3902 -0.38627 0.43846 2.0951 -1.1979 1.6451 1.1559 -1.397 0.81735 3.455 1.5695 0.17631 1.9806 1.8595 1.6614 1.5673 1.8225 0.17022 0.12762 -0.76042 1.3654 -1.5895 -0.56713 0.86454 -3.2179 -1.1573 -0.17023 -0.12762 0.76042 0.28148 -2.1748 0.62194 -1.4897 -2.3417 0.32894
4 26 12 1.3043 4.5918 0.72118 0.87404 3.4013 0.69084 1.0852 3.3882 -0.2697 0.7113 2.0432 -1.1182 2.026 1.2386 -1.0763 0.67346 3.4421 1.6528 -0.15884 2.0479 1.8323 1.27 1.5138 2.058 0.21611 0.13716 -0.74698 1.3228 -1.6314 -0.49873 0.64704 -3.1791 -1.1305 -0.21611 -0.13716 0.74698 0.59169 -2.0767 0.75423 -1.1244 -2.2966 0.24687
4 27 12 1.2675 4.5783 0.88863 0.85462 3.3855 0.7882 1.2026 3.374 -0.13165 1.0136 2.0004 -0.99544 2.3938 1.4021 -0.65692 0.51687 3.4249 1.7111 -0.44252 2.1044 1.7789 0.91844 1.5293 2.2201 0.27358 0.13895 -0.72756 1.1963 -1.7331 -0.48642 0.39965 -3.2084 -1.1497 -0.27358 -0.13895 0.72756 0.83731 -1.9126 0.91285 -0.72888 -2.3907 0.15825
4 27 24 1.4246 4.5783 0.60568 0.99982 3.3855 0.59329 1.149 3.374 -0.37881 0.78447 2.0004 -1.1844 2.205 1.4021 -1.1403 0.86134 3.4249 1.5662 -0.062999 2.1044 1.832 1.36 1.5293 1.9807 0.11633 0.13895 -0.76854 1.069 -1.7331 -0.72452 0.15189 -3.2084 -1.2076 -0.11633 -0.13895 0.76854 1.0088 -1.9126 0.71881 -0.68005 -2.3907 0.30634
4 28 24 1.3534 4.5743 0.78977 0.95154 3.3761 0.71173 1.2311 3.3722 -0.23126 1.0288 1.9896 -1.0776 2.4813 1.5785 -0.76273 0.68219 3.408 1.6571 -0.33731 2.1413 1.8151 1.0416 1.5424 2.1581 0.18182 0.14496 -0.75461 0.81925 -1.8569 -0.72768 -0.13949 -3.2956 -1.2394 -0.18182 -0.14496 0.75461 1.1478 -1.7696 0.83798 -0.29954 -2.6178 0.17712
4 59 120 1.2058 4.5088 1.3305 0.9178 3.326 0.98917 1.3231 3.4958 0.10927 1.0242 2.1823 -0.81494 2.257 1.4617 -0.23314 0.5211 3.1834 1.8778 -0.07572 1.6629 1.8548 1.4343 1.6517 2.1667 0.2772 0.13081 -0.7277 1.3287 -1.6825 -0.58456 -0.028795 -2.4504 -1.4893 -0.2772 -0.13081 0.7277 0.63134 -2.0003 0.42117 -0.34666 -3.1718 -0.53898
4 59 132 1.4561 4.5088 1.0507 1.1034 3.326 0.77674 1.3169 3.4958 -0.16822 0.83238 2.1823 -1.0101 2.1592 1.4617 -0.69731 0.90012 3.1834 1.7284 0.31157 1.6629 1.83 1.8535 1.6517 1.8212 0.11985 0.13081 -0.76943 1.1781 -1.6825 -0.84803 -0.3378 -2.4504 -1.4507 -0.11985 -0.13081 0.76943 0.70511 -2.0003 0.28071 -0.45115 -3.1718 -0.45513
4 60 120 1.2353 4.48 1.3897 0.94197 3.2966 1.0542 1.3442 3.4666 0.17292 0.98948 2.1815 -0.77119 2.2071 1.4872 -0.12856 0.54838 3.1538 1.9442 0.055957 1.5962 1.9494 1.5651 1.7408 2.2309 0.3149 0.137 -0.71103 1.5064 -1.5424 -0.2935 0.39647 -2.605 -1.2369 -0.3149 -0.137 0.71103 0.40762 -2.0687 0.31008 -0.57965 -3.2044 -0.68305
4 60 132 1.4972 4.48 1.1025 1.1406 3.2966 0.83533 1.3508 3.4666 -0.11034 0.80752 2.1815 -0.96006 2.1322 1.4872 -0.58464 0.94062 3.1538 1.7877 0.46004 1.5962 1.8952 1.9947 1.7408 1.8568 0.16019 0.137 -0.76097 1.4124 -1.5424 -0.60028 0.13064 -2.605 -1.2923 -0.16019 -0.137 0.76097 0.46318 -2.0687 0.21856 -0.70899 -3.2044 -0.5476
4 61 120 1.1574 4.5006 1.3938 0.8601 3.3112 1.0824 1.2372 3.473 0.18856 0.82876 2.2168 -0.7725 2.042 1.5397 -0.10377 0.49143 3.1767 1.9843 0.051334 1.6035 1.9958 1.5513 1.8405 2.2633 0.34755 0.14334 -0.69438 1.5313 -1.4885 -0.10268 0.7531 -2.8853 -0.93576 -0.34755 -0.14334 0.69438 0.13967 -2.1158 0.15918 -0.8426 -3.2532 -0.83698
4 61 132 1.4219 4.5006 1.1227 1.0663 3.3112 0.8799 1.2494 3.473 -0.072799 0.65004 2.2168 -0.92793 1.9758 1.5397 -0.52607 0.89324 3.1767 1.8387 0.46516 1.6035 1.9415 1.988 1.8405 1.8914 0.19558 0.14334 -0.75146 1.4765 -1.4885 -0.41882 0.54208 -2.8853 -1.0719 -0.19558 -0.14334 0.75146 0.16971 -2.1158 0.12666 -0.9982 -3.2532 -0.64351
4 62 132 1.3491 4.5248 1.1097 0.99865 3.3273 0.89855 1.1673 3.4727 -0.059476 0.51566 2.2424 -0.91426 1.8386 1.5524 -0.52503 0.83961 3.2097 1.862 0.43114 1.6314 1.9653 1.9468 1.9079 1.9018 0.22908 0.14143 -0.74231 1.4375 -1.5239 -0.31735 0.94765 -3.193 -0.79203 -0.22908 -0.14143 0.74231 -0.13321 -2.1394 0.099522 -1.269 -3.2602 -0.73996
4 62 144 1.5503 4.5248 0.80498 1.1636 3.3273 0.67128 1.1294 3.4727 -0.30087 0.3143 2.2424 -1.0015 1.6892 1.5524 -0.89582 1.2084 3.2097 1.6467 0.83033 1.6314 1.8327 2.2997 1.9079 1.4555 0.069735 0.14143 -0.77371 1.3401 -1.5239 -0.60928 0.76227 -3.193 -0.97175 -0.069735 -0.14143 0.77371 -0.10961 -2.1394 0.12504 -1.3951 -3.2602 -0.45995
4 63 132 1.3118 4.5352 1.092 0.97135 3.3298 0.90904 1.1523 3.4521 -0.049947 0.45291 2.2436 -0.89787 1.768 1.5208 -0.54309 0.79946 3.2355 1.8728 0.38532 1.6589 1.9793 1.9002 1.9392 1.9135 0.27018 0.13507 -0.72956 1.3319 -1.6232 -0.28725 1.3178 -3.4132 -0.5031 -0.27018 -0.13507 0.72956 -0.38678 -2.1215 0.055109 -1.5055 -3.228 -0.82529
4 63 144 1.5101 4.5352 0.79541 1.1391 3.3298 0.68722 1.1168 3.4521 -0.28844 0.25634 2.2436 -0.97241 1.6164 1.5208 -0.8988 1.1714 3.2355 1.6657 0.78842 1.6589 1.8559 2.2565 1.9392 1.4766 0.11259 0.13507 -0.76979 1.2431 -1.6232 -0.55789 1.1844 -3.4132 -0.76609 -0.11259 -0.13507 0.76979 -0.36687 -2.1215 0.13432 -1.6441 -3.228 -0.49425
4 64 132 1.2539 4.5633 1.0377 0.91675 3.3541 0.87306 1.1345 3.451 -0.081182 0.42365 2.2498 -0.93014 1.7276 1.5026 -0.58516 0.70783 3.2853 1.8317 0.26963 1.7159 1.9488 1.7935 1.9501 1.9252 0.31182 0.11814 -0.71576 1.2503 -1.7081 -0.27037 1.4774 -3.4963 -0.30959 -0.31182 -0.11814 0.71576 -0.51667 -2.0827 -0.00050778 -1.6981 -3.1116 -0.89299
4 64 144 1.4423 4.5633 0.7543 1.0782 3.3541 0.66337 1.0928 3.451 -0.31528 0.22101 2.2498 -0.9979 1.5682 1.5026 -0.93157 1.0732 3.2853 1.6445 0.66891 1.7159 1.8501 2.1546 1.9501 1.5103 0.15619 0.11814 -0.76495 1.1668 -1.7081 -0.52442 1.3807 -3.4963 -0.60999 -0.15619 -0.11814 0.76495 -0.50549 -2.0827 0.10693 -1.8466 -3.1116 -0.52043
4 65 132 1.1836 4.5973 0.97116 0.85026 3.3853 0.81968 1.1253 3.4577 -0.12184 0.46899 2.2399 -0.99066 1.7589 1.4946 -0.59268 0.58384 3.3412 1.7654 0.095592 1.7875 1.8932 1.6269 1.9632 1.9353 0.34359 0.10106 -0.70373 1.2687 -1.7148 -0.19273 1.3472 -3.514 -0.28056 -0.34359 -0.10106 0.70373 -0.48818 -2.0836 0.023481 -1.8028 -2.9005 -0.9014
4 65 144 1.3596 4.5973 0.70386 1.0021 3.3853 0.62499 1.0754 3.4577 -0.35315 0.25278 2.2399 -1.0665 1.5972 1.4946 -0.94542 0.93814 3.3412 1.6055 0.48712 1.7875 1.8319 1.9938 1.9632 1.5548 0.18977 0.10106 -0.75978 1.2009 -1.7148 -0.4523 1.2595 -3.514 -0.55454 -0.18977 -0.10106 0.75978 -0.47263 -2.0836 0.12447 -1.9508 -2.9005 -0.50687
4 65 156 1.4763 4.5973 0.4058 1.1101 3.3853 0.40299 0.97847 3.4577 -0.56902 0.025511 2.2399 -1.0958 1.3658 1.4946 -1.2568 1.2514 3.3412 1.3753 0.85736 1.7875 1.6906 2.2735 1.9632 1.1063 0.027655 0.10106 -0.78264 1.0806 -1.7148 -0.6921 1.1167 -3.514 -0.80428 -0.027655 -0.10106 0.78264 -0.43642 -2.0836 0.22001 -2.0136 -2.9005 -0.090191
4 66 144 1.2706 4.621 0.6985 0.92111 3.406 0.6332 1.0694 3.4506 -0.33808 0.35245 2.2034 -1.1121 1.7053 1.5025 -0.87503 0.78191 3.3897 1.6067 0.25039 1.8626 1.8396 1.782 1.9376 1.6777 0.22577 0.099916 -0.75003 1.2161 -1.714 -0.37146 0.93512 -3.4821 -0.58518 -0.22577 -0.099916 0.75003 -0.32783 -2.1333 0.23124 -1.9208 -2.6564 -0.43182
4 66 156 1.3881 4.621 0.41906 1.0326 3.406 0.42785 0.97573 3.4506 -0.55303 0.11352 2.2034 -1.1611 1.4861 1.5025 -1.2105 1.0989 3.3897 1.409 0.62739 1.8626 1.7473 2.0919 1.9376 1.2705 0.064897 0.099916 -0.78058 1.1123 -1.714 -0.61618 0.79302 -3.4821 -0.76681 -0.064897 -0.099916 0.78058 -0.27259 -2.1333 0.29435 -1.9686 -2.6564 -0.023018
4 67 144 1.245 4.6065 0.77241 0.89579 3.3914 0.71785 1.1272 3.4077 -0.23795 0.55388 2.1356 -1.0875 1.9059 1.5116 -0.68697 0.67367 3.4033 1.6759 0.007425 1.9255 1.8784 1.5462 1.827 1.8816 0.26912 0.11783 -0.73293 1.2332 -1.6879 -0.25922 0.66872 -3.359 -0.6328 -0.26912 -0.11783 0.73293 -0.072843 -2.1897 0.44445 -1.7076 -2.425 -0.27879
4 67 156 1.3784 4.6065 0.49668 1.0255 3.3914 0.51592 1.0531 3.4077 -0.46711 0.31568 2.1356 -1.1788 1.7214 1.5116 -1.0682 1.0074 3.4033 1.4992 0.39781 1.9255 1.8359 1.9037 1.827 1.519 0.11085 0.11783 -0.77287 1.1523 -1.6879 -0.50995 0.52254 -3.359 -0.758 -0.11085 -0.11783 0.77287 0.021155 -2.1897 0.44988 -1.7282 -2.425 0.082329
4 68 144 1.2794 4.5779 0.84504 0.90767 3.3706 0.78717 1.2129 3.3651 -0.1478 0.81422 2.0685 -1.0582 2.143 1.5509 -0.47153 0.61258 3.404 1.7248 -0.23637 2.0141 1.8514 1.2582 1.6971 2.0601 0.30001 0.12681 -0.71931 1.1997 -1.7118 -0.24541 0.39197 -3.2525 -0.71949 -0.30001 -0.12681 0.71931 0.23577 -2.1584 0.71492 -1.3651 -2.2826 -0.10517
4 68 156 1.4272 4.5779 0.56056 1.0515 3.3706 0.58125 1.1557 3.3651 -0.39675 0.57643 2.0685 -1.2043 1.9981 1.5509 -0.90677 0.95781 3.404 1.5598 0.15373 2.0141 1.8601 1.659 1.6971 1.7535 0.1439 0.12681 -0.76597 1.1224 -1.7118 -0.48947 0.23381 -3.2525 -0.78526 -0.1439 -0.12681 0.76597 0.37926 -2.1584 0.65028 -1.3572 -2.2826 0.18095
4 69 156 1.4133 4.5736 0.64112 1.0222 3.3711 0.63773 1.2221 3.3535 -0.32514 0.8089 2.0222 -1.177 2.2249 1.6541 -0.69013 0.83317 3.4166 1.6019 -0.1207 2.1108 1.8338 1.3435 1.6377 1.9335 0.1767 0.12781 -0.75891 0.95467 -1.8071 -0.50358 -0.083422 -3.2434 -0.83591 -0.1767 -0.12781 0.75891 0.71373 -2.029 0.84271 -0.96558 -2.3333 0.26119
