0 47 120 0.60416 4.7635 0.021179 0.28187 3.5677 -0.15378 0.25829 3.5975 -1.1366 1.3358 2.3766 -1.0052 1.7537 2.3876 0.479 0.30949 3.5674 0.82937 -0.69197 2.5328 1.6009 -1.4835 1.9703 2.7987 -0.59592 0.036753 -0.51675 -0.70122 -2.0552 -0.35233 -0.95425 -3.5337 0.64812 0.59592 -0.036753 0.51675 1.0984 -1.8055 -0.49974 1.3663 -3.588 -0.45805
0 48 120 0.63096 4.76 0.026336 0.30529 3.5654 -0.15439 0.30026 3.5973 -1.1374 1.3522 2.3734 -0.8837 1.5194 2.4153 0.64861 0.31457 3.563 0.82911 -0.66376 2.4723 1.5516 -1.4326 1.8265 2.7219 -0.58048 0.038246 -0.53393 -0.68774 -2.0523 -0.35432 -0.96334 -3.5274 0.64523 0.58048 -0.038246 0.53393 1.1057 -1.8005 -0.48233 1.3673 -3.5843 -0.4579
0 49 108 0.62737 4.7587 0.16828 0.3445 3.5641 -0.078973 0.54776 3.6001 -1.0406 1.4721 2.3561 -0.5241 1.1762 2.444 0.98667 0.14545 3.5577 0.8842 -0.90026 2.4176 1.409 -1.7947 1.7108 2.4473 -0.44875 0.039884 -0.64849 -0.59847 -2.0486 -0.47498 -1.0835 -3.527 0.436 0.44875 -0.039884 0.64849 1.1828 -1.7975 -0.23814 1.4271 -3.5823 -0.16113
0 49 120 0.64865 4.7587 0.034161 0.32055 3.5641 -0.14887 0.31943 3.6001 -1.1318 1.331 2.3561 -0.81871 1.3557 2.444 0.72055 0.32611 3.5577 0.83464 -0.58764 2.4176 1.5654 -1.2467 1.7108 2.767 -0.57377 0.039884 -0.54102 -0.68414 -2.0486 -0.34017 -0.9692 -3.527 0.65175 0.57377 -0.039884 0.54102 1.1075 -1.7975 -0.47886 1.3625 -3.5823 -0.45433
0 50 108 0.63347 4.7592 0.17342 0.35021 3.5636 -0.072782 0.53489 3.6034 -1.038 1.4379 2.3361 -0.54088 1.1251 2.4716 0.96293 0.1699 3.5532 0.89404 -0.79347 2.3734 1.4845 -1.5534 1.6383 2.6069 -0.4539 0.041979 -0.64475 -0.60667 -2.0448 -0.45456 -1.0944 -3.5316 0.44135 0.4539 -0.04198 0.64475 1.183 -1.8008 -0.24368 1.4179 -3.5863 -0.15584
0 50 120 0.65569 4.7592 0.03792 0.32742 3.5636 -0.144 0.30739 3.6034 -1.1265 1.294 2.3361 -0.82801 1.3007 2.4716 0.70798 0.35207 3.5532 0.83918 -0.46748 2.3734 1.617 -0.97749 1.6383 2.8729 -0.57804 0.041979 -0.53629 -0.68792 -2.0448 -0.3185 -0.97877 -3.5316 0.65926 0.57804 -0.04198 0.53629 1.1065 -1.8008 -0.48432 1.3545 -3.5863 -0.44723
0 51 108 0.6403 4.7618 0.15963 0.3503 3.5635 -0.073957 0.47703 3.6124 -1.0481 1.3979 2.331 -0.6254 1.181 2.4983 0.89204 0.22817 3.5439 0.90178 -0.64599 2.3494 1.5929 -1.2385 1.6138 2.8117 -0.47375 0.043638 -0.6302 -0.62879 -2.0432 -0.44247 -1.1037 -3.5381 0.44682 0.47375 -0.043638 0.6302 1.186 -1.807 -0.26292 1.4087 -3.5928 -0.15241
0 52 96 0.59902 4.7668 0.25315 0.35073 3.5647 -0.013392 0.59548 3.6165 -0.96459 1.4868 2.3405 -0.46855 1.1339 2.5157 1.0222 0.11038 3.5424 0.94007 -0.80784 2.3491 1.5739 -1.4814 1.6351 2.7631 -0.37157 0.043502 -0.69537 -0.55456 -2.0453 -0.56202 -1.1804 -3.547 0.21532 0.37157 -0.043502 0.69537 1.2198 -1.8169 -0.046151 1.3964 -3.6011 0.14437
0 80 348 0.44147 4.8313 0.033529 0.32302 3.5722 0.053726 0.32907 3.5234 -0.92859 0.14901 1.9006 -0.98183 1.0524 0.71083 -1.3639 0.32098 3.6505 1.0341 0.43278 2.0298 1.2065 1.3755 0.84034 1.4786 0.059385 0.017943 -0.78718 0.65318 -1.9974 -0.7984 0.10559 -3.7071 -0.96534 -0.059385 -0.017943 0.78718 0.33783 -2.0767 0.92137 -0.50916 -3.6677 0.96795
0 81 336 0.4314 4.8298 0.1452 0.31497 3.5703 0.13241 0.53245 3.5259 -0.82577 0.25424 1.9195 -0.92883 0.99332 0.60516 -1.2513 0.10148 3.6441 1.0897 0.052665 2.0198 1.2565 0.75017 0.75372 1.7934 0.23058 0.019852 -0.75494 0.81076 -1.9955 -0.62762 0.28695 -3.7011 -0.8873 -0.23058 -0.019853 0.75494 0.1429 -2.0717 1.0096 -0.7125 -3.6534 0.87806
0 81 348 0.45216 4.8298 0.052332 0.33561 3.5703 0.064027 0.34913 3.5259 -0.91843 0.055572 1.9195 -0.96139 0.71145 0.60516 -1.4305 0.32582 3.6441 1.0447 0.31276 2.0198 1.2181 1.1066 0.75372 1.5982 0.068583 0.019852 -0.78638 0.66255 -1.9955 -0.78248 0.096197 -3.7011 -0.92757 -0.068583 -0.019853 0.78638 0.34968 -2.0717 0.95782 -0.51437 -3.6534 1.007
0 82 336 0.42508 4.8297 0.1643 0.31402 3.5693 0.14388 0.53948 3.535 -0.81286 0.16896 1.9507 -0.95976 0.65672 0.56687 -1.4339 0.092119 3.6332 1.0999 -0.086592 2.018 1.2663 0.4052 0.70615 1.9105 0.24523 0.020207 -0.7503 0.80735 -1.9988 -0.60279 0.2564 -3.6972 -0.85363 -0.24523 -0.020208 0.7503 0.14472 -2.0615 1.0594 -0.72832 -3.6328 0.9199
0 82 348 0.44995 4.8297 0.072327 0.33707 3.5693 0.075446 0.35869 3.535 -0.90726 -0.034278 1.9507 -0.97392 0.34426 0.56687 -1.5391 0.31879 3.6332 1.0567 0.17858 2.018 1.2566 0.79355 0.70615 1.7845 0.08388 0.020207 -0.78489 0.66438 -1.9988 -0.75747 0.073319 -3.6972 -0.88828 -0.08388 -0.020208 0.78489 0.36182 -2.0615 1.0061 -0.52115 -3.6328 1.0512
0 83 336 0.42401 4.8285 0.18163 0.32662 3.5667 0.15279 0.56007 3.5466 -0.80244 0.10678 1.9915 -1.0148 0.36172 0.61113 -1.6529 0.096072 3.6164 1.1076 -0.20967 2.0217 1.2867 0.040341 0.71346 2.0637 0.25973 0.016985 -0.74549 0.81398 -2.002 -0.5699 0.23592 -3.6917 -0.81839 -0.25973 -0.016985 0.74549 0.13506 -2.0495 1.102 -0.73828 -3.619 0.94414
0 83 348 0.45251 4.8285 0.089504 0.35125 3.5667 0.081539 0.38099 3.5466 -0.90135 -0.10654 1.9915 -1.0148 0.010152 0.61113 -1.692 0.32426 3.6164 1.0635 0.062433 2.0217 1.3022 0.46852 0.71346 2.0102 0.099062 0.016985 -0.7832 0.6777 -2.002 -0.72668 0.060609 -3.6917 -0.84956 -0.099062 -0.016985 0.7832 0.36124 -2.0495 1.0499 -0.52585 -3.619 1.077
0 84 348 0.44681 4.826 0.11187 0.35727 3.5633 0.08937 0.39872 3.5576 -0.89329 -0.17017 2.0365 -1.071 -0.28491 0.73357 -1.8875 0.31778 3.5987 1.0715 -0.06281 2.0354 1.3538 0.099144 0.80084 2.2634 0.10751 0.015157 -0.78212 0.6697 -2.0079 -0.70855 0.036911 -3.6926 -0.81998 -0.10751 -0.015157 0.78212 0.34642 -2.0441 1.0847 -0.51359 -3.6288 1.0839
0 85 348 0.44118 4.8165 0.14756 0.36202 3.5547 0.10218 0.42999 3.5611 -0.87899 -0.19392 2.0752 -1.1469 -0.53026 0.91986 -2.1111 0.29478 3.5781 1.0831 -0.17489 2.055 1.4414 -0.33724 0.97118 2.5261 0.10708 0.017418 -0.78213 0.64101 -2.013 -0.69958 0.010911 -3.6993 -0.80097 -0.10708 -0.017417 0.78213 0.34068 -2.0463 1.0941 -0.49432 -3.6443 1.1033
0 86 348 0.40826 4.8056 0.14732 0.34571 3.5463 0.085494 0.43345 3.5584 -0.89406 -0.22616 2.1173 -1.2903 -0.78359 1.1756 -2.3766 0.25713 3.5641 1.0649 -0.30209 2.1005 1.5276 -0.78902 1.249 2.7173 0.1032 0.010247 -0.78278 0.62089 -2.0239 -0.68978 -0.016963 -3.7071 -0.79323 -0.1032 -0.010248 0.78278 0.30009 -2.0522 1.0695 -0.52556 -3.6547 1.1046
0 110 0 0.29312 4.8377 -0.097463 0.25024 3.5758 -0.08065 0.29196 3.5081 -1.061 0.46559 1.8878 -1.1771 1.6646 0.9185 -1.1579 0.21131 3.673 0.8973 0.46483 2.1165 1.3234 1.6289 1.11 1.4207 0.043286 -0.012898 -0.78833 0.44388 -2.0752 -0.76136 -0.2057 -3.753 -0.87929 -0.043286 0.012897 0.78833 0.32558 -2.0503 0.93469 -0.30471 -3.7328 1.0855
0 111 0 0.25191 4.8404 -0.09543 0.20515 3.5779 -0.074248 0.23744 3.5068 -1.0547 0.20734 1.8787 -1.1865 1.235 0.74339 -1.367 0.17525 3.6786 0.90367 0.19531 2.0935 1.2983 1.1831 0.9572 1.631 0.048355 -0.012548 -0.78804 0.40778 -2.0823 -0.75464 -0.25273 -3.7552 -0.88224 -0.048354 0.012548 0.78804 0.29229 -2.0559 0.9287 -0.34916 -3.734 1.0816
0 112 0 0.23419 4.8407 -0.088635 0.18109 3.5778 -0.064042 0.2107 3.5047 -1.0444 0.0066843 1.8896 -1.1811 0.78888 0.62805 -1.5986 0.1533 3.6806 0.91373 -0.023622 2.0948 1.2643 0.72006 0.87476 1.844 0.062186 -0.012753 -0.78706 0.38429 -2.0883 -0.73676 -0.28928 -3.7545 -0.88221 -0.062186 0.012753 0.78706 0.26444 -2.0574 0.93605 -0.38203 -3.7341 1.0825
0 112 348 0.2475 4.8407 -0.038007 0.19045 3.5778 -0.024993 0.42324 3.5047 -0.97779 0.2521 1.8896 -1.1539 1.104 0.62805 -1.3997 -0.040026 3.6806 0.92563 -0.28596 2.0948 1.2317 0.32095 0.87476 1.9534 0.22447 -0.012753 -0.75693 0.52907 -2.0883 -0.64077 -0.099538 -3.7545 -0.92308 -0.22447 0.012753 0.75693 0.06405 -2.0574 0.97058 -0.59876 -3.7341 0.97945
0 113 0 0.22212 4.8373 -0.088855 0.16262 3.5745 -0.067807 0.20064 3.5063 -1.0482 -0.15125 1.9172 -1.1886 0.32717 0.616 -1.8637 0.12548 3.6724 0.91015 -0.20074 2.1023 1.222 0.23202 0.87623 2.0509 0.074688 -0.01685 -0.7859 0.36785 -2.0965 -0.72797 -0.32759 -3.7525 -0.88631 -0.074687 0.01685 0.7859 0.23079 -2.0561 0.94012 -0.41922 -3.7322 1.0778
0 114 0 0.21398 4.8267 -0.075141 0.14555 3.5663 -0.06857 0.20084 3.5124 -1.0491 -0.26533 1.9542 -1.2023 -0.12111 0.72816 -2.1263 0.089816 3.65 0.90983 -0.32175 2.0973 1.2075 -0.26827 0.96291 2.2506 0.083781 -0.020201 -0.7849 0.35174 -2.1033 -0.72695 -0.36593 -3.7494 -0.88901 -0.083782 0.020202 0.7849 0.20348 -2.0553 0.94009 -0.45442 -3.7286 1.0744
3 1 120 0.38944 4.7818 -0.44437 0.14385 3.578 -0.17546 0.47321 3.6281 0.74995 -0.32274 2.7781 1.8957 -1.8012 3.1215 2.1675 -0.1811 3.5572 -1.1035 0.6826 2.4878 -1.9862 0.63765 1.2337 -2.8822 0.40455 0.031661 0.67738 0.29294 -2.0456 0.38291 0.44135 -3.8057 0.021003 -0.40455 -0.031661 -0.67737 -1.931 -1.2117 0.15432 -0.4788 -1.8607 -0.69474
3 2 120 0.43269 4.7782 -0.44749 0.18607 3.5745 -0.1809 0.50996 3.6217 0.74659 -0.36848 2.8786 1.9063 -1.8165 3.3471 2.1539 -0.13346 3.5566 -1.1109 0.78648 2.5608 -2.0224 0.82256 1.3649 -2.9951 0.39788 0.027162 0.68151 0.3856 -2.0451 0.33506 0.60267 -3.7889 -0.068655 -0.39788 -0.027162 -0.68151 -1.9721 -0.98425 0.32855 -0.67202 -1.9191 -0.50013
3 3 120 0.41429 4.7815 -0.44425 0.17563 3.5751 -0.18082 0.50222 3.6213 0.74577 -0.4306 2.8859 1.8673 -1.8449 3.4421 2.1281 -0.14665 3.5583 -1.1099 0.77351 2.5687 -2.0279 0.80369 1.3813 -3.0111 0.39744 0.029807 0.68165 0.47387 -2.0322 0.28616 0.74023 -3.7606 -0.15306 -0.39745 -0.029807 -0.68165 -1.9778 -0.87286 0.41649 -0.86374 -2.0945 -0.30278
3 4 120 0.38532 4.7843 -0.44802 0.15079 3.5756 -0.18865 0.4881 3.6215 0.73411 -0.44761 2.7983 1.7902 -1.8432 3.3926 2.0671 -0.18225 3.559 -1.1139 0.68167 2.5063 -2.0163 0.64065 1.282 -2.9528 0.40074 0.037313 0.67935 0.57112 -2.0091 0.23499 0.87885 -3.7225 -0.23446 -0.40074 -0.037313 -0.67935 -1.9693 -0.88666 0.43086 -1.0584 -2.3489 -0.10116
3 7 276 -0.41843 4.7951 0.29945 -0.11967 3.5776 0.16725 -0.14479 3.613 -0.81534 0.75127 2.3106 -1.2273 2.2588 2.4355 -0.92812 -0.099374 3.5716 1.1506 -0.74013 2.1343 1.5892 -0.45535 0.74223 2.1881 -0.12985 0.05957 -0.77659 -0.73808 -1.9223 -0.43538 -1.3435 -3.5907 -0.11781 0.12985 -0.05957 0.77659 1.5563 -1.562 0.42696 1.3362 -3.3459 0.28494
3 9 264 -0.37962 4.7944 0.21428 -0.044418 3.5797 0.17492 0.05651 3.5889 -0.80339 0.5836 2.0573 -1.016 1.9732 1.5355 -0.59826 -0.15049 3.5998 1.1525 -0.39136 2.013 1.4568 0.44622 0.7625 1.7921 0.024627 0.069831 -0.78614 -0.83141 -1.8419 -0.62281 -1.6025 -3.4639 -0.46265 -0.024626 -0.06983 0.78614 0.97257 -1.9098 0.60073 0.80607 -3.6735 0.26507
3 10 252 -0.31146 4.7978 0.080612 0.017937 3.5818 0.13753 0.2831 3.5686 -0.8095 0.71553 1.9986 -0.93884 1.9309 1.2394 -0.36942 -0.25199 3.6244 1.0824 -0.42595 2.0283 1.3841 0.69787 1.0302 1.7282 0.21375 0.056793 -0.75801 -0.45238 -1.9358 -0.75399 -1.5215 -3.3781 -0.92106 -0.21375 -0.056793 0.75801 0.71719 -1.9382 0.66775 0.63594 -3.7003 0.295
3 10 264 -0.28789 4.7978 0.14361 0.046139 3.5818 0.1308 0.10861 3.5686 -0.85067 0.5047 1.9986 -1.0671 1.8119 1.2394 -0.76281 -0.021445 3.6244 1.1111 -0.12888 2.0283 1.4424 1.0419 1.0302 1.5454 0.051481 0.056793 -0.78589 -0.59926 -1.9358 -0.64346 -1.6797 -3.3781 -0.5846 -0.051481 -0.056793 0.78589 0.84035 -1.9382 0.50405 0.68338 -3.7003 0.15633
3 11 252 -0.19916 4.816 -0.038745 0.068233 3.5867 0.042523 0.33504 3.5464 -0.90328 0.65389 1.9504 -1.0443 1.7998 1.0465 -0.54671 -0.20169 3.6566 0.98572 -0.31384 2.0665 1.3433 1.0509 1.3748 1.5346 0.2296 0.026398 -0.75504 0.064978 -2.0681 -0.7665 -1.3219 -3.1816 -1.0623 -0.2296 -0.026398 0.75504 0.63748 -1.9354 0.62054 0.56766 -3.691 0.21563
3 11 264 -0.20286 4.816 0.0035096 0.075583 3.5867 0.027408 0.13992 3.5464 -0.9532 0.42248 1.9504 -1.1574 1.6468 1.0465 -0.90895 0.0076559 3.6566 1.0061 -0.027691 2.0665 1.3792 1.347 1.3748 1.2826 0.067602 0.026398 -0.78628 -0.095807 -2.0681 -0.76326 -1.5139 -3.1816 -0.76421 -0.067602 -0.026398 0.78628 0.75256 -1.9354 0.47444 0.60009 -3.691 0.092895
3 12 252 -0.15696 4.8155 -0.10795 0.084315 3.584 0.013474 0.38667 3.5159 -0.91996 0.65027 1.9095 -1.0568 1.7239 0.92298 -0.55499 -0.22054 3.6816 0.94348 -0.31369 2.0964 1.3271 1.1586 1.6521 1.4395 0.23027 0.023755 -0.75492 0.46616 -2.0633 -0.80922 -1.0549 -2.9408 -1.2182 -0.23027 -0.023755 0.75492 0.496 -1.9838 0.54267 0.44998 -3.7369 0.12396
3 12 264 -0.17597 4.8155 -0.072962 0.085274 3.584 -0.0043503 0.18695 3.5159 -0.98025 0.41634 1.9095 -1.1689 1.5709 0.92298 -0.90128 -0.019557 3.6816 0.96871 -0.030924 2.0964 1.3633 1.4326 1.6521 1.1671 0.068278 0.023755 -0.7863 0.28772 -2.0633 -0.88845 -1.2851 -2.9408 -0.97225 -0.068277 -0.023755 0.7863 0.59799 -1.9838 0.42769 0.46592 -3.7369 0.027699
3 13 264 -0.16301 4.8174 -0.16372 0.081043 3.584 -0.053659 0.2399 3.4913 -1.0199 0.49783 1.8841 -1.1582 1.5844 0.84546 -0.81437 -0.080967 3.7061 0.90874 -0.086817 2.1159 1.2827 1.3957 1.7314 1.1037 0.10079 0.013529 -0.78304 0.61212 -2.021 -0.89858 -1.0927 -2.57 -1.1063 -0.10079 -0.013529 0.78304 0.30665 -2.0323 0.36735 0.31536 -3.7891 -0.038091
3 13 276 -0.19349 4.8174 -0.12625 0.068116 3.584 -0.069336 0.02262 3.4913 -1.0474 0.24614 1.8841 -1.2364 1.3805 0.84546 -1.126 0.10974 3.7061 0.90571 0.18177 2.1159 1.2727 1.5947 1.7314 0.7894 -0.064216 0.013529 -0.78689 0.41192 -2.021 -1.0062 -1.2988 -2.57 -0.85494 0.064215 -0.013529 0.78689 0.37632 -2.0323 0.29556 0.30055 -3.7891 -0.10283
3 14 264 -0.22004 4.814 -0.20568 0.020545 3.5839 -0.060685 0.25502 3.4785 -1.01 0.55054 1.8738 -1.0899 1.5651 0.81242 -0.61894 -0.2168 3.7186 0.88423 -0.30235 2.1243 1.2298 1.1533 1.6176 1.1866 0.17372 0.01403 -0.77014 0.89147 -1.9601 -0.81404 -0.8643 -2.1338 -1.1856 -0.17372 -0.01403 0.77014 0.088352 -2.0532 0.33743 0.1907 -3.8059 -0.073136
3 14 276 -0.25799 4.814 -0.15544 0.0074794 3.5839 -0.06363 0.039447 3.4785 -1.041 0.3119 1.8738 -1.1806 1.4022 0.81242 -0.93082 -0.028223 3.7186 0.90999 -0.040053 2.1243 1.2658 1.3748 1.6176 0.92083 0.0098015 0.01403 -0.78943 0.70274 -1.9601 -0.9816 -1.0919 -2.1338 -0.98 -0.0098006 -0.01403 0.78943 0.15658 -2.0532 0.31168 0.17132 -3.8059 -0.11119
3 15 276 -0.27909 4.8118 -0.18357 -0.015115 3.5833 -0.075387 0.12613 3.4788 -1.0431 0.42353 1.8742 -1.1177 1.4783 0.83342 -0.69135 -0.15988 3.717 0.88821 -0.23779 2.1289 1.2631 1.1065 1.3943 1.087 0.12063 0.012243 -0.78025 0.95118 -1.914 -0.89822 -0.8338 -1.7791 -1.114 -0.12063 -0.012243 0.78025 -0.021459 -2.0576 0.31021 0.073878 -3.806 -0.11992
3 15 288 -0.31116 4.8118 -0.12153 -0.030459 3.5833 -0.070597 -0.093501 3.4788 -1.0465 0.18189 1.8742 -1.1814 1.3023 0.83342 -0.9836 0.028284 3.717 0.90204 0.030025 2.1289 1.2849 1.3083 1.3943 0.83324 -0.044229 0.012243 -0.78828 0.74364 -1.914 -1.0764 -1.0472 -1.7791 -0.9163 0.044229 -0.012243 0.78828 0.043507 -2.0576 0.3079 0.047331 -3.806 -0.13266
3 16 288 -0.322 4.8133 -0.10468 -0.046022 3.5841 -0.057355 0.040272 3.4964 -1.0332 0.34478 1.894 -1.1244 1.4377 0.90181 -0.67867 -0.1365 3.7012 0.915 -0.22203 2.1161 1.3011 0.97516 1.1597 1.129 0.08226 0.015402 -0.78517 1.0073 -1.8653 -0.93217 -0.7636 -1.5516 -1.0601 -0.08226 -0.015402 0.78517 -0.060318 -2.0612 0.30709 -0.043169 -3.8103 -0.13006
3 16 300 -0.33673 4.8133 -0.035446 -0.056941 3.5841 -0.046533 -0.17542 3.4964 -1.019 0.10347 1.894 -1.1715 1.2652 0.90181 -0.96276 0.056727 3.7012 0.92339 0.053336 2.1161 1.3188 1.1886 1.1597 0.90163 -0.082783 0.015402 -0.78512 0.79149 -1.8653 -1.1212 -0.96732 -1.5516 -0.87816 0.082783 -0.015402 0.78512 0.0048469 -2.0612 0.31292 -0.069267 -3.8103 -0.11824
3 17 300 -0.33869 4.8167 -0.02111 -0.069278 3.5859 -0.031156 -0.01525 3.5187 -1.0109 0.31336 1.9238 -1.1419 1.4156 0.97018 -0.63869 -0.12781 3.6824 0.94589 -0.21874 2.0938 1.3155 0.83205 0.96584 1.2791 0.050318 0.016677 -0.78784 1.0519 -1.8252 -0.92357 -0.71822 -1.4938 -1.0113 -0.050319 -0.016678 0.78784 -0.099901 -2.065 0.32288 -0.14942 -3.8165 -0.1023
3 17 312 -0.33568 4.8167 0.049769 -0.074241 3.5859 -0.016071 -0.2251 3.5187 -0.98565 0.069087 1.9238 -1.1821 1.2519 0.97018 -0.91905 0.071646 3.6824 0.95179 0.05956 2.0938 1.3323 1.0798 0.96584 1.0781 -0.11458 0.016677 -0.78108 0.83691 -1.8252 -1.1221 -0.91279 -1.4938 -0.8399 0.11458 -0.016678 0.78108 -0.030588 -2.065 0.33659 -0.16742 -3.8165 -0.068995
3 18 312 -0.30903 4.8204 0.056415 -0.054057 3.5889 -0.0097708 0.0085883 3.5522 -0.99063 0.35202 1.9638 -1.1569 1.4227 1.0173 -0.57762 -0.12143 3.655 0.96924 -0.19772 2.0595 1.3117 0.70378 0.82022 1.4828 0.036388 0.013176 -0.78867 1.111 -1.7918 -0.82914 -0.67922 -1.6518 -0.99178 -0.036388 -0.013176 0.78867 -0.13446 -2.0667 0.3556 -0.22054 -3.823 -0.043402
3 18 324 -0.29055 4.8204 0.11943 -0.054907 3.5889 0.0016818 -0.19756 3.5522 -0.97077 0.10379 1.9638 -1.2048 1.2715 1.0173 -0.86079 0.08274 3.655 0.97331 0.079324 2.0595 1.3242 0.99669 0.82022 1.304 -0.12838 0.013176 -0.779 0.91433 -1.7918 -1.042 -0.87058 -1.6518 -0.82889 0.12838 -0.013176 0.779 -0.057585 -2.0667 0.37579 -0.22474 -3.823 0.0033984
3 19 324 -0.30682 4.8166 0.1283 -0.039602 3.59 0.030198 0.060685 3.5881 -0.94822 0.41044 2.0033 -1.1351 1.433 1.0316 -0.5125 -0.14465 3.6212 1.0076 -0.19487 2.0229 1.3416 0.57249 0.73356 1.6971 0.035293 0.016771 -0.78865 1.1304 -1.7738 -0.69315 -0.64141 -1.9785 -0.95739 -0.035293 -0.016772 0.78865 -0.09755 -2.0758 0.37526 -0.25344 -3.838 0.027374
3 19 336 -0.27343 4.8166 0.18929 -0.032458 3.59 0.037772 -0.13779 3.5881 -0.94012 0.16546 2.0033 -1.1957 1.2952 1.0316 -0.79924 0.068008 3.6212 1.0157 0.088318 2.0229 1.3528 0.91283 0.73356 1.541 -0.12945 0.016771 -0.77876 0.96155 -1.7738 -0.91302 -0.82645 -1.9785 -0.80311 0.12945 -0.016772 0.77876 -0.017397 -2.0758 0.38734 -0.24222 -3.838 0.07947
3 20 336 -0.30205 4.8111 0.16943 -0.011545 3.5901 0.067056 0.15239 3.616 -0.90238 0.48731 2.031 -1.1126 1.4591 1.0177 -0.47494 -0.18015 3.5936 1.036 -0.19869 1.9997 1.3938 0.54782 0.71676 1.8115 0.051119 0.022852 -0.78763 1.0825 -1.7976 -0.59646 -0.57696 -2.4158 -0.93519 -0.051119 -0.022852 0.78763 -0.0076423 -2.0808 0.36657 -0.27359 -3.8418 0.085521
3 20 348 -0.26022 4.8111 0.22853 0.0026493 3.5901 0.067991 -0.038556 3.616 -0.91435 0.24535 2.031 -1.1896 1.3285 1.0177 -0.76792 0.039188 3.5936 1.0509 0.095441 1.9997 1.4047 0.91248 0.71676 1.658 -0.11376 0.022852 -0.78105 0.93488 -1.7976 -0.8085 -0.75878 -2.4158 -0.7948 0.11376 -0.022852 0.78105 0.068738 -2.0808 0.36014 -0.24984 -3.8418 0.14054
3 21 0 -0.2341 4.8116 0.17776 0.054993 3.5903 0.060825 0.062719 3.6314 -0.92183 0.30528 2.0427 -1.2151 1.3472 0.9846 -0.79989 0.043051 3.5787 1.0442 0.14082 1.9852 1.3903 0.98896 0.72278 1.6447 -0.088614 0.017695 -0.78443 0.83533 -1.8678 -0.70942 -0.63077 -2.9121 -0.81367 0.088614 -0.017695 0.78443 0.14592 -2.068 0.32915 -0.27108 -3.8162 0.18557
3 21 348 -0.26594 4.8116 0.1252 0.041145 3.5903 0.07093 0.25301 3.6314 -0.88865 0.55125 2.0427 -1.1251 1.4841 0.9846 -0.50231 -0.175 3.5787 1.0304 -0.15132 1.9852 1.3892 0.62541 0.72278 1.8143 0.076415 0.017695 -0.78571 0.96458 -1.8678 -0.52024 -0.44782 -2.9121 -0.92703 -0.076415 -0.017695 0.78571 0.074297 -2.068 0.3523 -0.30374 -3.8162 0.12516
3 22 0 -0.15982 4.818 0.062345 0.12006 3.5883 0.092355 0.38019 3.6362 -0.85495 0.58526 2.0352 -1.1065 1.5057 0.91815 -0.57471 -0.14374 3.5699 1.0397 -0.089153 1.9751 1.3899 0.74408 0.73255 1.7632 0.10015 0.017592 -0.78304 0.80557 -1.9365 -0.46961 -0.24473 -3.3276 -0.93059 -0.10015 -0.017592 0.78304 0.14546 -2.0608 0.35964 -0.3612 -3.7817 0.17906
3 22 12 -0.14336 4.818 0.09421 0.13664 3.5883 0.065374 0.19413 3.6362 -0.91532 0.34241 2.0352 -1.204 1.3533 0.91815 -0.8752 0.075564 3.5699 1.0468 0.20177 1.9751 1.3781 1.0944 0.73255 1.57 -0.064847 0.017592 -0.78675 0.69033 -1.9365 -0.62684 -0.43286 -3.3276 -0.85937 0.064847 -0.017592 0.78675 0.21706 -2.0608 0.32154 -0.31608 -3.7817 0.25025
3 23 24 -0.034353 4.8205 -0.010541 0.20775 3.5849 0.059148 0.29195 3.6279 -0.91984 0.35556 2.0256 -1.2317 1.3233 0.84656 -1.0056 0.12013 3.5715 1.0387 0.27833 1.9685 1.3107 1.1748 0.72345 1.465 -0.024223 0.016925 -0.78907 0.58389 -1.9846 -0.59275 -0.20028 -3.5783 -0.90237 0.024224 -0.016925 0.78907 0.22688 -2.0619 0.35157 -0.40809 -3.749 0.31409
3 24 36 0.072591 4.8224 -0.080575 0.2652 3.5812 0.035561 0.35178 3.605 -0.94388 0.33222 2.0049 -1.2723 1.2254 0.75322 -1.1573 0.1755 3.5871 1.015 0.347 1.98 1.2531 1.2511 0.73433 1.3453 -0.0046051 0.013675 -0.78949 0.50936 -2.0125 -0.57803 -0.19929 -3.6428 -0.87956 0.0046045 -0.013675 0.78949 0.1806 -2.0694 0.39285 -0.5272 -3.7274 0.36148
3 25 36 0.14191 4.8206 -0.077514 0.30315 3.5773 0.069693 0.5874 3.5886 -0.87182 0.52303 1.9989 -1.2426 1.2877 0.67364 -1.0511 0.016237 3.5957 1.0103 0.12172 1.9822 1.2432 0.98701 0.71884 1.4246 0.16838 0.0093141 -0.7714 0.52812 -2.0421 -0.49454 -0.20496 -3.6423 -0.88549 -0.16838 -0.0093136 0.7714 0.017579 -2.0763 0.44389 -0.69433 -3.7217 0.25204
3 25 48 0.12269 4.8206 -0.10532 0.31102 3.5773 0.005141 0.3933 3.5886 -0.97489 0.25325 1.9989 -1.3242 1.041 0.67364 -1.2959 0.22593 3.5957 0.98483 0.37755 1.9822 1.1908 1.2616 0.71884 1.1882 0.0043195 0.0093141 -0.78955 0.41375 -2.0421 -0.59353 -0.38458 -3.6423 -0.82353 -0.0043187 -0.0093136 0.78955 0.10949 -2.0763 0.43054 -0.62676 -3.7217 0.39089
3 26 48 0.16176 4.8177 -0.068491 0.34265 3.574 0.059077 0.60473 3.5633 -0.88885 0.42993 1.9919 -1.2996 1.0651 0.58864 -1.2278 0.078218 3.6143 1.0056 0.14487 1.9964 1.2213 0.99109 0.71452 1.3572 0.18709 0.0029826 -0.76713 0.40793 -2.0671 -0.48379 -0.39882 -3.644 -0.82066 -0.18709 -0.0029826 0.76713 -0.0093518 -2.0754 0.4707 -0.72902 -3.7162 0.26863
3 26 60 0.14399 4.8177 -0.10063 0.34745 3.574 -0.013455 0.40671 3.5633 -0.99516 0.15034 1.9919 -1.3606 0.78659 0.58864 -1.4225 0.28557 3.6143 0.96731 0.39562 1.9964 1.1645 1.2516 0.71452 1.1215 0.023508 0.0029826 -0.78926 0.29843 -2.0671 -0.55803 -0.56073 -3.644 -0.7198 -0.023507 -0.0029826 0.78926 0.088718 -2.0754 0.46236 -0.65724 -3.7162 0.41433
3 27 60 0.18474 4.8168 -0.028719 0.38123 3.5705 0.047106 0.62866 3.5729 -0.90481 0.33629 2.0243 -1.3348 0.79266 0.55191 -1.3746 0.13124 3.5977 0.99796 0.13805 1.9795 1.2218 0.94582 0.67017 1.3261 0.16928 -0.0031662 -0.77125 0.3027 -2.075 -0.44861 -0.56875 -3.6334 -0.69951 -0.16928 0.0031657 0.77125 0.013244 -2.0722 0.49945 -0.71959 -3.7086 0.30953
3 27 72 0.17473 4.8168 -0.0665 0.38269 3.5705 -0.033186 0.4268 3.5729 -1.0157 0.051431 2.0243 -1.3755 0.48954 0.55191 -1.5094 0.33586 3.5977 0.94887 0.38906 1.9795 1.1664 1.2009 0.67017 1.1004 0.0052322 -0.0031662 -0.7896 0.20281 -2.075 -0.50174 -0.70175 -3.6334 -0.56597 -0.0052322 0.0031657 0.7896 0.11679 -2.0722 0.48578 -0.63951 -3.7086 0.45238
3 28 60 0.23538 4.8104 0.062242 0.42598 3.563 0.12513 0.81012 3.5668 -0.78029 0.50892 2.0431 -1.2866 0.85435 0.54032 -1.2935 0.039753 3.5889 1.0293 -0.074508 1.9764 1.265 0.63322 0.63465 1.5413 0.27982 -0.0022449 -0.73837 0.29112 -2.0722 -0.37856 -0.57474 -3.6244 -0.68149 -0.27982 0.0022449 0.73837 -0.070773 -2.0743 0.4962 -0.78784 -3.7035 0.20934
3 28 72 0.24318 4.8104 0.011942 0.44269 3.563 0.033831 0.63019 3.5668 -0.93167 0.23029 2.0431 -1.3643 0.56675 0.54032 -1.4428 0.25289 3.5889 0.99854 0.19013 1.9764 1.2528 0.93984 0.63465 1.376 0.12019 -0.0022449 -0.78042 0.20605 -2.0722 -0.43081 -0.70387 -3.6244 -0.5471 -0.12019 0.0022449 0.78042 0.033939 -2.0743 0.50007 -0.7271 -3.7035 0.36856
3 29 72 0.27306 4.8091 0.11176 0.45797 3.5595 0.11286 0.75714 3.5692 -0.82403 0.35884 2.0692 -1.3339 0.63093 0.55151 -1.353 0.15681 3.5795 1.049 -0.035489 1.9804 1.322 0.59523 0.6007 1.5982 0.20832 0.0019679 -0.76164 0.17467 -2.0628 -0.37452 -0.72633 -3.6155 -0.54276 -0.20832 -0.0019674 0.76164 -0.058735 -2.082 0.50571 -0.84482 -3.6949 0.32838
3 29 84 0.29033 4.8091 0.052546 0.47143 3.5595 0.015179 0.56927 3.5692 -0.96344 0.073658 2.0692 -1.3794 0.33584 0.55151 -1.4546 0.37148 3.5795 0.99343 0.24014 1.9804 1.3005 0.9145 0.6007 1.4395 0.045414 0.0019679 -0.78831 0.092982 -2.0628 -0.40265 -0.8233 -3.6155 -0.37989 -0.045415 -0.0019674 0.78831 0.047691 -2.082 0.50687 -0.75809 -3.6949 0.49686
3 30 84 0.34129 4.8048 0.11795 0.50799 3.5544 0.063599 0.71057 3.5725 -0.89869 0.20939 2.0998 -1.3975 0.44559 0.57663 -1.4401 0.30371 3.566 1.0256 0.038519 1.9886 1.3573 0.61495 0.58622 1.638 0.12871 -0.0052629 -0.77904 0.082585 -2.0623 -0.35397 -0.83953 -3.6113 -0.38814 -0.12871 0.0052629 0.77904 0.00046025 -2.0796 0.55314 -0.783 -3.7034 0.53913
3 31 84 0.40879 4.7991 0.19821 0.54703 3.5472 0.11995 0.84051 3.5694 -0.81852 0.37046 2.1096 -1.3814 0.57447 0.58186 -1.4265 0.25247 3.5549 1.0583 -0.14161 2.0025 1.38 0.30097 0.57727 1.768 0.20878 -0.010726 -0.76144 0.071348 -2.0557 -0.29929 -0.83758 -3.6104 -0.38595 -0.20878 0.010727 0.76144 -0.010378 -2.0745 0.59814 -0.73579 -3.7251 0.58106
3 31 96 0.44107 4.7991 0.10889 0.56001 3.5472 0.0035988 0.65196 3.5694 -0.97539 0.075156 2.1096 -1.4283 0.26532 0.58186 -1.5148 0.467 3.5549 0.98271 0.1484 2.0025 1.3793 0.66199 0.57727 1.6668 0.045904 -0.010726 -0.78821 0.0075615 -2.0557 -0.30759 -0.89952 -3.6104 -0.20338 -0.045904 0.010727 0.78821 0.11421 -2.0745 0.58723 -0.5989 -3.7251 0.72134
3 32 84 0.42459 4.8012 0.21634 0.53923 3.5484 0.12563 0.8983 3.5672 -0.78984 0.48606 2.0979 -1.373 0.68519 0.57086 -1.4508 0.17962 3.5593 1.041 -0.33035 2.0316 1.3148 -0.042866 0.58911 1.7775 0.24373 -0.016355 -0.75088 0.061101 -2.0562 -0.28171 -0.83313 -3.6163 -0.4134 -0.24373 0.016355 0.75088 -0.025547 -2.066 0.57567 -0.7218 -3.7287 0.53735
3 32 96 0.46029 4.8012 0.12334 0.55357 3.5484 0.010767 0.71445 3.5672 -0.95935 0.18999 2.0979 -1.444 0.36859 0.57086 -1.5615 0.39213 3.5593 0.98091 -0.049771 2.0316 1.3548 0.32764 0.58911 1.7476 0.082286 -0.016355 -0.78515 0.0011947 -2.0562 -0.28826 -0.90088 -3.6163 -0.23115 -0.082285 0.016355 0.78515 0.0947 -2.066 0.5684 -0.59431 -3.7287 0.67568
3 33 96 0.43988 4.8045 0.15322 0.53074 3.5519 0.03783 0.73754 3.5704 -0.92355 0.27127 2.0865 -1.4232 0.50969 0.5667 -1.5277 0.32341 3.5633 0.99921 -0.24147 2.0654 1.3249 0.02712 0.6133 1.7687 0.10155 -0.0089602 -0.78301 -0.0021688 -2.05 -0.2954 -0.89445 -3.6166 -0.27655 -0.10155 0.0089607 0.78301 0.11704 -2.0692 0.56435 -0.57289 -3.7328 0.65036
3 33 108 0.46213 4.8045 0.058411 0.52701 3.5519 -0.073344 0.5294 3.5704 -1.0567 -0.030547 2.0865 -1.4485 0.18093 0.5667 -1.6002 0.52409 3.5633 0.91013 0.039272 2.0654 1.3462 0.39426 0.6133 1.7244 -0.063464 -0.0089602 -0.78701 -0.063539 -2.05 -0.28849 -0.9324 -3.6166 -0.08454 0.063464 0.0089607 0.78701 0.23182 -2.0692 0.52768 -0.42515 -3.7328 0.75525
3 34 96 0.4384 4.8055 0.18105 0.52366 3.5525 0.066564 0.75653 3.569 -0.88887 0.34418 2.0721 -1.3968 0.67261 0.56651 -1.4529 0.29036 3.5659 1.0219 -0.40183 2.1107 1.2901 -0.18471 0.64492 1.7167 0.11098 -0.0026569 -0.78178 -0.0092193 -2.0459 -0.30742 -0.88918 -3.6196 -0.30686 -0.11098 0.0026569 0.78178 0.14088 -2.0734 0.57999 -0.54802 -3.738 0.65408
3 34 108 0.46647 4.8055 0.085944 0.52606 3.5525 -0.043766 0.55519 3.569 -1.0267 0.046242 2.0721 -1.4379 0.35583 0.56651 -1.561 0.49649 3.5659 0.93924 -0.12482 2.1107 1.3455 0.17624 0.64492 1.7176 -0.053985 -0.0026569 -0.78777 -0.072934 -2.0459 -0.29879 -0.93355 -3.6196 -0.11529 0.053984 0.0026569 0.78777 0.25839 -2.0734 0.53802 -0.40006 -3.738 0.75373
3 35 96 0.43719 4.8068 0.18203 0.51709 3.5535 0.067118 0.75453 3.57 -0.88719 0.38358 2.0532 -1.3674 0.79081 0.56712 -1.4246 0.27943 3.5667 1.0214 -0.50826 2.1516 1.2351 -0.35459 0.6671 1.6228 0.11549 -0.004312 -0.78112 -0.0057627 -2.0475 -0.30691 -0.87933 -3.6248 -0.31538 -0.11549 0.0043125 0.78112 0.13948 -2.0713 0.5779 -0.5343 -3.7428 0.63243
3 35 108 0.46548 4.8068 0.08716 0.51974 3.5535 -0.041857 0.55358 3.57 -1.0247 0.090888 2.0532 -1.4173 0.47733 0.56712 -1.5579 0.48569 3.5667 0.94101 -0.24036 2.1516 1.3138 -0.009447 0.6671 1.6611 -0.049434 -0.004312 -0.78806 -0.069447 -2.0475 -0.29901 -0.92568 -3.6248 -0.12566 0.049434 0.0043125 0.78806 0.25659 -2.0713 0.53627 -0.39113 -3.7428 0.7297
3 36 96 0.43751 4.8072 0.15411 0.51659 3.5539 0.03949 0.74836 3.5701 -0.91622 0.41811 2.0313 -1.3544 0.86803 0.55765 -1.4133 0.28468 3.5675 0.99521 -0.54014 2.1666 1.1559 -0.48889 0.66934 1.521 0.10589 -0.011376 -0.7824 0.037961 -2.0591 -0.31728 -0.85246 -3.6269 -0.32577 -0.10589 0.011376 0.7824 0.11724 -2.0663 0.56368 -0.54156 -3.7441 0.60429
3 36 108 0.45999 4.8072 0.059777 0.51351 3.5539 -0.068777 0.54152 3.5701 -1.0518 0.12737 2.0313 -1.4118 0.55523 0.55765 -1.5629 0.48537 3.5675 0.91427 -0.28801 2.1666 1.2429 -0.16198 0.66934 1.5894 -0.059092 -0.011376 -0.78732 -0.028836 -2.0591 -0.31824 -0.90156 -3.6269 -0.14141 0.059091 0.011376 0.78732 0.23187 -2.0663 0.52698 -0.40408 -3.7441 0.70368
3 37 96 0.42835 4.8066 0.16304 0.51581 3.554 0.046692 0.74102 3.5733 -0.91053 0.43231 2.0218 -1.3186 0.91135 0.55648 -1.3486 0.29027 3.5645 1.004 -0.53179 2.156 1.1 -0.53986 0.6567 1.4601 0.1 -0.0059876 -0.78324 0.045481 -2.0564 -0.32804 -0.83975 -3.6271 -0.33992 -0.1 0.0059876 0.78324 0.11297 -2.0716 0.55419 -0.55532 -3.7458 0.59084
3 37 108 0.45289 4.8066 0.070423 0.51425 3.554 -0.061571 0.53552 3.5733 -1.0447 0.14871 2.0218 -1.3797 0.61104 0.55648 -1.5086 0.49267 3.5645 0.92168 -0.29147 2.156 1.1865 -0.22449 0.6567 1.5405 -0.065029 -0.0059876 -0.78691 -0.023717 -2.0564 -0.33033 -0.89207 -3.6271 -0.1579 0.065029 0.0059876 0.78691 0.22572 -2.0716 0.51859 -0.42034 -3.7458 0.69339
3 38 96 0.412 4.8085 0.17937 0.50085 3.5558 0.066742 0.72873 3.5735 -0.88988 0.4298 2.0165 -1.2839 0.93755 0.56058 -1.271 0.27278 3.5679 1.0234 -0.53331 2.1477 1.0671 -0.50235 0.64441 1.409 0.10557 -0.0012712 -0.78253 0.026408 -2.0512 -0.32899 -0.85031 -3.6266 -0.3533 -0.10557 0.0012712 0.78253 0.10475 -2.0751 0.54036 -0.58072 -3.7427 0.55672
3 38 108 0.44029 4.8085 0.089787 0.50378 3.5558 -0.03885 0.52779 3.5735 -1.0219 0.15348 2.0165 -1.3452 0.6528 0.56058 -1.4382 0.47959 3.5679 0.94432 -0.29979 2.1477 1.1547 -0.19844 0.64441 1.4826 -0.059431 -0.0012712 -0.78738 -0.04257 -2.0512 -0.32729 -0.90518 -3.6266 -0.16879 0.059431 0.0012712 0.78738 0.21481 -2.0751 0.50677 -0.45228 -3.7427 0.66529
3 39 96 0.40979 4.8062 0.18633 0.50989 3.5544 0.073219 0.73314 3.5733 -0.88447 0.44702 2.0116 -1.2689 0.97504 0.56318 -1.2361 0.28615 3.5654 1.0309 -0.4921 2.1294 1.0628 -0.40145 0.62448 1.3865 0.11151 -0.0018439 -0.7817 0.017761 -2.0518 -0.33115 -0.85871 -3.627 -0.37275 -0.11151 0.0018439 0.7817 0.075148 -2.0754 0.52801 -0.62639 -3.7363 0.51507
3 39 108 0.43957 4.8062 0.09706 0.51397 3.5544 -0.034392 0.53323 3.5733 -1.0176 0.17342 2.0116 -1.3341 0.69673 0.56318 -1.4118 0.49424 3.5654 0.9489 -0.26037 2.1294 1.1419 -0.10441 0.62448 1.4397 -0.053452 -0.0018439 -0.78781 -0.051477 -2.0518 -0.32761 -0.91745 -3.627 -0.18607 0.053452 0.0018439 0.78781 0.18329 -2.0754 0.50085 -0.50561 -3.7363 0.63405
3 40 96 0.39846 4.8058 0.19607 0.50558 3.5548 0.082703 0.71919 3.5756 -0.87714 0.45501 2.0075 -1.2512 1.0024 0.56648 -1.2118 0.29149 3.5639 1.0426 -0.43885 2.1038 1.1015 -0.31491 0.60009 1.4197 0.10673 0.0017977 -0.78237 0.013266 -2.0517 -0.34787 -0.8656 -3.6254 -0.39239 -0.10673 -0.0017977 0.78237 0.064804 -2.0789 0.517 -0.64814 -3.7348 0.49135
3 40 108 0.43052 4.8058 0.10894 0.51172 3.5548 -0.024219 0.52111 3.5756 -1.0075 0.18492 2.0075 -1.3185 0.7286 0.56648 -1.3937 0.5019 3.5639 0.95924 -0.20024 2.1038 1.1687 -0.012867 0.60009 1.4541 -0.058263 0.0017977 -0.78746 -0.059349 -2.0517 -0.34302 -0.92827 -3.6254 -0.20385 0.058264 -0.0017977 0.78746 0.17088 -2.0789 0.49222 -0.53182 -3.7348 0.61537
3 41 96 0.38427 4.807 0.19724 0.49471 3.5563 0.084654 0.6933 3.5753 -0.87845 0.45598 2.0009 -1.2439 1.0352 0.57258 -1.1979 0.29553 3.5671 1.0478 -0.40186 2.093 1.1445 -0.24285 0.59469 1.4724 0.098009 0.0037174 -0.7835 -0.0027894 -2.0516 -0.3597 -0.88451 -3.6235 -0.41345 -0.098009 -0.0037174 0.7835 0.071089 -2.078 0.49565 -0.6434 -3.7332 0.46712
3 41 108 0.41688 4.807 0.11304 0.5015 3.5563 -0.020051 0.49551 3.5753 -1.0034 0.1874 2.0009 -1.3115 0.76349 0.57258 -1.387 0.50691 3.5671 0.96342 -0.15514 2.093 1.203 0.068591 0.59469 1.4908 -0.067032 0.0037174 -0.78676 -0.077513 -2.0516 -0.35126 -0.95114 -3.6235 -0.22052 0.067032 -0.0037174 0.78676 0.17259 -2.078 0.47004 -0.53222 -3.7332 0.59068
3 42 96 0.35527 4.8074 0.19197 0.47834 3.5588 0.073377 0.65935 3.5827 -0.89307 0.44589 2.0035 -1.2525 1.084 0.60122 -1.1886 0.29655 3.5647 1.04 -0.38022 2.084 1.1758 -0.18738 0.59149 1.5116 0.088972 0.0031724 -0.78458 -0.017699 -2.0538 -0.37022 -0.90988 -3.6192 -0.43689 -0.088972 -0.0031724 0.78458 0.051953 -2.0775 0.48191 -0.67472 -3.7271 0.44274
3 42 108 0.38742 4.8074 0.11391 0.48315 3.5588 -0.02768 0.45926 3.5827 -1.0106 0.17574 2.0035 -1.3178 0.81321 0.60122 -1.3881 0.50629 3.5647 0.95558 -0.12745 2.084 1.2292 0.131 0.59149 1.5176 -0.076097 0.0031724 -0.78594 -0.094286 -2.0538 -0.35845 -0.98083 -3.6192 -0.23817 0.076096 -0.0031724 0.78594 0.15101 -2.0775 0.46058 -0.56792 -3.7271 0.57335
3 43 96 0.34455 4.8091 0.16837 0.47051 3.5601 0.058417 0.6319 3.5783 -0.91163 0.42981 1.9985 -1.2752 1.1667 0.64775 -1.1751 0.3084 3.5717 1.0284 -0.34705 2.0855 1.2027 -0.1389 0.59485 1.5378 0.072362 0.0029278 -0.78629 0.0093961 -2.0628 -0.40805 -0.91565 -3.6094 -0.4661 -0.072361 -0.0029283 0.78629 0.026182 -2.079 0.47918 -0.70865 -3.7244 0.41708
3 43 108 0.37203 4.8091 0.093058 0.47238 3.5601 -0.040685 0.42855 3.5783 -1.0231 0.15528 1.9985 -1.3367 0.89693 0.64775 -1.392 0.51548 3.5717 0.94185 -0.089411 2.0855 1.2486 0.18386 0.59485 1.533 -0.092698 0.0029278 -0.78415 -0.075647 -2.0628 -0.40108 -0.99254 -3.6094 -0.26554 0.092699 -0.0029283 0.78415 0.12524 -2.079 0.46327 -0.60645 -3.7244 0.5553
3 44 96 0.34474 4.8099 0.13011 0.47332 3.56 0.028399 0.6142 3.5757 -0.94488 0.38894 1.9976 -1.3021 1.2268 0.7085 -1.1847 0.33157 3.5741 1.0016 -0.27714 2.0723 1.2085 -0.075272 0.58151 1.5467 0.055384 0.0010433 -0.78767 0.12845 -2.0777 -0.49143 -0.86899 -3.5797 -0.50287 -0.055385 -0.0010433 0.78767 -0.019392 -2.077 0.46598 -0.73238 -3.7301 0.36696
3 44 108 0.36426 4.8099 0.055592 0.46888 3.56 -0.07063 0.40433 3.5757 -1.0519 0.10971 1.9976 -1.3546 0.95371 0.7085 -1.4139 0.53257 3.5741 0.91075 -0.019817 2.0723 1.2398 0.24796 0.58151 1.5286 -0.10959 0.0010433 -0.78198 0.023469 -2.0777 -0.5074 -0.95455 -3.5797 -0.31121 0.10959 -0.0010433 0.78198 0.077916 -2.077 0.45983 -0.64008 -3.7301 0.51121
3 45 96 0.34894 4.8125 0.067104 0.46834 3.5603 -0.017619 0.581 3.5633 -0.99469 0.29722 1.9889 -1.3254 1.127 0.68932 -1.3095 0.35508 3.587 0.95902 -0.15144 2.0523 1.197 0.12096 0.57174 1.5309 0.044821 -0.0067921 -0.78832 0.41577 -2.0672 -0.61156 -0.74298 -3.4486 -0.61459 -0.04482 0.0067921 0.78832 -0.14822 -2.0673 0.46911 -0.76429 -3.7548 0.31545
3 45 108 0.35526 4.8125 -0.0069098 0.45444 3.5603 -0.11461 0.36149 3.5633 -1.0937 0.015151 1.9889 -1.3583 0.83008 0.68932 -1.5152 0.54671 3.587 0.86424 0.10075 2.0523 1.2024 0.43662 0.57174 1.4723 -0.12006 -0.0067921 -0.78041 0.27953 -2.0672 -0.68464 -0.85452 -3.4486 -0.44669 0.12006 0.0067921 0.78041 -0.047448 -2.0673 0.48967 -0.68201 -3.7548 0.46746
3 46 96 0.36445 4.8148 -0.0027196 0.45667 3.5592 -0.077012 0.54001 3.5524 -1.057 0.18775 1.9883 -1.3703 0.84153 0.59814 -1.5033 0.37317 3.5957 0.9023 0.028134 2.0241 1.1847 0.61662 0.62323 1.447 0.042555 -0.024152 -0.7881 0.87161 -1.9538 -0.73049 -0.52998 -3.088 -0.73568 -0.042555 0.024153 0.7881 -0.34232 -2.0351 0.49844 -0.78399 -3.7681 0.2695
3 46 108 0.35592 4.8148 -0.078433 0.43068 3.5592 -0.17028 0.30844 3.5524 -1.1462 -0.10124 1.9883 -1.3794 0.51058 0.59814 -1.6454 0.55262 3.5957 0.805 0.27383 2.0241 1.1529 0.904 0.62323 1.2872 -0.12223 -0.024152 -0.77973 0.70068 -1.9538 -0.89575 -0.67136 -3.088 -0.60941 0.12223 0.024153 0.77973 -0.23121 -2.0351 0.55872 -0.71083 -3.7681 0.42662
3 47 96 0.34457 4.816 -0.029172 0.41774 3.5593 -0.1095 0.48633 3.5526 -1.0906 -0.0073305 2.0309 -1.4216 0.39741 0.55762 -1.6295 0.34917 3.5957 0.87097 0.22066 2.0008 1.2002 1.3061 0.91587 1.3499 0.057476 -0.037192 -0.78665 1.2844 -1.7426 -0.76674 -0.3548 -2.4935 -0.76047 -0.057477 0.037192 0.78665 -0.4696 -2.0046 0.51217 -0.81772 -3.7538 0.24736
3 58 84 0.010236 4.8198 0.029293 0.24482 3.582 -0.026034 0.43084 3.5872 -0.99181 -0.27229 2.2203 -1.5449 -0.26267 0.70491 -1.8296 0.055546 3.6064 0.93882 0.56804 2.1851 1.56 2.0979 2.2528 1.7402 0.24596 -0.0365 -0.74945 1.0029 -1.8928 -0.12051 0.6235 -3.649 0.029942 -0.24596 0.0365 0.74945 -0.9991 -1.8708 0.29203 -1.908 -3.3629 -0.15359
3 59 84 -0.093507 4.8215 0.08196 0.16391 3.5876 0.038345 0.33795 3.5875 -0.92968 -0.1619 2.0993 -1.3816 0.024329 0.59065 -1.6405 -0.013952 3.6172 1.0052 0.31472 2.099 1.5108 1.7501 1.6337 1.8284 0.211 -0.0038919 -0.7609 0.88169 -1.9092 -0.18278 0.48668 -3.6571 0.017068 -0.211 0.0038915 0.76089 -0.75023 -1.9942 0.39881 -1.9 -3.3001 -0.074094
3 59 96 -0.074423 4.8215 0.09961 0.1683 3.5876 0.0034282 0.13727 3.5875 -0.97963 -0.44561 2.0993 -1.3178 -0.31728 0.59065 -1.6097 0.19535 3.6172 0.98615 0.62194 2.099 1.4123 2.092 1.6337 1.4246 0.048192 -0.0038919 -0.78814 0.82442 -1.9092 -0.3621 0.47959 -3.6571 -0.084491 -0.048192 0.0038915 0.78814 -0.65092 -1.9942 0.54608 -1.8739 -3.3001 0.32255
3 60 84 -0.21054 4.8166 0.068196 0.079749 3.5903 0.024573 0.24305 3.5943 -0.94531 -0.0041505 2.0176 -1.2941 0.51877 0.57489 -1.4448 -0.088003 3.6157 0.99337 0.054616 2.0349 1.3802 1.1076 1.0186 1.8659 0.17463 -0.003365 -0.77006 0.69769 -1.9544 -0.19188 0.29899 -3.7008 0.012741 -0.17463 0.0033655 0.77006 -0.37351 -2.0823 0.61316 -1.7382 -3.1177 0.050509
3 60 96 -0.19176 4.8166 0.11048 0.083115 3.5903 0.0074552 0.041201 3.5943 -0.97519 -0.27313 2.0176 -1.265 0.20704 0.57489 -1.5211 0.12045 3.6157 0.98996 0.34039 2.0349 1.3387 1.4713 1.0186 1.5948 0.010713 -0.003365 -0.78954 0.64255 -1.9544 -0.33275 0.29511 -3.7008 -0.049702 -0.010712 0.0033655 0.78954 -0.23787 -2.0823 0.67741 -1.6897 -3.1177 0.4108
3 61 96 -0.24022 4.8149 0.18561 0.03778 3.59 0.070526 0.0054148 3.6089 -0.91231 -0.052277 2.0011 -1.1961 0.87214 0.77892 -1.3672 0.065466 3.6005 1.0536 -0.015881 1.9961 1.3502 0.73996 0.70986 1.7402 0.0084931 0.019712 -0.78933 0.35684 -1.9971 -0.31472 0.10664 -3.7564 -0.0092652 -0.0084931 -0.019712 0.78933 0.20734 -2.1094 0.82116 -1.4334 -2.7957 0.52465
3 62 96 -0.21793 4.8116 0.28031 0.043907 3.5835 0.15939 0.050048 3.614 -0.82367 0.24292 2.0267 -1.1583 1.5362 1.1888 -1.2124 0.033416 3.5826 1.1429 -0.36388 2.0212 1.4132 0.16799 0.63367 1.8249 -0.016897 0.054579 -0.78755 0.074501 -1.9998 -0.35668 -0.039841 -3.7637 -0.0010701 0.016897 -0.054579 0.78755 0.6931 -2.0381 0.93833 -1.0519 -2.4039 0.67017
3 62 108 -0.15489 4.8116 0.31949 0.076086 3.5835 0.14677 -0.1223 3.614 -0.81608 -0.0032193 2.0267 -1.1835 1.2506 1.1888 -1.5053 0.2703 3.5826 1.111 -0.062111 2.0212 1.4579 0.54373 0.63367 1.7501 -0.18027 0.054579 -0.76683 -0.0012848 -1.9998 -0.36438 -0.039193 -3.7637 0.0072366 0.18027 -0.054579 0.76683 0.87305 -2.0381 0.77373 -0.88961 -2.4039 0.87424
3 63 108 -0.15082 4.8137 0.29631 0.066248 3.5842 0.12099 -0.082878 3.6185 -0.85058 0.25224 2.0979 -1.3447 1.7208 1.6981 -1.5922 0.21157 3.5795 1.0937 -0.36641 2.0981 1.468 -0.022519 0.65022 1.872 -0.21765 0.044746 -0.75771 -0.066992 -2.0102 -0.34696 -0.17024 -3.7693 0.03505 0.21765 -0.044746 0.75771 1.3064 -1.841 0.70772 -0.47491 -2.0584 0.88229
3 64 108 -0.19234 4.815 0.2589 0.020667 3.5851 0.082771 -0.089242 3.6275 -0.8937 0.48784 2.2234 -1.4973 2.0203 2.2224 -1.6682 0.12707 3.5723 1.0605 -0.64765 2.1881 1.451 -0.52836 0.73441 1.9513 -0.23102 0.028538 -0.75453 -0.14998 -2.0288 -0.3359 -0.33113 -3.7793 0.056157 0.23102 -0.028538 0.75453 1.6123 -1.6003 0.56459 -0.15301 -1.8415 0.84096
3 64 120 -0.13431 4.815 0.29323 0.037424 3.5851 0.076665 -0.2731 3.6275 -0.85561 0.16587 2.2234 -1.566 1.6293 2.2224 -2.0518 0.34478 3.5723 1.0109 -0.33181 2.1881 1.554 -0.11112 0.73441 2.0185 -0.38285 0.028538 -0.69001 -0.21654 -2.0288 -0.29738 -0.31222 -3.7793 0.12378 0.38285 -0.028538 0.69001 1.6944 -1.6003 0.21703 0.025175 -1.8415 0.85439
3 65 120 -0.19058 4.812 0.29564 -0.020388 3.5833 0.075292 -0.29926 3.6301 -0.86673 0.33657 2.3813 -1.7064 1.7836 2.685 -2.144 0.25548 3.566 1.0192 -0.55247 2.2759 1.6122 -0.45824 0.85499 2.2036 -0.37631 0.020346 -0.69389 -0.2942 -2.0357 -0.26922 -0.46025 -3.7735 0.18182 0.37631 -0.020346 0.69389 1.8491 -1.3373 -0.020646 0.26859 -1.7898 0.71964
3 70 108 -0.164 4.8161 0.21015 0.037549 3.585 0.038491 -0.030949 3.6271 -0.94176 1.1436 2.7749 -1.6921 2.4228 3.6351 -1.727 0.10329 3.5726 1.0198 -0.88116 2.3969 1.5832 -0.91662 1.0581 2.3474 -0.21778 0.022611 -0.75866 -0.72289 -1.9446 -0.22093 -1.2252 -3.6041 0.27372 0.21778 -0.022611 0.75866 1.7252 -1.336 0.11294 1.1182 -3.0324 0.1803
3 71 108 -0.11775 4.8168 0.21933 0.081694 3.5844 0.055233 -0.0098823 3.6191 -0.92342 1.1126 2.6826 -1.6527 2.4324 3.4791 -1.6887 0.17061 3.5793 1.0347 -0.73221 2.3411 1.6009 -0.6575 0.98372 2.3286 -0.23829 0.033363 -0.75207 -0.8136 -1.9132 -0.20951 -1.3693 -3.5542 0.28958 0.23829 -0.033363 0.75207 1.5733 -1.5342 0.13592 1.2388 -3.3057 0.16094
3 72 108 -0.092096 4.8169 0.22953 0.11243 3.5842 0.065857 -0.005471 3.6228 -0.90984 1.029 2.5589 -1.5931 2.4127 3.2372 -1.6452 0.22742 3.5753 1.0426 -0.56335 2.2525 1.5844 -0.35136 0.87936 2.2532 -0.25926 0.040535 -0.74474 -0.88756 -1.8888 -0.19941 -1.5227 -3.4985 0.3069 0.25926 -0.040535 0.74474 1.4057 -1.6995 0.15498 1.2344 -3.4938 0.19871
3 73 96 -0.16126 4.8127 0.2218 0.092119 3.5853 0.091073 0.1344 3.6312 -0.89049 1.1283 2.4101 -1.3261 2.5912 2.8405 -1.0976 0.046363 3.5689 1.0734 -0.67271 2.1458 1.4289 -0.44861 0.75719 2.0608 -0.12249 0.041564 -0.77895 -0.90595 -1.8666 -0.3799 -1.7086 -3.4407 -0.020949 0.12249 -0.041564 0.77895 1.1396 -1.8496 0.44644 0.99427 -3.6464 0.48232
3 73 108 -0.11162 4.8127 0.25048 0.10904 3.5853 0.06993 -0.053681 3.6312 -0.89897 0.8279 2.4101 -1.5317 2.3064 2.8405 -1.6123 0.26853 3.5689 1.0403 -0.36093 2.1458 1.5375 -0.010354 0.75719 2.109 -0.28176 0.041564 -0.73646 -0.96514 -1.8666 -0.18324 -1.6756 -3.4407 0.33475 0.28176 -0.041564 0.73646 1.2075 -1.8496 0.19975 1.0728 -3.6464 0.26506
3 74 96 -0.24508 4.8089 0.17864 0.041572 3.5898 0.039668 0.041523 3.6388 -0.94266 0.80558 2.2587 -1.3671 2.3348 2.2786 -1.1701 0.037401 3.5703 1.023 -0.44413 2.0468 1.363 -0.013646 0.65422 1.8661 -0.13459 0.02081 -0.77779 -0.82515 -1.9274 -0.40123 -1.8307 -3.3875 -0.072335 0.13459 -0.02081 0.77779 0.90599 -1.9474 0.44976 0.75363 -3.7439 0.46612
3 75 84 -0.34212 4.8013 0.018788 -0.0013086 3.591 -0.056255 0.17179 3.6353 -1.0234 0.69411 2.114 -1.3089 2.0913 1.566 -0.95492 -0.17945 3.576 0.91091 -0.40296 1.9787 1.1702 0.25201 0.66517 1.6429 0.058514 -0.014522 -0.78731 -0.2392 -2.0869 -0.61185 -1.6384 -3.2238 -0.5874 -0.058514 0.014522 0.78731 0.57091 -1.9829 0.6184 0.46988 -3.7815 0.54247
3 75 96 -0.33074 4.8013 0.089508 -0.012976 3.591 -0.054754 -0.044752 3.6353 -1.0368 0.40681 2.114 -1.4246 1.8471 1.566 -1.3689 0.01386 3.576 0.92831 -0.15086 1.9787 1.2284 0.58807 0.66517 1.5546 -0.10646 -0.014522 -0.78228 -0.36118 -2.0869 -0.54875 -1.7247 -3.2238 -0.23392 0.10646 0.014522 0.78228 0.687 -1.9829 0.48619 0.5724 -3.7815 0.43292
3 76 84 -0.37282 4.8013 -0.01183 -0.034045 3.59 -0.078736 0.12176 3.6256 -1.0492 0.28592 2.0362 -1.3893 1.4232 0.99823 -1.3068 -0.19481 3.5837 0.89156 -0.13369 1.9772 1.1816 0.98542 0.96402 1.4959 0.095513 -0.021235 -0.78353 0.29113 -2.1126 -0.73488 -1.3171 -2.9277 -0.73235 -0.095513 0.021235 0.78353 0.28768 -2.0374 0.61169 0.28273 -3.8358 0.48229
3 77 72 -0.32044 4.8027 -0.17536 0.0027472 3.5845 -0.16263 0.30901 3.5948 -1.0972 0.16126 2.0288 -1.5381 1.0297 0.75475 -1.5179 -0.30812 3.6037 0.7703 -0.1173 2.0342 1.1816 1.2845 1.5593 1.6142 0.26164 -0.051779 -0.74321 0.96758 -2.0285 -0.65108 -0.73813 -2.4967 -1.0007 -0.26164 0.051779 0.74321 -0.12543 -2.0393 0.59161 -0.0092843 -3.8317 0.43385
3 77 84 -0.3499 4.8027 -0.10491 -0.031125 3.5845 -0.15964 0.074138 3.5948 -1.1375 -0.16205 2.0288 -1.538 0.6916 0.75475 -1.6988 -0.14123 3.6037 0.81753 0.13092 2.0342 1.1801 1.592 1.5593 1.3119 0.1014 -0.051779 -0.78137 0.81107 -2.0285 -0.83802 -0.93007 -2.4967 -0.82539 -0.1014 0.051779 0.78137 0.00031325 -2.0393 0.60476 0.08112 -3.8317 0.4263
3 78 72 -0.30054 4.8082 -0.19142 0.0035051 3.5842 -0.16232 0.2485 3.5809 -1.1149 -0.23104 2.1168 -1.658 0.4336 0.73838 -1.8477 -0.24583 3.6169 0.78854 0.10734 2.1191 1.3369 1.6156 2.2047 1.6461 0.2637 -0.051898 -0.74247 1.4061 -1.8104 -0.61253 -0.35189 -2.0443 -0.93755 -0.2637 0.051898 0.74247 -0.23446 -2.0403 0.55259 -0.20813 -3.8331 0.36212
3 79 72 -0.3436 4.8064 -0.21397 -0.035905 3.5825 -0.1805 0.16065 3.5747 -1.1442 -0.57168 2.2446 -1.7469 -0.095309 0.81816 -2.0873 -0.2371 3.6197 0.78153 0.26085 2.2238 1.4688 1.7075 2.7111 1.6865 0.27125 -0.05114 -0.7398 1.7108 -1.5704 -0.55581 -0.065472 -1.7021 -0.83559 -0.27125 0.051141 0.7398 -0.3371 -2.0371 0.51772 -0.39439 -3.8259 0.29951
3 81 252 0.45793 4.8029 0.1905 0.15887 3.5771 0.14674 0.0040381 3.5638 1.1179 0.95425 2.4124 1.7812 0.74911 0.98124 2.3174 0.31809 3.6198 -0.82289 -0.32975 2.3889 -1.6796 -1.6867 3.1072 -1.8222 -0.26209 -0.027349 0.74435 -1.997 -1.0624 0.16721 -0.29972 -1.506 0.58365 0.26209 0.027349 -0.74435 0.50781 -2.0394 -0.45723 0.71582 -3.8094 -0.18358
3 82 252 0.47514 4.8023 0.18945 0.18484 3.5739 0.14649 0.038598 3.561 1.119 0.99895 2.424 1.7924 0.80846 1.009 2.3749 0.33541 3.6163 -0.82454 -0.31402 2.3955 -1.6943 -1.6749 3.1025 -1.8544 -0.25707 -0.026285 0.74614 -2.0194 -0.89013 -0.0036395 -0.46069 -1.6697 0.45847 0.25707 0.026285 -0.74614 0.58744 -2.0245 -0.4305 0.86848 -3.7803 -0.13241
3 83 252 0.45539 4.8043 0.19123 0.16553 3.5755 0.15355 0.010928 3.5683 1.1248 0.92931 2.3966 1.7975 0.70147 0.98377 2.3716 0.32448 3.6122 -0.81637 -0.31969 2.3722 -1.6627 -1.6979 3.0349 -1.8603 -0.25504 -0.031768 0.74662 -1.9937 -0.86592 -0.08733 -0.61997 -1.9573 0.32809 0.25504 0.031769 -0.74662 0.66879 -1.9996 -0.40495 1.0221 -3.7384 -0.084467
3 85 72 -0.34791 4.8126 -0.2136 -0.068004 3.581 -0.17648 0.14142 3.5729 -1.1374 -0.63662 2.2863 -1.7761 -0.2623 0.85194 -2.2007 -0.28179 3.6186 0.78282 0.29261 2.2969 1.5522 1.7149 2.8332 1.8116 0.27321 -0.04462 -0.7395 1.8506 -1.1637 0.081311 1.0062 -2.7472 -0.093308 -0.27321 0.044621 0.7395 -0.82772 -1.9399 0.32904 -1.2988 -3.6385 -0.050039
3 86 72 -0.29799 4.8137 -0.21319 -0.018067 3.5829 -0.17071 0.22645 3.5716 -1.1233 -0.44348 2.2143 -1.7378 -0.0043429 0.77442 -2.0719 -0.26674 3.6237 0.78 0.26331 2.2643 1.5147 1.7225 2.6976 1.7611 0.28977 -0.048129 -0.73295 1.6944 -1.4017 0.047493 1.2006 -3.135 -0.006617 -0.28977 0.048129 0.73295 -0.91928 -1.9075 0.29294 -1.4549 -3.5809 -0.11152
3 86 84 -0.33581 4.8137 -0.14657 -0.053166 3.5829 -0.16323 -0.012048 3.5716 -1.1458 -0.79509 2.2143 -1.6076 -0.43502 0.77442 -2.0257 -0.098738 3.6237 0.81842 0.57247 2.2643 1.4268 2.051 2.6976 1.3645 0.13105 -0.048129 -0.77718 1.6672 -1.4017 -0.30583 1.173 -3.135 -0.25609 -0.13105 0.048129 0.77718 -0.83828 -1.9075 0.47766 -1.4463 -3.5809 0.19341
