0 97 204 -0.18889 4.834 0.0065196 -0.11218 3.5752 0.034455 0.31359 3.566 0.92102 0.14276 4.4478 2.2856 -0.60949 5.7892 2.1738 -0.53681 3.6141 -0.85185 -1.8957 4.2658 -1.4823 -2.5213 5.4861 -0.77714 0.36173 0.0091467 0.70183 -0.061322 -2.0395 0.89803 0.45576 -3.7526 0.67729 -0.36173 -0.0091467 -0.70183 -0.76709 -2.0706 -0.68089 -0.24541 -3.7235 -1.1776
0 98 204 -0.14072 4.839 0.026787 -0.10327 3.576 0.050584 0.31264 3.5582 0.94169 -0.23357 4.35 2.2621 -1.1741 5.5639 2.1224 -0.51806 3.6235 -0.83995 -1.9962 4.2146 -1.2065 -2.6821 5.2522 -0.29514 0.35588 0.0064335 0.70484 -0.072342 -2.0407 0.90524 0.44325 -3.7559 0.69733 -0.35588 -0.006433 -0.70485 -0.76925 -2.0662 -0.67696 -0.25993 -3.727 -1.1598
0 99 204 -0.11153 4.8428 0.049752 -0.099871 3.5784 0.069482 0.29796 3.5479 0.96846 -0.5731 4.1457 2.2145 -1.6591 5.2284 2.0535 -0.49713 3.6385 -0.82825 -2.0619 4.0849 -0.97334 -2.7837 4.9344 0.092014 0.34624 0.0030518 0.70965 -0.088546 -2.0429 0.90821 0.43234 -3.7581 0.71415 -0.34623 -0.0030513 -0.70966 -0.76902 -2.0608 -0.67499 -0.27216 -3.7298 -1.1423
0 100 216 -0.096125 4.8437 0.097324 -0.090246 3.5796 0.11148 0.46393 3.544 0.92326 -0.38645 3.8759 2.278 -1.5977 4.8274 2.3501 -0.64435 3.6451 -0.69849 -2.2235 3.8713 -0.34646 -2.7229 4.5464 0.94674 0.47514 0.00036192 0.63066 0.078933 -2.0435 0.91323 0.56065 -3.7572 0.62645 -0.47514 -0.0003624 -0.63066 -0.90219 -2.0535 -0.50221 -0.51706 -3.7307 -1.0402
1 1 48 -1.5823 4.1439 1.9317 -1.1879 3.0054 1.5563 -0.42162 2.9876 2.1726 0.050923 1.4877 1.7303 -0.075037 0.078567 2.3437 -1.9622 3.0496 0.95147 -1.813 1.5358 0.35575 -2.4186 0.14445 0.62958 0.62861 -0.0035107 0.47785 -0.55627 -1.4418 1.4482 0.23617 -2.9327 0.81553 -0.62861 0.0035105 -0.47785 -1.5093 -1.5634 0.60996 -0.82158 -2.8877 -0.40201
1 2 48 -1.5045 4.2132 1.8402 -1.1296 3.0594 1.4932 -0.36326 3.0432 2.1095 0.17862 1.5452 1.7472 0.27239 0.18226 2.4622 -1.9034 3.1023 0.88766 -1.8484 1.5975 0.25425 -2.622 0.26607 0.3354 0.62841 -0.0068364 0.47808 -0.5705 -1.4051 1.4889 0.25251 -2.8549 0.8021 -0.62841 0.0068364 -0.47808 -1.5432 -1.5288 0.62613 -0.80382 -2.7993 -0.41787
1 3 48 -1.4008 4.3038 1.7053 -1.0573 3.1285 1.3974 -0.2914 3.1177 2.0144 0.37478 1.6404 1.8082 0.77207 0.41276 2.6523 -1.8299 3.1666 0.79005 -1.9174 1.7059 0.063767 -2.9145 0.54603 -0.13157 0.62879 -0.0068836 0.47757 -0.56233 -1.398 1.5073 0.28021 -2.8206 0.78818 -0.62879 0.0068839 -0.47757 -1.5742 -1.5111 0.62531 -0.79877 -2.7455 -0.43571
1 4 36 -1.5762 4.3948 1.2601 -1.2182 3.2007 1.0521 -0.59834 3.1954 1.8156 0.20883 1.783 1.965 0.72707 0.8218 3.0537 -1.8459 3.234 0.29558 -1.9346 1.8699 -0.599 -2.989 0.99632 -1.308 0.51756 -0.0071657 0.5963 -0.80602 -1.4546 1.3496 0.15471 -2.8802 0.80587 -0.51756 0.0071654 -0.5963 -1.6497 -1.5559 0.23401 -0.66374 -2.7964 -0.62607
2 0 216 -2.3893 3.8359 1.6932 -1.6248 2.9528 1.2092 -1.0699 2.9191 2.0206 0.48193 2.625 1.6034 1.6629 1.6837 1.9149 -2.1971 3.0067 0.41114 -1.4982 2.8813 -1.0601 -1.6504 2.3106 -2.4845 0.48971 0.012938 0.61929 -0.25866 -1.8841 1.1249 0.22724 -3.5499 0.63537 -0.48971 -0.012938 -0.61929 -1.2217 -1.9294 -0.16573 -0.49977 -3.4966 -0.68869
2 1 216 -2.6197 3.6134 1.8365 -1.8037 2.7952 1.3233 -1.2516 2.7601 2.1365 0.29652 2.665 1.6238 1.5978 1.8565 1.7989 -2.3743 2.849 0.52401 -1.5932 2.8947 -0.91003 -1.5953 2.4268 -2.3793 0.48561 0.014499 0.62247 -0.32867 -1.8475 1.1555 0.19811 -3.4955 0.64781 -0.48561 -0.014499 -0.62247 -1.2778 -1.8983 -0.13459 -0.52255 -3.4444 -0.67323
2 2 228 -2.3617 3.386 2.506 -1.6363 2.6228 1.806 -0.92984 2.5858 2.4892 0.43766 2.6451 1.5975 1.8061 1.9737 1.3645 -2.3589 2.6772 1.1409 -1.8159 2.8408 -0.39121 -1.9957 2.4453 -1.8707 0.59787 0.015066 0.51558 -0.15103 -1.8052 1.2504 0.30337 -3.429 0.61176 -0.59787 -0.015066 -0.51558 -1.3276 -1.8574 0.1828 -0.66563 -3.3763 -0.52822
2 3 228 -2.5291 3.1577 2.6437 -1.7739 2.4443 1.9235 -1.0687 2.4053 2.608 0.26074 2.5639 1.672 1.6575 2.0048 1.3341 -2.4958 2.4995 1.2577 -1.8788 2.7147 -0.23954 -1.9432 2.34 -1.7339 0.58982 0.014306 0.5248 -0.22356 -1.7571 1.3089 0.28248 -3.3483 0.62853 -0.58982 -0.014306 -0.5248 -1.3788 -1.8078 0.2336 -0.67641 -3.2925 -0.51021
2 4 228 -2.6602 2.9497 2.7597 -1.8816 2.2762 2.0268 -1.1781 2.2324 2.7128 0.1231 2.4214 1.7433 1.5218 1.9191 1.3323 -2.6021 2.3353 1.36 -1.9142 2.5215 -0.10997 -1.8861 2.1105 -1.5959 0.58555 0.01072 0.52964 -0.29773 -1.7051 1.3603 0.27045 -3.256 0.63734 -0.58555 -0.01072 -0.52964 -1.4352 -1.7526 0.28174 -0.67758 -3.192 -0.49596
2 5 228 -2.7527 2.7986 2.8301 -1.9617 2.1446 2.0938 -1.2606 2.0931 2.7817 0.0281 2.2399 1.7886 1.4011 1.7 1.3403 -2.6801 2.2108 1.4253 -1.9352 2.2949 -0.026167 -1.8638 1.7347 -1.461 0.58317 0.010496 0.53226 -0.36932 -1.6485 1.401 0.27393 -3.1458 0.62952 -0.58317 -0.010496 -0.53226 -1.4991 -1.6942 0.32839 -0.67346 -3.0721 -0.49049
2 5 240 -2.1042 2.7986 3.3406 -1.4835 2.1446 2.456 -0.65473 2.0931 2.9831 0.39935 2.2399 1.7437 1.6492 1.7 1.0197 -2.3252 2.2108 1.9514 -1.8983 2.2949 0.37675 -2.1268 1.7347 -1.0416 0.68109 0.010496 0.39938 -0.069952 -1.6485 1.4472 0.39883 -3.1458 0.55881 -0.68109 -0.010496 -0.39938 -1.398 -1.6942 0.63288 -0.76072 -3.0721 -0.33975
2 6 228 -2.8024 2.7106 2.8689 -2.0005 2.0625 2.1401 -1.3053 2.0064 2.8336 -0.014666 2.0068 1.8321 1.292 1.3195 1.3872 -2.7131 2.133 1.4659 -1.9428 2.0216 0.029612 -1.895 1.2245 -1.2894 0.58481 0.0067756 0.53052 -0.43513 -1.5877 1.4425 0.29611 -3.0171 0.62216 -0.58481 -0.0067759 -0.53052 -1.5559 -1.6419 0.36255 -0.66666 -2.9469 -0.5076
2 6 240 -2.1447 2.7106 3.3888 -1.5118 2.0625 2.5092 -0.68763 2.0064 3.0431 0.36657 2.0068 1.7951 1.5522 1.3195 1.0883 -2.349 2.133 1.998 -1.8942 2.0216 0.4329 -2.1217 1.2245 -0.86728 0.68233 0.0067756 0.39734 -0.12571 -1.5877 1.5014 0.41899 -3.0171 0.547 -0.68233 -0.0067759 -0.39734 -1.4465 -1.6419 0.67812 -0.75763 -2.9469 -0.35791
2 7 240 -2.1468 2.7171 3.3809 -1.5057 2.0506 2.522 -0.69056 1.992 3.0693 0.36091 1.7159 1.8499 1.426 0.78388 1.2378 -2.3341 2.1239 1.9969 -1.9049 1.7171 0.4741 -2.1836 0.6437 -0.59728 0.68186 -0.0050759 0.39817 -0.19017 -1.5194 1.5646 0.45044 -2.8623 0.5462 -0.68186 0.0050757 -0.39817 -1.4903 -1.5943 0.6985 -0.75717 -2.8258 -0.39551
2 8 240 -2.1255 2.8051 3.3215 -1.487 2.1052 2.488 -0.68032 2.0428 3.0473 0.33695 1.4042 1.94 1.1556 0.14683 1.5844 -2.307 2.183 1.9505 -1.9832 1.4022 0.55258 -2.3951 0.079658 -0.12478 0.6775 -0.01733 0.40521 -0.2504 -1.4641 1.6136 0.47413 -2.7125 0.53305 -0.6775 0.01733 -0.40521 -1.5343 -1.5486 0.70296 -0.74471 -2.7042 -0.43376
2 10 252 -1.3351 3.171 3.4056 -0.91744 2.3442 2.5516 -0.016154 2.2904 2.9417 0.60456 0.89263 2.3676 0.48754 -0.49473 3.0303 -1.827 2.4155 2.1841 -2.0366 0.95053 1.4922 -2.7071 -0.24212 2.2033 0.73976 -0.024077 0.27509 0.042695 -1.4658 1.6352 0.59263 -2.531 0.28843 -0.73976 0.024077 -0.27509 -1.3954 -1.5389 0.96657 -0.76877 -2.5398 -0.39595
2 11 252 -1.2995 3.3702 3.2236 -0.90336 2.4721 2.4365 -0.002538 2.4337 2.8295 0.44979 0.86436 2.866 -0.1328 0.041216 4.0325 -1.8123 2.5293 2.0651 -2.171 0.94194 1.923 -2.7997 0.34795 3.1996 0.73995 -0.012567 0.27533 0.04842 -1.5157 1.5702 0.61367 -2.5375 0.19635 -0.73995 0.012567 -0.27533 -1.3647 -1.6017 0.91557 -0.7262 -2.544 -0.48276
2 12 252 -1.2463 3.552 3.0418 -0.87532 2.5868 2.3282 0.024271 2.5587 2.7249 0.28803 1.0969 3.4046 -0.57657 1.113 4.6813 -1.7827 2.6352 1.9519 -2.3102 1.1442 2.3609 -2.7633 1.3723 3.817 0.74173 -0.0042431 0.27077 0.080629 -1.6233 1.4352 0.65803 -2.636 0.059777 -0.74173 0.0042434 -0.27077 -1.2972 -1.7028 0.82099 -0.68795 -2.6233 -0.60462
2 13 252 -1.1614 3.7184 2.8668 -0.81267 2.6914 2.2337 0.083615 2.6704 2.6381 0.20906 1.5619 3.8315 -0.72137 2.3382 4.7851 -1.7164 2.7344 1.8479 -2.4183 1.5272 2.6957 -2.6176 2.471 3.8988 0.74586 -0.0038791 0.25919 0.15503 -1.7723 1.2276 0.73497 -2.813 -0.12581 -0.74586 0.0038788 -0.25919 -1.2067 -1.8354 0.64569 -0.6393 -2.781 -0.78077
2 15 240 -1.3052 4.2098 1.9777 -0.95778 3.0474 1.635 -0.17586 3.0532 2.2316 -0.4935 2.5598 3.7562 -1.2349 3.9109 3.705 -1.7479 3.068 1.0496 -2.8957 2.3852 1.9904 -2.803 3.8523 2.4557 0.6908 0.0032692 0.38247 0.44053 -2.0715 0.59943 1.1386 -3.3219 -0.49598 -0.6908 -0.0032692 -0.38248 -0.97916 -2.079 -0.23298 -0.27474 -3.2452 -1.414
2 16 240 -1.0748 4.4234 1.6336 -0.79967 3.2223 1.3486 -0.009164 3.2323 1.9337 -0.37798 2.8413 3.4764 -1.0385 4.2241 3.305 -1.5963 3.2403 0.77199 -2.8107 2.6674 1.7024 -2.6101 4.1564 2.0491 0.68337 0.0054674 0.39557 0.68431 -2.0939 0.31172 1.3471 -3.4756 -0.63825 -0.68337 -0.0054674 -0.39557 -0.79363 -2.0999 -0.51947 -0.22784 -3.369 -1.6685
2 17 240 -0.96215 4.5058 1.4792 -0.7251 3.2936 1.2007 0.07487 3.301 1.7728 -0.32065 2.9214 3.3117 -0.95807 4.3138 3.1312 -1.53 3.3147 0.63582 -2.7849 2.7787 1.534 -2.5424 4.268 1.8516 0.6783 0.0069966 0.40417 0.69754 -2.0906 0.28534 1.3945 -3.4583 -0.6605 -0.6783 -0.0069966 -0.40417 -0.72236 -2.1029 -0.54345 -0.1531 -3.2855 -1.7797
2 18 240 -1.0022 4.4801 1.5288 -0.78158 3.2693 1.2316 0.024685 3.2653 1.7949 -0.3622 2.8407 3.3242 -1.0061 4.2333 3.1698 -1.5928 3.3016 0.67639 -2.856 2.7195 1.5333 -2.632 4.2029 1.8896 0.66924 0.0096245 0.41896 0.57882 -2.0891 0.45672 1.322 -3.3302 -0.61947 -0.66924 -0.009625 -0.41896 -0.81861 -2.1047 -0.36743 -0.13274 -3.1304 -1.6821
2 19 240 -1.0719 4.4397 1.6132 -0.84435 3.2428 1.2728 -0.033481 3.2254 1.8292 -0.40397 2.6829 3.3249 -1.0816 4.0671 3.2764 -1.6607 3.2878 0.72608 -2.921 2.6313 1.532 -2.7571 4.0932 1.9942 0.66276 0.014739 0.42899 0.40749 -2.0512 0.7137 1.184 -3.1635 -0.47401 -0.66276 -0.014738 -0.42899 -0.97147 -2.0724 -0.13754 -0.18832 -3.008 -1.4651
2 20 240 -1.1294 4.3896 1.7244 -0.87666 3.2131 1.3351 -0.067267 3.1853 1.8932 -0.41822 2.4844 3.3265 -1.1585 3.8321 3.4423 -1.6921 3.268 0.78798 -2.9344 2.5161 1.5365 -2.8443 3.9344 2.1349 0.65783 0.009263 0.43667 0.26981 -1.9875 0.96258 1.0338 -3.0456 -0.28146 -0.65783 -0.0092626 -0.43666 -1.098 -2.0031 0.05837 -0.24654 -2.9648 -1.207
2 21 240 -1.2227 4.2995 1.8842 -0.94366 3.1481 1.4424 -0.13835 3.1048 2.0054 -0.4554 2.2395 3.3543 -1.2835 3.5055 3.6525 -1.7556 3.2178 0.89171 -2.9569 2.343 1.5702 -2.9431 3.6947 2.3121 0.65319 0.0051913 0.44363 0.15718 -1.8959 1.1881 0.8661 -3.0148 -0.035194 -0.65319 -0.0051918 -0.44363 -1.2204 -1.9139 0.2267 -0.32764 -2.9735 -0.927
2 28 252 -1.1599 3.9353 2.571 -0.83139 2.9024 1.9362 0.060579 2.8594 2.3484 0.3009 1.2795 2.6876 -0.3867 0.69544 3.9381 -1.7304 2.9675 1.5427 -2.4311 1.4921 1.5729 -2.9309 1.322 3.0217 0.73866 0.030093 0.27743 0.25006 -1.2398 1.8783 0.42673 -2.8962 1.1882 -0.73866 -0.030093 -0.27743 -1.5528 -1.277 1.2047 -1.1141 -2.8766 0.49786
2 29 252 -1.2724 3.7762 2.7477 -0.90319 2.7957 2.0528 -0.0092859 2.7662 2.462 0.25772 1.1656 2.651 -0.25069 0.31886 3.8351 -1.8049 2.8461 1.6634 -2.3934 1.3273 1.5378 -3.0356 0.77131 2.8247 0.73807 0.036828 0.2782 0.12509 -1.0302 1.9811 0.42646 -2.5752 1.1017 -0.73807 -0.036829 -0.2782 -1.5379 -1.0918 1.3532 -1.0921 -2.5612 0.40829
2 30 252 -1.3718 3.5952 2.9264 -0.9756 2.6821 2.1564 -0.077876 2.6515 2.5571 0.24243 1.0498 2.5849 -0.03635 -0.059917 3.6185 -1.8816 2.732 1.7769 -2.3622 1.1951 1.5018 -3.06 0.19254 2.4428 0.7332 0.03927 0.29048 0.039742 -0.95223 2.0081 0.43701 -2.4293 1.0535 -0.7332 -0.03927 -0.29048 -1.5036 -1.0073 1.4077 -1.072 -2.4 0.34703
2 31 252 -1.4675 3.3583 3.1522 -1.0555 2.5098 2.3179 -0.15281 2.4763 2.707 0.26385 0.9049 2.546 0.17842 -0.39496 3.371 -1.9667 2.5612 1.9511 -2.3584 1.0533 1.4598 -2.954 -0.26391 1.9965 0.7299 0.038656 0.29876 0.024462 -1.0066 1.9793 0.42849 -2.4392 0.96175 -0.7299 -0.038656 -0.29876 -1.4836 -1.0124 1.4036 -1.0376 -2.3741 0.30921
2 67 252 -1.2636 3.0711 3.5145 -0.88064 2.2381 2.6543 0.02753 2.1827 3.0279 0.26287 0.57341 3.1808 -0.062037 0.045649 4.5928 -1.7968 2.3102 2.304 -2.1788 0.72285 2.3588 -2.6366 0.16178 3.7202 0.74885 -0.014904 0.25 0.1964 -1.5057 1.6235 0.73817 -2.5751 0.27671 -0.74885 0.014904 -0.25 -1.4261 -1.5822 0.9353 -0.77415 -2.5453 -0.44245
2 68 252 -1.1792 3.3117 3.3193 -0.81661 2.4021 2.5333 0.087579 2.3522 2.9171 0.12947 0.93147 3.7225 -0.37722 1.2819 5.1361 -1.7286 2.4707 2.1715 -2.3031 1.0779 2.803 -2.587 1.3407 4.2956 0.75026 -0.016322 0.24564 0.21244 -1.5958 1.5225 0.7761 -2.639 0.16426 -0.75026 0.016322 -0.24564 -1.387 -1.6689 0.83553 -0.74605 -2.6089 -0.56321
2 69 252 -1.1097 3.5201 3.1204 -0.76904 2.5379 2.4182 0.12957 2.5046 2.8166 0.068046 1.4813 4.0886 -0.41867 2.5445 5.0937 -1.6754 2.5916 2.0401 -2.4079 1.5642 3.0777 -2.4957 2.5608 4.2511 0.751 -0.016275 0.24339 0.26233 -1.744 1.3345 0.83304 -2.7939 -0.015637 -0.751 0.016275 -0.24339 -1.3125 -1.7922 0.66671 -0.72672 -2.7576 -0.7389
2 71 240 -1.2989 4.1141 2.2091 -0.98393 2.9873 1.7339 -0.16253 2.96 2.2742 -0.5801 2.5288 3.7936 -0.90316 4.0353 3.8546 -1.8129 3.04 1.2072 -2.9177 2.5333 2.2987 -2.8669 4.0413 2.6163 0.67588 -0.020804 0.40774 0.41721 -2.0737 0.77266 1.1636 -3.2922 -0.32688 -0.67588 0.020804 -0.40774 -1.0791 -2.0299 -0.19291 -0.36688 -3.1838 -1.3813
2 72 240 -1.0841 4.3456 1.8756 -0.8259 3.1886 1.43 0.00082463 3.1681 1.9625 -0.38234 2.8766 3.5235 -0.69235 4.3803 3.381 -1.6585 3.2361 0.90865 -2.8191 2.837 1.9869 -2.6935 4.3628 2.1707 0.66507 -0.022413 0.42506 0.57332 -2.1184 0.538 1.319 -3.4546 -0.4157 -0.66507 0.022413 -0.42506 -0.91154 -2.0637 -0.38268 -0.33438 -3.2954 -1.5661
2 73 240 -1.0231 4.4262 1.7181 -0.78148 3.2629 1.2794 0.042201 3.2389 1.8164 -0.27927 3.0642 3.4085 -0.62522 4.5394 3.1224 -1.6104 3.3143 0.75253 -2.8225 2.9833 1.7965 -2.6454 4.5074 1.9499 0.65359 -0.018288 0.4427 0.52549 -2.1128 0.54801 1.3124 -3.4407 -0.38383 -0.65359 0.018289 -0.4427 -0.91047 -2.0633 -0.31912 -0.31585 -3.2355 -1.5534
2 74 240 -1.1018 4.3953 1.7429 -0.86556 3.2302 1.3056 -0.041201 3.2053 1.8415 -0.30293 3.0796 3.4491 -0.67207 4.5353 3.0995 -1.6953 3.2826 0.78009 -2.9481 2.961 1.778 -2.776 4.4828 1.9575 0.64571 -0.0081673 0.45442 0.3914 -2.0748 0.73474 1.1888 -3.3361 -0.27735 -0.64571 0.0081673 -0.45442 -1.0419 -2.0304 -0.13565 -0.29785 -3.1189 -1.3655
2 75 240 -1.1857 4.3506 1.7996 -0.92965 3.1986 1.3397 -0.10876 3.1739 1.8809 -0.33198 3.0114 3.491 -0.71228 4.4665 3.1511 -1.7566 3.2502 0.80975 -3.0253 2.8681 1.7654 -2.8904 4.3854 2.0049 0.64076 -0.00060272 0.46143 0.26401 -2.0103 0.94482 1.0205 -3.2908 -0.074474 -0.64076 0.00060272 -0.46143 -1.1929 -1.9626 0.043779 -0.34818 -3.0706 -1.1006
2 76 240 -1.2299 4.3152 1.8598 -0.94431 3.1825 1.3703 -0.12516 3.1595 1.9142 -0.32987 2.9021 3.5144 -0.72079 4.3717 3.2591 -1.7701 3.2319 0.83833 -3.0312 2.7533 1.7599 -2.9475 4.2566 2.0926 0.64332 -0.0015378 0.45786 0.16439 -1.935 1.1263 0.85331 -3.3172 0.19581 -0.64332 0.0015378 -0.45786 -1.3047 -1.8796 0.20421 -0.4271 -3.0801 -0.81531
2 77 240 -1.2773 4.2741 1.922 -0.96711 3.1603 1.4052 -0.15113 3.1354 1.9537 -0.34455 2.759 3.5316 -0.75721 4.2383 3.3936 -1.7903 3.2111 0.86935 -3.0437 2.6363 1.7453 -3.0085 4.1123 2.1901 0.64616 -0.00038481 0.45385 0.087501 -1.8557 1.2662 0.69784 -3.3678 0.49678 -0.64616 0.00038481 -0.45385 -1.3872 -1.7957 0.34565 -0.53665 -3.1252 -0.52609
2 78 240 -1.3281 4.2376 1.9663 -1.002 3.1387 1.4282 -0.19243 3.1051 1.9857 -0.37033 2.5926 3.5266 -0.81455 4.0692 3.523 -1.8192 3.1978 0.88416 -3.0645 2.5278 1.7022 -3.0688 3.9664 2.2573 0.64405 0.003696 0.45682 0.042288 -1.7915 1.3676 0.54782 -3.4281 0.80453 -0.64405 -0.003696 -0.45682 -1.4502 -1.7105 0.46584 -0.70526 -3.1956 -0.23431
2 79 240 -1.3421 4.2317 1.9675 -1.0082 3.1412 1.4172 -0.20172 3.1012 1.9787 -0.35741 2.4493 3.4685 -0.8462 3.9054 3.6049 -1.8225 3.2064 0.86934 -3.0529 2.4392 1.6218 -3.0857 3.8344 2.2774 0.64362 0.0076337 0.45738 0.028401 -1.7413 1.4459 0.40445 -3.4749 1.1235 -0.64362 -0.0076337 -0.45738 -1.4609 -1.6545 0.55955 -0.92236 -3.2996 0.055195
2 80 240 -1.3462 4.2452 1.9307 -0.99862 3.1612 1.3762 -0.19806 3.1199 1.9461 -0.32391 2.3292 3.3701 -0.86151 3.7489 3.6404 -1.8072 3.2277 0.82019 -3.0194 2.372 1.5036 -3.0779 3.7247 2.2414 0.64447 0.013544 0.45604 0.028106 -1.6917 1.5175 0.27054 -3.4758 1.4233 -0.64447 -0.013544 -0.45604 -1.4392 -1.6304 0.62495 -1.1311 -3.3788 0.31022
2 81 240 -1.3371 4.2675 1.8848 -0.97747 3.1815 1.3428 -0.18268 3.1438 1.9209 -0.26753 2.2301 3.2725 -0.85245 3.6044 3.6559 -1.7806 3.2442 0.77842 -2.9755 2.3082 1.3823 -3.0605 3.622 2.185 0.65241 0.019204 0.4444 0.041039 -1.6277 1.5969 0.18139 -3.4249 1.6329 -0.65241 -0.019204 -0.4444 -1.4616 -1.5915 0.69027 -1.2909 -3.3759 0.4964
2 82 240 -1.3213 4.2999 1.823 -0.96376 3.2044 1.2979 -0.1661 3.1914 1.8731 -0.20669 2.1917 3.1645 -0.8356 3.5254 3.6155 -1.7699 3.2428 0.73565 -2.9601 2.2604 1.2714 -3.0661 3.5498 2.1104 0.66318 0.027568 0.4277 0.018622 -1.5035 1.7141 0.16183 -3.3002 1.6692 -0.66318 -0.027568 -0.4277 -1.5414 -1.4925 0.79584 -1.3769 -3.2764 0.59191
2 83 240 -1.3064 4.3196 1.7883 -0.94808 3.2152 1.2824 -0.14979 3.2245 1.8569 -0.16345 2.1831 3.1155 -0.82537 3.4926 3.5896 -1.755 3.2317 0.72033 -2.9384 2.2242 1.2235 -3.0773 3.4943 2.0867 0.66882 0.025611 0.41895 -0.083102 -1.1891 1.9595 0.1292 -2.9557 1.6681 -0.66882 -0.025611 -0.41895 -1.6817 -1.2252 0.97725 -1.3305 -2.9467 0.57213
2 86 252 -0.99111 4.2083 2.182 -0.68319 3.1466 1.5657 0.22483 3.1782 1.9423 0.42425 1.8015 2.7989 -0.20013 2.753 3.8393 -1.5981 3.1394 1.2048 -2.4137 1.8101 1.6909 -2.7009 2.6817 2.9301 0.74416 0.019693 0.26333 0.17378 -0.50287 2.2168 0.46361 -2.0511 1.3394 -0.74416 -0.019693 -0.26333 -1.5687 -0.63978 1.5669 -1.1058 -2.0387 0.52795
2 87 252 -1.0315 4.149 2.2688 -0.70587 3.0951 1.6531 0.20274 3.121 2.0288 0.40624 1.691 2.7919 -0.28272 2.4491 3.9444 -1.6216 3.0929 1.2942 -2.4015 1.7175 1.705 -2.6977 2.4458 3.0315 0.74328 0.016824 0.266 0.13744 -0.44187 2.2248 0.45819 -1.9417 1.2769 -0.74328 -0.016824 -0.266 -1.5746 -0.59795 1.574 -1.081 -1.9289 0.46228
2 88 252 -1.0481 4.086 2.3621 -0.71287 3.0491 1.727 0.19465 3.0651 2.1059 0.41321 1.6119 2.8193 -0.32096 2.2274 4.0275 -1.6277 3.0559 1.3658 -2.4032 1.6647 1.729 -2.6911 2.314 3.0976 0.74331 0.012181 0.26615 0.089841 -0.44149 2.2107 0.44936 -1.9144 1.235 -0.74331 -0.012181 -0.26615 -1.5453 -0.61654 1.5794 -1.0614 -1.909 0.41909
2 89 252 -1.0664 4.0179 2.4626 -0.72001 2.9989 1.8082 0.18434 2.9991 2.1948 0.3981 1.5341 2.8853 -0.3533 2.0462 4.1306 -1.6317 3.0209 1.4399 -2.4038 1.6241 1.7887 -2.6939 2.226 3.1784 0.74364 0.0086915 0.26538 0.043123 -0.47694 2.1857 0.43942 -1.9374 1.2055 -0.74364 -0.0086915 -0.26538 -1.4933 -0.65871 1.5866 -1.0426 -1.9338 0.39421
2 90 252 -1.0883 3.9506 2.5622 -0.73587 2.9477 1.8864 0.16972 2.9406 2.2701 0.37751 1.4681 2.9463 -0.38923 1.8836 4.2179 -1.6488 2.9767 1.5216 -2.4188 1.5746 1.8532 -2.7116 2.1416 3.2569 0.7443 0.0079288 0.26354 0.017725 -0.54579 2.1556 0.43885 -2.0151 1.1992 -0.7443 -0.0079288 -0.26354 -1.4514 -0.73402 1.5769 -1.0361 -2.0146 0.37749
2 91 252 -1.0918 3.8928 2.6509 -0.73918 2.9024 1.9569 0.16867 2.8924 2.3352 0.37475 1.4075 2.9845 -0.4039 1.7049 4.2818 -1.6543 2.9339 1.5979 -2.4126 1.5203 1.9069 -2.7159 2.0346 3.3286 0.74612 0.005635 0.2584 0.030837 -0.65908 2.1187 0.44515 -2.1347 1.1691 -0.74612 -0.005635 -0.2584 -1.4169 -0.82893 1.5545 -1.0303 -2.1259 0.36311
2 92 252 -1.0981 3.8467 2.7206 -0.74926 2.8643 2.013 0.16145 2.8519 2.3842 0.36301 1.3457 2.9837 -0.4076 1.4721 4.3133 -1.6672 2.8981 1.6613 -2.3984 1.4628 1.9333 -2.7318 1.8752 3.3812 0.74678 0.0064747 0.25648 0.054945 -0.78074 2.0775 0.45455 -2.271 1.1445 -0.74678 -0.0064747 -0.25648 -1.3929 -0.93439 1.5143 -1.0298 -2.2585 0.3457
2 93 252 -1.0876 3.82 2.7673 -0.74918 2.8401 2.0512 0.16579 2.825 2.4117 0.37183 1.2941 2.9434 -0.36415 1.1917 4.2946 -1.6711 2.8766 1.7104 -2.3656 1.4126 1.9178 -2.7337 1.6477 3.3966 0.74844 0.0078428 0.25155 0.081358 -0.90659 2.0216 0.4667 -2.421 1.1222 -0.74844 -0.007843 -0.25155 -1.3651 -1.0495 1.4657 -1.0281 -2.4045 0.32496
2 94 252 -1.0689 3.813 2.7879 -0.73943 2.8309 2.0709 0.17841 2.8124 2.4238 0.39879 1.2542 2.8624 -0.26617 0.87874 4.202 -1.6639 2.8707 1.7376 -2.3183 1.3791 1.862 -2.7083 1.3555 3.3537 0.75008 0.0089302 0.24659 0.1094 -1.0352 1.9535 0.48439 -2.5747 1.0931 -0.75008 -0.0089302 -0.24659 -1.3285 -1.1694 1.4066 -1.0222 -2.5573 0.2972
2 97 240 -1.4936 3.9266 2.4195 -1.0773 2.8966 1.8246 -0.24227 2.8733 2.3438 0.048805 1.2739 2.5056 -0.36449 0.06559 3.3697 -1.9217 2.9425 1.3224 -2.3909 1.3999 1.0602 -2.9759 0.37206 2.0496 0.68871 0.011292 0.38607 -0.16123 -1.35 1.7421 0.34414 -2.9417 1.0626 -0.68871 -0.011292 -0.38607 -1.4459 -1.4595 0.93447 -0.98909 -2.9092 -0.035295
2 98 240 -1.4255 3.9942 2.3502 -1.0304 2.9438 1.7775 -0.18889 2.9189 2.2859 0.19543 1.3314 2.3182 0.02211 -0.032613 3.016 -1.8808 2.9919 1.2856 -2.2655 1.4453 0.92687 -2.7675 0.15779 1.611 0.69188 0.011407 0.38035 -0.11675 -1.4308 1.6767 0.38019 -3.0336 1.017 -0.69188 -0.011407 -0.38035 -1.4087 -1.5383 0.87227 -0.95827 -2.9982 -0.085125
2 99 240 -1.3605 4.0694 2.258 -0.98717 2.9963 1.7145 -0.13988 2.9739 2.2135 0.3511 1.4199 2.1006 0.40542 -0.026196 2.6329 -1.8428 3.0423 1.2316 -2.1278 1.5066 0.75274 -2.5598 0.065957 1.0925 0.69321 0.013191 0.37787 -0.073165 -1.5038 1.6131 0.42161 -3.112 0.96524 -0.69321 -0.013191 -0.37787 -1.3756 -1.6073 0.80844 -0.92819 -3.078 -0.13381
2 100 228 -1.7201 4.143 1.8396 -1.2614 3.0502 1.4145 -0.52989 3.0311 2.0717 0.10766 1.5322 1.9469 0.27554 0.060079 2.3739 -2.0038 3.0935 0.7708 -2.0497 1.591 0.13116 -2.4088 0.09228 0.081161 0.60107 0.013217 0.5119 -0.34886 -1.5747 1.5071 0.26609 -3.1874 0.98551 -0.60107 -0.013217 -0.5119 -1.4648 -1.6745 0.44121 -0.83343 -3.1553 -0.37077
