0 93 204 -0.39841 4.7941 -0.05232 -0.19133 3.565 -0.012682 0.24173 3.6044 0.86951 1.337 3.7232 2.0758 1.8331 5.1654 2.3034 -0.6234 3.5553 -0.89619 -1.2541 3.6664 -2.3991 -1.6033 5.0988 -2.8505 0.3472 0.015961 0.70901 -0.031303 -2.0447 0.86652 0.50943 -3.7453 0.60904 -0.3472 -0.015962 -0.70901 -0.73329 -2.0812 -0.71244 -0.18077 -3.7119 -1.2476
0 93 216 -0.40058 4.7941 0.031657 -0.18979 3.565 0.027376 0.41723 3.6044 0.80025 1.7393 3.7232 1.7524 2.2719 5.1654 1.872 -0.7961 3.5553 -0.74699 -1.7255 3.6664 -2.0859 -2.1609 5.0988 -2.4549 0.48703 0.015961 0.62133 0.14954 -2.0447 0.8541 0.62492 -3.7453 0.48981 -0.48703 -0.015962 -0.62133 -0.8654 -2.0812 -0.54441 -0.43621 -3.7119 -1.1827
0 94 204 -0.3552 4.8044 -0.049803 -0.14947 3.572 -0.01035 0.27903 3.6063 0.87428 1.1447 4.0482 2.1873 1.2858 5.5803 2.2895 -0.57738 3.5675 -0.89592 -1.4194 3.9309 -2.2479 -1.844 5.4085 -2.3656 0.35401 0.013351 0.70569 -0.035934 -2.0444 0.87273 0.50242 -3.7466 0.62041 -0.35401 -0.013351 -0.70569 -0.74042 -2.0785 -0.70913 -0.19394 -3.715 -1.2328
0 94 216 -0.35779 4.8044 0.025135 -0.14835 3.572 0.020952 0.45471 3.6063 0.79716 1.5744 4.0482 1.9015 1.7338 5.5803 1.9721 -0.75104 3.5675 -0.7563 -1.8557 3.9309 -1.9036 -2.2956 5.4085 -1.9306 0.493 0.013351 0.61666 0.1463 -2.0444 0.86113 0.62043 -3.7466 0.50239 -0.493 -0.013351 -0.61666 -0.87168 -2.0785 -0.53969 -0.446 -3.715 -1.1655
0 95 216 -0.30071 4.8169 0.028343 -0.12199 3.5752 0.030966 0.4806 3.5982 0.80796 1.3153 4.2965 2.0263 1.1185 5.8252 2.0697 -0.72416 3.582 -0.74666 -1.9664 4.1301 -1.6551 -2.404 5.5803 -1.3667 0.49881 0.010769 0.61202 0.14258 -2.0434 0.8724 0.6111 -3.7487 0.52122 -0.49881 -0.01077 -0.61202 -0.87972 -2.0753 -0.5281 -0.4568 -3.7164 -1.1435
0 96 216 -0.24064 4.8279 0.034834 -0.11271 3.5755 0.044526 0.48796 3.583 0.82331 0.98246 4.4369 2.1252 0.47153 5.8913 2.1652 -0.71266 3.5979 -0.73453 -2.0765 4.2401 -1.3641 -2.5247 5.601 -0.7944 0.50177 0.010407 0.6096 0.13583 -2.0406 0.88125 0.59673 -3.751 0.54485 -0.50177 -0.010407 -0.6096 -0.8889 -2.0732 -0.51385 -0.47105 -3.719 -1.1204
0 97 216 -0.18341 4.834 0.045651 -0.10256 3.5752 0.057025 0.49823 3.566 0.8357 0.61483 4.4478 2.2059 -0.14421 5.7892 2.253 -0.70219 3.6141 -0.72162 -2.1625 4.2658 -1.0557 -2.6277 5.4861 -0.23596 0.49975 0.0091467 0.61128 0.12673 -2.0395 0.89115 0.58662 -3.7526 0.56773 -0.49975 -0.0091467 -0.61128 -0.89189 -2.0706 -0.50652 -0.48489 -3.7235 -1.1009
0 97 228 -0.16991 4.834 0.082786 -0.088464 3.5752 0.077102 0.66109 3.566 0.71385 1.06 4.4478 2.0299 0.32736 5.7892 2.2337 -0.83688 3.6141 -0.55986 -2.3347 4.2658 -0.58305 -2.6194 5.4861 0.31554 0.61592 0.0091467 0.49402 0.30924 -2.0395 0.84533 0.69184 -3.7526 0.43335 -0.61592 -0.0091467 -0.49402 -0.97771 -2.0706 -0.31002 -0.70317 -3.7235 -0.97598
0 98 228 -0.11766 4.839 0.081708 -0.073768 3.576 0.088215 0.66863 3.5582 0.73312 0.70672 4.35 2.1616 -0.20931 5.5639 2.4164 -0.81491 3.6235 -0.55662 -2.3144 4.2146 -0.29025 -2.5703 5.2522 0.82128 0.6118 0.0064335 0.49916 0.30211 -2.0407 0.85641 0.68856 -3.7559 0.45675 -0.6118 -0.006433 -0.49916 -0.97809 -2.0662 -0.30555 -0.7092 -3.727 -0.95384
0 99 228 -0.081648 4.8428 0.090812 -0.062976 3.5784 0.1041 0.66611 3.5479 0.76354 0.37718 4.1457 2.2562 -0.68041 5.2284 2.5508 -0.79103 3.6385 -0.55445 -2.2795 4.0849 -0.050544 -2.5056 4.9344 1.2163 0.60494 0.0030518 0.50748 0.28851 -2.0429 0.8657 0.68543 -3.7581 0.47656 -0.60494 -0.0030513 -0.50748 -0.97708 -2.0608 -0.30384 -0.71324 -3.7298 -0.93282
0 99 240 -0.060983 4.8428 0.1058 -0.039957 3.5784 0.11491 0.81031 3.5479 0.60836 0.83802 4.1457 2.1285 -0.13521 5.2284 2.6365 -0.88902 3.6385 -0.37787 -2.2402 4.0849 0.4245 -2.198 4.9344 1.7106 0.69724 0.0030518 0.37061 0.4622 -2.0429 0.7868 0.76954 -3.7581 0.32364 -0.69723 -0.0030513 -0.37061 -1.0189 -2.0608 -0.094058 -0.8916 -3.7298 -0.76415
0 100 240 -0.04823 4.8437 0.12801 -0.037099 3.5796 0.13855 0.79934 3.544 0.65474 0.57352 3.8759 2.2383 -0.5037 4.8274 2.7968 -0.87274 3.6451 -0.37602 -2.1722 3.8713 0.58786 -2.1024 4.5464 1.9724 0.69058 0.00036192 0.38288 0.44355 -2.0435 0.80217 0.76698 -3.7572 0.34425 -0.69058 -0.0003624 -0.38288 -1.0285 -2.0535 -0.091838 -0.89546 -3.7307 -0.73999
0 101 240 -0.055069 4.8428 0.16521 -0.046905 3.5795 0.17526 0.78502 3.5415 0.69854 0.38084 3.5686 2.2812 -0.78166 4.3776 2.8909 -0.87827 3.6473 -0.34589 -2.1268 3.609 0.70696 -2.08 4.1247 2.1594 0.68489 -0.001101 0.39297 0.43187 -2.0428 0.81927 0.76443 -3.7554 0.36382 -0.68489 0.001101 -0.39297 -1.0371 -2.0471 -0.084772 -0.89754 -3.7294 -0.71832
1 9 48 -0.66944 4.6876 0.8943 -0.51141 3.444 0.74919 0.23769 3.4251 1.3863 1.7069 2.903 1.8735 2.8823 3.3834 2.7485 -1.2614 3.4925 0.11478 -1.9531 2.9011 -1.2419 -3.1701 3.3318 -2.0853 0.62988 -0.015308 0.47593 0.40763 -2.0005 1.1271 0.98175 -3.7057 1.0106 -0.62988 0.015309 -0.47593 -1.3153 -1.9609 -0.27812 -1.0407 -3.5913 -0.99732
1 10 36 -0.80788 4.7002 0.67574 -0.63188 3.4564 0.56735 -0.028151 3.4391 1.3436 1.3674 3.1369 2.1373 2.3139 3.8191 3.1455 -1.2366 3.5035 -0.20692 -1.6139 3.0708 -1.7364 -2.5874 3.6407 -2.7876 0.51384 -0.0076876 0.5995 0.28155 -2.0058 1.206 0.93135 -3.6825 1.3379 -0.51384 0.0076876 -0.5995 -1.2265 -1.9664 -0.69667 -0.84174 -3.565 -1.4364
1 10 48 -0.64973 4.7002 0.82894 -0.50011 3.4564 0.68632 0.25182 3.4391 1.3201 1.7819 3.1369 1.8063 2.9173 3.8191 2.5957 -1.2526 3.5035 0.054704 -1.9396 3.0708 -1.3629 -3.1105 3.6407 -2.1887 0.62726 -0.0076876 0.47957 0.52615 -2.0058 1.1211 1.1892 -3.6825 1.115 -0.62726 0.0076876 -0.47957 -1.3445 -1.9664 -0.42645 -1.122 -3.565 -1.23
1 11 36 -0.77236 4.7184 0.60649 -0.59403 3.4757 0.50095 0.0051493 3.4582 1.2807 1.4393 3.3674 2.0576 2.3582 4.2156 2.9598 -1.194 3.523 -0.27699 -1.5639 3.2235 -1.8397 -2.5039 3.8982 -2.859 0.51271 -0.00038433 0.60053 0.42979 -2.0061 1.2207 1.1329 -3.6492 1.4586 -0.51271 0.00038433 -0.60053 -1.2651 -1.9478 -0.8301 -0.9148 -3.5022 -1.6739
1 12 36 -0.71522 4.7346 0.54412 -0.54552 3.4911 0.44566 0.049615 3.4742 1.2285 1.4893 3.5627 1.9955 2.3813 4.5406 2.7865 -1.141 3.5378 -0.33574 -1.5365 3.3389 -1.9083 -2.433 4.0937 -2.9103 0.51515 0.0038862 0.59841 0.58501 -1.9904 1.256 1.3476 -3.6013 1.5286 -0.51515 -0.0038857 -0.59841 -1.3076 -1.9202 -0.93598 -1.0128 -3.4288 -1.8784
1 13 36 -0.63545 4.7503 0.48767 -0.48134 3.5053 0.39593 0.11463 3.49 1.1782 1.5354 3.7213 1.9506 2.3968 4.7959 2.6441 -1.0771 3.5505 -0.38533 -1.5124 3.4249 -1.9549 -2.37 4.2425 -2.9417 0.51574 0.0021982 0.59792 0.69211 -1.9763 1.2825 1.515 -3.5629 1.5204 -0.51573 -0.0021982 -0.59792 -1.2938 -1.9114 -1.0026 -1.0795 -3.3776 -2.0299
1 14 24 -0.63882 4.7625 0.30062 -0.49025 3.515 0.25263 -0.06812 3.4989 1.1408 1.1214 3.8463 2.2053 1.8161 4.9887 2.9734 -0.91177 3.5608 -0.63483 -1.0376 3.4926 -2.2622 -1.6851 4.363 -3.358 0.3823 0.0029078 0.6909 0.42784 -1.9637 1.4289 1.2357 -3.5436 1.7488 -0.3823 -0.0029073 -0.6909 -1.0332 -1.9137 -1.2736 -0.64356 -3.3524 -2.2881
1 14 36 -0.56236 4.7625 0.42686 -0.42701 3.515 0.34904 0.17056 3.4989 1.1301 1.5554 3.8463 1.9239 2.3946 4.9887 2.5308 -1.0238 3.5608 -0.43139 -1.4853 3.4926 -1.997 -2.3464 4.363 -2.9342 0.51759 0.0029078 0.59631 0.71557 -1.9637 1.3087 1.5723 -3.5436 1.4537 -0.51759 -0.0029073 -0.59631 -1.2754 -1.9137 -1.031 -1.1052 -3.3524 -2.1043
1 15 24 -0.57547 4.7698 0.26033 -0.44784 3.5196 0.22287 -0.020285 3.5055 1.1085 1.1221 3.9556 2.186 1.7813 5.147 2.9097 -0.87429 3.5634 -0.66233 -1.0541 3.5321 -2.2857 -1.6878 4.4405 -3.3585 0.38943 0.0062594 0.68688 0.39305 -1.9507 1.4515 1.206 -3.5419 1.6923 -0.38943 -0.006259 -0.68688 -1.0494 -1.9224 -1.2412 -0.65839 -3.3419 -2.2818
1 15 36 -0.50877 4.7698 0.37429 -0.39171 3.5196 0.31111 0.21063 3.5055 1.0885 1.5521 3.9556 1.905 2.3473 5.147 2.4758 -0.99289 3.5634 -0.46608 -1.5063 3.5321 -2.0166 -2.3492 4.4405 -2.9342 0.52373 0.0062594 0.5909 0.68625 -1.9507 1.3381 1.5315 -3.5419 1.4045 -0.52373 -0.006259 -0.5909 -1.2845 -1.9224 -0.99594 -1.1184 -3.3419 -2.0951
1 16 24 -0.53456 4.7762 0.2295 -0.41336 3.5249 0.20526 0.022548 3.5189 1.0869 1.1121 4.0487 2.1828 1.7133 5.2851 2.881 -0.84805 3.5607 -0.67629 -1.09 3.5656 -2.2919 -1.7042 4.5016 -3.3522 0.40107 0.005724 0.68015 0.32197 -1.9486 1.4474 1.1942 -3.5216 1.5733 -0.40107 -0.0057244 -0.68015 -1.0888 -1.9272 -1.1793 -0.63226 -3.3277 -2.2192
1 16 36 -0.47516 4.7762 0.33562 -0.36165 3.5249 0.28671 0.24804 3.5189 1.0585 1.5416 4.0487 1.9039 2.2749 5.2851 2.4619 -0.97013 3.5607 -0.48519 -1.5427 3.5656 -2.0152 -2.3639 4.5016 -2.9247 0.53372 0.005724 0.5819 0.61586 -1.9486 1.3488 1.4952 -3.5216 1.2907 -0.53372 -0.0057244 -0.5819 -1.3102 -1.9272 -0.9272 -1.0798 -3.3277 -2.0392
1 17 36 -0.47411 4.7841 0.30437 -0.35007 3.5332 0.26917 0.26471 3.5389 1.0369 1.5157 4.0966 1.9272 2.196 5.3685 2.4723 -0.96391 3.5572 -0.49894 -1.6061 3.5605 -2.0011 -2.4142 4.5152 -2.9028 0.53743 0.0050941 0.57848 0.49962 -1.9167 1.4268 1.4633 -3.4226 1.1933 -0.53743 -0.0050941 -0.57848 -1.3411 -1.9148 -0.92688 -0.93111 -3.2738 -2.0386
1 18 36 -0.53746 4.792 0.25238 -0.39519 3.5417 0.21807 0.22015 3.5548 0.98524 1.4481 4.0423 1.9461 2.0885 5.3259 2.5117 -1.0102 3.5585 -0.54926 -1.7171 3.4624 -2.0189 -2.5466 4.4041 -2.9149 0.53728 0.023301 0.57817 0.38864 -1.8519 1.5141 1.3861 -3.3211 1.2022 -0.53728 -0.023301 -0.57817 -1.4085 -1.8979 -0.95391 -0.88951 -3.2267 -2.0565
1 19 36 -0.62746 4.7813 0.30076 -0.45804 3.5332 0.26104 0.15783 3.5557 1.0276 1.3766 3.8797 2.066 2.0069 5.1256 2.7203 -1.0746 3.5404 -0.50526 -1.8145 3.2802 -1.9383 -2.7468 4.1269 -2.828 0.53927 0.02253 0.57635 0.23721 -1.7451 1.6711 1.2775 -3.1652 1.281 -0.53927 -0.02253 -0.57635 -1.5017 -1.8653 -0.87992 -0.91543 -3.1465 -2.005
1 20 36 -0.65672 4.7851 0.26878 -0.47066 3.5387 0.22649 0.13984 3.5651 0.99718 1.3439 3.7278 2.0892 2.0234 4.8529 2.8954 -1.0824 3.5421 -0.54368 -1.8564 3.1237 -1.9201 -2.9022 3.7809 -2.8432 0.52821 0.025454 0.58638 0.21308 -1.7494 1.6657 1.243 -3.1782 1.2801 -0.52821 -0.025454 -0.58638 -1.541 -1.8482 -0.84337 -0.92626 -3.1411 -1.9394
1 21 36 -0.67212 4.7897 0.19534 -0.48618 3.5422 0.1696 0.11865 3.5754 0.94448 1.2976 3.6035 2.075 2.0764 4.5548 3.0057 -1.0924 3.5388 -0.60493 -1.8845 3.0017 -1.9289 -2.9873 3.4597 -2.9044 0.52429 0.042914 0.58888 0.243 -1.7826 1.5903 1.2416 -3.2514 1.2798 -0.52429 -0.042914 -0.58888 -1.4648 -1.9055 -0.83507 -0.92603 -3.2254 -1.9388
1 21 48 -0.61682 4.7897 0.33082 -0.4403 3.5422 0.26697 0.31242 3.5754 0.89917 1.7007 3.6035 1.7598 2.6559 4.5548 2.5083 -1.1943 3.5388 -0.36459 -2.2443 3.0017 -1.4949 -3.5259 3.4597 -2.2199 0.63527 0.042914 0.467 0.56832 -1.7826 1.505 1.4806 -3.2514 0.99367 -0.63527 -0.042914 -0.467 -1.6064 -1.9055 -0.51227 -1.3089 -3.2254 -1.7039
1 22 36 -0.64201 4.7925 0.20599 -0.45975 3.5434 0.19597 0.14849 3.5844 0.96781 1.3134 3.5113 2.1108 2.1644 4.3168 3.1131 -1.0695 3.5323 -0.5757 -1.8609 2.9232 -1.8686 -2.9711 3.2475 -2.8883 0.53728 0.032543 0.57773 0.30669 -1.8257 1.5307 1.2626 -3.3349 1.2867 -0.53728 -0.032543 -0.57773 -1.366 -1.9462 -0.8333 -0.90456 -3.3027 -1.9279
1 23 36 -0.66271 4.7841 0.23789 -0.48189 3.5348 0.23896 0.13119 3.5798 1.0067 1.3032 3.4409 2.1363 2.1902 4.1714 3.1645 -1.0964 3.5196 -0.52881 -1.8686 2.8892 -1.8231 -2.9731 3.1804 -2.8589 0.53672 0.028409 0.57846 0.36121 -1.8553 1.4923 1.2808 -3.3942 1.2992 -0.53672 -0.028409 -0.57846 -1.2918 -1.9726 -0.83222 -0.89414 -3.3611 -1.9115
1 24 36 -0.72521 4.7668 0.29804 -0.54636 3.5167 0.30262 0.061944 3.5582 1.0744 1.2492 3.3909 2.184 2.1486 4.1103 3.2092 -1.1563 3.5049 -0.4689 -1.9049 2.8913 -1.7849 -3.0112 3.2203 -2.8073 0.53509 0.028842 0.57995 0.37248 -1.8556 1.4948 1.2758 -3.4071 1.3287 -0.53509 -0.028842 -0.57995 -1.289 -1.9753 -0.81937 -0.90631 -3.3737 -1.8913
1 24 48 -0.6474 4.7668 0.4423 -0.47151 3.5167 0.4096 0.28396 3.5582 1.038 1.676 3.3909 1.8765 2.7689 4.1103 2.6924 -1.2285 3.5049 -0.21825 -2.2344 2.8913 -1.3498 -3.5291 3.2203 -2.1199 0.64397 0.028842 0.45603 0.67512 -1.8556 1.3847 1.5242 -3.4071 1.0344 -0.64397 -0.028842 -0.45603 -1.4312 -1.9753 -0.53347 -1.2797 -3.3737 -1.6615
1 25 36 -0.79278 4.7492 0.38319 -0.61025 3.4987 0.38165 -0.004666 3.5332 1.1559 1.2043 3.3741 2.243 2.0938 4.1162 3.2607 -1.218 3.4939 -0.39164 -1.9397 2.9262 -1.7428 -3.0575 3.3326 -2.7242 0.53999 0.025141 0.57557 0.33868 -1.8276 1.5456 1.2489 -3.3742 1.3702 -0.53999 -0.025141 -0.57557 -1.3624 -1.9465 -0.79101 -0.93958 -3.3401 -1.854
1 25 48 -0.69578 4.7492 0.53965 -0.51757 3.4987 0.50018 0.23576 3.5332 1.1316 1.6443 3.3741 1.9436 2.726 4.1162 2.7541 -1.2728 3.4939 -0.12985 -2.2597 2.9262 -1.3014 -3.557 3.3326 -2.029 0.64786 0.025141 0.45072 0.65263 -1.8276 1.4414 1.5064 -3.3742 1.0806 -0.64786 -0.025141 -0.45072 -1.4971 -1.9465 -0.49046 -1.3045 -3.3401 -1.6181
1 26 36 -0.85789 4.7337 0.47356 -0.65816 3.4856 0.45912 -0.055471 3.5171 1.2357 1.1768 3.4149 2.3033 2.0563 4.1857 3.3083 -1.2639 3.4836 -0.31576 -1.9763 2.9972 -1.7031 -3.0979 3.492 -2.6384 0.54287 0.017431 0.57314 0.26269 -1.7704 1.6405 1.2035 -3.2944 1.4327 -0.54287 -0.017431 -0.57314 -1.4943 -1.8828 -0.74431 -0.99949 -3.2613 -1.7959
1 26 48 -0.74068 4.7337 0.64158 -0.54833 3.4856 0.58592 0.20266 3.5171 1.2203 1.63 3.4149 2.0083 2.6992 4.1857 2.8084 -1.3019 3.4836 -0.046079 -2.2872 2.9972 -1.255 -3.5787 3.492 -1.9366 0.65017 0.017431 0.44774 0.59804 -1.7704 1.5501 1.4751 -3.2944 1.1512 -0.65017 -0.017431 -0.44774 -1.6164 -1.8828 -0.41735 -1.351 -3.2613 -1.5488
1 27 36 -0.91414 4.723 0.51426 -0.69578 3.4787 0.49335 -0.092227 3.5066 1.2694 1.1484 3.4883 2.3321 2.0237 4.2803 3.3241 -1.303 3.4802 -0.28034 -2.0286 3.0871 -1.6903 -3.1466 3.6559 -2.587 0.53941 0.01708 0.57641 0.1961 -1.7067 1.7275 1.1639 -3.2105 1.4976 -0.53941 -0.01708 -0.57641 -1.6197 -1.813 -0.72519 -1.0639 -3.1757 -1.7667
1 27 48 -0.78725 4.723 0.69308 -0.578 3.4787 0.62723 0.17372 3.5066 1.2609 1.6081 3.4883 2.0424 2.6706 4.2803 2.8307 -1.3329 3.4802 -0.0032962 -2.3357 3.0871 -1.2316 -3.6157 3.6559 -1.8763 0.64746 0.01708 0.45166 0.55099 -1.7067 1.649 1.4498 -3.2105 1.2229 -0.64746 -0.01708 -0.45166 -1.7351 -1.813 -0.37259 -1.408 -3.1757 -1.5069
1 28 36 -0.96427 4.7097 0.55087 -0.73894 3.4666 0.51647 -0.1363 3.4941 1.2933 1.1057 3.4581 2.3539 1.9526 4.2513 3.3694 -1.3459 3.4684 -0.25749 -2.0681 3.0686 -1.6672 -3.2054 3.6634 -2.5218 0.53773 0.023125 0.57776 0.19899 -1.6962 1.7368 1.1577 -3.2088 1.5274 -0.53773 -0.023125 -0.57776 -1.6517 -1.7975 -0.73573 -1.0997 -3.1744 -1.7606
1 28 48 -0.82867 4.7097 0.73932 -0.61541 3.4666 0.65882 0.13556 3.4941 1.2934 1.5709 3.4581 2.0726 2.6105 4.2513 2.8898 -1.37 3.4684 0.027952 -2.3696 3.0686 -1.2007 -3.6597 3.6634 -1.8003 0.64611 0.023125 0.45333 0.55574 -1.6962 1.6575 1.45 -3.2088 1.2533 -0.64611 -0.023125 -0.45333 -1.7686 -1.7975 -0.37624 -1.4417 -3.1744 -1.4935
1 29 36 -0.91243 4.723 0.54599 -0.70044 3.477 0.50239 -0.091609 3.5047 1.2744 1.1292 3.2867 2.3378 1.9407 3.9784 3.4516 -1.3134 3.4787 -0.26681 -2.0074 2.9165 -1.6347 -3.2084 3.4099 -2.4664 0.54211 0.019869 0.57378 0.29475 -1.7982 1.5974 1.213 -3.3454 1.4797 -0.54211 -0.019869 -0.57378 -1.4868 -1.8871 -0.76175 -1.0414 -3.3118 -1.7731
1 29 48 -0.77897 4.723 0.72376 -0.58068 3.477 0.63704 0.17535 3.5047 1.2656 1.5905 3.2867 2.052 2.6159 3.9784 2.9727 -1.3401 3.4787 0.012081 -2.3034 2.9165 -1.1816 -3.6511 3.4099 -1.7455 0.64956 0.019869 0.44853 0.62043 -1.7982 1.5012 1.4941 -3.3454 1.1952 -0.64956 -0.019869 -0.44853 -1.6127 -1.8871 -0.43598 -1.3873 -3.3118 -1.5178
1 30 36 -0.87414 4.7276 0.52726 -0.68407 3.4778 0.48862 -0.069993 3.5006 1.2566 1.0923 3.0126 2.2956 1.8713 3.47 3.5453 -1.3014 3.4845 -0.27705 -1.9367 2.6909 -1.5559 -3.2117 2.9379 -2.3871 0.53662 0.018315 0.57896 0.40239 -1.9221 1.3732 1.2617 -3.5071 1.3516 -0.53662 -0.018315 -0.57896 -1.2419 -1.9892 -0.75898 -0.95707 -3.4572 -1.7663
1 30 48 -0.74541 4.7276 0.69749 -0.56754 3.4778 0.62017 0.19279 3.5006 1.2437 1.5457 3.0126 2.0184 2.5675 3.47 3.0788 -1.3306 3.4845 -0.00041752 -2.2179 2.6909 -1.1192 -3.6379 2.9379 -1.6672 0.64527 0.018315 0.45474 0.67911 -1.9221 1.2596 1.5151 -3.5071 1.0598 -0.64527 -0.018315 -0.45474 -1.3725 -1.9892 -0.48419 -1.3034 -3.4572 -1.5288
1 31 48 -0.81831 4.7039 0.74495 -0.63699 3.4551 0.65707 0.12805 3.4778 1.2748 1.4065 2.7202 1.9533 2.3925 2.8468 3.132 -1.4048 3.462 0.042399 -2.1609 2.4695 -1.0121 -3.6152 2.3572 -1.5123 0.63902 0.026104 0.4631 0.63245 -1.9708 1.1164 1.3886 -3.5966 0.92748 -0.63902 -0.026104 -0.4631 -1.2188 -2.0451 -0.42153 -1.2129 -3.5379 -1.4328
2 2 252 -1.1382 3.386 3.2499 -0.76032 2.6228 2.3154 0.16301 2.5858 2.6522 1.0496 2.6451 1.2814 2.2049 1.9737 0.51191 -1.6909 2.6772 2.0017 -1.818 2.8408 0.38121 -2.584 2.4453 -0.89726 0.75589 0.015066 0.22783 0.37061 -1.8052 1.2037 0.52597 -3.429 0.43548 -0.75589 -0.015066 -0.22783 -1.1385 -1.8574 0.70698 -0.82293 -3.3763 -0.21182
2 3 252 -1.2351 3.1577 3.4438 -0.8382 2.4443 2.4787 0.084441 2.4053 2.8172 0.91828 2.5639 1.4214 2.0568 2.0048 0.54462 -1.7684 2.4995 2.1641 -1.8138 2.7147 0.54535 -2.4804 2.34 -0.79365 0.75228 0.014306 0.23953 0.32813 -1.7571 1.2866 0.51371 -3.3483 0.4593 -0.75228 -0.014306 -0.23952 -1.1646 -1.8078 0.77421 -0.82545 -3.2925 -0.19098
2 4 252 -1.3078 2.9497 3.6031 -0.89452 2.2762 2.6169 0.027156 2.2324 2.9574 0.82154 2.4214 1.5425 1.9321 1.9191 0.59812 -1.824 2.3353 2.3008 -1.7934 2.5215 0.67809 -2.3721 2.1105 -0.69076 0.75035 0.01072 0.24569 0.2813 -1.7051 1.3638 0.50629 -3.256 0.47223 -0.75035 -0.01072 -0.24569 -1.1965 -1.7526 0.84113 -0.82073 -3.192 -0.17748
2 7 264 -0.5861 2.7171 3.9618 -0.34971 2.0506 2.9163 0.61753 1.992 3.0848 1.0821 1.7159 1.5432 1.8062 0.78388 0.5508 -1.3201 2.1239 2.7736 -1.5474 1.7171 1.2079 -2.2378 0.6437 0.34253 0.78486 -0.0050759 0.086406 0.46266 -1.5194 1.5067 0.63366 -2.8623 0.31577 -0.78486 0.0050757 -0.086407 -1.0773 -1.5943 1.2443 -0.85258 -2.8258 -0.05335
2 8 264 -0.59078 2.8051 3.8989 -0.34645 2.1052 2.8777 0.61793 2.0428 3.0605 1.0969 1.4042 1.6352 1.7001 0.14683 0.97739 -1.3142 2.183 2.7203 -1.587 1.4022 1.3114 -2.2388 0.079658 0.86018 0.78374 -0.01733 0.094618 0.42754 -1.4641 1.5759 0.64995 -2.7125 0.29412 -0.78374 0.01733 -0.094618 -1.1157 -1.5486 1.2662 -0.85675 -2.7042 -0.093358
2 9 264 -0.59467 2.9672 3.7769 -0.35355 2.211 2.7971 0.60883 2.1476 2.9899 1.1078 1.1048 1.8357 1.4769 -0.39127 1.7782 -1.3194 2.2905 2.629 -1.6356 1.1236 1.5303 -2.2436 -0.28579 1.677 0.78183 -0.027252 0.10725 0.40032 -1.4574 1.5983 0.6471 -2.6057 0.23032 -0.78183 0.027252 -0.10725 -1.1468 -1.5252 1.2606 -0.85254 -2.604 -0.15373
2 10 264 -0.59788 3.171 3.6088 -0.36688 2.3442 2.6866 0.59581 2.2904 2.8808 1.0836 0.89263 2.1902 1.1069 -0.49473 2.8627 -1.3329 2.4155 2.5163 -1.6818 0.95053 1.8831 -2.1899 -0.24212 2.718 0.78079 -0.024077 0.11527 0.38174 -1.4658 1.5906 0.63965 -2.531 0.15891 -0.78079 0.024077 -0.11527 -1.1639 -1.5389 1.2356 -0.83429 -2.5398 -0.22746
2 11 264 -0.60084 3.3702 3.4233 -0.37704 2.4721 2.5711 0.5858 2.4337 2.7682 1.0358 0.86436 2.7098 0.70849 0.041216 3.972 -1.3433 2.5293 2.3968 -1.7237 0.94194 2.3324 -2.0733 0.34795 3.7117 0.78103 -0.012567 0.11547 0.37382 -1.5157 1.5258 0.64109 -2.5375 0.064471 -0.78103 0.012567 -0.11547 -1.1445 -1.6017 1.1793 -0.8107 -2.544 -0.32122
2 55 252 -1.21 1.9539 4.2426 -0.81722 1.5168 3.1238 0.12429 1.4961 3.4075 1.0595 1.2608 2.0888 1.8425 0.097194 1.448 -1.7663 1.5466 2.8675 -1.9384 1.2672 1.2672 -2.2202 0.15284 0.23927 0.76787 0.025459 0.18227 0.43591 -1.8799 1.0029 0.72635 -3.5968 0.53509 -0.76787 -0.025459 -0.18227 -0.97901 -1.9461 0.64276 -0.80201 -3.5638 -0.13355
2 56 252 -1.2465 1.9422 4.235 -0.84251 1.5224 3.1133 0.095823 1.4976 3.407 1.0418 1.4758 2.0753 1.9954 0.55327 1.2897 -1.7887 1.556 2.8469 -1.9641 1.4847 1.2243 -2.3292 0.56874 0.038832 0.76598 0.021492 0.19057 0.4207 -1.8831 1.0076 0.7212 -3.5939 0.52378 -0.76598 -0.021492 -0.19057 -0.98022 -1.945 0.627 -0.80444 -3.5647 -0.14539
2 57 252 -1.2833 1.8792 4.2515 -0.87122 1.482 3.1246 0.066362 1.4539 3.4205 1.0049 1.6198 2.0936 2.0772 0.93059 1.2261 -1.8168 1.5184 2.8563 -1.9781 1.6398 1.2352 -2.4217 0.9053 -0.045941 0.76399 0.016918 0.19884 0.39998 -1.8724 1.0428 0.71204 -3.5716 0.52695 -0.76399 -0.016918 -0.19884 -0.99557 -1.9307 0.63673 -0.80985 -3.5446 -0.14527
2 58 252 -1.3313 1.7787 4.2794 -0.90472 1.4074 3.149 0.029164 1.3749 3.4558 0.94042 1.6954 2.1384 2.087 1.1902 1.2397 -1.8469 1.4475 2.8696 -1.9794 1.7422 1.2683 -2.4849 1.1201 -0.04898 0.76205 0.012627 0.20644 0.37043 -1.8454 1.1057 0.69759 -3.5255 0.53918 -0.76205 -0.012627 -0.20644 -1.0334 -1.9024 0.67075 -0.8233 -3.5005 -0.13713
2 59 252 -1.3844 1.6634 4.3093 -0.93988 1.3187 3.1779 -0.0086401 1.279 3.4918 0.86593 1.712 2.1817 2.0562 1.3134 1.2862 -1.8797 1.3656 2.8916 -1.9696 1.7821 1.3145 -2.5118 1.1928 -0.0032558 0.7599 0.010248 0.21435 0.32965 -1.8044 1.1819 0.67994 -3.4552 0.54697 -0.7599 -0.010248 -0.21435 -1.0822 -1.8631 0.72234 -0.82974 -3.4329 -0.12778
2 64 264 -0.58379 2.0029 4.3581 -0.34176 1.5079 3.2221 0.62698 1.4472 3.3809 1.1543 0.91296 1.93 1.8647 -0.39513 1.5276 -1.3139 1.579 3.0909 -1.6259 0.91435 1.6316 -2.2565 -0.47942 1.4384 0.78516 -0.018372 0.081756 0.50493 -1.5341 1.5095 0.75912 -2.8297 0.28159 -0.78516 0.018372 -0.081756 -1.0963 -1.594 1.2288 -0.87053 -2.82 -0.073786
2 65 264 -0.57458 2.3653 4.1751 -0.34103 1.7516 3.0984 0.62631 1.6898 3.2651 1.1147 0.6498 2.1038 1.5894 -0.79805 2.3407 -1.3117 1.826 2.9585 -1.6416 0.67543 1.8467 -2.1505 -0.72126 2.2565 0.78451 -0.019672 0.087484 0.51981 -1.469 1.5853 0.76755 -2.6744 0.26751 -0.78451 0.019672 -0.087484 -1.1462 -1.5538 1.2569 -0.8744 -2.68 -0.12466
2 66 264 -0.54765 2.7471 3.9397 -0.33315 2.0097 2.9423 0.63307 1.9504 3.1163 1.0203 0.49018 2.4946 1.2271 -0.70183 3.4507 -1.3026 2.0838 2.794 -1.64 0.57717 2.26 -1.9971 -0.55439 3.2447 0.7843 -0.016834 0.089946 0.52939 -1.4613 1.5942 0.77177 -2.5888 0.20827 -0.7843 0.016834 -0.089946 -1.1863 -1.5408 1.2615 -0.86512 -2.5713 -0.18282
2 67 264 -0.50527 3.0711 3.7004 -0.30953 2.2381 2.7794 0.65646 2.1827 2.956 0.91845 0.57341 3.0567 0.89421 0.045649 4.5053 -1.2785 2.3102 2.6273 -1.6408 0.72285 2.7603 -1.8055 0.16178 4.187 0.78446 -0.014904 0.088842 0.52965 -1.5057 1.5472 0.77957 -2.5751 0.11719 -0.78446 0.014904 -0.088842 -1.2005 -1.5822 1.2114 -0.84923 -2.5453 -0.27182
2 68 264 -0.46327 3.3117 3.4919 -0.27206 2.4021 2.6478 0.69217 2.3522 2.8352 0.9006 0.93147 3.6143 0.69888 1.2819 5.1023 -1.2393 2.4707 2.4834 -1.67 1.0779 3.2206 -1.6374 1.3407 4.7396 0.78494 -0.016322 0.084288 0.52434 -1.5958 1.4451 0.79329 -2.639 -0.00068608 -0.78494 0.016322 -0.084288 -1.1829 -1.6689 1.1056 -0.84684 -2.6089 -0.39579
2 84 264 -0.4966 4.2709 2.2523 -0.36268 3.171 1.6396 0.6052 3.1877 1.8136 1.0775 2.0705 2.908 0.66644 3.3375 3.6849 -1.3333 3.1798 1.4807 -2.1716 2.0919 2.3652 -2.0232 3.3086 3.3008 0.78239 0.028852 0.10262 0.69806 -0.81491 2.0249 0.77131 -2.5089 1.4117 -0.78239 -0.028852 -0.10262 -1.1807 -0.8767 1.778 -0.99811 -2.4815 0.97668
2 85 264 -0.51213 4.2498 2.2753 -0.35385 3.1736 1.6273 0.61573 3.199 1.7905 1.0362 1.9313 2.7313 0.65983 3.0766 3.6927 -1.3263 3.1734 1.4799 -2.0823 1.9358 2.2321 -2.0531 2.9999 3.3476 0.78323 0.028579 0.096049 0.66756 -0.61269 2.0935 0.75135 -2.2293 1.2995 -0.78323 -0.028579 -0.096049 -1.2018 -0.73098 1.8393 -0.98564 -2.2193 0.8448
2 86 264 -0.51579 4.2083 2.3403 -0.34274 3.1466 1.6735 0.62375 3.1782 1.8532 0.9969 1.8015 2.6495 0.60248 2.753 3.797 -1.3127 3.1394 1.5107 -2.0094 1.8101 2.1558 -2.0327 2.6817 3.4276 0.78264 0.019693 0.10285 0.63088 -0.50287 2.1322 0.73196 -2.0511 1.2137 -0.78264 -0.019693 -0.10285 -1.2087 -0.63978 1.8589 -0.97184 -2.0387 0.74632
2 87 264 -0.5372 4.149 2.4337 -0.34673 3.0951 1.7638 0.62013 3.121 1.9423 0.97783 1.691 2.6464 0.54355 2.4491 3.917 -1.317 3.0929 1.603 -1.9946 1.7175 2.1671 -2.0085 2.4458 3.5262 0.78234 0.016824 0.10565 0.59699 -0.44187 2.1476 0.71367 -1.9417 1.1538 -0.78234 -0.016824 -0.10565 -1.213 -0.59795 1.867 -0.96126 -1.9289 0.67693
2 88 264 -0.53409 4.086 2.5284 -0.33822 3.0491 1.8375 0.62823 3.0651 2.0194 0.99035 1.6119 2.6718 0.52342 2.2274 4.0063 -1.3081 3.0559 1.6744 -1.9912 1.6647 2.1908 -1.9883 2.314 3.5894 0.7824 0.012181 0.10579 0.54752 -0.44149 2.1438 0.6963 -1.9144 1.1145 -0.7824 -0.012181 -0.10579 -1.1831 -0.61654 1.8661 -0.95105 -1.909 0.63061
2 89 264 -0.53111 4.0179 2.6305 -0.32834 2.9989 1.9184 0.63664 2.9991 2.1086 0.98929 1.5341 2.7395 0.51323 2.0462 4.1138 -1.2967 3.0209 1.7477 -1.9794 1.6241 2.2494 -1.9742 2.226 3.6691 0.78256 0.0086915 0.10498 0.49662 -0.47694 2.129 0.68045 -1.9374 1.0878 -0.78256 -0.0086915 -0.10498 -1.1308 -0.65871 1.8624 -0.93785 -1.9338 0.60236
2 90 264 -0.53184 3.9506 2.7325 -0.32759 2.9477 1.9982 0.63799 2.9406 2.1852 0.98182 1.4681 2.8034 0.49624 1.8836 4.2067 -1.2964 2.9767 1.8311 -1.9806 1.5746 2.3156 -1.9752 2.1416 3.7495 0.78283 0.0079288 0.10303 0.46551 -0.54579 2.1048 0.67859 -2.0151 1.0817 -0.78283 -0.0079288 -0.10303 -1.0918 -0.73402 1.8442 -0.93499 -2.0146 0.58466
2 91 264 -0.51681 3.8928 2.82 -0.31616 2.9024 2.0678 0.65049 2.8924 2.2491 0.98706 1.4075 2.8413 0.49516 1.7049 4.2722 -1.2859 2.9339 1.907 -1.9634 1.5203 2.3668 -1.9645 2.0346 3.8205 0.78354 0.005635 0.097628 0.47067 -0.65908 2.066 0.67849 -2.1347 1.051 -0.78354 -0.005635 -0.097628 -1.0628 -0.82893 1.8151 -0.93233 -2.1259 0.5694
2 92 264 -0.50848 3.8467 2.8895 -0.31436 2.8643 2.1248 0.65363 2.8519 2.2985 0.97542 1.3457 2.843 0.4981 1.4721 4.3038 -1.2853 2.8981 1.9716 -1.944 1.4628 2.3897 -1.9691 1.8752 3.8753 0.78378 0.0064747 0.09561 0.48567 -0.78074 2.0206 0.68256 -2.271 1.0249 -0.78378 -0.0064747 -0.09561 -1.0476 -0.93439 1.7708 -0.9354 -2.2585 0.55225
