2 8 144 -3.0811 2.8051 -2.4611 -2.319 2.1052 -1.7389 -2.9595 2.0428 -0.99512 -1.9646 1.4042 0.13232 -1.6965 0.14683 0.98367 -1.6987 2.183 -2.4983 -0.34225 1.4022 -2.0301 0.37445 0.079658 -2.3689 -0.47381 -0.01733 0.63143 -1.5786 -1.4641 -0.4177 -0.57969 -2.7125 0.41581 0.47381 0.01733 -0.63143 -0.53874 -1.5486 -1.5993 0.50923 -2.7042 -0.69529
2 9 132 -2.4088 2.9672 -2.9691 -1.8421 2.211 -2.1344 -2.6293 2.1476 -1.5482 -2.1054 1.1048 -0.40511 -2.3097 -0.39127 -0.092287 -1.0709 2.2905 -2.7396 -0.042817 1.1236 -2.2395 0.25497 -0.28579 -2.7895 -0.60285 -0.027252 0.50924 -1.4557 -1.4574 -0.77199 -0.60415 -2.6057 0.32677 0.60285 0.027252 -0.50924 -0.16943 -1.5252 -1.6958 0.68471 -2.604 -0.5307
2 10 132 -2.2818 3.171 -2.859 -1.751 2.3442 -2.0703 -2.5395 2.2904 -1.4848 -2.3527 0.89263 -0.66024 -2.8681 -0.49473 -1.0929 -0.97804 2.4155 -2.6743 -0.27403 0.95053 -2.5098 -0.55452 -0.24212 -3.4461 -0.60811 -0.024077 0.50311 -1.4375 -1.4658 -0.78062 -0.5461 -2.531 0.36902 0.60811 0.024077 -0.50311 -0.13939 -1.5389 -1.6917 0.72729 -2.5398 -0.4678
2 31 132 -1.9961 3.3583 -2.847 -1.4796 2.5098 -2.073 -2.2679 2.4763 -1.4858 -2.3368 0.9049 -1.0445 -3.0086 -0.39496 -1.531 -0.70642 2.5612 -2.6788 -0.085048 1.0533 -2.7724 -0.25202 -0.26391 -3.5565 -0.62368 0.038656 0.48273 -1.7263 -1.0066 -0.96844 -1.0471 -2.4392 -0.1098 0.62368 -0.038656 -0.48273 -0.47376 -1.0124 -1.9866 0.25101 -2.3741 -1.0532
2 32 132 -2.152 3.0832 -3.0355 -1.5914 2.3101 -2.2143 -2.3737 2.2783 -1.619 -2.2949 0.80285 -0.92225 -2.8408 -0.61789 -1.1696 -0.8251 2.3578 -2.829 0.0081404 0.96049 -2.6812 0.041566 -0.50534 -3.1585 -0.62279 0.041699 0.48362 -1.6969 -1.07 -0.93927 -1.0032 -2.5028 -0.092734 0.62279 -0.041699 -0.48362 -0.46006 -1.108 -1.9344 0.27927 -2.4642 -1.0044
2 33 132 -2.3108 2.7665 -3.2152 -1.703 2.0883 -2.3431 -2.4794 2.0622 -1.7399 -2.2626 0.74715 -0.79533 -2.6239 -0.75167 -0.77024 -0.94331 2.1283 -2.9665 0.089663 0.91968 -2.5911 0.29817 -0.60015 -2.747 -0.62402 0.040777 0.48211 -1.6543 -1.1647 -0.89618 -1.0048 -2.6282 -0.067184 0.62402 -0.040776 -0.48211 -0.44312 -1.2153 -1.8591 0.31037 -2.6047 -0.99153
2 56 144 -3.6426 1.9422 -2.4942 -2.7006 1.5224 -1.7633 -3.2699 1.4976 -0.9617 -2.2957 1.4758 0.34947 -1.8432 0.55327 1.4992 -2.1548 1.556 -2.5809 -0.55745 1.4847 -2.2463 0.68284 0.56874 -2.2272 -0.41794 0.021492 0.6696 -1.0883 -1.8831 0.088759 -0.721 -3.5939 0.52404 0.41794 -0.021492 -0.6696 -0.29341 -1.945 -1.126 0.38686 -3.5647 -0.72014
2 57 144 -3.6469 1.8792 -2.5343 -2.7025 1.482 -1.7941 -3.2736 1.4539 -0.99386 -2.3017 1.6198 0.3087 -1.808 0.93059 1.5967 -2.1551 1.5184 -2.6105 -0.56349 1.6398 -2.263 0.79204 0.9053 -2.289 -0.42519 0.016918 0.66515 -1.1154 -1.8724 0.058158 -0.7212 -3.5716 0.51435 0.42519 -0.016918 -0.66515 -0.29792 -1.9307 -1.1436 0.38842 -3.5446 -0.72532
2 58 144 -3.6586 1.7787 -2.5885 -2.7153 1.4074 -1.8335 -3.2957 1.3749 -1.0402 -2.3243 1.6954 0.23359 -1.8239 1.1902 1.6018 -2.1585 1.4475 -2.6433 -0.59453 1.7422 -2.2744 0.81445 1.1201 -2.3481 -0.43182 0.012627 0.66096 -1.1661 -1.8454 0.010616 -0.72836 -3.5255 0.49683 0.43182 -0.012627 -0.66096 -0.3186 -1.9024 -1.1901 0.38483 -3.5005 -0.74063
2 59 144 -3.6706 1.6634 -2.6483 -2.7319 1.3187 -1.8759 -3.3183 1.279 -1.0873 -2.3425 1.712 0.14935 -1.8586 1.3134 1.5581 -2.1692 1.3656 -2.6812 -0.64149 1.7821 -2.2794 0.77928 1.1928 -2.3878 -0.43868 0.010248 0.65647 -1.2259 -1.8044 -0.051703 -0.73032 -3.4552 0.47764 0.43868 -0.010248 -0.65647 -0.35256 -1.8631 -1.2525 0.37793 -3.4329 -0.74965
2 67 120 -1.7663 3.0711 -3.2907 -1.3833 2.2381 -2.4305 -2.2686 2.1827 -2.0056 -2.5397 0.57341 -1.933 -3.3716 0.045649 -3.1193 -0.5099 2.3102 -2.877 -0.29501 0.72285 -3.1975 -1.0004 0.16178 -4.4486 -0.68686 -0.014904 0.38922 -1.3379 -1.5057 -0.9404 -0.69956 -2.5751 0.36341 0.68686 0.014904 -0.38922 0.25921 -1.5822 -1.6857 0.84681 -2.5453 -0.27925
