2 39 312 2.9943 1.0055 3.6377 2.2032 0.82392 2.669 2.9359 0.75519 2.0165 2.4982 0.41106 0.48073 3.0362 -0.89415 -0.13948 1.4907 0.89566 3.3432 -0.017268 0.96494 2.7188 -1.3229 0.18907 2.4522 0.61015 0.016042 -0.50096 1.189 -1.7987 0.38561 0.94147 -3.502 -0.15142 -0.61015 -0.016042 0.50096 0.087442 -1.796 1.3724 -0.42747 -3.4458 0.8586
2 40 312 3.0619 0.83409 3.6204 2.2535 0.70158 2.658 2.975 0.61905 1.9946 2.7363 0.17996 0.43934 3.4832 -1.1296 0.11551 1.5527 0.78602 3.3429 -0.018106 0.88908 2.9062 -1.3185 0.062057 2.9569 0.6049 0.011094 -0.50742 1.1658 -1.8226 0.3512 0.94243 -3.5327 -0.17468 -0.6049 -0.011095 0.50742 0.061314 -1.8053 1.3742 -0.4175 -3.4636 0.85292
2 41 312 3.1222 0.71969 3.589 2.3038 0.61773 2.6319 3.0141 0.53159 1.9571 3.0202 -0.11268 0.45585 3.9099 -1.3721 0.46767 1.6145 0.705 3.328 -0.0079357 0.74171 3.1403 -1.1683 -0.19434 3.534 0.59692 0.0074964 -0.51685 1.1545 -1.8267 0.34296 0.95255 -3.5371 -0.19043 -0.59692 -0.0074964 0.51685 0.048496 -1.8063 1.3898 -0.41378 -3.4669 0.86104
2 42 312 3.1637 0.63938 3.5661 2.3461 0.55244 2.6071 3.0582 0.46049 1.935 3.2909 -0.43274 0.58709 4.2415 -1.602 0.91377 1.6548 0.64495 3.3006 0.028982 0.52298 3.4034 -0.85426 -0.53135 4.1005 0.58939 0.0048437 -0.52544 1.1601 -1.8147 0.3565 0.96434 -3.5229 -0.18632 -0.58939 -0.0048437 0.52544 0.054134 -1.7964 1.4146 -0.39761 -3.4561 0.87413
2 46 300 2.4439 0.71234 4.0868 1.8268 0.57605 2.9942 2.6568 0.49078 2.4734 2.9362 -0.94531 1.7466 3.5285 -1.9896 2.7142 1.013 0.66242 3.5398 -0.27111 -0.33003 3.7261 0.15563 -1.4495 4.6969 0.6763 -0.00057268 -0.40758 1.0826 -1.8221 0.55747 0.95937 -3.5329 0.0018271 -0.6763 0.00057268 0.40758 -0.22757 -1.8074 1.3793 -0.55993 -3.4606 0.74102
2 47 300 2.458 0.84367 4.0547 1.8436 0.66318 2.9678 2.6746 0.58224 2.448 2.7852 -0.86586 1.6999 3.3026 -1.9856 2.6252 1.0289 0.746 3.5125 -0.13622 -0.39883 3.539 0.41835 -1.5473 4.4057 0.67203 0.0067611 -0.41452 1.0892 -1.8307 0.515 0.95163 -3.5455 -0.024865 -0.67203 -0.0067608 0.41452 -0.19139 -1.8344 1.3326 -0.56827 -3.4836 0.70881
2 48 300 2.4766 1.0057 4.0093 1.8625 0.77499 2.9321 2.6943 0.70304 2.4121 2.655 -0.71181 1.5964 3.0947 -1.9261 2.4389 1.047 0.84988 3.4768 -0.04135 -0.35785 3.317 0.54574 -1.5966 4.0231 0.66606 0.014052 -0.42387 1.0854 -1.8364 0.47855 0.9464 -3.5539 -0.052297 -0.66606 -0.014052 0.42387 -0.16704 -1.8603 1.2938 -0.57166 -3.504 0.67303
2 49 300 2.4818 1.1754 3.9595 1.8687 0.89629 2.8939 2.6973 0.84247 2.3667 2.5425 -0.4983 1.4463 2.8952 -1.8211 2.1558 1.0566 0.9541 3.4456 0.00015661 -0.24211 3.0966 0.52026 -1.5943 3.6246 0.66203 0.017495 -0.43001 1.0685 -1.843 0.45753 0.93829 -3.5605 -0.075311 -0.66203 -0.017495 0.43001 -0.14497 -1.8766 1.261 -0.57354 -3.5134 0.63806
2 50 300 2.4707 1.3595 3.9097 1.8618 1.0323 2.8551 2.692 0.99533 2.329 2.4551 -0.2333 1.2787 2.7219 -1.6564 1.809 1.0478 1.0744 3.4057 -0.0075999 -0.055225 2.8776 0.34629 -1.5166 3.2193 0.65768 0.024701 -0.43628 1.0614 -1.8411 0.44133 0.93113 -3.5582 -0.092911 -0.65768 -0.024701 0.43628 -0.12494 -1.8966 1.2279 -0.58691 -3.5265 0.61069
2 51 300 2.4641 1.5381 3.8506 1.8611 1.1675 2.8062 2.6912 1.1432 2.2792 2.4038 0.063454 1.0875 2.5913 -1.4386 1.3814 1.0471 1.1982 3.3573 -0.040813 0.18435 2.6811 0.073791 -1.3456 2.8356 0.65205 0.027153 -0.44452 1.0592 -1.8441 0.41975 0.92737 -3.5605 -0.11641 -0.65205 -0.027153 0.44452 -0.12099 -1.9098 1.2112 -0.58944 -3.5341 0.58412
