0 2 324 0.41251 4.815 -0.34847 0.22159 3.5708 -0.24103 -0.13766 3.4839 -1.1525 -0.65879 2.4846 -2.3351 -0.5811 2.7575 -3.8507 0.58376 3.6869 0.666 1.5546 2.5954 1.3971 3.0892 2.4463 1.4228 -0.17511 -0.034411 -0.76919 0.83081 -1.8749 -0.89144 0.67292 -3.6488 -1.1734 0.17511 0.034411 0.76919 -0.055776 -2.0539 0.77545 -1.0628 -3.5488 0.7317
0 3 312 0.47286 4.8081 -0.36406 0.26625 3.5677 -0.2379 -0.069224 3.4727 -1.1576 -0.7098 2.4949 -2.2988 -0.75755 2.7822 -3.813 0.60515 3.6919 0.67702 1.5916 2.58 1.3548 3.1224 2.423 1.2568 -0.091041 -0.039397 -0.78336 0.96712 -1.8538 -0.73206 0.89683 -3.6307 -1.0298 0.091042 0.039397 0.78336 -0.1967 -2.0407 0.71343 -1.1944 -3.5261 0.49258
0 29 348 0.61276 4.8075 -0.14509 0.39683 3.5656 -0.020809 0.14639 3.5337 -0.9714 -0.48804 2.6006 -2.1527 -0.33697 2.7319 -3.6817 0.65216 3.6268 0.92704 1.9065 2.6955 1.4045 3.4419 2.5792 1.4864 -0.010794 -0.0054746 -0.78953 0.75404 -1.9529 -0.98194 0.25511 -3.6661 -1.2404 0.010794 0.0054746 0.78953 0.37822 -2.0499 1.0233 -0.47499 -3.631 1.1757
0 30 0 0.58689 4.8102 -0.18076 0.37865 3.5678 -0.04842 0.076727 3.5378 -0.984 -0.4923 2.5901 -2.1869 -0.2118 2.6818 -3.7003 0.6853 3.627 0.88422 1.9168 2.7323 1.4772 3.4433 2.6389 1.674 -0.099757 0.00050831 -0.78329 0.57686 -1.9675 -1.0721 0.0029936 -3.6693 -1.2319 0.099757 -0.00050831 0.78329 0.56446 -2.0408 0.97162 -0.20199 -3.6431 1.2816
0 32 12 0.57987 4.8134 -0.14059 0.36244 3.5693 -0.044617 0.15441 3.5421 -1.0055 0.0094456 2.5543 -2.2986 0.83906 2.5464 -3.5983 0.57526 3.6258 0.91396 1.5351 2.817 1.9596 2.9302 2.8088 2.6161 -0.12147 0.0043416 -0.78021 0.43132 -1.9993 -1.0867 -0.23086 -3.6754 -1.1428 0.12147 -0.0043421 0.78021 0.6937 -2.0199 0.93625 0.079764 -3.6624 1.3561
0 33 24 0.55628 4.8154 -0.17504 0.34561 3.5703 -0.07684 0.092851 3.547 -1.0271 0.033141 2.5305 -2.3045 0.96771 2.48 -3.5299 0.60296 3.623 0.87098 1.4948 2.8551 2.004 2.8523 2.8826 2.7348 -0.2132 0.0069962 -0.76026 0.23913 -2.0149 -1.1092 -0.45619 -3.677 -1.0399 0.2132 -0.0069962 0.76026 0.83664 -2.0121 0.83341 0.35202 -3.6724 1.3427
0 34 36 0.54276 4.8159 -0.2041 0.34096 3.5697 -0.10218 0.04647 3.5477 -1.0403 0.073671 2.5003 -2.2937 1.0968 2.4206 -3.4446 0.63977 3.6211 0.83347 1.4571 2.8827 2.0399 2.7612 2.9387 2.8608 -0.29598 0.01196 -0.73195 0.049297 -2.0286 -1.0943 -0.65093 -3.6782 -0.89608 0.29598 -0.01196 0.73195 0.97131 -2.0012 0.69945 0.62135 -3.6724 1.2787
0 37 60 0.53491 4.8175 -0.15601 0.32156 3.5708 -0.097942 0.11957 3.548 -1.0603 0.59996 2.4328 -2.1531 2.0097 2.3028 -2.7641 0.52788 3.623 0.8623 0.78723 2.8956 2.3018 1.6331 3.0296 3.5841 -0.38732 0.026108 -0.68761 -0.26018 -2.0531 -0.96156 -0.93993 -3.6589 -0.50314 0.38732 -0.026107 0.68761 1.1635 -1.9566 0.39604 1.1108 -3.669 0.95803
0 38 72 0.51481 4.8187 -0.14601 0.29724 3.5727 -0.099294 0.064877 3.5538 -1.0548 0.58759 2.4149 -2.1029 2.0457 2.284 -2.5872 0.53373 3.6212 0.85417 0.70325 2.8648 2.2922 1.464 3.0196 3.6245 -0.45383 0.031559 -0.6454 -0.40836 -2.0581 -0.85924 -1.0337 -3.6441 -0.27233 0.45383 -0.031559 0.6454 1.2146 -1.9382 0.19773 1.2834 -3.6637 0.71599
0 39 84 0.52178 4.8166 -0.12149 0.29587 3.5725 -0.090525 0.033736 3.5589 -1.0384 0.5897 2.3956 -2.0416 2.0837 2.2715 -2.4023 0.56198 3.6156 0.85536 0.65082 2.8218 2.2803 1.3279 2.98 3.6566 -0.51578 0.04159 -0.59644 -0.5304 -2.0558 -0.71944 -1.0708 -3.628 -0.021602 0.51578 -0.041591 0.59644 1.2347 -1.919 -0.014098 1.4071 -3.6552 0.4407
0 40 96 0.52792 4.8123 -0.12718 0.28626 3.5722 -0.10914 -0.010451 3.5646 -1.0468 0.57173 2.3792 -2.0084 2.0926 2.2662 -2.2358 0.58684 3.6093 0.82662 0.59927 2.7794 2.2337 1.219 2.9162 3.639 -0.5782 0.043852 -0.53597 -0.6278 -2.0562 -0.57742 -1.0573 -3.6132 0.22389 0.5782 -0.043852 0.53597 1.2095 -1.8982 -0.22385 1.4618 -3.6455 0.14223
0 41 108 0.53716 4.8062 -0.14581 0.27637 3.5715 -0.13062 -0.072553 3.5718 -1.0502 0.53895 2.3622 -1.9622 2.0736 2.2593 -2.0715 0.62897 3.6007 0.78708 0.56359 2.7397 2.1738 1.1377 2.8322 3.6019 -0.63842 0.047052 -0.46228 -0.69713 -2.053 -0.43786 -0.99523 -3.6009 0.43745 0.63842 -0.047052 0.46228 1.1497 -1.878 -0.43254 1.4557 -3.6349 -0.16715
0 42 120 0.53259 4.7997 -0.18236 0.25187 3.5715 -0.16498 -0.15825 3.5777 -1.0589 0.4742 2.3505 -1.9322 2.0137 2.2646 -1.9179 0.66554 3.5948 0.72704 0.53724 2.7006 2.0881 1.0679 2.7265 3.5357 -0.69515 0.045931 -0.3717 -0.7496 -2.0532 -0.3008 -0.89232 -3.5887 0.63334 0.69515 -0.045931 0.3717 1.0487 -1.8576 -0.63189 1.3797 -3.6225 -0.46925
0 56 108 0.50531 4.793 -0.18185 0.21223 3.569 -0.23788 -0.17249 3.6092 -1.1422 0.86638 2.4135 -1.542 1.9294 2.5576 -0.43437 0.60132 3.5581 0.66536 0.48361 2.4616 1.8706 0.99503 1.9558 3.2345 -0.68133 0.017432 -0.39872 -0.84115 -2.0766 -0.45936 -1.1429 -3.611 0.43819 0.68133 -0.017432 0.39873 1.1256 -1.8749 -0.47693 1.339 -3.6367 -0.15854
0 57 96 0.51247 4.7976 -0.12931 0.23794 3.5698 -0.20568 -0.067813 3.6067 -1.1398 1.001 2.4181 -1.4766 2.0648 2.5844 -0.37281 0.54802 3.5623 0.72768 0.37434 2.495 1.9522 0.86322 2.0432 3.3431 -0.62437 0.018648 -0.48303 -0.77078 -2.0727 -0.62118 -1.2151 -3.6217 0.1876 0.62437 -0.018648 0.48303 1.1911 -1.8932 -0.27789 1.3324 -3.6463 0.11946
0 58 96 0.48637 4.7997 -0.20322 0.21515 3.5697 -0.23369 -0.19539 3.5876 -1.1273 0.80579 2.3944 -1.6197 2.0653 2.5919 -0.75234 0.62958 3.5812 0.65821 0.65171 2.5357 1.9133 1.3989 2.1331 3.2006 -0.6591 0.01784 -0.43447 -0.80704 -2.0691 -0.62714 -1.2212 -3.635 0.16487 0.6591 -0.017841 0.43448 1.1756 -1.9091 -0.32099 1.3202 -3.6542 0.10851
0 59 84 0.50128 4.8023 -0.15173 0.24415 3.5698 -0.20346 -0.074478 3.5797 -1.1339 0.94333 2.3743 -1.5578 2.1849 2.6023 -0.67227 0.56679 3.5894 0.72546 0.52514 2.5604 1.9936 1.252 2.2051 3.3062 -0.59248 0.0188 -0.52165 -0.6984 -2.0644 -0.77301 -1.2375 -3.6477 -0.099511 0.59248 -0.0188 0.52164 1.2047 -1.9262 -0.112 1.2498 -3.6618 0.37437
0 61 72 0.49362 4.8071 -0.16084 0.25066 3.5705 -0.19651 -0.065156 3.5694 -1.128 0.8684 2.3256 -1.6282 2.2321 2.5742 -0.95275 0.57032 3.6011 0.73314 0.64778 2.5919 2.0155 1.5749 2.3066 3.2141 -0.55254 0.017275 -0.56383 -0.58651 -2.0578 -0.89149 -1.209 -3.6685 -0.37298 0.55254 -0.017275 0.56383 1.1714 -1.9589 0.052737 1.1096 -3.6738 0.60614
0 63 60 0.50093 4.8097 -0.18701 0.26907 3.5692 -0.1949 -0.039736 3.5539 -1.1286 0.80292 2.2722 -1.6906 2.2617 2.4938 -1.2428 0.58169 3.6139 0.73656 0.75012 2.5992 2.0057 1.8291 2.3267 3.073 -0.50631 0.016473 -0.6057 -0.45881 -2.0485 -0.99051 -1.1286 -3.6857 -0.64184 0.50631 -0.016473 0.6057 1.1132 -1.9855 0.19489 0.91924 -3.678 0.78543
0 64 60 0.47285 4.8117 -0.23427 0.25394 3.5691 -0.21683 -0.1505 3.5459 -1.1131 0.5787 2.2432 -1.7763 2.0989 2.4428 -1.6127 0.66188 3.6216 0.67658 0.99362 2.5921 1.9008 2.2246 2.308 2.785 -0.54664 0.01641 -0.56957 -0.50378 -2.0428 -0.98445 -1.148 -3.6943 -0.65538 0.54664 -0.01641 0.56957 1.1074 -1.9975 0.1511 0.89941 -3.6782 0.77004
0 65 48 0.49138 4.8136 -0.18542 0.27889 3.5692 -0.18505 -0.022565 3.5425 -1.1209 0.72642 2.2178 -1.7148 2.2452 2.3986 -1.5195 0.58415 3.6253 0.74824 0.81151 2.5759 1.9794 1.9968 2.2751 2.9187 -0.46032 0.01463 -0.6414 -0.33531 -2.0385 -1.0693 -1.0102 -3.7018 -0.89933 0.46032 -0.014631 0.6414 1.0464 -2.0093 0.33812 0.69909 -3.6802 0.91988
0 66 48 0.46597 4.8156 -0.23224 0.2641 3.5691 -0.20805 -0.11875 3.5409 -1.1136 0.52429 2.1925 -1.7748 2.0543 2.3543 -1.8773 0.65053 3.6268 0.69456 1.0225 2.5502 1.8655 2.3361 2.2269 2.6055 -0.49666 0.012561 -0.61374 -0.37986 -2.035 -1.07 -1.035 -3.7083 -0.9222 0.49666 -0.012561 0.61373 1.04 -2.0182 0.30276 0.67773 -3.6809 0.89843
0 68 36 0.45303 4.8207 -0.23233 0.27283 3.5704 -0.18886 -0.067972 3.5282 -1.1105 0.5064 2.1221 -1.7119 1.998 2.2449 -2.083 0.61713 3.642 0.72967 1.0156 2.4881 1.8153 2.3876 2.1057 2.4061 -0.41571 0.0053759 -0.67131 -0.20452 -2.0306 -1.1449 -0.85871 -3.7105 -1.1774 0.41571 -0.0053763 0.67131 0.93423 -2.028 0.43837 0.44003 -3.6816 0.96037
0 69 36 0.44376 4.8218 -0.25537 0.28286 3.5698 -0.18416 -0.12266 3.5182 -1.0787 0.3599 2.0842 -1.6948 1.7653 2.1819 -2.3217 0.69162 3.6508 0.70674 1.2128 2.4473 1.6808 2.6465 2.0232 2.0583 -0.43646 0.011395 -0.65793 -0.22626 -2.0194 -1.1539 -0.87163 -3.7025 -1.1936 0.43646 -0.011395 0.65793 0.93551 -2.036 0.40025 0.42634 -3.6809 0.93475
0 71 24 0.49658 4.8198 -0.20065 0.35274 3.5661 -0.11841 0.020797 3.4975 -1.0417 0.45639 2.0019 -1.5338 1.8062 2.0085 -2.2793 0.68803 3.6641 0.80102 1.2348 2.3555 1.6118 2.6487 1.8133 1.9027 -0.32517 0.021043 -0.71925 0.05097 -1.9861 -1.2133 -0.57042 -3.6744 -1.3332 0.32517 -0.021043 0.71925 0.85843 -2.0442 0.52774 0.21909 -3.6761 0.95112
0 72 24 0.49435 4.82 -0.19909 0.35838 3.5661 -0.099703 -0.026954 3.4991 -1.0021 0.34122 1.9762 -1.4647 1.6032 1.9138 -2.3484 0.74694 3.6626 0.79868 1.364 2.3042 1.4642 2.7797 1.7016 1.5657 -0.34627 0.030828 -0.70898 0.063828 -1.967 -1.2137 -0.53011 -3.6687 -1.2611 0.34627 -0.030828 0.70898 0.86673 -2.0549 0.49311 0.20957 -3.675 0.93399
0 73 24 0.47192 4.8226 -0.18821 0.34874 3.568 -0.080988 -0.086993 3.5021 -0.96028 0.21536 1.9548 -1.3883 1.4025 1.8166 -2.3627 0.78748 3.6633 0.79411 1.4411 2.2552 1.303 2.8314 1.5921 1.2312 -0.37046 0.03797 -0.69629 0.063123 -1.9581 -1.1883 -0.50602 -3.6688 -1.1671 0.37046 -0.03797 0.69629 0.86015 -2.0679 0.46391 0.1923 -3.6773 0.92702
0 106 36 0.23935 4.8273 -0.32079 0.21936 3.5681 -0.28162 -0.31904 3.4909 -1.1011 0.44402 2.204 -1.757 1.9071 2.0464 -2.2175 0.75923 3.6748 0.53356 1.8734 2.515 0.24675 2.7485 2.151 -0.96952 -0.44632 -0.012396 -0.65126 -0.038413 -2.0527 -0.94272 -0.57966 -3.7495 -0.66155 0.44632 0.012396 0.65126 0.88755 -2.0367 0.50643 0.49599 -3.7266 0.99803
1 8 192 1.146 4.672 -0.35173 0.91593 3.4308 -0.32633 0.6932 3.4113 -1.2841 -0.17588 2.6735 -2.4542 -0.56697 2.935 -3.9226 1.1416 3.48 0.62971 0.93215 2.7236 2.0625 1.4739 2.9853 3.4822 -0.22764 -0.018736 -0.75586 0.43325 -1.9796 -1.1197 -0.12179 -3.6938 -1.1869 0.22764 0.018736 0.75586 0.99501 -1.9325 0.89114 0.30219 -3.5689 1.196
1 9 192 1.0673 4.6876 -0.33002 0.85411 3.444 -0.30551 0.62253 3.4251 -1.2612 -0.27973 2.903 -2.519 -0.71629 3.3834 -3.9177 1.088 3.4925 0.64859 0.85017 2.9011 2.1527 1.3389 3.3318 3.5504 -0.22984 -0.015308 -0.75527 0.33269 -2.0005 -1.1514 -0.20026 -3.7057 -1.3946 0.22984 0.015309 0.75527 0.90064 -1.9609 0.99813 0.25573 -3.5913 1.4186
1 31 192 1.0999 4.7039 -0.12169 0.90156 3.4551 -0.15717 0.6457 3.4778 -1.1066 0.010208 2.7202 -2.407 -0.094659 2.8468 -3.9402 1.1614 3.462 0.79141 1.1533 2.4695 2.089 2.0359 2.3572 3.3484 -0.24478 0.026104 -0.75027 0.14454 -1.9708 -1.2749 -0.57822 -3.5966 -1.5665 0.24478 -0.026104 0.75027 0.73823 -2.0451 1.0574 0.13912 -3.5379 1.8721
1 32 192 1.2363 4.6708 -0.13092 1.012 3.4259 -0.16293 0.7535 3.4613 -1.1112 0.1069 2.459 -2.2275 0.084101 2.2151 -3.7499 1.276 3.4198 0.78453 1.1693 2.2658 1.9358 2.0413 1.7836 3.1126 -0.24904 0.034796 -0.74851 0.24998 -1.9584 -1.187 -0.42024 -3.6289 -1.2934 0.24904 -0.034796 0.74851 0.84941 -2.0421 0.90485 0.14662 -3.5649 1.5669
1 43 192 1.1914 4.6858 -0.26214 0.94274 3.4454 -0.25381 0.70514 3.4469 -1.2082 0.1699 2.0194 -1.7954 0.22773 1.1728 -3.0828 1.1863 3.4731 0.69871 1.1464 2.0378 1.4779 2.1454 1.3121 2.4015 -0.21961 -0.0020561 -0.75846 0.48629 -1.9713 -0.95373 -0.2351 -3.6086 -0.73086 0.21961 0.0020561 0.75846 1.007 -1.9452 0.70823 0.1358 -3.5193 0.82725
1 44 192 1.0887 4.7064 -0.25912 0.86315 3.4614 -0.25367 0.61592 3.4653 -1.2056 0.07933 2.153 -2.0172 0.061176 1.5969 -3.4553 1.115 3.4869 0.69674 1.1825 2.1635 1.6521 2.1999 1.7244 2.7244 -0.22307 -0.0079145 -0.75741 0.38296 -2.0015 -1.027 -0.27488 -3.6775 -0.93224 0.22307 0.0079145 0.75741 0.91219 -1.9752 0.84 0.11999 -3.5813 1.0489
2 106 24 1.5901 4.5401 -0.60894 1.2074 3.3423 -0.49973 0.79037 3.3338 -1.3905 -0.30139 2.1186 -1.4023 -0.90772 0.81308 -1.9552 1.6341 3.3785 0.38569 0.98293 2.0535 1.0851 0.86852 0.56314 1.4637 -0.33241 0.014305 -0.7161 0.42691 -1.9131 -1.0664 -0.23586 -3.5815 -0.89835 0.33241 -0.014305 0.7161 1.0098 -1.9831 0.43446 0.25462 -3.5712 0.8327
2 107 24 1.4858 4.5811 -0.5558 1.134 3.3721 -0.46171 0.71178 3.3687 -1.35 -0.35743 2.1341 -1.3831 -0.92839 0.83203 -1.9801 1.5651 3.4035 0.42175 0.97325 2.0354 1.09 0.91567 0.5354 1.4427 -0.33506 0.015688 -0.71483 0.367 -1.937 -1.0443 -0.28317 -3.6122 -0.89671 0.33506 -0.015688 0.71483 0.93446 -2.0137 0.46374 0.20697 -3.6159 0.85687
3 5 96 0.48208 4.7907 -0.25993 0.17469 3.5776 -0.11653 0.1273 3.6237 0.86479 -1.0833 2.6592 1.3872 -2.4924 3.202 1.075 0.2271 3.5608 -1.0985 1.2649 2.3975 -1.5867 1.4509 1.1049 -2.4066 0.097029 0.041369 0.78254 0.5302 -1.9863 0.44283 1.0516 -3.6841 0.13243 -0.097029 -0.041369 -0.78254 -1.9102 -1.0361 -0.41233 -1.1428 -2.6676 -0.42236
3 50 108 0.13411 4.8254 0.02539 0.23726 3.5728 -0.083893 0.011635 3.5686 -1.0412 -0.93538 2.2555 -1.26 -1.0313 0.75606 -1.6064 0.46149 3.6067 0.87315 1.1926 2.1822 1.1972 2.577 2.7296 0.79554 -0.050774 -0.017625 -0.78779 1.6741 -1.1829 -1.0731 -0.06559 -1.1329 -0.60193 0.050774 0.017625 0.78779 -0.49421 -2.0023 0.59547 -0.97249 -3.7304 0.40552
3 54 108 0.1228 4.8247 0.0056426 0.23254 3.5745 -0.12185 -0.0033903 3.5847 -1.0766 -1.0939 2.3963 -1.336 -1.3544 0.91274 -1.6661 0.46714 3.5942 0.83311 1.5999 2.4549 1.1291 2.8054 3.331 0.73336 -0.066488 -0.036708 -0.78596 1.6231 -1.2839 -0.7213 0.65209 -2.7594 -0.35898 0.066488 0.036708 0.78596 -0.6772 -1.9212 0.61876 -1.3252 -3.5953 0.45025
3 55 108 0.1262 4.8231 -0.018511 0.24453 3.5745 -0.15238 0.013716 3.5855 -1.1084 -1.0644 2.385 -1.3636 -1.3356 0.89794 -1.6682 0.47372 3.5933 0.8039 1.5604 2.4119 1.1075 2.8116 3.2129 0.69429 -0.070693 -0.044847 -0.78517 1.4313 -1.511 -0.6918 0.82311 -3.1689 -0.3277 0.070694 0.044847 0.78517 -0.73727 -1.8889 0.63661 -1.4388 -3.5428 0.48341
4 2 24 0.91448 4.6781 -0.8124 0.71329 3.469 -0.49361 0.25988 3.3185 -1.3533 -0.022539 1.7179 -1.518 1.2213 1.0958 -2.1839 1.1713 3.6478 0.35823 0.8684 2.2656 1.1746 1.6655 0.95206 1.3044 -0.40347 0.023084 -0.67836 0.096707 -2.017 -0.72684 -0.46495 -3.6611 -0.24503 0.40347 -0.023084 0.67836 1.1722 -1.8994 0.128 0.06443 -3.2083 0.68525
4 3 24 0.97533 4.6605 -0.84317 0.75116 3.4583 -0.51371 0.29354 3.306 -1.3709 0.024078 1.7051 -1.5529 1.3392 1.1939 -2.1749 1.2137 3.6388 0.33529 0.86066 2.285 1.1787 1.6755 0.9804 1.2869 -0.40558 0.023639 -0.67708 -0.001864 -2.0382 -0.66702 -0.61445 -3.6539 -0.15214 0.40558 -0.023639 0.67708 1.2565 -1.8374 0.044235 0.32317 -3.3146 0.48881
4 4 24 1.0238 4.6506 -0.84771 0.78953 3.449 -0.52376 0.33612 3.3011 -1.3839 0.067998 1.7009 -1.5746 1.4357 1.2903 -2.1563 1.2485 3.6249 0.32815 0.84242 2.3024 1.1968 1.6954 1.0192 1.2563 -0.40804 0.025833 -0.67552 -0.13573 -2.0559 -0.59484 -0.78212 -3.6498 -0.054051 0.40804 -0.025833 0.67552 1.3239 -1.7845 -0.019138 0.57959 -3.4009 0.27083
4 5 24 1.0753 4.6449 -0.8245 0.83181 3.4413 -0.51619 0.38916 3.3043 -1.3838 0.10967 1.7071 -1.5832 1.5213 1.3926 -2.1179 1.2806 3.6063 0.3433 0.81752 2.3155 1.2312 1.7384 1.0787 1.2348 -0.40782 0.031029 -0.67544 -0.28665 -2.0601 -0.51204 -0.95505 -3.637 0.051441 0.40782 -0.031029 0.67544 1.3776 -1.7434 -0.060507 0.81737 -3.4536 0.04931
4 45 120 1.014 4.7307 -0.07989 0.83159 3.4831 0.036757 0.24684 3.5232 -0.75307 -0.88088 2.3478 -0.87685 0.40443 2.0999 -1.6918 1.4215 3.4723 0.82366 1.2442 1.9448 1.3751 2.2708 1.5651 0.28903 -0.30766 0.10154 -0.7201 0.51425 -1.7491 -1.2805 0.18076 -3.4847 -1.6373 0.30766 -0.10154 0.7201 0.051577 -2.1628 0.40408 -1.5245 -2.8127 0.99085
5 13 0 0.8402 4.7715 -0.25303 0.60657 3.5318 -0.14271 0.20226 3.5608 -1.0388 -0.45171 2.0691 -1.1647 -0.31974 0.73699 -1.9301 1.0171 3.5319 0.75106 1.3706 1.952 0.96984 2.401 0.86328 0.60852 -0.25545 -0.0053277 -0.74714 0.91717 -1.7024 -1.1461 0.47891 -3.451 -1.1835 0.25545 0.0053277 0.74714 0.51101 -2.0575 0.44129 -0.48059 -3.56 0.54185
5 14 0 0.85286 4.7676 -0.28039 0.61578 3.5291 -0.16379 0.23243 3.5474 -1.0694 -0.43866 2.0626 -1.1869 -0.34817 0.71383 -1.9287 1.0054 3.5398 0.73923 1.3571 1.9622 0.97655 2.4227 0.91078 0.60687 -0.23408 -0.013056 -0.75401 0.97676 -1.6937 -1.1055 0.85651 -3.4824 -1.2983 0.23408 0.013056 0.75401 0.38775 -2.0667 0.49861 -0.63239 -3.5512 0.57841
6 18 192 0.9084 4.752 -0.3085 0.68619 3.5085 -0.25797 0.47799 3.4624 -1.2181 0.21166 1.8979 -1.6055 1.1408 0.79036 -2.142 0.90038 3.5837 0.69903 0.66533 2.0216 1.1156 1.1832 0.60032 1.4146 -0.2608 0.001627 -0.7453 -0.28825 -2.087 -0.51939 -0.92319 -3.7229 -0.10483 0.2608 -0.001627 0.7453 1.3348 -1.7455 0.27658 1.4858 -3.5332 0.097292
6 19 192 0.90824 4.7547 -0.27912 0.68338 3.5113 -0.23151 0.46586 3.4737 -1.19 0.18999 1.9086 -1.5682 1.1574 0.82105 -2.0773 0.90694 3.5779 0.72397 0.66195 2.0173 1.1404 1.1576 0.58885 1.4428 -0.26913 0.0090504 -0.74229 -0.39185 -2.0719 -0.47989 -1.0327 -3.7021 -0.052483 0.26913 -0.0090508 0.74229 1.345 -1.7493 0.2644 1.5742 -3.5269 0.068344
6 20 192 0.89907 4.7578 -0.2623 0.67418 3.5142 -0.21648 0.43839 3.4825 -1.1708 0.14489 1.9196 -1.5446 1.1292 0.84093 -2.04 0.91594 3.5749 0.73495 0.66364 2.0152 1.15 1.1457 0.58205 1.4525 -0.28077 0.013275 -0.7379 -0.5026 -2.0546 -0.43936 -1.1575 -3.676 -8.9037e-05 0.28077 -0.013275 0.7379 1.3539 -1.7524 0.25005 1.6078 -3.5273 0.059705
6 21 192 0.89348 4.7593 -0.24489 0.67389 3.5147 -0.20423 0.41796 3.4912 -1.1536 0.096606 1.9329 -1.5239 1.0714 0.84633 -2.0206 0.93576 3.5672 0.74236 0.68325 2.0065 1.1536 1.1585 0.5692 1.4469 -0.29106 0.017014 -0.73382 -0.61451 -2.0321 -0.40109 -1.2939 -3.6398 0.051461 0.29106 -0.017014 0.73382 1.3571 -1.7587 0.23946 1.5949 -3.5371 0.062063
6 22 192 0.8823 4.7612 -0.24667 0.66384 3.5162 -0.20871 0.3901 3.5013 -1.1533 0.026768 1.9495 -1.5121 0.96211 0.83768 -2.0285 0.94352 3.5602 0.7332 0.69474 1.9976 1.1395 1.1696 0.55701 1.4168 -0.30079 0.013912 -0.72995 -0.69336 -2.0194 -0.37509 -1.4347 -3.5937 0.097015 0.30079 -0.013912 0.72995 1.3343 -1.7736 0.23019 1.5426 -3.5555 0.050891
6 23 192 0.89084 4.7573 -0.26465 0.67289 3.5122 -0.23083 0.38613 3.5042 -1.1716 -0.021905 1.9589 -1.5097 0.83199 0.79976 -2.0618 0.96567 3.5492 0.7074 0.73066 1.9825 1.1061 1.2113 0.5405 1.3655 -0.29682 0.0042269 -0.7317 -0.75243 -2.0137 -0.36478 -1.5745 -3.5451 0.11483 0.29682 -0.0042267 0.7317 1.3284 -1.7627 0.22385 1.4723 -3.5532 0.068584
6 25 180 0.90998 4.7588 -0.076767 0.70594 3.5109 -0.089164 0.62358 3.5027 -1.0692 0.20573 1.9681 -1.4423 0.86612 0.67105 -1.9515 0.7944 3.5483 0.88968 0.55761 1.9658 1.2186 1.042 0.53657 1.5354 -0.13049 0.003053 -0.77876 -0.7914 -1.978 -0.54894 -1.8421 -3.4201 -0.28926 0.13049 -0.003053 0.77876 1.2245 -1.7716 0.4794 1.1831 -3.5712 0.37553
6 26 180 0.89029 4.7595 -0.13395 0.69966 3.5091 -0.13337 0.61013 3.496 -1.1127 0.18849 1.9597 -1.4743 0.6725 0.61075 -2.0433 0.79493 3.5514 0.84463 0.60228 1.963 1.1738 1.1664 0.55705 1.4616 -0.14546 -0.0062075 -0.77608 -0.75678 -2.0081 -0.59416 -1.9235 -3.36 -0.34525 0.14546 0.006207 0.77608 1.1568 -1.8083 0.46123 1.0328 -3.6046 0.36803
6 27 180 0.87769 4.7601 -0.18037 0.69426 3.5087 -0.15847 0.57925 3.486 -1.135 0.15821 1.947 -1.4856 0.50215 0.57633 -2.1026 0.81484 3.5607 0.81628 0.66231 1.9704 1.1573 1.3264 0.6007 1.4036 -0.15982 -0.0070906 -0.77324 -0.64081 -2.0492 -0.65958 -1.9353 -3.2778 -0.40292 0.15982 0.0070906 0.77324 1.0998 -1.8434 0.4472 0.89234 -3.6327 0.36766
6 28 180 0.88046 4.7576 -0.23728 0.69541 3.5072 -0.18207 0.53982 3.4688 -1.1525 0.10522 1.9326 -1.4989 0.40661 0.56439 -2.143 0.85647 3.5748 0.78584 0.74963 1.9864 1.1524 1.5135 0.66087 1.3452 -0.17779 -0.0058818 -0.76932 -0.45831 -2.0879 -0.73978 -1.8694 -3.1753 -0.46167 0.17779 0.0058813 0.76932 1.0479 -1.8762 0.43051 0.75749 -3.6547 0.36897
6 29 180 0.87914 4.7545 -0.2984 0.69418 3.5056 -0.21617 0.50021 3.4568 -1.1792 0.043716 1.9251 -1.517 0.38206 0.57495 -2.1806 0.89367 3.5835 0.74377 0.85892 2.0003 1.145 1.7094 0.72083 1.2767 -0.1957 -0.0091043 -0.76493 -0.23695 -2.1091 -0.81661 -1.7191 -3.0929 -0.523 0.1957 0.0091043 0.76493 0.9978 -1.9018 0.41946 0.63035 -3.6662 0.36707
6 30 180 0.87275 4.7534 -0.34273 0.68816 3.5062 -0.23546 0.45629 3.4472 -1.1895 -0.022834 1.9186 -1.5097 0.37844 0.59665 -2.1945 0.92549 3.5942 0.71495 0.99194 2.0192 1.1436 1.9125 0.78456 1.2192 -0.2045 -0.0099559 -0.76261 0.0011167 -2.0972 -0.88733 -1.4976 -3.0543 -0.58948 0.2045 0.0099554 0.76261 0.94726 -1.9243 0.4146 0.50781 -3.6724 0.36984
6 31 180 0.86163 4.7541 -0.36215 0.67804 3.5087 -0.23109 0.41239 3.4404 -1.1756 -0.08576 1.913 -1.4717 0.38066 0.62525 -2.1802 0.94899 3.6062 0.70937 1.1264 2.0436 1.1519 2.1022 0.85074 1.1999 -0.20701 -0.005681 -0.76198 0.2363 -2.052 -0.93588 -1.2216 -3.0754 -0.65644 0.20701 0.005681 0.76198 0.89775 -1.948 0.41511 0.38143 -3.6751 0.37989
6 32 180 0.85869 4.7532 -0.36949 0.67872 3.5086 -0.22633 0.38899 3.4347 -1.1633 -0.12169 1.907 -1.4353 0.38796 0.64783 -2.165 0.97359 3.6114 0.70631 1.2538 2.0647 1.1509 2.2819 0.91593 1.1834 -0.20681 -0.0029469 -0.76205 0.46377 -1.9835 -0.96681 -0.89388 -3.1448 -0.72379 0.20681 0.0029473 0.76205 0.84888 -1.9675 0.41673 0.25601 -3.6701 0.39386
6 33 180 0.85223 4.7545 -0.36591 0.67331 3.5103 -0.21708 0.3655 3.4351 -1.1482 -0.15562 1.9071 -1.398 0.38173 0.66481 -2.1367 0.98614 3.6145 0.70954 1.3518 2.0846 1.1505 2.4299 0.98225 1.1641 -0.20712 -0.00053692 -0.76197 0.6526 -1.9048 -0.98288 -0.53563 -3.247 -0.78915 0.20712 0.00053692 0.76197 0.79476 -1.9873 0.41923 0.12544 -3.6615 0.40992
6 34 180 0.84169 4.7574 -0.35846 0.66548 3.5129 -0.21024 0.3468 3.4388 -1.1378 -0.17904 1.9101 -1.3727 0.35899 0.66999 -2.1146 0.98916 3.616 0.71278 1.4151 2.1007 1.1501 2.5492 1.0561 1.1307 -0.2046 -0.00090551 -0.76265 0.79413 -1.8357 -0.98695 -0.15016 -3.3664 -0.85971 0.2046 0.00090551 0.76265 0.72167 -2.0083 0.43107 -0.012245 -3.6552 0.4295
6 35 180 0.82866 4.7612 -0.34602 0.6526 3.5165 -0.20008 0.32772 3.4422 -1.1254 -0.20309 1.9133 -1.3479 0.32233 0.66353 -2.0825 0.98243 3.6197 0.72074 1.4549 2.1161 1.1503 2.6389 1.1298 1.0969 -0.19729 -0.0016961 -0.76457 0.8828 -1.7909 -0.98044 0.24662 -3.4772 -0.92985 0.19729 0.0016956 0.76457 0.61852 -2.0333 0.45526 -0.16009 -3.6595 0.45202
6 37 192 0.7127 4.7706 -0.47526 0.56545 3.5245 -0.31135 0.068744 3.4527 -1.1572 -0.51336 1.9284 -1.2381 -0.23608 0.6214 -2.0078 1.0661 3.6254 0.52923 1.6591 2.1325 0.82644 2.8648 1.2386 0.47281 -0.32374 -0.0093427 -0.72014 0.72799 -1.7832 -1.1221 0.75071 -3.583 -1.2284 0.32374 0.0093431 0.72014 0.44937 -2.0709 0.45361 -0.36822 -3.6719 0.59278
6 38 192 0.70416 4.7739 -0.45937 0.55328 3.5273 -0.30382 0.070559 3.4545 -1.1577 -0.52838 1.9363 -1.227 -0.30665 0.59688 -1.9582 1.0399 3.6292 0.54482 1.6391 2.1375 0.83573 2.8576 1.2659 0.47056 -0.30494 -0.013171 -0.72824 0.74367 -1.794 -1.107 1.0622 -3.5555 -1.3228 0.30494 0.013171 0.72824 0.31836 -2.0774 0.51954 -0.5153 -3.6709 0.64823
6 39 192 0.70112 4.7764 -0.44245 0.54491 3.5296 -0.29614 0.080233 3.4556 -1.1598 -0.53534 1.9436 -1.2209 -0.37656 0.57304 -1.9094 1.0135 3.6327 0.56241 1.6035 2.1382 0.85747 2.8233 1.267 0.49586 -0.28572 -0.015753 -0.73595 0.74144 -1.8119 -1.1008 1.2812 -3.5113 -1.3687 0.28572 0.015752 0.73595 0.1994 -2.0769 0.56989 -0.66035 -3.6562 0.70213
6 40 192 0.69507 4.7791 -0.42776 0.53665 3.532 -0.28815 0.093276 3.4565 -1.1628 -0.53597 1.95 -1.2206 -0.44447 0.55444 -1.8699 0.98407 3.6366 0.58147 1.5491 2.1346 0.88754 2.7585 1.24 0.54913 -0.2707 -0.016871 -0.74157 0.74312 -1.8224 -1.0971 1.3791 -3.4871 -1.3716 0.2707 0.016871 0.74157 0.090453 -2.0723 0.61047 -0.80097 -3.6327 0.7571
6 41 192 0.68112 4.7816 -0.42121 0.52445 3.5344 -0.28188 0.090724 3.4533 -1.1609 -0.5475 1.9508 -1.2214 -0.51816 0.53896 -1.8408 0.96213 3.6446 0.592 1.4832 2.1315 0.92051 2.6658 1.1888 0.61967 -0.26091 -0.017474 -0.74506 0.74497 -1.8304 -1.0855 1.3793 -3.4986 -1.3413 0.26091 0.017474 0.74506 -0.0070106 -2.0641 0.64756 -0.93887 -3.5986 0.81435
6 42 192 0.66476 4.7843 -0.41299 0.51155 3.5362 -0.27829 0.089418 3.4544 -1.1629 -0.55557 1.9547 -1.2226 -0.57679 0.53621 -1.8269 0.93757 3.6472 0.60123 1.4028 2.1237 0.96329 2.5388 1.1111 0.71413 -0.24914 -0.020017 -0.74902 0.77949 -1.8255 -1.0599 1.3104 -3.535 -1.2755 0.24914 0.020018 0.74902 -0.092653 -2.0522 0.69193 -1.0743 -3.5533 0.87693
6 63 192 0.61243 4.806 0.029144 0.47149 3.5483 0.021542 0.26109 3.5565 -0.9392 0.35516 2.0366 -1.5308 1.6925 1.3549 -1.8836 0.68592 3.5697 0.98119 0.57321 1.9814 1.3461 1.2228 0.59372 1.5196 -0.27138 0.049093 -0.73989 -0.86588 -1.9296 -0.35849 -1.6585 -3.489 0.078429 0.27138 -0.049093 0.73989 1.2586 -1.8285 0.21698 1.463 -3.608 0.010906
6 64 192 0.61591 4.8031 0.0092882 0.47556 3.5458 -0.019042 0.24602 3.5712 -0.97509 0.24883 2.0375 -1.5378 1.5041 1.2294 -1.9237 0.70912 3.55 0.93636 0.60083 1.9589 1.2905 1.2143 0.5553 1.4673 -0.28215 0.031991 -0.73679 -0.87916 -1.9476 -0.36357 -1.7854 -3.4373 0.09486 0.28215 -0.031991 0.73679 1.2664 -1.8154 0.22192 1.3309 -3.6087 0.046847
6 65 192 0.6288 4.799 0.030054 0.48651 3.5429 -0.024931 0.2503 3.5872 -0.97866 0.14554 2.0422 -1.499 1.2698 1.0845 -1.9424 0.72679 3.5281 0.9287 0.62975 1.9342 1.2734 1.2214 0.52101 1.4476 -0.28239 0.026989 -0.7369 -0.85816 -1.9627 -0.3848 -1.8793 -3.3736 0.081718 0.28239 -0.026988 0.7369 1.2517 -1.8227 0.23661 1.2018 -3.6182 0.080252
