1 12 264 0.074214 4.7346 -0.8956 0.033839 3.4911 -0.7036 -0.94617 3.4742 -0.78517 -2.4795 3.5627 -0.22848 -3.6642 4.5406 -0.094887 1.013 3.5378 -0.62328 2.4462 3.3389 0.13505 3.7908 4.0937 0.13935 -0.78941 0.0038862 -0.017583 -1.3248 -1.9904 -0.40568 -2.0377 -3.6013 -0.02142 0.78941 -0.0038857 0.017583 1.5705 -1.9202 -0.34546 2.0737 -3.4288 0.50422
1 12 276 -0.11361 4.7346 -0.89146 -0.11319 3.4911 -0.69526 -1.0887 3.4742 -0.5713 -2.4728 3.5627 0.29202 -3.6039 4.5406 0.66902 0.86127 3.5378 -0.82027 2.4208 3.3389 -0.3765 3.7369 4.0937 -0.65185 -0.77582 0.0038862 0.14693 -1.3802 -1.9904 -0.12137 -1.9976 -3.6013 0.40271 0.77582 -0.0038857 -0.14693 1.4644 -1.9202 -0.66444 2.1332 -3.4288 0.062062
1 13 264 0.062785 4.7503 -0.79855 0.027843 3.5053 -0.62263 -0.95228 3.49 -0.70318 -2.477 3.7213 -0.16422 -3.5687 4.7959 0.01197 1.0071 3.5505 -0.54263 2.4648 3.4249 0.1841 3.7719 4.2425 0.20711 -0.78944 0.0021982 -0.016823 -1.4162 -1.9763 -0.34385 -2.1436 -3.5629 0.10854 0.78944 -0.0021982 0.016823 1.6108 -1.9114 -0.2906 2.2309 -3.3776 0.55608
1 13 276 -0.10461 4.7503 -0.79415 -0.10222 3.5053 -0.61481 -1.0777 3.49 -0.48983 -2.457 3.7213 0.35437 -3.4882 4.7959 0.75369 0.87226 3.5505 -0.74015 2.4492 3.4249 -0.33238 3.7326 4.2425 -0.58164 -0.77568 0.0021982 0.14768 -1.4568 -1.9763 -0.041888 -2.0742 -3.5629 0.55185 0.77568 -0.0021982 -0.14768 1.5151 -1.9114 -0.61915 2.2977 -3.3776 0.080104
1 13 288 -0.26744 4.7503 -0.75505 -0.22781 3.5053 -0.58013 -1.156 3.49 -0.25506 -2.3296 3.7213 0.85746 -3.2553 4.7959 1.4625 0.69932 3.5505 -0.90533 2.3266 3.4249 -0.83434 3.5301 4.2425 -1.345 -0.72803 0.0021982 0.30573 -1.4337 -1.9763 0.26191 -1.9142 -3.5629 0.97105 0.72803 -0.0021982 -0.30572 1.3533 -1.9114 -0.92063 2.2642 -3.3776 -0.39937
1 14 264 0.059071 4.7625 -0.70354 0.026341 3.515 -0.55088 -0.95393 3.4989 -0.62941 -2.4706 3.8463 -0.13146 -3.4831 4.9887 0.086114 1.0057 3.5608 -0.4722 2.4779 3.4926 0.2325 3.7506 4.363 0.21964 -0.78948 0.0029078 -0.014369 -1.4513 -1.9637 -0.34391 -2.1324 -3.5436 0.19575 0.78948 -0.0029073 0.014369 1.6196 -1.9137 -0.258 2.3033 -3.3524 0.5867
1 14 276 -0.088495 4.7625 -0.70045 -0.08877 3.515 -0.54432 -1.064 3.4989 -0.41732 -2.4439 3.8463 0.38506 -3.3891 4.9887 0.80841 0.88551 3.5608 -0.67097 2.4721 3.4926 -0.28776 3.7143 4.363 -0.56496 -0.77522 0.0029078 0.15009 -1.4911 -1.9637 -0.034639 -2.0451 -3.5436 0.63482 0.77522 -0.0029073 -0.15009 1.5306 -1.9137 -0.5891 2.375 -3.3524 0.094989
1 14 288 -0.23219 4.7625 -0.66675 -0.2 3.515 -0.51397 -1.1275 3.4989 -0.187 -2.3104 3.8463 0.88477 -3.1469 4.9887 1.4954 0.72666 3.5608 -0.84042 2.3582 3.4926 -0.79545 3.5157 4.363 -1.3249 -0.72707 0.0029078 0.30799 -1.4658 -1.9637 0.27614 -1.8684 -3.5436 1.0461 0.72707 -0.0029073 -0.30799 1.3746 -1.9137 -0.89444 2.3428 -3.3524 -0.40087
1 15 264 0.062288 4.7698 -0.62854 0.03091 3.5196 -0.49927 -0.94986 3.5055 -0.57182 -2.4542 3.9556 -0.12122 -3.4105 5.147 0.087781 1.0107 3.5634 -0.42599 2.5066 3.5321 0.22998 3.7525 4.4405 0.21756 -0.78957 0.0062594 -0.0061857 -1.4536 -1.9507 -0.38538 -2.0685 -3.5419 0.19827 0.78957 -0.006259 0.0061857 1.5996 -1.9224 -0.28818 2.3053 -3.3419 0.57073
1 15 276 -0.069754 4.7698 -0.62775 -0.07357 3.5196 -0.49479 -1.048 3.5055 -0.36184 -2.4258 3.9556 0.39169 -3.3177 5.147 0.79494 0.90009 3.5634 -0.62683 2.4996 3.5321 -0.29618 3.7157 4.4405 -0.56738 -0.7736 0.0062594 0.15811 -1.5019 -1.9507 -0.074738 -1.9821 -3.5419 0.62401 0.7736 -0.006259 -0.15811 1.5048 -1.9224 -0.61447 2.3736 -3.3419 0.078961
1 15 288 -0.19875 4.7698 -0.59953 -0.17483 3.5196 -0.46868 -1.1003 3.5055 -0.13604 -2.2914 3.9556 0.88748 -3.0799 5.147 1.4674 0.75009 3.5634 -0.80027 2.3834 3.5321 -0.80941 3.5165 4.4405 -1.3275 -0.72382 0.0062594 0.3155 -1.4847 -1.9507 0.23917 -1.809 -3.5419 1.0225 0.72382 -0.006259 -0.3155 1.3441 -1.9224 -0.9139 2.3382 -3.3419 -0.41627
1 16 264 0.068532 4.7762 -0.57769 0.028923 3.5249 -0.46061 -0.95256 3.5189 -0.52393 -2.4464 4.0487 -0.12833 -3.3517 5.2851 0.043243 1.0097 3.5607 -0.39629 2.5298 3.5656 0.20197 3.7552 4.5016 0.20027 -0.78957 0.005724 0.0072605 -1.4144 -1.9486 -0.44484 -1.9596 -3.5216 0.24752 0.78957 -0.0057244 -0.0072605 1.5657 -1.9272 -0.35325 2.238 -3.3277 0.56202
1 16 276 -0.053075 4.7762 -0.57932 -0.067475 3.5249 -0.45656 -1.0407 3.5189 -0.31443 -2.4196 4.0487 0.38311 -3.2695 5.2851 0.73916 0.90525 3.5607 -0.59756 2.5166 3.5656 -0.32843 3.7148 4.5016 -0.58486 -0.7708 0.005724 0.17126 -1.476 -1.9486 -0.14104 -1.8654 -3.5216 0.64954 0.7708 -0.0057244 -0.17126 1.4581 -1.9272 -0.67107 2.3059 -3.3277 0.084441
1 16 288 -0.17236 4.7762 -0.55562 -0.16092 3.5249 -0.43255 -1.0833 3.5189 -0.091188 -2.2871 4.0487 0.87781 -3.0444 5.2851 1.4028 0.76123 3.5607 -0.77272 2.3933 3.5656 -0.84447 3.512 4.5016 -1.3444 -0.71835 0.005724 0.32778 -1.4731 -1.9486 0.16892 -1.6896 -3.5216 1.0232 0.71835 -0.0057244 -0.32778 1.2867 -1.9272 -0.95956 2.2731 -3.3277 -0.39683
1 17 276 -0.026534 4.7841 -0.56278 -0.05807 3.5332 -0.43775 -1.0303 3.5389 -0.28919 -2.4269 4.0966 0.349 -3.2391 5.3685 0.66564 0.91405 3.5572 -0.5853 2.536 3.5605 -0.39037 3.721 4.5152 -0.63941 -0.76969 0.0050941 0.17619 -1.4855 -1.9167 -0.28074 -1.7651 -3.4226 0.67059 0.76969 -0.0050941 -0.17619 1.4733 -1.9148 -0.69798 2.231 -3.2738 0.21294
1 17 288 -0.14296 4.7841 -0.54496 -0.14782 3.5332 -0.41611 -1.0679 3.5389 -0.068657 -2.3013 4.0966 0.84595 -3.0299 5.3685 1.3245 0.77238 3.5572 -0.76255 2.3994 3.5605 -0.9091 3.5067 4.5152 -1.3991 -0.71624 0.0050941 0.33237 -1.5114 -1.9167 0.034244 -1.5871 -3.4226 1.0229 0.71624 -0.0050941 -0.33237 1.2959 -1.9148 -0.98904 2.2266 -3.2738 -0.25557
1 18 276 0.050158 4.792 -0.59164 0.0087413 3.5417 -0.45128 -0.96332 3.5548 -0.30196 -2.4094 4.0423 0.28107 -3.2194 5.3259 0.55287 0.98079 3.5585 -0.60026 2.607 3.4624 -0.47759 3.7977 4.4041 -0.74793 -0.76935 0.023301 0.17621 -1.5056 -1.8519 -0.42048 -1.7342 -3.3211 0.59932 0.76935 -0.023301 -0.17621 1.5304 -1.8979 -0.74287 2.2258 -3.2267 0.25793
1 18 288 -0.073948 4.792 -0.58914 -0.085276 3.5417 -0.44323 -1.005 3.5548 -0.095081 -2.2983 4.0423 0.77587 -3.0341 5.3259 1.2101 0.83456 3.5585 -0.79106 2.4507 3.4624 -1.0092 3.5592 4.4041 -1.5212 -0.7159 0.023301 0.33232 -1.5601 -1.8519 -0.098266 -1.5717 -3.3211 0.94677 0.71591 -0.023301 -0.33232 1.3425 -1.8979 -1.0448 2.2308 -3.2267 -0.21047
1 19 276 0.053267 4.7813 -0.69377 0.0029542 3.5332 -0.5272 -0.96881 3.5557 -0.37709 -2.4775 3.8797 0.15917 -3.3593 5.1256 0.37791 0.97485 3.5404 -0.67797 2.5858 3.2802 -0.60228 3.8225 4.1269 -0.96479 -0.76877 0.02253 0.17884 -1.5658 -1.7451 -0.63012 -1.7482 -3.1652 0.46583 0.76877 -0.02253 -0.17884 1.5129 -1.8653 -0.86054 2.1941 -3.1465 0.20971
1 19 288 -0.09214 4.7813 -0.68969 -0.10672 3.5332 -0.51629 -1.026 3.5557 -0.16742 -2.3903 3.8797 0.6708 -3.2073 5.1256 1.0681 0.81259 3.5404 -0.86584 2.4041 3.2802 -1.1267 3.5384 4.1269 -1.7384 -0.71479 0.02253 0.33477 -1.6626 -1.7451 -0.2908 -1.6131 -3.1652 0.81912 0.71479 -0.02253 -0.33477 1.3009 -1.8653 -1.1563 2.1897 -3.1465 -0.25105
1 26 276 0.018829 4.7337 -0.97974 -0.068525 3.4856 -0.79954 -1.0424 3.5171 -0.66591 -2.5831 3.4149 -0.13249 -3.8932 4.1857 0.12672 0.90541 3.4836 -0.9367 2.463 2.9972 -0.85997 3.8338 3.492 -1.3637 -0.76779 0.017431 0.18357 -1.5521 -1.7704 -0.59278 -1.8425 -3.2944 0.32591 0.76779 -0.017431 -0.18357 1.3918 -1.8828 -0.92198 2.055 -3.2613 0.032368
1 27 276 0.011711 4.723 -1.0488 -0.079361 3.4787 -0.84924 -1.0532 3.5066 -0.71459 -2.5939 3.4883 -0.17156 -3.8907 4.2803 0.090541 0.8943 3.4802 -0.9883 2.4781 3.0871 -0.91168 3.8137 3.6559 -1.4315 -0.76889 0.01708 0.17894 -1.5941 -1.7067 -0.69395 -1.8789 -3.2105 0.25915 0.76889 -0.01708 -0.17894 1.4379 -1.813 -1.0401 2.062 -3.1757 -0.038006
1 28 276 0.0050685 4.7097 -1.1105 -0.077804 3.4666 -0.89818 -1.0519 3.4941 -0.76468 -2.5914 3.4581 -0.21939 -3.8943 4.2513 0.0063186 0.89592 3.4684 -1.0368 2.4779 3.0686 -0.95748 3.7867 3.6634 -1.515 -0.76922 0.023125 0.17681 -1.6036 -1.6962 -0.69607 -1.9016 -3.2088 0.23889 0.76922 -0.023125 -0.17681 1.463 -1.7975 -1.0626 2.0746 -3.1744 -0.072081
