0 94 324 0.13447 4.8044 0.33251 0.065769 3.572 0.13462 0.61764 3.6063 -0.67879 1.3219 4.0482 -2.085 1.3399 5.5803 -2.2583 -0.4872 3.5675 0.94799 -1.237 3.9309 2.3531 -1.1267 5.4085 2.7798 0.43414 0.013351 -0.65943 0.77377 -2.0444 -0.40524 0.28608 -3.7466 -0.74531 -0.43414 -0.013351 0.65943 -0.24392 -2.0785 0.99579 -0.97063 -3.715 0.78433
0 95 324 0.11988 4.8169 0.27723 0.067147 3.5752 0.10645 0.6199 3.5982 -0.70675 1.5207 4.2965 -1.8771 1.6228 5.8252 -1.7034 -0.48634 3.582 0.91945 -0.96641 4.1301 2.3816 -0.55694 5.5803 2.7087 0.42793 0.010769 -0.66352 0.78564 -2.0434 -0.40519 0.30687 -3.7487 -0.74226 -0.42793 -0.01077 0.66352 -0.2304 -2.0753 0.99985 -0.94633 -3.7164 0.78779
0 97 312 0.064572 4.834 0.17763 0.067433 3.5752 0.096039 0.77904 3.566 -0.58285 2.1296 4.4478 -0.84205 2.2557 5.7892 -0.092079 -0.64427 3.6141 0.77377 -0.8239 4.2658 2.261 0.040009 5.4861 2.638 0.5557 0.0091467 -0.56091 0.87302 -2.0395 -0.21918 0.5033 -3.7526 -0.64275 -0.5557 -0.0091467 0.56091 -0.41052 -2.0706 0.93995 -1.0441 -3.7235 0.5973
0 98 312 0.068962 4.839 0.12556 0.08002 3.576 0.082585 0.79899 3.5582 -0.58833 2.2236 4.35 -0.4769 2.3813 5.5639 0.46075 -0.63875 3.6235 0.75226 -0.53058 4.2146 2.2714 0.54812 5.2522 2.642 0.56037 0.0064335 -0.55627 0.88329 -2.0407 -0.21093 0.52623 -3.7559 -0.63704 -0.56037 -0.006433 0.55627 -0.40612 -2.0662 0.94079 -1.0227 -3.727 0.60562
0 99 300 0.061137 4.8428 0.10571 0.079541 3.5784 0.092061 0.93201 3.5479 -0.39756 2.2623 4.1457 0.33848 2.2157 5.2284 1.4353 -0.77175 3.6385 0.58098 -0.75248 4.0849 2.1523 0.38248 4.9344 2.7588 0.66958 0.0030518 -0.41852 0.91249 -2.0429 -0.0068723 0.66505 -3.7581 -0.50462 -0.66958 -0.0030513 0.41852 -0.5909 -2.0608 0.83536 -1.1076 -3.7298 0.39007
0 100 288 0.062856 4.8437 0.1215 0.078141 3.5796 0.12028 1.0214 3.544 -0.15592 2.0471 3.8759 1.0715 1.7414 4.8274 2.2457 -0.86341 3.6451 0.39697 -1.0166 3.8713 2.0076 0.05897 4.5464 2.8822 0.74662 0.00036192 -0.257 0.89292 -2.0435 0.20713 0.76904 -3.7572 -0.33963 -0.74662 -0.0003624 0.257 -0.75642 -2.0535 0.70284 -1.1491 -3.7307 0.1703
0 100 300 0.086743 4.8437 0.10577 0.10144 3.5796 0.1014 0.9667 3.544 -0.36488 2.2252 3.8759 0.62245 2.1702 4.8274 1.8346 -0.76201 3.6451 0.56781 -0.57698 3.8713 2.1751 0.65693 4.5464 2.807 0.67687 0.00036192 -0.40662 0.91647 -2.0435 0.016957 0.68162 -3.7572 -0.4921 -0.67687 -0.0003624 0.40662 -0.59376 -2.0535 0.84476 -1.0886 -3.7307 0.40549
0 101 288 0.085925 4.8428 0.15147 0.098861 3.5795 0.15213 1.0444 3.5415 -0.11596 1.9501 3.5686 1.2434 1.6253 4.3776 2.5153 -0.84472 3.6473 0.42123 -0.89772 3.609 2.0536 0.21295 4.1247 2.9906 0.75031 -0.001101 -0.24603 0.89781 -2.0428 0.22726 0.78188 -3.7554 -0.32464 -0.75031 0.001101 0.24603 -0.75698 -2.0471 0.71402 -1.1344 -3.7294 0.18635
1 7 120 0.74447 4.6386 1.1157 0.63423 3.4036 0.87247 1.4751 3.3878 0.36258 2.2278 2.47 -0.75995 3.5522 2.485 -1.5494 -0.20352 3.4489 1.3858 -1.5487 2.5505 1.6141 -2.7159 2.6083 2.6201 0.65148 -0.015726 -0.44589 1.1992 -1.908 0.28468 0.88818 -3.5561 -0.37691 -0.65148 0.015726 0.44589 -0.39366 -1.8787 1.3171 -0.86265 -3.4456 0.55828
1 8 120 0.68864 4.672 0.9812 0.59339 3.4308 0.77026 1.4355 3.4113 0.26245 2.2797 2.6735 -0.92565 3.5554 2.935 -1.7514 -0.2461 3.48 1.2803 -1.6735 2.7236 1.5239 -2.8563 2.9853 2.4779 0.64853 -0.018736 -0.45007 1.1988 -1.9796 0.066025 1.0911 -3.6938 -0.48259 -0.64853 0.018736 0.45007 -0.54005 -1.9325 1.2217 -1.044 -3.5689 0.65698
1 9 132 0.81943 4.6876 0.75926 0.69163 3.444 0.58692 1.4035 3.4251 -0.091485 2.0417 2.903 -1.5018 3.0347 3.3834 -2.5792 -0.017707 3.4925 1.2665 -1.4392 2.9011 1.8126 -2.4052 3.3318 2.9347 0.53917 -0.015308 -0.57668 1.1635 -2.0005 -0.28758 1.1077 -3.7057 -0.87074 -0.53917 0.015309 0.57668 -0.41408 -1.9609 1.279 -1.1006 -3.5913 0.93075
1 10 132 0.75648 4.7002 0.73282 0.63029 3.4564 0.56911 1.3392 3.4391 -0.11245 1.9826 3.1369 -1.5833 2.8864 3.8191 -2.63 -0.076526 3.5035 1.2514 -1.5582 3.0708 1.7865 -2.5019 3.6407 2.8646 0.54251 -0.0076876 -0.57369 1.17 -2.0058 -0.40607 1.2332 -3.6825 -1.0661 -0.54251 0.0076876 0.57369 -0.56465 -1.9664 1.2926 -1.3406 -3.565 0.98728
1 13 144 0.66017 4.7503 0.45365 0.52529 3.5053 0.33543 1.0851 3.49 -0.47311 1.3807 3.7213 -2.063 1.774 4.7959 -3.0966 -0.033617 3.5505 1.1435 -1.3918 3.4249 2.0425 -2.0653 4.2425 3.163 0.40929 0.0021982 -0.67526 1.0059 -1.9763 -1.0546 0.97782 -3.5629 -1.9107 -0.40929 -0.0021982 0.67526 -0.55371 -1.9114 1.5403 -1.597 -3.3776 1.654
1 14 144 0.57975 4.7625 0.40293 0.46391 3.515 0.29825 1.0221 3.4989 -0.51143 1.3491 3.8463 -2.0738 1.667 4.9887 -3.0595 -0.093891 3.5608 1.107 -1.4403 3.4926 2.0297 -2.0655 4.363 3.1383 0.40719 0.0029078 -0.67653 1.0235 -1.9637 -1.085 0.89665 -3.5436 -1.9446 -0.40719 -0.0029073 0.67653 -0.58636 -1.9137 1.5316 -1.6597 -3.3524 1.7014
1 15 144 0.51319 4.7698 0.36821 0.41693 3.5196 0.2764 0.97014 3.5055 -0.53669 1.3321 3.9556 -2.0648 1.6292 5.147 -2.9975 -0.13645 3.5634 1.0883 -1.4524 3.5321 2.0557 -2.0646 4.4405 3.141 0.40014 0.0062594 -0.68069 1.0605 -1.9507 -1.0662 0.86255 -3.5419 -1.8905 -0.40014 -0.006259 0.68069 -0.55025 -1.9224 1.5294 -1.6469 -3.3419 1.7111
1 16 144 0.46603 4.7762 0.3482 0.38444 3.5249 0.25535 0.93002 3.5189 -0.56298 1.3343 4.0487 -2.0545 1.6384 5.2851 -2.9243 -0.16166 3.5607 1.0726 -1.4398 3.5656 2.0899 -2.051 4.5016 3.152 0.38849 0.005724 -0.68741 1.0925 -1.9486 -1.0025 0.76547 -3.5216 -1.8209 -0.38849 -0.0057244 0.68741 -0.47694 -1.9272 1.5326 -1.6057 -3.3277 1.6571
1 17 144 0.43598 4.7841 0.35685 0.36417 3.5332 0.24976 0.90433 3.5389 -0.57217 1.3645 4.0966 -2.037 1.6727 5.3685 -2.8525 -0.17665 3.5572 1.0709 -1.4068 3.5605 2.1458 -2.0147 4.5152 3.1931 0.38409 0.0050941 -0.68989 1.2026 -1.9167 -0.91608 0.68274 -3.4226 -1.7604 -0.38409 -0.0050941 0.68989 -0.46709 -1.9148 1.5619 -1.6511 -3.2738 1.5155
1 18 144 0.40612 4.792 0.43316 0.32952 3.5417 0.30846 0.86899 3.5548 -0.51383 1.4033 4.0423 -1.9786 1.7433 5.3259 -2.7624 -0.2102 3.5585 1.1305 -1.3895 3.4624 2.2569 -1.9853 4.4041 3.3227 0.38385 0.023301 -0.68965 1.3199 -1.8519 -0.8375 0.715 -3.3211 -1.6897 -0.38385 -0.023301 0.68965 -0.47196 -1.8979 1.6344 -1.681 -3.2267 1.4815
1 19 144 0.47993 4.7813 0.50381 0.38981 3.5332 0.35496 0.92849 3.5557 -0.46764 1.5395 3.8797 -1.9477 1.967 5.1256 -2.7493 -0.14847 3.5404 1.1781 -1.2827 3.2802 2.3247 -1.8408 4.1269 3.4862 0.3815 0.02253 -0.69098 1.516 -1.7451 -0.74199 0.82357 -3.1652 -1.6108 -0.3815 -0.02253 0.69098 -0.37281 -1.8653 1.7001 -1.624 -3.1465 1.4902
1 20 144 0.45856 4.7851 0.54152 0.36085 3.5387 0.37763 0.90516 3.5651 -0.44114 1.5716 3.7278 -1.9237 2.1284 4.8529 -2.8191 -0.1826 3.5421 1.1974 -1.2525 3.1237 2.3589 -1.8072 3.7809 3.6388 0.39446 0.025454 -0.68356 1.5184 -1.7494 -0.71739 0.83337 -3.1782 -1.5777 -0.39446 -0.025454 0.68356 -0.32588 -1.8482 1.7262 -1.5583 -3.1411 1.4802
1 21 144 0.39348 4.7897 0.57886 0.31153 3.5422 0.40998 0.86159 3.5754 -0.4047 1.5724 3.6035 -1.8753 2.217 4.5548 -2.9036 -0.23776 3.5388 1.2258 -1.2521 3.0017 2.3883 -1.8392 3.4597 3.7386 0.39804 0.042914 -0.6806 1.4373 -1.7826 -0.72252 0.83347 -3.2514 -1.5763 -0.39804 -0.042914 0.6806 -0.34155 -1.9055 1.6512 -1.5577 -3.2254 1.4798
1 26 132 0.56064 4.7337 0.80369 0.5254 3.4856 0.60657 1.2348 3.5171 -0.074002 2.1677 3.4149 -1.4111 3.0752 4.1857 -2.3909 -0.18192 3.4836 1.29 -1.4872 2.9972 2.1435 -2.3001 3.492 3.3567 0.51325 0.017431 -0.59981 1.6041 -1.7704 -0.43274 1.2991 -3.2944 -1.3467 -0.51325 -0.017431 0.59981 -0.58403 -1.8828 1.564 -1.6816 -3.2613 1.1817
1 28 132 0.64865 4.7097 0.90141 0.59088 3.4666 0.68091 1.3004 3.4941 0.00037069 2.2254 3.4581 -1.3457 3.1469 4.2513 -2.2941 -0.1154 3.4684 1.3654 -1.4418 3.0686 2.2311 -2.173 3.6634 3.4514 0.51839 0.023125 -0.59518 1.7065 -1.6962 -0.37944 1.398 -3.2088 -1.311 -0.51839 -0.023125 0.59518 -0.55905 -1.7975 1.7196 -1.636 -3.1744 1.2777
1 29 132 0.63837 4.723 0.85036 0.57286 3.477 0.64409 1.2769 3.5047 -0.042099 2.207 3.2867 -1.3673 3.2299 3.9784 -2.2909 -0.12807 3.4787 1.3341 -1.4159 2.9165 2.1672 -2.1175 3.4099 3.4486 0.51397 0.019869 -0.59912 1.5579 -1.7982 -0.46011 1.3448 -3.3454 -1.361 -0.51397 -0.019869 0.59912 -0.60217 -1.8871 1.5583 -1.6545 -3.3118 1.221
1 30 132 0.61575 4.7276 0.81424 0.55745 3.4778 0.62925 1.257 3.5006 -0.061738 2.1689 3.0126 -1.3263 3.3303 3.47 -2.2316 -0.1395 3.4845 1.3232 -1.3449 2.6909 2.0887 -2.0383 2.9379 3.4437 0.5197 0.018315 -0.5942 1.3237 -1.9221 -0.54373 1.2124 -3.5071 -1.3961 -0.5197 -0.018315 0.5942 -0.62501 -1.9892 1.3144 -1.6566 -3.4572 1.1365
2 2 288 0.9894 3.386 3.2983 0.74584 2.6228 2.3201 1.6908 2.5858 2.0499 1.6023 2.6451 0.41973 2.0847 1.9737 -0.88189 -0.19142 2.6772 2.6133 -1.2467 2.8408 1.377 -2.6179 2.4453 0.79295 0.74544 0.015066 -0.25998 1.0074 -1.8052 0.75599 0.68149 -3.429 0.043158 -0.74544 -0.015066 0.25998 -0.50549 -1.8574 1.2411 -0.79026 -3.3763 0.31234
2 3 288 1.025 3.1577 3.5121 0.77885 2.4443 2.498 1.7242 2.4053 2.2296 1.5784 2.5639 0.6102 1.9841 2.0048 -0.76837 -0.15866 2.4995 2.7902 -1.1468 2.7147 1.5073 -2.4732 2.34 0.81587 0.74939 0.014306 -0.2484 1.0217 -1.7571 0.84805 0.68557 -3.3483 0.069629 -0.74939 -0.014306 0.2484 -0.4871 -1.8078 1.3109 -0.78006 -3.2925 0.33068
2 4 288 1.0598 2.9497 3.6837 0.81451 2.2762 2.6429 1.7603 2.2324 2.3767 1.5713 2.4214 0.76505 1.9147 1.9191 -0.65178 -0.12327 2.3353 2.9335 -1.0523 2.5215 1.6027 -2.3251 2.1105 0.83546 0.75145 0.01072 -0.24228 1.0292 -1.7051 0.938 0.68717 -3.256 0.084453 -0.75145 -0.01072 0.24228 -0.47361 -1.7526 1.3838 -0.7683 -3.192 0.33883
2 5 288 1.0745 2.7986 3.799 0.83247 2.1446 2.7458 1.7787 2.0931 2.4826 1.563 2.2399 0.86995 1.8613 1.7 -0.54327 -0.10568 2.2108 3.0337 -0.99024 2.2949 1.6628 -2.1971 1.7347 0.88357 0.75254 0.010496 -0.23891 1.0287 -1.6485 1.0204 0.68214 -3.1458 0.077526 -0.75254 -0.010496 0.23891 -0.46514 -1.6942 1.4624 -0.76151 -3.0721 0.33799
2 6 288 1.0833 2.7106 3.8614 0.85314 2.0625 2.8025 1.8013 2.0064 2.5472 1.5793 2.0068 0.92875 1.8474 1.3195 -0.42531 -0.08704 2.133 3.0826 -0.94576 2.0216 1.6973 -2.0642 1.2245 0.99639 0.75185 0.0067756 -0.2412 1.0317 -1.5877 1.0981 0.68686 -3.0171 0.054645 -0.75185 -0.0067759 0.2412 -0.46399 -1.6419 1.5287 -0.77293 -2.9469 0.32354
2 7 288 1.076 2.7171 3.8576 0.86671 2.0506 2.8064 1.8188 1.992 2.5669 1.6162 1.7159 0.9696 1.8741 0.78388 -0.23146 -0.077815 2.1239 3.0708 -0.9223 1.7171 1.7329 -1.905 0.6437 1.2231 0.75215 -0.0050759 -0.2403 1.0355 -1.5194 1.1883 0.70731 -2.8623 0.030741 -0.75215 0.0050757 0.24029 -0.47811 -1.5943 1.5749 -0.80057 -2.8258 0.29804
2 67 276 0.27513 3.0711 3.7246 0.27511 2.2381 2.783 1.2567 2.1827 2.7549 1.5339 0.57341 2.7989 1.8114 0.045649 4.2209 -0.70437 2.3102 2.8357 -1.031 0.72285 3.0411 -0.89551 0.16178 4.4709 0.78579 -0.014904 -0.076199 0.83976 -1.5057 1.4033 0.7869 -2.5751 -0.047455 -0.78579 0.014904 0.076199 -0.92242 -1.5822 1.4345 -0.88718 -2.5453 -0.089318
