0 4 240 0.58443 4.8022 0.27461 0.3445 3.5659 0.15732 0.99583 3.4677 -0.5731 1.5684 2.5219 -1.7757 2.7836 2.8389 -2.6704 -0.30062 3.6931 0.88875 -0.34387 2.5689 2.0732 0.60785 2.412 3.2762 0.68325 -0.042154 -0.39357 1.0124 -1.8364 0.64879 1.2719 -3.6162 0.52162 -0.68325 0.042153 0.39357 -0.70846 -2.0309 0.05254 -0.84191 -3.5013 -0.98226
0 5 228 0.6113 4.7961 0.30806 0.34556 3.5641 0.19251 1.0206 3.4598 -0.51519 1.5158 2.5532 -1.7807 2.6499 2.901 -2.7658 -0.32292 3.6976 0.90152 -0.31356 2.5585 2.0725 0.7216 2.4184 3.2068 0.72613 -0.047015 -0.30663 0.88086 -1.8202 0.80966 1.1523 -3.6019 0.75543 -0.72613 0.047015 0.30663 -0.68586 -2.0158 -0.090179 -0.61798 -3.4745 -1.1477
0 6 216 0.61424 4.7888 0.37986 0.33098 3.5613 0.25253 1.0369 3.4635 -0.42531 1.4679 2.5874 -1.735 2.5199 2.9631 -2.798 -0.36837 3.6881 0.93238 -0.3026 2.5372 2.09 0.8006 2.421 3.161 0.75976 -0.047612 -0.20976 0.71671 -1.7985 0.95073 0.98524 -3.5814 0.9662 -0.75976 0.047612 0.20976 -0.64422 -2.0086 -0.20609 -0.36493 -3.4515 -1.2506
0 7 192 0.50006 4.7798 0.57501 0.2386 3.5579 0.37065 1.0997 3.4632 -0.095008 1.7492 2.6214 -1.3354 2.9499 3.0146 -2.2194 -0.61672 3.6815 0.84021 -0.73674 2.5226 1.9853 0.18581 2.4391 3.218 0.78582 -0.050315 0.058709 0.29307 -1.7775 1.1488 0.52236 -3.5613 1.2764 -0.78582 0.050314 -0.058709 -0.51119 -2.0005 -0.42324 0.17184 -3.4268 -1.2894
0 23 216 0.20896 4.7869 0.68509 -0.0032097 3.5542 0.48762 0.84439 3.5279 -0.010629 1.4041 2.5808 -1.2183 2.6117 2.7617 -2.1599 -0.84664 3.6096 0.99053 -0.25635 2.5695 2.1034 1.2256 2.5973 2.5284 0.78962 0.00053406 -0.00014507 0.61002 -1.8119 1.0474 0.89512 -3.5922 1.0459 -0.78962 -0.0005343 0.00014455 -0.8646 -2.0989 -0.073398 -0.43702 -3.5035 -1.1199
0 24 228 0.24478 4.7913 0.66629 0.040637 3.5559 0.476 0.87298 3.5337 -0.047518 1.4177 2.5973 -1.2703 2.636 2.79 -2.1957 -0.78753 3.6074 1.0041 -0.23492 2.5823 2.1498 1.179 2.5718 2.7649 0.78742 -0.0019205 -0.058905 0.77102 -1.8372 0.96367 1.0745 -3.6106 0.84553 -0.78742 0.0019205 0.058905 -0.91184 -2.0954 0.072419 -0.67391 -3.5279 -0.99635
0 32 324 0.49249 4.8134 0.33685 0.27567 3.5693 0.23949 0.85057 3.5421 -0.55808 1.7145 2.5543 -1.531 3.2355 2.5464 -1.7842 -0.29428 3.6258 1.0391 -0.42906 2.817 2.452 0.016548 2.8088 3.9281 0.49852 0.0043416 -0.61233 1.0962 -1.9993 -0.40661 0.69479 -3.6754 -0.93624 -0.49852 -0.0043421 0.61233 -0.2316 -2.0199 1.142 -0.9544 -3.6624 0.96667
0 33 336 0.50231 4.8154 0.29627 0.28836 3.5703 0.20542 0.82539 3.547 -0.61824 1.7347 2.5305 -1.5174 3.2708 2.48 -1.6428 -0.2438 3.623 1.0309 -0.48899 2.8551 2.4518 -0.12377 2.8826 3.9496 0.42232 0.0069962 -0.66715 0.98428 -2.0149 -0.56447 0.46758 -3.677 -1.0349 -0.42232 -0.0069962 0.66715 -0.059518 -2.0121 1.1794 -0.76224 -3.6724 1.16
0 37 12 0.47386 4.8175 0.29312 0.28795 3.5708 0.17343 0.86793 3.548 -0.62059 2.0015 2.4328 -0.99486 3.3989 2.3028 -0.35601 -0.28759 3.623 0.96929 -1.1838 2.8956 2.1253 -1.5707 3.0296 3.6119 0.25183 0.026108 -0.74793 0.54049 -2.0531 -0.83676 -0.25503 -3.6589 -1.0352 -0.25183 -0.026107 0.74793 0.48422 -1.9566 1.1297 0.031325 -3.669 1.4665
0 38 24 0.45298 4.8187 0.28488 0.27268 3.5727 0.15445 0.82729 3.5538 -0.65759 1.9559 2.4149 -0.97043 3.2915 2.284 -0.21092 -0.27764 3.6212 0.96819 -1.2329 2.8648 2.0564 -1.7139 3.0196 3.5132 0.17596 0.031559 -0.76912 0.3653 -2.0581 -0.87841 -0.4893 -3.6441 -0.95041 -0.17596 -0.031559 0.76912 0.66577 -1.9382 1.0349 0.32667 -3.6637 1.4328
0 41 48 0.39485 4.8062 0.39229 0.25131 3.5715 0.17403 0.87322 3.5718 -0.58793 1.9688 2.3622 -0.51433 2.8308 2.2593 0.76002 -0.36715 3.6007 0.93825 -1.6008 2.7397 1.575 -2.5505 2.8322 2.7863 0.081138 0.047052 -0.78403 0.030632 -2.053 -0.82266 -0.87646 -3.6009 -0.64317 -0.081138 -0.047052 0.78403 0.94943 -1.878 0.77937 0.8726 -3.6349 1.1771
0 43 60 0.36882 4.7911 0.43493 0.24762 3.5721 0.15135 0.91136 3.5874 -0.5743 1.9103 2.347 -0.21061 2.2738 2.2763 1.2862 -0.41323 3.5863 0.87966 -1.7416 2.6691 1.1308 -2.9771 2.5983 2.0506 0.02131 0.046121 -0.78798 -0.10766 -2.0509 -0.79191 -1.0131 -3.5737 -0.45653 -0.02131 -0.046121 0.78798 1.0537 -1.8424 0.60965 1.0862 -3.6119 0.95432
0 44 60 0.32914 4.7818 0.46969 0.24377 3.572 0.14739 0.97914 3.5969 -0.50528 1.8591 2.35 0.077599 1.8101 2.299 1.6179 -0.48925 3.5767 0.80315 -1.8397 2.6576 0.78089 -3.2375 2.4578 1.4005 0.060899 0.040276 -0.78624 -0.086661 -2.0555 -0.79962 -1.0209 -3.5619 -0.46986 -0.0609 -0.040276 0.78624 1.0324 -1.8276 0.62977 1.079 -3.6014 0.9495
0 104 300 0.25178 4.8306 0.2501 0.22332 3.571 0.23705 1.0963 3.4996 -0.21046 1.89 2.5927 0.89233 2.0604 2.8882 2.3961 -0.64578 3.6718 0.68633 -0.32408 2.8812 2.0792 0.9244 2.8474 2.9836 0.69041 -0.0063686 -0.38313 0.94519 -2.0445 0.059081 0.72115 -3.7506 -0.4794 -0.69041 0.0063686 0.38313 -0.58772 -2.0379 0.8572 -1.0435 -3.727 0.42109
0 105 300 0.27462 4.8283 0.26695 0.24239 3.569 0.24712 1.1151 3.4944 -0.20031 1.7905 2.3731 0.77695 2.0301 2.4471 2.2984 -0.62633 3.6731 0.69642 -0.36729 2.6799 1.9673 0.82772 2.4757 2.9202 0.69248 -0.0089393 -0.37932 0.94377 -2.0483 0.059182 0.72148 -3.7506 -0.49195 -0.69248 0.0089388 0.37932 -0.58954 -2.0371 0.84567 -1.0433 -3.726 0.40676
1 32 144 0.92455 4.6708 0.83116 0.79826 3.4259 0.64307 1.33 3.4613 -0.1836 1.7269 2.459 -1.411 2.843 2.2151 -2.4466 0.27076 3.4198 1.4732 -0.65619 2.2658 2.1643 -0.94717 1.7836 3.5997 0.38961 0.034796 -0.68592 1.0494 -1.9584 -0.60848 0.68 -3.6289 -1.1778 -0.38961 -0.034796 0.68592 -0.10407 -2.0421 1.2367 -1.0663 -3.5649 1.1574
1 34 132 0.90213 4.6012 1.1868 0.79138 3.3731 0.90969 1.5035 3.4174 0.23267 1.7672 2.0687 -0.65059 2.8848 1.1538 -1.1908 0.08419 3.3574 1.5931 -0.74211 1.9589 1.7668 -1.139 0.909 2.824 0.51972 0.033298 -0.59353 1.0344 -1.9403 -0.089273 0.48986 -3.6002 -0.53547 -0.51972 -0.033298 0.59353 0.019492 -1.977 1.1814 -0.70308 -3.4762 0.48788
1 36 120 0.80945 4.5314 1.4912 0.72283 3.3206 1.143 1.5691 3.3474 0.64253 1.6016 1.834 0.028221 2.3983 0.52035 -0.10307 -0.1188 3.322 1.6519 -0.67048 1.8015 1.4231 -1.0472 0.46958 2.1026 0.63395 0.017815 -0.47041 0.93184 -1.8985 0.33781 0.40199 -3.4775 -0.3529 -0.63395 -0.017815 0.47041 0.053969 -1.8877 1.1371 -0.52735 -3.3344 0.23153
1 38 108 0.69371 4.3646 1.9388 0.64858 3.1694 1.5399 1.574 3.1772 1.2069 1.4439 1.6515 0.63763 1.9132 0.18523 0.72396 -0.27281 3.1892 1.8834 -0.61009 1.6651 1.4016 -0.89792 0.23491 1.9011 0.70476 0.01937 -0.35558 1.0177 -1.6222 0.91779 0.494 -3.0576 -0.0395 -0.70476 -0.019369 0.35558 -0.092832 -1.6941 1.467 -0.50005 -2.9581 0.24748
1 39 108 0.67345 4.3965 1.9013 0.61136 3.2089 1.4819 1.5352 3.2128 1.1445 1.4281 1.6814 0.58568 1.9021 0.2187 0.7011 -0.30814 3.2323 1.8302 -0.6697 1.6924 1.4222 -0.91534 0.27286 1.972 0.706 0.020119 -0.35307 1.0707 -1.5567 0.98669 0.49744 -2.9424 -0.014333 -0.706 -0.020119 0.35307 -0.12649 -1.6354 1.5652 -0.49571 -2.8449 0.28002
1 41 120 0.82828 4.5587 1.4024 0.70821 3.3431 1.0831 1.5381 3.3417 0.55526 1.5765 1.8073 -0.0041463 2.4497 0.54229 -0.12649 -0.11616 3.3727 1.6187 -0.65557 1.8336 1.5233 -0.93016 0.66073 2.4859 0.64524 0.0053382 -0.45512 1.1316 -1.7296 0.62546 0.43709 -3.1626 -0.22026 -0.64524 -0.0053382 0.45512 0.024367 -1.7536 1.4088 -0.50087 -3.0709 0.29541
1 43 132 0.82273 4.6858 0.90073 0.69117 3.4454 0.68954 1.3989 3.4469 0.0065626 1.6398 2.0194 -0.75055 2.7836 1.1728 -1.3442 -0.011968 3.4731 1.3767 -0.7067 2.0378 1.7317 -1.0071 1.3121 3.0587 0.54705 -0.0020561 -0.56942 1.0691 -1.9713 -0.055729 0.5154 -3.6086 -0.56904 -0.54704 0.0020561 0.56942 -0.10986 -1.9452 1.2262 -0.64852 -3.5193 0.53123
2 104 312 1.2617 4.4273 1.5265 0.98667 3.2615 1.1323 1.7094 3.2481 0.46528 1.3878 2.0069 -0.54711 1.6728 0.65314 -1.2281 0.27353 3.3015 1.8084 -0.62408 1.9978 1.4041 -1.0476 0.51517 1.4047 0.57721 0.015883 -0.53858 1.2375 -1.831 0.21471 0.83938 -3.4807 -0.39414 -0.57721 -0.015883 0.53858 0.015535 -1.9046 1.2427 -0.63425 -3.4545 0.58975
2 105 312 1.1595 4.4883 1.4247 0.91114 3.3055 1.0633 1.6331 3.2936 0.3955 1.3002 2.0766 -0.64227 1.5992 0.75382 -1.376 0.198 3.3446 1.7395 -0.6962 2.0431 1.3209 -1.1129 0.55857 1.3108 0.57937 0.016369 -0.53624 1.1884 -1.877 0.14094 0.80791 -3.5369 -0.45135 -0.57938 -0.016369 0.53624 -0.043811 -1.9474 1.1676 -0.67441 -3.5176 0.54501
2 106 312 1.0705 4.5401 1.3241 0.84837 3.3423 0.99385 1.5666 3.3338 0.32201 1.2406 2.1186 -0.71999 1.579 0.81308 -1.4675 0.13815 3.3785 1.6733 -0.72828 2.0535 1.2702 -1.1236 0.56314 1.2783 0.57833 0.014305 -0.53742 1.1461 -1.9131 0.076477 0.78149 -3.5815 -0.50192 -0.57833 -0.014305 0.53743 -0.10114 -1.9831 1.0946 -0.71326 -3.5712 0.49948
3 50 48 0.045064 4.8254 0.12883 0.19128 3.5728 0.16353 0.90752 3.5686 -0.51052 0.62349 2.2555 -1.4401 0.87557 0.75606 -1.6963 -0.52543 3.6067 0.83623 -0.44055 2.1822 1.6314 0.59955 2.7296 2.6295 0.65686 -0.017625 -0.43787 1.7664 -1.1829 0.91321 0.48849 -1.1329 -0.35777 -0.65686 0.017625 0.43787 -0.7628 -2.0023 -0.13026 -0.83744 -3.7304 -0.63944
3 51 48 0.019104 4.8275 0.10139 0.17026 3.5754 0.14008 0.87681 3.574 -0.54414 0.57712 2.3129 -1.5385 0.80392 0.82369 -1.8677 -0.53689 3.6066 0.82296 -0.34436 2.3293 1.8231 0.65777 3.0902 2.7144 0.65492 -0.020697 -0.44062 1.6737 -1.0089 1.1085 0.49131 -1.3128 -0.2183 -0.65492 0.020697 0.44063 -0.78792 -1.984 -0.174 -0.88492 -3.6989 -0.72232
3 70 84 -0.2353 4.8161 0.12527 0.018647 3.585 0.050436 0.35478 3.6271 -0.87293 1.7329 2.7749 -1.0807 2.9158 3.6351 -0.5923 -0.32042 3.5726 0.97361 -1.4489 2.3969 1.0879 -1.7921 1.0581 1.7716 0.10962 0.022611 -0.78165 -0.57054 -1.9446 -0.49585 -1.2306 -3.6041 -0.24829 -0.10962 -0.022611 0.78165 1.5301 -1.336 0.80488 0.94819 -3.0324 0.61953
4 17 300 0.60229 4.5489 1.5693 0.42705 3.3575 1.1788 1.286 3.3859 0.7005 1.4193 2.2284 -0.44452 2.0427 1.11 0.41466 -0.42688 3.3568 1.6668 -0.63851 1.7527 1.8922 0.40295 2.2795 2.8999 0.7066 0.039956 -0.35016 1.3087 -1.7234 0.62051 0.8058 -2.7447 -0.77769 -0.7066 -0.039955 0.35016 -0.091984 -2.0126 0.73109 -0.34984 -3.2337 -0.57023
4 18 300 0.55547 4.5588 1.5539 0.35958 3.3666 1.1747 1.2134 3.3917 0.68711 1.3114 2.3066 -0.53015 1.9993 1.1857 0.27487 -0.48909 3.3693 1.6718 -0.7178 1.7701 1.9149 0.33941 2.3381 2.883 0.72058 0.046396 -0.31954 1.2919 -1.6456 0.78726 1.1046 -3.0406 -0.33964 -0.72058 -0.046396 0.31954 -0.24668 -2.0856 0.49668 -0.50535 -3.2763 -0.83229
4 20 312 0.72443 4.5894 1.3658 0.43902 3.3953 1.0541 1.1702 3.4148 0.39658 0.96223 2.3437 -0.81926 1.917 1.2551 -0.28923 -0.28557 3.4039 1.7191 -0.56591 1.8072 1.9207 0.69734 2.2349 2.6946 0.6756 0.057014 -0.40474 1.2922 -1.738 0.49629 1.681 -3.4865 0.2893 -0.6756 -0.057014 0.40474 -0.55052 -2.1341 0.11412 -1.0684 -3.2796 -1.1784
4 21 312 0.64901 4.615 1.3083 0.36166 3.4188 1.0072 1.1079 3.4296 0.36665 0.92509 2.3163 -0.81483 1.9141 1.2454 -0.31203 -0.37829 3.4361 1.6549 -0.73714 1.8471 1.7766 0.52087 2.1387 2.6192 0.69533 0.056341 -0.36992 1.2853 -1.7827 0.4572 1.8236 -3.4994 0.57523 -0.69533 -0.05634 0.36992 -0.66371 -2.1131 -0.057739 -1.2146 -3.1828 -1.4006
4 23 324 0.67235 4.6439 1.151 0.35167 3.4406 0.9215 1.0413 3.4349 0.22028 0.8349 2.2375 -0.87161 1.9045 1.2054 -0.46137 -0.3311 3.4746 1.6286 -0.81711 1.9165 1.6979 0.52309 1.8992 2.4603 0.65576 0.07797 -0.43289 1.384 -1.7182 0.37806 1.7716 -3.4483 0.050152 -0.65576 -0.07797 0.43289 -0.5905 -2.1586 0.14799 -1.6006 -2.7368 -1.229
4 25 336 0.74197 4.6034 1.2422 0.38945 3.4086 1.0142 1.0484 3.3902 0.28425 1.0588 2.0951 -0.71144 2.1521 1.1559 -0.16323 -0.26131 3.455 1.7502 -0.95032 1.9806 1.608 0.27283 1.5673 2.451 0.58468 0.12762 -0.51514 1.438 -1.5895 0.34376 1.3797 -3.2179 -0.42813 -0.58468 -0.12762 0.51514 -0.13785 -2.1748 0.66861 -1.3986 -2.3417 -0.60952
4 26 336 0.63132 4.5918 1.3501 0.30105 3.4013 1.0726 1.0364 3.3882 0.41965 1.2327 2.0432 -0.48654 2.2717 1.2386 0.32013 -0.42668 3.4421 1.733 -1.2055 2.0479 1.389 -0.18221 1.5138 2.4114 0.6139 0.13716 -0.47729 1.3633 -1.6314 0.37404 1.188 -3.1791 -0.53427 -0.6139 -0.13716 0.47729 0.035359 -2.0767 0.95797 -1.0548 -2.2966 -0.46121
4 27 348 0.7965 4.5783 1.3273 0.46014 3.3855 1.0677 1.1522 3.374 0.36889 1.3308 2.0004 -0.49712 2.4541 1.4021 0.37354 -0.22378 3.4249 1.7734 -1.1278 2.1044 1.4451 -0.063983 1.5293 2.4018 0.54585 0.13895 -0.55339 1.2907 -1.7331 0.042224 0.83271 -3.2084 -0.88773 -0.54585 -0.13895 0.55339 0.39363 -1.9126 1.1745 -0.73023 -2.3907 -0.15189
4 28 348 0.63075 4.5743 1.4345 0.35147 3.3761 1.1351 1.1319 3.3722 0.5365 1.4657 1.9896 -0.26703 2.4557 1.5785 0.84139 -0.42214 3.408 1.7416 -1.3398 2.1413 1.2702 -0.42585 1.5424 2.3582 0.59064 0.14496 -0.50362 1.0905 -1.8569 -0.10716 0.61566 -3.2956 -1.0847 -0.59064 -0.14496 0.50362 0.43604 -1.7696 1.3526 -0.34644 -2.6178 -0.03277
4 66 108 0.61737 4.621 1.3119 0.37301 3.406 1.0537 1.0639 3.4506 0.35506 0.93883 2.2034 -0.69257 1.8939 1.5025 0.29444 -0.31182 3.3897 1.7594 -0.8787 1.8626 1.6354 0.45556 1.9376 2.4047 0.62351 0.099916 -0.47408 1.2022 -1.714 0.41429 1.1005 -3.4821 0.076233 -0.62351 -0.099916 0.47408 -0.40114 -2.1333 -0.005619 -1.3002 -2.6564 -1.4784
4 69 120 0.76653 4.5736 1.3494 0.45216 3.3711 1.1168 1.1798 3.3535 0.45527 1.3462 2.0222 -0.47674 2.2057 1.6541 0.74946 -0.2675 3.4166 1.7857 -1.1755 2.1108 1.4126 -0.049562 1.6377 2.3539 0.58903 0.12781 -0.51011 1.0683 -1.8071 0.15374 0.42384 -3.2434 -0.7253 -0.58903 -0.12781 0.51011 0.082094 -2.029 1.1013 -0.93469 -2.3333 -0.35625
5 19 300 0.70331 4.7616 0.60929 0.45998 3.5274 0.46264 1.1505 3.494 -0.23696 0.94308 2.025 -0.92094 1.5037 0.64007 -1.302 -0.22447 3.5897 1.1662 -0.49939 2.0049 1.4517 0.073991 0.807 2.2352 0.61224 -0.02099 -0.49822 1.3439 -1.7121 0.51126 1.6577 -3.4876 0.52687 -0.61224 0.02099 0.49822 -0.63565 -2.0626 0.22876 -1.3138 -3.4035 -0.76766
5 20 300 0.71142 4.7588 0.62033 0.45966 3.5261 0.47558 1.1607 3.4829 -0.21288 0.97761 2.0061 -0.88691 1.5501 0.62307 -1.2572 -0.23518 3.5981 1.1679 -0.61576 2.0229 1.3745 -0.17406 0.76233 2.1448 0.61824 -0.015228 -0.49096 1.3407 -1.709 0.52066 1.5733 -3.4962 0.46674 -0.61824 0.015228 0.49096 -0.68267 -2.0633 0.19112 -1.4065 -3.3546 -0.83821
5 22 312 0.83743 4.7555 0.46341 0.55366 3.5242 0.37739 1.1409 3.4625 -0.40922 0.91169 1.9613 -1.0115 1.4603 0.58059 -1.4242 -0.026484 3.6147 1.1664 -0.53067 2.0724 1.3563 -0.30289 0.68988 2 0.53632 -0.017689 -0.57926 1.372 -1.7619 0.24141 1.4274 -3.5508 0.02255 -0.53632 0.017689 0.57926 -0.6778 -2.0707 0.39759 -1.6659 -3.2335 -0.56285
5 23 312 0.85075 4.7465 0.51015 0.55726 3.518 0.41643 1.1874 3.4396 -0.33467 1.0234 1.9277 -0.93132 1.6196 0.55011 -1.2843 -0.065698 3.6252 1.17 -0.62078 2.0969 1.3283 -0.5753 0.68764 1.9525 0.56503 -0.014983 -0.55137 1.3281 -1.7976 0.25747 1.3233 -3.5792 -0.020086 -0.56503 0.014983 0.55137 -0.64001 -2.0842 0.50703 -1.6389 -3.1526 -0.54731
5 25 324 0.98063 4.7297 0.41058 0.64594 3.5093 0.35706 1.2086 3.4084 -0.44329 1.1186 1.8817 -1.0178 1.7696 0.52154 -1.3398 0.091403 3.6389 1.159 -0.53143 2.1445 1.3771 -0.54848 0.73233 1.9961 0.49559 -0.013777 -0.61458 1.2645 -1.8616 0.024703 1.0764 -3.6174 -0.33956 -0.49559 0.013777 0.61458 -0.33788 -2.0687 0.84459 -1.4987 -2.9888 -0.18334
5 26 324 0.99371 4.7244 0.44078 0.64495 3.5087 0.37551 1.2547 3.4003 -0.38858 1.296 1.8655 -0.94668 2.0073 0.52193 -1.2049 0.043631 3.6455 1.1417 -0.60986 2.1593 1.3225 -0.65508 0.75335 1.9541 0.52271 -0.018206 -0.59156 1.2253 -1.8904 0.053194 0.97382 -3.6245 -0.37156 -0.52271 0.018206 0.59156 -0.22999 -2.0298 0.9579 -1.3019 -3.0053 -0.1147
5 27 324 0.99178 4.7207 0.4788 0.63535 3.5081 0.39785 1.2929 3.3954 -0.32487 1.4628 1.8551 -0.84213 2.2387 0.53711 -1.0384 -0.013771 3.6493 1.1232 -0.67563 2.1623 1.2628 -0.72074 0.76386 1.9108 0.55064 -0.020438 -0.56558 1.1863 -1.9141 0.085748 0.87045 -3.619 -0.40897 -0.55064 0.020438 0.56558 -0.12651 -1.9738 1.0731 -1.0614 -3.082 0.0012613
5 28 324 0.97585 4.7187 0.52107 0.61774 3.508 0.42195 1.3161 3.393 -0.26103 1.592 1.8539 -0.7342 2.4476 0.5757 -0.84262 -0.07238 3.6515 1.1079 -0.72203 2.1554 1.1991 -0.76859 0.7636 1.8612 0.58012 -0.021387 -0.53525 1.1355 -1.9441 0.10429 0.76207 -3.6139 -0.46429 -0.58012 0.021388 0.53525 -0.048087 -1.9095 1.17 -0.80188 -3.1921 0.15138
5 29 324 0.93842 4.7211 0.56087 0.58685 3.5099 0.44621 1.3256 3.3961 -0.19299 1.6874 1.8626 -0.62487 2.626 0.6393 -0.62116 -0.14402 3.6523 1.0888 -0.76458 2.142 1.14 -0.80328 0.75603 1.8147 0.60753 -0.020052 -0.50398 1.0711 -1.977 0.1041 0.65123 -3.6107 -0.53287 -0.60753 0.020053 0.50398 -0.0038689 -1.8528 1.2403 -0.54081 -3.3107 0.32523
5 30 324 0.88945 4.7257 0.60292 0.55123 3.5128 0.46906 1.3269 3.4044 -0.12594 1.7622 1.8798 -0.5191 2.7704 0.7211 -0.38231 -0.21691 3.6497 1.0679 -0.79769 2.1228 1.0794 -0.83814 0.73852 1.7574 0.63035 -0.017991 -0.47522 0.99807 -2.0115 0.077136 0.53956 -3.6111 -0.61702 -0.63035 0.017991 0.47522 0.0088358 -1.8052 1.3009 -0.28435 -3.4123 0.538
5 31 324 0.82243 4.7318 0.64734 0.50323 3.5155 0.49825 1.3085 3.4165 -0.05778 1.8103 1.9032 -0.41395 2.8711 0.81787 -0.1412 -0.29506 3.6432 1.0584 -0.83877 2.103 1.029 -0.87793 0.71537 1.7002 0.64771 -0.011002 -0.4515 0.91924 -2.0418 0.013664 0.43402 -3.6173 -0.71671 -0.64771 0.011002 0.4515 -0.006173 -1.7704 1.3622 -0.063225 -3.483 0.80118
5 60 36 0.77809 4.7636 0.39938 0.45928 3.5421 0.31694 1.137 3.4808 -0.39319 1.0746 1.9896 -1.0573 1.7011 0.65598 -1.5119 -0.21254 3.6326 1.0296 -0.65633 2.0723 1.2227 -0.52612 0.69054 1.8946 0.5638 -0.018205 -0.55254 1.3073 -1.8085 0.25769 1.3629 -3.574 -0.10407 -0.5638 0.018205 0.55254 -0.52519 -2.0823 0.57521 -1.5779 -3.1307 -0.44642
5 62 48 0.89884 4.738 0.39154 0.52649 3.5305 0.33195 1.1839 3.4318 -0.39287 1.1612 1.936 -1.0493 1.781 0.5934 -1.4863 -0.12378 3.658 1.0588 -0.60561 2.1126 1.279 -0.36635 0.77085 2.0001 0.5401 -0.01193 -0.57589 1.2382 -1.8911 0.05313 1.1139 -3.6401 -0.36707 -0.5401 0.01193 0.57589 -0.35284 -2.0656 0.82676 -1.4379 -2.9591 -0.3025
5 63 48 0.90721 4.7311 0.45385 0.52813 3.5281 0.36331 1.2508 3.4281 -0.29632 1.3378 1.9243 -0.92865 2.028 0.58629 -1.2617 -0.18744 3.657 1.0257 -0.69798 2.1161 1.2089 -0.46248 0.80167 1.98 0.58332 -0.018999 -0.53186 1.1962 -1.9236 0.1092 1.0207 -3.6543 -0.36519 -0.58332 0.018999 0.53186 -0.30967 -2.028 0.91786 -1.2355 -2.9825 -0.29982
5 64 48 0.89253 4.7273 0.52013 0.51823 3.5254 0.39987 1.2941 3.4214 -0.19556 1.492 1.9085 -0.77932 2.2611 0.59035 -0.99985 -0.25069 3.6582 0.9986 -0.77455 2.1174 1.1404 -0.56971 0.82733 1.9598 0.6225 -0.021123 -0.48533 1.154 -1.9462 0.16736 0.92906 -3.6525 -0.36986 -0.6225 0.021123 0.48533 -0.27262 -1.9807 1.0189 -1.0117 -3.0641 -0.21829
5 66 60 0.9602 4.7213 0.43837 0.56891 3.5216 0.35458 1.3053 3.404 -0.28675 1.6206 1.8873 -0.80531 2.5329 0.65115 -0.93769 -0.15999 3.6679 0.99852 -0.64977 2.1189 1.1703 -0.37437 0.83401 1.9771 0.58875 -0.024172 -0.52563 1.0729 -1.9928 0.026059 0.6531 -3.6489 -0.55002 -0.58875 0.024171 0.52563 -0.0072347 -1.8876 1.1747 -0.5822 -3.2602 0.15676
5 67 60 0.92804 4.7216 0.49641 0.54161 3.5219 0.39044 1.3169 3.3999 -0.20227 1.7456 1.8891 -0.65245 2.7415 0.71191 -0.64757 -0.22635 3.6726 0.98616 -0.71597 2.1198 1.1189 -0.50513 0.8232 1.9264 0.62068 -0.021945 -0.48762 1.0167 -2.0136 0.051675 0.56753 -3.6488 -0.56077 -0.62068 0.021945 0.48762 -0.0026528 -1.8482 1.2189 -0.3722 -3.3493 0.29094
5 68 60 0.87655 4.7226 0.55912 0.50036 3.5217 0.43354 1.3122 3.4022 -0.10869 1.832 1.9 -0.48526 2.8944 0.79241 -0.33636 -0.30443 3.67 0.97916 -0.79456 2.1146 1.0765 -0.64054 0.8002 1.8678 0.64628 -0.014304 -0.45345 0.94977 -2.0349 0.035888 0.47841 -3.656 -0.59715 -0.64628 0.014304 0.45345 -0.011886 -1.8115 1.2771 -0.18559 -3.426 0.49362
5 69 60 0.8137 4.7276 0.60373 0.45131 3.5252 0.45827 1.2955 3.4155 -0.034333 1.8976 1.9249 -0.32429 2.9943 0.8782 -0.042385 -0.3864 3.6638 0.95468 -0.87636 2.1066 1.0161 -0.77886 0.77087 1.7803 0.66476 -0.0080657 -0.42607 0.88114 -2.0538 0.00099561 0.39214 -3.6624 -0.65033 -0.66476 0.0080652 0.42607 -0.02517 -1.7833 1.3185 -0.02575 -3.4767 0.69951
5 71 72 0.79767 4.7413 0.51756 0.44174 3.5335 0.40789 1.2206 3.4461 -0.18629 1.8725 1.9735 -0.46044 3.0739 1.0557 -0.15663 -0.33082 3.6498 1.0054 -0.79891 2.0876 1.1015 -0.66905 0.70629 1.7743 0.58533 0.0082359 -0.52993 0.70972 -2.0725 -0.26652 0.069133 -3.6687 -0.80744 -0.58533 -0.0082355 0.52992 0.26232 -1.7501 1.3434 0.34831 -3.5008 0.92079
6 1 96 0.94815 4.7103 0.51827 0.69467 3.4704 0.47926 1.4149 3.3443 -0.17851 1.3215 1.8001 -0.70343 2.0118 0.42141 -0.6882 -0.018719 3.6256 1.1383 -0.61152 2.1452 1.4933 -0.7201 0.88014 2.3682 0.55894 -0.012639 -0.55761 0.99416 -1.9976 -0.023895 0.95397 -3.7244 -0.54118 -0.55894 0.012639 0.55761 -0.017659 -1.9926 0.87466 -0.61709 -3.6856 0.71617
6 2 96 0.91044 4.7097 0.5964 0.66242 3.47 0.53327 1.426 3.3431 -0.073533 1.3775 1.8008 -0.61003 2.0661 0.424 -0.52058 -0.094184 3.6259 1.1421 -0.73556 2.1509 1.4278 -0.92358 0.89194 2.2981 0.59574 -0.011961 -0.51812 0.97836 -2.0096 0.0086608 0.89965 -3.7348 -0.50916 -0.59574 0.011961 0.51812 -0.098026 -1.9937 0.89754 -0.69011 -3.6823 0.67666
6 5 108 0.90488 4.7177 0.53966 0.66769 3.4757 0.4872 1.4044 3.3491 -0.15203 1.423 1.8051 -0.68537 2.2139 0.48342 -0.61289 -0.06202 3.6312 1.1281 -0.67464 2.135 1.3622 -0.84689 0.83068 2.1663 0.59294 -0.020075 -0.52107 0.90376 -2.0392 -0.030236 0.64497 -3.7483 -0.54307 -0.59294 0.020075 0.52107 -0.22793 -2.0202 0.86489 -0.72868 -3.6909 0.4076
6 6 108 0.86509 4.7207 0.56917 0.63247 3.4785 0.50916 1.3959 3.3448 -0.096322 1.4782 1.8024 -0.62828 2.3029 0.50313 -0.53056 -0.12395 3.6411 1.1164 -0.71773 2.1297 1.2943 -0.90412 0.80733 2.0653 0.62604 -0.021998 -0.48072 0.87824 -2.0475 0.017143 0.60449 -3.7502 -0.50903 -0.62604 0.021998 0.48072 -0.29207 -2.023 0.82844 -0.71719 -3.6908 0.29136
