C0
15 173 216 -0.87943 4.8761 0.75525 -0.7911 3.5929 0.64342 -0.22691 3.539 1.4952 -0.80699 1.9818 1.8508 -2.3186 2.3177 2.2693 -1.3626 3.676 -0.20112 -1.8353 2.0437 -0.19177 -3.028 2.3362 0.84014 0.51171 0.005435 0.64251 -0.30826 -1.9099 1.3028 0.29316 -3.6723 1.0788 -0.51171 -0.005435 -0.64251 -1.1461 -2.0463 -0.18524 -0.2851 -3.6269 -0.71265
15 171 204 -0.7724 4.9435 0.34766 -0.71929 3.6509 0.30698 -0.40799 3.6092 1.2807 -1.1143 2.0756 1.4731 -2.638 2.5723 1.4058 -1.0377 3.7225 -0.66271 -1.5244 2.0966 -0.74841 -2.932 2.5833 -0.15294 0.343 0.013372 0.74624 -0.38469 -2.0157 1.1072 0.12117 -3.8213 1.066 -0.343 -0.013373 -0.74624 -0.89189 -2.1162 -0.51472 -0.07962 -3.7799 -0.81526
15 171 216 -0.68324 4.9435 0.50066 -0.63974 3.6509 0.44982 -0.1328 3.6092 1.3376 -0.78369 2.0756 1.6726 -2.2881 2.5723 1.9236 -1.1528 3.7225 -0.43249 -1.6467 2.0966 -0.41511 -2.8998 2.5833 0.46001 0.49065 0.013372 0.65862 -0.14608 -2.0157 1.163 0.34014 -3.8213 1.0175 -0.49065 -0.013373 -0.65862 -0.97942 -2.1162 -0.31803 -0.24738 -3.7799 -0.78089
15 172 204 -0.90471 4.9103 0.45872 -0.82154 3.6217 0.39091 -0.48126 3.5723 1.3545 -1.1481 2.0227 1.5597 -2.7065 2.4021 1.5798 -1.1697 3.7007 -0.56791 -1.6319 2.0682 -0.66454 -3.0424 2.4243 0.011086 0.35389 0.0085979 0.74121 -0.47087 -1.9721 1.1578 0.092919 -3.7598 1.0944 -0.35389 -0.0085979 -0.74121 -0.97999 -2.085 -0.47008 -0.10688 -3.7147 -0.78572
15 172 216 -0.78956 4.9103 0.63679 -0.72231 3.6217 0.55317 -0.18912 3.5723 1.425 -0.79873 2.0227 1.7643 -2.3189 2.4021 2.1079 -1.2622 3.7007 -0.3123 -1.7344 2.0682 -0.31073 -2.9737 2.4243 0.6434 0.50026 0.0085979 0.65143 -0.21985 -1.9721 1.2304 0.31844 -3.7598 1.0512 -0.50026 -0.0085979 -0.65143 -1.0563 -2.085 -0.25606 -0.26791 -3.7147 -0.74632
15 173 204 -1.0172 4.8761 0.5559 -0.90759 3.5929 0.46488 -0.53283 3.539 1.4154 -1.1741 1.9818 1.6425 -2.7397 2.3177 1.7376 -1.291 3.676 -0.48003 -1.7554 2.0437 -0.56917 -3.1365 2.3362 0.19221 0.36694 0.005435 0.73486 -0.57238 -1.9099 1.2102 0.062457 -3.6723 1.1162 -0.36694 -0.005435 -0.73486 -1.0826 -2.0463 -0.41948 -0.1307 -3.6269 -0.75635
15 173 216 -0.87943 4.8761 0.75525 -0.7911 3.5929 0.64342 -0.22691 3.539 1.4952 -0.80699 1.9818 1.8508 -2.3186 2.3177 2.2693 -1.3626 3.676 -0.20112 -1.8353 2.0437 -0.19177 -3.028 2.3362 0.84014 0.51171 0.005435 0.64251 -0.30826 -1.9099 1.3028 0.29316 -3.6723 1.0788 -0.51171 -0.005435 -0.64251 -1.1461 -2.0463 -0.18524 -0.2851 -3.6269 -0.71265
C1
15 173 12 1.1106 4.8761 -0.33226 0.98441 3.5929 -0.26603 0.81546 3.539 -1.2737 1.49 1.9818 -1.3625 3.0411 2.3177 -1.13 1.163 3.676 0.73796 1.5987 2.0437 0.92169 3.108 2.3362 0.46411 -0.20614 0.005435 -0.79509 0.81149 -1.9099 -1.0648 0.17097 -3.6723 -1.1048 0.20614 -0.005435 0.79509 0.9717 -2.0463 0.6354 -0.029409 -3.6269 0.76699
15 171 12 0.8278 4.9435 -0.17947 0.76739 3.6509 -0.15072 0.66535 3.6092 -1.1679 1.3962 2.0756 -1.2092 2.8727 2.5723 -0.82664 0.8772 3.7225 0.86397 1.3355 2.0966 1.049 2.8362 2.5833 0.7592 -0.18035 0.013372 -0.80125 0.60648 -2.0157 -1.003 0.10311 -3.8213 -1.0679 0.18035 -0.013373 0.80125 0.76539 -2.1162 0.6889 -0.091623 -3.7799 0.814
15 172 12 0.98031 4.9103 -0.2606 0.88486 3.6217 -0.21156 0.75237 3.5723 -1.2249 1.4473 2.0227 -1.2869 2.9758 2.4021 -0.98252 1.0261 3.7007 0.7987 1.4581 2.0682 0.98931 2.9783 2.4243 0.62172 -0.19205 0.0085979 -0.79859 0.70131 -1.9721 -1.0346 0.13666 -3.7598 -1.0898 0.19205 -0.0085979 0.79859 0.86084 -2.085 0.66356 -0.058812 -3.7147 0.79077
15 173 0 1.1554 4.8761 -0.094092 1.0182 3.5929 -0.055542 1.0624 3.539 -1.0763 1.7407 1.9818 -1.023 3.2096 2.3177 -0.47303 0.98417 3.676 0.96364 1.3721 2.0437 1.2339 2.9436 2.3362 1.1002 -0.036326 0.005435 -0.82058 1.0151 -1.9099 -0.87279 0.39693 -3.6723 -1.0451 0.036326 -0.005435 0.82058 0.81836 -2.0463 0.82354 -0.18823 -3.6269 0.74412
15 173 12 1.1106 4.8761 -0.33226 0.98441 3.5929 -0.26603 0.81546 3.539 -1.2737 1.49 1.9818 -1.3625 3.0411 2.3177 -1.13 1.163 3.676 0.73796 1.5987 2.0437 0.92169 3.108 2.3362 0.46411 -0.20614 0.005435 -0.79509 0.81149 -1.9099 -1.0648 0.17097 -3.6723 -1.1048 0.20614 -0.005435 0.79509 0.9717 -2.0463 0.6354 -0.029409 -3.6269 0.76699
15 173 24 1.0172 4.8761 -0.5559 0.90759 3.5929 -0.46488 0.53283 3.539 -1.4154 1.1741 1.9818 -1.6425 2.7397 2.3177 -1.7376 1.291 3.676 0.48003 1.7554 2.0437 0.56917 3.1365 2.3362 -0.19221 -0.36694 0.005435 -0.73486 0.57238 -1.9099 -1.2102 -0.062457 -3.6723 -1.1162 0.36695 -0.005435 0.73486 1.0826 -2.0463 0.41948 0.1307 -3.6269 0.75635
15 174 0 1.2617 4.8456 -0.1376 1.0999 3.5686 -0.088845 1.1086 3.5114 -1.1103 1.7916 1.9556 -1.084 3.2772 2.3317 -0.61023 1.1023 3.6547 0.93066 1.5345 2.0313 1.1868 3.0921 2.3383 0.95749 -0.051126 0.0024753 -0.8198 1.1317 -1.8344 -0.87964 0.42678 -3.5639 -1.0516 0.051127 -0.0024753 0.8198 0.94118 -1.9986 0.82813 -0.16426 -3.5109 0.73436
15 174 12 1.2055 4.8456 -0.39692 1.0574 3.5686 -0.31558 0.8535 3.5114 -1.3166 1.5271 1.9556 -1.4328 3.0787 2.3317 -1.2783 1.2717 3.6547 0.68114 1.7477 2.0313 0.84177 3.2236 2.3383 0.29368 -0.22046 0.0024753 -0.79126 0.92412 -1.8344 -1.0957 0.19881 -3.5639 -1.1174 0.22046 -0.0024753 0.79126 1.0928 -1.9986 0.61435 -0.0079891 -3.5109 0.75247
15 174 24 1.0967 4.8456 -0.63889 0.96867 3.5686 -0.52853 0.56112 3.5114 -1.4652 1.1958 1.9556 -1.719 2.7457 2.3317 -1.8904 1.3856 3.6547 0.40184 1.8846 2.0313 0.46 3.2142 2.3383 -0.38297 -0.38015 0.0024753 -0.72813 0.67612 -1.8344 -1.2639 -0.037843 -3.5639 -1.1343 0.38015 -0.0024753 0.72813 1.1966 -1.9986 0.37372 0.14863 -3.5109 0.73768
C2
15 171 288 0.26502 4.9435 0.80451 0.23011 3.6509 0.74743 1.2311 3.6092 0.53963 1.3486 2.0756 1.2622 1.1224 2.5723 2.7705 -0.76755 3.7225 0.96271 -0.90365 2.0966 1.4378 -0.45858 2.5833 2.9 0.778 0.013372 -0.26312 1.0609 -2.0157 0.49831 1.0728 -3.8213 -0.0090781 -0.778 -0.013373 0.26312 -0.60512 -2.1162 0.8332 -0.81912 -3.7799 -0.0060342
15 167 288 -0.011341 5.0087 0.32436 0.038781 3.7126 0.37666 1.0524 3.7095 0.23778 1.2092 2.3654 1.2657 0.75798 3.4831 2.3241 -0.97371 3.7464 0.5199 -1.0791 2.2979 1.4024 -0.75318 3.49 2.425 0.78688 0.020961 -0.23468 1.0021 -2.0762 0.34193 1.0111 -3.9027 -0.084284 -0.78688 -0.020961 0.23468 -0.64774 -2.1593 0.66458 -0.88852 -3.8694 -0.067249
15 167 300 0.056345 5.0087 0.31963 0.11625 3.7126 0.36037 1.0789 3.7095 0.013774 1.4459 2.3654 0.98669 1.2246 3.4831 2.1157 -0.84434 3.7464 0.71098 -0.76394 2.2979 1.5961 -0.23254 3.49 2.5286 0.7209 0.020961 -0.39315 1.0512 -2.0762 0.12612 0.97147 -3.9027 -0.29266 -0.7209 -0.020961 0.39315 -0.49541 -2.1593 0.78473 -0.88308 -3.8694 0.11895
15 168 288 0.049855 5.001 0.41132 0.072863 3.7051 0.44432 1.0838 3.6826 0.28827 1.2134 2.2672 1.2198 0.79632 3.2435 2.4223 -0.93612 3.7582 0.60539 -1.0568 2.2334 1.3461 -0.7077 3.257 2.5308 0.78537 0.02002 -0.23978 1.0068 -2.071 0.35643 1.024 -3.8971 -0.071224 -0.78537 -0.02002 0.23978 -0.64017 -2.156 0.67924 -0.87381 -3.864 -0.059847
15 168 300 0.13428 5.001 0.39197 0.16365 3.7051 0.41946 1.12 3.6826 0.056644 1.4405 2.2672 0.94087 1.2825 3.2435 2.2038 -0.78979 3.7582 0.78679 -0.75382 2.2334 1.5364 -0.16607 3.257 2.6226 0.71835 0.02002 -0.39783 1.0589 -2.071 0.13931 0.98685 -3.8971 -0.28258 -0.71835 -0.02002 0.39783 -0.48496 -2.156 0.7975 -0.86716 -3.864 0.12314
15 169 288 0.12252 4.9875 0.52882 0.12341 3.6921 0.53455 1.1313 3.6599 0.36161 1.2452 2.1904 1.2075 0.8786 3.0078 2.5381 -0.88203 3.7547 0.71334 -1.0081 2.1758 1.329 -0.64754 3.0188 2.6452 0.78333 0.016747 -0.24661 1.0158 -2.0617 0.38794 1.0356 -3.8834 -0.058022 -0.78333 -0.016748 0.24661 -0.63681 -2.1487 0.70496 -0.85281 -3.8523 -0.049305
15 169 300 0.22979 4.9875 0.49179 0.23186 3.6921 0.49721 1.1818 3.6599 0.1185 1.4691 2.1904 0.9222 1.3871 3.0078 2.2999 -0.71445 3.7547 0.88114 -0.70979 2.1758 1.5096 -0.083428 3.0188 2.722 0.71494 0.016747 -0.40409 1.0743 -2.0617 0.16827 1.0009 -3.8834 -0.27207 -0.71494 -0.016748 0.40409 -0.47633 -2.1487 0.82195 -0.84443 -3.8523 0.12908
15 170 288 0.19309 4.9683 0.66256 0.17968 3.6736 0.63874 1.1849 3.6399 0.45088 1.2966 2.1315 1.2255 0.99246 2.7803 2.6607 -0.82276 3.7375 0.83322 -0.95161 2.1279 1.3627 -0.56356 2.786 2.7731 0.78088 0.014057 -0.25442 1.0358 -2.0442 0.43501 1.0568 -3.8606 -0.031911 -0.78088 -0.014057 0.25442 -0.62391 -2.1345 0.76015 -0.83678 -3.8227 -0.028912
15 170 300 0.32663 4.9683 0.60794 0.30856 3.6736 0.58742 1.2527 3.6399 0.19469 1.5231 2.1315 0.92919 1.524 2.7803 2.3962 -0.63155 3.7375 0.98607 -0.64751 2.1279 1.5307 0.025308 2.786 2.8296 0.71092 0.014057 -0.41122 1.1036 -2.0442 0.21014 1.027 -3.8606 -0.25093 -0.71092 -0.014057 0.41122 -0.45224 -2.1345 0.87326 -0.8245 -3.8227 0.14569
15 171 288 0.26502 4.9435 0.80451 0.23011 3.6509 0.74743 1.2311 3.6092 0.53963 1.3486 2.0756 1.2622 1.1224 2.5723 2.7705 -0.76755 3.7225 0.96271 -0.90365 2.0966 1.4378 -0.45858 2.5833 2.9 0.778 0.013372 -0.26312 1.0609 -2.0157 0.49831 1.0728 -3.8213 -0.0090781 -0.778 -0.013373 0.26312 -0.60512 -2.1162 0.8332 -0.81912 -3.7799 -0.0060342
15 172 276 0.1567 4.9103 1.0022 0.11791 3.6217 0.90213 1.1395 3.5723 0.87628 1.1286 2.0227 1.5739 0.66608 2.4021 3.0622 -0.90157 3.7007 0.93697 -1.1363 2.0682 1.3467 -0.92962 2.4243 2.897 0.81429 0.0085979 -0.10752 0.95567 -1.9721 0.80562 1.0696 -3.7598 0.24983 -0.81429 -0.0085979 0.10752 -0.74991 -2.085 0.78677 -0.78029 -3.7147 -0.14115
15 172 288 0.36164 4.9103 0.9477 0.30289 3.6217 0.8579 1.2968 3.5723 0.62021 1.4311 2.0227 1.3048 1.2882 2.4021 2.8568 -0.68707 3.7007 1.1039 -0.83148 2.0682 1.5535 -0.307 2.4243 3.0269 0.77414 0.0085979 -0.27447 1.1023 -1.9721 0.58932 1.0982 -3.7598 0.02199 -0.77414 -0.0085979 0.27447 -0.56994 -2.085 0.92549 -0.79258 -3.7147 0.024168
15 173 276 0.21435 4.8761 1.1392 0.16167 3.5929 1.0068 1.1815 3.539 0.94412 1.1993 1.9818 1.6243 0.80593 2.3177 3.1426 -0.85549 3.676 1.0795 -1.0837 2.0437 1.4936 -0.78644 2.3362 3.0424 0.81229 0.005435 -0.1219 0.97411 -1.9099 0.91835 1.0808 -3.6723 0.28552 -0.81229 -0.005435 0.1219 -0.73349 -2.0463 0.89996 -0.75972 -3.6269 -0.10942
15 173 288 0.44652 4.8761 1.0698 0.36747 3.5929 0.95121 1.3519 3.539 0.67785 1.5108 1.9818 1.3394 1.4417 2.3177 2.9064 -0.61235 3.676 1.2338 -0.74953 2.0437 1.6863 -0.1367 2.3362 3.1395 0.76919 0.005435 -0.28812 1.1438 -1.9099 0.69575 1.1166 -3.6723 0.054556 -0.76919 -0.005435 0.28812 -0.53035 -2.0463 1.0328 -0.76587 -3.6269 0.050925
C3
15 170 156 -0.62158 4.9683 -0.29984 -0.59491 3.6736 -0.29387 -1.1279 3.6399 0.57882 -1.7783 2.1315 0.1435 -2.6413 2.7803 -1.0428 -0.068668 3.7375 -1.169 -0.3759 2.1279 -1.619 -1.6837 2.786 -2.2743 -0.33343 0.014057 0.75055 -1.0164 -2.0442 0.47869 -0.68341 -3.8606 0.80669 0.33343 -0.014057 -0.75055 -0.14742 -2.1345 -0.9723 0.5814 -3.8227 -0.6025
15 168 156 -0.33903 5.001 -0.23818 -0.37895 3.7051 -0.24316 -0.93942 3.6826 0.61251 -1.7184 2.2672 0.085542 -2.3329 3.2435 -1.029 0.17649 3.7582 -1.1008 -0.2932 2.2334 -1.686 -1.4072 3.257 -2.2193 -0.34732 0.02002 0.74409 -0.93859 -2.071 0.50973 -0.63228 -3.8971 0.80866 0.34732 -0.02002 -0.74409 -0.076419 -2.156 -0.93024 0.62917 -3.864 -0.60932
15 168 168 -0.38114 5.001 -0.16248 -0.42122 3.7051 -0.15906 -0.79154 3.6826 0.79444 -1.6631 2.2672 0.44096 -2.4959 3.2435 -0.5215 -0.056228 3.7582 -1.1134 -0.63734 2.2334 -1.5882 -1.8378 3.257 -1.8783 -0.18503 0.02002 0.80004 -0.8121 -2.071 0.69373 -0.45034 -3.8971 0.92245 0.18503 -0.02002 -0.80004 -0.26816 -2.156 -0.89402 0.48874 -3.864 -0.72682
15 169 156 -0.47497 4.9875 -0.2628 -0.47983 3.6921 -0.26597 -1.0257 3.6599 0.59876 -1.7306 2.1904 0.11743 -2.4741 3.0078 -1.0454 0.060078 3.7547 -1.1328 -0.31309 2.1758 -1.6385 -1.5325 3.0188 -2.2512 -0.34088 0.016747 0.74714 -0.968 -2.0617 0.4953 -0.64985 -3.8834 0.80845 0.34088 -0.016748 -0.74714 -0.097777 -2.1487 -0.94495 0.60728 -3.8523 -0.60077
15 169 168 -0.51923 4.9875 -0.1583 -0.52464 3.6921 -0.1604 -0.87882 3.6599 0.79894 -1.6683 2.1904 0.47466 -2.6373 3.0078 -0.50814 -0.17676 3.7547 -1.1205 -0.64691 2.1758 -1.5376 -1.967 3.0188 -1.8834 -0.17809 0.016747 0.80169 -0.84387 -2.0617 0.68573 -0.46757 -3.8834 0.92589 0.17809 -0.016748 -0.80169 -0.29211 -2.1487 -0.90397 0.4691 -3.8523 -0.7139
15 170 156 -0.62158 4.9683 -0.29984 -0.59491 3.6736 -0.29387 -1.1279 3.6399 0.57882 -1.7783 2.1315 0.1435 -2.6413 2.7803 -1.0428 -0.068668 3.7375 -1.169 -0.3759 2.1279 -1.619 -1.6837 2.786 -2.2743 -0.33343 0.014057 0.75055 -1.0164 -2.0442 0.47869 -0.68341 -3.8606 0.80669 0.33343 -0.014057 -0.75055 -0.14742 -2.1345 -0.9723 0.5814 -3.8227 -0.6025
15 171 144 -0.68729 4.9435 -0.49509 -0.6255 3.6509 -0.46943 -1.3131 3.6092 0.28703 -1.8329 2.0756 -0.22847 -2.5365 2.5723 -1.5817 0.055096 3.7225 -1.23 -0.11406 2.0966 -1.6944 -1.3336 2.5833 -2.6157 -0.47476 0.013372 0.67016 -1.1512 -2.0157 0.22046 -0.86257 -3.8213 0.63792 0.47476 -0.013373 -0.67016 -0.00018814 -2.1162 -1.0298 0.66623 -3.7799 -0.47658
15 171 156 -0.7752 4.9435 -0.34137 -0.70943 3.6509 -0.32912 -1.2248 3.6092 0.55377 -1.8403 2.0756 0.1576 -2.8099 2.5723 -1.0197 -0.20184 3.7225 -1.2146 -0.46384 2.0966 -1.6336 -1.8483 2.5833 -2.2813 -0.32505 0.013372 0.75423 -1.0802 -2.0157 0.455 -0.71109 -3.8213 0.80331 0.32505 -0.013373 -0.75423 -0.21428 -2.1162 -1.0072 0.55258 -3.7799 -0.60469
15 172 144 -0.84962 4.9103 -0.55414 -0.74931 3.6217 -0.51602 -1.4137 3.5723 0.26048 -1.9248 2.0227 -0.21444 -2.7214 2.4021 -1.554 -0.093035 3.7007 -1.297 -0.24044 2.0682 -1.7455 -1.5308 2.4243 -2.6293 -0.46496 0.0085979 0.67708 -1.2382 -1.9721 0.17114 -0.90135 -3.7598 0.62769 0.46496 -0.0085979 -0.67708 -0.082893 -2.085 -1.0837 0.62701 -3.7147 -0.48542
15 172 156 -0.94626 4.9103 -0.36539 -0.84022 3.6217 -0.34895 -1.3286 3.5723 0.54871 -1.9273 2.0227 0.19044 -2.985 2.4021 -0.95426 -0.36066 3.7007 -1.2493 -0.59811 2.0682 -1.6574 -2.044 2.4243 -2.2536 -0.31403 0.0085979 0.75896 -1.1755 -1.9721 0.42482 -0.75115 -3.7598 0.80138 0.31403 -0.0085979 -0.75896 -0.3064 -2.085 -1.0428 0.51238 -3.7147 -0.60518
15 173 144 -0.99004 4.8761 -0.603 -0.8564 3.5929 -0.55356 -1.4922 3.539 0.24625 -2.0096 1.9818 -0.19557 -2.8747 2.3177 -1.5039 -0.22979 3.676 -1.3581 -0.38477 2.0437 -1.8048 -1.7347 2.3362 -2.6202 -0.45294 0.005435 0.68521 -1.3343 -1.9099 0.10941 -0.9354 -3.6723 0.61217 0.45294 -0.005435 -0.68521 -0.178 -2.0463 -1.1473 0.58967 -3.6269 -0.49136
C4
15 173 84 0.027195 4.8761 -1.1589 0.051194 3.5929 -1.0184 -0.95935 3.539 -1.1691 -0.8354 1.9818 -1.8381 -0.13494 2.3177 -3.2415 1.0612 3.676 -0.87805 1.3706 2.0437 -1.2356 1.4018 2.3362 -2.8124 -0.81988 0.005435 -0.049647 -0.76189 -1.9099 -1.1008 -0.99786 -3.6723 -0.504 0.81988 -0.005435 0.049647 0.90457 -2.0463 -0.72779 0.72037 -3.6269 0.26498
15 168 84 0.12175 5.001 -0.39604 0.11416 3.7051 -0.43554 -0.87283 3.6826 -0.70416 -0.61238 2.2672 -1.6079 0.25775 3.2435 -2.5367 1.1014 3.7582 -0.1723 1.5129 2.2334 -0.79987 1.6759 3.257 -2.0241 -0.815 0.02002 -0.10039 -0.77482 -2.071 -0.73514 -0.96447 -3.8971 -0.35145 0.815 -0.02002 0.10039 0.8611 -2.156 -0.36014 0.77393 -3.864 0.41009
15 168 96 0.036753 5.001 -0.4127 0.021108 3.7051 -0.44976 -1.0002 3.6826 -0.5073 -0.9333 2.2672 -1.4454 -0.27531 3.2435 -2.5349 1.0415 3.7582 -0.39754 1.3136 2.2334 -1.0969 1.2184 3.257 -2.3283 -0.81806 0.02002 0.071255 -0.91073 -2.071 -0.55798 -1.0165 -3.8971 -0.14324 0.81806 -0.02002 -0.071255 0.7674 -2.156 -0.5313 0.84228 -3.864 0.24022
15 169 84 0.10316 4.9875 -0.53293 0.10468 3.6921 -0.53854 -0.88642 3.6599 -0.79049 -0.64645 2.1904 -1.6096 0.22968 3.0078 -2.676 1.0959 3.7547 -0.29292 1.4616 2.1758 -0.80409 1.6675 3.0188 -2.1531 -0.81591 0.016747 -0.093317 -0.77018 -2.0617 -0.76756 -0.9697 -3.8834 -0.36822 0.81591 -0.016748 0.093317 0.86849 -2.1487 -0.385 0.75903 -3.8523 0.39191
15 169 96 -0.0098952 4.9875 -0.54273 -0.0095766 3.6921 -0.54853 -1.0314 3.6599 -0.58892 -0.96698 2.1904 -1.44 -0.33171 3.0078 -2.6653 1.0111 3.7547 -0.51437 1.2624 2.1758 -1.0904 1.1834 3.0188 -2.4527 -0.81748 0.016747 0.07836 -0.91294 -2.0617 -0.59066 -1.0251 -3.8834 -0.15857 0.81748 -0.016748 -0.07836 0.76946 -2.1487 -0.55715 0.82392 -3.8523 0.22554
15 170 84 0.093089 4.9683 -0.68382 0.09565 3.6736 -0.6566 -0.89903 3.6399 -0.89383 -0.68602 2.1315 -1.647 0.17553 2.7803 -2.8343 1.0905 3.7375 -0.42654 1.4236 2.1279 -0.85779 1.6427 2.786 -2.3041 -0.81685 0.014057 -0.085183 -0.76934 -2.0442 -0.81871 -0.97839 -3.8606 -0.40068 0.81685 -0.014057 0.085183 0.87916 -2.1345 -0.44067 0.75267 -3.8227 0.36676
15 170 96 -0.051119 4.9683 -0.68823 -0.042955 3.6736 -0.66214 -1.0652 3.6399 -0.68738 -1.0135 2.1315 -1.4683 -0.41759 2.7803 -2.8089 0.97802 3.7375 -0.64395 1.2141 2.1279 -1.135 1.1278 2.786 -2.5953 -0.81671 0.014057 0.086511 -0.92275 -2.0442 -0.64087 -1.0403 -3.8606 -0.1885 0.81671 -0.014057 -0.086511 0.76832 -2.1345 -0.61382 0.81248 -3.8227 0.20226
15 171 84 0.085115 4.9435 -0.84275 0.09379 3.6509 -0.77641 -0.90513 3.6092 -0.99369 -0.71859 2.0756 -1.7016 0.10152 2.5723 -2.9875 1.0928 3.7225 -0.56729 1.4103 2.0966 -0.94596 1.5985 2.5833 -2.4628 -0.81776 0.013372 -0.076075 -0.76654 -2.0157 -0.88676 -0.98374 -3.8213 -0.42805 0.81776 -0.013373 0.076075 0.8917 -2.1162 -0.51504 0.74585 -3.7799 0.33868
15 171 96 -0.091962 4.9435 -0.84203 -0.069684 3.6509 -0.77894 -1.092 3.6092 -0.78379 -1.0567 2.0756 -1.515 -0.52184 2.5723 -2.9433 0.95093 3.7225 -0.78209 1.1828 2.0966 -1.2185 1.0515 2.5833 -2.7413 -0.81571 0.013372 0.095609 -0.93415 -2.0157 -0.70801 -1.0512 -3.8213 -0.21417 0.81571 -0.013373 -0.095609 0.76513 -2.1162 -0.68918 0.79997 -3.7799 0.17621
15 172 84 0.055092 4.9103 -1.0129 0.072231 3.6217 -0.90693 -0.93243 3.5723 -1.0941 -0.77668 2.0227 -1.7741 -0.014861 2.4021 -3.1338 1.0767 3.7007 -0.72905 1.3915 2.0682 -1.081 1.5116 2.4243 -2.6404 -0.81885 0.0085979 -0.064126 -0.76729 -1.9721 -0.98671 -0.99427 -3.7598 -0.46675 0.81885 -0.0085979 0.064126 0.8971 -2.085 -0.61366 0.73389 -3.7147 0.30029
15 173 84 0.027195 4.8761 -1.1589 0.051194 3.5929 -1.0184 -0.95935 3.539 -1.1691 -0.8354 1.9818 -1.8381 -0.13494 2.3177 -3.2415 1.0612 3.676 -0.87805 1.3706 2.0437 -1.2356 1.4018 2.3362 -2.8124 -0.81988 0.005435 -0.049647 -0.76189 -1.9099 -1.1008 -0.99786 -3.6723 -0.504 0.81988 -0.005435 0.049647 0.90457 -2.0463 -0.72779 0.72037 -3.6269 0.26498
15 174 84 -0.0049617 4.8456 -1.2692 0.026612 3.5686 -1.1032 -0.98838 3.5114 -1.2186 -0.89078 1.9556 -1.8951 -0.26432 2.3317 -3.3231 1.0408 3.6547 -0.999 1.3407 2.0313 -1.4021 1.2755 2.3383 -2.9751 -0.82066 0.0024753 -0.034846 -0.75652 -1.8344 -1.2175 -1.0012 -3.5639 -0.53437 0.82066 -0.0024753 0.034846 0.92197 -1.9986 -0.84946 0.71317 -3.5109 0.24012
C5
15 168 252 -0.20143 5.001 0.36207 -0.20222 3.7051 0.40229 0.70735 3.6826 0.87025 0.2647 2.2672 1.7001 -0.77953 3.2435 2.4277 -1.1132 3.7582 -0.060462 -1.6462 2.2334 0.46784 -2.0601 3.257 1.6314 0.77632 0.02002 0.26764 0.60504 -2.071 0.88016 0.87033 -3.8971 0.54429 -0.77632 -0.02002 -0.26764 -0.91716 -2.156 0.17324 -0.67175 -3.864 -0.56203
15 167 252 -0.19983 5.0087 0.25575 -0.19002 3.7126 0.32752 0.71168 3.7095 0.81098 0.23425 2.3654 1.7347 -0.75284 3.4831 2.3257 -1.0933 3.7464 -0.15173 -1.6973 2.2979 0.50028 -2.0347 3.49 1.5191 0.77454 0.020961 0.27266 0.6097 -2.0762 0.86562 0.86753 -3.9027 0.52611 -0.77454 -0.020961 -0.27266 -0.91466 -2.1593 0.15692 -0.6793 -3.8694 -0.57666
15 168 252 -0.20143 5.001 0.36207 -0.20222 3.7051 0.40229 0.70735 3.6826 0.87025 0.2647 2.2672 1.7001 -0.77953 3.2435 2.4277 -1.1132 3.7582 -0.060462 -1.6462 2.2334 0.46784 -2.0601 3.257 1.6314 0.77632 0.02002 0.26764 0.60504 -2.071 0.88016 0.87033 -3.8971 0.54429 -0.77632 -0.02002 -0.26764 -0.91716 -2.156 0.17324 -0.67175 -3.864 -0.56203
15 169 252 -0.21171 4.9875 0.49984 -0.21436 3.6921 0.505 0.7027 3.6599 0.95752 0.29768 2.1904 1.7088 -0.78104 3.0078 2.5698 -1.1329 3.7547 0.05866 -1.5968 2.1758 0.48265 -2.0787 3.0188 1.7594 0.77868 0.016747 0.26092 0.59377 -2.0617 0.91092 0.87195 -3.8834 0.56179 -0.77868 -0.016748 -0.26092 -0.92956 -2.1487 0.19602 -0.66096 -3.8523 -0.54116
15 170 252 -0.23323 4.9683 0.64952 -0.23008 3.6736 0.62237 0.69355 3.6399 1.0612 0.32861 2.1315 1.7536 -0.76098 2.7803 2.7359 -1.1554 3.7375 0.19048 -1.5708 2.1279 0.54307 -2.0859 2.786 1.9122 0.78129 0.014057 0.25315 0.58231 -2.0442 0.96078 0.87371 -3.8606 0.59534 -0.78129 -0.014057 -0.25315 -0.95156 -2.1345 0.24825 -0.65997 -3.8227 -0.51524
15 171 252 -0.25847 4.9435 0.80664 -0.25317 3.6509 0.73994 0.67876 3.6092 1.1602 0.34911 2.0756 1.8138 -0.72044 2.5723 2.9011 -1.1868 3.7225 0.32769 -1.5762 2.0966 0.63206 -2.0756 2.5833 2.0766 0.78407 0.013372 0.24444 0.56542 -2.0157 1.0268 0.87324 -3.8213 0.62323 -0.78407 -0.013373 -0.24444 -0.9793 -2.1162 0.31839 -0.65914 -3.7799 -0.48635
15 172 252 -0.26447 4.9103 0.97927 -0.25921 3.6217 0.87209 0.68459 3.5723 1.264 0.39085 2.0227 1.8968 -0.63701 2.4021 3.0684 -1.2047 3.7007 0.48926 -1.5858 2.0682 0.76807 -2.0276 2.4243 2.2684 0.78762 0.0085979 0.23297 0.54537 -1.9721 1.1247 0.8755 -3.7598 0.66327 -0.78762 -0.0085979 -0.23297 -1.0051 -2.085 0.41373 -0.65542 -3.7147 -0.44632
15 173 252 -0.26755 4.8761 1.1279 -0.26182 3.5929 0.98554 0.69531 3.539 1.343 0.43498 1.9818 1.9716 -0.54195 2.3177 3.1987 -1.2206 3.676 0.63822 -1.5975 2.0437 0.92364 -1.9559 2.3362 2.4595 0.79164 0.005435 0.21903 0.51637 -1.9099 1.2352 0.87127 -3.6723 0.70045 -0.79164 -0.005435 -0.21902 -1.0361 -2.0463 0.52382 -0.64953 -3.6269 -0.40897
C6
15 171 108 -0.26502 4.9435 -0.80451 -0.23011 3.6509 -0.74743 -1.2311 3.6092 -0.53963 -1.3486 2.0756 -1.2622 -1.1224 2.5723 -2.7705 0.76755 3.7225 -0.96271 0.90365 2.0966 -1.4378 0.45858 2.5833 -2.9 -0.778 0.013372 0.26311 -1.0609 -2.0157 -0.49831 -1.0728 -3.8213 0.0090779 0.778 -0.013373 -0.26312 0.60512 -2.1162 -0.8332 0.81912 -3.7799 0.0060343
15 168 108 -0.049855 5.001 -0.41132 -0.072863 3.7051 -0.44432 -1.0838 3.6826 -0.28827 -1.2134 2.2672 -1.2198 -0.79632 3.2435 -2.4223 0.93612 3.7582 -0.60539 1.0568 2.2334 -1.3461 0.7077 3.257 -2.5308 -0.78537 0.02002 0.23978 -1.0068 -2.071 -0.35643 -1.024 -3.8971 0.071223 0.78537 -0.02002 -0.23978 0.64017 -2.156 -0.67924 0.87381 -3.864 0.059848
15 168 120 -0.13428 5.001 -0.39196 -0.16365 3.7051 -0.41946 -1.12 3.6826 -0.056644 -1.4405 2.2672 -0.94087 -1.2825 3.2435 -2.2038 0.78979 3.7582 -0.7868 0.75382 2.2334 -1.5364 0.16607 3.257 -2.6226 -0.71835 0.02002 0.39783 -1.0589 -2.071 -0.13931 -0.98685 -3.8971 0.28258 0.71835 -0.02002 -0.39783 0.48496 -2.156 -0.7975 0.86716 -3.864 -0.12314
15 169 108 -0.12252 4.9875 -0.52882 -0.12341 3.6921 -0.53455 -1.1313 3.6599 -0.36161 -1.2452 2.1904 -1.2075 -0.8786 3.0078 -2.5381 0.88203 3.7547 -0.71334 1.0081 2.1758 -1.329 0.64754 3.0188 -2.6452 -0.78333 0.016747 0.24661 -1.0158 -2.0617 -0.38794 -1.0356 -3.8834 0.058022 0.78333 -0.016748 -0.24661 0.63681 -2.1487 -0.70496 0.85281 -3.8523 0.049305
15 169 120 -0.22979 4.9875 -0.49179 -0.23186 3.6921 -0.49721 -1.1818 3.6599 -0.1185 -1.4691 2.1904 -0.9222 -1.3871 3.0078 -2.2999 0.71445 3.7547 -0.88114 0.70979 2.1758 -1.5096 0.083428 3.0188 -2.722 -0.71494 0.016747 0.40409 -1.0743 -2.0617 -0.16827 -1.0009 -3.8834 0.27207 0.71494 -0.016748 -0.40409 0.47633 -2.1487 -0.82196 0.84443 -3.8523 -0.12908
15 170 108 -0.19309 4.9683 -0.66256 -0.17968 3.6736 -0.63874 -1.1849 3.6399 -0.45088 -1.2966 2.1315 -1.2255 -0.99246 2.7803 -2.6607 0.82276 3.7375 -0.83322 0.95161 2.1279 -1.3627 0.56356 2.786 -2.7731 -0.78088 0.014057 0.25442 -1.0358 -2.0442 -0.43501 -1.0568 -3.8606 0.031911 0.78088 -0.014057 -0.25442 0.62391 -2.1345 -0.76015 0.83678 -3.8227 0.028913
15 170 120 -0.32663 4.9683 -0.60794 -0.30856 3.6736 -0.58742 -1.2527 3.6399 -0.19468 -1.5231 2.1315 -0.92919 -1.524 2.7803 -2.3962 0.63155 3.7375 -0.98607 0.6475 2.1279 -1.5307 -0.025309 2.786 -2.8296 -0.71092 0.014057 0.41122 -1.1036 -2.0442 -0.21014 -1.027 -3.8606 0.25093 0.71092 -0.014057 -0.41122 0.45224 -2.1345 -0.87326 0.8245 -3.8227 -0.14569
15 171 108 -0.26502 4.9435 -0.80451 -0.23011 3.6509 -0.74743 -1.2311 3.6092 -0.53963 -1.3486 2.0756 -1.2622 -1.1224 2.5723 -2.7705 0.76755 3.7225 -0.96271 0.90365 2.0966 -1.4378 0.45858 2.5833 -2.9 -0.778 0.013372 0.26311 -1.0609 -2.0157 -0.49831 -1.0728 -3.8213 0.0090779 0.778 -0.013373 -0.26312 0.60512 -2.1162 -0.8332 0.81912 -3.7799 0.0060343
15 172 96 -0.1567 4.9103 -1.0022 -0.11791 3.6217 -0.90213 -1.1395 3.5723 -0.87628 -1.1286 2.0227 -1.5739 -0.66609 2.4021 -3.0622 0.90157 3.7007 -0.93697 1.1363 2.0682 -1.3467 0.92962 2.4243 -2.897 -0.81429 0.0085979 0.10752 -0.95567 -1.9721 -0.80562 -1.0696 -3.7598 -0.24983 0.81429 -0.0085979 -0.10752 0.74991 -2.085 -0.78677 0.78029 -3.7147 0.14115
15 172 108 -0.36164 4.9103 -0.9477 -0.30289 3.6217 -0.8579 -1.2968 3.5723 -0.62021 -1.4311 2.0227 -1.3048 -1.2882 2.4021 -2.8568 0.68707 3.7007 -1.1039 0.83148 2.0682 -1.5535 0.307 2.4243 -3.0269 -0.77414 0.0085979 0.27447 -1.1023 -1.9721 -0.58932 -1.0982 -3.7598 -0.02199 0.77414 -0.0085979 -0.27447 0.56994 -2.085 -0.92549 0.79258 -3.7147 -0.024168
15 173 96 -0.21435 4.8761 -1.1392 -0.16167 3.5929 -1.0068 -1.1815 3.539 -0.94412 -1.1993 1.9818 -1.6243 -0.80593 2.3177 -3.1426 0.85549 3.676 -1.0795 1.0837 2.0437 -1.4936 0.78644 2.3362 -3.0424 -0.81229 0.005435 0.1219 -0.97411 -1.9099 -0.91835 -1.0808 -3.6723 -0.28552 0.81229 -0.005435 -0.1219 0.73349 -2.0463 -0.89996 0.75972 -3.6269 0.10942
15 173 108 -0.44652 4.8761 -1.0698 -0.36747 3.5929 -0.95121 -1.3519 3.539 -0.67785 -1.5108 1.9818 -1.3394 -1.4417 2.3177 -2.9064 0.61235 3.676 -1.2338 0.74953 2.0437 -1.6863 0.1367 2.3362 -3.1395 -0.76919 0.005435 0.28812 -1.1438 -1.9099 -0.69575 -1.1166 -3.6723 -0.054557 0.76919 -0.005435 -0.28812 0.53035 -2.0463 -1.0328 0.76587 -3.6269 -0.050924
C7
15 169 336 0.47497 4.9875 0.2628 0.47983 3.6921 0.26597 1.0257 3.6599 -0.59876 1.7306 2.1904 -0.11743 2.4741 3.0078 1.0454 -0.060078 3.7547 1.1328 0.31309 2.1758 1.6385 1.5325 3.0188 2.2512 0.34088 0.016747 -0.74714 0.968 -2.0617 -0.4953 0.64985 -3.8834 -0.80845 -0.34088 -0.016748 0.74714 0.097777 -2.1487 0.94495 -0.60728 -3.8523 0.60077
15 167 336 0.23346 5.0087 0.22547 0.30586 3.7126 0.22321 0.88093 3.7095 -0.62301 1.7497 2.3654 -0.051637 2.2343 3.4831 0.99182 -0.26518 3.7464 1.0715 0.32012 2.2979 1.7403 1.2981 3.49 2.1823 0.35213 0.020961 -0.7418 0.9246 -2.0762 -0.51588 0.61391 -3.9027 -0.80778 -0.35213 -0.020961 0.7418 0.060456 -2.1593 0.92605 -0.64451 -3.8694 0.6153
15 167 348 0.27523 5.0087 0.172 0.34559 3.7126 0.15474 0.73215 3.7095 -0.79255 1.7008 2.3654 -0.4143 2.3917 3.4831 0.50561 -0.036614 3.7464 1.1032 0.67496 2.2979 1.6357 1.7235 3.49 1.8648 0.1902 0.020961 -0.7988 0.79714 -2.0762 -0.69684 0.43255 -3.9027 -0.91777 -0.1902 -0.020961 0.7988 0.25167 -2.1593 0.89325 -0.5025 -3.8694 0.73585
15 168 336 0.33903 5.001 0.23818 0.37895 3.7051 0.24316 0.93942 3.6826 -0.61251 1.7184 2.2672 -0.085542 2.3329 3.2435 1.029 -0.17649 3.7582 1.1008 0.2932 2.2334 1.686 1.4072 3.257 2.2193 0.34732 0.02002 -0.74409 0.93859 -2.071 -0.50973 0.63228 -3.8971 -0.80866 -0.34732 -0.02002 0.74409 0.076419 -2.156 0.93024 -0.62917 -3.864 0.60932
15 168 348 0.38114 5.001 0.16248 0.42122 3.7051 0.15906 0.79154 3.6826 -0.79444 1.6631 2.2672 -0.44096 2.4959 3.2435 0.5215 0.056228 3.7582 1.1134 0.63734 2.2334 1.5882 1.8378 3.257 1.8783 0.18503 0.02002 -0.80004 0.8121 -2.071 -0.69373 0.45034 -3.8971 -0.92245 -0.18503 -0.02002 0.80004 0.26816 -2.156 0.89402 -0.48874 -3.864 0.72682
15 169 336 0.47497 4.9875 0.2628 0.47983 3.6921 0.26597 1.0257 3.6599 -0.59876 1.7306 2.1904 -0.11743 2.4741 3.0078 1.0454 -0.060078 3.7547 1.1328 0.31309 2.1758 1.6385 1.5325 3.0188 2.2512 0.34088 0.016747 -0.74714 0.968 -2.0617 -0.4953 0.64985 -3.8834 -0.80845 -0.34088 -0.016748 0.74714 0.097777 -2.1487 0.94495 -0.60728 -3.8523 0.60077
15 169 348 0.51923 4.9875 0.1583 0.52464 3.6921 0.1604 0.87882 3.6599 -0.79894 1.6683 2.1904 -0.47466 2.6373 3.0078 0.50814 0.17676 3.7547 1.1205 0.64691 2.1758 1.5376 1.967 3.0188 1.8834 0.17809 0.016747 -0.80169 0.84387 -2.0617 -0.68573 0.46757 -3.8834 -0.92589 -0.17809 -0.016748 0.80169 0.29211 -2.1487 0.90397 -0.4691 -3.8523 0.7139
15 170 336 0.62158 4.9683 0.29984 0.59491 3.6736 0.29387 1.1279 3.6399 -0.57882 1.7783 2.1315 -0.1435 2.6413 2.7803 1.0428 0.068668 3.7375 1.169 0.3759 2.1279 1.619 1.6837 2.786 2.2743 0.33343 0.014057 -0.75055 1.0164 -2.0442 -0.47869 0.68341 -3.8606 -0.80669 -0.33343 -0.014057 0.75055 0.14742 -2.1345 0.9723 -0.5814 -3.8227 0.6025
15 170 348 0.67034 4.9683 0.16406 0.64301 3.6736 0.16376 0.9829 3.6399 -0.80067 1.7097 2.1315 -0.51011 2.8004 2.7803 0.47083 0.31021 3.7375 1.1291 0.70429 2.1279 1.5054 2.1198 2.786 1.8746 0.1701 0.014057 -0.80347 0.89464 -2.0442 -0.67955 0.50075 -3.8606 -0.93115 -0.1701 -0.014057 0.80347 0.34635 -2.1345 0.9204 -0.44343 -3.8227 0.71021
C8
15 171 180 -0.84703 4.9435 0.0034425 -0.78196 3.6509 -0.012119 -0.89363 3.6092 1.004 -1.6171 2.0756 0.89251 -2.9818 2.5723 0.21132 -0.6784 3.7225 -1.0275 -1.0882 2.0966 -1.3037 -2.6163 2.5833 -1.3323 0.0098208 0.013372 0.82123 -0.80177 -2.0157 0.85503 -0.32288 -3.8213 1.0231 -0.0098208 -0.013373 -0.82123 -0.60543 -2.1162 -0.83298 0.25886 -3.7799 -0.77716
15 168 180 -0.40659 5.001 -0.07969 -0.44509 3.7051 -0.068005 -0.60907 3.6826 0.94165 -1.5351 2.2672 0.7771 -2.5498 3.2435 0.0088286 -0.28649 3.7582 -1.0774 -0.95363 2.2334 -1.421 -2.1882 3.257 -1.4551 -0.014646 0.02002 0.82103 -0.65012 -2.071 0.84742 -0.24871 -3.8971 0.99593 0.014646 -0.02002 -0.82103 -0.44817 -2.156 -0.81874 0.32694 -3.864 -0.81255
15 169 180 -0.54079 4.9875 -0.04689 -0.54653 3.6921 -0.047813 -0.69351 3.6599 0.9642 -1.5332 2.1904 0.81116 -2.6854 3.0078 0.051295 -0.40587 3.7547 -1.0593 -0.95246 2.1758 -1.3695 -2.3156 3.0188 -1.4333 -0.0075199 0.016747 0.8212 -0.68285 -2.0617 0.8462 -0.26485 -3.8834 1.0029 0.0075199 -0.016748 -0.8212 -0.47367 -2.1487 -0.82349 0.31043 -3.8523 -0.79584
15 170 168 -0.67034 4.9683 -0.16406 -0.64301 3.6736 -0.16376 -0.9829 3.6399 0.80067 -1.7097 2.1315 0.51011 -2.8004 2.7803 -0.47083 -0.31021 3.7375 -1.1291 -0.70429 2.1279 -1.5054 -2.1198 2.786 -1.8746 -0.1701 0.014057 0.80347 -0.89464 -2.0442 0.67955 -0.50075 -3.8606 0.93115 0.1701 -0.014057 -0.80347 -0.34635 -2.1345 -0.9204 0.44343 -3.8227 -0.71021
15 170 180 -0.6898 4.9683 -0.021101 -0.663 3.6736 -0.026493 -0.79496 3.6399 0.98753 -1.5662 2.1315 0.85442 -2.8371 2.7803 0.1217 -0.53819 3.7375 -1.04 -1.0019 2.1279 -1.3261 -2.4632 2.786 -1.3929 0.00066741 0.014057 0.82128 -0.73381 -2.0442 0.85071 -0.29621 -3.8606 1.0149 -0.00066764 -0.014057 -0.82128 -0.53015 -2.1345 -0.82828 0.28608 -3.8227 -0.78689
15 171 168 -0.82924 4.9435 -0.17274 -0.76235 3.6509 -0.17443 -1.0829 3.6092 0.79631 -1.7674 2.0756 0.53679 -2.9605 2.5723 -0.41324 -0.44995 3.7225 -1.1461 -0.79336 2.0966 -1.5015 -2.2822 2.5833 -1.8471 -0.16114 0.013372 0.80533 -0.96202 -2.0157 0.66965 -0.52853 -3.8213 0.9336 0.16114 -0.013373 -0.80533 -0.41901 -2.1162 -0.94065 0.41479 -3.7799 -0.70636
15 171 180 -0.84703 4.9435 0.0034425 -0.78196 3.6509 -0.012119 -0.89363 3.6092 1.004 -1.6171 2.0756 0.89251 -2.9818 2.5723 0.21132 -0.6784 3.7225 -1.0275 -1.0882 2.0966 -1.3037 -2.6163 2.5833 -1.3323 0.0098208 0.013372 0.82123 -0.80177 -2.0157 0.85503 -0.32288 -3.8213 1.0231 -0.0098208 -0.013373 -0.82123 -0.60543 -2.1162 -0.83298 0.25886 -3.7799 -0.77716
15 172 168 -1.0016 4.9103 -0.16066 -0.89441 3.6217 -0.16663 -1.1855 3.5723 0.81296 -1.8456 2.0227 0.58698 -3.1182 2.4021 -0.31279 -0.61251 3.7007 -1.147 -0.92963 2.0682 -1.4968 -2.4679 2.4243 -1.7793 -0.14937 0.0085979 0.80766 -1.0615 -1.9721 0.65994 -0.56812 -3.7598 0.94004 0.14937 -0.0085979 -0.80766 -0.51652 -2.085 -0.95633 0.37536 -3.7147 -0.69848
15 172 180 -1.0131 4.9103 0.051083 -0.90951 3.6217 0.022965 -0.99059 3.5723 1.0417 -1.6832 2.0227 0.95788 -3.1151 2.4021 0.34235 -0.8376 3.7007 -0.99458 -1.2205 2.0682 -1.2708 -2.7839 2.4243 -1.2273 0.021819 0.0085979 0.82107 -0.9011 -1.9721 0.86622 -0.36026 -3.7598 1.0376 -0.021819 -0.0085979 -0.82107 -0.70407 -2.085 -0.82804 0.22194 -3.7147 -0.76126
15 173 156 -1.0938 4.8761 -0.38398 -0.95277 3.5929 -0.3634 -1.4084 3.539 0.55111 -2.0063 1.9818 0.22651 -3.1245 2.3177 -0.87334 -0.50713 3.676 -1.2806 -0.75159 2.0437 -1.6853 -2.2416 2.3362 -2.2023 -0.30057 0.005435 0.76441 -1.2824 -1.9099 0.38443 -0.78768 -3.6723 0.79328 0.30057 -0.005435 -0.76441 -0.41264 -2.0463 -1.0852 0.47462 -3.6269 -0.60323
15 173 168 -1.1497 4.8761 -0.14818 -1.0075 3.5929 -0.15737 -1.263 3.539 0.83188 -1.9154 1.9818 0.63869 -3.2378 2.3177 -0.20463 -0.76231 3.676 -1.1472 -1.0856 2.0437 -1.4922 -2.6505 2.3362 -1.6881 -0.13508 0.005435 0.8102 -1.1744 -1.9099 0.64265 -0.60554 -3.6723 0.93971 0.13508 -0.005435 -0.8102 -0.62925 -2.0463 -0.97569 0.33883 -3.6269 -0.68872
15 173 180 -1.1554 4.8761 0.094092 -1.0182 3.5929 0.055542 -1.0624 3.539 1.0763 -1.7407 1.9818 1.023 -3.2096 2.3177 0.47303 -0.98417 3.676 -0.96364 -1.3721 2.0437 -1.2339 -2.9436 2.3362 -1.1002 0.036326 0.005435 0.82058 -1.0151 -1.9099 0.87279 -0.39693 -3.6723 1.0451 -0.036326 -0.005435 -0.82058 -0.81836 -2.0463 -0.82354 0.18823 -3.6269 -0.74412
C9
15 170 0 0.6898 4.9683 0.021101 0.663 3.6736 0.026493 0.79496 3.6399 -0.98753 1.5662 2.1315 -0.85442 2.8371 2.7803 -0.1217 0.53819 3.7375 1.04 1.0019 2.1279 1.3261 2.4632 2.786 1.3929 -0.00066733 0.014057 -0.82128 0.73381 -2.0442 -0.85071 0.29621 -3.8606 -1.0149 0.00066757 -0.014057 0.82128 0.53015 -2.1345 0.82828 -0.28608 -3.8227 0.78689
15 168 0 0.40659 5.001 0.07969 0.44509 3.7051 0.068005 0.60907 3.6826 -0.94165 1.5351 2.2672 -0.7771 2.5498 3.2435 -0.0088284 0.28649 3.7582 1.0774 0.95363 2.2334 1.421 2.1882 3.257 1.4551 0.014646 0.02002 -0.82103 0.65012 -2.071 -0.84742 0.24871 -3.8971 -0.99593 -0.014646 -0.02002 0.82103 0.44817 -2.156 0.81874 -0.32694 -3.864 0.81255
15 168 12 0.41428 5.001 -0.0065869 0.4495 3.7051 -0.02602 0.39998 3.6826 -1.0477 1.34 2.2672 -1.0793 2.4922 3.2435 -0.53877 0.50423 3.7582 0.99427 1.2282 2.2334 1.1917 2.4429 3.257 0.96836 -0.15638 0.02002 -0.80613 0.45972 -2.071 -0.96406 0.036208 -3.8971 -1.0259 0.15638 -0.02002 0.80613 0.60861 -2.156 0.70766 -0.15086 -3.864 0.86277
15 169 0 0.54079 4.9875 0.04689 0.54653 3.6921 0.047813 0.69351 3.6599 -0.9642 1.5332 2.1904 -0.81116 2.6854 3.0078 -0.051295 0.40587 3.7547 1.0593 0.95246 2.1758 1.3695 2.3156 3.0188 1.4333 0.00752 0.016747 -0.8212 0.68285 -2.0617 -0.8462 0.26485 -3.8834 -1.0029 -0.00752 -0.016748 0.8212 0.47367 -2.1487 0.82349 -0.31043 -3.8523 0.79584
15 169 12 0.53873 4.9875 -0.066572 0.54453 3.6921 -0.066861 0.47788 3.6599 -1.0873 1.331 2.1904 -1.1122 2.616 3.0078 -0.60849 0.61724 3.7547 0.95177 1.2164 2.1758 1.1415 2.563 3.0188 0.92049 -0.16338 0.016747 -0.80481 0.492 -2.0617 -0.96968 0.050549 -3.8834 -1.036 0.16338 -0.016748 0.80481 0.63453 -2.1487 0.70701 -0.13818 -3.8523 0.84299
15 170 0 0.6898 4.9683 0.021101 0.663 3.6736 0.026493 0.79496 3.6399 -0.98753 1.5662 2.1315 -0.85442 2.8371 2.7803 -0.1217 0.53819 3.7375 1.04 1.0019 2.1279 1.3261 2.4632 2.786 1.3929 -0.00066733 0.014057 -0.82128 0.73381 -2.0442 -0.85071 0.29621 -3.8606 -1.0149 0.00066757 -0.014057 0.82128 0.53015 -2.1345 0.82828 -0.28608 -3.8227 0.78689
15 170 12 0.67912 4.9683 -0.12278 0.65402 3.6736 -0.11193 0.57226 3.6399 -1.1312 1.3544 2.1315 -1.1614 2.7498 2.7803 -0.70891 0.74265 3.7375 0.90535 1.2557 2.1279 1.0888 2.699 2.786 0.85033 -0.17141 0.014057 -0.80319 0.5409 -2.0442 -0.98468 0.078727 -3.8606 -1.0543 0.17141 -0.014057 0.80319 0.69077 -2.1345 0.69995 -0.11622 -3.8227 0.82917
15 171 0 0.84703 4.9435 -0.0034424 0.78196 3.6509 0.012119 0.89363 3.6092 -1.004 1.6171 2.0756 -0.89251 2.9818 2.5723 -0.21132 0.6784 3.7225 1.0275 1.0882 2.0966 1.3037 2.6163 2.5833 1.3323 -0.0098207 0.013372 -0.82123 0.80177 -2.0157 -0.85503 0.32288 -3.8213 -1.0231 0.0098207 -0.013373 0.82123 0.60543 -2.1162 0.83298 -0.25886 -3.7799 0.77716
15 171 348 0.82924 4.9435 0.17274 0.76235 3.6509 0.17443 1.0829 3.6092 -0.79631 1.7674 2.0756 -0.53679 2.9605 2.5723 0.41324 0.44995 3.7225 1.1461 0.79336 2.0966 1.5015 2.2822 2.5833 1.8471 0.16114 0.013372 -0.80533 0.96202 -2.0157 -0.66965 0.52853 -3.8213 -0.9336 -0.16114 -0.013373 0.80533 0.41901 -2.1162 0.94065 -0.41479 -3.7799 0.70636
15 172 0 1.0131 4.9103 -0.051083 0.90951 3.6217 -0.022965 0.99059 3.5723 -1.0417 1.6832 2.0227 -0.95788 3.1151 2.4021 -0.34235 0.8376 3.7007 0.99458 1.2205 2.0682 1.2708 2.7839 2.4243 1.2273 -0.021819 0.0085979 -0.82107 0.9011 -1.9721 -0.86622 0.36026 -3.7598 -1.0376 0.021819 -0.0085979 0.82107 0.70407 -2.085 0.82804 -0.22194 -3.7147 0.76126
15 172 348 1.0016 4.9103 0.16066 0.89441 3.6217 0.16663 1.1855 3.5723 -0.81296 1.8456 2.0227 -0.58698 3.1182 2.4021 0.31279 0.61251 3.7007 1.147 0.92963 2.0682 1.4968 2.4679 2.4243 1.7793 0.14937 0.0085979 -0.80766 1.0615 -1.9721 -0.65994 0.56812 -3.7598 -0.94004 -0.14937 -0.0085979 0.80766 0.51652 -2.085 0.95633 -0.37536 -3.7147 0.69848
15 173 348 1.1497 4.8761 0.14818 1.0075 3.5929 0.15737 1.263 3.539 -0.83188 1.9154 1.9818 -0.63869 3.2378 2.3177 0.20463 0.76231 3.676 1.1472 1.0856 2.0437 1.4922 2.6505 2.3362 1.6881 0.13508 0.005435 -0.8102 1.1744 -1.9099 -0.64265 0.60554 -3.6723 -0.93971 -0.13508 -0.005435 0.8102 0.62925 -2.0463 0.97569 -0.33883 -3.6269 0.68872
C10
15 170 312 0.44589 4.9683 0.52674 0.42395 3.6736 0.51043 1.2658 3.6399 -0.070022 1.683 2.1315 0.59222 1.9888 2.7803 2.027 -0.41273 3.7375 1.0958 -0.3151 2.1279 1.6319 0.61307 2.786 2.7625 0.60988 0.014057 -0.55004 1.1232 -2.0442 -0.023907 0.95243 -3.8606 -0.45898 -0.60988 -0.014057 0.55004 -0.26079 -2.1345 0.9482 -0.77619 -3.8227 0.31393
15 167 312 0.12157 5.0087 0.30093 0.18863 3.7126 0.32832 1.0582 3.7095 -0.21084 1.6195 2.3654 0.6645 1.6377 3.4831 1.8149 -0.67807 3.7464 0.87099 -0.4154 2.2979 1.7201 0.29826 3.49 2.5217 0.6234 0.020961 -0.53444 1.0545 -2.0762 -0.095205 0.88939 -3.9027 -0.48824 -0.6234 -0.020961 0.53444 -0.32143 -2.1593 0.87058 -0.83905 -3.8694 0.29996
15 167 324 0.18148 5.0087 0.26908 0.25277 3.7126 0.28193 0.99121 3.7095 -0.42624 1.7222 2.3654 0.31328 1.9793 3.4831 1.4347 -0.48216 3.7464 0.99294 -0.0487 2.2979 1.7688 0.81603 3.49 2.4046 0.49866 0.020961 -0.65238 1.0117 -2.0762 -0.31237 0.76845 -3.9027 -0.66249 -0.49866 -0.020961 0.65238 -0.1334 -2.1593 0.91839 -0.75836 -3.8694 0.46785
15 168 312 0.21284 5.001 0.35548 0.24729 3.7051 0.37627 1.1073 3.6826 -0.17746 1.6047 2.2672 0.62081 1.7127 3.2435 1.889 -0.60895 3.7582 0.93381 -0.41792 2.2334 1.6595 0.38283 3.257 2.5998 0.61994 0.02002 -0.53849 1.0648 -2.071 -0.0839 0.90653 -3.8971 -0.48158 -0.61994 -0.02002 0.53849 -0.30855 -2.156 0.8809 -0.82261 -3.864 0.30074
15 168 324 0.2821 5.001 0.30346 0.32011 3.7051 0.31663 1.0462 3.6826 -0.40381 1.6987 2.2672 0.27361 2.068 3.2435 1.4916 -0.40149 3.7582 1.04 -0.063751 2.2334 1.7102 0.915 3.257 2.4634 0.49444 0.02002 -0.65562 1.0241 -2.071 -0.30344 0.7866 -3.8971 -0.65953 -0.49444 -0.02002 0.65562 -0.11866 -2.156 0.9258 -0.74211 -3.864 0.4652
15 169 312 0.32702 4.9875 0.43326 0.33017 3.6921 0.43814 1.1806 3.6599 -0.1298 1.6287 2.1904 0.59661 1.835 3.0078 1.9613 -0.51563 3.7547 1.0104 -0.38041 2.1758 1.6242 0.48433 3.0188 2.6799 0.6153 0.016747 -0.5439 1.0858 -2.0617 -0.058758 0.9225 -3.8834 -0.47423 -0.6153 -0.016748 0.5439 -0.29502 -2.1487 0.90303 -0.79914 -3.8523 0.30183
15 169 324 0.40995 4.9875 0.35581 0.41405 3.6921 0.35992 1.1278 3.6599 -0.37242 1.7172 2.1904 0.24495 2.2026 3.0078 1.5369 -0.29429 3.7547 1.0956 -0.034413 2.1758 1.6678 1.0309 3.0188 2.5206 0.48877 0.016747 -0.65994 1.0498 -2.0617 -0.28322 0.80374 -3.8834 -0.65567 -0.48877 -0.016748 0.65994 -0.10083 -2.1487 0.94463 -0.71892 -3.8523 0.46138
15 170 312 0.44589 4.9683 0.52674 0.42395 3.6736 0.51043 1.2658 3.6399 -0.070022 1.683 2.1315 0.59222 1.9888 2.7803 2.027 -0.41273 3.7375 1.0958 -0.3151 2.1279 1.6319 0.61307 2.786 2.7625 0.60988 0.014057 -0.55004 1.1232 -2.0442 -0.023907 0.95243 -3.8606 -0.45898 -0.60988 -0.014057 0.55004 -0.26079 -2.1345 0.9482 -0.77619 -3.8227 0.31393
15 170 324 0.54566 4.9683 0.42253 0.52081 3.6736 0.41114 1.2236 3.6399 -0.33167 1.7693 2.1315 0.22937 2.3668 2.7803 1.5692 -0.17587 3.7375 1.1577 0.031077 2.1279 1.6618 1.174 2.786 2.5747 0.4822 0.014057 -0.66482 1.0937 -2.0442 -0.25691 0.83619 -3.8606 -0.64697 -0.4822 -0.014057 0.66482 -0.05795 -2.1345 0.9817 -0.69396 -3.8227 0.46845
15 171 300 0.4265 4.9435 0.73183 0.38049 3.6509 0.68326 1.3163 3.6092 0.27189 1.5815 2.0756 0.95423 1.6739 2.5723 2.4766 -0.55062 3.7225 1.1013 -0.58496 2.0966 1.5943 0.15438 2.5833 2.932 0.7063 0.013372 -0.41912 1.1414 -2.0157 0.26684 1.0475 -3.8213 -0.23193 -0.7063 -0.013373 0.41912 -0.41867 -2.1162 0.94081 -0.80248 -3.7799 0.1644
15 171 312 0.56933 4.9435 0.62716 0.51423 3.6509 0.58922 1.3441 3.6092 -0.0077393 1.7453 2.0756 0.60456 2.1522 2.5723 2.0745 -0.30962 3.7225 1.1917 -0.24071 2.0966 1.6811 0.7606 2.5833 2.8358 0.60372 0.013372 -0.55681 1.1719 -2.0157 0.023709 0.97635 -3.8213 -0.44464 -0.60372 -0.013373 0.55681 -0.21391 -2.1162 1.0073 -0.75076 -3.7799 0.32765
15 172 300 0.55077 4.9103 0.8518 0.47464 3.6217 0.77618 1.3974 3.5723 0.33704 1.6712 2.0227 0.97878 1.854 2.4021 2.5265 -0.44253 3.7007 1.2227 -0.49032 2.0682 1.6924 0.32905 2.4243 3.0246 0.70015 0.0085979 -0.42943 1.2007 -1.9721 0.34726 1.0787 -3.7598 -0.20681 -0.70015 -0.0085979 0.42943 -0.36507 -2.085 1.0238 -0.77024 -3.7147 0.18843
15 172 312 0.71584 4.9103 0.71868 0.62565 3.6217 0.66053 1.437 3.5723 0.039134 1.8381 2.0227 0.60993 2.3388 2.4021 2.0859 -0.17865 3.7007 1.288 -0.12773 2.0682 1.7574 0.95071 2.4243 2.8901 0.59557 0.0085979 -0.56561 1.2467 -1.9721 0.090031 1.0122 -3.7598 -0.42657 -0.59557 -0.0085979 0.56561 -0.14424 -2.085 1.0773 -0.71423 -3.7147 0.34445
15 173 300 0.65918 4.8761 0.95356 0.55721 3.5929 0.85403 1.4633 3.539 0.38196 1.7563 1.9818 0.99602 2.0145 2.3177 2.5431 -0.34246 3.676 1.3341 -0.38256 2.0437 1.8052 0.51902 2.3362 3.0993 0.69248 0.005435 -0.44175 1.2634 -1.9099 0.44274 1.1035 -3.6723 -0.17879 -0.69248 -0.005435 0.44175 -0.30403 -2.0463 1.1205 -0.73854 -3.6269 0.20904
C11
15 171 36 0.68324 4.9435 -0.50066 0.63974 3.6509 -0.44982 0.1328 3.6092 -1.3376 0.78369 2.0756 -1.6726 2.2881 2.5723 -1.9236 1.1528 3.7225 0.43249 1.6467 2.0966 0.41511 2.8998 2.5833 -0.46001 -0.49065 0.013372 -0.65862 0.14608 -2.0157 -1.163 -0.34014 -3.8213 -1.0175 0.49065 -0.013373 0.65862 0.97942 -2.1162 0.31803 0.24738 -3.7799 0.78089
15 168 24 0.40385 5.001 -0.092576 0.43427 3.7051 -0.11891 0.17341 3.6826 -1.108 1.0863 2.2672 -1.3343 2.3258 3.2435 -1.0452 0.69993 3.7582 0.86771 1.4492 2.2334 0.91029 2.5909 3.257 0.43929 -0.32056 0.02002 -0.756 0.24924 -2.071 -1.0386 -0.17787 -3.8971 -1.011 0.32056 -0.02002 0.756 0.74244 -2.156 0.56566 0.031819 -3.864 0.87528
15 169 24 0.51311 4.9875 -0.17712 0.51873 3.6921 -0.17861 0.24138 3.6599 -1.1629 1.0707 2.1904 -1.3646 2.4323 3.0078 -1.1391 0.80163 3.7547 0.80264 1.4271 2.1758 0.8637 2.6984 3.0188 0.3675 -0.32714 0.016747 -0.75326 0.27964 -2.0617 -1.0508 -0.16596 -3.8834 -1.0239 0.32714 -0.016748 0.75326 0.76766 -2.1487 0.55963 0.040108 -3.8523 0.85329
15 170 24 0.63875 4.9683 -0.26129 0.61646 3.6736 -0.24546 0.32456 3.6399 -1.2255 1.0833 2.1315 -1.4176 2.5423 2.7803 -1.2651 0.91466 3.7375 0.73116 1.4547 2.1279 0.80396 2.8168 2.786 0.27061 -0.33465 0.014057 -0.75001 0.32435 -2.0442 -1.0756 -0.1422 -3.8606 -1.0477 0.33465 -0.014057 0.75001 0.82121 -2.1345 0.54104 0.058713 -3.8227 0.83521
15 170 36 0.57046 4.9683 -0.38838 0.55195 3.6736 -0.36827 0.062675 3.6399 -1.2662 0.7649 2.1315 -1.6118 2.2237 2.7803 -1.7661 1.0467 3.7375 0.52501 1.59 2.1279 0.48395 2.8115 2.786 -0.32095 -0.48328 0.014057 -0.66404 0.093631 -2.0442 -1.1196 -0.35691 -3.8606 -0.99519 0.48328 -0.014057 0.66404 0.91575 -2.1345 0.35848 0.23108 -3.8227 0.80476
15 171 24 0.7724 4.9435 -0.34766 0.71929 3.6509 -0.30698 0.40799 3.6092 -1.2807 1.1143 2.0756 -1.4731 2.638 2.5723 -1.4058 1.0377 3.7225 0.66271 1.5244 2.0966 0.74841 2.932 2.5833 0.15294 -0.343 0.013372 -0.74624 0.38469 -2.0157 -1.1072 -0.12117 -3.8213 -1.066 0.343 -0.013373 0.74624 0.89189 -2.1162 0.51472 0.07962 -3.7799 0.81526
15 171 36 0.68324 4.9435 -0.50066 0.63974 3.6509 -0.44982 0.1328 3.6092 -1.3376 0.78369 2.0756 -1.6726 2.2881 2.5723 -1.9236 1.1528 3.7225 0.43249 1.6467 2.0966 0.41511 2.8998 2.5833 -0.46001 -0.49065 0.013372 -0.65862 0.14608 -2.0157 -1.163 -0.34014 -3.8213 -1.0175 0.49065 -0.013373 0.65862 0.97942 -2.1162 0.31803 0.24738 -3.7799 0.78089
15 172 24 0.90471 4.9103 -0.45872 0.82154 3.6217 -0.39091 0.48126 3.5723 -1.3545 1.1481 2.0227 -1.5597 2.7065 2.4021 -1.5798 1.1697 3.7007 0.56791 1.6319 2.0682 0.66454 3.0424 2.4243 -0.011086 -0.35389 0.0085979 -0.74121 0.47087 -1.9721 -1.1578 -0.092919 -3.7598 -1.0944 0.35389 -0.0085979 0.74121 0.97999 -2.085 0.47008 0.10688 -3.7147 0.78572
15 172 36 0.78956 4.9103 -0.63679 0.72231 3.6217 -0.55317 0.18912 3.5723 -1.425 0.79873 2.0227 -1.7643 2.3189 2.4021 -2.1079 1.2622 3.7007 0.3123 1.7344 2.0682 0.31073 2.9737 2.4243 -0.6434 -0.50026 0.0085979 -0.65143 0.21985 -1.9721 -1.2304 -0.31844 -3.7598 -1.0512 0.50026 -0.0085979 0.65143 1.0563 -2.085 0.25606 0.26791 -3.7147 0.74632
15 173 36 0.87943 4.8761 -0.75525 0.7911 3.5929 -0.64342 0.22691 3.539 -1.4952 0.80699 1.9818 -1.8508 2.3186 2.3177 -2.2693 1.3626 3.676 0.20112 1.8353 2.0437 0.19177 3.028 2.3362 -0.84014 -0.51171 0.005435 -0.64251 0.30826 -1.9099 -1.3028 -0.29316 -3.6723 -1.0788 0.51171 -0.005435 0.64251 1.1461 -2.0463 0.18524 0.2851 -3.6269 0.71265
15 174 36 0.93986 4.8456 -0.85293 0.83761 3.5686 -0.71838 0.24421 3.5114 -1.5499 0.81231 1.9556 -1.9301 2.2927 2.3317 -2.42 1.4388 3.6547 0.10499 1.939 2.0313 0.058128 3.0644 2.3383 -1.0429 -0.52323 0.0024753 -0.63318 0.39856 -1.8344 -1.3769 -0.27285 -3.5639 -1.1016 0.52323 -0.0024753 0.63318 1.2482 -1.9986 0.11676 0.29876 -3.5109 0.69066
C12
15 172 324 0.84962 4.9103 0.55414 0.74931 3.6217 0.51602 1.4137 3.5723 -0.26048 1.9248 2.0227 0.21444 2.7214 2.4021 1.554 0.093035 3.7007 1.297 0.24044 2.0682 1.7455 1.5308 2.4243 2.6293 0.46496 0.0085979 -0.67708 1.2382 -1.9721 -0.17114 0.90135 -3.7598 -0.62769 -0.46496 -0.0085979 0.67708 0.082893 -2.085 1.0837 -0.62701 -3.7147 0.48542
15 171 324 0.68729 4.9435 0.49509 0.6255 3.6509 0.46943 1.3131 3.6092 -0.28703 1.8329 2.0756 0.22847 2.5365 2.5723 1.5817 -0.055096 3.7225 1.23 0.11406 2.0966 1.6944 1.3336 2.5833 2.6157 0.47476 0.013372 -0.67016 1.1512 -2.0157 -0.22046 0.86257 -3.8213 -0.63792 -0.47476 -0.013373 0.67016 0.00018802 -2.1162 1.0298 -0.66623 -3.7799 0.47658
15 171 336 0.7752 4.9435 0.34137 0.70943 3.6509 0.32912 1.2248 3.6092 -0.55377 1.8403 2.0756 -0.1576 2.8099 2.5723 1.0197 0.20184 3.7225 1.2146 0.46384 2.0966 1.6336 1.8483 2.5833 2.2813 0.32505 0.013372 -0.75423 1.0802 -2.0157 -0.455 0.71109 -3.8213 -0.80331 -0.32505 -0.013373 0.75423 0.21428 -2.1162 1.0072 -0.55258 -3.7799 0.60469
15 172 324 0.84962 4.9103 0.55414 0.74931 3.6217 0.51602 1.4137 3.5723 -0.26048 1.9248 2.0227 0.21444 2.7214 2.4021 1.554 0.093035 3.7007 1.297 0.24044 2.0682 1.7455 1.5308 2.4243 2.6293 0.46496 0.0085979 -0.67708 1.2382 -1.9721 -0.17114 0.90135 -3.7598 -0.62769 -0.46496 -0.0085979 0.67708 0.082893 -2.085 1.0837 -0.62701 -3.7147 0.48542
15 172 336 0.94626 4.9103 0.36539 0.84022 3.6217 0.34895 1.3286 3.5723 -0.54871 1.9273 2.0227 -0.19044 2.985 2.4021 0.95426 0.36066 3.7007 1.2493 0.59811 2.0682 1.6574 2.044 2.4243 2.2536 0.31403 0.0085979 -0.75896 1.1755 -1.9721 -0.42482 0.75115 -3.7598 -0.80138 -0.31403 -0.0085979 0.75896 0.3064 -2.085 1.0428 -0.51238 -3.7147 0.60518
15 173 312 0.84303 4.8761 0.79567 0.72259 3.5929 0.71951 1.5108 3.539 0.069369 1.925 1.9818 0.60911 2.4992 2.3177 2.0687 -0.05759 3.676 1.3762 0.0011278 2.0437 1.8453 1.1521 2.3362 2.9236 0.5855 0.005435 -0.57607 1.3279 -1.9099 0.17039 1.0422 -3.6723 -0.40432 -0.5855 -0.005435 0.57607 -0.06442 -2.0463 1.1592 -0.67894 -3.6269 0.35803
15 173 324 0.99004 4.8761 0.603 0.8564 3.5929 0.55356 1.4922 3.539 -0.24625 2.0096 1.9818 0.19557 2.8747 2.3177 1.5039 0.22979 3.676 1.3581 0.38477 2.0437 1.8048 1.7347 2.3362 2.6202 0.45294 0.005435 -0.68521 1.3343 -1.9099 -0.10941 0.9354 -3.6723 -0.61217 -0.45294 -0.005435 0.68521 0.178 -2.0463 1.1473 -0.58967 -3.6269 0.49136
15 173 336 1.0938 4.8761 0.38398 0.95277 3.5929 0.3634 1.4084 3.539 -0.55111 2.0063 1.9818 -0.22651 3.1245 2.3177 0.87334 0.50713 3.676 1.2806 0.75159 2.0437 1.6853 2.2416 2.3362 2.2023 0.30057 0.005435 -0.76441 1.2824 -1.9099 -0.38443 0.78768 -3.6723 -0.79328 -0.30057 -0.005435 0.76441 0.41264 -2.0463 1.0852 -0.47462 -3.6269 0.60323
C13
15 171 132 -0.56933 4.9435 -0.62716 -0.51423 3.6509 -0.58922 -1.3441 3.6092 0.0077392 -1.7453 2.0756 -0.60456 -2.1522 2.5723 -2.0745 0.30962 3.7225 -1.1917 0.24071 2.0966 -1.6811 -0.7606 2.5833 -2.8358 -0.60372 0.013372 0.55681 -1.1719 -2.0157 -0.023709 -0.97635 -3.8213 0.44464 0.60372 -0.013373 -0.55681 0.21391 -2.1162 -1.0073 0.75076 -3.7799 -0.32765
15 168 132 -0.21284 5.001 -0.35548 -0.24729 3.7051 -0.37627 -1.1073 3.6826 0.17746 -1.6047 2.2672 -0.62081 -1.7127 3.2435 -1.889 0.60895 3.7582 -0.93381 0.41792 2.2334 -1.6595 -0.38283 3.257 -2.5998 -0.61994 0.02002 0.53849 -1.0648 -2.071 0.0839 -0.90653 -3.8971 0.48158 0.61994 -0.02002 -0.53849 0.30855 -2.156 -0.8809 0.82261 -3.864 -0.30074
15 168 144 -0.2821 5.001 -0.30346 -0.32011 3.7051 -0.31663 -1.0462 3.6826 0.40381 -1.6987 2.2672 -0.27361 -2.068 3.2435 -1.4916 0.40149 3.7582 -1.04 0.063751 2.2334 -1.7102 -0.915 3.257 -2.4634 -0.49444 0.02002 0.65562 -1.0241 -2.071 0.30344 -0.7866 -3.8971 0.65953 0.49444 -0.02002 -0.65562 0.11866 -2.156 -0.9258 0.74211 -3.864 -0.4652
15 169 132 -0.32702 4.9875 -0.43326 -0.33017 3.6921 -0.43814 -1.1806 3.6599 0.1298 -1.6287 2.1904 -0.59661 -1.835 3.0078 -1.9613 0.51563 3.7547 -1.0104 0.38041 2.1758 -1.6242 -0.48433 3.0188 -2.6799 -0.6153 0.016747 0.5439 -1.0858 -2.0617 0.058758 -0.9225 -3.8834 0.47423 0.6153 -0.016748 -0.5439 0.29502 -2.1487 -0.90303 0.79914 -3.8523 -0.30183
15 169 144 -0.40995 4.9875 -0.35581 -0.41405 3.6921 -0.35992 -1.1278 3.6599 0.37242 -1.7172 2.1904 -0.24495 -2.2026 3.0078 -1.5369 0.29429 3.7547 -1.0956 0.034413 2.1758 -1.6678 -1.0309 3.0188 -2.5206 -0.48877 0.016747 0.65994 -1.0498 -2.0617 0.28322 -0.80374 -3.8834 0.65567 0.48877 -0.016748 -0.65994 0.10083 -2.1487 -0.94463 0.71892 -3.8523 -0.46138
15 170 132 -0.44589 4.9683 -0.52674 -0.42395 3.6736 -0.51043 -1.2658 3.6399 0.070022 -1.683 2.1315 -0.59222 -1.9888 2.7803 -2.027 0.41273 3.7375 -1.0958 0.3151 2.1279 -1.6319 -0.61307 2.786 -2.7625 -0.60988 0.014057 0.55004 -1.1232 -2.0442 0.023907 -0.95243 -3.8606 0.45898 0.60988 -0.014057 -0.55004 0.26079 -2.1345 -0.9482 0.77619 -3.8227 -0.31393
15 170 144 -0.54566 4.9683 -0.42253 -0.52081 3.6736 -0.41114 -1.2236 3.6399 0.33167 -1.7693 2.1315 -0.22937 -2.3668 2.7803 -1.5692 0.17587 3.7375 -1.1577 -0.031077 2.1279 -1.6618 -1.174 2.786 -2.5747 -0.4822 0.014057 0.66482 -1.0937 -2.0442 0.25691 -0.83619 -3.8606 0.64697 0.4822 -0.014057 -0.66482 0.05795 -2.1345 -0.9817 0.69396 -3.8227 -0.46845
15 171 120 -0.4265 4.9435 -0.73183 -0.38049 3.6509 -0.68326 -1.3163 3.6092 -0.27189 -1.5815 2.0756 -0.95423 -1.6739 2.5723 -2.4766 0.55062 3.7225 -1.1013 0.58496 2.0966 -1.5943 -0.15438 2.5833 -2.932 -0.7063 0.013372 0.41912 -1.1414 -2.0157 -0.26684 -1.0475 -3.8213 0.23193 0.7063 -0.013373 -0.41912 0.41867 -2.1162 -0.94081 0.80248 -3.7799 -0.1644
15 171 132 -0.56933 4.9435 -0.62716 -0.51423 3.6509 -0.58922 -1.3441 3.6092 0.0077392 -1.7453 2.0756 -0.60456 -2.1522 2.5723 -2.0745 0.30962 3.7225 -1.1917 0.24071 2.0966 -1.6811 -0.7606 2.5833 -2.8358 -0.60372 0.013372 0.55681 -1.1719 -2.0157 -0.023709 -0.97635 -3.8213 0.44464 0.60372 -0.013373 -0.55681 0.21391 -2.1162 -1.0073 0.75076 -3.7799 -0.32765
15 172 120 -0.55077 4.9103 -0.8518 -0.47464 3.6217 -0.77618 -1.3974 3.5723 -0.33704 -1.6712 2.0227 -0.97878 -1.854 2.4021 -2.5265 0.44253 3.7007 -1.2227 0.49032 2.0682 -1.6924 -0.32905 2.4243 -3.0246 -0.70015 0.0085979 0.42943 -1.2007 -1.9721 -0.34726 -1.0787 -3.7598 0.20681 0.70015 -0.0085979 -0.42943 0.36507 -2.085 -1.0238 0.77024 -3.7147 -0.18843
15 172 132 -0.71584 4.9103 -0.71868 -0.62565 3.6217 -0.66053 -1.437 3.5723 -0.039134 -1.8381 2.0227 -0.60993 -2.3388 2.4021 -2.0859 0.17865 3.7007 -1.288 0.12773 2.0682 -1.7574 -0.95071 2.4243 -2.8901 -0.59557 0.0085979 0.56561 -1.2467 -1.9721 -0.090032 -1.0122 -3.7598 0.42657 0.59557 -0.0085979 -0.56561 0.14424 -2.085 -1.0773 0.71423 -3.7147 -0.34445
15 173 120 -0.65918 4.8761 -0.95356 -0.55721 3.5929 -0.85403 -1.4633 3.539 -0.38196 -1.7563 1.9818 -0.99602 -2.0145 2.3177 -2.5431 0.34246 3.676 -1.3341 0.38256 2.0437 -1.8052 -0.51902 2.3362 -3.0993 -0.69248 0.005435 0.44175 -1.2634 -1.9099 -0.44274 -1.1035 -3.6723 0.17879 0.69248 -0.005435 -0.44175 0.30403 -2.0463 -1.1205 0.73854 -3.6269 -0.20904
15 173 132 -0.84303 4.8761 -0.79567 -0.72259 3.5929 -0.71951 -1.5108 3.539 -0.069369 -1.925 1.9818 -0.60911 -2.4992 2.3177 -2.0687 0.05759 3.676 -1.3762 -0.0011277 2.0437 -1.8453 -1.1521 2.3362 -2.9236 -0.5855 0.005435 0.57607 -1.3279 -1.9099 -0.17039 -1.0422 -3.6723 0.40432 0.5855 -0.005435 -0.57607 0.06442 -2.0463 -1.1592 0.67894 -3.6269 -0.35803
C14
15 168 60 0.27231 5.001 -0.31227 0.28144 3.7051 -0.35146 -0.51096 3.6826 -0.99829 0.094553 2.2672 -1.718 1.2672 3.2435 -2.2126 1.0763 3.7582 0.29058 1.7075 2.2334 -0.11536 2.3543 3.257 -1.1675 -0.70371 0.02002 -0.4232 -0.40882 -2.071 -0.98673 -0.73814 -3.8971 -0.71335 0.70371 -0.02002 0.4232 0.93313 -2.156 0.021237 0.54022 -3.864 0.68942
15 168 60 0.27231 5.001 -0.31227 0.28144 3.7051 -0.35146 -0.51096 3.6826 -0.99829 0.094553 2.2672 -1.718 1.2672 3.2435 -2.2126 1.0763 3.7582 0.29058 1.7075 2.2334 -0.11536 2.3543 3.257 -1.1675 -0.70371 0.02002 -0.4232 -0.40882 -2.071 -0.98673 -0.73814 -3.8971 -0.71335 0.70371 -0.02002 0.4232 0.93313 -2.156 0.021237 0.54022 -3.864 0.68942
15 168 72 0.20143 5.001 -0.36207 0.20222 3.7051 -0.40229 -0.70735 3.6826 -0.87025 -0.2647 2.2672 -1.7001 0.77953 3.2435 -2.4277 1.1132 3.7582 0.060462 1.6462 2.2334 -0.46784 2.0601 3.257 -1.6314 -0.77632 0.02002 -0.26764 -0.60504 -2.071 -0.88016 -0.87033 -3.8971 -0.54429 0.77632 -0.02002 0.26764 0.91716 -2.156 -0.17324 0.67175 -3.864 0.56203
15 169 60 0.31101 4.9875 -0.4449 0.31467 3.6921 -0.4494 -0.48826 3.6599 -1.0827 0.064112 2.1904 -1.7334 1.2983 3.0078 -2.3512 1.1203 3.7547 0.17816 1.6623 2.1758 -0.14011 2.399 3.0188 -1.2888 -0.70742 0.016747 -0.41711 -0.3914 -2.0617 -1.0145 -0.73609 -3.8834 -0.7308 0.70742 -0.016748 0.41711 0.95 -2.1487 0.0015329 0.534 -3.8523 0.66675
15 169 72 0.21171 4.9875 -0.49984 0.21436 3.6921 -0.505 -0.7027 3.6599 -0.95752 -0.29768 2.1904 -1.7088 0.78103 3.0078 -2.5698 1.1329 3.7547 -0.05866 1.5968 2.1758 -0.48265 2.0787 3.0188 -1.7594 -0.77868 0.016747 -0.26092 -0.59377 -2.0617 -0.91092 -0.87195 -3.8834 -0.56179 0.77868 -0.016748 0.26092 0.92956 -2.1487 -0.19602 0.66096 -3.8523 0.54116
15 170 60 0.36317 4.9683 -0.58684 0.35444 3.6736 -0.56093 -0.45775 3.6399 -1.1822 0.04317 2.1315 -1.7836 1.3132 2.7803 -2.5179 1.1697 3.7375 0.053898 1.6494 2.1279 -0.20461 2.4379 2.786 -1.4367 -0.71158 0.014057 -0.41006 -0.36983 -2.0442 -1.0609 -0.73084 -3.8606 -0.76399 0.71158 -0.014057 0.41006 0.98238 -2.1345 -0.044983 0.53843 -3.8227 0.64119
15 170 72 0.23323 4.9683 -0.64952 0.23008 3.6736 -0.62237 -0.69355 3.6399 -1.0612 -0.32861 2.1315 -1.7536 0.76098 2.7803 -2.7359 1.1554 3.7375 -0.19048 1.5708 2.1279 -0.54307 2.0859 2.786 -1.9122 -0.78129 0.014057 -0.25315 -0.58231 -2.0442 -0.96078 -0.87371 -3.8606 -0.59534 0.78129 -0.014057 0.25315 0.95156 -2.1345 -0.24825 0.65997 -3.8227 0.51524
15 171 60 0.42053 4.9435 -0.73527 0.40148 3.6509 -0.67114 -0.42271 3.6092 -1.2759 0.035632 2.0756 -1.8467 1.3079 2.5723 -2.6879 1.229 3.7225 -0.073776 1.6732 2.0966 -0.29054 2.462 2.5833 -1.5997 -0.71612 0.013372 -0.40211 -0.33959 -2.0157 -1.1219 -0.72458 -3.8213 -0.79117 0.71612 -0.013373 0.40211 1.0241 -2.1162 -0.10783 0.54361 -3.7799 0.61276
15 171 72 0.25847 4.9435 -0.80664 0.25317 3.6509 -0.73994 -0.67876 3.6092 -1.1602 -0.34911 2.0756 -1.8138 0.72044 2.5723 -2.9011 1.1868 3.7225 -0.32769 1.5762 2.0966 -0.63206 2.0756 2.5833 -2.0766 -0.78407 0.013372 -0.24443 -0.56542 -2.0157 -1.0268 -0.87324 -3.8213 -0.62323 0.78407 -0.013373 0.24444 0.9793 -2.1162 -0.31839 0.65914 -3.7799 0.48635
15 172 60 0.4623 4.9103 -0.90288 0.43487 3.6217 -0.79914 -0.40683 3.5723 -1.3787 0.012066 2.0227 -1.9367 1.261 2.4021 -2.8689 1.2801 3.7007 -0.22809 1.7108 2.0682 -0.42158 2.4549 2.4243 -1.7973 -0.72197 0.0085979 -0.39164 -0.29962 -1.9721 -1.2135 -0.71847 -3.7598 -0.8308 0.72197 -0.0085979 0.39164 1.0691 -2.085 -0.19572 0.5483 -3.7147 0.57283
15 172 72 0.26447 4.9103 -0.97927 0.25921 3.6217 -0.87209 -0.68459 3.5723 -1.264 -0.39085 2.0227 -1.8968 0.63701 2.4021 -3.0684 1.2047 3.7007 -0.48926 1.5858 2.0682 -0.76808 2.0276 2.4243 -2.2684 -0.78762 0.0085979 -0.23297 -0.54537 -1.9721 -1.1247 -0.8755 -3.7598 -0.66327 0.78762 -0.0085979 0.23297 1.0051 -2.085 -0.41373 0.65542 -3.7147 0.44632
15 173 60 0.49621 4.8761 -1.0476 0.46101 3.5929 -0.90957 -0.40088 3.539 -1.4583 -0.015553 1.9818 -2.019 1.1952 2.3177 -3.0161 1.3266 3.676 -0.37049 1.7547 2.0437 -0.57131 2.4245 2.3362 -1.9991 -0.72881 0.005435 -0.37883 -0.24828 -1.9099 -1.3155 -0.7066 -3.6723 -0.86629 0.72881 -0.005435 0.37883 1.1224 -2.0463 -0.29695 0.55031 -3.6269 0.53507
15 173 72 0.26755 4.8761 -1.1279 0.26182 3.5929 -0.98554 -0.69531 3.539 -1.343 -0.43498 1.9818 -1.9716 0.54195 2.3177 -3.1987 1.2206 3.676 -0.63822 1.5975 2.0437 -0.92364 1.9559 2.3362 -2.4595 -0.79164 0.005435 -0.21903 -0.51637 -1.9099 -1.2352 -0.87127 -3.6723 -0.70045 0.79164 -0.005435 0.21902 1.0361 -2.0463 -0.52382 0.64953 -3.6269 0.40897
15 174 60 0.51169 4.8456 -1.1615 0.47301 3.5686 -0.99696 -0.4073 3.5114 -1.5152 -0.042947 1.9556 -2.0936 1.1101 2.3317 -3.1433 1.3571 3.6547 -0.48931 1.795 2.0313 -0.73557 2.3753 2.3383 -2.1991 -0.73553 0.0024753 -0.36563 -0.19592 -1.8344 -1.4199 -0.69733 -3.5639 -0.89541 0.73553 -0.0024753 0.36563 1.1878 -1.9986 -0.40102 0.55385 -3.5109 0.50944
15 174 72 0.25902 4.8456 -1.2425 0.25539 3.5686 -1.0735 -0.71343 3.5114 -1.3974 -0.47729 1.9556 -2.0389 0.43236 2.3317 -3.3054 1.2257 3.6547 -0.76078 1.6029 2.0313 -1.0927 1.8661 2.3383 -2.6449 -0.79548 0.0024753 -0.20471 -0.48686 -1.8344 -1.3482 -0.86826 -3.5639 -0.73086 0.79548 -0.0024753 0.20471 1.0784 -1.9986 -0.63921 0.64766 -3.5109 0.38315
C15
15 171 48 0.56422 4.9435 -0.63177 0.53224 3.6509 -0.573 -0.14819 3.6092 -1.3359 0.41881 2.0756 -1.799 1.8382 2.5723 -2.3573 1.2175 3.7225 0.18336 1.697 2.0966 0.063678 2.7408 2.5833 -1.0529 -0.61687 0.013372 -0.54221 -0.098918 -2.0157 -1.168 -0.54426 -3.8213 -0.92453 0.61687 -0.013373 0.54221 1.0241 -2.1162 0.10745 0.40433 -3.7799 0.7124
15 168 36 0.37578 5.001 -0.17452 0.40006 3.7051 -0.2066 -0.060741 3.6826 -1.1198 0.78514 2.2672 -1.531 2.0576 3.2435 -1.5059 0.86504 3.7582 0.70322 1.6068 2.2334 0.5891 2.6256 3.257 -0.10898 -0.47074 0.02002 -0.67283 0.027858 -2.071 -1.0677 -0.38418 -3.8971 -0.95191 0.47074 -0.02002 0.67283 0.84382 -2.156 0.39894 0.2131 -3.864 0.84954
15 168 48 0.33129 5.001 -0.24883 0.34836 3.7051 -0.28526 -0.29224 3.6826 -1.0827 0.44967 2.2672 -1.6608 1.6996 3.2435 -1.9008 0.99235 3.7582 0.508 1.6941 2.2334 0.24216 2.5456 3.257 -0.65249 -0.60034 0.02002 -0.56026 -0.19474 -2.071 -1.0502 -0.5737 -3.8971 -0.85123 0.60034 -0.02002 0.56026 0.90833 -2.156 0.21478 0.38508 -3.864 0.78667
15 169 36 0.46507 4.9875 -0.27994 0.47025 3.6921 -0.28256 -0.0056821 3.6599 -1.1877 0.76359 2.1904 -1.5574 2.1423 3.0078 -1.6199 0.95099 3.7547 0.61843 1.5755 2.1758 0.5481 2.7158 3.0188 -0.20156 -0.4766 0.016747 -0.66878 0.055058 -2.0617 -1.086 -0.37521 -3.8834 -0.96701 0.4766 -0.016748 0.66878 0.86724 -2.1487 0.3878 0.21664 -3.8523 0.82631
15 169 48 0.39671 4.9875 -0.37051 0.40123 3.6921 -0.37416 -0.25249 3.6599 -1.1605 0.4231 2.1904 -1.6822 1.7587 3.0078 -2.0299 1.0588 3.7547 0.40719 1.6551 2.1758 0.20856 2.6146 3.0188 -0.7618 -0.60524 0.016747 -0.55508 -0.17193 -2.0617 -1.0737 -0.56806 -3.8834 -0.86787 0.60524 -0.016748 0.55508 0.92892 -2.1487 0.19901 0.38371 -3.8523 0.76321
15 170 48 0.47725 4.9683 -0.4985 0.46332 3.6736 -0.47498 -0.20195 3.6399 -1.2516 0.41306 2.1315 -1.7357 1.808 2.7803 -2.1898 1.133 3.7375 0.29592 1.6559 2.1279 0.14279 2.6833 2.786 -0.89847 -0.61078 0.014057 -0.54905 -0.14118 -2.0442 -1.1146 -0.55602 -3.8606 -0.89924 0.61078 -0.014057 0.54905 0.97027 -2.1345 0.16025 0.39335 -3.8227 0.73913
15 171 48 0.56422 4.9435 -0.63177 0.53224 3.6509 -0.573 -0.14819 3.6092 -1.3359 0.41881 2.0756 -1.799 1.8382 2.5723 -2.3573 1.2175 3.7225 0.18336 1.697 2.0966 0.063678 2.7408 2.5833 -1.0529 -0.61687 0.013372 -0.54221 -0.098918 -2.0157 -1.168 -0.54426 -3.8213 -0.92453 0.61687 -0.013373 0.54221 1.0241 -2.1162 0.10745 0.40433 -3.7799 0.7124
15 172 48 0.63991 4.9103 -0.78704 0.59151 3.6217 -0.69126 -0.11128 3.5723 -1.4332 0.41446 2.0227 -1.8918 1.83 2.4021 -2.544 1.2996 3.7007 0.043043 1.7611 2.0682 -0.056667 2.7749 2.4243 -1.2476 -0.62477 0.0085979 -0.53319 -0.040775 -1.9721 -1.2493 -0.53003 -3.7598 -0.96203 0.62477 -0.0085979 0.53319 1.0865 -2.085 0.030842 0.41722 -3.7147 0.67431
15 173 48 0.70319 4.8761 -0.92159 0.64004 3.5929 -0.79384 -0.088929 3.539 -1.5097 0.40456 1.9818 -1.9781 1.7961 2.3177 -2.7017 1.3747 3.676 -0.086576 1.8351 2.0437 -0.19401 2.7872 2.3362 -1.4513 -0.63412 0.005435 -0.52208 0.030655 -1.9099 -1.3384 -0.51104 -3.6723 -0.99427 0.63412 -0.005435 0.52208 1.1596 -2.0463 -0.057104 0.42704 -3.6269 0.6378
15 174 48 0.74199 4.8456 -1.0297 0.66995 3.5686 -0.87683 -0.083362 3.5114 -1.5668 0.39328 1.9556 -2.0568 1.7394 2.3317 -2.8438 1.4292 3.6547 -0.19645 1.9087 2.0313 -0.34629 2.7806 2.3383 -1.6572 -0.64344 0.0024753 -0.51056 0.10358 -1.8344 -1.4296 -0.49593 -3.5639 -1.0208 0.64344 -0.0024753 0.51056 1.2452 -1.9986 -0.1453 0.43583 -3.5109 0.61345
C16
15 171 228 -0.56422 4.9435 0.63177 -0.53224 3.6509 0.573 0.14819 3.6092 1.3359 -0.41881 2.0756 1.799 -1.8382 2.5723 2.3573 -1.2175 3.7225 -0.18336 -1.697 2.0966 -0.063678 -2.7408 2.5833 1.0529 0.61687 0.013372 0.54221 0.098918 -2.0157 1.168 0.54426 -3.8213 0.92453 -0.61687 -0.013373 -0.54221 -1.0241 -2.1162 -0.10745 -0.40433 -3.7799 -0.7124
15 167 216 -0.31199 5.0087 0.089446 -0.34624 3.7126 0.15328 0.099076 3.7095 1.0744 -0.83014 2.3654 1.5411 -1.9761 3.4831 1.4391 -0.79534 3.7464 -0.7654 -1.6672 2.2979 -0.59292 -2.539 3.49 0.033042 0.46635 0.020961 0.67585 -0.015541 -2.0762 1.0587 0.3926 -3.9027 0.93556 -0.46635 -0.020961 -0.67585 -0.83221 -2.1593 -0.41067 -0.21061 -3.8694 -0.86581
15 168 216 -0.37578 5.001 0.17452 -0.40006 3.7051 0.2066 0.060741 3.6826 1.1198 -0.78514 2.2672 1.531 -2.0576 3.2435 1.5059 -0.86504 3.7582 -0.70322 -1.6068 2.2334 -0.5891 -2.6256 3.257 0.10898 0.47074 0.02002 0.67283 -0.027858 -2.071 1.0677 0.38418 -3.8971 0.95191 -0.47074 -0.02002 -0.67283 -0.84382 -2.156 -0.39894 -0.2131 -3.864 -0.84954
15 168 228 -0.33129 5.001 0.24883 -0.34836 3.7051 0.28526 0.29224 3.6826 1.0827 -0.44967 2.2672 1.6608 -1.6996 3.2435 1.9008 -0.99235 3.7582 -0.508 -1.6941 2.2334 -0.24216 -2.5456 3.257 0.65249 0.60034 0.02002 0.56026 0.19474 -2.071 1.0502 0.5737 -3.8971 0.85123 -0.60034 -0.02002 -0.56026 -0.90833 -2.156 -0.21478 -0.38508 -3.864 -0.78667
15 169 216 -0.46507 4.9875 0.27994 -0.47025 3.6921 0.28256 0.005682 3.6599 1.1877 -0.76359 2.1904 1.5574 -2.1423 3.0078 1.6199 -0.95099 3.7547 -0.61843 -1.5755 2.1758 -0.5481 -2.7158 3.0188 0.20156 0.4766 0.016747 0.66878 -0.055058 -2.0617 1.086 0.37521 -3.8834 0.96701 -0.4766 -0.016748 -0.66878 -0.86724 -2.1487 -0.3878 -0.21664 -3.8523 -0.82631
15 169 228 -0.39671 4.9875 0.37051 -0.40123 3.6921 0.37416 0.25249 3.6599 1.1605 -0.4231 2.1904 1.6822 -1.7587 3.0078 2.0299 -1.0588 3.7547 -0.40719 -1.6551 2.1758 -0.20856 -2.6146 3.0188 0.7618 0.60524 0.016747 0.55508 0.17193 -2.0617 1.0737 0.56806 -3.8834 0.86787 -0.60524 -0.016748 -0.55508 -0.92892 -2.1487 -0.19901 -0.38371 -3.8523 -0.76321
15 170 216 -0.57046 4.9683 0.38838 -0.55195 3.6736 0.36827 -0.062675 3.6399 1.2662 -0.7649 2.1315 1.6118 -2.2237 2.7803 1.7661 -1.0467 3.7375 -0.52501 -1.59 2.1279 -0.48395 -2.8115 2.786 0.32095 0.48328 0.014057 0.66404 -0.093631 -2.0442 1.1196 0.35691 -3.8606 0.99519 -0.48328 -0.014057 -0.66404 -0.91575 -2.1345 -0.35848 -0.23108 -3.8227 -0.80476
15 170 228 -0.47725 4.9683 0.4985 -0.46332 3.6736 0.47498 0.20195 3.6399 1.2516 -0.41306 2.1315 1.7357 -1.808 2.7803 2.1898 -1.133 3.7375 -0.29592 -1.6559 2.1279 -0.14279 -2.6833 2.786 0.89847 0.61078 0.014057 0.54905 0.14118 -2.0442 1.1146 0.55602 -3.8606 0.89924 -0.61078 -0.014057 -0.54905 -0.97027 -2.1345 -0.16025 -0.39335 -3.8227 -0.73913
15 171 228 -0.56422 4.9435 0.63177 -0.53224 3.6509 0.573 0.14819 3.6092 1.3359 -0.41881 2.0756 1.799 -1.8382 2.5723 2.3573 -1.2175 3.7225 -0.18336 -1.697 2.0966 -0.063678 -2.7408 2.5833 1.0529 0.61687 0.013372 0.54221 0.098918 -2.0157 1.168 0.54426 -3.8213 0.92453 -0.61687 -0.013373 -0.54221 -1.0241 -2.1162 -0.10745 -0.40433 -3.7799 -0.7124
15 172 228 -0.63991 4.9103 0.78704 -0.59151 3.6217 0.69126 0.11128 3.5723 1.4332 -0.41446 2.0227 1.8918 -1.83 2.4021 2.544 -1.2996 3.7007 -0.043043 -1.7611 2.0682 0.056667 -2.7749 2.4243 1.2476 0.62477 0.0085979 0.53319 0.040775 -1.9721 1.2493 0.53003 -3.7598 0.96203 -0.62477 -0.0085979 -0.53319 -1.0865 -2.085 -0.030843 -0.41722 -3.7147 -0.67431
15 173 228 -0.70319 4.8761 0.92159 -0.64004 3.5929 0.79384 0.088928 3.539 1.5097 -0.40456 1.9818 1.9781 -1.7961 2.3177 2.7017 -1.3747 3.676 0.086575 -1.8351 2.0437 0.19401 -2.7872 2.3362 1.4513 0.63412 0.005435 0.52208 -0.030656 -1.9099 1.3384 0.51104 -3.6723 0.99427 -0.63412 -0.005435 -0.52208 -1.1596 -2.0463 0.057104 -0.42704 -3.6269 -0.6378
C17
15 173 264 -0.027195 4.8761 1.1589 -0.051194 3.5929 1.0184 0.95935 3.539 1.1691 0.8354 1.9818 1.8381 0.13494 2.3177 3.2415 -1.0612 3.676 0.87805 -1.3706 2.0437 1.2356 -1.4018 2.3362 2.8124 0.81988 0.005435 0.049647 0.76189 -1.9099 1.1008 0.99786 -3.6723 0.504 -0.81988 -0.005435 -0.049647 -0.90457 -2.0463 0.72779 -0.72037 -3.6269 -0.26498
15 167 264 -0.14229 5.0087 0.2917 -0.11777 3.7126 0.35987 0.86474 3.7095 0.64529 0.5898 2.3654 1.6481 -0.25284 3.4831 2.4314 -1.101 3.7464 0.078903 -1.5562 2.2979 0.84224 -1.6744 3.49 1.909 0.81431 0.020961 0.10567 0.77635 -2.0762 0.71994 0.95795 -3.9027 0.33425 -0.81431 -0.020961 -0.10567 -0.86205 -2.1593 0.34366 -0.78435 -3.8694 -0.42283
15 167 276 -0.078531 5.0087 0.31491 -0.040379 3.7126 0.37649 0.98 3.7095 0.4514 0.91958 2.3654 1.4895 0.25821 3.4831 2.4309 -1.0605 3.7464 0.30609 -1.3471 2.2979 1.1474 -1.2409 3.49 2.2154 0.81848 0.020961 -0.065947 0.90906 -2.0762 0.54279 1.0065 -3.9027 0.12777 -0.81848 -0.020961 0.065948 -0.77176 -2.1593 0.51538 -0.85512 -3.8694 -0.25051
15 168 264 -0.12175 5.001 0.39604 -0.11416 3.7051 0.43554 0.87283 3.6826 0.70416 0.61238 2.2672 1.6079 -0.25775 3.2435 2.5367 -1.1014 3.7582 0.1723 -1.5129 2.2334 0.79987 -1.6759 3.257 2.0241 0.815 0.02002 0.10039 0.77482 -2.071 0.73514 0.96447 -3.8971 0.35145 -0.815 -0.02002 -0.10039 -0.8611 -2.156 0.36014 -0.77393 -3.864 -0.41009
15 168 276 -0.036753 5.001 0.4127 -0.021108 3.7051 0.44976 1.0002 3.6826 0.5073 0.9333 2.2672 1.4454 0.27531 3.2435 2.5349 -1.0415 3.7582 0.39754 -1.3136 2.2334 1.0969 -1.2184 3.257 2.3283 0.81806 0.02002 -0.071255 0.91073 -2.071 0.55798 1.0165 -3.8971 0.14324 -0.81806 -0.02002 0.071255 -0.7674 -2.156 0.5313 -0.84228 -3.864 -0.24022
15 169 264 -0.10316 4.9875 0.53293 -0.10468 3.6921 0.53854 0.88642 3.6599 0.79049 0.64645 2.1904 1.6096 -0.22968 3.0078 2.676 -1.0959 3.7547 0.29292 -1.4616 2.1758 0.80409 -1.6675 3.0188 2.1531 0.81591 0.016747 0.093317 0.77018 -2.0617 0.76756 0.9697 -3.8834 0.36822 -0.81591 -0.016748 -0.093317 -0.86849 -2.1487 0.385 -0.75903 -3.8523 -0.39191
15 169 276 0.0098951 4.9875 0.54273 0.0095765 3.6921 0.54853 1.0314 3.6599 0.58892 0.96698 2.1904 1.44 0.33171 3.0078 2.6653 -1.0111 3.7547 0.51437 -1.2624 2.1758 1.0904 -1.1834 3.0188 2.4527 0.81748 0.016747 -0.07836 0.91294 -2.0617 0.59066 1.0251 -3.8834 0.15857 -0.81748 -0.016748 0.07836 -0.76946 -2.1487 0.55715 -0.82392 -3.8523 -0.22554
15 170 264 -0.093089 4.9683 0.68382 -0.09565 3.6736 0.6566 0.89903 3.6399 0.89383 0.68602 2.1315 1.647 -0.17553 2.7803 2.8343 -1.0905 3.7375 0.42654 -1.4236 2.1279 0.85779 -1.6427 2.786 2.3041 0.81685 0.014057 0.085183 0.76934 -2.0442 0.81871 0.97839 -3.8606 0.40068 -0.81685 -0.014057 -0.085183 -0.87916 -2.1345 0.44067 -0.75267 -3.8227 -0.36676
15 170 276 0.051119 4.9683 0.68823 0.042955 3.6736 0.66214 1.0652 3.6399 0.68738 1.0135 2.1315 1.4683 0.41759 2.7803 2.8089 -0.97802 3.7375 0.64395 -1.2141 2.1279 1.135 -1.1278 2.786 2.5953 0.81671 0.014057 -0.086511 0.92275 -2.0442 0.64087 1.0403 -3.8606 0.1885 -0.81671 -0.014057 0.086511 -0.76832 -2.1345 0.61382 -0.81248 -3.8227 -0.20226
15 171 264 -0.085115 4.9435 0.84275 -0.09379 3.6509 0.77641 0.90513 3.6092 0.99369 0.71859 2.0756 1.7016 -0.10152 2.5723 2.9875 -1.0928 3.7225 0.56729 -1.4103 2.0966 0.94596 -1.5985 2.5833 2.4628 0.81776 0.013372 0.076075 0.76654 -2.0157 0.88676 0.98374 -3.8213 0.42805 -0.81776 -0.013373 -0.076075 -0.8917 -2.1162 0.51504 -0.74585 -3.7799 -0.33868
15 171 276 0.091962 4.9435 0.84203 0.069684 3.6509 0.77894 1.092 3.6092 0.78379 1.0567 2.0756 1.515 0.52184 2.5723 2.9433 -0.95093 3.7225 0.78209 -1.1828 2.0966 1.2185 -1.0515 2.5833 2.7413 0.81571 0.013372 -0.095609 0.93415 -2.0157 0.70801 1.0512 -3.8213 0.21417 -0.81571 -0.013373 0.095609 -0.76513 -2.1162 0.68918 -0.79997 -3.7799 -0.17621
15 172 264 -0.055092 4.9103 1.0129 -0.072231 3.6217 0.90693 0.93243 3.5723 1.0941 0.77668 2.0227 1.7741 0.014861 2.4021 3.1338 -1.0767 3.7007 0.72905 -1.3915 2.0682 1.081 -1.5116 2.4243 2.6404 0.81885 0.0085979 0.064126 0.76729 -1.9721 0.98671 0.99427 -3.7598 0.46675 -0.81885 -0.0085979 -0.064126 -0.8971 -2.085 0.61366 -0.73389 -3.7147 -0.30029
15 173 264 -0.027195 4.8761 1.1589 -0.051194 3.5929 1.0184 0.95935 3.539 1.1691 0.8354 1.9818 1.8381 0.13494 2.3177 3.2415 -1.0612 3.676 0.87805 -1.3706 2.0437 1.2356 -1.4018 2.3362 2.8124 0.81988 0.005435 0.049647 0.76189 -1.9099 1.1008 0.99786 -3.6723 0.504 -0.81988 -0.005435 -0.049647 -0.90457 -2.0463 0.72779 -0.72037 -3.6269 -0.26498
C18
15 170 240 -0.36317 4.9683 0.58684 -0.35444 3.6736 0.56093 0.45775 3.6399 1.1822 -0.04317 2.1315 1.7836 -1.3132 2.7803 2.5179 -1.1697 3.7375 -0.053898 -1.6494 2.1279 0.20461 -2.4379 2.786 1.4367 0.71158 0.014057 0.41006 0.36983 -2.0442 1.0609 0.73084 -3.8606 0.76399 -0.71158 -0.014057 -0.41006 -0.98238 -2.1345 0.044983 -0.53843 -3.8227 -0.64119
15 167 228 -0.28657 5.0087 0.15236 -0.30681 3.7126 0.22192 0.32029 3.7095 1.0303 -0.49158 2.3654 1.68 -1.6337 3.4831 1.8185 -0.9371 3.7464 -0.58331 -1.7541 2.2979 -0.23333 -2.4767 3.49 0.56021 0.59668 0.020961 0.56412 0.20491 -2.0762 1.0388 0.57854 -3.9027 0.83348 -0.59668 -0.020961 -0.56412 -0.89941 -2.1593 -0.22867 -0.38602 -3.8694 -0.8031
15 167 240 -0.24863 5.0087 0.20861 -0.25396 3.7126 0.28085 0.52751 3.7095 0.94122 -0.13154 2.3654 1.7455 -1.2199 3.4831 2.1184 -1.0379 3.7464 -0.37573 -1.7642 2.2979 0.13646 -2.3061 3.49 1.0629 0.70093 0.020961 0.42774 0.4164 -2.0762 0.97346 0.73918 -3.9027 0.69499 -0.70093 -0.020961 -0.42774 -0.9273 -2.1593 -0.036674 -0.54456 -3.8694 -0.7053
15 168 240 -0.27231 5.001 0.31228 -0.28144 3.7051 0.35146 0.51096 3.6826 0.99829 -0.094553 2.2672 1.718 -1.2672 3.2435 2.2126 -1.0763 3.7582 -0.29058 -1.7075 2.2334 0.11536 -2.3543 3.257 1.1675 0.70371 0.02002 0.4232 0.40882 -2.071 0.98673 0.73814 -3.8971 0.71335 -0.70371 -0.02002 -0.4232 -0.93313 -2.156 -0.021237 -0.54022 -3.864 -0.68942
15 169 240 -0.31101 4.9875 0.4449 -0.31467 3.6921 0.4494 0.48827 3.6599 1.0827 -0.064112 2.1904 1.7334 -1.2983 3.0078 2.3512 -1.1203 3.7547 -0.17816 -1.6623 2.1758 0.14011 -2.399 3.0188 1.2888 0.70742 0.016747 0.41711 0.3914 -2.0617 1.0145 0.73609 -3.8834 0.7308 -0.70742 -0.016748 -0.41711 -0.95 -2.1487 -0.0015328 -0.534 -3.8523 -0.66675
15 170 240 -0.36317 4.9683 0.58684 -0.35444 3.6736 0.56093 0.45775 3.6399 1.1822 -0.04317 2.1315 1.7836 -1.3132 2.7803 2.5179 -1.1697 3.7375 -0.053898 -1.6494 2.1279 0.20461 -2.4379 2.786 1.4367 0.71158 0.014057 0.41006 0.36983 -2.0442 1.0609 0.73084 -3.8606 0.76399 -0.71158 -0.014057 -0.41006 -0.98238 -2.1345 0.044983 -0.53843 -3.8227 -0.64119
15 171 240 -0.42053 4.9435 0.73527 -0.40148 3.6509 0.67114 0.42271 3.6092 1.2759 -0.035632 2.0756 1.8467 -1.3079 2.5723 2.6879 -1.229 3.7225 0.073776 -1.6732 2.0966 0.29054 -2.462 2.5833 1.5997 0.71612 0.013372 0.40211 0.33959 -2.0157 1.1219 0.72458 -3.8213 0.79117 -0.71612 -0.013373 -0.40211 -1.0241 -2.1162 0.10783 -0.54361 -3.7799 -0.61276
15 172 240 -0.4623 4.9103 0.90288 -0.43487 3.6217 0.79914 0.40683 3.5723 1.3787 -0.012066 2.0227 1.9367 -1.261 2.4021 2.8689 -1.2801 3.7007 0.22809 -1.7108 2.0682 0.42158 -2.4549 2.4243 1.7973 0.72197 0.0085979 0.39164 0.29962 -1.9721 1.2135 0.71847 -3.7598 0.8308 -0.72197 -0.0085979 -0.39164 -1.0691 -2.085 0.19572 -0.5483 -3.7147 -0.57283
15 173 240 -0.49621 4.8761 1.0476 -0.46101 3.5929 0.90957 0.40088 3.539 1.4583 0.015553 1.9818 2.019 -1.1952 2.3177 3.0161 -1.3266 3.676 0.37049 -1.7547 2.0437 0.57131 -2.4245 2.3362 1.9991 0.72881 0.005435 0.37883 0.24828 -1.9099 1.3155 0.7066 -3.6723 0.86629 -0.72881 -0.005435 -0.37883 -1.1224 -2.0463 0.29695 -0.55031 -3.6269 -0.53507
C19
15 170 192 -0.67912 4.9683 0.12278 -0.65402 3.6736 0.11193 -0.57226 3.6399 1.1312 -1.3544 2.1315 1.1614 -2.7498 2.7803 0.70891 -0.74265 3.7375 -0.90535 -1.2557 2.1279 -1.0888 -2.699 2.786 -0.85033 0.17141 0.014057 0.80319 -0.5409 -2.0442 0.98468 -0.078727 -3.8606 1.0543 -0.17141 -0.014057 -0.80319 -0.69077 -2.1345 -0.69995 0.11622 -3.8227 -0.82917
15 168 192 -0.41428 5.001 0.0065869 -0.4495 3.7051 0.02602 -0.39998 3.6826 1.0477 -1.34 2.2672 1.0793 -2.4922 3.2435 0.53877 -0.50423 3.7582 -0.99427 -1.2282 2.2334 -1.1917 -2.4429 3.257 -0.96836 0.15638 0.02002 0.80613 -0.45972 -2.071 0.96406 -0.036208 -3.8971 1.0259 -0.15638 -0.02002 -0.80613 -0.60861 -2.156 -0.70766 0.15086 -3.864 -0.86277
15 168 204 -0.40385 5.001 0.092576 -0.43427 3.7051 0.11891 -0.17341 3.6826 1.108 -1.0863 2.2672 1.3343 -2.3258 3.2435 1.0452 -0.69993 3.7582 -0.86771 -1.4492 2.2334 -0.91029 -2.5909 3.257 -0.43929 0.32056 0.02002 0.756 -0.24924 -2.071 1.0386 0.17787 -3.8971 1.011 -0.32056 -0.02002 -0.756 -0.74244 -2.156 -0.56566 -0.031819 -3.864 -0.87528
15 169 192 -0.53873 4.9875 0.066572 -0.54453 3.6921 0.066861 -0.47788 3.6599 1.0873 -1.331 2.1904 1.1122 -2.616 3.0078 0.60849 -0.61724 3.7547 -0.95177 -1.2164 2.1758 -1.1415 -2.563 3.0188 -0.92049 0.16338 0.016747 0.80481 -0.492 -2.0617 0.96968 -0.050549 -3.8834 1.036 -0.16338 -0.016748 -0.80481 -0.63453 -2.1487 -0.70701 0.13818 -3.8523 -0.84299
15 169 204 -0.51311 4.9875 0.17712 -0.51873 3.6921 0.17861 -0.24138 3.6599 1.1629 -1.0707 2.1904 1.3646 -2.4323 3.0078 1.1391 -0.80163 3.7547 -0.80264 -1.4271 2.1758 -0.8637 -2.6984 3.0188 -0.3675 0.32714 0.016747 0.75326 -0.27964 -2.0617 1.0508 0.16596 -3.8834 1.0239 -0.32714 -0.016748 -0.75326 -0.76766 -2.1487 -0.55963 -0.040108 -3.8523 -0.85329
15 170 192 -0.67912 4.9683 0.12278 -0.65402 3.6736 0.11193 -0.57226 3.6399 1.1312 -1.3544 2.1315 1.1614 -2.7498 2.7803 0.70891 -0.74265 3.7375 -0.90535 -1.2557 2.1279 -1.0888 -2.699 2.786 -0.85033 0.17141 0.014057 0.80319 -0.5409 -2.0442 0.98468 -0.078727 -3.8606 1.0543 -0.17141 -0.014057 -0.80319 -0.69077 -2.1345 -0.69995 0.11622 -3.8227 -0.82917
15 170 204 -0.63875 4.9683 0.26129 -0.61646 3.6736 0.24546 -0.32456 3.6399 1.2255 -1.0833 2.1315 1.4176 -2.5423 2.7803 1.2651 -0.91466 3.7375 -0.73116 -1.4547 2.1279 -0.80396 -2.8168 2.786 -0.27061 0.33465 0.014057 0.75001 -0.32435 -2.0442 1.0756 0.1422 -3.8606 1.0477 -0.33465 -0.014057 -0.75001 -0.82121 -2.1345 -0.54104 -0.058713 -3.8227 -0.83521
15 171 192 -0.8278 4.9435 0.17947 -0.76739 3.6509 0.15072 -0.66535 3.6092 1.1679 -1.3962 2.0756 1.2092 -2.8727 2.5723 0.82664 -0.8772 3.7225 -0.86397 -1.3355 2.0966 -1.049 -2.8362 2.5833 -0.7592 0.18035 0.013372 0.80125 -0.60648 -2.0157 1.003 -0.10311 -3.8213 1.0679 -0.18035 -0.013373 -0.80125 -0.76539 -2.1162 -0.6889 0.091623 -3.7799 -0.814
15 172 192 -0.98031 4.9103 0.2606 -0.88486 3.6217 0.21156 -0.75237 3.5723 1.2249 -1.4473 2.0227 1.2869 -2.9758 2.4021 0.98252 -1.0261 3.7007 -0.7987 -1.4581 2.0682 -0.98931 -2.9783 2.4243 -0.62172 0.19205 0.0085979 0.79859 -0.70131 -1.9721 1.0346 -0.13666 -3.7598 1.0898 -0.19205 -0.0085979 -0.79859 -0.86084 -2.085 -0.66356 0.058812 -3.7147 -0.79077
15 173 192 -1.1106 4.8761 0.33226 -0.98441 3.5929 0.26603 -0.81546 3.539 1.2737 -1.49 1.9818 1.3625 -3.0411 2.3177 1.13 -1.163 3.676 -0.73796 -1.5987 2.0437 -0.92169 -3.108 2.3362 -0.46411 0.20614 0.005435 0.79509 -0.81149 -1.9099 1.0648 -0.17097 -3.6723 1.1048 -0.20614 -0.005435 -0.79509 -0.9717 -2.0463 -0.6354 0.029409 -3.6269 -0.76699
