0 0 24 0.12906 4.8174 -0.46995 0.017196 3.5725 -0.29557 -0.84059 3.5075 -0.77237 -1.7891 2.4853 -1.6233 -2.4072 2.7739 -3.0062 0.87476 3.6669 0.17669 2.1103 2.6073 0.31589 3.4986 2.5042 -0.34717 -0.6826 -0.02094 -0.39638 -0.23136 -1.9089 -1.2002 -0.62503 -3.6681 -1.1622 0.6826 0.020939 0.39638 0.71415 -2.0782 0.47862 0.12937 -3.5909 1.2666
0 1 12 0.1205 4.8165 -0.49864 0.019179 3.5717 -0.31298 -0.82149 3.4939 -0.81754 -1.8586 2.4791 -1.5679 -2.5829 2.7568 -2.9006 0.85958 3.6789 0.18663 2.0891 2.606 0.26363 3.419 2.4735 -0.50534 -0.64286 -0.03031 -0.45751 -0.047177 -1.8944 -1.2221 -0.3974 -3.6622 -1.2794 0.64286 0.03031 0.45751 0.56786 -2.0653 0.58839 -0.15544 -3.5693 1.2708
0 2 0 0.1289 4.815 -0.52438 0.037597 3.5708 -0.32524 -0.78878 3.4839 -0.85147 -1.9055 2.4846 -1.5019 -2.7335 2.7575 -2.7737 0.86373 3.6869 0.19568 2.079 2.5954 0.21652 3.3355 2.4463 -0.66469 -0.59378 -0.034411 -0.51936 0.14816 -1.8749 -1.2095 -0.14532 -3.6488 -1.3449 0.59378 0.034411 0.51936 0.41068 -2.0539 0.66014 -0.42974 -3.5488 1.2167
0 3 0 0.045856 4.8081 -0.59501 0.001359 3.5677 -0.35705 -0.90657 3.4727 -0.72313 -2.1833 2.4949 -1.0107 -3.3405 2.7822 -1.9884 0.90805 3.6919 0.0032986 2.0718 2.58 -0.27621 3.0233 2.423 -1.4794 -0.64307 -0.039397 -0.45652 0.1031 -1.8538 -1.2086 -0.16522 -3.6307 -1.3556 0.64307 0.039397 0.45652 0.39857 -2.0407 0.62356 -0.43316 -3.5261 1.2172
0 3 348 0.16856 4.8081 -0.57247 0.075564 3.5677 -0.34897 -0.73641 3.4727 -0.89581 -1.9254 2.4949 -1.4425 -2.8541 2.7822 -2.6395 0.88752 3.6919 0.19202 2.084 2.58 0.16058 3.2648 2.423 -0.81851 -0.5341 -0.039397 -0.58024 0.35212 -1.8538 -1.1607 0.12023 -3.6307 -1.3603 0.5341 0.039397 0.58024 0.26021 -2.0407 0.6928 -0.67677 -3.5261 1.1006
0 4 336 0.21202 4.8022 -0.60993 0.12045 3.5659 -0.35906 -0.67405 3.4677 -0.93047 -1.9299 2.5219 -1.3742 -2.9467 2.8389 -2.4892 0.9153 3.6931 0.20607 2.0978 2.5689 0.12528 3.1947 2.412 -0.94698 -0.46283 -0.042154 -0.63836 0.53941 -1.8364 -1.0747 0.38582 -3.6162 -1.3194 0.46283 0.042153 0.63836 0.12631 -2.0309 0.69909 -0.88888 -3.5013 0.93997
0 4 348 0.080573 4.8022 -0.64069 0.043162 3.5659 -0.37626 -0.85278 3.4677 -0.76999 -2.1735 2.5219 -0.94287 -3.3998 2.8389 -1.8222 0.93814 3.6931 0.011266 2.078 2.5689 -0.31361 2.928 2.412 -1.5905 -0.58544 -0.042154 -0.52819 0.30418 -1.8364 -1.1634 0.10306 -3.6162 -1.3708 0.58544 0.042153 0.52819 0.26889 -2.0309 0.65755 -0.67402 -3.5013 1.1042
0 5 336 0.10408 4.7961 -0.67658 0.076301 3.5641 -0.38814 -0.80535 3.4598 -0.81142 -2.162 2.5532 -0.89135 -3.4493 2.901 -1.6655 0.95718 3.6976 0.028534 2.068 2.5585 -0.34223 2.8268 2.4184 -1.6772 -0.51601 -0.047015 -0.59584 0.49784 -1.8202 -1.0879 0.36239 -3.6019 -1.3293 0.51601 0.047015 0.59584 0.12618 -2.0158 0.68016 -0.90058 -3.4745 0.9424
0 6 324 0.17145 4.7888 -0.70156 0.13789 3.5613 -0.39282 -0.72492 3.4635 -0.85472 -2.1037 2.5874 -0.85994 -3.4398 2.9631 -1.532 1.0006 3.6881 0.062217 2.0812 2.5372 -0.35804 2.7589 2.421 -1.7382 -0.43428 -0.047612 -0.65775 0.68272 -1.7985 -0.97542 0.61445 -3.5814 -1.2356 0.43428 0.047612 0.65775 0.003076 -2.0086 0.67638 -1.0766 -3.4515 0.73352
0 6 336 0.021845 4.7888 -0.72188 0.053209 3.5613 -0.4129 -0.88678 3.4635 -0.68533 -2.2366 2.5874 -0.40375 -3.6831 2.9631 -0.78332 0.99165 3.6881 -0.14718 1.9613 2.5372 -0.78292 2.3372 2.421 -2.2738 -0.56154 -0.047612 -0.55309 0.465 -1.7985 -1.096 0.34413 -3.5814 -1.3363 0.56154 0.047612 0.55309 0.14364 -2.0086 0.66096 -0.90057 -3.4515 0.94133
0 7 324 0.092707 4.7798 -0.75638 0.11579 3.5579 -0.42533 -0.80648 3.4632 -0.7537 -2.1628 2.6214 -0.40637 -3.6231 3.0146 -0.70713 1.0371 3.6815 -0.1039 1.9683 2.5226 -0.78092 2.2671 2.4391 -2.2914 -0.48219 -0.050315 -0.62327 0.65765 -1.7775 -0.98652 0.59905 -3.5613 -1.2423 0.48219 0.050314 0.62327 0.027524 -2.0005 0.66309 -1.0732 -3.4268 0.73506
0 8 312 0.18036 4.7706 -0.78007 0.18312 3.554 -0.43065 -0.71329 3.4615 -0.8247 -2.0747 2.6408 -0.44828 -3.5457 3.0351 -0.68976 1.0791 3.6754 -0.04364 1.9712 2.5108 -0.76247 2.2042 2.4587 -2.2858 -0.39564 -0.055267 -0.68111 0.82566 -1.7579 -0.83536 0.83384 -3.5423 -1.094 0.39564 0.055267 0.68111 -0.082867 -1.9902 0.64447 -1.1965 -3.4007 0.49878
0 9 312 0.11704 4.7618 -0.82413 0.16898 3.5507 -0.46181 -0.7712 3.4648 -0.73755 -2.0348 2.6527 -0.095428 -3.5276 3.0302 -0.013163 1.1081 3.6656 -0.19299 1.7868 2.4949 -1.1082 1.632 2.4684 -2.6421 -0.44647 -0.059207 -0.64858 0.8002 -1.7405 -0.83168 0.82184 -3.5245 -1.0916 0.44647 0.059207 0.64858 -0.05513 -1.981 0.63254 -1.1854 -3.3802 0.50805
0 24 0 0.33135 4.7913 -0.62774 0.32654 3.5559 -0.3487 -0.61945 3.5337 -0.61696 -1.8927 2.5973 -0.2035 -3.3955 2.79 -0.48967 1.2731 3.6074 -0.086599 1.7548 2.5823 -1.2639 1.2658 2.5718 -2.7262 -0.57066 -0.0019205 -0.54575 0.20024 -1.8372 -1.2178 -0.090619 -3.6106 -1.3643 0.57066 0.0019205 0.54575 0.66395 -2.0954 0.62917 -0.2895 -3.5279 1.1675
0 25 12 0.29427 4.7939 -0.63647 0.29387 3.5573 -0.36262 -0.65894 3.5315 -0.60523 -1.9405 2.6028 -0.20027 -3.4403 2.7992 -0.49962 1.247 3.6123 -0.12607 1.7828 2.6018 -1.2925 1.5097 2.5546 -2.8094 -0.61269 0.00046086 -0.49811 0.014875 -1.8588 -1.249 -0.35073 -3.6233 -1.3101 0.61269 -0.0004611 0.49811 0.79611 -2.0931 0.53765 -0.023061 -3.5536 1.2061
0 26 12 0.35862 4.7974 -0.58159 0.31255 3.5603 -0.31365 -0.58546 3.5279 -0.71351 -1.9314 2.6078 -0.61034 -3.3189 2.8002 -1.255 1.2116 3.622 0.080285 2.0364 2.6313 -0.92315 2.3201 2.5496 -2.4366 -0.54533 -0.0027633 -0.57106 0.086251 -1.8863 -1.2549 -0.33046 -3.6399 -1.3023 0.54533 0.0027628 0.57106 0.7917 -2.0836 0.6002 -0.012078 -3.5771 1.2118
0 26 24 0.22987 4.7974 -0.64344 0.2405 3.5603 -0.37177 -0.72101 3.5279 -0.5762 -2.0161 2.6078 -0.19544 -3.5073 2.8002 -0.53755 1.2019 3.622 -0.17338 1.8 2.6313 -1.3264 1.7628 2.5496 -2.8657 -0.65214 -0.0027633 -0.4452 -0.17654 -1.8863 -1.2454 -0.59399 -3.6399 -1.2051 0.65214 0.0027628 0.4452 0.89919 -2.0836 0.42248 0.24014 -3.5771 1.1879
0 27 12 0.41449 4.8016 -0.51244 0.33239 3.5627 -0.26202 -0.48909 3.5296 -0.80188 -1.8237 2.6128 -1.0188 -3.0071 2.7888 -1.9916 1.1558 3.6249 0.27229 2.2174 2.6471 -0.49296 3.0248 2.5342 -1.8018 -0.47384 -0.0029111 -0.63163 0.1554 -1.9106 -1.2474 -0.31101 -3.6518 -1.2858 0.47384 0.0029106 0.63163 0.78491 -2.0747 0.66511 0.0046762 -3.6001 1.2265
0 27 24 0.29889 4.8016 -0.58742 0.27065 3.5627 -0.3254 -0.64512 3.5296 -0.68267 -1.9956 2.6128 -0.61734 -3.3554 2.7888 -1.3228 1.1871 3.6249 0.026039 2.0665 2.6471 -0.94321 2.5841 2.5342 -2.3913 -0.59481 -0.0029111 -0.51931 -0.10733 -1.9106 -1.2524 -0.57154 -3.6518 -1.193 0.59481 0.0029106 0.51931 0.90604 -2.0747 0.48739 0.25958 -3.6001 1.1987
0 27 36 0.17022 4.8016 -0.63672 0.19708 3.5627 -0.37456 -0.77296 3.5296 -0.53362 -2.0804 2.6128 -0.18893 -3.5571 2.7888 -0.5963 1.1666 3.6249 -0.22135 1.8252 2.6471 -1.3522 2.0305 2.5342 -2.8763 -0.68979 -0.0029111 -0.3843 -0.36538 -1.9106 -1.2027 -0.80709 -3.6518 -1.0481 0.68979 0.0029106 0.3843 0.98757 -2.0747 0.28836 0.50313 -3.6001 1.1186
0 28 24 0.35555 4.8054 -0.53153 0.28975 3.5647 -0.28531 -0.5575 3.5311 -0.78371 -1.8787 2.6078 -1.0494 -3.0026 2.7677 -2.093 1.1386 3.6274 0.20757 2.261 2.6667 -0.48947 3.2302 2.548 -1.6829 -0.5349 -0.0046096 -0.58082 -0.034851 -1.9319 -1.2515 -0.54711 -3.659 -1.1763 0.5349 0.0046096 0.58082 0.90599 -2.0631 0.54878 0.28088 -3.6188 1.2122
0 28 36 0.23727 4.8054 -0.59384 0.2241 3.5647 -0.33932 -0.70826 3.5311 -0.65067 -2.0559 2.6078 -0.63584 -3.3721 2.7677 -1.423 1.1568 3.6274 -0.033683 2.1098 2.6667 -0.94886 2.8097 2.548 -2.3177 -0.64397 -0.0046096 -0.45692 -0.29429 -1.9319 -1.2169 -0.77971 -3.659 -1.0368 0.64397 0.0046096 0.45692 1.0003 -2.0631 0.34842 0.52676 -3.6188 1.1273
0 29 24 0.41046 4.8075 -0.47755 0.30881 3.5656 -0.25008 -0.45254 3.5337 -0.87193 -1.6602 2.6006 -1.4547 -2.4366 2.7319 -2.7805 1.0725 3.6268 0.36666 2.368 2.6955 0.015673 3.6582 2.5792 -0.82062 -0.4728 -0.0054746 -0.6324 0.032857 -1.9529 -1.2376 -0.52269 -3.6661 -1.1534 0.4728 0.0054746 0.6324 0.90747 -2.0499 0.60555 0.30678 -3.631 1.2303
0 29 36 0.3022 4.8075 -0.55245 0.25006 3.5656 -0.30882 -0.62394 3.5337 -0.75879 -1.9264 2.6006 -1.0778 -2.9615 2.7319 -2.2131 1.1253 3.6268 0.13566 2.3195 2.6955 -0.477 3.4077 2.5792 -1.5633 -0.59396 -0.0054746 -0.52027 -0.22518 -1.9529 -1.2174 -0.75108 -3.6661 -1.0196 0.59396 0.0054746 0.52027 1.0135 -2.0499 0.40365 0.55588 -3.631 1.1397
0 30 36 0.36856 4.8102 -0.49121 0.27787 3.5678 -0.26174 -0.51631 3.5378 -0.84117 -1.6837 2.5901 -1.4798 -2.3463 2.6818 -2.8691 1.0741 3.627 0.31254 2.419 2.7323 0.068462 3.7696 2.6389 -0.66958 -0.54111 0.00050831 -0.57506 -0.16348 -1.9675 -1.2064 -0.72164 -3.6693 -0.99835 0.54111 -0.00050831 0.57506 1.0278 -2.0408 0.45428 0.58989 -3.6431 1.1556
0 31 48 0.31853 4.8131 -0.50569 0.23752 3.5695 -0.27924 -0.58935 3.5394 -0.81097 -1.7054 2.5741 -1.512 -2.246 2.6171 -2.9555 1.0661 3.6288 0.24731 2.4526 2.7738 0.12309 3.8407 2.7276 -0.54683 -0.60571 0.001811 -0.50657 -0.35139 -1.9836 -1.1451 -0.88621 -3.6724 -0.80919 0.60571 -0.001811 0.50657 1.1101 -2.0296 0.28761 0.83837 -3.6512 1.0275
0 32 48 0.38649 4.8134 -0.45458 0.26699 3.5693 -0.24913 -0.46612 3.5421 -0.90425 -1.3434 2.5543 -1.8651 -1.4362 2.5464 -3.4043 1.0026 3.6258 0.40128 2.3937 2.817 0.68301 3.9083 2.8088 0.39414 -0.55687 0.0043416 -0.5598 -0.2898 -1.9993 -1.1327 -0.85849 -3.6754 -0.78884 0.55687 -0.0043421 0.5598 1.1115 -2.0199 0.3497 0.86162 -3.6624 1.0502
0 32 60 0.28353 4.8134 -0.525 0.20936 3.5693 -0.2992 -0.64393 3.5421 -0.78757 -1.7018 2.5543 -1.5451 -2.1126 2.5464 -3.0313 1.0641 3.6258 0.18406 2.4834 2.817 0.17041 3.9049 2.8088 -0.42706 -0.66109 0.0043416 -0.43179 -0.51896 -1.9993 -1.0477 -1.0037 -3.6754 -0.59312 0.66109 -0.0043421 0.43179 1.1599 -2.0199 0.11096 1.0611 -3.6624 0.84812
0 33 60 0.34715 4.8154 -0.46859 0.23444 3.5703 -0.26531 -0.52858 3.547 -0.88549 -1.3277 2.5305 -1.8838 -1.2919 2.48 -3.4246 0.99976 3.623 0.35022 2.3872 2.8551 0.7426 3.9151 2.8826 0.53594 -0.61935 0.0069962 -0.48975 -0.4585 -2.0149 -1.0379 -0.98032 -3.677 -0.57319 0.61935 -0.0069962 0.48975 1.1667 -2.0121 0.18247 1.074 -3.6724 0.87932
0 34 72 0.31914 4.8159 -0.48415 0.21578 3.5697 -0.28307 -0.5739 3.5477 -0.86897 -1.2886 2.5003 -1.899 -1.1373 2.4206 -3.4314 1.0075 3.6211 0.29825 2.3779 2.8827 0.79386 3.9154 2.9387 0.69146 -0.66968 0.01196 -0.41819 -0.60334 -2.0286 -0.9143 -1.0533 -3.6782 -0.34234 0.66968 -0.01196 0.41819 1.1969 -2.0012 -0.005056 1.2543 -3.6724 0.66924
0 35 84 0.29186 4.8164 -0.49775 0.19231 3.5696 -0.2984 -0.61919 3.5469 -0.85367 -1.2549 2.4794 -1.9144 -0.98514 2.3722 -3.4288 1.0056 3.6217 0.25224 2.3453 2.9005 0.84693 3.885 2.9826 0.86544 -0.71297 0.017102 -0.33893 -0.72841 -2.0386 -0.77289 -1.0821 -3.6749 -0.10336 0.71297 -0.017103 0.33893 1.1965 -1.9889 -0.20196 1.385 -3.6729 0.41393
0 36 96 0.26923 4.8163 -0.50627 0.17375 3.5691 -0.3078 -0.65797 3.5452 -0.83225 -1.2172 2.4531 -1.9108 -0.83926 2.3316 -3.4008 1.007 3.6225 0.21198 2.3026 2.9059 0.90247 3.8359 3.0162 1.0221 -0.74729 0.024031 -0.25392 -0.82459 -2.0449 -0.61172 -1.0622 -3.6691 0.13415 0.74729 -0.024031 0.25392 1.1551 -1.9747 -0.41168 1.4561 -3.673 0.11374
0 37 108 0.24198 4.8175 -0.50191 0.14238 3.5708 -0.3045 -0.70792 3.548 -0.7983 -1.1986 2.4328 -1.8866 -0.70934 2.3028 -3.3431 0.99404 3.623 0.1847 2.2374 2.8956 0.95521 3.7563 3.0296 1.1846 -0.77016 0.026108 -0.17227 -0.88867 -2.0531 -0.45006 -1.0028 -3.6589 0.36184 0.77016 -0.026107 0.17227 1.0729 -1.9566 -0.59965 1.4552 -3.669 -0.18445
0 38 120 0.23597 4.8187 -0.48028 0.1251 3.5727 -0.28733 -0.74047 3.5538 -0.75402 -1.1696 2.4149 -1.8438 -0.55382 2.284 -3.2514 0.9919 3.6212 0.17491 2.174 2.8648 1.0111 3.6731 3.0196 1.3373 -0.7833 0.031559 -0.0946 -0.91179 -2.0581 -0.27148 -0.89406 -3.6441 0.58596 0.7833 -0.031559 0.0946 0.95966 -1.9382 -0.7703 1.3908 -3.6637 -0.47466
0 38 132 0.13096 4.8187 -0.51885 0.062627 3.5727 -0.30706 -0.88105 3.5538 -0.58359 -1.5273 2.4149 -1.5603 -1.2177 2.284 -3.0652 1.0066 3.6212 -0.035138 2.3367 2.8648 0.53706 3.8709 3.0196 0.54441 -0.78585 0.031559 0.070324 -0.94831 -2.0581 -0.075973 -0.7527 -3.6441 0.75904 0.78585 -0.031559 -0.070323 0.77853 -1.9382 -0.95299 1.2618 -3.6637 -0.75346
0 39 132 0.25885 4.8166 -0.46905 0.1307 3.5725 -0.28045 -0.74911 3.5589 -0.71989 -1.1226 2.3956 -1.8043 -0.39096 2.2715 -3.156 1.0117 3.6156 0.15471 2.1301 2.8218 1.0422 3.606 2.98 1.4599 -0.78837 0.04159 -0.015799 -0.88955 -2.0558 -0.087236 -0.73258 -3.628 0.78132 0.78836 -0.041591 0.015798 0.81568 -1.919 -0.92697 1.2691 -3.6552 -0.75081
0 39 144 0.15568 4.8166 -0.51262 0.069539 3.5725 -0.3015 -0.88241 3.5589 -0.54841 -1.4732 2.3956 -1.5315 -1.0386 2.2715 -3.0057 1.0218 3.6156 -0.059014 2.3002 2.8218 0.57654 3.8307 2.98 0.6783 -0.77442 0.04159 0.14846 -0.88825 -2.0558 0.099618 -0.55412 -3.628 0.91656 0.77442 -0.041591 -0.14846 0.60513 -1.919 -1.0763 1.0852 -3.6552 -0.99826
0 40 144 0.25874 4.8123 -0.47742 0.11044 3.5722 -0.28577 -0.78494 3.5646 -0.6927 -1.11 2.3792 -1.7688 -0.2613 2.2662 -3.0512 1.007 3.6093 0.11701 2.061 2.7794 1.0493 3.52 2.9162 1.5291 -0.78519 0.043852 0.071048 -0.84918 -2.0562 0.08018 -0.54109 -3.6132 0.93554 0.78519 -0.043852 -0.071048 0.64296 -1.8982 -1.0486 1.0838 -3.6455 -0.99114
0 40 156 0.15382 4.8123 -0.52078 0.048614 3.5722 -0.30248 -0.91181 3.5646 -0.51437 -1.4535 2.3792 -1.4993 -0.88998 2.2662 -2.9302 1.0093 3.6093 -0.094905 2.2341 2.7794 0.59787 3.761 2.9162 0.76382 -0.75326 0.043852 0.23275 -0.81396 -2.0562 0.25498 -0.33476 -3.6132 1.0276 0.75326 -0.043852 -0.23275 0.41089 -1.8982 -1.1594 0.85406 -3.6455 -1.1948
0 40 168 0.042183 4.8123 -0.54138 -0.015338 3.5722 -0.30598 -0.99883 3.5646 -0.31355 -1.7334 2.3792 -1.1644 -1.4798 2.2662 -2.6811 0.9675 3.6093 -0.30267 2.3096 2.7794 0.12031 3.8376 2.9162 -0.034825 -0.68841 0.043852 0.38427 -0.74316 -2.0562 0.41864 -0.11379 -3.6132 1.0747 0.68841 -0.043852 -0.38427 0.16087 -1.8982 -1.2195 0.58698 -3.6455 -1.3463
0 41 168 0.14231 4.8062 -0.53809 0.025064 3.5715 -0.30466 -0.94577 3.5718 -0.46226 -1.4298 2.3622 -1.4478 -0.7572 2.2593 -2.8316 0.99612 3.6007 -0.15117 2.1644 2.7397 0.59883 3.6882 2.8322 0.81566 -0.71956 0.047052 0.32175 -0.72776 -2.053 0.3848 -0.11877 -3.6009 1.0806 0.71956 -0.047052 -0.32175 0.20024 -1.878 -1.2119 0.58309 -3.6349 -1.3442
0 41 180 0.027322 4.8062 -0.55592 -0.038825 3.5715 -0.30321 -1.0212 3.5718 -0.25553 -1.6996 2.3622 -1.1189 -1.3294 2.2593 -2.6122 0.94292 3.6007 -0.35497 2.2416 2.7397 0.13575 3.7772 2.8322 0.031007 -0.63694 0.047052 0.46432 -0.63185 -2.053 0.5277 0.1085 -3.6009 1.0817 0.63694 -0.047052 -0.46432 -0.056105 -1.878 -1.2271 0.29087 -3.6349 -1.4361
0 59 156 0.010598 4.8023 -0.52363 -0.11805 3.5698 -0.29507 -1.1014 3.5797 -0.27956 -1.19 2.3743 -1.3785 0.035807 2.6023 -2.2857 0.8651 3.5894 -0.31487 2.0583 2.5604 0.11661 3.5313 2.2051 -0.16907 -0.6792 0.0188 0.40228 -0.95099 -2.0644 0.42535 -0.47704 -3.6477 1.1462 0.6792 -0.0188 -0.40228 0.26574 -1.9262 -1.1803 0.74225 -3.6618 -1.0729
0 60 144 0.060558 4.8055 -0.51516 -0.080766 3.5701 -0.30763 -1.0602 3.5763 -0.39705 -1.0842 2.3517 -1.478 0.1604 2.6001 -2.3537 0.8988 3.5934 -0.22238 2.0761 2.5778 0.27885 3.5652 2.2649 0.029059 -0.72924 0.018466 0.30227 -1.0245 -2.061 0.24993 -0.71803 -3.6599 1.0251 0.72924 -0.018466 -0.30227 0.46034 -1.9429 -1.1015 0.9369 -3.6679 -0.88263
0 60 156 -0.047874 4.8055 -0.5165 -0.14296 3.5701 -0.28412 -1.1196 3.5763 -0.16794 -1.3679 2.3517 -1.2203 -0.33247 2.6001 -2.3356 0.83292 3.5934 -0.40439 2.0887 2.5778 -0.15888 3.4933 2.2649 -0.71282 -0.65046 0.018466 0.44728 -0.95016 -2.061 0.45748 -0.48922 -3.6599 1.1519 0.65046 -0.018466 -0.44728 0.22127 -1.9429 -1.1731 0.73291 -3.6679 -1.0581
0 61 132 0.10752 4.8071 -0.50791 -0.04485 3.5705 -0.31533 -1.0094 3.5694 -0.50756 -0.97588 2.3256 -1.5662 0.29093 2.5742 -2.4094 0.92008 3.6011 -0.12734 2.0694 2.5919 0.44674 3.571 2.3066 0.24319 -0.76456 0.017275 0.1966 -1.0653 -2.0578 0.062186 -0.92751 -3.6685 0.86053 0.76456 -0.017275 -0.1966 0.63137 -1.9589 -0.98809 1.0797 -3.6738 -0.65788
0 61 144 -0.00043464 4.8071 -0.51917 -0.10943 3.5705 -0.29912 -1.0929 3.5694 -0.28659 -1.2802 2.3256 -1.3291 -0.21637 2.5742 -2.4173 0.8735 3.6011 -0.31586 2.117 2.5919 0.006739 3.5435 2.3066 -0.50456 -0.70698 0.017275 0.35126 -1.0291 -2.0578 0.28232 -0.72833 -3.6685 1.0346 0.70698 -0.017275 -0.35126 0.41214 -1.9589 -1.0978 0.91936 -3.6738 -0.86799
0 62 120 0.15113 4.8076 -0.50927 -0.0066153 3.5694 -0.32937 -0.94486 3.5583 -0.62422 -0.85553 2.2965 -1.658 0.43345 2.5369 -2.4694 0.93217 3.61 -0.038859 2.0417 2.6047 0.6147 3.5502 2.3319 0.44859 -0.78486 0.017196 0.084845 -1.0712 -2.0528 -0.1325 -1.1024 -3.6767 0.65038 0.78486 -0.017196 -0.084846 0.77403 -1.9737 -0.8504 1.1656 -3.6778 -0.41006
0 62 132 0.041942 4.8076 -0.52956 -0.07495 3.5694 -0.32079 -1.054 3.5583 -0.41413 -1.1815 2.2965 -1.4439 -0.089431 2.5369 -2.5055 0.90372 3.61 -0.23182 2.1249 2.6047 0.17678 3.5659 2.3319 -0.29935 -0.75007 0.017196 0.24617 -1.0753 -2.0528 0.093112 -0.94308 -3.6767 0.86537 0.75007 -0.017196 -0.24617 0.58031 -1.9737 -0.99275 1.0549 -3.6778 -0.64344
0 62 144 -0.069077 4.8076 -0.52671 -0.14001 3.5694 -0.2982 -1.1171 3.5583 -0.18595 -1.4559 2.2965 -1.1666 -0.60841 2.5369 -2.4322 0.83578 3.61 -0.41465 2.1152 2.6047 -0.26888 3.4258 2.3319 -1.0342 -0.6825 0.017196 0.39674 -1.0325 -2.0528 0.31465 -0.74255 -3.6767 1.0425 0.68249 -0.017196 -0.39674 0.36123 -1.9737 -1.0917 0.89805 -3.6778 -0.8487
0 63 120 0.088507 4.8097 -0.52733 -0.034256 3.5692 -0.33047 -0.99725 3.5539 -0.52988 -1.0627 2.2722 -1.5407 0.054578 2.4938 -2.58 0.92873 3.6139 -0.13548 2.1121 2.5992 0.35325 3.5759 2.3267 -0.047566 -0.77771 0.016473 0.13562 -1.0872 -2.0485 -0.097915 -1.1202 -3.6857 0.6565 0.77771 -0.016473 -0.13562 0.72536 -1.9855 -0.8666 1.1398 -3.678 -0.40337
0 63 132 -0.023065 4.8097 -0.53421 -0.10222 3.5692 -0.31613 -1.0856 3.5539 -0.31096 -1.3598 2.2722 -1.286 -0.48304 2.4938 -2.535 0.88027 3.6139 -0.32561 2.1394 2.5992 -0.093593 3.4879 2.3267 -0.79 -0.73252 0.016473 0.29436 -1.0838 -2.0485 0.13027 -0.95919 -3.6857 0.87505 0.73252 -0.016473 -0.29436 0.52934 -1.9855 -0.99847 1.031 -3.678 -0.63154
0 64 108 0.1423 4.8117 -0.50816 0.0087776 3.5691 -0.3338 -0.92788 3.5459 -0.63296 -0.93281 2.2432 -1.6186 0.20601 2.4428 -2.6389 0.94568 3.6216 -0.039151 2.0774 2.5921 0.53347 3.5582 2.308 0.21034 -0.78905 0.01641 0.025116 -1.0687 -2.0428 -0.28434 -1.2552 -3.6943 0.41462 0.78905 -0.01641 -0.025116 0.85326 -1.9975 -0.72182 1.1741 -3.6782 -0.15314
0 64 120 0.033543 4.8117 -0.52664 -0.060816 3.5691 -0.32833 -1.0392 3.5459 -0.42621 -1.249 2.2432 -1.3893 -0.34715 2.4428 -2.624 0.91687 3.6216 -0.23491 2.1429 2.5921 0.089892 3.5241 2.308 -0.53404 -0.76658 0.01641 0.18862 -1.1044 -2.0428 -0.05594 -1.1416 -3.6943 0.66654 0.76658 -0.01641 -0.18862 0.68454 -1.9975 -0.88345 1.1166 -3.6782 -0.3939
0 64 132 -0.076684 4.8117 -0.5221 -0.12775 3.5691 -0.30851 -1.1051 3.5459 -0.20083 -1.5105 2.2432 -1.0993 -0.88513 2.4428 -2.4945 0.84799 3.6216 -0.42041 2.1148 2.5921 -0.35761 3.3361 2.308 -1.2551 -0.71062 0.01641 0.34388 -1.0919 -2.0428 0.17491 -0.97807 -3.6943 0.88933 0.71062 -0.01641 -0.34388 0.4859 -1.9975 -1.0065 1.0103 -3.6782 -0.61744
0 65 108 0.085109 4.8136 -0.51826 -0.020813 3.5692 -0.33405 -0.98199 3.5425 -0.5409 -1.1219 2.2178 -1.4865 -0.19327 2.3986 -2.7042 0.94007 3.6253 -0.13177 2.1199 2.5759 0.28689 3.526 2.2751 -0.26993 -0.78563 0.01463 0.077952 -1.0937 -2.0385 -0.24427 -1.2839 -3.7018 0.42521 0.78563 -0.014631 -0.077951 0.81602 -2.0093 -0.73715 1.1462 -3.6802 -0.14549
0 65 120 -0.024503 4.8136 -0.52463 -0.089811 3.5692 -0.32242 -1.073 3.5425 -0.32491 -1.4064 2.2178 -1.2208 -0.75128 2.3986 -2.6049 0.89213 3.6253 -0.32434 2.1333 2.5759 -0.16014 3.3929 2.2751 -0.99713 -0.75225 0.01463 0.23959 -1.1206 -2.0385 -0.01154 -1.1675 -3.7018 0.68286 0.75225 -0.014631 -0.23959 0.64493 -2.0093 -0.8907 1.0909 -3.6802 -0.38061
0 66 96 0.13921 4.8156 -0.50168 0.022102 3.5691 -0.33547 -0.90701 3.5409 -0.65689 -0.96812 2.1925 -1.5772 -0.02051 2.3543 -2.7828 0.95145 3.6268 -0.018685 2.0705 2.5502 0.48845 3.4994 2.2269 0.0073243 -0.78842 0.012561 -0.04158 -1.0493 -2.035 -0.43366 -1.3779 -3.7083 0.15209 0.78842 -0.012561 0.041579 0.92086 -2.0182 -0.57025 1.1212 -3.6809 0.097513
0 66 108 0.031859 4.8156 -0.51966 -0.04813 3.5691 -0.33274 -1.0238 3.5409 -0.45395 -1.2749 2.1925 -1.3414 -0.59864 2.3543 -2.7178 0.92677 3.6268 -0.21609 2.1268 2.5502 0.047288 3.4245 2.2269 -0.7204 -0.77984 0.012561 0.12325 -1.1166 -2.035 -0.20602 -1.3162 -3.7083 0.43524 0.77984 -0.012561 -0.12325 0.78218 -2.0182 -0.74924 1.1169 -3.6809 -0.13772
0 66 120 -0.07688 4.8156 -0.51493 -0.11626 3.5691 -0.31546 -1.0958 3.5409 -0.23118 -1.5259 2.1925 -1.0471 -1.1506 2.3543 -2.5339 0.86159 3.6268 -0.40406 2.0902 2.5502 -0.39594 3.1999 2.2269 -1.4166 -0.73717 0.012561 0.2827 -1.135 -2.035 0.030628 -1.1969 -3.7083 0.69937 0.73717 -0.012561 -0.2827 0.60931 -2.0182 -0.89549 1.0639 -3.6809 -0.36693
0 67 96 0.078669 4.8187 -0.50593 -0.0068565 3.5697 -0.33404 -0.95915 3.5373 -0.57786 -1.1202 2.1604 -1.4421 -0.42357 2.3034 -2.8103 0.94513 3.6316 -0.09474 2.0892 2.52 0.25773 3.4194 2.1697 -0.43902 -0.78956 0.0079436 -0.0058751 -1.0729 -2.0338 -0.41257 -1.4154 -3.7108 0.15422 0.78956 -0.0079432 0.0058751 0.88497 -2.0234 -0.5798 1.0857 -3.6816 0.099221
0 67 108 -0.028238 4.8187 -0.51123 -0.076157 3.5697 -0.32531 -1.0583 3.5373 -0.36582 -1.3956 2.1604 -1.1777 -0.99861 2.3034 -2.6609 0.90478 3.6316 -0.28917 2.0971 2.52 -0.18227 3.2534 2.1697 -1.1404 -0.77353 0.0079436 0.15841 -1.1353 -2.0338 -0.18048 -1.3524 -3.7108 0.44513 0.77353 -0.0079432 -0.15841 0.74509 -2.0234 -0.75113 1.0826 -3.6816 -0.12867
0 68 84 0.13049 4.8207 -0.49213 0.042206 3.5704 -0.32913 -0.87075 3.5282 -0.69257 -0.93332 2.1221 -1.5218 -0.21103 2.2449 -2.8786 0.95519 3.642 0.029626 2.0286 2.4881 0.45994 3.3857 2.1057 -0.16433 -0.77704 0.0053759 -0.14026 -0.98771 -2.0306 -0.61413 -1.4495 -3.7105 -0.14966 0.77704 -0.0053763 0.14026 0.95089 -2.028 -0.40094 1.0081 -3.6816 0.31561
0 68 96 0.025317 4.8207 -0.5085 -0.027145 3.5704 -0.33071 -0.99572 3.5282 -0.49639 -1.2293 2.1221 -1.2945 -0.80491 2.2449 -2.7718 0.94047 3.642 -0.16962 2.0799 2.4881 0.028116 3.2776 2.1057 -0.86467 -0.78922 0.0053759 0.024358 -1.0938 -2.0306 -0.39535 -1.449 -3.7105 0.15498 0.78922 -0.0053763 -0.024358 0.84675 -2.028 -0.58988 1.0517 -3.6816 0.099107
0 68 108 -0.080959 4.8207 -0.50265 -0.09531 3.5704 -0.31784 -1.0772 3.5282 -0.27852 -1.4716 2.1221 -1.0106 -1.3636 2.2449 -2.5439 0.88466 3.642 -0.36145 2.0403 2.4881 -0.40493 3.0262 2.1057 -1.5272 -0.76691 0.0053759 0.18791 -1.1521 -2.0306 -0.1593 -1.3851 -3.7105 0.45286 0.76691 -0.0053763 -0.18791 0.70561 -2.028 -0.75304 1.0493 -3.6816 -0.12172
0 69 84 0.10715 4.8218 -0.50065 0.052406 3.5698 -0.33343 -0.88373 3.5182 -0.63066 -1.0187 2.0842 -1.4015 -0.54415 2.1819 -2.8654 0.988 3.6508 -0.041072 2.0606 2.4473 0.22334 3.3004 2.0232 -0.58942 -0.78099 0.011395 -0.11589 -1.0089 -2.0194 -0.60394 -1.4702 -3.7025 -0.15091 0.78099 -0.011395 0.11589 0.92342 -2.036 -0.4274 0.97993 -3.6809 0.30863
0 69 96 0.00071717 4.8218 -0.51199 -0.018064 3.5698 -0.33704 -0.99554 3.5182 -0.43314 -1.2878 2.0842 -1.1591 -1.128 2.1819 -2.6896 0.95787 3.6508 -0.24559 2.062 2.4473 -0.20996 3.1058 2.0232 -1.2627 -0.78801 0.011395 0.049018 -1.1124 -2.0194 -0.38098 -1.4695 -3.7025 0.15807 0.78801 -0.011395 -0.049017 0.81438 -2.036 -0.61005 1.0227 -3.6809 0.098149
0 70 84 0.080094 4.8208 -0.51939 0.058006 3.5676 -0.35331 -0.8958 3.5023 -0.5843 -1.0804 2.0383 -1.2853 -0.84151 2.0987 -2.8075 1.0105 3.6623 -0.12718 2.048 2.4037 -0.035568 3.1589 1.926 -0.9923 -0.7835 0.013771 -0.09712 -1.0211 -2.0064 -0.62309 -1.4753 -3.6883 -0.15825 0.7835 -0.013771 0.097119 0.90548 -2.0375 -0.45407 0.95519 -3.6771 0.29445
0 70 96 -0.029645 4.8208 -0.5247 -0.016718 3.5676 -0.35765 -0.9977 3.5023 -0.38528 -1.324 2.0383 -1.0326 -1.4068 2.0987 -2.5712 0.96198 3.6623 -0.33449 1.9958 2.4037 -0.46059 2.8835 1.926 -1.6274 -0.78657 0.013771 0.067902 -1.1284 -2.0064 -0.39717 -1.476 -3.6883 0.15195 0.78657 -0.013771 -0.067903 0.79128 -2.0375 -0.63241 0.99554 -3.6771 0.089415
0 71 72 0.18316 4.8198 -0.50329 0.14803 3.5661 -0.34136 -0.76022 3.4975 -0.71249 -0.83442 2.0019 -1.3655 -0.48528 2.0085 -2.8674 1.0557 3.6641 0.02468 2.0241 2.3555 0.16085 3.1863 1.8133 -0.69523 -0.75209 0.021043 -0.23963 -0.86756 -1.9861 -0.84974 -1.3725 -3.6744 -0.4682 0.75209 -0.021043 0.23963 0.96659 -2.0442 -0.28481 0.85342 -3.6761 0.47361
0 71 84 0.074519 4.8198 -0.53038 0.073823 3.5661 -0.36468 -0.89174 3.4975 -0.53886 -1.1001 2.0019 -1.1621 -1.0708 2.0085 -2.7038 1.0377 3.6641 -0.19534 2.0133 2.3555 -0.26349 2.9721 1.8133 -1.3425 -0.78547 0.021043 -0.078022 -1.0253 -1.9861 -0.6508 -1.4398 -3.6744 -0.17261 0.78547 -0.021043 0.078021 0.88625 -2.0442 -0.47955 0.93324 -3.6761 0.28582
0 71 96 -0.037381 4.8198 -0.53428 -0.0036118 3.5661 -0.37206 -0.98429 3.4975 -0.34168 -1.3177 2.0019 -0.90801 -1.6096 2.0085 -2.4221 0.97442 3.6641 -0.40683 1.9145 2.3555 -0.67631 2.6281 1.8133 -1.9311 -0.78453 0.021043 0.086992 -1.1382 -1.9861 -0.42341 -1.4442 -3.6744 0.13051 0.78453 -0.021043 -0.086993 0.76718 -2.0442 -0.65334 0.97227 -3.6761 0.085546
0 72 72 0.18283 4.82 -0.50058 0.16571 3.5661 -0.33305 -0.76277 3.4991 -0.65053 -0.86014 1.9762 -1.2336 -0.67245 1.9138 -2.7629 1.0933 3.6626 -0.020667 2.0008 2.3042 -0.033943 3.0235 1.7016 -1.0181 -0.75857 0.030828 -0.21707 -0.85928 -1.967 -0.85959 -1.2919 -3.6687 -0.44987 0.75857 -0.030828 0.21707 0.9464 -2.0549 -0.31415 0.83432 -3.675 0.46922
0 72 84 0.074759 4.82 -0.52766 0.092846 3.5661 -0.36022 -0.88135 3.4991 -0.47772 -1.0978 1.9762 -1.0278 -1.2322 1.9138 -2.5627 1.0651 3.6626 -0.24753 1.95 2.3042 -0.44919 2.7458 1.7016 -1.6245 -0.78712 0.030828 -0.054612 -1.0192 -1.967 -0.66215 -1.3572 -3.6687 -0.17145 0.78712 -0.030828 0.054612 0.86041 -2.0549 -0.50405 0.91365 -3.675 0.2855
0 73 84 0.072969 4.8226 -0.5028 0.10423 3.568 -0.34251 -0.87512 3.5021 -0.4048 -1.0946 1.9548 -0.88067 -1.3449 1.8166 -2.3959 1.0815 3.6633 -0.28493 1.849 2.2552 -0.59652 2.482 1.5921 -1.8364 -0.78823 0.03797 -0.02732 -0.99756 -1.9581 -0.64883 -1.2638 -3.6688 -0.14534 0.78823 -0.03797 0.02732 0.83183 -2.0679 -0.51296 0.89897 -3.6773 0.29697
0 86 72 0.18919 4.8056 -0.39062 0.12116 3.5463 -0.33488 -0.84385 3.5584 -0.52453 -1.3069 2.1173 0.090054 -2.4455 1.1756 0.53088 1.0859 3.5641 -0.14441 1.4876 2.1005 0.46012 2.62 1.249 1.0687 -0.7677 0.010247 -0.18445 -0.6211 -2.0239 -0.68959 -0.79066 -3.7071 -0.066045 0.7677 -0.010248 0.18445 1.095 -2.0522 -0.18666 1.0436 -3.6547 0.63814
0 86 84 0.10384 4.8056 -0.42142 0.048889 3.5463 -0.35275 -0.93447 3.5584 -0.33762 -1.2596 2.1173 0.3598 -2.2816 1.1756 1.0277 1.0322 3.5641 -0.36703 1.5508 2.1005 0.14076 2.7849 1.249 0.50066 -0.78928 0.010247 -0.020808 -0.7509 -2.0239 -0.54539 -0.78711 -3.7071 0.099785 0.78928 -0.010248 0.020807 1.0323 -2.0522 -0.41024 1.1535 -3.6547 0.40722
0 87 60 0.25608 4.7931 -0.32188 0.1777 3.5378 -0.2856 -0.72526 3.5479 -0.67536 -1.4728 2.179 -0.1896 -2.8163 1.5076 0.15939 1.0797 3.5573 0.10603 1.4458 2.19 0.92155 2.3923 1.641 2.008 -0.71448 0.0064616 -0.33611 -0.47457 -2.0358 -0.76739 -0.76845 -3.7204 -0.19583 0.71448 -0.0064621 0.33611 1.0709 -2.0614 0.082165 0.87506 -3.6681 0.87654
0 87 72 0.18356 4.7931 -0.36809 0.11444 3.5378 -0.3163 -0.84983 3.5479 -0.50981 -1.48 2.179 0.12076 -2.7217 1.5076 0.74145 1.0782 3.5573 -0.12077 1.6058 2.19 0.60081 2.7575 1.641 1.4668 -0.76875 0.0064616 -0.18022 -0.62375 -2.0358 -0.65195 -0.79237 -3.7204 -0.031778 0.76875 -0.0064621 0.18022 1.0646 -2.0614 -0.14228 1.0382 -3.6681 0.67545
0 87 84 0.10302 4.7931 -0.39821 0.046174 3.5378 -0.33318 -0.93726 3.5479 -0.32198 -1.4226 2.179 0.42584 -2.508 1.5076 1.2911 1.0295 3.5573 -0.34229 1.6956 2.19 0.25381 3.0022 1.641 0.86141 -0.78942 0.0064616 -0.016449 -0.74567 -2.0358 -0.50802 -0.78167 -3.7204 0.13366 0.78942 -0.0064621 0.016449 1.0117 -2.0614 -0.36052 1.1559 -3.6681 0.44484
0 87 96 0.017978 4.7931 -0.41092 -0.024107 3.5378 -0.3355 -0.98372 3.5479 -0.12008 -1.303 2.179 0.7123 -2.1848 1.5076 1.7843 0.93582 3.5573 -0.54885 1.7114 2.19 -0.10428 3.1157 1.641 0.21839 -0.77559 0.0064616 0.14804 -0.835 -2.0358 -0.34188 -0.7368 -3.7204 0.29326 0.77559 -0.0064621 -0.14804 0.91468 -2.0614 -0.56299 1.2232 -3.6681 0.19479
0 88 60 0.26344 4.7899 -0.30774 0.17772 3.5374 -0.26531 -0.7217 3.5484 -0.66318 -1.6605 2.2901 -0.21127 -3.0903 1.9452 0.25188 1.0761 3.5562 0.13465 1.57 2.3315 1.0964 2.4804 2.1451 2.3269 -0.71573 0.0063066 -0.33346 -0.48172 -2.0425 -0.73605 -0.77462 -3.7296 -0.1715 0.71573 -0.0063066 0.33346 1.036 -2.0712 0.11496 0.86804 -3.6807 0.91018
0 88 72 0.1937 4.7899 -0.35578 0.11867 3.5374 -0.29646 -0.84381 3.5484 -0.49864 -1.6681 2.2901 0.13858 -2.9704 1.9452 0.88887 1.0806 3.5562 -0.092021 1.7636 2.3315 0.74603 2.9099 2.1451 1.7604 -0.76942 0.0063066 -0.17737 -0.62423 -2.0425 -0.61981 -0.79335 -3.7296 -0.0066966 0.76942 -0.0063066 0.17736 1.0373 -2.0712 -0.10295 1.0383 -3.6807 0.70981
0 88 96 0.032242 4.7899 -0.40381 -0.012171 3.5374 -0.3191 -0.97367 3.5484 -0.11232 -1.4675 2.2901 0.80509 -2.352 1.9452 2.0202 0.94971 3.5562 -0.52357 1.9146 2.3315 -0.035802 3.3744 2.1451 0.42459 -0.77504 0.0063066 0.15092 -0.82236 -2.0425 -0.31233 -0.72748 -3.7296 0.31657 0.77504 -0.0063066 -0.15092 0.90572 -2.0712 -0.51594 1.2373 -3.6807 0.22613
0 88 108 -0.052419 4.7899 -0.40169 -0.07825 3.5374 -0.3096 -0.97575 3.5484 0.09257 -1.2681 2.2901 1.0926 -1.8806 1.9452 2.465 0.8201 3.5562 -0.70958 1.8653 2.3315 -0.43309 3.3889 2.1451 -0.28626 -0.72672 0.0063066 0.30876 -0.86933 -2.0425 -0.13452 -0.64577 -3.7296 0.4609 0.72672 -0.0063066 -0.30876 0.77866 -2.0712 -0.69298 1.2572 -3.6807 -0.036055
0 89 48 0.36677 4.7866 -0.23317 0.24144 3.5407 -0.18875 -0.54663 3.5573 -0.77699 -1.747 2.4563 -0.65208 -3.2767 2.4853 -0.46046 1.0283 3.5537 0.40117 1.4442 2.5158 1.5922 2.0629 2.7383 2.987 -0.62757 0.012426 -0.47906 -0.32611 -2.0419 -0.80031 -0.7209 -3.7341 -0.31908 0.62757 -0.012426 0.47906 0.97257 -2.0805 0.34399 0.65602 -3.6896 1.0933
0 89 60 0.31028 4.7866 -0.30433 0.19693 3.5407 -0.23482 -0.69623 3.5573 -0.64636 -1.8444 2.4563 -0.27461 -3.3008 2.4853 0.23086 1.0893 3.5537 0.1786 1.7437 2.5158 1.2571 2.6389 2.7383 2.4928 -0.71346 0.012426 -0.33812 -0.48538 -2.0419 -0.71501 -0.77149 -3.7341 -0.16223 0.71346 -0.012426 0.33812 1.0228 -2.0805 0.13426 0.86899 -3.6896 0.93299
0 89 120 -0.10842 4.7866 -0.42087 -0.1049 3.5407 -0.28795 -0.90788 3.5573 0.27977 -1.16 2.4563 1.46 -1.4505 2.4853 2.974 0.69931 3.5537 -0.85403 1.9606 2.5158 -0.88151 3.4783 2.7383 -1.0389 -0.64955 0.012426 0.44881 -0.86191 -2.0419 0.062846 -0.52624 -3.7341 0.58701 0.64955 -0.012426 -0.44881 0.62769 -2.0805 -0.81867 1.2425 -3.6896 -0.28607
0 90 36 0.44751 4.7804 -0.12947 0.27739 3.5426 -0.10511 -0.35715 3.5719 -0.85602 -1.6929 2.6909 -1.1851 -3.1567 3.1504 -1.3392 0.91082 3.5431 0.6473 1.2339 2.7314 2.0277 1.5872 3.3775 3.3825 -0.50275 0.015334 -0.60869 -0.15735 -2.0429 -0.85074 -0.6407 -3.7359 -0.46218 0.50275 -0.015333 0.60869 0.86808 -2.0835 0.54992 0.4113 -3.6977 1.2108
0 90 48 0.41081 4.7804 -0.21969 0.24947 3.5426 -0.16048 -0.52732 3.5719 -0.76306 -1.9023 2.6909 -0.80721 -3.3662 3.1504 -0.65366 1.0255 3.5431 0.44379 1.6285 2.7314 1.7268 2.2558 3.3775 2.9785 -0.61832 0.015334 -0.49086 -0.33079 -2.0429 -0.79943 -0.72279 -3.7359 -0.31887 0.61832 -0.015333 0.49086 0.96344 -2.0835 0.35742 0.65405 -3.6977 1.0988
0 90 132 -0.17554 4.7804 -0.43152 -0.13353 3.5426 -0.26488 -0.814 3.5719 0.44467 -1.0016 2.6909 1.8075 -1.0019 3.1504 3.2794 0.54855 3.5431 -0.97349 1.8876 2.7314 -1.4391 3.198 3.3775 -1.9321 -0.5528 0.015334 0.56363 -0.82963 -2.0429 0.24542 -0.39267 -3.7359 0.6855 0.5528 -0.015333 -0.56363 0.45617 -2.0835 -0.9208 1.1612 -3.6977 -0.53561
0 91 36 0.46511 4.7783 -0.099976 0.2687 3.5467 -0.078313 -0.35556 3.5824 -0.83751 -1.7726 2.9925 -1.3968 -3.0221 3.8782 -1.575 0.8921 3.5407 0.68241 1.4189 3.0073 2.1338 1.8229 4.0327 3.2122 -0.49171 0.01713 -0.6176 -0.1528 -2.0433 -0.85057 -0.63613 -3.7378 -0.46864 0.49171 -0.01713 0.6176 0.86744 -2.0833 0.55242 0.42114 -3.7034 1.2057
0 92 36 0.44262 4.7848 -0.064796 0.2367 3.5555 -0.048177 -0.38383 3.5848 -0.81071 -1.8044 3.3443 -1.5806 -2.7198 4.5739 -1.7471 0.85633 3.556 0.71564 1.6073 3.3356 2.1496 2.0417 4.6191 2.8856 -0.48649 0.01861 -0.62167 -0.1529 -2.0433 -0.84893 -0.63121 -3.7414 -0.4766 0.48649 -0.01861 0.62167 0.86696 -2.0836 0.54911 0.42841 -3.7082 1.1966
0 101 72 0.019517 4.8428 -0.17305 0.0094403 3.5795 -0.18119 -0.9131 3.5415 -0.52007 -0.8468 3.5686 -2.1521 0.16352 4.3776 -2.9902 0.93099 3.6473 0.15573 1.9333 3.609 -1.1337 1.5856 4.1247 -2.5446 -0.75163 -0.001101 -0.24198 -0.59277 -2.0428 -0.71157 -0.82337 -3.7554 -0.19694 0.75163 0.001101 0.24198 1.0321 -2.0471 -0.13272 1.0273 -3.7294 0.51601
0 102 72 0.019161 4.8399 -0.23431 0.021269 3.5776 -0.22914 -0.9001 3.5233 -0.56899 -0.72032 3.2242 -2.1649 0.32601 3.887 -3.0834 0.9414 3.6615 0.10802 1.8779 3.3524 -1.1944 1.5727 3.6893 -2.6678 -0.75001 -0.00029087 -0.24694 -0.59009 -2.0402 -0.72386 -0.82509 -3.7529 -0.21173 0.75001 0.00029135 0.24694 1.0384 -2.0436 -0.14502 1.0258 -3.7274 0.49964
0 102 84 -0.029974 4.8399 -0.23318 -0.026836 3.5776 -0.22855 -0.99873 3.5233 -0.36941 -1.1547 3.2242 -1.9678 -0.32219 3.887 -3.0838 0.94329 3.6615 -0.090068 1.5885 3.3524 -1.5587 0.98369 3.6893 -2.9365 -0.78497 -0.00029087 -0.085603 -0.72769 -2.0402 -0.58535 -0.85109 -3.7529 -0.03556 0.78497 0.00029135 0.085603 0.98558 -2.0436 -0.35775 1.1073 -3.7274 0.27544
1 2 264 0.13555 4.2132 -2.3731 0.036177 3.0594 -1.872 -0.94605 3.0432 -1.9202 -1.1715 1.5452 -1.3085 -1.6676 0.18226 -1.8318 1.0182 3.1023 -1.8369 1.346 1.5975 -1.2922 1.9241 0.26607 -1.8125 -0.7894 -0.0068364 -0.017404 -0.41358 -1.4051 -1.5398 -0.67575 -2.8549 -0.5005 0.7894 0.0068364 0.017405 0.88048 -1.5288 -1.4136 0.89592 -2.7993 -0.13441
1 3 264 0.13094 4.3038 -2.203 0.033968 3.1285 -1.752 -0.9483 3.1177 -1.801 -1.366 1.6404 -1.2426 -2.1836 0.41276 -1.692 1.0161 3.1666 -1.7148 1.5138 1.7059 -1.1786 2.4352 0.54603 -1.6066 -0.78941 -0.0068836 -0.016774 -0.43106 -1.398 -1.55 -0.68997 -2.8206 -0.47295 0.78941 0.0068839 0.016774 0.90599 -1.5111 -1.4312 0.90232 -2.7455 -0.11701
1 4 252 0.53452 4.3948 -1.946 0.36719 3.2007 -1.5672 -0.58314 3.1954 -1.8206 -1.324 1.783 -1.467 -2.3832 0.8218 -2.0432 1.3197 3.234 -1.3241 1.9172 1.8699 -0.65251 3.187 0.99632 -0.69873 -0.76921 -0.0071657 -0.17821 -0.14118 -1.4546 -1.5656 -0.59884 -2.8802 -0.56103 0.76921 0.0071654 0.17821 1.1971 -1.5559 -1.159 0.90497 -2.7964 0.11637
1 5 252 0.47894 4.4907 -1.7269 0.32992 3.2782 -1.4001 -0.61883 3.2754 -1.6594 -1.5994 1.9965 -1.3916 -2.9059 1.3785 -1.9288 1.2805 3.3095 -1.1494 2.0964 2.0981 -0.41756 3.5408 1.5668 -0.32097 -0.76895 -0.0083079 -0.17928 -0.22169 -1.5763 -1.4662 -0.64754 -3.0438 -0.50899 0.76895 0.0083082 0.17928 1.1931 -1.6618 -1.0229 0.89613 -2.9707 0.18104
1 7 240 0.59403 4.6386 -1.2026 0.43847 3.4036 -0.9855 -0.42356 3.3878 -1.4588 -1.772 2.47 -1.5493 -3.118 2.485 -2.3016 1.3019 3.4489 -0.51664 2.1723 2.5505 0.53417 3.6271 2.6083 1.042 -0.7119 -0.015726 -0.34125 -0.35308 -1.908 -1.1809 -0.77051 -3.5561 -0.58074 0.7119 0.015726 0.34125 1.3375 -1.8787 -0.31762 0.91481 -3.4456 0.46794
1 33 252 0.55393 4.633 -1.2666 0.39514 3.3957 -1.06 -0.5527 3.4379 -1.3192 -1.66 2.2415 -1.2128 -2.8643 1.6371 -1.9625 1.3456 3.3824 -0.80736 2.101 2.0927 -0.14794 3.4062 1.2928 -0.33328 -0.77353 0.039126 -0.15366 -0.74273 -1.9433 -0.84888 -0.9725 -3.6239 -0.23746 0.77353 -0.039126 0.15366 1.1286 -2.0099 -0.48223 1.0778 -3.5296 0.48668
1 34 252 0.57673 4.6012 -1.3747 0.39212 3.3731 -1.1402 -0.55023 3.4174 -1.4184 -1.447 2.0687 -1.2052 -2.4736 1.1538 -1.9029 1.3375 3.3574 -0.86944 1.9011 1.9589 -0.2407 3.0152 0.909 -0.42564 -0.77387 0.033298 -0.15333 -0.59449 -1.9403 -0.85115 -0.70866 -3.6002 -0.1565 0.77387 -0.033298 0.15333 1.0134 -1.977 -0.6076 0.77405 -3.4762 0.36495
1 34 264 0.27832 4.6012 -1.4645 0.14649 3.3731 -1.1968 -0.8331 3.4174 -1.273 -1.666 2.0687 -0.87797 -2.8152 1.1538 -1.347 1.1275 3.3574 -1.1285 1.8095 1.9589 -0.63071 2.8608 0.909 -1.0432 -0.78884 0.033298 0.010922 -0.75847 -1.9403 -0.70895 -0.72571 -3.6002 -0.0057428 0.78884 -0.033298 -0.010922 0.86494 -1.977 -0.80502 0.83302 -3.4762 0.19604
1 35 252 0.58043 4.5705 -1.4784 0.38421 3.3519 -1.2099 -0.55648 3.3891 -1.4947 -1.24 1.9356 -1.1965 -2.0666 0.78342 -1.8022 1.3281 3.343 -0.93355 1.7008 1.8665 -0.3423 2.6259 0.64539 -0.51774 -0.7736 0.027174 -0.15592 -0.47484 -1.9344 -0.84672 -0.58513 -3.5584 -0.071174 0.7736 -0.027174 0.15592 0.89082 -1.9383 -0.70905 0.60213 -3.4266 0.26691
1 42 252 0.43532 4.6387 -1.3254 0.29712 3.4091 -1.0659 -0.64771 3.4105 -1.3392 -1.2503 1.916 -1.0708 -2.1365 0.83295 -1.7184 1.2437 3.4366 -0.80037 1.7086 1.9334 -0.36069 2.8219 0.96304 -0.80415 -0.76821 0.0043054 -0.18256 -0.41515 -1.8747 -1.0538 -0.57204 -3.4147 -0.12928 0.76821 -0.0043058 0.18256 1.059 -1.8702 -0.73846 0.6208 -3.3251 0.23215
1 43 240 0.60241 4.6858 -1.0608 0.4422 3.4454 -0.87042 -0.42605 3.4469 -1.3325 -1.2205 2.0194 -1.3276 -2.1386 1.1728 -2.232 1.313 3.4731 -0.41404 1.8654 2.0378 0.13698 3.2202 1.3121 0.01259 -0.71059 -0.0020561 -0.34431 -0.38337 -1.9713 -0.99956 -0.70045 -3.6086 -0.31433 0.71059 0.0020561 0.34431 1.2001 -1.9452 -0.27442 0.70563 -3.5193 0.45262
1 43 252 0.3687 4.6858 -1.1629 0.25157 3.4454 -0.94334 -0.69378 3.4469 -1.2148 -1.4699 2.0194 -1.0448 -2.5559 1.1728 -1.7386 1.1982 3.4731 -0.67798 1.8531 2.0378 -0.25385 3.1524 1.3121 -0.6572 -0.76665 -0.0020561 -0.18905 -0.58281 -1.9713 -0.89801 -0.7505 -3.6086 -0.16183 0.76665 0.0020561 0.18905 1.1168 -1.9452 -0.51794 0.78431 -3.5193 0.29602
1 43 264 0.11886 4.6858 -1.2141 0.049941 3.4454 -0.97503 -0.93118 3.4469 -1.044 -1.655 2.0194 -0.71638 -2.8615 1.1728 -1.1692 1.0311 3.4731 -0.9123 1.7598 2.0378 -0.63357 2.9469 1.3121 -1.2983 -0.7892 -0.0020561 -0.025519 -0.75678 -1.9713 -0.75721 -0.76774 -3.6086 -0.0022529 0.7892 0.0020561 0.025519 0.98474 -1.9452 -0.73883 0.82872 -3.5193 0.12648
1 44 240 0.5359 4.7064 -0.98243 0.38905 3.4614 -0.81118 -0.48383 3.4653 -1.2644 -1.446 2.153 -1.4087 -2.5268 1.5969 -2.3575 1.2639 3.4869 -0.36242 2.019 2.1635 0.22672 3.4967 1.7244 0.18815 -0.71213 -0.0079145 -0.34103 -0.50699 -2.0015 -0.97182 -0.87672 -3.6775 -0.41951 0.71213 0.0079145 0.34103 1.2346 -1.9752 -0.11582 0.85979 -3.5813 0.6127
1 44 252 0.31993 4.7064 -1.0724 0.21189 3.4614 -0.87434 -0.73615 3.4653 -1.1362 -1.7072 2.153 -1.0773 -2.9617 1.5969 -1.7806 1.1609 3.4869 -0.61727 2.022 2.1635 -0.19801 3.4594 1.7244 -0.54296 -0.76747 -0.0079145 -0.18552 -0.69796 -2.0015 -0.84518 -0.94478 -3.6775 -0.22807 0.76747 0.0079145 0.18552 1.1836 -1.9752 -0.36998 0.96839 -3.5813 0.42055
2 0 84 0.34047 3.8359 -2.9086 0.18856 2.9528 -2.0166 -0.7857 2.9191 -2.1471 -1.5141 2.625 -0.71477 -2.5357 1.6837 -0.045529 1.1646 3.0067 -1.9079 1.7904 2.8813 -0.40405 2.9507 2.3106 0.43595 -0.7879 0.012938 -0.050458 -0.6629 -1.8841 -0.94493 -0.62422 -3.5499 -0.25627 0.7879 -0.012938 0.050457 0.94064 -1.9294 -0.797 0.84621 -3.4966 0.089423
2 1 84 0.38811 3.6134 -3.1757 0.22353 2.7952 -2.2259 -0.75023 2.7601 -2.3598 -1.4051 2.665 -0.86618 -2.406 1.8565 -0.016253 1.1993 2.849 -2.1151 1.7424 2.8947 -0.57506 2.8356 2.4268 0.40651 -0.78752 0.014499 -0.055635 -0.63877 -1.8475 -1.0174 -0.61398 -3.4955 -0.28625 0.78752 -0.014499 0.055635 0.95501 -1.8983 -0.8595 0.84996 -3.4444 0.062148
2 2 84 0.43767 3.386 -3.4156 0.26231 2.6228 -2.4229 -0.71088 2.5858 -2.5604 -1.2931 2.6451 -1.0352 -2.2632 1.9737 -0.042294 1.2378 2.6772 -2.3095 1.699 2.8408 -0.75087 2.7141 2.4453 0.34041 -0.78674 0.015066 -0.065691 -0.61278 -1.8052 -1.1004 -0.60501 -3.429 -0.31661 0.78674 -0.015066 0.065692 0.9666 -1.8574 -0.92823 0.84898 -3.3763 0.036091
2 3 84 0.49213 3.1577 -3.6253 0.30452 2.4443 -2.5988 -0.66833 2.4053 -2.7381 -1.1937 2.5639 -1.1994 -2.1251 2.0048 -0.10508 1.2798 2.4995 -2.4845 1.6608 2.7147 -0.91054 2.5912 2.34 0.2606 -0.78564 0.014306 -0.077884 -0.58847 -1.7571 -1.1903 -0.59797 -3.3483 -0.34245 0.78564 -0.014306 0.077883 0.97817 -1.8078 -0.99942 0.84712 -3.2925 0.015185
2 4 84 0.53007 2.9497 -3.7963 0.33088 2.2762 -2.7457 -0.64145 2.2324 -2.8872 -1.1243 2.4214 -1.338 -2.0142 1.9191 -0.18334 1.3058 2.3353 -2.6297 1.6132 2.5215 -1.0361 2.4639 2.1105 0.18248 -0.78503 0.01072 -0.084312 -0.55871 -1.7051 -1.2755 -0.59341 -3.256 -0.35665 0.78503 -0.01072 0.084313 0.9955 -1.7526 -1.0715 0.83969 -3.192 0.002964
2 5 84 0.56354 2.7986 -3.9076 0.35632 2.1446 -2.847 -0.61519 2.0931 -2.9915 -1.074 2.2399 -1.4305 -1.9213 1.7 -0.26075 1.3304 2.2108 -2.7284 1.581 2.2949 -1.1163 2.3666 1.7347 0.086481 -0.78465 0.010496 -0.087827 -0.52473 -1.6485 -1.3505 -0.59164 -3.1458 -0.34828 0.78465 -0.010496 0.087827 1.0197 -1.6942 -1.1468 0.83314 -3.0721 0.00096759
2 15 84 0.38791 4.2098 -2.3376 0.20997 3.0474 -1.8832 -0.74701 3.0532 -2.1102 -1.0769 2.5598 -3.6322 -0.37885 3.9109 -3.8869 1.1699 3.068 -1.6698 1.8358 2.3852 -2.9961 1.5618 3.8523 -3.3835 -0.78664 0.0032692 -0.068436 -0.64625 -2.0715 -0.36843 -0.83846 -3.3219 0.91622 0.78664 -0.0032692 0.068436 0.98927 -2.079 -0.18542 0.82612 -3.2452 1.18
2 16 84 0.31741 4.4234 -1.9295 0.18202 3.2223 -1.5572 -0.77813 3.2323 -1.7702 -1.0687 2.8413 -3.3296 -0.39559 4.2241 -3.4416 1.1443 3.2403 -1.3545 1.8753 2.6674 -2.6984 1.551 4.1564 -2.9336 -0.78518 0.0054674 -0.083421 -0.75193 -2.0939 -0.0064335 -0.97103 -3.4756 1.131 0.78518 -0.0054674 0.083421 0.93631 -2.0999 0.15176 0.88677 -3.369 1.4316
2 17 84 0.27731 4.5058 -1.7427 0.17405 3.2936 -1.3918 -0.78947 3.301 -1.5891 -1.0541 2.9214 -3.1558 -0.39833 4.3138 -3.2502 1.1391 3.3147 -1.2032 1.9202 2.7787 -2.5341 1.5694 4.268 -2.7256 -0.78405 0.0069966 -0.09334 -0.75329 -2.0906 0.023044 -1.0053 -3.4583 1.1706 0.78405 -0.0069966 0.09334 0.88095 -2.1029 0.20266 0.86374 -3.2855 1.5636
2 18 84 0.29378 4.4801 -1.8042 0.21306 3.2693 -1.4431 -0.75261 3.2653 -1.6297 -1.0212 2.8407 -3.1841 -0.37015 4.2333 -3.305 1.1799 3.3016 -1.2657 1.9854 2.7195 -2.5623 1.6359 4.2029 -2.7968 -0.78179 0.0096245 -0.11053 -0.71454 -2.0891 -0.1818 -0.95576 -3.3302 1.1036 0.78179 -0.009625 0.11053 0.89729 -2.1047 0.0027094 0.80544 -3.1304 1.4827
2 71 84 0.28813 4.1141 -2.5464 0.19361 2.9873 -1.9842 -0.77653 2.96 -2.1437 -1.013 2.5288 -3.7016 -0.74274 4.0353 -3.8887 1.1651 3.04 -1.8402 1.7305 2.5333 -3.2867 1.5549 4.0413 -3.5562 -0.78329 -0.020804 -0.097582 -0.69541 -2.0737 -0.53617 -0.93006 -3.2922 0.7719 0.78329 0.020804 0.097582 1.0642 -2.0299 -0.26266 0.897 -3.1838 1.1127
2 72 84 0.22748 4.3456 -2.1544 0.17285 3.1886 -1.6423 -0.79896 3.1681 -1.7925 -1.0839 2.8766 -3.3744 -0.7427 4.3803 -3.3703 1.1456 3.2361 -1.5047 1.7672 2.837 -2.9617 1.5777 4.3628 -3.0785 -0.78046 -0.022413 -0.11781 -0.74258 -2.1184 -0.2583 -1.0359 -3.4546 0.91624 0.78046 0.022413 0.11781 0.98838 -2.0637 -0.02116 0.94248 -3.2954 1.2947
2 73 84 0.23584 4.4262 -1.9857 0.19353 3.2629 -1.4867 -0.77735 3.2389 -1.6422 -1.1312 3.0642 -3.2274 -0.69883 4.5394 -3.1068 1.1651 3.3143 -1.3425 1.8478 2.9833 -2.7892 1.6236 4.5074 -2.8573 -0.77715 -0.018288 -0.13859 -0.70295 -2.1128 -0.2869 -1.0428 -3.4407 0.88445 0.77715 0.018289 0.13859 0.96156 -2.0633 -0.078789 0.92036 -3.2355 1.2906
2 98 84 0.3464 3.9942 -2.7268 0.21839 2.9438 -2.0429 -0.75721 2.9189 -2.1651 -1.1214 1.3314 -2.0383 -1.2469 -0.032613 -2.7463 1.1953 2.9919 -1.9394 1.6927 1.4453 -1.7682 1.873 0.15779 -2.5974 -0.78677 0.011407 -0.066058 -0.57531 -1.4308 -1.5792 -0.76098 -3.0336 -0.77446 0.78677 -0.011407 0.066058 0.93213 -1.5383 -1.3698 0.91005 -2.9982 -0.312
2 99 84 0.32442 4.0694 -2.6162 0.20447 2.9963 -1.9678 -0.77252 2.9739 -2.079 -1.1751 1.4199 -1.7762 -1.4413 -0.026196 -2.2404 1.1825 3.0423 -1.8746 1.6377 1.5066 -1.5531 1.8942 0.065957 -2.0393 -0.78697 0.013191 -0.063243 -0.58926 -1.5038 -1.5034 -0.77775 -3.112 -0.7103 0.78697 -0.013191 0.063243 0.92784 -1.6073 -1.298 0.90236 -3.078 -0.25529
2 100 84 0.31025 4.143 -2.4993 0.18908 3.0502 -1.8858 -0.78901 3.0311 -1.9875 -1.2315 1.5322 -1.5118 -1.6183 0.060079 -1.7586 1.168 3.0935 -1.8014 1.5811 1.591 -1.3109 1.901 0.09228 -1.4815 -0.78716 0.013217 -0.060831 -0.60361 -1.5747 -1.4243 -0.79454 -3.1874 -0.64089 0.78716 -0.013217 0.060832 0.92574 -1.6745 -1.2179 0.89219 -3.1553 -0.18991
2 101 84 0.29535 4.2178 -2.3742 0.17805 3.1062 -1.7939 -0.80098 3.0898 -1.8867 -1.2773 1.6604 -1.2554 -1.7629 0.19852 -1.3248 1.1577 3.1474 -1.7174 1.5303 1.6958 -1.0672 1.882 0.1963 -0.99287 -0.7872 0.012243 -0.060481 -0.61383 -1.6434 -1.3424 -0.80889 -3.2623 -0.57311 0.7872 -0.012243 0.060481 0.92756 -1.7372 -1.1307 0.88511 -3.2338 -0.12604
3 0 0 0.23767 4.7831 0.51803 0.11912 3.5799 0.17184 -0.85054 3.6298 0.014892 -1.4587 2.6035 -1.1011 -0.98579 2.7645 -2.56 1.089 3.5594 0.33396 1.4428 2.3761 1.4032 2.1703 1.0313 1.6031 -0.78828 0.04355 0.014599 -0.46607 -2.0321 -0.03129 -0.21803 -3.8047 0.1862 0.78828 -0.04355 -0.014599 0.95639 -1.4985 -1.521 0.87646 -1.9578 0.22075
3 0 12 0.34018 4.7831 0.45729 0.15225 3.5799 0.14332 -0.82886 3.6298 0.1914 -1.6557 2.6035 -0.7738 -1.4965 2.7645 -2.2991 1.1346 3.5594 0.10025 1.703 2.3761 1.0725 2.4562 1.0313 1.1168 -0.76802 0.04355 0.17817 -0.46239 -2.0321 0.066294 -0.17456 -3.8047 0.22746 0.76802 -0.04355 -0.17817 0.61927 -1.4985 -1.6866 0.90321 -1.9578 0.033703
3 0 24 0.42782 4.7831 0.37657 0.17872 3.5799 0.10853 -0.77095 3.6298 0.35955 -1.7804 2.6035 -0.41264 -1.9418 2.7645 -1.9377 1.1307 3.5594 -0.13785 1.8888 2.3761 0.69504 2.6347 1.0313 0.58176 -0.71419 0.04355 0.33396 -0.4385 -2.0321 0.16098 -0.12345 -3.8047 0.25878 0.71419 -0.04355 -0.33396 0.25508 -1.4985 -1.7785 0.89048 -1.9578 -0.15482
3 0 36 0.49677 4.7831 0.27939 0.19738 3.5799 0.069003 -0.67935 3.6298 0.51198 -1.8273 2.6035 -0.033451 -2.3022 2.7645 -1.4916 1.0773 3.5594 -0.36992 1.992 2.3761 0.28715 2.6981 1.0313 0.021263 -0.62915 0.04355 0.47515 -0.39545 -2.0321 0.24863 -0.066949 -3.8047 0.27879 0.62915 -0.04355 -0.47515 -0.12026 -1.4985 -1.7926 0.83883 -1.9578 -0.33658
3 0 48 0.544 4.7831 0.17001 0.20741 3.5799 0.026458 -0.55805 3.6298 0.64204 -1.7944 2.6035 0.3472 -2.562 2.7645 -0.98035 0.97686 3.5594 -0.58582 2.0082 2.3761 -0.13328 2.6436 1.0313 -0.54017 -0.51661 0.04355 0.59558 -0.33511 -2.0321 0.32542 -0.007522 -3.8047 0.28662 0.51661 -0.04355 -0.59558 -0.49034 -1.4985 -1.7285 0.75052 -1.9578 -0.50363
3 0 60 0.56746 4.7831 0.053187 0.20838 3.5799 -0.017244 -0.41237 3.6298 0.74403 -1.683 2.6035 0.71268 -2.7099 2.7645 -0.42625 0.83372 3.5594 -0.77612 1.9366 2.3761 -0.54789 2.4735 1.0313 -1.078 -0.3815 0.04355 0.68997 -0.26013 -2.0321 0.38798 0.052234 -3.8047 0.28192 0.3815 -0.04355 -0.68997 -0.83899 -1.4985 -1.5887 0.62941 -1.9578 -0.64866
3 1 0 0.19012 4.7818 0.55946 0.080023 3.578 0.21231 -0.88608 3.6281 0.034837 -1.4804 2.7781 -1.2274 -0.97651 3.1215 -2.6437 1.0462 3.5572 0.39494 1.3788 2.4878 1.5843 2.1773 1.2337 1.9933 -0.7889 0.031661 0.011661 -0.47808 -2.0456 0.062235 -0.23887 -3.8057 0.37172 0.7889 -0.031661 -0.011662 0.83185 -1.2117 -1.7494 0.84107 -1.8607 -0.067284
3 1 12 0.30228 4.7818 0.5077 0.12242 3.578 0.19103 -0.85947 3.6281 0.2183 -1.7032 2.7781 -0.89275 -1.5048 3.1215 -2.3829 1.1055 3.5572 0.16878 1.6781 2.4878 1.263 2.5441 1.2337 1.4971 -0.76923 0.031661 0.17543 -0.45469 -2.0456 0.16027 -0.15636 -3.8057 0.41326 0.76923 -0.031661 -0.17543 0.44994 -1.2117 -1.8842 0.8087 -1.8607 -0.24068
3 1 24 0.40123 4.7818 0.43376 0.15946 3.578 0.16141 -0.7953 3.6281 0.39223 -1.8516 2.7781 -0.51913 -1.9674 3.1215 -2.0179 1.1164 3.5572 -0.064752 1.904 2.4878 0.88647 2.7998 1.2337 0.93543 -0.71595 0.031661 0.33153 -0.41144 -2.0456 0.25131 -0.067022 -3.8057 0.43674 0.71595 -0.031661 -0.33153 0.048371 -1.2117 -1.9365 0.74099 -1.8607 -0.40356
3 1 36 0.48265 4.7818 0.34086 0.18953 3.578 0.12473 -0.69638 3.6281 0.54901 -1.9191 2.7781 -0.12282 -2.3439 3.1215 -1.5648 1.0786 3.5572 -0.29545 2.0467 2.4878 0.47124 2.9331 1.2337 0.33288 -0.63138 0.031661 0.47314 -0.3502 -2.0456 0.33136 0.025247 -3.8057 0.44113 0.63138 -0.031661 -0.47314 -0.35532 -1.2117 -1.9043 0.64089 -1.8607 -0.5488
3 1 48 0.54297 4.7818 0.23306 0.21132 3.578 0.082594 -0.56701 3.6281 0.6818 -1.9027 2.7781 0.27886 -2.618 3.1215 -1.0433 0.99357 3.5572 -0.51324 2.0999 2.4878 0.035413 2.9382 1.2337 -0.28422 -0.51921 0.031661 0.59407 -0.27365 -2.0456 0.39693 0.11641 -3.8057 0.42624 0.51921 -0.031661 -0.59407 -0.74347 -1.2117 -1.7888 0.51278 -1.8607 -0.67006
3 1 60 0.57956 4.7818 0.11508 0.22388 3.578 0.036853 -0.41287 3.6281 0.78479 -1.8031 2.7781 0.66835 -2.7777 3.1215 -0.47615 0.86515 3.5572 -0.7086 2.0614 2.4878 -0.40196 2.8149 1.2337 -0.8889 -0.38435 0.031661 0.68904 -0.18514 -2.0456 0.44515 0.20249 -3.8057 0.39272 0.38435 -0.031661 -0.68904 -1.0991 -1.2117 -1.5951 0.36226 -1.8607 -0.76203
3 2 0 0.17119 4.7782 0.59847 0.063629 3.5745 0.25159 -0.90154 3.6217 0.068349 -1.4666 2.8786 -1.2723 -0.95708 3.3471 -2.6501 1.0288 3.5566 0.43988 1.3582 2.5608 1.6923 2.1826 1.3649 2.2099 -0.78914 0.027162 0.0038252 -0.48297 -2.0451 0.16641 -0.24188 -3.7889 0.55626 0.78914 -0.027162 -0.0038242 0.70151 -0.98425 -1.8721 0.76914 -1.9191 -0.33192
3 2 12 0.29188 4.7782 0.54979 0.11455 3.5745 0.23286 -0.86763 3.6217 0.2543 -1.6991 2.8786 -0.93952 -1.4872 3.3471 -2.3932 1.0978 3.5566 0.21637 1.6804 2.5608 1.3729 2.5943 1.3649 1.7078 -0.7711 0.027162 0.16781 -0.43782 -2.0451 0.26319 -0.12094 -3.7889 0.59439 0.7711 -0.027162 -0.16781 0.29694 -0.98425 -1.9771 0.68332 -1.9191 -0.48458
3 2 24 0.39981 4.7782 0.47709 0.16046 3.5745 0.20395 -0.7958 3.6217 0.42913 -1.8573 2.8786 -0.56572 -1.9522 3.3471 -2.0317 1.1188 3.5566 -0.016604 1.9291 2.5608 0.99357 2.8927 1.3649 1.1311 -0.71936 0.027162 0.32447 -0.37353 -2.0451 0.34847 0.0052819 -3.7889 0.60655 0.71936 -0.027162 -0.32447 -0.12061 -0.98425 -1.9956 0.56764 -1.9191 -0.61606
3 2 36 0.49027 4.7782 0.38354 0.19936 3.5745 0.16614 -0.68919 3.6217 0.58521 -1.9344 2.8786 -0.1672 -2.332 3.3471 -1.5814 1.0909 3.5566 -0.24885 2.0935 2.5608 0.57078 3.0647 1.3649 0.50497 -0.63618 0.027162 0.46694 -0.29292 -2.0451 0.41851 0.13128 -3.7889 0.5922 0.63618 -0.027162 -0.46694 -0.53288 -0.98425 -1.9269 0.42715 -1.9191 -0.72061
3 2 48 0.5593 4.7782 0.27323 0.22954 3.5745 0.12106 -0.55246 3.6217 0.71571 -1.9268 2.8786 0.23862 -2.6098 3.3471 -1.062 1.0153 3.5566 -0.47022 2.1664 2.5608 0.12304 3.1027 1.3649 -0.14325 -0.5252 0.027162 0.58901 -0.1995 -2.0451 0.47027 0.25153 -3.7889 0.55196 0.5252 -0.027162 -0.58901 -0.92187 -0.98425 -1.774 0.26799 -1.9191 -0.79368
3 3 0 0.17759 4.7815 0.58091 0.068775 3.5751 0.24251 -0.89697 3.6213 0.062051 -1.4018 2.8859 -1.3066 -0.92053 3.4421 -2.6618 1.0345 3.5583 0.42795 1.3695 2.5687 1.6838 2.2058 1.3813 2.2016 -0.78905 0.029807 0.0033712 -0.48475 -2.0322 0.2673 -0.23756 -3.7606 0.71758 0.78905 -0.029807 -0.0033722 0.62823 -0.87286 -1.9211 0.69408 -2.0945 -0.59664
3 3 12 0.29448 4.7815 0.53129 0.11769 3.5751 0.22291 -0.86447 3.6213 0.24719 -1.6428 2.8859 -0.98655 -1.4538 3.4421 -2.4122 1.1009 3.5583 0.20351 1.6896 2.5687 1.3623 2.6154 1.3813 1.6948 -0.77111 0.029807 0.16735 -0.41859 -2.0322 0.36225 -0.083178 -3.7606 0.75129 0.77111 -0.029807 -0.16735 0.21508 -0.87286 -2.0097 0.55487 -2.0945 -0.72791
3 3 24 0.39851 4.7815 0.45845 0.16147 3.5751 0.19357 -0.79418 3.6213 0.42152 -1.812 2.8859 -0.62343 -1.9236 3.4421 -2.0573 1.1192 3.5583 -0.02983 1.936 2.5687 0.98125 2.9106 1.3813 1.114 -0.71946 0.029807 0.32402 -0.33412 -2.0322 0.44136 0.074842 -3.7606 0.75217 0.71946 -0.029807 -0.32402 -0.20746 -0.87286 -2.0105 0.3914 -2.0945 -0.82736
3 3 36 0.48512 4.7815 0.36558 0.19818 3.5751 0.15577 -0.68919 3.6213 0.57743 -1.9021 2.8859 -0.23306 -2.3093 3.4421 -1.6124 1.0885 3.5583 -0.26186 2.0977 2.5687 0.5573 3.0786 1.3813 0.48455 -0.63637 0.029807 0.46652 -0.23506 -2.0322 0.50118 0.22959 -3.7606 0.72017 0.63637 -0.029807 -0.46652 -0.62095 -0.87286 -1.9235 0.21083 -2.0945 -0.89066
3 3 48 0.55053 4.7815 0.25673 0.22624 3.5751 0.11116 -0.55408 3.6213 0.7081 -1.909 2.8859 0.16749 -2.5941 3.4421 -1.097 1.0103 3.5583 -0.48245 2.1677 2.5687 0.10899 3.1121 1.3813 -0.16612 -0.52547 0.029807 0.58863 -0.12572 -2.0322 0.5391 0.37431 -3.7606 0.6567 0.52547 -0.029807 -0.58863 -1.0073 -0.87286 -1.7523 0.021046 -2.0945 -0.91503
3 4 0 0.19534 4.7843 0.55771 0.087976 3.5756 0.22491 -0.87981 3.6215 0.055652 -1.3266 2.7983 -1.2828 -0.86856 3.3926 -2.6299 1.0558 3.559 0.39913 1.4053 2.5063 1.5985 2.2369 1.282 2.0312 -0.7887 0.037313 0.0073729 -0.48907 -2.0091 0.37711 -0.23638 -3.7225 0.87834 0.7887 -0.037313 -0.0073738 0.61151 -0.88666 -1.9209 0.61683 -2.3489 -0.86605
3 4 12 0.30702 4.7843 0.50491 0.13282 3.5756 0.20171 -0.84901 3.6215 0.23736 -1.5643 2.7983 -0.97891 -1.3964 3.3926 -2.3918 1.1157 3.559 0.17089 1.7069 2.5063 1.2714 2.6103 1.282 1.5218 -0.76993 0.037313 0.17119 -0.39998 -2.0091 0.47055 -0.048597 -3.7225 0.90829 0.76993 -0.037313 -0.17119 0.19877 -0.88666 -2.006 0.42329 -2.3489 -0.97537
3 4 24 0.40529 4.7843 0.43004 0.17185 3.5756 0.16969 -0.78111 3.6215 0.40869 -1.7336 2.7983 -0.63229 -1.8631 3.3926 -2.0492 1.1269 3.559 -0.064816 1.934 2.5063 0.8887 2.8697 1.282 0.9458 -0.71752 0.037313 0.32753 -0.2934 -2.0091 0.54343 0.14131 -3.7225 0.89855 0.71752 -0.037313 -0.32753 -0.22265 -0.88666 -2.0035 0.21125 -2.3489 -1.0421
3 4 36 0.48584 4.7843 0.33638 0.20337 3.5756 0.13025 -0.67907 3.6215 0.56216 -1.8272 2.7983 -0.25803 -2.2485 3.3926 -1.6171 1.0888 3.559 -0.29769 2.0765 2.5063 0.46718 3.0036 1.282 0.32849 -0.63374 0.037313 0.46955 -0.17401 -2.0091 0.59256 0.32504 -3.7225 0.84953 0.63374 -0.037313 -0.46955 -0.63434 -0.88666 -1.9135 -0.010027 -2.3489 -1.0632
3 4 48 0.54516 4.7843 0.22801 0.22601 3.5756 0.085118 -0.54735 3.6215 0.69106 -1.8409 2.7983 0.12751 -2.5355 3.3926 -1.1142 1.0031 3.559 -0.51756 2.1282 2.5063 0.025249 3.0063 1.282 -0.30318 -0.52227 0.037313 0.59105 -0.047005 -2.0091 0.61579 0.49456 -3.7225 0.76339 0.52227 -0.037313 -0.59105 -1.0183 -0.88666 -1.7398 -0.23086 -2.3489 -1.0379
3 5 12 0.30889 4.7907 0.45227 0.13415 3.5776 0.16155 -0.84674 3.6237 0.217 -1.4929 2.6592 -0.93236 -1.3296 3.202 -2.3664 1.1163 3.5608 0.11103 1.7102 2.3975 1.0921 2.5451 1.1049 1.1914 -0.76811 0.041369 0.1783 -0.38499 -1.9863 0.57358 -0.021785 -3.6841 1.0596 0.76811 -0.041369 -0.1783 0.21039 -1.0361 -1.9429 0.30059 -2.6676 -1.1807
3 5 24 0.39618 4.7907 0.37816 0.16481 3.5776 0.13013 -0.78312 3.6237 0.38831 -1.6541 2.6592 -0.6016 -1.7926 3.202 -2.0382 1.115 3.5608 -0.12348 1.8999 2.3975 0.71266 2.7372 1.1049 0.63625 -0.71426 0.041369 0.3341 -0.25732 -1.9863 0.64109 0.199 -3.6841 1.041 0.71426 -0.041369 -0.3341 -0.19815 -1.0361 -1.9442 0.048547 -2.6676 -1.2174
3 5 36 0.46614 4.7907 0.28753 0.18826 3.5776 0.093018 -0.68528 3.6237 0.54264 -1.743 2.6592 -0.24455 -2.1772 3.202 -1.621 1.0649 3.5608 -0.3526 2.0066 2.3975 0.30208 2.8096 1.1049 0.053254 -0.62919 0.041369 0.4753 -0.11841 -1.9863 0.68058 0.4111 -3.6841 0.9769 0.62919 -0.041369 -0.4753 -0.59803 -1.0361 -1.8605 -0.20562 -2.6676 -1.2009
3 50 156 0.1086 4.8254 -0.08267 0.096413 3.5728 -0.23245 -0.76598 3.5686 -0.70535 -1.5622 2.2555 -0.14797 -1.8839 0.75606 -0.30853 0.95767 3.6067 0.2413 1.6877 2.1822 -0.085146 2.3156 2.7296 -1.3828 -0.61941 -0.017625 -0.4894 0.32267 -1.1829 -1.9621 -0.49121 -1.1329 -0.35402 0.61941 0.017625 0.4894 0.11183 -2.0023 0.76572 -0.34936 -3.7304 0.99405
3 51 144 0.09884 4.8275 -0.029598 0.12151 3.5754 -0.18397 -0.63281 3.574 -0.81513 -1.5904 2.3129 -0.41314 -1.9415 0.82369 -0.60429 0.87457 3.6066 0.44793 1.8491 2.3293 0.15191 2.6308 3.0902 -0.9379 -0.50667 -0.020697 -0.60527 0.92749 -1.0089 -1.7804 -0.26846 -1.3128 -0.4658 0.50667 0.020697 0.60527 -0.09069 -1.984 0.8018 -0.62586 -3.6989 0.95557
3 51 156 0.090527 4.8275 -0.049501 0.080607 3.5754 -0.20522 -0.78846 3.574 -0.66575 -1.6416 2.3129 -0.073449 -2.0247 0.82369 -0.18743 0.94859 3.6066 0.2563 1.8402 2.3293 -0.23585 2.3783 3.0902 -1.4644 -0.62144 -0.020697 -0.48671 0.53704 -1.0089 -1.9344 -0.35944 -1.3128 -0.39981 0.62144 0.020697 0.4867 0.077994 -1.984 0.80313 -0.41351 -3.6989 1.0648
3 52 144 0.09652 4.8268 -0.02859 0.11632 3.5754 -0.18828 -0.64291 3.5783 -0.81352 -1.6431 2.3563 -0.39531 -2.037 0.87472 -0.56116 0.8744 3.6023 0.43779 1.945 2.4246 0.069447 2.6838 3.2753 -0.98322 -0.50397 -0.025131 -0.60736 1.0109 -0.96682 -1.7177 -0.094571 -1.7389 -0.52066 0.50397 0.025131 0.60736 -0.1268 -1.9661 0.83388 -0.68995 -3.6696 1.0124
3 52 156 0.088466 4.8268 -0.048033 0.074636 3.5754 -0.20835 -0.798 3.5783 -0.66207 -1.6894 2.3563 -0.04504 -2.1091 0.87472 -0.12539 0.94631 3.6023 0.24643 1.9169 2.4246 -0.33646 2.4208 3.2753 -1.5197 -0.61923 -0.025131 -0.4893 0.63164 -0.96682 -1.8903 -0.20076 -1.7389 -0.48962 0.61923 0.025131 0.4893 0.049347 -1.9661 0.84202 -0.46438 -3.6696 1.1337
3 53 144 0.0955 4.8258 -0.035141 0.1071 3.575 -0.19876 -0.65065 3.5832 -0.82575 -1.6744 2.384 -0.39864 -2.0841 0.90424 -0.5406 0.86385 3.5966 0.42911 1.9625 2.4616 0.012703 2.6904 3.3503 -1.0159 -0.50893 -0.030184 -0.60298 0.9863 -1.085 -1.6354 0.10545 -2.2629 -0.5926 0.50893 0.030185 0.60298 -0.15531 -1.9457 0.86548 -0.74727 -3.6358 1.0751
3 53 156 0.086107 4.8258 -0.054229 0.063435 3.575 -0.21669 -0.80811 3.5832 -0.67243 -1.7207 2.384 -0.041794 -2.151 0.90424 -0.095472 0.93419 3.5966 0.24012 1.9223 2.4616 -0.39561 2.4204 3.3503 -1.5531 -0.62317 -0.030184 -0.48399 0.62472 -1.085 -1.8048 -0.020063 -2.2629 -0.60157 0.62317 0.030185 0.48399 0.028031 -1.9457 0.87886 -0.5074 -3.6358 1.207
3 65 204 0.2741 4.812 0.22044 0.072749 3.5833 0.028146 -0.89326 3.6301 0.20702 -1.6618 2.3813 -0.51309 -1.9458 2.685 -1.9979 1.0403 3.566 -0.14754 1.5456 2.2759 0.71796 2.1436 0.85499 0.68607 -0.72942 0.020346 0.30171 -0.2985 -2.0357 0.26445 0.13271 -3.7735 0.47673 0.72942 -0.020346 -0.30171 0.17276 -1.3373 -1.8412 0.74377 -1.7898 -0.19189
3 65 216 0.31395 4.812 0.15864 0.077011 3.5833 0.012406 -0.8307 3.6301 0.38822 -1.7322 2.3813 -0.15637 -2.3187 2.685 -1.5497 0.98691 3.566 -0.36061 1.6611 2.2759 0.38092 2.2394 0.85499 0.2254 -0.65075 0.020346 0.44677 -0.237 -2.0357 0.32073 0.22893 -3.7735 0.43872 0.65075 -0.020346 -0.44677 -0.21382 -1.3373 -1.8369 0.68762 -1.7898 -0.34234
3 66 192 0.23083 4.8049 0.32722 0.068819 3.5786 0.09162 -0.91241 3.6282 0.045925 -1.5551 2.5383 -0.98744 -1.4841 3.059 -2.4371 1.0509 3.5585 0.14076 1.3851 2.3442 1.1812 2.0507 0.96803 1.3828 -0.77547 0.021441 0.14728 -0.33249 -2.0274 0.28949 0.061219 -3.7516 0.64047 0.77547 -0.021441 -0.14728 0.40814 -1.1454 -1.884 0.68788 -1.8837 -0.26305
3 66 204 0.29381 4.8049 0.27208 0.086365 3.5786 0.07531 -0.88292 3.6282 0.23462 -1.7264 2.5383 -0.64253 -1.9584 3.059 -2.0753 1.0572 3.5585 -0.080818 1.6004 2.3442 0.86741 2.2934 0.96803 0.92624 -0.7279 0.021441 0.30529 -0.26503 -2.0274 0.35229 0.19304 -3.7516 0.61375 0.7279 -0.021441 -0.30529 0.0075144 -1.1454 -1.9277 0.61815 -1.8837 -0.40032
3 66 216 0.34396 4.8049 0.20505 0.10014 3.5786 0.055708 -0.81485 3.6282 0.41307 -1.8223 2.5383 -0.26955 -2.347 3.059 -1.6228 1.0173 3.5585 -0.29886 1.7458 2.3442 0.51572 2.4359 0.96803 0.42917 -0.64852 0.021441 0.44996 -0.186 -2.0274 0.39969 0.31643 -3.7516 0.5602 0.64852 -0.021441 -0.44996 -0.39344 -1.1454 -1.8871 0.52142 -1.8837 -0.52009
3 66 228 0.37908 4.8049 0.12905 0.10953 3.5786 0.033671 -0.71116 3.6282 0.57346 -1.8385 2.5383 0.11522 -2.6331 3.059 -1.0993 0.93296 3.5585 -0.50385 1.8148 2.3442 0.14148 2.4719 0.96803 -0.086657 -0.5408 0.021441 0.57496 -0.098831 -2.0274 0.42963 0.42599 -3.7516 0.48217 0.5408 -0.021441 -0.57496 -0.77719 -1.1454 -1.7641 0.40189 -1.8837 -0.61714
3 66 240 0.39762 4.8049 0.047416 0.11414 3.5786 0.010163 -0.57639 3.6282 0.70878 -1.7744 2.5383 0.49496 -2.8042 3.059 -0.52786 0.80782 3.5585 -0.68681 1.8046 2.3442 -0.23894 2.3998 0.96803 -0.5987 -0.40944 0.021441 0.67483 -0.0073463 -2.0274 0.44079 0.51693 -3.7516 0.38307 0.40944 -0.021441 -0.67483 -1.127 -1.1454 -1.5639 0.26479 -1.8837 -0.68721
3 66 252 0.39879 4.8049 -0.036291 0.11376 3.5786 -0.013789 -0.41643 3.6282 0.81313 -1.6327 2.5383 0.85306 -2.8526 3.059 0.066696 0.64737 3.5585 -0.83975 1.7155 2.3442 -0.60891 2.2229 0.96803 -1.0846 -0.26019 0.021441 0.74521 0.084459 -2.0274 0.43268 0.58528 -3.7516 0.26722 0.26019 -0.021441 -0.74521 -1.4275 -1.1454 -1.2955 0.11613 -1.8837 -0.72725
3 67 192 0.22666 4.7988 0.33743 0.045322 3.5768 0.091112 -0.93417 3.6469 0.035981 -1.5812 2.6904 -1.1195 -1.4924 3.3862 -2.4927 1.0263 3.5362 0.15001 1.3989 2.3771 1.2393 2.1243 1.0399 1.4907 -0.77506 0.017046 0.14997 -0.32114 -2.0211 0.38271 0.085538 -3.7298 0.79005 0.77506 -0.017046 -0.14997 0.31217 -1.0407 -1.9254 0.5779 -2.1096 -0.49792
3 67 204 0.29186 4.7988 0.28293 0.063275 3.5768 0.079698 -0.90627 3.6469 0.22942 -1.7794 2.6904 -0.76628 -1.9781 3.3862 -2.1279 1.035 3.5362 -0.066643 1.626 2.3771 0.92133 2.3878 1.0399 1.0165 -0.72694 0.017046 0.30783 -0.23455 -2.0211 0.44112 0.24793 -3.7298 0.755 0.72694 -0.017046 -0.30783 -0.094969 -1.0407 -1.9482 0.46174 -2.1096 -0.60719
3 67 216 0.34431 4.7988 0.21607 0.078463 3.5768 0.064801 -0.83877 3.6469 0.41283 -1.8998 2.6904 -0.37958 -2.3773 3.3862 -1.6702 0.99855 3.5362 -0.28038 1.782 2.3771 0.56313 2.547 1.0399 0.49779 -0.64706 0.017046 0.45225 -0.13771 -2.0211 0.48024 0.39948 -3.7298 0.68695 0.64705 -0.017046 -0.45225 -0.49796 -1.0407 -1.8859 0.32541 -2.1096 -0.68993
3 67 228 0.38171 4.7988 0.13976 0.090221 3.5768 0.047071 -0.73461 3.6469 0.5782 -1.9372 2.6904 0.023712 -2.6726 3.3862 -1.1394 0.91844 3.5362 -0.48186 1.8602 2.3771 0.18033 2.5948 1.0399 -0.042643 -0.53889 0.017046 0.57689 -0.034855 -2.0211 0.49838 0.53358 -3.7298 0.58888 0.53889 -0.017046 -0.5769 -0.87918 -1.0407 -1.7412 0.17486 -2.1096 -0.74251
3 67 240 0.40242 4.7988 0.057348 0.098036 3.5768 0.027285 -0.59834 3.6469 0.7183 -1.89 2.6904 0.42597 -2.8511 3.3862 -0.55884 0.79818 3.5362 -0.66229 1.857 2.3771 -0.21036 2.5293 1.0399 -0.58121 -0.40717 0.017046 0.67633 0.069526 -2.0211 0.49474 0.64435 -3.7298 0.46508 0.40717 -0.017046 -0.67633 -1.222 -1.0407 -1.5203 0.01666 -2.1096 -0.76264
3 67 252 0.40555 4.7988 -0.027574 0.10157 3.5768 0.0063057 -0.43592 3.6469 0.827 -1.7601 2.6904 0.8096 -2.905 3.3862 0.046144 0.64304 3.5362 -0.81377 1.7727 2.3771 -0.59186 2.3532 1.0399 -1.0944 -0.25765 0.017046 0.74621 0.17087 -2.0211 0.46947 0.72697 -3.7298 0.32094 0.25765 -0.017046 -0.74621 -1.5114 -1.0407 -1.2331 -0.14226 -2.1096 -0.74943
3 68 192 0.18594 4.8086 0.28646 0.022781 3.5818 0.056259 -0.95801 3.6321 0.0025481 -1.6066 2.7725 -1.226 -1.5079 3.5762 -2.5382 1.0045 3.5611 0.11317 1.4066 2.422 1.213 2.1684 1.106 1.4685 -0.77508 0.0099196 0.15052 -0.31108 -2.013 0.47757 0.10743 -3.7043 0.94151 0.77508 -0.0099192 -0.15052 0.2712 -1.0533 -1.9032 0.45725 -2.3933 -0.71129
3 68 204 0.24143 4.8086 0.24154 0.03398 3.5818 0.050293 -0.93654 3.6321 0.20167 -1.8263 2.7725 -0.86515 -2.0027 3.5762 -2.1693 1.006 3.5611 -0.098138 1.6281 2.422 0.89403 2.4264 1.106 0.98554 -0.72685 0.0099196 0.30837 -0.20499 -2.013 0.53181 0.30084 -3.7043 0.8986 0.72685 -0.0099192 -0.30837 -0.13041 -1.0533 -1.918 0.29937 -2.3933 -0.79082
3 68 216 0.28638 4.8086 0.18607 0.043694 3.5818 0.042129 -0.87415 3.6321 0.39198 -1.9663 2.7725 -0.46653 -2.4099 3.5762 -1.7055 0.96365 3.5611 -0.30516 1.7784 2.422 0.536 2.5783 1.106 0.45953 -0.64685 0.0099196 0.45276 -0.089937 -2.013 0.56281 0.48109 -3.7043 0.81641 0.64685 -0.0099192 -0.45275 -0.52633 -1.0533 -1.8489 0.12841 -2.3933 -0.83578
3 68 228 0.3188 4.8086 0.12246 0.051498 3.5818 0.032124 -0.77355 3.6321 0.56516 -2.0203 2.7725 -0.047512 -2.7119 3.5762 -1.1672 0.87915 3.5611 -0.49885 1.851 2.422 0.15453 2.6175 1.106 -0.086559 -0.53858 0.0099196 0.57735 0.029042 -2.013 0.56921 0.64032 -3.7043 0.69855 0.53858 -0.0099192 -0.57735 -0.89924 -1.0533 -1.6991 -0.048166 -2.3933 -0.84421
3 68 240 0.3373 4.8086 0.053502 0.057052 3.5818 0.020715 -0.63914 3.6321 0.71364 -1.9861 2.7725 0.37358 -2.8953 3.5762 -0.57783 0.75622 3.5611 -0.67073 1.8427 2.422 -0.23369 2.5423 1.106 -0.62887 -0.40677 0.0099196 0.67671 0.14675 -2.013 0.55073 0.77157 -3.7043 0.55015 0.40677 -0.0099192 -0.67671 -1.2329 -1.0533 -1.475 -0.22264 -2.3933 -0.81575
3 68 252 0.34105 4.8086 -0.017796 0.060112 3.5818 0.0084008 -0.4768 3.6321 0.83093 -1.865 2.7725 0.77834 -2.9521 3.5762 0.036752 0.60024 3.5611 -0.8133 1.7538 2.422 -0.61169 2.356 1.106 -1.1437 -0.25719 0.0099196 0.74649 0.25805 -2.013 0.50818 0.86909 -3.7043 0.37771 0.25719 -0.0099192 -0.74649 -1.5126 -1.0533 -1.1865 -0.38737 -2.3933 -0.75163
3 69 192 0.1898 4.8132 0.2417 0.031483 3.5837 0.020441 -0.94964 3.631 -0.029825 -1.5871 2.8048 -1.2867 -1.487 3.6678 -2.5606 1.0134 3.5661 0.073755 1.4472 2.4272 1.1616 2.2144 1.1039 1.3568 -0.77648 0.015064 0.14267 -0.30177 -1.9835 0.58395 0.1291 -3.6581 1.0947 0.77648 -0.015064 -0.14267 0.27758 -1.1628 -1.8303 0.36771 -2.7121 -0.91243
3 69 204 0.2359 4.8132 0.19696 0.035045 3.5837 0.013449 -0.93509 3.631 0.16827 -1.82 2.8048 -0.92864 -1.9869 3.6678 -2.1955 1.0066 3.5661 -0.13856 1.6571 2.4272 0.8353 2.4481 1.1039 0.86678 -0.72985 0.015064 0.30099 -0.17376 -1.9835 0.63393 0.35388 -3.6581 1.0439 0.72985 -0.015064 -0.30099 -0.10902 -1.1628 -1.848 0.16997 -2.7121 -0.96894
3 69 216 0.2717 4.8132 0.14361 0.037075 3.5837 0.0058685 -0.87967 3.631 0.35901 -1.9733 2.8048 -0.52995 -2.4 3.6678 -1.7344 0.95581 3.5661 -0.34482 1.7945 2.4272 0.47251 2.5749 1.1039 0.33884 -0.65132 0.015064 0.44615 -0.038166 -1.9835 0.6562 0.5632 -3.6581 0.94756 0.65132 -0.015064 -0.44615 -0.49086 -1.1628 -1.785 -0.035198 -2.7121 -0.9831
3 69 228 0.29562 4.8132 0.083984 0.037485 3.5837 -0.001968 -0.78581 3.631 0.53406 -2.0403 2.8048 -0.1081 -2.7081 3.6678 -1.1976 0.86323 3.5661 -0.53601 1.8536 2.4272 0.089082 2.589 1.1039 -0.2039 -0.54433 0.015064 0.57182 0.0991 -1.9835 0.6498 0.7479 -3.6581 0.80975 0.54433 -0.015064 -0.57182 -0.85125 -1.1628 -1.6439 -0.23883 -2.7121 -0.9543
3 69 240 0.30662 4.8132 0.020686 0.036257 3.5837 -0.0097186 -0.6576 3.631 0.68576 -2.0182 2.8048 0.31847 -2.8979 3.6678 -0.60834 0.73292 3.5661 -0.70377 1.8316 2.4272 -0.29824 2.4901 1.1039 -0.73774 -0.41354 0.015064 0.6725 0.23204 -1.9835 0.615 0.89991 -3.6581 0.63656 0.41354 -0.015064 -0.6725 -1.1744 -1.1628 -1.431 -0.43202 -2.7121 -0.88379
3 70 204 0.22614 4.8161 0.14114 0.034355 3.585 -0.041367 -0.93337 3.6271 0.12922 -1.8024 2.7749 -0.96042 -1.9708 3.6351 -2.229 1.0034 3.5726 -0.20931 1.6666 2.3969 0.71084 2.4303 1.0581 0.66623 -0.73174 0.022611 0.29589 -0.14415 -1.9446 0.74202 0.40029 -3.6041 1.1899 0.73174 -0.022611 -0.29589 -0.068012 -1.336 -1.7276 0.062429 -3.0324 -1.1309
3 70 216 0.25054 4.8161 0.091038 0.025004 3.585 -0.047606 -0.88611 3.6271 0.32046 -1.9626 2.7749 -0.5647 -2.3912 3.6351 -1.7705 0.93793 3.5726 -0.41335 1.778 2.3969 0.3488 2.5158 1.0581 0.14637 -0.65423 0.022611 0.44156 0.013272 -1.9446 0.75578 0.63893 -3.6041 1.0807 0.65423 -0.022611 -0.44156 -0.42571 -1.336 -1.6757 -0.17407 -3.0324 -1.1192
3 70 228 0.26399 4.8161 0.036958 0.014559 3.585 -0.051764 -0.80012 3.6271 0.49768 -2.0372 2.7749 -0.1443 -2.707 3.6351 -1.2347 0.83149 3.5726 -0.59933 1.8117 2.3969 -0.028488 2.4912 1.0581 -0.37988 -0.54812 0.022611 0.56793 0.17012 -1.9446 0.73651 0.84966 -3.6041 0.92422 0.54812 -0.022611 -0.56793 -0.7648 -1.336 -1.5506 -0.40296 -3.0324 -1.0585
3 70 240 0.26591 4.8161 -0.018737 0.0034789 3.585 -0.05366 -0.67916 3.6271 0.65316 -2.0227 2.7749 0.2824 -2.9046 3.6351 -0.64485 0.68872 3.5726 -0.75911 1.7661 2.3969 -0.40453 2.3578 1.0581 -0.88953 -0.41807 0.022611 0.66948 0.31953 -1.9446 0.68504 1.0232 -3.6041 0.72737 0.41807 -0.022611 -0.66948 -1.0705 -1.336 -1.3577 -0.61423 -3.0324 -0.95163
3 71 228 0.24882 4.8168 -0.0076925 0.0069858 3.5844 -0.098366 -0.79477 3.6191 0.47027 -1.9876 2.6826 -0.13714 -2.6787 3.4791 -1.2622 0.81081 3.5793 -0.66512 1.7525 2.3411 -0.16635 2.3454 0.98372 -0.59489 -0.53216 0.033363 0.5824 0.22536 -1.9132 0.80935 0.93541 -3.5542 1.041 0.53217 -0.033363 -0.5824 -0.66894 -1.5342 -1.4305 -0.48004 -3.3057 -1.1533
4 26 120 0.28283 4.5918 -1.4633 0.38693 3.4013 -1.0447 -0.59183 3.3882 -0.9487 -1.2833 2.0432 -0.33095 -1.6497 1.2386 -1.5943 1.3638 3.4421 -1.1513 1.7917 2.0479 -0.41515 1.5648 1.5138 -1.8438 -0.7772 0.13716 0.025294 -0.88309 -1.6314 -1.1039 -1.2751 -3.1791 -0.26603 0.7772 -0.13716 -0.025294 0.53447 -2.0767 -0.7958 0.58226 -2.2966 0.99312
4 47 192 0.43205 4.6955 -1.0293 0.49019 3.4523 -0.80408 -0.48328 3.4837 -0.66718 -1.4284 2.2842 -0.086828 -1.2461 2.2461 -1.6175 1.4632 3.45 -0.94792 1.8505 2.005 -0.29159 1.62 1.3962 -1.6894 -0.77482 0.15112 0.017828 -0.94418 -1.6612 -1.0315 -1.3511 -3.2744 -0.33658 0.77482 -0.15112 -0.017828 0.44882 -2.1757 -0.47497 0.39127 -2.4518 1.3059
4 48 204 0.25315 4.6852 -1.1312 0.3594 3.4461 -0.90375 -0.59196 3.4734 -0.65571 -1.5744 2.2613 -0.17152 -1.4466 2.2409 -1.7081 1.3092 3.4477 -1.159 1.796 2.073 -0.42287 1.5345 1.3623 -1.7661 -0.75953 0.15322 0.15208 -1.1392 -1.6938 -0.77451 -1.3229 -3.2328 0.14681 0.75954 -0.15322 -0.15208 0.34691 -2.0845 -0.86921 0.47722 -2.4167 0.89814
4 49 204 0.36739 4.6708 -1.1655 0.43488 3.4324 -0.92497 -0.54308 3.4699 -0.82727 -1.607 2.2659 -0.53192 -1.2235 2.2549 -2.0254 1.4127 3.4236 -1.0303 1.8601 2.1052 -0.17564 1.7871 1.376 -1.5323 -0.7677 0.1554 0.099898 -1.1124 -1.777 -0.64924 -1.2839 -3.2623 0.3584 0.7677 -0.1554 -0.099898 0.38151 -1.9491 -1.1235 0.29333 -2.5071 0.58871
