0 0 348 0.38064 4.8174 -0.30434 0.18764 3.5725 -0.22901 -0.22607 3.5075 -1.1189 -0.49323 2.4853 -2.3649 -0.18045 2.7739 -3.847 0.60384 3.6669 0.65711 1.5216 2.6073 1.4959 3.0345 2.5042 1.7756 -0.31924 -0.02094 -0.7219 0.51828 -1.9089 -1.107 0.17749 -3.6681 -1.3077 0.31924 0.020939 0.7219 0.29644 -2.0782 0.80698 -0.6398 -3.5909 1.1007
0 1 336 0.39057 4.8165 -0.33258 0.19948 3.5717 -0.24193 -0.18407 3.4939 -1.1443 -0.58206 2.4791 -2.361 -0.38467 2.7568 -3.8648 0.58571 3.6789 0.65623 1.5351 2.606 1.4412 3.0631 2.4735 1.6008 -0.25117 -0.03031 -0.74799 0.68018 -1.8944 -1.0165 0.4305 -3.6622 -1.2686 0.25117 0.03031 0.74799 0.11356 -2.0653 0.80979 -0.87273 -3.5693 0.93677
0 2 324 0.41251 4.815 -0.34847 0.22159 3.5708 -0.24103 -0.13766 3.4839 -1.1525 -0.65879 2.4846 -2.3351 -0.5811 2.7575 -3.8507 0.58376 3.6869 0.666 1.5546 2.5954 1.3971 3.0892 2.4463 1.4228 -0.17511 -0.034411 -0.76919 0.83081 -1.8749 -0.89144 0.67292 -3.6488 -1.1734 0.17511 0.034411 0.76919 -0.055776 -2.0539 0.77545 -1.0628 -3.5488 0.7317
0 3 324 0.38684 4.8081 -0.45442 0.21097 3.5677 -0.28806 -0.30838 3.4727 -1.1179 -1.1722 2.4949 -2.101 -1.5338 2.7822 -3.5722 0.73269 3.6919 0.53641 1.8385 2.58 0.99432 3.3155 2.423 0.58017 -0.25192 -0.039397 -0.74732 0.79378 -1.8538 -0.91714 0.66312 -3.6307 -1.1938 0.25192 0.039397 0.74732 -0.044072 -2.0407 0.73874 -1.0659 -3.5261 0.73015
0 4 312 0.44177 4.8022 -0.47097 0.25608 3.5659 -0.27903 -0.23732 3.4677 -1.1242 -1.2042 2.5219 -2.0403 -1.6795 2.8389 -3.4726 0.75235 3.6931 0.56054 1.8655 2.5689 0.96769 3.3037 2.412 0.4343 -0.16317 -0.042154 -0.77142 0.9299 -1.8364 -0.76239 0.88912 -3.6162 -1.0484 0.16317 0.042153 0.77142 -0.16896 -2.0309 0.69002 -1.1944 -3.5013 0.49717
0 30 0 0.58689 4.8102 -0.18076 0.37865 3.5678 -0.04842 0.076727 3.5378 -0.984 -0.4923 2.5901 -2.1869 -0.2118 2.6818 -3.7003 0.6853 3.627 0.88422 1.9168 2.7323 1.4772 3.4433 2.6389 1.674 -0.099757 0.00050831 -0.78329 0.57686 -1.9675 -1.0721 0.0029936 -3.6693 -1.2319 0.099757 -0.00050831 0.78329 0.56446 -2.0408 0.97162 -0.20199 -3.6431 1.2816
0 31 12 0.55493 4.8131 -0.22189 0.35629 3.5695 -0.086297 -0.00011691 3.5394 -1.0025 -0.4909 2.5741 -2.2256 -0.079835 2.6171 -3.7112 0.71715 3.6288 0.82673 1.9118 2.7738 1.5412 3.4286 2.7276 1.8151 -0.19227 0.001811 -0.76585 0.38881 -1.9836 -1.133 -0.24133 -3.6724 -1.1755 0.19227 -0.001811 0.76585 0.72902 -2.0296 0.88517 0.074325 -3.6512 1.324
0 32 24 0.53797 4.8134 -0.25808 0.34524 3.5693 -0.119 -0.058028 3.5421 -1.0157 -0.46866 2.5543 -2.2503 0.072593 2.5464 -3.6941 0.75271 3.6258 0.77439 1.9089 2.817 1.5976 3.4101 2.8088 1.9497 -0.28103 0.0043416 -0.7379 0.19596 -1.9993 -1.1526 -0.46341 -3.6754 -1.0698 0.28103 -0.0043421 0.7379 0.8732 -2.0199 0.77157 0.35997 -3.6624 1.3099
0 34 36 0.54276 4.8159 -0.2041 0.34096 3.5697 -0.10218 0.04647 3.5477 -1.0403 0.073671 2.5003 -2.2937 1.0968 2.4206 -3.4446 0.63977 3.6211 0.83347 1.4571 2.8827 2.0399 2.7612 2.9387 2.8608 -0.29598 0.01196 -0.73195 0.049297 -2.0286 -1.0943 -0.65093 -3.6782 -0.89608 0.29598 -0.01196 0.73195 0.97131 -2.0012 0.69945 0.62135 -3.6724 1.2787
0 35 48 0.52869 4.8164 -0.23114 0.33098 3.5696 -0.12837 0.00084173 3.5469 -1.0546 0.11004 2.4794 -2.2864 1.2184 2.3722 -3.353 0.66528 3.6217 0.79514 1.3996 2.9005 2.0637 2.6343 2.9826 2.9837 -0.37759 0.017102 -0.69328 -0.135 -2.0386 -1.0534 -0.81471 -3.6749 -0.71968 0.37759 -0.017103 0.69328 1.0867 -1.9889 0.53991 0.87723 -3.6729 1.149
0 36 60 0.51539 4.8163 -0.25133 0.32149 3.5691 -0.14689 -0.043122 3.5452 -1.06 0.13838 2.4531 -2.2614 1.32 2.3316 -3.2446 0.69009 3.6225 0.76341 1.3324 2.9059 2.0835 2.5026 3.0162 3.0816 -0.45533 0.024031 -0.64467 -0.30755 -2.0449 -0.97957 -0.93822 -3.6691 -0.51583 0.45533 -0.024031 0.64467 1.1765 -1.9747 0.34593 1.1111 -3.673 0.94787
0 37 72 0.49078 4.8175 -0.26382 0.29417 3.5708 -0.16266 -0.10349 3.548 -1.0619 0.13919 2.4328 -2.2308 1.3911 2.3028 -3.1215 0.69563 3.623 0.7337 1.2486 2.8956 2.0879 2.3426 3.0296 3.1662 -0.52181 0.026108 -0.59205 -0.45441 -2.0531 -0.88646 -1.024 -3.6589 -0.29673 0.52181 -0.026107 0.59205 1.2204 -1.9566 0.14548 1.2857 -3.669 0.70614
0 38 84 0.47321 4.8187 -0.24985 0.2701 3.5727 -0.15892 -0.15585 3.5538 -1.0452 0.13753 2.4149 -2.1791 1.4631 2.284 -2.9559 0.69966 3.6212 0.72453 1.1645 2.8648 2.0959 2.1855 3.0196 3.2409 -0.5781 0.031559 -0.53694 -0.57808 -2.0581 -0.75556 -1.0677 -3.6441 -0.051464 0.5781 -0.031559 0.53694 1.2291 -1.9382 -0.059113 1.4042 -3.6637 0.43351
0 39 96 0.48512 4.8166 -0.22732 0.27059 3.5725 -0.15006 -0.1829 3.5589 -1.0227 0.15235 2.3956 -2.1196 1.5387 2.2715 -2.783 0.72754 3.6156 0.71982 1.1107 2.8218 2.0952 2.0592 2.98 3.3006 -0.62851 0.04159 -0.47617 -0.66838 -2.0558 -0.59344 -1.0519 -3.628 0.20151 0.62851 -0.041591 0.47617 1.2048 -1.919 -0.27049 1.468 -3.6552 0.13851
0 40 108 0.48994 4.8123 -0.23416 0.25732 3.5722 -0.16627 -0.22787 3.5646 -1.0218 0.14167 2.3792 -2.0834 1.5821 2.2662 -2.6221 0.74588 3.6093 0.68655 1.0506 2.7794 2.0603 1.949 2.9162 3.3061 -0.677 0.043852 -0.40405 -0.73413 -2.0562 -0.43427 -0.98765 -3.6132 0.43883 0.677 -0.043852 0.40405 1.1365 -1.8982 -0.47042 1.4594 -3.6455 -0.1648
0 41 108 0.53716 4.8062 -0.14581 0.27637 3.5715 -0.13062 -0.072553 3.5718 -1.0502 0.53895 2.3622 -1.9622 2.0736 2.2593 -2.0715 0.62897 3.6007 0.78708 0.56359 2.7397 2.1738 1.1377 2.8322 3.6019 -0.63842 0.047052 -0.46228 -0.69713 -2.053 -0.43786 -0.99523 -3.6009 0.43745 0.63842 -0.047052 0.46228 1.1497 -1.878 -0.43254 1.4557 -3.6349 -0.16715
0 41 120 0.4951 4.8062 -0.2543 0.24317 3.5715 -0.18523 -0.28932 3.5718 -1.0122 0.11922 2.3622 -2.0313 1.5976 2.2593 -2.4574 0.77887 3.6007 0.63911 1.0032 2.7397 2.0091 1.8618 2.8322 3.2867 -0.72058 0.047052 -0.31945 -0.77293 -2.053 -0.28335 -0.88253 -3.6009 0.63481 0.72058 -0.047052 0.31945 1.0346 -1.878 -0.66212 1.3891 -3.6349 -0.46615
0 42 120 0.53259 4.7997 -0.18236 0.25187 3.5715 -0.16498 -0.15825 3.5777 -1.0589 0.4742 2.3505 -1.9322 2.0137 2.2646 -1.9179 0.66554 3.5948 0.72704 0.53724 2.7006 2.0881 1.0679 2.7265 3.5357 -0.69515 0.045931 -0.3717 -0.7496 -2.0532 -0.3008 -0.89232 -3.5887 0.63334 0.69515 -0.045931 0.3717 1.0487 -1.8576 -0.63189 1.3797 -3.6225 -0.46925
0 42 132 0.48304 4.7997 -0.28911 0.21207 3.5715 -0.21375 -0.37496 3.5777 -1.0029 0.062107 2.3505 -1.9886 1.571 2.2646 -2.2946 0.80215 3.5948 0.57278 0.95965 2.7006 1.9308 1.7797 2.7265 3.2364 -0.75724 0.045931 -0.21905 -0.79575 -2.0532 -0.13837 -0.74114 -3.5887 0.80503 0.75724 -0.045931 0.21905 0.89445 -1.8576 -0.83613 1.252 -3.6225 -0.74586
0 43 132 0.52761 4.7911 -0.21637 0.22046 3.5721 -0.18873 -0.26457 3.5874 -1.0442 0.39002 2.347 -1.8819 1.9259 2.2763 -1.7651 0.70892 3.5863 0.66483 0.53725 2.6691 2.0058 1.0303 2.5983 3.4651 -0.74283 0.046121 -0.26377 -0.78642 -2.0509 -0.14233 -0.74724 -3.5737 0.82241 0.74283 -0.046121 0.26377 0.90544 -1.8424 -0.81378 1.2433 -3.6119 -0.7381
0 53 144 0.53602 4.7734 -0.33224 0.19013 3.565 -0.29287 -0.43723 3.6145 -1.0487 0.47878 2.3556 -1.5435 1.5461 2.5193 -0.44268 0.82192 3.5449 0.46065 0.86162 2.3635 1.5883 1.506 1.6894 2.8162 -0.77766 0.039004 -0.13126 -0.82071 -2.0533 0.055468 -0.63143 -3.558 1.0306 0.77766 -0.039004 0.13126 0.75174 -1.83 -0.96698 1.0288 -3.6113 -0.93776
0 54 132 0.51684 4.7814 -0.27567 0.18688 3.5667 -0.27851 -0.35624 3.6211 -1.0967 0.60301 2.3854 -1.5674 1.6573 2.5334 -0.45196 0.73445 3.5416 0.53814 0.71506 2.3878 1.6944 1.3196 1.7701 2.9714 -0.75614 0.027053 -0.22587 -0.86326 -2.0685 -0.11928 -0.84692 -3.5755 0.87044 0.75614 -0.027053 0.22587 0.90708 -1.8422 -0.82143 1.1841 -3.6199 -0.70418
0 55 120 0.51163 4.7869 -0.23051 0.20058 3.5671 -0.26384 -0.26619 3.6138 -1.1283 0.73567 2.4021 -1.5721 1.7918 2.5378 -0.45678 0.67173 3.5498 0.59934 0.60311 2.4275 1.7844 1.1554 1.8668 3.1103 -0.72419 0.021782 -0.31396 -0.8706 -2.074 -0.29327 -1.0184 -3.5935 0.66605 0.72419 -0.021782 0.31396 1.0302 -1.8586 -0.65909 1.2896 -3.6296 -0.44199
0 55 132 0.45252 4.7869 -0.33185 0.14134 3.5671 -0.29978 -0.49496 3.6138 -1.0483 0.39274 2.4021 -1.6907 1.6577 2.5378 -0.81933 0.78167 3.5498 0.44658 0.96093 2.4275 1.62 1.7769 1.8668 2.8021 -0.77364 0.021782 -0.15653 -0.91255 -2.074 -0.10585 -0.85765 -3.5935 0.86323 0.77364 -0.021782 0.15653 0.87061 -1.8586 -0.85887 1.1695 -3.6296 -0.70045
0 56 108 0.50531 4.793 -0.18185 0.21223 3.569 -0.23788 -0.17249 3.6092 -1.1422 0.86638 2.4135 -1.542 1.9294 2.5576 -0.43437 0.60132 3.5581 0.66536 0.48361 2.4616 1.8706 0.99503 1.9558 3.2345 -0.68133 0.017432 -0.39872 -0.84115 -2.0766 -0.45936 -1.1429 -3.611 0.43819 0.68133 -0.017432 0.39873 1.1256 -1.8749 -0.47693 1.339 -3.6367 -0.15854
0 56 120 0.45645 4.793 -0.28294 0.15814 3.569 -0.27681 -0.40619 3.6092 -1.0813 0.52685 2.4135 -1.6884 1.797 2.5576 -0.82603 0.72652 3.5581 0.5258 0.86195 2.4616 1.7291 1.6458 1.9558 2.9569 -0.74934 0.017432 -0.24835 -0.91828 -2.0766 -0.27444 -1.0268 -3.611 0.66623 0.74934 -0.017432 0.24835 1.0019 -1.8749 -0.70054 1.2768 -3.6367 -0.43348
0 57 108 0.47439 4.7976 -0.23303 0.18998 3.5698 -0.25066 -0.3033 3.6067 -1.1008 0.67215 2.4181 -1.6525 1.9422 2.5844 -0.79397 0.68734 3.5623 0.59784 0.77205 2.495 1.8317 1.5394 2.0432 3.0906 -0.71115 0.018648 -0.34266 -0.88309 -2.0727 -0.44735 -1.1495 -3.6217 0.43613 0.71115 -0.018648 0.34266 1.1073 -1.8932 -0.51946 1.3281 -3.6463 -0.16017
0 58 96 0.48637 4.7997 -0.20322 0.21515 3.5697 -0.23369 -0.19539 3.5876 -1.1273 0.80579 2.3944 -1.6197 2.0653 2.5919 -0.75234 0.62958 3.5812 0.65821 0.65171 2.5357 1.9133 1.3989 2.1331 3.2006 -0.6591 0.01784 -0.43447 -0.80704 -2.0691 -0.62714 -1.2212 -3.635 0.16487 0.6591 -0.017841 0.43448 1.1756 -1.9091 -0.32099 1.3202 -3.6542 0.10851
0 58 108 0.43349 4.7997 -0.2999 0.16186 3.5697 -0.27331 -0.42549 3.5876 -1.062 0.45143 2.3944 -1.7518 1.8638 2.5919 -1.1653 0.75267 3.5812 0.51293 1.0353 2.5357 1.736 2.0338 2.1331 2.8398 -0.73503 0.01784 -0.28795 -0.91979 -2.0691 -0.44564 -1.1602 -3.635 0.41516 0.73503 -0.017841 0.28795 1.0831 -1.9091 -0.55838 1.3139 -3.6542 -0.16834
0 59 96 0.45878 4.8023 -0.25264 0.19652 3.5698 -0.24977 -0.3086 3.5797 -1.0936 0.59883 2.3743 -1.7199 1.9974 2.6023 -1.1119 0.70524 3.5894 0.59176 0.92816 2.5604 1.8408 1.9121 2.2051 2.9737 -0.68799 0.0188 -0.38706 -0.84386 -2.0644 -0.61091 -1.2311 -3.6477 0.15995 0.68799 -0.0188 0.38706 1.1551 -1.9262 -0.36002 1.3003 -3.6618 0.10635
0 60 84 0.47642 4.8055 -0.20514 0.22603 3.5701 -0.22376 -0.18625 3.5763 -1.1167 0.73788 2.3517 -1.678 2.1186 2.6001 -1.0379 0.64199 3.5934 0.66719 0.79654 2.5778 1.9374 1.7574 2.2649 3.1021 -0.62639 0.018466 -0.48041 -0.7287 -2.061 -0.76228 -1.2467 -3.6599 -0.10931 0.62639 -0.018466 0.48041 1.1841 -1.9429 -0.15207 1.2328 -3.6679 0.37006
0 61 84 0.44939 4.8071 -0.25996 0.20433 3.5705 -0.24433 -0.29825 3.5694 -1.0898 0.5109 2.3256 -1.7732 1.9852 2.5742 -1.396 0.71029 3.6011 0.59854 1.0527 2.5919 1.8368 2.2087 2.3066 2.8165 -0.65769 0.017275 -0.43663 -0.75904 -2.0578 -0.75007 -1.2601 -3.6685 -0.11347 0.65769 -0.017275 0.43663 1.1568 -1.9589 -0.19196 1.2114 -3.6738 0.36219
0 62 72 0.47959 4.8076 -0.22846 0.24034 3.5694 -0.22531 -0.16835 3.5583 -1.1199 0.65964 2.2965 -1.7452 2.1251 2.5369 -1.3302 0.65262 3.61 0.66674 0.90936 2.6047 1.9286 2.0422 2.3319 2.9385 -0.58823 0.017196 -0.52649 -0.6183 -2.0528 -0.88471 -1.221 -3.6767 -0.38405 0.58823 -0.017196 0.52649 1.1499 -1.9737 0.0061917 1.0847 -3.6778 0.59183
0 63 72 0.4511 4.8097 -0.28708 0.22266 3.5692 -0.24658 -0.27351 3.5539 -1.0957 0.43387 2.2722 -1.8206 1.9539 2.4938 -1.6858 0.72212 3.6139 0.59953 1.1507 2.5992 1.806 2.4281 2.3267 2.6256 -0.62118 0.016473 -0.4872 -0.65472 -2.0485 -0.87347 -1.2374 -3.6857 -0.39316 0.62118 -0.016473 0.4872 1.1294 -1.9855 -0.040815 1.0625 -3.678 0.57714
0 64 60 0.47285 4.8117 -0.23427 0.25394 3.5691 -0.21683 -0.1505 3.5459 -1.1131 0.5787 2.2432 -1.7763 2.0989 2.4428 -1.6127 0.66188 3.6216 0.67658 0.99362 2.5921 1.9008 2.2246 2.308 2.785 -0.54664 0.01641 -0.56957 -0.50378 -2.0428 -0.98445 -1.148 -3.6943 -0.65538 0.54664 -0.01641 0.56957 1.1074 -1.9975 0.1511 0.89941 -3.6782 0.77004
0 65 60 0.44209 4.8136 -0.28353 0.23432 3.5692 -0.23899 -0.25512 3.5425 -1.0917 0.35401 2.2178 -1.8284 1.8803 2.3986 -1.9531 0.72695 3.6253 0.61044 1.2053 2.5759 1.7674 2.56 2.2751 2.4397 -0.58362 0.01463 -0.53167 -0.55031 -2.0385 -0.97624 -1.1751 -3.7018 -0.66964 0.58361 -0.014631 0.53167 1.0938 -2.0093 0.11317 0.87507 -3.6802 0.75443
0 66 48 0.46597 4.8156 -0.23224 0.2641 3.5691 -0.20805 -0.11875 3.5409 -1.1136 0.52429 2.1925 -1.7748 2.0543 2.3543 -1.8773 0.65053 3.6268 0.69456 1.0225 2.5502 1.8655 2.3361 2.2269 2.6055 -0.49666 0.012561 -0.61374 -0.37986 -2.035 -1.07 -1.035 -3.7083 -0.9222 0.49666 -0.012561 0.61373 1.04 -2.0182 0.30276 0.67773 -3.6809 0.89843
0 67 48 0.42862 4.8187 -0.28007 0.24365 3.5697 -0.22861 -0.21236 3.5373 -1.0995 0.32216 2.1604 -1.7975 1.8051 2.3034 -2.1953 0.70282 3.6316 0.63897 1.2064 2.52 1.725 2.6143 2.1697 2.2474 -0.52395 0.0079436 -0.59069 -0.41134 -2.0338 -1.0734 -1.0617 -3.7108 -0.94868 0.52395 -0.0079432 0.59069 1.023 -2.0234 0.2697 0.65273 -3.6816 0.87321
0 68 48 0.39483 4.8207 -0.32144 0.2276 3.5704 -0.24146 -0.29738 3.5282 -1.0721 0.13942 2.1221 -1.7797 1.5213 2.2449 -2.4529 0.75535 3.642 0.58541 1.3708 2.4881 1.5645 2.8357 2.1057 1.8571 -0.5462 0.0053759 -0.57021 -0.4381 -2.0306 -1.0774 -1.0847 -3.7105 -0.97309 0.5462 -0.0053763 0.57021 1.005 -2.028 0.23455 0.63008 -3.6816 0.84789
0 69 36 0.44376 4.8218 -0.25537 0.28286 3.5698 -0.18416 -0.12266 3.5182 -1.0787 0.3599 2.0842 -1.6948 1.7653 2.1819 -2.3217 0.69162 3.6508 0.70674 1.2128 2.4473 1.6808 2.6465 2.0232 2.0583 -0.43646 0.011395 -0.65793 -0.22626 -2.0194 -1.1539 -0.87163 -3.7025 -1.1936 0.43646 -0.011395 0.65793 0.93551 -2.036 0.40025 0.42634 -3.6809 0.93475
0 69 48 0.38096 4.8218 -0.34206 0.23838 3.5698 -0.23895 -0.34426 3.5182 -1.0297 -0.00033518 2.0842 -1.7326 1.244 2.1819 -2.638 0.82345 3.6508 0.5475 1.5358 2.4473 1.3919 3.0166 2.0232 1.4631 -0.56371 0.011395 -0.55281 -0.46122 -2.0194 -1.0816 -1.1007 -3.7025 -0.98626 0.56371 -0.011395 0.55281 0.99828 -2.036 0.197 0.61137 -3.6809 0.82568
0 70 36 0.43958 4.8208 -0.28802 0.30137 3.5676 -0.1933 -0.16519 3.5023 -1.0567 0.23229 2.0383 -1.6629 1.5233 2.0987 -2.5039 0.77067 3.6623 0.66585 1.3968 2.4037 1.4981 2.8511 1.926 1.6835 -0.45209 0.013771 -0.64724 -0.22022 -2.0064 -1.1758 -0.86959 -3.6883 -1.2023 0.45209 -0.013771 0.64724 0.94332 -2.0375 0.36907 0.42033 -3.6771 0.90687
0 71 36 0.44401 4.8198 -0.29951 0.32041 3.5661 -0.18916 -0.19624 3.4975 -1.0233 0.12753 2.0019 -1.5951 1.2928 2.0085 -2.605 0.83953 3.6641 0.64046 1.543 2.3555 1.3198 2.9864 1.8133 1.3104 -0.4676 0.021043 -0.63593 -0.2024 -1.9861 -1.1974 -0.83515 -3.6744 -1.1855 0.4676 -0.021043 0.63593 0.94939 -2.0442 0.33773 0.41205 -3.6761 0.88478
0 72 36 0.44215 4.82 -0.29752 0.32982 3.5661 -0.17204 -0.23472 3.4991 -0.97463 0.029239 1.9762 -1.5036 1.0799 1.9138 -2.6305 0.89668 3.6626 0.62593 1.6386 2.3042 1.1486 3.0445 1.7016 0.95353 -0.4861 0.030828 -0.62149 -0.18992 -1.967 -1.2005 -0.78072 -3.6687 -1.1233 0.4861 -0.030828 0.62149 0.95031 -2.0549 0.30213 0.39918 -3.675 0.87001
0 73 24 0.47192 4.8226 -0.18821 0.34874 3.568 -0.080988 -0.086993 3.5021 -0.96028 0.21536 1.9548 -1.3883 1.4025 1.8166 -2.3627 0.78748 3.6633 0.79411 1.4411 2.2552 1.303 2.8314 1.5921 1.2312 -0.37046 0.03797 -0.69629 0.063123 -1.9581 -1.1883 -0.50602 -3.6688 -1.1671 0.37046 -0.03797 0.69629 0.86015 -2.0679 0.46391 0.1923 -3.6773 0.92702
0 73 36 0.42248 4.8226 -0.28221 0.32428 3.568 -0.15173 -0.28475 3.5021 -0.92121 -0.077991 1.9548 -1.4028 0.88059 1.8166 -2.6026 0.93538 3.6633 0.61303 1.6805 2.2552 0.97495 3.0255 1.5921 0.61567 -0.50713 0.03797 -0.60405 -0.18532 -1.9581 -1.1755 -0.73762 -3.6688 -1.0364 0.50713 -0.03797 0.60405 0.93781 -2.0679 0.27493 0.38084 -3.6773 0.86678
0 74 24 0.46787 4.8229 -0.19929 0.35449 3.5679 -0.08865 -0.12518 3.5037 -0.9449 0.11485 1.9367 -1.3397 1.2476 1.7059 -2.3601 0.83706 3.6615 0.76325 1.4954 2.2098 1.1211 2.8403 1.4898 0.89637 -0.38918 0.037512 -0.68603 0.073501 -1.9597 -1.1459 -0.48057 -3.6743 -1.0818 0.38918 -0.037512 0.68603 0.85506 -2.0728 0.45144 0.18954 -3.68 0.92553
0 74 36 0.41621 4.8229 -0.29221 0.32831 3.5679 -0.16042 -0.3189 3.5037 -0.89822 -0.1662 1.9367 -1.3343 0.7296 1.7059 -2.5679 0.97745 3.6615 0.57253 1.6958 2.2098 0.78573 2.9646 1.4898 0.28626 -0.52331 0.037512 -0.59012 -0.16635 -1.9597 -1.1361 -0.69498 -3.6743 -0.9582 0.52331 -0.037512 0.59012 0.93024 -2.0728 0.2638 0.37783 -3.68 0.8659
0 75 24 0.4448 4.8252 -0.21056 0.34045 3.5694 -0.10096 -0.17371 3.5088 -0.93723 0.010062 1.9246 -1.2911 1.1022 1.5753 -2.3222 0.85733 3.6593 0.73096 1.4896 2.1702 0.9576 2.7742 1.3938 0.60437 -0.4083 0.033689 -0.67502 0.063884 -1.9688 -1.1007 -0.47822 -3.686 -1.0087 0.4083 -0.033688 0.67502 0.8408 -2.0774 0.45071 0.17755 -3.6825 0.93536
0 76 24 0.41807 4.8277 -0.22125 0.32092 3.5709 -0.11675 -0.22171 3.515 -0.93516 -0.094057 1.9134 -1.2302 0.9524 1.4198 -2.2495 0.86615 3.6562 0.69738 1.4422 2.1322 0.81718 2.657 1.2925 0.37372 -0.41883 0.027959 -0.6688 0.053176 -1.9807 -1.065 -0.48632 -3.6978 -0.95928 0.41883 -0.027959 0.6688 0.82742 -2.0785 0.46277 0.16596 -3.6826 0.95317
0 92 12 0.43071 4.7848 0.12084 0.23583 3.5555 0.052261 -0.0209 3.5848 -0.89674 -1.0056 3.3443 -2.1779 -1.7741 4.5739 -2.7023 0.49122 3.556 1.0021 0.59404 3.3356 2.6175 0.69149 4.6191 3.4666 -0.19158 0.01861 -0.7658 0.20561 -2.0433 -0.83773 -0.38279 -3.7414 -0.69213 0.19158 -0.01861 0.7658 0.56866 -2.0836 0.85426 -0.095337 -3.7082 1.2674
0 105 48 0.16902 4.8283 -0.34367 0.16012 3.569 -0.30689 -0.53509 3.4944 -0.99861 0.18561 2.3731 -1.943 1.5586 2.4471 -2.641 0.85588 3.6731 0.38047 1.9845 2.6799 -0.25862 2.5215 2.4757 -1.6896 -0.57475 -0.0089393 -0.54137 -0.23536 -2.0483 -0.91587 -0.69082 -3.7506 -0.53414 0.57475 0.0089388 0.54137 0.98646 -2.0371 0.29936 0.70925 -3.726 0.86654
0 106 36 0.23935 4.8273 -0.32079 0.21936 3.5681 -0.28162 -0.31904 3.4909 -1.1011 0.44402 2.204 -1.757 1.9071 2.0464 -2.2175 0.75923 3.6748 0.53356 1.8734 2.515 0.24675 2.7485 2.151 -0.96952 -0.44632 -0.012396 -0.65126 -0.038413 -2.0527 -0.94272 -0.57966 -3.7495 -0.66155 0.44632 0.012396 0.65126 0.88755 -2.0367 0.50643 0.49599 -3.7266 0.99803
0 106 48 0.16742 4.8273 -0.36354 0.15602 3.5681 -0.32108 -0.541 3.4909 -1.0107 0.069013 2.204 -1.8109 1.4044 2.0464 -2.5656 0.85358 3.6748 0.36405 1.8837 2.515 -0.14813 2.4869 2.151 -1.5198 -0.57197 -0.012396 -0.54424 -0.23358 -2.0527 -0.91413 -0.70453 -3.7495 -0.52658 0.57197 0.012396 0.54424 0.97345 -2.0367 0.31083 0.69265 -3.7266 0.8731
0 107 36 0.22868 4.8283 -0.32017 0.20746 3.5692 -0.27939 -0.33164 3.4932 -1.0985 0.27729 2.0794 -1.6454 1.6805 1.6964 -2.1574 0.74811 3.6747 0.53544 1.726 2.3771 0.36606 2.6499 1.8546 -0.75245 -0.44408 -0.013959 -0.65276 -0.044787 -2.0574 -0.93389 -0.60052 -3.7492 -0.65113 0.44408 0.013959 0.65276 0.87216 -2.0385 0.51717 0.47204 -3.7272 1.006
0 108 36 0.20603 4.8316 -0.30745 0.18481 3.5718 -0.26251 -0.35785 3.495 -1.0792 0.079683 1.9817 -1.5117 1.3843 1.3933 -2.0856 0.72881 3.678 0.54998 1.5562 2.2703 0.50125 2.5051 1.576 -0.49639 -0.44317 -0.014527 -0.65337 -0.056423 -2.062 -0.92275 -0.62523 -3.7486 -0.63523 0.44317 0.014527 0.65337 0.85584 -2.0419 0.53083 0.44493 -3.7283 1.0189
1 17 348 -0.54343 4.7841 -0.14867 -0.43427 3.5332 -0.080045 -0.59342 3.5389 0.89052 -0.41802 4.0966 2.4159 -0.36787 5.3685 3.2862 -0.2742 3.5572 -1.0502 0.41241 3.5605 -2.5325 0.54173 4.5152 -3.7365 -0.070279 0.0050941 0.78647 -0.72605 -1.9167 1.326 0.092322 -3.4226 1.8859 0.070279 -0.0050941 -0.78647 -0.20856 -1.9148 -1.6168 0.89195 -3.2738 -2.056
1 18 348 -0.54719 4.792 -0.23053 -0.42649 3.5417 -0.14777 -0.58487 3.5548 0.82286 -0.47723 4.0423 2.3783 -0.46904 5.3259 3.2327 -0.2678 3.5585 -1.1183 0.35138 3.4624 -2.627 0.46222 4.4041 -3.8429 -0.070156 0.023301 0.78615 -0.86515 -1.8519 1.3019 0.0341 -3.3211 1.8345 0.070156 -0.023301 -0.78615 -0.2336 -1.8979 -1.685 0.93311 -3.2267 -2.0371
1 23 192 0.70217 4.7841 0.052228 0.53743 3.5348 -0.022301 0.28963 3.5798 -0.97306 -0.32161 3.4409 -2.4816 -0.71374 4.1714 -3.7818 0.78656 3.5196 0.92905 0.96552 2.8892 2.4255 1.5532 3.1804 3.821 -0.25504 0.028409 -0.74676 0.27699 -1.8553 -1.5102 -0.64163 -3.3942 -1.7078 0.25504 -0.028409 0.74676 0.84164 -1.9726 1.2857 0.039383 -3.3611 2.1099
1 31 192 1.0999 4.7039 -0.12169 0.90156 3.4551 -0.15717 0.6457 3.4778 -1.1066 0.010208 2.7202 -2.407 -0.094659 2.8468 -3.9402 1.1614 3.462 0.79141 1.1533 2.4695 2.089 2.0359 2.3572 3.3484 -0.24478 0.026104 -0.75027 0.14454 -1.9708 -1.2749 -0.57822 -3.5966 -1.5665 0.24478 -0.026104 0.75027 0.73823 -2.0451 1.0574 0.13912 -3.5379 1.8721
1 43 204 1.1109 4.6858 -0.50412 0.86937 3.4454 -0.44427 0.43853 3.4469 -1.3284 -0.20709 2.0194 -1.7915 -0.41819 1.1728 -3.0628 1.3056 3.4731 0.43681 1.4286 2.0378 1.2072 2.5978 1.3121 1.903 -0.3725 -0.0020561 -0.69623 0.27737 -1.9713 -1.034 -0.38192 -3.6086 -0.66601 0.3725 0.0020561 0.69623 1.1322 -1.9452 0.4834 0.30482 -3.5193 0.78094
1 44 204 1.011 4.7064 -0.47981 0.79155 3.4614 -0.42759 0.35179 3.4653 -1.3073 -0.34179 2.153 -1.9896 -0.65855 1.5969 -3.3925 1.2355 3.4869 0.44969 1.5001 2.1635 1.3702 2.7183 1.7244 2.2075 -0.37567 -0.0079145 -0.69448 0.16106 -2.0015 -1.0842 -0.46269 -3.6775 -0.85471 0.37567 0.0079145 0.69448 1.0669 -1.9752 0.63199 0.33545 -3.5813 1.0011
2 105 36 1.5381 4.4883 -1.0043 1.1527 3.3055 -0.795 0.56404 3.2936 -1.5828 -0.50284 2.0766 -1.3602 -1.2013 0.75382 -1.7343 1.7507 3.3446 -0.015086 1.2409 2.0431 0.83046 1.1873 0.55857 1.2438 -0.47274 0.016369 -0.63225 0.26439 -1.877 -1.1672 -0.36442 -3.5369 -0.85066 0.47274 -0.016369 0.63225 1.1567 -1.9474 0.16562 0.47153 -3.5176 0.72768
2 106 24 1.5901 4.5401 -0.60894 1.2074 3.3423 -0.49973 0.79037 3.3338 -1.3905 -0.30139 2.1186 -1.4023 -0.90772 0.81308 -1.9552 1.6341 3.3785 0.38569 0.98293 2.0535 1.0851 0.86852 0.56314 1.4637 -0.33241 0.014305 -0.7161 0.42691 -1.9131 -1.0664 -0.23586 -3.5815 -0.89835 0.33241 -0.014305 0.7161 1.0098 -1.9831 0.43446 0.25462 -3.5712 0.8327
2 106 36 1.4287 4.5401 -0.92622 1.0771 3.3423 -0.73984 0.484 3.3338 -1.5244 -0.58637 2.1186 -1.309 -1.2944 0.81308 -1.7238 1.6786 3.3785 0.037518 1.1871 2.0535 0.85706 1.1539 0.56314 1.2511 -0.47403 0.014305 -0.63134 0.19586 -1.9131 -1.1319 -0.41749 -3.5815 -0.82968 0.47403 -0.014305 0.63134 1.0781 -1.9831 0.21501 0.42218 -3.5712 0.76156
2 107 24 1.4858 4.5811 -0.5558 1.134 3.3721 -0.46171 0.71178 3.3687 -1.35 -0.35743 2.1341 -1.3831 -0.92839 0.83203 -1.9801 1.5651 3.4035 0.42175 0.97325 2.0354 1.09 0.91567 0.5354 1.4427 -0.33506 0.015688 -0.71483 0.367 -1.937 -1.0443 -0.28317 -3.6122 -0.89671 0.33506 -0.015688 0.71483 0.93446 -2.0137 0.46374 0.20697 -3.6159 0.85687
2 107 36 1.3378 4.5811 -0.85258 1.0132 3.3721 -0.68739 0.41555 3.3687 -1.4685 -0.63719 2.1341 -1.2786 -1.3198 0.83203 -1.7438 1.6186 3.4035 0.087123 1.1786 2.0354 0.86381 1.1956 0.5354 1.2208 -0.47636 0.015688 -0.62955 0.14186 -1.937 -1.0978 -0.46342 -3.6122 -0.81824 0.47636 -0.015688 0.62955 1.0105 -2.0137 0.25932 0.3806 -3.6159 0.79511
2 108 24 1.4004 4.6124 -0.50711 1.0686 3.3969 -0.42688 0.64076 3.3977 -1.3125 -0.38354 2.1266 -1.3731 -0.8829 0.82061 -2.0233 1.5049 3.4243 0.45419 1.0002 2.0047 1.0856 1.0465 0.49498 1.3961 -0.33599 0.017576 -0.71435 0.324 -1.9536 -1.0199 -0.31214 -3.6375 -0.91723 0.33599 -0.017576 0.71435 0.87407 -2.035 0.48072 0.16601 -3.6443 0.88069
3 1 96 0.53652 4.7818 -0.24756 0.20278 3.578 -0.10178 0.12727 3.6281 0.87758 -1.0659 2.7781 1.6005 -2.5271 3.1215 1.2475 0.28341 3.5572 -1.0818 1.4314 2.4878 -1.5369 1.7548 1.2337 -2.3737 0.094059 0.031661 0.78336 0.11187 -2.0456 0.46896 0.39465 -3.8057 0.1987 -0.09406 -0.031661 -0.78336 -1.8268 -1.2117 -0.64443 -0.15483 -1.8607 -0.82943
3 5 84 0.52559 4.7907 -0.15402 0.1951 3.5776 -0.077667 -0.05528 3.6237 0.87236 -1.348 2.6592 1.1317 -2.6614 3.202 0.53332 0.45054 3.5608 -1.0273 1.5671 2.3975 -1.289 1.9196 1.1049 -2.0523 -0.067791 0.041369 0.78562 0.42654 -1.9863 0.54339 1.0011 -3.6841 0.34817 0.067791 -0.041369 -0.78562 -1.7828 -1.0361 -0.80048 -1.03 -2.6676 -0.65073
3 49 120 0.18764 4.8261 -0.052099 0.24348 3.5709 -0.1657 -0.14378 3.5631 -1.0698 -1.0236 2.1869 -1.096 -1.0854 0.67709 -1.4031 0.62978 3.6084 0.73803 1.1314 2.0698 0.96127 2.5179 2.1895 0.29735 -0.21912 -0.022913 -0.75826 1.2616 -1.3421 -1.4521 -0.32656 -1.3443 -0.59855 0.21912 0.022914 0.75826 -0.31137 -2.0084 0.67671 -0.78533 -3.7457 0.58683
3 50 108 0.13411 4.8254 0.02539 0.23726 3.5728 -0.083893 0.011635 3.5686 -1.0412 -0.93538 2.2555 -1.26 -1.0313 0.75606 -1.6064 0.46149 3.6067 0.87315 1.1926 2.1822 1.1972 2.577 2.7296 0.79554 -0.050774 -0.017625 -0.78779 1.6741 -1.1829 -1.0731 -0.06559 -1.1329 -0.60193 0.050774 0.017625 0.78779 -0.49421 -2.0023 0.59547 -0.97249 -3.7304 0.40552
3 53 108 0.097917 4.8258 0.027704 0.20348 3.575 -0.097851 -0.041024 3.5832 -1.0505 -1.1203 2.384 -1.3067 -1.3683 0.90424 -1.6624 0.44665 3.5966 0.85492 1.5803 2.4616 1.1638 2.7737 3.3503 0.7595 -0.05731 -0.030184 -0.78696 1.7592 -1.085 -0.74336 0.43363 -2.2629 -0.41744 0.057311 0.030185 0.78696 -0.63436 -1.9457 0.6089 -1.2365 -3.6358 0.43058
3 54 108 0.1228 4.8247 0.0056426 0.23254 3.5745 -0.12185 -0.0033903 3.5847 -1.0766 -1.0939 2.3963 -1.336 -1.3544 0.91274 -1.6661 0.46714 3.5942 0.83311 1.5999 2.4549 1.1291 2.8054 3.331 0.73336 -0.066488 -0.036708 -0.78596 1.6231 -1.2839 -0.7213 0.65209 -2.7594 -0.35898 0.066488 0.036708 0.78596 -0.6772 -1.9212 0.61876 -1.3252 -3.5953 0.45025
3 55 108 0.1262 4.8231 -0.018511 0.24453 3.5745 -0.15238 0.013716 3.5855 -1.1084 -1.0644 2.385 -1.3636 -1.3356 0.89794 -1.6682 0.47372 3.5933 0.8039 1.5604 2.4119 1.1075 2.8116 3.2129 0.69429 -0.070693 -0.044847 -0.78517 1.4313 -1.511 -0.6918 0.82311 -3.1689 -0.3277 0.070694 0.044847 0.78517 -0.73727 -1.8889 0.63661 -1.4388 -3.5428 0.48341
3 55 120 0.1196 4.8231 -0.044346 0.2075 3.5745 -0.19989 -0.21703 3.5855 -1.087 -1.3247 2.385 -1.1125 -1.6533 0.89794 -1.354 0.63051 3.5933 0.68784 1.7566 2.4119 0.75889 2.8945 3.2129 0.094559 -0.23239 -0.044847 -0.75331 1.2562 -1.511 -0.97426 0.73699 -3.1689 -0.49167 0.23239 0.044847 0.75331 -0.5888 -1.8889 0.77598 -1.3068 -3.5428 0.77199
3 56 120 0.087979 4.8219 -0.055519 0.18874 3.5752 -0.21862 -0.23069 3.5876 -1.1082 -1.3158 2.3666 -1.1281 -1.6114 0.86968 -1.3509 0.60629 3.5925 0.67172 1.6591 2.3482 0.7813 2.8591 3.0008 0.065996 -0.22778 -0.054006 -0.75412 1.0776 -1.6961 -0.87144 0.78228 -3.4324 -0.4852 0.22778 0.054006 0.75412 -0.65642 -1.8508 0.81751 -1.4245 -3.4818 0.8458
3 67 276 0.35928 4.7988 -0.19014 0.09535 3.5768 -0.03555 -0.061863 3.6469 0.93281 -1.2786 2.6904 1.4555 -2.635 3.3862 1.2237 0.25646 3.5362 -1.005 1.3787 2.3771 -1.2617 1.7046 1.0399 -1.9569 0.06813 0.017046 0.78649 0.34705 -2.0211 0.35938 0.79466 -3.7298 -0.0024869 -0.068131 -0.017046 -0.78649 -1.8822 -1.0407 -0.51172 -0.43479 -2.1096 -0.62678
4 0 36 0.63989 4.7086 -0.88657 0.54444 3.4878 -0.56413 -0.084202 3.3334 -1.3046 -0.45173 1.7423 -1.3492 0.44904 0.93115 -2.3023 1.1753 3.6708 0.1679 1.1208 2.237 0.94908 1.9102 0.91356 0.89519 -0.53004 0.026003 -0.58471 0.050863 -1.9794 -0.82 -0.27238 -3.693 -0.36201 0.53004 -0.026004 0.58471 0.97281 -2.0332 0.14938 -0.23713 -3.0055 1.0667
4 1 36 0.68734 4.6913 -0.94276 0.57114 3.4778 -0.5989 -0.051146 3.3276 -1.3456 -0.3864 1.7307 -1.4236 0.60892 1.012 -2.3566 1.196 3.6565 0.13931 1.1088 2.2471 0.96078 1.9059 0.92765 0.92571 -0.53195 0.024606 -0.58303 0.0057674 -1.996 -0.78913 -0.38407 -3.6748 -0.25947 0.53195 -0.024606 0.58303 1.0835 -1.969 0.0090831 -0.020274 -3.1002 0.87686
4 2 36 0.72559 4.6781 -0.98478 0.59508 3.469 -0.63113 -0.027173 3.3185 -1.3778 -0.33765 1.7179 -1.4801 0.74058 1.0958 -2.3901 1.2201 3.6478 0.10689 1.0936 2.2656 0.96842 1.9003 0.95206 0.9296 -0.5357 0.023084 -0.57965 -0.056525 -2.017 -0.73106 -0.50573 -3.6611 -0.143 0.5357 -0.023084 0.57965 1.1732 -1.8994 -0.11851 0.20549 -3.2083 0.65688
4 3 36 0.77871 4.6605 -1.0275 0.62794 3.4583 -0.65866 0.0021016 3.306 -1.402 -0.29932 1.7051 -1.524 0.85773 1.1939 -2.4058 1.2569 3.6388 0.075618 1.0869 2.285 0.97396 1.9064 0.9804 0.91039 -0.53749 0.023639 -0.57796 -0.14051 -2.0382 -0.65206 -0.63266 -3.6539 -0.021067 0.53749 -0.023639 0.57796 1.2383 -1.8374 -0.21798 0.41774 -3.3146 0.41094
4 4 36 0.82521 4.6506 -1.0421 0.66338 3.449 -0.67646 0.041037 3.3011 -1.4236 -0.26086 1.7009 -1.5543 0.95604 1.2903 -2.4077 1.2894 3.6249 0.061406 1.0728 2.3024 0.99553 1.9196 1.0192 0.87632 -0.53958 0.025833 -0.57592 -0.25644 -2.0559 -0.55362 -0.77626 -3.6498 0.10974 0.53958 -0.025833 0.57592 1.291 -1.7845 -0.29398 0.62323 -3.4009 0.14441
4 5 36 0.88042 4.6449 -1.0301 0.70631 3.4413 -0.67785 0.092961 3.3043 -1.4344 -0.22189 1.7071 -1.5714 1.0477 1.3926 -2.3879 1.324 3.6063 0.069543 1.0556 2.3155 1.0343 1.9571 1.0787 0.8464 -0.53934 0.031029 -0.57589 -0.38685 -2.0601 -0.44125 -0.92349 -3.637 0.24888 0.53934 -0.031029 0.57589 1.335 -1.7434 -0.34561 0.80976 -3.4536 -0.12171
4 6 36 0.9376 4.6411 -1.0049 0.74396 3.437 -0.66565 0.13775 3.3141 -1.4304 -0.20216 1.7227 -1.5739 1.1118 1.4867 -2.3456 1.3552 3.5878 0.09002 1.031 2.3165 1.0634 2.0223 1.1662 0.79521 -0.53538 0.036264 -0.57926 -0.52581 -2.0496 -0.32757 -1.0822 -3.6075 0.38967 0.53538 -0.036264 0.57926 1.3528 -1.725 -0.36641 0.94147 -3.4805 -0.35491
4 43 132 1.0469 4.7038 -0.50432 0.86131 3.4656 -0.31542 0.02364 3.5296 -0.82686 -1.0289 2.3885 -0.31804 -0.28899 1.8953 -1.5778 1.7038 3.4305 0.19083 1.7081 1.8755 0.69159 2.2843 1.6452 -0.71998 -0.54107 0.099849 -0.56637 0.060709 -1.7404 -1.3823 0.031508 -3.4665 -1.9024 0.54107 -0.099849 0.56637 0.053179 -2.1369 0.40291 -1.1716 -3.2104 1.1765
4 44 132 0.98321 4.7251 -0.40782 0.81765 3.4808 -0.24205 0.025541 3.5347 -0.82258 -1.063 2.3704 -0.46455 -0.17314 1.9917 -1.6656 1.6145 3.4559 0.33401 1.607 1.9124 0.86914 2.2646 1.6026 -0.49071 -0.49704 0.09007 -0.60691 0.14478 -1.7559 -1.3781 -0.016436 -3.4963 -1.8206 0.49704 -0.09007 0.60691 0.052874 -2.1349 0.41789 -1.2587 -3.0352 1.2665
4 45 132 0.97524 4.7307 -0.28897 0.82106 3.4831 -0.13694 0.084872 3.5232 -0.78793 -1.0439 2.3478 -0.67454 0.04384 2.0999 -1.739 1.5617 3.4723 0.51011 1.5029 1.9448 1.0864 2.2813 1.5651 -0.18941 -0.45065 0.10154 -0.64039 0.23679 -1.7491 -1.3594 -0.1636 -3.4847 -1.6391 0.45065 -0.10154 0.64039 0.13446 -2.1628 0.38452 -1.2852 -2.8127 1.2862
5 0 0 0.90374 4.7626 -0.20642 0.65206 3.523 -0.14456 0.4223 3.5382 -1.1008 -0.015095 2.0189 -1.512 0.49393 0.78069 -2.2772 0.88846 3.5368 0.81005 0.65521 1.9572 1.1554 1.2234 0.53298 1.318 -0.21837 -0.0039864 -0.75881 -0.2444 -2.0927 -0.53314 -1.284 -3.5126 -0.14055 0.21837 0.0039859 0.75881 1.3492 -1.7042 0.29234 1.1539 -3.4933 0.18261
5 0 12 0.84108 4.7626 -0.38981 0.60776 3.523 -0.27698 0.18421 3.5382 -1.1645 -0.32913 2.0189 -1.4758 0.0096812 0.78069 -2.3301 1.0375 3.5368 0.60763 0.88111 1.9572 0.99393 1.4706 0.53298 1.0348 -0.37136 -0.0039864 -0.69683 -0.3499 -2.0927 -0.47068 -1.2852 -3.5126 0.12948 0.37136 0.0039859 0.69683 1.3805 -1.7042 0.0054432 1.1666 -3.4933 -0.061284
5 1 0 0.9047 4.7613 -0.17974 0.64984 3.5213 -0.14197 0.40749 3.5576 -1.0945 -0.082395 2.0483 -1.4826 0.35043 0.79833 -2.275 0.89883 3.514 0.8095 0.70037 1.9267 1.1406 1.2579 0.4977 1.2984 -0.21778 -0.010726 -0.75892 -0.28431 -2.0959 -0.51007 -1.3931 -3.4652 -0.12699 0.21778 0.010726 0.75892 1.3329 -1.7166 0.3263 1.0676 -3.4962 0.20953
5 1 12 0.84756 4.7613 -0.36391 0.60612 3.5213 -0.27398 0.17103 3.5576 -1.1553 -0.38884 2.0483 -1.433 -0.13023 0.79833 -2.2981 1.0475 3.514 0.60494 0.92222 1.9267 0.9701 1.5004 0.4977 1.0085 -0.37081 -0.010726 -0.69705 -0.38415 -2.0959 -0.43981 -1.389 -3.4652 0.16541 0.37081 0.010726 0.69705 1.3716 -1.7166 0.042045 1.0879 -3.4962 -0.017017
5 2 0 0.88226 4.7658 -0.1293 0.63156 3.5245 -0.11722 0.38588 3.5803 -1.0679 -0.15999 2.0839 -1.4306 0.17873 0.81309 -2.2356 0.88379 3.4977 0.83306 0.72785 1.9018 1.1452 1.2827 0.471 1.2958 -0.21501 -0.010542 -0.75971 -0.32202 -2.093 -0.50208 -1.4877 -3.4162 -0.12629 0.21501 0.010542 0.75971 1.2947 -1.7448 0.35078 0.95127 -3.5116 0.24369
5 3 0 0.84793 4.7701 -0.10018 0.60736 3.5268 -0.10879 0.35149 3.6 -1.0556 -0.23191 2.114 -1.4021 0.0086623 0.8158 -2.1987 0.86953 3.4827 0.83814 0.75762 1.8787 1.1272 1.3329 0.45405 1.258 -0.2232 -0.012904 -0.75731 -0.32848 -2.0989 -0.52926 -1.5438 -3.3751 -0.14834 0.2232 0.012905 0.75731 1.2261 -1.7893 0.35662 0.80852 -3.5414 0.27516
5 4 0 0.82701 4.772 -0.084985 0.59733 3.5268 -0.10746 0.3227 3.6122 -1.048 -0.28319 2.133 -1.3853 -0.12057 0.81523 -2.1693 0.87806 3.4706 0.83349 0.80468 1.8607 1.1015 1.4269 0.4527 1.1907 -0.23776 -0.01341 -0.75285 -0.28599 -2.1079 -0.59444 -1.5515 -3.3287 -0.19586 0.23776 0.01341 0.75285 1.1752 -1.8264 0.36495 0.67913 -3.5588 0.30532
5 5 0 0.82278 4.7717 -0.093442 0.59613 3.526 -0.11204 0.29369 3.6159 -1.0436 -0.33385 2.1436 -1.3715 -0.20205 0.82036 -2.1521 0.90468 3.4653 0.81988 0.85842 1.8523 1.0746 1.5432 0.471 1.1022 -0.25939 -0.011402 -0.74571 -0.23922 -2.1114 -0.68307 -1.5563 -3.2679 -0.26052 0.25939 0.011402 0.74571 1.1546 -1.8453 0.33885 0.56256 -3.5483 0.32541
5 6 0 0.82166 4.772 -0.12033 0.59408 3.5264 -0.12142 0.25524 3.6161 -1.0404 -0.38089 2.1451 -1.3573 -0.25223 0.82407 -2.1421 0.93918 3.4659 0.79761 0.92399 1.8519 1.0494 1.6685 0.50267 0.99406 -0.2826 -0.0099072 -0.73725 -0.076991 -2.1001 -0.79237 -1.4655 -3.1529 -0.32895 0.2826 0.0099072 0.73725 1.0894 -1.8856 0.32445 0.43501 -3.5656 0.34392
5 7 0 0.82268 4.7746 -0.13038 0.59239 3.5296 -0.11239 0.22055 3.6142 -1.019 -0.42794 2.1422 -1.3044 -0.27455 0.83333 -2.105 0.97054 3.4742 0.79386 1.0102 1.8597 1.04 1.7977 0.54057 0.90797 -0.29526 -0.0027404 -0.73233 0.088454 -2.0609 -0.90857 -1.3219 -3.0638 -0.40266 0.29526 0.0027404 0.73233 1.0261 -1.9213 0.31002 0.31453 -3.5771 0.36249
5 8 0 0.80902 4.7794 -0.13661 0.58047 3.5345 -0.099373 0.18414 3.6114 -0.99623 -0.46593 2.1338 -1.2467 -0.28843 0.83649 -2.061 0.98309 3.4867 0.79672 1.1024 1.8738 1.0274 1.9193 0.58017 0.83556 -0.29767 0.0026531 -0.73136 0.27007 -2 -1.0165 -1.1058 -3.0469 -0.50464 0.29767 -0.0026536 0.73136 0.95635 -1.9511 0.30224 0.18638 -3.5793 0.38555
5 9 0 0.80428 4.7808 -0.15041 0.57933 3.536 -0.093609 0.16715 3.6027 -0.98412 -0.48027 2.1182 -1.1982 -0.28416 0.82945 -2.0219 0.99772 3.4984 0.79572 1.2009 1.8912 1.0066 2.0485 0.62503 0.77018 -0.29639 0.0060086 -0.73186 0.45361 -1.9212 -1.1029 -0.8375 -3.0846 -0.62271 0.29639 -0.0060081 0.73186 0.89325 -1.9738 0.30093 0.061847 -3.5699 0.41097
5 10 0 0.80693 4.7799 -0.17336 0.58406 3.5357 -0.099189 0.16431 3.5913 -0.98693 -0.48234 2.1024 -1.1705 -0.27287 0.81481 -1.9926 1.0099 3.5092 0.78698 1.2795 1.9104 0.98715 2.1655 0.67978 0.7075 -0.29333 0.0062585 -0.73309 0.61928 -1.8377 -1.159 -0.53623 -3.1612 -0.75397 0.29333 -0.0062585 0.73309 0.82719 -1.9949 0.31538 -0.064522 -3.557 0.44086
5 11 0 0.8185 4.777 -0.20167 0.59208 3.5345 -0.11082 0.16787 3.5802 -0.99699 -0.47649 2.0876 -1.1571 -0.27535 0.79165 -1.9681 1.0224 3.5178 0.77343 1.3364 1.9272 0.97412 2.2649 0.74013 0.648 -0.28612 0.0040908 -0.73594 0.75861 -1.7631 -1.1832 -0.20842 -3.258 -0.89864 0.28612 -0.0040913 0.73595 0.74001 -2.0178 0.34452 -0.19478 -3.5542 0.47302
5 12 0 0.83291 4.7739 -0.22595 0.60067 3.5332 -0.1238 0.18229 3.571 -1.0131 -0.46281 2.0767 -1.154 -0.29019 0.76354 -1.9436 1.0253 3.5245 0.76334 1.369 1.9409 0.97026 2.3486 0.80403 0.61567 -0.2725 0.0008111 -0.74111 0.85188 -1.72 -1.1755 0.12635 -3.3653 -1.0431 0.2725 -0.0008111 0.74111 0.63013 -2.0409 0.38817 -0.33308 -3.5604 0.50654
5 12 12 0.76773 4.7739 -0.39418 0.5618 3.5332 -0.24598 -0.032328 3.571 -1.0289 -0.69264 2.0767 -1.0326 -0.68794 0.76354 -1.8408 1.1616 3.5245 0.53349 1.5409 1.9409 0.66441 2.4252 0.80403 0.11392 -0.42063 0.0008111 -0.66826 0.58886 -1.72 -1.327 -0.093271 -3.3653 -1.0465 0.42063 -0.0008111 0.66826 0.69706 -2.0409 0.24868 -0.22049 -3.5604 0.56472
5 13 12 0.76923 4.7715 -0.42219 0.56365 3.5318 -0.26571 -0.018145 3.5608 -1.0582 -0.684 2.0691 -1.0454 -0.71405 0.73699 -1.8215 1.151 3.5319 0.52318 1.5423 1.952 0.66368 2.4751 0.86328 0.096018 -0.40521 -0.0053277 -0.6777 0.65883 -1.7024 -1.3118 0.22238 -3.451 -1.2572 0.40521 0.0053277 0.6777 0.59159 -2.0575 0.3254 -0.35743 -3.56 0.62992
5 14 12 0.77593 4.7676 -0.45158 0.56827 3.5291 -0.28824 0.0050185 3.5474 -1.0943 -0.67585 2.0626 -1.0698 -0.74156 0.71383 -1.8142 1.1371 3.5398 0.51404 1.5305 1.9622 0.67305 2.4959 0.91078 0.089901 -0.38573 -0.013056 -0.68887 0.72557 -1.6937 -1.2845 0.56786 -3.4824 -1.448 0.38573 0.013056 0.68887 0.48295 -2.0667 0.4071 -0.49832 -3.5512 0.69725
5 15 12 0.77401 4.7652 -0.47979 0.56368 3.5282 -0.30848 0.02097 3.5362 -1.1287 -0.67823 2.06 -1.1002 -0.77814 0.69703 -1.8143 1.112 3.5492 0.50775 1.4949 1.9716 0.69039 2.4829 0.93983 0.1099 -0.36302 -0.022441 -0.70086 0.79377 -1.6909 -1.2416 0.87156 -3.4633 -1.5635 0.36302 0.022442 0.70086 0.37165 -2.0674 0.48418 -0.6404 -3.5339 0.75971
5 16 12 0.77921 4.763 -0.49652 0.56166 3.5284 -0.31637 0.044074 3.5245 -1.1527 -0.67077 2.0559 -1.1242 -0.80519 0.68154 -1.8103 1.085 3.5612 0.51575 1.4456 1.9817 0.72564 2.4424 0.94255 0.17416 -0.3389 -0.027461 -0.71266 0.84701 -1.6935 -1.1947 1.0598 -3.4402 -1.5878 0.3389 0.027461 0.71266 0.27014 -2.0663 0.5528 -0.77721 -3.5099 0.81756
5 17 12 0.77561 4.7634 -0.50022 0.55489 3.53 -0.31609 0.06411 3.5145 -1.1683 -0.65813 2.0494 -1.1478 -0.82509 0.6678 -1.8119 1.0514 3.5743 0.53176 1.3754 1.9913 0.77272 2.3645 0.91481 0.28244 -0.32066 -0.029342 -0.72098 0.87109 -1.6995 -1.1732 1.1041 -3.4474 -1.5495 0.32066 0.029342 0.72098 0.17804 -2.0633 0.59882 -0.90282 -3.4791 0.87802
5 31 48 0.72976 4.7318 -0.75026 0.54812 3.5155 -0.44839 0.079307 3.4165 -1.3073 -0.22246 1.9032 -1.8436 0.15968 0.81787 -2.8701 1.0218 3.6432 0.40408 0.93565 2.103 0.94173 1.5991 0.71537 1.0508 -0.38133 -0.011002 -0.69135 0.10968 -2.0418 -0.91278 -0.66742 -3.6173 -0.50656 0.38133 0.011002 0.69135 1.3541 -1.7704 0.14852 0.79018 -3.483 0.14662
5 32 48 0.75796 4.7403 -0.66691 0.56344 3.5197 -0.3912 0.13167 3.4321 -1.2706 -0.12997 1.9308 -1.8591 0.38156 0.91802 -2.9033 1.0002 3.6361 0.48231 0.88611 2.0854 0.98335 1.5362 0.69054 1.08 -0.36238 -0.002583 -0.70155 0.020602 -2.0638 -0.8394 -0.78773 -3.6209 -0.42349 0.36238 0.002583 0.70155 1.3981 -1.7468 0.17131 1.061 -3.511 0.013228
5 33 48 0.77947 4.7494 -0.57662 0.57347 3.5246 -0.32922 0.16479 3.4556 -1.2212 -0.065334 1.963 -1.8441 0.56225 1.0185 -2.889 0.98738 3.6226 0.55759 0.84599 2.0653 1.0306 1.4775 0.66143 1.12 -0.35281 0.0073962 -0.70638 -0.095836 -2.0766 -0.77873 -0.91639 -3.6218 -0.34292 0.35281 -0.0073957 0.70638 1.4142 -1.7303 0.14117 1.2558 -3.5183 -0.028887
5 34 48 0.79185 4.7586 -0.48716 0.57526 3.53 -0.26973 0.18341 3.483 -1.1706 -0.027477 1.9976 -1.8172 0.69928 1.1095 -2.8471 0.97256 3.6061 0.62678 0.81193 2.0427 1.0728 1.4188 0.62812 1.1631 -0.35076 0.016483 -0.70724 -0.20161 -2.0792 -0.72528 -1.0461 -3.605 -0.2674 0.35076 -0.016484 0.70724 1.4063 -1.7286 0.09987 1.3488 -3.5254 -0.03771
5 35 48 0.80439 4.766 -0.39709 0.57455 3.5346 -0.21125 0.19508 3.5118 -1.1184 -0.013878 2.0286 -1.7706 0.78995 1.1766 -2.7734 0.95971 3.5865 0.69225 0.78562 2.0174 1.1122 1.3681 0.59286 1.2077 -0.34825 0.024538 -0.70825 -0.28795 -2.0755 -0.68263 -1.176 -3.5687 -0.20051 0.34825 -0.024537 0.70825 1.4132 -1.7371 0.11878 1.3599 -3.5322 -0.040786
5 36 48 0.80125 4.7739 -0.30272 0.5657 3.5396 -0.14641 0.19306 3.5405 -1.0566 -0.035732 2.0562 -1.6995 0.81649 1.2158 -2.6716 0.94419 3.5678 0.76095 0.76394 1.9928 1.1554 1.3208 0.55874 1.2607 -0.34406 0.032823 -0.70996 -0.3766 -2.067 -0.64819 -1.3164 -3.5219 -0.14714 0.34406 -0.032823 0.70996 1.4166 -1.7528 0.15697 1.2924 -3.5409 -0.037921
5 37 48 0.77597 4.7829 -0.2365 0.54502 3.5438 -0.11625 0.18825 3.5672 -1.0325 -0.0785 2.078 -1.6489 0.78051 1.2138 -2.5938 0.90765 3.5495 0.79799 0.72508 1.9675 1.1622 1.2624 0.52616 1.2697 -0.33837 0.028316 -0.71288 -0.4668 -2.0669 -0.6245 -1.4702 -3.4768 -0.11797 0.33837 -0.028317 0.71288 1.4094 -1.7586 0.18987 1.2111 -3.5393 -0.011572
5 38 48 0.77282 4.7852 -0.18577 0.5371 3.5438 -0.10355 0.201 3.5897 -1.0267 -0.11813 2.0909 -1.5929 0.68955 1.1557 -2.5152 0.8791 3.527 0.81847 0.69816 1.9386 1.1544 1.2279 0.49425 1.259 -0.31811 0.017106 -0.7225 -0.51805 -2.0718 -0.6179 -1.6147 -3.4108 -0.11268 0.31811 -0.017106 0.7225 1.4071 -1.7534 0.26028 1.126 -3.5197 0.032641
5 39 48 0.75788 4.7899 -0.095916 0.52088 3.5467 -0.051942 0.21085 3.6144 -0.98289 -0.17182 2.109 -1.4889 0.52834 1.07 -2.3878 0.83672 3.5083 0.87872 0.66402 1.9141 1.1908 1.21 0.47506 1.2849 -0.29046 0.01792 -0.73404 -0.56364 -2.0627 -0.63025 -1.7456 -3.3275 -0.12615 0.29046 -0.01792 0.73404 1.3705 -1.7702 0.313 0.99569 -3.5174 0.072667
5 40 48 0.73402 4.7927 -0.059107 0.51005 3.5464 -0.04023 0.22469 3.6259 -0.97811 -0.21009 2.1195 -1.4368 0.34067 0.96769 -2.3015 0.80099 3.4962 0.89796 0.64033 1.8972 1.191 1.2338 0.47558 1.2583 -0.27572 0.012809 -0.7398 -0.57133 -2.0669 -0.7008 -1.8412 -3.2398 -0.18814 0.27572 -0.01281 0.7398 1.2897 -1.7996 0.29978 0.84019 -3.5337 0.095254
5 73 156 0.64602 4.7603 -0.5816 0.47094 3.543 -0.29101 0.0069649 3.4942 -1.1569 -0.10593 2.0275 -1.8673 0.58691 1.2165 -2.9808 0.93948 3.6208 0.57025 0.92966 2.0514 1.0236 1.53 0.63155 1.0605 -0.44941 0.021533 -0.6489 -0.28607 -2.0729 -0.61626 -0.92113 -3.6441 -0.00080632 0.44941 -0.021533 0.64889 1.4066 -1.7431 -0.082126 1.0213 -3.4922 -0.28904
5 74 156 0.68161 4.7652 -0.50506 0.49142 3.5437 -0.24212 0.041891 3.5145 -1.1164 -0.067822 2.044 -1.8194 0.73928 1.2733 -2.8835 0.94577 3.6021 0.62824 0.90343 2.0279 1.0631 1.4575 0.59054 1.1304 -0.44655 0.029886 -0.65054 -0.34393 -2.067 -0.56685 -0.99928 -3.6221 0.067872 0.44655 -0.029886 0.65053 1.4245 -1.7504 -0.054915 0.97918 -3.4861 -0.25485
5 75 156 0.70308 4.77 -0.45152 0.49297 3.5459 -0.21842 0.061772 3.5405 -1.1024 -0.062901 2.0603 -1.7824 0.81852 1.2958 -2.7905 0.92938 3.5804 0.66232 0.86082 2.0017 1.0768 1.3809 0.55247 1.1593 -0.43833 0.02582 -0.65627 -0.37797 -2.071 -0.5375 -1.0844 -3.5935 0.12125 0.43833 -0.02582 0.65627 1.436 -1.7483 -0.015942 0.91509 -3.4641 -0.20506
5 76 156 0.7174 4.7764 -0.37675 0.49138 3.5495 -0.17361 0.080678 3.563 -1.0672 -0.095501 2.0729 -1.7132 0.83466 1.2801 -2.6534 0.90755 3.5652 0.71741 0.81923 1.9815 1.108 1.3212 0.52578 1.1897 -0.4198 0.026851 -0.66824 -0.41456 -2.068 -0.50686 -1.1783 -3.555 0.16861 0.4198 -0.026851 0.66824 1.4355 -1.7507 0.027179 0.86398 -3.451 -0.1547
5 77 156 0.71435 4.7818 -0.31661 0.48518 3.5508 -0.14336 0.097359 3.5815 -1.0467 -0.14807 2.0881 -1.6618 0.78973 1.2238 -2.5285 0.87854 3.5494 0.7581 0.77413 1.9593 1.1178 1.2767 0.50303 1.1834 -0.40114 0.023336 -0.67974 -0.4598 -2.0681 -0.4879 -1.2897 -3.5133 0.20025 0.40114 -0.023336 0.67974 1.3731 -1.7784 0.05572 0.75875 -3.4657 -0.107
5 89 180 0.77566 4.778 -0.27738 0.55749 3.541 -0.11855 0.010593 3.5822 -0.93499 -0.70879 2.1163 -0.98154 -0.86294 0.74421 -1.6681 1.1099 3.5289 0.69513 1.4369 1.9308 0.78452 2.3161 0.80321 0.2073 -0.39971 0.028259 -0.68039 0.62743 -1.7231 -1.2208 0.17561 -3.4667 -1.3019 0.39971 -0.02826 0.68039 0.57407 -2.0662 0.19998 -0.42989 -3.5259 0.53495
5 90 180 0.77507 4.7787 -0.27546 0.556 3.5414 -0.11913 0.028199 3.5779 -0.94826 -0.68403 2.1094 -1.0183 -0.78825 0.74275 -1.7248 1.0893 3.5341 0.70723 1.4082 1.9354 0.81318 2.308 0.81597 0.25214 -0.38493 0.025657 -0.68896 0.69363 -1.6972 -1.2207 0.49371 -3.4825 -1.3749 0.38493 -0.025657 0.68896 0.47668 -2.0822 0.26869 -0.55059 -3.5283 0.59175
5 91 180 0.77102 4.779 -0.28375 0.55241 3.5416 -0.12658 0.040774 3.5672 -0.96619 -0.65964 2.0947 -1.066 -0.71184 0.73653 -1.7942 1.0695 3.5452 0.71007 1.3638 1.9435 0.83917 2.2741 0.81712 0.3098 -0.3696 0.020752 -0.69747 0.75345 -1.6756 -1.2223 0.76088 -3.4701 -1.3975 0.3696 -0.020752 0.69747 0.37327 -2.0908 0.33781 -0.67337 -3.5264 0.64501
5 109 204 0.77593 4.7702 -0.42489 0.55017 3.5358 -0.25325 0.16469 3.4859 -1.1567 -0.027026 1.9329 -1.6261 0.73947 0.89143 -2.4661 0.94134 3.6147 0.6457 0.8757 2.0315 1.0431 1.5995 0.6703 1.015 -0.33408 0.0089307 -0.71541 -0.0068815 -2.0663 -0.74432 -0.82779 -3.6132 -0.31521 0.33408 -0.0089302 0.71541 1.3732 -1.7603 0.19841 1.0635 -3.536 0.23811
5 110 204 0.7706 4.7743 -0.38993 0.54562 3.5383 -0.22934 0.15694 3.4999 -1.132 -0.018835 1.9468 -1.6072 0.80804 0.94329 -2.436 0.94007 3.6057 0.66913 0.86299 2.021 1.0585 1.5583 0.6448 1.0433 -0.34303 0.013216 -0.71109 -0.14132 -2.078 -0.6866 -0.97139 -3.613 -0.2333 0.34303 -0.013217 0.71109 1.3897 -1.737 0.12173 1.3097 -3.5381 0.14787
5 111 204 0.75721 4.778 -0.36583 0.53498 3.541 -0.20852 0.12617 3.5085 -1.1025 -0.043364 1.9553 -1.5794 0.82116 0.97413 -2.3965 0.9493 3.6026 0.68137 0.85754 2.0172 1.0647 1.5192 0.62438 1.0658 -0.35877 0.018094 -0.70317 -0.26256 -2.0798 -0.64187 -1.1109 -3.5963 -0.16056 0.35877 -0.018094 0.70317 1.3904 -1.7253 0.04319 1.4599 -3.5265 0.084587
5 112 204 0.74609 4.7817 -0.33997 0.52454 3.5435 -0.19106 0.10211 3.5214 -1.079 -0.075005 1.9675 -1.551 0.79922 0.98809 -2.3597 0.95236 3.5946 0.69309 0.85111 2.0081 1.0694 1.4766 0.59882 1.0861 -0.37055 0.020667 -0.69697 -0.36868 -2.0783 -0.60341 -1.2491 -3.5671 -0.094125 0.37055 -0.020667 0.69697 1.4015 -1.7192 0.013895 1.5286 -3.5174 0.049067
6 0 168 0.70855 4.7141 -0.78461 0.61803 3.4745 -0.5417 0.15525 3.3527 -1.401 -0.3637 1.8042 -1.4402 -0.19945 0.43396 -2.128 1.0835 3.6253 0.31151 1.311 2.1336 0.93745 2.1316 0.85687 1.21 -0.40407 -0.011706 -0.6783 0.23946 -1.9894 -0.97643 -0.24861 -3.7184 -1.1291 0.40407 0.011706 0.6783 0.82811 -1.9967 0.23035 0.49213 -3.6925 0.7426
6 1 168 0.7859 4.7103 -0.74159 0.67047 3.4704 -0.51257 0.26747 3.3443 -1.4008 -0.26065 1.8001 -1.4741 -0.032819 0.42141 -2.126 1.0768 3.6256 0.36957 1.2313 2.1452 1.0431 2.0297 0.88014 1.4167 -0.3576 -0.012639 -0.70389 0.28449 -1.9976 -0.95288 -0.2199 -3.7244 -1.0745 0.3576 0.012639 0.70389 0.82639 -1.9926 0.28708 0.49042 -3.6856 0.8082
6 3 180 0.74221 4.7089 -0.80041 0.6375 3.4697 -0.56479 0.15994 3.3383 -1.4145 -0.37774 1.7971 -1.4825 -0.15787 0.43061 -2.1621 1.1181 3.6301 0.2782 1.2593 2.1534 0.9625 2.0715 0.88754 1.3025 -0.40733 -0.013711 -0.67631 0.15655 -2.0204 -0.94031 -0.37409 -3.7428 -0.89086 0.40733 0.013711 0.67631 0.859 -2.0012 0.28825 0.48174 -3.6837 0.81528
6 4 180 0.76796 4.714 -0.74727 0.65247 3.4741 -0.52115 0.22066 3.3416 -1.3948 -0.30253 1.7993 -1.522 -0.032204 0.45226 -2.2221 1.0876 3.6355 0.34601 1.169 2.1512 1.0234 1.9289 0.86698 1.412 -0.361 -0.016288 -0.70208 0.19734 -2.0315 -0.90599 -0.34522 -3.7495 -0.83479 0.361 0.016289 0.70208 0.81486 -2.0114 0.39071 0.32022 -3.6867 0.8373
6 14 204 0.74538 4.7529 -0.57246 0.56866 3.5058 -0.46015 0.16273 3.4422 -1.3538 -0.19862 1.8879 -1.7033 0.19891 0.66517 -2.5546 0.97902 3.5985 0.42889 0.89796 2.029 0.8749 1.6156 0.66799 0.97611 -0.40248 -0.015932 -0.67916 -0.050518 -2.0872 -0.65779 -0.60141 -3.7375 -0.18487 0.40248 0.015931 0.67916 1.2267 -1.8212 0.079224 0.75658 -3.5552 0.23082
6 15 204 0.77392 4.751 -0.54963 0.5888 3.5045 -0.44901 0.18775 3.4452 -1.3451 -0.15688 1.8869 -1.6937 0.36242 0.68861 -2.5135 0.99449 3.5929 0.4426 0.89444 2.0247 0.88933 1.5709 0.64498 1.0172 -0.40089 -0.012546 -0.68017 -0.12217 -2.0938 -0.61026 -0.66384 -3.7431 -0.12306 0.40089 0.012546 0.68017 1.2704 -1.7924 0.047308 0.94438 -3.5644 0.11492
6 16 204 0.79672 4.7504 -0.53051 0.60391 3.5048 -0.43339 0.20836 3.4508 -1.3323 -0.12977 1.8898 -1.6753 0.50476 0.72307 -2.4587 1.0043 3.5879 0.46111 0.88612 2.0219 0.91111 1.5207 0.6247 1.0622 -0.40156 -0.0084033 -0.67984 -0.21382 -2.0975 -0.55813 -0.74364 -3.746 -0.055618 0.40156 0.0084028 0.67984 1.3079 -1.7693 0.022235 1.14 -3.5644 -0.00037823
6 17 204 0.81451 4.7511 -0.50973 0.61274 3.5068 -0.41188 0.21715 3.4576 -1.311 -0.12442 1.8951 -1.644 0.60537 0.7615 -2.3923 1.0134 3.585 0.48295 0.88254 2.0211 0.93656 1.48 0.61016 1.1097 -0.40311 -0.003233 -0.67896 -0.3093 -2.0943 -0.49778 -0.83142 -3.742 0.015643 0.40311 0.0032325 0.67896 1.3463 -1.749 0.0048655 1.3229 -3.5481 -0.11172
6 18 204 0.82441 4.752 -0.49063 0.61757 3.5085 -0.395 0.21429 3.4624 -1.2909 -0.12676 1.8979 -1.6144 0.67048 0.79036 -2.3324 1.026 3.5837 0.49656 0.88273 2.0216 0.95286 1.4515 0.60032 1.1377 -0.41006 0.001627 -0.67479 -0.38994 -2.087 -0.44811 -0.92482 -3.7229 0.089405 0.41006 -0.001627 0.67479 1.3631 -1.7455 -0.0069748 1.4736 -3.5332 -0.21375
6 19 204 0.83036 4.7547 -0.46185 0.62031 3.5113 -0.36853 0.20827 3.4737 -1.2608 -0.14021 1.9086 -1.5735 0.70017 0.82105 -2.2725 1.0376 3.5779 0.51959 0.88459 2.0173 0.97787 1.4323 0.58885 1.1706 -0.41757 0.0090504 -0.67011 -0.48306 -2.0719 -0.38793 -1.0211 -3.7021 0.16338 0.41757 -0.0090508 0.67011 1.3706 -1.7493 -0.021026 1.554 -3.5269 -0.26044
6 20 204 0.82489 4.7578 -0.4435 0.61443 3.5142 -0.35192 0.18538 3.4825 -1.2364 -0.17942 1.9196 -1.541 0.68035 0.84093 -2.2302 1.0487 3.5749 0.52846 0.88823 2.0152 0.98689 1.4227 0.58205 1.1826 -0.42805 0.013275 -0.6634 -0.58297 -2.0546 -0.32526 -1.1323 -3.676 0.24058 0.42805 -0.013275 0.6634 1.3763 -1.7524 -0.036909 1.585 -3.5273 -0.27587
6 21 192 0.89348 4.7593 -0.24489 0.67389 3.5147 -0.20423 0.41796 3.4912 -1.1536 0.096606 1.9329 -1.5239 1.0714 0.84633 -2.0206 0.93576 3.5672 0.74236 0.68325 2.0065 1.1536 1.1585 0.5692 1.4469 -0.29106 0.017014 -0.73382 -0.61451 -2.0321 -0.40109 -1.2939 -3.6398 0.051461 0.29106 -0.017014 0.73382 1.3571 -1.7587 0.23946 1.5949 -3.5371 0.062063
6 21 204 0.82304 4.7593 -0.4253 0.6167 3.5147 -0.33987 0.16898 3.4912 -1.2153 -0.22235 1.9329 -1.5107 0.6279 0.84633 -2.1993 1.0697 3.5672 0.53158 0.90816 2.0065 0.98629 1.434 0.5692 1.1744 -0.43727 0.017014 -0.65727 -0.68447 -2.0321 -0.26456 -1.2549 -3.6398 0.31935 0.43727 -0.017014 0.65727 1.3773 -1.7587 -0.047936 1.573 -3.5371 -0.2709
6 22 192 0.8823 4.7612 -0.24667 0.66384 3.5162 -0.20871 0.3901 3.5013 -1.1533 0.026768 1.9495 -1.5121 0.96211 0.83768 -2.0285 0.94352 3.5602 0.7332 0.69474 1.9976 1.1395 1.1696 0.55701 1.4168 -0.30079 0.013912 -0.72995 -0.69336 -2.0194 -0.37509 -1.4347 -3.5937 0.097015 0.30079 -0.013912 0.72995 1.3343 -1.7736 0.23019 1.5426 -3.5555 0.050891
6 22 204 0.81173 4.7612 -0.42472 0.60594 3.5162 -0.34217 0.14179 3.5013 -1.2092 -0.2882 1.9495 -1.4846 0.51934 0.83768 -2.1842 1.0753 3.5602 0.52101 0.91647 1.9976 0.97014 1.4387 0.55701 1.1427 -0.44599 0.013912 -0.65146 -0.75619 -2.0194 -0.22274 -1.3832 -3.5937 0.39318 0.44599 -0.013912 0.65146 1.353 -1.7736 -0.052264 1.5195 -3.5555 -0.27095
6 23 192 0.89084 4.7573 -0.26465 0.67289 3.5122 -0.23083 0.38613 3.5042 -1.1716 -0.021905 1.9589 -1.5097 0.83199 0.79976 -2.0618 0.96567 3.5492 0.7074 0.73066 1.9825 1.1061 1.2113 0.5405 1.3655 -0.29682 0.0042269 -0.7317 -0.75243 -2.0137 -0.36478 -1.5745 -3.5451 0.11483 0.29682 -0.0042267 0.7317 1.3284 -1.7627 0.22385 1.4723 -3.5532 0.068584
6 23 204 0.81635 4.7573 -0.44408 0.6102 3.5122 -0.36569 0.1341 3.5042 -1.2263 -0.3353 1.9589 -1.4721 0.38513 0.79976 -2.1897 1.0916 3.5492 0.49117 0.94466 1.9825 0.93 1.4688 0.5405 1.0838 -0.44246 0.0042269 -0.65399 -0.81183 -2.0137 -0.20037 -1.5162 -3.5451 0.43967 0.44246 -0.0042267 0.65399 1.3459 -1.7627 -0.057236 1.4544 -3.5532 -0.23903
6 24 192 0.8984 4.7565 -0.24401 0.68371 3.5107 -0.21964 0.40043 3.5078 -1.1615 -0.056386 1.9691 -1.4651 0.66151 0.74294 -2.0642 0.97297 3.5427 0.71987 0.77023 1.9683 1.106 1.2646 0.52798 1.3482 -0.28621 0.0066936 -0.73589 -0.8312 -1.9873 -0.35995 -1.7208 -3.4816 0.11596 0.28621 -0.0066936 0.73589 1.338 -1.7511 0.22106 1.3744 -3.5493 0.094458
6 25 192 0.87413 4.7588 -0.26429 0.67197 3.5109 -0.23399 0.38765 3.5027 -1.1755 -0.098627 1.9681 -1.4535 0.44146 0.67105 -2.0889 0.96202 3.5483 0.70507 0.79879 1.9658 1.0761 1.3385 0.53657 1.2852 -0.28955 0.003053 -0.73461 -0.88824 -1.978 -0.37241 -1.862 -3.4201 0.10005 0.28955 -0.003053 0.73461 1.2974 -1.7716 0.21434 1.2354 -3.5712 0.12133
6 26 192 0.84298 4.7595 -0.31613 0.65664 3.5091 -0.27592 0.36544 3.496 -1.2153 -0.12216 1.9597 -1.4813 0.23298 0.61075 -2.1385 0.95317 3.5514 0.6609 0.83316 1.963 1.0229 1.4448 0.55705 1.1871 -0.30364 -0.0062075 -0.72888 -0.86378 -2.0081 -0.42383 -1.9533 -3.36 0.062213 0.30364 0.006207 0.72888 1.2274 -1.8083 0.21065 1.0867 -3.6046 0.14526
6 27 192 0.82101 4.7601 -0.35891 0.64614 3.5087 -0.29935 0.33062 3.486 -1.2306 -0.15412 1.947 -1.486 0.054013 0.57633 -2.1611 0.96674 3.5607 0.62902 0.88845 1.9704 0.99432 1.5892 0.6007 1.0972 -0.3171 -0.0070906 -0.72312 -0.76394 -2.0492 -0.51193 -1.9767 -3.2778 0.0082475 0.3171 0.0070906 0.72312 1.1688 -1.8434 0.20877 0.94928 -3.6327 0.1741
6 28 180 0.88046 4.7576 -0.23728 0.69541 3.5072 -0.18207 0.53982 3.4688 -1.1525 0.10522 1.9326 -1.4989 0.40661 0.56439 -2.143 0.85647 3.5748 0.78584 0.74963 1.9864 1.1524 1.5135 0.66087 1.3452 -0.17779 -0.0058818 -0.76932 -0.45831 -2.0879 -0.73978 -1.8694 -3.1753 -0.46167 0.17779 0.0058813 0.76932 1.0479 -1.8762 0.43051 0.75749 -3.6547 0.36897
6 28 192 0.81189 4.7576 -0.41515 0.64236 3.5072 -0.32267 0.28841 3.4688 -1.2395 -0.20872 1.9326 -1.488 -0.047834 0.56439 -2.1807 1.0011 3.5748 0.5906 0.97284 1.9864 0.97135 1.7601 0.66087 1.0011 -0.33386 -0.0058818 -0.71554 -0.60211 -2.0879 -0.62833 -1.9245 -3.1753 -0.062923 0.33386 0.0058813 0.71554 1.1145 -1.8762 0.20323 0.81765 -3.6547 0.20341
6 29 180 0.87914 4.7545 -0.2984 0.69418 3.5056 -0.21617 0.50021 3.4568 -1.1792 0.043716 1.9251 -1.517 0.38206 0.57495 -2.1806 0.89367 3.5835 0.74377 0.85892 2.0003 1.145 1.7094 0.72083 1.2767 -0.1957 -0.0091043 -0.76493 -0.23695 -2.1091 -0.81661 -1.7191 -3.0929 -0.523 0.1957 0.0091043 0.76493 0.9978 -1.9018 0.41946 0.63035 -3.6662 0.36707
6 29 192 0.79789 4.7545 -0.47467 0.63407 3.5056 -0.35578 0.24412 3.4568 -1.2574 -0.27264 1.9251 -1.4929 -0.07965 0.57495 -2.2123 1.0288 3.5835 0.54172 1.0782 2.0003 0.94137 1.9375 0.72083 0.89342 -0.35046 -0.0091043 -0.70753 -0.40155 -2.1091 -0.7495 -1.7903 -3.0929 -0.15414 0.35046 0.0091043 0.70753 1.0632 -1.9018 0.20284 0.69289 -3.6662 0.22799
6 30 180 0.87275 4.7534 -0.34273 0.68816 3.5062 -0.23546 0.45629 3.4472 -1.1895 -0.022834 1.9186 -1.5097 0.37844 0.59665 -2.1945 0.92549 3.5942 0.71495 0.99194 2.0192 1.1436 1.9125 0.78456 1.2192 -0.2045 -0.0099559 -0.76261 0.0011167 -2.0972 -0.88733 -1.4976 -3.0543 -0.58948 0.2045 0.0099554 0.76261 0.94726 -1.9243 0.4146 0.50781 -3.6724 0.36984
6 30 192 0.78243 4.7534 -0.51669 0.62416 3.5062 -0.37339 0.19901 3.4472 -1.2583 -0.33621 1.9186 -1.4719 -0.086106 0.59665 -2.2253 1.0539 3.5942 0.5069 1.208 2.0192 0.91239 2.1242 0.78456 0.79494 -0.35859 -0.0099559 -0.70343 -0.18339 -2.0972 -0.86817 -1.5874 -3.0543 -0.26524 0.35859 0.0099554 0.70343 1.0128 -1.9243 0.2086 0.57361 -3.6724 0.25618
6 31 180 0.86163 4.7541 -0.36215 0.67804 3.5087 -0.23109 0.41239 3.4404 -1.1756 -0.08576 1.913 -1.4717 0.38066 0.62525 -2.1802 0.94899 3.6062 0.70937 1.1264 2.0436 1.1519 2.1022 0.85074 1.1999 -0.20701 -0.005681 -0.76198 0.2363 -2.052 -0.93588 -1.2216 -3.0754 -0.65644 0.20701 0.005681 0.76198 0.89775 -1.948 0.41511 0.38143 -3.6751 0.37989
6 31 192 0.7675 4.7541 -0.53338 0.61518 3.5087 -0.36701 0.15896 3.4404 -1.2357 -0.38987 1.913 -1.4217 -0.080938 0.62525 -2.2117 1.0757 3.6062 0.49656 1.3412 2.0436 0.89253 2.3058 0.85074 0.73655 -0.36091 -0.005681 -0.70229 0.036557 -2.052 -0.96456 -1.3314 -3.0754 -0.3881 0.36091 0.005681 0.70229 0.96444 -1.948 0.21938 0.45208 -3.6751 0.29228
6 32 180 0.85869 4.7532 -0.36949 0.67872 3.5086 -0.22633 0.38899 3.4347 -1.1633 -0.12169 1.907 -1.4353 0.38796 0.64783 -2.165 0.97359 3.6114 0.70631 1.2538 2.0647 1.1509 2.2819 0.91593 1.1834 -0.20681 -0.0029469 -0.76205 0.46377 -1.9835 -0.96681 -0.89388 -3.1448 -0.72379 0.20681 0.0029473 0.76205 0.84888 -1.9675 0.41673 0.25601 -3.6701 0.39386
6 32 192 0.7631 4.7532 -0.53995 0.61683 3.5086 -0.3625 0.13862 3.4347 -1.2188 -0.41745 1.907 -1.3786 -0.070654 0.64783 -2.1984 1.0992 3.6114 0.48846 1.4657 2.0647 0.86509 2.4781 0.91593 0.68312 -0.36073 -0.0029469 -0.7024 0.25262 -1.9835 -1.0421 -1.0248 -3.1448 -0.52212 0.36073 0.0029473 0.7024 0.91697 -1.9675 0.23113 0.3323 -3.6701 0.33203
6 33 192 0.75753 4.7545 -0.53511 0.61346 3.5103 -0.35233 0.11879 3.4351 -1.1991 -0.44289 1.9071 -1.3351 -0.070861 0.66481 -2.1694 1.1121 3.6145 0.48901 1.5615 2.0846 0.84433 2.6188 0.98225 0.63344 -0.36101 -0.00053692 -0.70226 0.43399 -1.9048 -1.0971 -0.688 -3.247 -0.66054 0.36101 0.00053692 0.70226 0.86456 -1.9873 0.24483 0.20792 -3.6615 0.37488
6 34 192 0.74876 4.7574 -0.52562 0.60722 3.5129 -0.34401 0.10266 3.4388 -1.185 -0.46053 1.9101 -1.3055 -0.088506 0.66999 -2.143 1.1157 3.616 0.49154 1.6233 2.1007 0.83075 2.7286 1.0561 0.57599 -0.3587 -0.00090551 -0.70344 0.57158 -1.8357 -1.1305 -0.32563 -3.3664 -0.80971 0.3587 0.00090551 0.70344 0.79553 -2.0083 0.2716 0.07732 -3.6552 0.42266
6 35 192 0.73861 4.7612 -0.51075 0.59674 3.5165 -0.33139 0.086569 3.4422 -1.169 -0.4789 1.9133 -1.2762 -0.11769 0.66353 -2.104 1.1108 3.6197 0.50073 1.6622 2.1161 0.82271 2.8093 1.1298 0.52428 -0.35194 -0.0016961 -0.70685 0.65967 -1.7909 -1.1426 0.047905 -3.4772 -0.96081 0.35194 0.0016956 0.70685 0.69966 -2.0333 0.31672 -0.062607 -3.6595 0.47543
6 36 192 0.72676 4.7659 -0.49114 0.58292 3.5206 -0.31766 0.074825 3.4468 -1.1566 -0.49695 1.9195 -1.2508 -0.16719 0.64584 -2.0551 1.0949 3.6234 0.51583 1.6712 2.1264 0.82489 2.8519 1.1914 0.49397 -0.33956 -0.0040016 -0.71287 0.70598 -1.7763 -1.1374 0.4096 -3.5544 -1.1027 0.33956 0.0040011 0.71287 0.58456 -2.0565 0.38339 -0.21121 -3.6675 0.53258
6 37 192 0.7127 4.7706 -0.47526 0.56545 3.5245 -0.31135 0.068744 3.4527 -1.1572 -0.51336 1.9284 -1.2381 -0.23608 0.6214 -2.0078 1.0661 3.6254 0.52923 1.6591 2.1325 0.82644 2.8648 1.2386 0.47281 -0.32374 -0.0093427 -0.72014 0.72799 -1.7832 -1.1221 0.75071 -3.583 -1.2284 0.32374 0.0093431 0.72014 0.44937 -2.0709 0.45361 -0.36822 -3.6719 0.59278
6 37 204 0.59831 4.7706 -0.61305 0.48836 3.5245 -0.42211 -0.17336 3.4527 -1.1462 -0.75955 1.9284 -1.1043 -0.64837 0.6214 -1.9149 1.1528 3.6254 0.29602 1.7947 2.1325 0.46343 2.9005 1.2386 -0.13315 -0.46639 -0.0093427 -0.63709 0.47879 -1.7832 -1.2489 0.4789 -3.583 -1.3577 0.46639 0.0093431 0.63709 0.53386 -2.0709 0.35027 -0.23692 -3.6719 0.65638
6 38 192 0.70416 4.7739 -0.45937 0.55328 3.5273 -0.30382 0.070559 3.4545 -1.1577 -0.52838 1.9363 -1.227 -0.30665 0.59688 -1.9582 1.0399 3.6292 0.54482 1.6391 2.1375 0.83573 2.8576 1.2659 0.47056 -0.30494 -0.013171 -0.72824 0.74367 -1.794 -1.107 1.0622 -3.5555 -1.3228 0.30494 0.013171 0.72824 0.31836 -2.0774 0.51954 -0.5153 -3.6709 0.64823
6 38 204 0.59327 4.7739 -0.59574 0.47802 3.5273 -0.41221 -0.17167 3.4545 -1.147 -0.77195 1.9363 -1.0904 -0.70708 0.59688 -1.8517 1.1305 3.6292 0.3167 1.7771 2.1375 0.47667 2.893 1.2659 -0.13386 -0.44968 -0.013171 -0.64893 0.49727 -1.794 -1.2374 0.76393 -3.5555 -1.5147 0.44968 0.013171 0.64893 0.41942 -2.0774 0.44199 -0.36927 -3.6709 0.7412
6 39 192 0.70112 4.7764 -0.44245 0.54491 3.5296 -0.29614 0.080233 3.4556 -1.1598 -0.53534 1.9436 -1.2209 -0.37656 0.57304 -1.9094 1.0135 3.6327 0.56241 1.6035 2.1382 0.85747 2.8233 1.267 0.49586 -0.28572 -0.015753 -0.73595 0.74144 -1.8119 -1.1008 1.2812 -3.5113 -1.3687 0.28572 0.015752 0.73595 0.1994 -2.0769 0.56989 -0.66035 -3.6562 0.70213
6 39 204 0.59381 4.7764 -0.57855 0.47143 3.5296 -0.40297 -0.16266 3.4556 -1.1512 -0.77749 1.9436 -1.083 -0.76532 0.57304 -1.7894 1.1083 3.6327 0.33939 1.7468 2.1382 0.50535 2.8647 1.267 -0.10198 -0.43248 -0.015753 -0.66046 0.49638 -1.8119 -1.2309 0.96866 -3.5113 -1.6051 0.43248 0.015752 0.66046 0.31353 -2.0769 0.51598 -0.49994 -3.6562 0.82408
6 40 204 0.59094 4.7791 -0.56293 0.46501 3.532 -0.39343 -0.15053 3.4565 -1.1568 -0.77804 1.95 -1.0825 -0.82354 0.55444 -1.7367 1.0835 3.6366 0.36416 1.6997 2.1346 0.54608 2.8124 1.24 -0.036394 -0.41897 -0.016871 -0.66909 0.49878 -1.8224 -1.2276 1.0638 -3.4871 -1.6284 0.41897 0.016871 0.66909 0.2154 -2.0723 0.57833 -0.62606 -3.6327 0.90708
6 41 204 0.57866 4.7816 -0.55362 0.45438 3.5344 -0.38476 -0.15262 3.4533 -1.1544 -0.78948 1.9508 -1.0809 -0.88956 0.53896 -1.6928 1.0642 3.6446 0.37903 1.6421 2.1315 0.59203 2.7363 1.1888 0.051882 -0.41011 -0.017474 -0.67454 0.503 -1.8304 -1.2167 1.0703 -3.4986 -1.5987 0.41011 0.017474 0.67454 0.12778 -2.0641 0.63486 -0.74904 -3.5986 0.99176
6 42 204 0.56437 4.7843 -0.54217 0.44251 3.5362 -0.37857 -0.15431 3.4544 -1.156 -0.79762 1.9547 -1.0803 -0.94402 0.53621 -1.667 1.0421 3.6472 0.39316 1.5725 2.1237 0.65057 2.6318 1.1111 0.17069 -0.39943 -0.020017 -0.68085 0.54209 -1.8255 -1.1988 1.0166 -3.535 -1.5201 0.39943 0.020018 0.68085 0.053232 -2.0522 0.69608 -0.86846 -3.5533 1.0811
6 43 204 0.55845 4.786 -0.52434 0.44315 3.5365 -0.36776 -0.1432 3.4537 -1.1531 -0.79221 1.9566 -1.0738 -0.96811 0.5384 -1.6531 1.0322 3.6484 0.41193 1.5009 2.1144 0.72136 2.5083 1.017 0.32308 -0.38631 -0.019608 -0.68839 0.56701 -1.8299 -1.1664 0.95289 -3.5724 -1.4227 0.38631 0.019608 0.68839 -0.015758 -2.0412 0.76402 -0.9796 -3.5076 1.1781
6 57 216 0.56258 4.8041 -0.3235 0.42869 3.5497 -0.22947 -0.058989 3.5023 -1.0823 -0.13541 1.9958 -1.7094 0.68815 1.1547 -2.7053 0.91951 3.6264 0.6194 0.9188 2.05 1.0482 1.6681 0.70832 0.92106 -0.45593 0.027805 -0.64409 -0.29893 -2.062 -0.49393 -0.79182 -3.7024 0.069107 0.45593 -0.027806 0.64409 1.2721 -1.8206 -0.086635 1.1717 -3.6206 -0.11689
6 58 216 0.54857 4.8075 -0.29353 0.41809 3.5521 -0.20777 -0.078742 3.5116 -1.0556 -0.12897 2.0113 -1.7001 0.81216 1.2771 -2.6763 0.91798 3.6221 0.63638 0.9309 2.0431 1.0552 1.6796 0.70318 0.90775 -0.46777 0.032121 -0.63534 -0.44049 -2.0544 -0.39037 -0.91813 -3.6913 0.1956 0.46777 -0.032122 0.63534 1.272 -1.8125 -0.13775 1.3862 -3.5995 -0.34888
6 59 204 0.59401 4.8082 -0.15003 0.45067 3.5523 -0.0999 0.12439 3.519 -1.0272 0.22476 2.0213 -1.6718 1.43 1.3767 -2.3856 0.78066 3.615 0.82451 0.7195 2.0341 1.2318 1.4823 0.69403 1.2358 -0.34264 0.038469 -0.71036 -0.50809 -2.0321 -0.39477 -1.0832 -3.6673 0.10145 0.34264 -0.038469 0.71036 1.2776 -1.8107 0.078543 1.5962 -3.5644 -0.1939
6 59 216 0.54983 4.8082 -0.27025 0.42006 3.5523 -0.19142 -0.091884 3.519 -1.0306 -0.12774 2.0213 -1.682 0.90275 1.3767 -2.6308 0.93502 3.615 0.64419 0.95988 2.0341 1.0553 1.7068 0.69403 0.90056 -0.48285 0.038469 -0.6236 -0.57906 -2.0321 -0.28051 -1.0384 -3.6673 0.32444 0.48285 -0.038469 0.6236 1.266 -1.8107 -0.1888 1.521 -3.5644 -0.52153
6 60 204 0.59089 4.8092 -0.13539 0.44692 3.5532 -0.087545 0.10017 3.5274 -1.0076 0.19957 2.0302 -1.6535 1.4556 1.4433 -2.3286 0.79744 3.6084 0.82976 0.7469 2.0257 1.2315 1.5017 0.68116 1.2393 -0.35967 0.043093 -0.70163 -0.63619 -2.0057 -0.32711 -1.214 -3.6342 0.18777 0.35967 -0.043093 0.70163 1.2767 -1.8121 0.035275 1.6529 -3.5451 -0.29042
6 60 216 0.54982 4.8092 -0.25528 0.41895 3.5532 -0.17855 -0.11151 3.5274 -1.0064 -0.14858 2.0302 -1.6589 0.93961 1.4433 -2.5803 0.95253 3.6084 0.64583 0.98661 2.0257 1.0493 1.7265 0.68116 0.90002 -0.49768 0.043093 -0.61152 -0.6903 -2.0057 -0.18769 -1.1485 -3.6342 0.43608 0.49768 -0.043093 0.61152 1.2562 -1.8121 -0.23094 1.5564 -3.5451 -0.62772
6 61 204 0.58863 4.8106 -0.1117 0.44364 3.5543 -0.069768 0.079331 3.5376 -0.9832 0.15756 2.0366 -1.623 1.4372 1.4662 -2.2672 0.81179 3.6005 0.84111 0.77003 2.0158 1.2356 1.5026 0.65904 1.2527 -0.37557 0.047941 -0.69293 -0.73903 -1.9773 -0.26781 -1.3449 -3.586 0.27621 0.37557 -0.047941 0.69293 1.264 -1.8265 0.013375 1.6217 -3.5595 -0.33251
6 61 216 0.55254 4.8106 -0.23164 0.41944 3.5543 -0.16048 -0.12682 3.5376 -0.97821 -0.18333 2.0366 -1.6203 0.93441 1.4662 -2.5165 0.96893 3.6005 0.65395 1.0101 2.0158 1.0485 1.7302 0.65904 0.91294 -0.51143 0.047941 -0.5997 -0.77856 -1.9773 -0.10831 -1.2581 -3.586 0.5498 0.51143 -0.047941 0.5997 1.2391 -1.8265 -0.24971 1.5171 -3.5595 -0.66241
6 62 204 0.5937 4.8096 -0.08913 0.45204 3.5527 -0.054063 0.066087 3.5454 -0.95869 0.10237 2.0373 -1.5858 1.3765 1.4329 -2.2096 0.84173 3.5895 0.84824 0.80577 2.0028 1.2355 1.5102 0.63138 1.2611 -0.39474 0.054033 -0.68173 -0.83317 -1.9468 -0.21391 -1.4733 -3.5336 0.35442 0.39474 -0.054033 0.68173 1.2623 -1.836 -0.015659 1.5306 -3.5914 -0.3277
6 63 204 0.60511 4.806 -0.098824 0.46567 3.5483 -0.076957 0.060116 3.5565 -0.97296 0.029141 2.0366 -1.5711 1.2639 1.3549 -2.1944 0.87493 3.5697 0.81714 0.84057 1.9814 1.1975 1.512 0.59372 1.2322 -0.41928 0.049093 -0.6673 -0.92149 -1.9296 -0.17063 -1.606 -3.489 0.42155 0.41928 -0.049093 0.6673 1.2762 -1.8285 -0.049442 1.4333 -3.608 -0.2935
6 64 204 0.60439 4.8031 -0.11897 0.46121 3.5458 -0.1175 0.037916 3.5712 -1.0049 -0.076321 2.0375 -1.5559 1.0713 1.2294 -2.1943 0.88831 3.55 0.76847 0.85601 1.9589 1.1374 1.4928 0.5553 1.1827 -0.42918 0.031991 -0.66203 -0.93553 -1.9476 -0.17284 -1.7267 -3.4373 0.464 0.42918 -0.031991 0.66203 1.2848 -1.8154 -0.046221 1.3116 -3.6087 -0.23089
6 65 192 0.6288 4.799 0.030054 0.48651 3.5429 -0.024931 0.2503 3.5872 -0.97866 0.14554 2.0422 -1.499 1.2698 1.0845 -1.9424 0.72679 3.5281 0.9287 0.62975 1.9342 1.2734 1.2214 0.52101 1.4476 -0.28239 0.026989 -0.7369 -0.85816 -1.9627 -0.3848 -1.8793 -3.3736 0.081718 0.28239 -0.026988 0.7369 1.2517 -1.8227 0.23661 1.2018 -3.6182 0.080252
6 65 204 0.62131 4.799 -0.10134 0.4707 3.5429 -0.12554 0.041358 3.5872 -1.0093 -0.1693 2.0422 -1.4965 0.83821 1.0845 -2.1639 0.904 3.5281 0.7573 0.88075 1.9342 1.1147 1.4957 0.52101 1.1621 -0.42943 0.026989 -0.66209 -0.91941 -1.9627 -0.19797 -1.8212 -3.3736 0.47065 0.42943 -0.026988 0.66209 1.2735 -1.8227 -0.02879 1.1922 -3.6182 -0.17137
6 66 192 0.63523 4.795 0.013532 0.49424 3.5394 -0.055219 0.24732 3.5985 -1.0054 0.048696 2.0488 -1.4829 0.98769 0.93787 -1.9945 0.74527 3.5098 0.89529 0.66705 1.9126 1.2293 1.2675 0.50113 1.3867 -0.29485 0.017378 -0.7323 -0.77834 -2.0062 -0.43954 -1.9235 -3.3114 0.046041 0.29485 -0.017378 0.7323 1.1952 -1.849 0.23362 1.0473 -3.6417 0.11005
6 66 204 0.62416 4.795 -0.11884 0.47196 3.5394 -0.15677 0.032873 3.5985 -1.0349 -0.26068 2.0488 -1.4606 0.55144 0.93787 -2.1562 0.91513 3.5098 0.72078 0.90806 1.9126 1.0637 1.5281 0.50113 1.0929 -0.44066 0.017378 -0.65499 -0.85272 -2.0062 -0.26811 -1.8719 -3.3114 0.44496 0.44066 -0.017378 0.65499 1.2176 -1.849 -0.019979 1.0473 -3.6417 -0.11009
6 67 192 0.62656 4.7937 -0.022364 0.48048 3.5389 -0.099089 0.21196 3.6082 -1.0427 -0.059607 2.0583 -1.4816 0.65741 0.825 -2.0669 0.75311 3.4991 0.84508 0.69388 1.8994 1.1708 1.331 0.50075 1.2952 -0.31376 0.0025463 -0.7246 -0.65057 -2.0625 -0.53326 -1.9211 -3.2246 0.0018104 0.31375 -0.0025463 0.7246 1.1288 -1.8793 0.24747 0.89223 -3.6637 0.14309
6 68 192 0.64513 4.7886 -0.060896 0.4895 3.535 -0.13681 0.193 3.6097 -1.0716 -0.14079 2.0629 -1.4776 0.34156 0.75263 -2.132 0.79032 3.4897 0.79851 0.7518 1.888 1.1174 1.4408 0.51103 1.1999 -0.33209 -0.0058322 -0.71637 -0.48218 -2.1003 -0.64494 -1.845 -3.1212 -0.052224 0.33209 0.0058322 0.71637 1.0722 -1.9054 0.25399 0.75065 -3.6777 0.17463
6 69 192 0.66553 4.786 -0.098203 0.50097 3.5327 -0.16136 0.17448 3.6067 -1.0862 -0.21825 2.0668 -1.4647 0.051219 0.72072 -2.167 0.83198 3.4881 0.76374 0.83183 1.8854 1.0799 1.579 0.53668 1.0999 -0.3453 -0.0086217 -0.71007 -0.29435 -2.1085 -0.75883 -1.6875 -3.0625 -0.12648 0.3453 0.0086222 0.71007 1.0174 -1.9289 0.2533 0.61462 -3.6855 0.20085
