1 1 24 -2.2312 4.1439 1.1211 -1.7182 3.0054 0.9386 -1.2689 2.9876 1.8133 -0.65726 1.4877 1.6014 -1.0218 0.078567 2.1105 -2.1796 3.0496 0.071099 -1.8009 1.5358 -0.41241 -2.4656 0.14445 -0.4086 0.3799 -0.0035107 0.69221 -1.0972 -1.4418 1.0968 -0.11595 -2.9327 0.84108 -0.3799 0.0035105 -0.69221 -1.6269 -1.5634 -0.056678 -0.58704 -2.8877 -0.70142
1 2 24 -2.123 4.2132 1.0692 -1.6393 3.0594 0.90465 -1.1899 3.0432 1.7794 -0.54747 1.5452 1.6688 -0.75262 0.18226 2.3601 -2.0999 3.1023 0.036718 -1.792 1.5975 -0.51955 -2.5317 0.26607 -0.76007 0.37963 -0.0068364 0.69234 -1.1268 -1.4051 1.1281 -0.095569 -2.8549 0.83546 -0.37963 0.0068364 -0.69234 -1.6645 -1.5288 -0.0557 -0.56437 -2.7993 -0.70868
2 3 204 -3.3857 3.1577 1.3865 -2.4029 2.4443 1.0357 -2.0371 2.4053 1.9478 -0.44187 2.5639 1.6335 0.97156 2.0048 1.893 -2.7915 2.4995 0.13387 -1.6189 2.7147 -0.98301 -1.0699 2.34 -2.3744 0.32537 0.014306 0.71932 -0.7366 -1.7571 1.1048 0.0024135 -3.3483 0.68909 -0.32537 -0.014306 -0.71932 -1.3546 -1.8078 -0.34741 -0.41041 -3.2925 -0.74122
2 4 192 -3.7743 2.9497 0.66899 -2.7136 2.2762 0.53379 -2.5476 2.2324 1.5022 -0.92511 2.4214 1.4827 0.44807 1.9191 1.9723 -2.9045 2.3353 -0.42923 -1.4839 2.5215 -1.2141 -0.58784 2.1105 -2.3997 0.1624 0.01072 0.77266 -1.0404 -1.7051 0.92552 -0.15582 -3.256 0.67458 -0.1624 -0.01072 -0.77266 -1.3267 -1.7526 -0.61566 -0.25666 -3.192 -0.79951
2 4 204 -3.5527 2.9497 1.4391 -2.5433 2.2762 1.0863 -2.1796 2.2324 1.9991 -0.59661 2.4214 1.6427 0.84835 1.9191 1.8361 -2.9303 2.3353 0.18403 -1.7039 2.5215 -0.87902 -1.0739 2.1105 -2.225 0.3195 0.01072 0.72201 -0.82528 -1.7051 1.1216 -0.012161 -3.256 0.69224 -0.3195 -0.01072 -0.72201 -1.4257 -1.7526 -0.32637 -0.41728 -3.192 -0.72868
2 5 204 -3.6659 2.7986 1.4658 -2.6438 2.1446 1.1149 -2.2831 2.0931 2.0285 -0.70181 2.2399 1.6454 0.73485 1.7 1.7943 -3.0281 2.2108 0.212 -1.7572 2.2949 -0.81101 -1.1084 1.7347 -2.0928 0.31626 0.010496 0.72344 -0.90724 -1.6485 1.1297 -0.0057978 -3.1458 0.68651 -0.31626 -0.010496 -0.72344 -1.503 -1.6942 -0.30973 -0.41573 -3.0721 -0.72201
2 6 204 -3.727 2.7106 1.481 -2.698 2.0625 1.1414 -2.345 2.0064 2.0577 -0.75858 2.0068 1.6677 0.61608 1.3195 1.7928 -3.0748 2.133 0.23565 -1.7869 2.0216 -0.76316 -1.2067 1.2245 -1.9487 0.31847 0.0067756 0.72252 -0.98422 -1.5877 1.1408 0.017451 -3.0171 0.68881 -0.31847 -0.0067759 -0.72252 -1.5689 -1.6419 -0.30165 -0.40256 -2.9469 -0.73487
2 7 204 -3.724 2.7171 1.4733 -2.7005 2.0506 1.1553 -2.3627 1.992 2.0772 -0.79535 1.7159 1.7087 0.42609 0.78388 1.8396 -3.0621 2.1239 0.24359 -1.8198 1.7171 -0.73611 -1.4155 0.6437 -1.7667 0.3176 -0.0050759 0.72291 -1.0735 -1.5194 1.154 0.043361 -2.8623 0.70665 -0.3176 0.0050757 -0.72291 -1.6162 -1.5943 -0.31087 -0.38009 -2.8258 -0.76503
2 8 204 -3.6719 2.8051 1.4378 -2.6654 2.1052 1.1388 -2.3415 2.0428 2.0654 -0.86768 1.4042 1.7675 0.0036253 0.14683 1.9611 -3.0129 2.183 0.222 -1.9292 1.4022 -0.71865 -1.8643 0.079658 -1.5088 0.30993 -0.01733 0.72605 -1.151 -1.4641 1.1582 0.070257 -2.7125 0.70993 -0.30993 0.01733 -0.72605 -1.6544 -1.5486 -0.33311 -0.34753 -2.7042 -0.78865
2 8 216 -3.2927 2.8051 2.1698 -2.3704 2.1052 1.6681 -1.8609 2.0428 2.5071 -0.48124 1.4042 1.9093 0.41127 0.14683 1.9175 -2.9009 2.183 0.84357 -2.0365 1.4022 -0.30184 -2.1373 0.079658 -1.0882 0.45411 -0.01733 0.64574 -0.88506 -1.4641 1.3722 0.21632 -2.7125 0.67981 -0.45411 0.01733 -0.64574 -1.6875 -1.5486 0.018147 -0.5039 -2.7042 -0.69916
2 9 216 -3.2047 2.9672 2.0853 -2.3152 2.211 1.6089 -1.8146 2.1476 2.4531 -0.62298 1.1048 2.0516 -0.33321 -0.39127 2.2874 -2.8366 2.2905 0.77869 -2.2317 1.1236 -0.19151 -2.7475 -0.28579 -0.54515 0.44344 -0.027252 0.65278 -0.91992 -1.4574 1.367 0.26183 -2.6057 0.635 -0.44344 0.027252 -0.65278 -1.7042 -1.5252 -0.0087576 -0.45622 -2.604 -0.73643
2 10 216 -3.0819 3.171 1.9704 -2.242 2.3442 1.525 -1.7421 2.2904 2.3704 -0.90254 0.89263 2.2708 -1.3868 -0.49473 2.7382 -2.7619 2.4155 0.69314 -2.5247 0.95053 0.010182 -3.4852 -0.24212 0.19127 0.43679 -0.024077 0.65737 -0.9266 -1.4658 1.348 0.30991 -2.531 0.58168 -0.43679 0.024077 -0.65737 -1.697 -1.5389 -0.038203 -0.38922 -2.5398 -0.7722
2 10 228 -2.6049 3.171 2.5681 -1.876 2.3442 1.9579 -1.2112 2.2904 2.6808 -0.4107 0.89263 2.4088 -0.78716 -0.49473 2.9666 -2.5574 2.4155 1.2522 -2.4674 0.95053 0.53488 -3.3693 -0.24212 0.9117 0.56392 -0.024077 0.55219 -0.62609 -1.4658 1.5112 0.42408 -2.531 0.50454 -0.56392 0.024077 -0.55219 -1.6679 -1.5389 0.31546 -0.54126 -2.5398 -0.6744
2 11 228 -2.4983 3.3702 2.4164 -1.8163 2.4721 1.8584 -1.1532 2.4337 2.5838 -0.75479 0.86436 2.8011 -1.7615 0.041216 3.6298 -2.4956 2.5293 1.1495 -2.7655 0.94194 0.87374 -3.859 0.34795 1.7842 0.56399 -0.012567 0.55249 -0.59442 -1.5157 1.4541 0.48076 -2.5375 0.42898 -0.56399 0.012567 -0.55249 -1.6191 -1.6017 0.28135 -0.46707 -2.544 -0.73639
2 12 228 -2.3757 3.552 2.2719 -1.7466 2.5868 1.7709 -1.0861 2.5587 2.4992 -1.1217 1.0969 3.2274 -2.4308 1.113 4.0421 -2.4225 2.6352 1.0581 -3.0707 1.1442 1.2171 -4.0769 1.3723 2.363 0.56747 -0.0042431 0.54905 -0.51011 -1.6233 1.344 0.57682 -2.636 0.32225 -0.56747 0.0042434 -0.54905 -1.5189 -1.7028 0.2224 -0.38255 -2.6233 -0.83216
2 13 228 -2.227 3.7184 2.1466 -1.6509 2.6914 1.71 -0.99663 2.6704 2.444 -1.3674 1.5619 3.5853 -2.6053 2.3382 4.078 -2.3196 2.7344 0.99001 -3.3057 1.5272 1.479 -3.977 2.471 2.497 0.57595 -0.0038791 0.54015 -0.35768 -1.7723 1.1845 0.7226 -2.813 0.18401 -0.57595 0.0038788 -0.54015 -1.365 -1.8354 0.099051 -0.26646 -2.781 -0.97329
2 14 216 -2.3743 3.9289 1.5048 -1.8009 2.8362 1.2663 -1.3259 2.8279 2.1275 -2.1351 2.0827 3.3353 -3.0858 3.2906 3.2145 -2.2909 2.8685 0.41415 -3.6048 1.9792 0.80365 -4.0303 3.3138 1.4482 0.46946 -0.00028253 0.6349 -0.28223 -1.9412 0.92162 0.91862 -3.0594 0.17427 -0.46946 0.00028276 -0.6349 -1.1106 -1.9815 -0.35939 0.12897 -3.0063 -1.1742
2 14 228 -2.0096 3.9289 1.9656 -1.4982 2.8362 1.613 -0.85461 2.8279 2.3567 -1.395 2.0827 3.7063 -2.3501 3.2906 3.7859 -2.1547 2.8685 0.88141 -3.3589 1.9792 1.5356 -3.6412 3.3138 2.2545 0.59121 -0.00028253 0.52342 -0.084445 -1.9412 0.96016 0.93477 -3.0594 -0.020533 -0.59121 0.00028276 -0.52342 -1.1611 -1.9815 -0.12063 -0.11798 -3.0063 -1.1754
2 15 216 -1.9967 4.2098 1.2759 -1.54 3.0474 1.1041 -1.0683 3.0532 1.9671 -1.9786 2.5598 3.2307 -2.635 3.9109 2.8824 -2.0237 3.068 0.24793 -3.4549 2.3852 0.64052 -3.5595 3.8523 1.1033 0.47551 0.0032692 0.63038 0.15863 -2.0715 0.72679 1.2419 -3.3219 0.010026 -0.47551 -0.0032692 -0.63038 -0.79975 -2.079 -0.6111 0.32414 -3.2452 -1.4035
2 16 204 -1.8297 4.4234 0.68986 -1.4396 3.2223 0.62099 -1.144 3.2323 1.559 -2.3492 2.8413 2.5903 -2.7828 4.2241 2.0634 -1.7452 3.2403 -0.31372 -3.2745 2.6674 -0.27483 -3.3161 4.1564 0.12361 0.32035 0.0054674 0.7217 0.3704 -2.0939 0.65441 1.465 -3.4756 0.27545 -0.32035 -0.0054674 -0.7217 -0.33673 -2.0999 -0.88675 0.79638 -3.369 -1.4837
2 16 216 -1.6463 4.4234 1.0552 -1.2791 3.2223 0.90673 -0.79488 3.2323 1.7628 -1.7593 2.8413 3.0221 -2.2929 4.2241 2.5969 -1.7723 3.2403 0.055979 -3.2601 2.6674 0.41199 -3.2179 4.1564 0.81036 0.46339 0.0054674 0.63932 0.49836 -2.0939 0.5631 1.4902 -3.4756 -0.035159 -0.46339 -0.0054674 -0.63932 -0.51373 -2.0999 -0.79736 0.47049 -3.369 -1.6169
2 17 204 -1.6479 4.5058 0.6312 -1.2924 3.2936 0.54516 -0.98147 3.301 1.4782 -2.206 2.9214 2.4908 -2.6156 4.3138 1.97 -1.6115 3.3147 -0.38492 -3.1547 2.7787 -0.39586 -3.1452 4.268 0.0036333 0.31119 0.0069966 0.72568 0.3966 -2.0906 0.64084 1.5164 -3.4583 0.28531 -0.31119 -0.0069966 -0.72568 -0.26497 -2.1029 -0.86426 0.92223 -3.2855 -1.5298
2 17 216 -1.4806 4.5058 0.96002 -1.1508 3.2936 0.80194 -0.65267 3.301 1.65 -1.6399 2.9214 2.895 -2.1488 4.3138 2.4708 -1.6563 3.3147 -0.041458 -3.1681 2.7787 0.26868 -3.0757 4.268 0.65747 0.45527 0.0069966 0.64512 0.52117 -2.0906 0.54438 1.5426 -3.4583 -0.0362 -0.45527 -0.0069966 -0.64512 -0.43887 -2.1029 -0.79028 0.58401 -3.2855 -1.6881
2 18 204 -1.7094 4.4801 0.6477 -1.3563 3.2693 0.53702 -1.0351 3.2653 1.4666 -2.247 2.8407 2.4765 -2.6771 4.2333 1.9731 -1.6861 3.3016 -0.38899 -3.2117 2.7195 -0.43825 -3.24 4.2029 -0.018334 0.29517 0.0096245 0.73231 0.19983 -2.0891 0.70971 1.4337 -3.3302 0.2759 -0.29517 -0.009625 -0.73231 -0.4463 -2.1047 -0.77843 0.88132 -3.1304 -1.4389
2 18 216 -1.5374 4.4801 0.98895 -1.215 3.2693 0.80726 -0.70751 3.2653 1.6498 -1.683 2.8407 2.8895 -2.2084 4.2333 2.4866 -1.7302 3.3016 -0.029923 -3.2327 2.7195 0.23908 -3.173 4.2029 0.6557 0.44098 0.0096245 0.65494 0.34302 -2.0891 0.65266 1.4597 -3.3302 -0.0282 -0.44098 -0.009625 -0.65494 -0.59839 -2.1047 -0.66863 0.56291 -3.1304 -1.5907
2 19 204 -1.8154 4.4397 0.67509 -1.4312 3.2428 0.53342 -1.1023 3.2254 1.4602 -2.2811 2.6829 2.4524 -2.8009 4.0671 2.0149 -1.7703 3.2878 -0.38873 -3.2636 2.6313 -0.47752 -3.4027 4.0932 -0.0072699 0.28403 0.014739 0.73662 -0.089835 -2.0512 0.81691 1.2365 -3.1635 0.31246 -0.28403 -0.014738 -0.73662 -0.70509 -2.0724 -0.68229 0.70879 -3.008 -1.2959
2 19 216 -1.6354 4.4397 1.0378 -1.289 3.2428 0.81934 -0.77458 3.2254 1.6574 -1.7214 2.6829 2.8731 -2.3207 4.0671 2.5532 -1.8124 3.2878 -0.012164 -3.2916 2.6313 0.21145 -3.3299 4.0932 0.70036 0.43098 0.014739 0.66147 0.081973 -2.0512 0.81774 1.2744 -3.1635 0.048555 -0.43098 -0.014738 -0.66147 -0.83154 -2.0724 -0.52078 0.42386 -3.008 -1.415
2 20 204 -1.9273 4.3896 0.73123 -1.494 3.2131 0.56487 -1.1672 3.1853 1.4921 -2.2936 2.4844 2.4454 -2.9606 3.8321 2.104 -1.8321 3.268 -0.35711 -3.2771 2.5161 -0.48174 -3.556 3.9344 0.055331 0.27553 0.009263 0.73993 -0.34751 -1.9875 0.93734 1.0018 -3.0456 0.37996 -0.27553 -0.0092626 -0.73993 -0.92259 -2.0031 -0.59815 0.50998 -2.9648 -1.1214
2 20 216 -1.7332 4.3896 1.116 -1.3439 3.2131 0.86315 -0.8315 3.1853 1.7022 -1.7351 2.4844 2.8688 -2.4584 3.8321 2.6735 -1.8663 3.268 0.031615 -3.3056 2.5161 0.21013 -3.4668 3.9344 0.79346 0.42335 0.009263 0.66648 -0.14503 -1.9875 0.9891 1.0589 -3.0456 0.16337 -0.42335 -0.0092626 -0.66648 -1.0268 -2.0031 -0.39326 0.26569 -2.9648 -1.2029
2 21 216 -1.8834 4.2995 1.224 -1.4488 3.1481 0.9339 -0.94206 3.1048 1.7758 -1.7803 2.2395 2.8791 -2.6582 3.5055 2.8147 -1.9665 3.2178 0.10056 -3.3399 2.343 0.23174 -3.6291 3.6947 0.91513 0.41628 0.0051913 0.67096 -0.33964 -1.8959 1.1493 0.80554 -3.0148 0.32012 -0.41628 -0.0051918 -0.67096 -1.2071 -1.9139 -0.28929 0.077729 -2.9735 -0.98012
2 22 216 -2.049 4.1982 1.3095 -1.5641 3.0773 0.9842 -1.0716 3.0238 1.8338 -1.8125 1.991 2.86 -2.8633 3.1163 2.9439 -2.0692 3.1561 0.14393 -3.3698 2.1691 0.19987 -3.7939 3.4235 0.98983 0.40849 0.0071793 0.67571 -0.49005 -1.799 1.2627 0.52468 -3.0906 0.51896 -0.40849 -0.0071793 -0.67571 -1.3457 -1.8305 -0.21584 -0.12455 -3.0322 -0.77781
2 22 228 -1.732 4.1982 1.7069 -1.3253 3.0773 1.2879 -0.66687 3.0238 2.0166 -1.1783 1.991 3.1743 -2.1887 3.1163 3.4749 -1.9941 3.1561 0.571 -3.2546 2.1691 0.89611 -3.5052 3.4235 1.757 0.54005 0.0071793 0.57602 -0.21682 -1.799 1.3369 0.62111 -3.0906 0.39853 -0.54005 -0.0071793 -0.57602 -1.3611 -1.8305 0.068658 -0.28355 -3.0322 -0.73492
2 23 216 -2.1892 4.1039 1.3806 -1.6506 3.019 1.0232 -1.16 2.955 1.8732 -1.7683 1.7773 2.828 -2.9893 2.6923 3.0511 -2.155 3.1072 0.18347 -3.353 1.9971 0.14731 -3.9332 3.1161 1.0355 0.40425 0.0087333 0.67823 -0.57106 -1.7366 1.3239 0.21969 -3.2567 0.76272 -0.40425 -0.0087333 -0.67823 -1.441 -1.7631 -0.16691 -0.39664 -3.1727 -0.58296
2 23 228 -1.8543 4.1039 1.8055 -1.4018 3.019 1.344 -0.74515 2.955 2.0734 -1.1417 1.7773 3.1338 -2.2896 2.6923 3.6059 -2.0698 3.1072 0.62752 -3.2491 1.9971 0.84123 -3.6319 3.1161 1.8306 0.53643 0.0087333 0.57936 -0.28332 -1.7366 1.4137 0.37347 -3.2567 0.70037 -0.53643 -0.0087333 -0.57936 -1.4443 -1.7631 0.13635 -0.50918 -3.1727 -0.48775
2 24 216 -2.2757 4.033 1.4365 -1.6899 2.9834 1.055 -1.1924 2.9117 1.9004 -1.6644 1.6069 2.7627 -3.0224 2.2487 3.1113 -2.2025 3.078 0.22098 -3.2673 1.8462 0.088016 -4.0178 2.7799 1.0589 0.40663 0.0055532 0.67684 -0.57416 -1.7317 1.3359 -0.083994 -3.4377 1.0195 -0.40663 -0.0055532 -0.67684 -1.4988 -1.7205 -0.14713 -0.75194 -3.3434 -0.38995
2 24 228 -1.9273 4.033 1.8782 -1.4336 2.9834 1.3833 -0.77124 2.9117 2.1068 -1.0536 1.6069 3.0483 -2.3095 2.2487 3.6717 -2.1085 3.078 0.67409 -3.1776 1.8462 0.76541 -3.7099 2.7799 1.8712 0.53847 0.0055532 0.57751 -0.28386 -1.7317 1.4261 0.12981 -3.4377 1.0147 -0.53847 -0.0055532 -0.57751 -1.4966 -1.7205 0.1677 -0.81658 -3.3434 -0.22509
2 25 216 -2.3428 3.978 1.4601 -1.724 2.9526 1.0738 -1.2268 2.8781 1.9192 -1.5498 1.4593 2.6617 -2.9881 1.784 3.1127 -2.2372 3.0491 0.24036 -3.1569 1.7193 0.0070692 -4.0731 2.4178 1.0319 0.40886 0.0047641 0.6755 -0.55563 -1.7369 1.3469 -0.34765 -3.5258 1.2618 -0.40886 -0.0047641 -0.6755 -1.5449 -1.6913 -0.14702 -1.0899 -3.4333 -0.24403
2 25 228 -1.9881 3.978 1.9153 -1.463 2.9526 1.4088 -0.80101 2.8781 2.1323 -0.96252 1.4593 2.9257 -2.2757 1.784 3.6659 -2.1384 3.0491 0.70025 -3.0864 1.7193 0.66326 -3.7695 2.4178 1.8562 0.54037 0.0047641 0.57573 -0.26346 -1.7369 1.433 -0.077699 -3.5258 1.3065 -0.54037 -0.0047641 -0.57573 -1.5417 -1.6913 0.1774 -1.1168 -3.4333 -0.012087
2 26 216 -2.3919 3.9583 1.4257 -1.7597 2.9347 1.0599 -1.2782 2.8652 1.9147 -1.4511 1.3611 2.5282 -2.9026 1.3517 3.0485 -2.2577 3.0261 0.21674 -3.0441 1.6301 -0.10206 -4.1108 2.0591 0.92542 0.40947 0.013205 0.67502 -0.57913 -1.6912 1.4043 -0.46756 -3.4908 1.3936 -0.40947 -0.013205 -0.67502 -1.6189 -1.6333 -0.1032 -1.3044 -3.406 -0.20138
2 26 228 -2.0432 3.9583 1.8918 -1.5009 2.9347 1.4026 -0.85219 2.8652 2.1387 -0.8937 1.3611 2.7747 -2.2053 1.3517 3.5854 -2.1633 3.0261 0.68142 -2.9988 1.6301 0.53306 -3.8286 2.0591 1.7599 0.54087 0.013205 0.57514 -0.27451 -1.6912 1.494 -0.16761 -3.4908 1.4603 -0.54087 -0.013205 -0.57514 -1.605 -1.6333 0.23564 -1.3178 -3.406 0.074231
2 27 216 -2.3689 3.9942 1.3602 -1.7426 2.9566 1.0294 -1.2705 2.8981 1.8902 -1.3356 1.345 2.3925 -2.7333 1.0271 2.9606 -2.2312 3.0374 0.17964 -2.919 1.6004 -0.18223 -4.0995 1.7379 0.80018 0.41816 0.021982 0.66944 -0.7074 -1.5226 1.5422 -0.42939 -3.2933 1.3465 -0.41816 -0.021982 -0.66944 -1.7703 -1.5044 -0.046147 -1.3291 -3.2435 -0.22424
2 27 228 -2.0344 3.9942 1.823 -1.4905 2.9566 1.3692 -0.84973 2.8981 2.1131 -0.80895 1.345 2.6178 -2.0581 1.0271 3.4642 -2.1451 3.0374 0.63962 -2.8931 1.6004 0.42864 -3.8436 1.7379 1.635 0.54821 0.021982 0.56787 -0.3713 -1.5226 1.6556 -0.14005 -3.2933 1.4064 -0.54821 -0.021982 -0.56787 -1.7412 -1.5044 0.32293 -1.3467 -3.2435 0.05699
2 28 228 -2.1053 3.9353 1.8769 -1.547 2.9024 1.4307 -0.89984 2.8594 2.17 -0.81826 1.2795 2.5776 -1.955 0.69544 3.4403 -2.2083 2.9675 0.7055 -2.8607 1.4921 0.4481 -3.9065 1.322 1.5684 0.56196 0.030093 0.55389 -0.53554 -1.2398 1.8176 -0.093447 -2.8962 1.259 -0.56196 -0.030093 -0.55389 -1.9086 -1.277 0.46891 -1.2203 -2.8766 0.0016673
2 29 228 -2.28 3.7762 1.9926 -1.6601 2.7957 1.508 -1.0099 2.7662 2.2454 -0.84281 1.1656 2.5266 -1.7889 0.31886 3.4016 -2.3255 2.8461 0.78545 -2.8119 1.3273 0.43139 -3.9221 0.77131 1.3458 0.56111 0.036828 0.55435 -0.69151 -1.0302 1.8607 -0.058527 -2.5752 1.1799 -0.56111 -0.036829 -0.55435 -1.9553 -1.0918 0.61075 -1.1637 -2.5612 -0.071183
2 30 228 -2.4435 3.5952 2.1155 -1.7683 2.6821 1.5732 -1.1112 2.6515 2.3043 -0.8299 1.0498 2.46 -1.505 -0.059917 3.2909 -2.4417 2.732 0.85797 -2.7688 1.1951 0.41115 -3.789 0.19254 0.98698 0.55166 0.03927 0.56359 -0.78048 -0.95223 1.8507 -0.029265 -2.4293 1.1402 -0.55166 -0.03927 -0.56359 -1.9462 -1.0073 0.67437 -1.1205 -2.4 -0.11899
2 31 228 -2.6227 3.3583 2.2828 -1.907 2.5098 1.6882 -1.2406 2.4763 2.4108 -0.7945 0.9049 2.4332 -1.2081 -0.39496 3.1522 -2.5902 2.5612 0.98255 -2.7483 1.0533 0.37437 -3.5107 -0.26391 0.62239 0.54528 0.038656 0.5698 -0.78269 -1.0066 1.8181 0.00026218 -2.4392 1.0529 -0.54528 -0.038656 -0.5698 -1.9262 -1.0124 0.67882 -1.0737 -2.3741 -0.13955
2 55 204 -3.9625 1.9539 1.9396 -2.8683 1.5168 1.4829 -2.4491 1.4961 2.3724 -0.84339 1.2608 2.185 0.15675 0.097194 2.3382 -3.3128 1.5466 0.60609 -2.2388 1.2672 -0.59265 -1.6634 0.15284 -1.4898 0.37835 0.025459 0.6926 -0.45366 -1.8799 0.99505 0.08837 -3.5968 0.89783 -0.37835 -0.025459 -0.6926 -1.1327 -1.9461 -0.29746 -0.4374 -3.5638 -0.68538
2 56 204 -3.9813 1.9422 1.9075 -2.8774 1.5224 1.4571 -2.4678 1.4976 2.351 -0.84518 1.4758 2.1628 0.37676 0.55327 2.3459 -3.3125 1.556 0.57569 -2.224 1.4847 -0.64036 -1.5874 0.56874 -1.705 0.37092 0.021492 0.69675 -0.46726 -1.8831 0.98683 0.093335 -3.5939 0.88643 -0.37092 -0.021492 -0.69675 -1.1218 -1.945 -0.3089 -0.43023 -3.5647 -0.6951
2 57 204 -4.0182 1.8792 1.8911 -2.905 1.482 1.4433 -2.4975 1.4539 2.338 -0.8835 1.6198 2.1477 0.47878 0.93059 2.3641 -3.3383 1.5184 0.56113 -2.2416 1.6398 -0.64352 -1.5863 0.9053 -1.8304 0.36344 0.016918 0.7008 -0.50732 -1.8724 0.99501 0.084841 -3.5716 0.88175 -0.36344 -0.016918 -0.7008 -1.1394 -1.9307 -0.3138 -0.43393 -3.5446 -0.69904
2 58 204 -4.071 1.7787 1.8742 -2.9455 1.4074 1.4347 -2.5487 1.3749 2.3341 -0.95988 1.6954 2.1297 0.47522 1.1902 2.3804 -3.3684 1.4475 0.54763 -2.267 1.7422 -0.62232 -1.6263 1.1201 -1.8794 0.3565 0.012627 0.70445 -0.57385 -1.8454 1.0152 0.066086 -3.5255 0.87919 -0.3565 -0.012627 -0.70445 -1.1899 -1.9024 -0.31912 -0.44899 -3.5005 -0.70358
2 59 204 -4.1288 1.6634 1.8546 -2.9905 1.3187 1.4279 -2.6007 1.279 2.3301 -1.0419 1.712 2.1034 0.42007 1.3134 2.3887 -3.4066 1.3656 0.53797 -2.2948 1.7821 -0.58417 -1.6783 1.1928 -1.8688 0.34918 0.010248 0.70814 -0.65773 -1.8044 1.0358 0.048488 -3.4552 0.87129 -0.34918 -0.010248 -0.70814 -1.261 -1.8631 -0.32092 -0.46025 -3.4329 -0.70212
2 67 228 -2.5838 3.0711 2.6967 -1.8841 2.2381 2.0667 -1.2064 2.1827 2.7773 -1.0536 0.57341 3.0127 -1.9247 0.045649 4.1705 -2.5786 2.3102 1.374 -2.9499 0.72285 1.2687 -3.9218 0.16178 2.3261 0.58242 -0.014904 0.53297 -0.48093 -1.5057 1.563 0.5618 -2.5751 0.55302 -0.58242 0.014904 -0.53297 -1.6833 -1.5822 0.27438 -0.52726 -2.5453 -0.71907
2 68 228 -2.4273 3.3117 2.5527 -1.7764 2.4021 1.9822 -1.1065 2.3522 2.7006 -1.3958 0.93147 3.4534 -2.4336 1.2819 4.5386 -2.4624 2.4707 1.2807 -3.2441 1.0779 1.6239 -4.1106 1.3407 2.872 0.58548 -0.016322 0.52957 -0.42519 -1.5958 1.4773 0.64219 -2.639 0.46573 -0.58548 0.016322 -0.52957 -1.6069 -1.6689 0.19916 -0.45247 -2.6089 -0.81797
2 69 228 -2.2829 3.5201 2.3993 -1.6861 2.5379 1.8964 -1.0273 2.5046 2.6258 -1.6008 1.4813 3.7628 -2.4543 2.5445 4.4831 -2.3604 2.5916 1.1823 -3.4516 1.5642 1.8323 -4.009 2.5608 2.8684 0.58707 -0.016275 0.5278 -0.30315 -1.744 1.3259 0.76738 -2.7939 0.32454 -0.58707 0.016275 -0.5278 -1.4702 -1.7922 0.075228 -0.36335 -2.7576 -0.9706
2 70 228 -2.0691 3.7829 2.1933 -1.5485 2.731 1.7433 -0.883 2.7022 2.4669 -1.5876 2.0517 3.7894 -2.132 3.4643 4.0827 -2.2275 2.7824 1.0336 -3.4756 2.0889 1.8273 -3.698 3.4785 2.4575 0.5844 -0.017178 0.53073 -0.064876 -1.9322 1.1013 0.96145 -3.0351 0.11078 -0.5844 0.017178 -0.53073 -1.2681 -1.9312 -0.14261 -0.22125 -2.9673 -1.1825
2 71 216 -2.0852 4.1141 1.4898 -1.6041 2.9873 1.1838 -1.0735 2.96 2.0115 -2.0729 2.5288 3.2297 -2.3929 4.0353 3.154 -2.1472 3.04 0.36548 -3.6004 2.5333 0.91318 -3.6832 4.0413 1.224 0.45161 -0.020804 0.64739 0.066874 -2.0737 0.87556 1.196 -3.2922 0.17467 -0.45161 0.020804 -0.64739 -0.9073 -2.0299 -0.61512 0.22668 -3.1838 -1.4111
2 72 204 -1.9795 4.3456 0.88021 -1.5087 3.1886 0.67147 -1.1528 3.1681 1.5881 -2.3804 2.8766 2.6259 -2.5474 4.3803 2.3284 -1.8759 3.2361 -0.23974 -3.4485 2.837 -0.049552 -3.455 4.3628 0.17292 0.28821 -0.022413 0.7348 0.1476 -2.1184 0.77224 1.3114 -3.4546 0.43898 -0.28821 0.022413 -0.7348 -0.51252 -2.0637 -0.84538 0.65004 -3.2954 -1.4636
2 72 216 -1.7533 4.3456 1.2725 -1.3361 3.1886 0.97048 -0.79745 3.1681 1.7931 -1.7824 2.8766 3.0634 -2.0077 4.3803 2.8071 -1.8847 3.2361 0.15551 -3.3835 2.837 0.66852 -3.3435 4.3628 0.88747 0.43468 -0.022413 0.65882 0.30493 -2.1184 0.72468 1.374 -3.4546 0.15673 -0.43468 0.022413 -0.65882 -0.67708 -2.0637 -0.72035 0.33154 -3.2954 -1.5668
2 73 204 -1.8376 4.4262 0.78862 -1.3842 3.2629 0.57573 -1.0335 3.2389 1.4943 -2.2294 3.0642 2.5934 -2.3411 4.5394 2.1586 -1.7452 3.3143 -0.33776 -3.3394 2.9833 -0.20562 -3.2863 4.5074 0.022588 0.26855 -0.018288 0.74232 0.10301 -2.1128 0.75223 1.2874 -3.4407 0.46088 -0.26855 0.018289 -0.74232 -0.54901 -2.0633 -0.79334 0.65752 -3.2355 -1.4424
2 73 216 -1.6335 4.4262 1.1534 -1.2343 3.2629 0.85095 -0.70024 3.2389 1.6765 -1.6415 3.0642 3.0002 -1.8412 4.5394 2.5982 -1.7773 3.3143 0.032465 -3.3092 2.9833 0.49318 -3.2098 4.5074 0.70535 0.41702 -0.018288 0.67027 0.25716 -2.1128 0.71437 1.355 -3.4407 0.18315 -0.41702 0.018289 -0.67027 -0.70196 -2.0633 -0.66186 0.34327 -3.2355 -1.5475
2 74 204 -1.9159 4.3953 0.7624 -1.4677 3.2302 0.54752 -1.1158 3.2053 1.4656 -2.2724 3.0796 2.6123 -2.3656 4.5353 2.1125 -1.83 3.2826 -0.36535 -3.4301 2.961 -0.29438 -3.3964 4.4828 -0.048047 0.25529 -0.0081673 0.74717 -0.11522 -2.0748 0.82448 1.1248 -3.3361 0.47438 -0.25529 0.0081673 -0.74717 -0.76316 -2.0304 -0.72214 0.56165 -3.1189 -1.2798
2 74 216 -1.7155 4.3953 1.1441 -1.3218 3.2302 0.8407 -0.78665 3.2053 1.6656 -1.6796 3.0796 3.0277 -1.8746 4.5353 2.5582 -1.866 3.2826 0.023117 -3.4164 2.961 0.42521 -3.3322 4.4828 0.65916 0.40505 -0.0081673 0.67776 0.058714 -2.0748 0.83042 1.1988 -3.3361 0.23016 -0.40505 0.0081673 -0.67776 -0.89662 -2.0304 -0.54769 0.28329 -3.1189 -1.3686
2 75 204 -2.017 4.3506 0.75899 -1.5395 3.1986 0.53739 -1.1935 3.1739 1.4577 -2.3205 3.0114 2.6292 -2.4284 4.4665 2.1307 -1.8971 3.2502 -0.37741 -3.4852 2.8681 -0.34997 -3.5168 4.3854 -0.076972 0.24716 -0.00060272 0.74994 -0.34176 -2.0103 0.91955 0.86935 -3.2908 0.53957 -0.24716 0.00060272 -0.74994 -0.99081 -1.9626 -0.66575 0.36526 -3.0706 -1.0951
2 75 216 -1.8151 4.3506 1.1618 -1.3942 3.1986 0.84573 -0.86438 3.1739 1.674 -1.7232 3.0114 3.0542 -1.9324 4.4665 2.589 -1.9341 3.2502 0.025261 -3.4818 2.8681 0.38228 -3.456 4.3854 0.6559 0.39768 -0.00060272 0.68216 -0.14311 -2.0103 0.97051 0.96254 -3.2908 0.34703 -0.39768 0.00060272 -0.68216 -1.1076 -1.9626 -0.4452 0.12959 -3.0706 -1.1471
2 76 216 -1.88 4.3152 1.1988 -1.42 3.1825 0.86774 -0.89292 3.1595 1.6978 -1.7308 2.9021 3.0764 -1.9841 4.3717 2.6841 -1.958 3.2319 0.045888 -3.485 2.7533 0.37481 -3.5439 4.2566 0.71283 0.40148 -0.0015378 0.67994 -0.30791 -1.935 1.0958 0.69989 -3.3172 0.52596 -0.40148 0.0015378 -0.67994 -1.275 -1.8796 -0.34413 -0.058557 -3.0801 -0.91854
2 77 216 -1.9486 4.2741 1.2363 -1.455 3.1603 0.89032 -0.93272 3.1354 1.7233 -1.7512 2.759 3.0861 -2.072 4.2383 2.7922 -1.9891 3.2111 0.065995 -3.4905 2.6363 0.35645 -3.6392 4.1123 0.77711 0.4057 -0.00038481 0.67743 -0.43507 -1.8557 1.1923 0.43545 -3.3678 0.73767 -0.4057 0.00038481 -0.67743 -1.4078 -1.7957 -0.24845 -0.27628 -3.1252 -0.69888
2 78 216 -2.013 4.2376 1.2561 -1.4963 3.1387 0.89718 -0.98346 3.1051 1.7358 -1.7727 2.5926 3.0711 -2.177 4.0692 2.8871 -2.0216 3.1978 0.067771 -3.4919 2.5278 0.30862 -3.7216 3.9664 0.81389 0.40256 0.003696 0.67928 -0.51761 -1.7915 1.2665 0.17323 -3.4281 0.95779 -0.40256 -0.003696 -0.67928 -1.5143 -1.7105 -0.16429 -0.54898 -3.1956 -0.50091
2 79 216 -2.0263 4.2317 1.2515 -1.4975 3.1412 0.88455 -0.98908 3.1012 1.7256 -1.7373 2.4493 3.0233 -2.2393 3.9054 2.949 -2.0185 3.2064 0.052909 -3.4486 2.4392 0.23987 -3.7452 3.8344 0.82547 0.40194 0.0076337 0.67962 -0.56214 -1.7413 1.3324 -0.087467 -3.4749 1.1908 -0.40194 -0.0076337 -0.67962 -1.5622 -1.6545 -0.083046 -0.86507 -3.2996 -0.32473
2 80 216 -2.0152 4.2452 1.2162 -1.472 3.1612 0.85105 -0.97248 3.1199 1.6973 -1.6666 2.3292 2.947 -2.2677 3.7489 2.9753 -1.9846 3.2277 0.014228 -3.3699 2.372 0.14553 -3.7234 3.7247 0.7957 0.40326 0.013544 0.67875 -0.59154 -1.6917 1.3977 -0.33176 -3.4758 1.4103 -0.40326 -0.013544 -0.67875 -1.5689 -1.6304 -0.014446 -1.1595 -3.3788 -0.17667
2 81 216 -1.9881 4.2675 1.178 -1.4391 3.1815 0.8291 -0.9482 3.1438 1.6805 -1.5754 2.2301 2.8807 -2.2657 3.6044 2.9931 -1.9432 3.2442 -0.013097 -3.2805 2.3082 0.052525 -3.6846 3.622 0.75126 0.41525 0.019204 0.67134 -0.61202 -1.6277 1.4755 -0.49844 -3.4249 1.5655 -0.41525 -0.019204 -0.67134 -1.616 -1.5915 0.036119 -1.3812 -3.3759 -0.071571
2 82 216 -1.9486 4.2999 1.128 -1.4083 3.2044 0.79366 -0.91362 3.1914 1.6436 -1.4759 2.1917 2.8068 -2.2339 3.5254 2.963 -1.9161 3.2428 -0.047818 -3.2213 2.2604 -0.042453 -3.6594 3.5498 0.68086 0.43189 0.027568 0.66046 -0.68016 -1.5035 1.5735 -0.53108 -3.3002 1.5907 -0.43189 -0.027568 -0.66046 -1.7318 -1.4925 0.10009 -1.4986 -3.2764 -0.01931
2 83 216 -1.9208 4.3196 1.1024 -1.3877 3.2152 0.78592 -0.8921 3.2245 1.6354 -1.4165 2.1831 2.7797 -2.214 3.4926 2.9436 -1.8963 3.2317 -0.055778 -3.1821 2.2242 -0.077442 -3.66 3.4943 0.65464 0.4406 0.025611 0.65476 -0.87293 -1.1891 1.7563 -0.56043 -2.9557 1.5764 -0.4406 -0.025611 -0.65476 -1.9338 -1.2252 0.20877 -1.4481 -2.9467 -0.018476
2 84 216 -2.0061 4.2709 1.1381 -1.4611 3.171 0.82755 -0.94285 3.1877 1.6633 -1.4401 2.0705 2.7466 -2.2925 3.3375 2.9609 -1.9925 3.1798 -3.6047e-05 -3.2108 2.0919 -0.031183 -3.8067 3.3086 0.70511 0.44726 0.028852 0.6501 -1.0377 -0.81491 1.8737 -0.53302 -2.5089 1.5178 -0.44726 -0.028852 -0.6501 -2.1114 -0.8767 0.31226 -1.3937 -2.4815 -0.088215
2 84 228 -1.7256 4.2709 1.5303 -1.2571 3.171 1.1133 -0.57642 3.1877 1.823 -0.83756 2.0705 2.986 -1.6268 3.3375 3.3729 -1.949 3.1798 0.41423 -3.1471 2.0919 0.63705 -3.577 3.3086 1.4812 0.57265 0.028852 0.5429 -0.62548 -0.81491 2.0485 -0.20579 -2.5089 1.5955 -0.57265 -0.028852 -0.5429 -2.0003 -0.8767 0.74442 -1.3816 -2.4815 0.20347
2 85 216 -2.0335 4.2498 1.1419 -1.4461 3.1736 0.82594 -0.91861 3.199 1.6557 -1.3364 1.9313 2.5976 -2.3027 3.0766 2.9613 -1.9872 3.1734 0.0046325 -3.052 1.9358 -0.053887 -3.8615 2.9999 0.71428 0.45271 0.028579 0.64633 -1.1091 -0.61269 1.8969 -0.46295 -2.2293 1.4279 -0.45271 -0.028579 -0.64633 -2.1711 -0.73098 0.33764 -1.2873 -2.2193 -0.16719
2 85 228 -1.7517 4.2498 1.5397 -1.2428 3.1736 1.1086 -0.5543 3.199 1.8105 -0.7671 1.9313 2.8187 -1.6367 3.0766 3.3753 -1.9429 3.1734 0.4177 -2.9966 1.9358 0.58185 -3.6286 2.9999 1.5015 0.57719 0.028579 0.53808 -0.69044 -0.61269 2.086 -0.15596 -2.2293 1.4929 -0.57719 -0.028579 -0.53808 -2.0534 -0.73098 0.78165 -1.294 -2.2193 0.10411
2 86 216 -2.0843 4.2083 1.1827 -1.473 3.1466 0.8651 -0.95979 3.1782 1.7035 -1.3019 1.8015 2.5137 -2.4186 2.753 2.9884 -2.001 3.1394 0.035351 -2.9467 1.8101 -0.050776 -3.9073 2.6817 0.78293 0.44726 0.019693 0.65044 -1.1624 -0.50287 1.8955 -0.4122 -2.0511 1.3561 -0.44726 -0.019693 -0.65044 -2.1901 -0.63978 0.34561 -1.2049 -2.0387 -0.22283
2 86 228 -1.7929 4.2083 1.5902 -1.261 3.1466 1.1525 -0.58463 3.1782 1.8659 -0.75083 1.8015 2.7294 -1.7444 2.753 3.426 -1.95 3.1394 0.45062 -2.8928 1.8101 0.56298 -3.6592 2.6817 1.5782 0.57272 0.019693 0.54324 -0.74288 -0.50287 2.0958 -0.12124 -2.0511 1.4122 -0.57272 -0.019693 -0.54324 -2.0704 -0.63978 0.79341 -1.2249 -2.0387 0.032554
2 87 228 -1.8651 4.149 1.6532 -1.3172 3.0951 1.2231 -0.63998 3.121 1.9359 -0.76445 1.691 2.7158 -1.8626 2.4491 3.4884 -2.0077 3.0929 0.52272 -2.8874 1.7175 0.58084 -3.6975 2.4458 1.6722 0.57083 0.016824 0.54532 -0.77935 -0.44187 2.0883 -0.10079 -1.9417 1.3529 -0.57083 -0.016824 -0.54532 -2.0787 -0.59795 0.79744 -1.1756 -1.9289 -0.017364
2 88 228 -1.9182 4.086 1.7316 -1.3537 3.0491 1.2878 -0.6787 3.0651 2.003 -0.76923 1.6119 2.7436 -1.9314 2.2274 3.5488 -2.0425 3.0559 0.58573 -2.8986 1.6647 0.60203 -3.7183 2.314 1.7352 0.57079 0.012181 0.54547 -0.81712 -0.44149 2.0562 -0.091789 -1.9144 1.311 -0.57079 -0.012181 -0.54547 -2.0541 -0.61654 0.81429 -1.1401 -1.909 -0.048843
2 89 228 -1.9758 4.0179 1.8159 -1.3932 2.9989 1.359 -0.72432 2.9991 2.0801 -0.80989 1.5341 2.7978 -2.0028 2.0462 3.6298 -2.0763 3.0209 0.65174 -2.9235 1.6241 0.65636 -3.7538 2.226 1.8079 0.5714 0.0086915 0.5449 -0.84962 -0.47694 2.0143 -0.088872 -1.9374 1.28 -0.5714 -0.0086915 -0.5449 -2.0095 -0.65871 0.84203 -1.1128 -1.9338 -0.063934
2 90 228 -2.0364 3.9506 1.898 -1.4395 2.9477 1.424 -0.76827 2.9406 2.1428 -0.85349 1.4681 2.8451 -2.0712 1.8836 3.695 -2.1251 2.9767 0.71941 -2.9634 1.5746 0.70916 -3.8018 2.1416 1.8724 0.57276 0.0079288 0.54349 -0.86056 -0.54579 1.9764 -0.086841 -2.0151 1.274 -0.57276 -0.0079288 -0.54349 -1.9673 -0.73402 0.85019 -1.1001 -2.0146 -0.076572
2 91 228 -2.0756 3.8928 1.9776 -1.4712 2.9024 1.4871 -0.79571 2.8924 2.2019 -0.87154 1.4075 2.8789 -2.1105 1.7049 3.7473 -2.1612 2.9339 0.7869 -2.9796 1.5203 0.76077 -3.8349 2.0346 1.9362 0.57651 0.005635 0.53954 -0.83359 -0.65908 1.9481 -0.068838 -2.1347 1.2491 -0.57651 -0.005635 -0.53954 -1.9267 -0.82893 0.84375 -1.089 -2.1259 -0.087358
2 92 228 -2.1098 3.8467 2.0388 -1.5032 2.8643 1.5342 -0.82225 2.8519 2.2438 -0.88195 1.3457 2.8734 -2.1267 1.4721 3.7746 -2.1987 2.8981 0.83957 -2.9774 1.4628 0.79064 -3.8709 1.8752 1.9777 0.5779 0.0064747 0.53805 -0.79478 -0.78074 1.9202 -0.050239 -2.271 1.2304 -0.5779 -0.0064747 -0.53805 -1.8884 -0.93439 0.81685 -1.0814 -2.2585 -0.10303
2 93 228 -2.1192 3.82 2.0856 -1.5187 2.8401 1.5691 -0.82947 2.825 2.2706 -0.85752 1.2941 2.8402 -2.0794 1.1917 3.7752 -2.2223 2.8766 0.88281 -2.9411 1.4126 0.78987 -3.8789 1.6477 1.9911 0.58142 0.0078428 0.53422 -0.74794 -0.90659 1.8799 -0.030079 -2.421 1.215 -0.58142 -0.007843 -0.53422 -1.8432 -1.0495 0.78379 -1.0714 -2.4045 -0.12129
2 94 228 -2.1104 3.813 2.1121 -1.5178 2.8309 1.5911 -0.82288 2.8124 2.2869 -0.79993 1.2542 2.7771 -1.9523 0.87874 3.7304 -2.2268 2.8707 0.9106 -2.8753 1.3791 0.75809 -3.8382 1.3555 1.9622 0.58493 0.0089302 0.53035 -0.69461 -1.0352 1.8291 -0.0020824 -2.5747 1.1956 -0.58493 -0.0089302 -0.53035 -1.7857 -1.1694 0.74464 -1.0547 -2.5573 -0.14426
2 95 216 -2.4735 3.8325 1.6333 -1.8047 2.8355 1.2507 -1.2655 2.8149 2.073 -1.2685 1.2355 2.4903 -2.4654 0.55297 3.1826 -2.3604 2.8779 0.44025 -2.8721 1.3625 0.10804 -4.045 1.0185 1.048 0.46592 0.010777 0.63742 -0.99329 -1.1516 1.6038 -0.21398 -2.7133 1.1514 -0.46592 -0.010777 -0.63742 -1.8316 -1.2809 0.33014 -0.96851 -2.6946 -0.38213
2 95 228 -2.0798 3.8325 2.1119 -1.5052 2.8355 1.5985 -0.80684 2.8149 2.2908 -0.72297 1.2355 2.6996 -1.7498 0.55297 3.6256 -2.2172 2.8779 0.92137 -2.7869 1.3625 0.70282 -3.7388 1.0185 1.8661 0.58827 0.010777 0.52662 -0.63814 -1.1516 1.7753 0.030083 -2.7133 1.1707 -0.58827 -0.010777 -0.52662 -1.7229 -1.2809 0.70373 -1.0268 -2.6946 -0.17241
2 96 216 -2.4192 3.8718 1.6267 -1.7711 2.8606 1.2456 -1.2261 2.8403 2.064 -1.1368 1.2454 2.4061 -2.1302 0.27222 3.0723 -2.3323 2.9029 0.43896 -2.7523 1.3709 0.057734 -3.8407 0.67448 0.89917 0.4704 0.010949 0.63411 -0.92457 -1.2563 1.5627 -0.16889 -2.8358 1.1326 -0.4704 -0.010949 -0.63411 -1.7647 -1.3769 0.30039 -0.93201 -2.8109 -0.40754
2 96 228 -2.0282 3.8718 2.0941 -1.4735 2.8606 1.5866 -0.77013 2.8403 2.2738 -0.61168 1.2454 2.5899 -1.4449 0.27222 3.448 -2.1901 2.9029 0.91428 -2.6801 1.3709 0.62871 -3.5698 0.67448 1.678 0.59196 0.010949 0.52246 -0.57945 -1.2563 1.7208 0.070274 -2.8358 1.1429 -0.59196 -0.010949 -0.52246 -1.6637 -1.3769 0.66072 -0.99637 -2.8109 -0.20486
2 97 216 -2.3486 3.9266 1.6028 -1.7263 2.8966 1.2287 -1.1747 2.8733 2.0427 -0.97452 1.2739 2.3088 -1.7036 0.06559 2.9302 -2.2934 2.9425 0.42644 -2.6154 1.3999 -0.0039491 -3.5522 0.37206 0.66204 0.47214 0.011292 0.63282 -0.85588 -1.35 1.5259 -0.11781 -2.9417 1.1107 -0.47214 -0.011292 -0.63282 -1.7009 -1.4595 0.2656 -0.88922 -2.9092 -0.43454
2 98 204 -2.5347 3.9942 1.0634 -1.8784 2.9438 0.83232 -1.4965 2.9189 1.7383 -1.2045 1.3314 1.9903 -1.7549 -0.032613 2.453 -2.2772 2.9919 -0.065444 -2.3777 1.4453 -0.58179 -3.1859 0.15779 -0.32339 0.33618 0.011407 0.71439 -1.08 -1.4308 1.2878 -0.29021 -3.0336 1.0463 -0.33618 -0.011407 -0.71439 -1.6524 -1.5383 -0.12233 -0.72522 -2.9982 -0.63213
2 98 216 -2.2582 3.9942 1.5672 -1.6643 2.9438 1.2047 -1.1023 2.9189 2.0115 -0.76436 1.3314 2.1973 -1.2065 -0.032613 2.7643 -2.2411 2.9919 0.40945 -2.4467 1.4453 -0.074736 -3.1835 0.15779 0.34607 0.47736 0.011407 0.62888 -0.78862 -1.4308 1.4842 -0.06634 -3.0336 1.0837 -0.47736 -0.011407 -0.62888 -1.6417 -1.5383 0.22389 -0.8408 -2.9982 -0.46753
2 99 204 -2.4279 4.0694 1.0271 -1.8064 2.9963 0.80684 -1.4142 2.9739 1.7085 -0.95065 1.4199 1.9058 -1.2196 -0.026196 2.3684 -2.2147 3.0423 -0.086763 -2.1639 1.5066 -0.64171 -2.7131 0.065957 -0.62076 0.33872 0.013191 0.71316 -1.0073 -1.5038 1.262 -0.22627 -3.112 1.0287 -0.33872 -0.013191 -0.71316 -1.5881 -1.6073 -0.15451 -0.67227 -3.078 -0.65383
