0 3 312 0.47286 4.8081 -0.36406 0.26625 3.5677 -0.2379 -0.069224 3.4727 -1.1576 -0.7098 2.4949 -2.2988 -0.75755 2.7822 -3.813 0.60515 3.6919 0.67702 1.5916 2.58 1.3548 3.1224 2.423 1.2568 -0.091041 -0.039397 -0.78336 0.96712 -1.8538 -0.73206 0.89683 -3.6307 -1.0298 0.091042 0.039397 0.78336 -0.1967 -2.0407 0.71343 -1.1944 -3.5261 0.49258
0 4 300 0.53004 4.8022 -0.36883 0.30849 3.5659 -0.21969 0.0015992 3.4677 -1.149 -0.75365 2.5219 -2.2461 -0.92078 2.8389 -3.7459 0.61937 3.6931 0.70471 1.6235 2.5689 1.3344 3.1412 2.412 1.1117 0.00078235 -0.042154 -0.78849 1.0681 -1.8364 -0.5524 1.0877 -3.6162 -0.84066 -0.0007823 0.042153 0.78849 -0.30873 -2.0309 0.63981 -1.2716 -3.5013 0.23798
0 13 228 0.85093 4.749 -0.078826 0.52369 3.5459 0.12764 0.38986 3.496 -0.84548 -0.74124 2.6315 -1.6468 -1.6352 2.7994 -2.8919 0.66422 3.6247 1.0979 1.7749 2.4846 0.73021 2.3809 2.634 -0.67979 0.48358 -0.046401 -0.62249 0.95505 -1.7182 0.55954 1.1941 -3.5007 0.68747 -0.48358 0.046401 0.62249 -0.55501 -1.9779 0.06443 -0.64268 -3.3466 -1.1059
0 14 228 0.87312 4.7451 -0.04643 0.54272 3.542 0.15576 0.3965 3.5022 -0.81604 -0.71113 2.6093 -1.6189 -1.5828 2.7391 -2.8842 0.69598 3.6107 1.1249 1.7543 2.472 0.62278 2.1517 2.6952 -0.85026 0.46865 -0.039922 -0.63425 0.96597 -1.7237 0.51983 1.2102 -3.5023 0.68667 -0.46865 0.039922 0.63425 -0.53268 -1.9819 0.066433 -0.63647 -3.3508 -1.1024
0 15 240 0.85603 4.7463 -0.17639 0.56744 3.541 0.073359 0.24009 3.5078 -0.85352 -0.97324 2.5945 -1.4555 -2.0262 2.7051 -2.5766 0.90138 3.603 0.9964 1.7965 2.4694 0.2331 1.7399 2.7527 -1.2816 0.33179 -0.032722 -0.71578 1.0521 -1.7313 0.28924 1.3297 -3.508 0.42148 -0.33179 0.032722 0.71578 -0.50042 -1.9935 0.18622 -0.85022 -3.3568 -0.94068
0 16 240 0.86136 4.7499 -0.12664 0.55705 3.5427 0.096018 0.27744 3.5134 -0.84649 -0.88274 2.584 -1.524 -1.8288 2.6857 -2.7374 0.84357 3.6008 1.0351 1.762 2.4746 0.28874 1.6624 2.786 -1.2182 0.35002 -0.032658 -0.70705 1.0552 -1.7371 0.29886 1.3296 -3.5147 0.42512 -0.35002 0.032658 0.70705 -0.51025 -1.9965 0.18632 -0.84862 -3.3644 -0.93854
0 17 240 0.85057 4.7532 -0.054189 0.53571 3.544 0.14333 0.32309 3.5096 -0.81634 -0.75858 2.574 -1.6059 -1.5563 2.676 -2.9215 0.75521 3.6073 1.1 1.7458 2.4895 0.43816 1.7084 2.7971 -1.0723 0.38512 -0.027241 -0.6888 1.0581 -1.7439 0.31849 1.3279 -3.5228 0.43482 -0.38512 0.027241 0.6888 -0.52581 -2.0116 0.20124 -0.8438 -3.3774 -0.93206
0 17 252 0.82071 4.7532 -0.22985 0.5538 3.544 0.028817 0.1463 3.5096 -0.86568 -1.0759 2.574 -1.4131 -2.1297 2.676 -2.5341 0.9674 3.6073 0.91893 1.7987 2.4895 0.065613 1.4481 2.7971 -1.4041 0.2335 -0.027241 -0.75381 1.1012 -1.7439 0.091547 1.3893 -3.5228 0.14922 -0.2335 0.027241 0.75381 -0.47248 -2.0116 0.30617 -1.0192 -3.3774 -0.73626
0 18 252 0.81142 4.7605 -0.13445 0.52828 3.5469 0.085805 0.21453 3.5081 -0.84555 -0.93483 2.5718 -1.5318 -1.8262 2.6852 -2.785 0.84823 3.6147 1.0134 1.8056 2.5071 0.28852 1.6264 2.7874 -1.2171 0.28877 -0.022707 -0.73457 1.1127 -1.7482 0.1361 1.3892 -3.5295 0.17259 -0.28877 0.022707 0.73457 -0.49519 -2.0282 0.32758 -1.0114 -3.3943 -0.72981
0 19 252 0.792 4.7674 -0.014344 0.49742 3.5486 0.15876 0.30171 3.5092 -0.80431 -0.73416 2.5621 -1.6402 -1.4277 2.6891 -3.0115 0.6995 3.617 1.1189 1.7841 2.5205 0.58036 1.8926 2.7515 -0.94033 0.35703 -0.01656 -0.7041 1.1214 -1.7526 0.19935 1.3852 -3.5361 0.22064 -0.35703 0.01656 0.7041 -0.52791 -2.0492 0.36098 -1.0072 -3.4127 -0.717
0 27 324 0.65816 4.8016 -0.034867 0.41713 3.5627 0.071688 0.26865 3.5296 -0.90002 -0.46319 2.6128 -2.0369 -0.53209 2.7888 -3.5673 0.57102 3.6249 1.0411 1.8501 2.6471 1.318 3.363 2.5342 1.0422 0.15233 -0.0029111 -0.77478 1.031 -1.9106 -0.71916 0.7474 -3.6518 -1.0915 -0.15233 0.0029106 0.77478 0.030929 -2.0747 1.0283 -0.90833 -3.6001 0.82416
0 28 336 0.63292 4.8054 -0.091437 0.40591 3.5647 0.024418 0.20937 3.5311 -0.93871 -0.47727 2.6078 -2.0983 -0.4537 2.7677 -3.6318 0.60759 3.6274 0.98501 1.8766 2.6667 1.3527 3.412 2.548 1.2744 0.073717 -0.0046096 -0.78616 0.90674 -1.9319 -0.86333 0.50806 -3.659 -1.1937 -0.073717 0.0046096 0.78616 0.1984 -2.0631 1.0405 -0.71288 -3.6188 1.0198
0 29 348 0.61276 4.8075 -0.14509 0.39683 3.5656 -0.020809 0.14639 3.5337 -0.9714 -0.48804 2.6006 -2.1527 -0.33697 2.7319 -3.6817 0.65216 3.6268 0.92704 1.9065 2.6955 1.4045 3.4419 2.5792 1.4864 -0.010794 -0.0054746 -0.78953 0.75404 -1.9529 -0.98194 0.25511 -3.6661 -1.2404 0.010794 0.0054746 0.78953 0.37822 -2.0499 1.0233 -0.47499 -3.631 1.1757
0 30 348 0.61165 4.8102 -0.054792 0.38044 3.5678 0.031363 0.27964 3.5378 -0.94654 -0.026872 2.5901 -2.2414 0.56217 2.6818 -3.6635 0.48648 3.627 1.0074 1.5677 2.7323 1.8435 3.02 2.6389 2.3533 0.065278 0.00050831 -0.78692 0.78715 -1.9675 -0.92874 0.25905 -3.6693 -1.2043 -0.065278 -0.00050831 0.78692 0.35012 -2.0408 1.0677 -0.46404 -3.6431 1.2116
0 31 0 0.58894 4.8131 -0.10166 0.36644 3.5695 -0.010335 0.20832 3.5394 -0.98062 -0.017437 2.5741 -2.2791 0.69351 2.6171 -3.6467 0.52959 3.6288 0.95777 1.5496 2.7738 1.905 2.9763 2.7276 2.4883 -0.028842 0.001811 -0.78909 0.61588 -1.9836 -1.0274 0.0083561 -3.6724 -1.2 0.028842 -0.001811 0.78909 0.52905 -2.0296 1.0174 -0.20258 -3.6512 1.3105
0 32 12 0.57987 4.8134 -0.14059 0.36244 3.5693 -0.044617 0.15441 3.5421 -1.0055 0.0094456 2.5543 -2.2986 0.83906 2.5464 -3.5983 0.57526 3.6258 0.91396 1.5351 2.817 1.9596 2.9302 2.8088 2.6161 -0.12147 0.0043416 -0.78021 0.43132 -1.9993 -1.0867 -0.23086 -3.6754 -1.1428 0.12147 -0.0043421 0.78021 0.6937 -2.0199 0.93625 0.079764 -3.6624 1.3561
0 33 24 0.55628 4.8154 -0.17504 0.34561 3.5703 -0.07684 0.092851 3.547 -1.0271 0.033141 2.5305 -2.3045 0.96771 2.48 -3.5299 0.60296 3.623 0.87098 1.4948 2.8551 2.004 2.8523 2.8826 2.7348 -0.2132 0.0069962 -0.76026 0.23913 -2.0149 -1.1092 -0.45619 -3.677 -1.0399 0.2132 -0.0069962 0.76026 0.83664 -2.0121 0.83341 0.35202 -3.6724 1.3427
0 34 24 0.57334 4.8159 -0.086795 0.35475 3.5697 -0.029057 0.26175 3.5477 -1.0079 0.54895 2.5003 -2.2283 1.789 2.4206 -3.1412 0.4525 3.6211 0.94827 1.0011 2.8827 2.2983 2.1061 2.9387 3.3724 -0.13733 0.01196 -0.77749 0.27574 -2.0286 -1.0602 -0.4504 -3.6782 -1.0118 0.13733 -0.01196 0.77749 0.80466 -2.0012 0.88611 0.34192 -3.6724 1.3799
0 35 36 0.56519 4.8164 -0.11617 0.35044 3.5696 -0.056756 0.22008 3.5469 -1.0314 0.583 2.4794 -2.2135 1.8889 2.3722 -3.0264 0.48543 3.6217 0.91609 0.93995 2.9005 2.3096 1.9564 2.9826 3.4662 -0.2252 0.017102 -0.75663 0.086968 -2.0386 -1.0585 -0.64728 -3.6749 -0.87334 0.2252 -0.017103 0.75663 0.95071 -1.9889 0.75405 0.61917 -3.6729 1.3063
0 36 48 0.55638 4.8163 -0.13868 0.345 3.5691 -0.076842 0.17822 3.5452 -1.0458 0.60552 2.4531 -2.1832 1.9657 2.3316 -2.8993 0.51629 3.6225 0.8902 0.87006 2.9059 2.315 1.8072 3.0162 3.5346 -0.31134 0.024031 -0.72525 -0.097162 -2.0449 -1.0221 -0.81047 -3.6691 -0.69962 0.31134 -0.024031 0.72525 1.0789 -1.9747 0.58298 0.88977 -3.673 1.1582
0 37 60 0.53491 4.8175 -0.15601 0.32156 3.5708 -0.097942 0.11957 3.548 -1.0603 0.59996 2.4328 -2.1531 2.0097 2.3028 -2.7641 0.52788 3.623 0.8623 0.78723 2.8956 2.3018 1.6331 3.0296 3.5841 -0.38732 0.026108 -0.68761 -0.26018 -2.0531 -0.96156 -0.93993 -3.6589 -0.50314 0.38732 -0.026107 0.68761 1.1635 -1.9566 0.39604 1.1108 -3.669 0.95803
0 38 72 0.51481 4.8187 -0.14601 0.29724 3.5727 -0.099294 0.064877 3.5538 -1.0548 0.58759 2.4149 -2.1029 2.0457 2.284 -2.5872 0.53373 3.6212 0.85417 0.70325 2.8648 2.2922 1.464 3.0196 3.6245 -0.45383 0.031559 -0.6454 -0.40836 -2.0581 -0.85924 -1.0337 -3.6441 -0.27233 0.45383 -0.031559 0.6454 1.2146 -1.9382 0.19773 1.2834 -3.6637 0.71599
0 39 84 0.52178 4.8166 -0.12149 0.29587 3.5725 -0.090525 0.033736 3.5589 -1.0384 0.5897 2.3956 -2.0416 2.0837 2.2715 -2.4023 0.56198 3.6156 0.85536 0.65082 2.8218 2.2803 1.3279 2.98 3.6566 -0.51578 0.04159 -0.59644 -0.5304 -2.0558 -0.71944 -1.0708 -3.628 -0.021602 0.51578 -0.041591 0.59644 1.2347 -1.919 -0.014098 1.4071 -3.6552 0.4407
0 40 84 0.54283 4.8123 -0.014638 0.3027 3.5722 -0.047238 0.20743 3.5646 -1.0261 0.97681 2.3792 -1.8456 2.5118 2.2662 -1.7519 0.40215 3.6093 0.93057 0.12176 2.7794 2.3095 0.43577 2.9162 3.8129 -0.45413 0.043852 -0.64447 -0.49403 -2.0562 -0.69532 -1.0807 -3.6132 -0.00082605 0.45413 -0.043852 0.64447 1.2296 -1.8982 0.032515 1.4003 -3.6455 0.44304
0 40 96 0.52792 4.8123 -0.12718 0.28626 3.5722 -0.10914 -0.010451 3.5646 -1.0468 0.57173 2.3792 -2.0084 2.0926 2.2662 -2.2358 0.58684 3.6093 0.82662 0.59927 2.7794 2.2337 1.219 2.9162 3.639 -0.5782 0.043852 -0.53597 -0.6278 -2.0562 -0.57742 -1.0573 -3.6132 0.22389 0.5782 -0.043852 0.53597 1.2095 -1.8982 -0.22385 1.4618 -3.6455 0.14223
0 41 96 0.55573 4.8062 -0.030938 0.29749 3.5715 -0.070306 0.14738 3.5718 -1.0423 0.93513 2.3622 -1.8072 2.459 2.2593 -1.5951 0.45159 3.6007 0.90065 0.099308 2.7397 2.2435 0.36399 2.8322 3.7598 -0.52835 0.047052 -0.58492 -0.59086 -2.053 -0.57323 -1.0644 -3.6009 0.22097 0.52835 -0.047052 0.58492 1.2145 -1.878 -0.18406 1.4586 -3.6349 0.13916
0 42 108 0.55887 4.7997 -0.067642 0.28067 3.5715 -0.10901 0.065368 3.5777 -1.0687 0.86557 2.3505 -1.7914 2.3685 2.2646 -1.4573 0.49983 3.5948 0.84952 0.091346 2.7006 2.1542 0.30946 2.7265 3.6805 -0.60268 0.045931 -0.5081 -0.67068 -2.0532 -0.45007 -1.0045 -3.5887 0.43398 0.60268 -0.045931 0.5081 1.1572 -1.8576 -0.40004 1.4471 -3.6225 -0.17214
0 43 120 0.56107 4.7911 -0.10194 0.25488 3.5721 -0.13877 -0.041679 3.5874 -1.0764 0.77278 2.347 -1.7597 2.2508 2.2763 -1.3261 0.5552 3.5863 0.7977 0.10849 2.6691 2.0736 0.28734 2.5983 3.6035 -0.67176 0.046121 -0.41245 -0.73965 -2.0509 -0.30272 -0.9019 -3.5737 0.64908 0.67176 -0.046121 0.41245 1.0548 -1.8424 -0.60774 1.3695 -3.6119 -0.46348
0 55 108 0.54837 4.7869 -0.1191 0.25105 3.5671 -0.21637 -0.025783 3.6138 -1.159 1.0465 2.4021 -1.3848 1.8476 2.5378 -0.074264 0.53245 3.5498 0.72591 0.21894 2.4275 1.8708 0.48352 1.8668 3.2826 -0.64309 0.021782 -0.45767 -0.7906 -2.074 -0.46787 -1.1346 -3.5935 0.43976 0.64309 -0.021782 0.45767 1.1447 -1.8586 -0.43051 1.3533 -3.6296 -0.16421
0 56 96 0.53207 4.793 -0.072817 0.25705 3.569 -0.18856 0.068748 3.6092 -1.1531 1.168 2.4135 -1.3282 1.9776 2.5576 -0.023723 0.44985 3.5581 0.77585 0.084123 2.4616 1.9302 0.3008 1.9558 3.3707 -0.58354 0.017432 -0.53167 -0.72727 -2.0766 -0.62421 -1.209 -3.611 0.191 0.58354 -0.017432 0.53167 1.2002 -1.8749 -0.23247 1.3427 -3.6367 0.12333
0 57 96 0.51247 4.7976 -0.12931 0.23794 3.5698 -0.20568 -0.067813 3.6067 -1.1398 1.001 2.4181 -1.4766 2.0648 2.5844 -0.37281 0.54802 3.5623 0.72768 0.37434 2.495 1.9522 0.86322 2.0432 3.3431 -0.62437 0.018648 -0.48303 -0.77078 -2.0727 -0.62118 -1.2151 -3.6217 0.1876 0.62437 -0.018648 0.48303 1.1911 -1.8932 -0.27789 1.3324 -3.6463 0.11946
0 58 84 0.518 4.7997 -0.097656 0.25904 3.5697 -0.18385 0.043257 3.5876 -1.1433 1.1249 2.3944 -1.4167 2.1766 2.5919 -0.3065 0.47897 3.5812 0.77472 0.23968 2.5357 2.007 0.7029 2.1331 3.4215 -0.55436 0.01784 -0.56201 -0.65901 -2.0691 -0.78123 -1.2288 -3.635 -0.09263 0.55436 -0.017841 0.56202 1.2166 -1.9091 -0.069563 1.2688 -3.6542 0.38062
0 59 72 0.52187 4.8023 -0.044194 0.28112 3.5698 -0.14825 0.1629 3.5797 -1.1246 1.2466 2.3743 -1.3276 2.2769 2.6023 -0.20331 0.40357 3.5894 0.82745 0.099178 2.5604 2.0592 0.53727 2.2051 3.4943 -0.47108 0.0188 -0.63343 -0.52242 -2.0644 -0.90132 -1.1897 -3.6477 -0.35462 0.47108 -0.0188 0.63343 1.2016 -1.9262 0.14091 1.1446 -3.6618 0.62603
0 59 84 0.50128 4.8023 -0.15173 0.24415 3.5698 -0.20346 -0.074478 3.5797 -1.1339 0.94333 2.3743 -1.5578 2.1849 2.6023 -0.67227 0.56679 3.5894 0.72546 0.52514 2.5604 1.9936 1.252 2.2051 3.3062 -0.59248 0.0188 -0.52165 -0.6984 -2.0644 -0.77301 -1.2375 -3.6477 -0.099511 0.59248 -0.0188 0.52164 1.2047 -1.9262 -0.112 1.2498 -3.6618 0.37437
0 60 72 0.50866 4.8055 -0.1016 0.26762 3.5701 -0.17188 0.049992 3.5763 -1.131 1.0706 2.3517 -1.4879 2.2881 2.6001 -0.57478 0.48924 3.5934 0.78609 0.37634 2.5778 2.0606 1.0741 2.2649 3.3997 -0.51282 0.018466 -0.60014 -0.55429 -2.061 -0.89713 -1.1968 -3.6599 -0.36613 0.51282 -0.018466 0.60014 1.1898 -1.9429 0.097437 1.129 -3.6679 0.61829
0 61 60 0.51628 4.8071 -0.0547 0.28604 3.5705 -0.1401 0.17079 3.5694 -1.1169 1.188 2.3256 -1.4121 2.3814 2.5742 -0.46786 0.40543 3.6011 0.83569 0.21459 2.5919 2.1061 0.8722 2.3066 3.4713 -0.42324 0.017275 -0.66639 -0.38834 -2.0578 -0.99395 -1.105 -3.6685 -0.6162 0.42323 -0.017275 0.66639 1.1348 -1.9589 0.29513 0.95933 -3.6738 0.82359
0 61 72 0.49362 4.8071 -0.16084 0.25066 3.5705 -0.19651 -0.065156 3.5694 -1.128 0.8684 2.3256 -1.6282 2.2321 2.5742 -0.95275 0.57032 3.6011 0.73314 0.64778 2.5919 2.0155 1.5749 2.3066 3.2141 -0.55254 0.017275 -0.56383 -0.58651 -2.0578 -0.89149 -1.209 -3.6685 -0.37298 0.55254 -0.017275 0.56383 1.1714 -1.9589 0.052737 1.1096 -3.6738 0.60614
0 62 60 0.51661 4.8076 -0.12376 0.28193 3.5694 -0.17041 0.068163 3.5583 -1.1304 1.0081 2.2965 -1.5699 2.3553 2.5369 -0.85931 0.49974 3.61 0.78785 0.48851 2.6047 2.0755 1.3866 2.3319 3.2989 -0.46591 0.017196 -0.63729 -0.42085 -2.0528 -0.99393 -1.1144 -3.6767 -0.62951 0.46591 -0.017196 0.63728 1.1235 -1.9737 0.24513 0.93793 -3.6778 0.80441
0 63 48 0.52887 4.8097 -0.078778 0.30371 3.5692 -0.1347 0.19578 3.5539 -1.1122 1.1369 2.2722 -1.4867 2.4706 2.4938 -0.74537 0.41584 3.6139 0.84141 0.31671 2.5992 2.1179 1.1502 2.3267 3.3862 -0.36931 0.016473 -0.69774 -0.24284 -2.0485 -1.0643 -0.97052 -3.6857 -0.86247 0.36931 -0.016473 0.69774 1.0483 -1.9855 0.42207 0.73586 -3.678 0.95939
0 63 60 0.50093 4.8097 -0.18701 0.26907 3.5692 -0.1949 -0.039736 3.5539 -1.1286 0.80292 2.2722 -1.6906 2.2617 2.4938 -1.2428 0.58169 3.6139 0.73656 0.75012 2.5992 2.0057 1.8291 2.3267 3.073 -0.50631 0.016473 -0.6057 -0.45881 -2.0485 -0.99051 -1.1286 -3.6857 -0.64184 0.50631 -0.016473 0.6057 1.1132 -1.9855 0.19489 0.91924 -3.678 0.78543
0 64 48 0.51123 4.8117 -0.13084 0.29347 3.5691 -0.1593 0.084215 3.5459 -1.12 0.93536 2.2432 -1.6171 2.3883 2.4428 -1.141 0.50674 3.6216 0.7994 0.57671 2.5921 2.0658 1.5969 2.308 3.1866 -0.41628 0.01641 -0.67078 -0.28809 -2.0428 -1.0677 -0.98669 -3.6943 -0.87975 0.41628 -0.01641 0.67078 1.0517 -1.9975 0.37803 0.71966 -3.6782 0.94021
0 65 48 0.49138 4.8136 -0.18542 0.27889 3.5692 -0.18505 -0.022565 3.5425 -1.1209 0.72642 2.2178 -1.7148 2.2452 2.3986 -1.5195 0.58415 3.6253 0.74824 0.81151 2.5759 1.9794 1.9968 2.2751 2.9187 -0.46032 0.01463 -0.6414 -0.33531 -2.0385 -1.0693 -1.0102 -3.7018 -0.89933 0.46032 -0.014631 0.6414 1.0464 -2.0093 0.33812 0.69909 -3.6802 0.91988
0 66 36 0.50407 4.8156 -0.13028 0.30158 3.5691 -0.1486 0.11537 3.5409 -1.1139 0.88183 2.1925 -1.627 2.3997 2.3543 -1.4092 0.4919 3.6268 0.81463 0.61226 2.5502 2.0374 1.7434 2.2269 3.0342 -0.3582 0.012561 -0.70358 -0.1491 -2.035 -1.1256 -0.82065 -3.7083 -1.1172 0.3582 -0.012561 0.70358 0.95428 -2.0182 0.51236 0.47613 -3.6809 1.0197
0 67 36 0.47748 4.8187 -0.18483 0.28586 3.5697 -0.17296 0.020871 3.5373 -1.1196 0.68883 2.1604 -1.6912 2.222 2.3034 -1.772 0.55461 3.6316 0.77113 0.82139 2.52 1.9381 2.0899 2.1697 2.7418 -0.38969 0.0079436 -0.68671 -0.17917 -2.0338 -1.1355 -0.84127 -3.7108 -1.1487 0.38969 -0.0079432 0.68671 0.94461 -2.0234 0.47651 0.45691 -3.6816 0.98984
0 68 36 0.45303 4.8207 -0.23233 0.27283 3.5704 -0.18886 -0.067972 3.5282 -1.1105 0.5064 2.1221 -1.7119 1.998 2.2449 -2.083 0.61713 3.642 0.72967 1.0156 2.4881 1.8153 2.3876 2.1057 2.4061 -0.41571 0.0053759 -0.67131 -0.20452 -2.0306 -1.1449 -0.85871 -3.7105 -1.1774 0.41571 -0.0053763 0.67131 0.93423 -2.028 0.43837 0.44003 -3.6816 0.96037
0 69 24 0.48715 4.8218 -0.15753 0.31496 3.5698 -0.12133 0.1043 3.5182 -1.0807 0.7044 2.0842 -1.5829 2.2094 2.1819 -1.9039 0.52957 3.6508 0.83509 0.83688 2.4473 1.8962 2.1607 2.0232 2.5636 -0.29013 0.011395 -0.7343 0.018585 -2.0194 -1.1757 -0.60442 -3.7025 -1.3487 0.29013 -0.011395 0.7343 0.83185 -2.036 0.58601 0.22268 -3.6809 1.003
0 70 24 0.48986 4.8208 -0.19033 0.33498 3.5676 -0.12642 0.058119 3.5023 -1.0679 0.57296 2.0383 -1.5783 2.0106 2.0987 -2.1325 0.61539 3.6623 0.81154 1.0548 2.4037 1.7558 2.4388 1.926 2.2395 -0.30764 0.013771 -0.72709 0.029047 -2.0064 -1.1959 -0.60062 -3.6883 -1.3568 0.30764 -0.013771 0.72709 0.84598 -2.0375 0.55713 0.2226 -3.6771 0.97444
0 71 24 0.49658 4.8198 -0.20065 0.35274 3.5661 -0.11841 0.020797 3.4975 -1.0417 0.45639 2.0019 -1.5338 1.8062 2.0085 -2.2793 0.68803 3.6641 0.80102 1.2348 2.3555 1.6118 2.6487 1.8133 1.9027 -0.32517 0.021043 -0.71925 0.05097 -1.9861 -1.2133 -0.57042 -3.6744 -1.3332 0.32517 -0.021043 0.71925 0.85843 -2.0442 0.52774 0.21909 -3.6761 0.95112
0 72 12 0.52493 4.82 -0.091955 0.37128 3.5661 -0.023013 0.18199 3.4991 -0.98584 0.63828 1.9762 -1.3617 2.0565 1.9138 -1.9638 0.56457 3.6626 0.93652 1.0298 2.3042 1.7158 2.3934 1.7016 2.1094 -0.1913 0.030828 -0.76548 0.31479 -1.967 -1.174 -0.25634 -3.6687 -1.3437 0.1913 -0.030828 0.76548 0.74526 -2.0549 0.66253 0.010804 -3.675 0.95715
0 72 24 0.49435 4.82 -0.19909 0.35838 3.5661 -0.099703 -0.026954 3.4991 -1.0021 0.34122 1.9762 -1.4647 1.6032 1.9138 -2.3484 0.74694 3.6626 0.79868 1.364 2.3042 1.4642 2.7797 1.7016 1.5657 -0.34627 0.030828 -0.70898 0.063828 -1.967 -1.2137 -0.53011 -3.6687 -1.2611 0.34627 -0.030828 0.70898 0.86673 -2.0549 0.49311 0.20957 -3.675 0.93399
0 73 12 0.50074 4.8226 -0.085977 0.35796 3.568 -0.0067113 0.11456 3.5021 -0.95738 0.49931 1.9548 -1.3132 1.863 1.8166 -2.0195 0.60517 3.6633 0.94048 1.1387 2.2552 1.5742 2.5135 1.5921 1.793 -0.21759 0.03797 -0.7581 0.30881 -1.9581 -1.1492 -0.2523 -3.6688 -1.2468 0.21759 -0.03797 0.7581 0.74491 -2.0679 0.6326 -0.0046408 -3.6773 0.94675
0 74 12 0.49908 4.8229 -0.097661 0.36517 3.5679 -0.013011 0.074013 3.5037 -0.95027 0.39087 1.9367 -1.2865 1.711 1.7059 -2.0492 0.66008 3.6615 0.9206 1.2296 2.2098 1.4075 2.5918 1.4898 1.4673 -0.23804 0.037512 -0.75195 0.31014 -1.9597 -1.1056 -0.24516 -3.6743 -1.158 0.23804 -0.037512 0.75195 0.74252 -2.0728 0.61936 -0.0070278 -3.68 0.94471
0 75 12 0.47886 4.8252 -0.11348 0.354 3.5694 -0.027974 0.024951 3.5088 -0.95286 0.27829 1.9246 -1.2608 1.5609 1.5753 -2.0423 0.68662 3.6593 0.89324 1.258 2.1702 1.2464 2.5879 1.3938 1.1679 -0.25903 0.033689 -0.74516 0.29133 -1.9688 -1.0634 -0.25806 -3.686 -1.086 0.25903 -0.033688 0.74516 0.72871 -2.0774 0.61567 -0.020801 -3.6825 0.95183
0 92 0 0.39617 4.7848 0.20774 0.21981 3.5555 0.10015 0.166 3.5848 -0.88149 -0.53077 3.3443 -2.3394 -1.1735 4.5739 -3.0121 0.27214 3.556 1.0823 0.036849 3.3356 2.6838 -0.044367 4.6191 3.5346 -0.028173 0.01861 -0.7889 0.37529 -2.0433 -0.77667 -0.23052 -3.7414 -0.75659 0.028172 -0.01861 0.7889 0.37862 -2.0836 0.95383 -0.35676 -3.7082 1.2199
0 93 168 -0.29157 4.7941 -0.27651 -0.14734 3.565 -0.12272 -0.31552 3.6044 0.84554 -0.13849 3.7232 2.4652 0.12905 5.1654 2.941 0.022426 3.5553 -1.0915 0.39556 3.6664 -2.678 0.37838 5.0988 -3.2485 -0.13585 0.015961 0.77768 -0.53465 -2.0447 0.68263 0.054153 -3.7453 0.79216 0.13585 -0.015962 -0.77768 -0.17449 -2.0812 -1.0074 0.58706 -3.7119 -1.1156
0 106 24 0.30081 4.8273 -0.26401 0.27312 3.5681 -0.22986 -0.083142 3.4909 -1.1434 0.79961 2.204 -1.6263 2.3265 2.0464 -1.7726 0.63171 3.6748 0.67975 1.7811 2.515 0.63085 2.89 2.151 -0.37689 -0.30116 -0.012396 -0.72983 0.15843 -2.0527 -0.9301 -0.42945 -3.7495 -0.76761 0.30116 0.012396 0.72983 0.76286 -2.0367 0.67989 0.27765 -3.7266 1.0793
0 107 12 0.33914 4.8283 -0.19948 0.30316 3.5692 -0.17085 0.14383 3.4932 -1.1384 0.92255 2.0794 -1.3903 2.4127 1.6964 -1.2873 0.46564 3.6747 0.79343 1.4279 2.3771 1.0365 2.7269 1.8546 0.39043 -0.14018 -0.013959 -0.77695 0.33893 -2.0574 -0.87137 -0.28377 -3.7492 -0.83909 0.14018 0.013959 0.77695 0.58641 -2.0385 0.8272 0.022039 -3.7272 1.1111
0 107 24 0.29025 4.8283 -0.26563 0.26101 3.5692 -0.23015 -0.096005 3.4932 -1.1435 0.61332 2.0794 -1.5518 2.0923 1.6964 -1.7608 0.62043 3.6747 0.67928 1.6122 2.3771 0.71692 2.7485 1.8546 -0.18505 -0.29866 -0.013959 -0.73083 0.15036 -2.0574 -0.92279 -0.45202 -3.7492 -0.76175 0.29866 0.013959 0.73083 0.74558 -2.0385 0.6872 0.25256 -3.7272 1.0822
1 7 192 1.2912 4.6386 -0.36325 1.0258 3.4036 -0.33358 0.80068 3.3878 -1.2909 -0.034337 2.47 -2.3536 -0.3759 2.485 -3.8572 1.2551 3.4489 0.62179 1.0566 2.5505 1.9717 1.6526 2.6083 3.3927 -0.22275 -0.015726 -0.75739 0.64132 -1.908 -1.0526 -0.083998 -3.5561 -0.96118 0.22275 0.015726 0.75739 1.131 -1.8787 0.7814 0.26438 -3.4456 0.99295
1 8 192 1.146 4.672 -0.35173 0.91593 3.4308 -0.32633 0.6932 3.4113 -1.2841 -0.17588 2.6735 -2.4542 -0.56697 2.935 -3.9226 1.1416 3.48 0.62971 0.93215 2.7236 2.0625 1.4739 2.9853 3.4822 -0.22764 -0.018736 -0.75586 0.43325 -1.9796 -1.1197 -0.12179 -3.6938 -1.1869 0.22764 0.018736 0.75586 0.99501 -1.9325 0.89114 0.30219 -3.5689 1.196
1 9 192 1.0673 4.6876 -0.33002 0.85411 3.444 -0.30551 0.62253 3.4251 -1.2612 -0.27973 2.903 -2.519 -0.71629 3.3834 -3.9177 1.088 3.4925 0.64859 0.85017 2.9011 2.1527 1.3389 3.3318 3.5504 -0.22984 -0.015308 -0.75527 0.33269 -2.0005 -1.1514 -0.20026 -3.7057 -1.3946 0.22984 0.015309 0.75527 0.90064 -1.9609 0.99813 0.25573 -3.5913 1.4186
1 32 192 1.2363 4.6708 -0.13092 1.012 3.4259 -0.16293 0.7535 3.4613 -1.1112 0.1069 2.459 -2.2275 0.084101 2.2151 -3.7499 1.276 3.4198 0.78453 1.1693 2.2658 1.9358 2.0413 1.7836 3.1126 -0.24904 0.034796 -0.74851 0.24998 -1.9584 -1.187 -0.42024 -3.6289 -1.2934 0.24904 -0.034796 0.74851 0.84941 -2.0421 0.90485 0.14662 -3.5649 1.5669
1 33 192 1.3739 4.633 -0.15359 1.1156 3.3957 -0.1878 0.86608 3.4379 -1.1382 0.22033 2.2415 -2.044 0.26739 1.6371 -3.4618 1.372 3.3824 0.76164 1.1786 2.0927 1.7456 1.9917 1.2928 2.7832 -0.25369 0.039126 -0.74673 0.36378 -1.9433 -1.0677 -0.2806 -3.6239 -0.96094 0.25369 -0.039126 0.74673 0.98191 -2.0099 0.73625 0.11742 -3.5296 1.1767
1 34 192 1.4789 4.6012 -0.18787 1.1835 3.3731 -0.23051 0.95322 3.4174 -1.1857 0.32018 2.0687 -1.8558 0.41114 1.1538 -3.0937 1.4217 3.3574 0.72362 1.159 1.9589 1.5261 1.8762 0.909 2.3984 -0.25415 0.033298 -0.74686 0.43987 -1.9403 -0.94042 -0.2188 -3.6002 -0.69197 0.25415 -0.033298 0.74686 1.0329 -1.977 0.57384 0.07097 -3.4762 0.85283
1 43 192 1.1914 4.6858 -0.26214 0.94274 3.4454 -0.25381 0.70514 3.4469 -1.2082 0.1699 2.0194 -1.7954 0.22773 1.1728 -3.0828 1.1863 3.4731 0.69871 1.1464 2.0378 1.4779 2.1454 1.3121 2.4015 -0.21961 -0.0020561 -0.75846 0.48629 -1.9713 -0.95373 -0.2351 -3.6086 -0.73086 0.21961 0.0020561 0.75846 1.007 -1.9452 0.70823 0.1358 -3.5193 0.82725
1 44 192 1.0887 4.7064 -0.25912 0.86315 3.4614 -0.25367 0.61592 3.4653 -1.2056 0.07933 2.153 -2.0172 0.061176 1.5969 -3.4553 1.115 3.4869 0.69674 1.1825 2.1635 1.6521 2.1999 1.7244 2.7244 -0.22307 -0.0079145 -0.75741 0.38296 -2.0015 -1.027 -0.27488 -3.6775 -0.93224 0.22307 0.0079145 0.75741 0.91219 -1.9752 0.84 0.11999 -3.5813 1.0489
2 105 12 1.8136 4.4883 -0.29184 1.3764 3.3055 -0.25742 1.1591 3.2936 -1.2166 0.09387 2.0766 -1.4471 -0.39206 0.75382 -2.073 1.6055 3.3446 0.69828 0.79581 2.0431 1.2634 0.5787 0.55857 1.6192 -0.17471 0.016369 -0.76987 0.71626 -1.877 -0.95872 0.013078 -3.5369 -0.92535 0.17471 -0.016369 0.76987 0.98931 -1.9474 0.62176 0.13479 -3.5176 0.85656
2 106 12 1.6819 4.5401 -0.26504 1.2849 3.3423 -0.23778 1.0622 3.3338 -1.1957 -0.003245 2.1186 -1.4344 -0.48137 0.81308 -2.1012 1.5182 3.3785 0.71701 0.73584 2.0535 1.2658 0.54523 0.56314 1.6122 -0.17626 0.014305 -0.76956 0.63931 -1.9131 -0.95435 -0.043934 -3.5815 -0.92775 0.17626 -0.014305 0.76956 0.89742 -1.9831 0.63492 0.075929 -3.5712 0.86744
2 107 12 1.5689 4.5811 -0.23473 1.2052 3.3721 -0.21585 0.97691 3.3687 -1.1725 -0.062049 2.1341 -1.4272 -0.49642 0.83203 -2.1299 1.4433 3.4035 0.73795 0.72537 2.0354 1.2685 0.5957 0.5354 1.6016 -0.17912 0.015688 -0.76887 0.57611 -1.937 -0.94518 -0.090548 -3.6122 -0.93599 0.17912 -0.015688 0.76887 0.81762 -2.0137 0.64789 0.02429 -3.6159 0.88117
2 108 12 1.4752 4.6124 -0.20486 1.134 3.3969 -0.19538 0.89964 3.3977 -1.1506 -0.089673 2.1266 -1.4229 -0.44294 0.82061 -2.1627 1.3776 3.4243 0.75714 0.7526 2.0047 1.2698 0.73335 0.49498 1.5832 -0.18012 0.017576 -0.7686 0.52896 -1.9536 -0.93022 -0.11462 -3.6375 -0.96208 0.18012 -0.017576 0.7686 0.75502 -2.035 0.65194 -0.02072 -3.6443 0.89596
3 2 108 0.51627 4.7782 -0.34775 0.21961 3.5745 -0.13826 0.3436 3.6217 0.8363 -0.75677 2.8786 1.788 -2.2247 3.3471 1.7292 0.10043 3.5566 -1.1144 1.1898 2.5608 -1.8147 1.4273 1.3649 -2.7586 0.2475 0.027162 0.74934 0.30751 -2.0451 0.40791 0.60378 -3.7889 0.058149 -0.2475 -0.027162 -0.74934 -1.9973 -0.98425 -0.088652 -0.55335 -1.9191 -0.62892
3 3 108 0.4976 4.7815 -0.3484 0.20939 3.5751 -0.14035 0.33619 3.6213 0.83389 -0.80942 2.8859 1.7369 -2.2471 3.4421 1.698 0.087318 3.5583 -1.1161 1.1782 2.5687 -1.8228 1.4122 1.3813 -2.7782 0.24704 0.029807 0.74939 0.40402 -2.0322 0.37843 0.75587 -3.7606 0.0041907 -0.24704 -0.029807 -0.74939 -2.0212 -0.87286 -0.0038306 -0.78192 -2.0945 -0.47574
3 4 108 0.47005 4.7843 -0.35812 0.18672 3.5756 -0.15317 0.3248 3.6215 0.81955 -0.81004 2.7983 1.6581 -2.2327 3.3926 1.6387 0.05333 3.559 -1.1275 1.086 2.5063 -1.8305 1.2406 1.282 -2.7551 0.25073 0.037313 0.74782 0.50979 -2.0091 0.3486 0.9084 -3.7225 -0.046612 -0.25074 -0.037313 -0.74782 -2.0158 -0.88666 0.012004 -1.0143 -2.3489 -0.31901
3 5 96 0.48208 4.7907 -0.25993 0.17469 3.5776 -0.11653 0.1273 3.6237 0.86479 -1.0833 2.6592 1.3872 -2.4924 3.202 1.075 0.2271 3.5608 -1.0985 1.2649 2.3975 -1.5867 1.4509 1.1049 -2.4066 0.097029 0.041369 0.78254 0.5302 -1.9863 0.44283 1.0516 -3.6841 0.13243 -0.097029 -0.041369 -0.78254 -1.9102 -1.0361 -0.41233 -1.1428 -2.6676 -0.42236
3 50 96 0.1259 4.8254 0.052717 0.24952 3.5728 -0.03273 0.22786 3.5686 -1.016 -0.65297 2.2555 -1.4269 -0.67474 0.75606 -1.7857 0.26986 3.6067 0.95002 0.91758 2.1822 1.419 2.3553 2.7296 1.314 0.11413 -0.017625 -0.78113 1.8606 -1.1829 -0.70163 0.060991 -1.1329 -0.60241 -0.11413 0.017625 0.78113 -0.60722 -2.0023 0.47971 -1.0355 -3.7304 0.19447
3 51 96 0.088132 4.8275 0.053648 0.21803 3.5754 -0.032801 0.18233 3.574 -1.0157 -0.75717 2.3129 -1.4584 -0.85002 0.82369 -1.8471 0.25233 3.6066 0.94965 1.1244 2.3293 1.4758 2.4573 3.0902 1.3275 0.11078 -0.020697 -0.78154 1.9437 -1.0089 -0.50209 0.16653 -1.3128 -0.51119 -0.11078 0.020697 0.78154 -0.65653 -1.984 0.46911 -1.1289 -3.6989 0.1743
3 52 96 0.085831 4.8268 0.052598 0.21776 3.5754 -0.039539 0.17437 3.5783 -1.0221 -0.8057 2.3563 -1.4856 -0.94597 0.87472 -1.8892 0.25975 3.6023 0.94274 1.2498 2.4246 1.4919 2.5265 3.2753 1.3366 0.11413 -0.025131 -0.78092 1.9529 -0.96682 -0.39814 0.32365 -1.7389 -0.41867 -0.11413 0.025131 0.78092 -0.70454 -1.9661 0.46374 -1.214 -3.6696 0.1647
3 53 96 0.090017 4.8258 0.047457 0.21937 3.575 -0.053408 0.17828 3.5832 -1.0361 -0.82417 2.384 -1.5111 -0.99282 0.90424 -1.9106 0.25914 3.5966 0.9291 1.3037 2.4616 1.4669 2.5552 3.3503 1.3196 0.10756 -0.030184 -0.78168 1.8753 -1.085 -0.36136 0.51095 -2.2629 -0.31816 -0.10756 0.030185 0.78168 -0.7471 -1.9457 0.4637 -1.299 -3.6358 0.16408
3 54 96 0.11894 4.8247 0.031051 0.25279 3.5745 -0.07084 0.22053 3.5847 -1.0538 -0.79218 2.3963 -1.5342 -0.97843 0.91274 -1.9113 0.28372 3.5942 0.91202 1.3302 2.4549 1.4371 2.5917 3.331 1.3006 0.098375 -0.036708 -0.78261 1.7375 -1.2839 -0.36809 0.71248 -2.7594 -0.21556 -0.098375 0.036708 0.78261 -0.79105 -1.9212 0.46444 -1.3899 -3.5953 0.16489
3 55 96 0.1273 4.8231 0.0081326 0.27087 3.5745 -0.09821 0.24387 3.5855 -1.0813 -0.75768 2.385 -1.5551 -0.95963 0.89794 -1.9094 0.29623 3.5933 0.88483 1.296 2.4119 1.4077 2.6058 3.2129 1.2637 0.094097 -0.044847 -0.78271 1.5438 -1.511 -0.3791 0.87325 -3.1689 -0.1494 -0.094097 0.044847 0.78271 -0.85351 -1.8889 0.46941 -1.5079 -3.5428 0.1737
4 1 12 1.0114 4.6913 -0.58169 0.76536 3.4778 -0.31482 0.50058 3.3276 -1.2501 0.22605 1.7307 -1.4577 1.5148 1.012 -1.9052 1.036 3.6565 0.61374 0.62213 2.2471 1.3287 1.3646 0.92765 1.6209 -0.24882 0.024606 -0.74899 0.32624 -1.996 -0.71856 -0.24533 -3.6748 -0.39326 0.24882 -0.024606 0.74899 0.98614 -1.969 0.449 -0.37517 -3.1002 0.79281
4 1 24 0.86833 4.6913 -0.77925 0.68318 3.4778 -0.46706 0.22974 3.3276 -1.3268 -0.081966 1.7307 -1.4729 1.0856 1.012 -2.1785 1.1409 3.6565 0.38494 0.88478 2.2471 1.1703 1.6718 0.92765 1.3017 -0.39911 0.024606 -0.68089 0.16971 -1.996 -0.77069 -0.32173 -3.6748 -0.33365 0.39911 -0.024606 0.68089 1.0579 -1.969 0.23416 -0.20214 -3.1002 0.85348
4 2 12 1.0634 4.6781 -0.60452 0.80033 3.469 -0.33452 0.53558 3.3185 -1.2697 0.29356 1.7179 -1.4895 1.6487 1.0958 -1.8823 1.0712 3.6478 0.59392 0.6052 2.2656 1.3295 1.3579 0.95206 1.6222 -0.25362 0.023084 -0.74742 0.24571 -2.017 -0.69085 -0.40385 -3.6611 -0.33634 0.25362 -0.023084 0.74742 1.1199 -1.8994 0.3689 -0.079449 -3.2083 0.68367
4 2 24 0.91448 4.6781 -0.8124 0.71329 3.469 -0.49361 0.25988 3.3185 -1.3533 -0.022539 1.7179 -1.518 1.2213 1.0958 -2.1839 1.1713 3.6478 0.35823 0.8684 2.2656 1.1746 1.6655 0.95206 1.3044 -0.40347 0.023084 -0.67836 0.096707 -2.017 -0.72684 -0.46495 -3.6611 -0.24503 0.40347 -0.023084 0.67836 1.1722 -1.8994 0.128 0.06443 -3.2083 0.68525
4 3 12 1.1293 4.6605 -0.62196 0.84155 3.4583 -0.34631 0.57215 3.306 -1.2799 0.34642 1.7051 -1.514 1.7621 1.1939 -1.849 1.1175 3.6388 0.58032 0.5968 2.285 1.3318 1.3713 0.9804 1.6071 -0.25595 0.023639 -0.74661 0.13686 -2.0382 -0.65284 -0.56939 -3.6539 -0.27657 0.25595 -0.023639 0.74661 1.2199 -1.8374 0.30451 0.21448 -3.3146 0.54532
4 3 24 0.97533 4.6605 -0.84317 0.75116 3.4583 -0.51371 0.29354 3.306 -1.3709 0.024078 1.7051 -1.5529 1.3392 1.1939 -2.1749 1.2137 3.6388 0.33529 0.86066 2.285 1.1787 1.6755 0.9804 1.2869 -0.40558 0.023639 -0.67708 -0.001864 -2.0382 -0.66702 -0.61445 -3.6539 -0.15214 0.40558 -0.023639 0.67708 1.2565 -1.8374 0.044235 0.32317 -3.3146 0.48881
4 4 12 1.1777 4.6506 -0.61632 0.88117 3.449 -0.34816 0.61651 3.3011 -1.2838 0.39389 1.7009 -1.526 1.8527 1.2903 -1.8107 1.153 3.6249 0.58056 0.57517 2.3024 1.3458 1.3972 1.0192 1.5813 -0.25868 0.025833 -0.7456 -0.0090924 -2.0559 -0.61006 -0.75379 -3.6498 -0.21548 0.25868 -0.025833 0.7456 1.299 -1.7845 0.25654 0.51061 -3.4009 0.38541
4 4 24 1.0238 4.6506 -0.84771 0.78953 3.449 -0.52376 0.33612 3.3011 -1.3839 0.067998 1.7009 -1.5746 1.4357 1.2903 -2.1563 1.2485 3.6249 0.32815 0.84242 2.3024 1.1968 1.6954 1.0192 1.2563 -0.40804 0.025833 -0.67552 -0.13573 -2.0559 -0.59484 -0.78212 -3.6498 -0.054051 0.40804 -0.025833 0.67552 1.3239 -1.7845 -0.019138 0.57959 -3.4009 0.27083
4 5 12 1.2233 4.6449 -0.58291 0.92096 3.4413 -0.33197 0.66836 3.3043 -1.2726 0.43643 1.7071 -1.5258 1.9284 1.3926 -1.7553 1.1812 3.6063 0.60205 0.54369 2.3155 1.3742 1.4437 1.0787 1.5693 -0.25847 0.031029 -0.74547 -0.17393 -2.0601 -0.56045 -0.94488 -3.637 -0.14825 0.25847 -0.031029 0.74547 1.3601 -1.7434 0.22724 0.78926 -3.4536 0.21817
4 5 24 1.0753 4.6449 -0.8245 0.83181 3.4413 -0.51619 0.38916 3.3043 -1.3838 0.10967 1.7071 -1.5832 1.5213 1.3926 -2.1179 1.2806 3.6063 0.3433 0.81752 2.3155 1.2312 1.7384 1.0787 1.2348 -0.40782 0.031029 -0.67544 -0.28665 -2.0601 -0.51204 -0.95505 -3.637 0.051441 0.40782 -0.031029 0.67544 1.3776 -1.7434 -0.060507 0.81737 -3.4536 0.04931
4 44 108 1.0641 4.7251 0.027347 0.84541 3.4808 0.11144 0.35791 3.5347 -0.74108 -0.78211 2.3704 -0.85673 0.51929 1.9917 -1.592 1.339 3.4559 0.96179 1.1145 1.9124 1.4476 2.2684 1.6026 0.4728 -0.20721 0.09007 -0.7566 0.6928 -1.7559 -1.2001 0.72549 -3.4963 -1.6699 0.20721 -0.09007 0.7566 -0.12167 -2.1349 0.40327 -1.665 -3.0352 0.64502
4 45 108 1.0085 4.7307 0.13268 0.80577 3.4831 0.20885 0.39802 3.5232 -0.68529 -0.67932 2.3478 -1.0408 0.74735 2.0999 -1.5708 1.2192 3.4723 1.1012 0.9311 1.9448 1.6037 2.1611 1.5651 0.75484 -0.15122 0.10154 -0.76832 0.76924 -1.7491 -1.1456 0.51723 -3.4847 -1.5639 0.15122 -0.10154 0.76832 -0.033562 -2.1628 0.40597 -1.6972 -2.8127 0.65223
4 45 120 1.014 4.7307 -0.07989 0.83159 3.4831 0.036757 0.24684 3.5232 -0.75307 -0.88088 2.3478 -0.87685 0.40443 2.0999 -1.6918 1.4215 3.4723 0.82366 1.2442 1.9448 1.3751 2.2708 1.5651 0.28903 -0.30766 0.10154 -0.7201 0.51425 -1.7491 -1.2805 0.18076 -3.4847 -1.6373 0.30766 -0.10154 0.7201 0.051577 -2.1628 0.40408 -1.5245 -2.8127 0.99085
4 46 120 1.0668 4.7114 0.057204 0.88072 3.4638 0.16018 0.38814 3.5074 -0.69001 -0.65716 2.3227 -1.1057 0.77171 2.2027 -1.6728 1.379 3.4493 1.008 1.0789 1.9457 1.5719 2.2313 1.4735 0.66274 -0.26821 0.13529 -0.73025 0.61833 -1.7028 -1.2301 0.045703 -3.3913 -1.4981 0.26821 -0.13529 0.73025 0.27457 -2.2007 0.34531 -1.3816 -2.6112 0.92805
5 0 348 0.92691 4.7626 -0.014007 0.66787 3.523 -0.0058328 0.64193 3.5382 -0.98892 0.2996 2.0189 -1.4821 0.95659 0.78069 -2.1247 0.70062 3.5368 0.97707 0.40067 1.9572 1.2664 0.9226 0.53298 1.5435 -0.055829 -0.0039864 -0.78763 -0.12821 -2.0927 -0.5723 -1.2267 -3.5126 -0.40444 0.055829 0.0039859 0.78763 1.2589 -1.7042 0.56647 1.0907 -3.4933 0.41853
5 1 348 0.9223 4.7613 0.012289 0.66516 3.5213 -0.0037625 0.62615 3.5576 -0.98586 0.22765 2.0483 -1.4673 0.81577 0.79833 -2.1524 0.71089 3.514 0.97869 0.44791 1.9267 1.2613 0.96045 0.4977 1.5316 -0.055238 -0.010726 -0.78761 -0.17205 -2.0959 -0.55804 -1.3362 -3.4652 -0.41385 0.055238 0.010726 0.78761 1.2359 -1.7166 0.5963 1.0007 -3.4962 0.42693
5 2 348 0.88987 4.7658 0.056963 0.64213 3.5245 0.016655 0.59949 3.5803 -0.96438 0.14094 2.0839 -1.4326 0.63963 0.81309 -2.1496 0.69127 3.4977 0.99861 0.47384 1.9018 1.2715 0.9852 0.471 1.5342 -0.052358 -0.010542 -0.78781 -0.21059 -2.093 -0.55806 -1.4289 -3.4162 -0.43283 0.052358 0.010542 0.78781 1.1935 -1.7448 0.6123 0.87982 -3.5116 0.43614
5 11 348 0.84254 4.777 -0.027087 0.60218 3.5345 0.014705 0.37149 3.5802 -0.94031 -0.2255 2.0876 -1.2309 0.13985 0.79165 -1.9823 0.83927 3.5178 0.9691 1.1046 1.9272 1.2307 2.0807 0.74013 1.1047 -0.12686 0.0040908 -0.77935 0.98803 -1.7631 -0.99962 -0.017023 -3.258 -0.92234 0.12686 -0.0040913 0.77935 0.65221 -2.0178 0.49085 -0.28887 -3.5542 0.42218
5 12 348 0.86169 4.7739 -0.047837 0.61328 3.5332 0.0037951 0.38895 3.571 -0.95308 -0.21276 2.0767 -1.2251 0.12025 0.76354 -1.9614 0.84415 3.5245 0.95982 1.1374 1.9409 1.2337 2.1692 0.80403 1.0905 -0.11246 0.0008111 -0.78157 1.0777 -1.72 -0.97272 0.34045 -3.3653 -0.99399 0.11246 -0.0008111 0.78157 0.53565 -2.0409 0.5107 -0.43112 -3.5604 0.42622
5 13 348 0.87445 4.7715 -0.072816 0.62299 3.5318 -0.013478 0.41383 3.5608 -0.97409 -0.19968 2.0691 -1.2332 0.088551 0.73699 -1.9544 0.83872 3.5319 0.94612 1.139 1.952 1.2336 2.2221 0.86328 1.0944 -0.094528 -0.0053277 -0.78392 1.1354 -1.7024 -0.93038 0.71451 -3.451 -1.0581 0.094528 0.0053277 0.78392 0.40809 -2.0575 0.53789 -0.58274 -3.56 0.43009
5 14 0 0.85286 4.7676 -0.28039 0.61578 3.5291 -0.16379 0.23243 3.5474 -1.0694 -0.43866 2.0626 -1.1869 -0.34817 0.71383 -1.9287 1.0054 3.5398 0.73923 1.3571 1.9622 0.97655 2.4227 0.91078 0.60687 -0.23408 -0.013056 -0.75401 0.97676 -1.6937 -1.1055 0.85651 -3.4824 -1.2983 0.23408 0.013056 0.75401 0.38775 -2.0667 0.49861 -0.63239 -3.5512 0.57841
5 14 348 0.89252 4.7676 -0.096942 0.63638 3.5291 -0.032182 0.44969 3.5474 -0.99767 -0.1823 2.0626 -1.2522 0.060445 0.71383 -1.959 0.82974 3.5398 0.93211 1.1244 1.9622 1.2374 2.2436 0.91078 1.0973 -0.072194 -0.013056 -0.7862 1.1853 -1.6937 -0.87829 1.1077 -3.4824 -1.0919 0.072195 0.013056 0.7862 0.27561 -2.0667 0.56833 -0.73883 -3.5512 0.43429
5 15 0 0.85685 4.7652 -0.30838 0.6155 3.5282 -0.18454 0.25518 3.5362 -1.0997 -0.43466 2.06 -1.2172 -0.38392 0.69703 -1.9364 0.98217 3.5492 0.72786 1.3187 1.9716 0.98611 2.4058 0.93983 0.62372 -0.20937 -0.022441 -0.76102 1.0346 -1.6909 -1.0494 1.1776 -3.4633 -1.3481 0.20937 0.022442 0.76102 0.26286 -2.0674 0.55087 -0.78436 -3.5339 0.60997
5 15 348 0.90224 4.7652 -0.12349 0.64042 3.5282 -0.052539 0.47824 3.5362 -1.0226 -0.1721 2.06 -1.281 0.027072 0.69703 -1.9739 0.80937 3.5492 0.91616 1.0848 1.9716 1.2387 2.2235 0.93983 1.1103 -0.046573 -0.022441 -0.78792 1.2301 -1.6909 -0.8114 1.4321 -3.4633 -1.0738 0.046573 0.022442 0.78792 0.14258 -2.0674 0.59349 -0.89403 -3.5339 0.43356
5 16 0 0.86542 4.763 -0.32366 0.61517 3.5284 -0.19268 0.28277 3.5245 -1.1183 -0.42239 2.0559 -1.2391 -0.41121 0.68154 -1.9381 0.95403 3.5612 0.73006 1.2631 1.9817 1.0103 2.3528 0.94255 0.67817 -0.18333 -0.027461 -0.76755 1.0769 -1.6935 -0.99245 1.3667 -3.4402 -1.3328 0.18333 0.027461 0.76755 0.1493 -2.0663 0.59689 -0.93021 -3.5099 0.6381
5 17 0 0.86266 4.7634 -0.32803 0.60849 3.53 -0.19382 0.30561 3.5145 -1.1294 -0.4051 2.0494 -1.2596 -0.43034 0.6678 -1.9439 0.91788 3.5743 0.73875 1.1847 1.9913 1.0418 2.2541 0.91481 0.76787 -0.16375 -0.029342 -0.77189 1.096 -1.6995 -0.96644 1.4021 -3.4474 -1.2861 0.16375 0.029342 0.7719 0.049647 -2.0633 0.62275 -1.0656 -3.4791 0.67113
5 18 0 0.85513 4.7648 -0.32743 0.60449 3.5309 -0.19136 0.32541 3.5063 -1.1342 -0.38299 2.0415 -1.2803 -0.42768 0.65679 -1.9572 0.89005 3.5843 0.7483 1.0947 1.9985 1.0831 2.1174 0.86129 0.88732 -0.1447 -0.030692 -0.77564 1.1056 -1.7117 -0.93476 1.3532 -3.4742 -1.2233 0.1447 0.030692 0.77564 -0.044333 -2.0576 0.64243 -1.1988 -3.4409 0.709
5 19 0 0.87932 4.7616 -0.30443 0.63065 3.5274 -0.16703 0.37003 3.494 -1.1148 -0.32602 2.025 -1.2772 -0.3757 0.64007 -1.9533 0.89773 3.5897 0.7775 1.0075 2.0049 1.1583 1.9728 0.807 1.0535 -0.12535 -0.02099 -0.77932 1.1147 -1.7121 -0.90821 1.2851 -3.4876 -1.1722 0.12535 0.02099 0.77932 -0.11971 -2.0626 0.66487 -1.3217 -3.4035 0.75393
5 20 0 0.89293 4.7588 -0.30594 0.6417 3.5261 -0.16028 0.39601 3.4829 -1.1117 -0.27928 2.0061 -1.2901 -0.31376 0.62307 -1.971 0.89388 3.5981 0.78765 0.88248 2.0229 1.2205 1.7705 0.76233 1.2232 -0.11606 -0.015228 -0.78089 1.1213 -1.709 -0.90078 1.1909 -3.4962 -1.1291 0.11606 0.015228 0.78089 -0.17582 -2.0633 0.68677 -1.4292 -3.3546 0.79896
5 31 36 0.8698 4.7318 -0.58214 0.62937 3.5155 -0.32463 0.34938 3.4165 -1.2623 0.16572 1.9032 -1.8496 0.75292 0.81787 -2.7742 0.91544 3.6432 0.60769 0.71941 2.103 1.1157 1.3457 0.71537 1.3604 -0.22925 -0.011002 -0.75553 0.29706 -2.0418 -0.87003 -0.54751 -3.6173 -0.63425 0.22925 0.011002 0.75553 1.2936 -1.7704 0.4268 0.74243 -3.483 0.30771
5 32 36 0.88005 4.7403 -0.49474 0.63247 3.5197 -0.26551 0.39295 3.4321 -1.2154 0.25939 1.9308 -1.8455 0.97685 0.91802 -2.7605 0.8781 3.6361 0.67973 0.6623 2.0854 1.1461 1.2781 0.69054 1.3758 -0.2086 -0.002583 -0.76156 0.19467 -2.0638 -0.81677 -0.68247 -3.6209 -0.57801 0.2086 0.002583 0.76156 1.3319 -1.7468 0.45824 1.0351 -3.511 0.23354
5 33 36 0.88232 4.7494 -0.40196 0.62939 3.5246 -0.2028 0.41509 3.4556 -1.1602 0.31951 1.963 -1.8174 1.1506 1.0185 -2.7089 0.84988 3.6226 0.7507 0.61323 2.0653 1.184 1.2123 0.66143 1.4027 -0.19824 0.0073962 -0.76429 0.068164 -2.0766 -0.78163 -0.82507 -3.6218 -0.52595 0.19824 -0.0073957 0.76429 1.3539 -1.7303 0.43211 1.2343 -3.5183 0.23283
5 34 36 0.87583 4.7586 -0.31188 0.61876 3.53 -0.14423 0.42278 3.483 -1.1069 0.35094 1.9976 -1.7832 1.2759 1.1095 -2.6395 0.82099 3.6061 0.81529 0.57114 2.0427 1.2182 1.146 0.62812 1.4327 -0.19605 0.016483 -0.76472 -0.046412 -2.0792 -0.75135 -0.96763 -3.605 -0.47905 0.19605 -0.016484 0.76472 1.3548 -1.7286 0.39007 1.3272 -3.5254 0.24355
5 35 36 0.86937 4.766 -0.22117 0.60591 3.5346 -0.087183 0.42334 3.5118 -1.0534 0.35455 2.0286 -1.7348 1.3493 1.1766 -2.5485 0.79481 3.5865 0.87666 0.53722 2.0174 1.2512 1.0871 0.59286 1.4657 -0.19339 0.024538 -0.76518 -0.13973 -2.0755 -0.72758 -1.1087 -3.5687 -0.44065 0.19339 -0.024537 0.76518 1.3576 -1.7371 0.41 1.3387 -3.5322 0.24285
5 36 36 0.84668 4.7739 -0.12951 0.58378 3.5396 -0.025599 0.40853 3.5405 -0.9934 0.31839 2.0562 -1.6698 1.3541 1.2158 -2.4435 0.76535 3.5678 0.94063 0.50702 1.9928 1.289 1.0299 0.55874 1.5078 -0.18893 0.032823 -0.76598 -0.2336 -2.067 -0.71233 -1.257 -3.5219 -0.41762 0.18894 -0.032823 0.76598 1.353 -1.7528 0.44806 1.272 -3.5409 0.23161
5 37 36 0.80818 4.7829 -0.069996 0.55728 3.5438 -0.00039194 0.39881 3.5672 -0.9708 0.26603 2.078 -1.6292 1.3027 1.2138 -2.3748 0.7219 3.5495 0.96926 0.4676 1.9675 1.2876 0.97084 0.52616 1.5044 -0.18276 0.028316 -0.76765 -0.32676 -2.0669 -0.7079 -1.4135 -3.4768 -0.42105 0.18276 -0.028317 0.76765 1.3391 -1.7586 0.47875 1.187 -3.5393 0.24047
5 38 36 0.79456 4.7852 -0.021036 0.54689 3.5438 0.010385 0.41008 3.5897 -0.96251 0.21562 2.0909 -1.5826 1.1974 1.1557 -2.3169 0.68972 3.527 0.98336 0.44289 1.9386 1.2743 0.93931 0.49425 1.4868 -0.16094 0.017106 -0.77285 -0.37827 -2.0718 -0.7121 -1.556 -3.4108 -0.44593 0.16094 -0.017106 0.77285 1.3223 -1.7534 0.54715 1.0946 -3.5197 0.26603
5 69 132 0.82563 4.7276 -0.58731 0.57531 3.5252 -0.28761 0.36768 3.4155 -1.2427 0.27798 1.9249 -1.905 0.88498 0.8782 -2.8608 0.78856 3.6638 0.6625 0.69556 2.1066 1.1475 1.4525 0.77087 1.2909 -0.19979 -0.0080657 -0.76388 0.27323 -2.0538 -0.83771 -0.49733 -3.6624 -0.57391 0.19979 0.0080652 0.76388 1.2462 -1.7833 0.43137 0.65732 -3.4767 0.24065
5 70 132 0.83995 4.734 -0.51162 0.57676 3.5294 -0.23293 0.41243 3.4275 -1.1973 0.4195 1.9467 -1.8871 1.1584 0.96703 -2.8208 0.74697 3.66 0.72692 0.62243 2.1004 1.1969 1.3273 0.74196 1.385 -0.17876 0.00010967 -0.76912 0.2006 -2.0663 -0.7891 -0.57957 -3.6687 -0.51632 0.17876 -0.00010967 0.76912 1.2686 -1.7644 0.43168 0.84808 -3.5008 0.18882
5 74 144 0.77172 4.7652 -0.35231 0.53102 3.5437 -0.13466 0.2731 3.5145 -1.0833 0.31194 2.044 -1.7938 1.3226 1.2733 -2.6668 0.79448 3.6021 0.81115 0.66265 2.0279 1.2277 1.1907 0.59054 1.4087 -0.30154 0.029886 -0.72916 -0.21856 -2.067 -0.62597 -0.99155 -3.6221 -0.14137 0.30154 -0.029886 0.72916 1.4048 -1.7504 0.24246 1.0108 -3.4861 -0.045696
5 75 144 0.78159 4.77 -0.29548 0.52761 3.5459 -0.11116 0.28962 3.5405 -1.0655 0.30905 2.0603 -1.7565 1.3808 1.2958 -2.5593 0.77137 3.5804 0.84108 0.61814 2.0017 1.2322 1.1097 0.55247 1.4211 -0.29231 0.02582 -0.73307 -0.25796 -2.071 -0.60434 -1.0859 -3.5935 -0.10685 0.29231 -0.02582 0.73307 1.408 -1.7483 0.28298 0.93773 -3.4641 -0.010319
5 76 144 0.78005 4.7764 -0.21936 0.51674 3.5495 -0.067653 0.3008 3.563 -1.0271 0.26279 2.0729 -1.6957 1.3681 1.2801 -2.4219 0.73856 3.5652 0.89042 0.57096 1.9815 1.2541 1.045 0.52578 1.4384 -0.27169 0.026851 -0.74092 -0.30012 -2.068 -0.58198 -1.1876 -3.555 -0.080058 0.27169 -0.026851 0.74092 1.3985 -1.7507 0.32505 0.87726 -3.451 0.028315
5 91 168 0.81317 4.779 -0.11725 0.56666 3.5416 -0.0089644 0.24076 3.5672 -0.9366 -0.4236 2.0947 -1.1798 -0.32324 0.73653 -1.903 0.89848 3.5452 0.91691 1.1595 1.9435 1.1044 2.16 0.81712 0.77584 -0.21651 0.020752 -0.75907 0.99113 -1.6756 -1.039 1.0348 -3.4701 -1.2088 0.21651 -0.020752 0.75907 0.29488 -2.0908 0.40803 -0.79276 -3.5264 0.49091
5 92 168 0.81245 4.7794 -0.1241 0.56428 3.5418 -0.021017 0.26471 3.5642 -0.95757 -0.38064 2.0875 -1.2253 -0.22487 0.74017 -1.9588 0.86983 3.5486 0.91384 1.0979 1.9444 1.1218 2.0822 0.79224 0.83651 -0.19816 0.014583 -0.76421 1.0463 -1.6621 -0.99716 1.2402 -3.4468 -1.1653 0.19816 -0.014583 0.76421 0.18514 -2.0921 0.45133 -0.92085 -3.5146 0.51636
5 93 168 0.81177 4.7793 -0.13126 0.56114 3.5422 -0.027773 0.28794 3.5562 -0.97251 -0.33635 2.0751 -1.2645 -0.12376 0.74048 -2.007 0.84039 3.5574 0.91518 1.0265 1.9501 1.141 1.971 0.75278 0.91317 -0.17684 0.010021 -0.7695 1.0839 -1.6616 -0.94417 1.35 -3.4381 -1.0991 0.17684 -0.01002 0.7695 0.088213 -2.0902 0.48756 -1.0462 -3.4906 0.54112
5 108 192 0.8477 4.7678 -0.29159 0.59178 3.5346 -0.15831 0.40254 3.4756 -1.1217 0.28587 1.9216 -1.6119 1.1282 0.83004 -2.3022 0.78755 3.6225 0.80154 0.65032 2.0417 1.1901 1.3866 0.69188 1.3072 -0.17622 0.0039892 -0.76969 0.28828 -2.045 -0.76007 -0.59068 -3.6027 -0.53232 0.17622 -0.0039887 0.76969 1.244 -1.7948 0.51074 0.65516 -3.499 0.50538
5 109 192 0.84731 4.7702 -0.25428 0.5908 3.5358 -0.13333 0.40159 3.4859 -1.0972 0.31166 1.9329 -1.5962 1.236 0.89143 -2.2584 0.78652 3.6147 0.82731 0.63969 2.0315 1.2024 1.3535 0.6703 1.3254 -0.17804 0.0089307 -0.76923 0.14802 -2.0663 -0.72949 -0.74417 -3.6132 -0.48042 0.17804 -0.0089302 0.76923 1.3019 -1.7603 0.47958 0.99071 -3.536 0.45401
5 110 192 0.83483 4.7743 -0.2212 0.58138 3.5383 -0.11088 0.38886 3.4999 -1.0746 0.31573 1.9468 -1.576 1.2968 0.94329 -2.2147 0.7804 3.6057 0.84996 0.62406 2.021 1.2148 1.3073 0.6448 1.3444 -0.18769 0.013216 -0.76687 0.004522 -2.078 -0.70098 -0.90166 -3.613 -0.43016 0.18769 -0.013217 0.76687 1.334 -1.737 0.408 1.2503 -3.5381 0.41694
5 111 192 0.81673 4.778 -0.2004 0.56665 3.541 -0.092736 0.35263 3.5085 -1.0522 0.28596 1.9553 -1.5539 1.3015 0.97413 -2.1734 0.78689 3.6026 0.86386 0.61745 2.0172 1.2197 1.2644 0.62438 1.3584 -0.20474 0.018094 -0.7624 -0.12337 -2.0798 -0.68243 -1.0532 -3.5963 -0.38801 0.20474 -0.018094 0.7624 1.351 -1.7253 0.33133 1.4105 -3.5265 0.38628
5 112 192 0.80047 4.7817 -0.17742 0.55281 3.5435 -0.07783 0.32421 3.5214 -1.0342 0.2491 1.9675 -1.5327 1.2724 0.98809 -2.142 0.78745 3.5946 0.87595 0.61018 2.0081 1.223 1.2185 0.59882 1.3693 -0.21754 0.020667 -0.75878 -0.23517 -2.0783 -0.66688 -1.2022 -3.5671 -0.35176 0.21754 -0.020667 0.75878 1.368 -1.7192 0.30497 1.485 -3.5174 0.36581
6 1 156 0.92291 4.7103 -0.56199 0.76239 3.4704 -0.36197 0.55288 3.3443 -1.3146 0.051535 1.8001 -1.4961 0.40993 0.42141 -2.0864 0.97647 3.6256 0.58538 0.9875 2.1452 1.2763 1.6909 0.88014 1.8077 -0.20343 -0.012639 -0.76286 0.47638 -1.9976 -0.87291 0.0083118 -3.7244 -1.0968 0.20344 0.012639 0.76286 0.74865 -1.9926 0.45262 0.31167 -3.6856 0.8925
6 2 156 0.97172 4.7097 -0.49026 0.79303 3.47 -0.30703 0.64931 3.3431 -1.2717 0.16047 1.8008 -1.498 0.5822 0.424 -2.0496 0.94196 3.6259 0.6526 0.86877 2.1509 1.3509 1.5285 0.89194 1.9489 -0.15084 -0.011961 -0.77499 0.49668 -2.0096 -0.84295 0.0088835 -3.7348 -1.0337 0.15084 0.011961 0.77499 0.72828 -1.9937 0.53367 0.24095 -3.6823 0.93598
6 4 168 0.90654 4.714 -0.57128 0.74656 3.4741 -0.3741 0.50584 3.3416 -1.3185 0.020531 1.7993 -1.5517 0.43051 0.45226 -2.1803 0.99191 3.6355 0.56458 0.9307 2.1512 1.2441 1.5932 0.86698 1.7822 -0.20714 -0.016288 -0.76179 0.38139 -2.0315 -0.84516 -0.16411 -3.7495 -0.88832 0.20714 0.016289 0.76179 0.71582 -2.0114 0.55159 0.13914 -3.6867 0.88558
6 15 192 0.87128 4.751 -0.37671 0.66928 3.5045 -0.31678 0.46331 3.4452 -1.2767 0.19869 1.8869 -1.6893 0.8771 0.68861 -2.3833 0.88074 3.5929 0.63969 0.69 2.0247 1.0559 1.3251 0.64498 1.3216 -0.25072 -0.012546 -0.74865 0.0073766 -2.0938 -0.62232 -0.62375 -3.7431 -0.25839 0.25072 0.012546 0.74865 1.2328 -1.7924 0.31041 0.89985 -3.5644 0.30875
6 16 192 0.88961 4.7504 -0.35327 0.68082 3.5048 -0.29836 0.4808 3.4508 -1.2598 0.22137 1.8898 -1.6656 1.0049 0.72307 -2.3 0.88651 3.5879 0.65984 0.67733 2.0219 1.0754 1.2666 0.6247 1.3552 -0.25144 -0.0084033 -0.74847 -0.093104 -2.0975 -0.59039 -0.71583 -3.746 -0.20901 0.25144 0.0084028 0.74847 1.2747 -1.7693 0.29369 1.1151 -3.5644 0.23664
6 17 192 0.90269 4.7511 -0.32925 0.68498 3.5068 -0.27548 0.48498 3.4576 -1.2372 0.2201 1.8951 -1.6339 1.0895 0.7615 -2.2142 0.89084 3.585 0.68309 0.66853 2.0211 1.0996 1.2169 0.61016 1.3932 -0.25314 -0.003233 -0.74794 -0.19905 -2.0943 -0.55121 -0.81651 -3.742 -0.15756 0.25314 0.0032325 0.74794 1.3159 -1.749 0.28467 1.3172 -3.5481 0.16577
6 18 180 0.95269 4.752 -0.11289 0.72483 3.5085 -0.10966 0.72081 3.4624 -1.0921 0.54084 1.8979 -1.5264 1.5612 0.79036 -1.8581 0.73537 3.5837 0.87095 0.41885 2.0216 1.2295 0.86324 0.60032 1.6297 -0.10015 0.001627 -0.78324 -0.17397 -2.087 -0.56797 -0.88123 -3.7229 -0.29448 0.10015 -0.001627 0.78324 1.2481 -1.7455 0.54805 1.4331 -3.5332 0.40409
6 18 192 0.9084 4.752 -0.3085 0.68619 3.5085 -0.25797 0.47799 3.4624 -1.2181 0.21166 1.8979 -1.6055 1.1408 0.79036 -2.142 0.90038 3.5837 0.69903 0.66533 2.0216 1.1156 1.1832 0.60032 1.4146 -0.2608 0.001627 -0.7453 -0.28825 -2.087 -0.51939 -0.92319 -3.7229 -0.10483 0.2608 -0.001627 0.7453 1.3348 -1.7455 0.27658 1.4858 -3.5332 0.097292
6 19 180 0.94643 4.7547 -0.084183 0.71658 3.5113 -0.084368 0.70308 3.4737 -1.0671 0.51189 1.9086 -1.4944 1.564 0.82105 -1.7913 0.7366 3.5779 0.89672 0.41037 2.0173 1.2531 0.83237 0.58885 1.652 -0.10891 0.0090504 -0.78202 -0.28351 -2.0719 -0.55088 -0.99925 -3.7021 -0.26605 0.10891 -0.0090508 0.78202 1.2607 -1.7493 0.53827 1.5256 -3.5269 0.39415
6 19 192 0.90824 4.7547 -0.27912 0.68338 3.5113 -0.23151 0.46586 3.4737 -1.19 0.18999 1.9086 -1.5682 1.1574 0.82105 -2.0773 0.90694 3.5779 0.72397 0.66195 2.0173 1.1404 1.1576 0.58885 1.4428 -0.26913 0.0090504 -0.74229 -0.39185 -2.0719 -0.47989 -1.0327 -3.7021 -0.052483 0.26913 -0.0090508 0.74229 1.345 -1.7493 0.2644 1.5742 -3.5269 0.068344
6 20 180 0.93396 4.7578 -0.069644 0.70445 3.5142 -0.071584 0.67224 3.4825 -1.0541 0.46286 1.9196 -1.4807 1.5286 0.84093 -1.7606 0.74312 3.5749 0.90932 0.41004 2.0152 1.2628 0.81867 0.58205 1.659 -0.12122 0.013275 -0.78015 -0.40027 -2.0546 -0.53425 -1.1322 -3.676 -0.24075 0.12122 -0.013275 0.78015 1.2724 -1.7524 0.52609 1.5602 -3.5273 0.39267
6 20 192 0.89907 4.7578 -0.2623 0.67418 3.5142 -0.21648 0.43839 3.4825 -1.1708 0.14489 1.9196 -1.5446 1.1292 0.84093 -2.04 0.91594 3.5749 0.73495 0.66364 2.0152 1.15 1.1457 0.58205 1.4525 -0.28077 0.013275 -0.7379 -0.5026 -2.0546 -0.43936 -1.1575 -3.676 -8.9037e-05 0.28077 -0.013275 0.7379 1.3539 -1.7524 0.25005 1.6078 -3.5273 0.059705
6 21 180 0.92487 4.7593 -0.053769 0.70163 3.5147 -0.059653 0.64868 3.4912 -1.0415 0.41134 1.9329 -1.4706 1.4681 0.84633 -1.7537 0.76097 3.5672 0.9207 0.42848 2.0065 1.2704 0.83239 0.5692 1.6561 -0.13213 0.017014 -0.7783 -0.51769 -2.0321 -0.52008 -1.2763 -3.6398 -0.21867 0.13213 -0.017014 0.7783 1.2777 -1.7587 0.5164 1.5472 -3.5371 0.39231
6 22 180 0.9143 4.7612 -0.057841 0.69273 3.5162 -0.06613 0.62135 3.5013 -1.047 0.34057 1.9495 -1.4735 1.3628 0.83768 -1.7841 0.77046 3.5602 0.91335 0.44264 1.9976 1.259 0.84951 0.55701 1.6291 -0.14246 0.013912 -0.77654 -0.60022 -2.0194 -0.51105 -1.4235 -3.5937 -0.20339 0.14246 -0.013912 0.77654 1.2573 -1.7736 0.50258 1.4983 -3.5555 0.37051
6 23 180 0.9264 4.7573 -0.073651 0.70618 3.5122 -0.085883 0.62128 3.5042 -1.0657 0.29245 1.9589 -1.4812 1.2425 0.79976 -1.8438 0.79749 3.5492 0.89272 0.48472 1.9825 1.2338 0.90095 0.5405 1.5875 -0.13821 0.0042269 -0.77742 -0.66014 -2.0137 -0.51324 -1.5639 -3.5451 -0.21503 0.13821 -0.0042267 0.77742 1.2529 -1.7627 0.49515 1.4259 -3.5532 0.3732
6 24 180 0.9295 4.7565 -0.051885 0.71443 3.5107 -0.072686 0.63317 3.5078 -1.0529 0.24946 1.9691 -1.4448 1.0762 0.74294 -1.8816 0.80203 3.5427 0.90643 0.52344 1.9683 1.242 0.95665 0.52798 1.5817 -0.12695 0.0066936 -0.77932 -0.73819 -1.9873 -0.5249 -1.7073 -3.4816 -0.24435 0.12695 -0.0066936 0.77932 1.2628 -1.7511 0.49441 1.3248 -3.5493 0.37815
6 25 180 0.90998 4.7588 -0.076767 0.70594 3.5109 -0.089164 0.62358 3.5027 -1.0692 0.20573 1.9681 -1.4423 0.86612 0.67105 -1.9515 0.7944 3.5483 0.88968 0.55761 1.9658 1.2186 1.042 0.53657 1.5354 -0.13049 0.003053 -0.77876 -0.7914 -1.978 -0.54894 -1.8421 -3.4201 -0.28926 0.13049 -0.003053 0.77876 1.2245 -1.7716 0.4794 1.1831 -3.5712 0.37553
6 26 168 0.89868 4.7595 0.054074 0.7121 3.5091 0.015009 0.82815 3.496 -0.96158 0.4909 1.9597 -1.4029 1.0826 0.61075 -1.8588 0.60195 3.5514 0.99145 0.34508 1.963 1.2733 0.83707 0.55705 1.6721 0.019072 -0.0062075 -0.78936 -0.61671 -2.0081 -0.73852 -1.8097 -3.36 -0.73763 -0.019072 0.006207 0.78936 1.0356 -1.8083 0.69166 0.9337 -3.6046 0.57471
6 26 180 0.89029 4.7595 -0.13395 0.69966 3.5091 -0.13337 0.61013 3.496 -1.1127 0.18849 1.9597 -1.4743 0.6725 0.61075 -2.0433 0.79493 3.5514 0.84463 0.60228 1.963 1.1738 1.1664 0.55705 1.4616 -0.14546 -0.0062075 -0.77608 -0.75678 -2.0081 -0.59416 -1.9235 -3.36 -0.34525 0.14546 0.006207 0.77608 1.1568 -1.8083 0.46123 1.0328 -3.6046 0.36803
6 27 168 0.89601 4.7601 0.0060524 0.71203 3.5087 -0.010659 0.80257 3.486 -0.98976 0.46363 1.947 -1.4202 0.92834 0.57633 -1.9523 0.62732 3.5607 0.96785 0.40722 1.9704 1.2697 1.0056 0.6007 1.6487 0.0044348 -0.0070906 -0.78957 -0.48967 -2.0492 -0.77839 -1.8092 -3.2778 -0.79648 -0.0044348 0.0070906 0.78957 0.98281 -1.8434 0.6661 0.7964 -3.6327 0.54515
6 27 180 0.87769 4.7601 -0.18037 0.69426 3.5087 -0.15847 0.57925 3.486 -1.135 0.15821 1.947 -1.4856 0.50215 0.57633 -2.1026 0.81484 3.5607 0.81628 0.66231 1.9704 1.1573 1.3264 0.6007 1.4036 -0.15982 -0.0070906 -0.77324 -0.64081 -2.0492 -0.65958 -1.9353 -3.2778 -0.40292 0.15982 0.0070906 0.77324 1.0998 -1.8434 0.4472 0.89234 -3.6327 0.36766
6 28 168 0.91056 4.7576 -0.049031 0.71807 3.5072 -0.033505 0.76764 3.4688 -1.0151 0.41456 1.9326 -1.4443 0.84328 0.56439 -2.0116 0.67437 3.5748 0.94674 0.49365 1.9864 1.2831 1.2008 0.66087 1.6305 -0.013956 -0.0058818 -0.78947 -0.29449 -2.0879 -0.8189 -1.7325 -3.1753 -0.84024 0.013956 0.0058813 0.78947 0.9355 -1.8762 0.63898 0.66423 -3.6547 0.5184
6 29 168 0.92197 4.7545 -0.1091 0.72396 3.5056 -0.067121 0.73444 3.4568 -1.0494 0.35816 1.9251 -1.4748 0.82707 0.57495 -2.0535 0.7195 3.5835 0.91333 0.6021 2.0003 1.2985 1.4066 0.72083 1.6042 -0.032381 -0.0091043 -0.7889 -0.061988 -2.1091 -0.84802 -1.5728 -3.0929 -0.869 0.032381 0.0091043 0.7889 0.88878 -1.9018 0.61774 0.54026 -3.6662 0.4901
6 30 168 0.92494 4.7534 -0.15378 0.72208 3.5062 -0.087242 0.69362 3.4472 -1.0686 0.29154 1.9186 -1.4814 0.82644 0.59665 -2.0679 0.75662 3.5942 0.89175 0.73249 2.0192 1.3249 1.6172 0.78456 1.5902 -0.041475 -0.0099559 -0.78847 0.18558 -2.0972 -0.8677 -1.3423 -3.0543 -0.88796 0.041475 0.0099554 0.78847 0.84036 -1.9243 0.60249 0.41982 -3.6724 0.46734
6 31 168 0.91809 4.7541 -0.17509 0.71127 3.5087 -0.085063 0.6478 3.4404 -1.0642 0.2221 1.913 -1.4574 0.82563 0.62525 -2.0534 0.78077 3.6062 0.89117 0.86226 2.0436 1.3609 1.8068 0.85074 1.6107 -0.044061 -0.005681 -0.78837 0.42572 -2.052 -0.8663 -1.0585 -3.0754 -0.89609 0.044061 0.005681 0.78837 0.79183 -1.948 0.59269 0.29411 -3.6751 0.45089
6 32 168 0.91674 4.7532 -0.18289 0.71094 3.5086 -0.080273 0.62236 3.4347 -1.057 0.17939 1.907 -1.4292 0.82962 0.64783 -2.0371 0.80547 3.6114 0.8933 0.98715 2.0647 1.3865 1.986 0.91593 1.632 -0.043849 -0.0029469 -0.7884 0.65465 -1.9835 -0.84926 -0.72387 -3.1448 -0.89382 0.043849 0.0029473 0.7884 0.74369 -1.9675 0.58412 0.16853 -3.6701 0.43848
6 33 168 0.90969 4.7545 -0.18073 0.70373 3.5103 -0.072351 0.59624 3.4351 -1.0471 0.13844 1.9071 -1.3998 0.81763 0.66481 -2.0106 0.81707 3.6145 0.89907 1.0831 2.0846 1.4064 2.1348 0.98225 1.6438 -0.044168 -0.00053692 -0.78838 0.8427 -1.9048 -0.82572 -0.35985 -3.247 -0.88327 0.044168 0.00053692 0.78838 0.69023 -1.9873 0.57531 0.037467 -3.6615 0.42704
6 33 180 0.85223 4.7545 -0.36591 0.67331 3.5103 -0.21708 0.3655 3.4351 -1.1482 -0.15562 1.9071 -1.398 0.38173 0.66481 -2.1367 0.98614 3.6145 0.70954 1.3518 2.0846 1.1505 2.4299 0.98225 1.1641 -0.20712 -0.00053692 -0.76197 0.6526 -1.9048 -0.98288 -0.53563 -3.247 -0.78915 0.20712 0.00053692 0.76197 0.79476 -1.9873 0.41923 0.12544 -3.6615 0.40992
6 34 168 0.89782 4.7574 -0.17563 0.69465 3.5129 -0.067284 0.57578 3.4388 -1.0408 0.11028 1.9101 -1.38 0.79079 0.66999 -1.9937 0.81935 3.616 0.90286 1.1451 2.1007 1.4192 2.2584 1.0561 1.636 -0.041568 -0.00090551 -0.78852 0.98198 -1.8357 -0.80027 0.031863 -3.3664 -0.87215 0.041568 0.00090551 0.78852 0.61628 -2.0083 0.57169 -0.10128 -3.6552 0.41757
6 34 180 0.84169 4.7574 -0.35846 0.66548 3.5129 -0.21024 0.3468 3.4388 -1.1378 -0.17904 1.9101 -1.3727 0.35899 0.66999 -2.1146 0.98916 3.616 0.71278 1.4151 2.1007 1.1501 2.5492 1.0561 1.1307 -0.2046 -0.00090551 -0.76265 0.79413 -1.8357 -0.98695 -0.15016 -3.3664 -0.85971 0.2046 0.00090551 0.76265 0.72167 -2.0083 0.43107 -0.012245 -3.6552 0.4295
6 35 168 0.88249 4.7612 -0.16617 0.67994 3.5165 -0.060023 0.55456 3.4422 -1.0327 0.081593 1.9133 -1.3607 0.74826 0.66353 -1.97 0.81112 3.6197 0.90925 1.1839 2.1161 1.4277 2.3532 1.1298 1.6216 -0.034014 -0.0016961 -0.78888 1.0674 -1.7909 -0.77547 0.43456 -3.4772 -0.85826 0.034014 0.0016956 0.78888 0.51035 -2.0333 0.57391 -0.25057 -3.6595 0.40886
6 35 180 0.82866 4.7612 -0.34602 0.6526 3.5165 -0.20008 0.32772 3.4422 -1.1254 -0.20309 1.9133 -1.3479 0.32233 0.66353 -2.0825 0.98243 3.6197 0.72074 1.4549 2.1161 1.1503 2.6389 1.1298 1.0969 -0.19729 -0.0016961 -0.76457 0.8828 -1.7909 -0.98044 0.24662 -3.4772 -0.92985 0.19729 0.0016956 0.76457 0.61852 -2.0333 0.45526 -0.16009 -3.6595 0.45202
6 36 180 0.81299 4.7659 -0.32931 0.63623 3.5206 -0.18952 0.31365 3.4468 -1.1157 -0.22603 1.9195 -1.3268 0.26374 0.64584 -2.0449 0.96369 3.6234 0.7322 1.4632 2.1264 1.1543 2.6868 1.1914 1.0761 -0.18392 -0.0040016 -0.76789 0.92703 -1.7763 -0.96576 0.62991 -3.5544 -0.99341 0.18393 0.0040011 0.76789 0.49207 -2.0565 0.49655 -0.31732 -3.6675 0.47703
6 37 180 0.79593 4.7706 -0.3167 0.61783 3.5245 -0.18699 0.30784 3.4527 -1.1176 -0.24474 1.9284 -1.3177 0.18653 0.6214 -2.013 0.93273 3.6254 0.73931 1.4511 2.1325 1.1533 2.7039 1.2386 1.0581 -0.16694 -0.0093427 -0.77171 0.94538 -1.7832 -0.94621 0.98971 -3.583 -1.0455 0.16694 0.0093431 0.77171 0.34523 -2.0709 0.53713 -0.48342 -3.6719 0.50327
6 38 180 0.78428 4.7739 -0.30293 0.60436 3.5273 -0.18215 0.30971 3.4545 -1.1177 -0.26172 1.9363 -1.3101 0.10719 0.59688 -1.9792 0.90391 3.6292 0.74912 1.4296 2.1375 1.1583 2.6973 1.2659 1.0544 -0.14686 -0.013171 -0.77573 0.95757 -1.794 -0.92815 1.314 -3.5555 -1.073 0.14686 0.013171 0.77573 0.20339 -2.0774 0.57438 -0.63881 -3.6709 0.52693
6 39 180 0.77779 4.7764 -0.28701 0.59458 3.5296 -0.17638 0.31962 3.4556 -1.1178 -0.26979 1.9436 -1.3056 0.028658 0.57304 -1.946 0.87447 3.6327 0.76085 1.3902 2.1382 1.1721 2.6585 1.267 1.072 -0.12646 -0.015753 -0.77927 0.9541 -1.8119 -0.92254 1.5378 -3.5113 -1.0724 0.12646 0.015752 0.77927 0.07656 -2.0769 0.59889 -0.7919 -3.6562 0.54949
6 40 180 0.76882 4.7791 -0.2739 0.58483 3.532 -0.17028 0.33301 3.4565 -1.118 -0.27047 1.95 -1.3054 -0.045975 0.55444 -1.9215 0.84168 3.6366 0.77336 1.3307 2.1346 1.1902 2.5841 1.24 1.1107 -0.11061 -0.016871 -0.78165 0.95498 -1.8224 -0.91863 1.6342 -3.4871 -1.0549 0.11061 0.016871 0.78165 -0.038448 -2.0723 0.61594 -0.94088 -3.6327 0.57402
6 40 192 0.69507 4.7791 -0.42776 0.53665 3.532 -0.28815 0.093276 3.4565 -1.1628 -0.53597 1.95 -1.2206 -0.44447 0.55444 -1.8699 0.98407 3.6366 0.58147 1.5491 2.1346 0.88754 2.7585 1.24 0.54913 -0.2707 -0.016871 -0.74157 0.74312 -1.8224 -1.0971 1.3791 -3.4871 -1.3716 0.2707 0.016871 0.74157 0.090453 -2.0723 0.61047 -0.80097 -3.6327 0.7571
6 41 180 0.75381 4.7816 -0.27039 0.57159 3.5344 -0.16668 0.3301 3.4533 -1.1167 -0.28159 1.9508 -1.3085 -0.12412 0.53896 -1.9083 0.81802 3.6446 0.7791 1.2594 2.1315 1.2088 2.4787 1.1888 1.1604 -0.1003 -0.017474 -0.78303 0.95437 -1.8304 -0.90688 1.628 -3.4986 -1.0252 0.1003 0.017474 0.78303 -0.14149 -2.0641 0.63195 -1.0877 -3.5986 0.60136
6 41 192 0.68112 4.7816 -0.42121 0.52445 3.5344 -0.28188 0.090724 3.4533 -1.1609 -0.5475 1.9508 -1.2214 -0.51816 0.53896 -1.8408 0.96213 3.6446 0.592 1.4832 2.1315 0.92051 2.6658 1.1888 0.61967 -0.26091 -0.017474 -0.74506 0.74497 -1.8304 -1.0855 1.3793 -3.4986 -1.3413 0.26091 0.017474 0.74506 -0.0070106 -2.0641 0.64756 -0.93887 -3.5986 0.81435
6 42 180 0.7361 4.7843 -0.26575 0.55823 3.5362 -0.16586 0.32924 3.4544 -1.1189 -0.28924 1.9547 -1.3114 -0.18436 0.53621 -1.9069 0.79207 3.6472 0.78302 1.1719 2.1237 1.2339 2.3348 1.1111 1.2264 -0.087967 -0.020017 -0.78445 0.98281 -1.8255 -0.87464 1.547 -3.535 -0.97515 0.087967 0.020018 0.78445 -0.23449 -2.0522 0.65755 -1.2331 -3.5533 0.63441
6 42 192 0.66476 4.7843 -0.41299 0.51155 3.5362 -0.27829 0.089418 3.4544 -1.1629 -0.55557 1.9547 -1.2226 -0.57679 0.53621 -1.8269 0.93757 3.6472 0.60123 1.4028 2.1237 0.96329 2.5388 1.1111 0.71413 -0.24914 -0.020017 -0.74902 0.77949 -1.8255 -1.0599 1.3104 -3.535 -1.2755 0.24914 0.020018 0.74902 -0.092653 -2.0522 0.69193 -1.0743 -3.5533 0.87693
6 43 180 0.72344 4.786 -0.25187 0.55442 3.5365 -0.15572 0.33817 3.4537 -1.1116 -0.28695 1.9566 -1.3032 -0.21205 0.5384 -1.9039 0.77537 3.6484 0.79613 1.0777 2.1144 1.2695 2.1601 1.017 1.3154 -0.072923 -0.019608 -0.786 0.99239 -1.8299 -0.83491 1.4492 -3.5724 -0.91213 0.072923 0.019608 0.786 -0.32515 -2.0412 0.69156 -1.3741 -3.5076 0.67779
6 59 192 0.61222 4.8082 -0.023249 0.4616 3.5523 -0.004017 0.33523 3.519 -0.97884 0.56743 2.0213 -1.5885 1.8948 1.3767 -2.0362 0.59217 3.615 0.9688 0.44767 2.0341 1.3545 1.193 0.69403 1.5169 -0.18746 0.038469 -0.76608 -0.41491 -2.0321 -0.49178 -1.0806 -3.6673 -0.12598 0.18746 -0.038469 0.76608 1.2333 -1.8107 0.34245 1.6016 -3.5644 0.14219
6 60 192 0.60612 4.8092 -0.0095801 0.45535 3.5532 0.0072882 0.30747 3.5274 -0.96473 0.539 2.0302 -1.5759 1.9079 1.4433 -1.9751 0.6075 3.6084 0.97742 0.47454 2.0257 1.3598 1.2112 0.68116 1.5245 -0.20593 0.043093 -0.76107 -0.55428 -2.0057 -0.45223 -1.2265 -3.6342 -0.068742 0.20593 -0.043093 0.76107 1.2415 -1.8121 0.29995 1.6771 -3.5451 0.059576
6 61 192 0.59899 4.8106 0.013126 0.44845 3.5543 0.023995 0.28202 3.5376 -0.94522 0.49156 2.0366 -1.5548 1.8772 1.4662 -1.9188 0.61917 3.6005 0.99151 0.49631 2.0158 1.3687 1.2093 0.65904 1.5378 -0.2233 0.047941 -0.75587 -0.6672 -1.9773 -0.41561 -1.3729 -3.586 -0.0094444 0.2233 -0.047941 0.75587 1.2336 -1.8265 0.27588 1.6554 -3.5595 0.011918
6 62 192 0.59926 4.8096 0.036255 0.4534 3.5527 0.041103 0.26396 3.5454 -0.924 0.42984 2.0373 -1.5299 1.8058 1.4329 -1.8751 0.64698 3.5895 1.0047 0.53129 2.0028 1.376 1.215 0.63138 1.5475 -0.24437 0.054033 -0.74891 -0.77049 -1.9468 -0.38246 -1.5148 -3.5336 0.04035 0.24437 -0.054033 0.74891 1.238 -1.836 0.24714 1.5653 -3.5914 -0.0023107
6 63 180 0.59299 4.806 0.15584 0.45671 3.5483 0.1191 0.45066 3.5565 -0.86439 0.66566 2.0366 -1.4235 2.0471 1.3549 -1.4906 0.46693 3.5697 1.1024 0.28081 1.9814 1.4359 0.88014 0.59372 1.7407 -0.11162 0.049093 -0.78015 -0.77242 -1.9296 -0.53068 -1.6386 -3.489 -0.26812 0.11162 -0.049093 0.78015 1.186 -1.8285 0.47392 1.4287 -3.608 0.31483
6 63 192 0.61243 4.806 0.029144 0.47149 3.5483 0.021542 0.26109 3.5565 -0.9392 0.35516 2.0366 -1.5308 1.6925 1.3549 -1.8836 0.68592 3.5697 0.98119 0.57321 1.9814 1.3461 1.2228 0.59372 1.5196 -0.27138 0.049093 -0.73989 -0.86588 -1.9296 -0.35849 -1.6585 -3.489 0.078429 0.27138 -0.049093 0.73989 1.2586 -1.8285 0.21698 1.463 -3.608 0.010906
6 64 180 0.60052 4.8031 0.13714 0.46913 3.5458 0.08025 0.44338 3.5712 -0.90263 0.56312 2.0375 -1.4524 1.8712 1.2294 -1.5689 0.49895 3.55 1.0633 0.31938 1.9589 1.3873 0.88269 0.5553 1.6877 -0.1228 0.031991 -0.77936 -0.78435 -1.9476 -0.53841 -1.7661 -3.4373 -0.27842 0.1228 -0.031991 0.77936 1.1926 -1.8154 0.48037 1.2921 -3.6087 0.32254
6 64 192 0.61591 4.8031 0.0092882 0.47556 3.5458 -0.019042 0.24602 3.5712 -0.97509 0.24883 2.0375 -1.5378 1.5041 1.2294 -1.9237 0.70912 3.55 0.93636 0.60083 1.9589 1.2905 1.2143 0.5553 1.4673 -0.28215 0.031991 -0.73679 -0.87916 -1.9476 -0.36357 -1.7854 -3.4373 0.09486 0.28215 -0.031991 0.73679 1.2664 -1.8154 0.22192 1.3309 -3.6087 0.046847
6 65 180 0.60881 4.799 0.16013 0.48107 3.5429 0.076765 0.44831 3.5872 -0.90524 0.45402 2.0422 -1.436 1.6459 1.0845 -1.6359 0.51782 3.5281 1.0595 0.35122 1.9342 1.3765 0.89377 0.52101 1.67 -0.12301 0.026989 -0.77951 -0.75941 -1.9627 -0.55482 -1.8552 -3.3736 -0.31079 0.12301 -0.026988 0.77951 1.1751 -1.8227 0.49168 1.1589 -3.6182 0.32837
6 66 180 0.61853 4.795 0.14531 0.49492 3.5394 0.048746 0.45096 3.5985 -0.93204 0.35594 2.0488 -1.4404 1.3808 0.93787 -1.7455 0.54284 3.5098 1.0307 0.39689 1.9126 1.3411 0.95149 0.50113 1.6199 -0.13615 0.017378 -0.7776 -0.66995 -2.0062 -0.59176 -1.8911 -3.3114 -0.35489 0.13615 -0.017378 0.7776 1.1205 -1.849 0.477 1.0015 -3.6417 0.32539
