2 7 48 2.8028 2.7171 -2.8606 1.9971 2.0506 -2.1538 1.3136 1.992 -2.8586 0.031591 1.7159 -1.8845 -1.1375 0.78388 -1.5073 2.6983 2.1239 -1.468 1.9618 1.7171 -0.067693 2.0117 0.6437 1.0382 -0.58418 -0.0050759 -0.53123 0.51132 -1.5194 -1.4909 -0.32703 -2.8623 -0.62792 0.58418 0.0050757 0.53123 1.6029 -1.5943 -0.37339 0.65839 -2.8258 0.54429
2 8 48 2.7697 2.8051 -2.807 1.9718 2.1052 -2.1245 1.299 2.0428 -2.8392 0.073756 1.4042 -1.9676 -0.80095 0.14683 -1.79 2.6621 2.183 -1.4283 2.0547 1.4022 -0.12817 2.3168 0.079658 0.62002 -0.57844 -0.01733 -0.53722 0.58041 -1.4641 -1.5263 -0.35294 -2.7125 -0.61998 0.57844 0.01733 0.53722 1.6469 -1.5486 -0.36861 0.63825 -2.7042 0.57912
2 8 60 2.1255 2.8051 -3.3215 1.487 2.1052 -2.488 0.68032 2.0428 -3.0473 -0.33695 1.4042 -1.94 -1.1556 0.14683 -1.5844 2.307 2.183 -1.9505 1.9832 1.4022 -0.55258 2.3951 0.079658 0.12478 -0.6775 -0.01733 -0.40521 0.2504 -1.4641 -1.6136 -0.47413 -2.7125 -0.53305 0.6775 0.01733 0.40521 1.5343 -1.5486 -0.70296 0.74471 -2.7042 0.43376
2 9 48 2.7011 2.9672 -2.706 1.9301 2.211 -2.0551 1.2649 2.1476 -2.7768 0.18282 1.1048 -2.1363 -0.14965 -0.39127 -2.3067 2.6127 2.2905 -1.3514 2.2227 1.1236 -0.27667 2.8008 -0.28579 -0.038006 -0.56947 -0.027252 -0.54632 0.6156 -1.4574 -1.5284 -0.38813 -2.6057 -0.56668 0.56947 0.027252 0.54632 1.6688 -1.5252 -0.34576 0.59936 -2.604 0.62548
2 9 60 2.0794 2.9672 -3.2085 1.4607 2.211 -2.4115 0.65993 2.1476 -2.9791 -0.26533 1.1048 -2.1276 -0.62596 -0.39127 -2.2252 2.2746 2.2905 -1.8651 2.1166 1.1236 -0.73276 2.7317 -0.28579 -0.6195 -0.67061 -0.027252 -0.41598 0.28438 -1.4574 -1.623 -0.49747 -2.6057 -0.4736 0.67061 0.027252 0.41598 1.5604 -1.5252 -0.68517 0.71631 -2.604 0.4872
2 10 60 2.014 3.171 -3.0536 1.4279 2.3442 -2.3051 0.62741 2.2904 -2.874 -0.099096 0.89263 -2.4416 0.15315 -0.49473 -3.0655 2.2412 2.4155 -1.7566 2.3023 0.95053 -1.0362 3.1061 -0.24212 -1.5923 -0.6664 -0.024077 -0.42288 0.29821 -1.4658 -1.6083 -0.51971 -2.531 -0.40534 0.6664 0.024077 0.42288 1.5658 -1.5389 -0.65534 0.66965 -2.5398 0.54713
2 31 60 2.0908 3.3583 -2.7782 1.5143 2.5098 -2.0478 0.71228 2.4763 -2.6161 0.27125 0.9049 -2.5452 0.52636 -0.39496 -3.3345 2.3293 2.5612 -1.4996 2.6104 1.0533 -0.93759 3.3046 -0.26391 -1.3387 -0.65183 0.038656 -0.44398 0.38758 -1.0066 -1.9411 -0.21916 -2.4392 -1.0298 0.65183 -0.038656 0.44398 1.743 -1.0124 -1.0645 1.0792 -2.3741 -0.086727
2 31 72 1.4675 3.3583 -3.1522 1.0555 2.5098 -2.3179 0.15281 2.4763 -2.707 -0.26386 0.9049 -2.546 -0.17842 -0.39496 -3.371 1.9667 2.5612 -1.9511 2.3584 1.0533 -1.4598 2.954 -0.26391 -1.9965 -0.7299 0.038656 -0.29876 -0.024462 -1.0066 -1.9793 -0.42849 -2.4392 -0.96175 0.7299 -0.038656 0.29876 1.4836 -1.0124 -1.4036 1.0376 -2.3741 -0.30921
2 32 60 2.222 3.0832 -2.9847 1.6142 2.3101 -2.1977 0.80626 2.2783 -2.7578 0.16794 0.80285 -2.4676 0.23447 -0.61789 -3.0632 2.4356 2.3578 -1.6589 2.5525 0.96049 -0.82078 3.0168 -0.50534 -0.9365 -0.65241 0.041699 -0.44286 0.36891 -1.07 -1.9041 -0.2218 -2.5028 -0.98273 0.65241 -0.041699 0.44286 1.6976 -1.108 -1.0353 1.0415 -2.4642 -0.044768
2 32 72 1.5528 3.0832 -3.3815 1.1219 2.3101 -2.4853 0.21526 2.2783 -2.8652 -0.34877 0.80285 -2.4486 -0.40753 -0.61789 -3.045 2.0375 2.3578 -2.1291 2.326 0.96049 -1.3335 2.7561 -0.50534 -1.5433 -0.73023 0.041699 -0.29754 -0.035039 -1.07 -1.9392 -0.42128 -2.5028 -0.91514 0.73023 -0.041699 0.29754 1.4452 -1.108 -1.3656 1.0095 -2.4642 -0.26034
2 33 60 2.3438 2.7665 -3.1912 1.7021 2.0883 -2.3437 0.88856 2.0622 -2.8957 0.057235 0.74715 -2.3976 -0.078293 -0.75167 -2.7335 2.5298 2.1283 -1.8138 2.492 0.91968 -0.71543 2.7047 -0.60015 -0.56529 -0.65135 0.040777 -0.4445 0.34111 -1.1647 -1.8503 -0.2466 -2.6282 -0.97636 0.65135 -0.040776 0.4445 1.6311 -1.2153 -0.99591 1.0389 -2.6047 -0.011224
2 33 72 1.629 2.7665 -3.6088 1.1777 2.0883 -2.6463 0.26709 2.0622 -3.0172 -0.4425 0.74715 -2.3571 -0.64491 -0.75167 -2.6575 2.0974 2.1283 -2.3002 2.2888 0.91968 -1.2179 2.5281 -0.60015 -1.1153 -0.72953 0.040777 -0.29936 -0.051028 -1.1647 -1.8807 -0.44421 -2.6282 -0.90375 0.72953 -0.040776 0.29936 1.3884 -1.2153 -1.3133 1.0139 -2.6047 -0.22698
2 34 60 2.4417 2.4375 -3.3792 1.7764 1.8579 -2.4765 0.96171 1.827 -3.0266 -0.023597 0.71782 -2.3428 -0.41031 -0.77292 -2.419 2.6058 1.9006 -1.9495 2.4419 0.91276 -0.65871 2.4264 -0.55689 -0.19228 -0.65157 0.03717 -0.44449 0.29375 -1.2951 -1.7657 -0.27135 -2.8089 -0.96573 0.65157 -0.03717 0.44449 1.5615 -1.3441 -0.92603 1.0268 -2.7841 0.017995
2 34 72 1.6858 2.4375 -3.813 1.2227 1.8579 -2.7917 0.31143 1.827 -3.1604 -0.51018 0.71782 -2.2867 -0.90428 -0.77292 -2.2808 2.1435 1.9006 -2.4487 2.2516 0.91276 -1.152 2.3334 -0.55689 -0.69255 -0.72975 0.03717 -0.2993 -0.079787 -1.2951 -1.7882 -0.46621 -2.8089 -0.88821 0.72975 -0.03717 0.2993 1.3349 -1.3441 -1.2305 1.0081 -2.7841 -0.19588
2 35 60 2.5121 2.1116 -3.5426 1.833 1.6199 -2.5984 1.0162 1.5767 -3.1445 -0.073768 0.69891 -2.3016 -0.69518 -0.70699 -2.1793 2.6648 1.673 -2.0762 2.4028 0.91684 -0.65205 2.214 -0.40448 0.12004 -0.6516 0.029358 -0.44504 0.23013 -1.4501 -1.6484 -0.30439 -3.0161 -0.93226 0.6516 -0.029358 0.44504 1.4857 -1.4875 -0.81692 1.0105 -2.9905 0.058253
2 36 60 2.5602 1.7903 -3.6815 1.8697 1.3833 -2.7055 1.0472 1.3333 -3.2425 -0.10312 0.68071 -2.2836 -0.89662 -0.62561 -2.0797 2.7071 1.4412 -2.1929 2.4003 0.93945 -0.66885 2.1146 -0.1934 0.33748 -0.65205 0.019832 -0.44489 0.17623 -1.585 -1.5185 -0.33831 -3.2003 -0.90458 0.65205 -0.019832 0.44489 1.4092 -1.6097 -0.70109 1.0048 -3.1745 0.098271
2 37 60 2.5803 1.4859 -3.7982 1.8861 1.1619 -2.7937 1.0563 1.1094 -3.319 -0.13855 0.63814 -2.3095 -1.0102 -0.62534 -2.1629 2.7309 1.2206 -2.2934 2.4229 0.95861 -0.71058 2.1655 0.016148 0.48239 -0.65449 0.014751 -0.44151 0.12145 -1.6882 -1.3966 -0.37373 -3.3432 -0.88023 0.65449 -0.014751 0.44151 1.3459 -1.6963 -0.61143 1.0002 -3.3059 0.12377
2 38 48 3.3198 1.2253 -3.2758 2.4335 0.97658 -2.4101 1.7188 0.91986 -3.0835 0.29175 0.55896 -2.3749 -0.5452 -0.71744 -2.594 3.1678 1.0379 -1.7587 2.5817 0.97668 -0.235 2.2156 0.167 1.0252 -0.55479 0.015441 -0.56166 0.32655 -1.7575 -1.2646 -0.22055 -3.4418 -0.92595 0.55479 -0.015441 0.56166 1.3789 -1.7636 -0.26243 0.92235 -3.3988 0.34461
2 38 60 2.5662 1.2253 -3.8944 1.8792 0.97658 -2.8634 1.0402 0.91986 -3.3734 -0.2084 0.55896 -2.3837 -1.0726 -0.71744 -2.424 2.7329 1.0379 -2.3788 2.4764 0.97668 -0.76664 2.3804 0.167 0.54212 -0.65945 0.015441 -0.43404 0.056485 -1.7575 -1.3049 -0.40825 -3.4418 -0.85986 0.65945 -0.015441 0.43404 1.2942 -1.7636 -0.54339 0.97384 -3.3988 0.14532
2 51 60 2.1027 1.5381 -4.0592 1.4996 1.1675 -3.0148 0.62826 1.1432 -3.4703 -0.26007 0.063454 -2.6255 -0.099352 -1.4386 -2.9349 2.384 1.1982 -2.5854 2.3423 0.18435 -1.3052 2.4188 -1.3456 -1.4817 -0.71099 0.027153 -0.34243 -0.16608 -1.8441 -1.1272 -0.5645 -3.5605 -0.74492 0.71099 -0.027153 0.34243 1.1094 -1.9098 -0.50083 0.80058 -3.5341 0.21841
2 52 48 2.8613 1.7059 -3.4905 2.0589 1.2953 -2.6071 1.3001 1.2824 -3.2327 0.13455 0.38669 -2.52 0.091599 -1.1502 -2.6376 2.8355 1.3159 -2.0039 2.4349 0.4526 -0.67616 2.4466 -1.0788 -0.49634 -0.62585 0.024885 -0.48083 0.050537 -1.8567 -1.1262 -0.41748 -3.572 -0.82694 0.62585 -0.024885 0.48082 1.1809 -1.9189 -0.2396 0.71747 -3.5405 0.39789
2 52 60 2.0731 1.7059 -4.0091 1.4719 1.2953 -2.9782 0.5996 1.2824 -3.4324 -0.39233 0.38669 -2.493 -0.45879 -1.1502 -2.599 2.3569 1.3159 -2.5497 2.2411 0.4526 -1.1676 2.2899 -1.0788 -0.99416 -0.71214 0.024885 -0.3402 -0.18471 -1.8567 -1.1121 -0.58029 -3.572 -0.72207 0.71214 -0.024885 0.3402 1.1053 -1.9189 -0.47989 0.78452 -3.5405 0.24002
2 53 48 2.8346 1.8393 -3.4459 2.0333 1.4033 -2.5728 1.277 1.3912 -3.2014 0.0069884 0.70495 -2.4365 -0.35709 -0.79304 -2.4025 2.8074 1.4239 -1.9664 2.348 0.73779 -0.55681 2.2726 -0.71267 -0.038977 -0.6265 0.024213 -0.48001 0.029274 -1.866 -1.1212 -0.43507 -3.5805 -0.81175 0.6265 -0.024213 0.48001 1.1778 -1.9261 -0.22233 0.70146 -3.5434 0.41647
2 53 60 2.0562 1.8393 -3.9599 1.4539 1.4033 -2.9393 0.58344 1.3912 -3.3969 -0.49975 0.70495 -2.3847 -0.8488 -0.79304 -2.2758 2.3372 1.4239 -2.5071 2.181 0.73779 -1.0328 2.2149 -0.71267 -0.51063 -0.71261 0.024213 -0.33926 -0.20449 -1.866 -1.1028 -0.59434 -3.5805 -0.70355 0.71261 -0.024213 0.33926 1.1059 -1.9261 -0.46235 0.77272 -3.5434 0.26153
2 54 48 2.8172 1.9289 -3.4098 2.0127 1.4864 -2.5418 1.2622 1.471 -3.1773 -0.082256 1.007 -2.3736 -0.77588 -0.36042 -2.2103 2.7811 1.5108 -1.9283 2.2952 1.0239 -0.44655 2.1633 -0.27887 0.36773 -0.6292 0.027229 -0.4763 0.0085337 -1.8727 -1.1071 -0.4439 -3.5904 -0.79789 0.6292 -0.027229 0.4763 1.1679 -1.9391 -0.20853 0.68762 -3.5536 0.43454
2 55 36 3.4726 1.9539 -2.7211 2.4973 1.5168 -2.0469 1.9023 1.4961 -2.8298 0.37067 1.2608 -2.3126 -0.63945 0.097194 -2.2545 3.1144 1.5466 -1.2816 2.313 1.2672 0.11424 1.9368 0.15284 1.1114 -0.51409 0.025459 -0.5988 0.23686 -1.8799 -1.0676 -0.27311 -3.5968 -0.85984 0.51409 -0.025459 0.5988 1.1698 -1.9461 0.055443 0.57034 -3.5638 0.57946
2 55 48 2.831 1.9539 -3.3836 2.0171 1.5168 -2.5213 1.2724 1.4961 -3.1634 -0.11825 1.2608 -2.3392 -1.0942 0.097194 -2.0723 2.7799 1.5466 -1.9011 2.2863 1.2672 -0.36917 2.1256 0.15284 0.68446 -0.62735 0.025459 -0.47883 0.0097146 -1.8799 -1.0935 -0.44591 -3.5968 -0.78426 0.62735 -0.025459 0.47883 1.1558 -1.9461 -0.18899 0.67836 -3.5638 0.44822
2 56 36 3.4977 1.9422 -2.6936 2.5115 1.5224 -2.0235 1.9251 1.4976 -2.8127 0.37703 1.4758 -2.2913 -0.85626 0.55327 -2.2163 3.1205 1.556 -1.2518 2.3086 1.4847 0.16397 1.9072 0.56874 1.3377 -0.50767 0.021492 -0.6044 0.25187 -1.8831 -1.0624 -0.27559 -3.5939 -0.84765 0.50768 -0.021492 0.6044 1.1616 -1.945 0.068906 0.56535 -3.5647 0.59046
2 56 48 2.8613 1.9422 -3.3619 2.036 1.5224 -2.5015 1.2982 1.4976 -3.1514 -0.10759 1.4758 -2.3196 -1.2983 0.55327 -1.9898 2.792 1.556 -1.8733 2.2922 1.4847 -0.31959 2.1437 0.56874 0.91191 -0.62224 0.021492 -0.48564 0.02548 -1.8831 -1.0916 -0.44581 -3.5939 -0.77183 0.62224 -0.021492 0.48564 1.1505 -1.945 -0.1741 0.67576 -3.5647 0.46001
2 57 36 3.5372 1.8792 -2.6852 2.5415 1.482 -2.0158 1.9568 1.4539 -2.8062 0.41767 1.6198 -2.2844 -0.95984 0.93059 -2.2129 3.1487 1.5184 -1.2429 2.3264 1.6398 0.1634 1.9322 0.9053 1.4606 -0.5012 0.016918 -0.60993 0.28935 -1.8724 -1.0787 -0.26631 -3.5716 -0.84484 0.5012 -0.016918 0.60993 1.1797 -1.9307 0.070054 0.56979 -3.5446 0.59354
2 57 48 2.9016 1.8792 -3.362 2.0668 1.482 -2.5001 1.3306 1.4539 -3.1517 -0.066419 1.6198 -2.3213 -1.3989 0.93059 -1.965 2.8215 1.5184 -1.8704 2.3095 1.6398 -0.32385 2.1937 0.9053 1.027 -0.61706 0.016918 -0.49239 0.058748 -1.8724 -1.1153 -0.43615 -3.5716 -0.77101 0.61706 -0.016918 0.49239 1.1685 -1.9307 -0.17675 0.68074 -3.5446 0.46211
2 58 36 3.5924 1.7787 -2.6796 2.5828 1.4074 -2.0158 2.0077 1.3749 -2.813 0.4961 1.6954 -2.2828 -0.95976 1.1902 -2.2296 3.1809 1.4475 -1.236 2.3468 1.7422 0.13739 1.9815 1.1201 1.5002 -0.49517 0.012627 -0.61493 0.35024 -1.8454 -1.1123 -0.24744 -3.5255 -0.84624 0.49517 -0.012627 0.61493 1.2303 -1.9024 0.064746 0.58546 -3.5005 0.59486
2 58 48 2.9568 1.7787 -3.368 2.1073 1.4074 -2.5087 1.379 1.3749 -3.1689 0.010648 1.6954 -2.336 -1.4023 1.1902 -1.9814 2.8544 1.4475 -1.8703 2.3241 1.7422 -0.35354 2.2501 1.1201 1.0554 -0.6122 0.012627 -0.49854 0.11133 -1.8454 -1.1608 -0.41797 -3.5255 -0.7763 0.6122 -0.012627 0.49854 1.2168 -1.9024 -0.19246 0.69635 -3.5005 0.46014
2 59 36 3.653 1.6634 -2.6725 2.6283 1.3187 -2.0185 2.0594 1.279 -2.8199 0.58184 1.712 -2.274 -0.90752 1.3134 -2.2492 3.2203 1.3656 -1.2345 2.3661 1.7821 0.094288 2.0302 1.1928 1.479 -0.48878 0.010248 -0.62007 0.428 -1.8044 -1.1499 -0.22858 -3.4552 -0.84217 0.48878 -0.010248 0.62007 1.3001 -1.8631 0.051733 0.59617 -3.4329 0.59109
2 59 48 3.0175 1.6634 -3.3736 2.1512 1.3187 -2.5208 1.4282 1.279 -3.1864 0.09633 1.712 -2.3453 -1.3553 1.3134 -2.0113 2.8933 1.3656 -1.877 2.334 1.7821 -0.39971 2.2933 1.1928 1.0246 -0.60702 0.010248 -0.5049 0.17956 -1.8044 -1.2138 -0.39868 -3.4552 -0.77624 0.60702 -0.010248 0.5049 1.2825 -1.8631 -0.21971 0.70604 -3.4329 0.45422
2 60 48 3.0658 1.5685 -3.3793 2.1893 1.2386 -2.5319 1.4673 1.1953 -3.1984 0.15924 1.6679 -2.3415 -1.2982 1.2769 -2.0243 2.9304 1.2887 -1.8872 2.3251 1.7386 -0.4381 2.3008 1.1176 0.97308 -0.60415 0.010645 -0.50831 0.25025 -1.7535 -1.2646 -0.38356 -3.3666 -0.76719 0.60415 -0.010645 0.50831 1.3493 -1.8188 -0.25955 0.71154 -3.3453 0.4573
2 61 48 3.102 1.5293 -3.3668 2.2175 1.1956 -2.5293 1.5039 1.1451 -3.2043 0.2001 1.5626 -2.3129 -1.232 1.0738 -2.0166 2.9505 1.253 -1.876 2.2942 1.6294 -0.42811 2.2989 0.8901 0.92504 -0.60035 0.0082362 -0.51284 0.322 -1.6987 -1.3191 -0.37799 -3.2607 -0.75253 0.60035 -0.0082364 0.51284 1.4112 -1.7684 -0.29882 0.70362 -3.239 0.46754
2 62 48 3.115 1.5726 -3.3396 2.2309 1.2132 -2.5121 1.5237 1.1632 -3.1938 0.20252 1.4061 -2.2643 -1.1469 0.70331 -2.0135 2.9575 1.2707 -1.8517 2.2516 1.4354 -0.38764 2.3209 0.49515 0.83251 -0.59467 -0.0022628 -0.51949 0.3935 -1.6419 -1.3851 -0.3795 -3.1332 -0.72992 0.59467 0.0022628 0.51949 1.4758 -1.7072 -0.32643 0.69027 -3.1108 0.48827
2 63 48 3.0949 1.7299 -3.2832 2.2162 1.3166 -2.4751 1.5193 1.2596 -3.1668 0.18496 1.18 -2.2278 -0.98125 0.18074 -2.0895 2.9325 1.3824 -1.8043 2.2276 1.1872 -0.34359 2.4199 -0.0037353 0.61682 -0.59121 -0.012081 -0.52328 0.44114 -1.5914 -1.4475 -0.4086 -2.9925 -0.69513 0.59121 0.012081 0.52328 1.5439 -1.648 -0.34328 0.67701 -2.9694 0.52456
2 63 60 2.3446 1.7299 -3.8549 1.6532 1.3166 -2.8818 0.82771 1.2596 -3.4135 -0.28226 1.18 -2.2175 -1.3942 0.18074 -1.8398 2.4933 1.3824 -2.3746 2.1075 1.1872 -0.79922 2.4952 -0.0037353 0.10022 -0.68709 -0.012081 -0.38893 0.13055 -1.5914 -1.5076 -0.5442 -2.9925 -0.59498 0.68709 0.012081 0.38893 1.4388 -1.648 -0.65677 0.77128 -2.9694 0.37234
2 64 48 3.0339 2.0029 -3.1827 2.1704 1.5079 -2.4058 1.48 1.4472 -3.1037 0.20056 0.91296 -2.2398 -0.61067 -0.39513 -2.3319 2.8798 1.579 -1.7283 2.2744 0.91435 -0.36434 2.671 -0.47942 0.16268 -0.58715 -0.018372 -0.52765 0.47876 -1.5341 -1.518 -0.44863 -2.8297 -0.67401 0.58715 0.018372 0.52765 1.6092 -1.594 -0.34977 0.6609 -2.82 0.57138
2 64 60 2.3059 2.0029 -3.7439 1.6228 1.5079 -2.8045 0.80237 1.4472 -3.3436 -0.26951 0.91296 -2.2326 -1.0822 -0.39513 -2.154 2.4575 1.579 -2.2893 2.1489 0.91435 -0.82925 2.6465 -0.47942 -0.39621 -0.68403 -0.018372 -0.39404 0.15269 -1.5341 -1.5844 -0.57896 -2.8297 -0.56601 0.68403 0.018372 0.39404 1.5013 -1.594 -0.6767 0.76525 -2.82 0.42148
2 65 60 2.2231 2.3653 -3.5804 1.5718 1.7516 -2.6918 0.75587 1.6898 -3.2376 -0.16265 0.6498 -2.3753 -0.49993 -0.79805 -2.7848 2.4016 1.826 -2.1692 2.2508 0.67543 -1.0193 2.8824 -0.72126 -1.1867 -0.6811 -0.019672 -0.39901 0.16995 -1.469 -1.6597 -0.59239 -2.6744 -0.55658 0.6811 0.019672 0.39901 1.5584 -1.5538 -0.68206 0.7481 -2.68 0.46953
2 66 60 2.1027 2.7471 -3.3763 1.5011 2.0097 -2.5524 0.68918 1.9504 -3.1044 0.082599 0.49018 -2.6939 0.28249 -0.70183 -3.6515 2.3264 2.0838 -2.0226 2.4174 0.57717 -1.3975 3.1442 -0.55439 -2.1519 -0.67991 -0.016834 -0.40117 0.1648 -1.4613 -1.6717 -0.62034 -2.5888 -0.50417 0.67991 0.016834 0.40117 1.5968 -1.5408 -0.66988 0.71597 -2.5713 0.51889
2 67 60 1.9667 3.0711 -3.175 1.4133 2.2381 -2.4132 0.6026 2.1827 -2.9674 0.40421 0.57341 -3.166 1.0156 0.045649 -4.4795 2.2366 2.3102 -1.8801 2.6216 0.72285 -1.8543 3.3524 0.16178 -3.0907 -0.68051 -0.014904 -0.40023 0.14545 -1.5057 -1.6289 -0.6645 -2.5751 -0.42413 0.68051 0.014904 0.40023 1.5894 -1.5822 -0.61835 0.66525 -2.5453 0.59373
