0 12 0 -0.62905 4.7479 -0.58048 -0.25756 3.5455 -0.46668 -0.92034 3.4861 0.25758 -0.79035 2.6451 1.652 -1.1738 2.8676 3.1289 0.39878 3.6339 -1.1938 -0.49198 2.4813 -1.9333 -2.0199 2.5625 -1.7423 -0.78748 -0.051195 0.027526 -0.18285 -1.7155 -1.1034 -0.28324 -3.4998 -1.3419 0.78748 0.051195 -0.027526 0.43357 -1.9782 0.38535 -0.39165 -3.3486 1.2173
0 13 0 -0.62796 4.749 -0.57962 -0.25556 3.5459 -0.47458 -0.88918 3.496 0.27601 -0.72783 2.6315 1.6528 -1.055 2.7994 3.1503 0.37145 3.6247 -1.2282 -0.64499 2.4846 -1.8076 -2.0983 2.634 -1.3145 -0.78618 -0.046401 0.057161 -0.22323 -1.7182 -1.0841 -0.28813 -3.5007 -1.3474 0.78618 0.046401 -0.057161 0.41926 -1.9779 0.36934 -0.39184 -3.3466 1.2176
0 14 0 -0.61873 4.7451 -0.61778 -0.2474 3.542 -0.50754 -0.87174 3.5022 0.25138 -0.72725 2.6093 1.6117 -1.0843 2.7391 3.1062 0.37023 3.6107 -1.2699 -0.71102 2.472 -1.7204 -2.0716 2.6952 -1.0301 -0.78493 -0.039922 0.076118 -0.26005 -1.7237 -1.0657 -0.2995 -3.5023 -1.3588 0.78493 0.039922 -0.076118 0.4058 -1.9819 0.35141 -0.39336 -3.3508 1.2106
0 15 0 -0.58077 4.7463 -0.65314 -0.22019 3.541 -0.5281 -0.85922 3.5078 0.21883 -0.77392 2.5945 1.5706 -1.2182 2.7051 3.043 0.41222 3.603 -1.2788 -0.69636 2.4694 -1.6723 -1.9798 2.7527 -0.86602 -0.78578 -0.032722 0.070547 -0.27558 -1.7313 -1.0558 -0.29984 -3.508 -1.3623 0.78578 0.032722 -0.070547 0.41148 -1.9935 0.34027 -0.38954 -3.3568 1.2067
0 16 12 -0.67047 4.7499 -0.55538 -0.30138 3.5427 -0.47822 -0.81471 3.5134 0.36024 -0.54191 2.584 1.6758 -0.8106 2.6857 3.1908 0.20477 3.6008 -1.3195 -0.96441 2.4746 -1.5026 -2.0177 2.786 -0.42031 -0.75965 -0.032658 0.213 -0.48396 -1.7371 -0.98413 -0.57373 -3.5147 -1.2725 0.75965 0.032658 -0.213 0.47988 -1.9965 0.25452 -0.12964 -3.3644 1.2587
0 17 12 -0.60941 4.7532 -0.59583 -0.25195 3.544 -0.49402 -0.82285 3.5096 0.30614 -0.68582 2.574 1.6383 -1.1297 2.676 3.1115 0.31211 3.6073 -1.2973 -0.84254 2.4895 -1.5906 -1.94 2.7971 -0.55202 -0.76957 -0.027241 0.17469 -0.47131 -1.7439 -0.99942 -0.56543 -3.5228 -1.2778 0.76957 0.027241 -0.17469 0.50139 -2.0116 0.25609 -0.12804 -3.3774 1.2507
0 18 24 -0.64286 4.7605 -0.51304 -0.28972 3.5469 -0.45 -0.77191 3.5081 0.40636 -0.51286 2.5718 1.7197 -0.84767 2.6852 3.2206 0.18551 3.6147 -1.3084 -0.99374 2.5071 -1.5349 -1.9928 2.7874 -0.39422 -0.73912 -0.022707 0.27692 -0.64342 -1.7482 -0.91799 -0.80127 -3.5295 -1.1478 0.73912 0.022707 -0.27692 0.57479 -2.0282 0.1488 0.13438 -3.3943 1.2399
0 63 204 -0.51519 4.8097 -0.14314 -0.33224 3.5692 -0.00047479 -0.63122 3.5539 0.9364 -1.6433 2.2722 0.89579 -2.5602 2.4938 -0.32397 -0.037658 3.6139 -0.9378 0.57209 2.5992 -2.0636 0.32648 2.3267 -3.5613 0.053589 0.016473 0.78763 -0.21102 -2.0485 1.071 0.53581 -3.6857 1.1827 -0.053588 -0.016473 -0.78763 -0.78603 -1.9855 -0.81197 -0.28202 -3.678 -1.1757
0 64 204 -0.52025 4.8117 -0.088408 -0.33289 3.5691 0.026162 -0.5325 3.5459 0.98896 -1.5122 2.2432 1.0969 -2.646 2.4428 0.070955 -0.13779 3.6216 -0.9364 0.3134 2.5921 -2.1218 -0.16274 2.308 -3.5606 0.10746 0.01641 0.7821 -0.17108 -2.0428 1.0925 0.54356 -3.6943 1.205 -0.10746 -0.01641 -0.7821 -0.80706 -1.9975 -0.77314 -0.27502 -3.6782 -1.1516
0 66 192 -0.51348 4.8156 -0.086003 -0.33595 3.5691 0.013085 -0.55848 3.5409 0.97071 -1.4674 2.1925 1.1277 -2.7654 2.3543 0.31128 -0.11804 3.6268 -0.94428 0.26934 2.5502 -2.1103 -0.3585 2.2269 -3.481 0.04106 0.012561 0.78845 -0.3216 -2.035 1.0889 0.29528 -3.7083 1.3544 -0.041061 -0.012561 -0.78845 -0.66338 -2.0182 -0.85621 -0.020214 -3.6809 -1.1252
0 68 180 -0.50307 4.8207 -0.078331 -0.33173 3.5704 -0.0075718 -0.59775 3.5282 0.93838 -1.4159 2.1221 1.0873 -2.8408 2.2449 0.51077 -0.07038 3.642 -0.95305 0.24537 2.4881 -2.0656 -0.51733 2.1057 -3.35 -0.058272 0.0053759 0.78745 -0.50752 -2.0306 1.0465 0.0026761 -3.7105 1.4572 0.058272 -0.0053763 -0.78745 -0.49814 -2.028 -0.90377 0.2085 -3.6816 -1.0356
0 69 180 -0.50911 4.8218 -0.054231 -0.33708 3.5698 -0.017266 -0.53483 3.5182 0.94481 -1.2873 2.0842 1.1596 -2.7928 2.1819 0.84069 -0.14412 3.6508 -0.97829 0.0067242 2.4473 -2.0726 -0.93118 2.0232 -3.2207 -0.033621 0.011395 0.78882 -0.49518 -2.0194 1.0665 0.0036012 -3.7025 1.4779 0.033622 -0.011395 -0.78882 -0.52158 -2.036 -0.87369 0.20451 -3.6809 -1.0068
0 71 168 -0.51968 4.8198 -0.12955 -0.35497 3.5661 -0.11154 -0.62912 3.4975 0.83053 -1.2708 2.0019 0.97258 -2.8009 2.0085 0.78234 -0.085801 3.6641 -1.0524 -0.0516 2.3555 -2.0298 -1.0245 1.8133 -3.0962 -0.1597 0.021043 0.77301 -0.7544 -1.9861 0.95163 -0.32217 -3.6744 1.4139 0.1597 -0.021043 -0.77302 -0.38429 -2.0442 -0.93152 0.38181 -3.6761 -0.89825
0 72 168 -0.51695 4.82 -0.1295 -0.34854 3.5661 -0.12999 -0.56723 3.4991 0.82659 -1.137 1.9762 0.98438 -2.6774 1.9138 0.95757 -0.13484 3.6626 -1.0852 -0.2429 2.3042 -1.9863 -1.3285 1.7016 -2.9005 -0.13659 0.030828 0.7771 -0.76506 -1.967 0.94443 -0.31237 -3.6687 1.3318 0.13659 -0.030828 -0.7771 -0.41136 -2.0549 -0.90838 0.37944 -3.675 -0.8788
0 75 156 -0.45411 4.8252 -0.18966 -0.30283 3.5694 -0.18544 -0.58026 3.5088 0.75622 -0.96624 1.9246 0.85647 -2.4632 1.5753 0.73478 -0.030458 3.6593 -1.1262 -0.28512 2.1702 -1.7478 -1.4071 1.3938 -2.466 -0.22844 0.033689 0.7551 -0.86072 -1.9688 0.68903 -0.42959 -3.686 1.0303 0.22844 -0.033688 -0.7551 -0.22766 -2.0774 -0.92641 0.5763 -3.6825 -0.75782
0 76 156 -0.44416 4.8277 -0.16265 -0.3015 3.5709 -0.16037 -0.54661 3.515 0.7905 -0.85129 1.9134 0.89307 -2.309 1.4198 0.79745 -0.061315 3.6562 -1.1103 -0.35771 2.1322 -1.6185 -1.5002 1.2925 -2.2246 -0.21677 0.027959 0.75877 -0.82703 -1.9807 0.67311 -0.38747 -3.6978 1.0033 0.21677 -0.027959 -0.75877 -0.20975 -2.0785 -0.92455 0.5973 -3.6826 -0.76113
0 92 168 -0.34432 4.7848 -0.28557 -0.19418 3.5555 -0.14366 -0.34564 3.5848 0.82771 0.032789 3.3443 2.3986 0.52159 4.5739 3.1903 -0.041169 3.556 -1.1152 0.52195 3.3356 -2.6328 0.77828 4.6191 -3.4481 -0.13646 0.01861 0.77752 -0.52857 -2.0433 0.68167 0.068182 -3.7414 0.78799 0.13646 -0.01861 -0.77751 -0.17204 -2.0836 -1.0117 0.6026 -3.7082 -1.1191
3 54 252 -0.096032 4.8247 -0.076746 -0.25975 3.5745 -0.038105 -0.63008 3.5847 0.873 0.099654 2.3963 1.7238 0.11644 0.91274 2.144 0.11176 3.5942 -0.94857 -0.63064 2.4549 -1.8539 -1.8386 3.331 -2.2423 -0.40818 -0.036708 0.67493 -1.737 -1.2839 -0.37046 -0.73856 -2.7594 -0.09287 0.40818 0.036708 -0.67493 0.91157 -1.9212 -0.10254 1.3368 -3.5953 0.41468
3 55 252 -0.11298 4.8231 -0.059205 -0.2874 3.5745 -0.020453 -0.6626 3.5855 0.88865 0.059669 2.385 1.7288 0.10004 0.89794 2.1346 0.089273 3.5933 -0.92882 -0.61142 2.4119 -1.8132 -1.8665 3.2129 -2.2143 -0.40432 -0.044847 0.67677 -1.5646 -1.511 -0.28161 -0.85852 -3.1689 -0.2187 0.40432 0.044847 -0.67677 0.97065 -1.8889 -0.081673 1.4481 -3.5428 0.45461
3 56 252 -0.10013 4.8219 -0.028232 -0.28876 3.5752 0.0060261 -0.66917 3.5876 0.91294 0.042086 2.3666 1.7327 0.074332 0.86968 2.1015 0.093496 3.5925 -0.90003 -0.52953 2.3482 -1.7557 -1.8641 3.0008 -2.1689 -0.40801 -0.054006 0.67388 -1.3686 -1.6961 -0.21769 -0.88403 -3.4324 -0.25669 0.40801 0.054006 -0.67388 1.0468 -1.8508 -0.059205 1.5818 -3.4818 0.49268
4 53 288 -0.86264 4.64 -1.0699 -0.66207 3.4022 -0.90454 -1.0876 3.5058 -0.023882 -0.98437 2.2623 1.0305 -2.2386 1.9368 0.19466 -0.24206 3.3273 -1.7907 0.85122 2.1163 -1.7076 -0.40688 1.4504 -2.3004 -0.24829 0.16501 0.73118 0.025421 -1.8774 1.1409 0.97891 -3.3233 1.6421 0.24829 -0.16501 -0.73118 -0.97645 -1.8713 -0.67638 -0.55626 -3.4714 0.040418
4 54 288 -0.74949 4.639 -1.1662 -0.57275 3.4028 -0.96339 -1.0425 3.5259 -0.10808 -0.94562 2.2585 0.91814 -2.1876 1.8346 0.10852 -0.10781 3.3084 -1.825 0.96042 2.0856 -1.6452 -0.28368 1.451 -2.2988 -0.29222 0.1708 0.7134 -0.030039 -1.8646 1.1638 1.0167 -3.1996 1.7744 0.29222 -0.1708 -0.7134 -0.87216 -1.919 -0.66407 -0.58749 -3.5373 0.078037
5 10 132 -0.66877 4.7799 -0.48366 -0.46453 3.5357 -0.36767 -0.84338 3.5913 0.53827 -0.54707 2.1024 1.1416 -1.2982 0.81481 1.5361 -0.090931 3.5092 -1.2771 -0.12258 1.9104 -1.6114 -0.92324 0.67978 -2.0827 -0.34851 0.0062585 0.70852 -1.2757 -1.8377 0.31529 -0.2015 -3.1612 0.903 0.34851 -0.0062585 -0.70852 -0.31913 -1.9949 -0.82575 0.3708 -3.557 -0.24705
5 11 132 -0.69755 4.777 -0.47332 -0.47853 3.5345 -0.36585 -0.85324 3.5802 0.54237 -0.54107 2.0876 1.1284 -1.2783 0.79165 1.5215 -0.10936 3.5178 -1.2773 -0.17029 1.9272 -1.6449 -1.034 0.74013 -2.1167 -0.35546 0.0040908 0.70507 -1.3869 -1.7631 0.22796 -0.52836 -3.258 0.75619 0.35546 -0.0040913 -0.70507 -0.23914 -2.0178 -0.78046 0.48185 -3.5542 -0.17176
5 12 132 -0.72524 4.7739 -0.46779 -0.49392 3.5332 -0.36355 -0.87487 3.571 0.54244 -0.54794 2.0767 1.1161 -1.2502 0.76354 1.5162 -0.11876 3.5245 -1.2727 -0.19503 1.9409 -1.6666 -1.114 0.80403 -2.1573 -0.36841 0.0008111 0.6984 -1.4436 -1.72 0.15351 -0.85969 -3.3653 0.60404 0.36841 -0.0008111 -0.6984 -0.13317 -2.0409 -0.72801 0.59931 -3.5604 -0.091413
5 36 180 -0.7611 4.7739 -0.39289 -0.48734 3.5396 -0.32243 -0.91441 3.5405 0.56356 -1.239 2.0562 1.1637 -2.5317 1.2158 1.1809 -0.066289 3.5678 -1.2108 0.34746 1.9928 -1.3408 0.053091 0.55874 -1.8252 -0.29738 0.032823 0.73074 -0.22971 -2.067 0.71359 0.77147 -3.5219 1.0767 0.29738 -0.032823 -0.73074 -0.83122 -1.7528 -1.1577 -0.89297 -3.5409 -0.93507
5 37 180 -0.69498 4.7829 -0.41841 -0.45108 3.5438 -0.32724 -0.89326 3.5672 0.55098 -1.1728 2.078 1.1616 -2.4498 1.2138 1.1555 -0.014313 3.5495 -1.2085 0.37852 1.9675 -1.3165 0.098845 0.52616 -1.7877 -0.30336 0.028316 0.72847 -0.15174 -2.0669 0.76477 0.89606 -3.4768 1.1715 0.30336 -0.028317 -0.72847 -0.80195 -1.7586 -1.1744 -0.81895 -3.5393 -0.89224
5 50 204 -0.69831 4.7833 -0.36844 -0.43935 3.546 -0.30112 -0.78649 3.5765 0.61862 -0.41812 2.0853 1.1749 -0.92204 0.728 1.7054 -0.097399 3.5448 -1.2233 -0.013093 1.9383 -1.5077 -0.96517 0.82974 -1.9999 -0.3217 0.0075855 0.72108 -1.3289 -1.7676 0.22259 -1.41 -3.504 0.70138 0.3217 -0.007586 -0.72108 -0.19907 -2.041 -0.63074 0.61185 -3.5072 0.035424
5 52 216 -0.74279 4.7853 -0.22935 -0.47019 3.5501 -0.18973 -0.73557 3.5789 0.75689 -0.32793 2.0873 1.2837 -0.80032 0.74908 1.8868 -0.21027 3.5504 -1.1383 -0.17158 1.9465 -1.4459 -1.1128 0.7783 -1.8024 -0.23381 -0.0063405 0.75418 -1.4022 -1.702 0.33713 -1.7045 -3.4678 0.54072 0.23381 0.0063405 -0.75418 -0.065241 -2.0601 -0.52076 0.87941 -3.4964 0.023016
5 55 228 -0.77701 4.7833 -0.076113 -0.48999 3.551 -0.070232 -0.70264 3.568 0.8899 -0.2639 2.088 1.4247 -0.77383 0.79912 2.1003 -0.28301 3.5633 -1.0317 -0.20297 1.9661 -1.365 -0.93983 0.65538 -1.7068 -0.18872 -0.028985 0.76619 -1.385 -1.6985 0.32368 -1.8034 -3.447 0.46129 0.18872 0.028985 -0.76619 0.18083 -2.0571 -0.51606 1.2614 -3.4271 -0.061862
5 58 240 -0.82052 4.7766 0.021446 -0.52885 3.5466 -0.039143 -0.70075 3.5166 0.9288 -0.2582 2.0358 1.458 -0.64785 0.7301 2.1799 -0.36293 3.6059 -1.0068 -0.15056 2.0263 -1.3654 -0.65196 0.64311 -1.8268 -0.17485 -0.020974 0.76973 -1.3162 -1.7383 0.36662 -1.4176 -3.512 0.67392 0.17485 0.020974 -0.76973 0.25207 -2.0725 -0.60994 1.5468 -3.2937 -0.32157
5 60 252 -0.86424 4.7636 0.13425 -0.55785 3.5421 0.013551 -0.68875 3.4808 0.98642 -0.24789 1.9896 1.487 -0.48757 0.65598 2.2231 -0.43321 3.6326 -0.95786 -0.18773 2.0723 -1.375 -0.68798 0.69054 -1.842 -0.13135 -0.018205 0.77841 -1.2091 -1.8085 0.55993 -1.0414 -3.574 0.88526 0.13135 0.018205 -0.77841 0.086788 -2.0823 -0.77405 1.5389 -3.1307 -0.5663
5 61 252 -0.91777 4.7519 0.055485 -0.58574 3.5362 -0.055286 -0.81258 3.4556 0.89834 -0.43599 1.9635 1.4466 -0.73618 0.62314 2.1474 -0.36566 3.6459 -1.0076 -0.066478 2.0944 -1.4223 -0.56803 0.72904 -1.9341 -0.19656 -0.0079603 0.76472 -1.1751 -1.8492 0.50716 -0.95275 -3.6091 0.83042 0.19656 0.0079603 -0.76472 0.041802 -2.0857 -0.84877 1.5282 -3.0277 -0.45649
5 63 264 -1.0007 4.7311 0.16607 -0.64081 3.5281 0.016504 -0.83774 3.4281 0.97493 -0.53646 1.9243 1.5376 -0.8991 0.58629 2.2128 -0.45122 3.657 -0.93996 -0.14591 2.1161 -1.3883 -0.78967 0.80167 -1.8737 -0.1593 -0.018999 0.77315 -1.032 -1.9236 0.61478 -0.61113 -3.6543 0.89542 0.1593 0.018999 -0.77315 -0.28898 -2.028 -0.92459 1.1757 -2.9825 -0.48363
5 64 264 -1.0278 4.7273 0.10382 -0.6543 3.5254 -0.018892 -0.93202 3.4214 0.91888 -0.74897 1.9085 1.5075 -1.2415 0.59035 2.1379 -0.38415 3.6582 -0.95524 -0.043696 2.1174 -1.3779 -0.69105 0.82733 -1.9204 -0.21835 -0.021123 0.75854 -1.032 -1.9462 0.5429 -0.53422 -3.6525 0.84531 0.21835 0.021123 -0.75854 -0.37835 -1.9807 -0.98457 0.94681 -3.0641 -0.41808
5 74 288 -0.83142 4.7652 -0.16859 -0.50876 3.5437 -0.20319 -0.85771 3.5145 0.71591 -1.3067 2.044 1.2678 -2.6376 1.2733 1.3801 -0.16597 3.6021 -1.1232 0.18553 2.0279 -1.3827 -0.13525 0.59054 -1.8395 -0.18464 0.029886 0.76715 -0.19111 -2.067 0.63489 0.71908 -3.6221 0.69719 0.18464 -0.029886 -0.76715 -0.994 -1.7504 -1.0219 -0.84459 -3.4861 -0.55715
5 75 288 -0.806 4.77 -0.22036 -0.49218 3.5459 -0.2202 -0.86057 3.5405 0.69174 -1.2825 2.0603 1.2394 -2.6214 1.2958 1.2589 -0.12968 3.5804 -1.1338 0.22418 2.0017 -1.3602 -0.062453 0.55247 -1.802 -0.1944 0.02582 0.76488 -0.14653 -2.071 0.64055 0.81569 -3.5935 0.72471 0.1944 -0.02582 -0.76488 -0.97274 -1.7483 -1.0565 -0.7647 -3.4641 -0.54283
5 76 288 -0.76001 4.7764 -0.28104 -0.45782 3.5495 -0.249 -0.84707 3.563 0.65414 -1.2093 2.0729 1.2174 -2.5304 1.2801 1.1552 -0.07413 3.5652 -1.1545 0.27524 1.9815 -1.3502 1.2102e-05 0.52578 -1.7779 -0.2157 0.026851 0.75911 -0.099275 -2.068 0.64723 0.91375 -3.555 0.76283 0.2157 -0.026851 -0.75911 -0.94036 -1.7507 -1.085 -0.69308 -3.451 -0.53855
5 77 288 -0.71328 4.7818 -0.31901 -0.43118 3.5508 -0.26463 -0.843 3.5815 0.62803 -1.1359 2.0881 1.222 -2.4075 1.2238 1.105 -0.024486 3.5494 -1.1602 0.31271 1.9593 -1.3233 0.025181 0.50303 -1.7407 -0.23673 0.023336 0.75294 -0.054909 -2.0681 0.66817 1.0118 -3.5133 0.82442 0.23673 -0.023336 -0.75294 -0.87735 -1.7784 -1.0577 -0.58722 -3.4657 -0.49226
5 91 312 -0.72678 4.779 -0.38311 -0.4637 3.5416 -0.32582 -0.7453 3.5672 0.61621 -0.35078 2.0947 1.2035 -0.85706 0.73653 1.7296 -0.18794 3.5452 -1.2699 -0.28893 1.9435 -1.575 -1.2915 0.81712 -1.8973 -0.27101 0.020752 0.74136 -1.4125 -1.6756 0.25799 -1.5477 -3.4701 0.3697 0.27101 -0.020752 -0.74136 0.0012718 -2.0908 -0.50343 0.92991 -3.5264 0.068813
5 92 312 -0.73023 4.7794 -0.37715 -0.46886 3.5418 -0.31467 -0.777 3.5642 0.61909 -0.41228 2.0875 1.215 -0.96944 0.74017 1.7169 -0.16657 3.5486 -1.2506 -0.22881 1.9444 -1.5529 -1.1928 0.79224 -1.9006 -0.28888 0.014583 0.73473 -1.4326 -1.6621 0.19173 -1.6884 -3.4468 0.21378 0.28888 -0.014583 -0.73473 0.1155 -2.0921 -0.47396 1.0485 -3.5146 0.12352
5 98 336 -0.81092 4.7813 0.020052 -0.55905 3.5417 -0.047098 -0.63877 3.4928 0.93199 -0.22258 1.9841 1.4005 -0.73504 0.65759 1.9967 -0.48543 3.6198 -1.0248 -0.29901 2.0276 -1.3388 -0.73159 0.58168 -1.655 -0.10569 -0.003993 0.7825 -1.258 -1.7383 0.50188 -1.2009 -3.5362 0.62514 0.10569 0.003993 -0.7825 0.29358 -2.0804 -0.59765 1.628 -3.2637 -0.33269
5 99 336 -0.80573 4.7815 0.014213 -0.55768 3.5414 -0.05637 -0.67946 3.4801 0.91769 -0.30768 1.9643 1.4002 -0.83301 0.63169 1.971 -0.44199 3.6317 -1.0289 -0.2008 2.0506 -1.3615 -0.58454 0.59784 -1.7077 -0.13454 -0.0030041 0.77807 -1.2234 -1.774 0.47447 -1.0564 -3.5633 0.62111 0.13454 0.0030046 -0.77807 0.25983 -2.0913 -0.66557 1.6472 -3.1999 -0.3541
5 100 336 -0.83036 4.7761 -0.013442 -0.5769 3.537 -0.08135 -0.74385 3.467 0.88539 -0.42833 1.9424 1.3802 -0.96952 0.60515 1.9248 -0.4162 3.6361 -1.0466 -0.12273 2.0667 -1.3924 -0.50373 0.61945 -1.764 -0.16341 0.00047398 0.77253 -1.1838 -1.8079 0.45164 -0.92206 -3.584 0.61849 0.16341 -0.0004735 -0.77253 0.16864 -2.1014 -0.75014 1.6122 -3.1163 -0.37986
5 101 336 -0.85768 4.7709 -0.049634 -0.59166 3.5339 -0.10851 -0.80278 3.456 0.84895 -0.55466 1.9234 1.3573 -1.1213 0.58653 1.8761 -0.38713 3.6408 -1.0646 -0.0488 2.0811 -1.4135 -0.44989 0.64672 -1.8127 -0.19745 0.0024366 0.76453 -1.1439 -1.8432 0.42987 -0.79648 -3.6024 0.61837 0.19745 -0.0024366 -0.76453 0.044508 -2.0969 -0.83004 1.5314 -3.016 -0.38808
5 109 336 -0.83496 4.7702 -0.29232 -0.55633 3.5358 -0.23939 -0.96981 3.4859 0.65162 -1.1904 1.9329 1.1082 -2.3274 0.89143 1.1006 -0.15003 3.6147 -1.1316 0.18924 2.0315 -1.3488 -0.31597 0.6703 -1.8679 -0.3081 0.0089307 0.72697 -0.54853 -2.0663 0.50316 0.31966 -3.6132 0.82608 0.3081 -0.0089302 -0.72697 -0.77141 -1.7603 -1.1533 -0.53464 -3.536 -0.94962
5 110 336 -0.80541 4.7743 -0.31175 -0.53552 3.5383 -0.25202 -0.94625 3.4999 0.64083 -1.1818 1.9468 1.0894 -2.3509 0.94329 1.0295 -0.13177 3.6057 -1.1463 0.20916 2.021 -1.3496 -0.26739 0.6448 -1.8561 -0.29891 0.013216 0.73074 -0.41568 -2.078 0.56445 0.47661 -3.613 0.87799 0.29891 -0.013217 -0.73074 -0.8394 -1.737 -1.1142 -0.76646 -3.5381 -1.0722
5 111 336 -0.77854 4.778 -0.31793 -0.51293 3.541 -0.25804 -0.90373 3.5085 0.64395 -1.1447 1.9553 1.0891 -2.3304 0.97413 0.99335 -0.12885 3.6026 -1.1614 0.21738 2.0172 -1.3497 -0.22449 0.62438 -1.8421 -0.28249 0.018094 0.73714 -0.30132 -2.0798 0.62461 0.62399 -3.5963 0.93297 0.28249 -0.018094 -0.73714 -0.89826 -1.7253 -1.0622 -0.91403 -3.5265 -1.1416
5 112 336 -0.75188 4.7817 -0.32696 -0.49298 3.5435 -0.26197 -0.87017 3.5214 0.64611 -1.1024 1.9675 1.0935 -2.2884 0.98809 0.98502 -0.12219 3.5946 -1.1715 0.2252 2.0081 -1.3481 -0.1809 0.59882 -1.824 -0.27001 0.020667 0.74173 -0.20172 -2.0783 0.67774 0.76584 -3.5671 0.99122 0.27001 -0.020667 -0.74173 -0.92744 -1.7192 -1.0508 -0.98636 -3.5174 -1.1688
6 0 300 -1.0572 4.7141 -0.0015463 -0.8161 3.4745 -0.096816 -1.145 3.3527 0.82207 -0.82693 1.8042 1.234 -1.448 0.43396 1.5721 -0.49351 3.6253 -1.0136 -0.18058 2.1336 -1.6016 -0.52715 0.85687 -2.3937 -0.23369 -0.011706 0.75415 -0.88586 -1.9894 0.47541 -0.67276 -3.7184 0.94029 0.23369 0.011706 -0.75415 -0.38294 -1.9967 -0.76954 0.22256 -3.6925 -0.86262
6 3 312 -1.0915 4.7089 -0.015996 -0.8463 3.4697 -0.095839 -1.1582 3.3383 0.82763 -0.84894 1.7971 1.2727 -1.5011 0.43061 1.5641 -0.54144 3.6301 -1.0171 -0.12736 2.1534 -1.5799 -0.41813 0.88754 -2.411 -0.23004 -0.013711 0.75524 -0.80354 -2.0204 0.51285 -0.41172 -3.7428 0.87411 0.23004 0.013711 -0.75524 -0.36057 -2.0012 -0.83124 0.28352 -3.6837 -0.90353
6 6 324 -1.0344 4.7207 0.048023 -0.81096 3.4785 -0.040164 -1.0727 3.3448 0.89843 -0.82662 1.8024 1.3772 -1.5512 0.50313 1.7829 -0.55593 3.6411 -0.97605 -0.18012 2.1297 -1.469 -0.48248 0.80733 -2.2023 -0.22391 -0.021998 0.75689 -0.72059 -2.0475 0.50235 -0.18984 -3.7502 0.76712 0.22391 0.021998 -0.75689 -0.25065 -2.023 -0.8419 0.40896 -3.6908 -0.65727
6 7 324 -0.99989 4.7299 0.0042802 -0.77775 3.4865 -0.067903 -1.0905 3.3538 0.85509 -0.90621 1.8134 1.3669 -1.6573 0.5319 1.7809 -0.47165 3.6481 -0.98852 -0.084614 2.1214 -1.4222 -0.38029 0.78706 -2.1362 -0.27092 -0.024261 0.74129 -0.72595 -2.0553 0.45482 -0.16973 -3.749 0.72486 0.27092 0.02426 -0.74129 -0.1964 -2.0215 -0.84414 0.44313 -3.684 -0.5644
6 10 336 -0.94274 4.7464 0.02372 -0.7303 3.5005 -0.025722 -0.99625 3.3825 0.91381 -0.88087 1.8466 1.4582 -1.5859 0.59123 2.0102 -0.47075 3.6475 -0.96294 -0.12856 2.0885 -1.3111 -0.61357 0.75296 -1.91 -0.20963 -0.019176 0.76104 -0.6318 -2.059 0.48718 0.032038 -3.7296 0.6271 0.20963 0.019176 -0.76104 -0.44329 -1.977 -0.81806 0.32397 -3.585 -0.54133
6 11 336 -0.93017 4.7507 -0.036966 -0.71905 3.5038 -0.056455 -1.0279 3.3982 0.87135 -0.95543 1.8617 1.4216 -1.6941 0.61046 1.9378 -0.41659 3.6386 -0.98259 -0.064985 2.0738 -1.2934 -0.55182 0.73988 -1.8945 -0.22233 -0.01634 0.7575 -0.61267 -2.0607 0.46995 0.069149 -3.7246 0.60115 0.22233 0.016339 -0.7575 -0.53077 -1.9421 -0.8653 0.23805 -3.5443 -0.5607
6 12 336 -0.9289 4.7524 -0.083968 -0.71859 3.5053 -0.076943 -1.0621 3.4124 0.83998 -1.0295 1.8712 1.3806 -1.8112 0.62397 1.84 -0.38147 3.6273 -0.99282 -0.019409 2.059 -1.2726 -0.49284 0.7227 -1.879 -0.22677 -0.016709 0.75617 -0.58063 -2.0664 0.45969 0.12041 -3.7232 0.57989 0.22677 0.016708 -0.75617 -0.62495 -1.8973 -0.91582 0.068927 -3.5325 -0.60677
6 13 336 -0.93176 4.7522 -0.12942 -0.72308 3.5052 -0.093807 -1.0983 3.4314 0.81234 -1.096 1.8836 1.3351 -1.934 0.64458 1.7094 -0.35416 3.6081 -0.99972 0.018383 2.0385 -1.2571 -0.42546 0.69233 -1.8643 -0.23248 -0.018235 0.7544 -0.53003 -2.0776 0.46297 0.18725 -3.7282 0.57155 0.23248 0.018235 -0.7544 -0.70063 -1.8544 -0.94658 -0.13452 -3.5425 -0.66253
6 14 336 -0.92418 4.7529 -0.17088 -0.72246 3.5058 -0.1147 -1.1149 3.4422 0.78491 -1.1329 1.8879 1.2873 -2.0315 0.66517 1.5615 -0.33637 3.5985 -1.0145 0.049325 2.029 -1.2527 -0.35563 0.66799 -1.8537 -0.2354 -0.015932 0.75355 -0.45503 -2.0872 0.47769 0.26504 -3.7375 0.57064 0.2354 0.015931 -0.75355 -0.76195 -1.8212 -0.96463 -0.33472 -3.5552 -0.7167
6 22 324 -0.77368 4.7612 -0.49062 -0.5993 3.5162 -0.35368 -1.1181 3.5013 0.48179 -1.1416 1.9495 0.99191 -2.1512 0.83768 0.64232 -0.086464 3.5602 -1.1918 0.38193 1.9976 -1.2788 0.27027 0.55701 -1.8173 -0.34119 0.013912 0.71197 0.1852 -2.0194 0.76625 1.0321 -3.5937 1.0013 0.34119 -0.013912 -0.71197 -0.72177 -1.7736 -1.1456 -0.9944 -3.5555 -1.1805
6 23 324 -0.79276 4.7573 -0.48494 -0.62179 3.5122 -0.3456 -1.129 3.5042 0.49701 -1.1072 1.9589 1.0264 -2.0889 0.79976 0.76134 -0.12046 3.5492 -1.191 0.33307 1.9825 -1.2831 0.20423 0.5405 -1.8139 -0.34514 0.0042269 0.71018 0.23239 -2.0137 0.80325 1.1389 -3.5451 1.0932 0.34514 -0.0042267 -0.71018 -0.72253 -1.7627 -1.137 -0.93422 -3.5532 -1.1401
6 24 324 -0.78248 4.7565 -0.50437 -0.62071 3.5107 -0.36113 -1.1311 3.5078 0.47962 -1.0511 1.9691 1.0222 -1.9767 0.74294 0.88963 -0.11607 3.5427 -1.2047 0.30655 1.9683 -1.3125 0.15576 0.52798 -1.8419 -0.35537 0.0066936 0.7051 0.28868 -1.9873 0.85855 1.2376 -3.4816 1.2012 0.35537 -0.0066936 -0.7051 -0.73102 -1.7511 -1.1423 -0.84948 -3.5493 -1.0846
6 25 324 -0.78131 4.7588 -0.47277 -0.62353 3.5109 -0.34281 -1.133 3.5027 0.49849 -1.0142 1.9681 1.0459 -1.8478 0.67105 1.0697 -0.11974 3.5483 -1.1867 0.26518 1.9658 -1.3137 0.059514 0.53657 -1.8547 -0.35217 0.003053 0.70673 0.3176 -1.978 0.90928 1.3202 -3.4201 1.3168 0.35217 -0.003053 -0.70673 -0.70886 -1.7716 -1.1076 -0.73646 -3.5712 -0.99925
6 26 324 -0.79899 4.7595 -0.41493 -0.64443 3.5091 -0.30335 -1.1477 3.496 0.54161 -1.0191 1.9597 1.082 -1.7451 0.61075 1.2578 -0.14665 3.5514 -1.1506 0.20266 1.963 -1.3036 -0.084584 0.55705 -1.868 -0.33849 -0.0062075 0.71336 0.26301 -2.0081 0.92551 1.3532 -3.36 1.4099 0.33849 0.006207 -0.71336 -0.66473 -1.8083 -1.0531 -0.61922 -3.6046 -0.90479
6 27 324 -0.81608 4.7601 -0.36997 -0.65481 3.5087 -0.27987 -1.1358 3.486 0.57776 -1.0012 1.947 1.1089 -1.6422 0.57633 1.4059 -0.17942 3.5607 -1.1393 0.14443 1.9704 -1.3256 -0.24807 0.6007 -1.9152 -0.3252 -0.0070906 0.71951 0.13074 -2.0492 0.91027 1.3288 -3.2778 1.4635 0.3252 0.0070906 -0.71951 -0.62692 -1.8434 -1.0083 -0.50581 -3.6327 -0.82194
6 45 336 -0.74144 4.7858 -0.090679 -0.561 3.5343 -0.12032 -0.77198 3.4488 0.83652 -0.29119 1.9481 1.2673 -0.61047 0.53871 1.8052 -0.35573 3.649 -1.0753 -0.23866 2.0969 -1.5716 -0.91533 0.8162 -2.1003 -0.25537 -0.0011201 0.74718 -1.2192 -1.8202 0.32733 -1.4455 -3.6079 0.26617 0.25537 0.0011201 -0.74718 0.7038 -2.0352 -0.48945 1.8038 -3.3934 -0.046247
6 55 348 -0.67649 4.7971 -0.17773 -0.50439 3.5443 -0.146 -0.81651 3.4885 0.78504 -1.1134 1.9629 1.2881 -2.2118 0.91029 1.5394 -0.19763 3.6293 -1.0766 0.16509 2.0635 -1.3689 -0.38058 0.71275 -1.8743 -0.18695 0.019257 0.76693 -0.50506 -2.0364 0.47104 0.20945 -3.6912 0.51525 0.18695 -0.019257 -0.76693 -0.79162 -1.8707 -0.93654 -0.11119 -3.5253 -0.71267
6 56 348 -0.65243 4.7999 -0.18766 -0.48468 3.5466 -0.15246 -0.7978 3.4933 0.77839 -1.1633 1.9782 1.2681 -2.3695 1.0305 1.4247 -0.17679 3.6292 -1.0829 0.16518 2.0579 -1.3707 -0.40984 0.71356 -1.8603 -0.18154 0.022614 0.76813 -0.34485 -2.0562 0.51111 0.3948 -3.7004 0.53031 0.18154 -0.022614 -0.76813 -0.86697 -1.8373 -0.91559 -0.50257 -3.5963 -0.75979
6 57 348 -0.61685 4.8041 -0.20161 -0.45738 3.5497 -0.16503 -0.76482 3.5023 0.76803 -1.1797 1.9958 1.2445 -2.4709 1.1547 1.2988 -0.15497 3.6264 -1.0978 0.16416 2.05 -1.3842 -0.43166 0.70832 -1.8559 -0.17358 0.027805 0.7698 -0.16704 -2.062 0.55265 0.58119 -3.7024 0.5422 0.17358 -0.027806 -0.7698 -0.91557 -1.8206 -0.88737 -0.8709 -3.6206 -0.79254
6 59 336 -0.50896 4.8082 -0.34104 -0.3758 3.5523 -0.26807 -0.84656 3.519 0.59486 -1.3928 2.0213 0.95163 -2.7297 1.3767 0.53361 0.090372 3.615 -1.1318 0.43398 2.0341 -1.3589 -0.07351 0.69403 -1.9285 -0.29863 0.038469 0.72996 0.046606 -2.0321 0.64174 0.8002 -3.6673 0.7371 0.29863 -0.038469 -0.72996 -0.79651 -1.8107 -1.002 -1.2121 -3.5644 -1.0564
6 60 336 -0.496 4.8092 -0.34852 -0.36411 3.5532 -0.27355 -0.8158 3.5274 0.59976 -1.3624 2.0302 0.95812 -2.7044 1.4433 0.47645 0.083036 3.6084 -1.1478 0.41538 2.0257 -1.3791 -0.083827 0.68116 -1.9452 -0.28075 0.043093 0.73676 0.18261 -2.0057 0.69166 0.95188 -3.6342 0.77655 0.28075 -0.043093 -0.73676 -0.82808 -1.8121 -0.97239 -1.3218 -3.5451 -1.034
6 61 336 -0.47688 4.8106 -0.3627 -0.3487 3.5543 -0.28301 -0.78374 3.5376 0.59894 -1.3116 2.0366 0.96893 -2.6465 1.4662 0.44901 0.081875 3.6005 -1.1661 0.40297 2.0158 -1.399 -0.074488 0.65904 -1.9549 -0.26364 0.047941 0.74276 0.29548 -1.9773 0.72841 1.1052 -3.586 0.81464 0.26364 -0.047941 -0.74276 -0.83582 -1.8265 -0.94826 -1.3322 -3.5595 -0.98265
6 62 336 -0.4635 4.8096 -0.38157 -0.34265 3.5527 -0.29976 -0.75667 3.5454 0.59238 -1.247 2.0373 0.98502 -2.563 1.4329 0.45557 0.067139 3.5895 -1.1931 0.37898 2.0028 -1.4255 -0.073363 0.63138 -1.9661 -0.2425 0.054033 0.74952 0.39853 -1.9468 0.7623 1.2492 -3.5336 0.85775 0.2425 -0.054033 -0.74952 -0.8563 -1.836 -0.92761 -1.2677 -3.5914 -0.91817
6 63 336 -0.47834 4.806 -0.38356 -0.36878 3.5483 -0.29456 -0.76328 3.5565 0.60636 -1.1871 2.0366 1.0296 -2.4764 1.3549 0.52908 0.021812 3.5697 -1.197 0.3275 1.9814 -1.426 -0.096046 0.59372 -1.9482 -0.21535 0.049093 0.7581 0.48979 -1.9296 0.79897 1.3879 -3.489 0.91142 0.21535 -0.049093 -0.7581 -0.89071 -1.8285 -0.91534 -1.1771 -3.608 -0.86873
