0 96 156 -0.15049 4.8279 -0.19098 -0.094917 3.5755 -0.075348 -0.46902 3.583 0.83424 -1.3493 4.4369 1.9134 -1.6393 5.8913 1.491 0.27979 3.5979 -0.98444 0.1431 4.2401 -2.4803 -0.5744 5.601 -2.5837 -0.27704 0.010407 0.73935 -0.69527 -2.0406 0.55826 -0.17349 -3.751 0.78921 0.27704 -0.010407 -0.73935 0.00055876 -2.0732 -1.0267 0.73473 -3.719 -0.96812
0 98 144 -0.09356 4.839 -0.10848 -0.095442 3.576 -0.064143 -0.65921 3.5582 0.7416 -2.0759 4.35 0.92879 -2.4251 5.5639 0.044417 0.46839 3.6235 -0.86863 0.046746 4.2146 -2.332 -1.0854 5.2522 -2.4703 -0.43247 0.0064335 0.66062 -0.82013 -2.0407 0.38997 -0.38228 -3.7559 0.73253 0.43247 -0.006433 -0.66062 0.20164 -2.0662 -1.0047 0.87448 -3.727 -0.80502
0 99 144 -0.098849 4.8428 -0.071708 -0.11011 3.5784 -0.05175 -0.68973 3.5479 0.74228 -2.2044 4.1457 0.61095 -2.6079 5.2284 -0.41006 0.46873 3.6385 -0.84465 -0.18801 4.0849 -2.2723 -1.4715 4.9344 -2.3647 -0.44146 0.0030518 0.65468 -0.8308 -2.0429 0.37742 -0.4023 -3.7581 0.73149 0.44146 -0.0030513 -0.65468 0.20005 -2.0608 -1.0035 0.85316 -3.7298 -0.80684
2 2 132 -2.2454 3.386 -2.6107 -1.625 2.6228 -1.8162 -2.3784 2.5858 -1.1849 -1.6345 2.6451 0.26827 -1.5458 1.9737 1.6536 -0.88804 2.6772 -2.4652 0.57888 2.8408 -1.7651 2.0691 2.4453 -1.7892 -0.57525 0.015066 0.5407 -1.2278 -1.8052 -0.2809 -0.64012 -3.429 0.23776 0.57525 -0.015066 -0.5407 -0.04303 -1.8574 -1.3394 0.5949 -3.3763 -0.60677
2 3 132 -2.3649 3.1577 -2.7916 -1.7276 2.4443 -1.9653 -2.482 2.4053 -1.3355 -1.6901 2.5639 0.084542 -1.5001 2.0048 1.509 -0.98996 2.4995 -2.6136 0.43461 2.7147 -1.8435 1.9275 2.34 -1.7513 -0.58357 0.014306 0.53173 -1.2783 -1.7571 -0.35915 -0.65462 -3.3483 0.21524 0.58357 -0.014306 -0.53173 -0.088194 -1.8078 -1.3957 0.57812 -3.2925 -0.61937
2 4 132 -2.4665 2.9497 -2.9341 -1.8191 2.2762 -2.0831 -2.5748 2.2324 -1.4552 -1.7466 2.4214 -0.059797 -1.484 1.9191 1.3742 -1.0805 2.3353 -2.73 0.30945 2.5215 -1.8922 1.7843 2.1105 -1.7089 -0.58794 0.01072 0.52698 -1.3217 -1.7051 -0.43829 -0.66211 -3.256 0.20235 0.58795 -0.01072 -0.52698 -0.13018 -1.7526 -1.4568 0.56407 -3.192 -0.62203
2 5 132 -2.5268 2.7986 -3.0335 -1.8773 2.1446 -2.1698 -2.6347 2.0931 -1.5445 -1.7817 2.2399 -0.15901 -1.4794 1.7 1.2534 -1.1374 2.2108 -2.8144 0.2283 2.2949 -1.9218 1.6478 1.7347 -1.7008 -0.5903 0.010496 0.52434 -1.3548 -1.6485 -0.51374 -0.6547 -3.1458 0.20663 0.5903 -0.010496 -0.52434 -0.16989 -1.6942 -1.5252 0.5582 -3.0721 -0.6185
2 6 132 -2.5602 2.7106 -3.0869 -1.9193 2.0625 -2.2132 -2.6816 2.0064 -1.5943 -1.8205 2.0068 -0.20609 -1.5147 1.3195 1.1399 -1.1743 2.133 -2.8515 0.17363 2.0216 -1.9353 1.4805 1.2245 -1.7498 -0.58874 0.0067756 0.52615 -1.3891 -1.5877 -0.58353 -0.64971 -3.0171 0.22945 0.58874 -0.0067759 -0.52615 -0.19792 -1.6419 -1.5853 0.57451 -2.9469 -0.60995
2 7 120 -1.8545 2.7171 -3.5496 -1.4313 2.0506 -2.5649 -2.3128 1.992 -2.1327 -1.7825 1.7159 -0.61238 -1.785 0.78388 0.61604 -0.56234 2.1239 -3.0198 0.54186 1.7171 -1.8867 1.6091 0.6437 -1.5925 -0.68575 -0.0050759 0.39143 -1.2599 -1.5194 -0.94701 -0.69824 -2.8623 0.11699 0.68575 0.0050757 -0.39142 0.14022 -1.5943 -1.6399 0.72111 -2.8258 -0.45797
2 8 120 -1.8138 2.8051 -3.5015 -1.4112 2.1052 -2.5318 -2.2989 2.0428 -2.1128 -1.8485 1.4042 -0.67817 -1.9499 0.14683 0.20859 -0.53572 2.183 -2.9732 0.51305 1.4022 -1.9938 1.3056 0.079658 -2.0118 -0.68967 -0.01733 0.38412 -1.2722 -1.4641 -1.0236 -0.6987 -2.7125 0.14408 0.68967 0.01733 -0.38412 0.15835 -1.5486 -1.6802 0.748 -2.7042 -0.42806
2 9 120 -1.7389 2.9672 -3.4051 -1.3581 2.211 -2.4707 -2.25 2.1476 -2.0611 -1.9752 1.1048 -0.83401 -2.24 -0.39127 -0.57048 -0.47792 2.2905 -2.9024 0.42373 1.1236 -2.1994 0.82936 -0.28579 -2.6755 -0.69555 -0.027252 0.37278 -1.2633 -1.4574 -1.0578 -0.65889 -2.6057 0.19402 0.69555 0.027252 -0.37278 0.18685 -1.5252 -1.694 0.78008 -2.604 -0.37674
2 10 120 -1.6375 3.171 -3.271 -1.2823 2.3442 -2.3892 -2.1753 2.2904 -1.9804 -2.164 0.89263 -1.135 -2.5782 -0.49473 -1.6654 -0.40065 2.4155 -2.8192 0.25378 0.95053 -2.512 0.17408 -0.24212 -3.4861 -0.69943 -0.024077 0.36568 -1.2437 -1.4658 -1.0624 -0.61089 -2.531 0.24741 0.69943 0.024077 -0.36568 0.21538 -1.5389 -1.6837 0.80865 -2.5398 -0.30637
2 15 120 -1.0602 4.2098 -2.1192 -0.93704 3.0474 -1.6469 -1.8447 3.0532 -1.2681 -3.0062 2.5598 -2.3055 -2.5912 3.9109 -2.9219 -0.035041 3.068 -2.0385 -0.27588 2.3852 -3.5029 -0.7252 3.8523 -3.6553 -0.67663 0.0032692 0.40701 -0.73939 -2.0715 0.081789 -0.13979 -3.3219 1.2341 0.67663 -0.0032692 -0.40701 0.69135 -2.079 -0.73149 1.3619 -3.2452 0.46907
2 16 120 -0.87733 4.4234 -1.7475 -0.76807 3.2223 -1.3668 -1.67 3.2323 -0.97478 -2.8216 2.8413 -2.0655 -2.343 4.2241 -2.5518 0.12958 3.2403 -1.7684 -0.068961 2.6674 -3.2853 -0.46956 4.1564 -3.285 -0.68426 0.0054674 0.39403 -0.61211 -2.0939 0.43677 -0.12081 -3.4756 1.4857 0.68426 -0.0054674 -0.39403 0.84669 -2.0999 -0.42757 1.5589 -3.369 0.63693
2 29 120 -1.1905 3.7762 -2.7842 -0.92119 2.7957 -2.0448 -1.8234 2.7662 -1.6543 -2.1425 1.1656 -1.5823 -2.6823 0.31886 -2.7525 -0.028398 2.8461 -2.4544 0.45866 1.3273 -2.8076 -0.06793 0.77131 -4.146 -0.70061 0.036828 0.36234 -1.556 -1.0302 -1.2327 -1.1041 -2.5752 -0.42029 0.70061 -0.036829 -0.36234 0.023365 -1.0918 -2.0483 0.4273 -2.5612 -1.0848
2 30 120 -1.2569 3.5952 -2.9776 -0.94972 2.6821 -2.1679 -1.8482 2.6515 -1.7689 -2.0832 1.0498 -1.5495 -2.6648 -0.059917 -2.4483 -0.061459 2.732 -2.5873 0.46457 1.1951 -2.7603 0.2322 0.19254 -3.9086 -0.70647 0.03927 0.3505 -1.5189 -0.95223 -1.3142 -1.0753 -2.4293 -0.38016 0.70647 -0.03927 -0.3505 -0.039969 -1.0073 -2.0593 0.4594 -2.4 -1.0289
2 31 120 -1.3606 3.3583 -3.1998 -1.0163 2.5098 -2.3354 -1.9094 2.4763 -1.9249 -2.0686 0.9049 -1.5075 -2.6246 -0.39496 -2.1231 -0.13404 2.5612 -2.7671 0.49322 1.0533 -2.7295 0.49293 -0.26391 -3.5312 -0.71042 0.038656 0.34251 -1.4872 -1.0066 -1.3062 -1.0014 -2.4392 -0.32511 0.71042 -0.038656 -0.34251 -0.050356 -1.0124 -2.0417 0.4645 -2.3741 -0.97799
2 67 108 -1.0435 3.0711 -3.586 -0.84773 2.2381 -2.665 -1.802 2.1827 -2.4334 -2.0823 0.57341 -2.4188 -2.6494 0.045649 -3.7521 0.099408 2.3102 -2.9202 0.37624 0.72285 -3.189 -0.05362 0.16178 -4.5594 -0.75278 -0.014904 0.23791 -1.1132 -1.5057 -1.198 -0.75983 -2.5751 0.21002 0.75278 0.014904 -0.23791 0.60402 -1.5822 -1.5949 0.88637 -2.5453 -0.09709
2 68 108 -0.99707 3.3117 -3.3785 -0.82841 2.4021 -2.5295 -1.7855 2.3522 -2.3085 -2.2928 0.93147 -2.9355 -2.7137 1.2819 -4.3769 0.1221 2.4707 -2.7728 0.21569 1.0779 -3.6214 -0.43195 1.3407 -4.9959 -0.75136 -0.016322 0.24226 -1.0668 -1.5958 -1.1069 -0.72443 -2.639 0.32329 0.75136 0.016322 -0.24226 0.63097 -1.6689 -1.4912 0.93461 -2.6089 0.017134
2 69 108 -0.93637 3.5201 -3.1767 -0.79922 2.5379 -2.4084 -1.7604 2.5046 -2.2025 -2.4582 1.4813 -3.2677 -2.6553 2.5445 -4.367 0.15629 2.5916 -2.6353 0.13898 1.5642 -3.9053 -0.47964 2.5608 -4.9061 -0.75063 -0.016275 0.24452 -0.99665 -1.744 -0.92546 -0.66475 -2.7939 0.5023 0.75063 0.016275 -0.24452 0.66995 -1.7922 -1.3108 1.0222 -2.7576 0.17063
2 72 120 -1.0823 4.3456 -1.8767 -0.8255 3.1886 -1.4303 -1.6999 3.1681 -0.98051 -2.8603 2.8766 -2.0929 -2.5819 4.3803 -2.2901 0.04235 3.2361 -1.8906 -0.31119 2.837 -3.4348 -0.53312 4.3628 -3.418 -0.70065 -0.022413 0.36344 -0.75258 -2.1184 0.22751 -0.2995 -3.4546 1.3501 0.70065 0.022413 -0.36344 0.78718 -2.0637 -0.59808 1.5235 -3.2954 0.49349
2 73 120 -0.97638 4.4262 -1.7451 -0.71727 3.2629 -1.3165 -1.5941 3.2389 -0.87165 -2.8122 3.0642 -1.9461 -2.3915 4.5394 -2.1027 0.15349 3.3143 -1.7709 -0.14457 2.9833 -3.3426 -0.36598 4.5074 -3.2659 -0.71018 -0.018288 0.34468 -0.73734 -2.1128 0.18108 -0.32379 -3.4407 1.3285 0.71018 0.018289 -0.34468 0.73161 -2.0633 -0.62893 1.5032 -3.2355 0.50315
2 74 120 -0.95849 4.3953 -1.8257 -0.69793 3.2302 -1.4024 -1.5742 3.2053 -0.95644 -2.8356 3.0796 -1.9869 -2.3482 4.5353 -2.1318 0.17206 3.2826 -1.8582 -0.065778 2.961 -3.4421 -0.30724 4.4828 -3.3829 -0.71639 -0.0081673 0.33199 -0.83201 -2.0748 -0.028409 -0.35421 -3.3361 1.1682 0.71639 0.0081673 -0.33199 0.63842 -2.0304 -0.83446 1.3315 -3.1189 0.4248
2 75 120 -0.96566 4.3506 -1.9266 -0.69537 3.1986 -1.4749 -1.5745 3.1739 -1.0346 -2.8573 3.0114 -2.033 -2.3728 4.4665 -2.1924 0.17704 3.2502 -1.9261 -0.016248 2.8681 -3.5026 -0.29106 4.3854 -3.5056 -0.71999 -0.00060272 0.3242 -0.95024 -2.0103 -0.24377 -0.44574 -3.2908 0.92099 0.71999 0.00060272 -0.3242 0.55854 -1.9626 -1.055 1.1273 -3.0706 0.24879
2 76 120 -0.99567 4.3152 -1.995 -0.71455 3.1825 -1.5029 -1.5952 3.1595 -1.0655 -2.8786 2.9021 -2.0429 -2.462 4.3717 -2.2538 0.15903 3.2319 -1.9521 -0.0084854 2.7533 -3.505 -0.33849 4.2566 -3.599 -0.71818 -0.0015378 0.3282 -1.0576 -1.935 -0.42076 -0.59624 -3.3172 0.64108 0.71818 0.0015378 -0.3282 0.47552 -1.8796 -1.232 0.91963 -3.0801 0.037777
2 77 120 -1.0258 4.2741 -2.0672 -0.73335 3.1603 -1.5401 -1.6164 3.1354 -1.1077 -2.8862 2.759 -2.0642 -2.5603 4.2383 -2.3525 0.14229 3.2111 -1.9851 0.010356 2.6363 -3.5086 -0.39245 4.1123 -3.7005 -0.71612 -0.00038481 0.33267 -1.1403 -1.8557 -0.55732 -0.77915 -3.3678 0.35596 0.71612 0.00038481 -0.33267 0.39425 -1.7957 -1.3741 0.72393 -3.1252 -0.20171
2 78 120 -1.0388 4.2376 -2.1333 -0.73586 3.1387 -1.5819 -1.6235 3.1051 -1.1595 -2.869 2.5926 -2.084 -2.6437 4.0692 -2.4669 0.14391 3.1978 -2.0176 0.058069 2.5278 -3.505 -0.42042 3.9664 -3.7863 -0.71764 0.003696 0.32935 -1.2055 -1.7915 -0.64716 -0.97066 -3.4281 0.072165 0.71764 -0.003696 -0.32935 0.32168 -1.7105 -1.4888 0.55555 -3.1956 -0.49361
2 79 120 -1.0328 4.2317 -2.146 -0.72317 3.1412 -1.5817 -1.6127 3.1012 -1.164 -2.8251 2.4493 -2.0438 -2.6988 3.9054 -2.5353 0.15837 3.2064 -2.013 0.12191 2.4392 -3.4548 -0.42947 3.8344 -3.811 -0.71791 0.0076337 0.3287 -1.2663 -1.7413 -0.69833 -1.1752 -3.4749 -0.21146 0.71791 -0.0076337 -0.3287 0.24589 -1.6545 -1.545 0.41338 -3.2996 -0.82639
2 83 120 -0.89557 4.3196 -2.0255 -0.63656 3.2152 -1.4623 -1.5332 3.2245 -1.0582 -2.6164 2.1831 -1.6993 -2.696 3.4926 -2.5096 0.25369 3.2317 -1.8801 0.40963 2.2242 -3.1565 -0.26848 3.4943 -3.7083 -0.69723 0.025611 0.36974 -1.6555 -1.1891 -1.0517 -1.5092 -2.9557 -0.72214 0.69723 -0.025611 -0.36974 -0.0054928 -1.2252 -1.945 0.16975 -2.9467 -1.4383
2 84 120 -0.92213 4.2709 -2.1141 -0.67029 3.171 -1.5396 -1.5556 3.1877 -1.1115 -2.581 2.0705 -1.7193 -2.7051 3.3375 -2.5894 0.20831 3.1798 -1.9816 0.36663 2.0919 -3.1899 -0.30333 3.3086 -3.8596 -0.69329 0.028852 0.37686 -1.755 -0.81491 -1.2279 -1.4538 -2.5089 -0.68875 0.69329 -0.028852 -0.37686 -0.08985 -0.8767 -2.1325 0.23341 -2.4815 -1.3768
2 85 120 -0.92304 4.2498 -2.1417 -0.67025 3.1736 -1.5245 -1.5506 3.199 -1.0866 -2.4437 1.9313 -1.6006 -2.7043 3.0766 -2.5996 0.20312 3.1734 -1.9768 0.37262 1.9358 -3.0297 -0.30673 2.9999 -3.915 -0.69011 0.028579 0.38267 -1.7706 -0.61269 -1.3013 -1.3717 -2.2293 -0.60966 0.69011 -0.028579 -0.38267 -0.10885 -0.73098 -2.1945 0.30084 -2.2193 -1.2628
2 86 120 -0.95833 4.2083 -2.1966 -0.70639 3.1466 -1.5554 -1.5939 3.1782 -1.1326 -2.3638 1.8015 -1.5575 -2.7192 2.753 -2.7177 0.17401 3.1394 -1.9938 0.35851 1.8101 -2.9252 -0.37021 2.6817 -3.9678 -0.69363 0.019693 0.37682 -1.7637 -0.50287 -1.3542 -1.3056 -2.0511 -0.55169 0.69363 -0.019693 -0.37682 -0.11478 -0.63978 -2.2143 0.34756 -2.0387 -1.175
2 87 120 -0.99589 4.149 -2.2847 -0.75621 3.0951 -1.6307 -1.6434 3.121 -1.2069 -2.3466 1.691 -1.5663 -2.7421 2.4491 -2.8494 0.12329 3.0929 -2.071 0.33985 1.7175 -2.9256 -0.44774 2.4458 -4.0333 -0.69502 0.016824 0.37438 -1.7453 -0.44187 -1.3865 -1.2555 -1.9417 -0.51392 0.69502 -0.016824 -0.37438 -0.11607 -0.59795 -2.2234 0.37978 -1.9289 -1.1127
2 88 120 -1.054 4.086 -2.3594 -0.80644 3.0491 -1.6854 -1.6952 3.0651 -1.2644 -2.3716 1.6119 -1.5794 -2.7783 2.2274 -2.9335 0.074101 3.0559 -2.1235 0.32316 1.6647 -2.9428 -0.50127 2.314 -4.0726 -0.69516 0.012181 0.3743 -1.703 -0.44149 -1.4125 -1.2184 -1.9144 -0.4924 0.69516 -0.012181 -0.3743 -0.1397 -0.61654 -2.2052 0.39876 -1.909 -1.0692
