0 1 348 0.31289 4.8165 -0.40652 0.14482 3.5717 -0.27812 -0.41795 3.4939 -1.081 -1.0602 2.4791 -2.1884 -1.1798 2.7568 -3.7004 0.70935 3.6789 0.52012 1.8012 2.606 1.0905 3.329 2.4735 0.92899 -0.4012 -0.03031 -0.67943 0.45399 -1.8944 -1.1357 0.15733 -3.6622 -1.3304 0.4012 0.03031 0.67943 0.27944 -2.0653 0.76849 -0.65889 -3.5693 1.0977
0 2 336 0.33104 4.815 -0.42662 0.16663 3.5708 -0.28183 -0.37427 3.4839 -1.0987 -1.1299 2.4846 -2.1471 -1.369 2.7575 -3.6458 0.70947 3.6869 0.53008 1.8112 2.5954 1.0434 3.3175 2.4463 0.74944 -0.33121 -0.034411 -0.71597 0.62731 -1.8749 -1.0447 0.41425 -3.6488 -1.2877 0.33121 0.034411 0.71597 0.10667 -2.0539 0.7701 -0.88744 -3.5488 0.93668
0 43 144 0.4711 4.7911 -0.32134 0.1764 3.5721 -0.23044 -0.47589 3.5874 -0.9664 -0.009772 2.347 -1.9219 1.5169 2.2763 -2.1269 0.83165 3.5863 0.50291 0.94253 2.6691 1.8502 1.7282 2.5983 3.1751 -0.78144 0.046121 -0.10356 -0.79883 -2.0509 0.024288 -0.55992 -3.5737 0.95979 0.78144 -0.046121 0.10356 0.71646 -1.8424 -0.98425 1.0626 -3.6119 -0.98045
0 43 156 0.39399 4.7911 -0.41226 0.12464 3.5721 -0.26208 -0.66642 3.5874 -0.84634 -0.40914 2.347 -1.8779 1.0415 2.2763 -2.3958 0.91804 3.5863 0.31901 1.3066 2.6691 1.6138 2.3506 2.5983 2.7464 -0.78589 0.046121 0.061173 -0.77632 -2.0509 0.18984 -0.34813 -3.5737 1.0552 0.78589 -0.046121 -0.061173 0.49616 -1.8424 -1.1117 0.83556 -3.6119 -1.18
0 53 156 0.45523 4.7734 -0.43642 0.12509 3.565 -0.326 -0.64572 3.6145 -0.93491 0.14741 2.3556 -1.6093 1.4203 2.5193 -0.75446 0.89974 3.5449 0.2797 1.173 2.3635 1.3744 2.0587 1.6894 2.4416 -0.78795 0.039004 0.033291 -0.79125 -2.0533 0.22489 -0.40337 -3.558 1.1393 0.78795 -0.039004 -0.033291 0.53426 -1.83 -1.1021 0.81132 -3.6113 -1.1312
0 53 168 0.35454 4.7734 -0.52153 0.054572 3.565 -0.34488 -0.82599 3.6145 -0.78023 -0.1904 2.3556 -1.6048 1.2324 2.5193 -1.0333 0.93823 3.5449 0.086519 1.4331 2.3635 1.1005 2.5213 1.6894 1.9602 -0.76381 0.039004 0.19639 -0.7272 -2.0533 0.38449 -0.15768 -3.558 1.1983 0.76381 -0.039004 -0.19639 0.29344 -1.83 -1.1891 0.5584 -3.6113 -1.2751
0 54 144 0.44823 4.7814 -0.3771 0.1249 3.5667 -0.31128 -0.57647 3.6211 -0.99865 0.26395 2.3854 -1.6586 1.5271 2.5334 -0.78665 0.83028 3.5416 0.37368 1.0517 2.3878 1.5087 1.9085 1.7701 2.6321 -0.78658 0.027053 -0.063722 -0.8692 -2.0685 0.062805 -0.64744 -3.5755 1.0275 0.78658 -0.027053 0.063721 0.71648 -1.8422 -0.99207 1.0119 -3.6199 -0.93498
0 54 156 0.36003 4.7814 -0.46205 0.057448 3.5667 -0.33044 -0.7715 3.6211 -0.85697 -0.086657 2.3854 -1.6772 1.3302 2.5334 -1.087 0.88983 3.5416 0.19289 1.3424 2.3878 1.2571 2.4141 1.7701 2.1778 -0.78264 0.027053 0.10121 -0.83714 -2.0685 0.24215 -0.41966 -3.5755 1.1397 0.78264 -0.027053 -0.10121 0.49456 -1.8422 -1.1194 0.79535 -3.6199 -1.1249
0 55 144 0.37364 4.7869 -0.41868 0.075927 3.5671 -0.32261 -0.7021 3.6138 -0.92249 0.03265 2.4021 -1.7354 1.4511 2.5378 -1.1461 0.85743 3.5498 0.27431 1.2767 2.4275 1.3848 2.3206 1.8668 2.3715 -0.78928 0.021782 0.0077382 -0.91462 -2.074 0.08619 -0.65943 -3.5935 1.0227 0.78928 -0.021782 -0.0077383 0.67302 -1.8586 -1.0211 0.99834 -3.6296 -0.9283
0 75 36 0.3913 4.8252 -0.29844 0.31202 3.5694 -0.16954 -0.36477 3.5088 -0.88063 -0.2586 1.9246 -1.265 0.59526 1.5753 -2.5006 0.99058 3.6593 0.53674 1.6562 2.1702 0.62696 2.8392 1.3938 0.014383 -0.53972 0.033689 -0.57538 -0.16636 -1.9688 -1.0899 -0.67748 -3.686 -0.88719 0.53972 -0.033688 0.57538 0.91613 -2.0774 0.26605 0.36814 -3.6825 0.878
0 76 36 0.36294 4.8277 -0.30333 0.28964 3.5709 -0.18093 -0.41129 3.515 -0.86863 -0.34778 1.9134 -1.1838 0.46389 1.4198 -2.3984 0.99222 3.6562 0.50206 1.5805 2.1322 0.49948 2.6767 1.2925 -0.18687 -0.54873 0.027959 -0.56711 -0.16941 -1.9807 -1.0528 -0.67514 -3.6978 -0.83721 0.54873 -0.027959 0.56711 0.90556 -2.0785 0.28063 0.3605 -3.6826 0.89784
0 107 48 0.15712 4.8283 -0.36072 0.14484 3.5692 -0.31641 -0.55279 3.4932 -1.0055 -0.070861 2.0794 -1.6671 1.1952 1.6964 -2.4596 0.84308 3.6747 0.3682 1.7644 2.3771 -0.00079691 2.4356 1.8546 -1.287 -0.57009 -0.013959 -0.54617 -0.23798 -2.0574 -0.90417 -0.72278 -3.7492 -0.51204 0.57009 0.013959 0.54617 0.96063 -2.0385 0.32453 0.6709 -3.7272 0.88591
0 108 48 0.13761 4.8316 -0.34357 0.12619 3.5718 -0.2952 -0.57441 3.495 -0.98122 -0.23636 1.9817 -1.4952 0.92047 1.3933 -2.3279 0.82723 3.678 0.38643 1.6264 2.2703 0.16674 2.3472 1.576 -1.0064 -0.56932 -0.014527 -0.54695 -0.24704 -2.062 -0.89085 -0.74364 -3.7486 -0.49136 0.56932 0.014527 0.54695 0.9475 -2.0419 0.3413 0.64705 -3.7283 0.90416
2 108 36 1.2644 4.6124 -0.78719 0.9565 3.3969 -0.63973 0.35387 3.3977 -1.417 -0.66065 2.1266 -1.2634 -1.2843 0.82061 -1.7955 1.5664 3.4243 0.13138 1.204 2.0047 0.85395 1.3139 0.49498 1.148 -0.47717 0.017576 -0.62889 0.10487 -1.9536 -1.0649 -0.49602 -3.6375 -0.83229 0.47717 -0.017576 0.62889 0.95492 -2.035 0.28849 0.34549 -3.6443 0.82693
3 6 72 0.50975 4.795 -0.066456 0.17934 3.5793 -0.063754 -0.23395 3.6194 0.82784 -1.4084 2.484 0.81226 -2.6155 2.8665 -0.067599 0.59728 3.5685 -0.95402 1.5788 2.2657 -1.0428 1.854 0.90653 -1.7171 -0.21313 0.047258 0.75884 0.39589 -1.961 0.65702 1.0403 -3.644 0.59982 0.21313 -0.047259 -0.75884 -1.4424 -1.2947 -1.1013 -1.0432 -3.0335 -0.84018
3 49 132 0.17271 4.8261 -0.089974 0.20371 3.5709 -0.2127 -0.36306 3.5631 -1.0165 -1.2291 2.1869 -0.85925 -1.3534 0.67709 -1.1468 0.76947 3.6084 0.59096 1.3065 2.0698 0.70503 2.5247 2.1895 -0.23266 -0.37199 -0.022913 -0.69613 0.93215 -1.3421 -1.6827 -0.44387 -1.3443 -0.51757 0.37199 0.022914 0.69613 -0.16386 -2.0084 0.72666 -0.64616 -3.7457 0.73728
4 1 48 0.47631 4.6913 -1.0651 0.43414 3.4778 -0.70456 -0.32979 3.3276 -1.3056 -0.67394 1.7307 -1.3122 0.10564 1.012 -2.4318 1.1989 3.6565 -0.1124 1.2843 2.2471 0.70925 2.0567 0.92765 0.50922 -0.64155 0.024606 -0.45969 -0.15843 -1.996 -0.77309 -0.42962 -3.6748 -0.17395 0.64155 -0.024606 0.45969 1.0617 -1.969 -0.21639 0.16248 -3.1002 0.86191
4 2 48 0.50499 4.6781 -1.1141 0.45085 3.469 -0.74106 -0.31304 3.3185 -1.342 -0.638 1.7179 -1.3776 0.22747 1.0958 -2.4919 1.2157 3.6478 -0.14913 1.2711 2.2656 0.71987 2.0521 0.95206 0.51419 -0.64451 0.023084 -0.45561 -0.20729 -2.017 -0.70334 -0.52441 -3.6611 -0.03473 0.64451 -0.023084 0.45561 1.1229 -1.8994 -0.35983 0.33757 -3.2083 0.5998
4 3 48 0.54806 4.6605 -1.167 0.47727 3.4583 -0.77482 -0.28943 3.306 -1.3718 -0.60964 1.7051 -1.4285 0.33878 1.1939 -2.5316 1.2452 3.6388 -0.18736 1.2657 2.285 0.7267 2.0541 0.9804 0.49413 -0.64591 0.023639 -0.45358 -0.27301 -2.0382 -0.6086 -0.62321 -3.6539 0.11093 0.64591 -0.023639 0.45358 1.1659 -1.8374 -0.47066 0.49405 -3.3146 0.31511
4 4 48 0.59052 4.6506 -1.1909 0.50824 3.449 -0.79961 -0.25584 3.3011 -1.401 -0.57832 1.7009 -1.4661 0.43456 1.2903 -2.5539 1.274 3.6249 -0.20802 1.2564 2.3024 0.75072 2.0598 1.0192 0.45807 -0.64753 0.025833 -0.45115 -0.36594 -2.0559 -0.48821 -0.73648 -3.6498 0.26874 0.64753 -0.025833 0.45115 1.2017 -1.7845 -0.55597 0.63963 -3.4009 0.011675
4 5 48 0.64702 4.6449 -1.1906 0.54995 3.4413 -0.80989 -0.2073 3.3043 -1.4224 -0.54374 1.7071 -1.4909 0.52837 1.3926 -2.5536 1.3095 3.6063 -0.20725 1.2476 2.3155 0.79221 2.0903 1.0787 0.421 -0.64729 0.031029 -0.45117 -0.47014 -2.0601 -0.35118 -0.85156 -3.637 0.43545 0.64729 -0.031029 0.45117 1.2339 -1.7434 -0.61562 0.76676 -3.4536 -0.28741
5 2 12 0.8361 4.7658 -0.3099 0.59339 3.5245 -0.24596 0.15541 3.5803 -1.1248 -0.45393 2.0839 -1.3661 -0.28998 0.81309 -2.2239 1.0377 3.4977 0.63111 0.95004 1.9018 0.96885 1.524 0.471 1.0008 -0.36826 -0.010542 -0.69841 -0.41937 -2.093 -0.42416 -1.4814 -3.4162 0.18577 0.36826 0.010542 0.6984 1.3393 -1.7448 0.073934 0.98115 -3.5116 0.040583
5 3 12 0.80857 4.7701 -0.27429 0.57147 3.5268 -0.23269 0.12433 3.6 -1.1057 -0.51835 2.114 -1.3232 -0.44866 0.8158 -2.1524 1.0248 3.4827 0.63904 0.97542 1.8787 0.94503 1.5653 0.45405 0.95336 -0.37578 -0.012904 -0.69435 -0.43134 -2.0989 -0.4494 -1.5409 -3.3751 0.17588 0.37578 0.012905 0.69435 1.2735 -1.7893 0.093906 0.84806 -3.5414 0.10104
5 4 12 0.79127 4.772 -0.25507 0.56194 3.5268 -0.22931 0.097755 3.6122 -1.0922 -0.56503 2.133 -1.2962 -0.56897 0.81523 -2.0968 1.0322 3.4706 0.63272 1.0161 1.8607 0.91013 1.6433 0.4527 0.86797 -0.38909 -0.01341 -0.68697 -0.40333 -2.1079 -0.52199 -1.5583 -3.3287 0.131 0.38909 0.01341 0.68697 1.2254 -1.8264 0.11263 0.72777 -3.5588 0.15745
5 5 12 0.78537 4.7717 -0.26247 0.55981 3.526 -0.23353 0.070291 3.6159 -1.0819 -0.61171 2.1436 -1.2721 -0.64508 0.82036 -2.063 1.0554 3.4653 0.61387 1.0631 1.8523 0.87268 1.7386 0.471 0.75722 -0.40876 -0.011402 -0.67549 -0.37601 -2.1114 -0.61841 -1.5765 -3.2679 0.068752 0.40876 0.011402 0.67549 1.1998 -1.8453 0.091396 0.61792 -3.5483 0.20134
5 6 12 0.77869 4.772 -0.28854 0.55585 3.5264 -0.24228 0.033357 3.6161 -1.0707 -0.65476 2.1451 -1.2484 -0.69208 0.82407 -2.0428 1.0845 3.4659 0.58491 1.122 1.8519 0.83438 1.8387 0.50267 0.62545 -0.42971 -0.0099072 -0.66238 -0.24005 -2.1001 -0.75905 -1.5018 -3.1529 -0.017079 0.42971 0.0099072 0.66238 1.133 -1.8856 0.090859 0.49701 -3.5656 0.24596
5 7 12 0.7776 4.7746 -0.29858 0.55608 3.5296 -0.2331 0.0038708 3.6142 -1.0426 -0.68978 2.1422 -1.1869 -0.70619 0.83333 -2.0019 1.1144 3.4742 0.57473 1.2044 1.8597 0.80728 1.9472 0.54057 0.51437 -0.44107 -0.0027404 -0.65494 -0.10238 -2.0609 -0.9071 -1.3767 -3.0638 -0.11902 0.44107 0.0027404 0.65494 1.0682 -1.9213 0.089902 0.38302 -3.5771 0.28917
5 8 12 0.76294 4.7794 -0.30183 0.54713 3.5345 -0.21789 -0.027015 3.6114 -1.0127 -0.71494 2.1338 -1.1225 -0.71063 0.83649 -1.956 1.1273 3.4867 0.57491 1.2919 1.8738 0.77577 2.051 0.58017 0.41827 -0.44322 0.0026531 -0.65349 0.05282 -2 -1.0505 -1.1865 -3.0469 -0.26371 0.44322 -0.0026536 0.65349 0.99829 -1.9511 0.096802 0.26247 -3.5793 0.33838
5 9 12 0.75543 4.7808 -0.31435 0.54721 3.536 -0.21201 -0.041118 3.6027 -0.99737 -0.71891 2.1182 -1.0722 -0.69832 0.82945 -1.9186 1.1414 3.4984 0.57089 1.3839 1.8912 0.73493 2.1638 0.62503 0.32744 -0.44207 0.0060086 -0.65424 0.2144 -1.9212 -1.1731 -0.94866 -3.0846 -0.43497 0.44207 -0.0060081 0.65424 0.9363 -1.9738 0.10863 0.14594 -3.5699 0.38913
5 10 12 0.75325 4.7799 -0.33734 0.55068 3.5357 -0.21846 -0.044471 3.5913 -0.99952 -0.71515 2.1024 -1.0446 -0.6812 0.81481 -1.8924 1.1515 3.5092 0.55981 1.4568 1.9104 0.69955 2.2653 0.67978 0.24181 -0.43934 0.0062585 -0.65608 0.36478 -1.8377 -1.2624 -0.68127 -3.1612 -0.62601 0.43934 -0.0062585 0.65608 0.87469 -1.9949 0.1365 0.028548 -3.557 0.44464
5 11 12 0.75868 4.777 -0.36744 0.5561 3.5345 -0.2315 -0.043088 3.5802 -1.0101 -0.70666 2.0876 -1.0328 -0.67852 0.79165 -1.8678 1.1609 3.5178 0.54395 1.5097 1.9272 0.67498 2.3501 0.74013 0.16294 -0.43288 0.0040908 -0.66037 0.49603 -1.7631 -1.3151 -0.3907 -3.258 -0.83567 0.43288 -0.0040913 0.66037 0.79547 -2.0178 0.18313 -0.092182 -3.5542 0.50318
5 12 24 0.669 4.7739 -0.54519 0.49839 3.5332 -0.35741 -0.24554 3.571 -0.99968 -0.89219 2.0767 -0.86603 -1.0556 0.76354 -1.6575 1.2471 3.5245 0.28033 1.6453 1.9409 0.32953 2.3959 0.80403 -0.3928 -0.55038 0.0008111 -0.5662 0.3001 -1.72 -1.4204 -0.30882 -3.3653 -1.0043 0.55038 -0.0008111 0.5662 0.73353 -2.0409 0.098318 -0.098258 -3.5604 0.59822
5 13 24 0.66464 4.7715 -0.5729 0.49609 3.5318 -0.37709 -0.23776 3.5608 -1.0313 -0.8864 2.0691 -0.88031 -1.0772 0.73699 -1.6332 1.2346 3.5319 0.27244 1.6466 1.952 0.32851 2.441 0.86328 -0.42068 -0.53725 -0.0053277 -0.57864 0.37171 -1.7024 -1.4201 -0.043865 -3.451 -1.276 0.53725 0.0053277 0.57864 0.64632 -2.0575 0.19529 -0.21865 -3.56 0.69047
5 14 24 0.66508 4.7676 -0.60304 0.49593 3.5291 -0.40009 -0.22261 3.5474 -1.0715 -0.8835 2.0626 -0.90589 -1.1025 0.71383 -1.6204 1.2192 3.5398 0.26638 1.637 1.9622 0.34014 2.4601 0.91078 -0.431 -0.52053 -0.013056 -0.59362 0.44266 -1.6937 -1.4072 0.25439 -3.4824 -1.5344 0.52053 0.013056 0.59362 0.55703 -2.0667 0.29779 -0.34246 -3.5512 0.78562
5 15 24 0.65734 4.7652 -0.63024 0.48723 3.5282 -0.41893 -0.21416 3.5362 -1.1084 -0.89216 2.06 -0.93517 -1.1383 0.69703 -1.6129 1.1933 3.5492 0.26545 1.6058 1.9716 0.3645 2.4515 0.93983 -0.40873 -0.50081 -0.022441 -0.61007 0.51828 -1.6909 -1.3795 0.52745 -3.4633 -1.7105 0.50081 0.022442 0.61007 0.46419 -2.0674 0.39633 -0.46845 -3.5339 0.87626
5 16 24 0.65895 4.763 -0.64768 0.48361 3.5284 -0.42623 -0.19655 3.5245 -1.1367 -0.88984 2.0559 -0.96014 -1.164 0.68154 -1.6033 1.1685 3.5612 0.2789 1.5649 1.9817 0.40922 2.4253 0.94255 -0.33745 -0.47967 -0.027461 -0.62663 0.58012 -1.6935 -1.3447 0.70648 -3.4402 -1.7735 0.47967 0.027461 0.62663 0.37917 -2.0663 0.48456 -0.59025 -3.5099 0.96128
5 17 24 0.65466 4.7634 -0.65054 0.47705 3.53 -0.42455 -0.18019 3.5145 -1.1561 -0.8824 2.0494 -0.98592 -1.1838 0.6678 -1.6008 1.139 3.5743 0.30154 1.506 1.9913 0.46988 2.3716 0.91481 -0.21534 -0.46355 -0.029342 -0.63856 0.60813 -1.6995 -1.3287 0.75779 -3.4474 -1.7452 0.46355 0.029342 0.63856 0.29865 -2.0633 0.54872 -0.70054 -3.4791 1.0465
5 32 60 0.60274 4.7403 -0.80992 0.4698 3.5197 -0.4998 -0.13537 3.4321 -1.2702 -0.51365 1.9308 -1.7914 -0.2304 0.91802 -2.9192 1.0787 3.6361 0.26381 1.0712 2.0854 0.77763 1.7272 0.69054 0.73705 -0.50032 -0.002583 -0.61088 -0.15437 -2.0638 -0.82534 -0.85857 -3.6209 -0.25046 0.50032 0.002583 0.61088 1.4031 -1.7468 -0.12311 1.0406 -3.511 -0.20766
5 33 60 0.64255 4.7494 -0.72608 0.49249 3.5246 -0.44126 -0.092704 3.4556 -1.2288 -0.44732 1.963 -1.7902 -0.050688 1.0185 -2.9427 1.0817 3.6226 0.34012 1.0418 2.0653 0.83218 1.6781 0.66143 0.78833 -0.49197 0.0073962 -0.61759 -0.25565 -2.0766 -0.74178 -0.96766 -3.6218 -0.1449 0.49197 -0.0073957 0.61759 1.4126 -1.7303 -0.15593 1.2223 -3.5183 -0.28935
5 34 60 0.67326 4.7586 -0.64115 0.5066 3.53 -0.38344 -0.063987 3.483 -1.1832 -0.40469 1.9976 -1.7718 0.092048 1.1095 -2.9303 1.0816 3.6061 0.41088 1.0172 2.0427 0.88054 1.6297 0.62812 0.84268 -0.49014 0.016483 -0.61886 -0.348 -2.0792 -0.66752 -1.0788 -3.605 -0.044062 0.49014 -0.016484 0.61886 1.3963 -1.7286 -0.1947 1.3115 -3.5254 -0.31732
5 35 60 0.70425 4.766 -0.55565 0.51807 3.5346 -0.32609 -0.0417 3.5118 -1.1345 -0.3817 2.0286 -1.729 0.19607 1.1766 -2.877 1.0827 3.5865 0.47759 0.99968 2.0174 0.92451 1.5893 0.59286 0.89682 -0.48789 0.024538 -0.62037 -0.42358 -2.0755 -0.60785 -1.192 -3.5687 0.048381 0.48789 -0.024537 0.62037 1.407 -1.7371 -0.17763 1.3217 -3.5322 -0.32264
5 36 60 0.7208 4.7739 -0.46269 0.5229 3.5396 -0.26083 -0.030847 3.5405 -1.0737 -0.38829 2.0562 -1.6549 0.24319 1.2158 -2.783 1.0818 3.5678 0.54802 0.98747 1.9928 0.97133 1.5541 0.55874 0.95857 -0.48415 0.032823 -0.62291 -0.50313 -2.067 -0.55573 -1.3182 -3.5219 0.12976 0.48415 -0.032823 0.62291 1.4182 -1.7528 -0.14098 1.2563 -3.5409 -0.3058
5 37 60 0.70984 4.7829 -0.39266 0.50894 3.5438 -0.22702 -0.030535 3.5672 -1.0491 -0.4196 2.078 -1.5965 0.22418 1.2138 -2.6994 1.0537 3.5495 0.59184 0.95087 1.9675 0.98606 1.4988 0.52616 0.97947 -0.4792 0.028316 -0.62695 -0.58644 -2.0669 -0.5138 -1.4626 -3.4768 0.19027 0.4792 -0.028317 0.62695 1.418 -1.7586 -0.1073 1.1822 -3.5393 -0.26311
5 38 60 0.71731 4.7852 -0.34239 0.50383 3.5438 -0.21295 -0.016867 3.5897 -1.0461 -0.44672 2.0909 -1.5335 0.15154 1.1557 -2.6036 1.0301 3.527 0.61781 0.92292 1.9386 0.98403 1.4628 0.49425 0.9762 -0.46137 0.017106 -0.64058 -0.6352 -2.0718 -0.49668 -1.6029 -3.4108 0.2255 0.46137 -0.017106 0.64058 1.4305 -1.7534 -0.037967 1.1082 -3.5197 -0.20218
5 39 60 0.72138 4.7899 -0.25139 0.4987 3.5467 -0.1591 0.0018871 3.6144 -1.0052 -0.47763 2.109 -1.4206 0.020343 1.07 -2.4455 1.0011 3.5083 0.68556 0.89709 1.9141 1.0267 1.4507 0.47506 1.0053 -0.43673 0.01792 -0.65761 -0.68236 -2.0627 -0.49929 -1.7337 -3.3275 0.23953 0.43673 -0.01792 0.65761 1.4056 -1.7702 0.021229 0.98904 -3.5174 -0.13594
5 40 60 0.70569 4.7927 -0.21043 0.49054 3.5464 -0.1454 0.016416 3.6259 -1.0034 -0.50422 2.1195 -1.3617 -0.14528 0.96769 -2.322 0.97018 3.4962 0.7118 0.87396 1.8972 1.0319 1.4685 0.47558 0.9743 -0.42351 0.012809 -0.66631 -0.70455 -2.0669 -0.5667 -1.8401 -3.2398 0.19877 0.42351 -0.01281 0.66631 1.3238 -1.7996 0.025095 0.84163 -3.5337 -0.081512
5 41 60 0.69422 4.7923 -0.20466 0.48078 3.5448 -0.15995 0.028563 3.6324 -1.029 -0.52056 2.1271 -1.3475 -0.31482 0.88105 -2.2322 0.93846 3.4866 0.70867 0.8568 1.8848 1.0189 1.5135 0.49372 0.91267 -0.41803 0.0028372 -0.66988 -0.64679 -2.0856 -0.69391 -1.8717 -3.1396 0.10571 0.41803 -0.0028372 0.66988 1.2457 -1.8265 0.034514 0.70271 -3.5445 -0.032475
5 42 60 0.70462 4.7895 -0.20415 0.48533 3.5428 -0.1649 0.047701 3.6335 -1.041 -0.51917 2.129 -1.3307 -0.46852 0.82045 -2.1449 0.92848 3.4815 0.71102 0.86445 1.878 1.0167 1.5894 0.52492 0.87103 -0.41453 -0.00047588 -0.67206 -0.51737 -2.0923 -0.83915 -1.8158 -3.0492 -0.033293 0.41453 0.00047588 0.67206 1.1878 -1.8537 0.056781 0.57381 -3.5485 0.01858
5 43 60 0.72689 4.7862 -0.21712 0.49645 3.5425 -0.15977 0.063186 3.6295 -1.0384 -0.5166 2.1249 -1.3009 -0.5963 0.78317 -2.0565 0.93533 3.4847 0.71853 0.88919 1.8803 1.0228 1.6812 0.56863 0.85028 -0.40325 0.00046158 -0.67889 -0.33801 -2.0766 -0.98881 -1.6814 -3.0024 -0.22138 0.40325 -0.00046206 0.67889 1.1192 -1.8841 0.084074 0.44307 -3.5554 0.063479
5 74 168 0.56171 4.7652 -0.63573 0.43034 3.5437 -0.339 -0.19114 3.5145 -1.1008 -0.44462 2.044 -1.7655 0.12361 1.2733 -2.9742 1.0557 3.6021 0.41787 1.1047 2.0279 0.85204 1.6607 0.59054 0.80263 -0.57205 0.029886 -0.54348 -0.45427 -2.067 -0.48295 -0.96333 -3.6221 0.27415 0.57205 -0.029886 0.54348 1.382 -1.7504 -0.34989 0.9048 -3.4861 -0.45286
5 75 168 0.59384 4.77 -0.58784 0.43679 3.5459 -0.31615 -0.16878 3.5405 -1.0911 -0.4321 2.0603 -1.7303 0.22046 1.2958 -2.8997 1.0468 3.5804 0.45462 1.0659 2.0017 0.87425 1.5918 0.55247 0.8469 -0.5652 0.02582 -0.5508 -0.48146 -2.071 -0.44717 -1.0355 -3.5935 0.34405 0.5652 -0.02582 0.5508 1.4013 -1.7483 -0.31416 0.85246 -3.4641 -0.39084
5 76 168 0.62339 4.7764 -0.51767 0.44455 3.5495 -0.27198 -0.14297 3.563 -1.0607 -0.44962 2.0729 -1.6559 0.26474 1.2801 -2.769 1.0369 3.5652 0.51304 1.0317 1.9815 0.91346 1.5397 0.52578 0.88897 -0.54956 0.026851 -0.56636 -0.51088 -2.068 -0.40959 -1.1175 -3.555 0.40991 0.54956 -0.026851 0.56636 1.4098 -1.7507 -0.27188 0.81294 -3.451 -0.33095
5 77 168 0.63291 4.7818 -0.45821 0.44477 3.5508 -0.2411 -0.12239 3.5815 -1.0441 -0.49035 2.0881 -1.5947 0.24677 1.2238 -2.6374 1.017 3.5494 0.55887 0.98962 1.9593 0.93244 1.4949 0.50303 0.89214 -0.5337 0.023336 -0.58148 -0.5512 -2.0681 -0.38164 -1.2199 -3.5133 0.46401 0.5337 -0.023336 0.58148 1.3546 -1.7784 -0.23097 0.71992 -3.4657 -0.26241
5 85 180 0.70872 4.7846 -0.33064 0.49987 3.545 -0.18337 -0.10786 3.614 -0.95361 -0.79821 2.1344 -1.008 -1.0771 0.75959 -1.6481 1.113 3.5051 0.58462 1.3292 1.8901 0.70183 2.083 0.65446 0.17019 -0.49759 0.020024 -0.61278 0.085397 -1.9116 -1.1985 -1.0032 -3.1259 -0.4295 0.49759 -0.020024 0.61278 0.85287 -1.9832 -0.046053 -0.0079894 -3.5402 0.2466
5 86 180 0.72533 4.783 -0.31601 0.51714 3.5438 -0.16336 -0.079778 3.6027 -0.94284 -0.78351 2.1289 -0.9825 -1.0627 0.75329 -1.6208 1.1194 3.5141 0.61366 1.3774 1.9039 0.71173 2.1694 0.7026 0.15741 -0.47088 0.022846 -0.63344 0.26565 -1.8492 -1.2394 -0.76377 -3.2339 -0.71612 0.47088 -0.022846 0.63344 0.8042 -2.0005 0.007172 -0.095679 -3.5308 0.32188
5 87 180 0.74991 4.7806 -0.29546 0.53655 3.5423 -0.1415 -0.043592 3.5972 -0.93383 -0.7594 2.1291 -0.96628 -1.0069 0.75305 -1.6167 1.1221 3.5167 0.64835 1.4163 1.9121 0.73417 2.2425 0.74218 0.16287 -0.44349 0.026617 -0.65277 0.41628 -1.7969 -1.2444 -0.48262 -3.3346 -0.96491 0.44349 -0.026618 0.65277 0.74728 -2.0219 0.069011 -0.19543 -3.5229 0.39949
5 88 180 0.76491 4.7794 -0.28218 0.54952 3.5417 -0.12509 -0.016336 3.5882 -0.92821 -0.7371 2.1226 -0.96251 -0.93959 0.7476 -1.6304 1.1208 3.5244 0.67537 1.4386 1.9241 0.75735 2.2933 0.77861 0.17865 -0.41848 0.0288 -0.66899 0.53659 -1.7563 -1.2309 -0.1637 -3.4164 -1.1638 0.41848 -0.028801 0.66899 0.66746 -2.0454 0.13443 -0.30971 -3.5227 0.47155
5 88 192 0.68953 4.7794 -0.43504 0.5115 3.5417 -0.2366 -0.20897 3.5882 -0.90453 -0.92111 2.1226 -0.78822 -1.258 0.7476 -1.3994 1.2367 3.5244 0.42759 1.5646 1.9241 0.44171 2.2804 0.77861 -0.30206 -0.54842 0.0288 -0.56736 0.26895 -1.7563 -1.3155 -0.40208 -3.4164 -1.1043 0.54842 -0.028801 0.56736 0.68083 -2.0454 -0.0072807 -0.2049 -3.5227 0.52564
5 89 192 0.70104 4.778 -0.43259 0.52066 3.541 -0.23187 -0.18403 3.5822 -0.91676 -0.89737 2.1163 -0.81272 -1.1909 0.74421 -1.4522 1.2302 3.5289 0.44918 1.5686 1.9308 0.46863 2.3086 0.80321 -0.27878 -0.53244 0.028259 -0.58242 0.3599 -1.7231 -1.3245 -0.098904 -3.4667 -1.3099 0.53244 -0.02826 0.58242 0.6031 -2.0662 0.076255 -0.30927 -3.5259 0.61264
5 90 192 0.70086 4.7787 -0.43059 0.51908 3.5414 -0.23213 -0.16957 3.5779 -0.9334 -0.88079 2.1094 -0.85381 -1.1296 0.74275 -1.5232 1.2126 3.5341 0.46529 1.5465 1.9354 0.50263 2.31 0.81597 -0.23324 -0.51976 0.025657 -0.59387 0.42469 -1.6972 -1.3382 0.19707 -3.4825 -1.4475 0.51976 -0.025657 0.59387 0.52212 -2.0822 0.16371 -0.41553 -3.5283 0.69329
5 91 192 0.69518 4.779 -0.43785 0.51402 3.5416 -0.23867 -0.161 3.5672 -0.95355 -0.86685 2.0947 -0.90553 -1.0693 0.73653 -1.607 1.1937 3.5452 0.47219 1.5085 1.9435 0.53728 2.2888 0.81712 -0.16979 -0.50654 0.020752 -0.60538 0.48285 -1.6756 -1.3523 0.45368 -3.4701 -1.5252 0.50654 -0.020752 0.60538 0.43535 -2.0908 0.25282 -0.52455 -3.5264 0.77092
5 108 216 0.65582 4.7678 -0.61117 0.47623 3.5346 -0.38532 -0.088487 3.4756 -1.1884 -0.39445 1.9216 -1.5888 0.094307 0.83004 -2.562 1.0455 3.6225 0.41192 1.0782 2.0417 0.82272 1.7984 0.69188 0.63018 -0.47404 0.0039892 -0.63148 -0.045797 -2.045 -0.81162 -0.75613 -3.6027 -0.24605 0.47404 -0.0039887 0.63148 1.3441 -1.7948 -0.039379 0.80407 -3.499 0.19521
5 109 216 0.67063 4.7702 -0.57693 0.48549 3.5358 -0.3621 -0.079409 3.4859 -1.1657 -0.36453 1.9329 -1.585 0.21059 0.89143 -2.5659 1.055 3.6147 0.43588 1.0734 2.0315 0.83827 1.7756 0.6703 0.66029 -0.47552 0.0089307 -0.63031 -0.16148 -2.0663 -0.72663 -0.87524 -3.6132 -0.13621 0.47552 -0.0089302 0.63031 1.3845 -1.7603 -0.091434 1.0897 -3.536 0.011798
5 110 216 0.67269 4.7743 -0.54163 0.48602 3.5383 -0.33777 -0.081849 3.4999 -1.1399 -0.35258 1.9468 -1.5681 0.28392 0.94329 -2.5507 1.0586 3.6057 0.45906 1.0642 2.021 0.85594 1.7411 0.6448 0.69648 -0.48338 0.013216 -0.62423 -0.28098 -2.078 -0.64222 -0.99867 -3.613 -0.026237 0.48338 -0.013217 0.62423 1.3846 -1.737 -0.16985 1.3118 -3.5381 -0.12766
5 111 216 0.66461 4.778 -0.51527 0.47994 3.541 -0.31519 -0.10581 3.5085 -1.1046 -0.3708 1.9553 -1.5359 0.30495 0.97413 -2.5149 1.0702 3.6026 0.46911 1.0602 2.0172 0.86309 1.7076 0.62438 0.72665 -0.49713 0.018094 -0.61321 -0.39027 -2.0798 -0.57325 -1.12 -3.5963 0.073907 0.49713 -0.018094 0.61321 1.369 -1.7253 -0.24683 1.4456 -3.5265 -0.2208
5 112 216 0.6591 4.7817 -0.48767 0.47336 3.5435 -0.29595 -0.12446 3.5214 -1.0766 -0.39583 1.9675 -1.5015 0.29115 0.98809 -2.4743 1.0756 3.5946 0.47994 1.0549 2.0081 0.86906 1.6701 0.59882 0.75536 -0.50736 0.020667 -0.6047 -0.48608 -2.0783 -0.51357 -1.2413 -3.5671 0.16763 0.50736 -0.020667 0.6047 1.3737 -1.7192 -0.27779 1.5054 -3.5174 -0.26982
6 0 180 0.52994 4.7141 -0.91478 0.4919 3.4745 -0.65836 -0.13942 3.3527 -1.4027 -0.65519 1.8042 -1.3331 -0.63753 0.43396 -2.04 1.1246 3.6253 0.079427 1.4773 2.1336 0.64439 2.3366 0.85687 0.74035 -0.53627 -0.011706 -0.57946 0.031212 -1.9894 -1.0049 -0.47793 -3.7184 -1.0528 0.53627 0.011706 0.57946 0.85791 -1.9967 0.053138 0.63577 -3.6925 0.62405
6 1 180 0.61454 4.7103 -0.88878 0.54925 3.4704 -0.64077 -0.029627 3.3443 -1.4258 -0.56145 1.8001 -1.3877 -0.47413 0.42141 -2.0728 1.1301 3.6256 0.1376 1.4212 2.1452 0.76426 2.2799 0.88014 0.9637 -0.49613 -0.012639 -0.61416 0.080154 -1.9976 -0.99121 -0.4385 -3.7244 -1.0053 0.49613 0.012639 0.61416 0.86802 -1.9926 0.10899 0.64774 -3.6856 0.68857
6 2 180 0.6883 4.7097 -0.84311 0.59959 3.47 -0.60304 0.075926 3.3431 -1.4259 -0.4627 1.8008 -1.4338 -0.30176 0.424 -2.1092 1.126 3.6259 0.21305 1.3431 2.1509 0.88078 2.189 0.89194 1.1587 -0.45301 -0.011961 -0.64663 0.11088 -2.0096 -0.97209 -0.41233 -3.7348 -0.94795 0.45301 0.011961 0.64663 0.88238 -1.9937 0.19131 0.60081 -3.6823 0.75706
6 3 192 0.55958 4.7089 -0.93723 0.50615 3.4697 -0.68499 -0.13764 3.3383 -1.4168 -0.67771 1.7971 -1.3715 -0.60395 0.43061 -2.082 1.1516 3.6301 0.039649 1.4319 2.1534 0.67964 2.297 0.88754 0.84338 -0.53904 -0.013711 -0.57684 -0.042374 -2.0204 -0.95231 -0.55114 -3.7428 -0.79362 0.53904 0.013711 0.57684 0.90016 -2.0012 0.10336 0.64072 -3.6837 0.6973
6 4 192 0.59581 4.714 -0.89061 0.52986 3.4741 -0.64541 -0.074166 3.3416 -1.4102 -0.61237 1.7993 -1.4259 -0.49351 0.45226 -2.1669 1.1358 3.6355 0.11232 1.3563 2.1512 0.75802 2.1803 0.86698 0.98007 -0.49908 -0.016288 -0.61168 0.0046586 -2.0315 -0.92722 -0.51124 -3.7495 -0.74477 0.49908 0.016289 0.61168 0.87828 -2.0114 0.21276 0.48731 -3.6867 0.75243
6 5 192 0.63129 4.7177 -0.84351 0.55432 3.4757 -0.6131 -0.0043984 3.3491 -1.4126 -0.53287 1.8051 -1.4869 -0.37812 0.48342 -2.2658 1.1154 3.6312 0.17959 1.2842 2.135 0.81333 2.066 0.83068 1.0687 -0.45624 -0.020075 -0.64416 0.064399 -2.0392 -0.90197 -0.47268 -3.7483 -0.6982 0.45624 0.020075 0.64416 0.83632 -2.0202 0.31708 0.3292 -3.6909 0.76729
6 15 216 0.64273 4.751 -0.69852 0.48257 3.5045 -0.56162 -0.096022 3.4452 -1.3548 -0.50558 1.8869 -1.6241 -0.16809 0.68861 -2.534 1.0648 3.5929 0.22616 1.0598 2.0247 0.68393 1.748 0.64498 0.66835 -0.53355 -0.012546 -0.58195 -0.24638 -2.0938 -0.57152 -0.67492 -3.7431 0.017652 0.53355 0.012546 0.58195 1.2525 -1.7924 -0.21786 0.94763 -3.5644 -0.083942
6 16 216 0.66901 4.7504 -0.68456 0.50061 3.5048 -0.54948 -0.073186 3.4508 -1.3465 -0.47524 1.8898 -1.6117 -0.017456 0.72307 -2.5099 1.0782 3.5879 0.24222 1.0562 2.0219 0.70697 1.7083 0.6247 0.72283 -0.53413 -0.0084033 -0.58149 -0.32519 -2.0975 -0.50148 -0.73896 -3.746 0.10021 0.53413 0.0084028 0.58149 1.284 -1.7693 -0.25019 1.115 -3.5644 -0.23738
6 17 216 0.69073 4.7511 -0.66794 0.51371 3.5068 -0.53027 -0.060172 3.4576 -1.3275 -0.46351 1.8951 -1.5822 0.094753 0.7615 -2.4659 1.0917 3.585 0.2617 1.058 2.0211 0.73261 1.6784 0.61016 0.77777 -0.53547 -0.003233 -0.58031 -0.40604 -2.0943 -0.42259 -0.81 -3.742 0.18816 0.53547 0.0032325 0.58031 1.3179 -1.749 -0.27516 1.2708 -3.5481 -0.38433
6 18 216 0.70439 4.752 -0.65131 0.52195 3.5085 -0.51476 -0.058785 3.4624 -1.3072 -0.45965 1.8979 -1.5528 0.1709 0.79036 -2.4208 1.1069 3.5837 0.27238 1.0616 2.0216 0.74851 1.6563 0.60032 0.81105 -0.5414 0.001627 -0.57479 -0.47459 -2.087 -0.35724 -0.88602 -3.7229 0.27973 0.5414 -0.001627 0.57479 1.3319 -1.7455 -0.29023 1.3969 -3.5332 -0.51546
6 19 216 0.71619 4.7547 -0.6244 0.53013 3.5113 -0.48945 -0.058422 3.4737 -1.2766 -0.46429 1.9086 -1.5099 0.21239 0.82105 -2.3685 1.123 3.5779 0.2925 1.0686 2.0173 0.77259 1.6444 0.58885 0.8472 -0.54777 0.0090504 -0.56865 -0.55316 -2.0719 -0.27902 -0.96479 -3.7021 0.3721 0.54777 -0.0090508 0.56865 1.3363 -1.7493 -0.30553 1.4659 -3.5269 -0.57785
6 20 216 0.71465 4.7578 -0.60531 0.52784 3.5142 -0.47198 -0.075728 3.4825 -1.2479 -0.49588 1.9196 -1.47 0.2018 0.84093 -2.3229 1.1357 3.5749 0.29887 1.074 2.0152 0.78065 1.6374 0.58205 0.86093 -0.55663 0.013275 -0.5599 -0.63785 -2.0546 -0.19694 -1.0575 -3.676 0.47073 0.55663 -0.013275 0.5599 1.3386 -1.7524 -0.32226 1.4931 -3.5273 -0.59939
6 34 204 0.62312 4.7574 -0.66981 0.52243 3.5129 -0.46274 -0.14596 3.4388 -1.1805 -0.7219 1.9101 -1.1812 -0.53213 0.66999 -2.0778 1.1936 3.616 0.24882 1.7606 2.1007 0.47509 2.7887 1.0561 -0.0038982 -0.49711 -0.00090551 -0.6135 0.32405 -1.8357 -1.2246 -0.48686 -3.3664 -0.72431 0.49711 0.00090551 0.6135 0.83461 -2.0083 0.10027 0.16351 -3.6552 0.39735
6 35 204 0.61628 4.7612 -0.65315 0.5148 3.5165 -0.44822 -0.15837 3.4422 -1.1614 -0.73378 1.9133 -1.1488 -0.55256 0.66353 -2.0335 1.1907 3.6197 0.25884 1.797 2.1161 0.45914 2.857 1.1298 -0.071266 -0.49121 -0.0016961 -0.61823 0.4077 -1.7909 -1.2547 -0.1529 -3.4772 -0.94977 0.49121 0.0016956 0.61823 0.75022 -2.0333 0.16433 0.037608 -3.6595 0.47805
6 36 204 0.60876 4.7659 -0.63151 0.50414 3.5206 -0.43191 -0.16727 3.4468 -1.1468 -0.74615 1.9195 -1.1202 -0.59081 0.64584 -1.9754 1.1782 3.6234 0.27693 1.8062 2.1264 0.4594 2.8922 1.1914 -0.10975 -0.48035 -0.0040016 -0.62669 0.45408 -1.7763 -1.2593 0.17139 -3.5544 -1.1637 0.48035 0.0040011 0.62669 0.6515 -2.0565 0.25348 -0.095864 -3.6675 0.56485
6 39 216 0.46055 4.7764 -0.68937 0.37735 3.5296 -0.49218 -0.39845 3.4556 -1.0922 -0.98566 1.9436 -0.89764 -1.1206 0.57304 -1.5912 1.1547 3.6327 0.10154 1.8137 2.1382 0.13113 2.7809 1.267 -0.69535 -0.56035 -0.015753 -0.55611 0.22962 -1.8119 -1.3072 0.61377 -3.5113 -1.7715 0.56035 0.015752 0.55611 0.41396 -2.0769 0.43951 -0.31768 -3.6562 0.91001
6 40 216 0.46099 4.7791 -0.67349 0.37305 3.532 -0.48151 -0.38776 3.4565 -1.1002 -0.9861 1.95 -0.8971 -1.1666 0.55444 -1.5275 1.1355 3.6366 0.13094 1.7761 2.1346 0.18075 2.7434 1.24 -0.62033 -0.54893 -0.016871 -0.56736 0.23264 -1.8224 -1.3045 0.70201 -3.4871 -1.814 0.54893 0.016871 0.56736 0.33093 -2.0723 0.5209 -0.42379 -3.6327 1.0174
6 58 228 0.47555 4.8075 -0.40117 0.36576 3.5521 -0.29016 -0.2965 3.5116 -1.0162 -0.47962 2.0113 -1.6362 0.23797 1.2771 -2.7867 1.0302 3.6221 0.43161 1.1299 2.0431 0.83861 1.8316 0.70318 0.5387 -0.58965 0.032121 -0.5242 -0.51203 -2.0544 -0.29025 -0.8574 -3.6913 0.38221 0.58965 -0.032122 0.5242 1.2156 -1.8125 -0.3992 1.2834 -3.5995 -0.62947
6 59 228 0.48163 4.8082 -0.37866 0.37108 3.5523 -0.27457 -0.30414 3.519 -0.98894 -0.47466 2.0213 -1.6187 0.33604 1.3767 -2.761 1.0485 3.615 0.43571 1.1583 2.0341 0.83267 1.8568 0.69403 0.52601 -0.60195 0.038469 -0.50958 -0.62473 -2.0321 -0.15398 -0.9483 -3.6673 0.53326 0.60195 -0.038469 0.50958 1.1991 -1.8107 -0.44789 1.3793 -3.5644 -0.82636
6 60 228 0.48473 4.8092 -0.36402 0.37267 3.5532 -0.26175 -0.31831 3.5274 -0.96121 -0.49024 2.0302 -1.5918 0.38259 1.4433 -2.7193 1.066 3.6084 0.43367 1.1832 2.0257 0.82121 1.8759 0.68116 0.52139 -0.61395 0.043093 -0.49468 -0.71424 -2.0057 -0.040065 -1.0327 -3.6342 0.66533 0.61395 -0.043093 0.49468 1.1807 -1.8121 -0.48706 1.3918 -3.5451 -0.93759
6 62 216 0.5622 4.8096 -0.21062 0.43092 3.5527 -0.14687 -0.13468 3.5454 -0.95148 -0.22957 2.0373 -1.5724 0.88699 1.4329 -2.4474 0.99969 3.5895 0.6547 1.045 2.0028 1.041 1.7394 0.63138 0.91953 -0.52785 0.054033 -0.58477 -0.85944 -1.9468 -0.03601 -1.3675 -3.5336 0.653 0.52785 -0.054033 0.58477 1.2315 -1.836 -0.27777 1.429 -3.5914 -0.63876
6 63 216 0.57134 4.806 -0.22247 0.43949 3.5483 -0.17209 -0.14349 3.5565 -0.9642 -0.29816 2.0366 -1.5429 0.78001 1.3549 -2.4092 1.0257 3.5697 0.61738 1.0712 1.9814 0.99662 1.7352 0.59372 0.89091 -0.54886 0.049093 -0.56555 -0.93683 -1.9296 0.024687 -1.4833 -3.489 0.74624 0.54886 -0.049093 0.56555 1.2381 -1.8285 -0.31371 1.3409 -3.608 -0.58507
6 64 216 0.56644 4.8031 -0.24203 0.4267 3.5458 -0.21082 -0.17185 3.5712 -0.99086 -0.39814 2.0375 -1.506 0.59166 1.2294 -2.3691 1.0287 3.55 0.56698 1.0738 1.9589 0.93459 1.7061 0.5553 0.84653 -0.55744 0.031991 -0.55833 -0.95103 -1.9476 0.025448 -1.5925 -3.4373 0.81285 0.55744 -0.031991 0.55833 1.2472 -1.8154 -0.31235 1.2349 -3.6087 -0.49854
6 67 204 0.60822 4.7937 -0.15214 0.44938 3.5389 -0.19682 -0.0094694 3.6082 -1.064 -0.36635 2.0583 -1.4368 0.21331 0.825 -2.1584 0.91235 3.4991 0.67003 0.92214 1.8994 1.001 1.5712 0.50075 0.99016 -0.45755 0.0025463 -0.64354 -0.74723 -2.0625 -0.38634 -1.8787 -3.2246 0.40118 0.45755 -0.0025463 0.64354 1.1556 -1.8793 0.0073689 0.90249 -3.6637 -0.045539
6 68 204 0.61838 4.7886 -0.1937 0.45036 3.535 -0.23559 -0.034022 3.6097 -1.0883 -0.44493 2.0629 -1.4161 -0.10917 0.75263 -2.1564 0.93907 3.4897 0.61674 0.96769 1.888 0.93669 1.6588 0.51103 0.87415 -0.47377 -0.0058322 -0.63167 -0.60574 -2.1003 -0.53059 -1.8156 -3.1212 0.33252 0.47377 0.0058322 0.63167 1.1016 -1.9054 0.025515 0.77055 -3.6777 0.014749
6 69 204 0.63056 4.786 -0.23443 0.45648 3.5327 -0.262 -0.055162 3.6067 -1.0987 -0.518 2.0668 -1.3873 -0.40044 0.72072 -2.1303 0.97259 3.4881 0.57407 1.0382 1.8854 0.88332 1.7732 0.53668 0.74757 -0.48538 -0.0086217 -0.62276 -0.44569 -2.1085 -0.68105 -1.6769 -3.0625 0.22714 0.48538 0.0086222 0.62276 1.0479 -1.9289 0.036227 0.64295 -3.6855 0.068671
6 70 204 0.64277 4.7875 -0.25731 0.46583 3.5341 -0.26079 -0.074504 3.6013 -1.0799 -0.58854 2.0713 -1.332 -0.63209 0.71819 -2.0701 1.0107 3.4963 0.55719 1.1382 1.8936 0.84663 1.9082 0.57423 0.63642 -0.48927 -0.0038543 -0.61976 -0.27051 -2.0833 -0.82557 -1.4751 -3.0782 0.074506 0.48927 0.0038538 0.61976 0.99816 -1.954 0.052165 0.51915 -3.6907 0.12435
6 71 204 0.64164 4.7915 -0.26747 0.46845 3.5376 -0.24743 -0.095571 3.5933 -1.0513 -0.65788 2.0749 -1.2687 -0.78353 0.72824 -2.0092 1.0368 3.5113 0.55483 1.2433 1.9107 0.80841 2.0425 0.6205 0.53591 -0.48455 0.0014014 -0.62347 -0.10614 -2.0394 -0.94909 -1.2423 -3.1573 -0.10615 0.48455 -0.0014009 0.62347 0.94549 -1.9733 0.063631 0.39171 -3.6854 0.17765
6 72 204 0.64024 4.7935 -0.27628 0.47464 3.5391 -0.23433 -0.10488 3.5817 -1.0279 -0.70505 2.0743 -1.2182 -0.85714 0.73506 -1.9672 1.0584 3.5259 0.55716 1.3458 1.9325 0.77491 2.1799 0.68085 0.43555 -0.47534 0.0065432 -0.63049 0.059842 -1.981 -1.0518 -0.96316 -3.2698 -0.31468 0.47534 -0.0065432 0.63049 0.89569 -1.9892 0.076703 0.26793 -3.6722 0.23263
6 73 204 0.63095 4.7956 -0.29234 0.47468 3.5408 -0.22712 -0.11854 3.5719 -1.011 -0.74304 2.071 -1.1722 -0.89114 0.73776 -1.9326 1.0719 3.539 0.55434 1.4326 1.9569 0.74232 2.3089 0.75409 0.33827 -0.46895 0.0095348 -0.63522 0.21009 -1.9164 -1.1292 -0.66084 -3.382 -0.54235 0.46895 -0.0095353 0.63522 0.84376 -2.0048 0.094006 0.1438 -3.6549 0.28927
6 74 204 0.61136 4.7981 -0.31357 0.46093 3.5435 -0.22975 -0.14064 3.5651 -1.0076 -0.77646 2.0655 -1.1334 -0.90568 0.74098 -1.9123 1.0663 3.5513 0.54537 1.4842 1.9811 0.71453 2.4053 0.83592 0.24795 -0.46574 0.007947 -0.63759 0.34024 -1.8575 -1.1712 -0.33843 -3.4796 -0.77235 0.46574 -0.007947 0.63759 0.77269 -2.024 0.13187 0.014644 -3.6452 0.3507
