0 6 12 -0.40664 4.7888 -0.59685 -0.19965 3.5613 -0.36532 -1.1202 3.4635 -0.033203 -2.0467 2.5874 0.98798 -3.4401 2.9631 1.5312 0.71576 3.6881 -0.70195 1.1265 2.5372 -1.7862 0.55431 2.421 -3.2133 -0.77939 -0.047612 -0.11739 -0.26805 -1.7985 -1.16 -0.50708 -3.5814 -1.2834 0.77939 0.047612 0.11739 0.50471 -2.0086 0.4503 -0.17528 -3.4515 1.2909
0 7 0 -0.36959 4.7798 -0.66641 -0.15633 3.5579 -0.41215 -1.0955 3.4632 -0.13572 -1.9886 2.6214 0.9425 -3.3468 3.0146 1.5576 0.77793 3.6815 -0.69363 1.1334 2.5226 -1.7887 0.48732 2.4391 -3.1863 -0.75645 -0.050315 -0.22081 -0.047812 -1.7775 -1.1847 -0.24556 -3.5613 -1.3572 0.75645 0.050314 0.22081 0.41202 -2.0005 0.52027 -0.43617 -3.4268 1.2255
0 8 348 -0.3126 4.7706 -0.7371 -0.10499 3.554 -0.45604 -1.0618 3.4615 -0.24794 -1.942 2.6408 0.85683 -3.274 3.0351 1.5261 0.84738 3.6754 -0.6696 1.1466 2.5108 -1.7755 0.43962 2.4587 -3.1449 -0.72043 -0.055267 -0.31847 0.17696 -1.7579 -1.1611 0.031532 -3.5423 -1.3752 0.72043 0.055267 0.31847 0.31177 -1.9902 0.5701 -0.67481 -3.4007 1.1068
0 9 336 -0.22828 4.7618 -0.80048 -0.033462 3.5507 -0.49062 -1.0045 3.4648 -0.36011 -1.8977 2.6527 0.74046 -3.228 3.0302 1.4228 0.93379 3.6656 -0.627 1.1816 2.4949 -1.7391 0.41629 2.4684 -3.0775 -0.67167 -0.059207 -0.41091 0.39274 -1.7405 -1.0852 0.30678 -3.5245 -1.3315 0.67168 0.059207 0.41091 0.20691 -1.981 0.60028 -0.87629 -3.3802 0.94628
0 11 312 0.015447 4.7522 -0.85253 0.15227 3.5479 -0.49412 -0.82598 3.4789 -0.56919 -1.8504 2.6587 0.40363 -3.2571 2.9378 0.97029 1.1285 3.6458 -0.42571 1.3223 2.4795 -1.553 0.43256 2.5142 -2.8119 -0.52074 -0.058336 -0.5907 0.74034 -1.7182 -0.85286 0.81192 -3.503 -1.0986 0.52074 0.058336 0.5907 -0.01772 -1.9725 0.59885 -1.1729 -3.3547 0.52122
0 12 300 0.18819 4.7479 -0.83501 0.27537 3.5455 -0.45639 -0.68324 3.4861 -0.66825 -1.8259 2.6451 0.14155 -3.2966 2.8676 0.54792 1.2333 3.6339 -0.25157 1.4283 2.4813 -1.3927 0.49892 2.5625 -2.6205 -0.41758 -0.051195 -0.66821 0.86411 -1.7155 -0.71003 1.0205 -3.4998 -0.91625 0.41758 0.051195 0.66821 -0.11694 -1.9782 0.56816 -1.25 -3.3486 0.26946
0 18 300 0.44303 4.7605 -0.69296 0.41725 3.5469 -0.33517 -0.48482 3.5081 -0.72521 -1.7639 2.5718 -0.33029 -3.2916 2.6852 -0.50639 1.3207 3.6147 0.047729 1.4226 2.5071 -1.1487 0.18376 2.7874 -2.0231 -0.35267 -0.022707 -0.70612 0.84571 -1.7482 -0.73586 1.0578 -3.5295 -0.91686 0.35267 0.022707 0.70612 -0.087904 -2.0282 0.58719 -1.2191 -3.3943 0.26325
0 23 24 -0.061957 4.7869 -0.71356 0.10452 3.5542 -0.4763 -0.82815 3.5279 -0.16516 -1.6267 2.5808 0.89973 -3.0037 2.7617 1.5697 1.0341 3.6096 -0.79286 0.68806 2.5695 -2.0041 -0.67314 2.5973 -2.728 -0.77239 0.00053406 -0.16403 -0.37894 -1.8119 -1.1513 -0.6581 -3.5922 -1.2091 0.77239 -0.0005343 0.16403 0.83045 -2.0989 0.25155 0.19463 -3.5035 1.1863
0 24 36 -0.10091 4.7913 -0.70262 0.059216 3.5559 -0.47404 -0.86379 3.5337 -0.13502 -1.6508 2.5973 0.94784 -3.0349 2.79 1.5997 0.97908 3.6074 -0.81838 0.67675 2.5823 -2.054 -0.57841 2.5718 -2.9496 -0.78246 -0.0019205 -0.10609 -0.55381 -1.8372 -1.1029 -0.87521 -3.6106 -1.0504 0.78246 0.0019205 0.1061 0.90697 -2.0954 0.11874 0.45203 -3.5279 1.1147
0 25 48 -0.13604 4.7939 -0.68789 0.024602 3.5573 -0.4661 -0.88883 3.5315 -0.10232 -1.6876 2.6028 0.97855 -3.0769 2.7992 1.618 0.93471 3.6123 -0.83493 0.68256 2.6018 -2.0936 -0.42994 2.5546 -3.1602 -0.78846 0.00046086 -0.042849 -0.72208 -1.8588 -1.0192 -1.0538 -3.6233 -0.85372 0.78846 -0.0004611 0.04285 0.96009 -2.0931 -0.032973 0.69029 -3.5536 0.98933
0 38 192 -0.38386 4.8187 -0.37284 -0.23461 3.5727 -0.20777 -0.94593 3.5538 0.47122 -2.1149 2.4149 0.54257 -3.2634 2.284 -0.47802 0.47287 3.6212 -0.88931 1.6335 2.8648 -1.7551 2.4069 3.0196 -3.0801 -0.33202 0.031559 0.71573 -0.53995 -2.0581 0.78327 0.281 -3.6441 1.0314 0.33202 -0.031559 -0.71573 -0.43605 -1.9382 -1.1507 -0.021631 -3.6637 -1.4694
0 41 216 -0.30466 4.8062 -0.46581 -0.20963 3.5715 -0.22248 -0.97637 3.5718 0.39353 -2.0327 2.3622 0.093763 -2.6109 2.2593 -1.332 0.5542 3.6007 -0.84141 1.8933 2.7397 -1.2078 3.0741 2.8322 -2.1951 -0.24237 0.047052 0.75003 -0.201 -2.053 0.79832 0.72358 -3.6009 0.81134 0.24237 -0.047052 -0.75003 -0.76664 -1.878 -0.95974 -0.6088 -3.6349 -1.3328
0 43 228 -0.27033 4.7911 -0.50211 -0.21074 3.5721 -0.19952 -1.0109 3.5874 0.37227 -1.9124 2.347 -0.19117 -1.9567 2.2763 -1.7309 0.58709 3.5863 -0.77453 1.9386 2.6691 -0.74397 3.3384 2.5983 -1.3868 -0.18468 0.046121 0.76633 -0.059345 -2.0509 0.79699 0.89601 -3.5737 0.65718 0.18468 -0.046121 -0.76633 -0.90397 -1.8424 -0.81541 -0.86401 -3.6119 -1.1593
0 44 228 -0.22429 4.7818 -0.52786 -0.2078 3.572 -0.19485 -1.0628 3.5969 0.29066 -1.8023 2.35 -0.46243 -1.4342 2.299 -1.9589 0.64554 3.5767 -0.68388 1.9618 2.6576 -0.38133 3.4579 2.4578 -0.69681 -0.22304 0.040276 0.75639 -0.081484 -2.0555 0.80017 0.90093 -3.5619 0.67186 0.22304 -0.040276 -0.75639 -0.87887 -1.8276 -0.83065 -0.858 -3.6014 -1.1531
0 66 156 -0.36486 4.8156 -0.37139 -0.27948 3.5691 -0.18688 -1.0224 3.5409 0.45705 -1.8499 2.1925 0.049817 -2.4203 2.3543 -1.3737 0.45954 3.6268 -0.83332 1.4583 2.5502 -1.5489 1.756 2.2269 -3.0269 -0.43022 0.012561 0.662 -0.90022 -2.035 0.69191 -0.55723 -3.7083 1.2693 0.43022 -0.012561 -0.66201 -0.033419 -2.0182 -1.0826 0.64503 -3.6809 -0.92219
0 69 144 -0.38 4.8218 -0.34312 -0.26256 3.5698 -0.2121 -0.98803 3.5182 0.45 -1.7231 2.0842 0.18144 -2.7536 2.1819 -0.96144 0.45843 3.6508 -0.87616 1.2237 2.4473 -1.6728 1.1398 2.0232 -3.153 -0.49086 0.011395 0.61841 -1.0275 -2.0194 0.57175 -0.8658 -3.7025 1.1978 0.49086 -0.011395 -0.61841 0.091572 -2.036 -1.0134 0.75725 -3.6809 -0.69433
0 71 132 -0.34428 4.8198 -0.41027 -0.22161 3.5661 -0.29888 -0.99714 3.4975 0.30212 -1.5997 2.0019 0.039904 -2.7258 2.0085 -1.0134 0.5492 3.6641 -0.90188 1.1513 2.3555 -1.6725 0.99107 1.8133 -3.107 -0.58357 0.021043 0.53151 -1.1697 -1.9861 0.32646 -1.0917 -3.6744 0.95449 0.58356 -0.021043 -0.53151 0.23664 -2.0442 -0.9795 0.83686 -3.6761 -0.50228
0 104 108 -0.19428 4.8306 -0.29698 -0.16915 3.571 -0.2783 -1.1161 3.4996 -0.022064 -1.6631 2.5927 -1.2658 -1.5172 2.8882 -2.7721 0.77437 3.6718 -0.53707 0.74929 2.8812 -1.9664 -0.28388 2.8474 -3.1106 -0.75498 -0.0063686 0.23122 -0.91225 -2.0445 -0.25431 -0.80506 -3.7506 0.31899 0.75498 0.0063686 -0.23122 0.75309 -2.0379 -0.71628 1.1083 -3.727 -0.19493
0 105 108 -0.21311 4.8283 -0.31821 -0.18571 3.569 -0.29211 -1.1324 3.4944 -0.035907 -1.5899 2.3731 -1.1322 -1.5079 2.4471 -2.6703 0.75744 3.6731 -0.55098 0.76829 2.6799 -1.848 -0.20249 2.4757 -3.0285 -0.75622 -0.0089393 0.22706 -0.91084 -2.0483 -0.25411 -0.80799 -3.7506 0.33119 0.75622 0.0089388 -0.22706 0.75248 -2.0371 -0.70461 1.1051 -3.726 -0.18096
1 0 276 -0.37788 4.1169 -2.5142 -0.35871 2.9854 -1.9559 -1.3304 2.9629 -1.8054 -1.2928 1.4612 -1.1635 -1.5435 0.052876 -1.7391 0.60976 3.034 -2.1205 0.92831 1.5211 -1.5928 0.98744 0.1268 -2.2486 -0.77553 0.00082231 0.14849 -0.68526 -1.4953 -1.3239 -0.76149 -3.0285 -0.3783 0.77553 -0.00082231 -0.14849 0.55344 -1.6161 -1.4736 0.85641 -2.9968 -0.35433
1 1 276 -0.37679 4.1439 -2.4684 -0.3617 3.0054 -1.9242 -1.3325 2.9876 -1.7671 -1.3199 1.4877 -1.12 -1.6915 0.078567 -1.624 0.60591 3.0496 -2.0949 0.94874 1.5358 -1.5853 1.1505 0.14445 -2.2187 -0.77573 -0.0035107 0.1474 -0.70404 -1.4418 -1.3824 -0.76409 -2.9327 -0.37018 0.77573 0.0035105 -0.1474 0.55666 -1.5634 -1.5298 0.84849 -2.8877 -0.34155
1 34 300 -0.63567 4.6012 -1.3484 -0.58495 3.3731 -1.0543 -1.4222 3.4174 -0.54017 -1.8639 2.0687 0.26895 -3.0693 1.1538 0.56497 0.24887 3.3574 -1.5758 1.0932 1.9589 -1.5739 1.7012 0.909 -2.5255 -0.63177 0.033298 0.47251 -1.0303 -1.9403 -0.12773 -0.59049 -3.6002 0.42192 0.63177 -0.033298 -0.47251 0.22657 -1.977 -1.1597 0.78916 -3.4762 -0.33103
1 36 288 -0.48172 4.5314 -1.6269 -0.46939 3.3206 -1.2683 -1.4012 3.3474 -0.95473 -1.5607 1.834 -0.36059 -2.3673 0.52035 -0.39781 0.45966 3.322 -1.5912 0.95171 1.8015 -1.2526 1.4615 0.46958 -1.8389 -0.7179 0.017815 0.32833 -0.84124 -1.8985 -0.52417 -0.46658 -3.4775 0.26161 0.7179 -0.017815 -0.32833 0.18362 -1.8877 -1.1235 0.56396 -3.3344 -0.11683
1 41 288 -0.5186 4.5587 -1.544 -0.46755 3.3431 -1.2067 -1.3891 3.3417 -0.86292 -1.5429 1.8073 -0.32372 -2.4225 0.54229 -0.3856 0.45017 3.3727 -1.5592 0.95795 1.8336 -1.3537 1.4267 0.66073 -2.2381 -0.72576 0.0053382 0.31102 -0.97686 -1.7296 -0.84707 -0.47333 -3.1626 0.12457 0.72576 -0.0053382 -0.31102 0.26908 -1.7536 -1.3831 0.55134 -3.0709 -0.18482
1 42 300 -0.69366 4.6387 -1.2103 -0.59334 3.4091 -0.93406 -1.4286 3.4105 -0.41473 -1.6324 1.916 0.21269 -2.7066 0.83295 0.43784 0.23744 3.4366 -1.4598 0.87523 1.9334 -1.5111 1.2906 0.96304 -2.6351 -0.6497 0.0043054 0.44874 -1.0609 -1.8747 -0.39661 -0.47884 -3.4147 0.3386 0.6497 -0.0043058 -0.44874 0.15983 -1.8702 -1.2811 0.58792 -3.3251 -0.306
1 43 300 -0.61748 4.6858 -1.0521 -0.53271 3.4454 -0.81817 -1.367 3.4469 -0.29727 -1.76 2.0194 0.39322 -3.0023 1.1728 0.73605 0.29794 3.4731 -1.3441 1.0513 2.0378 -1.547 1.621 1.3121 -2.7825 -0.65348 -0.0020561 0.44324 -1.0573 -1.9713 -0.16777 -0.62244 -3.6086 0.44945 0.65348 0.0020561 -0.44324 0.3624 -1.9452 -1.1765 0.7448 -3.5193 -0.38478
2 102 108 -0.64023 4.2888 -2.1707 -0.52749 3.1597 -1.6236 -1.4601 3.14 -1.3118 -1.6087 1.7848 -0.4117 -2.0999 0.35405 -0.11275 0.39936 3.205 -1.9495 1.0286 1.8128 -1.371 1.4305 0.32554 -1.307 -0.74466 0.014239 0.26227 -1.0793 -1.7118 -0.88796 -0.95504 -3.3394 -0.12222 0.74466 -0.014239 -0.26227 0.42971 -1.7978 -1.3271 0.7807 -3.3114 -0.41239
2 103 108 -0.59476 4.3601 -2.0389 -0.49119 3.212 -1.5293 -1.4227 3.1948 -1.2141 -1.5487 1.9064 -0.2177 -2.0613 0.5151 0.20559 0.43488 3.2552 -1.8577 1.0838 1.9188 -1.1783 1.4854 0.43623 -1.0426 -0.74454 0.013962 0.2626 -1.0608 -1.7748 -0.7932 -0.94114 -3.4135 -0.050883 0.74454 -0.013961 -0.2626 0.46082 -1.8543 -1.2357 0.79975 -3.3844 -0.34417
2 104 120 -0.91677 4.4273 -1.7554 -0.7297 3.2615 -1.3127 -1.5753 3.2481 -0.81052 -1.4713 2.0069 0.24661 -1.8916 0.65314 0.85344 0.10844 3.3015 -1.8258 0.90238 1.9978 -1.2437 1.3168 0.51517 -1.1562 -0.67658 0.015883 0.4068 -1.1659 -1.831 -0.46732 -0.90298 -3.4807 0.21101 0.67658 -0.015883 -0.4068 0.24318 -1.9046 -1.2188 0.74301 -3.4545 -0.445
2 105 120 -0.83798 4.4883 -1.6346 -0.67016 3.3055 -1.2295 -1.5152 3.2936 -0.7264 -1.4053 2.0766 0.35791 -1.8503 0.75382 1.0134 0.16799 3.3446 -1.7427 0.95562 2.0431 -1.1473 1.3611 0.55857 -1.0507 -0.67821 0.016369 0.40406 -1.1331 -1.877 -0.38494 -0.8841 -3.5369 0.27351 0.67821 -0.016369 -0.40406 0.28562 -1.9474 -1.133 0.77299 -3.5176 -0.39288
2 106 120 -0.77181 4.5401 -1.5177 -0.6232 3.3423 -1.1485 -1.4655 3.3338 -0.64069 -1.3631 2.1186 0.44633 -1.8496 0.81308 1.1071 0.21277 3.3785 -1.6654 0.97644 2.0535 -1.091 1.3649 0.56314 -1.0168 -0.67743 0.014305 0.40544 -1.1052 -1.9131 -0.3131 -0.86877 -3.5815 0.32848 0.67743 -0.014305 -0.40544 0.32652 -1.9831 -1.0497 0.80152 -3.5712 -0.34027
2 107 120 -0.70807 4.5811 -1.4196 -0.57772 3.3721 -1.0795 -1.417 3.3687 -0.56677 -1.3382 2.1341 0.50005 -1.8722 0.83203 1.1303 0.25584 3.4035 -1.6007 0.98227 2.0354 -1.0819 1.3391 0.5354 -1.0615 -0.67589 0.015688 0.40795 -1.077 -1.937 -0.25583 -0.8622 -3.6122 0.37535 0.67589 -0.015688 -0.40795 0.36352 -2.0137 -0.97781 0.83054 -3.6159 -0.2954
2 108 120 -0.65071 4.6124 -1.3397 -0.53624 3.3969 -1.0181 -1.3723 3.3977 -0.50006 -1.3255 2.1266 0.52497 -1.9199 0.82061 1.0896 0.2944 3.4243 -1.5441 0.97513 2.0047 -1.1082 1.2791 0.49498 -1.1867 -0.67532 0.017576 0.40882 -1.0482 -1.9536 -0.21562 -0.87958 -3.6375 0.40631 0.67532 -0.017576 -0.40882 0.38672 -2.035 -0.91953 0.85851 -3.6443 -0.25716
3 50 216 -0.017293 4.8254 -0.13539 -0.1531 3.5728 -0.19972 -0.99384 3.5686 0.31068 -0.90927 2.2555 1.279 -1.2091 0.75606 1.4772 0.68781 3.6067 -0.70872 0.77011 2.1822 -1.5042 -0.039738 2.7296 -2.6967 -0.73354 -0.017625 0.29173 -1.5379 -1.1829 -1.2605 -0.5522 -1.1329 0.24838 0.73354 0.017625 -0.29173 0.71905 -2.0023 0.28601 0.68619 -3.7304 0.79958
3 51 216 0.0023943 4.8275 -0.10315 -0.13742 3.5754 -0.17242 -0.97078 3.574 0.34995 -0.88439 2.3129 1.3849 -1.1747 0.82369 1.6597 0.69626 3.6066 -0.69335 0.71587 2.3293 -1.7116 -0.079041 3.0902 -2.7918 -0.73222 -0.020697 0.29483 -1.4067 -1.0089 -1.4323 -0.52597 -1.3128 0.11138 0.73222 0.020697 -0.29483 0.73453 -1.984 0.33402 0.7154 -3.6989 0.89052
3 81 108 -0.48244 4.8029 0.11504 -0.21478 3.5771 -0.025333 -0.66037 3.5638 -0.90205 -1.819 2.4124 -0.88016 -1.9682 0.98124 -1.4345 0.22634 3.6198 0.85271 1.254 2.3889 1.165 2.4357 3.1072 0.4828 -0.22549 -0.027349 -0.75624 1.5173 -1.0624 -1.3091 -0.10058 -1.506 -0.64835 0.22549 0.027349 0.75624 -0.14207 -2.0394 0.66839 -0.4712 -3.8094 0.56927
3 84 120 -0.41535 4.8082 0.17714 -0.196 3.579 -0.016345 -0.79804 3.5718 -0.79407 -1.8619 2.3475 -0.59904 -2.0448 0.92373 -1.1621 0.40187 3.6156 0.76377 1.4123 2.3344 0.84224 2.5217 2.9403 -0.040863 -0.37832 -0.036224 -0.69214 1.3759 -0.96893 -1.3756 0.38976 -2.333 -0.72929 0.37832 0.036224 0.69214 -0.2213 -1.9742 0.80521 -0.75369 -3.6952 0.88159
4 21 120 -0.36282 4.615 -1.4147 -0.14435 3.4188 -1.0604 -1.0075 3.4296 -0.58899 -1.0743 2.3163 0.60469 -1.9371 1.2454 -0.092742 0.7141 3.4361 -1.5401 1.0904 1.8471 -1.5846 0.03508 2.1387 -2.6703 -0.75705 0.056341 0.21727 -1.1621 -1.7827 -0.71444 -1.6642 -3.4994 -0.94181 0.75704 -0.05634 -0.21727 0.6372 -2.1131 0.19447 0.89684 -3.1828 1.6225
4 23 132 -0.41836 4.6439 -1.2656 -0.1524 3.4406 -0.97448 -0.97277 3.4349 -0.43196 -0.99788 2.2375 0.67898 -1.9588 1.2054 0.055316 0.66248 3.4746 -1.5242 1.1523 1.9165 -1.491 -0.00012145 1.8992 -2.5153 -0.73143 0.07797 0.28709 -1.2752 -1.7182 -0.65755 -1.7224 -3.4483 -0.41739 0.73143 -0.07797 -0.28709 0.60836 -2.1586 -0.021984 1.3101 -2.7368 1.5349
4 25 144 -0.4675 4.6034 -1.3693 -0.17008 3.4086 -1.073 -0.96639 3.3902 -0.49601 -1.1836 2.0951 0.47574 -2.139 1.1559 -0.28778 0.61948 3.455 -1.6576 1.2639 1.9806 -1.3752 0.24272 1.5673 -2.4542 -0.679 0.12762 0.38232 -1.3351 -1.5895 -0.63522 -1.4385 -3.2179 0.13192 0.679 -0.12762 -0.38232 0.27385 -2.1748 -0.62534 1.2413 -2.3417 0.88698
4 27 156 -0.50312 4.5783 -1.4639 -0.22811 3.3855 -1.14 -1.0503 3.374 -0.60039 -1.4051 2.0004 0.20956 -2.3228 1.4021 -0.87561 0.5876 3.4249 -1.6881 1.4036 2.1044 -1.179 0.56194 1.5293 -2.336 -0.64898 0.13895 0.4278 -1.2538 -1.7331 -0.30966 -0.99909 -3.2084 0.6952 0.64898 -0.13895 -0.4278 -0.14084 -1.9126 -1.2307 0.6827 -2.3907 0.3004
4 47 228 -0.25545 4.6955 -1.0866 -0.076058 3.4523 -0.93864 -0.78314 3.4837 -0.25569 -1.2066 2.2842 0.76933 -1.9589 2.2461 -0.57615 0.62655 3.45 -1.6269 1.3257 2.005 -1.3236 0.31761 1.3962 -2.319 -0.61636 0.15112 0.46985 -1.3701 -1.6612 -0.2795 -1.2909 -3.2744 0.52186 0.61636 -0.15112 -0.46985 0.083918 -2.1757 -0.64807 1.0841 -2.4518 0.82648
5 20 108 -0.5669 4.7588 -0.75469 -0.35073 3.5261 -0.56076 -1.1796 3.4829 -0.033099 -1.1406 2.0061 0.66427 -1.7776 0.62307 0.90748 0.47287 3.5981 -1.0935 0.88808 2.0229 -1.2164 0.61619 0.76233 -2.0618 -0.70681 -0.015228 0.35169 -1.2032 -1.709 -0.78803 -1.4419 -3.4962 -0.78365 0.70681 0.015228 -0.35169 0.70749 -2.0633 -0.045006 1.2015 -3.3546 1.1123
5 21 108 -0.57603 4.7586 -0.74969 -0.35588 3.5265 -0.55607 -1.1961 3.4766 -0.047165 -1.1868 1.9896 0.62912 -1.8387 0.60751 0.83553 0.47896 3.6052 -1.0701 0.96979 2.0474 -1.1003 0.85267 0.71955 -1.8754 -0.71215 -0.016468 0.34069 -1.1907 -1.7263 -0.78256 -1.3708 -3.518 -0.69103 0.71215 0.016468 -0.34069 0.74762 -2.0621 -0.036307 1.2646 -3.2972 1.1712
5 22 120 -0.72278 4.7555 -0.62739 -0.4631 3.5242 -0.48425 -1.201 3.4625 0.16308 -1.1021 1.9613 0.79985 -1.7245 0.58059 1.0894 0.26842 3.6147 -1.1354 0.80107 2.0724 -1.2163 0.71209 0.68988 -1.8933 -0.64504 -0.017689 0.45509 -1.2919 -1.7619 -0.5214 -1.3916 -3.5508 -0.31884 0.64504 0.017689 -0.45509 0.74565 -2.0707 -0.24798 1.5125 -3.2335 0.89692
5 23 120 -0.72609 4.7465 -0.67589 -0.4585 3.518 -0.52319 -1.231 3.4396 0.080488 -1.1947 1.9277 0.6982 -1.8512 0.55011 0.91951 0.30751 3.6252 -1.1307 0.88339 2.0969 -1.1702 0.96867 0.68764 -1.7902 -0.66732 -0.014983 0.42185 -1.2455 -1.7976 -0.52796 -1.2986 -3.5792 -0.25548 0.66732 0.014983 -0.42185 0.73144 -2.0842 -0.36288 1.4893 -3.1526 0.8761
5 24 120 -0.72607 4.7368 -0.73312 -0.45339 3.5112 -0.56529 -1.2628 3.4195 -0.014034 -1.3083 1.8993 0.58226 -2.001 0.52789 0.71352 0.34938 3.6317 -1.1206 0.97227 2.1215 -1.1146 1.1725 0.70627 -1.693 -0.68662 -0.012163 0.38974 -1.1958 -1.8294 -0.53371 -1.2079 -3.6004 -0.19558 0.68662 0.012163 -0.38974 0.69768 -2.086 -0.49814 1.4167 -3.0523 0.84357
5 25 120 -0.72885 4.7297 -0.77395 -0.44487 3.5093 -0.58892 -1.2844 3.4084 -0.086622 -1.4358 1.8817 0.47486 -2.1616 0.52154 0.50424 0.38789 3.6389 -1.0959 1.0456 2.1445 -1.0419 1.3129 0.73233 -1.6004 -0.70271 -0.013777 0.35987 -1.1451 -1.8616 -0.53688 -1.1215 -3.6174 -0.12763 0.70271 0.013777 -0.35987 0.6522 -2.0687 -0.63415 1.2946 -2.9888 0.77708
5 26 120 -0.72852 4.7244 -0.80685 -0.43645 3.5087 -0.60536 -1.3043 3.4003 -0.15534 -1.569 1.8655 0.33769 -2.3238 0.52193 0.28431 0.42451 3.6455 -1.0607 1.095 2.1593 -0.96009 1.3933 0.75335 -1.5188 -0.71813 -0.018206 0.32781 -1.0977 -1.8904 -0.54696 -1.0408 -3.6245 -0.056648 0.71813 0.018206 -0.32781 0.59972 -2.0298 -0.78155 1.1427 -3.0053 0.6343
5 26 132 -0.88035 4.7244 -0.63775 -0.55278 3.5087 -0.50139 -1.3081 3.4003 0.11923 -1.4645 1.8655 0.65653 -2.2139 0.52193 0.76125 0.19469 3.6455 -1.1258 0.87149 2.1593 -1.1668 1.0471 0.75335 -1.7752 -0.63428 -0.018206 0.46995 -1.1874 -1.8904 -0.30678 -1.0298 -3.6245 0.16097 0.63428 0.018206 -0.46995 0.42412 -2.0298 -0.88915 1.2496 -3.0053 0.38287
5 27 132 -0.87056 4.7207 -0.67454 -0.53875 3.5081 -0.52126 -1.3322 3.3954 0.048972 -1.606 1.8551 0.51958 -2.4057 0.53711 0.55022 0.24699 3.6493 -1.0957 0.92341 2.1623 -1.0947 1.1023 0.76386 -1.7192 -0.65619 -0.020438 0.43874 -1.1425 -1.9141 -0.33051 -0.93646 -3.619 0.21906 0.65619 0.020438 -0.43874 0.34685 -1.9738 -1.0233 1.0385 -3.082 0.21945
5 28 132 -0.84619 4.7187 -0.71257 -0.51651 3.508 -0.54116 -1.3416 3.393 -0.018305 -1.7098 1.8539 0.38717 -2.5693 0.5757 0.31532 0.30114 3.6515 -1.0686 0.95556 2.1554 -1.0228 1.1388 0.7636 -1.6607 -0.67873 -0.021387 0.40294 -1.089 -1.9441 -0.3381 -0.84195 -3.6139 0.2957 0.67873 0.021388 -0.40294 0.29029 -1.9095 -1.1344 0.81583 -3.1921 0.018651
5 29 132 -0.80131 4.7211 -0.74372 -0.48125 3.5099 -0.55847 -1.3368 3.3961 -0.08684 -1.7804 1.8626 0.2604 -2.6978 0.6393 0.061599 0.36725 3.6523 -1.0351 0.98489 2.142 -0.9561 1.163 0.75603 -1.608 -0.69904 -0.020052 0.36666 -1.026 -1.977 -0.32451 -0.74779 -3.6107 0.38583 0.69904 0.020053 -0.36666 0.26165 -1.8528 -1.2124 0.59661 -3.3107 -0.20569
5 30 132 -0.74466 4.7257 -0.77468 -0.44166 3.5128 -0.57342 -1.3241 3.4044 -0.15269 -1.8316 1.8798 0.14137 -2.7894 0.7211 -0.20205 0.43419 3.6497 -0.99943 1.0047 2.1228 -0.88994 1.1852 0.73852 -1.5447 -0.71538 -0.017991 0.33378 -0.96022 -2.0115 -0.28296 -0.65606 -3.6111 0.49136 0.71538 0.017991 -0.33378 0.26183 -1.8052 -1.2743 0.39 -3.4123 -0.46712
5 31 132 -0.66987 4.7318 -0.80419 -0.38864 3.5155 -0.59199 -1.2919 3.4165 -0.21553 -1.8568 1.9032 0.028525 -2.8377 0.81787 -0.45881 0.50867 3.6432 -0.97395 1.0344 2.103 -0.83209 1.2122 0.71537 -1.4805 -0.72742 -0.011002 0.30697 -0.89632 -2.0418 -0.20449 -0.57355 -3.6173 0.61081 0.72742 0.011002 -0.30697 0.28925 -1.7704 -1.3311 0.22842 -3.483 -0.77053
5 32 132 -0.58402 4.7403 -0.82352 -0.33016 3.5197 -0.60125 -1.2498 3.4321 -0.26376 -1.8625 1.9308 -0.065069 -2.8475 0.91802 -0.68295 0.58422 3.6361 -0.94434 1.0706 2.0854 -0.77847 1.2347 0.69054 -1.4149 -0.73559 -0.002583 0.28706 -0.83265 -2.0638 -0.10823 -0.50351 -3.6209 0.73915 0.73559 0.002583 -0.28706 0.3165 -1.7468 -1.3725 0.12406 -3.511 -1.0538
5 55 180 -0.46336 4.7833 -0.62836 -0.27568 3.551 -0.41113 -1.1315 3.568 0.073298 -1.2354 2.088 0.75721 -2.0786 0.79912 0.83029 0.57731 3.5633 -0.90064 0.87859 1.9661 -1.0642 0.6395 0.65538 -1.8405 -0.69566 -0.028985 0.37244 -1.1673 -1.6985 -0.81266 -1.5495 -3.447 -1.0315 0.69566 0.028985 -0.37244 0.50451 -2.0571 -0.21093 0.89004 -3.4271 0.89603
5 56 180 -0.46593 4.7838 -0.62463 -0.27855 3.551 -0.40937 -1.1591 3.5544 0.028747 -1.3017 2.0781 0.71338 -2.1556 0.79468 0.75323 0.59915 3.5769 -0.85246 0.93574 1.9823 -0.96568 0.83345 0.63545 -1.7094 -0.71788 -0.035812 0.32689 -1.0902 -1.7204 -0.87225 -1.4542 -3.48 -1.0214 0.71788 0.035812 -0.32689 0.57173 -2.0518 -0.14026 0.94595 -3.3887 1.0102
5 57 192 -0.5646 4.7807 -0.56719 -0.33686 3.5473 -0.39821 -1.1407 3.5351 0.16841 -1.1845 2.0583 0.86534 -2.0065 0.76894 1.0643 0.46302 3.5888 -0.96903 0.81851 2.0001 -1.1053 0.70676 0.62862 -1.8011 -0.66604 -0.025093 0.42339 -1.1824 -1.7318 -0.68776 -1.5359 -3.4996 -0.65731 0.66604 0.025093 -0.42339 0.58202 -2.0659 -0.23599 1.2141 -3.3509 0.85952
5 58 192 -0.56497 4.7766 -0.59542 -0.32478 3.5466 -0.41921 -1.1591 3.5166 0.10073 -1.2563 2.0358 0.78373 -2.0535 0.7301 0.97719 0.50533 3.6059 -0.94338 0.91393 2.0263 -1.0255 0.92136 0.64311 -1.7069 -0.68902 -0.020974 0.38511 -1.1532 -1.7383 -0.73281 -1.4494 -3.512 -0.60251 0.68902 0.020974 -0.38511 0.62194 -2.0725 -0.2208 1.274 -3.2937 0.93436
5 59 204 -0.68934 4.7718 -0.48175 -0.40157 3.5465 -0.35198 -1.1533 3.4987 0.28047 -1.1653 2.011 0.9554 -1.8782 0.68914 1.3048 0.3449 3.6235 -0.98777 0.78229 2.0544 -1.1121 0.73717 0.66817 -1.7859 -0.62736 -0.023996 0.4789 -1.2635 -1.7689 -0.50343 -1.447 -3.5406 -0.22349 0.62736 0.023996 -0.4789 0.60351 -2.0741 -0.3713 1.4724 -3.2192 0.7172
5 60 204 -0.67805 4.7636 -0.55243 -0.38335 3.5421 -0.4055 -1.1939 3.4808 0.1482 -1.2709 1.9896 0.81077 -1.9783 0.65598 1.1252 0.42196 3.6326 -0.96287 0.89621 2.0723 -1.0596 0.90854 0.69054 -1.7438 -0.66636 -0.018205 0.42325 -1.2251 -1.8085 -0.52385 -1.3547 -3.574 -0.18156 0.66636 0.018205 -0.42325 0.6333 -2.0823 -0.45344 1.4506 -3.1307 0.76473
5 61 204 -0.65534 4.7519 -0.64491 -0.35085 3.5362 -0.47229 -1.2113 3.4556 -0.0027609 -1.3668 1.9635 0.64395 -2.0884 0.62314 0.88977 0.50412 3.6459 -0.94595 1.0125 2.0944 -1.0011 1.0572 0.72904 -1.7163 -0.69982 -0.0079603 0.36563 -1.1632 -1.8492 -0.53394 -1.2546 -3.6091 -0.15237 0.69982 0.0079603 -0.36563 0.65873 -2.0857 -0.53687 1.3618 -3.0277 0.83026
5 62 216 -0.79779 4.738 -0.56986 -0.44597 3.5305 -0.43416 -1.2398 3.4318 0.13813 -1.354 1.936 0.78497 -2.0511 0.5934 1.0835 0.3412 3.658 -1.0099 0.85829 2.1126 -1.1251 0.77418 0.77085 -1.8802 -0.64803 -0.01193 0.45101 -1.2001 -1.8911 -0.3094 -1.1659 -3.6401 0.12745 0.64803 0.01193 -0.45101 0.51703 -2.0656 -0.73534 1.3436 -2.9591 0.59485
5 63 216 -0.79303 4.7311 -0.63256 -0.44105 3.5281 -0.46517 -1.2851 3.4281 0.029793 -1.5016 1.9243 0.63022 -2.246 0.58629 0.81248 0.39659 3.657 -0.96428 0.93408 2.1161 -1.0374 0.86404 0.80167 -1.8406 -0.68115 -0.018999 0.39896 -1.1474 -1.9236 -0.35552 -1.0743 -3.6543 0.14499 0.68115 0.018999 -0.39896 0.49374 -2.028 -0.83342 1.1461 -2.9825 0.55013
5 64 216 -0.76488 4.7273 -0.69433 -0.42377 3.5254 -0.49888 -1.3065 3.4214 -0.077781 -1.6214 1.9085 0.45209 -2.4195 0.59035 0.5079 0.45283 3.6582 -0.92466 0.99472 2.1174 -0.95445 0.96472 0.82733 -1.7985 -0.7098 -0.021123 0.3453 -1.094 -1.9462 -0.40363 -0.98565 -3.6525 0.16862 0.7098 0.021123 -0.3453 0.47851 -1.9807 -0.93998 0.94423 -3.0641 0.42387
5 65 216 -0.73282 4.723 -0.7504 -0.40052 3.5224 -0.53336 -1.3138 3.4126 -0.18508 -1.7233 1.8955 0.26134 -2.5724 0.61154 0.17064 0.50684 3.6609 -0.88672 1.0383 2.1162 -0.87965 1.0601 0.83508 -1.7376 -0.73343 -0.021919 0.29172 -1.0328 -1.968 -0.44129 -0.89945 -3.6488 0.19751 0.73343 0.021919 -0.29172 0.47981 -1.9307 -1.0247 0.76043 -3.1636 0.26063
5 66 216 -0.69888 4.7213 -0.79102 -0.3755 3.5216 -0.55532 -1.3091 3.404 -0.26894 -1.8081 1.8873 0.076509 -2.6953 0.65115 -0.17359 0.55229 3.6679 -0.84712 1.0696 2.1189 -0.80483 1.1461 0.83401 -1.6539 -0.75164 -0.024172 0.24072 -0.96958 -1.9928 -0.46021 -0.82036 -3.6489 0.23683 0.75164 0.024171 -0.24072 0.48442 -1.8876 -1.0702 0.59563 -3.2602 0.09359
5 67 228 -0.80455 4.7216 -0.67852 -0.44859 3.5219 -0.49452 -1.3302 3.3999 -0.075958 -1.8431 1.8891 0.27527 -2.8162 0.71191 0.063428 0.42644 3.6726 -0.91755 0.93295 2.1198 -0.94556 0.89461 0.8232 -1.7793 -0.7085 -0.021945 0.34792 -0.98378 -2.0136 -0.26194 -0.67172 -3.6488 0.43052 0.7085 0.021945 -0.34792 0.25602 -1.8482 -1.1917 0.42456 -3.3493 -0.20719
5 68 228 -0.74115 4.7226 -0.72915 -0.39929 3.5217 -0.5281 -1.3061 3.4022 -0.16651 -1.8929 1.9 0.093759 -2.9011 0.79241 -0.27278 0.50136 3.67 -0.89447 1.001 2.1146 -0.88775 1.0149 0.8002 -1.6938 -0.72643 -0.014304 0.30917 -0.92155 -2.0349 -0.23257 -0.59211 -3.656 0.48464 0.72643 0.014304 -0.30917 0.27715 -1.8115 -1.2467 0.28417 -3.426 -0.44424
5 69 228 -0.67039 4.7276 -0.75971 -0.34617 3.5252 -0.54209 -1.2743 3.4155 -0.23577 -1.9236 1.9249 -0.077338 -2.9377 0.8782 -0.58109 0.57644 3.6638 -0.85349 1.0685 2.1066 -0.81169 1.132 0.77087 -1.5795 -0.73881 -0.0080657 0.27855 -0.86168 -2.0538 -0.18417 -0.51878 -3.6624 0.55459 0.73881 0.0080652 -0.27855 0.29874 -1.7833 -1.2844 0.17062 -3.4767 -0.67887
5 70 228 -0.59662 4.734 -0.78187 -0.29194 3.5294 -0.54925 -1.2338 3.4275 -0.28502 -1.9207 1.9467 -0.21994 -2.9265 0.96703 -0.85725 0.64486 3.66 -0.81886 1.1252 2.1004 -0.74413 1.2387 0.74196 -1.4648 -0.74622 0.00010967 0.25817 -0.80574 -2.0663 -0.11702 -0.45291 -3.6687 0.63036 0.74622 -0.00010967 -0.25817 0.29671 -1.7644 -1.3067 0.099135 -3.5008 -0.86317
5 98 288 -0.55751 4.7813 -0.58921 -0.33908 3.5417 -0.44697 -1.12 3.4928 0.14893 -1.1897 1.9841 0.77171 -1.9756 0.65759 0.78979 0.43674 3.6198 -1.0465 0.79487 2.0276 -1.1181 0.74038 0.58168 -1.6511 -0.65224 -0.003993 0.44505 -1.2147 -1.7383 -0.59904 -1.2681 -3.5362 -0.47413 0.65224 0.003993 -0.44505 0.64059 -2.0804 -0.18173 1.3366 -3.2637 0.98719
5 99 288 -0.5497 4.7815 -0.58926 -0.33127 3.5414 -0.45216 -1.1366 3.4801 0.10912 -1.2464 1.9643 0.70828 -2.0221 0.63169 0.69983 0.46887 3.6317 -1.0169 0.8774 2.0506 -1.0602 0.87794 0.59784 -1.5771 -0.66824 -0.0030041 0.42065 -1.1712 -1.774 -0.59166 -1.1684 -3.5633 -0.36946 0.66824 0.0030046 -0.42065 0.66847 -2.0913 -0.25226 1.3653 -3.1999 0.98718
5 100 288 -0.54563 4.7761 -0.62607 -0.32557 3.537 -0.48316 -1.1557 3.467 0.039651 -1.3123 1.9424 0.60524 -2.0792 0.60515 0.56746 0.49928 3.6361 -1.0096 0.95261 2.0667 -1.0229 0.97384 0.61945 -1.5547 -0.68344 0.00047398 0.39548 -1.1278 -1.8079 -0.57754 -1.0766 -3.584 -0.27137 0.68344 -0.0004735 -0.39548 0.67031 -2.1014 -0.37662 1.361 -3.1163 0.9439
6 0 252 -0.70625 4.7141 -0.78668 -0.47413 3.4745 -0.67127 -1.3771 3.3527 -0.30085 -1.4703 1.8042 0.21116 -2.1372 0.43396 -0.024082 0.42306 3.6253 -1.045 1.0694 2.1336 -1.2058 1.4262 0.85687 -1.9935 -0.71682 -0.011706 0.33096 -0.94605 -1.9894 -0.34021 -1.1489 -3.7184 0.12922 0.71682 0.011706 -0.33096 0.31565 -1.9967 -0.7995 0.78997 -3.6925 -0.41181
6 1 264 -0.81968 4.7103 -0.70408 -0.57985 3.4704 -0.61322 -1.4211 3.3443 -0.11958 -1.4388 1.8001 0.41332 -2.111 0.42141 0.25487 0.25498 3.6256 -1.1096 0.90863 2.1452 -1.3335 1.1967 0.88014 -2.1667 -0.66266 -0.012639 0.42921 -0.9774 -1.9976 -0.18332 -1.0456 -3.7244 0.33101 0.66266 0.012639 -0.42921 0.19913 -1.9926 -0.85188 0.7525 -3.6856 -0.57222
6 2 264 -0.76655 4.7097 -0.77266 -0.53707 3.47 -0.65934 -1.4101 3.3431 -0.22455 -1.4743 1.8008 0.31029 -2.1292 0.424 0.07964 0.32957 3.6259 -1.0975 1.0164 2.1509 -1.2437 1.3812 0.89194 -2.0559 -0.69044 -0.011961 0.38294 -0.95518 -2.0096 -0.21188 -0.98585 -3.7348 0.31098 0.69044 0.011961 -0.38294 0.28249 -1.9937 -0.85755 0.81571 -3.6823 -0.51839
6 3 264 -0.71844 4.7089 -0.82181 -0.49506 3.4697 -0.69305 -1.39 3.3383 -0.30692 -1.5138 1.7971 0.22071 -2.1668 0.43061 -0.068997 0.39356 3.6301 -1.0829 1.0889 2.1534 -1.1518 1.5119 0.88754 -1.924 -0.71518 -0.013711 0.33441 -0.9188 -2.0204 -0.25398 -0.92508 -3.7428 0.27892 0.71518 0.013711 -0.3344 0.37647 -2.0012 -0.82417 0.86117 -3.6837 -0.39389
6 4 276 -0.82345 4.714 -0.68564 -0.58649 3.4741 -0.59442 -1.4103 3.3416 -0.073651 -1.4821 1.7993 0.45997 -2.2066 0.45226 0.2643 0.23043 3.6355 -1.1178 0.89564 2.1512 -1.2696 1.2026 0.86698 -2.0659 -0.6605 -0.016288 0.43241 -0.92165 -2.0315 -0.10155 -0.79413 -3.7495 0.43059 0.6605 0.016289 -0.43241 0.3034 -2.0114 -0.85123 0.79924 -3.6867 -0.40599
6 5 276 -0.7729 4.7177 -0.716 -0.5518 3.4757 -0.61537 -1.4053 3.3491 -0.14328 -1.5344 1.8051 0.37453 -2.2929 0.48342 0.1392 0.2952 3.6312 -1.0905 0.94311 2.135 -1.1922 1.2788 0.83068 -1.9429 -0.68832 -0.020075 0.38641 -0.8903 -2.0392 -0.15833 -0.74379 -3.7483 0.39711 0.68832 0.020075 -0.38641 0.40277 -2.0202 -0.7986 0.7975 -3.6909 -0.24719
6 6 276 -0.72785 4.7207 -0.73659 -0.51279 3.4785 -0.62953 -1.3855 3.3448 -0.19601 -1.5766 1.8024 0.30721 -2.3629 0.50313 0.040165 0.35336 3.6411 -1.0662 0.97114 2.1297 -1.1168 1.3138 0.80733 -1.8322 -0.7123 -0.021998 0.34006 -0.85549 -2.0475 -0.19937 -0.69711 -3.7502 0.37222 0.7123 0.021998 -0.34006 0.45793 -2.023 -0.74961 0.76209 -3.6908 -0.13588
6 7 276 -0.67224 4.7299 -0.7402 -0.46995 3.4865 -0.62341 -1.3652 3.3538 -0.23827 -1.6222 1.8134 0.24122 -2.4324 0.5319 -0.039949 0.41902 3.6481 -1.012 1.0003 2.1214 -1.0145 1.333 0.78706 -1.712 -0.73217 -0.024261 0.29468 -0.82375 -2.0553 -0.23515 -0.65224 -3.749 0.35889 0.73217 0.02426 -0.29468 0.4959 -2.0215 -0.71079 0.71594 -3.684 -0.048348
6 8 276 -0.61107 4.7371 -0.75763 -0.42263 3.4928 -0.62876 -1.3394 3.3634 -0.2968 -1.6583 1.8261 0.15458 -2.4862 0.55959 -0.14236 0.48819 3.6511 -0.96448 1.0306 2.1107 -0.92134 1.3422 0.77185 -1.6199 -0.74626 -0.02344 0.257 -0.79047 -2.0587 -0.26269 -0.60535 -3.745 0.34802 0.74626 0.02344 -0.257 0.51201 -2.0161 -0.70375 0.67783 -3.669 -0.0027197
