0 6 0 -0.27366 4.7888 -0.66835 -0.11933 3.5613 -0.39885 -1.0889 3.4635 -0.26539 -2.2074 2.5874 0.54085 -3.6833 2.9631 0.78245 0.84606 3.6881 -0.53779 1.4733 2.5372 -1.5129 1.2103 2.421 -3.0279 -0.73795 -0.047612 -0.27687 -0.021005 -1.7985 -1.1904 -0.22916 -3.5814 -1.3608 0.73795 0.047612 0.27687 0.40005 -2.0086 0.54539 -0.43984 -3.4515 1.2262
0 7 348 -0.22295 4.7798 -0.72869 -0.06722 3.5579 -0.43565 -1.0433 3.4632 -0.36051 -2.1411 2.6214 0.50845 -3.5975 3.0146 0.82767 0.90514 3.6815 -0.51673 1.4805 2.5226 -1.514 1.1391 2.4391 -3.0154 -0.69401 -0.050315 -0.37326 0.19954 -1.7775 -1.1687 0.041974 -3.5613 -1.3786 0.69401 0.050314 0.37326 0.29485 -2.0005 0.59457 -0.68143 -3.4268 1.108
0 8 336 -0.15251 4.7706 -0.78599 -0.007877 3.554 -0.4679 -0.98706 3.4615 -0.46328 -2.0777 2.6408 0.43434 -3.5198 3.0351 0.81206 0.96808 3.6754 -0.47879 1.4906 2.5108 -1.4983 1.0839 2.4587 -2.9847 -0.63847 -0.055267 -0.4613 0.41451 -1.7579 -1.099 0.31676 -3.5423 -1.3386 0.63847 0.055267 0.4613 0.18643 -1.9902 0.62246 -0.89018 -3.4007 0.94232
0 9 324 -0.056861 4.7618 -0.83045 0.069274 3.5507 -0.48685 -0.9077 3.4648 -0.56109 -2.0102 2.6527 0.32972 -3.4533 3.0302 0.72056 1.0437 3.6656 -0.41916 1.5173 2.4949 -1.4554 1.047 2.4684 -2.9237 -0.57156 -0.059207 -0.54158 0.60979 -1.7405 -0.97988 0.57692 -3.5245 -1.2386 0.57157 0.059207 0.54158 0.077588 -1.981 0.63018 -1.0539 -3.3802 0.74341
0 10 312 0.051873 4.7571 -0.84452 0.14959 3.5494 -0.48262 -0.81635 3.4719 -0.65086 -1.9528 2.664 0.2003 -3.4151 3.0016 0.55445 1.1139 3.6559 -0.32109 1.5545 2.4832 -1.3696 1.0127 2.4843 -2.8132 -0.48774 -0.0623 -0.61784 0.77584 -1.7269 -0.83381 0.81955 -3.5113 -1.0891 0.48774 0.0623 0.61784 -0.039913 -1.9714 0.61576 -1.1786 -3.3658 0.51645
0 24 24 0.047381 4.7913 -0.70825 0.15648 3.5559 -0.45137 -0.81684 3.5337 -0.31166 -1.8118 2.5973 0.5839 -3.3011 2.79 0.93375 1.1278 3.6074 -0.59694 1.089 2.5823 -1.8684 0.047486 2.5718 -3.0054 -0.7433 -0.0019205 -0.26646 -0.3124 -1.8372 -1.194 -0.63768 -3.6106 -1.2095 0.7433 0.0019205 0.26646 0.86246 -2.0954 0.30472 0.21039 -3.5279 1.1843
0 25 36 0.0099525 4.7939 -0.70114 0.12097 3.5573 -0.4508 -0.84814 3.5315 -0.28489 -1.8542 2.6028 0.6063 -3.3461 2.7992 0.94287 1.0879 3.6123 -0.62235 1.1029 2.6018 -1.9059 0.2365 2.5546 -3.1806 -0.76232 0.00046086 -0.20584 -0.4944 -1.8588 -1.147 -0.85327 -3.6233 -1.0542 0.76232 -0.0004611 0.20584 0.94596 -2.0931 0.16736 0.46951 -3.5536 1.1112
0 41 204 -0.20115 4.8062 -0.51897 -0.15879 3.5715 -0.2612 -1.0369 3.5718 0.18193 -2.0077 2.3622 -0.3309 -2.2769 2.2593 -1.8457 0.71702 3.6007 -0.7078 2.103 2.7397 -0.78773 3.4633 2.8322 -1.508 -0.39302 0.047052 0.68324 -0.36259 -2.053 0.73908 0.53909 -3.6009 0.94405 0.39302 -0.047052 -0.68324 -0.55035 -1.878 -1.0982 -0.31839 -3.6349 -1.4302
0 43 216 -0.16003 4.7911 -0.54734 -0.16465 3.5721 -0.23898 -1.0662 3.5874 0.15397 -1.8308 2.347 -0.5846 -1.5541 2.2763 -2.0999 0.73529 3.5863 -0.63554 2.0509 2.6691 -0.32465 3.5538 2.5983 -0.66244 -0.33997 0.046121 0.71119 -0.22375 -2.0509 0.76724 0.73979 -3.5737 0.82911 0.33997 -0.046121 -0.71119 -0.71468 -1.8424 -0.98554 -0.6041 -3.6119 -1.3136
0 64 156 -0.28241 4.8117 -0.44578 -0.24219 3.5691 -0.22988 -1.0913 3.5459 0.26602 -1.827 2.2432 -0.38985 -1.8232 2.4428 -1.9189 0.60369 3.6216 -0.72897 1.7865 2.5921 -1.1869 2.5372 2.308 -2.5035 -0.50931 0.01641 0.60318 -0.9264 -2.0428 0.60392 -0.53179 -3.6943 1.2103 0.50931 -0.01641 -0.60318 0.034524 -1.9975 -1.1171 0.67181 -3.6782 -0.97498
0 66 144 -0.27967 4.8156 -0.43914 -0.23452 3.5691 -0.2409 -1.0951 3.5409 0.2345 -1.8199 2.1925 -0.3359 -2.0818 2.3543 -1.8468 0.62276 3.6268 -0.71956 1.7484 2.5502 -1.2119 2.347 2.2269 -2.5957 -0.55846 0.012561 0.55809 -1.0244 -2.035 0.48962 -0.80896 -3.7083 1.1257 0.55846 -0.012561 -0.55809 0.1924 -2.0182 -1.0659 0.82266 -3.6809 -0.76793
0 67 144 -0.32334 4.8187 -0.397 -0.25283 3.5697 -0.21842 -1.0712 3.5373 0.32612 -1.8213 2.1604 -0.13251 -2.3719 2.3034 -1.5657 0.56201 3.6316 -0.76576 1.5895 2.52 -1.3801 1.9618 2.1697 -2.8349 -0.53268 0.0079436 0.58282 -1.0245 -2.0338 0.52128 -0.8325 -3.7108 1.1551 0.53268 -0.0079432 -0.58282 0.16129 -2.0234 -1.0456 0.8002 -3.6816 -0.74043
0 68 132 -0.27841 4.8207 -0.42627 -0.21635 3.5704 -0.25159 -1.0973 3.5282 0.18368 -1.7554 2.1221 -0.32469 -2.2804 2.2449 -1.7693 0.66116 3.642 -0.69002 1.6992 2.4881 -1.1998 2.1434 2.1057 -2.626 -0.62418 0.0053759 0.4836 -1.1173 -2.0306 0.32308 -1.0811 -3.7105 0.97707 0.62418 -0.0053763 -0.4836 0.33831 -2.028 -0.97493 0.90911 -3.6816 -0.538
0 69 132 -0.30036 4.8218 -0.41463 -0.21272 3.5698 -0.26205 -1.06 3.5182 0.23475 -1.7231 2.0842 -0.18077 -2.4935 2.1819 -1.5129 0.63058 3.6508 -0.76171 1.5448 2.4473 -1.3819 1.7704 2.0232 -2.8471 -0.6087 0.011395 0.50284 -1.1239 -2.0194 0.34563 -1.0959 -3.7025 0.99161 0.60871 -0.011395 -0.50284 0.30027 -2.036 -0.97222 0.88506 -3.6809 -0.52172
0 70 120 -0.2405 4.8208 -0.46728 -0.16074 3.5676 -0.31993 -1.0682 3.5023 0.053828 -1.6295 2.0383 -0.40484 -2.331 2.0987 -1.7767 0.74276 3.6623 -0.69685 1.6359 2.4037 -1.2325 1.9723 1.926 -2.6595 -0.69095 0.013771 0.38196 -1.1923 -2.0064 0.096114 -1.2866 -3.6883 0.73916 0.69095 -0.013771 -0.38196 0.46565 -2.0375 -0.89958 0.94584 -3.6771 -0.32324
0 71 120 -0.25146 4.8198 -0.47289 -0.15463 3.5661 -0.33843 -1.0382 3.4975 0.088204 -1.5731 2.0019 -0.29357 -2.4556 2.0085 -1.558 0.72471 3.6641 -0.76799 1.4739 2.3555 -1.3965 1.6154 1.8133 -2.8331 -0.68132 0.021043 0.39857 -1.212 -1.9861 0.076135 -1.2663 -3.6744 0.70665 0.68132 -0.021043 -0.39857 0.43512 -2.0442 -0.90889 0.92301 -3.6761 -0.31731
0 72 120 -0.24967 4.82 -0.47083 -0.13662 3.5661 -0.346 -0.99383 3.4991 0.13156 -1.4923 1.9762 -0.18625 -2.5032 1.9138 -1.349 0.71623 3.6626 -0.82634 1.3136 2.3042 -1.5096 1.2665 1.7016 -2.9281 -0.6689 0.030828 0.41848 -1.2138 -1.967 0.063393 -1.1988 -3.6687 0.65903 0.6689 -0.030828 -0.41848 0.39981 -2.0549 -0.91352 0.90697 -3.675 -0.30605
0 103 96 -0.11352 4.835 -0.28425 -0.094064 3.5743 -0.26944 -1.0734 3.5038 -0.21186 -1.4462 2.8782 -1.6741 -0.91794 3.3738 -3.0354 0.88253 3.6743 -0.32968 1.1646 3.1121 -1.8374 0.34002 3.2614 -3.1318 -0.78602 -0.0042858 0.07517 -0.83764 -2.0432 -0.4292 -0.84846 -3.7531 0.14285 0.78602 0.0042858 -0.075171 0.88659 -2.0394 -0.55228 1.1306 -3.7263 0.035658
1 3 276 -0.32995 4.3038 -2.1821 -0.33103 3.1285 -1.7208 -1.302 3.1177 -1.5645 -1.5945 1.6404 -0.93139 -2.4877 0.41276 -1.201 0.63735 3.1666 -1.8886 1.2356 1.7059 -1.4676 2.048 0.54603 -2.0778 -0.77565 -0.0068836 0.14772 -0.74391 -1.398 -1.4265 -0.77323 -2.8206 -0.31916 0.77565 0.0068839 -0.14772 0.58864 -1.5111 -1.5883 0.85828 -2.7455 -0.30206
1 34 288 -0.34142 4.6012 -1.4511 -0.35296 3.3731 -1.1529 -1.2788 3.4174 -0.82406 -1.8791 2.0687 -0.12445 -3.1197 1.1538 -0.085515 0.57105 3.3574 -1.4896 1.3966 1.9589 -1.3122 2.1891 0.909 -2.1166 -0.7162 0.033298 0.33083 -0.98125 -1.9403 -0.33916 -0.66531 -3.6002 0.28993 0.7162 -0.033298 -0.33083 0.46273 -1.977 -1.0872 0.84074 -3.4762 -0.15973
1 43 288 -0.38524 4.6858 -1.1575 -0.35096 3.4454 -0.91105 -1.2753 3.4469 -0.57499 -1.8033 2.0194 0.018699 -3.0897 1.1728 0.095757 0.57089 3.4731 -1.2528 1.35 2.0378 -1.2946 2.1641 1.3121 -2.3846 -0.73135 -0.0020561 0.29769 -0.99934 -1.9713 -0.38393 -0.70229 -3.6086 0.31021 0.73135 0.0020561 -0.29768 0.5991 -1.9452 -1.0755 0.80852 -3.5193 -0.22152
2 99 96 -0.2266 4.0694 -2.6264 -0.20913 2.9963 -1.9673 -1.1879 2.9739 -1.873 -1.5187 1.4199 -1.493 -1.8756 -0.026196 -1.8918 0.76691 3.0423 -2.0795 1.279 1.5066 -1.8597 1.4288 0.065957 -2.3885 -0.78292 0.013191 0.10176 -0.88896 -1.5038 -1.348 -0.90844 -3.112 -0.53308 0.78292 -0.013191 -0.10176 0.63769 -1.6073 -1.4626 0.82957 -3.078 -0.43732
2 100 96 -0.21618 4.143 -2.5092 -0.20714 3.0502 -1.8839 -1.185 3.0311 -1.78 -1.5189 1.5322 -1.2227 -1.9486 0.060079 -1.3837 0.76798 3.0935 -2.0049 1.274 1.591 -1.611 1.5515 0.09228 -1.8444 -0.78261 0.013217 0.10416 -0.88655 -1.5747 -1.2677 -0.91042 -3.1874 -0.46169 0.78261 -0.013217 -0.10416 0.65228 -1.6745 -1.3838 0.83321 -3.1553 -0.37126
2 101 96 -0.20473 4.2178 -2.3837 -0.19881 3.1062 -1.7917 -1.1757 3.0898 -1.6789 -1.5104 1.6604 -0.96235 -1.9998 0.19852 -0.92934 0.77538 3.1474 -1.9206 1.275 1.6958 -1.3621 1.6344 0.1963 -1.3625 -0.78258 0.012243 0.10451 -0.87951 -1.6434 -1.1854 -0.91037 -3.2623 -0.39241 0.78258 -0.012243 -0.10451 0.6722 -1.7372 -1.2989 0.83956 -3.2338 -0.30731
3 50 192 0.039269 4.8254 -0.13072 -0.058633 3.5728 -0.24473 -1.0343 3.5686 -0.12041 -1.3509 2.2555 0.79855 -1.7054 0.75606 0.85771 0.91661 3.6067 -0.36769 1.3153 2.1822 -1.0609 1.0606 2.7296 -2.4798 -0.78878 -0.017625 -0.031851 -0.89228 -1.1829 -1.7771 -0.60548 -1.1329 0.0023121 0.78878 0.017625 0.031851 0.54055 -2.0023 0.55375 0.30165 -3.7304 1.0095
3 51 192 0.044142 4.8275 -0.093257 -0.055411 3.5754 -0.2134 -1.0292 3.574 -0.075158 -1.3712 2.3129 0.90546 -1.7482 0.82369 1.0384 0.91807 3.6066 -0.35021 1.3502 2.3293 -1.2725 1.0633 3.0902 -2.5826 -0.78883 -0.020697 -0.028479 -0.70252 -1.0089 -1.8806 -0.5258 -1.3128 -0.11218 0.78883 0.020697 0.028479 0.53517 -1.984 0.6039 0.29135 -3.6989 1.1045
3 79 144 -0.30968 4.8064 0.26067 -0.18276 3.5825 -0.021629 -1.0385 3.5747 -0.50636 -1.838 2.2446 0.0038937 -2.0146 0.81816 -0.55437 0.67002 3.6197 0.467 1.4775 2.2238 0.2058 2.1316 2.7111 -1.1028 -0.61977 -0.05114 -0.48659 7.7418e-05 -1.5704 -1.7989 -0.81492 -1.7021 -0.19594 0.61977 0.051141 0.48659 0.38821 -2.0371 0.48058 0.16298 -3.8259 0.46764
3 79 156 -0.24871 4.8064 0.31936 -0.18326 3.5825 0.016841 -1.1211 3.5747 -0.27937 -1.7971 2.2446 0.38596 -2.0858 0.81816 -0.1234 0.75247 3.6197 0.31749 1.488 2.2238 -0.10589 1.8557 2.7111 -1.5219 -0.70739 -0.05114 -0.3471 -0.37393 -1.5704 -1.7596 -0.83785 -1.7021 -0.022229 0.70739 0.051141 0.3471 0.47964 -2.0371 0.38937 0.25665 -3.8259 0.42354
3 79 168 -0.17688 4.8064 0.36409 -0.17575 3.5825 0.054575 -1.1547 3.5747 -0.040176 -1.6775 2.2446 0.75115 -2.0659 0.81816 0.31297 0.80204 3.6197 0.15411 1.4335 2.2238 -0.41295 1.4988 2.7111 -1.8744 -0.7641 -0.05114 -0.19244 -0.73159 -1.5704 -1.6434 -0.82416 -1.7021 0.15246 0.7641 0.051141 0.19244 0.55012 -2.0371 0.28113 0.3391 -3.8259 0.36092
3 79 180 -0.097317 4.8064 0.39291 -0.16057 3.5825 0.089923 -1.1378 3.5747 0.20078 -1.4847 2.2446 1.0835 -1.9557 0.81816 0.73566 0.81655 3.6197 -0.016012 1.3163 2.2238 -0.70196 1.0763 2.7111 -2.1451 -0.78741 -0.05114 -0.029367 -1.0573 -1.5704 -1.4554 -0.77446 -1.7021 0.32048 0.78741 0.051141 0.029368 0.59655 -2.0371 0.16062 0.40673 -3.8259 0.28253
3 80 132 -0.37434 4.8039 0.25903 -0.18609 3.5814 0.0062872 -0.94016 3.5702 -0.62508 -1.9355 2.3536 -0.18027 -2.1741 0.91143 -0.67116 0.56417 3.622 0.64097 1.5514 2.3261 0.5192 2.3816 2.9908 -0.59732 -0.50849 -0.036558 -0.60299 0.6102 -1.318 -1.8361 -0.54578 -1.5119 -0.46609 0.50849 0.036558 0.60299 0.21315 -2.0436 0.61157 -0.063105 -3.8253 0.60365
3 80 180 -0.057985 4.8039 0.45151 -0.11985 3.5814 0.1425 -1.0936 3.5702 0.28042 -1.4291 2.3536 1.3177 -1.9535 0.91143 1.1666 0.85384 3.622 0.0096387 1.4239 2.3261 -0.80549 1.1497 2.9908 -2.1695 -0.78836 -0.036558 -0.025599 -0.95621 -1.318 -1.6821 -0.71157 -1.5119 0.093724 0.78836 0.036558 0.025599 0.59711 -2.0436 0.25081 0.40637 -3.8253 0.45082
3 80 192 0.037158 4.8039 0.4537 -0.087602 3.5814 0.16431 -1.0114 3.5702 0.50166 -1.1239 2.3536 1.586 -1.6683 0.91143 1.5472 0.83718 3.622 -0.16809 1.2253 2.3261 -1.0839 0.67349 2.9908 -2.3612 -0.77645 -0.036558 0.13887 -1.285 -1.318 -1.4465 -0.67653 -1.5119 0.23962 0.77645 0.036558 -0.13887 0.63621 -2.0436 0.12119 0.49122 -3.8253 0.35647
3 81 132 -0.39394 4.8029 0.30132 -0.20651 3.5771 0.064215 -0.97017 3.5638 -0.55547 -2.0197 2.4124 -0.064214 -2.3815 0.98124 -0.50998 0.5536 3.6198 0.68692 1.6195 2.3889 0.55423 2.4215 3.1072 -0.54962 -0.51358 -0.027349 -0.59915 0.85369 -1.0624 -1.8131 -0.35559 -1.506 -0.55139 0.51359 0.027349 0.59915 0.14207 -2.0394 0.66839 -0.19892 -3.8094 0.71171
3 81 180 -0.039671 4.8029 0.49438 -0.090463 3.5771 0.19644 -1.062 3.5638 0.3493 -1.3992 2.4124 1.458 -1.9725 0.98124 1.4286 0.88091 3.6198 0.048237 1.4955 2.3889 -0.83263 1.2118 3.1072 -2.1673 -0.78891 -0.027349 -0.019242 -0.77613 -1.0624 -1.8476 -0.6477 -1.506 -0.1047 0.78891 0.027349 0.019241 0.59177 -2.0394 0.34166 0.3958 -3.8094 0.62406
3 81 192 0.063984 4.8029 0.49183 -0.047645 3.5771 0.21095 -0.96614 3.5638 0.56246 -1.0655 2.4124 1.717 -1.6324 0.98124 1.8075 0.87169 3.6198 -0.13597 1.2897 2.3889 -1.1254 0.73475 3.1072 -2.3719 -0.77567 -0.027349 0.1452 -1.1433 -1.0624 -1.6458 -0.65532 -1.506 0.032257 0.77567 0.027349 -0.1452 0.64987 -2.0394 0.21116 0.5169 -3.8094 0.52813
3 82 180 -0.033355 4.8023 0.51043 -0.082198 3.5739 0.22106 -1.0523 3.561 0.3825 -1.396 2.424 1.504 -2.0088 1.009 1.5028 0.88783 3.6163 0.064193 1.5144 2.3955 -0.82223 1.2461 3.1025 -2.166 -0.78906 -0.026285 -0.013922 -0.62058 -0.89013 -1.9217 -0.5784 -1.6697 -0.29647 0.78906 0.026285 0.013922 0.59096 -2.0245 0.42566 0.39431 -3.7803 0.78505
3 83 180 -0.041145 4.8043 0.49219 -0.094887 3.5755 0.20488 -1.0664 3.5683 0.35799 -1.4223 2.3966 1.4393 -2.0388 0.98377 1.4 0.87668 3.6122 0.056329 1.4825 2.3722 -0.81784 1.2445 3.0349 -2.1896 -0.78889 -0.031768 -0.011837 -0.53304 -0.86592 -1.9231 -0.50361 -1.9573 -0.48824 0.78889 0.031769 0.011837 0.59179 -1.9996 0.51092 0.39617 -3.7384 0.94595
3 84 132 -0.36944 4.8082 0.25963 -0.19511 3.579 0.024763 -0.94569 3.5718 -0.6108 -1.9457 2.3475 -0.19885 -2.2417 0.92373 -0.71157 0.55188 3.6156 0.66353 1.5566 2.3344 0.5302 2.4581 2.9403 -0.56425 -0.51395 -0.036224 -0.59836 1.0598 -0.96893 -1.6316 0.22962 -2.333 -0.79439 0.51395 0.036224 0.59836 -0.049056 -1.9742 0.83362 -0.55392 -3.6952 1.019
3 84 144 -0.30739 4.8082 0.33077 -0.1857 3.579 0.064788 -1.052 3.5718 -0.40083 -1.9446 2.3475 0.21004 -2.3406 0.92373 -0.22995 0.67778 3.6156 0.53429 1.6328 2.3344 0.19499 2.287 2.9403 -1.063 -0.62713 -0.036224 -0.47843 0.69742 -0.96893 -1.8163 0.059437 -2.333 -0.82477 0.62713 0.036224 0.47843 0.12534 -1.9742 0.82561 -0.32995 -3.6952 1.1119
3 84 156 -0.2319 4.8082 0.38745 -0.16817 3.579 0.10198 -1.1124 3.5718 -0.17335 -1.8584 2.3475 0.60975 -2.3373 0.92373 0.26172 0.77405 3.6156 0.38169 1.6376 2.3344 -0.14875 2.016 2.9403 -1.5153 -0.7129 -0.036224 -0.33759 0.30455 -0.96893 -1.9216 -0.11334 -2.333 -0.8191 0.7129 0.036224 0.33759 0.29425 -1.9742 0.78151 -0.091561 -3.6952 1.1562
3 84 168 -0.14628 4.8082 0.4272 -0.14329 3.579 0.13472 -1.1241 3.5718 0.061717 -1.691 2.3475 0.98281 -2.2318 0.92373 0.74195 0.83649 3.6156 0.21242 1.5709 2.3344 -0.48598 1.6569 2.9403 -1.9013 -0.76751 -0.036224 -0.18199 -0.10163 -0.96893 -1.9429 -0.28116 -2.333 -0.77764 0.76751 0.036224 0.18199 0.4503 -1.9742 0.70325 0.15083 -3.6952 1.15
5 24 108 -0.55778 4.7368 -0.86805 -0.32595 3.5112 -0.6472 -1.2322 3.4195 -0.27627 -1.4008 1.8993 0.29752 -2.1056 0.52789 0.28191 0.57474 3.6317 -1.0235 1.1828 2.1215 -0.88806 1.4989 0.70627 -1.4122 -0.75265 -0.012163 0.23847 -1.0587 -1.8294 -0.77066 -1.1409 -3.6004 -0.44245 0.75265 0.012163 -0.23847 0.786 -2.086 -0.3422 1.2104 -3.0523 1.1197
5 25 108 -0.55201 4.7297 -0.90857 -0.31271 3.5093 -0.66854 -1.2384 3.4084 -0.35178 -1.5032 1.8817 0.16595 -2.2192 0.52154 0.043806 0.60728 3.6389 -0.99135 1.2394 2.1445 -0.8017 1.617 0.73233 -1.2925 -0.76218 -0.013777 0.2059 -1.0085 -1.8616 -0.76324 -1.0705 -3.6174 -0.35801 0.76218 0.013777 -0.2059 0.76979 -2.0687 -0.48469 1.1047 -2.9888 1.0293
5 26 108 -0.54485 4.7244 -0.94069 -0.30105 3.5087 -0.68288 -1.2435 3.4003 -0.42311 -1.605 1.8655 0.004086 -2.3321 0.52193 -0.20505 0.63577 3.6455 -0.9493 1.2707 2.1593 -0.71144 1.6786 0.75335 -1.1959 -0.77059 -0.018206 0.17134 -0.96001 -1.8904 -0.76324 -1.0062 -3.6245 -0.2718 0.77059 0.018206 -0.17134 0.7491 -2.0298 -0.63978 0.98582 -3.0053 0.85801
5 27 108 -0.52094 4.7207 -0.97031 -0.28016 3.5081 -0.69532 -1.2369 3.3954 -0.4971 -1.6784 1.8551 -0.17854 -2.4215 0.53711 -0.47582 0.67131 3.6493 -0.90056 1.2888 2.1623 -0.62447 1.7062 0.76386 -1.1222 -0.77791 -0.020438 0.13391 -0.9093 -1.9141 -0.76663 -0.9446 -3.619 -0.18077 0.77791 0.020438 -0.13391 0.73308 -1.9738 -0.79376 0.85944 -3.082 0.62286
5 28 108 -0.4832 4.7187 -0.99514 -0.25174 3.508 -0.70446 -1.2182 3.393 -0.5624 -1.7195 1.8539 -0.34175 -2.4754 0.5757 -0.75696 0.70975 3.6515 -0.85375 1.2889 2.1554 -0.54569 1.7158 0.7636 -1.054 -0.78394 -0.021387 0.09204 -0.85736 -1.9441 -0.75182 -0.88943 -3.6139 -0.07232 0.78394 0.021388 -0.09204 0.7266 -1.9095 -0.91826 0.73771 -3.1921 0.34887
5 29 108 -0.42953 4.7211 -1.0053 -0.21249 3.5099 -0.70593 -1.1859 3.3961 -0.62306 -1.7324 1.8626 -0.48627 -2.4896 0.6393 -1.041 0.75649 3.6523 -0.7962 1.2886 2.142 -0.47285 1.7165 0.75603 -0.99594 -0.78774 -0.020052 0.05063 -0.80532 -1.977 -0.71377 -0.84007 -3.6107 0.048319 0.78774 0.020053 -0.05063 0.73215 -1.8528 -1.0011 0.62869 -3.3107 0.054761
5 59 180 -0.4338 4.7718 -0.72048 -0.22368 3.5465 -0.48489 -1.1677 3.4987 -0.21286 -1.4531 2.011 0.39884 -2.2465 0.68914 0.42803 0.71685 3.6235 -0.76208 1.167 2.0544 -0.6978 1.3998 0.66817 -1.3317 -0.76791 -0.023996 0.18233 -0.94949 -1.7689 -0.97381 -1.231 -3.5406 -0.7927 0.76791 0.023996 -0.18233 0.70235 -2.0741 -0.093731 1.0534 -3.2192 1.2541
5 60 180 -0.39474 4.7636 -0.78045 -0.18527 3.5421 -0.52636 -1.151 3.4808 -0.35022 -1.4908 1.9896 0.22374 -2.2649 0.65598 0.22326 0.77711 3.6326 -0.708 1.2497 2.0723 -0.60344 1.5393 0.69054 -1.2235 -0.7809 -0.018205 0.11562 -0.90615 -1.8085 -0.97687 -1.1637 -3.574 -0.71687 0.7809 0.018205 -0.11562 0.76298 -2.0823 -0.15665 1.0141 -3.1307 1.2886
5 61 192 -0.50694 4.7519 -0.76707 -0.24499 3.5362 -0.53491 -1.1843 3.4556 -0.25455 -1.4708 1.9635 0.34572 -2.2278 0.62314 0.43612 0.68977 3.6459 -0.82047 1.1985 2.0944 -0.7687 1.3909 0.72904 -1.459 -0.76055 -0.0079603 0.21214 -1.0268 -1.8492 -0.76412 -1.1955 -3.6091 -0.40989 0.76055 0.0079603 -0.21214 0.75596 -2.0857 -0.38818 1.1595 -3.0277 1.0953
5 62 192 -0.49704 4.738 -0.84508 -0.23082 3.5305 -0.57802 -1.1888 3.4318 -0.37806 -1.5562 1.936 0.16639 -2.3145 0.5934 0.15555 0.72246 3.658 -0.7838 1.2417 2.1126 -0.67872 1.472 0.77085 -1.4027 -0.77545 -0.01193 0.14844 -0.97048 -1.8911 -0.77077 -1.117 -3.6401 -0.35779 0.77545 0.01193 -0.14844 0.77142 -2.0656 -0.46147 0.98549 -2.9591 1.0899
5 63 192 -0.46718 4.7311 -0.90042 -0.21372 3.5281 -0.60435 -1.1861 3.4281 -0.49547 -1.6282 1.9243 -0.035045 -2.3823 0.58629 -0.17131 0.75451 3.657 -0.7196 1.2753 2.1161 -0.56778 1.538 0.80167 -1.33 -0.78454 -0.018999 0.087416 -0.90359 -1.9236 -0.79147 -1.0404 -3.6543 -0.30452 0.78454 0.018999 -0.087416 0.79004 -2.028 -0.56055 0.82328 -2.9825 0.96875
5 64 192 -0.41634 4.7273 -0.94541 -0.18422 3.5254 -0.62811 -1.1619 3.4214 -0.60246 -1.6651 1.9085 -0.24648 -2.4169 0.59035 -0.52013 0.78978 3.6582 -0.66054 1.2969 2.1174 -0.46734 1.6128 0.82733 -1.2507 -0.78888 -0.021123 0.026742 -0.83523 -1.9462 -0.8137 -0.96902 -3.6525 -0.24686 0.78888 0.021123 -0.026742 0.81946 -1.9807 -0.66408 0.69019 -3.0641 0.77128
5 65 204 -0.56079 4.723 -0.88636 -0.28088 3.5224 -0.60497 -1.2466 3.4126 -0.45419 -1.74 1.8955 -0.10267 -2.5517 0.61154 -0.36792 0.68012 3.6609 -0.76197 1.1985 2.1162 -0.64455 1.3982 0.83508 -1.4792 -0.77805 -0.021919 0.13285 -0.91852 -1.968 -0.64639 -0.92085 -3.6488 0.006184 0.77805 0.021919 -0.13285 0.68237 -1.9307 -0.90255 0.68963 -3.1636 0.41303
5 66 204 -0.51915 4.7213 -0.91904 -0.25184 3.5216 -0.62125 -1.2245 3.404 -0.53524 -1.7845 1.8873 -0.30108 -2.6003 0.65115 -0.73018 0.71635 3.6679 -0.71378 1.2136 2.1189 -0.56486 1.465 0.83401 -1.3794 -0.78527 -0.024172 0.079179 -0.85271 -1.9928 -0.65174 -0.85167 -3.6489 0.061092 0.78527 0.024171 -0.079179 0.69635 -1.8876 -0.94614 0.56315 -3.2602 0.21538
5 67 204 -0.45901 4.7216 -0.94709 -0.20867 3.5219 -0.63422 -1.1843 3.3999 -0.61044 -1.7957 1.8891 -0.49818 -2.5986 0.71191 -1.0875 0.76277 3.6726 -0.66478 1.2369 2.1198 -0.48435 1.541 0.8232 -1.2616 -0.78876 -0.021945 0.029672 -0.79218 -2.0136 -0.63943 -0.78876 -3.6488 0.12008 0.78876 0.021945 -0.029672 0.71861 -1.8482 -0.98457 0.47212 -3.3493 -0.016599
6 0 240 -0.52726 4.7141 -0.91633 -0.32421 3.4745 -0.75517 -1.2844 3.3527 -0.58059 -1.4821 1.8042 -0.099151 -2.0855 0.43396 -0.4679 0.63108 3.6253 -0.93421 1.2967 2.1336 -0.95716 1.8095 0.85687 -1.6534 -0.76996 -0.011706 0.17469 -0.85465 -1.9894 -0.52947 -1.1507 -3.7184 -0.11248 0.76996 0.011706 -0.17469 0.47497 -1.9967 -0.7164 0.85833 -3.6925 -0.23857
6 1 240 -0.46244 4.7103 -0.9766 -0.2803 3.4704 -0.79605 -1.2496 3.3443 -0.68727 -1.4825 1.8001 -0.20764 -2.0321 0.42141 -0.62577 0.68424 3.6256 -0.90993 1.3725 2.1452 -0.84868 1.9746 0.88014 -1.4926 -0.77994 -0.012639 0.12258 -0.81833 -1.9976 -0.56502 -1.0899 -3.7244 -0.12291 0.77994 0.012639 -0.12258 0.5284 -1.9926 -0.69724 0.92019 -3.6856 -0.21667
6 3 252 -0.53187 4.7089 -0.95323 -0.34015 3.4697 -0.78083 -1.2958 3.3383 -0.58922 -1.5266 1.7971 -0.098858 -2.1051 0.43061 -0.51799 0.61011 3.6301 -0.97745 1.3045 2.1534 -0.90024 1.8789 0.88754 -1.5676 -0.76908 -0.013711 0.1784 -0.84591 -2.0204 -0.43946 -0.96286 -3.7428 0.080492 0.76908 0.013711 -0.1784 0.53959 -2.0012 -0.72789 0.92424 -3.6837 -0.20623
6 4 252 -0.47339 4.714 -0.96129 -0.29401 3.4741 -0.78158 -1.2584 3.3416 -0.64089 -1.541 1.7993 -0.18261 -2.1233 0.45226 -0.65605 0.66517 3.6355 -0.92747 1.3346 2.1512 -0.79555 1.9389 0.86698 -1.3982 -0.77927 -0.016288 0.12638 -0.80067 -2.0315 -0.46764 -0.90061 -3.7495 0.070359 0.77927 0.016289 -0.12638 0.62339 -2.0114 -0.65424 0.89527 -3.6867 -0.045805
