0 45 312 -0.55857 4.7749 0.12383 -0.21451 3.5718 0.18105 0.10495 3.6027 1.1108 -0.84384 2.3545 1.5697 -2.1062 2.3302 0.68456 -0.53765 3.5706 -0.7479 0.099646 2.6374 -1.9277 0.26485 2.2931 -3.4216 0.71466 0.038 0.33364 0.78393 -2.0559 0.17541 0.77709 -3.5515 -0.83165 -0.71466 -0.038 -0.33364 -0.93295 -1.8158 0.76462 -1.2329 -3.5934 0.7326
0 46 312 -0.5688 4.7702 0.10621 -0.22265 3.5705 0.19148 0.045469 3.6012 1.1373 -0.99053 2.3657 1.4 -1.9961 2.3564 0.23107 -0.49456 3.5694 -0.75373 0.26774 2.594 -1.8197 0.69362 2.1236 -3.2251 0.70199 0.036216 0.35972 0.77248 -2.0565 0.18709 0.78793 -3.5429 -0.83342 -0.70199 -0.036216 -0.35972 -0.95413 -1.8093 0.7389 -1.2339 -3.5905 0.73413
0 46 324 -0.53428 4.7702 0.22215 -0.17797 3.5705 0.23359 0.28093 3.6012 1.103 -0.67781 2.3657 1.5754 -1.9044 2.3564 0.64104 -0.64047 3.5694 -0.63444 -0.11645 2.594 -1.8356 0.0079324 2.1236 -3.2988 0.76144 0.036216 0.20591 0.7945 -2.0565 0.022396 0.59744 -3.5429 -0.97903 -0.76144 -0.036216 -0.20591 -0.77965 -1.8093 0.92113 -1.0543 -3.5905 0.97463
0 47 312 -0.59536 4.7635 0.10489 -0.24374 3.5677 0.20903 -0.016333 3.5975 1.1655 -1.0976 2.3766 1.261 -1.815 2.3876 -0.10392 -0.47516 3.5674 -0.7469 0.344 2.5328 -1.7098 0.86922 1.9703 -3.046 0.69033 0.036753 0.38156 0.75914 -2.0552 0.19884 0.79864 -3.5337 -0.83236 -0.69033 -0.036753 -0.38156 -0.97049 -1.8055 0.71719 -1.2412 -3.588 0.73211
0 47 324 -0.56054 4.7635 0.22638 -0.19495 3.5677 0.25514 0.22634 3.5975 1.1434 -0.81145 2.3766 1.4616 -1.7969 2.3876 0.27571 -0.62007 3.5674 -0.63179 -0.019008 2.5328 -1.744 0.21693 1.9703 -3.1602 0.75458 0.036753 0.22969 0.7839 -2.0552 0.036656 0.60814 -3.5337 -0.98022 -0.75458 -0.036753 -0.22969 -0.80017 -1.8055 0.90329 -1.0619 -3.588 0.97418
0 48 312 -0.62265 4.76 0.10542 -0.26652 3.5654 0.21449 -0.057222 3.5973 1.175 -1.1389 2.3734 1.1455 -1.621 2.4153 -0.31854 -0.48007 3.563 -0.74559 0.32666 2.4723 -1.6557 0.83538 1.8265 -2.9603 0.6788 0.038246 0.40158 0.74638 -2.0523 0.20359 0.80814 -3.5274 -0.83142 -0.6788 -0.038246 -0.40158 -0.98126 -1.8005 0.70168 -1.2423 -3.5843 0.73218
0 48 324 -0.58712 4.76 0.23258 -0.2161 3.5654 0.26522 0.18832 3.5973 1.1612 -0.87583 2.3734 1.3573 -1.6518 2.4153 0.025447 -0.6246 3.563 -0.62948 -0.02471 2.4723 -1.6874 0.20165 1.8265 -3.0693 0.74746 0.038246 0.25167 0.7724 -2.0523 0.043959 0.61762 -3.5274 -0.98127 -0.74746 -0.038246 -0.25167 -0.81393 -1.8005 0.89036 -1.0629 -3.5843 0.97446
0 49 312 -0.64158 4.7587 0.10145 -0.28259 3.5641 0.21227 -0.077146 3.6001 1.1734 -1.1317 2.3561 1.0775 -1.4759 2.444 -0.42295 -0.49251 3.5577 -0.7486 0.24933 2.4176 -1.6534 0.64415 1.7108 -2.9657 0.67371 0.039884 0.4099 0.73992 -2.0486 0.1905 0.81251 -3.527 -0.83902 -0.67371 -0.039884 -0.4099 -0.98369 -1.7975 0.69865 -1.2382 -3.5823 0.72767
0 49 324 -0.60646 4.7587 0.23262 -0.23229 3.5641 0.26638 0.16851 3.6001 1.1638 -0.88291 2.3561 1.2893 -1.5316 2.444 -0.10685 -0.63739 3.5577 -0.62984 -0.099876 2.4176 -1.6691 0.013458 1.7108 -3.0349 0.74421 0.039884 0.26087 0.76335 -2.0486 0.032495 0.62031 -3.527 -0.98961 -0.74421 -0.039884 -0.26087 -0.81694 -1.7975 0.8879 -1.0599 -3.5823 0.96921
0 50 312 -0.64924 4.7592 0.099234 -0.29033 3.5636 0.20893 -0.066453 3.6034 1.1658 -1.0936 2.3361 1.079 -1.4195 2.4716 -0.42208 -0.51885 3.5532 -0.74764 0.12106 2.3734 -1.6789 0.35881 1.6383 -3.0134 0.67691 0.041979 0.40439 0.73911 -2.0448 0.16851 0.82031 -3.5316 -0.84835 -0.67691 -0.04198 -0.40439 -0.98162 -1.8008 0.70379 -1.2319 -3.5863 0.71907
0 51 312 -0.64987 4.7618 0.1146 -0.28993 3.5635 0.21004 -0.0094943 3.6124 1.1515 -1.0227 2.331 1.1399 -1.4417 2.4983 -0.33457 -0.57523 3.5439 -0.73101 -0.05776 2.3494 -1.718 -0.012185 1.6138 -3.0724 0.68912 0.043638 0.38303 0.7544 -2.0432 0.14847 0.82657 -3.5381 -0.85712 -0.68912 -0.043638 -0.38303 -0.97654 -1.807 0.72258 -1.2249 -3.5928 0.7122
0 79 180 -0.43562 4.8313 0.053973 -0.32072 3.5728 0.0042228 -0.12018 3.5226 0.9658 -0.044502 1.8923 1.0375 -1.0786 0.87417 1.5588 -0.52493 3.6525 -0.95459 -0.78735 2.0468 -1.102 -1.8728 0.95165 -1.0929 0.11332 0.02249 0.78112 -0.46129 -1.993 0.92936 0.089596 -3.7081 1.0054 -0.11332 -0.02249 -0.78112 -0.52666 -2.0823 -0.80706 0.28505 -3.678 -1.0205
0 80 180 -0.4388 4.8313 0.058991 -0.32713 3.5722 0.014608 -0.12881 3.5234 0.97672 0.058384 1.9006 0.99136 -0.74582 0.71083 1.5529 -0.52897 3.6505 -0.94482 -0.67417 2.0298 -1.0902 -1.6529 0.84034 -1.1603 0.10558 0.017943 0.78232 -0.47291 -1.9974 0.91676 0.097423 -3.7071 0.9662 -0.10558 -0.017943 -0.78232 -0.52201 -2.0767 -0.831 0.29678 -3.6677 -1.0527
0 81 180 -0.45316 4.8298 0.042821 -0.34159 3.5703 0.0071506 -0.15055 3.5259 0.97094 0.14553 1.9195 0.95194 -0.39848 0.60516 1.5472 -0.53591 3.6441 -0.95417 -0.55918 2.0198 -1.1265 -1.4147 0.75372 -1.3332 0.096415 0.019852 0.78346 -0.48539 -1.9955 0.90313 0.098758 -3.7011 0.9273 -0.096415 -0.019853 -0.78346 -0.54118 -2.0717 -0.86418 0.29376 -3.6534 -1.092
0 110 192 -0.26645 4.8377 0.15628 -0.228 3.5758 0.13091 -0.06499 3.5081 1.0985 -0.21069 1.8878 1.2482 -1.3875 0.9185 1.4787 -0.39325 3.673 -0.83376 -0.72983 2.1165 -1.1978 -1.8887 1.11 -1.0509 0.12156 -0.012898 0.7801 -0.27589 -2.0752 0.83701 0.38402 -3.753 0.81731 -0.12156 0.012897 -0.7801 -0.5128 -2.0503 -0.84657 0.072369 -3.7328 -1.1251
3 47 288 -0.33098 4.816 0.10017 -0.38584 3.5593 0.19396 -0.24894 3.5526 1.1679 0.30274 2.0309 1.389 -0.049924 0.55762 1.6765 -0.52263 3.5957 -0.77934 -0.46537 2.0008 -1.1281 -1.5582 0.91587 -1.0488 0.10733 -0.037192 0.78141 -1.097 -1.7426 1.017 0.50516 -2.4935 0.67008 -0.10733 0.037192 -0.78141 0.35285 -2.0046 -0.59862 0.74842 -3.7538 -0.41197
3 48 288 -0.2741 4.8211 0.065345 -0.33121 3.5645 0.16174 -0.17374 3.5595 1.1326 0.54515 2.1087 1.3497 0.39515 0.60127 1.6374 -0.48842 3.5992 -0.80854 -0.66161 2.0097 -1.1437 -2.0982 1.5192 -0.87319 0.07997 -0.031665 0.78492 -1.3804 -1.5075 1.1071 0.33742 -1.8535 0.68231 -0.079969 0.031664 -0.78492 0.39482 -2.0062 -0.59488 0.81347 -3.7498 -0.40701
3 57 276 -0.059221 4.8212 0.01444 -0.24486 3.5781 0.11999 -0.2257 3.5881 1.1033 0.69625 2.3116 1.5385 0.83186 0.80383 1.8316 -0.26133 3.5977 -0.86322 -1.0583 2.2725 -1.3899 -2.5306 2.6942 -1.2103 -0.097266 -0.05314 0.7818 -1.1158 -1.8351 0.33291 -0.77498 -3.594 0.12998 0.097266 0.053141 -0.7818 0.95225 -1.8416 -0.4763 1.7818 -3.4184 -0.1998
3 58 276 -0.016103 4.8198 -0.026525 -0.23406 3.582 0.076366 -0.21521 3.5872 1.0597 0.58755 2.2203 1.4545 0.63733 0.70491 1.735 -0.24952 3.6064 -0.90676 -0.87997 2.1851 -1.4078 -2.4139 2.2528 -1.266 -0.08477 -0.0365 0.78421 -0.95597 -1.8928 0.3264 -0.6161 -3.649 0.10035 0.084769 0.0365 -0.78421 0.91656 -1.8708 -0.49337 1.8982 -3.3629 -0.24645
3 72 300 0.042362 4.8169 -0.24366 -0.12367 3.5842 -0.041042 0.19452 3.6228 0.88882 -0.67525 2.5589 1.7722 -2.0179 3.2372 2.1109 -0.43922 3.5753 -0.97255 0.22163 2.2525 -1.6669 -0.12478 0.87936 -2.277 0.40844 0.040535 0.67456 0.90963 -1.8888 0.010523 1.4256 -3.4985 -0.61678 -0.40844 -0.040535 -0.67456 -1.4072 -1.6995 0.14067 -1.2487 -3.4938 0.062272
5 44 216 -0.7599 4.7877 -0.11786 -0.52383 3.5443 -0.073464 -0.50858 3.6195 0.90708 -0.051907 2.1178 1.3599 -0.21289 0.76448 2.0811 -0.54451 3.4982 -1.0557 -0.40875 1.8919 -1.3203 -1.2648 0.6208 -1.4911 0.063038 0.0050907 0.78708 -0.33855 -2.0372 1.0737 1.1761 -3.0134 1.0123 -0.063038 -0.0050907 -0.78708 -0.9095 -1.9116 -0.53639 -0.24855 -3.5605 -0.22773
5 45 216 -0.76911 4.7861 -0.11358 -0.5172 3.5456 -0.092491 -0.50788 3.6133 0.88868 -0.024345 2.1162 1.3288 -0.18116 0.75771 2.0411 -0.53194 3.5071 -1.0752 -0.4227 1.9002 -1.3481 -1.3378 0.67168 -1.5243 0.028995 0.005693 0.78907 -0.58442 -1.9854 1.0601 0.84718 -3.0785 1.1417 -0.028995 -0.0056934 -0.78907 -0.81869 -1.9369 -0.54221 -0.11092 -3.5622 -0.21259
5 60 276 -0.73492 4.7636 0.47416 -0.50411 3.5421 0.23928 -0.22799 3.4808 1.1813 0.37835 1.9896 1.4593 0.45879 0.65598 2.2292 -0.78536 3.6326 -0.69885 -0.73077 2.0723 -1.1798 -1.3777 0.69054 -1.4029 0.19662 -0.018205 0.76453 -0.8768 -1.8085 1.0033 -0.5913 -3.574 1.2323 -0.19662 0.018205 -0.76453 -0.23555 -2.0823 -0.74243 1.1756 -3.1307 -1.1433
6 47 12 -0.61229 4.7943 0.30358 -0.5005 3.5406 0.17656 -0.1401 3.4517 1.0874 0.438 1.9302 1.2266 0.41527 0.53598 1.8849 -0.8641 3.6587 -0.72964 -0.88924 2.1024 -1.2255 -1.473 0.69655 -1.4715 0.20265 0.007441 0.76314 -0.72301 -1.8734 0.90456 -0.71779 -3.6764 0.90151 -0.20265 -0.007441 -0.76314 0.18128 -2.0693 -0.88852 1.5136 -3.2437 -1.1991
6 48 12 -0.64658 4.7908 0.25146 -0.52717 3.5372 0.13181 -0.20376 3.4483 1.0564 0.33235 1.9174 1.2505 0.22467 0.53769 1.9305 -0.85394 3.6554 -0.78831 -0.81232 2.1034 -1.2968 -1.3225 0.67501 -1.5742 0.17581 0.017538 0.7696 -0.67134 -1.9029 0.86128 -0.58807 -3.7036 0.82214 -0.17581 -0.017538 -0.7696 0.022065 -2.1045 -0.91069 1.4659 -3.1438 -1.2038
6 49 12 -0.69474 4.7856 0.21816 -0.55464 3.5334 0.10784 -0.27399 3.4467 1.0465 0.21933 1.9105 1.3024 0.0071549 0.55186 2.0001 -0.83918 3.6494 -0.82648 -0.73807 2.1054 -1.3507 -1.2342 0.66978 -1.6161 0.15594 0.022165 0.77375 -0.62871 -1.9263 0.8179 -0.46778 -3.7209 0.75077 -0.15594 -0.022166 -0.77375 -0.16064 -2.1191 -0.9053 1.3617 -3.0519 -1.1565
