0 43 348 -0.29967 4.7911 0.48517 -0.067423 3.5721 0.28227 0.82782 3.5874 0.68929 0.79063 2.347 1.7518 -0.52064 2.2763 2.56 -0.9643 3.5863 -0.12117 -1.6136 2.6691 -1.3069 -2.8702 2.5983 -2.1977 0.756 0.046121 -0.22323 0.71989 -2.0509 -0.3471 0.12113 -3.5737 -1.1046 -0.756 -0.046121 0.22323 -0.25419 -1.8424 1.1906 -0.57197 -3.6119 1.3279
0 55 0 -0.056186 4.7869 0.55834 0.1282 3.5671 0.30563 1.1102 3.6138 0.33363 0.99362 2.4021 1.4232 -0.50031 2.5378 1.7801 -0.85491 3.5498 0.28207 -1.8469 2.4275 -0.36988 -3.2714 1.8668 -0.55453 0.63399 0.021782 -0.47019 0.68928 -2.074 -0.60733 -0.067627 -3.5935 -1.215 -0.63399 -0.021782 0.47019 0.055712 -1.8586 1.2217 -0.26203 -3.6296 1.3378
0 55 348 -0.17104 4.7869 0.53446 0.061856 3.5671 0.3256 1.0166 3.6138 0.55717 0.67602 2.4021 1.5986 -0.85949 2.5378 1.6372 -0.89488 3.5498 0.098159 -1.7296 2.4275 -0.74578 -3.0846 1.8668 -1.2226 0.7179 0.021782 -0.3281 0.80049 -2.074 -0.45075 0.18646 -3.5935 -1.2025 -0.7179 -0.021782 0.3281 -0.19951 -1.8586 1.2066 -0.53445 -3.6296 1.2541
0 56 336 -0.20297 4.793 0.4972 0.03477 3.569 0.31689 0.96421 3.6092 0.63607 0.5662 2.4135 1.6756 -0.96825 2.5576 1.7245 -0.89683 3.5581 0.0016563 -1.7137 2.4616 -0.89227 -3.0695 1.9558 -1.4248 0.75221 0.017432 -0.23953 0.90421 -2.0766 -0.31773 0.43909 -3.611 -1.1425 -0.75221 -0.017432 0.23953 -0.39878 -1.8749 1.1556 -0.77817 -3.6367 1.1012
0 76 228 -0.29194 4.8277 0.37217 -0.24569 3.5709 0.23719 0.5829 3.515 0.76413 0.5863 1.9134 1.0856 0.044902 1.4198 2.4424 -1.0749 3.6562 -0.28479 -1.6498 2.1322 -0.15995 -2.5793 1.2925 0.7393 0.65465 0.027959 0.44063 0.3846 -1.9807 0.99456 0.83445 -3.6978 0.67854 -0.65465 -0.027959 -0.44063 -0.94411 -2.0785 -0.086222 -0.5393 -3.6826 -0.80326
0 105 252 -0.01463 4.8283 0.3827 -0.021458 3.569 0.34548 0.895 3.4944 0.69464 0.62072 2.3731 1.8505 -0.34964 2.4471 3.0466 -0.93664 3.6731 0.00054566 -1.7078 2.6799 1.0434 -1.6163 2.4757 2.5691 0.74525 -0.0089393 0.2608 0.58753 -2.0483 0.74096 0.84835 -3.7506 0.20698 -0.74525 0.0089388 -0.2608 -1.0229 -2.0371 0.12775 -1.0004 -3.726 -0.50315
1 38 72 -0.5784 4.3646 1.9763 -0.38039 3.1694 1.627 0.56401 3.1772 1.9016 0.79332 1.6515 1.3645 1.1223 0.18523 1.7102 -1.3277 3.1892 1.3633 -1.3174 1.6651 0.77531 -1.8439 0.23491 1.0102 0.77917 0.01937 0.12658 0.2839 -1.6222 1.3407 0.42287 -3.0576 0.25841 -0.77917 -0.019369 -0.12658 -0.93737 -1.6941 1.1323 -0.55002 -2.9581 -0.09371
3 6 240 -0.51243 4.795 -0.040979 -0.18868 3.5793 0.025074 0.40096 3.6194 -0.76111 1.5465 2.484 -0.50169 2.5443 2.8665 0.60991 -0.78258 3.5685 0.80899 -1.7611 2.2657 0.6918 -2.1705 0.90653 1.2942 0.36625 0.047258 -0.69795 -0.25064 -1.961 -0.72498 -0.89283 -3.644 -0.80299 -0.36625 -0.047259 0.69795 1.182 -1.2947 1.3771 0.84569 -3.0335 1.0387
4 5 240 -0.38534 4.6449 1.2991 -0.36954 3.4413 0.90653 0.49851 3.3043 1.3482 0.84183 1.7071 1.3453 0.014101 1.3926 2.6076 -1.2378 3.6063 0.47499 -1.385 2.3155 -0.5155 -2.1322 1.0787 0.022807 0.72695 0.031029 0.30673 0.53288 -2.0601 0.24575 0.74242 -3.637 -0.60298 -0.72695 -0.031029 -0.30673 -1.079 -1.7434 0.85871 -0.69025 -3.4536 0.44054
4 6 240 -0.44783 4.6411 1.2993 -0.4089 3.437 0.9107 0.45594 3.3141 1.3627 0.82486 1.7227 1.3556 -0.061622 1.4867 2.595 -1.2746 3.5878 0.46896 -1.3744 2.3165 -0.55212 -2.1709 1.1662 0.096095 0.72471 0.036264 0.31142 0.61359 -2.0496 0.085379 0.83015 -3.6075 -0.79615 -0.72471 -0.036264 -0.31142 -1.0868 -1.725 0.88496 -0.71572 -3.4805 0.70716
4 8 252 -0.34651 4.6288 1.3832 -0.32682 3.4275 0.98392 0.61012 3.3437 1.2711 1.0414 1.7732 1.1439 0.31971 1.599 2.4953 -1.264 3.5393 0.70718 -1.5027 2.2383 -0.25163 -2.1328 1.3374 0.82959 0.77026 0.055223 0.16477 0.71571 -1.9703 -0.39081 0.75761 -3.4894 -1.3611 -0.77026 -0.055223 -0.16477 -0.85869 -1.722 1.1114 -0.46438 -3.4811 1.1388
4 9 252 -0.45177 4.6287 1.3606 -0.39382 3.4272 0.96491 0.54107 3.3721 1.2654 1.0211 1.8199 1.095 0.25503 1.6178 2.4179 -1.3298 3.5102 0.67446 -1.5361 2.1693 -0.2356 -2.1239 1.4129 0.97269 0.76762 0.065832 0.17297 0.76446 -1.9071 -0.54946 0.82581 -3.4001 -1.5584 -0.76762 -0.065833 -0.17297 -0.83767 -1.7288 1.1091 -0.39167 -3.4758 1.1095
4 10 252 -0.5678 4.6237 1.3397 -0.46812 3.421 0.95682 0.46641 3.3976 1.2625 0.99193 1.8665 1.043 0.20574 1.5861 2.3395 -1.4047 3.4723 0.66096 -1.5734 2.0814 -0.17909 -2.1045 1.4716 1.1338 0.7649 0.077785 0.17994 0.81332 -1.8473 -0.66025 0.90986 -3.2949 -1.7309 -0.7649 -0.077785 -0.17994 -0.83269 -1.7293 1.117 -0.32699 -3.4528 0.95922
4 42 348 -0.54675 4.671 1.1675 -0.50188 3.4406 0.87115 0.4698 3.5222 0.74253 0.97473 2.4047 -0.3368 1.1965 1.8234 1.0741 -1.4745 3.3878 1.0074 -1.7548 1.8216 0.63714 -1.3365 1.6934 2.1157 0.77856 0.11367 0.06649 0.77558 -1.6662 1.1829 1.1866 -3.4133 1.3544 -0.77856 -0.11367 -0.06649 -0.26883 -2.1505 -0.14202 0.25557 -3.2922 -1.4352
4 43 348 -0.55055 4.7038 1.0234 -0.51142 3.4656 0.76145 0.46689 3.5296 0.68284 1.0193 2.3885 -0.34746 1.1612 1.8953 1.1066 -1.4906 3.4305 0.8471 -1.7884 1.8755 0.44447 -1.4249 1.6452 1.9252 0.77064 0.099849 0.14017 0.76335 -1.7404 1.1539 1.0927 -3.4665 1.5576 -0.77064 -0.099849 -0.14017 -0.27984 -2.1369 -0.2947 0.25633 -3.2104 -1.6405
4 44 348 -0.55572 4.7251 0.90785 -0.51922 3.4808 0.67643 0.46284 3.5347 0.68049 1.133 2.3704 -0.24896 1.1191 1.9917 1.2457 -1.5024 3.4559 0.67873 -1.8109 1.9124 0.24139 -1.5437 1.6026 1.7281 0.75884 0.09007 0.19885 0.69292 -1.7559 1.2 1.0834 -3.4963 1.4632 -0.75884 -0.09007 -0.19885 -0.28841 -2.1349 -0.307 0.2739 -3.0352 -1.7645
4 61 60 -0.6284 4.5006 1.6993 -0.50732 3.3112 1.2861 0.45533 3.473 1.1658 1.0834 2.2168 0.33148 1.1109 1.5397 1.7166 -1.4727 3.1767 1.4177 -1.7027 1.6035 1.0423 -1.1845 1.8405 2.4751 0.77512 0.14334 -0.046206 0.85459 -1.4885 1.2748 1.1869 -2.8853 0.18432 -0.77512 -0.14334 0.046207 -0.068015 -2.1158 0.20055 0.30355 -3.2532 -1.1482
4 62 60 -0.63852 4.5248 1.626 -0.54597 3.3273 1.2274 0.41728 3.4727 1.0918 1.0289 2.2424 0.2079 1.0675 1.5524 1.5863 -1.5114 3.2097 1.3739 -1.7359 1.6314 1.0174 -1.2072 1.9079 2.4392 0.77676 0.14143 -0.011522 0.74602 -1.5239 1.2691 1.0461 -3.193 0.65652 -0.77676 -0.14143 0.011522 -0.13582 -2.1394 -0.095939 0.3116 -3.2602 -1.4355
4 63 60 -0.6332 4.5352 1.585 -0.56439 3.3298 1.2047 0.40359 3.4521 1.0805 0.99388 2.2436 0.15329 1.0628 1.5208 1.5136 -1.5341 3.2355 1.3391 -1.7634 1.6589 0.9781 -1.2327 1.9392 2.3985 0.77734 0.13507 0.031508 0.68477 -1.6232 1.1779 0.8857 -3.4132 1.0978 -0.77734 -0.13507 -0.031508 -0.17193 -2.1215 -0.35082 0.31968 -3.228 -1.6868
4 64 60 -0.5994 4.5633 1.5132 -0.54703 3.3541 1.1417 0.42778 3.451 1.0539 1.0155 2.2498 0.11549 1.0904 1.5026 1.4623 -1.5233 3.2853 1.2392 -1.7701 1.7159 0.85864 -1.2768 1.9501 2.3007 0.77708 0.11814 0.075379 0.6435 -1.7081 1.1056 0.75098 -3.4963 1.3094 -0.77708 -0.11814 -0.075379 -0.15918 -2.0827 -0.49154 0.32455 -3.1116 -1.8909
4 65 60 -0.55789 4.5973 1.4257 -0.51682 3.3853 1.0619 0.46362 3.4577 1.0326 1.0871 2.2399 0.13991 1.1072 1.4946 1.4897 -1.4986 3.3412 1.1008 -1.771 1.7875 0.67594 -1.3379 1.9632 2.1454 0.77546 0.10106 0.10931 0.57535 -1.7148 1.1471 0.68315 -3.514 1.1946 -0.77546 -0.10106 -0.10931 -0.17319 -2.0836 -0.45703 0.30018 -2.9005 -1.9931
4 66 60 -0.56186 4.621 1.3367 -0.53345 3.406 0.98225 0.44801 3.4506 1.0282 1.1429 2.2034 0.23427 1.0485 1.5025 1.6045 -1.5162 3.3897 0.94557 -1.8033 1.8626 0.44131 -1.4822 1.9376 1.9476 0.76952 0.099916 0.14613 0.49654 -1.714 1.1706 0.67972 -3.4821 0.86883 -0.76952 -0.099916 -0.14613 -0.26424 -2.1333 -0.30187 0.22867 -2.6564 -1.9555
4 74 84 -0.65059 4.6589 1.1716 -0.52777 3.4333 0.87841 0.41537 3.4737 1.1545 1.2102 2.0684 0.90561 0.50952 1.9533 2.2743 -1.4739 3.4215 0.61015 -1.6109 2.2458 -0.51585 -1.9206 1.5861 0.843 0.77553 0.10504 0.10496 0.94456 -1.925 -0.40948 1.151 -3.2813 -1.5794 -0.77553 -0.10504 -0.10496 -0.52309 -1.8544 1.031 -0.19764 -3.6278 1.0244
5 0 216 -0.60982 4.7626 0.6982 -0.44256 3.523 0.50023 0.30537 3.5382 1.1388 0.90095 2.0189 1.2144 0.9389 0.78069 2.1326 -1.1949 3.5368 -0.13312 -1.2092 1.9572 -0.54962 -1.7644 0.53298 -0.34719 0.62268 -0.0039864 0.48554 0.51109 -2.0927 0.28767 1.1214 -3.5126 -0.64101 -0.62268 0.0039859 -0.48554 -1.2633 -1.7042 0.55652 -1.0409 -3.4933 0.5305
5 1 216 -0.62627 4.7613 0.67718 -0.44228 3.5213 0.49683 0.31366 3.5576 1.125 0.93808 2.0483 1.151 1.0537 0.79833 2.0465 -1.203 3.514 -0.12658 -1.2371 1.9267 -0.51113 -1.7808 0.4977 -0.31106 0.62227 -0.010726 0.48597 0.52983 -2.0959 0.24554 1.2017 -3.4652 -0.71608 -0.62227 0.010726 -0.48597 -1.2701 -1.7166 0.51948 -0.98689 -3.4962 0.45802
5 3 204 -0.73388 4.7701 0.4364 -0.5106 3.5268 0.34642 0.10827 3.6 1.1073 0.78213 2.114 1.1865 0.88636 0.8158 2.0121 -1.1353 3.4827 -0.41201 -1.1506 1.8787 -0.72158 -1.7293 0.45405 -0.60709 0.51193 -0.012904 0.60105 0.51535 -2.0989 0.3499 1.4707 -3.3751 -0.49242 -0.51193 0.012905 -0.60105 -1.2652 -1.7893 0.17292 -0.85053 -3.5414 0.077486
5 4 204 -0.72094 4.772 0.41401 -0.50198 3.5268 0.34113 0.13147 3.6122 1.0887 0.82217 2.133 1.1504 0.99249 0.81523 1.9327 -1.1412 3.4706 -0.40429 -1.1831 1.8607 -0.67898 -1.7878 0.4527 -0.50735 0.52342 -0.01341 0.59106 0.50305 -2.1079 0.42673 1.4971 -3.3287 -0.45214 -0.52342 0.01341 -0.59106 -1.2221 -1.8264 0.14461 -0.7446 -3.5588 -0.002694
5 5 204 -0.71364 4.7717 0.42002 -0.49902 3.526 0.34482 0.15618 3.6159 1.0728 0.86284 2.1436 1.1172 1.0599 0.82036 1.8838 -1.1599 3.4653 -0.38103 -1.2213 1.8523 -0.63258 -1.8581 0.471 -0.37919 0.54027 -0.011402 0.57574 0.49637 -2.1114 0.52672 1.5277 -3.2679 -0.39502 -0.54027 0.011402 -0.57574 -1.1926 -1.8453 0.16005 -0.64628 -3.5483 -0.068467
5 6 204 -0.70168 4.772 0.44413 -0.49333 3.5264 0.35255 0.18999 3.6161 1.0543 0.90001 2.1451 1.085 1.1017 0.82407 1.8543 -1.1824 3.4659 -0.34665 -1.2709 1.8519 -0.58287 -1.9285 0.50267 -0.2295 0.55804 -0.0099072 0.55857 0.39262 -2.1001 0.69255 1.4726 -3.1529 -0.29554 -0.55804 0.0099072 -0.55857 -1.1272 -1.8856 0.1467 -0.53729 -3.5656 -0.13725
5 7 204 -0.69853 4.7746 0.45373 -0.49546 3.5296 0.34362 0.21298 3.6142 1.0206 0.92148 2.1422 1.0175 1.107 0.83333 1.8113 -1.2095 3.4742 -0.33047 -1.3459 1.8597 -0.53923 -2.0116 0.54057 -0.098291 0.5676 -0.0027404 0.54893 0.28874 -2.0609 0.86599 1.3714 -3.0638 -0.16982 -0.5676 0.0027404 -0.54893 -1.0635 -1.9213 0.13415 -0.43478 -3.5771 -0.20322
5 8 204 -0.68351 4.7794 0.45385 -0.48987 3.5345 0.32688 0.23699 3.6114 0.985 0.9327 2.1338 0.94937 1.1018 0.83649 1.7655 -1.2222 3.4867 -0.32798 -1.4249 1.8738 -0.49022 -2.0932 0.58017 0.017311 0.5694 0.0026531 0.54706 0.16674 -2 1.0385 1.2154 -3.0469 0.011258 -0.5694 -0.0026536 -0.54706 -0.9966 -1.9511 0.11287 -0.32709 -3.5793 -0.27641
5 9 204 -0.67357 4.7808 0.46454 -0.49117 3.536 0.32115 0.24758 3.6027 0.96703 0.92612 2.1182 0.89931 1.082 0.82945 1.7315 -1.2351 3.4984 -0.32112 -1.5065 1.8912 -0.43114 -2.1846 0.62503 0.1296 0.56844 0.0060086 0.54803 0.034186 -1.9212 1.192 1.0184 -3.0846 0.22823 -0.56844 -0.0060081 -0.54803 -0.93842 -1.9738 0.088409 -0.22366 -3.5699 -0.35028
5 10 216 -0.55092 4.7799 0.61455 -0.41421 3.5357 0.42355 0.44717 3.5913 0.89502 1.0782 2.1024 0.66341 1.392 0.81481 1.4517 -1.2796 3.5092 -0.043062 -1.6154 1.9104 -0.046533 -2.1678 0.67978 0.70048 0.66821 0.0062585 0.42066 0.18022 -1.8377 1.3016 0.87699 -3.1612 0.29479 -0.66821 -0.0062585 -0.42066 -0.85459 -1.9949 0.23107 -0.20693 -3.557 -0.39459
5 11 216 -0.54364 4.777 0.64426 -0.41386 3.5345 0.43767 0.45021 3.5802 0.90526 1.0656 2.0876 0.65605 1.3796 0.79165 1.4304 -1.2818 3.5178 -0.024752 -1.6537 1.9272 -0.0025819 -2.2132 0.74013 0.80704 0.66406 0.0040908 0.42721 0.081739 -1.7631 1.4031 0.69682 -3.258 0.60451 -0.66406 -0.0040913 -0.42721 -0.80118 -2.0178 0.15625 -0.12045 -3.5542 -0.49717
5 12 216 -0.54103 4.7739 0.67237 -0.41319 3.5332 0.45322 0.44802 3.571 0.92678 1.0528 2.0767 0.66161 1.3772 0.76354 1.4018 -1.2781 3.5245 -0.014919 -1.6779 1.9409 0.019749 -2.2619 0.80403 0.88236 0.65607 0.0008111 0.4394 0.0017692 -1.72 1.4517 0.51087 -3.3653 0.91812 -0.65607 -0.0008111 -0.4394 -0.73794 -2.0409 0.056341 -0.028267 -3.5604 -0.60558
5 13 216 -0.53101 4.7715 0.69857 -0.40684 3.5318 0.47199 0.44698 3.5608 0.95933 1.0501 2.0691 0.67678 1.3932 0.73699 1.3736 -1.2643 3.5319 -0.0097891 -1.6789 1.952 0.021017 -2.3002 0.86328 0.91899 0.64582 -0.0053277 0.4543 -0.068335 -1.7024 1.4663 0.30819 -3.451 1.239 -0.64582 0.0053277 -0.4543 -0.6728 -2.0575 -0.05665 0.070315 -3.56 -0.72084
5 32 252 -0.42117 4.7403 0.91754 -0.35562 3.5197 0.58655 0.39649 3.4321 1.2143 0.87488 1.9308 1.6455 0.83229 0.91802 2.8075 -1.1099 3.6361 -0.033777 -1.2095 2.0854 -0.53792 -1.8427 0.69054 -0.36185 0.61639 -0.002583 0.49351 0.32259 -2.0638 0.77521 0.89188 -3.6209 0.066478 -0.61639 0.002583 -0.49351 -1.3469 -1.7468 0.41215 -0.97468 -3.511 0.41947
5 33 252 -0.47755 4.7494 0.84381 -0.38998 3.5246 0.53401 0.34615 3.4556 1.1826 0.80975 1.963 1.6581 0.66141 1.0185 2.8679 -1.1288 3.6226 -0.10778 -1.192 2.0653 -0.5974 -1.8053 0.66143 -0.42221 0.60962 0.0073962 0.50181 0.40429 -2.0766 0.67242 0.97664 -3.6218 -0.059459 -0.60962 -0.0073957 -0.50181 -1.3493 -1.7303 0.44623 -1.1355 -3.5183 0.53716
5 34 252 -0.52525 4.7586 0.76711 -0.41581 3.53 0.48039 0.30858 3.483 1.144 0.76422 1.9976 1.6489 0.5192 1.1095 2.8854 -1.1434 3.6061 -0.17702 -1.1781 2.0427 -0.6498 -1.7693 0.62812 -0.48544 0.6081 0.016483 0.50343 0.47918 -2.0792 0.58058 1.0644 -3.605 -0.1812 -0.6081 -0.016484 -0.50343 -1.3253 -1.7286 0.48076 -1.2169 -3.5254 0.58307
5 35 252 -0.57334 4.766 0.68993 -0.43895 3.5346 0.42668 0.27666 3.5118 1.101 0.73284 2.0286 1.6119 0.40638 1.1766 2.8549 -1.1583 3.5865 -0.24205 -1.1701 2.0174 -0.69646 -1.741 0.59286 -0.54679 0.60621 0.024538 0.50537 0.54071 -2.0755 0.5065 1.1559 -3.5687 -0.29516 -0.60621 -0.024537 -0.50537 -1.3393 -1.7371 0.46628 -1.2258 -3.5322 0.5904
5 37 252 -0.61269 4.7829 0.53167 -0.45062 3.5438 0.32788 0.24798 3.5672 1.0198 0.74237 2.078 1.4744 0.34195 1.2138 2.687 -1.1537 3.5495 -0.35983 -1.1351 1.9675 -0.76681 -1.6697 0.52616 -0.64645 0.59908 0.028316 0.51362 0.68045 -2.0669 0.38064 1.391 -3.4768 -0.4902 -0.59907 -0.028317 -0.51362 -1.3648 -1.7586 0.39979 -1.1016 -3.5393 0.50315
5 38 252 -0.63045 4.7852 0.48405 -0.44855 3.5438 0.31305 0.23399 3.5897 1.0197 0.75579 2.0909 1.4071 0.39309 1.1557 2.5782 -1.136 3.527 -0.39015 -1.1073 1.9386 -0.77064 -1.6338 0.49425 -0.65073 0.58448 0.017106 0.53065 0.72459 -2.0718 0.35377 1.5209 -3.4108 -0.55383 -0.58448 -0.017106 -0.53065 -1.3913 -1.7534 0.33455 -1.0419 -3.5197 0.42816
5 39 252 -0.65335 4.7899 0.39588 -0.45472 3.5467 0.25931 0.20716 3.6144 0.98367 0.76256 2.109 1.2903 0.48854 1.07 2.3962 -1.1218 3.5083 -0.46243 -1.0909 1.9141 -0.81773 -1.628 0.47506 -0.68168 0.56391 0.01792 0.55244 0.77126 -2.0627 0.34651 1.646 -3.3275 -0.59475 -0.56391 -0.01792 -0.55244 -1.3793 -1.7702 0.27147 -0.93916 -3.5174 0.3386
5 40 252 -0.64652 4.7927 0.35255 -0.44959 3.5464 0.24421 0.19257 3.6259 0.98493 0.77631 2.1195 1.2271 0.62488 0.96769 2.2411 -1.097 3.4962 -0.49453 -1.0694 1.8972 -0.82761 -1.639 0.47558 -0.64769 0.55279 0.012809 0.5637 0.80698 -2.0669 0.40783 1.7585 -3.2398 -0.57699 -0.55279 -0.01281 -0.5637 -1.3001 -1.7996 0.25069 -0.80629 -3.5337 0.25472
5 41 252 -0.6365 4.7923 0.34452 -0.43702 3.5448 0.25641 0.186 3.6324 1.0124 0.78936 2.1271 1.2099 0.77204 0.88105 2.118 -1.0653 3.4866 -0.49807 -1.0499 1.8848 -0.81852 -1.6701 0.49372 -0.57806 0.54817 0.0028372 0.56833 0.77693 -2.0856 0.54427 1.8088 -3.1396 -0.49255 -0.54817 -0.0028372 -0.56833 -1.2256 -1.8265 0.22523 -0.6806 -3.5445 0.17787
5 42 252 -0.64678 4.7895 0.34618 -0.44044 3.5428 0.2622 0.16979 3.6335 1.0282 0.78449 2.129 1.1937 0.90423 0.82045 2.0006 -1.056 3.4815 -0.50244 -1.0569 1.878 -0.81478 -1.7358 0.52492 -0.52154 0.5452 -0.00047588 0.57118 0.68053 -2.0923 0.71324 1.783 -3.0492 -0.34496 -0.5452 0.00047588 -0.57118 -1.1736 -1.8537 0.19142 -0.56514 -3.5485 0.10113
5 43 252 -0.66586 4.7862 0.36351 -0.45238 3.5425 0.2595 0.1541 3.6295 1.0289 0.77577 2.1249 1.165 1.0108 0.78317 1.8876 -1.0643 3.4847 -0.50836 -1.0824 1.8803 -0.81562 -1.8213 0.56863 -0.48215 0.53559 0.00046158 0.58021 0.5362 -2.0766 0.89692 1.6907 -3.0024 -0.13304 -0.53559 -0.00046206 -0.58021 -1.1122 -1.8841 0.15046 -0.44658 -3.5554 0.030027
5 45 264 -0.59904 4.7861 0.49556 -0.41481 3.5456 0.32246 0.32058 3.6133 0.97207 0.97119 2.1162 0.90722 1.3957 0.75771 1.5004 -1.1549 3.5071 -0.32413 -1.2846 1.9002 -0.5879 -2.0279 0.67168 -0.025755 0.60579 0.005693 0.50644 0.39676 -1.9854 1.1437 1.4153 -3.0785 0.13435 -0.60579 -0.0056934 -0.50644 -0.95075 -1.9369 0.24559 -0.2322 -3.5622 -0.059821
5 46 264 -0.61395 4.7872 0.47568 -0.4365 3.5448 0.30751 0.28376 3.6027 0.97477 0.9446 2.1114 0.88582 1.3297 0.75051 1.5002 -1.1613 3.5162 -0.35669 -1.3124 1.9089 -0.60659 -2.0997 0.72387 -0.01203 0.58242 0.0085392 0.53312 0.19993 -1.9255 1.2594 1.2304 -3.1842 0.48193 -0.58242 -0.0085387 -0.53312 -0.91196 -1.9584 0.17661 -0.13784 -3.553 -0.15344
5 48 276 -0.54457 4.7864 0.56294 -0.40148 3.545 0.35886 0.40588 3.5899 0.91878 1.0371 2.1039 0.66997 1.4608 0.74752 1.2687 -1.2127 3.5293 -0.19705 -1.4469 1.9229 -0.37958 -2.161 0.80656 0.40878 0.63638 0.011895 0.4673 0.077182 -1.8262 1.3176 0.88942 -3.4089 1.0242 -0.63638 -0.011895 -0.4673 -0.78044 -2.0037 0.18569 0.014344 -3.529 -0.35532
5 84 12 -0.6098 4.7842 0.49043 -0.43566 3.5444 0.30467 0.3279 3.6199 0.92 1.0098 2.1368 0.85606 1.3695 0.76492 1.4613 -1.2042 3.4981 -0.30738 -1.3864 1.8791 -0.4265 -1.9782 0.60866 0.21659 0.63463 0.01784 0.46949 0.33974 -1.9762 1.0619 1.1847 -3.0442 -0.11979 -0.63463 -0.01784 -0.46949 -0.87161 -1.9638 0.28628 -0.11406 -3.5418 -0.14612
5 85 12 -0.62449 4.7846 0.47076 -0.45082 3.545 0.28329 0.30376 3.614 0.91034 0.99035 2.1344 0.82003 1.3962 0.75959 1.3882 -1.2103 3.5051 -0.34043 -1.4461 1.8901 -0.41014 -2.0728 0.65446 0.2666 0.61412 0.020024 0.49594 0.16565 -1.9116 1.1901 1.0706 -3.1259 0.21154 -0.61412 -0.020024 -0.49594 -0.82466 -1.9832 0.22237 -0.043457 -3.5402 -0.24288
5 86 12 -0.64378 4.783 0.45991 -0.47187 3.5438 0.26731 0.27406 3.6027 0.90565 0.97066 2.1289 0.79813 1.3764 0.75329 1.3644 -1.2225 3.5141 -0.36751 -1.4953 1.9039 -0.4098 -2.1547 0.7026 0.29707 0.59229 0.022846 0.52169 -0.0021647 -1.8492 1.2675 0.89597 -3.2339 0.54167 -0.59229 -0.022846 -0.52169 -0.78812 -2.0005 0.16019 0.026665 -3.5308 -0.33474
5 87 24 -0.56491 4.7806 0.57493 -0.43261 3.5423 0.3475 0.41965 3.5972 0.83537 1.0868 2.1291 0.57386 1.5774 0.75305 1.0674 -1.2888 3.5167 -0.1359 -1.5925 1.9121 -0.094616 -2.1149 0.74218 0.76333 0.67065 0.026617 0.41595 0.12586 -1.7969 1.3061 0.83336 -3.3346 0.68519 -0.67065 -0.026618 -0.41595 -0.71074 -2.0219 0.2409 0.016047 -3.5229 -0.44444
5 88 24 -0.58401 4.7794 0.5689 -0.45113 3.5417 0.33778 0.39246 3.5882 0.84132 1.0649 2.1226 0.57949 1.5215 0.7476 1.1073 -1.2986 3.5244 -0.16113 -1.6222 1.9241 -0.10675 -2.1677 0.77861 0.76958 0.6544 0.0288 0.44094 0.010445 -1.7563 1.3427 0.6229 -3.4164 0.99657 -0.6544 -0.028801 -0.44094 -0.66443 -2.0454 0.14867 0.091139 -3.5227 -0.55675
5 112 48 -0.54331 4.7817 0.61404 -0.40148 3.5435 0.3879 0.34559 3.5214 1.0272 0.69936 1.9675 1.3864 0.22966 0.98809 2.4808 -1.1519 3.5946 -0.24581 -1.2125 2.0081 -0.63076 -1.7907 0.59882 -0.39161 0.62199 0.020667 0.486 0.58224 -2.0783 0.40128 1.1794 -3.5671 -0.42205 -0.62199 -0.020667 -0.486 -1.286 -1.7192 0.55734 -1.4164 -3.5174 0.57691
6 0 12 -0.32816 4.7141 1.005 -0.34427 3.4745 0.74624 0.428 3.3527 1.343 0.91805 1.8042 1.1678 1.0477 0.43396 1.8629 -1.1165 3.6253 0.15612 -1.579 2.1336 -0.32317 -2.4395 0.85687 -0.23836 0.64503 -0.011706 0.4553 0.1784 -1.9894 0.98941 0.68637 -3.7184 0.9304 -0.64503 0.011706 -0.4553 -0.85021 -1.9967 0.12639 -0.75163 -3.6925 -0.47823
6 1 12 -0.41632 4.7103 0.99713 -0.40403 3.4704 0.74096 0.32543 3.3443 1.3885 0.83771 1.8001 1.2407 0.89472 0.42141 1.9289 -1.1341 3.6256 0.10037 -1.5491 2.1452 -0.45207 -2.4305 0.88014 -0.46862 0.61298 -0.012639 0.49759 0.12768 -1.9976 0.98621 0.63793 -3.7244 0.89218 -0.61298 0.012639 -0.49759 -0.87172 -1.9926 0.073864 -0.77675 -3.6856 -0.53885
6 3 24 -0.35249 4.7089 1.0331 -0.35267 3.4697 0.77526 0.42922 3.3383 1.3573 0.94806 1.7971 1.2007 1.0236 0.43061 1.911 -1.1346 3.6301 0.20064 -1.5419 2.1534 -0.36708 -2.4222 0.88754 -0.34737 0.64719 -0.013711 0.45216 0.23944 -2.0204 0.92269 0.7041 -3.7428 0.66168 -0.64719 0.013711 -0.45216 -0.90198 -2.0012 0.086055 -0.7717 -3.6837 -0.54885
6 4 24 -0.39762 4.714 0.99502 -0.38409 3.4741 0.74147 0.36575 3.3416 1.364 0.89544 1.7993 1.2674 0.93325 0.45226 2.0169 -1.1343 3.6355 0.12628 -1.4842 2.1512 -0.45947 -2.3365 0.86698 -0.50534 0.61535 -0.016288 0.49455 0.18822 -2.0315 0.90793 0.65491 -3.7495 0.62221 -0.61535 0.016289 -0.49455 -0.90332 -2.0114 -0.025501 -0.6331 -3.6867 -0.63467
6 17 48 -0.53677 4.7511 0.79695 -0.39224 3.5068 0.62549 0.33486 3.4576 1.286 0.78233 1.8951 1.4513 0.42001 0.7615 2.4317 -1.1222 3.585 -0.029011 -1.1872 2.0211 -0.49663 -1.8034 0.61016 -0.41183 0.64442 -0.003233 0.4563 0.48503 -2.0943 0.32894 0.75318 -3.742 -0.35246 -0.64442 0.0032325 -0.4563 -1.2319 -1.749 0.54315 -1.1631 -3.5481 0.64014
6 18 48 -0.55358 4.752 0.78353 -0.40351 3.5085 0.61203 0.32929 3.4624 1.2664 0.77245 1.8979 1.4233 0.33616 0.79036 2.4035 -1.1393 3.5837 -0.036298 -1.194 2.0216 -0.51144 -1.7887 0.60032 -0.44896 0.64907 0.001627 0.44967 0.53849 -2.087 0.25076 0.8085 -3.7229 -0.45783 -0.64907 -0.001627 -0.44967 -1.2424 -1.7455 0.5608 -1.2592 -3.5332 0.79464
6 19 48 -0.57072 4.7547 0.75966 -0.41679 3.5113 0.58898 0.32256 3.4737 1.2365 0.76807 1.9086 1.3804 0.28468 0.82105 2.3609 -1.1593 3.5779 -0.052623 -1.2058 2.0173 -0.53354 -1.7846 0.58885 -0.4868 0.65403 0.0090504 0.44233 0.59909 -2.0719 0.15792 0.86634 -3.7021 -0.56456 -0.65403 -0.0090508 -0.44233 -1.2436 -1.7493 0.57669 -1.3137 -3.5269 0.87
6 20 48 -0.57318 4.7578 0.74067 -0.41817 3.5142 0.57141 0.33353 3.4825 1.2049 0.79067 1.9196 1.3348 0.28557 0.84093 2.3141 -1.173 3.5749 -0.056214 -1.2128 2.0152 -0.54029 -1.7806 0.58205 -0.50167 0.66087 0.013275 0.43194 0.66486 -2.0546 0.060024 0.93652 -3.676 -0.68031 -0.66087 -0.013275 -0.43194 -1.2423 -1.7524 0.59353 -1.3358 -3.5273 0.89672
6 21 48 -0.5789 4.7593 0.72329 -0.42515 3.5147 0.56133 0.33993 3.4912 1.179 0.8176 1.9329 1.2897 0.3209 0.84633 2.2645 -1.1934 3.5672 -0.050556 -1.2308 2.0065 -0.53164 -1.7877 0.5692 -0.48958 0.6668 0.017014 0.42259 0.7329 -2.0321 -0.036712 1.0165 -3.6398 -0.80215 -0.6668 -0.017014 -0.42259 -1.2387 -1.7587 0.60398 -1.3268 -3.5371 0.88726
6 22 48 -0.5688 4.7612 0.71816 -0.41438 3.5162 0.55905 0.36228 3.5013 1.1623 0.86714 1.9495 1.2391 0.41394 0.83768 2.2066 -1.1943 3.5602 -0.038585 -1.2318 1.9976 -0.5135 -1.7791 0.55701 -0.45875 0.6724 0.013912 0.41374 0.78141 -2.0194 -0.10409 1.1037 -3.5937 -0.92178 -0.6724 -0.013912 -0.41374 -1.2148 -1.7736 0.59807 -1.2779 -3.5555 0.86557
6 23 48 -0.56515 4.7573 0.73773 -0.4087 3.5122 0.58226 0.37627 3.5042 1.1748 0.90507 1.9589 1.2085 0.53882 0.79976 2.1571 -1.197 3.5492 -0.0046907 -1.2413 1.9825 -0.46537 -1.7826 0.5405 -0.39271 0.67021 0.0042269 0.41749 0.82314 -2.0137 -0.14715 1.2063 -3.5451 -1.0183 -0.67021 -0.0042267 -0.41749 -1.2063 -1.7627 0.59973 -1.2315 -3.5532 0.80994
6 27 36 -0.60404 4.7601 0.66181 -0.46852 3.5087 0.53627 0.19851 3.486 1.2587 0.74522 1.947 1.2949 0.82965 0.57633 1.9962 -1.139 3.5607 -0.18143 -1.2161 1.9704 -0.54699 -1.8981 0.6007 -0.3559 0.5838 -0.0070906 0.53162 0.90611 -2.0492 0.15695 1.8025 -3.2778 -0.81154 -0.5838 0.0070906 -0.53162 -1.1526 -1.8434 0.28466 -0.93802 -3.6327 0.22706
6 28 36 -0.57284 4.7576 0.70948 -0.45558 3.5072 0.55605 0.24068 3.4688 1.2497 0.79592 1.9326 1.2745 0.93067 0.56439 1.9727 -1.1548 3.5748 -0.13234 -1.2838 1.9864 -0.49168 -2.0151 0.66087 -0.19866 0.59603 -0.0058818 0.51789 0.80562 -2.0879 0.32911 1.7837 -3.1753 -0.72528 -0.59603 0.0058813 -0.51789 -1.1008 -1.8762 0.26765 -0.8297 -3.6547 0.14674
6 29 36 -0.53585 4.7545 0.75816 -0.43454 3.5056 0.58292 0.28842 3.4568 1.248 0.8563 1.9251 1.253 0.9726 0.57495 1.9887 -1.1602 3.5835 -0.076442 -1.3679 2.0003 -0.42144 -2.1334 0.72083 -0.028132 0.60794 -0.0091043 0.50382 0.67168 -2.1091 0.52137 1.6982 -3.0929 -0.58736 -0.60794 0.0091043 -0.50382 -1.0538 -1.9018 0.24714 -0.72572 -3.6662 0.073546
6 30 36 -0.50462 4.7534 0.79026 -0.41833 3.5062 0.59498 0.33001 3.4472 1.2305 0.90583 1.9186 1.2079 0.98376 0.59665 1.9979 -1.169 3.5942 -0.034413 -1.4747 2.0192 -0.34216 -2.2639 0.78456 0.13778 0.6137 -0.0099559 0.49676 0.52065 -2.0972 0.71852 1.558 -3.0543 -0.40335 -0.6137 0.0099554 -0.49676 -1.01 -1.9243 0.22136 -0.62821 -3.6724 -0.00072027
6 31 36 -0.48421 4.7541 0.79944 -0.41272 3.5087 0.58549 0.35737 3.4404 1.1935 0.93444 1.913 1.1402 0.97351 0.62525 1.9875 -1.1847 3.6062 -0.016089 -1.5883 2.0436 -0.26984 -2.406 0.85074 0.26497 0.61535 -0.005681 0.49478 0.35892 -2.052 0.89604 1.3742 -3.0754 -0.18699 -0.61535 0.005681 -0.49478 -0.97029 -1.948 0.19186 -0.53187 -3.6751 -0.083136
6 32 36 -0.47751 4.7532 0.80365 -0.41606 3.5086 0.58205 0.36909 3.4347 1.1698 0.9421 1.907 1.0897 0.95871 0.64783 1.9796 -1.2028 3.6114 0.00084321 -1.6909 2.0647 -0.19414 -2.5417 0.91593 0.38388 0.61523 -0.0029469 0.49495 0.19308 -1.9835 1.0548 1.1486 -3.1448 0.060145 -0.61523 0.0029473 -0.49495 -0.93171 -1.9675 0.16182 -0.43862 -3.6701 -0.16816
6 33 36 -0.47439 4.7545 0.79696 -0.41712 3.5103 0.57138 0.37919 3.4351 1.1437 0.94764 1.9071 1.0395 0.9471 0.66481 1.953 -1.2149 3.6145 0.0056098 -1.7699 2.0846 -0.13622 -2.6501 0.98225 0.4865 0.61544 -0.00053692 0.49471 0.049757 -1.9048 1.1788 0.89718 -3.247 0.3236 -0.61544 0.00053692 -0.49471 -0.88939 -1.9873 0.12799 -0.34242 -3.6615 -0.2579
6 34 36 -0.47024 4.7574 0.78473 -0.41481 3.5129 0.56124 0.3882 3.4388 1.1243 0.95171 1.9101 1.0053 0.9525 0.66999 1.9217 -1.2192 3.616 0.0047678 -1.8209 2.1007 -0.09866 -2.727 1.0561 0.58362 0.6138 -0.00090551 0.49673 -0.062353 -1.8357 1.2652 0.62681 -3.3664 0.60726 -0.6138 0.00090551 -0.49673 -0.83722 -2.0083 0.075446 -0.24255 -3.6552 -0.35467
6 59 60 -0.39238 4.8082 0.47052 -0.30588 3.5523 0.34572 0.50311 3.519 0.9041 0.80083 2.0213 1.4846 0.24535 1.3767 2.7706 -1.1162 3.615 -0.20819 -1.3061 2.0341 -0.57365 -1.9256 0.69403 -0.12847 0.69474 0.038469 0.3733 0.64309 -2.0321 0.020729 0.8167 -3.6673 -0.71877 -0.69474 -0.038469 -0.3733 -1.0798 -1.8107 0.68741 -1.1774 -3.5644 1.0951
6 60 60 -0.39846 4.8092 0.45685 -0.31011 3.5532 0.33352 0.5112 3.5274 0.87402 0.81047 2.0302 1.455 0.19115 1.4433 2.7394 -1.1329 3.6084 -0.20256 -1.3281 2.0257 -0.55726 -1.9433 0.68116 -0.11997 0.70338 0.043093 0.35622 0.70696 -2.0057 -0.10931 0.8718 -3.6342 -0.8655 -0.70338 -0.043093 -0.35622 -1.0536 -1.8121 0.7219 -1.1665 -3.5451 1.2065
6 61 60 -0.41056 4.8106 0.43635 -0.31791 3.5543 0.31721 0.51373 3.5376 0.84206 0.82652 2.0366 1.4057 0.16991 1.4662 2.679 -1.1511 3.6005 -0.20332 -1.3492 2.0158 -0.547 -1.952 0.65904 -0.13026 0.71114 0.047941 0.33983 0.7553 -1.9773 -0.21773 0.9257 -3.586 -1.014 -0.71114 -0.047941 -0.33983 -1.0304 -1.8265 0.73212 -1.1165 -3.5595 1.2222
6 62 60 -0.42793 4.8096 0.42108 -0.33393 3.5527 0.30944 0.51004 3.5454 0.81444 0.84928 2.0373 1.3431 0.18516 1.4329 2.5966 -1.1796 3.5895 -0.19149 -1.3781 2.0028 -0.5259 -1.963 0.63138 -0.13256 0.72006 0.054033 0.31951 0.79978 -1.9468 -0.31667 0.98363 -3.5336 -1.1527 -0.72006 -0.054033 -0.31951 -1.012 -1.836 0.75465 -1.0456 -3.5914 1.1648
6 63 60 -0.43145 4.806 0.43562 -0.3315 3.5483 0.33597 0.52326 3.5565 0.82248 0.89992 2.0366 1.2882 0.26732 1.3549 2.5182 -1.1881 3.5697 -0.14681 -1.3839 1.9814 -0.47477 -1.9475 0.59372 -0.10812 0.73144 0.049093 0.29341 0.84579 -1.9296 -0.4036 1.0515 -3.489 -1.285 -0.73144 -0.049093 -0.29341 -1.0034 -1.8285 0.79015 -0.98701 -3.608 1.0799
6 64 48 -0.50374 4.8031 0.35451 -0.37355 3.5458 0.29493 0.37411 3.5712 0.93348 0.70256 2.0375 1.3903 -0.086162 1.2294 2.4404 -1.1241 3.55 -0.34072 -1.2446 1.9589 -0.69092 -1.8448 0.5553 -0.47331 0.66134 0.031991 0.43023 0.92495 -1.9476 -0.22262 1.3887 -3.4373 -1.1262 -0.66134 -0.031991 -0.43023 -1.155 -1.8154 0.56482 -1.1043 -3.6087 0.74439
6 65 48 -0.52637 4.799 0.34528 -0.37894 3.5429 0.30614 0.37274 3.5872 0.93888 0.76334 2.0422 1.2983 0.1144 1.0845 2.3178 -1.1339 3.5281 -0.32414 -1.258 1.9342 -0.66008 -1.8391 0.52101 -0.45322 0.6616 0.026989 0.43018 0.92045 -1.9627 -0.1931 1.4723 -3.3736 -1.1707 -0.6616 -0.026988 -0.43018 -1.1517 -1.8227 0.54428 -1.0195 -3.6182 0.64148
6 66 48 -0.52186 4.795 0.36243 -0.36739 3.5394 0.33518 0.39089 3.5985 0.95878 0.83223 2.0488 1.2283 0.37326 0.93787 2.1941 -1.1292 3.5098 -0.28625 -1.2622 1.9126 -0.60244 -1.8405 0.50113 -0.37686 0.66897 0.017378 0.41913 0.88805 -2.0062 -0.10191 1.5291 -3.3114 -1.1679 -0.66897 -0.017378 -0.41913 -1.1042 -1.849 0.51351 -0.91195 -3.6417 0.52654
6 68 36 -0.56459 4.7886 0.31803 -0.39154 3.535 0.32408 0.25955 3.6097 1.0575 0.72963 2.0629 1.2926 0.55513 0.75263 2.0866 -1.0468 3.4897 -0.40802 -1.1413 1.888 -0.71502 -1.8043 0.51103 -0.51016 0.59475 -0.0058322 0.51936 0.70282 -2.1003 0.39306 1.7068 -3.1212 -0.70273 -0.59475 0.0058322 -0.51936 -1.0828 -1.9054 0.20408 -0.75678 -3.6777 0.14578
6 69 36 -0.56804 4.786 0.36041 -0.39203 3.5327 0.35118 0.28239 3.6067 1.0632 0.79512 2.0668 1.2493 0.8346 0.72072 2.0005 -1.0707 3.4881 -0.35931 -1.1991 1.8854 -0.64817 -1.8899 0.53668 -0.36257 0.60425 -0.0086217 0.50823 0.57754 -2.1085 0.5735 1.5931 -3.0625 -0.57083 -0.60425 0.0086222 -0.50823 -1.0325 -1.9289 0.18243 -0.64318 -3.6855 0.066506
6 70 36 -0.57523 4.7875 0.38533 -0.40143 3.5341 0.35194 0.29739 3.6013 1.0408 0.85261 2.0713 1.1805 1.0487 0.71819 1.8935 -1.1044 3.4963 -0.33489 -1.2893 1.8936 -0.59149 -1.9988 0.57423 -0.22578 0.60743 -0.0038543 0.50449 0.43625 -2.0833 0.75129 1.4273 -3.0782 -0.37956 -0.60743 0.0038538 -0.50449 -0.98719 -1.954 0.1565 -0.53366 -3.6907 -0.013693
6 71 36 -0.57201 4.7915 0.39503 -0.40677 3.5376 0.33942 0.31205 3.5933 1.0084 0.90728 2.0749 1.1042 1.1841 0.72824 1.8023 -1.1295 3.5113 -0.32713 -1.3842 1.9107 -0.53224 -2.1093 0.6205 -0.099531 0.60358 0.0014014 0.5091 0.30115 -2.0394 0.90629 1.2372 -3.1573 -0.15445 -0.60358 -0.0014009 -0.5091 -0.93805 -1.9733 0.13434 -0.42009 -3.6854 -0.092331
6 72 36 -0.5688 4.7935 0.40336 -0.41555 3.5391 0.3279 0.3163 3.5817 0.9836 0.94292 2.0743 1.045 1.2474 0.73506 1.746 -1.1511 3.5259 -0.32494 -1.4775 1.9325 -0.47817 -2.2228 0.68085 0.027203 0.59603 0.0065432 0.51788 0.16015 -1.981 1.0413 1.0075 -3.2698 0.10755 -0.59603 -0.0065432 -0.51788 -0.89206 -1.9892 0.1112 -0.31044 -3.6722 -0.17184
6 73 36 -0.55638 4.7956 0.41714 -0.41709 3.5408 0.32085 0.32615 3.5719 0.96426 0.97051 2.071 0.99208 1.2735 0.73776 1.705 -1.1637 3.539 -0.31936 -1.5557 1.9569 -0.42823 -2.3287 0.75409 0.14916 0.59077 0.0095348 0.52383 0.029263 -1.9164 1.1482 0.75916 -3.382 0.39311 -0.59077 -0.0095353 -0.52383 -0.84487 -2.0048 0.083476 -0.2008 -3.6549 -0.25305
