0 0 72 -0.26288 4.8174 -0.41037 -0.20814 3.5725 -0.21055 -1.1364 3.5075 0.10787 -2.4035 2.4853 0.24332 -3.8448 2.7739 -0.22266 0.71663 3.6669 -0.53185 1.6468 2.6073 -1.3569 2.083 2.5042 -2.8323 -0.75132 -0.02094 0.24204 -1.0467 -1.9089 -0.63115 -1.2819 -3.6681 -0.31321 0.75132 0.020939 -0.24204 0.83354 -2.0782 -0.21046 1.0278 -3.5909 0.75135
0 1 48 -0.19561 4.8165 -0.47423 -0.16845 3.5717 -0.26448 -1.1451 3.4939 -0.17854 -2.4253 2.4791 -0.17601 -3.7945 2.7568 -0.82846 0.80511 3.6789 -0.35426 1.845 2.606 -1.0146 2.469 2.4735 -2.4185 -0.789 -0.03031 0.0077334 -0.75652 -1.8944 -0.961 -1.0735 -3.6622 -0.80145 0.789 0.03031 -0.0077333 0.80525 -2.0653 0.14224 0.62123 -3.5693 1.1195
0 1 60 -0.28993 4.8165 -0.4232 -0.21975 3.5717 -0.22367 -1.1572 3.4939 0.063449 -2.4089 2.4791 0.33208 -3.8839 2.7568 -0.021425 0.71386 3.6789 -0.51391 1.5938 2.606 -1.3761 1.9122 2.4735 -2.879 -0.77015 -0.03031 0.17161 -0.93979 -1.8944 -0.78271 -1.2167 -3.6622 -0.56075 0.77015 0.03031 -0.17161 0.81723 -2.0653 -0.02829 0.84041 -3.5693 0.96587
0 2 36 -0.20394 4.815 -0.5 -0.16076 3.5708 -0.28523 -1.1386 3.4839 -0.22522 -2.4244 2.4846 -0.095034 -3.8418 2.7575 -0.63728 0.81379 3.6869 -0.34938 1.8092 2.5954 -1.0468 2.3078 2.4463 -2.4983 -0.78565 -0.034411 -0.071153 -0.59108 -1.8749 -1.0656 -0.90805 -3.6488 -1.0026 0.78565 0.034411 0.071153 0.72026 -2.0539 0.29267 0.36746 -3.5488 1.2369
0 3 24 -0.20012 4.8081 -0.56222 -0.14398 3.5677 -0.32673 -1.1223 3.4727 -0.29188 -2.4056 2.4949 -0.035295 -3.8605 2.7822 -0.45781 0.83088 3.6919 -0.36632 1.7803 2.58 -1.095 2.1602 2.423 -2.5812 -0.77316 -0.039397 -0.15549 -0.39737 -1.8538 -1.146 -0.70229 -3.6307 -1.1712 0.77316 0.039397 0.15549 0.61773 -2.0407 0.40754 0.099378 -3.5261 1.2882
0 4 12 -0.18698 4.8022 -0.61807 -0.11361 3.5659 -0.36128 -1.0922 3.4677 -0.35657 -2.3691 2.5219 0.022679 -3.8471 2.8389 -0.28182 0.86162 3.6931 -0.37129 1.7708 2.5689 -1.1317 2.028 2.412 -2.6439 -0.74966 -0.042154 -0.2444 -0.1953 -1.8364 -1.1865 -0.46341 -3.6162 -1.2942 0.74966 0.042153 0.2444 0.5131 -2.0309 0.49133 -0.16662 -3.5013 1.2829
0 27 48 0.034121 4.8016 -0.6582 0.1149 3.5627 -0.40735 -0.86701 3.5296 -0.36125 -2.0742 2.6128 0.24773 -3.6034 2.7888 0.1563 1.0951 3.6249 -0.45907 1.5042 2.6471 -1.7022 1.3881 2.5342 -3.2356 -0.75461 -0.0029111 -0.23248 -0.60745 -1.9106 -1.1005 -1.0074 -3.6518 -0.8574 0.75461 0.0029106 0.23248 1.0259 -2.0747 0.076732 0.7247 -3.6001 0.98951
0 28 60 -0.024778 4.8054 -0.63901 0.066713 3.5647 -0.40113 -0.91168 3.5311 -0.30634 -2.1367 2.6078 0.25532 -3.6594 2.7677 0.07158 1.0431 3.6274 -0.5013 1.5415 2.6667 -1.725 1.6241 2.548 -3.2601 -0.77414 -0.0046096 -0.15549 -0.76382 -1.9319 -0.99201 -1.134 -3.659 -0.63005 0.77414 0.0046096 0.15549 1.0555 -2.0631 -0.088552 0.93973 -3.6188 0.81557
0 33 120 -0.23223 4.8154 -0.53494 -0.11255 3.5703 -0.33568 -1.0311 3.547 0.015016 -2.2953 2.5305 0.20792 -3.6117 2.48 -0.59344 0.80318 3.623 -0.6907 1.8367 2.8551 -1.6961 2.4217 2.8826 -3.1226 -0.73381 0.0069962 0.2915 -1.1281 -2.0149 -0.12188 -0.98656 -3.677 0.56239 0.73381 -0.0069962 -0.2915 0.74139 -2.0121 -0.91917 1.2985 -3.6724 -0.49044
0 34 132 -0.25972 4.8159 -0.51845 -0.13726 3.5697 -0.32841 -1.0395 3.5477 0.06253 -2.2888 2.5003 0.16649 -3.5403 2.4206 -0.73079 0.76203 3.6211 -0.72338 1.8764 2.8827 -1.6624 2.5565 2.9387 -3.0451 -0.697 0.01196 0.37087 -1.0935 -2.0286 0.06536 -0.82313 -3.6782 0.74103 0.697 -0.01196 -0.37087 0.59409 -2.0012 -1.0391 1.2067 -3.6724 -0.75161
0 35 144 -0.28514 4.8164 -0.50163 -0.16227 3.5696 -0.31575 -1.0489 3.5469 0.1094 -2.2854 2.4794 0.12955 -3.462 2.3722 -0.86125 0.72125 3.6217 -0.74475 1.9061 2.9005 -1.6077 2.692 2.9826 -2.9318 -0.65001 0.017102 0.44799 -1.0335 -2.0386 0.24438 -0.63057 -3.6749 0.88547 0.65001 -0.017103 -0.44799 0.42336 -1.9889 -1.1372 1.051 -3.6729 -0.99252
0 36 156 -0.30382 4.8163 -0.48629 -0.17969 3.5691 -0.30437 -1.0497 3.5452 0.15369 -2.2634 2.4531 0.098754 -3.3648 2.3316 -0.97358 0.68709 3.6225 -0.76611 1.9329 2.9059 -1.5429 2.8031 3.0162 -2.811 -0.59354 0.024031 0.52022 -0.94205 -2.0449 0.40825 -0.41493 -3.6691 0.987 0.59354 -0.024031 -0.52022 0.22105 -1.9747 -1.2062 0.82653 -3.673 -1.2041
0 37 156 -0.21107 4.8175 -0.51567 -0.13102 3.5708 -0.30956 -1.0669 3.548 -0.008084 -2.204 2.4328 -0.37161 -2.959 2.3028 -1.7098 0.8024 3.623 -0.61513 2.207 2.8956 -1.0235 3.3937 3.0296 -1.9988 -0.64335 0.026108 0.45707 -0.9291 -2.0531 0.35926 -0.40214 -3.6589 0.98737 0.64335 -0.026107 -0.45707 0.27225 -1.9566 -1.1985 0.83667 -3.669 -1.2049
0 38 168 -0.19902 4.8187 -0.49673 -0.12982 3.5727 -0.28523 -1.0558 3.5538 0.045737 -2.1528 2.4149 -0.36456 -2.7868 2.284 -1.764 0.7937 3.6212 -0.62009 2.2061 2.8648 -0.939 3.4516 3.0196 -1.8348 -0.59443 0.031559 0.5188 -0.81185 -2.0581 0.49594 -0.16279 -3.6441 1.0565 0.59443 -0.031559 -0.5188 0.069692 -1.9382 -1.2286 0.57792 -3.6637 -1.3512
0 39 180 -0.17536 4.8166 -0.50622 -0.12096 3.5725 -0.28479 -1.0362 3.5589 0.074991 -2.092 2.3956 -0.37307 -2.6069 2.2715 -1.8212 0.79193 3.6156 -0.64831 2.1998 2.8218 -0.88562 3.4978 2.98 -1.7029 -0.53926 0.04159 0.5753 -0.66005 -2.0558 0.60269 0.090448 -3.628 1.0672 0.53926 -0.041591 -0.5753 -0.14308 -1.919 -1.2264 0.2912 -3.6552 -1.4455
0 101 96 -0.052555 4.8428 -0.16603 -0.065071 3.5795 -0.16936 -1.0457 3.5415 -0.10371 -1.6489 3.5686 -1.6216 -1.0669 4.3776 -2.7982 0.91384 3.6473 -0.2364 1.3051 3.609 -1.822 0.41349 4.1247 -2.9696 -0.78507 -0.001101 0.084651 -0.83094 -2.0428 -0.40896 -0.83229 -3.7554 0.15498 0.78507 0.001101 -0.084652 0.88889 -2.0471 -0.54104 1.1483 -3.7294 0.053569
1 5 276 -0.26486 4.4907 -1.7724 -0.26808 3.2782 -1.4132 -1.2403 3.2754 -1.2642 -2.0271 1.9965 -0.62074 -3.4392 1.3785 -0.5801 0.70226 3.3095 -1.5708 1.7453 2.0981 -1.2342 3.1041 1.5668 -1.7334 -0.77539 -0.0083079 0.14898 -0.79887 -1.5763 -1.2492 -0.79858 -3.0438 -0.2016 0.77539 0.0083082 -0.14898 0.67388 -1.6618 -1.4197 0.89229 -2.9707 -0.1991
1 32 288 -0.25943 4.6708 -1.2159 -0.26782 3.4259 -0.98946 -1.1839 3.4613 -0.63322 -2.2264 2.459 0.12652 -3.7381 2.2151 0.30833 0.64686 3.4198 -1.351 1.803 2.2658 -1.3653 2.8822 1.7836 -2.3555 -0.71838 0.034796 0.32592 -1.2066 -1.9584 -0.12454 -1.2424 -3.6289 0.55314 0.71838 -0.034796 -0.32592 0.8111 -2.0421 -0.93934 1.5429 -3.5649 -0.3096
1 33 288 -0.29635 4.633 -1.3503 -0.30338 3.3957 -1.0898 -1.2225 3.4379 -0.74236 -2.0558 2.2415 -0.0054665 -3.4708 1.6371 0.095933 0.61405 3.3824 -1.4441 1.6128 2.0927 -1.3546 2.5598 1.2928 -2.2717 -0.71612 0.039126 0.33036 -1.0998 -1.9433 -0.25019 -0.92635 -3.6239 0.37951 0.71612 -0.039126 -0.33036 0.62958 -2.0099 -1.0535 1.158 -3.5296 -0.23978
1 44 276 -0.1439 4.7064 -1.1098 -0.16206 3.4614 -0.88494 -1.1346 3.4653 -0.73857 -1.9978 2.153 -0.28975 -3.4299 1.5969 -0.42201 0.80947 3.4869 -1.0361 1.7667 2.1635 -1.0033 2.9394 1.7244 -1.9031 -0.77658 -0.0079145 0.14268 -0.98138 -2.0015 -0.48822 -0.95586 -3.6775 0.17593 0.77658 0.0079145 -0.14268 0.93075 -1.9752 -0.81939 1.0557 -3.5813 -0.0096862
2 0 96 -0.27171 3.8359 -2.9158 -0.23483 2.9528 -2.0117 -1.2149 2.9191 -1.9369 -1.6296 2.625 -0.38436 -2.4898 1.6837 0.48268 0.74248 3.0067 -2.1083 1.6672 2.8813 -0.76745 2.9769 2.3106 -0.18706 -0.78117 0.012938 0.11446 -0.84488 -1.8841 -0.78646 -0.66386 -3.5499 -0.12088 0.78117 -0.012938 -0.11446 0.75438 -1.9294 -0.97515 0.84631 -3.4966 -0.088467
2 1 96 -0.28063 3.6134 -3.187 -0.24415 2.7952 -2.2237 -1.2245 2.7601 -2.1522 -1.5545 2.665 -0.55511 -2.3568 1.8565 0.48433 0.73336 2.849 -2.3183 1.5847 2.8947 -0.92475 2.8582 2.4268 -0.19193 -0.78188 0.014499 0.10932 -0.83635 -1.8475 -0.86238 -0.66008 -3.4955 -0.15234 0.78188 -0.014499 -0.10932 0.75544 -1.8983 -1.0393 0.84431 -3.4444 -0.11593
2 2 96 -0.28202 3.386 -3.4319 -0.24717 2.6228 -2.4245 -1.2277 2.5858 -2.3566 -1.48 2.6451 -0.7437 -2.2225 1.9737 0.42917 0.73056 2.6772 -2.5163 1.5058 2.8408 -1.0877 2.7256 2.4453 -0.23133 -0.7832 0.015066 0.099316 -0.82816 -1.8052 -0.94891 -0.65762 -3.429 -0.1839 0.7832 -0.015066 -0.099315 0.75249 -1.8574 -1.1089 0.83793 -3.3763 -0.14121
2 3 96 -0.27237 3.1577 -3.6484 -0.24246 2.4443 -2.6054 -1.223 2.4053 -2.5393 -1.417 2.5639 -0.92503 -2.1005 2.0048 0.33906 0.73532 2.4995 -2.6963 1.4352 2.7147 -1.2359 2.5888 2.34 -0.28383 -0.78466 0.014306 0.087162 -0.82309 -1.7571 -1.0419 -0.65611 -3.3483 -0.21064 0.78466 -0.014306 -0.087163 0.749 -1.8078 -1.181 0.83177 -3.2925 -0.16127
2 4 96 -0.27081 2.9497 -3.8235 -0.24722 2.2762 -2.7545 -1.2277 2.2324 -2.6907 -1.3779 2.4214 -1.075 -2.0084 1.9191 0.23945 0.73049 2.3353 -2.8438 1.3625 2.5215 -1.3489 2.448 2.1105 -0.33378 -0.78541 0.01072 0.080748 -0.8117 -1.7051 -1.1315 -0.6546 -3.256 -0.22548 0.78541 -0.01072 -0.080747 0.75097 -1.7526 -1.2551 0.82196 -3.192 -0.17168
2 5 96 -0.26121 2.7986 -3.9394 -0.24339 2.1446 -2.8589 -1.2237 2.0931 -2.7982 -1.348 2.2399 -1.1759 -1.9336 1.7 0.14441 0.73411 2.2108 -2.9454 1.3143 2.2949 -1.4206 2.3328 1.7347 -0.40745 -0.78576 0.010496 0.07723 -0.79406 -1.6485 -1.2119 -0.65112 -3.1458 -0.21766 0.78576 -0.010496 -0.07723 0.75903 -1.6942 -1.3338 0.81514 -3.0721 -0.17227
2 6 96 -0.25683 2.7106 -4.0022 -0.25183 2.0625 -2.9186 -1.2324 2.0064 -2.8661 -1.3517 2.0068 -1.2368 -1.8954 1.3195 0.031928 0.72604 2.133 -2.9971 1.278 2.0216 -1.4636 2.2262 1.2245 -0.54545 -0.78557 0.0067756 0.079609 -0.78082 -1.5877 -1.2886 -0.66049 -3.0171 -0.19626 0.78557 -0.0067759 -0.079609 0.77169 -1.6419 -1.3989 0.8233 -2.9469 -0.15577
2 7 96 -0.25041 2.7171 -3.9971 -0.26427 2.0506 -2.9253 -1.2454 1.992 -2.889 -1.3793 1.7159 -1.2844 -1.8812 0.78388 -0.16324 0.71456 2.1239 -2.9875 1.2624 1.7171 -1.5032 2.1177 0.6437 -0.80031 -0.78567 -0.0050759 0.078663 -0.76581 -1.5194 -1.3776 -0.68546 -2.8623 -0.17713 0.78567 0.0050757 -0.078663 0.79509 -1.5943 -1.4411 0.84504 -2.8258 -0.12508
2 16 96 -0.09069 4.4234 -1.9533 -0.14573 3.2223 -1.5611 -1.1292 3.2323 -1.5698 -1.7376 2.8413 -3.0346 -1.1025 4.2241 -3.2842 0.83765 3.2403 -1.5628 1.2733 2.6674 -3.0294 0.90716 4.1564 -3.192 -0.78537 0.0054674 0.08165 -0.73684 -2.0939 0.15004 -0.71467 -3.4756 1.3082 0.78537 -0.0054674 -0.08165 0.9474 -2.0999 -0.046226 1.165 -3.369 1.2159
2 17 96 -0.091081 4.5058 -1.7623 -0.11912 3.2936 -1.3976 -1.1026 3.301 -1.3902 -1.6872 2.9214 -2.8677 -1.0654 4.3138 -3.0963 0.86407 3.3147 -1.4137 1.3513 2.7787 -2.878 0.96845 4.268 -2.9924 -0.78632 0.0069966 0.071713 -0.73204 -2.0906 0.17916 -0.73995 -3.4583 1.354 0.78632 -0.0069966 -0.071713 0.90384 -2.1029 0.015066 1.17 -3.2855 1.3498
2 18 96 -0.087765 4.4801 -1.8259 -0.091628 3.2693 -1.4558 -1.075 3.2653 -1.4376 -1.6609 2.8407 -2.9022 -1.0492 4.2333 -3.1558 0.891 3.3016 -1.4834 1.4093 2.7195 -2.9191 1.0187 4.2029 -3.0758 -0.78768 0.0096245 0.054427 -0.73673 -2.0891 -0.029268 -0.70542 -3.3302 1.2782 0.78768 -0.009625 -0.054427 0.87824 -2.1047 -0.18391 1.0961 -3.1304 1.2828
2 19 96 -0.081056 4.4397 -1.9352 -0.065043 3.2428 -1.526 -1.0481 3.2254 -1.4995 -1.6275 2.6829 -2.9273 -1.0508 4.0671 -3.2864 0.91676 3.2878 -1.5635 1.4627 2.6313 -2.9563 1.0584 4.0932 -3.2339 -0.78834 0.014739 0.042503 -0.74917 -2.0512 -0.33788 -0.67927 -3.1635 1.0794 0.78834 -0.014738 -0.042503 0.86678 -2.0724 -0.45975 1.0135 -3.008 1.0746
2 20 96 -0.099858 4.3896 -2.059 -0.075548 3.2131 -1.5954 -1.0584 3.1853 -1.5712 -1.6169 2.4844 -2.937 -1.0861 3.8321 -3.4658 0.90578 3.268 -1.6321 1.4708 2.5161 -2.9678 1.0462 3.9344 -3.3991 -0.78886 0.009263 0.033391 -0.78407 -1.9875 -0.62015 -0.67094 -3.0456 0.83537 0.78886 -0.0092626 -0.033391 0.85397 -2.0031 -0.69259 0.90889 -2.9648 0.83154
2 73 96 -0.18217 4.4262 -1.9914 -0.11979 3.2629 -1.4944 -1.1018 3.2389 -1.4447 -1.7775 3.0642 -2.9217 -1.3295 4.5394 -2.8936 0.86051 3.3143 -1.5554 1.2275 2.9833 -3.1125 0.99404 4.5074 -3.1324 -0.78898 -0.018288 0.02602 -0.74724 -2.1128 -0.13448 -0.83613 -3.4407 1.0819 0.78898 0.018289 -0.02602 0.92417 -2.0633 -0.27699 1.1686 -3.2355 1.0711
2 74 96 -0.13305 4.3953 -2.0577 -0.067179 3.2302 -1.565 -1.0491 3.2053 -1.514 -1.7823 3.0796 -2.9685 -1.2781 4.5353 -2.9026 0.91298 3.2826 -1.6276 1.3399 2.961 -3.1713 1.0953 4.4828 -3.2154 -0.78949 -0.0081673 0.011906 -0.74852 -2.0748 -0.36436 -0.79874 -3.3361 0.92314 0.78949 0.0081673 -0.011906 0.92263 -2.0304 -0.50265 1.0436 -3.1189 0.92963
2 76 96 -0.098143 4.3152 -2.2275 -0.041476 3.1825 -1.6636 -1.0239 3.1595 -1.6222 -1.7988 2.9021 -3.0371 -1.3325 4.3717 -3.0603 0.93928 3.2319 -1.7187 1.4179 2.7533 -3.2055 1.1546 4.2566 -3.4255 -0.78958 -0.0015378 0.0077206 -0.795 -1.935 -0.81454 -0.80544 -3.3172 0.34315 0.78958 0.0015378 -0.0077206 0.93552 -1.8796 -0.93211 0.82476 -3.0801 0.40856
2 77 96 -0.096324 4.2741 -2.3057 -0.043521 3.1603 -1.7053 -1.0261 3.1354 -1.6694 -1.7971 2.759 -3.0596 -1.3821 4.2383 -3.1905 0.93742 3.2111 -1.7556 1.4365 2.6363 -3.2011 1.1466 4.1123 -3.5402 -0.78952 -0.00038481 0.012634 -0.81504 -1.8557 -0.97293 -0.85657 -3.3678 0.0082744 0.78952 0.00038481 -0.012634 0.91908 -1.7957 -1.095 0.74339 -3.1252 0.11018
2 78 96 -0.081282 4.2376 -2.3714 -0.028845 3.1387 -1.7444 -1.0115 3.1051 -1.7196 -1.7733 2.5926 -3.0708 -1.4118 4.0692 -3.3289 0.9521 3.1978 -1.7846 1.4787 2.5278 -3.1784 1.156 3.9664 -3.63 -0.78956 0.003696 0.0089874 -0.83804 -1.7915 -1.0815 -0.91609 -3.4281 -0.32888 0.78956 -0.003696 -0.0089873 0.89944 -1.7105 -1.2293 0.70829 -3.1956 -0.22498
2 79 96 -0.070665 4.2317 -2.3806 -0.017301 3.1412 -1.7391 -0.99983 3.1012 -1.7193 -1.7496 2.4493 -3.0162 -1.4343 3.9054 -3.4138 0.96344 3.2064 -1.7745 1.5165 2.4392 -3.1065 1.1577 3.8344 -3.6562 -0.78954 0.0076337 0.0082827 -0.87283 -1.7413 -1.153 -0.98756 -3.4749 -0.67116 0.78954 -0.0076337 -0.0082828 0.85303 -1.6545 -1.3114 0.71376 -3.2996 -0.5868
2 80 96 -0.045718 4.2452 -2.3533 -0.001009 3.1612 -1.7003 -0.98364 3.1199 -1.6908 -1.7188 2.3292 -2.9168 -1.4428 3.7489 -3.4516 0.97996 3.2277 -1.7258 1.5589 2.372 -2.9912 1.1726 3.7247 -3.6224 -0.78944 0.013544 0.0098619 -0.9147 -1.6917 -1.2112 -1.0555 -3.4758 -0.99245 0.78944 -0.013544 -0.0098619 0.79698 -1.6304 -1.3515 0.73275 -3.3788 -0.91582
2 81 96 -0.026145 4.2675 -2.3108 0.001534 3.1815 -1.6609 -0.98129 3.1438 -1.6614 -1.7071 2.2301 -2.8047 -1.4592 3.6044 -3.4587 0.98295 3.2442 -1.6763 1.5947 2.3082 -2.8672 1.1917 3.622 -3.5666 -0.78902 0.019204 0.023951 -0.97183 -1.6277 -1.2678 -1.1065 -3.4249 -1.2144 0.78902 -0.019204 -0.023952 0.7767 -1.5915 -1.4175 0.75258 -3.3759 -1.1604
2 82 96 -0.002545 4.2999 -2.2515 0.016832 3.2044 -1.6165 -0.96662 3.1914 -1.613 -1.6928 2.1917 -2.6816 -1.4491 3.5254 -3.4161 0.99944 3.2428 -1.6355 1.6474 2.2604 -2.7685 1.2401 3.5498 -3.5096 -0.78792 0.027568 0.043797 -1.0226 -1.5035 -1.3758 -1.1121 -3.3002 -1.2553 0.78792 -0.027568 -0.043797 0.77924 -1.4925 -1.5499 0.76605 -3.2764 -1.2882
2 83 96 0.0057158 4.3196 -2.2147 0.013233 3.2152 -1.5948 -0.97026 3.2245 -1.5903 -1.699 2.1831 -2.6166 -1.4422 3.4926 -3.3892 0.99645 3.2317 -1.6143 1.6581 2.2242 -2.717 1.263 3.4943 -3.4969 -0.78734 0.025611 0.054187 -1.0846 -1.1891 -1.6341 -1.085 -2.9557 -1.2735 0.78734 -0.025611 -0.054186 0.78608 -1.2252 -1.7791 0.74007 -2.9467 -1.2449
2 86 96 0.017938 4.2083 -2.3964 -0.012699 3.1466 -1.7082 -0.99541 3.1782 -1.683 -1.526 1.8015 -2.3843 -1.3788 2.753 -3.5888 0.9699 3.1394 -1.7506 1.5173 1.8101 -2.5265 1.2756 2.6817 -3.7753 -0.78693 0.019693 0.062115 -1.0604 -0.50287 -1.9544 -0.96831 -2.0511 -1.035 0.78693 -0.019693 -0.062114 0.79577 -0.63978 -2.0695 0.79543 -2.0387 -0.93207
2 87 96 0.019467 4.149 -2.4922 -0.027555 3.0951 -1.7973 -1.0104 3.121 -1.7709 -1.5067 1.691 -2.3853 -1.3461 2.4491 -3.7184 0.95498 3.0929 -1.8418 1.5004 1.7175 -2.5344 1.2314 2.4458 -3.8667 -0.78721 0.016824 0.059317 -1.0305 -0.44187 -1.9765 -0.93795 -1.9417 -0.98016 0.78721 -0.016824 -0.059318 0.79829 -0.59795 -2.0783 0.79951 -1.9289 -0.862
2 88 96 -0.0032552 4.086 -2.5842 -0.051209 3.0491 -1.8677 -1.0344 3.0651 -1.8446 -1.5242 1.6119 -2.4075 -1.3449 2.2274 -3.8099 0.93141 3.0559 -1.9098 1.4922 1.6647 -2.5569 1.1985 2.314 -3.9243 -0.7873 0.012181 0.05919 -0.98127 -0.44149 -1.9831 -0.91281 -1.9144 -0.94541 0.7873 -0.012181 -0.05919 0.7693 -0.61654 -2.0713 0.79916 -1.909 -0.81456
2 89 96 -0.027403 4.0179 -2.6834 -0.077687 2.9989 -1.9447 -1.0611 2.9991 -1.9301 -1.5373 1.5341 -2.474 -1.3573 2.0462 -3.9172 0.90501 3.0209 -1.9791 1.4685 1.6241 -2.6118 1.1682 2.226 -3.9993 -0.78729 0.0086915 0.060023 -0.92841 -0.47694 -1.9792 -0.89174 -1.9374 -0.92251 0.78729 -0.0086915 -0.060023 0.71889 -0.65871 -2.0568 0.79211 -1.9338 -0.78418
