2 8 168 -3.8158 2.8051 -0.99508 -2.8257 2.1052 -0.64536 -3.1084 2.0428 0.29464 -1.7409 1.4042 0.91993 -1.1497 0.14683 1.5887 -2.568 2.183 -1.5913 -1.1384 1.4022 -1.7154 -0.62145 0.079658 -2.3164 -0.17602 -0.01733 0.76955 -1.612 -1.4641 0.26047 -0.36045 -2.7125 0.61564 0.17602 0.01733 -0.76955 -1.1427 -1.5486 -1.2419 0.1824 -2.7042 -0.8423
2 9 168 -3.694 2.9672 -0.9862 -2.7448 2.211 -0.64398 -3.0372 2.1476 0.29296 -1.9415 1.1048 0.90981 -1.9228 -0.39127 1.2829 -2.4767 2.2905 -1.5869 -1.351 1.1236 -1.7866 -1.4333 -0.28579 -2.4066 -0.18839 -0.027252 0.76633 -1.6314 -1.4574 0.23106 -0.2967 -2.6057 0.61948 0.18839 0.027252 -0.76633 -1.1338 -1.5252 -1.2723 0.242 -2.604 -0.83181
2 10 156 -3.2474 3.171 -1.6838 -2.4417 2.3442 -1.1791 -2.9239 2.2904 -0.32355 -2.4178 0.89263 0.35377 -3.0647 -0.49473 0.16811 -1.9812 2.4155 -2.0453 -1.2712 0.95053 -2.1814 -1.9082 -0.24212 -2.9226 -0.35091 -0.024077 0.70695 -1.6307 -1.4658 -0.12846 -0.3488 -2.531 0.55923 0.35091 0.024077 -0.70695 -0.81542 -1.5389 -1.4888 0.47414 -2.5398 -0.72317
2 14 156 -2.4904 3.9289 -1.3038 -1.9971 2.8362 -0.92643 -2.5055 2.8279 -0.084513 -3.956 2.0827 -0.18137 -4.3268 3.2906 -1.0651 -1.5041 2.8685 -1.7769 -2.4984 1.9792 -2.72 -3.2693 3.3138 -2.7663 -0.31511 -0.00028253 0.72402 -0.93926 -1.9412 0.21639 0.30839 -3.0594 0.88268 0.31511 0.00028276 -0.72402 -0.24407 -1.9815 -1.1415 1.0814 -3.0063 -0.47542
2 15 156 -2.1033 4.2098 -1.0913 -1.7261 3.0474 -0.78163 -2.2377 3.0532 0.058366 -3.7872 2.5598 -0.098167 -3.8138 3.9109 -0.84082 -1.2266 3.068 -1.6286 -2.2822 2.3852 -2.6718 -2.7352 3.8523 -2.5309 -0.30817 0.0032692 0.72699 -0.5501 -2.0715 0.50077 0.61228 -3.3219 1.0806 0.30817 -0.0032692 -0.72699 0.12936 -2.079 -0.99815 1.3776 -3.2452 -0.42104
2 29 156 -2.5997 3.7762 -1.5527 -1.9472 2.7957 -1.1128 -2.4475 2.7662 -0.26658 -2.6634 1.1656 -0.020795 -3.7879 0.31886 -0.65019 -1.4656 2.8461 -1.9689 -1.2792 1.3273 -2.541 -2.4919 0.77131 -3.3142 -0.35382 0.036828 0.70495 -1.9833 -1.0302 -0.082673 -1.1403 -2.5752 0.30896 0.35382 -0.036829 -0.70495 -1.1851 -1.0918 -1.6709 -0.29191 -2.5612 -1.1287
2 30 156 -2.767 3.5952 -1.6702 -2.0426 2.6821 -1.1957 -2.5349 2.6515 -0.34473 -2.5961 1.0498 -0.029089 -3.5949 -0.059917 -0.41439 -1.5705 2.732 -2.057 -1.2466 1.1951 -2.5062 -2.1096 0.19254 -3.2986 -0.36553 0.03927 0.69882 -2.0013 -0.95223 -0.17038 -1.0934 -2.4293 0.3245 0.36553 -0.03927 -0.69882 -1.2428 -1.0073 -1.6425 -0.23308 -2.4 -1.1024
2 55 168 -4.3458 1.9539 -0.75988 -3.1921 1.5168 -0.48622 -3.3758 1.4961 0.47979 -1.9666 1.2608 1.272 -1.2475 0.097194 1.9837 -3.0364 1.5466 -1.4569 -1.4628 1.2672 -1.7954 -0.47003 0.15284 -2.1831 -0.10101 0.025459 0.78272 -0.95189 -1.8799 0.53836 -0.45624 -3.5968 0.7783 0.10101 -0.025459 -0.78272 -0.74157 -1.9461 -0.90646 0.048988 -3.5638 -0.81158
2 56 168 -4.3421 1.9422 -0.79698 -3.1843 1.5224 -0.51247 -3.3783 1.4976 0.45143 -1.9551 1.4758 1.253 -1.0741 0.55327 2.1193 -3.0183 1.556 -1.4813 -1.4229 1.4847 -1.8253 -0.28209 0.56874 -2.3124 -0.10946 0.021492 0.7817 -0.95806 -1.8831 0.52372 -0.44552 -3.5939 0.772 0.10946 -0.021492 -0.7817 -0.72602 -1.945 -0.90931 0.060506 -3.5647 -0.81523
2 57 168 -4.3624 1.8792 -0.83189 -3.1986 1.482 -0.53984 -3.3948 1.4539 0.42353 -1.9771 1.6198 1.2182 -1.0022 0.93059 2.194 -3.0306 1.5184 -1.5082 -1.4352 1.6398 -1.8382 -0.20745 0.9053 -2.4133 -0.11789 0.016918 0.78059 -0.99528 -1.8724 0.50679 -0.44964 -3.5716 0.76322 0.11789 -0.016918 -0.78058 -0.73731 -1.9307 -0.92356 0.059824 -3.5446 -0.82059
2 58 168 -4.3951 1.7787 -0.87665 -3.2263 1.4074 -0.57061 -3.4339 1.3749 0.39024 -2.0284 1.6954 1.1588 -1.0147 1.1902 2.2051 -3.047 1.4475 -1.5368 -1.4682 1.7422 -1.8359 -0.21103 1.1201 -2.4764 -0.12565 0.012627 0.77946 -1.0609 -1.8454 0.48398 -0.46331 -3.5255 0.75013 0.12565 -0.012627 -0.77946 -0.77509 -1.9024 -0.95759 0.050316 -3.5005 -0.83312
2 59 168 -4.4304 1.6634 -0.92639 -3.2587 1.3187 -0.60255 -3.4736 1.279 0.3564 -2.0793 1.712 1.0892 -1.0642 1.3134 2.1794 -3.0722 1.3656 -1.5671 -1.5132 1.7821 -1.8214 -0.25932 1.1928 -2.4984 -0.13375 0.010248 0.77814 -1.1409 -1.8044 0.45138 -0.4729 -3.4552 0.73339 0.13375 -0.010248 -0.77814 -0.83151 -1.8631 -1.0008 0.040349 -3.4329 -0.83856
2 71 156 -2.3328 4.1141 -1.0609 -1.8273 2.9873 -0.79729 -2.2788 2.96 0.076078 -3.8334 2.5288 -0.18039 -3.9279 4.0353 -0.4953 -1.3901 3.04 -1.6768 -2.5911 2.5333 -2.6615 -2.9016 4.0413 -2.5777 -0.33486 -0.020804 0.7148 -0.72482 -2.0737 0.49569 0.44671 -3.2922 1.1231 0.33486 0.020804 -0.7148 0.079058 -2.0299 -1.0933 1.3354 -3.1838 -0.50925
2 84 156 -1.9886 4.2709 -1.1683 -1.4472 3.171 -0.85158 -1.9119 3.1877 0.015128 -3.0986 2.0705 0.12615 -3.7105 3.3375 -0.50487 -0.99622 3.1798 -1.7256 -1.5784 2.0919 -2.7962 -2.514 3.3086 -2.9442 -0.33937 0.028852 0.71239 -2.1415 -0.81491 0.038157 -1.581 -2.5089 0.29731 0.33937 -0.028852 -0.71239 -1.3261 -0.8767 -1.6724 -0.62044 -2.4815 -1.2511
2 85 156 -2.0056 4.2498 -1.1902 -1.4383 3.1736 -0.83941 -1.8932 3.199 0.032297 -2.9178 1.9313 0.14147 -3.7159 3.0766 -0.51357 -0.99764 3.1734 -1.7187 -1.4794 1.9358 -2.6701 -2.5494 2.9999 -2.9871 -0.33338 0.028579 0.71522 -2.1973 -0.61269 -0.01203 -1.4681 -2.2293 0.31302 0.33338 -0.028579 -0.71522 -1.3779 -0.73098 -1.7114 -0.49888 -2.2193 -1.1985
2 86 156 -2.0664 4.2083 -1.2138 -1.4857 3.1466 -0.84311 -1.9552 3.1782 0.020568 -2.8279 1.8015 0.12937 -3.7973 2.753 -0.60034 -1.0311 3.1394 -1.7153 -1.4294 1.8101 -2.5773 -2.6317 2.6817 -2.9924 -0.33967 0.019693 0.71256 -2.2228 -0.50287 -0.058882 -1.3805 -2.0511 0.32107 0.33967 -0.019693 -0.71255 -1.3944 -0.63978 -1.7239 -0.40948 -2.0387 -1.1549
2 87 156 -2.1486 4.149 -1.263 -1.5703 3.0951 -0.8748 -2.0389 3.121 -0.010436 -2.8191 1.691 0.11218 -3.8932 2.4491 -0.69347 -1.1176 3.0929 -1.7479 -1.4447 1.7175 -2.5666 -2.7329 2.4458 -2.9998 -0.34223 0.016824 0.7114 -2.227 -0.44187 -0.095869 -1.3178 -1.9417 0.32221 0.34223 -0.016824 -0.7114 -1.4008 -0.59795 -1.7305 -0.34676 -1.9289 -1.1234
2 88 156 -2.2396 4.086 -1.2893 -1.6431 3.0491 -0.88949 -2.1147 3.0651 -0.026533 -2.847 1.6119 0.11625 -3.9719 2.2274 -0.7402 -1.1882 3.0559 -1.7615 -1.4683 1.6647 -2.5707 -2.7993 2.314 -3.0001 -0.34239 0.012181 0.71142 -2.208 -0.44149 -0.14174 -1.2752 -1.9144 0.31781 0.34239 -0.012181 -0.71142 -1.4092 -0.61654 -1.7019 -0.30585 -1.909 -1.0994
2 89 156 -2.3376 4.0179 -1.318 -1.723 2.9989 -0.90507 -2.2021 2.9991 -0.046093 -2.9111 1.5341 0.094317 -4.0711 2.0462 -0.78314 -1.2615 3.0209 -1.7733 -1.5277 1.6241 -2.5776 -2.8794 2.226 -3.0114 -0.34166 0.0086915 0.71182 -2.1783 -0.47694 -0.18558 -1.2448 -1.9374 0.31101 0.34166 -0.0086915 -0.71182 -1.4218 -0.65871 -1.651 -0.28307 -1.9338 -1.0781
2 93 156 -2.6384 3.82 -1.3709 -1.9616 2.8401 -0.95948 -2.4158 2.825 -0.087209 -2.9662 1.2941 0.062121 -4.233 1.1917 -0.81106 -1.5263 2.8766 -1.8407 -1.6601 1.4126 -2.5531 -3.0923 1.6477 -3.0738 -0.3284 0.0078428 0.71805 -2.019 -0.90659 -0.1304 -1.1648 -2.421 0.34684 0.3284 -0.007843 -0.71805 -1.315 -1.0495 -1.5108 -0.21572 -2.4045 -1.0564
2 94 156 -2.6609 3.813 -1.3544 -1.9822 2.8309 -0.95185 -2.4292 2.8124 -0.075932 -2.8884 1.2542 0.097402 -4.1511 0.87874 -0.70393 -1.5542 2.8707 -1.8365 -1.6095 1.3791 -2.5003 -3.0522 1.3555 -3.044 -0.32364 0.0089302 0.72019 -1.9542 -1.0352 -0.095392 -1.1377 -2.5747 0.36748 0.32364 -0.0089302 -0.72019 -1.26 -1.1694 -1.4682 -0.18872 -2.5573 -1.0477
2 95 156 -2.6512 3.8325 -1.3254 -1.9854 2.8355 -0.93755 -2.428 2.8149 -0.05945 -2.7909 1.2355 0.14664 -3.9889 0.55297 -0.54378 -1.5614 2.8779 -1.824 -1.5296 1.3625 -2.4333 -2.9301 1.0185 -2.9791 -0.31906 0.010777 0.72221 -1.8856 -1.1516 -0.058318 -1.1041 -2.7133 0.39038 0.31906 -0.010777 -0.72221 -1.2017 -1.2809 -1.4211 -0.15332 -2.6946 -1.0298
