1 0 156 2.3663 4.1169 0.92985 1.8733 2.9854 0.66732 2.2287 2.9629 -0.24946 1.654 1.4612 -0.53783 2.2779 0.052876 -0.46717 1.5315 3.034 1.5883 0.91525 1.5211 1.6003 1.4536 0.1268 1.9794 0.25917 0.00082231 -0.74587 1.4892 -1.4953 0.06849 0.70836 -3.0285 -0.47032 -0.25917 -0.00082231 0.74587 0.99942 -1.6161 1.2161 -0.12134 -2.9968 0.91884
1 1 156 2.3261 4.1439 0.90789 1.8472 3.0054 0.64885 2.1966 2.9876 -0.27039 1.6299 1.4877 -0.58312 2.2522 0.078567 -0.65287 1.5113 3.0496 1.5722 0.89857 1.5358 1.6143 1.3462 0.14445 2.1057 0.26021 -0.0035107 -0.7455 1.5493 -1.4418 0.081511 0.70263 -2.9327 -0.47663 -0.26021 0.0035105 0.7455 1.0465 -1.5634 1.247 -0.12845 -2.8877 0.9056
1 2 156 2.2151 4.2132 0.86225 1.7692 3.0594 0.61287 2.1185 3.0432 -0.30639 1.6065 1.5452 -0.70978 2.2575 0.18226 -1.0199 1.4324 3.1023 1.536 0.81299 1.5975 1.6794 1.1292 0.26607 2.39 0.26049 -0.0068364 -0.74538 1.5923 -1.4051 0.0825 0.68482 -2.8549 -0.48801 -0.26049 0.0068364 0.74538 1.0724 -1.5288 1.2742 -0.14902 -2.7993 0.89361
1 3 156 2.0547 4.3038 0.8053 1.6558 3.1285 0.5737 2.0059 3.1177 -0.34535 1.6039 1.6404 -0.9152 2.2839 0.41276 -1.5539 1.3169 3.1666 1.4962 0.65316 1.7059 1.8039 0.77549 0.54603 2.8125 0.25989 -0.0068836 -0.74559 1.6073 -1.398 0.06901 0.66301 -2.8206 -0.51005 -0.25989 0.0068839 0.74559 1.0812 -1.5111 1.3039 -0.16755 -2.7455 0.89432
2 1 348 3.1177 3.6134 0.71794 2.1903 2.7952 0.45497 2.4253 2.7601 -0.49946 1.0083 2.665 -1.3069 0.26766 1.8565 -2.3911 1.9782 2.849 1.4139 0.38978 2.8947 1.7929 -0.70069 2.4268 2.7776 0.13765 0.014499 -0.77739 1.0786 -1.8475 -0.52892 0.34886 -3.4955 -0.58069 -0.13765 -0.014499 0.77739 0.75497 -1.8983 1.0396 -0.15065 -3.4444 0.83881
2 2 348 3.3511 3.386 0.7923 2.3822 2.6228 0.51413 2.6207 2.5858 -0.43935 1.1647 2.6451 -1.1778 0.27863 1.9737 -2.2464 2.1674 2.6772 1.4724 0.56916 2.8408 1.7682 -0.62224 2.4453 2.6637 0.14757 0.015066 -0.77556 1.1584 -1.8052 -0.4944 0.37812 -3.429 -0.5686 -0.14757 -0.015066 0.77556 0.82211 -1.8574 1.0583 -0.12464 -3.3763 0.84056
2 3 348 3.554 3.1577 0.86839 2.5528 2.4443 0.57451 2.793 2.4053 -0.37846 1.3176 2.5639 -1.0618 0.32664 2.0048 -2.1025 2.3371 2.4995 1.5325 0.73195 2.7147 1.7469 -0.53003 2.34 2.5498 0.15958 0.014306 -0.77319 1.2453 -1.7571 -0.46083 0.40308 -3.3483 -0.5589 -0.15958 -0.014306 0.77319 0.8917 -1.8078 1.0773 -0.10365 -3.2925 0.84089
2 99 336 2.3879 4.0694 1.117 1.8083 2.9963 0.80255 2.216 2.9739 -0.09226 2.0524 1.4199 -0.56875 2.5761 -0.026196 -0.67842 1.4175 3.0423 1.7039 0.97104 1.5066 2.0375 1.3541 0.065957 2.4316 0.30333 0.013191 -0.72891 1.6119 -1.5038 -0.09585 0.91588 -3.112 -0.52019 -0.30334 -0.013191 0.72891 0.9478 -1.6073 1.2836 -0.036052 -3.078 0.93709
2 100 336 2.2811 4.143 1.0674 1.7351 3.0502 0.76258 2.134 3.0311 -0.13623 1.8183 1.5322 -0.70401 2.1726 0.060079 -0.99564 1.3523 3.0935 1.6675 0.75812 1.591 1.9088 0.82154 0.09228 2.2658 0.3011 0.013217 -0.72984 1.5411 -1.5747 -0.13393 0.85505 -3.1874 -0.5576 -0.3011 -0.013217 0.72984 0.87227 -1.6745 1.2568 -0.095084 -3.1553 0.90721
2 100 348 2.4532 4.143 0.5698 1.8557 3.0502 0.38517 2.0591 3.0311 -0.57694 1.6322 1.5322 -1.0667 1.9181 0.060079 -1.4256 1.6694 3.0935 1.3499 1.1384 1.591 1.7095 1.2747 0.09228 2.0455 0.14278 0.013217 -0.77649 1.4796 -1.5747 -0.45142 0.72043 -3.1874 -0.72319 -0.14278 -0.013217 0.77649 1.1145 -1.6745 1.048 0.095614 -3.1553 0.90716
