0 20 144 -0.33193 4.7724 0.6895 -0.36381 3.55 0.36279 0.58969 3.5151 0.60151 1.7993 2.5626 0.055378 3.335 2.7005 0.071938 -1.3175 3.614 0.13083 -1.3937 2.5329 1.3533 -0.15148 2.7034 2.2507 0.49585 -0.010969 0.61442 -0.59807 -1.7648 0.99073 -0.65868 -3.5503 1.2347 -0.49585 0.010969 -0.61442 -0.20188 -2.0688 -0.66294 0.97533 -3.4325 -0.73706
0 58 12 0.25295 4.7997 0.46247 0.2549 3.5697 0.18955 1.1007 3.5876 -0.31215 1.695 2.3944 0.63207 0.96411 2.5919 1.9754 -0.58879 3.5812 0.69493 -1.8347 2.5357 0.84813 -3.0368 2.1331 1.7258 0.3632 0.01784 -0.7009 0.53934 -2.0691 -0.86817 -0.29161 -3.635 -1.1972 -0.3632 -0.017841 0.7009 0.44211 -1.9091 1.1356 0.030076 -3.6542 1.3243
0 60 0 0.25381 4.8055 0.45237 0.24616 3.5701 0.20141 1.0911 3.5763 -0.30196 1.7459 2.3517 0.55844 1.2537 2.6001 1.9985 -0.59643 3.5934 0.70821 -1.8435 2.5778 0.99469 -2.9014 2.2649 2.072 0.4123 0.018466 -0.67318 0.68194 -2.061 -0.80439 -0.021612 -3.6599 -1.2513 -0.4123 -0.018466 0.67318 0.27501 -1.9429 1.1617 -0.23917 -3.6679 1.2648
0 75 288 0.16292 4.8252 0.46437 0.064824 3.5694 0.34914 0.95025 3.5088 -0.074787 1.283 1.9246 0.14497 2.1942 1.5753 1.3388 -0.81657 3.6593 0.77623 -1.1081 2.1702 1.3814 -0.89104 1.3938 2.6958 0.714 0.033689 -0.3355 1.088 -1.9688 0.17859 1.0531 -3.686 -0.37017 -0.714 -0.033688 0.3355 -0.53612 -2.0774 0.78908 -0.94879 -3.6825 0.078807
0 76 288 0.17633 4.8277 0.43891 0.082568 3.5709 0.33137 0.95321 3.515 -0.12274 1.2333 1.9134 0.03505 2.1376 1.4198 1.1823 -0.7841 3.6562 0.78851 -0.96345 2.1322 1.3488 -0.6494 1.2925 2.6034 0.70892 0.027959 -0.34663 1.0536 -1.9807 0.16421 1.0049 -3.6978 -0.38338 -0.70892 -0.027959 0.34663 -0.54673 -2.0785 0.77452 -0.9653 -3.6826 0.065414
0 77 276 0.085024 4.8298 0.44395 0.02027 3.5723 0.32702 0.96041 3.5202 0.042772 1.1525 1.9027 0.16649 1.7844 1.248 1.4114 -0.91666 3.6537 0.61494 -1.1156 2.0986 1.0742 -0.99542 1.185 2.3106 0.76469 0.02617 -0.1951 0.97469 -1.9875 0.36657 1.0382 -3.7037 -0.1823 -0.76469 -0.02617 0.1951 -0.71199 -2.0811 0.62968 -0.98227 -3.6833 -0.15185
0 78 276 0.093351 4.8309 0.43239 0.030129 3.5728 0.31964 0.96696 3.5224 0.024376 1.0997 1.8944 0.045055 1.7234 1.0615 1.1831 -0.90354 3.6525 0.61841 -1.0441 2.0694 0.99649 -0.89431 1.0691 2.1603 0.76352 0.02486 -0.19978 0.97384 -1.9891 0.36048 1.0197 -3.7055 -0.18978 -0.76352 -0.02486 0.19978 -0.72531 -2.084 0.61554 -1.0121 -3.6836 -0.1654
0 79 276 0.099212 4.8313 0.42759 0.037724 3.5728 0.31852 0.97307 3.5226 0.018571 1.0365 1.8923 -0.064193 1.663 0.87417 0.90974 -0.89449 3.6525 0.62184 -1.0136 2.0468 0.89823 -0.89111 0.95165 1.9768 0.765 0.02249 -0.19435 0.97248 -1.993 0.36162 0.99058 -3.7081 -0.1942 -0.765 -0.02249 0.19435 -0.74758 -2.0823 0.60814 -1.0447 -3.678 -0.17682
0 80 276 0.10453 4.8313 0.43023 0.048722 3.5722 0.32381 0.98483 3.5234 0.026015 0.97982 1.9006 -0.16169 1.6224 0.71083 0.57941 -0.88435 3.6505 0.62484 -1.0137 2.0298 0.78443 -0.98113 0.84034 1.7651 0.767 0.017943 -0.18677 0.96117 -1.9974 0.37449 0.95072 -3.7071 -0.19788 -0.767 -0.017943 0.18677 -0.77188 -2.0767 0.60601 -1.0779 -3.6677 -0.18513
0 105 276 0.14229 4.8283 0.35557 0.12092 3.569 0.32434 1.1002 3.4944 0.27055 1.3197 2.3731 1.4381 0.91974 2.4471 2.9254 -0.85544 3.6731 0.38146 -1.1357 2.6799 1.6478 -0.43159 2.4757 3.0044 0.7869 -0.0089393 -0.064872 0.83811 -2.0483 0.43793 0.85919 -3.7506 -0.15596 -0.7869 0.0089388 0.064872 -0.88254 -2.0371 0.53277 -1.1186 -3.726 -0.052752
0 106 276 0.15813 4.8273 0.36768 0.13421 3.5681 0.33078 1.1131 3.4909 0.27424 1.2996 2.204 1.263 0.96687 2.0464 2.7604 -0.84169 3.6748 0.39074 -1.1504 2.515 1.499 -0.53461 2.151 2.865 0.78717 -0.012396 -0.060891 0.83562 -2.0527 0.43809 0.86275 -3.7495 -0.17122 -0.78717 0.012396 0.060891 -0.88236 -2.0367 0.51543 -1.1123 -3.7266 -0.069476
0 107 276 0.16294 4.8283 0.35813 0.13823 3.5692 0.31936 1.1172 3.4932 0.26204 1.2863 2.0794 1.0628 1.0281 1.6964 2.534 -0.83776 3.6747 0.38016 -1.18 2.3771 1.3117 -0.67333 1.8546 2.6711 0.78735 -0.013959 -0.058203 0.83117 -2.0574 0.42816 0.86415 -3.7492 -0.1945 -0.78735 0.013959 0.058203 -0.88396 -2.0385 0.49673 -1.1073 -3.7272 -0.09422
0 108 276 0.16324 4.8316 0.33215 0.13494 3.5718 0.2913 1.1135 3.495 0.22969 1.2693 1.9817 0.82487 1.114 1.3933 2.2417 -0.8407 3.678 0.35618 -1.2122 2.2703 1.0971 -0.82268 1.576 2.4177 0.78742 -0.014527 -0.057109 0.82733 -2.062 0.41251 0.86274 -3.7486 -0.22385 -0.78742 0.014527 0.057109 -0.88764 -2.0419 0.47576 -1.1049 -3.7283 -0.12415
0 109 276 0.15224 4.8352 0.30051 0.1312 3.5743 0.26206 1.1104 3.5035 0.20239 1.2532 1.9215 0.58438 1.2136 1.1342 1.9096 -0.84521 3.6746 0.32463 -1.2343 2.1804 0.85806 -0.99972 1.3225 2.1177 0.78774 -0.016188 -0.052016 0.82199 -2.0693 0.3928 0.86238 -3.7507 -0.25682 -0.78774 0.016188 0.052016 -0.88799 -2.0449 0.44731 -1.1039 -3.7299 -0.15674
0 109 288 0.2114 4.8352 0.26229 0.18282 3.5743 0.22905 1.1282 3.5035 -0.032898 1.3473 1.9215 0.31105 1.5841 1.1342 1.6155 -0.75924 3.6746 0.49326 -1.0289 2.1804 1.0959 -0.53758 1.3225 2.2793 0.75971 -0.016188 -0.21466 0.8857 -2.0693 0.21332 0.79014 -3.7507 -0.43051 -0.75971 0.016188 0.21466 -0.77558 -2.0449 0.62216 -1.1124 -3.7299 0.076206
0 110 288 0.18327 4.8377 0.24865 0.15403 3.5758 0.21307 1.0993 3.5081 -0.050189 1.2633 1.8878 0.079066 1.6156 0.9185 1.2253 -0.78808 3.673 0.47825 -1.115 2.1165 0.85104 -0.84775 1.11 1.9882 0.76312 -0.012898 -0.20244 0.86126 -2.0752 0.18688 0.77269 -3.753 -0.46734 -0.76312 0.012897 0.20244 -0.78833 -2.0503 0.59848 -1.1265 -3.7328 0.045635
0 111 288 0.16861 4.8404 0.21009 0.13401 3.5779 0.17216 1.0764 3.5068 -0.1001 1.1925 1.8787 -0.16945 1.6817 0.74339 0.75213 -0.80528 3.6786 0.44592 -1.1744 2.0935 0.58694 -1.1856 0.9572 1.6292 0.76441 -0.012548 -0.19753 0.84371 -2.0823 0.15463 0.76096 -3.7552 -0.51299 -0.76441 0.012548 0.19753 -0.79292 -2.0559 0.56497 -1.1366 -3.734 0.0021782
0 112 300 0.19386 4.8407 0.1585 0.14601 3.5778 0.12481 1.0098 3.5047 -0.33974 1.0262 1.8896 -0.58475 1.7789 0.62805 -0.11611 -0.71466 3.6806 0.58962 -1.1067 2.0948 0.61167 -1.2369 0.87476 1.5456 0.71271 -0.012753 -0.33968 0.8302 -2.0883 -0.035578 0.61938 -3.7545 -0.69163 -0.71271 0.012753 0.33968 -0.67842 -2.0574 0.69704 -1.1285 -3.7341 0.21042
1 37 96 0.20026 4.4572 1.8542 0.25425 3.2501 1.4902 1.2306 3.2643 1.3721 1.3199 1.7338 0.80807 1.9053 0.31916 0.99223 -0.72083 3.2639 1.6183 -1.0005 1.7355 1.1137 -1.4911 0.33807 1.5428 0.76873 0.016521 -0.17965 0.73025 -1.7894 0.89339 0.49022 -3.3001 -0.061215 -0.76873 -0.016521 0.17965 -0.3835 -1.8141 1.1968 -0.55214 -3.1686 0.018716
3 16 216 5.3276e-05 4.8133 -0.33859 0.040326 3.5841 -0.061493 0.99505 3.4964 -0.28097 1.1759 1.894 -0.019553 1.0897 0.90181 1.1576 -0.9124 3.7012 0.15294 -1.306 2.1161 0.1909 -0.77245 1.1597 1.2763 0.77216 0.015402 -0.1644 1.1978 -1.8653 0.66995 0.77224 -1.5516 -1.0538 -0.77216 -0.015402 0.1644 -0.3107 -2.0612 0.037529 0.11036 -3.8103 -0.081247
3 46 24 0.11521 4.8148 0.34577 0.21436 3.5592 0.41052 1.1721 3.5524 0.18695 1.3612 1.9883 -0.24487 1.6898 0.59814 0.33579 -0.74282 3.5957 0.63373 -1.118 2.0241 0.39284 -1.1856 0.62323 1.0336 0.76268 -0.024152 -0.20307 0.96408 -1.9538 0.60321 0.5359 -3.088 -0.73138 -0.76268 0.024153 0.20306 -0.57983 -2.0351 -0.17154 -0.49858 -3.7681 -0.66234
3 47 12 0.06503 4.816 0.33963 0.15257 3.5593 0.404 1.1355 3.5526 0.36966 1.4131 2.0309 -0.15589 1.6621 0.55762 0.2249 -0.8297 3.5957 0.4383 -1.1706 2.0008 0.3449 -1.206 0.91587 1.4401 0.78834 -0.037192 -0.025066 0.8968 -1.7426 1.1973 0.71922 -2.4935 -0.43235 -0.78834 0.037192 0.025065 -0.55845 -2.0046 -0.41349 -0.33148 -3.7538 -0.78738
3 47 24 0.13422 4.816 0.31869 0.23323 3.5593 0.36345 1.1875 3.5526 0.1255 1.3498 2.0309 -0.44628 1.6726 0.55762 -0.1256 -0.72044 3.5957 0.60123 -1.0733 2.0008 0.58074 -0.88022 0.91587 1.6593 0.76591 -0.037192 -0.18842 1.1261 -1.7426 0.98464 0.61361 -2.4935 -0.57244 -0.76591 0.037192 0.18842 -0.63222 -2.0046 -0.28834 -0.48795 -3.7538 -0.70126
3 48 12 0.036336 4.8211 0.27943 0.12623 3.5645 0.34631 1.1082 3.5595 0.29118 1.3993 2.1087 -0.40108 1.6697 0.60127 -0.22184 -0.85516 3.5992 0.40123 -1.2066 2.0097 0.53843 -1.0877 1.5192 1.9955 0.78898 -0.031665 0.002515 0.9567 -1.5075 1.4885 0.71384 -1.8535 -0.26425 -0.78898 0.031664 -0.002516 -0.55035 -2.0062 -0.45484 -0.31975 -3.7498 -0.85156
3 54 12 -0.018448 4.8247 0.12154 0.096877 3.5745 0.24401 1.0711 3.5847 0.10917 1.443 2.3963 -0.94821 1.7986 0.91274 -1.1729 -0.87737 3.5942 0.3775 -1.2902 2.4549 1.4731 -1.0226 3.331 2.7134 0.7886 -0.036708 0.016031 0.54769 -1.2839 1.6896 0.28885 -2.7594 0.68604 -0.7886 0.036708 -0.016031 -0.54459 -1.9212 -0.73817 -0.30926 -3.5953 -1.365
3 55 12 0.0052179 4.8231 0.12745 0.12599 3.5745 0.25912 1.1009 3.5855 0.1295 1.4674 2.385 -0.91608 1.7986 0.89794 -1.154 -0.84902 3.5933 0.3871 -1.2646 2.4119 1.4361 -0.98438 3.2129 2.7236 0.78826 -0.044847 0.011766 0.5384 -1.511 1.4957 0.23986 -3.1689 0.85285 -0.78826 0.044847 -0.011766 -0.55606 -1.8889 -0.79977 -0.33037 -3.5428 -1.4814
3 56 0 0.0040913 4.8219 0.10395 0.094963 3.5752 0.27277 1.075 3.5876 0.3543 1.6349 2.3666 -0.57545 1.9756 0.86968 -0.72008 -0.88487 3.5925 0.18921 -1.5062 2.3482 1.0462 -1.4867 3.0008 2.4431 0.76698 -0.054006 0.1798 0.2159 -1.6961 1.3689 0.029057 -3.4324 0.92008 -0.76698 0.054006 -0.1798 -0.37977 -1.8508 -0.97723 -0.020219 -3.4818 -1.6566
3 56 12 0.025615 4.8219 0.10083 0.1496 3.5752 0.24706 1.1252 3.5876 0.12304 1.4795 2.3666 -0.90278 1.7827 0.86968 -1.1151 -0.8262 3.5925 0.36905 -1.2557 2.3482 1.3365 -0.94628 3.0008 2.6988 0.7876 -0.054006 0.016404 0.4958 -1.6961 1.2941 0.21972 -3.4324 0.89393 -0.7876 0.054006 -0.016404 -0.57465 -1.8508 -0.87692 -0.3642 -3.4818 -1.6162
3 77 0 0.067758 4.8027 -0.35894 0.15552 3.5845 -0.047642 1.139 3.5948 -0.045168 1.5127 2.0288 -0.32193 1.7618 0.75475 0.51024 -0.82782 3.6037 -0.054998 -1.16 2.0342 0.25356 -1.1383 1.5593 1.7204 0.78769 -0.051779 0.019169 0.91821 -2.0285 0.71903 0.72365 -2.4967 -1.0112 -0.78769 0.051779 -0.019169 -0.60141 -2.0393 0.063526 -0.41548 -3.8317 0.12524
3 77 12 -0.0083512 4.8027 -0.36519 0.14221 3.5845 -0.078934 1.1047 3.5948 -0.28099 1.4127 2.0288 -0.6294 1.8293 0.75475 0.1328 -0.82116 3.6037 0.11832 -1.0819 2.0342 0.4892 -0.7557 1.5593 1.9195 0.77446 -0.051779 -0.14502 1.0476 -2.0285 0.51241 0.49758 -2.4967 -1.1396 -0.77446 0.051779 0.14502 -0.57506 -2.0393 0.18718 -0.38036 -3.8317 0.20888
3 77 348 0.14091 4.8027 -0.33701 0.16202 3.5845 -0.014267 1.1235 3.5948 0.19263 1.5465 2.0288 -0.00039488 1.6172 0.75475 0.86538 -0.79829 3.6037 -0.22591 -1.1874 2.0342 0.0068459 -1.4711 1.5593 1.4461 0.76649 -0.051779 0.18252 0.74865 -2.0285 0.89422 0.91808 -2.4967 -0.83869 -0.76649 0.051779 -0.18252 -0.60148 -2.0393 -0.062903 -0.43244 -3.8317 0.036116
3 79 300 0.38893 4.8064 -0.11217 0.15816 3.5825 0.094093 0.74278 3.5747 0.88499 1.6807 2.2446 0.74404 1.615 0.81816 1.3259 -0.42214 3.6197 -0.69915 -1.2661 2.2238 -0.78896 -2.3959 2.7111 0.14043 0.36827 -0.05114 0.6966 -0.73173 -1.5704 1.6433 0.66477 -1.7021 0.51046 -0.36827 0.051141 -0.6966 -0.15918 -2.0371 -0.59693 0.041318 -3.8259 -0.4935
3 82 24 -0.17714 4.8023 -0.47986 -0.014821 3.5739 -0.23538 0.80576 3.561 -0.77745 0.6636 2.424 -1.9417 1.2239 1.009 -2.1899 -0.83719 3.6163 0.30247 -1.049 2.3955 1.3671 -0.25737 3.1025 2.4856 0.7265 -0.026285 -0.30822 1.3486 -0.89013 1.5032 0.64898 -1.6697 0.035581 -0.7265 0.026285 0.30822 -0.713 -2.0245 -0.14849 -0.67953 -3.7803 -0.5568
3 83 24 -0.16261 4.8043 -0.46638 0.0033531 3.5755 -0.22576 0.82861 3.5683 -0.76079 0.71396 2.3966 -1.8934 1.2931 0.98377 -2.1082 -0.8238 3.6122 0.30512 -1.0217 2.3722 1.3501 -0.24634 3.0349 2.5065 0.7255 -0.031768 -0.31006 1.2692 -0.86592 1.5401 0.65866 -1.9573 0.24119 -0.7255 0.031769 0.31006 -0.74844 -1.9996 -0.22605 -0.74668 -3.7384 -0.70303
3 84 24 -0.13276 4.8082 -0.43159 0.036743 3.579 -0.19322 0.87314 3.5718 -0.71066 0.79038 2.3475 -1.7891 1.3695 0.92373 -1.9121 -0.80159 3.6156 0.31983 -0.98525 2.3344 1.3165 -0.22295 2.9403 2.5121 0.7279 -0.036224 -0.30389 1.2243 -0.96893 1.5121 0.68455 -2.333 0.46386 -0.7279 0.036224 0.30389 -0.77766 -1.9742 -0.30426 -0.79798 -3.6952 -0.84171
3 85 12 0.011024 4.8126 -0.4081 0.11883 3.581 -0.14713 1.0558 3.5729 -0.44624 1.2199 2.2863 -1.4394 1.7747 0.85194 -1.3275 -0.81884 3.6186 0.14737 -1.198 2.2969 1.0295 -0.71149 2.8332 2.3909 0.77703 -0.04462 -0.13314 0.85489 -1.1637 1.6433 0.58389 -2.7472 0.82472 -0.77703 0.044621 0.13314 -0.69882 -1.9399 -0.55231 -0.60609 -3.6385 -1.1499
3 86 0 0.11067 4.8137 -0.34929 0.15678 3.5829 -0.069936 1.1383 3.5716 -0.13176 1.5157 2.2143 -0.95877 1.9692 0.77442 -0.64439 -0.82425 3.6237 -0.01265 -1.3592 2.2643 0.71848 -1.1426 2.6976 2.1824 0.78662 -0.048129 0.049093 0.47843 -1.4017 1.6261 0.37729 -3.135 1.1398 -0.78662 0.048129 -0.049092 -0.56267 -1.9075 -0.78376 -0.34353 -3.5809 -1.4182
3 86 12 0.035627 4.8137 -0.36466 0.13881 3.5829 -0.101 1.086 3.5716 -0.36554 1.2832 2.2143 -1.2529 1.7922 0.77442 -1.0397 -0.80887 3.6237 0.159 -1.1801 2.2643 0.98536 -0.66393 2.6976 2.3723 0.77964 -0.048129 -0.11553 0.80607 -1.4017 1.4911 0.60602 -3.135 1.0364 -0.77964 0.048129 0.11553 -0.71333 -1.9075 -0.64965 -0.63088 -3.5809 -1.3158
3 86 324 0.29484 4.8137 -0.21753 0.16794 3.5829 0.03557 0.99836 3.5716 0.56249 1.7897 2.2143 0.11522 1.9719 0.77442 0.63613 -0.6594 3.6237 -0.49472 -1.5219 2.2643 -0.21764 -2.2072 2.6976 1.094 0.60753 -0.048129 0.50208 -0.56877 -1.4017 1.5968 -0.3647 -3.135 1.1439 -0.60753 0.048129 -0.50208 0.0054729 -1.9075 -0.96481 0.55566 -3.5809 -1.3493
3 86 336 0.24317 4.8137 -0.27408 0.17167 3.5829 -0.00012386 1.0935 3.5716 0.34263 1.7746 2.2143 -0.25941 2.061 0.77442 0.21226 -0.74785 3.6237 -0.34681 -1.5339 2.2643 0.10354 -1.9315 2.6976 1.529 0.69865 -0.048129 0.3648 -0.22435 -1.4017 1.6802 -0.11891 -3.135 1.1947 -0.69865 0.048129 -0.3648 -0.19524 -1.9075 -0.94486 0.26299 -3.5809 -1.4353
3 86 348 0.18087 4.8137 -0.31865 0.16789 3.5829 -0.035813 1.1408 3.5716 0.10779 1.6819 2.2143 -0.6227 2.0601 0.77442 -0.22089 -0.80361 3.6237 -0.18375 -1.4788 2.2643 0.42019 -1.5714 2.6976 1.8971 0.75922 -0.048129 0.21157 0.12988 -1.4017 1.6901 0.13207 -3.135 1.1933 -0.75922 0.048129 -0.21157 -0.38742 -1.9075 -0.88362 -0.041169 -3.5809 -1.4586
4 0 276 0.44785 4.7086 0.99745 0.21633 3.4878 0.75357 1.1719 3.3334 0.57939 1.3943 1.7423 0.2834 1.7693 0.93115 1.54 -0.73308 3.6708 0.93392 -1.3823 2.237 0.49612 -1.7304 0.91356 1.2067 0.77139 0.026003 -0.16667 0.68471 -1.9794 0.45405 0.44971 -3.693 -0.054883 -0.77139 -0.026004 0.16667 -0.61577 -2.0332 0.76779 -0.80523 -3.0055 -0.73872
4 1 276 0.47278 4.6913 1.0666 0.23309 3.4778 0.79407 1.1909 3.3276 0.6285 1.4261 1.7307 0.37718 1.7365 1.012 1.7057 -0.71867 3.6565 0.96614 -1.3864 2.2471 0.47983 -1.7547 0.92765 1.1877 0.77089 0.024606 -0.16917 0.68052 -1.996 0.39956 0.41674 -3.6748 -0.20288 -0.77089 -0.024606 0.16917 -0.54962 -1.969 0.9338 -0.74925 -3.1002 -0.45599
4 2 276 0.49005 4.6781 1.1208 0.24903 3.469 0.83091 1.2068 3.3185 0.66537 1.4506 1.7179 0.44764 1.6996 1.0958 1.8364 -0.70264 3.6478 1.0032 -1.3855 2.2656 0.46292 -1.7552 0.95206 1.1809 0.76984 0.023084 -0.1741 0.66138 -2.017 0.31658 0.37671 -3.6611 -0.36648 -0.76984 -0.023084 0.1741 -0.48395 -1.8994 1.0752 -0.67162 -3.2083 -0.15048
4 3 276 0.50051 4.6605 1.1881 0.25645 3.4583 0.87314 1.2131 3.306 0.7028 1.4695 1.7051 0.50278 1.6546 1.1939 1.9457 -0.69395 3.6388 1.0507 -1.3869 2.285 0.45431 -1.7416 0.9804 1.1958 0.76928 0.023639 -0.1765 0.63495 -2.0382 0.20435 0.33457 -3.6539 -0.53736 -0.76928 -0.023639 0.1765 -0.43035 -1.8374 1.1813 -0.56475 -3.3146 0.1563
4 4 276 0.48984 4.6506 1.2357 0.25414 3.449 0.91274 1.2123 3.3011 0.74733 1.4765 1.7009 0.55124 1.6071 1.2903 2.0318 -0.69789 3.6249 1.086 -1.3986 2.3024 0.43135 -1.7187 1.0192 1.2242 0.76855 0.025833 -0.17933 0.60767 -2.0559 0.054726 0.29309 -3.6498 -0.72713 -0.76855 -0.025833 0.17933 -0.39091 -1.7845 1.265 -0.43667 -3.4009 0.46753
4 5 276 0.45185 4.6449 1.2775 0.23388 3.4413 0.95061 1.1958 3.3043 0.79772 1.4718 1.7071 0.59352 1.5441 1.3926 2.1013 -0.72223 3.6063 1.1118 -1.4235 2.3155 0.39706 -1.7116 1.0787 1.2717 0.76841 0.031029 -0.17913 0.57556 -2.0601 -0.1144 0.24621 -3.637 -0.92421 -0.7684 -0.031029 0.17913 -0.36817 -1.7434 1.3289 -0.29948 -3.4536 0.76213
4 15 276 -0.084463 4.5684 1.6312 -0.031958 3.3764 1.2093 0.94714 3.4311 1.1336 1.4794 2.0735 0.397 1.55 1.0067 1.5081 -1.0113 3.3495 1.2961 -1.2751 1.7391 1.221 -0.84131 2 2.6775 0.78213 0.040467 -0.10066 0.98149 -2.0021 0.34929 0.74561 -2.5287 -1.3589 -0.78213 -0.040467 0.10066 -0.32778 -1.8498 1.0672 -0.041239 -3.1987 -0.094346
4 16 276 -0.069469 4.5568 1.6626 -0.04281 3.3645 1.2389 0.93696 3.4039 1.1623 1.5034 2.1455 0.28808 1.6495 1.0413 1.3544 -1.0224 3.3527 1.3265 -1.2898 1.7419 1.3779 -0.79266 2.1578 2.7771 0.78588 0.035894 -0.067893 0.99933 -1.8771 0.77428 0.91977 -2.5675 -0.88944 -0.78588 -0.035894 0.067893 -0.35137 -1.9266 0.87449 -0.064005 -3.2028 -0.36637
4 17 276 -0.088089 4.5489 1.6786 -0.08931 3.3575 1.2505 0.88992 3.3859 1.163 1.4774 2.2284 0.17121 1.6975 1.11 1.2097 -1.0679 3.3568 1.349 -1.3529 1.7527 1.4689 -0.81138 2.2795 2.8131 0.78794 0.039956 -0.032489 0.9432 -1.7234 1.0992 1.0524 -2.7447 -0.3827 -0.78794 -0.039955 0.032489 -0.38139 -2.0126 0.63047 -0.087659 -3.2337 -0.66323
4 20 288 0.10628 4.5894 1.5424 -0.027681 3.3953 1.1416 0.90773 3.4148 0.83826 1.2123 2.3437 -0.35706 1.8689 1.2551 0.51548 -0.96012 3.4039 1.4544 -1.2982 1.8072 1.5245 -0.45894 2.2349 2.7453 0.78181 0.057014 -0.094957 0.97867 -1.738 0.97899 1.418 -3.4865 0.94799 -0.78181 -0.057014 0.094958 -0.54934 -2.1341 -0.11966 -0.49676 -3.2796 -1.5111
4 21 288 0.060767 4.615 1.4592 -0.079276 3.4188 1.0672 0.86302 3.4296 0.78559 1.1765 2.3163 -0.36812 1.8755 1.2454 0.49346 -1.0187 3.4361 1.358 -1.396 1.8471 1.3232 -0.5895 2.1387 2.6047 0.78568 0.056341 -0.055125 0.9882 -1.7827 0.94045 1.432 -3.4994 1.2672 -0.78567 -0.05634 0.055125 -0.58285 -2.1131 -0.3227 -0.5399 -3.1828 -1.7735
4 29 336 0.096279 4.5882 1.5334 -0.042416 3.384 1.1671 0.88916 3.3915 0.85173 1.4784 2.0051 0.21961 2.0431 1.7031 1.6223 -0.97054 3.4046 1.492 -1.7091 2.1723 0.71433 -1.2158 1.554 2.038 0.71382 0.14872 -0.30305 0.95668 -1.9331 -0.15699 0.69815 -3.3549 -1.2352 -0.71382 -0.14872 0.30305 0.078942 -1.712 1.4615 -0.020939 -2.9192 0.12606
4 44 24 0.08403 4.7251 1.0611 -0.022462 3.4808 0.85243 0.77443 3.5347 0.27848 0.77029 2.3704 -0.86737 1.6376 1.9917 0.35004 -0.81656 3.4559 1.4322 -1.3232 1.9124 1.2597 -0.2331 1.6026 2.3054 0.7308 0.09007 -0.28516 1.2659 -1.7559 0.56356 1.7366 -3.4963 0.54696 -0.7308 -0.09007 0.28516 -0.41378 -2.1349 -0.07885 -0.81553 -3.0352 -1.5885
4 45 24 -0.02654 4.7307 1.0168 -0.12348 3.4831 0.82319 0.72314 3.5232 0.3242 0.96412 2.3478 -0.7844 1.6403 2.0999 0.57906 -0.96774 3.4723 1.3276 -1.4976 1.9448 1.0936 -0.52481 1.5651 2.2281 0.74831 0.10154 -0.2307 1.2197 -1.7491 0.64528 1.6094 -3.4847 0.35092 -0.74831 -0.10154 0.2307 -0.40725 -2.1628 0.0090571 -0.82606 -2.8127 -1.6198
4 46 36 0.054623 4.7114 1.067 -0.06724 3.4638 0.89264 0.72681 3.5074 0.31389 1.0309 2.3227 -0.76913 1.7443 2.2027 0.59263 -0.85835 3.4493 1.4768 -1.4505 1.9457 1.2373 -0.42588 1.4735 2.2883 0.69821 0.13529 -0.34307 1.288 -1.7028 0.48636 1.4947 -3.3913 -0.11114 -0.69821 -0.13529 0.34307 -0.31471 -2.2007 0.30916 -1.0674 -2.6112 -1.277
4 51 60 0.079007 4.6471 1.3215 -0.0231 3.4067 1.1021 0.86436 3.4704 0.6829 1.6242 2.263 -0.11316 1.9052 2.1598 1.3995 -0.90864 3.3719 1.5287 -1.7343 2.1204 0.87983 -1.1182 1.4312 2.1139 0.66045 0.16118 -0.40165 0.9251 -1.9208 -0.49948 0.56395 -3.4064 -1.4552 -0.66045 -0.16118 0.40165 0.29658 -1.7853 1.3294 0.018397 -3.0238 0.048912
4 58 72 -0.21004 4.545 1.6944 -0.13596 3.3609 1.2572 0.78359 3.533 0.9536 1.2794 2.2087 0.13556 1.7355 1.5144 1.4346 -1.0562 3.216 1.5726 -1.5122 1.7681 0.96903 -0.78092 1.5909 2.315 0.71583 0.13329 -0.30547 1.3171 -1.8246 0.16322 0.90751 -2.4521 -1.4767 -0.71583 -0.13329 0.30547 0.19276 -1.9374 0.88335 0.22997 -3.2012 -0.40209
4 59 72 -0.18188 4.5088 1.7863 -0.12097 3.326 1.3439 0.80415 3.4958 1.0564 1.2909 2.1823 0.21582 1.6835 1.4617 1.5213 -1.0468 3.1834 1.6437 -1.429 1.6629 1.1848 -0.65044 1.6517 2.5157 0.72627 0.13081 -0.28093 1.3235 -1.6825 0.59626 1.0875 -2.4504 -1.0179 -0.72627 -0.13081 0.28093 0.10945 -2.0003 0.75099 0.16858 -3.1718 -0.61827
4 60 72 -0.20618 4.48 1.8479 -0.15313 3.2966 1.4054 0.77094 3.4666 1.1146 1.2352 2.1815 0.2193 1.5724 1.4872 1.5542 -1.0779 3.1538 1.7084 -1.4112 1.5962 1.346 -0.61065 1.7408 2.6559 0.73911 0.137 -0.24176 1.2261 -1.5424 0.92305 1.1845 -2.605 -0.533 -0.73911 -0.137 0.24176 0.042314 -2.0687 0.5104 0.11974 -3.2044 -0.88781
4 66 84 0.030383 4.621 1.4496 -0.087811 3.406 1.1143 0.82748 3.4506 0.75708 1.1394 2.2034 -0.25084 1.6104 1.5025 1.0393 -1.0005 3.3897 1.4805 -1.4679 1.8626 1.1366 -0.56191 1.9376 2.3821 0.76243 0.099916 -0.17949 0.92974 -1.714 0.86744 0.97434 -3.4821 0.51725 -0.76243 -0.099916 0.17949 -0.36418 -2.1333 -0.16829 -0.58645 -2.6564 -1.8794
4 68 96 0.22813 4.5779 1.5163 0.022371 3.3706 1.2012 0.92142 3.3651 0.80246 1.3312 2.0685 -0.10297 1.7843 1.5509 1.277 -0.87188 3.404 1.6094 -1.534 2.0141 1.0632 -0.68908 1.6971 2.3135 0.7353 0.12681 -0.25837 0.98511 -1.7118 0.72731 0.79696 -3.2525 -0.19014 -0.7353 -0.12681 0.25837 -0.37353 -2.1584 0.65359 -0.8353 -2.2826 -1.0849
4 69 96 0.15142 4.5736 1.5445 -0.041171 3.3711 1.2042 0.89261 3.3535 0.89578 1.4238 2.0222 0.11204 1.7101 1.6541 1.5818 -0.97067 3.4166 1.5225 -1.6484 2.1108 0.81235 -1.0027 1.6377 2.1302 0.74558 0.12781 -0.22643 0.91344 -1.8071 0.57498 0.68221 -3.2434 -0.4902 -0.74558 -0.12781 0.22643 -0.37294 -2.029 1.0395 -0.70899 -2.3333 -0.70562
4 71 108 0.21874 4.5942 1.501 0.06375 3.381 1.1768 1.0014 3.3649 0.88028 1.5089 1.9947 0.14965 1.7891 1.8386 1.6579 -0.87007 3.4252 1.4823 -1.6373 2.209 0.70713 -1.0442 1.6164 2.0012 0.72346 0.11759 -0.29372 0.73766 -1.9794 -0.16411 0.33545 -3.3685 -1.2409 -0.72346 -0.11759 0.29372 -0.052176 -1.7658 1.4104 -0.36334 -2.9264 0.066135
5 0 264 0.11082 4.7626 0.92037 0.075612 3.523 0.6636 1.0506 3.5382 0.53505 1.5053 2.0189 0.14304 2.2131 0.78069 0.72925 -0.89848 3.5368 0.79892 -1.2176 1.9572 0.53085 -1.4386 0.53298 1.0789 0.77748 -0.0039864 -0.13785 0.55576 -2.0927 -0.18733 0.27399 -3.5126 -1.2623 -0.77748 0.0039859 0.13785 -0.43177 -1.7042 1.3112 -0.30223 -3.4933 1.1285
5 1 264 0.084185 4.7613 0.91853 0.07327 3.5213 0.66112 1.0459 3.5576 0.51967 1.483 2.0483 0.073025 2.2259 0.79833 0.58631 -0.89902 3.514 0.80929 -1.2076 1.9267 0.5773 -1.4228 0.4977 1.1153 0.77752 -0.010726 -0.13726 0.537 -2.0959 -0.22944 0.27191 -3.4652 -1.3722 -0.77752 0.010726 0.13726 -0.46384 -1.7166 1.2915 -0.31998 -3.4962 1.0399
5 5 264 0.006927 4.7717 0.82804 0.049114 3.526 0.60457 1.0072 3.6159 0.40116 1.3989 2.1436 -0.18866 2.1614 0.82036 0.024007 -0.90995 3.4653 0.81403 -1.1585 1.8523 0.74138 -1.2574 0.471 1.4195 0.76874 -0.011402 -0.18002 0.70434 -2.1114 -0.1665 0.42177 -3.2679 -1.5206 -0.76874 0.011402 0.18002 -0.45767 -1.8453 1.1128 -0.38243 -3.5483 0.52546
5 6 264 0.033788 4.772 0.82974 0.058654 3.5264 0.60352 1.008 3.6161 0.3626 1.3897 2.1451 -0.23692 2.1567 0.82407 -0.026939 -0.89141 3.4659 0.85066 -1.1403 1.8519 0.80924 -1.163 0.50267 1.5554 0.76275 -0.0099072 -0.20399 0.79608 -2.1001 0.006256 0.48033 -3.1529 -1.423 -0.76275 0.0099072 0.20399 -0.43654 -1.8856 1.0495 -0.38751 -3.5656 0.39668
5 7 264 0.043676 4.7746 0.8318 0.049853 3.5296 0.60089 0.99037 3.6142 0.32586 1.342 2.1422 -0.28925 2.1221 0.83333 -0.053017 -0.89096 3.4742 0.88224 -1.1399 1.8597 0.89597 -1.0909 0.54057 1.6929 0.75918 -0.0027404 -0.21709 0.89434 -2.0609 0.18294 0.53863 -3.0638 -1.2726 -0.75918 0.0027404 0.21709 -0.41558 -1.9213 0.9881 -0.39338 -3.5771 0.27492
5 8 264 0.051294 4.7794 0.81887 0.038152 3.5345 0.58768 0.97153 3.6114 0.28726 1.2885 2.1338 -0.33306 2.0799 0.83649 -0.07141 -0.89511 3.4867 0.89443 -1.137 1.8738 0.98893 -1.0316 0.58017 1.8214 0.75847 0.0026531 -0.21959 0.98273 -2 0.37485 0.61746 -3.0469 -1.047 -0.75847 -0.0026536 0.21959 -0.40055 -1.9511 0.91952 -0.40292 -3.5793 0.14506
5 9 264 0.065519 4.7808 0.8156 0.032539 3.536 0.58594 0.96126 3.6027 0.2691 1.2419 2.1182 -0.35239 2.0405 0.82945 -0.071264 -0.89565 3.4984 0.90908 -1.1266 1.8912 1.0891 -0.98008 0.62503 1.9567 0.75883 0.0060086 -0.21826 1.0494 -1.9212 0.5664 0.70684 -3.0846 -0.76782 -0.75883 -0.0060081 0.21826 -0.39265 -1.9738 0.8569 -0.41518 -3.5699 0.01855
5 10 264 0.088065 4.7799 0.82063 0.037595 3.5357 0.59123 0.96435 3.5913 0.26658 1.2145 2.1024 -0.35735 2.0102 0.81481 -0.063085 -0.88824 3.5092 0.92213 -1.1155 1.9104 1.1693 -0.92999 0.67978 2.0797 0.75973 0.0062585 -0.2151 1.0879 -1.8377 0.73703 0.80589 -3.1612 -0.45448 -0.75973 -0.0062585 0.2151 -0.40011 -1.9949 0.7897 -0.4317 -3.557 -0.11025
5 11 264 0.11501 4.777 0.8351 0.048321 3.5345 0.60042 0.97399 3.5802 0.27116 1.2006 2.0876 -0.35293 1.9861 0.79165 -0.06812 -0.87606 3.5178 0.93598 -1.1085 1.9272 1.2272 -0.88119 0.74013 2.1848 0.76182 0.0040908 -0.20763 1.0974 -1.7631 0.87813 0.91551 -3.258 -0.11334 -0.76182 -0.0040913 0.20763 -0.41998 -2.0178 0.69995 -0.45006 -3.5542 -0.24316
5 12 264 0.13765 4.7739 0.85197 0.060331 3.5332 0.61032 0.98852 3.571 0.2872 1.1961 2.0767 -0.33965 1.9633 0.76354 -0.085438 -0.86633 3.5245 0.93986 -1.108 1.9409 1.2601 -0.85779 0.80403 2.2713 0.76553 0.0008111 -0.19354 1.08 -1.72 0.97009 1.0241 -3.3653 0.23469 -0.76553 -0.0008111 0.19354 -0.45191 -2.0409 0.5861 -0.46895 -3.5604 -0.38421
5 13 264 0.16382 4.7715 0.86205 0.078525 3.5318 0.61817 1.012 3.5608 0.30974 1.2056 2.0691 -0.32749 1.953 0.73699 -0.11623 -0.85326 3.5319 0.93302 -1.1078 1.952 1.2617 -0.85616 0.86328 2.3243 0.76975 -0.0053277 -0.17595 1.044 -1.7024 1.0319 1.1269 -3.451 0.59999 -0.76975 0.0053277 0.17595 -0.49229 -2.0575 0.46208 -0.48864 -3.56 -0.53459
5 14 264 0.18971 4.7676 0.8775 0.098526 3.5291 0.62953 1.0392 3.5474 0.34294 1.2263 2.0626 -0.31219 1.9545 0.71383 -0.14465 -0.84027 3.5398 0.92263 -1.1131 1.9622 1.2476 -0.85679 0.91078 2.346 0.77435 -0.013056 -0.15398 0.99738 -1.6937 1.087 1.2017 -3.4824 0.98753 -0.77435 0.013056 0.15398 -0.53641 -2.0667 0.33351 -0.50914 -3.5512 -0.68939
5 15 264 0.21713 4.7652 0.88439 0.11919 3.5282 0.63142 1.067 3.5362 0.36873 1.256 2.06 -0.30505 1.9659 0.69703 -0.17941 -0.82654 3.5492 0.9007 -1.1185 1.9716 1.2084 -0.87178 0.93983 2.3274 0.77874 -0.022441 -0.12868 0.93554 -1.6909 1.1386 1.2176 -3.4633 1.312 -0.77874 0.022442 0.12868 -0.57533 -2.0674 0.20384 -0.52464 -3.5339 -0.84382
5 16 264 0.23143 4.763 0.89451 0.12732 3.5284 0.63194 1.0827 3.5245 0.39812 1.2764 2.0559 -0.29055 1.9705 0.68154 -0.20637 -0.82579 3.5612 0.8725 -1.1368 1.9817 1.1506 -0.92039 0.94255 2.2691 0.78251 -0.027461 -0.10209 0.87445 -1.6935 1.1747 1.1826 -3.4402 1.4986 -0.78251 0.027461 0.10209 -0.60922 -2.0663 0.086093 -0.53737 -3.5099 -0.99181
5 17 264 0.23606 4.7634 0.89223 0.12915 3.53 0.62541 1.0913 3.5145 0.422 1.295 2.0494 -0.27121 1.9782 0.6678 -0.22479 -0.83064 3.5743 0.83563 -1.1599 1.9913 1.0693 -0.99929 0.91481 2.1615 0.78478 -0.029342 -0.082171 0.84659 -1.6995 1.191 1.1325 -3.4474 1.5289 -0.78478 0.029342 0.082171 -0.62453 -2.0633 -0.01572 -0.55606 -3.4791 -1.13
5 18 264 0.23625 4.7648 0.88467 0.12713 3.5309 0.62118 1.0939 3.5063 0.44218 1.3133 2.0415 -0.24706 1.9912 0.65679 -0.22075 -0.83723 3.5843 0.80695 -1.1916 1.9985 0.97549 -1.1038 0.86129 2.0131 0.78652 -0.030692 -0.062835 0.81407 -1.7117 1.1972 1.0751 -3.4742 1.4737 -0.78652 0.030692 0.062835 -0.63428 -2.0576 -0.11124 -0.5798 -3.4409 -1.2664
5 19 264 0.21085 4.7616 0.90632 0.1002 3.5274 0.64466 1.07 3.494 0.48454 1.3043 2.025 -0.19073 1.9819 0.64007 -0.16947 -0.86708 3.5897 0.81154 -1.2573 2.0049 0.88091 -1.254 0.807 1.8518 0.78816 -0.02099 -0.043198 0.78671 -1.7121 1.2035 1.0314 -3.4876 1.4006 -0.78816 0.02099 0.043198 -0.64872 -2.0626 -0.18855 -0.61164 -3.4035 -1.3933
5 20 264 0.21093 4.7588 0.92002 0.09233 3.5261 0.65494 1.0642 3.4829 0.51004 1.3122 2.0061 -0.1429 1.993 0.62307 -0.10602 -0.87677 3.5981 0.80665 -1.3061 2.0229 0.75006 -1.4015 0.76233 1.6329 0.78875 -0.015228 -0.033802 0.77864 -1.709 1.2093 0.99847 -3.4962 1.3024 -0.78875 0.015228 0.033802 -0.66463 -2.0633 -0.24665 -0.64519 -3.3546 -1.5048
5 35 312 0.31083 4.766 0.84149 0.15004 3.5346 0.59348 1.0918 3.5118 0.31092 1.7623 2.0286 0.17127 2.6756 1.1766 1.0755 -0.78878 3.5865 0.88209 -1.1882 2.0174 0.66506 -1.3441 0.59286 1.2344 0.74077 0.024538 -0.27231 0.70899 -2.0755 -0.21502 0.32235 -3.5687 -1.1486 -0.74077 -0.024537 0.27231 -0.26584 -1.7371 1.393 -0.10159 -3.5322 1.3568
5 36 312 0.2173 4.7739 0.8285 0.08648 3.5396 0.57791 1.0307 3.5405 0.30245 1.6939 2.0562 0.14211 2.5716 1.2158 1.0913 -0.85548 3.5678 0.85948 -1.2289 1.9928 0.63898 -1.3919 0.55874 1.1818 0.74203 0.032823 -0.26797 0.68401 -2.067 -0.30678 0.28393 -3.5219 -1.2938 -0.74203 -0.032823 0.26797 -0.30418 -1.7528 1.3924 -0.097379 -3.5409 1.2893
5 37 312 0.15409 4.7829 0.79644 0.058641 3.5438 0.55419 1.0072 3.5672 0.29514 1.648 2.078 0.094283 2.498 1.2138 1.0474 -0.88849 3.5495 0.81926 -1.2316 1.9675 0.59962 -1.3947 0.52616 1.1228 0.74435 0.028316 -0.262 0.66987 -2.0669 -0.39897 0.27099 -3.4768 -1.4498 -0.74435 -0.028317 0.262 -0.33615 -1.7586 1.3818 -0.11508 -3.5393 1.2056
5 38 312 0.10397 4.7852 0.78801 0.046838 3.5438 0.54498 1.0001 3.5897 0.30722 1.5965 2.0909 0.049015 2.4293 1.1557 0.94868 -0.90588 3.527 0.78873 -1.2211 1.9386 0.57367 -1.3805 0.49425 1.0896 0.7518 0.017106 -0.24084 0.66866 -2.0718 -0.45063 0.28084 -3.4108 -1.5941 -0.7518 -0.017106 0.24084 -0.40594 -1.7534 1.3722 -0.15016 -3.5197 1.1164
5 41 312 -0.019885 4.7923 0.72349 0.0035517 3.5448 0.50668 0.96979 3.6324 0.34514 1.4424 2.1271 -0.078674 2.2202 0.88105 0.39038 -0.96399 3.4866 0.67354 -1.2338 1.8848 0.5 -1.3357 0.49372 1.1574 0.76627 0.0028372 -0.19057 0.85982 -2.0856 -0.4007 0.47786 -3.1396 -1.8128 -0.76627 -0.0028372 0.19057 -0.41776 -1.8265 1.1741 -0.18626 -3.5445 0.67835
5 42 312 -0.023584 4.7895 0.73322 0.0068495 3.5428 0.51253 0.97535 3.6335 0.36707 1.426 2.129 -0.082546 2.1847 0.82045 0.21721 -0.96313 3.4815 0.66332 -1.2341 1.878 0.50795 -1.3196 0.52492 1.2424 0.76726 -0.00047588 -0.18657 0.95795 -2.0923 -0.23274 0.59277 -3.0492 -1.7166 -0.76726 0.00047588 0.18657 -0.42105 -1.8537 1.1121 -0.19499 -3.5485 0.53999
5 43 312 -0.018123 4.7862 0.75841 -0.0014583 3.5425 0.52152 0.9681 3.6295 0.38099 1.3968 2.1249 -0.089327 2.1401 0.78317 0.068369 -0.97239 3.4847 0.66751 -1.2476 1.8803 0.52959 -1.3282 0.56863 1.3362 0.77027 0.00046158 -0.17373 1.0449 -2.0766 -0.015905 0.73013 -3.0024 -1.5307 -0.77027 -0.00046206 0.17373 -0.42581 -1.8841 1.0384 -0.19729 -3.5554 0.40177
5 45 324 0.12965 4.7861 0.76657 0.071859 3.5456 0.52047 1.0021 3.6133 0.20841 1.2713 2.1162 -0.38746 1.9972 0.75771 -0.45846 -0.85817 3.5071 0.83815 -1.1515 1.9002 0.81859 -1.0363 0.67168 1.7434 0.74149 0.005693 -0.27141 1.1888 -1.9854 0.22822 0.82401 -3.0785 -1.1585 -0.74149 -0.0056934 0.27141 -0.26269 -1.9369 0.94617 -0.16791 -3.5622 0.17118
5 46 324 0.10498 4.7872 0.76954 0.048057 3.5448 0.53177 0.98605 3.6027 0.24164 1.2394 2.1114 -0.37514 1.9641 0.75051 -0.40142 -0.88957 3.5162 0.82741 -1.1815 1.9089 0.8333 -1.0603 0.72387 1.8124 0.7529 0.0085392 -0.23783 1.1907 -1.9255 0.45658 1.0326 -3.1842 -0.82462 -0.7529 -0.0085387 0.23783 -0.30303 -1.9584 0.87808 -0.2018 -3.553 0.042647
5 47 324 0.077019 4.7873 0.77388 0.021761 3.5447 0.53686 0.96899 3.5962 0.27712 1.2104 2.1085 -0.3532 1.9363 0.7484 -0.3224 -0.92508 3.5225 0.80212 -1.2177 1.9155 0.82886 -1.0963 0.76979 1.8536 0.76326 0.011111 -0.20202 1.1266 -1.8704 0.65942 1.2196 -3.3073 -0.42576 -0.76326 -0.01111 0.20202 -0.34531 -1.9818 0.79859 -0.22823 -3.5412 -0.098922
5 48 324 0.053953 4.7864 0.78138 -0.0019613 3.545 0.53848 0.95437 3.5899 0.31316 1.1918 2.1039 -0.32239 1.9203 0.74752 -0.23669 -0.95789 3.5293 0.76937 -1.2503 1.9229 0.82127 -1.1422 0.80656 1.8795 0.7731 0.011895 -0.16024 1.0308 -1.8262 0.8243 1.3563 -3.4089 0.024372 -0.7731 -0.011895 0.16024 -0.38422 -2.0037 0.70423 -0.25446 -3.529 -0.24842
5 50 336 0.19346 4.7833 0.76548 0.070207 3.546 0.52799 0.98599 3.5765 0.17053 1.1529 2.0853 -0.47542 1.8843 0.728 -0.45591 -0.84392 3.5448 0.89093 -1.1117 1.9383 1.0186 -0.84038 0.82974 2.0554 0.75112 0.0075855 -0.24343 1.0546 -1.7676 0.83861 1.4647 -3.504 0.5785 -0.75112 -0.007586 0.24343 -0.33553 -2.041 0.56999 -0.38308 -3.5072 -0.47839
5 51 336 0.18384 4.784 0.76198 0.069381 3.5483 0.51344 1.0053 3.5794 0.21281 1.2148 2.0862 -0.4159 1.9558 0.73522 -0.35713 -0.86526 3.5465 0.8197 -1.1419 1.9415 0.94746 -0.91643 0.81137 1.9719 0.76139 0.00047398 -0.20923 1.0424 -1.7334 0.94358 1.4136 -3.4976 0.9147 -0.76139 -0.00047398 0.20923 -0.37345 -2.0519 0.44428 -0.40398 -3.5014 -0.6276
5 52 336 0.17277 4.7853 0.75795 0.070782 3.5501 0.50207 1.0233 3.5789 0.25858 1.2757 2.0873 -0.35785 2.0342 0.74908 -0.25033 -0.88067 3.5504 0.75126 -1.1664 1.9465 0.87156 -1.0046 0.7783 1.8649 0.77005 -0.0063405 -0.17461 0.99307 -1.702 1.0458 1.3206 -3.4678 1.2058 -0.77005 0.0063405 0.17461 -0.41837 -2.0601 0.31688 -0.41977 -3.4964 -0.7731
5 53 336 0.16154 4.7854 0.75783 0.071589 3.551 0.49389 1.0368 3.5785 0.3069 1.3298 2.0905 -0.30017 2.1084 0.76987 -0.13434 -0.89289 3.5526 0.68663 -1.197 1.9511 0.79362 -1.1035 0.73708 1.7397 0.77732 -0.01263 -0.13827 0.90166 -1.6899 1.1209 1.2065 -3.4405 1.4267 -0.77732 0.01263 0.13827 -0.46014 -2.0635 0.19712 -0.43635 -3.4819 -0.91574
5 54 336 0.16021 4.7836 0.76441 0.075505 3.5505 0.49369 1.0486 3.5762 0.35299 1.3837 2.0923 -0.24253 2.1773 0.78965 -0.017112 -0.89706 3.5539 0.64021 -1.2211 1.9546 0.71763 -1.2112 0.69173 1.6023 0.78306 -0.020069 -0.099586 0.82103 -1.6892 1.1759 1.099 -3.4322 1.544 -0.78306 0.02007 0.099586 -0.5093 -2.063 0.093591 -0.4483 -3.4597 -1.045
5 55 336 0.16772 4.7833 0.7625 0.084621 3.551 0.48771 1.0635 3.568 0.39325 1.4365 2.088 -0.18928 2.2366 0.79912 0.086933 -0.89372 3.5633 0.58796 -1.2355 1.9661 0.61484 -1.3328 0.65538 1.4212 0.787 -0.028985 -0.057286 0.73583 -1.6985 1.2172 0.99599 -3.447 1.5726 -0.787 0.028985 0.057286 -0.54668 -2.0571 -0.01251 -0.44864 -3.4271 -1.1806
5 56 336 0.17159 4.7838 0.76014 0.087964 3.551 0.48728 1.0706 3.5544 0.4452 1.4794 2.0781 -0.12223 2.2756 0.79468 0.18864 -0.89408 3.5769 0.53506 -1.2476 1.9823 0.50159 -1.4567 0.63545 1.2226 0.78878 -0.035812 -0.0066425 0.64113 -1.7204 1.2402 0.91301 -3.48 1.5245 -0.78878 0.035812 0.0066423 -0.57935 -2.0518 -0.10441 -0.45328 -3.3887 -1.3076
5 73 48 0.3535 4.7603 0.79413 0.13124 3.543 0.53781 1.0981 3.4942 0.36412 1.8086 2.0275 0.47627 2.6535 1.2165 1.4793 -0.83266 3.6208 0.71728 -1.2608 2.0514 0.56783 -1.4814 0.63155 1.1274 0.75601 0.021533 -0.2269 0.6745 -2.0729 -0.081637 0.28541 -3.6441 -0.8758 -0.75601 -0.021533 0.2269 -0.35656 -1.7431 1.3632 -0.040719 -3.4922 1.0607
5 74 48 0.26971 4.7652 0.80432 0.078413 3.5437 0.54219 1.0489 3.5145 0.38484 1.7513 2.044 0.49773 2.514 1.2733 1.5942 -0.88975 3.6021 0.70534 -1.2903 2.0279 0.53069 -1.5254 0.59054 1.0369 0.75669 0.029886 -0.22367 0.64539 -2.067 -0.15193 0.24424 -3.6221 -0.97134 -0.75669 -0.029886 0.22367 -0.38797 -1.7504 1.3718 -0.060208 -3.4861 1.01
5 75 48 0.21216 4.77 0.8082 0.055396 3.5459 0.53634 1.0293 3.5405 0.39941 1.7146 2.0603 0.49096 2.401 1.2958 1.6408 -0.9171 3.5804 0.67923 -1.2901 2.0017 0.48595 -1.5293 0.55247 0.95507 0.75961 0.02582 -0.21408 0.62799 -2.071 -0.19337 0.21977 -3.5935 -1.0688 -0.75961 -0.02582 0.21408 -0.4286 -1.7483 1.3707 -0.087756 -3.4641 0.93367
5 76 48 0.13662 4.7764 0.79871 0.013269 3.5495 0.52098 0.99004 3.563 0.40651 1.6589 2.0729 0.43859 2.2656 1.2801 1.6138 -0.96275 3.5652 0.64144 -1.3069 1.9815 0.43674 -1.5397 0.52578 0.88895 0.76526 0.026851 -0.19275 0.61016 -2.068 -0.23764 0.20376 -3.555 -1.1727 -0.76526 -0.026851 0.19275 -0.46945 -1.7507 1.3569 -0.11986 -3.451 0.8695
5 82 60 0.027725 4.7864 0.7516 0.0016549 3.5442 0.51208 0.96429 3.6275 0.32832 1.4313 2.1401 -0.15973 2.0999 0.81067 0.24451 -0.96196 3.4902 0.70153 -1.1844 1.8723 0.65997 -1.1219 0.52675 1.4104 0.75984 0.0069556 -0.2147 0.92894 -2.0775 -0.013284 0.34057 -3.0434 -1.4175 -0.75984 -0.0069551 0.2147 -0.34058 -1.9247 0.96367 -0.12804 -3.5461 0.20425
5 83 60 -0.0085198 4.7847 0.77285 -0.029671 3.5437 0.52525 0.93567 3.6232 0.35451 1.3714 2.1383 -0.16881 2.0533 0.77866 0.084218 -0.99592 3.4933 0.70186 -1.2114 1.874 0.69428 -1.1311 0.56745 1.5092 0.76658 0.01264 -0.18892 0.99606 -2.0356 0.21882 0.5211 -3.0104 -1.2217 -0.76658 -0.01264 0.18892 -0.35823 -1.9443 0.90742 -0.15586 -3.5435 0.099727
5 91 72 0.031605 4.779 0.82097 -0.050316 3.5416 0.56449 0.9063 3.5672 0.33735 1.2176 2.0947 -0.29795 1.9264 0.73653 -0.12255 -1.0058 3.5452 0.79772 -1.2195 1.9435 1.0377 -0.99738 0.81712 2.0671 0.77755 0.020752 -0.13598 0.92969 -1.6756 1.0943 1.094 -3.4701 1.1555 -0.77755 -0.020752 0.13598 -0.43662 -2.0908 0.25061 -0.40536 -3.5264 -0.83973
5 92 72 0.038493 4.7794 0.82097 -0.038081 3.5418 0.56338 0.92465 3.5642 0.36336 1.2584 2.0875 -0.25047 1.9716 0.74017 -0.018884 -0.99975 3.5486 0.76954 -1.2304 1.9444 0.9746 -1.0496 0.79224 1.9834 0.78074 0.014583 -0.11719 0.88233 -1.6621 1.1448 1.0293 -3.4468 1.3553 -0.78074 -0.014583 0.11719 -0.46821 -2.0921 0.13695 -0.41727 -3.5146 -0.96978
5 93 72 0.045689 4.7793 0.82104 -0.031035 3.5422 0.56097 0.93708 3.5562 0.38801 1.2927 2.0751 -0.20233 2.009 0.74048 0.086716 -0.99801 3.5574 0.74012 -1.242 1.9501 0.90156 -1.1142 0.75278 1.8647 0.78377 0.010021 -0.095439 0.8257 -1.6616 1.1767 0.95201 -3.4381 1.4575 -0.78377 -0.01002 0.095439 -0.49411 -2.0902 0.036766 -0.42879 -3.4906 -1.097
5 93 84 0.21539 4.7793 0.7936 0.086276 3.5422 0.55517 0.99728 3.5562 0.18471 1.2224 2.0751 -0.46668 1.9831 0.74048 -0.33287 -0.82232 3.5574 0.93144 -1.0274 1.9501 1.1401 -0.70215 0.75278 2.0556 0.7468 0.010021 -0.25631 1.0523 -1.6616 0.97929 1.2342 -3.4381 1.2277 -0.7468 -0.01002 0.25631 -0.47567 -2.0902 0.13869 -0.64751 -3.4906 -0.98389
5 94 84 0.23157 4.7799 0.78721 0.10383 3.5424 0.54999 1.0253 3.548 0.20623 1.2712 2.063 -0.42872 2.0411 0.7402 -0.24189 -0.8152 3.5659 0.89955 -1.0432 1.9563 1.061 -0.80989 0.69749 1.9205 0.75368 0.002315 -0.2355 1.003 -1.6763 1.0032 1.1563 -3.4564 1.246 -0.75368 -0.0023146 0.2355 -0.51945 -2.0828 0.059528 -0.67897 -3.4534 -1.101
5 95 84 0.24037 4.7796 0.78621 0.11257 3.5413 0.55285 1.0451 3.5382 0.24014 1.3086 2.048 -0.3751 2.0788 0.73251 -0.14291 -0.81742 3.5735 0.87134 -1.0735 1.9638 0.98095 -0.94513 0.64064 1.7622 0.76128 -0.0017333 -0.20962 0.94557 -1.6933 1.0228 1.0886 -3.477 1.2437 -0.76128 0.0017333 0.20962 -0.56068 -2.0789 -0.0027123 -0.71607 -3.4116 -1.2071
5 96 84 0.24614 4.778 0.79237 0.11272 3.5392 0.56471 1.0529 3.5195 0.27659 1.3342 2.025 -0.32013 2.0957 0.71042 -0.056246 -0.82463 3.5881 0.85855 -1.1079 1.98 0.90761 -1.0965 0.5975 1.5905 0.76748 -7.6294e-06 -0.18567 0.90597 -1.6983 1.0436 1.0436 -3.4896 1.1959 -0.76748 8.1062e-06 0.18567 -0.58581 -2.0797 -0.051594 -0.75774 -3.3626 -1.3067
5 97 84 0.26105 4.7792 0.78153 0.1222 3.5405 0.55646 1.0699 3.5055 0.29571 1.3662 2.004 -0.2757 2.1136 0.68537 0.007435 -0.82244 3.6045 0.82275 -1.1409 2.0024 0.80555 -1.2359 0.57838 1.3894 0.77181 -0.0013762 -0.16675 0.89211 -1.7103 1.0496 1.0105 -3.5091 1.0829 -0.77181 0.0013757 0.16675 -0.61349 -2.0779 -0.089872 -0.79113 -3.3135 -1.3908
5 107 96 0.23624 4.768 0.86144 0.11603 3.5359 0.5945 1.0923 3.4683 0.49564 1.5832 1.9136 0.39268 2.2234 0.76179 1.1934 -0.85706 3.6322 0.70022 -1.247 2.0549 0.53006 -1.4351 0.71074 1.2618 0.78303 0.001133 -0.1018 0.74064 -2.0185 0.47575 0.61914 -3.5956 -0.38964 -0.78303 -0.001133 0.1018 -0.64757 -1.8357 1.1168 -0.61671 -3.4155 0.24836
5 108 96 0.20138 4.7678 0.87354 0.095586 3.5346 0.60509 1.0735 3.4756 0.51758 1.5731 1.9216 0.45278 2.1716 0.83004 1.3627 -0.87947 3.6225 0.69946 -1.2516 2.0417 0.52236 -1.4449 0.69188 1.2423 0.7839 0.0039892 -0.094796 0.72578 -2.045 0.36615 0.59115 -3.6027 -0.5318 -0.7839 -0.0039887 0.094796 -0.63797 -1.7948 1.1838 -0.57109 -3.499 0.59874
5 109 96 0.16432 4.7702 0.86925 0.070845 3.5358 0.6015 1.0492 3.4859 0.51408 1.5549 1.9329 0.4768 2.1169 0.89143 1.4653 -0.90499 3.6147 0.69574 -1.2627 2.0315 0.5105 -1.4596 0.6703 1.2076 0.78363 0.0089307 -0.09666 0.71002 -2.0663 0.22346 0.55558 -3.6132 -0.68987 -0.78363 -0.0089302 0.09666 -0.61304 -1.7603 1.2447 -0.55508 -3.536 0.93782
5 109 108 0.34146 4.7702 0.81609 0.19436 3.5358 0.57362 1.1332 3.4859 0.2847 1.6201 1.9329 0.1431 2.3753 0.89143 0.99319 -0.74056 3.6147 0.86869 -1.129 2.0315 0.76187 -1.1767 0.6703 1.4847 0.74641 0.0089307 -0.25747 0.74096 -2.0663 0.070959 0.40001 -3.6132 -0.79031 -0.74641 -0.0089302 0.25747 -0.34086 -1.7603 1.3449 -0.34796 -3.536 1.0327
6 13 84 0.16484 4.7522 0.92615 0.13423 3.5052 0.71668 1.112 3.4314 0.79355 1.6084 1.8836 0.62978 2.2234 0.64458 1.3111 -0.84134 3.6081 0.64576 -1.2013 2.0385 0.37099 -1.6415 0.69233 0.98072 0.78932 -0.018235 -0.012021 0.6041 -2.0776 0.36102 0.48571 -3.7282 -0.3547 -0.78932 0.018235 0.01202 -0.68375 -1.8544 0.95884 -0.58853 -3.5425 0.33266
6 14 96 0.3141 4.7529 0.8858 0.2619 3.5058 0.68302 1.2372 3.4422 0.57309 1.6813 1.8879 0.33745 2.3681 0.66517 0.97857 -0.71043 3.5985 0.79857 -1.1096 2.029 0.58365 -1.4276 0.66799 1.2349 0.77029 -0.015932 -0.17291 0.6412 -2.0872 0.15522 0.36167 -3.7375 -0.51485 -0.77029 0.015931 0.17291 -0.45442 -1.8212 1.1422 -0.45332 -3.5552 0.64823
6 15 96 0.28357 4.751 0.90589 0.24509 3.5045 0.69873 1.2213 3.4452 0.59422 1.6593 1.8869 0.37418 2.2785 0.68861 1.1214 -0.72825 3.5929 0.80905 -1.1222 2.0247 0.57585 -1.4528 0.64498 1.1797 0.77076 -0.012546 -0.17109 0.61814 -2.0938 0.072387 0.32217 -3.7431 -0.59332 -0.77076 0.012546 0.17109 -0.43757 -1.7924 1.1936 -0.40112 -3.5644 0.86265
6 16 96 0.25834 4.7504 0.92166 0.22556 3.5048 0.70828 1.2027 3.4508 0.60986 1.6334 1.8898 0.39426 2.1824 0.72307 1.2398 -0.74889 3.5879 0.81268 -1.1403 2.0219 0.5612 -1.4801 0.6247 1.118 0.77065 -0.0084033 -0.17183 0.59688 -2.0975 -0.030881 0.28269 -3.746 -0.69006 -0.77065 0.0084028 0.17183 -0.42532 -1.7693 1.2371 -0.35191 -3.5644 1.0843
6 17 96 0.23309 4.7511 0.93216 0.20237 3.5068 0.71003 1.1797 3.4576 0.61165 1.602 1.8951 0.38969 2.0882 0.7615 1.315 -0.77247 3.585 0.81456 -1.1634 2.0211 0.54993 -1.5127 0.61016 1.0646 0.7703 -0.003233 -0.17357 0.56899 -2.0943 -0.14034 0.24205 -3.742 -0.79557 -0.7703 0.0032325 0.17357 -0.42066 -1.749 1.2789 -0.30255 -3.5481 1.2927
6 18 96 0.21186 4.752 0.93567 0.18483 3.5085 0.7094 1.1615 3.4624 0.6027 1.5746 1.8979 0.37833 2.0111 0.79036 1.3584 -0.78932 3.5837 0.82238 -1.179 2.0216 0.54508 -1.5305 0.60032 1.0289 0.76848 0.001627 -0.18147 0.54667 -2.087 -0.23238 0.20075 -3.7229 -0.90718 -0.76848 -0.001627 0.18147 -0.41459 -1.7455 1.2985 -0.25207 -3.5332 1.4675
6 19 96 0.18265 4.7547 0.93244 0.15881 3.5113 0.70384 1.1347 3.4737 0.58769 1.5398 1.9086 0.35287 1.9449 0.82105 1.3682 -0.81481 3.5779 0.82629 -1.2034 2.0173 0.53911 -1.5559 0.58885 1.0005 0.76635 0.0090504 -0.19006 0.51822 -2.0719 -0.33954 0.16014 -3.7021 -1.0216 -0.76635 -0.0090508 0.19006 -0.40355 -1.7493 1.31 -0.23252 -3.5269 1.5584
6 28 84 0.14394 4.7576 0.90044 0.10838 3.5072 0.71063 1.0897 3.4688 0.65733 1.4797 1.9326 0.26132 2.0888 0.56439 0.62838 -0.87106 3.5748 0.76963 -1.2244 1.9864 0.62506 -1.496 0.66087 1.3646 0.78369 -0.0058818 -0.096402 0.78364 -2.0879 -0.37847 0.65454 -3.1753 -1.8109 -0.78369 0.0058813 0.096402 -0.53769 -1.8762 0.99717 -0.44613 -3.6547 0.71478
6 29 84 0.20487 4.7545 0.90552 0.14243 3.5056 0.71297 1.1204 3.4568 0.62073 1.5041 1.9251 0.20205 2.1287 0.57495 0.6079 -0.83311 3.5835 0.81103 -1.2285 2.0003 0.73454 -1.4484 0.72083 1.5666 0.7812 -0.0091043 -0.11467 0.8369 -2.1091 -0.15029 0.69983 -3.0929 -1.655 -0.7812 0.0091043 0.11467 -0.52146 -1.9018 0.94849 -0.43095 -3.6662 0.58853
6 30 84 0.24962 4.7534 0.9038 0.16224 3.5062 0.709 1.1353 3.4472 0.57812 1.5038 1.9186 0.13509 2.143 0.59665 0.60575 -0.80777 3.5942 0.84569 -1.241 2.0192 0.86696 -1.4125 0.78456 1.7746 0.77981 -0.0099559 -0.12367 0.88235 -2.0972 0.093862 0.74279 -3.0543 -1.4277 -0.77981 0.0099554 0.12367 -0.51135 -1.9243 0.89873 -0.42089 -3.6724 0.46637
6 31 84 0.2701 4.7541 0.89476 0.15894 3.5087 0.69848 1.1261 3.4404 0.53302 1.4726 1.913 0.068547 2.1284 0.62525 0.60647 -0.80468 3.6062 0.86964 -1.2633 2.0436 0.99979 -1.413 0.85074 1.9653 0.77944 -0.005681 -0.12623 0.90605 -2.052 0.33283 0.78054 -3.0754 -1.1463 -0.77944 0.005681 0.12623 -0.50667 -1.948 0.84945 -0.41768 -3.6751 0.33963
6 32 84 0.27771 4.7532 0.8926 0.15415 3.5086 0.69866 1.1163 3.4347 0.50846 1.4402 1.907 0.029008 2.1126 0.64783 0.61214 -0.80421 3.6114 0.89443 -1.2757 2.0647 1.1267 -1.4155 0.91593 2.1457 0.77949 -0.0029469 -0.12602 0.91303 -1.9835 0.56229 0.81326 -3.1448 -0.81333 -0.77949 0.0029473 0.12602 -0.50318 -1.9675 0.80067 -0.41847 -3.6701 0.21344
6 33 84 0.27483 4.7545 0.88581 0.14551 3.5103 0.69231 1.1037 3.4351 0.48352 1.4066 1.9071 -0.0086393 2.0851 0.66481 0.60298 -0.80873 3.6145 0.90657 -1.2855 2.0846 1.2241 -1.4117 0.98225 2.2949 0.77945 -0.00053692 -0.12633 0.90928 -1.9048 0.75177 0.84081 -3.247 -0.45021 -0.77945 0.00053692 0.12633 -0.50001 -1.9873 0.74659 -0.42078 -3.6615 0.0819
6 34 84 0.26852 4.7574 0.87454 0.13953 3.5129 0.68381 1.0953 3.4388 0.46383 1.3839 1.9101 -0.034571 2.0655 0.66999 0.57806 -0.81227 3.616 0.90924 -1.2917 2.1007 1.2872 -1.391 1.0561 2.417 0.77986 -0.00090551 -0.12376 0.89853 -1.8357 0.89295 0.8707 -3.3664 -0.059475 -0.77986 0.00090551 0.12376 -0.50414 -2.0083 0.67266 -0.42587 -3.6552 -0.057073
6 35 84 0.25751 4.7612 0.86029 0.13077 3.5165 0.66994 1.085 3.4422 0.44357 1.3618 1.9133 -0.061084 2.0374 0.66353 0.53824 -0.81948 3.6197 0.90172 -1.2961 2.1161 1.3267 -1.3668 1.1298 2.5098 0.78101 -0.0016961 -0.11629 0.88279 -1.7909 0.98045 0.89898 -3.4772 0.34247 -0.78101 0.0016956 0.11629 -0.51742 -2.0333 0.56754 -0.43281 -3.6595 -0.20646
6 36 84 0.24252 4.7659 0.84296 0.12198 3.5206 0.65255 1.0768 3.4468 0.42856 1.3432 1.9195 -0.086103 2.0062 0.64584 0.47605 -0.82892 3.6234 0.88188 -1.301 2.1264 1.3345 -1.3511 1.1914 2.5596 0.78291 -0.0040016 -0.10265 0.86357 -1.7763 1.0229 0.92213 -3.5544 0.73029 -0.78291 0.0040011 0.10265 -0.54526 -2.0565 0.43747 -0.44125 -3.6675 -0.36545
6 37 84 0.23176 4.7706 0.82468 0.12138 3.5245 0.63399 1.0793 3.4527 0.42298 1.3361 1.9284 -0.10565 1.9825 0.6214 0.39592 -0.83276 3.6254 0.85034 -1.2987 2.1325 1.3226 -1.3349 1.2386 2.5785 0.78494 -0.0093427 -0.08536 0.84221 -1.7832 1.0391 0.93632 -3.583 1.0936 -0.78494 0.0093431 0.08536 -0.57027 -2.0709 0.2872 -0.44998 -3.6719 -0.53337
6 38 84 0.21929 4.7739 0.81165 0.11798 3.5273 0.62009 1.0792 3.4545 0.42484 1.3303 1.9363 -0.12334 1.9571 0.59688 0.31348 -0.8395 3.6292 0.82065 -1.3013 2.1375 1.3007 -1.3306 1.2659 2.5723 0.78683 -0.013171 -0.064971 0.82297 -1.794 1.0493 0.92981 -3.5555 1.4189 -0.78683 0.013171 0.064971 -0.59249 -2.0774 0.14223 -0.45727 -3.6709 -0.69039
6 39 84 0.20414 4.7764 0.80353 0.11326 3.5296 0.60976 1.0783 3.4556 0.43471 1.3266 1.9436 -0.13185 1.9323 0.57304 0.23191 -0.84809 3.6327 0.79015 -1.311 2.1382 1.2601 -1.344 1.267 2.5319 0.78822 -0.015753 -0.044313 0.81776 -1.8119 1.0453 0.90575 -3.5113 1.6415 -0.78822 0.015752 0.044313 -0.60361 -2.0769 0.013539 -0.4637 -3.6562 -0.845
6 40 84 0.19204 4.7791 0.79324 0.10821 3.532 0.59943 1.0771 3.4565 0.44805 1.3265 1.95 -0.13254 1.9158 0.55444 0.15513 -0.8571 3.6366 0.75623 -1.3228 2.1346 1.199 -1.3747 1.24 2.4538 0.78893 -0.016871 -0.028295 0.81377 -1.8224 1.0458 0.87832 -3.4871 1.7355 -0.78893 0.016871 0.028295 -0.60854 -2.0723 -0.10262 -0.47253 -3.6327 -0.99572
6 41 84 0.19011 4.7816 0.77795 0.10602 3.5344 0.58589 1.076 3.4533 0.44502 1.3308 1.9508 -0.14327 1.9108 0.53896 0.076033 -0.86034 3.6446 0.7321 -1.3338 2.1315 1.1261 -1.4131 1.1888 2.3438 0.78922 -0.017474 -0.0179 0.80216 -1.8304 1.0439 0.8494 -3.4986 1.7263 -0.78922 0.017474 0.0179 -0.6137 -2.0641 -0.20677 -0.48437 -3.5986 -1.1446
6 42 84 0.18735 4.7843 0.75984 0.1066 3.5362 0.57251 1.0783 3.4544 0.44439 1.3344 1.9547 -0.15059 1.9157 0.53621 0.015978 -0.86153 3.6472 0.70589 -1.3496 2.1237 1.0365 -1.4637 1.1111 2.1938 0.78935 -0.020017 -0.0054874 0.76712 -1.8255 1.0689 0.8081 -3.535 1.6405 -0.78935 0.020018 0.0054874 -0.62943 -2.0522 -0.30194 -0.50204 -3.5533 -1.2927
6 42 96 0.34124 4.7843 0.70429 0.2233 3.5362 0.53783 1.1471 3.4544 0.21048 1.2739 1.9547 -0.42473 1.8772 0.53621 -0.38267 -0.69594 3.6472 0.86958 -1.1046 2.1237 1.2945 -0.97559 1.1111 2.4502 0.77096 -0.020017 -0.16948 0.97258 -1.8255 0.886 1.1315 -3.535 1.4366 -0.77096 0.020018 0.16948 -0.67846 -2.0522 -0.16447 -0.75983 -3.5533 -1.16
6 43 96 0.32611 4.786 0.69315 0.21282 3.5365 0.53511 1.1409 3.4537 0.22013 1.2661 1.9566 -0.4216 1.8713 0.5384 -0.4099 -0.71072 3.6484 0.85434 -1.1499 2.1144 1.2045 -1.0824 1.017 2.2857 0.77407 -0.019608 -0.15468 0.93407 -1.8299 0.89968 1.0586 -3.5724 1.3459 -0.77407 0.019608 0.15468 -0.72176 -2.0412 -0.25108 -0.8177 -3.5076 -1.2957
6 44 96 0.29563 4.7843 0.70295 0.18407 3.5335 0.55288 1.1172 3.4521 0.25299 1.2393 1.955 -0.38945 1.853 0.5404 -0.3904 -0.74471 3.6442 0.857 -1.2122 2.1003 1.1147 -1.2239 0.911 2.0961 0.7757 -0.0076678 -0.14739 0.90315 -1.8257 0.89801 1.0019 -3.5876 1.2678 -0.7757 0.0076678 0.14739 -0.74904 -2.0414 -0.31627 -0.88456 -3.4546 -1.4277
6 45 96 0.29219 4.7858 0.68745 0.1763 3.5343 0.546 1.1104 3.4488 0.25029 1.2431 1.9481 -0.38145 1.8685 0.53871 -0.37389 -0.75341 3.649 0.84575 -1.2417 2.0969 0.99247 -1.3612 0.8162 1.8428 0.77476 -0.0011201 -0.15244 0.8931 -1.8202 0.89224 0.95325 -3.6079 1.1187 -0.77476 0.0011201 0.15244 -0.77577 -2.0352 -0.36478 -0.94193 -3.3934 -1.539
6 54 108 0.20535 4.7947 0.68556 0.14059 3.5427 0.51782 1.101 3.4826 0.31425 1.6541 1.9471 0.24202 2.4309 0.80013 0.91926 -0.81654 3.632 0.72589 -1.2708 2.0725 0.55224 -1.4599 0.70974 1.2486 0.75767 0.016516 -0.22172 0.70493 -2.0125 0.32119 0.41611 -3.6853 -0.28642 -0.75767 -0.016516 0.22172 -0.48797 -1.9228 1.063 -0.7121 -3.4257 0.09263
6 55 108 0.18432 4.7971 0.67472 0.12575 3.5443 0.50981 1.0881 3.4885 0.3146 1.6722 1.9629 0.32021 2.4391 0.91029 1.1458 -0.83356 3.6293 0.70946 -1.268 2.0635 0.54146 -1.4329 0.71275 1.2667 0.75765 0.019257 -0.22156 0.66046 -2.0364 0.20188 0.3415 -3.6912 -0.43901 -0.75765 -0.019257 0.22156 -0.41525 -1.8707 1.1538 -0.5616 -3.5253 0.45263
6 56 108 0.1637 4.7999 0.65885 0.11031 3.5466 0.49598 1.073 3.4933 0.30172 1.6798 1.9782 0.37337 2.4186 1.0305 1.3397 -0.84943 3.6292 0.69455 -1.2697 2.0579 0.54232 -1.4062 0.71356 1.2851 0.75599 0.022614 -0.22685 0.61506 -2.0562 0.043098 0.26186 -3.7004 -0.60706 -0.75599 -0.022614 0.22685 -0.35944 -1.8373 1.2086 -0.40671 -3.5963 0.81513
6 57 108 0.13383 4.8041 0.63501 0.085768 3.5497 0.47862 1.0475 3.5023 0.27834 1.6676 1.9958 0.39945 2.3603 1.1547 1.4905 -0.87323 3.6264 0.6831 -1.2808 2.05 0.54992 -1.3914 0.70832 1.3018 0.75346 0.027805 -0.23458 0.56213 -2.062 -0.13167 0.17896 -3.7024 -0.77442 -0.75346 -0.027806 0.23458 -0.3107 -1.8206 1.2366 -0.25091 -3.6206 1.1505
6 58 108 0.10964 4.8075 0.61243 0.068406 3.5521 0.46184 1.0283 3.5116 0.25132 1.6568 2.0113 0.40271 2.2944 1.2771 1.5994 -0.8889 3.6221 0.6764 -1.2912 2.0431 0.55926 -1.3823 0.70318 1.3169 0.74879 0.032121 -0.24855 0.50738 -2.0544 -0.2983 0.097693 -3.6913 -0.93363 -0.74879 -0.032122 0.24855 -0.26207 -1.8125 1.2523 -0.096563 -3.5995 1.4262
6 69 96 0.028099 4.786 0.67214 0.10811 3.5327 0.51509 1.062 3.6067 0.28706 1.4795 2.0668 -0.063953 2.1497 0.72072 0.27745 -0.84652 3.4881 0.74759 -1.1609 1.8854 0.71439 -1.2589 0.53668 1.4554 0.74227 -0.0086217 -0.26918 0.78544 -2.1085 -0.21342 0.30218 -3.0625 -1.6651 -0.74227 0.0086222 0.26918 -0.35827 -1.9289 0.9854 -0.26399 -3.6855 0.59026
6 70 96 0.04609 4.7875 0.69083 0.10408 3.5341 0.52362 1.05 3.6013 0.26284 1.4486 2.0713 -0.14813 2.1642 0.71819 0.038559 -0.84223 3.4963 0.78902 -1.1569 1.8936 0.82086 -1.1949 0.57423 1.6181 0.74062 -0.0038543 -0.27381 0.86876 -2.0833 -0.0021574 0.38496 -3.0782 -1.4259 -0.74062 0.0038538 0.27381 -0.35806 -1.954 0.93319 -0.27869 -3.6907 0.45532
6 71 96 0.056104 4.7915 0.69289 0.090561 3.5376 0.52198 1.0293 3.5933 0.23396 1.4099 2.0749 -0.23363 2.1529 0.72824 -0.12432 -0.84807 3.5113 0.81464 -1.153 1.9107 0.93265 -1.1408 0.6205 1.7769 0.74269 0.0014014 -0.26817 0.93544 -2.0394 0.19234 0.48484 -3.1573 -1.1487 -0.74269 -0.0014009 0.26817 -0.35269 -1.9733 0.87955 -0.29001 -3.6854 0.31764
6 72 96 0.064915 4.7935 0.69428 0.076193 3.5391 0.52383 1.01 3.5817 0.21788 1.3764 2.0743 -0.29411 2.1358 0.73506 -0.2073 -0.85694 3.5259 0.83438 -1.1528 1.9325 1.0404 -1.0879 0.68085 1.9386 0.74651 0.0065432 -0.25724 0.98186 -1.981 0.38195 0.59691 -3.2698 -0.81878 -0.74651 -0.0065432 0.25724 -0.34973 -1.9892 0.82815 -0.30404 -3.6722 0.18293
6 73 96 0.08306 4.7956 0.69041 0.069318 3.5408 0.52163 0.99815 3.5719 0.19967 1.3444 2.071 -0.34445 2.1133 0.73776 -0.25034 -0.85845 3.539 0.84815 -1.1487 1.9569 1.1331 -1.0352 0.75409 2.0913 0.74904 0.0095348 -0.2497 1.009 -1.9164 0.54874 0.72002 -3.382 -0.4609 -0.74904 -0.0095353 0.2497 -0.35014 -2.0048 0.77341 -0.31955 -3.6549 0.047376
6 74 96 0.10931 4.7981 0.67834 0.076067 3.5435 0.50937 1.0017 3.5651 0.1776 1.3179 2.0655 -0.3882 2.0986 0.74098 -0.27043 -0.84819 3.5513 0.8456 -1.1382 1.9811 1.1907 -0.97908 0.83592 2.2109 0.75031 0.007947 -0.24592 1.0088 -1.8575 0.68552 0.83912 -3.4796 -0.083194 -0.75031 -0.007947 0.24592 -0.36419 -2.024 0.69412 -0.33807 -3.6452 -0.094446
6 75 96 0.12905 4.801 0.66324 0.077299 3.547 0.49419 1.0002 3.5566 0.1543 1.2831 2.0526 -0.41719 2.0649 0.73055 -0.28069 -0.84378 3.5668 0.83853 -1.1415 2.0079 1.2256 -0.94743 0.92629 2.3074 0.75257 0.0080385 -0.23888 0.98866 -1.8176 0.77376 0.94147 -3.5552 0.29444 -0.75257 -0.008039 0.23888 -0.38961 -2.0474 0.59041 -0.35902 -3.6474 -0.24013
6 76 96 0.1473 4.8045 0.64097 0.0781 3.5512 0.4725 1.0018 3.5501 0.13452 1.2503 2.0416 -0.44093 2.0232 0.71828 -0.27002 -0.84342 3.5817 0.81489 -1.1539 2.0328 1.2309 -0.92925 1.0156 2.3678 0.75586 0.007731 -0.22828 0.96277 -1.8023 0.81831 1.0171 -3.5974 0.65841 -0.75586 -0.007731 0.22828 -0.42031 -2.0683 0.46476 -0.37639 -3.6532 -0.39359
6 77 96 0.17292 4.8079 0.61146 0.088659 3.5551 0.44613 1.0144 3.5418 0.11408 1.2339 2.0281 -0.4599 1.99 0.69991 -0.25562 -0.83458 3.5979 0.78252 -1.1591 2.0558 1.213 -0.91295 1.094 2.3928 0.75906 0.0042596 -0.21751 0.94322 -1.8033 0.83751 1.0568 -3.596 0.99369 -0.75906 -0.0042591 0.21751 -0.45422 -2.0804 0.32267 -0.38918 -3.6584 -0.54707
