2 32 216 -3.2439 3.0832 1.8229 -2.3685 2.3101 1.3512 -1.8582 2.2783 2.1914 -1.1571 0.80285 2.186 -1.4601 -0.61789 2.703 -2.8998 2.3578 0.52486 -2.6656 0.96049 -0.28835 -3.1369 -0.50534 -0.37149 0.41588 0.041699 0.66993 -1.1115 -1.07 1.5895 -0.19709 -2.5028 0.98799 -0.41587 -0.041699 -0.66993 -1.9719 -1.108 0.25534 -0.9697 -2.4642 -0.38273
2 33 216 -3.4391 2.7665 1.962 -2.5082 2.0883 1.4487 -1.9895 2.0622 2.284 -1.0275 0.74715 2.167 -1.0403 -0.75167 2.529 -3.0489 2.1283 0.62806 -2.5676 0.91968 -0.36002 -2.7008 -0.60015 -0.58368 0.41425 0.040777 0.671 -1.0642 -1.1647 1.5515 -0.17184 -2.6282 0.99225 -0.41425 -0.040776 -0.671 -1.8952 -1.2153 0.24637 -0.95365 -2.6047 -0.41231
2 34 216 -3.6051 2.4375 2.0939 -2.6301 1.8579 1.5398 -2.1096 1.827 2.3738 -0.93134 0.71782 2.1498 -0.60904 -0.77292 2.3767 -3.1734 1.9006 0.72108 -2.4987 0.91276 -0.39145 -2.2948 -0.55689 -0.81124 0.41445 0.03717 0.67108 -0.98655 -1.2951 1.4936 -0.14491 -2.8089 0.99261 -0.41445 -0.03717 -0.67108 -1.8032 -1.3441 0.21085 -0.93069 -2.7841 -0.43407
2 35 216 -3.7358 2.1116 2.2145 -2.7314 1.6199 1.6282 -2.2073 1.5767 2.4593 -0.86877 0.69891 2.1327 -0.25132 -0.70699 2.2737 -3.2789 1.673 0.81285 -2.4603 0.91684 -0.38164 -1.9738 -0.40448 -1.0102 0.41425 0.029358 0.67159 -0.8807 -1.4501 1.4123 -0.10111 -3.0161 0.97547 -0.41425 -0.029358 -0.67159 -1.6895 -1.4875 0.142 -0.89948 -2.9905 -0.46424
2 36 216 -3.8363 1.7903 2.3219 -2.8085 1.3833 1.7111 -2.2755 1.3333 2.5362 -0.8346 0.68071 2.1281 -0.026788 -0.62561 2.2646 -3.3651 1.4412 0.90226 -2.4648 0.93945 -0.36526 -1.7945 -0.1934 -1.1684 0.41473 0.019832 0.67164 -0.77864 -1.585 1.3156 -0.058859 -3.2003 0.96398 -0.41473 -0.019832 -0.67164 -1.5725 -1.6097 0.0673 -0.87797 -3.1745 -0.49847
2 37 204 -4.3201 1.4859 1.5561 -3.168 1.1619 1.1515 -2.8054 1.1094 2.0643 -1.2454 0.63814 1.9499 -0.45406 -0.62534 2.3437 -3.5573 1.2206 0.25022 -2.3779 0.95861 -0.84928 -1.4684 0.016148 -1.6631 0.26998 0.014751 0.74188 -0.91914 -1.6882 1.0585 -0.21504 -3.3432 0.93179 -0.26998 -0.014751 -0.74188 -1.4482 -1.6963 -0.29644 -0.73645 -3.3059 -0.68806
2 37 216 -3.9021 1.4859 2.4203 -2.8593 1.1619 1.785 -2.3149 1.1094 2.6024 -0.8128 0.63814 2.1662 0.043136 -0.62534 2.3868 -3.4276 1.2206 0.98436 -2.5025 0.95861 -0.33634 -1.7821 0.016148 -1.3215 0.41833 0.014751 0.66954 -0.67898 -1.6882 1.2264 -0.016608 -3.3432 0.95614 -0.41833 -0.014751 -0.66954 -1.4782 -1.6963 0.011142 -0.86342 -3.3059 -0.5199
2 38 204 -4.3651 1.2253 1.6423 -3.2033 0.97658 1.212 -2.8244 0.91986 2.1178 -1.2325 0.55896 2.0509 -0.55701 -0.71744 2.5915 -3.6092 1.0379 0.31817 -2.4541 0.97668 -0.83539 -1.6071 0.167 -1.8377 0.27838 0.015441 0.73876 -0.8127 -1.7575 1.0225 -0.17514 -3.4418 0.9356 -0.27838 -0.015441 -0.73876 -1.3664 -1.7636 -0.32112 -0.70244 -3.3988 -0.68997
2 51 216 -3.5719 1.5381 2.8531 -2.5962 1.1675 2.1442 -1.9854 1.1432 2.9148 -0.83031 0.063454 2.5043 -1.103 -1.4386 2.7215 -3.2295 1.1982 1.3923 -2.6707 0.18435 0.23966 -2.8124 -1.3456 0.36979 0.51024 0.027153 0.60201 -0.30673 -1.8441 1.0973 0.21271 -3.5605 0.91012 -0.51024 -0.027153 -0.60201 -1.2172 -1.9098 0.0062787 -0.64253 -3.5341 -0.52515
2 52 204 -4.0337 1.7059 2.025 -2.9413 1.2953 1.5442 -2.5026 1.2824 2.4245 -1.1479 0.38669 2.2475 -1.1565 -1.1502 2.3723 -3.4055 1.3159 0.67737 -2.4994 0.4526 -0.37265 -2.4369 -1.0788 -0.54168 0.37617 0.024885 0.69381 -0.50423 -1.8567 1.0083 0.045038 -3.572 0.92526 -0.37617 -0.024885 -0.69381 -1.1762 -1.9189 -0.26142 -0.49361 -3.5405 -0.65531
2 53 204 -3.9911 1.8393 1.995 -2.9039 1.4033 1.5233 -2.4687 1.3912 2.4053 -0.99741 0.70495 2.223 -0.65098 -0.79304 2.3401 -3.3645 1.4239 0.65454 -2.3715 0.73779 -0.44637 -2.092 -0.71267 -0.88875 0.3771 0.024213 0.69333 -0.4828 -1.866 1.0124 0.067291 -3.5805 0.91853 -0.3771 -0.024213 -0.69333 -1.1664 -1.9261 -0.27596 -0.47142 -3.5434 -0.66578
2 54 204 -3.9605 1.9289 1.9691 -2.8725 1.4864 1.5034 -2.4454 1.471 2.3892 -0.89028 1.007 2.2018 -0.1902 -0.36042 2.3348 -3.325 1.5108 0.63043 -2.2784 1.0239 -0.5256 -1.8267 -0.27887 -1.2158 0.38107 0.027229 0.69104 -0.45807 -1.8727 1.0079 0.080995 -3.5904 0.90946 -0.38107 -0.027229 -0.69104 -1.1518 -1.9391 -0.28454 -0.45143 -3.5536 -0.67665
2 60 204 -4.1752 1.5685 1.8402 -3.0298 1.2386 1.4225 -2.6414 1.1953 2.3251 -1.0978 1.6679 2.0743 0.36263 1.2769 2.3774 -3.4447 1.2887 0.53214 -2.3023 1.7386 -0.54549 -1.7061 1.1176 -1.8248 0.34517 0.010645 0.7101 -0.74297 -1.7535 1.0535 0.038355 -3.3666 0.85687 -0.34517 -0.010645 -0.7101 -1.3382 -1.8188 -0.31171 -0.46403 -3.3453 -0.70717
2 61 204 -4.2032 1.5293 1.814 -3.0546 1.1956 1.4087 -2.6772 1.1451 2.3156 -1.1235 1.5626 2.0315 0.3053 1.0738 2.3434 -3.4584 1.253 0.51375 -2.27 1.6294 -0.54204 -1.7239 0.8901 -1.7801 0.33985 0.0082362 0.71269 -0.83069 -1.6987 1.0741 0.039233 -3.2607 0.84121 -0.33985 -0.0082364 -0.71269 -1.4107 -1.7684 -0.30101 -0.45263 -3.239 -0.71331
2 62 204 -4.2041 1.5726 1.7839 -3.0598 1.2132 1.3875 -2.6911 1.1632 2.2979 -1.106 1.4061 1.9861 0.22877 0.70331 2.306 -3.4549 1.2707 0.48866 -2.2146 1.4354 -0.56169 -1.7816 0.49515 -1.7045 0.33196 -0.0022628 0.71645 -0.92287 -1.6419 1.1053 0.049809 -3.1332 0.82117 -0.33196 0.0022628 -0.71645 -1.481 -1.7072 -0.30207 -0.432 -3.1108 -0.72682
2 63 204 -4.1627 1.7299 1.7405 -3.0313 1.3166 1.3597 -2.676 1.2596 2.2751 -1.0751 1.18 1.9599 0.046534 0.18074 2.308 -3.4128 1.3824 0.45558 -2.1747 1.1872 -0.59215 -1.9598 -0.0037353 -1.5477 0.32726 -0.012081 0.71851 -0.99175 -1.5914 1.1429 0.090541 -2.9925 0.80122 -0.32726 0.012081 -0.71851 -1.55 -1.648 -0.31436 -0.40513 -2.9694 -0.75457
2 64 204 -4.0662 2.0029 1.6735 -2.9613 1.5079 1.3151 -2.6145 1.4472 2.2334 -1.0943 0.91296 1.9646 -0.39061 -0.39513 2.3787 -3.3338 1.579 0.40758 -2.226 0.91435 -0.59224 -2.3739 -0.47942 -1.235 0.32178 -0.018372 0.72085 -1.0548 -1.5341 1.192 0.1357 -2.8297 0.79821 -0.32178 0.018372 -0.72085 -1.6123 -1.594 -0.33499 -0.37136 -2.82 -0.79079
2 65 216 -3.4872 2.3653 2.3667 -2.5307 1.7516 1.8198 -2.0074 1.6898 2.6502 -0.81755 0.6498 2.2361 -0.67597 -0.79805 2.7474 -3.0763 1.826 1.0048 -2.4708 0.67543 0.015682 -3.1159 -0.72126 -0.088254 0.45993 -0.019672 0.64154 -0.83032 -1.469 1.4471 0.31479 -2.6744 0.7494 -0.45993 0.019672 -0.64154 -1.7011 -1.5538 -0.010757 -0.49245 -2.68 -0.73322
2 66 216 -3.2942 2.7471 2.2292 -2.4095 2.0097 1.7212 -1.8923 1.9504 2.5557 -1.1712 0.49018 2.4274 -1.7432 -0.70183 3.2209 -2.9479 2.0838 0.90148 -2.7769 0.57717 0.29346 -3.7476 -0.55439 0.68698 0.45795 -0.016834 0.64303 -0.8305 -1.4613 1.4602 0.36164 -2.5888 0.71289 -0.45795 0.016834 -0.64303 -1.7313 -1.5408 -0.037528 -0.44302 -2.5713 -0.76524
2 67 216 -3.088 3.0711 2.1006 -2.2726 2.2381 1.6298 -1.7575 2.1827 2.4658 -1.657 0.57341 2.7279 -2.7498 0.045649 3.6792 -2.8079 2.3102 0.80783 -3.1492 0.72285 0.62763 -4.3197 0.16178 1.4599 0.45889 -0.014904 0.64242 -0.79539 -1.5057 1.4289 0.43454 -2.5751 0.65774 -0.45889 0.014904 -0.64242 -1.7035 -1.5822 -0.08159 -0.36624 -2.5453 -0.81298
