0 32 192 -0.57987 4.8134 0.14059 -0.36244 3.5693 0.044617 -0.15441 3.5421 1.0055 -0.0094454 2.5543 2.2986 -0.83906 2.5464 3.5983 -0.57526 3.6258 -0.91396 -1.5351 2.817 -1.9596 -2.9302 2.8088 -2.6161 0.12147 0.0043416 0.78021 -0.43132 -1.9993 1.0867 0.23086 -3.6754 1.1428 -0.12147 -0.0043421 -0.78021 -0.6937 -2.0199 -0.93625 -0.079764 -3.6624 -1.3561
0 36 228 -0.55638 4.8163 0.13868 -0.345 3.5691 0.076842 -0.17822 3.5452 1.0458 -0.60552 2.4531 2.1832 -1.9657 2.3316 2.8993 -0.51629 3.6225 -0.8902 -0.87006 2.9059 -2.315 -1.8072 3.0162 -3.5346 0.31134 0.024031 0.72525 0.097162 -2.0449 1.0221 0.81047 -3.6691 0.69962 -0.31134 -0.024031 -0.72525 -1.0789 -1.9747 -0.58298 -0.88977 -3.673 -1.1582
0 57 276 -0.51247 4.7976 0.12931 -0.23794 3.5698 0.20568 0.067813 3.6067 1.1398 -1.001 2.4181 1.4766 -2.0648 2.5844 0.37281 -0.54802 3.5623 -0.72768 -0.37434 2.495 -1.9522 -0.86322 2.0432 -3.3431 0.62437 0.018648 0.48303 0.77078 -2.0727 0.62118 1.2151 -3.6217 -0.1876 -0.62437 -0.018648 -0.48303 -1.1911 -1.8932 0.27789 -1.3324 -3.6463 -0.11946
0 60 252 -0.50866 4.8055 0.1016 -0.26762 3.5701 0.17188 -0.049992 3.5763 1.131 -1.0706 2.3517 1.4879 -2.2881 2.6001 0.57478 -0.48924 3.5934 -0.78609 -0.37634 2.5778 -2.0606 -1.0741 2.2649 -3.3997 0.51282 0.018466 0.60014 0.55429 -2.061 0.89713 1.1968 -3.6599 0.36613 -0.51282 -0.018466 -0.60014 -1.1898 -1.9429 -0.097437 -1.129 -3.6679 -0.61829
0 62 240 -0.51661 4.8076 0.12376 -0.28193 3.5694 0.17041 -0.068163 3.5583 1.1304 -1.0081 2.2965 1.5699 -2.3553 2.5369 0.85931 -0.49974 3.61 -0.78785 -0.48851 2.6047 -2.0755 -1.3866 2.3319 -3.2989 0.46591 0.017196 0.63729 0.42085 -2.0528 0.99393 1.1144 -3.6767 0.62951 -0.46591 -0.017196 -0.63728 -1.1235 -1.9737 -0.24513 -0.93793 -3.6778 -0.80441
0 65 228 -0.49138 4.8136 0.18542 -0.27889 3.5692 0.18505 0.022565 3.5425 1.1209 -0.72642 2.2178 1.7148 -2.2452 2.3986 1.5195 -0.58415 3.6253 -0.74824 -0.81151 2.5759 -1.9794 -1.9968 2.2751 -2.9187 0.46032 0.01463 0.6414 0.33531 -2.0385 1.0693 1.0102 -3.7018 0.89933 -0.46032 -0.014631 -0.6414 -1.0464 -2.0093 -0.33812 -0.69909 -3.6802 -0.91988
0 67 216 -0.47748 4.8187 0.18483 -0.28586 3.5697 0.17296 -0.020871 3.5373 1.1196 -0.68883 2.1604 1.6912 -2.222 2.3034 1.772 -0.55461 3.6316 -0.77113 -0.82139 2.52 -1.9381 -2.0899 2.1697 -2.7418 0.38969 0.0079436 0.68671 0.17917 -2.0338 1.1355 0.84127 -3.7108 1.1487 -0.38969 -0.0079432 -0.68671 -0.94461 -2.0234 -0.47651 -0.45691 -3.6816 -0.98984
0 68 216 -0.45303 4.8207 0.23233 -0.27283 3.5704 0.18886 0.067972 3.5282 1.1105 -0.5064 2.1221 1.7119 -1.998 2.2449 2.083 -0.61713 3.642 -0.72967 -1.0156 2.4881 -1.8153 -2.3876 2.1057 -2.4061 0.41571 0.0053759 0.67131 0.20452 -2.0306 1.1449 0.85871 -3.7105 1.1774 -0.41571 -0.0053763 -0.67131 -0.93423 -2.028 -0.43837 -0.44003 -3.6816 -0.96037
0 70 204 -0.48986 4.8208 0.19033 -0.33498 3.5676 0.12642 -0.05812 3.5023 1.0679 -0.57296 2.0383 1.5783 -2.0106 2.0987 2.1325 -0.61539 3.6623 -0.81154 -1.0548 2.4037 -1.7558 -2.4388 1.926 -2.2395 0.30764 0.013771 0.72709 -0.029047 -2.0064 1.1959 0.60062 -3.6883 1.3568 -0.30764 -0.013771 -0.72709 -0.84598 -2.0375 -0.55713 -0.2226 -3.6771 -0.97444
0 71 204 -0.49658 4.8198 0.20065 -0.35274 3.5661 0.11841 -0.020797 3.4975 1.0417 -0.45639 2.0019 1.5338 -1.8062 2.0085 2.2793 -0.68803 3.6641 -0.80102 -1.2348 2.3555 -1.6118 -2.6487 1.8133 -1.9027 0.32517 0.021043 0.71925 -0.05097 -1.9861 1.2133 0.57042 -3.6744 1.3332 -0.32517 -0.021043 -0.71925 -0.85843 -2.0442 -0.52774 -0.21909 -3.6761 -0.95112
0 72 204 -0.49435 4.82 0.19909 -0.35838 3.5661 0.099703 0.026953 3.4991 1.0021 -0.34122 1.9762 1.4647 -1.6033 1.9138 2.3484 -0.74694 3.6626 -0.79868 -1.364 2.3042 -1.4642 -2.7797 1.7016 -1.5657 0.34627 0.030828 0.70898 -0.063828 -1.967 1.2137 0.53011 -3.6687 1.2611 -0.34627 -0.030828 -0.70898 -0.86673 -2.0549 -0.49311 -0.20957 -3.675 -0.93399
0 107 204 -0.29025 4.8283 0.26563 -0.26101 3.5692 0.23015 0.096005 3.4932 1.1435 -0.61332 2.0794 1.5518 -2.0923 1.6964 1.7608 -0.62043 3.6747 -0.67928 -1.6122 2.3771 -0.71692 -2.7485 1.8546 0.18505 0.29866 -0.013959 0.73083 -0.15036 -2.0574 0.92279 0.45202 -3.7492 0.76175 -0.29866 0.013959 -0.73083 -0.74558 -2.0385 -0.6872 -0.25256 -3.7272 -1.0822
1 43 12 -1.1914 4.6858 0.26214 -0.94274 3.4454 0.2538 -0.70514 3.4469 1.2082 -0.1699 2.0194 1.7954 -0.22773 1.1728 3.0828 -1.1863 3.4731 -0.69871 -1.1464 2.0378 -1.4779 -2.1454 1.3121 -2.4015 0.21961 -0.0020561 0.75846 -0.48629 -1.9713 0.95373 0.2351 -3.6086 0.73086 -0.21961 0.0020561 -0.75846 -1.007 -1.9452 -0.70823 -0.1358 -3.5193 -0.82725
1 44 12 -1.0887 4.7064 0.25912 -0.86315 3.4614 0.25367 -0.61592 3.4653 1.2056 -0.07933 2.153 2.0172 -0.061176 1.5969 3.4553 -1.115 3.4869 -0.69674 -1.1825 2.1635 -1.6521 -2.1999 1.7244 -2.7244 0.22307 -0.0079145 0.75741 -0.38296 -2.0015 1.027 0.27488 -3.6775 0.93224 -0.22307 0.0079145 -0.75741 -0.91219 -1.9752 -0.84 -0.11999 -3.5813 -1.0489
3 5 276 -0.48208 4.7907 0.25993 -0.17469 3.5776 0.11653 -0.1273 3.6237 -0.86479 1.0833 2.6592 -1.3872 2.4924 3.202 -1.075 -0.2271 3.5608 1.0985 -1.2649 2.3975 1.5867 -1.4509 1.1049 2.4066 -0.097029 0.041369 -0.78254 -0.53019 -1.9863 -0.44283 -1.0516 -3.6841 -0.13243 0.097029 -0.041369 0.78254 1.9102 -1.0361 0.41233 1.1428 -2.6676 0.42236
4 2 204 -0.91448 4.6781 0.8124 -0.71329 3.469 0.49361 -0.25988 3.3185 1.3533 0.022539 1.7179 1.518 -1.2213 1.0958 2.1839 -1.1713 3.6478 -0.35823 -0.8684 2.2656 -1.1746 -1.6655 0.95206 -1.3044 0.40347 0.023084 0.67836 -0.096707 -2.017 0.72684 0.46495 -3.6611 0.24503 -0.40347 -0.023084 -0.67836 -1.1722 -1.8994 -0.128 -0.06443 -3.2083 -0.68525
4 3 204 -0.97533 4.6605 0.84317 -0.75116 3.4583 0.51371 -0.29354 3.306 1.3709 -0.024078 1.7051 1.5529 -1.3392 1.1939 2.1749 -1.2137 3.6388 -0.33529 -0.86066 2.285 -1.1787 -1.6755 0.9804 -1.2869 0.40558 0.023639 0.67708 0.0018638 -2.0382 0.66702 0.61445 -3.6539 0.15214 -0.40558 -0.023639 -0.67708 -1.2565 -1.8374 -0.044235 -0.32317 -3.3146 -0.48881
5 14 180 -0.85286 4.7676 0.28039 -0.61578 3.5291 0.16379 -0.23243 3.5474 1.0694 0.43866 2.0626 1.1869 0.34817 0.71383 1.9287 -1.0054 3.5398 -0.73923 -1.3571 1.9622 -0.97655 -2.4227 0.91078 -0.60687 0.23408 -0.013056 0.75401 -0.97676 -1.6937 1.1055 -0.85651 -3.4824 1.2983 -0.23408 0.013056 -0.75401 -0.38775 -2.0667 -0.49861 0.63239 -3.5512 -0.57841
5 15 180 -0.85685 4.7652 0.30838 -0.6155 3.5282 0.18454 -0.25518 3.5362 1.0997 0.43466 2.06 1.2172 0.38392 0.69703 1.9364 -0.98217 3.5492 -0.72786 -1.3187 1.9716 -0.98611 -2.4058 0.93983 -0.62372 0.20937 -0.022441 0.76102 -1.0346 -1.6909 1.0494 -1.1776 -3.4633 1.3481 -0.20937 0.022442 -0.76102 -0.26286 -2.0674 -0.55087 0.78436 -3.5339 -0.60997
5 16 180 -0.86542 4.763 0.32366 -0.61517 3.5284 0.19268 -0.28277 3.5245 1.1183 0.42239 2.0559 1.2391 0.41121 0.68154 1.9381 -0.95403 3.5612 -0.73006 -1.2631 1.9817 -1.0103 -2.3528 0.94255 -0.67817 0.18333 -0.027461 0.76755 -1.0769 -1.6935 0.99245 -1.3667 -3.4402 1.3328 -0.18333 0.027461 -0.76755 -0.1493 -2.0663 -0.59689 0.93021 -3.5099 -0.6381
5 17 180 -0.86266 4.7634 0.32803 -0.60849 3.53 0.19382 -0.30561 3.5145 1.1294 0.4051 2.0494 1.2596 0.43034 0.6678 1.9439 -0.91788 3.5743 -0.73875 -1.1847 1.9913 -1.0418 -2.2541 0.91481 -0.76787 0.16375 -0.029342 0.77189 -1.096 -1.6995 0.96644 -1.4021 -3.4474 1.2861 -0.16375 0.029342 -0.7719 -0.049647 -2.0633 -0.62275 1.0656 -3.4791 -0.67113
5 111 12 -0.81673 4.778 0.2004 -0.56665 3.541 0.092736 -0.35263 3.5085 1.0522 -0.28596 1.9553 1.5539 -1.3015 0.97413 2.1734 -0.78689 3.6026 -0.86386 -0.61745 2.0172 -1.2197 -1.2644 0.62438 -1.3584 0.20474 0.018094 0.7624 0.12337 -2.0798 0.68243 1.0532 -3.5963 0.38801 -0.20474 -0.018094 -0.7624 -1.351 -1.7253 -0.33133 -1.4105 -3.5265 -0.38628
5 112 12 -0.80047 4.7817 0.17742 -0.55281 3.5435 0.07783 -0.32421 3.5214 1.0342 -0.2491 1.9675 1.5327 -1.2724 0.98809 2.142 -0.78745 3.5946 -0.87595 -0.61018 2.0081 -1.223 -1.2185 0.59882 -1.3693 0.21754 0.020667 0.75878 0.23517 -2.0783 0.66688 1.2022 -3.5671 0.35176 -0.21754 -0.020667 -0.75878 -1.368 -1.7192 -0.30497 -1.485 -3.5174 -0.36581
6 17 12 -0.90269 4.7511 0.32925 -0.68498 3.5068 0.27548 -0.48498 3.4576 1.2372 -0.2201 1.8951 1.6339 -1.0895 0.7615 2.2142 -0.89084 3.585 -0.68309 -0.66853 2.0211 -1.0996 -1.2169 0.61016 -1.3932 0.25314 -0.003233 0.74794 0.19905 -2.0943 0.55121 0.81651 -3.742 0.15756 -0.25314 0.0032325 -0.74794 -1.3159 -1.749 -0.28467 -1.3172 -3.5481 -0.16577
6 18 12 -0.9084 4.752 0.3085 -0.68619 3.5085 0.25797 -0.47799 3.4624 1.2181 -0.21166 1.8979 1.6055 -1.1408 0.79036 2.142 -0.90038 3.5837 -0.69903 -0.66533 2.0216 -1.1156 -1.1832 0.60032 -1.4146 0.2608 0.001627 0.7453 0.28825 -2.087 0.51939 0.92319 -3.7229 0.10483 -0.2608 -0.001627 -0.7453 -1.3348 -1.7455 -0.27658 -1.4858 -3.5332 -0.097292
6 19 12 -0.90824 4.7547 0.27912 -0.68338 3.5113 0.23151 -0.46586 3.4737 1.19 -0.18999 1.9086 1.5682 -1.1574 0.82105 2.0773 -0.90694 3.5779 -0.72397 -0.66195 2.0173 -1.1404 -1.1576 0.58885 -1.4428 0.26913 0.0090504 0.74229 0.39185 -2.0719 0.47989 1.0327 -3.7021 0.052483 -0.26913 -0.0090508 -0.74229 -1.345 -1.7493 -0.2644 -1.5742 -3.5269 -0.068344
6 20 12 -0.89907 4.7578 0.2623 -0.67418 3.5142 0.21648 -0.43839 3.4825 1.1708 -0.14489 1.9196 1.5446 -1.1292 0.84093 2.04 -0.91594 3.5749 -0.73495 -0.66364 2.0152 -1.15 -1.1457 0.58205 -1.4525 0.28077 0.013275 0.7379 0.5026 -2.0546 0.43936 1.1575 -3.676 8.9132e-05 -0.28077 -0.013275 -0.7379 -1.3539 -1.7524 -0.25005 -1.6078 -3.5273 -0.059705
6 23 0 -0.9264 4.7573 0.073651 -0.70618 3.5122 0.085883 -0.62128 3.5042 1.0657 -0.29245 1.9589 1.4812 -1.2425 0.79976 1.8438 -0.79749 3.5492 -0.89272 -0.48472 1.9825 -1.2338 -0.90095 0.5405 -1.5875 0.13821 0.0042269 0.77742 0.66014 -2.0137 0.51324 1.5639 -3.5451 0.21503 -0.13821 -0.0042267 -0.77742 -1.2529 -1.7627 -0.49515 -1.4259 -3.5532 -0.3732
6 24 0 -0.9295 4.7565 0.051885 -0.71443 3.5107 0.072686 -0.63317 3.5078 1.0529 -0.24946 1.9691 1.4448 -1.0762 0.74294 1.8816 -0.80203 3.5427 -0.90643 -0.52344 1.9683 -1.242 -0.95665 0.52798 -1.5817 0.12695 0.0066936 0.77932 0.73819 -1.9873 0.5249 1.7073 -3.4816 0.24435 -0.12695 -0.0066936 -0.77932 -1.2628 -1.7511 -0.49441 -1.3248 -3.5493 -0.37815
6 25 0 -0.90998 4.7588 0.076767 -0.70594 3.5109 0.089164 -0.62358 3.5027 1.0692 -0.20573 1.9681 1.4423 -0.86612 0.67105 1.9515 -0.7944 3.5483 -0.88968 -0.55761 1.9658 -1.2186 -1.042 0.53657 -1.5354 0.13049 0.003053 0.77876 0.7914 -1.978 0.54894 1.8421 -3.4201 0.28926 -0.13049 -0.003053 -0.77876 -1.2245 -1.7716 -0.4794 -1.1831 -3.5712 -0.37553
6 26 0 -0.89029 4.7595 0.13395 -0.69966 3.5091 0.13337 -0.61013 3.496 1.1127 -0.18849 1.9597 1.4743 -0.6725 0.61075 2.0433 -0.79493 3.5514 -0.84463 -0.60228 1.963 -1.1738 -1.1664 0.55705 -1.4616 0.14546 -0.0062075 0.77608 0.75678 -2.0081 0.59416 1.9235 -3.36 0.34525 -0.14546 0.006207 -0.77608 -1.1568 -1.8083 -0.46123 -1.0328 -3.6046 -0.36803
6 33 0 -0.85223 4.7545 0.36591 -0.67331 3.5103 0.21708 -0.3655 3.4351 1.1482 0.15562 1.9071 1.398 -0.38173 0.66481 2.1367 -0.98614 3.6145 -0.70954 -1.3518 2.0846 -1.1505 -2.4299 0.98225 -1.1641 0.20712 -0.00053692 0.76197 -0.6526 -1.9048 0.98288 0.53563 -3.247 0.78915 -0.20712 0.00053692 -0.76197 -0.79476 -1.9873 -0.41923 -0.12544 -3.6615 -0.40992
6 34 0 -0.84169 4.7574 0.35846 -0.66548 3.5129 0.21024 -0.3468 3.4388 1.1378 0.17904 1.9101 1.3727 -0.35899 0.66999 2.1146 -0.98916 3.616 -0.71278 -1.4151 2.1007 -1.1501 -2.5492 1.0561 -1.1307 0.2046 -0.00090551 0.76265 -0.79413 -1.8357 0.98695 0.15016 -3.3664 0.85971 -0.2046 0.00090551 -0.76265 -0.72167 -2.0083 -0.43107 0.012245 -3.6552 -0.4295
6 35 0 -0.82866 4.7612 0.34602 -0.6526 3.5165 0.20008 -0.32772 3.4422 1.1254 0.20309 1.9133 1.3479 -0.32233 0.66353 2.0825 -0.98243 3.6197 -0.72074 -1.4549 2.1161 -1.1503 -2.6389 1.1298 -1.0969 0.19729 -0.0016961 0.76457 -0.8828 -1.7909 0.98044 -0.24662 -3.4772 0.92985 -0.19729 0.0016956 -0.76457 -0.61852 -2.0333 -0.45526 0.16009 -3.6595 -0.45202
6 36 0 -0.81299 4.7659 0.32931 -0.63623 3.5206 0.18952 -0.31365 3.4468 1.1157 0.22603 1.9195 1.3268 -0.26374 0.64584 2.0449 -0.96369 3.6234 -0.7322 -1.4632 2.1264 -1.1543 -2.6868 1.1914 -1.0761 0.18392 -0.0040016 0.76789 -0.92703 -1.7763 0.96576 -0.62991 -3.5544 0.99341 -0.18392 0.0040011 -0.76789 -0.49207 -2.0565 -0.49655 0.31732 -3.6675 -0.47703
6 37 0 -0.79593 4.7706 0.3167 -0.61783 3.5245 0.18699 -0.30784 3.4527 1.1176 0.24474 1.9284 1.3177 -0.18653 0.6214 2.013 -0.93273 3.6254 -0.73931 -1.4511 2.1325 -1.1533 -2.7039 1.2386 -1.0581 0.16694 -0.0093427 0.77171 -0.94538 -1.7832 0.94621 -0.98971 -3.583 1.0455 -0.16694 0.0093431 -0.77171 -0.34523 -2.0709 -0.53713 0.48342 -3.6719 -0.50327
6 42 12 -0.66476 4.7843 0.41299 -0.51155 3.5362 0.27829 -0.089418 3.4544 1.1629 0.55557 1.9547 1.2226 0.57679 0.53621 1.8269 -0.93757 3.6472 -0.60123 -1.4028 2.1237 -0.96329 -2.5388 1.1111 -0.71414 0.24914 -0.020017 0.74902 -0.77949 -1.8255 1.0599 -1.3104 -3.535 1.2755 -0.24914 0.020018 -0.74902 0.092653 -2.0522 -0.69193 1.0743 -3.5533 -0.87693
6 61 12 -0.59899 4.8106 -0.013126 -0.44845 3.5543 -0.023995 -0.28202 3.5376 0.94522 -0.49156 2.0366 1.5548 -1.8772 1.4662 1.9188 -0.61917 3.6005 -0.99151 -0.49631 2.0158 -1.3687 -1.2093 0.65904 -1.5378 0.2233 0.047941 0.75587 0.6672 -1.9773 0.41561 1.3729 -3.586 0.0094445 -0.2233 -0.047941 -0.75587 -1.2336 -1.8265 -0.27588 -1.6554 -3.5595 -0.011918
6 62 12 -0.59926 4.8096 -0.036255 -0.4534 3.5527 -0.041103 -0.26397 3.5454 0.924 -0.42984 2.0373 1.5299 -1.8058 1.4329 1.8751 -0.64698 3.5895 -1.0047 -0.53129 2.0028 -1.376 -1.215 0.63138 -1.5475 0.24437 0.054033 0.74891 0.77049 -1.9468 0.38246 1.5148 -3.5336 -0.04035 -0.24437 -0.054033 -0.74891 -1.238 -1.836 -0.24714 -1.5653 -3.5914 0.0023106
6 63 12 -0.61243 4.806 -0.029144 -0.47149 3.5483 -0.021542 -0.26109 3.5565 0.9392 -0.35516 2.0366 1.5308 -1.6925 1.3549 1.8836 -0.68592 3.5697 -0.98119 -0.57321 1.9814 -1.3461 -1.2228 0.59372 -1.5196 0.27138 0.049093 0.73989 0.86588 -1.9296 0.35849 1.6585 -3.489 -0.078429 -0.27138 -0.049093 -0.73989 -1.2586 -1.8285 -0.21698 -1.463 -3.608 -0.010907
6 64 12 -0.61591 4.8031 -0.0092883 -0.47556 3.5458 0.019042 -0.24602 3.5712 0.97509 -0.24883 2.0375 1.5378 -1.5041 1.2294 1.9237 -0.70912 3.55 -0.93636 -0.60083 1.9589 -1.2905 -1.2143 0.5553 -1.4673 0.28215 0.031991 0.73679 0.87916 -1.9476 0.36357 1.7854 -3.4373 -0.09486 -0.28215 -0.031991 -0.73679 -1.2664 -1.8154 -0.22192 -1.3309 -3.6087 -0.046847
