0 0 48 -0.073241 4.8174 -0.48181 -0.10451 3.5725 -0.27701 -1.0821 3.5075 -0.36369 -2.2947 2.4853 -0.75531 -3.4218 2.7739 -1.7672 0.871 3.6669 -0.19439 2.0563 2.6073 -0.56975 3.0549 2.5042 -1.7402 -0.78481 -0.02094 -0.084477 -0.69952 -1.9089 -1.0023 -1.0437 -3.6681 -0.80754 0.78481 0.020939 0.084478 0.84708 -2.0782 0.14677 0.63334 -3.5909 1.1044
0 0 60 -0.17182 4.8174 -0.45606 -0.15982 3.5725 -0.24923 -1.134 3.5075 -0.13077 -2.4016 2.4853 -0.26171 -3.7145 2.7739 -1.0172 0.81155 3.6669 -0.37123 1.8929 2.6073 -0.98483 2.6264 2.5042 -2.3373 -0.78522 -0.02094 0.08054 -0.89262 -1.9089 -0.83499 -1.1888 -3.6681 -0.57289 0.78522 0.020939 -0.080539 0.85909 -2.0782 -0.032557 0.84912 -3.5909 0.94862
0 1 36 -0.092737 4.8165 -0.50454 -0.10978 3.5717 -0.29372 -1.083 3.4939 -0.41273 -2.3357 2.4791 -0.67641 -3.5394 2.7568 -1.5993 0.86117 3.6789 -0.17912 2.0157 2.606 -0.60885 2.9179 2.4735 -1.8523 -0.77337 -0.03031 -0.15648 -0.54018 -1.8944 -1.0973 -0.88342 -3.6622 -1.0071 0.77337 0.03031 0.15648 0.75808 -2.0653 0.30655 0.3749 -3.5693 1.2242
0 2 24 -0.095527 4.815 -0.53147 -0.097942 3.5708 -0.31242 -1.0669 3.4839 -0.45703 -2.3516 2.4846 -0.59701 -3.6254 2.7575 -1.4221 0.86865 3.6869 -0.17255 1.9873 2.5954 -0.64779 2.7768 2.4463 -1.9639 -0.75369 -0.034411 -0.23294 -0.35661 -1.8749 -1.1652 -0.67976 -3.6488 -1.1695 0.75369 0.034411 0.23294 0.64367 -2.0539 0.43603 0.10227 -3.5488 1.2863
0 29 60 0.051369 4.8075 -0.62761 0.10284 3.5656 -0.38383 -0.87862 3.5337 -0.43941 -2.1982 2.6006 -0.20108 -3.6056 2.7319 -0.81722 1.0832 3.6268 -0.33377 1.9249 2.6955 -1.3792 2.4772 2.5792 -2.8141 -0.75422 -0.0054746 -0.23371 -0.70087 -1.9529 -1.0206 -1.1008 -3.6661 -0.62592 0.75422 0.0054746 0.23371 1.0901 -2.0499 -0.043492 0.97137 -3.631 0.81505
0 29 72 -0.080241 4.8075 -0.62457 0.020784 3.5656 -0.39683 -0.95078 3.5337 -0.24713 -2.1919 2.6006 0.26034 -3.6967 2.7319 -0.049716 0.99013 3.6268 -0.55169 1.5961 2.6955 -1.7492 1.838 2.5792 -3.2677 -0.78633 -0.0054746 -0.071793 -0.89775 -1.9529 -0.85255 -1.2069 -3.6661 -0.38337 0.78633 0.0054746 0.071793 1.0572 -2.0499 -0.26918 1.1196 -3.631 0.59528
0 30 72 0.0094436 4.8102 -0.61403 0.070958 3.5678 -0.37508 -0.91213 3.5378 -0.37704 -2.232 2.5901 -0.20757 -3.5847 2.6818 -0.94203 1.0527 3.627 -0.37852 1.9972 2.7323 -1.3665 2.6561 2.6389 -2.7574 -0.77578 0.00050831 -0.14718 -0.84137 -1.9675 -0.87992 -1.1706 -3.6693 -0.38351 0.77578 -0.00050831 0.14718 1.0985 -2.0408 -0.23659 1.1565 -3.6431 0.58815
0 30 84 -0.11843 4.8102 -0.60257 -0.0085754 3.5678 -0.38163 -0.97059 3.5378 -0.17916 -2.2263 2.5901 0.26102 -3.7022 2.6818 -0.17615 0.95101 3.627 -0.58912 1.6695 2.7323 -1.7518 2.0248 2.6389 -3.2494 -0.78943 0.00050831 0.017334 -1.0059 -1.9675 -0.68576 -1.2248 -3.6693 -0.13174 0.78943 -0.00050831 -0.017334 1.0253 -2.0408 -0.45981 1.2535 -3.6431 0.33485
0 31 84 -0.039545 4.8131 -0.59634 0.028026 3.5695 -0.36552 -0.95347 3.5394 -0.30968 -2.2684 2.5741 -0.22089 -3.5542 2.6171 -1.0709 1.0079 3.6288 -0.42658 2.0565 2.7738 -1.342 2.7857 2.7276 -2.6999 -0.78778 0.001811 -0.053798 -0.95737 -1.9836 -0.71989 -1.1926 -3.6724 -0.13375 0.78778 -0.001811 0.053798 1.0671 -2.0296 -0.4198 1.2822 -3.6512 0.33846
0 31 96 -0.16267 4.8131 -0.57509 -0.048582 3.5695 -0.36336 -0.99702 3.5394 -0.10467 -2.2648 2.5741 0.25557 -3.6992 2.6171 -0.30853 0.89716 3.6288 -0.6268 1.7326 2.7738 -1.7403 2.1635 2.7276 -3.2201 -0.78175 0.001811 0.11117 -1.0861 -1.9836 -0.50511 -1.1943 -3.6724 0.11713 0.78175 -0.001811 -0.11117 0.95652 -2.0296 -0.6325 1.3245 -3.6512 0.06448
0 32 96 -0.079206 4.8134 -0.59139 -0.006488 3.5693 -0.36512 -0.98388 3.5421 -0.25867 -2.285 2.5543 -0.24966 -3.4909 2.5464 -1.2106 0.96909 3.6258 -0.47657 2.1093 2.817 -1.3218 2.9081 2.8088 -2.6407 -0.78863 0.0043416 0.039255 -1.0357 -1.9993 -0.54255 -1.1607 -3.6754 0.11014 0.78863 -0.0043421 -0.039255 1.0036 -2.0199 -0.59203 1.357 -3.6624 0.062422
0 32 108 -0.20043 4.8134 -0.562 -0.082258 3.5693 -0.35579 -1.0162 3.5421 -0.048455 -2.2869 2.5543 0.23087 -3.6663 2.5464 -0.45834 0.84883 3.6258 -0.66764 1.7884 2.817 -1.7315 2.2955 2.8088 -3.1877 -0.76324 0.0043416 0.20236 -1.1258 -1.9993 -0.31537 -1.1124 -3.6754 0.34905 0.76324 -0.0043421 -0.20236 0.85862 -2.0199 -0.78776 1.3403 -3.6624 -0.22108
0 33 108 -0.11594 4.8154 -0.57153 -0.040294 3.5703 -0.35174 -1.0117 3.547 -0.1997 -2.2884 2.5305 -0.27384 -3.4094 2.48 -1.3314 0.92923 3.623 -0.50862 2.1492 2.8551 -1.2772 3.018 2.8826 -2.5508 -0.77838 0.0069962 0.13256 -1.0781 -2.0149 -0.35376 -1.0819 -3.677 0.34498 0.77838 -0.0069962 -0.13256 0.91629 -2.0121 -0.74494 1.3721 -3.6724 -0.20975
0 34 120 -0.14625 4.8159 -0.56112 -0.065979 3.5697 -0.34977 -1.0298 3.5477 -0.15496 -2.2734 2.5003 -0.31303 -3.311 2.4206 -1.4509 0.89578 3.6211 -0.54914 2.1811 2.8827 -1.2359 3.1338 2.9387 -2.447 -0.75888 0.01196 0.21785 -1.0832 -2.0286 -0.16341 -0.95921 -3.6782 0.5537 0.75888 -0.01196 -0.21785 0.79715 -2.0012 -0.89288 1.3366 -3.6724 -0.48429
0 35 132 -0.17461 4.8164 -0.54995 -0.093075 3.5696 -0.34258 -1.0487 3.5469 -0.11107 -2.2624 2.4794 -0.34843 -3.2073 2.3722 -1.5622 0.86033 3.6217 -0.57852 2.1987 2.9005 -1.1762 3.2427 2.9826 -2.308 -0.72895 0.017102 0.30305 -1.0618 -2.0386 0.024149 -0.80089 -3.6749 0.73502 0.72895 -0.017103 -0.30305 0.65054 -1.9889 -1.0243 1.2344 -3.6729 -0.75232
0 36 132 -0.079764 4.8163 -0.56783 -0.040358 3.5691 -0.35114 -1.0215 3.5452 -0.28656 -2.1079 2.4531 -0.83041 -2.6779 2.3316 -2.258 0.93929 3.6225 -0.42041 2.3933 2.9059 -0.62331 3.7041 3.0162 -1.4278 -0.75382 0.024031 0.23383 -1.0267 -2.0449 -0.010209 -0.78051 -3.6691 0.7329 0.75382 -0.024031 -0.23383 0.69256 -1.9747 -1.012 1.2448 -3.673 -0.76383
0 36 144 -0.19608 4.8163 -0.53883 -0.11248 3.5691 -0.33508 -1.0587 3.5452 -0.067919 -2.2345 2.4531 -0.374 -3.0889 2.3316 -1.6519 0.83136 3.6225 -0.60652 2.2114 2.9059 -1.1073 3.3263 3.0162 -2.1667 -0.68873 0.024031 0.38544 -1.0063 -2.0449 0.20347 -0.61108 -3.6691 0.87916 0.68873 -0.024031 -0.38544 0.46701 -1.9747 -1.1339 1.0588 -3.673 -1.006
0 37 144 -0.099243 4.8175 -0.54828 -0.063794 3.5708 -0.33003 -1.0419 3.548 -0.22974 -2.0786 2.4328 -0.82173 -2.5389 2.3028 -2.2877 0.91276 3.623 -0.43486 2.3715 2.8956 -0.54231 3.7352 3.0296 -1.2495 -0.72433 0.026108 0.31332 -0.98349 -2.0531 0.15824 -0.59864 -3.6589 0.88219 0.72433 -0.026107 -0.31332 0.51549 -1.9566 -1.1157 1.0689 -3.669 -1.0046
0 38 156 -0.091397 4.8187 -0.52726 -0.067681 3.5727 -0.30599 -1.0423 3.5538 -0.17478 -2.0299 2.4149 -0.80418 -2.3592 2.284 -2.3049 0.90528 3.6212 -0.44152 2.3531 2.8648 -0.4598 3.7576 3.0196 -1.0771 -0.6893 0.031559 0.38388 -0.89722 -2.0581 0.31631 -0.37889 -3.6441 0.99957 0.6893 -0.031559 -0.38388 0.32361 -1.9382 -1.1873 0.84622 -3.6637 -1.2015
0 92 132 -0.11071 4.7848 -0.43342 -0.072655 3.5555 -0.23036 -0.76615 3.5848 0.46647 -1.3833 3.3443 1.9598 -1.4532 4.5739 2.8876 0.62221 3.556 -0.92644 1.9698 3.3356 -1.8232 2.6564 4.6191 -2.3321 -0.56741 0.01861 0.54881 -0.8283 -2.0433 0.2408 -0.40801 -3.7414 0.67757 0.56741 -0.01861 -0.54881 0.45548 -2.0836 -0.91961 1.1453 -3.7082 -0.55114
0 93 132 -0.073356 4.7941 -0.39508 -0.047064 3.565 -0.18589 -0.75225 3.6044 0.4986 -1.561 3.7232 1.913 -1.6243 5.1654 2.4552 0.65969 3.5553 -0.86983 1.8941 3.6664 -1.9341 2.2155 5.0988 -2.4057 -0.56702 0.015961 0.54931 -0.83379 -2.0447 0.238 -0.42181 -3.7453 0.6727 0.56702 -0.015962 -0.54931 0.45097 -2.0812 -0.91756 1.1307 -3.7119 -0.55744
1 6 276 -0.23657 4.5801 -1.5269 -0.23799 3.353 -1.2204 -1.2116 3.3443 -1.0815 -2.2147 2.2507 -0.39847 -3.7252 1.9673 -0.27289 0.73404 3.3908 -1.3656 1.9469 2.3478 -1.0344 3.4002 2.1426 -1.5071 -0.77614 -0.011558 0.14482 -0.87566 -1.7524 -1.0273 -0.84407 -3.3029 -0.10752 0.77614 0.011558 -0.14482 0.76701 -1.7858 -1.2329 0.9183 -3.2153 -0.14457
1 7 276 -0.22629 4.6386 -1.3221 -0.22454 3.4036 -1.055 -1.2001 3.3878 -0.93123 -2.3443 2.47 -0.21187 -3.8753 2.485 -0.029339 0.74957 3.4489 -1.1832 2.0714 2.5505 -0.84466 3.5468 2.6083 -1.2889 -0.77652 -0.015726 0.14236 -0.97976 -1.908 -0.74783 -0.9647 -3.5561 -0.016933 0.77652 0.015726 -0.14236 0.89534 -1.8787 -1.0431 1.0151 -3.4456 -0.15914
1 33 276 -0.0091349 4.633 -1.3824 -0.070164 3.3957 -1.1291 -1.0415 3.4379 -0.98032 -2.0098 2.2415 -0.43278 -3.4149 1.6371 -0.62778 0.90088 3.3824 -1.2849 1.8592 2.0927 -0.98971 2.9761 1.2928 -1.6899 -0.76916 0.039126 0.17425 -1.0238 -1.9433 -0.47339 -0.98501 -3.6239 0.17862 0.76916 -0.039126 -0.17425 0.83485 -2.0099 -0.89957 1.1826 -3.5296 0.0062222
2 30 96 0.062899 3.5952 -3.2314 0.014164 2.6821 -2.3668 -0.9689 2.6515 -2.3677 -1.2728 1.0498 -2.2628 -1.4386 -0.059917 -3.3205 0.9962 2.732 -2.3886 1.5471 1.1951 -2.3327 1.8019 0.19254 -3.4762 -0.78796 0.03927 0.032848 -0.85309 -0.95223 -1.8184 -0.82773 -2.4293 -0.78467 0.78796 -0.03927 -0.032848 0.80108 -1.0073 -1.8975 0.83816 -2.4 -0.75305
2 75 96 -0.098549 4.3506 -2.1528 -0.035342 3.1986 -1.6303 -1.0176 3.1739 -1.5856 -1.7834 3.0114 -3.0194 -1.2759 4.4665 -2.968 0.94517 3.2502 -1.6876 1.4098 2.8681 -3.2064 1.16 4.3854 -3.3209 -0.78961 -0.00060272 0.0033242 -0.76893 -2.0103 -0.60919 -0.7818 -3.2908 0.66007 0.78961 0.00060272 -0.0033243 0.93935 -1.9626 -0.73659 0.92862 -3.0706 0.68578
2 84 96 0.017461 4.2709 -2.3064 0.013868 3.171 -1.6791 -0.96905 3.1877 -1.6482 -1.6586 2.0705 -2.6204 -1.418 3.3375 -3.4658 0.99628 3.1798 -1.7255 1.6324 2.0919 -2.765 1.2927 3.3086 -3.6493 -0.78663 0.028852 0.062289 -1.1038 -0.81491 -1.8355 -1.048 -2.5089 -1.2205 0.78663 -0.028852 -0.062289 0.78527 -0.8767 -1.9846 0.77323 -2.4815 -1.1629
2 85 96 0.027885 4.2498 -2.332 0.0077766 3.1736 -1.6654 -0.97454 3.199 -1.6234 -1.5814 1.9313 -2.4562 -1.4132 3.0766 -3.4748 0.98961 3.1734 -1.7233 1.5727 1.9358 -2.6162 1.3122 2.9999 -3.7013 -0.78609 0.028579 0.068894 -1.0882 -0.61269 -1.9089 -1.0051 -2.2293 -1.1149 0.78609 -0.028579 -0.068894 0.79313 -0.73098 -2.049 0.78846 -2.2193 -1.0313
