0 45 348 -0.37911 4.7749 0.4285 -0.067124 3.5718 0.27255 0.73779 3.6027 0.83693 0.23995 2.3545 1.7659 -1.3016 2.3302 1.7918 -0.87457 3.5706 -0.28904 -1.0524 2.6374 -1.6181 -1.7969 2.2931 -2.9238 0.77428 0.038 -0.15015 0.73732 -2.0559 -0.31888 0.13985 -3.5515 -1.1296 -0.77428 -0.038 0.15015 -0.30534 -1.8158 1.167 -0.56682 -3.5934 1.3174
0 46 0 -0.30167 4.7702 0.49376 -0.0066843 3.5705 0.29358 0.87559 3.6012 0.7272 0.37762 2.3657 1.6729 -1.1639 2.3564 1.638 -0.89106 3.5694 -0.13681 -1.1732 2.594 -1.4166 -1.9326 2.1236 -2.6735 0.73705 0.036216 -0.28098 0.65592 -2.0565 -0.44887 -0.092118 -3.5429 -1.1432 -0.73705 -0.036216 0.28098 -0.089324 -1.8093 1.2035 -0.28009 -3.5905 1.4082
0 46 12 -0.19242 4.7702 0.5457 0.054501 3.5705 0.28856 1.0076 3.6012 0.52926 0.71718 2.3657 1.5578 -0.79794 2.3564 1.8442 -0.90003 3.5694 0.051438 -1.4421 2.594 -1.1417 -2.4462 2.1236 -2.2132 0.66252 0.036216 -0.42808 0.54827 -2.0565 -0.57544 -0.32779 -3.5429 -1.0991 -0.66252 -0.036216 0.42808 0.16284 -1.8093 1.1957 0.018812 -3.5905 1.4357
0 46 348 -0.39774 4.7702 0.42025 -0.067578 3.5705 0.28578 0.70526 3.6012 0.89335 0.02155 2.3657 1.7149 -1.4791 2.3564 1.3602 -0.84314 3.5694 -0.31909 -0.853 2.594 -1.6296 -1.3345 2.1236 -3.0168 0.77936 0.036216 -0.1216 0.73492 -2.0565 -0.30269 0.14758 -3.5429 -1.1374 -0.77936 -0.036216 0.1216 -0.33759 -1.8093 1.1586 -0.56675 -3.5905 1.3192
0 47 0 -0.32042 4.7635 0.51263 -0.0077553 3.5677 0.321 0.85518 3.5975 0.79198 0.20264 2.3766 1.6594 -1.2917 2.3876 1.2793 -0.873 3.5674 -0.14666 -1.0404 2.5328 -1.3997 -1.682 1.9703 -2.6841 0.74548 0.036753 -0.25771 0.65573 -2.0552 -0.43111 -0.084166 -3.5337 -1.1505 -0.74548 -0.036753 0.25771 -0.11641 -1.8055 1.2011 -0.28648 -3.588 1.4123
0 47 12 -0.20684 4.7635 0.56804 0.059154 3.5677 0.3156 1.0012 3.5975 0.59688 0.54323 2.3766 1.581 -0.99749 2.3876 1.5199 -0.88442 3.5674 0.038053 -1.3087 2.5328 -1.1528 -2.2033 1.9703 -2.2758 0.67561 0.036753 -0.40707 0.55177 -2.0552 -0.55802 -0.32152 -3.5337 -1.1078 -0.67561 -0.036753 0.40707 0.13586 -1.8055 1.1991 0.013415 -3.588 1.441
0 47 24 -0.084215 4.7635 0.59863 0.12348 3.5677 0.2964 1.1034 3.5975 0.37568 0.86007 2.3766 1.4335 -0.6597 2.3876 1.6941 -0.85718 3.5674 0.2211 -1.5198 2.5328 -0.85552 -2.6283 1.9703 -1.7679 0.57621 0.036753 -0.53864 0.42369 -2.0552 -0.66055 -0.54483 -3.5337 -1.0168 -0.57621 -0.036753 0.53864 0.38219 -1.8055 1.1446 0.31272 -3.588 1.4067
0 48 0 -0.33829 4.76 0.53326 -0.018935 3.5654 0.34158 0.83489 3.5973 0.82874 0.089225 2.3734 1.6129 -1.3214 2.4153 0.9915 -0.87531 3.563 -0.14213 -1.0118 2.4723 -1.3506 -1.6409 1.8265 -2.6016 0.75264 0.038246 -0.23574 0.65072 -2.0523 -0.41844 -0.07711 -3.5274 -1.1569 -0.75264 -0.038246 0.23574 -0.13514 -1.8005 1.1987 -0.28712 -3.5843 1.4131
0 48 12 -0.22002 4.76 0.59194 0.052497 3.5654 0.33805 0.98895 3.5973 0.63705 0.42261 2.3734 1.5591 -1.0864 2.4153 1.2446 -0.88573 3.563 0.042961 -1.2705 2.4723 -1.1107 -2.146 1.8265 -2.2036 0.68718 0.038246 -0.38707 0.5495 -2.0523 -0.54459 -0.31596 -3.5274 -1.1156 -0.68718 -0.038246 0.38707 0.11704 -1.8005 1.2006 0.012951 -3.5843 1.4419
0 48 24 -0.092145 4.76 0.62475 0.12164 3.5654 0.31975 1.0998 3.5973 0.41751 0.73752 2.3734 1.4371 -0.80387 2.4153 1.4432 -0.85745 3.563 0.22618 -1.4737 2.4723 -0.82231 -2.5572 1.8265 -1.7093 0.59168 0.038246 -0.52148 0.42427 -2.0523 -0.64694 -0.54099 -3.5274 -1.0255 -0.59168 -0.038246 0.52149 0.36411 -1.8005 1.1501 0.31246 -3.5843 1.4077
0 49 0 -0.35391 4.7587 0.54467 -0.031348 3.5641 0.35204 0.82042 3.6001 0.84252 0.043534 2.3561 1.562 -1.3019 2.444 0.81378 -0.88587 3.5577 -0.1349 -1.0619 2.4176 -1.2916 -1.773 1.7108 -2.4632 0.75542 0.039884 -0.22639 0.63667 -2.0486 -0.4224 -0.079834 -3.527 -1.1652 -0.75542 -0.039884 0.22639 -0.13902 -1.7975 1.1985 -0.28777 -3.5823 1.4071
0 49 12 -0.23293 4.7587 0.60635 0.04253 3.5641 0.35087 0.97766 3.6001 0.65353 0.36735 2.3561 1.5188 -1.1042 2.444 1.0667 -0.89456 3.5577 0.052228 -1.3072 2.4176 -1.0426 -2.2463 1.7108 -2.0407 0.69184 0.039884 -0.3785 0.53493 -2.0486 -0.54554 -0.32035 -3.527 -1.1232 -0.69184 -0.039884 0.3785 0.1132 -1.7975 1.2012 0.011066 -3.5823 1.4362
0 49 24 -0.10178 4.7587 0.64152 0.11455 3.5641 0.33436 1.0922 3.6001 0.43598 0.6751 2.3561 1.4093 -0.85831 2.444 1.2729 -0.86415 3.5577 0.23708 -1.4954 2.4176 -0.74805 -2.6215 1.7108 -1.5291 0.59803 0.039884 -0.51407 0.40982 -2.0486 -0.64484 -0.54687 -3.527 -1.032 -0.59803 -0.039884 0.51407 0.36047 -1.7975 1.1514 0.30942 -3.5823 1.4025
0 49 36 0.033828 4.7587 0.64867 0.18156 3.5641 0.30323 1.159 3.6001 0.19938 0.95335 2.3561 1.2381 -0.5749 2.444 1.4236 -0.79598 3.5577 0.41156 -1.6183 2.4176 -0.42079 -2.8822 1.7108 -0.95062 0.47808 0.039884 -0.62718 0.26679 -2.0486 -0.71595 -0.74949 -3.527 -0.89576 -0.47808 -0.039884 0.62718 0.592 -1.7975 1.0513 0.59425 -3.5823 1.3075
0 50 0 -0.36068 4.7592 0.54888 -0.039 3.5636 0.35556 0.82192 3.6034 0.82948 0.070068 2.3361 1.5347 -1.2635 2.4716 0.77244 -0.90278 3.5532 -0.11469 -1.1667 2.3734 -1.2134 -1.9993 1.6383 -2.283 0.75346 0.041979 -0.23245 0.61979 -2.0448 -0.43651 -0.08155 -3.5316 -1.1773 -0.75346 -0.04198 0.23245 -0.13382 -1.8008 1.2004 -0.28994 -3.5863 1.3966
0 50 12 -0.23868 4.7592 0.61188 0.035777 3.5636 0.3559 0.97641 3.6034 0.64047 0.38761 2.3361 1.4866 -1.0753 2.4716 1.0183 -0.9069 3.5532 0.075514 -1.3934 2.3734 -0.9443 -2.4303 1.6383 -1.8174 0.68867 0.041979 -0.38402 0.51549 -2.0448 -0.55583 -0.32454 -3.5316 -1.1346 -0.68867 -0.04198 0.38402 0.11868 -1.8008 1.202 0.0067774 -3.5863 1.4264
0 50 24 -0.10625 4.7592 0.64813 0.10899 3.5636 0.34068 1.0882 3.6034 0.42346 0.68822 2.3361 1.3735 -0.84006 2.4716 1.2196 -0.87138 3.5532 0.26242 -1.5593 2.3734 -0.63395 -2.755 1.6383 -1.2724 0.59378 0.041979 -0.51881 0.38866 -2.0448 -0.65086 -0.55334 -3.5316 -1.0423 -0.59378 -0.04198 0.51881 0.366 -1.8008 1.1511 0.3032 -3.5863 1.3938
0 50 36 0.030825 4.7592 0.65606 0.17744 3.5636 0.31057 1.1525 3.6034 0.18795 0.95874 2.3361 1.2004 -0.56814 2.4716 1.3676 -0.79778 3.5532 0.43785 -1.6571 2.3734 -0.29589 -2.9594 1.6383 -0.67183 0.47293 0.041979 -0.63093 0.24484 -2.0448 -0.71744 -0.75795 -3.5316 -0.90449 -0.47293 -0.04198 0.63093 0.59732 -1.8008 1.0498 0.58636 -3.5863 1.3003
0 51 36 0.046042 4.7618 0.65829 0.17858 3.5635 0.3103 1.1442 3.6124 0.12981 1.0268 2.331 1.1363 -0.48344 2.4983 1.3989 -0.78714 3.5439 0.49567 -1.7146 2.3494 -0.12213 -3.0569 1.6138 -0.30904 0.45296 0.043638 -0.64531 0.22651 -2.0432 -0.73475 -0.76603 -3.5381 -0.91164 -0.45296 -0.043638 0.64531 0.61655 -1.807 1.0467 0.58026 -3.5928 1.2926
0 81 204 -0.39656 4.8298 0.22343 -0.30915 3.5703 0.14547 0.25738 3.5259 0.94824 0.52013 1.9195 0.81045 0.26526 0.60516 1.5755 -0.87768 3.6441 -0.65371 -0.96902 2.0198 -0.80164 -1.8347 0.75372 -0.64252 0.40674 0.019852 0.67651 -0.076091 -1.9955 1.0225 0.46739 -3.7011 0.80696 -0.40674 -0.019853 -0.67651 -0.84589 -2.0717 -0.56935 -0.17577 -3.6534 -1.117
0 82 204 -0.40653 4.8297 0.20596 -0.31704 3.5693 0.13709 0.24309 3.535 0.94482 0.60019 1.9507 0.76777 0.62613 0.56687 1.4475 -0.87905 3.6332 -0.66754 -0.88311 2.018 -0.91168 -1.6909 0.70615 -0.97723 0.39349 0.020207 0.68429 -0.09226 -1.9988 1.0033 0.4628 -3.6972 0.76173 -0.39349 -0.020208 -0.68429 -0.88412 -2.0615 -0.60132 -0.19628 -3.6328 -1.1568
0 83 204 -0.4187 4.8285 0.19357 -0.33209 3.5667 0.14049 0.22157 3.5466 0.95315 0.6827 1.9915 0.7584 0.98632 0.61113 1.3748 -0.88742 3.6164 -0.66976 -0.81591 2.0217 -1.0168 -1.5606 0.71346 -1.3509 0.38021 0.016985 0.69185 -0.12114 -2.002 0.98624 0.45032 -3.6917 0.72293 -0.38021 -0.016985 -0.69185 -0.90935 -2.0495 -0.63704 -0.20763 -3.619 -1.1804
0 84 204 -0.42724 4.826 0.17212 -0.34157 3.5633 0.1377 0.20249 3.5576 0.95704 0.76717 2.0365 0.76641 1.34 0.73357 1.3596 -0.88689 3.5987 -0.68006 -0.74492 2.0354 -1.1322 -1.4106 0.80084 -1.7729 0.37274 0.015157 0.69594 -0.12532 -2.0079 0.96687 0.45211 -3.6926 0.68508 -0.37274 -0.015157 -0.69594 -0.91783 -2.0441 -0.67392 -0.22163 -3.6288 -1.1788
0 91 192 -0.46556 4.7783 -0.097845 -0.27733 3.5467 -0.037749 -0.015821 3.5824 0.90972 1.0512 2.9925 1.997 2.1203 3.8782 2.668 -0.53741 3.5407 -0.98627 -0.42834 3.0073 -2.5265 -0.35875 4.0327 -3.676 0.198 0.01713 0.7642 -0.20637 -2.0433 0.83918 0.39052 -3.7378 0.68686 -0.19799 -0.01713 -0.7642 -0.56776 -2.0833 -0.85748 0.10566 -3.7034 -1.2727
0 111 216 -0.14771 4.8404 0.22528 -0.12233 3.5779 0.18065 0.42784 3.5068 0.99282 0.52965 1.8787 1.0817 -0.19564 0.74339 1.8318 -0.67294 3.6786 -0.62808 -0.92111 2.0935 -0.93551 -1.9158 0.9572 -0.62409 0.42408 -0.012548 0.66596 0.11366 -2.0823 0.8502 0.72303 -3.7552 0.5652 -0.42408 0.012548 -0.66596 -0.78235 -2.0559 -0.57953 -0.3533 -3.734 -1.0803
3 8 132 0.13294 4.7946 -0.47569 -0.041349 3.5788 -0.19209 0.5863 3.6038 0.56474 0.25835 2.1543 1.243 -1.0957 1.9608 1.9549 -0.66529 3.5831 -0.95238 -0.56749 2.045 -1.494 -1.2856 0.68045 -1.491 0.56911 0.065195 0.54347 0.93645 -1.8845 -0.14805 1.2811 -3.5316 -0.79532 -0.56911 -0.065195 -0.54347 -1.3267 -1.7604 0.4398 -1.0571 -3.5405 0.53592
3 9 120 0.18117 4.7944 -0.39649 -0.066881 3.5797 -0.16762 0.4265 3.5889 0.68317 0.12503 2.0573 1.165 -1.2447 1.5355 1.6438 -0.55569 3.5998 -1.0209 -0.53968 2.013 -1.4086 -1.4144 0.7625 -1.1876 0.44216 0.069831 0.65048 1.0387 -1.8419 0.015174 1.5684 -3.4639 -0.56764 -0.44216 -0.06983 -0.65048 -1.1399 -1.9098 0.085663 -0.80793 -3.6735 0.25936
3 10 120 0.1485 4.7978 -0.2854 -0.11421 3.5818 -0.078698 0.41215 3.5686 0.75205 0.21891 1.9986 1.1599 -1.0175 1.2394 1.6821 -0.63574 3.6244 -0.9115 -0.74354 2.0283 -1.2427 -1.7513 1.0302 -0.63779 0.42029 0.056793 0.66606 0.86302 -1.9358 0.16833 1.7025 -3.3781 -0.51436 -0.42029 -0.056793 -0.66606 -0.97613 -1.9382 0.086159 -0.64476 -3.7003 0.27521
3 11 120 0.16206 4.816 -0.12208 -0.077258 3.5867 0.022253 0.44708 3.5464 0.8534 0.33854 1.9504 1.1847 -0.798 1.0465 1.7033 -0.59757 3.6566 -0.80946 -0.78828 2.0665 -1.1321 -1.8437 1.3748 -0.24588 0.40747 0.026398 0.67585 0.52614 -2.0681 0.56118 1.674 -3.1816 -0.27159 -0.40747 -0.026398 -0.67585 -0.8877 -1.9354 0.058517 -0.54008 -3.691 0.27757
3 21 228 0.024542 4.8116 -0.29291 -0.081999 3.5903 0.00016759 0.64309 3.6314 0.66343 0.69874 2.0427 1.0399 -0.30703 0.9846 1.5364 -0.80482 3.5787 -0.66673 -1.1274 1.9852 -0.82566 -1.884 0.72278 -0.36555 0.64224 0.017695 0.45903 -0.031746 -1.8678 1.0955 1.0267 -2.9121 0.075693 -0.64224 -0.017695 -0.45903 -0.34225 -2.068 -0.11181 0.04348 -3.8162 -0.32562
3 22 240 0.025916 4.818 -0.16958 -0.14001 3.5883 0.057801 0.55032 3.6362 0.75673 0.66566 2.0352 1.0601 -0.25511 0.91815 1.5913 -0.82852 3.5699 -0.64432 -1.1591 1.9751 -0.77216 -1.899 0.73255 -0.2372 0.62806 0.017592 0.47825 0.0039132 -1.9365 0.93245 0.92827 -3.3276 0.25335 -0.62806 -0.017592 -0.47825 -0.38419 -2.0608 -0.053847 0.02553 -3.7817 -0.40234
3 23 252 0.03082 4.8205 -0.018475 -0.18297 3.5849 0.11481 0.48822 3.6279 0.83246 0.67743 2.0256 1.0884 -0.13814 0.84656 1.6562 -0.85228 3.5715 -0.60575 -1.1603 1.9685 -0.67019 -1.8749 0.72345 -0.10722 0.6026 0.016925 0.50999 0.049802 -1.9846 0.83054 0.8046 -3.5783 0.45496 -0.6026 -0.016925 -0.50999 -0.41309 -2.0619 -0.066641 0.039655 -3.749 -0.51344
3 29 300 -0.26577 4.8091 0.12814 -0.39031 3.5595 0.26482 0.10574 3.5692 1.114 0.75118 2.0692 1.1592 0.5833 0.55151 1.3742 -0.88445 3.5795 -0.58535 -0.95866 1.9804 -0.91094 -1.586 0.6007 -0.62704 0.42662 0.0019679 0.66445 0.16145 -2.0628 0.38041 0.88936 -3.6155 -0.17659 -0.42661 -0.0019674 -0.66445 -0.33651 -2.082 -0.38203 0.32126 -3.6949 -0.84756
3 31 312 -0.42084 4.7991 0.17116 -0.45517 3.5472 0.32626 0.04587 3.5694 1.1723 0.7787 2.1096 1.1997 0.67574 0.58186 1.3815 -0.95543 3.5549 -0.52053 -0.93077 2.0025 -1.0286 -1.5153 0.57727 -0.95936 0.42616 -0.010726 0.66466 0.17468 -2.0557 0.25329 0.84727 -3.6104 -0.36419 -0.42616 0.010727 -0.66466 -0.43756 -2.0745 -0.40795 0.060525 -3.7251 -0.9356
3 48 312 -0.22382 4.8211 0.17118 -0.23679 3.5645 0.28247 0.30194 3.5595 1.1053 1.047 2.1087 1.0113 1.027 0.60127 1.3351 -0.77506 3.5992 -0.53998 -1.0696 2.0097 -0.77571 -2.272 1.5192 0.055727 0.39231 -0.031665 0.68453 -0.81075 -1.5075 1.5728 0.58576 -1.8535 0.48608 -0.39231 0.031664 -0.68453 0.11873 -2.0062 -0.70404 0.5776 -3.7498 -0.70269
3 58 300 -0.025499 4.8198 -0.017682 -0.18276 3.582 0.16496 0.23442 3.5872 1.0556 1.1284 2.2203 1.0898 1.2879 0.70491 1.3258 -0.59676 3.6064 -0.72687 -1.3765 2.1851 -0.92821 -2.7201 2.2528 -0.17473 0.24152 -0.0365 0.75089 -0.74056 -1.8928 0.68701 -0.52202 -3.649 0.34226 -0.24152 0.0365 -0.75089 0.63664 -1.8708 -0.82352 1.6339 -3.3629 -0.99722
3 62 324 -0.062485 4.8116 -0.34952 -0.14783 3.5835 -0.074021 0.57862 3.614 0.58834 0.69826 2.0267 0.95559 -0.12695 1.1888 1.9529 -0.87168 3.5826 -0.7399 -0.80671 2.0212 -1.216 -1.4686 0.63367 -1.0963 0.59657 0.054579 0.51442 0.21521 -1.9998 0.29403 0.027454 -3.7637 -0.028891 -0.59657 -0.054579 -0.51442 -1.1611 -2.0381 -0.11279 0.20584 -2.4039 -1.2302
3 63 324 -0.052149 4.8137 -0.32837 -0.12471 3.5842 -0.058947 0.56701 3.6185 0.63942 0.58633 2.0979 1.2361 -0.4563 1.6981 2.2995 -0.81404 3.5795 -0.76049 -0.56646 2.0981 -1.403 -1.0821 0.65022 -1.5277 0.62145 0.044746 0.48507 0.25813 -2.0102 0.24132 0.11712 -3.7693 -0.12842 -0.62145 -0.044746 -0.48507 -1.4729 -1.841 0.19533 -0.13438 -2.0584 -0.99293
3 70 324 0.0091606 4.8161 -0.26641 -0.053002 3.585 -0.0090688 0.57859 3.6271 0.74371 0.06943 2.7749 2.0411 -0.94493 3.6351 2.8213 -0.68296 3.5726 -0.76429 -0.2177 2.3969 -1.7988 -0.6382 1.0581 -2.4379 0.62212 0.022611 0.48576 0.71469 -1.9446 -0.24617 0.83034 -3.6041 -0.94161 -0.62212 -0.022611 -0.48576 -1.4621 -1.336 0.92268 -1.0106 -3.0324 0.5114
3 71 324 -0.033659 4.8168 -0.24665 -0.098557 3.5844 0.0033344 0.55077 3.6191 0.74126 0.071374 2.6826 1.991 -0.97524 3.4791 2.796 -0.74623 3.5793 -0.73684 -0.34863 2.3411 -1.7256 -0.83679 0.98372 -2.2703 0.63483 0.033363 0.46837 0.78136 -1.9132 -0.30873 0.93754 -3.5542 -1.0391 -0.63483 -0.033363 -0.46837 -1.3527 -1.5342 0.8148 -1.0968 -3.3057 0.59797
3 73 312 9.1184e-05 4.8127 -0.27423 -0.12806 3.5853 -0.019533 0.41469 3.6312 0.79942 -0.13332 2.4101 1.736 -1.4512 2.8405 2.411 -0.66845 3.5689 -0.84116 -0.29564 2.1458 -1.5514 -0.84835 0.75719 -1.9309 0.55695 0.041564 0.55819 0.95623 -1.8666 -0.22516 1.3946 -3.4407 -0.98735 -0.55695 -0.041564 -0.55819 -1.1844 -1.8496 0.30868 -1.0879 -3.6464 0.19421
5 56 288 -0.45008 4.7838 0.63614 -0.30326 3.551 0.39142 0.38553 3.5544 1.0935 1.0807 2.0781 1.0176 1.3825 0.79468 1.8173 -0.99588 3.5769 -0.30641 -1.2076 1.9823 -0.59153 -1.8833 0.63545 -0.26443 0.53273 -0.035812 0.58173 -0.49268 -1.7204 1.3063 -0.52203 -3.48 1.6986 -0.53273 0.035812 -0.58173 -0.31007 -2.0518 -0.50041 0.66846 -3.3887 -1.2118
5 57 288 -0.50506 4.7807 0.6208 -0.36081 3.5473 0.37664 0.28672 3.5351 1.1169 0.98442 2.0583 1.0876 1.2682 0.76894 1.8843 -1.0121 3.5888 -0.35919 -1.1848 2.0001 -0.69849 -1.8651 0.62862 -0.51462 0.49069 -0.025093 0.61813 -0.56039 -1.7318 1.2478 -0.49317 -3.4996 1.5962 -0.49069 0.025093 -0.61813 -0.29553 -2.0659 -0.55416 0.7279 -3.3509 -1.2973
5 58 288 -0.5331 4.7766 0.62412 -0.38296 3.5466 0.36682 0.22134 3.5166 1.1422 0.91076 2.0358 1.1675 1.1865 0.7301 1.9401 -0.99103 3.6059 -0.40396 -1.1154 2.0263 -0.80173 -1.7939 0.64311 -0.73789 0.45502 -0.020974 0.64499 -0.60826 -1.7383 1.2234 -0.44771 -3.512 1.5044 -0.45502 0.020974 -0.64499 -0.2846 -2.0725 -0.59546 0.79607 -3.2937 -1.3647
5 59 288 -0.55116 4.7718 0.6352 -0.39203 3.5465 0.36257 0.15838 3.4987 1.1763 0.82837 2.011 1.2588 1.1013 0.68914 2.0043 -0.9463 3.6235 -0.44626 -1.0243 2.0544 -0.89426 -1.6991 0.66817 -0.91981 0.4107 -0.023996 0.67398 -0.63274 -1.7689 1.2039 -0.37351 -3.5406 1.4157 -0.4107 0.023996 -0.67398 -0.30618 -2.0741 -0.63901 0.86717 -3.2192 -1.3893
5 60 300 -0.47852 4.7636 0.73208 -0.36321 3.5421 0.42363 0.27219 3.4808 1.1719 0.93918 1.9896 1.1792 1.3258 0.65598 1.8499 -1.0017 3.6326 -0.319 -1.1474 2.0723 -0.78055 -1.8292 0.69054 -0.72128 0.49058 -0.018205 0.61846 -0.39292 -1.8085 1.2732 -0.038955 -3.574 1.3663 -0.49058 0.018205 -0.61846 -0.51716 -2.0823 -0.58244 0.60891 -3.1307 -1.5226
5 97 24 -0.5463 4.7792 0.61684 -0.42081 3.5405 0.38406 0.27886 3.5055 1.0744 0.92187 2.004 1.0453 1.0504 0.68537 1.8342 -1.1237 3.6045 -0.30088 -1.2681 2.0024 -0.58531 -1.8212 0.57838 -0.3756 0.53031 -0.0013762 0.58504 -0.4629 -1.7103 1.2974 -0.43258 -3.5091 1.4166 -0.53031 0.0013757 -0.58504 -0.22891 -2.0779 -0.57623 0.80893 -3.3135 -1.3806
5 98 24 -0.52771 4.7813 0.61605 -0.40908 3.5417 0.38394 0.26518 3.4928 1.0983 0.89184 1.9841 1.1025 0.99197 0.65759 1.8823 -1.0864 3.6198 -0.32496 -1.195 2.0276 -0.67364 -1.7194 0.58168 -0.56374 0.51079 -0.003993 0.60214 -0.46879 -1.7383 1.2707 -0.33898 -3.5362 1.3107 -0.51079 0.003993 -0.60214 -0.24769 -2.0804 -0.61808 0.84208 -3.2637 -1.4324
5 99 24 -0.52858 4.7815 0.60828 -0.41505 3.5414 0.37672 0.22733 3.4801 1.119 0.83469 1.9643 1.1656 0.90736 0.63169 1.9379 -1.0604 3.6317 -0.36 -1.1461 2.0506 -0.76177 -1.6602 0.59784 -0.70828 0.48819 -0.0030041 0.62061 -0.46599 -1.774 1.2266 -0.2453 -3.5633 1.2007 -0.48819 0.0030046 -0.62061 -0.32075 -2.0913 -0.63844 0.83906 -3.1999 -1.4611
6 47 36 -0.43587 4.7943 0.52638 -0.38541 3.5406 0.36487 0.31428 3.4517 1.0504 0.89905 1.9302 0.94242 1.146 0.53598 1.553 -1.0862 3.6587 -0.31509 -1.3108 2.1024 -0.75789 -1.9442 0.69655 -0.74519 0.49552 0.007441 0.61473 -0.29259 -1.8734 1.1204 -0.28906 -3.6764 1.1155 -0.49552 -0.007441 -0.61473 -0.19579 -2.0693 -0.88544 0.89499 -3.2437 -1.7111
6 48 36 -0.4884 4.7908 0.4927 -0.42798 3.5372 0.33483 0.24353 3.4483 1.0479 0.81225 1.9174 1.0072 0.99044 0.53769 1.6722 -1.1008 3.6554 -0.37283 -1.2695 2.1034 -0.85428 -1.8485 0.67501 -0.90018 0.47363 0.017538 0.63156 -0.26298 -1.9029 1.0599 -0.20284 -3.7036 0.99026 -0.47363 -0.017538 -0.63156 -0.35025 -2.1045 -0.84093 0.8496 -3.1438 -1.6959
