0 95 204 -0.30003 4.8169 -0.034796 -0.12576 3.5752 0.0049263 0.30212 3.5982 0.89023 0.86527 4.2965 2.2555 0.66377 5.8252 2.257 -0.55309 3.582 -0.88091 -1.5793 4.1301 -2.0277 -2.0673 5.5803 -1.8367 0.36066 0.010769 0.70236 -0.041913 -2.0434 0.88298 0.48938 -3.7487 0.63689 -0.36066 -0.01077 -0.70236 -0.7507 -2.0753 -0.69946 -0.20908 -3.7164 -1.2134
0 96 204 -0.24262 4.8279 -0.015959 -0.11951 3.5755 0.020119 0.30612 3.583 0.90677 0.51913 4.4369 2.283 0.011061 5.8913 2.2159 -0.54437 3.5979 -0.86665 -1.7475 4.2401 -1.766 -2.3044 5.601 -1.302 0.36406 0.010407 0.70061 -0.050358 -2.0406 0.89024 0.47041 -3.751 0.65701 -0.36406 -0.010407 -0.70061 -0.76264 -2.0732 -0.68744 -0.22782 -3.719 -1.1938
0 97 216 -0.18341 4.834 0.045651 -0.10256 3.5752 0.057025 0.49823 3.566 0.8357 0.61483 4.4478 2.2059 -0.14421 5.7892 2.253 -0.70219 3.6141 -0.72162 -2.1625 4.2658 -1.0557 -2.6277 5.4861 -0.23596 0.49975 0.0091467 0.61128 0.12673 -2.0395 0.89115 0.58662 -3.7526 0.56773 -0.49975 -0.0091467 -0.61128 -0.89189 -2.0706 -0.50652 -0.48489 -3.7235 -1.1009
0 98 216 -0.13208 4.839 0.055459 -0.090497 3.576 0.07095 0.50159 3.5582 0.85611 0.24186 4.35 2.2613 -0.70714 5.5639 2.3201 -0.68138 3.6235 -0.71389 -2.2034 4.2146 -0.76509 -2.6848 5.2522 0.26895 0.49465 0.0064335 0.61545 0.11745 -2.0407 0.9005 0.57854 -3.7559 0.58993 -0.49465 -0.006433 -0.61545 -0.89319 -2.0662 -0.50223 -0.49539 -3.727 -1.0804
0 100 228 -0.07379 4.8437 0.11518 -0.065095 3.5796 0.12781 0.64575 3.544 0.80663 0.095628 3.8759 2.3086 -1.0742 4.8274 2.6309 -0.77549 3.6451 -0.54925 -2.2469 3.8713 0.1234 -2.4666 4.5464 1.4922 0.59588 0.00036192 0.51809 0.26708 -2.0435 0.87686 0.67865 -3.7572 0.4962 -0.59588 -0.0003624 -0.51809 -0.98689 -2.0535 -0.30366 -0.72203 -3.7307 -0.90999
1 28 36 -0.96427 4.7097 0.55087 -0.73894 3.4666 0.51647 -0.1363 3.4941 1.2933 1.1057 3.4581 2.3539 1.9526 4.2513 3.3694 -1.3459 3.4684 -0.25749 -2.0681 3.0686 -1.6672 -3.2054 3.6634 -2.5218 0.53773 0.023125 0.57776 0.19899 -1.6962 1.7368 1.1577 -3.2088 1.5274 -0.53773 -0.023125 -0.57776 -1.6517 -1.7975 -0.73573 -1.0997 -3.1744 -1.7606
2 2 240 -1.7891 3.386 2.9422 -1.2251 2.6228 2.1067 -0.39198 2.5858 2.6282 0.76023 2.6451 1.4716 2.0503 1.9737 0.95916 -2.0701 2.6772 1.6064 -1.8576 2.8408 -0.0051111 -2.341 2.4453 -1.4149 0.692 0.015066 0.38001 0.11224 -1.8052 1.2545 0.42393 -3.429 0.53532 -0.692 -0.015066 -0.38001 -1.2606 -1.8574 0.45483 -0.76091 -3.3763 -0.37828
2 3 240 -1.9241 3.1577 3.1117 -1.3352 2.4443 2.2503 -0.50314 2.4053 2.7732 0.60268 2.5639 1.5813 1.8987 2.0048 0.96036 -2.1797 2.4995 1.7491 -1.8875 2.7147 0.15632 -2.2612 2.34 -1.292 0.68604 0.014306 0.3907 0.053452 -1.7571 1.3268 0.40699 -3.3483 0.55607 -0.68604 -0.014306 -0.3907 -1.3001 -1.8078 0.51516 -0.76771 -3.2925 -0.35843
2 5 252 -1.3637 2.7986 3.705 -0.94047 2.1446 2.7107 -0.020209 2.0931 3.054 0.75315 2.2399 1.6225 1.8251 1.7 0.65453 -1.8686 2.2108 2.3922 -1.7785 2.2949 0.7632 -2.2969 1.7347 -0.57663 0.74924 0.010496 0.24905 0.23247 -1.6485 1.4301 0.5063 -3.1458 0.46367 -0.74924 -0.010496 -0.24905 -1.2359 -1.6942 0.90972 -0.81474 -3.0721 -0.17417
2 6 252 -1.3932 2.7106 3.7607 -0.95706 2.0625 2.7687 -0.039919 2.0064 3.1195 0.73178 2.0068 1.6797 1.7445 1.3195 0.74177 -1.8823 2.133 2.4427 -1.7628 2.0216 0.81726 -2.2556 1.2245 -0.40721 0.75003 0.0067756 0.24679 0.1892 -1.5877 1.4948 0.52356 -3.0171 0.44794 -0.75003 -0.0067759 -0.24679 -1.2739 -1.6419 0.96405 -0.81548 -2.9469 -0.19257
2 7 252 -1.397 2.7171 3.7533 -0.94841 2.0506 2.7799 -0.037333 1.992 3.1458 0.73763 1.7159 1.7344 1.6522 0.78388 0.91429 -1.8679 2.1239 2.4386 -1.7647 1.7171 0.85979 -2.2601 0.6437 -0.13022 0.74974 -0.0050759 0.2477 0.13929 -1.5194 1.57 0.55416 -2.8623 0.44062 -0.74974 0.0050757 -0.2477 -1.3125 -1.5943 0.99308 -0.82286 -2.8258 -0.22945
2 8 252 -1.3885 2.8051 3.6909 -0.9372 2.1052 2.7428 -0.031891 2.0428 3.1221 0.73292 1.4042 1.8275 1.4598 0.14683 1.3095 -1.851 2.183 2.3876 -1.825 1.4022 0.95283 -2.3687 0.079658 0.37592 0.74694 -0.01733 0.2555 0.090549 -1.4641 1.6304 0.57459 -2.7125 0.42283 -0.74694 0.01733 -0.2555 -1.3546 -1.5486 1.0066 -0.81862 -2.7042 -0.26945
2 30 264 -0.73336 3.5952 3.1477 -0.50594 2.6821 2.3121 0.45547 2.6515 2.5174 0.77456 1.0498 2.478 0.71678 -0.059917 3.547 -1.4711 2.732 2.1293 -1.9983 1.1951 1.9601 -2.4853 0.19254 3.0256 0.77757 0.03927 0.1317 0.45639 -0.95223 1.956 0.6465 -2.4293 0.93962 -0.77757 -0.03927 -0.13169 -1.1781 -1.0073 1.6895 -0.97641 -2.4 0.56233
2 31 264 -0.78004 3.3583 3.3884 -0.55051 2.5098 2.4867 0.41335 2.4763 2.6796 0.78743 0.9049 2.4355 0.8754 -0.39496 3.2603 -1.518 2.5612 2.3174 -2.0034 1.0533 1.9183 -2.4744 -0.26391 2.567 0.77606 0.038656 0.14047 0.43544 -1.0066 1.9309 0.61908 -2.4392 0.85165 -0.77606 -0.038656 -0.14047 -1.1594 -1.0124 1.6814 -0.95064 -2.3741 0.51818
2 32 264 -0.81586 3.0832 3.6304 -0.5807 2.3101 2.6643 0.38514 2.2783 2.8473 0.85024 0.80285 2.3226 1.0317 -0.61789 2.8938 -1.5503 2.3578 2.5062 -1.9979 0.96049 1.788 -2.3751 -0.50534 2.0826 0.77613 0.041699 0.13922 0.43746 -1.07 1.8896 0.60234 -2.5028 0.80756 -0.77613 -0.041699 -0.13922 -1.1297 -1.108 1.6363 -0.93328 -2.4642 0.46453
2 74 252 -0.7154 4.3953 1.9339 -0.57519 3.2302 1.4571 0.34257 3.2053 1.8098 0.42081 3.0796 3.4367 -0.012967 4.5353 3.1715 -1.496 3.2826 1.1155 -2.514 2.961 2.3521 -2.3084 4.4828 2.4919 0.72607 -0.0081673 0.31024 0.53561 -2.0748 0.63731 1.1052 -3.3361 -0.51845 -0.72607 0.0081673 -0.31024 -1.0473 -2.0304 0.083928 -0.57524 -3.1189 -1.2737
2 75 252 -0.78561 4.3506 2.0068 -0.6308 3.1986 1.5037 0.28467 3.1739 1.8624 0.4011 3.0114 3.4837 -0.041559 4.4665 3.2304 -1.5499 3.2502 1.1573 -2.5921 2.8681 2.3558 -2.4104 4.3854 2.562 0.7227 -0.00060272 0.31813 0.45467 -2.0103 0.86928 0.98269 -3.2908 -0.28501 -0.7227 0.00060272 -0.31813 -1.1577 -1.9626 0.29084 -0.56941 -3.0706 -1.0042
2 76 252 -0.81636 4.3152 2.0749 -0.63877 3.1825 1.5367 0.27555 3.1595 1.8984 0.40802 2.9021 3.5062 -0.027441 4.3717 3.3377 -1.5571 3.2319 1.188 -2.5991 2.7533 2.3516 -2.4481 4.2566 2.6597 0.72446 -0.0015378 0.3141 0.39497 -1.935 1.0675 0.87538 -3.3172 0.014122 -0.72446 0.0015378 -0.3141 -1.2338 -1.8796 0.47101 -0.58728 -3.0801 -0.70869
