2 33 300 1.5918 2.7665 3.6254 1.1786 2.0883 2.6459 2.0635 2.0622 2.2174 2.0478 0.74715 1.2484 2.4064 -0.75167 1.299 0.30593 2.1283 3.0978 -0.62643 0.91968 2.5159 -0.8628 -0.60015 2.625 0.71062 0.040777 -0.34184 1.4318 -1.1647 1.2205 0.96885 -2.6282 0.27462 -0.71062 -0.040776 0.34184 0.046919 -1.2153 1.9106 -0.50973 -2.6047 0.90533
2 34 300 1.7056 2.4375 3.8042 1.2565 1.8579 2.7767 2.1403 1.827 2.3462 2.0407 0.71782 1.151 2.3 -0.77292 0.85414 0.38541 1.9006 3.2314 -0.65049 0.91276 2.4441 -1.0467 -0.55689 2.1975 0.71072 0.03717 -0.34203 1.3823 -1.2951 1.1373 0.97202 -2.8089 0.24787 -0.71072 -0.03717 0.34203 0.021212 -1.3441 1.8153 -0.52897 -2.7841 0.88022
2 35 300 1.8119 2.1116 3.9469 1.3338 1.6199 2.8867 2.2151 1.5767 2.4523 2.0302 0.69891 1.0869 2.2349 -0.70699 0.48761 0.46566 1.673 3.346 -0.63672 0.91684 2.4069 -1.211 -0.40448 1.8574 0.71121 0.029358 -0.34178 1.3125 -1.4501 1.0235 0.95956 -3.0161 0.20252 -0.71121 -0.029358 0.34178 -0.03538 -1.4875 1.6951 -0.55572 -2.9905 0.84603
2 36 300 1.9082 1.7903 4.0579 1.4082 1.3833 2.9719 2.2845 1.3333 2.5282 2.0292 0.68071 1.0525 2.2494 -0.62561 0.26336 0.54557 1.4412 3.4409 -0.6209 0.93945 2.4131 -1.3496 -0.1934 1.6626 0.71132 0.019832 -0.34225 1.227 -1.585 0.91189 0.95254 -3.2003 0.1593 -0.71132 -0.019832 0.34225 -0.097443 -1.6097 1.5709 -0.58751 -3.1745 0.82105
2 37 300 1.9992 1.4859 4.1338 1.4763 1.1619 3.0303 2.3462 1.1094 2.5743 2.0694 0.63814 1.0348 2.3783 -0.62534 0.20659 0.62069 1.2206 3.5117 -0.59608 0.95861 2.4536 -1.5005 0.016148 1.6342 0.7096 0.014751 -0.34605 1.1487 -1.6882 0.80346 0.94917 -3.3432 0.11646 -0.7096 -0.014751 0.34605 -0.14343 -1.6963 1.4713 -0.60731 -3.3059 0.80434
2 38 300 2.0896 1.2253 4.1696 1.5402 0.97658 3.0591 2.4014 0.91986 2.5875 2.1685 0.55896 1.0114 2.6355 -0.71744 0.28307 0.69369 1.0379 3.5562 -0.57429 0.97668 2.528 -1.6597 0.167 1.7904 0.70561 0.015441 -0.35408 1.1018 -1.7575 0.70137 0.94878 -3.4418 0.076379 -0.70561 -0.015441 0.35408 -0.17653 -1.7636 1.3925 -0.61277 -3.3988 0.77071
2 51 288 1.6097 1.5381 4.2787 1.237 1.1675 3.1318 2.1586 1.1432 2.789 2.1251 0.063454 1.5635 2.2475 -1.4386 1.89 0.32617 1.1982 3.5016 -0.59735 0.18435 2.614 -0.51738 -1.3456 2.789 0.73022 0.027153 -0.29924 0.94877 -1.8441 0.63079 0.93131 -3.5605 0.078939 -0.73022 -0.027153 0.29924 -0.37017 -1.9098 1.1596 -0.698 -3.5341 0.4488
2 52 288 1.5922 1.7059 4.2232 1.2283 1.2953 3.0866 2.1496 1.2824 2.7423 2.1151 0.38669 1.3765 2.2384 -1.1502 1.3981 0.31769 1.3159 3.4576 -0.63187 0.4526 2.4468 -0.79343 -1.0788 2.3669 0.72933 0.024885 -0.30159 0.95003 -1.8567 0.60686 0.92489 -3.572 0.051924 -0.72933 -0.024885 0.30159 -0.38294 -1.9189 1.1425 -0.70332 -3.5405 0.4224
2 54 300 2.3723 1.9289 3.733 1.7954 1.4864 2.6996 2.6317 1.471 2.1822 2.2828 1.007 0.65525 2.3419 -0.36042 -0.054894 0.97453 1.5108 3.2409 -0.28456 1.0239 2.3209 -1.0182 -0.27887 1.9438 0.64742 0.027229 -0.45122 1.0502 -1.8727 0.35021 0.89601 -3.5904 -0.17562 -0.64742 -0.027229 0.45122 -0.16259 -1.9391 1.1752 -0.62576 -3.5536 0.51968
2 55 300 2.3432 1.9539 3.738 1.7746 1.5168 2.6975 2.6154 1.4961 2.1877 2.2612 1.2608 0.61038 2.309 0.097194 -0.40029 0.94906 1.5466 3.2313 -0.35539 1.2672 2.2884 -1.3078 0.15284 1.81 0.64926 0.025459 -0.44868 1.037 -1.8799 0.34716 0.88367 -3.5968 -0.18173 -0.64926 -0.025459 0.44868 -0.17742 -1.9461 1.1576 -0.6359 -3.5638 0.50665
2 62 300 2.2136 1.5726 3.9946 1.6997 1.2132 2.898 2.5667 1.1632 2.4361 2.0909 1.4061 0.8923 2.2694 0.70331 -0.46855 0.84713 1.2707 3.3849 -0.32712 1.4354 2.2612 -1.509 0.49515 1.95 0.67782 -0.0022628 -0.40503 1.1958 -1.6419 0.80228 0.81146 -3.1332 -0.13537 -0.67782 0.0022628 0.40503 -0.1456 -1.7072 1.5045 -0.67768 -3.1108 0.5056
2 63 300 2.1661 1.7299 3.958 1.6691 1.3166 2.8726 2.5423 1.2596 2.4236 2.0616 1.18 0.86433 2.2905 0.18074 -0.28753 0.80982 1.3824 3.3465 -0.36158 1.1872 2.2247 -1.3344 -0.0037353 2.1108 0.68036 -0.012081 -0.40057 1.2403 -1.5914 0.86685 0.78737 -2.9925 -0.1738 -0.68036 0.012081 0.40057 -0.15061 -1.648 1.5744 -0.70809 -2.9694 0.48178
2 64 300 2.0893 2.0029 3.8689 1.6174 1.5079 2.8076 2.4945 1.4472 2.3667 2.0682 0.91296 0.8829 2.4065 -0.39513 0.13983 0.75382 1.579 3.2729 -0.35632 0.91435 2.2757 -0.98011 -0.47942 2.49 0.68326 -0.018372 -0.39536 1.2958 -1.5341 0.92441 0.77966 -2.8297 -0.21839 -0.68326 0.018372 0.39536 -0.16462 -1.594 1.6385 -0.74764 -2.82 0.45199
