0 98 132 -0.068962 4.839 -0.12556 -0.08002 3.576 -0.082585 -0.79899 3.5582 0.58833 -2.2236 4.35 0.4769 -2.3813 5.5639 -0.46075 0.63875 3.6235 -0.75226 0.53058 4.2146 -2.2714 -0.54812 5.2522 -2.642 -0.56037 0.0064335 0.55627 -0.88329 -2.0407 0.21093 -0.52623 -3.7559 0.63704 0.56037 -0.006433 -0.55627 0.40612 -2.0662 -0.94079 1.0227 -3.727 -0.60562
2 8 108 -1.0461 2.8051 -3.8021 -0.85398 2.1052 -2.7698 -1.8093 2.0428 -2.5446 -1.6671 1.4042 -1.0477 -1.9507 0.14683 -0.20138 0.094147 2.183 -3.0196 0.91637 1.4022 -1.8435 1.6954 0.079658 -1.6964 -0.75446 -0.01733 0.23234 -1.0316 -1.4641 -1.2658 -0.71339 -2.7125 -0.0043361 0.75446 0.01733 -0.23234 0.50422 -1.5486 -1.6106 0.82066 -2.7042 -0.26319
2 9 108 -0.99293 2.9672 -3.6922 -0.8147 2.211 -2.6991 -1.7723 2.1476 -2.4838 -1.7586 1.1048 -1.2265 -2.0725 -0.39127 -1.0237 0.13597 2.2905 -2.9384 0.87176 1.1236 -2.0633 1.3675 -0.28579 -2.4446 -0.75786 -0.027252 0.22002 -1.0158 -1.4574 -1.2973 -0.68483 -2.6057 0.05279 0.75786 0.027252 -0.22002 0.53496 -1.5252 -1.6181 0.84137 -2.604 -0.20632
2 31 108 -0.66559 3.3583 -3.4127 -0.50851 2.5098 -2.4956 -1.4675 2.4763 -2.2798 -1.71 0.9049 -1.9047 -2.1258 -0.39496 -2.6224 0.4442 2.5612 -2.7345 1.0499 1.0533 -2.5673 1.2163 -0.26391 -3.3515 -0.7661 0.038656 0.18732 -1.1832 -1.0066 -1.5869 -0.91196 -2.4392 -0.52622 0.7661 -0.038656 -0.18732 0.37524 -1.0124 -2.0076 0.65768 -2.3741 -0.86004
2 32 108 -0.7313 3.0832 -3.6484 -0.55316 2.3101 -2.6701 -1.5099 2.2783 -2.4445 -1.7214 0.80285 -1.7759 -2.1195 -0.61789 -2.2239 0.39691 2.3578 -2.92 1.098 0.96049 -2.4461 1.3227 -0.50534 -2.8685 -0.76565 0.041699 0.1885 -1.1682 -1.07 -1.5483 -0.87873 -2.5028 -0.49274 0.76565 -0.041699 -0.1885 0.36651 -1.108 -1.9543 0.66365 -2.4642 -0.80397
2 33 108 -0.80326 2.7665 -3.8771 -0.60273 2.0883 -2.8331 -1.5574 2.0622 -2.598 -1.7435 0.74715 -1.6468 -2.0838 -0.75167 -1.7709 0.34483 2.1283 -3.0937 1.1358 0.91968 -2.3306 1.3897 -0.60015 -2.3882 -0.76616 0.040777 0.18662 -1.1468 -1.1647 -1.4916 -0.89058 -2.6282 -0.47005 0.76616 -0.040776 -0.18662 0.35133 -1.2153 -1.8786 0.68682 -2.6047 -0.77957
2 54 96 -0.64887 1.9289 -4.3752 -0.54215 1.4864 -3.1965 -1.5166 1.471 -3.064 -1.819 1.007 -1.5271 -2.1617 -0.36042 -0.90237 0.4279 1.5108 -3.357 1.2039 1.0239 -2.0045 1.7208 -0.27887 -1.3616 -0.77498 0.027229 0.14888 -0.81699 -1.8727 -0.7471 -0.88998 -3.5904 -0.20401 0.77498 -0.027229 -0.14888 0.62653 -1.9391 -1.0075 0.78303 -3.5536 -0.22023
2 56 108 -1.4809 1.9422 -4.1589 -1.1483 1.5224 -3.0139 -2.0801 1.4976 -2.7 -2.0627 1.4758 -1.0666 -2.3724 0.55327 0.12948 -0.22629 1.556 -3.3546 0.86933 1.4847 -2.1449 1.8616 0.56874 -1.4005 -0.7317 0.021492 0.29606 -0.93258 -1.8831 -0.56785 -0.89133 -3.5939 0.00016671 0.7317 -0.021492 -0.29606 0.42447 -1.945 -1.0834 0.73626 -3.5647 -0.35521
2 57 108 -1.4607 1.8792 -4.1939 -1.1318 1.482 -3.04 -2.0642 1.4539 -2.7282 -2.0436 1.6198 -1.1032 -2.4012 0.93059 0.22904 -0.20911 1.5184 -3.3787 0.8743 1.6398 -2.162 1.9862 0.9053 -1.3863 -0.73495 0.016918 0.28819 -0.93653 -1.8724 -0.60854 -0.88579 -3.5716 -0.0077911 0.73495 -0.016918 -0.28819 0.43117 -1.9307 -1.1003 0.74057 -3.5446 -0.35849
2 58 108 -1.4384 1.7787 -4.2446 -1.119 1.4074 -3.0793 -2.0549 1.3749 -2.7787 -2.0177 1.6954 -1.1772 -2.4171 1.1902 0.22379 -0.19254 1.4475 -3.4072 0.85587 1.7422 -2.1895 2.0391 1.1201 -1.4209 -0.73785 0.012627 0.28091 -0.94962 -1.8454 -0.67681 -0.88128 -3.5255 -0.026177 0.73785 -0.012627 -0.28091 0.44175 -1.9024 -1.15 0.74666 -3.5005 -0.37299
2 59 108 -1.4129 1.6634 -4.3 -1.1075 1.3187 -3.1234 -2.0455 1.279 -2.83 -1.9829 1.712 -1.2561 -2.4195 1.3134 0.16808 -0.17894 1.3656 -3.4442 0.82084 1.7821 -2.2212 2.034 1.1928 -1.4738 -0.74076 0.010248 0.27324 -0.96138 -1.8044 -0.76239 -0.87159 -3.4552 -0.042852 0.74076 -0.010248 -0.27324 0.45096 -1.8631 -1.2205 0.74638 -3.4329 -0.38433
2 66 96 -0.28343 2.7471 -3.9675 -0.28586 2.0097 -2.9473 -1.2671 1.9504 -2.9166 -1.5166 0.49018 -2.228 -1.9177 -0.70183 -3.1201 0.69326 2.0838 -3.0037 1.1343 0.57717 -2.5516 1.2789 -0.55439 -3.589 -0.78586 -0.016834 0.075084 -0.84928 -1.4613 -1.4493 -0.79821 -2.5888 -0.043255 0.78586 0.016834 -0.075084 0.89813 -1.5408 -1.4805 0.88423 -2.5713 -0.0010431
