0 5 228 0.6113 4.7961 0.30806 0.34556 3.5641 0.19251 1.0206 3.4598 -0.51519 1.5158 2.5532 -1.7807 2.6499 2.901 -2.7658 -0.32292 3.6976 0.90152 -0.31356 2.5585 2.0725 0.7216 2.4184 3.2068 0.72613 -0.047015 -0.30663 0.88086 -1.8202 0.80966 1.1523 -3.6019 0.75543 -0.72613 0.047015 0.30663 -0.68586 -2.0158 -0.090179 -0.61798 -3.4745 -1.1477
0 6 216 0.61424 4.7888 0.37986 0.33098 3.5613 0.25253 1.0369 3.4635 -0.42531 1.4679 2.5874 -1.735 2.5199 2.9631 -2.798 -0.36837 3.6881 0.93238 -0.3026 2.5372 2.09 0.8006 2.421 3.161 0.75976 -0.047612 -0.20976 0.71671 -1.7985 0.95073 0.98524 -3.5814 0.9662 -0.75976 0.047612 0.20976 -0.64422 -2.0086 -0.20609 -0.36493 -3.4515 -1.2506
0 7 204 0.60869 4.7798 0.45848 0.31045 3.5579 0.31294 1.056 3.4632 -0.32158 1.4333 2.6214 -1.6699 2.424 3.0146 -2.7842 -0.42855 3.6815 0.95007 -0.30787 2.5226 2.0951 0.85081 2.4391 3.1091 0.78086 -0.050315 -0.10596 0.52553 -1.7775 1.0628 0.77634 -3.5613 1.1399 -0.78086 0.050314 0.10596 -0.58801 -2.0005 -0.30771 -0.09999 -3.4268 -1.2969
0 23 228 0.34683 4.7869 0.62667 0.098242 3.5542 0.47763 0.82373 3.5279 -0.18595 1.1201 2.5808 -1.4836 2.1056 2.7617 -2.6557 -0.62219 3.6096 1.1449 0.18657 2.5695 2.1107 1.7245 2.5973 2.2184 0.77233 0.00053406 -0.16431 0.81445 -1.8119 0.89764 1.093 -3.5922 0.83693 -0.77233 -0.0005343 0.16431 -0.86097 -2.0989 0.10797 -0.66031 -3.5035 -1.0046
0 24 240 0.37796 4.7913 0.60083 0.13871 3.5559 0.45715 0.84403 3.5337 -0.22798 1.1226 2.5973 -1.5373 2.1218 2.79 -2.6958 -0.56157 3.6074 1.1459 0.21718 2.5823 2.1516 1.7281 2.5718 2.4593 0.75796 -0.0019205 -0.22133 0.95453 -1.8372 0.78231 1.2268 -3.6106 0.60365 -0.75796 0.0019205 0.22133 -0.87685 -2.0954 0.26042 -0.86634 -3.5279 -0.83447
0 25 252 0.40407 4.7939 0.57308 0.1671 3.5573 0.43581 0.85361 3.5315 -0.26804 1.1437 2.6028 -1.5804 2.1528 2.7992 -2.7296 -0.5143 3.6123 1.1429 0.22799 2.6018 2.1902 1.6782 2.5546 2.7121 0.73772 0.00046086 -0.28155 1.0742 -1.8588 0.63736 1.3099 -3.6233 0.3513 -0.73772 -0.0004611 0.28155 -0.86367 -2.0931 0.42063 -1.033 -3.5536 -0.62303
0 26 264 0.44231 4.7974 0.52079 0.20171 3.5603 0.39417 0.85951 3.5279 -0.33632 1.1773 2.6078 -1.6483 2.2192 2.8002 -2.7686 -0.45077 3.622 1.1275 0.24868 2.6313 2.222 1.6004 2.5496 2.9595 0.71162 -0.0027633 -0.34217 1.1668 -1.8863 0.46982 1.3406 -3.6399 0.088132 -0.71162 0.0027628 0.34217 -0.81547 -2.0836 0.56748 -1.1488 -3.5771 -0.38596
0 33 336 0.50231 4.8154 0.29627 0.28836 3.5703 0.20542 0.82539 3.547 -0.61824 1.7347 2.5305 -1.5174 3.2708 2.48 -1.6428 -0.2438 3.623 1.0309 -0.48899 2.8551 2.4518 -0.12377 2.8826 3.9496 0.42232 0.0069962 -0.66715 0.98428 -2.0149 -0.56447 0.46758 -3.677 -1.0349 -0.42232 -0.0069962 0.66715 -0.059518 -2.0121 1.1794 -0.76224 -3.6724 1.16
0 34 348 0.51486 4.8159 0.26678 0.30408 3.5697 0.18501 0.80422 3.5477 -0.66159 1.7539 2.5003 -1.48 3.2937 2.4206 -1.4897 -0.1913 3.6211 1.0331 -0.54096 2.8827 2.4478 -0.2784 2.9387 3.9662 0.3459 0.01196 -0.70973 0.84622 -2.0286 -0.69561 0.23036 -3.6782 -1.0833 -0.3459 -0.01196 0.70973 0.13014 -2.0012 1.1898 -0.53447 -3.6724 1.3173
0 38 24 0.45298 4.8187 0.28488 0.27268 3.5727 0.15445 0.82729 3.5538 -0.65759 1.9559 2.4149 -0.97043 3.2915 2.284 -0.21092 -0.27764 3.6212 0.96819 -1.2329 2.8648 2.0564 -1.7139 3.0196 3.5132 0.17596 0.031559 -0.76912 0.3653 -2.0581 -0.87841 -0.4893 -3.6441 -0.95041 -0.17596 -0.031559 0.76912 0.66577 -1.9382 1.0349 0.32667 -3.6637 1.4328
0 39 36 0.43942 4.8166 0.30646 0.26525 3.5725 0.1593 0.79425 3.5589 -0.66975 1.9118 2.3956 -0.92784 3.1795 2.2715 -0.058934 -0.25961 3.6156 0.98998 -1.2591 2.8218 2.0095 -1.8289 2.98 3.4336 0.098119 0.04159 -0.78239 0.17974 -2.0558 -0.87556 -0.70047 -3.628 -0.81023 -0.098118 -0.041591 0.78239 0.83663 -1.919 0.90811 0.61405 -3.6552 1.3406
0 41 48 0.39485 4.8062 0.39229 0.25131 3.5715 0.17403 0.87322 3.5718 -0.58793 1.9688 2.3622 -0.51433 2.8308 2.2593 0.76002 -0.36715 3.6007 0.93825 -1.6008 2.7397 1.575 -2.5505 2.8322 2.7863 0.081138 0.047052 -0.78403 0.030632 -2.053 -0.82266 -0.87646 -3.6009 -0.64317 -0.081138 -0.047052 0.78403 0.94943 -1.878 0.77937 0.8726 -3.6349 1.1771
0 42 60 0.42422 4.7997 0.37006 0.26882 3.5715 0.13564 0.83793 3.5777 -0.66651 1.9105 2.3505 -0.55544 2.6678 2.2646 0.785 -0.29686 3.5948 0.93989 -1.5398 2.7006 1.5093 -2.528 2.7265 2.6927 -0.025674 0.045931 -0.78786 -0.1143 -2.0532 -0.79957 -0.99465 -3.5887 -0.4561 0.025674 -0.045931 0.78786 1.0716 -1.8576 0.5923 1.0962 -3.6225 0.96024
0 44 72 0.4196 4.7818 0.391 0.26909 3.572 0.093483 0.85269 3.5969 -0.69781 1.8346 2.35 -0.31063 2.1069 2.299 1.2063 -0.31157 3.5767 0.88732 -1.6371 2.6576 1.1463 -2.8755 2.4578 2.043 -0.1039 0.040276 -0.78172 -0.25102 -2.0555 -0.76413 -1.0963 -3.5619 -0.24733 0.1039 -0.040276 0.78172 1.1407 -1.8276 0.40136 1.2528 -3.6014 0.70442
0 45 72 0.38652 4.7749 0.42183 0.26404 3.5718 0.095246 0.90947 3.6027 -0.64627 1.7813 2.3545 -0.054053 1.646 2.3302 1.4818 -0.37887 3.5706 0.83957 -1.7192 2.6374 0.87754 -3.0956 2.2931 1.4814 -0.06839 0.038 -0.78573 -0.24006 -2.0559 -0.76661 -1.1088 -3.5515 -0.25716 0.06839 -0.038 0.78573 1.1287 -1.8158 0.42565 1.2509 -3.5934 0.70142
0 105 312 0.32412 4.8283 0.20402 0.28847 3.569 0.19132 1.0491 3.4944 -0.42777 1.9129 2.3731 0.38769 2.4636 2.4471 1.8261 -0.46785 3.6731 0.81143 0.049764 2.6799 2.0007 1.4168 2.4757 2.6843 0.59848 -0.0089393 -0.51501 0.93545 -2.0483 -0.13833 0.60343 -3.7506 -0.6312 -0.59848 0.0089388 0.51501 -0.40084 -2.0371 0.94976 -0.93593 -3.726 0.61479
1 22 156 0.4994 4.7925 0.453 0.39959 3.5434 0.30017 0.76391 3.5844 -0.6125 1.1713 3.5113 -2.1928 1.6138 4.3168 -3.431 0.036162 3.5323 1.214 -0.68778 2.9232 2.5458 -1.0158 3.2475 4.0172 0.23168 0.032543 -0.75416 1.1723 -1.8257 -1.0309 0.48305 -3.3349 -1.7368 -0.23168 -0.032543 0.75416 -0.038681 -1.9462 1.5996 -1.2173 -3.3027 1.7473
1 23 156 0.53737 4.7841 0.45498 0.4479 3.5348 0.29785 0.80627 3.5798 -0.61698 1.1985 3.4409 -2.1967 1.6454 4.1714 -3.479 0.090259 3.5196 1.2139 -0.64454 2.8892 2.5298 -0.98936 3.1804 4.0042 0.2326 0.028409 -0.75405 1.1118 -1.8553 -1.059 0.48473 -3.3942 -1.7588 -0.2326 -0.028409 0.75405 -0.074815 -1.9726 1.5349 -1.2083 -3.3611 1.7301
1 32 144 0.92455 4.6708 0.83116 0.79826 3.4259 0.64307 1.33 3.4613 -0.1836 1.7269 2.459 -1.411 2.843 2.2151 -2.4466 0.27076 3.4198 1.4732 -0.65619 2.2658 2.1643 -0.94717 1.7836 3.5997 0.38961 0.034796 -0.68592 1.0494 -1.9584 -0.60848 0.68 -3.6289 -1.1778 -0.38961 -0.034796 0.68592 -0.10407 -2.0421 1.2367 -1.0663 -3.5649 1.1574
1 33 144 1.0334 4.633 0.91822 0.88603 3.3957 0.70337 1.4254 3.4379 -0.11801 1.6664 2.2415 -1.204 2.7515 1.6371 -2.1177 0.35203 3.3824 1.5292 -0.50855 2.0927 2.0439 -0.7356 1.2928 3.3425 0.38518 0.039126 -0.68819 1.0368 -1.9433 -0.44406 0.52636 -3.6239 -0.85153 -0.38518 -0.039126 0.68819 0.10989 -2.0099 1.2223 -0.79592 -3.5296 0.87466
1 35 132 0.99013 4.5705 1.2419 0.85571 3.3519 0.93769 1.5727 3.3891 0.26541 1.6562 1.9356 -0.47566 2.5941 0.78342 -0.88858 0.14444 3.343 1.6169 -0.55395 1.8665 1.6441 -0.86458 0.64539 2.533 0.52182 0.027174 -0.592 0.9707 -1.9344 0.012136 0.3542 -3.5584 -0.47115 -0.52182 -0.027174 0.592 0.16864 -1.9383 1.126 -0.53222 -3.4266 0.38801
1 37 120 0.93714 4.4572 1.6125 0.83839 3.2501 1.258 1.6823 3.2643 0.753 1.5345 1.7338 0.20134 2.1442 0.31916 0.13148 -0.00030586 3.2639 1.7715 -0.46101 1.7355 1.4243 -0.73463 0.33807 2.0159 0.62921 0.016521 -0.47679 1.0305 -1.7894 0.51913 0.42294 -3.3001 -0.25531 -0.62921 -0.016521 0.47679 0.13644 -1.8141 1.2493 -0.49679 -3.1686 0.24167
1 40 120 0.94612 4.476 1.5774 0.81266 3.2731 1.2193 1.6443 3.2757 0.69418 1.5302 1.7324 0.17061 2.1895 0.33893 0.13548 -0.013034 3.2984 1.7531 -0.4793 1.7479 1.5356 -0.65253 0.41379 2.2891 0.6357 0.012387 -0.46822 1.212 -1.6085 0.73796 0.45682 -2.984 -0.15016 -0.6357 -0.012387 0.46822 0.13619 -1.6658 1.5097 -0.45998 -2.8938 0.33175
1 42 132 0.93015 4.6387 1.0397 0.77457 3.4091 0.79029 1.4836 3.4105 0.10865 1.5525 1.916 -0.54743 2.5564 0.83295 -0.99101 0.071267 3.4366 1.4773 -0.54193 1.9334 1.66 -0.71451 0.96304 2.8459 0.54221 0.0043054 -0.57401 1.1202 -1.8747 0.16736 0.39798 -3.4147 -0.43076 -0.54221 -0.0043058 0.57401 0.11003 -1.8702 1.2863 -0.51145 -3.3251 0.42155
2 104 312 1.2617 4.4273 1.5265 0.98667 3.2615 1.1323 1.7094 3.2481 0.46528 1.3878 2.0069 -0.54711 1.6728 0.65314 -1.2281 0.27353 3.3015 1.8084 -0.62408 1.9978 1.4041 -1.0476 0.51517 1.4047 0.57721 0.015883 -0.53858 1.2375 -1.831 0.21471 0.83938 -3.4807 -0.39414 -0.57721 -0.015883 0.53858 0.015535 -1.9046 1.2427 -0.63425 -3.4545 0.58975
2 105 312 1.1595 4.4883 1.4247 0.91114 3.3055 1.0633 1.6331 3.2936 0.3955 1.3002 2.0766 -0.64227 1.5992 0.75382 -1.376 0.198 3.3446 1.7395 -0.6962 2.0431 1.3209 -1.1129 0.55857 1.3108 0.57937 0.016369 -0.53624 1.1884 -1.877 0.14094 0.80791 -3.5369 -0.45135 -0.57938 -0.016369 0.53624 -0.043811 -1.9474 1.1676 -0.67441 -3.5176 0.54501
3 70 84 -0.2353 4.8161 0.12527 0.018647 3.585 0.050436 0.35478 3.6271 -0.87293 1.7329 2.7749 -1.0807 2.9158 3.6351 -0.5923 -0.32042 3.5726 0.97361 -1.4489 2.3969 1.0879 -1.7921 1.0581 1.7716 0.10962 0.022611 -0.78165 -0.57054 -1.9446 -0.49585 -1.2306 -3.6041 -0.24829 -0.10962 -0.022611 0.78165 1.5301 -1.336 0.80488 0.94819 -3.0324 0.61953
3 82 276 0.51112 4.8023 -0.020182 0.22844 3.5739 0.05864 0.4904 3.561 1.0066 1.6416 2.424 1.2311 1.7045 1.009 1.8408 -0.028962 3.6163 -0.88968 -0.97602 2.3955 -1.4201 -2.2844 3.1025 -1.0129 0.068633 -0.026285 0.78619 -1.8463 -0.89013 0.81805 -0.23438 -1.6697 0.60622 -0.068633 0.026285 -0.78619 0.36155 -2.0245 -0.63222 0.73953 -3.7803 -0.47421
4 16 300 0.61277 4.5568 1.5471 0.4648 3.3645 1.1492 1.3287 3.4039 0.68075 1.4906 2.1455 -0.34832 2.0578 1.0413 0.56638 -0.39445 3.3527 1.6277 -0.6178 1.7419 1.7834 0.4054 2.1578 2.8594 0.69032 0.035894 -0.38167 1.2279 -1.8771 0.30087 0.47849 -2.5675 -1.1867 -0.69032 -0.035894 0.38167 0.034698 -1.9266 0.94181 -0.20749 -3.2028 -0.30866
4 17 300 0.60229 4.5489 1.5693 0.42705 3.3575 1.1788 1.286 3.3859 0.7005 1.4193 2.2284 -0.44452 2.0427 1.11 0.41466 -0.42688 3.3568 1.6668 -0.63851 1.7527 1.8922 0.40295 2.2795 2.8999 0.7066 0.039956 -0.35016 1.3087 -1.7234 0.62051 0.8058 -2.7447 -0.77769 -0.7066 -0.039955 0.35016 -0.091984 -2.0126 0.73109 -0.34984 -3.2337 -0.57023
4 19 312 0.79995 4.5705 1.3966 0.51977 3.3772 1.0776 1.2492 3.4003 0.41826 1.054 2.3439 -0.81245 1.953 1.2351 -0.2293 -0.20278 3.3819 1.7449 -0.42091 1.7842 2.0064 0.8324 2.3108 2.7341 0.65613 0.054227 -0.43594 1.371 -1.6607 0.545 1.3816 -3.33 -0.13655 -0.65613 -0.054227 0.43594 -0.35058 -2.1302 0.33046 -0.87943 -3.2954 -0.93978
4 20 312 0.72443 4.5894 1.3658 0.43902 3.3953 1.0541 1.1702 3.4148 0.39658 0.96223 2.3437 -0.81926 1.917 1.2551 -0.28923 -0.28557 3.4039 1.7191 -0.56591 1.8072 1.9207 0.69734 2.2349 2.6946 0.6756 0.057014 -0.40474 1.2922 -1.738 0.49629 1.681 -3.4865 0.2893 -0.6756 -0.057014 0.40474 -0.55052 -2.1341 0.11412 -1.0684 -3.2796 -1.1784
4 22 324 0.81362 4.6353 1.1175 0.47436 3.4362 0.89178 1.1081 3.4376 0.13959 0.7632 2.2776 -0.95775 1.8451 1.223 -0.64955 -0.15197 3.4631 1.6496 -0.56234 1.8879 1.7876 0.82931 2.0299 2.4363 0.62864 0.059127 -0.47414 1.3753 -1.7734 0.23197 1.9027 -3.4962 0.16409 -0.62864 -0.059127 0.47414 -0.6717 -2.1173 0.054396 -1.5896 -2.9832 -1.2335
4 24 336 0.78594 4.6193 1.1412 0.43449 3.4173 0.953 1.0355 3.4056 0.1745 0.80676 2.1634 -0.86152 1.9328 1.1673 -0.51846 -0.15868 3.4573 1.7365 -0.72159 1.9246 1.7897 0.66692 1.7164 2.4271 0.57229 0.11788 -0.53112 1.4614 -1.6149 0.25705 1.5615 -3.3096 -0.35031 -0.57229 -0.11788 0.53112 -0.3429 -2.2043 0.43964 -1.671 -2.512 -0.7403
4 25 336 0.74197 4.6034 1.2422 0.38945 3.4086 1.0142 1.0484 3.3902 0.28425 1.0588 2.0951 -0.71144 2.1521 1.1559 -0.16323 -0.26131 3.455 1.7502 -0.95032 1.9806 1.608 0.27283 1.5673 2.451 0.58468 0.12762 -0.51514 1.438 -1.5895 0.34376 1.3797 -3.2179 -0.42813 -0.58468 -0.12762 0.51514 -0.13785 -2.1748 0.66861 -1.3986 -2.3417 -0.60952
4 26 348 0.89822 4.5918 1.1893 0.51748 3.4013 0.98661 1.101 3.3882 0.19499 1.1046 2.0432 -0.73221 2.2886 1.2386 -0.15918 -0.05704 3.4421 1.7839 -0.89037 2.0479 1.6093 0.32313 1.5138 2.3966 0.50125 0.13716 -0.5945 1.4113 -1.6314 0.082422 1.0509 -3.1791 -0.76958 -0.50125 -0.13716 0.5945 0.23376 -2.0767 0.92968 -1.1276 -2.2966 -0.23182
4 27 348 0.7965 4.5783 1.3273 0.46014 3.3855 1.0677 1.1522 3.374 0.36889 1.3308 2.0004 -0.49712 2.4541 1.4021 0.37354 -0.22378 3.4249 1.7734 -1.1278 2.1044 1.4451 -0.063983 1.5293 2.4018 0.54585 0.13895 -0.55339 1.2907 -1.7331 0.042224 0.83271 -3.2084 -0.88773 -0.54585 -0.13895 0.55339 0.39363 -1.9126 1.1745 -0.73023 -2.3907 -0.15189
4 65 108 0.68624 4.5973 1.3686 0.44335 3.3853 1.0946 1.0776 3.4577 0.3464 0.83138 2.2399 -0.71425 1.8479 1.4946 0.17397 -0.1847 3.3412 1.8503 -0.6827 1.7875 1.7684 0.69911 1.9632 2.4297 0.60012 0.10106 -0.50313 1.2374 -1.7148 0.33997 1.3449 -3.514 0.29167 -0.60012 -0.10106 0.50313 -0.45552 -2.0836 -0.17711 -1.2803 -2.9005 -1.5567
4 67 120 0.8232 4.6065 1.212 0.52637 3.3914 1.0201 1.1265 3.4077 0.2411 0.9483 2.1356 -0.76815 2.0205 1.5116 0.14761 -0.066229 3.4033 1.805 -0.75725 1.9255 1.7191 0.64724 1.827 2.3479 0.54396 0.11783 -0.56011 1.232 -1.6879 0.26477 0.86828 -3.359 -0.3061 -0.54396 -0.11783 0.56011 -0.24732 -2.1897 0.3764 -1.4466 -2.425 -0.94923
4 68 120 0.82512 4.5779 1.2924 0.50903 3.3706 1.0883 1.1682 3.3651 0.3583 1.1742 2.0685 -0.63551 2.1495 1.5509 0.44086 -0.14192 3.404 1.8249 -0.96898 2.0141 1.5952 0.31148 1.6971 2.3938 0.56664 0.12681 -0.5351 1.1958 -1.7118 0.26375 0.65072 -3.2525 -0.49786 -0.56664 -0.12681 0.5351 -0.075396 -2.1584 0.74901 -1.2043 -2.2826 -0.65133
5 18 300 0.71113 4.7648 0.57685 0.46797 3.5309 0.42782 1.1449 3.5063 -0.28527 0.9173 2.0415 -0.97184 1.4812 0.65679 -1.349 -0.20302 3.5843 1.145 -0.39066 1.9985 1.4896 0.29028 0.86129 2.2774 0.59937 -0.030692 -0.51314 1.3623 -1.7117 0.49006 1.736 -3.4742 0.56032 -0.59937 0.030692 0.51314 -0.57853 -2.0576 0.28282 -1.2134 -3.4409 -0.68373
5 21 312 0.83115 4.7586 0.45059 0.55129 3.5265 0.36324 1.1118 3.4766 -0.44339 0.82834 1.9896 -1.0575 1.3399 0.60751 -1.5111 -0.0023036 3.6052 1.1724 -0.43842 2.0474 1.3996 -0.01615 0.71955 2.0601 0.51201 -0.016468 -0.6009 1.4061 -1.7263 0.23061 1.5334 -3.518 0.073725 -0.51201 0.016468 0.6009 -0.66821 -2.0621 0.33725 -1.6316 -3.2972 -0.5556
5 22 312 0.83743 4.7555 0.46341 0.55366 3.5242 0.37739 1.1409 3.4625 -0.40922 0.91169 1.9613 -1.0115 1.4603 0.58059 -1.4242 -0.026484 3.6147 1.1664 -0.53067 2.0724 1.3563 -0.30289 0.68988 2 0.53632 -0.017689 -0.57926 1.372 -1.7619 0.24141 1.4274 -3.5508 0.02255 -0.53632 0.017689 0.57926 -0.6778 -2.0707 0.39759 -1.6659 -3.2335 -0.56285
5 24 324 0.96148 4.7368 0.37442 0.64412 3.5112 0.33201 1.1593 3.4195 -0.50079 0.95839 1.8993 -1.0641 1.5378 0.52789 -1.4657 0.13662 3.6317 1.1658 -0.43488 2.1215 1.4137 -0.38251 0.70627 2.0235 0.46874 -0.012163 -0.63532 1.3095 -1.8294 0.001208 1.1831 -3.6004 -0.31265 -0.46874 0.012163 0.63532 -0.43475 -2.086 0.73885 -1.6373 -3.0523 -0.19442
5 25 324 0.98063 4.7297 0.41058 0.64594 3.5093 0.35706 1.2086 3.4084 -0.44329 1.1186 1.8817 -1.0178 1.7696 0.52154 -1.3398 0.091403 3.6389 1.159 -0.53143 2.1445 1.3771 -0.54848 0.73233 1.9961 0.49559 -0.013777 -0.61458 1.2645 -1.8616 0.024703 1.0764 -3.6174 -0.33956 -0.49559 0.013777 0.61458 -0.33788 -2.0687 0.84459 -1.4987 -2.9888 -0.18334
5 26 324 0.99371 4.7244 0.44078 0.64495 3.5087 0.37551 1.2547 3.4003 -0.38858 1.296 1.8655 -0.94668 2.0073 0.52193 -1.2049 0.043631 3.6455 1.1417 -0.60986 2.1593 1.3225 -0.65508 0.75335 1.9541 0.52271 -0.018206 -0.59156 1.2253 -1.8904 0.053194 0.97382 -3.6245 -0.37156 -0.52271 0.018206 0.59156 -0.22999 -2.0298 0.9579 -1.3019 -3.0053 -0.1147
5 65 60 0.97468 4.723 0.38746 0.58283 3.5224 0.32434 1.2755 3.4126 -0.36528 1.468 1.8955 -0.93968 2.2806 0.61154 -1.2022 -0.10236 3.6609 1.0162 -0.59076 2.1162 1.2259 -0.26172 0.83508 2.0185 0.55137 -0.021919 -0.56481 1.123 -1.968 -0.016953 0.74135 -3.6488 -0.54627 -0.55137 0.021919 0.56481 -0.021548 -1.9307 1.1313 -0.8007 -3.1636 0.071201
5 66 60 0.9602 4.7213 0.43837 0.56891 3.5216 0.35458 1.3053 3.404 -0.28675 1.6206 1.8873 -0.80531 2.5329 0.65115 -0.93769 -0.15999 3.6679 0.99852 -0.64977 2.1189 1.1703 -0.37437 0.83401 1.9771 0.58875 -0.024172 -0.52563 1.0729 -1.9928 0.026059 0.6531 -3.6489 -0.55002 -0.58875 0.024171 0.52563 -0.0072347 -1.8876 1.1747 -0.5822 -3.2602 0.15676
5 67 60 0.92804 4.7216 0.49641 0.54161 3.5219 0.39044 1.3169 3.3999 -0.20227 1.7456 1.8891 -0.65245 2.7415 0.71191 -0.64757 -0.22635 3.6726 0.98616 -0.71597 2.1198 1.1189 -0.50513 0.8232 1.9264 0.62068 -0.021945 -0.48762 1.0167 -2.0136 0.051675 0.56753 -3.6488 -0.56077 -0.62068 0.021945 0.48762 -0.0026528 -1.8482 1.2189 -0.3722 -3.3493 0.29094
5 69 72 0.92144 4.7276 0.42136 0.53673 3.5252 0.35443 1.2601 3.4155 -0.30293 1.7887 1.9249 -0.71174 2.92 0.8782 -0.66401 -0.17946 3.6638 1.0142 -0.64595 2.1066 1.1761 -0.39168 0.77087 1.9034 0.56164 -0.0080657 -0.55497 0.86209 -2.0538 -0.18223 0.24836 -3.6624 -0.71765 -0.56164 0.0080652 0.55497 0.2495 -1.7833 1.2949 0.12025 -3.4767 0.68958
5 70 72 0.86305 4.734 0.4716 0.4901 3.5294 0.38302 1.2431 3.4275 -0.24147 1.8441 1.9467 -0.58028 3.0221 0.96703 -0.40717 -0.25605 3.66 1.0104 -0.7253 2.1004 1.1375 -0.53581 0.74196 1.842 0.5767 0.00010967 -0.53937 0.78368 -2.0663 -0.22082 0.15736 -3.6687 -0.76008 -0.5767 -0.00010967 0.53937 0.26043 -1.7644 1.3144 0.26052 -3.5008 0.82887
