0 95 0 0.25994 4.8169 0.15382 0.11689 3.5752 0.046651 0.08609 3.5982 -0.93614 0.12693 4.2965 -2.4124 0.31164 5.8252 -2.3319 0.14698 3.582 1.0297 0.61803 4.1301 2.4948 1.1416 5.5803 2.5187 -0.04381 0.010769 -0.78833 0.39743 -2.0434 -0.7896 -0.18802 -3.7487 -0.78088 0.04381 -0.01077 0.78833 0.4013 -2.0753 0.94432 -0.30255 -3.7164 1.1936
0 95 168 -0.22228 4.8169 -0.2045 -0.10464 3.5752 -0.069935 -0.27884 3.5982 0.89779 -0.62573 4.2965 2.3333 -0.78966 5.8252 2.2161 0.070324 3.582 -1.0378 -0.085823 4.1301 -2.5688 -0.59293 5.5803 -2.701 -0.12105 0.010769 0.78021 -0.55291 -2.0434 0.68971 0.021561 -3.7487 0.8029 0.12105 -0.01077 -0.78021 -0.1962 -2.0753 -1.0071 0.5441 -3.7164 -1.1046
0 96 0 0.21516 4.8279 0.11326 0.11736 3.5755 0.030228 0.089158 3.583 -0.95289 0.45435 4.4369 -2.2968 0.89119 5.8913 -2.0288 0.14481 3.5979 1.0131 0.8781 4.2401 2.3241 1.5756 5.601 2.1267 -0.047627 0.010407 -0.78811 0.4081 -2.0406 -0.79279 -0.16251 -3.751 -0.79154 0.047627 -0.010407 0.78811 0.4171 -2.0732 0.9382 -0.27744 -3.719 1.1833
0 99 0 0.12212 4.8428 -8.8811e-05 0.1195 3.5784 -0.022854 0.1217 3.5479 -1.0059 1.4243 4.1457 -1.79 2.3509 5.2284 -1.2012 0.11727 3.6385 0.95885 1.4877 4.0849 1.7278 2.5804 4.9344 1.0482 -0.027659 0.0030518 -0.78913 0.45029 -2.0429 -0.79367 -0.10449 -3.7581 -0.82826 0.027658 -0.0030513 0.78913 0.42799 -2.0608 0.92942 -0.21597 -3.7298 1.1542
0 100 156 -0.13235 4.8437 -0.034585 -0.14167 3.5796 -0.022413 -0.5676 3.544 0.8634 -2.1661 3.8759 0.80434 -2.8341 4.8274 -0.2086 0.28273 3.6451 -0.90727 -0.8117 3.8713 -2.0988 -2.1814 4.5464 -1.8848 -0.3086 0.00036192 0.72682 -0.75141 -2.0435 0.52497 -0.2622 -3.7572 0.79877 0.3086 -0.0003624 -0.72682 -0.016169 -2.0535 -1.0324 0.64233 -3.7307 -0.9679
0 101 156 -0.17006 4.8428 -0.037499 -0.17921 3.5795 -0.028328 -0.61266 3.5415 0.85373 -2.2288 3.5686 0.6172 -2.9568 4.3776 -0.47519 0.25219 3.6473 -0.90961 -0.9254 3.609 -2.0412 -2.365 4.1247 -1.8429 -0.31922 -0.001101 0.72221 -0.76964 -2.0428 0.51514 -0.28193 -3.7554 0.79827 0.31922 0.001101 -0.72221 -0.024104 -2.0471 -1.0403 0.62056 -3.7294 -0.96771
0 102 156 -0.23103 4.8399 -0.043549 -0.22566 3.5776 -0.045104 -0.65996 3.5233 0.83569 -2.2283 3.2242 0.49008 -3.0324 3.887 -0.64653 0.20583 3.6615 -0.92495 -0.99153 3.3524 -1.9924 -2.4888 3.6893 -1.843 -0.32398 -0.00029087 0.72009 -0.78157 -2.0402 0.51119 -0.29682 -3.7529 0.79844 0.32398 0.00029135 -0.72009 -0.035679 -2.0436 -1.0479 0.60413 -3.7274 -0.968
1 0 312 -1.7835 4.1169 -1.8119 -1.4399 2.9854 -1.3715 -2.1375 2.9629 -0.67862 -1.7297 1.4612 -0.18139 -2.271 0.052876 -0.49972 -0.75309 3.034 -2.0739 -0.18521 1.5211 -1.8343 -0.52285 0.1268 -2.3996 -0.54014 0.00082231 0.57598 -1.3326 -1.4953 -0.66826 -0.83842 -3.0285 0.14154 0.54014 -0.00082231 -0.57598 -0.41839 -1.6161 -1.5174 0.48458 -2.9968 -0.79005
1 1 312 -1.7557 4.1439 -1.7755 -1.4236 3.0054 -1.3441 -2.1166 2.9876 -0.64641 -1.7261 1.4877 -0.13022 -2.323 0.078567 -0.31961 -0.74115 3.0496 -2.0509 -0.16429 1.5358 -1.8402 -0.37331 0.14445 -2.4712 -0.54094 -0.0035107 0.57521 -1.3822 -1.4418 -0.7046 -0.83575 -2.9327 0.14963 0.54094 0.0035105 -0.57521 -0.44885 -1.5634 -1.5648 0.48569 -2.8877 -0.77506
1 2 312 -1.6729 4.2132 -1.6887 -1.3669 3.0594 -1.2795 -2.06 3.0432 -0.58178 -1.7563 1.5452 -0.0049905 -2.4772 0.18226 0.013533 -0.68383 3.1023 -1.9858 -0.059645 1.5975 -1.8649 -0.059485 0.26607 -2.6427 -0.54114 -0.0068364 0.57499 -1.4211 -1.4051 -0.72301 -0.8241 -2.8549 0.16728 0.54114 0.0068364 -0.57499 -0.46138 -1.5288 -1.6002 0.4996 -2.7993 -0.75574
1 3 324 -1.8424 4.3038 -1.2149 -1.5003 3.1285 -0.90541 -2.0338 3.1177 -0.079241 -1.7591 1.6404 0.56174 -2.5571 0.41276 1.0451 -0.977 3.1666 -1.7373 -0.26384 1.7059 -1.9003 -0.17379 0.54603 -2.9123 -0.40923 -0.0068836 0.67526 -1.5579 -1.398 -0.40169 -0.75457 -2.8206 0.36106 0.40923 0.0068839 -0.67526 -0.78643 -1.5111 -1.5002 0.34982 -2.7455 -0.83994
1 4 324 -1.6855 4.3948 -1.1097 -1.377 3.2007 -0.83351 -1.9117 3.1954 -0.0079893 -1.8043 1.783 0.80584 -2.6796 0.8218 1.6351 -0.85153 3.234 -1.6642 -0.028132 1.8699 -2.025 0.3203 0.99632 -3.2469 -0.40718 -0.0071657 0.6765 -1.5326 -1.4546 -0.34953 -0.71862 -2.8802 0.39617 0.40718 0.0071654 -0.6765 -0.73234 -1.5559 -1.4967 0.39032 -2.7964 -0.82472
1 5 336 -1.6674 4.4907 -0.65682 -1.3579 3.2782 -0.47446 -1.715 3.2754 0.44198 -1.5511 1.9965 1.4452 -2.222 1.3785 2.6884 -1.0092 3.3095 -1.3936 -0.19614 2.0981 -2.1286 0.050895 1.5668 -3.5549 -0.25867 -0.0083079 0.746 -1.4813 -1.5763 0.067225 -0.57388 -3.0438 0.59079 0.25867 0.0083082 -0.746 -0.89259 -1.6618 -1.2935 0.27371 -2.9707 -0.87229
1 38 324 -1.7008 4.3646 -1.1608 -1.4298 3.1694 -0.86454 -1.9828 3.1772 -0.05122 -1.5429 1.6515 0.33282 -1.9733 0.18523 0.53886 -0.8863 3.1892 -1.684 -0.33026 1.6651 -1.4925 -0.391 0.23491 -2.0658 -0.36116 0.01937 0.70191 -1.3628 -1.6222 -0.1443 -0.37644 -3.0576 0.32232 0.36116 -0.019369 -0.70192 -0.78717 -1.6941 -1.2414 0.25909 -2.9581 -0.49414
1 39 324 -1.6624 4.3965 -1.1424 -1.3656 3.2089 -0.83951 -1.9148 3.2128 -0.02356 -1.4996 1.6814 0.36558 -1.951 0.2187 0.55085 -0.82648 3.2323 -1.6618 -0.29414 1.6924 -1.5442 -0.41861 0.27286 -2.1334 -0.36364 0.020119 0.70061 -1.4462 -1.5567 -0.16889 -0.39401 -2.9424 0.30398 0.36364 -0.020119 -0.70061 -0.81767 -1.6354 -1.3406 0.23644 -2.8449 -0.51792
2 0 156 -2.6611 3.8359 -1.2226 -1.8596 2.9528 -0.8025 -2.2849 2.9191 0.083737 -1.1477 2.625 1.2191 -0.82689 1.6837 2.3976 -1.4546 3.0067 -1.6972 0.16898 2.8813 -1.8276 1.3264 2.3106 -2.6716 -0.29146 0.012938 0.73374 -1.1035 -1.8841 0.33845 -0.43662 -3.5499 0.51448 0.29146 -0.012938 -0.73374 -0.46732 -1.9294 -1.1409 0.34654 -3.4966 -0.77716
2 1 156 -2.9003 3.6134 -1.3505 -2.0479 2.7952 -0.90043 -2.4761 2.7601 -0.015695 -1.258 2.665 1.0687 -0.75894 1.8565 2.2832 -1.641 2.849 -1.7942 -0.0084988 2.8947 -1.8348 1.2629 2.4268 -2.5712 -0.29627 0.014499 0.73179 -1.165 -1.8475 0.29311 -0.46197 -3.4955 0.49547 0.29627 -0.014499 -0.73179 -0.52232 -1.8983 -1.1739 0.32176 -3.4444 -0.78915
2 100 144 -2.0094 4.143 -1.5183 -1.5386 3.0502 -1.1067 -2.1157 3.0311 -0.31044 -1.925 1.5322 0.31057 -2.3321 0.060079 0.52218 -0.97603 3.0935 -1.9122 -0.34469 1.591 -2.0247 -0.3325 0.09228 -2.3871 -0.44626 0.013217 0.65129 -1.5353 -1.5747 -0.18941 -0.95229 -3.1874 0.36764 0.44626 -0.013217 -0.65129 -0.59191 -1.6745 -1.4107 0.28163 -3.1553 -0.86762
2 101 144 -1.9084 4.2178 -1.4429 -1.4645 3.1062 -1.0511 -2.0344 3.0898 -0.24968 -1.7258 1.6604 0.47852 -2.0288 0.19852 0.86428 -0.90845 3.1474 -1.8613 -0.15909 1.6958 -1.8589 0.081146 0.1963 -2.1263 -0.44598 0.012243 0.6515 -1.4694 -1.6434 -0.13959 -0.90077 -3.2623 0.41396 0.44598 -0.012243 -0.6515 -0.51545 -1.7372 -1.3687 0.3334 -3.2338 -0.82955
2 102 156 -2.0416 4.2888 -0.97673 -1.5595 3.1597 -0.69437 -1.9519 3.14 0.2073 -1.3824 1.7848 0.92005 -1.4889 0.35405 1.4851 -1.1816 3.205 -1.6013 -0.33062 1.8128 -1.6818 -0.014113 0.32554 -1.9377 -0.30337 0.014239 0.72888 -1.382 -1.7118 0.20788 -0.72987 -3.3394 0.62795 0.30337 -0.014239 -0.72888 -0.69872 -1.7978 -1.2074 0.21592 -3.3114 -0.85612
