0 46 132 0.5688 4.7702 -0.10621 0.22265 3.5705 -0.19148 -0.045469 3.6012 -1.1373 0.99053 2.3657 -1.4 1.9961 2.3564 -0.23107 0.49456 3.5694 0.75373 -0.26774 2.594 1.8197 -0.69362 2.1236 3.2251 -0.70199 0.036216 -0.35972 -0.77248 -2.0565 -0.18709 -0.78793 -3.5429 0.83342 0.70199 -0.036216 0.35972 0.95413 -1.8093 -0.7389 1.2339 -3.5905 -0.73413
0 46 144 0.53428 4.7702 -0.22215 0.17797 3.5705 -0.23359 -0.28093 3.6012 -1.103 0.6778 2.3657 -1.5754 1.9044 2.3564 -0.64104 0.64047 3.5694 0.63444 0.11645 2.594 1.8356 -0.007932 2.1236 3.2988 -0.76144 0.036216 -0.20591 -0.7945 -2.0565 -0.022396 -0.59744 -3.5429 0.97903 0.76144 -0.036216 0.20591 0.77965 -1.8093 -0.92113 1.0543 -3.5905 -0.97463
0 47 132 0.59536 4.7635 -0.10489 0.24374 3.5677 -0.20903 0.016334 3.5975 -1.1655 1.0976 2.3766 -1.261 1.815 2.3876 0.10392 0.47516 3.5674 0.7469 -0.344 2.5328 1.7098 -0.86922 1.9703 3.046 -0.69033 0.036753 -0.38156 -0.75914 -2.0552 -0.19884 -0.79864 -3.5337 0.83236 0.69033 -0.036753 0.38156 0.97049 -1.8055 -0.71719 1.2412 -3.588 -0.73211
0 47 144 0.56054 4.7635 -0.22638 0.19495 3.5677 -0.25514 -0.22634 3.5975 -1.1434 0.81145 2.3766 -1.4616 1.7969 2.3876 -0.27571 0.62007 3.5674 0.63179 0.019008 2.5328 1.744 -0.21692 1.9703 3.1602 -0.75458 0.036753 -0.22969 -0.7839 -2.0552 -0.036656 -0.60814 -3.5337 0.98022 0.75458 -0.036753 0.22969 0.80017 -1.8055 -0.90329 1.0619 -3.588 -0.97418
0 48 132 0.62265 4.76 -0.10542 0.26652 3.5654 -0.21449 0.057222 3.5973 -1.175 1.1389 2.3734 -1.1455 1.621 2.4153 0.31854 0.48007 3.563 0.74559 -0.32666 2.4723 1.6557 -0.83538 1.8265 2.9603 -0.6788 0.038246 -0.40158 -0.74638 -2.0523 -0.20359 -0.80814 -3.5274 0.83142 0.6788 -0.038246 0.40158 0.98126 -1.8005 -0.70168 1.2423 -3.5843 -0.73218
0 48 144 0.58712 4.76 -0.23258 0.2161 3.5654 -0.26522 -0.18832 3.5973 -1.1612 0.87583 2.3734 -1.3573 1.6518 2.4153 -0.025447 0.6246 3.563 0.62948 0.024711 2.4723 1.6874 -0.20165 1.8265 3.0693 -0.74746 0.038246 -0.25167 -0.7724 -2.0523 -0.043959 -0.61762 -3.5274 0.98127 0.74746 -0.038246 0.25167 0.81393 -1.8005 -0.89036 1.0629 -3.5843 -0.97446
0 49 132 0.64158 4.7587 -0.10145 0.28259 3.5641 -0.21227 0.077146 3.6001 -1.1734 1.1317 2.3561 -1.0775 1.4759 2.444 0.42295 0.49251 3.5577 0.7486 -0.24933 2.4176 1.6534 -0.64415 1.7108 2.9657 -0.67371 0.039884 -0.4099 -0.73992 -2.0486 -0.1905 -0.81251 -3.527 0.83902 0.67371 -0.039884 0.4099 0.98369 -1.7975 -0.69865 1.2382 -3.5823 -0.72767
0 49 144 0.60646 4.7587 -0.23262 0.23229 3.5641 -0.26638 -0.16851 3.6001 -1.1638 0.88291 2.3561 -1.2893 1.5316 2.444 0.10685 0.63739 3.5577 0.62984 0.099876 2.4176 1.6691 -0.013457 1.7108 3.0349 -0.74421 0.039884 -0.26087 -0.76335 -2.0486 -0.032495 -0.62031 -3.527 0.98961 0.74421 -0.039884 0.26087 0.81694 -1.7975 -0.8879 1.0599 -3.5823 -0.96921
0 50 132 0.64924 4.7592 -0.099233 0.29033 3.5636 -0.20893 0.066453 3.6034 -1.1658 1.0936 2.3361 -1.079 1.4195 2.4716 0.42208 0.51885 3.5532 0.74764 -0.12106 2.3734 1.6789 -0.35881 1.6383 3.0134 -0.67691 0.041979 -0.40439 -0.73911 -2.0448 -0.16851 -0.82031 -3.5316 0.84835 0.67691 -0.04198 0.40439 0.98162 -1.8008 -0.70379 1.2319 -3.5863 -0.71907
0 80 0 0.4388 4.8313 -0.058991 0.32713 3.5722 -0.014607 0.12881 3.5234 -0.97672 -0.058384 1.9006 -0.99136 0.74582 0.71083 -1.5529 0.52897 3.6505 0.94482 0.67417 2.0298 1.0902 1.6529 0.84034 1.1603 -0.10558 0.017943 -0.78232 0.47291 -1.9974 -0.91676 -0.097423 -3.7071 -0.9662 0.10558 -0.017943 0.78232 0.52201 -2.0767 0.831 -0.29678 -3.6677 1.0527
0 81 0 0.45316 4.8298 -0.042821 0.34159 3.5703 -0.0071505 0.15055 3.5259 -0.97094 -0.14553 1.9195 -0.95194 0.39848 0.60516 -1.5472 0.53591 3.6441 0.95417 0.55918 2.0198 1.1265 1.4147 0.75372 1.3332 -0.096415 0.019852 -0.78346 0.48539 -1.9955 -0.90313 -0.098758 -3.7011 -0.9273 0.096415 -0.019853 0.78346 0.54118 -2.0717 0.86418 -0.29376 -3.6534 1.092
0 82 0 0.45516 4.8297 -0.022803 0.34539 3.5693 0.0037164 0.16222 3.535 -0.96201 -0.23602 1.9507 -0.94551 0.016747 0.56687 -1.577 0.53154 3.6332 0.96737 0.43595 2.018 1.1921 1.1472 0.70615 1.5805 -0.081141 0.020207 -0.78518 0.49237 -1.9988 -0.87905 -0.11297 -3.6972 -0.88411 0.081141 -0.020208 0.78518 0.5631 -2.0615 0.90893 -0.2912 -3.6328 1.1366
0 110 12 0.26645 4.8377 -0.15628 0.228 3.5758 -0.13091 0.064991 3.5081 -1.0985 0.21069 1.8878 -1.2482 1.3875 0.9185 -1.4787 0.39325 3.673 0.83376 0.72983 2.1165 1.1978 1.8887 1.11 1.0509 -0.12156 -0.012898 -0.7801 0.27589 -2.0752 -0.83701 -0.38402 -3.753 -0.81731 0.12156 0.012897 0.7801 0.5128 -2.0503 0.84657 -0.072369 -3.7328 1.1251
0 111 12 0.22657 4.8404 -0.14572 0.18523 3.5779 -0.11528 0.012967 3.5068 -1.081 -0.043874 1.8787 -1.2036 0.9238 0.74339 -1.5939 0.3593 3.6786 0.84748 0.46097 2.0935 1.2293 1.4964 0.9572 1.3494 -0.11654 -0.012548 -0.78087 0.24197 -2.0823 -0.82293 -0.43064 -3.7552 -0.81042 0.11654 0.012548 0.78087 0.47899 -2.0559 0.84763 -0.11664 -3.734 1.1306
3 10 276 -0.25174 4.7978 0.20032 0.072326 3.5818 0.11835 -0.07063 3.5686 -0.85466 0.27181 1.9986 -1.1487 1.6137 1.2394 -1.1228 0.21003 3.6244 1.0913 0.17382 2.0283 1.4376 1.3405 1.0302 1.295 -0.11304 0.056793 -0.77942 -0.71994 -1.9358 -0.5048 -1.7646 -3.3781 -0.2226 0.11304 -0.056793 0.77942 0.92678 -1.9382 0.31832 0.70095 -3.7003 0.010832
3 11 276 -0.1977 4.816 0.045611 0.079629 3.5867 0.011094 -0.06132 3.5464 -0.96146 0.1726 1.9504 -1.22 1.4218 1.0465 -1.2315 0.21667 3.6566 0.98254 0.25967 2.0665 1.3548 1.5843 1.3748 0.97451 -0.097351 0.026398 -0.78315 -0.2524 -2.0681 -0.72666 -1.6397 -3.1816 -0.43275 0.097351 -0.026398 0.78315 0.83476 -1.9354 0.3076 0.60629 -3.691 -0.0339
3 12 276 -0.1873 4.8155 -0.03478 0.082506 3.584 -0.021985 -0.020938 3.5159 -0.9977 0.16422 1.9095 -1.2299 1.3491 0.92298 -1.2082 0.18228 3.6816 0.95161 0.25319 2.0964 1.3399 1.6439 1.6521 0.84379 -0.096695 0.023755 -0.78332 0.096717 -2.0633 -0.92886 -1.4592 -2.9408 -0.68381 0.096696 -0.023755 0.78332 0.67384 -1.9838 0.29402 0.4615 -3.7369 -0.069776
3 13 276 -0.19349 4.8174 -0.12625 0.068116 3.584 -0.069336 0.02262 3.4913 -1.0474 0.24614 1.8841 -1.2364 1.3805 0.84546 -1.126 0.10974 3.7061 0.90571 0.18177 2.1159 1.2727 1.5947 1.7314 0.7894 -0.064216 0.013529 -0.78689 0.41192 -2.021 -1.0062 -1.2988 -2.57 -0.85494 0.064215 -0.013529 0.78689 0.37632 -2.0323 0.29556 0.30055 -3.7891 -0.10283
3 13 288 -0.21551 4.8174 -0.083267 0.052212 3.584 -0.081983 -0.19565 3.4913 -1.0293 -0.016312 1.8841 -1.2606 1.1162 0.84546 -1.3884 0.29565 3.7061 0.8631 0.44242 2.1159 1.2071 1.7239 1.7314 0.44061 -0.22642 0.013529 -0.75634 0.19371 -2.021 -1.0699 -1.4482 -2.57 -0.56622 0.22642 -0.013529 0.75634 0.42955 -2.0323 0.21086 0.2726 -3.7891 -0.16307
3 22 24 -0.12064 4.818 0.12196 0.14725 3.5883 0.035536 -0.00041873 3.6362 -0.93568 0.084597 2.0352 -1.2489 1.1417 0.91815 -1.1374 0.29157 3.5699 1.0083 0.48388 1.9751 1.306 1.3969 0.73255 1.3081 -0.22701 0.017592 -0.75608 0.54491 -1.9365 -0.75667 -0.60207 -3.3276 -0.75059 0.22701 -0.017592 0.75608 0.27917 -2.0608 0.26938 -0.25715 -3.7817 0.3105
3 23 36 -0.035794 4.8205 -0.0031687 0.21551 3.5849 0.014661 0.094329 3.6279 -0.96044 0.091698 2.0256 -1.2787 1.0853 0.84656 -1.2587 0.33346 3.5715 0.99102 0.54476 1.9685 1.2242 1.4538 0.72345 1.1888 -0.18775 0.016925 -0.76679 0.44789 -1.9846 -0.70119 -0.38352 -3.5783 -0.84101 0.18775 -0.016925 0.76679 0.29502 -2.0619 0.29672 -0.33387 -3.749 0.39207
3 24 48 0.054253 4.8224 -0.093906 0.2668 3.5812 -0.020355 0.14785 3.605 -0.99639 0.060437 2.0049 -1.3135 0.95805 0.75322 -1.3868 0.38269 3.5871 0.95632 0.59996 1.98 1.1536 1.5035 0.73433 1.0558 -0.16865 0.013675 -0.77128 0.37805 -2.0125 -0.6713 -0.37781 -3.6428 -0.81891 0.16865 -0.013675 0.77128 0.25833 -2.0694 0.34671 -0.44052 -3.7274 0.46319
3 25 60 0.098109 4.8206 -0.12853 0.30529 3.5773 -0.059635 0.18201 3.5886 -1.0354 -0.027586 1.9989 -1.3479 0.7488 0.67364 -1.484 0.42575 3.5957 0.91633 0.61687 1.9822 1.0862 1.4811 0.71884 0.89996 -0.15993 0.0093141 -0.7732 0.28131 -2.0421 -0.66659 -0.5474 -3.6423 -0.72557 0.15993 -0.0093136 0.7732 0.19661 -2.0763 0.39837 -0.53179 -3.7217 0.51266
3 26 72 0.11992 4.8177 -0.12836 0.33706 3.574 -0.085399 0.19092 3.5633 -1.058 -0.13582 1.9919 -1.3621 0.47365 0.58864 -1.5549 0.48045 3.6143 0.8868 0.62909 1.9964 1.0568 1.4574 0.71452 0.83677 -0.1411 0.0029826 -0.7769 0.17588 -2.0671 -0.60788 -0.69813 -3.644 -0.58749 0.1411 -0.0029826 0.7769 0.18291 -2.0754 0.43381 -0.55673 -3.7162 0.54192
3 27 84 0.15709 4.8168 -0.10138 0.36743 3.5705 -0.11203 0.20629 3.5729 -1.0823 -0.23568 2.0243 -1.3562 0.16503 0.55191 -1.5782 0.5258 3.5977 0.8583 0.62307 1.9795 1.06 1.4034 0.67017 0.82672 -0.15905 -0.0031662 -0.77343 0.09406 -2.075 -0.53294 -0.80409 -3.6334 -0.4077 0.15905 0.0031657 0.77343 0.21524 -2.0722 0.45088 -0.53148 -3.7086 0.57545
3 28 84 0.24035 4.8104 -0.038879 0.44005 3.563 -0.05895 0.42271 3.5668 -1.0423 -0.058403 2.0431 -1.3824 0.25438 0.54032 -1.5291 0.45497 3.5889 0.92414 0.44645 1.9764 1.1859 1.2054 0.63465 1.1505 -0.044695 -0.0022449 -0.78835 0.11198 -2.0722 -0.46424 -0.80224 -3.6244 -0.3888 0.044694 0.0022449 0.78835 0.13717 -2.0743 0.48209 -0.63458 -3.7035 0.51168
3 29 96 0.29491 4.8091 -0.0089647 0.46428 3.5595 -0.083167 0.35652 3.5692 -1.0607 -0.21474 2.0692 -1.3645 0.026068 0.55151 -1.4927 0.5699 3.5795 0.89449 0.50527 1.9804 1.2221 1.1938 0.6007 1.2179 -0.11948 0.0019679 -0.78053 0.0072345 -2.0628 -0.41319 -0.88429 -3.6155 -0.20041 0.11948 -0.0019674 0.78053 0.15203 -2.082 0.48588 -0.63822 -3.6949 0.64361
3 30 96 0.35835 4.8048 0.04441 0.51012 3.5544 -0.043408 0.5082 3.5725 -1.0268 -0.08573 2.0998 -1.4105 0.13644 0.57663 -1.5013 0.51031 3.566 0.94007 0.31987 1.9886 1.3196 0.94208 0.58622 1.4744 -0.036071 -0.0052629 -0.78878 0.0071859 -2.0623 -0.3634 -0.90188 -3.6113 -0.20511 0.03607 0.0052629 0.78878 0.11545 -2.0796 0.54095 -0.65379 -3.7034 0.69014
3 31 108 0.45407 4.7991 0.014803 0.54852 3.5472 -0.11291 0.43492 3.5694 -1.0896 -0.22344 2.1096 -1.4127 -0.055427 0.58186 -1.5369 0.66111 3.5549 0.86414 0.43192 2.0025 1.3183 0.99407 0.57727 1.4927 -0.11898 -0.010726 -0.78053 -0.056555 -2.0557 -0.30244 -0.92215 -3.6104 -0.011914 0.11898 0.010727 0.78053 0.2338 -2.0745 0.55065 -0.43584 -3.7251 0.8301
3 32 108 0.47587 4.8012 0.024941 0.54371 3.5484 -0.10456 0.49938 3.5672 -1.0869 -0.11439 2.0979 -1.452 0.035868 0.57086 -1.6041 0.58751 3.5593 0.87795 0.23299 2.0316 1.3355 0.68382 0.58911 1.6413 -0.082754 -0.016355 -0.7851 -0.058764 -2.0562 -0.28221 -0.92925 -3.6163 -0.038794 0.082755 0.016355 0.7851 0.21081 -2.066 0.53629 -0.44084 -3.7287 0.78447
3 44 120 0.36786 4.8099 -0.021357 0.44395 3.56 -0.16657 0.17679 3.5757 -1.113 -0.17432 1.9976 -1.3478 0.63891 0.7085 -1.5812 0.71028 3.5741 0.78012 0.23838 2.0723 1.2168 0.56035 0.58151 1.4436 -0.26978 0.0010433 -0.7421 -0.082538 -2.0777 -0.50119 -0.9984 -3.5797 -0.10594 0.26978 -0.0010433 0.7421 0.17182 -2.077 0.43359 -0.51981 -3.7301 0.63312
3 45 120 0.34606 4.8125 -0.080622 0.42068 3.5603 -0.20659 0.12619 3.5633 -1.145 -0.26758 1.9889 -1.3317 0.4969 0.68932 -1.6547 0.71445 3.587 0.73168 0.34853 2.0523 1.1552 0.73319 0.57174 1.3494 -0.27969 -0.0067921 -0.73839 0.13108 -2.0672 -0.7278 -0.92872 -3.4486 -0.25926 0.27969 0.0067921 0.73839 0.055398 -2.0673 0.48884 -0.56991 -3.7548 0.59905
3 46 120 0.33183 4.8148 -0.15072 0.38586 3.5592 -0.2561 0.063402 3.5524 -1.1853 -0.38581 1.9883 -1.3282 0.15732 0.59814 -1.7156 0.70791 3.5957 0.67251 0.50755 2.0241 1.0708 1.1519 0.62323 1.0711 -0.28167 -0.024152 -0.73728 0.49914 -1.9538 -1.0219 -0.78339 -3.088 -0.45651 0.28167 0.024153 0.73728 -0.10999 -2.0351 0.59458 -0.6066 -3.7681 0.56508
3 47 108 0.33098 4.816 -0.10017 0.38584 3.5593 -0.19396 0.24894 3.5526 -1.1679 -0.30274 2.0309 -1.389 0.049924 0.55762 -1.6765 0.52263 3.5957 0.77934 0.46537 2.0008 1.1281 1.5582 0.91587 1.0488 -0.10733 -0.037192 -0.78141 1.097 -1.7426 -1.017 -0.50516 -2.4935 -0.67008 0.10733 0.037192 0.78141 -0.35285 -2.0046 0.59862 -0.74842 -3.7538 0.41197
3 58 96 0.016103 4.8198 0.026525 0.23406 3.582 -0.076366 0.21521 3.5872 -1.0597 -0.58755 2.2203 -1.4545 -0.63733 0.70491 -1.735 0.24952 3.6064 0.90676 0.87997 2.1851 1.4078 2.4139 2.2528 1.266 0.08477 -0.0365 -0.78421 0.95597 -1.8928 -0.3264 0.6161 -3.649 -0.10035 -0.084769 0.0365 0.78421 -0.91656 -1.8708 0.49337 -1.8982 -3.3629 0.24645
3 71 120 -0.069574 4.8168 0.23902 0.091392 3.5844 0.037041 -0.20166 3.6191 -0.90119 0.74462 2.6826 -1.8479 2.0281 3.4791 -2.1576 0.38202 3.5793 0.97666 -0.38336 2.3411 1.7182 -0.15899 0.98372 2.4144 -0.38944 0.033363 -0.68609 -0.83938 -1.9132 -0.035769 -1.2791 -3.5542 0.56793 0.38944 -0.033363 0.68609 1.5672 -1.5342 -0.19416 1.2452 -3.3057 -0.10014
3 72 120 -0.042361 4.8169 0.24366 0.12367 3.5842 0.041042 -0.19452 3.6228 -0.88882 0.67525 2.5589 -1.7722 2.0179 3.2372 -2.1109 0.43922 3.5753 0.97255 -0.22163 2.2525 1.6669 0.12478 0.87936 2.277 -0.40844 0.040535 -0.67456 -0.90963 -1.8888 -0.010522 -1.4256 -3.4985 0.61678 0.40844 -0.040535 0.67456 1.4072 -1.6995 -0.14067 1.2487 -3.4938 -0.062272
3 73 108 -0.11162 4.8127 0.25048 0.10904 3.5853 0.06993 -0.053681 3.6312 -0.89897 0.8279 2.4101 -1.5317 2.3064 2.8405 -1.6123 0.26853 3.5689 1.0403 -0.36093 2.1458 1.5375 -0.010354 0.75719 2.109 -0.28176 0.041564 -0.73646 -0.96514 -1.8666 -0.18324 -1.6756 -3.4407 0.33475 0.28176 -0.041564 0.73646 1.2075 -1.8496 0.19975 1.0728 -3.6464 0.26506
