0 99 336 0.1116 4.8428 0.049589 0.11846 3.5784 0.027726 0.52033 3.5479 -0.86946 2.0292 4.1457 -1.0559 2.6362 5.2284 -0.14112 -0.28287 3.6385 0.92365 0.65634 4.0849 2.1836 1.931 4.9344 2.0071 0.2957 0.0030518 -0.73216 0.73418 -2.0429 -0.54191 0.24143 -3.7581 -0.79915 -0.2957 -0.0030513 0.73215 0.012962 -2.0608 1.0231 -0.66677 -3.7298 0.96659
2 1 336 2.9003 3.6134 1.3505 2.0479 2.7952 0.90043 2.4761 2.7601 0.015695 1.258 2.665 -1.0687 0.75894 1.8565 -2.2832 1.641 2.849 1.7942 0.0084988 2.8947 1.8348 -1.2629 2.4268 2.5712 0.29627 0.014499 -0.73179 1.165 -1.8475 -0.29311 0.46197 -3.4955 -0.49547 -0.29627 -0.014499 0.73179 0.52232 -1.8983 1.1739 -0.32176 -3.4444 0.78915
2 2 336 3.1131 3.386 1.4717 2.2232 2.6228 0.99818 2.6547 2.5858 0.11512 1.3841 2.6451 -0.90989 0.73959 1.9737 -2.1394 1.8139 2.6772 1.8909 0.18908 2.8408 1.8479 -1.1625 2.4453 2.4761 0.30559 0.015066 -0.72793 1.2359 -1.8052 -0.24276 0.48807 -3.429 -0.47756 -0.30559 -0.015066 0.72793 0.58411 -1.8574 1.2061 -0.29667 -3.3763 0.79628
2 15 312 1.4776 4.2098 1.8524 1.259 3.0474 1.4161 2.068 3.0532 0.85685 3.4198 2.5598 1.6301 3.1421 3.9109 2.3193 0.45811 3.068 1.9867 0.99815 2.3852 3.369 1.4693 3.8523 3.4246 0.57722 0.0032692 -0.5388 0.70622 -2.0715 -0.23373 -0.11985 -3.3219 -1.2362 -0.57722 -0.0032692 0.5388 -0.52416 -2.079 0.85924 -1.4297 -3.2452 -0.17566
2 16 312 1.2215 4.4234 1.527 1.0355 3.2223 1.1773 1.8362 3.2323 0.60626 3.1894 2.8413 1.4337 2.8223 4.2241 2.0089 0.24092 3.2403 1.7567 0.75051 2.6674 3.1992 1.1423 4.1564 3.1156 0.58738 0.0054674 -0.52768 0.50792 -2.0939 -0.55449 -0.19074 -3.4756 -1.4784 -0.58738 -0.0054674 0.52768 -0.73929 -2.0999 0.59427 -1.6572 -3.369 -0.2989
2 20 312 1.291 4.3896 1.607 0.9989 3.2131 1.2463 1.7798 3.1853 0.64902 3.0345 2.4844 1.4257 2.9159 3.8321 2.1655 0.22653 3.268 1.8528 0.55451 2.5161 3.2656 1.1515 3.9344 3.3649 0.61857 0.009263 -0.49069 0.99885 -1.9875 0.040848 0.051784 -3.0456 -1.0702 -0.61857 -0.0092626 0.49069 -0.28378 -2.0031 1.0623 -1.2241 -2.9648 -0.1385
2 21 312 1.4142 4.2995 1.7451 1.0802 3.1481 1.3432 1.8645 3.1048 0.75128 3.0494 2.2395 1.4696 3.0771 3.5055 2.3494 0.30556 3.2178 1.9452 0.57959 2.343 3.2974 1.2895 3.6947 3.5135 0.62377 0.0051913 -0.48413 1.1785 -1.8959 0.21764 0.23417 -3.0148 -0.83459 -0.62377 -0.0051918 0.48413 -0.16153 -1.9139 1.2307 -0.98287 -2.9735 0.025147
2 22 312 1.5165 4.1982 1.9009 1.1423 3.0773 1.4527 1.9358 3.0238 0.874 3.0337 1.991 1.5036 3.2271 3.1163 2.5399 0.35944 3.1561 2.0428 0.55101 2.1691 3.3304 1.381 3.4235 3.6696 0.62931 0.0071793 -0.47688 1.307 -1.799 0.35538 0.46127 -3.0906 -0.57605 -0.62931 -0.0071793 0.47688 -0.073994 -1.8305 1.3608 -0.76053 -3.0322 0.20518
2 23 312 1.6018 4.1039 2.0329 1.1901 3.019 1.5346 1.9842 2.955 0.9578 2.9973 1.7773 1.4631 3.3469 2.6923 2.654 0.40772 3.1072 2.1241 0.49699 1.9971 3.3193 1.4409 3.1161 3.8034 0.63226 0.0087333 -0.47293 1.3763 -1.7366 0.42954 0.73558 -3.2567 -0.29822 -0.63226 -0.0087333 0.47293 -0.015361 -1.7631 1.4506 -0.53831 -3.1727 0.4554
2 24 312 1.6665 4.033 2.113 1.2259 2.9834 1.5704 2.0147 2.9117 0.98724 2.9215 1.6069 1.3665 3.4102 2.2487 2.6806 0.45 3.078 2.1674 0.42906 1.8462 3.2402 1.4731 2.7799 3.8851 0.63063 0.0055532 -0.47515 1.3886 -1.7317 0.43137 1.0227 -3.4377 -0.023037 -0.63063 -0.0055532 0.47515 0.010346 -1.7205 1.506 -0.30921 -3.3434 0.78858
2 25 312 1.697 3.978 2.1774 1.2481 2.9526 1.6023 2.0369 2.8781 1.0195 2.8091 1.4593 1.2631 3.4079 1.784 2.6464 0.4729 3.0491 2.1998 0.33701 1.7193 3.1388 1.452 2.4178 3.9429 0.62907 0.0047641 -0.47723 1.3976 -1.7369 0.4118 1.2913 -3.5258 0.21384 -0.62907 -0.0047641 0.47723 0.015272 -1.6913 1.5518 -0.12876 -3.4333 1.1095
2 26 312 1.6679 3.9583 2.2298 1.2381 2.9347 1.6393 2.0379 2.8652 1.0711 2.6661 1.3611 1.1788 3.3352 1.3517 2.568 0.45155 3.0261 2.2227 0.21669 1.6301 3.038 1.35 2.0591 3.9916 0.62853 0.013205 -0.47779 1.4571 -1.6912 0.42917 1.4348 -3.4908 0.31933 -0.62853 -0.013205 0.47779 0.066589 -1.6333 1.6208 -0.063923 -3.406 1.3183
2 27 312 1.6004 3.9942 2.2138 1.2059 2.9566 1.6255 2.0127 2.8981 1.066 2.5189 1.345 1.0782 3.2301 1.0271 2.4089 0.41189 3.0374 2.2002 0.12389 1.6004 2.9221 1.2243 1.7379 3.9934 0.62207 0.021982 -0.48585 1.6077 -1.5226 0.54232 1.384 -3.2933 0.28629 -0.62207 -0.021982 0.48585 0.13916 -1.5044 1.7655 -0.084085 -3.2435 1.3452
2 28 312 1.6466 3.9353 2.29 1.2611 2.9024 1.6881 2.0641 2.8594 1.1217 2.478 1.2795 1.0832 3.2171 0.69544 2.3039 0.47081 2.9675 2.27 0.14662 1.4921 2.8919 1.1514 1.322 4.049 0.6096 0.030093 -0.50098 1.7517 -1.2398 0.72261 1.2424 -2.8962 0.22454 -0.6096 -0.030093 0.50098 0.26684 -1.277 1.9471 -0.1259 -2.8766 1.2138
2 77 312 1.4332 4.2741 1.8087 1.0375 3.1603 1.354 1.8114 3.1354 0.74747 3.2523 2.759 1.419 2.9935 4.2383 1.7688 0.27356 3.2111 1.9713 0.71935 2.6363 3.4341 1.1532 4.1123 3.538 0.63131 -0.00038481 -0.47429 1.2313 -1.8557 0.30805 0.68811 -3.3678 -0.51017 -0.63131 0.00038481 0.47429 -0.09993 -1.7957 1.4261 -0.66617 -3.1252 0.34782
2 78 312 1.4596 4.2376 1.8707 1.0487 3.1387 1.3943 1.8291 3.1051 0.79663 3.2396 2.5926 1.442 3.0988 4.0692 1.8633 0.27871 3.1978 2.0034 0.67193 2.5278 3.4405 1.1985 3.9664 3.6162 0.63348 0.003696 -0.47136 1.3137 -1.7915 0.38238 0.93444 -3.4281 -0.2724 -0.63348 -0.003696 0.47136 -0.0051011 -1.7105 1.5232 -0.44078 -3.1956 0.59833
2 79 312 1.4564 4.2317 1.8844 1.0362 3.1412 1.3968 1.8195 3.1012 0.80329 3.1883 2.4493 1.4117 3.1669 3.9054 1.9187 0.26361 3.2064 2.0019 0.59903 2.4392 3.4046 1.2124 3.8344 3.6384 0.63388 0.0076337 -0.47078 1.3839 -1.7413 0.41978 1.1935 -3.4749 -0.037489 -0.63388 -0.0076337 0.47078 0.080706 -1.6545 1.5623 -0.23253 -3.2996 0.89427
2 80 312 1.4202 4.2452 1.877 1.0003 3.1612 1.375 1.7896 3.1199 0.78974 3.105 2.3292 1.3495 3.196 3.7489 1.9443 0.22159 3.2277 1.9722 0.49698 2.372 3.3363 1.1805 3.7247 3.6199 0.63287 0.013544 -0.472 1.4519 -1.6917 0.4422 1.4372 -3.4758 0.18253 -0.63287 -0.013544 0.472 0.14963 -1.6304 1.5618 -0.0545 -3.3788 1.1716
2 81 312 1.3794 4.2675 1.8541 0.97498 3.1815 1.3446 1.7704 3.1438 0.76734 3.0296 2.2301 1.2657 3.2135 3.6044 1.9405 0.1901 3.2442 1.9339 0.39514 2.3082 3.257 1.1323 3.622 3.5859 0.62425 0.019204 -0.48315 1.5314 -1.6277 0.45443 1.609 -3.4249 0.33207 -0.62425 -0.019204 0.48315 0.20484 -1.5915 1.6033 0.073196 -3.3759 1.3811
2 82 312 1.3255 4.2999 1.82 0.93652 3.2044 1.3176 1.7301 3.1914 0.73681 2.9457 2.1917 1.1744 3.1803 3.5254 1.9119 0.15273 3.2428 1.9106 0.2945 2.2604 3.2081 1.0596 3.5498 3.5682 0.6117 0.027568 -0.49856 1.6359 -1.5035 0.51197 1.6375 -3.3002 0.3619 -0.6117 -0.027568 0.49856 0.28057 -1.4925 1.7119 0.13745 -3.2764 1.4925
2 83 312 1.2971 4.3196 1.7951 0.92667 3.2152 1.298 1.7197 3.2245 0.71626 2.9125 2.1831 1.1182 3.1589 3.4926 1.8942 0.14274 3.2317 1.8917 0.2556 2.2242 3.1727 1.0336 3.4943 3.5715 0.60512 0.025611 -0.50663 1.838 -1.1891 0.68457 1.6263 -2.9557 0.39258 -0.60512 -0.025611 0.50663 0.40976 -1.2252 1.9013 0.133 -2.9467 1.4421
2 97 312 1.8395 3.9266 2.1682 1.4024 2.8966 1.5884 2.1543 2.8733 0.9547 2.398 1.2739 0.72784 3.0922 0.06559 1.388 0.66383 2.9425 2.2363 0.26945 1.3999 2.6015 1.0297 0.37206 3.4636 0.58 0.011292 -0.5357 1.607 -1.35 0.69169 1.1169 -2.9417 0.0010619 -0.58 -0.011292 0.5357 0.44194 -1.4595 1.6639 -0.33921 -2.9092 0.92977
2 98 312 1.7946 3.9942 2.082 1.372 2.9438 1.5293 2.1157 2.9189 0.88604 2.2651 1.3314 0.5305 2.8752 -0.032613 0.91098 0.64146 2.9919 2.186 0.18142 1.4453 2.4411 0.67694 0.15779 3.1299 0.57554 0.011407 -0.54048 1.5585 -1.4308 0.62915 1.0847 -3.0336 -0.047304 -0.57554 -0.011407 0.54048 0.39427 -1.5383 1.6093 -0.37708 -2.9982 0.88507
2 99 312 1.7271 4.0694 1.9916 1.3256 2.9963 1.4687 2.0619 2.9739 0.81704 2.1063 1.4199 0.3152 2.6294 -0.026196 0.42804 0.60187 3.0423 2.1331 0.058375 1.5066 2.2563 0.24803 0.065957 2.7722 0.57359 0.013191 -0.54252 1.5115 -1.5038 0.56806 1.0483 -3.112 -0.1027 -0.57359 -0.013191 0.54252 0.34379 -1.6073 1.5581 -0.41408 -3.078 0.84141
