0 43 300 -0.56107 4.7911 0.10194 -0.25488 3.5721 0.13877 0.041679 3.5874 1.0764 -0.77278 2.347 1.7597 -2.2508 2.2763 1.3261 -0.5552 3.5863 -0.7977 -0.10849 2.6691 -2.0736 -0.28734 2.5983 -3.6035 0.67176 0.046121 0.41245 0.73965 -2.0509 0.30272 0.9019 -3.5737 -0.64908 -0.67176 -0.046121 -0.41245 -1.0548 -1.8424 0.60774 -1.3695 -3.6119 0.46348
0 54 300 -0.56286 4.7814 0.16219 -0.24071 3.5667 0.23357 0.12044 3.6211 1.1468 -0.91573 2.3854 1.4078 -1.715 2.5334 0.097515 -0.60651 3.5416 -0.67908 -0.34715 2.3878 -1.806 -0.67294 1.7701 -3.1808 0.69266 0.027053 0.37814 0.81959 -2.0685 0.29616 1.0094 -3.5755 -0.67533 -0.69266 -0.027053 -0.37814 -1.058 -1.8422 0.61489 -1.3047 -3.6199 0.44259
0 55 288 -0.54837 4.7869 0.1191 -0.25105 3.5671 0.21637 0.025784 3.6138 1.159 -1.0465 2.4021 1.3848 -1.8476 2.5378 0.074264 -0.53245 3.5498 -0.72591 -0.21894 2.4275 -1.8708 -0.48352 1.8668 -3.2826 0.64309 0.021782 0.45767 0.7906 -2.074 0.46787 1.1346 -3.5935 -0.43976 -0.64309 -0.021782 -0.45767 -1.1447 -1.8586 0.43051 -1.3533 -3.6296 0.16421
0 74 192 -0.49908 4.8229 0.097661 -0.36517 3.5679 0.013011 -0.074013 3.5037 0.95027 -0.39087 1.9367 1.2865 -1.711 1.7059 2.0492 -0.66008 3.6615 -0.9206 -1.2296 2.2098 -1.4075 -2.5918 1.4898 -1.4673 0.23804 0.037512 0.75195 -0.31014 -1.9597 1.1056 0.24516 -3.6743 1.158 -0.23804 -0.037512 -0.75195 -0.74252 -2.0728 -0.61936 0.0070277 -3.68 -0.94471
0 75 192 -0.47886 4.8252 0.11348 -0.354 3.5694 0.027974 -0.024951 3.5088 0.95286 -0.27829 1.9246 1.2608 -1.5609 1.5753 2.0423 -0.68662 3.6593 -0.89324 -1.258 2.1702 -1.2464 -2.5879 1.3938 -1.1679 0.25903 0.033689 0.74516 -0.29133 -1.9688 1.0634 0.25806 -3.686 1.086 -0.25903 -0.033688 -0.74516 -0.72871 -2.0774 -0.61567 0.0208 -3.6825 -0.95183
0 76 192 -0.45494 4.8277 0.12949 -0.33818 3.5709 0.047478 0.022434 3.515 0.96082 -0.16377 1.9134 1.2229 -1.3993 1.4198 2.0023 -0.70223 3.6562 -0.86222 -1.2407 2.1322 -1.0992 -2.5213 1.2925 -0.91798 0.27063 0.027959 0.74127 -0.27344 -1.9807 1.0307 0.27625 -3.6978 1.0394 -0.27063 -0.027959 -0.74127 -0.71312 -2.0785 -0.62469 0.035846 -3.6826 -0.96685
0 108 204 -0.26545 4.8316 0.25789 -0.23535 3.5718 0.21835 0.12565 3.495 1.13 -0.39225 1.9817 1.4621 -1.7877 1.3933 1.7522 -0.59854 3.678 -0.68949 -1.418 2.2703 -0.81386 -2.5536 1.576 -0.035305 0.29764 -0.014527 0.73123 -0.13666 -2.062 0.91431 0.4795 -3.7486 0.75135 -0.29764 0.014527 -0.73123 -0.72677 -2.0419 -0.69717 -0.22335 -3.7283 -1.0892
3 49 288 -0.19438 4.8261 0.011947 -0.27261 3.5709 0.11146 -0.081776 3.5631 1.0763 0.7734 2.1869 1.2849 0.76993 0.67709 1.5981 -0.46258 3.6084 -0.85284 -0.9068 2.0698 -1.1755 -2.4011 2.1895 -0.81436 0.056684 -0.022913 0.78725 -1.536 -1.3421 1.1581 0.19498 -1.3443 0.65337 -0.056684 0.022914 -0.78725 0.44526 -2.0084 -0.59719 0.89018 -3.7457 -0.41072
4 0 204 -0.81023 4.7086 0.73416 -0.64984 3.4878 0.43861 -0.18888 3.3334 1.2936 0.16134 1.7423 1.4137 -0.9179 0.93115 2.1586 -1.1147 3.6708 -0.4086 -0.899 2.237 -1.1614 -1.6824 0.91356 -1.2728 0.39689 0.026003 0.68213 -0.22024 -1.9794 0.79151 0.19116 -3.693 0.41074 -0.39688 -0.026004 -0.68213 -0.9205 -2.0332 -0.34838 0.45374 -3.0055 -0.9941
4 1 204 -0.86833 4.6913 0.77925 -0.68318 3.4778 0.46706 -0.22974 3.3276 1.3268 0.081966 1.7307 1.4729 -1.0856 1.012 2.1785 -1.1409 3.6565 -0.38494 -0.88478 2.2471 -1.1703 -1.6718 0.92765 -1.3017 0.39911 0.024606 0.68089 -0.16971 -1.996 0.77069 0.32173 -3.6748 0.33366 -0.39911 -0.024606 -0.68089 -1.0579 -1.969 -0.23416 0.20214 -3.1002 -0.85348
5 1 168 -0.9223 4.7613 -0.012289 -0.66516 3.5213 0.0037626 -0.62615 3.5576 0.98586 -0.22765 2.0483 1.4673 -0.81577 0.79833 2.1524 -0.71089 3.514 -0.97869 -0.44791 1.9267 -1.2613 -0.96045 0.4977 -1.5316 0.055238 -0.010726 0.78761 0.17205 -2.0959 0.55804 1.3362 -3.4652 0.41385 -0.055238 0.010726 -0.78761 -1.2359 -1.7166 -0.5963 -1.0007 -3.4962 -0.42693
5 2 168 -0.88987 4.7658 -0.056963 -0.64213 3.5245 -0.016655 -0.59949 3.5803 0.96438 -0.14094 2.0839 1.4326 -0.63962 0.81309 2.1496 -0.69127 3.4977 -0.99861 -0.47384 1.9018 -1.2715 -0.9852 0.471 -1.5342 0.052358 -0.010542 0.78781 0.21059 -2.093 0.55806 1.4289 -3.4162 0.43283 -0.052358 0.010542 -0.78781 -1.1935 -1.7448 -0.6123 -0.87982 -3.5116 -0.43614
5 10 168 -0.82534 4.7799 0.0018035 -0.59192 3.5357 -0.024412 -0.36592 3.5913 0.9312 0.22845 2.1024 1.2452 -0.14739 0.81481 2.0058 -0.82423 3.5092 -0.97976 -1.0463 1.9104 -1.2316 -1.9711 0.67978 -1.1423 0.13451 0.0062585 0.77805 -0.84671 -1.8377 1.0049 0.36775 -3.1612 0.84898 -0.13451 -0.0062585 -0.77805 -0.74355 -1.9949 -0.48047 0.15477 -3.557 -0.41781
5 11 168 -0.84254 4.777 0.027087 -0.60218 3.5345 -0.014704 -0.37149 3.5802 0.94031 0.2255 2.0876 1.2309 -0.13985 0.79165 1.9823 -0.83927 3.5178 -0.9691 -1.1046 1.9272 -1.2307 -2.0807 0.74013 -1.1047 0.12686 0.0040908 0.77935 -0.98803 -1.7631 0.99962 0.017024 -3.258 0.92234 -0.12686 -0.0040913 -0.77935 -0.65221 -2.0178 -0.49085 0.28887 -3.5542 -0.42218
5 12 168 -0.86169 4.7739 0.047837 -0.61328 3.5332 -0.003795 -0.38895 3.571 0.95308 0.21276 2.0767 1.2251 -0.12025 0.76354 1.9614 -0.84415 3.5245 -0.95982 -1.1374 1.9409 -1.2337 -2.1692 0.80403 -1.0905 0.11246 0.0008111 0.78157 -1.0777 -1.72 0.97272 -0.34045 -3.3653 0.99399 -0.11246 -0.0008111 -0.78157 -0.53565 -2.0409 -0.5107 0.43112 -3.5604 -0.42622
5 20 192 -0.80981 4.7588 0.48491 -0.59435 3.5261 0.2902 -0.15622 3.4829 1.1697 0.54141 2.0061 1.2038 0.7167 0.62307 1.8627 -1.0381 3.5981 -0.58459 -1.117 2.0229 -1.0104 -1.9861 0.76233 -0.82833 0.27588 -0.015228 0.7397 -0.90948 -1.709 1.1142 -0.93007 -3.4962 1.3521 -0.27588 0.015228 -0.7397 0.029193 -2.0633 -0.70832 1.2318 -3.3546 -1.0786
5 30 216 -0.84827 4.7257 0.65961 -0.61644 3.5128 0.37931 -0.29025 3.4044 1.3008 -0.050859 1.8798 1.8364 -0.49251 0.7211 2.753 -0.94857 3.6497 -0.53628 -0.78005 2.1228 -1.0922 -1.4124 0.73852 -1.3402 0.25717 -0.017991 0.74635 -0.38178 -2.0115 0.92539 0.42009 -3.6111 0.70382 -0.25717 0.017991 -0.74635 -1.24 -1.8052 -0.39359 -0.4238 -3.4123 -0.43669
5 31 216 -0.8698 4.7318 0.58214 -0.62937 3.5155 0.32463 -0.34938 3.4165 1.2623 -0.16572 1.9032 1.8496 -0.75292 0.81787 2.7742 -0.91544 3.6432 -0.60769 -0.71941 2.103 -1.1157 -1.3457 0.71537 -1.3604 0.22925 -0.011002 0.75553 -0.29706 -2.0418 0.87003 0.54751 -3.6173 0.63425 -0.22925 0.011002 -0.75553 -1.2936 -1.7704 -0.4268 -0.74243 -3.483 -0.30771
5 32 216 -0.88005 4.7403 0.49474 -0.63247 3.5197 0.26551 -0.39295 3.4321 1.2154 -0.25939 1.9308 1.8455 -0.97685 0.91802 2.7605 -0.8781 3.6361 -0.67973 -0.6623 2.0854 -1.1461 -1.2781 0.69054 -1.3758 0.2086 -0.002583 0.76156 -0.19467 -2.0638 0.81677 0.68247 -3.6209 0.57801 -0.2086 0.002583 -0.76156 -1.3319 -1.7468 -0.45824 -1.0351 -3.511 -0.23354
5 33 216 -0.88232 4.7494 0.40196 -0.62939 3.5246 0.2028 -0.41509 3.4556 1.1602 -0.31951 1.963 1.8174 -1.1506 1.0185 2.7089 -0.84988 3.6226 -0.7507 -0.61323 2.0653 -1.184 -1.2123 0.66143 -1.4027 0.19824 0.0073962 0.76429 -0.068164 -2.0766 0.78163 0.82507 -3.6218 0.52595 -0.19824 -0.0073957 -0.76429 -1.3539 -1.7303 -0.43211 -1.2343 -3.5183 -0.23283
5 36 216 -0.84668 4.7739 0.12951 -0.58378 3.5396 0.025599 -0.40853 3.5405 0.9934 -0.31839 2.0562 1.6698 -1.3541 1.2158 2.4435 -0.76535 3.5678 -0.94063 -0.50702 1.9928 -1.289 -1.0299 0.55874 -1.5078 0.18893 0.032823 0.76598 0.2336 -2.067 0.71233 1.257 -3.5219 0.41762 -0.18893 -0.032823 -0.76598 -1.353 -1.7528 -0.44806 -1.272 -3.5409 -0.23161
5 37 216 -0.80818 4.7829 0.069995 -0.55728 3.5438 0.00039186 -0.39881 3.5672 0.9708 -0.26603 2.078 1.6292 -1.3027 1.2138 2.3748 -0.7219 3.5495 -0.96926 -0.4676 1.9675 -1.2876 -0.97084 0.52616 -1.5044 0.18276 0.028316 0.76765 0.32676 -2.0669 0.7079 1.4135 -3.4768 0.42105 -0.18276 -0.028317 -0.76765 -1.3391 -1.7586 -0.47875 -1.187 -3.5393 -0.24047
5 38 216 -0.79456 4.7852 0.021035 -0.54689 3.5438 -0.010385 -0.41008 3.5897 0.96251 -0.21562 2.0909 1.5826 -1.1974 1.1557 2.3169 -0.68972 3.527 -0.98336 -0.44289 1.9386 -1.2743 -0.93931 0.49425 -1.4868 0.16094 0.017106 0.77285 0.37827 -2.0718 0.7121 1.556 -3.4108 0.44593 -0.16094 -0.017106 -0.77285 -1.3223 -1.7534 -0.54715 -1.0946 -3.5197 -0.26603
5 39 216 -0.76126 4.7899 -0.063753 -0.5203 3.5467 -0.05749 -0.4106 3.6144 0.91757 -0.14149 2.109 1.4921 -1.0132 1.07 2.2258 -0.63573 3.5083 -1.0335 -0.40194 1.9141 -1.3028 -0.91638 0.47506 -1.5084 0.1315 0.01792 0.77839 0.42029 -2.0627 0.73366 1.6812 -3.3275 0.48632 -0.1315 -0.01792 -0.77839 -1.2754 -1.7702 -0.5911 -0.95882 -3.5174 -0.27809
5 69 312 -0.82563 4.7276 0.58731 -0.57531 3.5252 0.28761 -0.36768 3.4155 1.2427 -0.27798 1.9249 1.905 -0.88498 0.8782 2.8608 -0.78856 3.6638 -0.6625 -0.69556 2.1066 -1.1475 -1.4525 0.77087 -1.2909 0.19979 -0.0080657 0.76388 -0.27323 -2.0538 0.83771 0.49733 -3.6624 0.57391 -0.19979 0.0080652 -0.76388 -1.2462 -1.7833 -0.43137 -0.65732 -3.4767 -0.24065
5 70 312 -0.83995 4.734 0.51162 -0.57676 3.5294 0.23293 -0.41243 3.4275 1.1973 -0.4195 1.9467 1.8871 -1.1584 0.96703 2.8208 -0.74697 3.66 -0.72692 -0.62243 2.1004 -1.1969 -1.3273 0.74196 -1.385 0.17876 0.00010967 0.76912 -0.2006 -2.0663 0.7891 0.57957 -3.6687 0.51632 -0.17876 -0.00010967 -0.76912 -1.2686 -1.7644 -0.43168 -0.84808 -3.5008 -0.18882
5 72 324 -0.74872 4.7501 0.51991 -0.52552 3.5381 0.23915 -0.22468 3.4666 1.1728 -0.22998 1.9995 1.8914 -1.0185 1.1377 2.8981 -0.83164 3.6387 -0.69012 -0.75106 2.0731 -1.1496 -1.382 0.67172 -1.2748 0.31515 0.016142 0.72382 0.098651 -2.0736 0.7081 0.82392 -3.6599 0.25138 -0.31515 -0.016142 -0.72382 -1.3815 -1.7444 -0.18496 -1.0437 -3.4967 0.072432
5 73 324 -0.75283 4.7603 0.43457 -0.52115 3.543 0.18674 -0.24734 3.4942 1.1301 -0.28461 2.0275 1.8485 -1.1938 1.2165 2.7936 -0.80039 3.6208 -0.75312 -0.69651 2.0514 -1.1946 -1.2761 0.63155 -1.3554 0.30468 0.021533 0.72815 0.15169 -2.0729 0.66227 0.90084 -3.6441 0.1923 -0.30468 -0.021533 -0.72815 -1.393 -1.7431 -0.21212 -1.0591 -3.4922 0.070374
5 74 324 -0.77172 4.7652 0.35231 -0.53102 3.5437 0.13466 -0.2731 3.5145 1.0833 -0.31194 2.044 1.7938 -1.3226 1.2733 2.6668 -0.79448 3.6021 -0.81115 -0.66265 2.0279 -1.2277 -1.1907 0.59054 -1.4087 0.30154 0.029886 0.72916 0.21856 -2.067 0.62597 0.99155 -3.6221 0.14137 -0.30154 -0.029886 -0.72916 -1.4048 -1.7504 -0.24246 -1.0108 -3.4861 0.045696
5 75 324 -0.78159 4.77 0.29548 -0.52761 3.5459 0.11116 -0.28962 3.5405 1.0655 -0.30905 2.0603 1.7565 -1.3808 1.2958 2.5593 -0.77137 3.5804 -0.84108 -0.61814 2.0017 -1.2322 -1.1097 0.55247 -1.4211 0.29231 0.02582 0.73307 0.25796 -2.071 0.60434 1.0859 -3.5935 0.10685 -0.29231 -0.02582 -0.73307 -1.408 -1.7483 -0.28298 -0.93773 -3.4641 0.010319
5 76 324 -0.78005 4.7764 0.21936 -0.51674 3.5495 0.067653 -0.3008 3.563 1.0271 -0.26279 2.0729 1.6957 -1.3681 1.2801 2.4219 -0.73856 3.5652 -0.89042 -0.57096 1.9815 -1.2541 -1.045 0.52578 -1.4384 0.27169 0.026851 0.74092 0.30012 -2.068 0.58198 1.1876 -3.555 0.080058 -0.27169 -0.026851 -0.74092 -1.3985 -1.7507 -0.32505 -0.87726 -3.451 -0.028315
5 77 324 -0.76457 4.7818 0.16117 -0.50438 3.5508 0.039354 -0.31285 3.5815 1.0036 -0.20068 2.0881 1.6563 -1.2982 1.2238 2.3091 -0.70173 3.5494 -0.92419 -0.52481 1.9593 -1.2543 -1.0028 0.50303 -1.423 0.25105 0.023336 0.74828 0.34832 -2.0681 0.57283 1.3031 -3.5133 0.072263 -0.25105 -0.023336 -0.74828 -1.3315 -1.7784 -0.33998 -0.76441 -3.4657 -0.05309
5 90 348 -0.8154 4.7787 0.1083 -0.56862 3.5414 0.00092886 -0.22474 3.5779 0.92168 0.45737 2.1094 1.1382 0.41243 0.74275 1.851 -0.91848 3.5341 -0.91826 -1.2083 1.9354 -1.0882 -2.2052 0.81597 -0.7265 0.23328 0.025657 0.75394 -0.93226 -1.6972 1.0498 -0.76877 -3.4825 1.2422 -0.23328 -0.025657 -0.75394 -0.4104 -2.0822 -0.36192 0.66159 -3.5283 -0.46434
5 91 348 -0.81317 4.779 0.11725 -0.56666 3.5416 0.0089644 -0.24076 3.5672 0.9366 0.4236 2.0947 1.1798 0.32324 0.73653 1.903 -0.89848 3.5452 -0.91691 -1.1595 1.9435 -1.1044 -2.16 0.81712 -0.77584 0.21651 0.020752 0.75907 -0.99113 -1.6756 1.039 -1.0348 -3.4701 1.2088 -0.21651 -0.020752 -0.75907 -0.29488 -2.0908 -0.40803 0.79276 -3.5264 -0.49091
5 92 348 -0.81245 4.7794 0.1241 -0.56428 3.5418 0.021017 -0.26471 3.5642 0.95757 0.38064 2.0875 1.2253 0.22487 0.74017 1.9588 -0.86983 3.5486 -0.91384 -1.0979 1.9444 -1.1218 -2.0822 0.79224 -0.83651 0.19816 0.014583 0.76421 -1.0463 -1.6621 0.99716 -1.2402 -3.4468 1.1653 -0.19816 -0.014583 -0.76421 -0.18514 -2.0921 -0.45133 0.92085 -3.5146 -0.51636
5 94 0 -0.75869 4.7799 0.31259 -0.53612 3.5424 0.16075 -0.097926 3.548 1.0413 0.55924 2.063 1.2194 0.45392 0.7402 2.0047 -0.97983 3.5659 -0.7167 -1.1643 1.9563 -0.92659 -1.9946 0.69749 -0.60471 0.31299 0.002315 0.72494 -0.89282 -1.6763 1.1024 -1.1183 -3.4564 1.2802 -0.31299 -0.0023146 -0.72494 -0.1135 -2.0828 -0.51038 1.024 -3.4534 -0.79034
5 95 0 -0.75678 4.7796 0.32123 -0.53806 3.5413 0.16974 -0.12959 3.5382 1.0645 0.50983 2.048 1.2622 0.35943 0.73251 2.0525 -0.95201 3.5735 -0.72187 -1.0878 1.9638 -0.96512 -1.8514 0.64064 -0.75575 0.28805 -0.0017333 0.7352 -0.91838 -1.6933 1.0473 -1.1231 -3.477 1.2127 -0.28805 0.0017333 -0.7352 -0.055909 -2.0789 -0.55789 1.1257 -3.4116 -0.83833
5 96 0 -0.7623 4.778 0.32761 -0.54983 3.5392 0.17113 -0.16501 3.5195 1.0761 0.45784 2.025 1.2934 0.275 0.71042 2.0783 -0.94004 3.5881 -0.73037 -1.0184 1.98 -1.0069 -1.6964 0.5975 -0.92425 0.26488 -7.6294e-06 0.74387 -0.94315 -1.6983 1.0101 -1.0803 -3.4896 1.1629 -0.26488 8.1062e-06 -0.74387 -0.0099223 -2.0797 -0.58799 1.2204 -3.3626 -0.89018
5 108 12 -0.8477 4.7678 0.29159 -0.59178 3.5346 0.15831 -0.40254 3.4756 1.1217 -0.28587 1.9216 1.6119 -1.1282 0.83004 2.3022 -0.78755 3.6225 -0.80154 -0.65032 2.0417 -1.1901 -1.3866 0.69188 -1.3072 0.17622 0.0039892 0.76969 -0.28828 -2.045 0.76007 0.59068 -3.6027 0.53232 -0.17622 -0.0039887 -0.76969 -1.244 -1.7948 -0.51074 -0.65516 -3.499 -0.50538
5 109 12 -0.84731 4.7702 0.25428 -0.5908 3.5358 0.13333 -0.40159 3.4859 1.0972 -0.31166 1.9329 1.5962 -1.236 0.89143 2.2584 -0.78652 3.6147 -0.82731 -0.63969 2.0315 -1.2024 -1.3535 0.6703 -1.3254 0.17804 0.0089307 0.76923 -0.14802 -2.0663 0.72949 0.74417 -3.6132 0.48042 -0.17804 -0.0089302 -0.76923 -1.3019 -1.7603 -0.47958 -0.99071 -3.536 -0.45401
5 110 12 -0.83483 4.7743 0.2212 -0.58138 3.5383 0.11088 -0.38886 3.4999 1.0746 -0.31573 1.9468 1.576 -1.2968 0.94329 2.2147 -0.7804 3.6057 -0.84996 -0.62406 2.021 -1.2148 -1.3073 0.6448 -1.3444 0.18769 0.013216 0.76687 -0.004522 -2.078 0.70098 0.90166 -3.613 0.43016 -0.18769 -0.013217 -0.76687 -1.334 -1.737 -0.408 -1.2503 -3.5381 -0.41694
6 0 336 -0.8562 4.7141 0.62015 -0.71715 3.4745 0.40137 -0.44314 3.3527 1.3381 0.056315 1.8042 1.4844 -0.24735 0.43396 2.123 -0.99506 3.6253 -0.52997 -1.0875 2.1336 -1.1895 -1.8335 0.85687 -1.6267 0.25422 -0.011706 0.74749 -0.43723 -1.9894 0.90531 0.0084125 -3.7184 1.1562 -0.25422 0.011706 -0.74749 -0.76213 -1.9967 -0.39749 -0.32698 -3.6925 -0.82869
6 1 336 -0.92291 4.7103 0.56199 -0.76239 3.4704 0.36197 -0.55288 3.3443 1.3146 -0.051535 1.8001 1.4961 -0.40993 0.42141 2.0864 -0.97647 3.6256 -0.58538 -0.9875 2.1452 -1.2763 -1.6909 0.88014 -1.8077 0.20343 -0.012639 0.76286 -0.47638 -1.9976 0.87291 -0.0083117 -3.7244 1.0968 -0.20344 0.012639 -0.76286 -0.74865 -1.9926 -0.45262 -0.31167 -3.6856 -0.8925
6 3 348 -0.89241 4.7089 0.6286 -0.741 3.4697 0.4199 -0.45054 3.3383 1.3503 0.061261 1.7971 1.5286 -0.29511 0.43061 2.1477 -1.0359 3.6301 -0.5046 -1.0317 2.1534 -1.2033 -1.7554 0.88754 -1.7047 0.25782 -0.013711 0.74622 -0.34863 -2.0204 0.88722 0.1807 -3.7428 0.94917 -0.25782 0.013711 -0.74622 -0.7803 -2.0012 -0.46055 -0.30171 -3.6837 -0.89762
6 4 348 -0.90654 4.714 0.57127 -0.74656 3.4741 0.3741 -0.50584 3.3416 1.3185 -0.020532 1.7993 1.5517 -0.43051 0.45226 2.1803 -0.99191 3.6355 -0.56458 -0.9307 2.1512 -1.2441 -1.5932 0.86698 -1.7822 0.20714 -0.016288 0.76179 -0.38139 -2.0315 0.84516 0.16411 -3.7495 0.88832 -0.20714 0.016289 -0.76179 -0.71581 -2.0114 -0.55159 -0.13914 -3.6867 -0.88558
6 14 12 -0.84812 4.7529 0.40497 -0.6519 3.5058 0.33186 -0.44063 3.4422 1.2903 -0.15986 1.8879 1.7074 -0.72568 0.66517 2.4574 -0.86846 3.5985 -0.62306 -0.69643 2.029 -1.0425 -1.3773 0.66799 -1.2907 0.25248 -0.015932 0.74799 -0.087348 -2.0872 0.65392 0.54983 -3.7375 0.30587 -0.25248 0.015931 -0.74799 -1.1834 -1.8212 -0.33254 -0.69206 -3.5552 -0.38308
6 15 12 -0.87128 4.751 0.37671 -0.66928 3.5045 0.31678 -0.46331 3.4452 1.2767 -0.19869 1.8869 1.6893 -0.8771 0.68861 2.3833 -0.88074 3.5929 -0.63969 -0.69 2.0247 -1.0559 -1.3251 0.64498 -1.3216 0.25072 -0.012546 0.74865 -0.0073766 -2.0938 0.62232 0.62375 -3.7431 0.25839 -0.25072 0.012546 -0.74865 -1.2328 -1.7924 -0.31041 -0.89985 -3.5644 -0.30875
6 16 12 -0.88961 4.7504 0.35327 -0.68082 3.5048 0.29836 -0.4808 3.4508 1.2598 -0.22137 1.8898 1.6656 -1.0049 0.72307 2.3 -0.88651 3.5879 -0.65984 -0.67732 2.0219 -1.0754 -1.2666 0.6247 -1.3552 0.25144 -0.0084033 0.74847 0.093103 -2.0975 0.59039 0.71583 -3.746 0.20901 -0.25144 0.0084028 -0.74847 -1.2747 -1.7693 -0.29369 -1.1151 -3.5644 -0.23664
6 43 12 -0.65526 4.786 0.39678 -0.50993 3.5365 0.26759 -0.099665 3.4537 1.1576 0.55163 1.9566 1.2151 0.60326 0.5384 1.8182 -0.92395 3.6484 -0.61752 -1.3181 2.1144 -1.0177 -2.3864 1.017 -0.83753 0.23475 -0.019608 0.75366 -0.79712 -1.8299 1.023 -1.2279 -3.5724 1.1935 -0.23475 0.019608 -0.75366 0.17426 -2.0412 -0.74405 1.2031 -3.5076 -0.94866
6 44 12 -0.6682 4.7843 0.36748 -0.53061 3.5335 0.24085 -0.13482 3.4521 1.1376 0.51686 1.955 1.1918 0.58195 0.5404 1.802 -0.93015 3.6442 -0.65105 -1.2353 2.1003 -1.0891 -2.2125 0.911 -0.99812 0.22766 -0.0076678 0.75605 -0.79869 -1.8257 0.99207 -1.1562 -3.5876 1.1289 -0.22766 0.0076678 -0.75605 0.23624 -2.0414 -0.778 1.3275 -3.4546 -1.029
6 57 24 -0.61755 4.8041 0.19947 -0.46704 3.5497 0.13533 -0.16732 3.5023 1.0709 -0.22295 1.9958 1.7002 -1.2356 1.1547 2.5031 -0.77064 3.6264 -0.79704 -0.68079 2.05 -1.2163 -1.4401 0.70832 -1.2477 0.31205 0.027805 0.72481 0.18971 -2.062 0.54529 0.78889 -3.7024 0.097032 -0.31205 -0.027806 -0.72481 -1.2623 -1.8206 -0.17974 -1.1704 -3.6206 -0.12927
6 66 0 -0.61853 4.795 -0.14531 -0.49492 3.5394 -0.048746 -0.45096 3.5985 0.93204 -0.35594 2.0488 1.4404 -1.3808 0.93787 1.7455 -0.54284 3.5098 -1.0307 -0.39689 1.9126 -1.3411 -0.95149 0.50113 -1.6199 0.13615 0.017378 0.7776 0.66995 -2.0062 0.59176 1.8911 -3.3114 0.35489 -0.13615 -0.017378 -0.7776 -1.1205 -1.849 -0.477 -1.0015 -3.6417 -0.32539
