0 95 192 -0.28624 4.8169 -0.096415 -0.12404 3.5752 -0.021328 0.11043 3.5982 0.93359 0.37742 4.2965 2.3861 0.18 5.8252 2.3457 -0.35786 3.582 -0.97665 -1.1232 4.1301 -2.3118 -1.6403 5.5803 -2.2264 0.20676 0.010769 0.76199 -0.22458 -2.0434 0.85497 0.34627 -3.7487 0.72472 -0.20676 -0.01077 -0.76199 -0.58887 -2.0753 -0.84025 0.047781 -3.7164 -1.2304
0 99 204 -0.11153 4.8428 0.049752 -0.099871 3.5784 0.069482 0.29796 3.5479 0.96846 -0.5731 4.1457 2.2145 -1.6591 5.2284 2.0535 -0.49713 3.6385 -0.82825 -2.0619 4.0849 -0.97334 -2.7837 4.9344 0.092014 0.34624 0.0030518 0.70965 -0.088546 -2.0429 0.90821 0.43234 -3.7581 0.71415 -0.34623 -0.0030513 -0.70966 -0.76902 -2.0608 -0.67499 -0.27216 -3.7298 -1.1423
1 0 48 -1.6156 4.1169 1.9632 -1.2135 2.9854 1.5754 -0.45147 2.9629 2.1967 0.00040473 1.4612 1.7392 -0.2596 0.052876 2.3108 -1.9838 3.034 0.96574 -1.8048 1.5211 0.37592 -2.3318 0.1268 0.7708 0.62928 0.00082231 0.47697 -0.52531 -1.4953 1.3951 0.2284 -3.0285 0.81903 -0.62928 -0.00082231 -0.47697 -1.4654 -1.6161 0.57472 -0.83638 -2.9968 -0.39934
1 1 48 -1.5823 4.1439 1.9317 -1.1879 3.0054 1.5563 -0.42162 2.9876 2.1726 0.050923 1.4877 1.7303 -0.075037 0.078567 2.3437 -1.9622 3.0496 0.95147 -1.813 1.5358 0.35575 -2.4186 0.14445 0.62958 0.62861 -0.0035107 0.47785 -0.55627 -1.4418 1.4482 0.23617 -2.9327 0.81553 -0.62861 0.0035105 -0.47785 -1.5093 -1.5634 0.60996 -0.82158 -2.8877 -0.40201
1 2 48 -1.5045 4.2132 1.8402 -1.1296 3.0594 1.4932 -0.36326 3.0432 2.1095 0.17862 1.5452 1.7472 0.27239 0.18226 2.4622 -1.9034 3.1023 0.88766 -1.8484 1.5975 0.25425 -2.622 0.26607 0.3354 0.62841 -0.0068364 0.47808 -0.5705 -1.4051 1.4889 0.25251 -2.8549 0.8021 -0.62841 0.0068364 -0.47808 -1.5432 -1.5288 0.62613 -0.80382 -2.7993 -0.41787
1 3 36 -1.7248 4.3038 1.3768 -1.3247 3.1285 1.1471 -0.70386 3.1177 1.9098 -0.0093467 1.6404 1.8466 0.20375 0.41276 2.7549 -1.9542 3.1666 0.39232 -1.8888 1.7059 -0.33628 -2.8234 0.54603 -0.73465 0.51575 -0.0068836 0.59787 -0.86344 -1.398 1.3575 0.11021 -2.8206 0.82921 -0.51575 0.0068839 -0.59787 -1.6698 -1.5111 0.28436 -0.69073 -2.7455 -0.59226
1 4 36 -1.5762 4.3948 1.2601 -1.2182 3.2007 1.0521 -0.59834 3.1954 1.8156 0.20883 1.783 1.965 0.72707 0.8218 3.0537 -1.8459 3.234 0.29558 -1.9346 1.8699 -0.599 -2.989 0.99632 -1.308 0.51756 -0.0071657 0.5963 -0.80602 -1.4546 1.3496 0.15471 -2.8802 0.80587 -0.51756 0.0071654 -0.5963 -1.6497 -1.5559 0.23401 -0.66374 -2.7964 -0.62607
2 0 216 -2.3893 3.8359 1.6932 -1.6248 2.9528 1.2092 -1.0699 2.9191 2.0206 0.48193 2.625 1.6034 1.6629 1.6837 1.9149 -2.1971 3.0067 0.41114 -1.4982 2.8813 -1.0601 -1.6504 2.3106 -2.4845 0.48971 0.012938 0.61929 -0.25866 -1.8841 1.1249 0.22724 -3.5499 0.63537 -0.48971 -0.012938 -0.61929 -1.2217 -1.9294 -0.16573 -0.49977 -3.4966 -0.68869
2 1 216 -2.6197 3.6134 1.8365 -1.8037 2.7952 1.3233 -1.2516 2.7601 2.1365 0.29652 2.665 1.6238 1.5978 1.8565 1.7989 -2.3743 2.849 0.52401 -1.5932 2.8947 -0.91003 -1.5953 2.4268 -2.3793 0.48561 0.014499 0.62247 -0.32867 -1.8475 1.1555 0.19811 -3.4955 0.64781 -0.48561 -0.014499 -0.62247 -1.2778 -1.8983 -0.13459 -0.52255 -3.4444 -0.67323
2 2 216 -2.8311 3.386 1.9602 -1.9761 2.6228 1.4263 -1.4271 2.5858 2.2415 0.095952 2.6451 1.6536 1.4829 1.9737 1.7102 -2.5445 2.6772 0.62549 -1.6949 2.8408 -0.76021 -1.5631 2.4453 -2.2448 0.47761 0.015066 0.62862 -0.4077 -1.8052 1.1917 0.16955 -3.429 0.66147 -0.47761 -0.015066 -0.62862 -1.3366 -1.8574 -0.097215 -0.54126 -3.3763 -0.65507
2 15 240 -1.3052 4.2098 1.9777 -0.95778 3.0474 1.635 -0.17586 3.0532 2.2316 -0.4935 2.5598 3.7562 -1.2349 3.9109 3.705 -1.7479 3.068 1.0496 -2.8957 2.3852 1.9904 -2.803 3.8523 2.4557 0.6908 0.0032692 0.38247 0.44053 -2.0715 0.59943 1.1386 -3.3219 -0.49598 -0.6908 -0.0032692 -0.38248 -0.97916 -2.079 -0.23298 -0.27474 -3.2452 -1.414
2 19 240 -1.0719 4.4397 1.6132 -0.84435 3.2428 1.2728 -0.033481 3.2254 1.8292 -0.40397 2.6829 3.3249 -1.0816 4.0671 3.2764 -1.6607 3.2878 0.72608 -2.921 2.6313 1.532 -2.7571 4.0932 1.9942 0.66276 0.014739 0.42899 0.40749 -2.0512 0.7137 1.184 -3.1635 -0.47401 -0.66276 -0.014738 -0.42899 -0.97147 -2.0724 -0.13754 -0.18832 -3.008 -1.4651
2 20 240 -1.1294 4.3896 1.7244 -0.87666 3.2131 1.3351 -0.067267 3.1853 1.8932 -0.41822 2.4844 3.3265 -1.1585 3.8321 3.4423 -1.6921 3.268 0.78798 -2.9344 2.5161 1.5365 -2.8443 3.9344 2.1349 0.65783 0.009263 0.43667 0.26981 -1.9875 0.96258 1.0338 -3.0456 -0.28146 -0.65783 -0.0092626 -0.43666 -1.098 -2.0031 0.05837 -0.24654 -2.9648 -1.207
2 21 240 -1.2227 4.2995 1.8842 -0.94366 3.1481 1.4424 -0.13835 3.1048 2.0054 -0.4554 2.2395 3.3543 -1.2835 3.5055 3.6525 -1.7556 3.2178 0.89171 -2.9569 2.343 1.5702 -2.9431 3.6947 2.3121 0.65319 0.0051913 0.44363 0.15718 -1.8959 1.1881 0.8661 -3.0148 -0.035194 -0.65319 -0.0051918 -0.44363 -1.2204 -1.9139 0.2267 -0.32764 -2.9735 -0.927
2 22 240 -1.3392 4.1982 2.0297 -1.0286 3.0773 1.5353 -0.23303 3.0238 2.1111 -0.49254 1.991 3.3499 -1.4184 3.1163 3.854 -1.8318 3.1561 0.97312 -2.9971 2.1691 1.5532 -3.0633 3.4235 2.4474 0.64801 0.0071793 0.45115 0.065887 -1.799 1.3528 0.6904 -3.0906 0.26069 -0.64801 -0.0071793 -0.45115 -1.3171 -1.8305 0.35015 -0.43015 -3.0322 -0.6599
2 23 240 -1.4384 4.1039 2.1516 -1.0917 3.019 1.606 -0.29778 2.955 2.1831 -0.46522 1.7773 3.3027 -1.4898 2.6923 4.0032 -1.8941 3.1072 1.0441 -3.0032 1.9971 1.4984 -3.172 3.1161 2.5457 0.64517 0.0087333 0.45517 0.016795 -1.7366 1.4417 0.51093 -3.2567 0.60742 -0.64517 -0.0087333 -0.45517 -1.3844 -1.7631 0.43365 -0.59946 -3.1727 -0.37123
2 24 240 -1.4947 4.033 2.2379 -1.1147 2.9834 1.6512 -0.31635 2.9117 2.2211 -0.39678 1.6069 3.2008 -1.4956 2.2487 4.0716 -1.9222 3.078 1.0977 -2.9491 1.8462 1.4094 -3.2398 2.7799 2.6016 0.64677 0.0055532 0.45294 0.018853 -1.7317 1.454 0.33795 -3.4377 0.96555 -0.64677 -0.0055532 -0.45294 -1.4291 -1.7205 0.47521 -0.84554 -3.3434 -0.050395
2 25 240 -1.5464 3.978 2.2868 -1.1382 2.9526 1.6822 -0.34017 2.8781 2.2523 -0.33319 1.4593 3.0619 -1.4638 1.784 4.0589 -1.946 3.0491 1.1295 -2.8811 1.7193 1.2905 -3.3012 2.4178 2.5994 0.64827 0.0047641 0.4508 0.040227 -1.7369 1.4564 0.19564 -3.5258 1.2941 -0.64827 -0.0047641 -0.4508 -1.4712 -1.6913 0.49407 -1.0949 -3.4333 0.22038
2 71 240 -1.2989 4.1141 2.2091 -0.98393 2.9873 1.7339 -0.16253 2.96 2.2742 -0.5801 2.5288 3.7936 -0.90316 4.0353 3.8546 -1.8129 3.04 1.2072 -2.9177 2.5333 2.2987 -2.8669 4.0413 2.6163 0.67588 -0.020804 0.40774 0.41721 -2.0737 0.77266 1.1636 -3.2922 -0.32688 -0.67588 0.020804 -0.40774 -1.0791 -2.0299 -0.19291 -0.36688 -3.1838 -1.3813
2 77 240 -1.2773 4.2741 1.922 -0.96711 3.1603 1.4052 -0.15113 3.1354 1.9537 -0.34455 2.759 3.5316 -0.75721 4.2383 3.3936 -1.7903 3.2111 0.86935 -3.0437 2.6363 1.7453 -3.0085 4.1123 2.1901 0.64616 -0.00038481 0.45385 0.087501 -1.8557 1.2662 0.69784 -3.3678 0.49678 -0.64616 0.00038481 -0.45385 -1.3872 -1.7957 0.34565 -0.53665 -3.1252 -0.52609
2 78 240 -1.3281 4.2376 1.9663 -1.002 3.1387 1.4282 -0.19243 3.1051 1.9857 -0.37033 2.5926 3.5266 -0.81455 4.0692 3.523 -1.8192 3.1978 0.88416 -3.0645 2.5278 1.7022 -3.0688 3.9664 2.2573 0.64405 0.003696 0.45682 0.042288 -1.7915 1.3676 0.54782 -3.4281 0.80453 -0.64405 -0.003696 -0.45682 -1.4502 -1.7105 0.46584 -0.70526 -3.1956 -0.23431
2 79 240 -1.3421 4.2317 1.9675 -1.0082 3.1412 1.4172 -0.20172 3.1012 1.9787 -0.35741 2.4493 3.4685 -0.8462 3.9054 3.6049 -1.8225 3.2064 0.86934 -3.0529 2.4392 1.6218 -3.0857 3.8344 2.2774 0.64362 0.0076337 0.45738 0.028401 -1.7413 1.4459 0.40445 -3.4749 1.1235 -0.64362 -0.0076337 -0.45738 -1.4609 -1.6545 0.55955 -0.92236 -3.2996 0.055195
2 80 240 -1.3462 4.2452 1.9307 -0.99862 3.1612 1.3762 -0.19806 3.1199 1.9461 -0.32391 2.3292 3.3701 -0.86151 3.7489 3.6404 -1.8072 3.2277 0.82019 -3.0194 2.372 1.5036 -3.0779 3.7247 2.2414 0.64447 0.013544 0.45604 0.028106 -1.6917 1.5175 0.27054 -3.4758 1.4233 -0.64447 -0.013544 -0.45604 -1.4392 -1.6304 0.62495 -1.1311 -3.3788 0.31022
2 81 240 -1.3371 4.2675 1.8848 -0.97747 3.1815 1.3428 -0.18268 3.1438 1.9209 -0.26753 2.2301 3.2725 -0.85245 3.6044 3.6559 -1.7806 3.2442 0.77842 -2.9755 2.3082 1.3823 -3.0605 3.622 2.185 0.65241 0.019204 0.4444 0.041039 -1.6277 1.5969 0.18139 -3.4249 1.6329 -0.65241 -0.019204 -0.4444 -1.4616 -1.5915 0.69027 -1.2909 -3.3759 0.4964
2 82 240 -1.3213 4.2999 1.823 -0.96376 3.2044 1.2979 -0.1661 3.1914 1.8731 -0.20669 2.1917 3.1645 -0.8356 3.5254 3.6155 -1.7699 3.2428 0.73565 -2.9601 2.2604 1.2714 -3.0661 3.5498 2.1104 0.66318 0.027568 0.4277 0.018622 -1.5035 1.7141 0.16183 -3.3002 1.6692 -0.66318 -0.027568 -0.4277 -1.5414 -1.4925 0.79584 -1.3769 -3.2764 0.59191
2 83 240 -1.3064 4.3196 1.7883 -0.94808 3.2152 1.2824 -0.14979 3.2245 1.8569 -0.16345 2.1831 3.1155 -0.82537 3.4926 3.5896 -1.755 3.2317 0.72033 -2.9384 2.2242 1.2235 -3.0773 3.4943 2.0867 0.66882 0.025611 0.41895 -0.083102 -1.1891 1.9595 0.1292 -2.9557 1.6681 -0.66882 -0.025611 -0.41895 -1.6817 -1.2252 0.97725 -1.3305 -2.9467 0.57213
2 96 240 -1.5485 3.8718 2.47 -1.1114 2.8606 1.8583 -0.28055 2.8403 2.3843 -0.059846 1.2454 2.6605 -0.6964 0.27222 3.6731 -1.9521 2.9029 1.3497 -2.4909 1.3709 1.1722 -3.1429 0.67448 2.3836 0.68765 0.010949 0.38796 -0.20901 -1.2563 1.8037 0.30637 -2.8358 1.1033 -0.68765 -0.010949 -0.38796 -1.4899 -1.3769 0.99218 -1.0172 -2.8109 0.0067732
2 97 240 -1.4936 3.9266 2.4195 -1.0773 2.8966 1.8246 -0.24227 2.8733 2.3438 0.048805 1.2739 2.5056 -0.36449 0.06559 3.3697 -1.9217 2.9425 1.3224 -2.3909 1.3999 1.0602 -2.9759 0.37206 2.0496 0.68871 0.011292 0.38607 -0.16123 -1.35 1.7421 0.34414 -2.9417 1.0626 -0.68871 -0.011292 -0.38607 -1.4459 -1.4595 0.93447 -0.98909 -2.9092 -0.035295
2 99 228 -1.8002 4.0694 1.9258 -1.3221 2.9963 1.4718 -0.59703 2.9739 2.136 -0.093312 1.4199 2.1277 -0.15085 -0.026196 2.6597 -2.0585 3.0423 0.82155 -2.2378 1.5066 0.2939 -2.7311 0.065957 0.53644 0.5995 0.013191 0.51373 -0.40695 -1.5038 1.5626 0.21171 -3.112 1.0318 -0.5995 -0.013191 -0.51374 -1.5136 -1.6073 0.50477 -0.88008 -3.078 -0.32386
2 100 228 -1.7201 4.143 1.8396 -1.2614 3.0502 1.4145 -0.52989 3.0311 2.0717 0.10766 1.5322 1.9469 0.27554 0.060079 2.3739 -2.0038 3.0935 0.7708 -2.0497 1.591 0.13116 -2.4088 0.09228 0.081161 0.60107 0.013217 0.5119 -0.34886 -1.5747 1.5071 0.26609 -3.1874 0.98551 -0.60107 -0.013217 -0.5119 -1.4648 -1.6745 0.44121 -0.83343 -3.1553 -0.37077
