2 5 180 -3.9451 2.7986 -0.152 -2.8687 2.1446 -0.056778 -2.9108 2.0931 0.92452 -1.3104 2.2399 1.2177 -0.058491 1.7 1.9381 -2.8525 2.2108 -1.038 -1.2754 2.2949 -1.4556 -0.16137 1.7347 -2.3626 -0.0053281 0.010496 0.78953 -1.2883 -1.6485 0.66302 -0.28452 -3.1458 0.6248 0.0053281 -0.010496 -0.78953 -1.2471 -1.6942 -0.89429 -0.086125 -3.0721 -0.82868
2 6 180 -4.0071 2.7106 -0.16293 -2.929 2.0625 -0.054633 -2.9792 2.0064 0.92602 -1.3713 2.0068 1.215 -0.16637 1.3195 1.8884 -2.9048 2.133 -1.0354 -1.322 2.0216 -1.424 -0.30975 1.2245 -2.2711 -0.0029411 0.0067756 0.78958 -1.3631 -1.5877 0.64185 -0.26422 -3.0171 0.63636 0.0029411 -0.0067759 -0.78958 -1.3105 -1.6419 -0.91368 -0.068857 -2.9469 -0.83508
2 7 180 -4.0013 2.7171 -0.16877 -2.9369 2.0506 -0.042953 -3.0033 1.992 0.93659 -1.4216 1.7159 1.2375 -0.35899 0.78388 1.8539 -2.8964 2.1239 -1.0229 -1.363 1.7171 -1.4126 -0.57457 0.6437 -2.1897 -0.0038928 -0.0050759 0.78959 -1.4501 -1.5194 0.61762 -0.24781 -2.8623 0.66319 0.0038933 0.0050757 -0.78959 -1.3501 -1.5943 -0.94137 -0.036061 -2.8258 -0.85348
2 8 180 -3.9393 2.8051 -0.18 -2.8982 2.1052 -0.043752 -2.9792 2.0428 0.93446 -1.5116 1.4042 1.2618 -0.79432 0.14683 1.793 -2.8427 2.183 -1.0226 -1.4701 1.4022 -1.4412 -1.0895 0.079658 -2.1366 -0.012176 -0.01733 0.78933 -1.5226 -1.4641 0.58993 -0.22457 -2.7125 0.67713 0.012176 0.01733 -0.78933 -1.3759 -1.5486 -0.97723 0.0032911 -2.7042 -0.86182
2 16 180 -1.9521 4.4234 -0.11398 -1.5677 3.2223 -0.018248 -1.6792 3.2323 0.95891 -3.1996 2.8413 1.4108 -3.3814 4.2241 0.75318 -1.4667 3.2403 -0.99643 -2.8797 2.6674 -1.5829 -3.0797 4.1564 -1.2358 -0.00089066 0.0054674 0.7896 0.0722 -2.0939 0.74849 1.2263 -3.4756 0.84749 0.00089019 -0.0054674 -0.7896 0.053058 -2.0999 -0.94704 1.331 -3.369 -1.0316
2 17 180 -1.7621 4.5058 -0.093626 -1.4024 3.2936 -0.02762 -1.4979 3.301 0.95125 -3.0284 2.9214 1.3782 -3.1907 4.3138 0.73589 -1.3156 3.3147 -1.0071 -2.7209 2.7787 -1.6448 -2.8747 4.268 -1.2759 -0.010873 0.0069966 0.78951 0.10166 -2.0906 0.74675 1.2693 -3.4583 0.87743 0.010873 -0.0069966 -0.78951 0.10946 -2.1029 -0.89731 1.4647 -3.2855 -1.0224
2 18 180 -1.8251 4.4801 -0.10357 -1.4574 3.2693 -0.061048 -1.5421 3.2653 0.91884 -3.06 2.8407 1.3484 -3.2482 4.2333 0.71359 -1.3822 3.3016 -1.0412 -2.7558 2.7195 -1.7067 -2.9524 4.2029 -1.3346 -0.028206 0.0096245 0.78906 -0.10612 -2.0891 0.72963 1.1975 -3.3302 0.83517 0.028206 -0.009625 -0.78906 -0.091097 -2.1047 -0.89265 1.3904 -3.1304 -0.95601
2 19 180 -1.9331 4.4397 -0.12167 -1.5245 3.2428 -0.094825 -1.6009 3.2254 0.88559 -3.0814 2.6829 1.3126 -3.3782 4.0671 0.70149 -1.4591 3.2878 -1.0752 -2.7872 2.6313 -1.7637 -3.1056 4.0932 -1.3907 -0.040133 0.014739 0.78846 -0.41434 -2.0512 0.70975 1.0025 -3.1635 0.78838 0.040134 -0.014738 -0.78846 -0.36663 -2.0724 -0.91009 1.1746 -3.008 -0.89562
2 20 180 -2.0581 4.3896 -0.11591 -1.5946 3.2131 -0.091634 -1.6732 3.1853 0.88837 -3.09 2.4844 1.3011 -3.5604 3.8321 0.71789 -1.5285 3.268 -1.0714 -2.7978 2.5161 -1.773 -3.2711 3.9344 -1.3958 -0.04925 0.009263 0.78803 -0.69871 -1.9875 0.71495 0.76066 -3.0456 0.75458 0.04925 -0.0092626 -0.78803 -0.59954 -2.0031 -0.92169 0.92199 -2.9648 -0.81699
2 21 180 -2.2431 4.2995 -0.11677 -1.721 3.1481 -0.096018 -1.8059 3.1048 0.8829 -3.1326 2.2395 1.2828 -3.8049 3.5055 0.71469 -1.65 3.2178 -1.0745 -2.8383 2.343 -1.7757 -3.4739 3.6947 -1.3928 -0.057603 0.0051913 0.7875 -0.9503 -1.8959 0.73016 0.46353 -3.0148 0.73247 0.057603 -0.0051918 -0.7875 -0.80654 -1.9139 -0.94357 0.63898 -2.9735 -0.74724
2 21 192 -2.2184 4.2995 0.35215 -1.7034 3.1481 0.2639 -1.5829 3.1048 1.2391 -2.7974 2.2395 1.906 -3.5732 3.5055 1.4902 -1.8374 3.2178 -0.70798 -3.1454 2.343 -1.1468 -3.6875 3.6947 -0.64006 0.10739 0.0051913 0.78227 -0.77773 -1.8959 0.91178 0.60569 -3.0148 0.62009 -0.10739 -0.0051918 -0.78227 -0.98509 -1.9139 -0.75526 0.46966 -2.9735 -0.86377
2 22 192 -2.4045 4.1982 0.36289 -1.8292 3.0773 0.26292 -1.7248 3.0238 1.2394 -2.819 1.991 1.8755 -3.8132 3.1163 1.5248 -1.9489 3.1561 -0.71013 -3.1597 2.1691 -1.188 -3.8685 3.4235 -0.63886 0.098333 0.0071793 0.78344 -0.96125 -1.799 0.95417 0.26824 -3.0906 0.6875 -0.098334 -0.0071793 -0.78344 -1.1415 -1.8305 -0.74451 0.20258 -3.0322 -0.76123
2 23 192 -2.5615 4.1039 0.37077 -1.924 3.019 0.26336 -1.8216 2.955 1.2395 -2.7657 1.7773 1.8642 -3.9718 2.6923 1.5715 -2.0434 3.1072 -0.70893 -3.1231 1.9971 -1.2292 -4.0143 3.1161 -0.65382 0.093443 0.0087333 0.78402 -1.0602 -1.7366 0.97718 -0.10953 -3.2567 0.78613 -0.093443 -0.0087333 -0.78402 -1.2486 -1.7631 -0.7386 -0.12524 -3.1727 -0.69389
2 24 192 -2.6632 4.033 0.38667 -1.9729 2.9834 0.27646 -1.8623 2.9117 1.2511 -2.6441 1.6069 1.8469 -4.0266 2.2487 1.613 -2.102 3.078 -0.69398 -3.0207 1.8462 -1.2485 -4.1012 2.7799 -0.6668 0.096178 0.0055532 0.78372 -1.0679 -1.7317 0.9869 -0.49141 -3.4377 0.89723 -0.096178 -0.0055532 -0.78372 -1.3094 -1.7205 -0.74402 -0.52832 -3.3434 -0.66208
2 72 180 -2.1664 4.3456 -0.0010335 -1.6514 3.1886 -0.00023291 -1.6991 3.1681 0.98194 -3.2426 2.8766 1.4306 -3.2742 4.3803 1.0909 -1.6162 3.2361 -0.982 -3.1302 2.837 -1.4479 -3.2266 4.3628 -1.2473 -0.03558 -0.022413 0.7885 -0.17926 -2.1184 0.76551 1.0195 -3.4546 0.93444 0.03558 0.022413 -0.7885 -0.12436 -2.0637 -0.98076 1.1891 -3.2954 -1.0727
2 73 180 -1.9995 4.4262 -0.02698 -1.4987 3.2629 -0.037071 -1.5519 3.2389 0.94474 -3.0915 3.0642 1.4624 -3.0167 4.5394 1.0197 -1.4569 3.3143 -1.0184 -2.9671 2.9833 -1.5461 -3.0114 4.5074 -1.316 -0.056593 -0.018288 0.78738 -0.21185 -2.1128 0.72909 0.9886 -3.4407 0.94465 0.056593 0.018289 -0.78738 -0.17887 -2.0633 -0.94806 1.1873 -3.2355 -1.0502
2 74 180 -2.0603 4.3953 -0.082769 -1.5635 3.2302 -0.096781 -1.6154 3.2053 0.88508 -3.1385 3.0796 1.4622 -3.0203 4.5353 0.96771 -1.5232 3.2826 -1.0781 -3.0138 2.961 -1.6641 -3.0833 4.4828 -1.4253 -0.070683 -0.0081673 0.78641 -0.44061 -2.0748 0.70633 0.83459 -3.3361 0.89086 0.070683 0.0081673 -0.78641 -0.40346 -2.0304 -0.97012 1.0336 -3.1189 -0.94069
2 75 180 -2.1513 4.3506 -0.12702 -1.625 3.1986 -0.13526 -1.6833 3.1739 0.84625 -3.1893 3.0114 1.458 -3.0851 4.4665 0.95871 -1.5796 3.2502 -1.1164 -3.0415 2.8681 -1.7372 -3.1815 4.3854 -1.5007 -0.079231 -0.00060272 0.78563 -0.68623 -2.0103 0.70104 0.57473 -3.2908 0.84652 0.079231 0.00060272 -0.78563 -0.63437 -1.9626 -1.0112 0.77909 -3.0706 -0.85185
2 76 180 -2.2256 4.3152 -0.13523 -1.6589 3.1825 -0.13265 -1.7203 3.1595 0.8487 -3.2085 2.9021 1.4715 -3.1828 4.3717 1.0053 -1.6111 3.2319 -1.1138 -3.0397 2.7533 -1.7452 -3.286 4.2566 -1.5063 -0.074855 -0.0015378 0.78606 -0.89318 -1.935 0.7055 0.25708 -3.3172 0.8369 0.074855 0.0015378 -0.78606 -0.82921 -1.8796 -1.0278 0.49253 -3.0801 -0.77753
2 77 180 -2.3031 4.2741 -0.14521 -1.7005 3.1603 -0.13497 -1.7675 3.1354 0.84598 -3.2307 2.759 1.4674 -3.3175 4.2383 1.041 -1.648 3.2111 -1.1158 -3.0334 2.6363 -1.7633 -3.4009 4.1123 -1.5104 -0.069962 -0.00038481 0.78651 -1.0528 -1.8557 0.70887 -0.081306 -3.3678 0.85274 0.069962 0.00038481 -0.78651 -0.99292 -1.7957 -1.0285 0.18728 -3.1252 -0.7278
2 78 192 -2.3499 4.2376 0.32871 -1.7318 3.1387 0.21103 -1.6044 3.1051 1.1857 -2.8686 2.5926 2.0846 -3.1631 4.0692 1.752 -1.8744 3.1978 -0.76034 -3.3155 2.5278 -1.1383 -3.7309 3.9664 -0.77019 0.09147 0.003696 0.78429 -0.988 -1.7915 0.9465 -0.23132 -3.4281 0.94545 -0.091469 -0.003696 -0.78429 -1.3166 -1.7105 -0.76601 -0.29778 -3.1956 -0.68089
2 79 192 -2.3602 4.2317 0.31912 -1.7278 3.1412 0.19899 -1.6054 3.1012 1.1741 -2.8167 2.4493 2.0553 -3.2452 3.9054 1.7833 -1.8655 3.2064 -0.77267 -3.248 2.4392 -1.1835 -3.7572 3.8344 -0.7692 0.090767 0.0076337 0.78435 -1.0555 -1.7413 0.98857 -0.56426 -3.4749 1.0523 -0.090767 -0.0076337 -0.78435 -1.3934 -1.6545 -0.71128 -0.6582 -3.2996 -0.64851
2 80 192 -2.3356 4.2452 0.29145 -1.6909 3.1612 0.17874 -1.5787 3.1199 1.155 -2.7212 2.3292 2.0143 -3.2818 3.7489 1.7957 -1.8188 3.2277 -0.7942 -3.1378 2.372 -1.2377 -3.7252 3.7247 -0.78755 0.092327 0.013544 0.78409 -1.1089 -1.6917 1.0363 -0.87669 -3.4758 1.1534 -0.092327 -0.013544 -0.78409 -1.4274 -1.6304 -0.65134 -0.9874 -3.3788 -0.63301
2 81 192 -2.2954 4.2675 0.26754 -1.6519 3.1815 0.17208 -1.5498 3.1438 1.1496 -2.6109 2.2301 1.9909 -3.2873 3.6044 1.8128 -1.7699 3.2442 -0.80234 -3.0182 2.3082 -1.2863 -3.6716 3.622 -0.81237 0.1063 0.019204 0.7822 -1.1593 -1.6277 1.099 -1.0921 -3.4249 1.2274 -0.1063 -0.019204 -0.7822 -1.4909 -1.5915 -0.62427 -1.2327 -3.3759 -0.62717
2 82 180 -2.2394 4.2999 -0.23282 -1.6059 3.2044 -0.18571 -1.7052 3.1914 0.79272 -2.8439 2.1917 1.4032 -3.5489 3.5254 1.0841 -1.522 3.2428 -1.1649 -2.5811 2.2604 -1.9278 -3.3608 3.5498 -1.6001 -0.038804 0.027568 0.78818 -1.4751 -1.5035 0.87316 -1.3646 -3.3002 0.97475 0.038804 -0.027568 -0.78818 -1.4599 -1.4925 -0.93698 -1.2011 -3.2764 -0.8965
2 82 192 -2.2389 4.2999 0.23788 -1.6094 3.2044 0.15223 -1.5032 3.1914 1.1299 -2.49 2.1917 1.9638 -3.2459 3.5254 1.7982 -1.731 3.2428 -0.82302 -2.9255 2.2604 -1.349 -3.62 3.5498 -0.86644 0.12592 0.027568 0.77903 -1.2613 -1.5035 1.1608 -1.1322 -3.3002 1.2372 -0.12592 -0.027568 -0.77903 -1.6228 -1.4925 -0.61297 -1.3612 -3.2764 -0.62719
2 83 192 -2.2031 4.3196 0.22581 -1.5874 3.2152 0.15354 -1.4802 3.2245 1.1312 -2.4246 2.1831 1.9632 -3.2199 3.4926 1.7886 -1.7097 3.2317 -0.82224 -2.8755 2.2242 -1.365 -3.6098 3.4943 -0.8906 0.13619 0.025611 0.77736 -1.5118 -1.1891 1.2494 -1.1532 -2.9557 1.2122 -0.13619 -0.025611 -0.77736 -1.8515 -1.2252 -0.59581 -1.3154 -2.9467 -0.60589
2 97 180 -2.8421 3.9266 -0.083756 -2.1188 2.8966 -0.020633 -2.151 2.8733 0.96211 -2.1455 1.2739 1.295 -3.1005 0.06559 1.3692 -2.1061 2.9425 -1.003 -2.1136 1.3999 -1.5405 -3.263 0.37206 -1.5524 0.010009 0.011292 0.78947 -1.5893 -1.35 0.73143 -0.74817 -2.9417 0.82934 -0.010009 -0.011292 -0.78947 -1.5322 -1.4595 -0.78491 -0.46398 -2.9092 -0.87422
2 98 180 -2.7481 3.9942 -0.059469 -2.0545 2.9438 -0.0036512 -2.0741 2.9189 0.97938 -1.9099 1.3314 1.3283 -2.6009 -0.032613 1.5272 -2.0537 2.9919 -0.98602 -1.9355 1.4453 -1.4986 -2.7789 0.15779 -1.5913 0.016544 0.011407 0.78936 -1.5104 -1.4308 0.73723 -0.69067 -3.0336 0.83776 -0.016544 -0.011407 -0.78936 -1.4598 -1.5383 -0.78384 -0.40542 -2.9982 -0.87245
