0 21 168 -0.15092 4.7776 0.72889 -0.26049 3.5512 0.43519 0.72234 3.523 0.41052 1.7604 2.5706 -0.41659 3.2569 2.7214 -0.75639 -1.2419 3.6085 0.46622 -1.0783 2.5424 1.6931 0.28048 2.6562 2.4132 0.65668 -0.0042086 0.43846 -0.21163 -1.7775 1.1567 -0.13137 -3.5632 1.3925 -0.65668 0.0042086 -0.43846 -0.49294 -2.086 -0.5742 0.57054 -3.455 -1.0699
0 45 48 0.18153 4.7749 0.54257 0.20248 3.5718 0.19441 1.0937 3.6027 -0.22048 1.6493 2.3545 0.67514 0.90097 2.3302 2.0231 -0.6876 3.5706 0.61288 -1.9275 2.6374 0.1024 -3.4305 2.2931 0.094256 0.25711 0.038 -0.74562 0.092503 -2.0559 -0.79797 -0.90832 -3.5515 -0.6859 -0.25711 -0.038 0.74562 0.85795 -1.8158 0.84791 0.85746 -3.5934 1.1496
0 59 12 0.29921 4.8023 0.42986 0.26895 3.5698 0.16933 1.0554 3.5797 -0.42123 1.7731 2.3743 0.41577 1.3145 2.6023 1.8702 -0.5148 3.5894 0.76323 -1.7337 2.5604 1.1155 -2.7575 2.2051 2.2124 0.31303 0.0188 -0.72468 0.51936 -2.0644 -0.90309 -0.28776 -3.6477 -1.2077 -0.31303 -0.0188 0.72468 0.47878 -1.9262 1.1111 0.030148 -3.6618 1.3043
0 77 288 0.17547 4.8298 0.41657 0.087818 3.5723 0.31566 0.94831 3.5202 -0.15784 1.1619 1.9027 -0.076757 2.0388 1.248 1.0095 -0.76877 3.6537 0.79208 -0.86785 2.0986 1.2827 -0.49327 1.185 2.467 0.70742 0.02617 -0.34982 1.0296 -1.9875 0.15591 0.97759 -3.7037 -0.39417 -0.70742 -0.02617 0.34982 -0.56552 -2.0811 0.76396 -0.99238 -3.6833 0.055698
0 78 288 0.18121 4.8309 0.40353 0.095927 3.5728 0.30639 0.9509 3.5224 -0.1772 1.0851 1.8944 -0.18458 1.9317 1.0615 0.79895 -0.75522 3.6525 0.79276 -0.81411 2.0694 1.1918 -0.42561 1.0691 2.2991 0.7053 0.02486 -0.35416 1.0275 -1.9891 0.15013 0.95797 -3.7055 -0.39764 -0.7053 -0.02486 0.35416 -0.58148 -2.084 0.75289 -1.0243 -3.6836 0.048638
0 79 288 0.18594 4.8313 0.39762 0.10312 3.5728 0.30371 0.95567 3.5226 -0.18415 1.0005 1.8923 -0.27829 1.8158 0.87417 0.5441 -0.74565 3.6525 0.79423 -0.80474 2.0468 1.0893 -0.46064 0.95165 2.1189 0.70787 0.02249 -0.34915 1.0264 -1.993 0.15153 0.92855 -3.7081 -0.39591 -0.70787 -0.02249 0.34915 -0.60481 -2.0823 0.75028 -1.0587 -3.678 0.044255
0 80 288 0.1917 4.8313 0.39909 0.11498 3.5722 0.3066 0.96872 3.5234 -0.17931 0.92479 1.9006 -0.36187 1.7074 0.71083 0.22943 -0.73511 3.6505 0.79505 -0.82847 2.0298 0.97805 -0.59271 0.84034 1.9305 0.71141 0.017943 -0.34216 1.018 -1.9974 0.16647 0.88881 -3.7071 -0.39123 -0.71141 -0.017943 0.34216 -0.62902 -2.0767 0.75325 -1.0928 -3.6677 0.043029
0 81 288 0.18076 4.8298 0.41775 0.11236 3.5703 0.32266 0.96995 3.5259 -0.15686 0.86038 1.9195 -0.43257 1.5946 0.60516 -0.09912 -0.74187 3.6441 0.80454 -0.89854 2.0198 0.87991 -0.83078 0.75372 1.7575 0.71532 0.019852 -0.3338 1.0089 -1.9955 0.18255 0.8514 -3.7011 -0.38048 -0.71532 -0.019853 0.3338 -0.65465 -2.0717 0.78174 -1.1293 -3.6534 0.058046
0 108 288 0.22873 4.8316 0.29095 0.19255 3.5718 0.25688 1.137 3.495 -0.0068437 1.4131 1.9817 0.54293 1.5558 1.3933 1.9611 -0.74828 3.678 0.52319 -0.95762 2.2703 1.3252 -0.30203 1.576 2.5359 0.75834 -0.014527 -0.21957 0.89502 -2.062 0.23148 0.79735 -3.7486 -0.39833 -0.75834 0.014527 0.21957 -0.76932 -2.0419 0.64992 -1.1066 -3.7283 0.10828
0 110 300 0.23096 4.8377 0.20511 0.19496 3.5758 0.17639 1.0648 3.5081 -0.27764 1.2522 1.8878 -0.18532 1.8351 0.9185 0.86267 -0.67143 3.673 0.63165 -0.91368 2.1165 1.0643 -0.41585 1.11 2.121 0.70435 -0.012898 -0.35668 0.88129 -2.0752 0.0037351 0.65864 -3.753 -0.61778 -0.70435 0.012897 0.35668 -0.64667 -2.0503 0.74931 -1.0924 -3.7328 0.27885
0 111 300 0.2086 4.8404 0.17045 0.16687 3.5779 0.14054 1.0321 3.5068 -0.32172 1.1312 1.8787 -0.41367 1.8014 0.74339 0.38604 -0.69498 3.6786 0.6036 -1.0267 2.0935 0.81827 -0.82093 0.9572 1.8401 0.70664 -0.012548 -0.35214 0.85743 -2.0823 -0.024168 0.63768 -3.7552 -0.65999 -0.70664 0.012548 0.35214 -0.65813 -2.0559 0.71748 -1.1113 -3.734 0.23844
3 14 204 0.068109 4.814 -0.2934 0.062827 3.5839 -0.01255 1.0022 3.4785 -0.28417 1.2192 1.8738 -0.06818 1.3186 0.81242 1.046 -0.87417 3.7186 0.25436 -1.2162 2.1243 0.35306 -0.45092 1.6176 1.5921 0.75382 0.01403 -0.23463 1.1507 -1.9601 0.36501 0.59461 -2.1338 -1.3413 -0.75382 -0.01403 0.23463 -0.24804 -2.0532 0.24523 0.15869 -3.8059 0.12858
3 15 204 0.088342 4.8118 -0.32216 0.067026 3.5833 -0.037672 1.031 3.4788 -0.20238 1.1939 1.8742 0.057402 1.1143 0.83342 1.1923 -0.89414 3.717 0.12242 -1.2748 2.1289 0.16417 -0.69192 1.3943 1.3882 0.77934 0.012243 -0.12638 1.1482 -1.914 0.62706 0.80182 -1.7791 -1.1372 -0.77934 -0.012243 0.12638 -0.30166 -2.0576 0.075453 0.13688 -3.806 0.033205
3 15 216 0.019431 4.8118 -0.33349 0.057729 3.5833 -0.050784 0.96643 3.4788 -0.41233 1.1798 1.8742 -0.19208 1.3379 0.83342 0.93459 -0.84915 3.717 0.30565 -1.2128 2.1289 0.42562 -0.38817 1.3943 1.5017 0.73604 0.012243 -0.28566 1.2535 -1.914 0.37463 0.54785 -1.7791 -1.2791 -0.73604 -0.012243 0.28566 -0.27938 -2.0576 0.13652 0.14079 -3.806 0.0040205
3 16 228 -0.070345 4.8133 -0.33121 0.02666 3.5841 -0.068534 0.91489 3.4964 -0.48171 1.1461 1.894 -0.26361 1.3066 0.90181 0.90578 -0.86066 3.7012 0.33929 -1.2378 2.1161 0.45827 -0.4902 1.1597 1.409 0.72111 0.015402 -0.32135 1.3109 -1.8653 0.40627 0.53626 -1.5516 -1.1913 -0.72111 -0.015402 0.32135 -0.2961 -2.0612 0.10131 0.091052 -3.8103 -0.10242
3 46 36 0.18458 4.8148 0.31426 0.29503 3.5592 0.35698 1.1854 3.5524 -0.060839 1.2806 1.9883 -0.52253 1.7227 0.59814 -0.022871 -0.59483 3.5957 0.77433 -1.0119 2.0241 0.6167 -0.94484 0.62323 1.2575 0.70379 -0.024152 -0.3572 1.0684 -1.9538 0.38959 0.37213 -3.088 -0.82682 -0.70379 0.024153 0.3572 -0.60282 -2.0351 -0.047235 -0.62539 -3.7681 -0.54421
3 46 48 0.24588 4.8148 0.26902 0.3628 3.5592 0.28784 1.1468 3.5524 -0.30597 1.1439 1.9883 -0.77736 1.6803 0.59814 -0.38053 -0.42084 3.5957 0.88108 -0.86156 2.0241 0.81361 -0.66274 0.62323 1.4265 0.61415 -0.024152 -0.49572 1.1261 -1.9538 0.15894 0.19209 -3.088 -0.88612 -0.61415 0.024153 0.49572 -0.59947 -2.0351 0.079131 -0.72487 -3.7681 -0.40229
3 54 24 0.0072245 4.8247 0.12272 0.14549 3.5745 0.21853 1.0704 3.5847 -0.11591 1.2144 2.3963 -1.2275 1.5154 0.91274 -1.5212 -0.77971 3.5942 0.55166 -0.95572 2.4549 1.7091 -0.4361 3.331 2.8667 0.7747 -0.036708 -0.14828 0.887 -1.2839 1.5388 0.42517 -2.7594 0.611 -0.7747 0.036708 0.14828 -0.68616 -1.9212 -0.60881 -0.58631 -3.5953 -1.2709
3 55 24 0.031602 4.8231 0.12358 0.17711 3.5745 0.22726 1.1038 3.5855 -0.10222 1.2448 2.385 -1.2011 1.5194 0.89794 -1.5027 -0.74998 3.5933 0.55516 -0.93834 2.4119 1.6676 -0.3966 3.2129 2.8687 0.77348 -0.044847 -0.15238 0.83762 -1.511 1.3511 0.41194 -3.1689 0.78435 -0.77348 0.044847 0.15238 -0.71019 -1.8889 -0.66668 -0.63115 -3.5428 -1.3804
3 56 24 0.046018 4.8219 0.0933 0.1977 3.5752 0.21056 1.1262 3.5876 -0.11359 1.2595 2.3666 -1.1907 1.5119 0.86968 -1.4614 -0.73142 3.5925 0.53276 -0.95044 2.3482 1.5683 -0.36449 3.0008 2.8365 0.7738 -0.054006 -0.14771 0.75403 -1.6961 1.1628 0.40077 -3.4324 0.82872 -0.7738 0.054006 0.14771 -0.74442 -1.8508 -0.73828 -0.69226 -3.4818 -1.5051
3 56 36 0.064411 4.8219 0.081694 0.23715 3.5752 0.16485 1.078 3.5876 -0.34526 0.98439 2.3666 -1.4265 1.1751 0.86968 -1.7438 -0.60467 3.5925 0.67319 -0.6036 2.3482 1.7317 0.23322 3.0008 2.8503 0.72618 -0.054006 -0.30536 0.97931 -1.6961 0.98059 0.56432 -3.4324 0.72728 -0.72618 0.054006 0.30536 -0.88165 -1.8508 -0.56737 -0.99007 -3.4818 -1.3283
3 57 24 0.032033 4.8212 0.05186 0.18979 3.5781 0.1958 1.1191 3.5881 -0.12628 1.2481 2.3116 -1.1376 1.4849 0.80383 -1.3571 -0.74021 3.5977 0.51529 -0.99487 2.2725 1.436 -0.3691 2.6942 2.7808 0.77359 -0.05314 -0.14908 0.66141 -1.8351 0.95828 0.3631 -3.594 0.69689 -0.77359 0.053141 0.14908 -0.74725 -1.8416 -0.75846 -0.74063 -3.4184 -1.6329
3 77 24 -0.084096 4.8027 -0.35547 0.12269 3.5845 -0.10678 1.0222 3.5948 -0.50454 1.2509 2.0288 -0.90935 1.817 0.75475 -0.25045 -0.77862 3.6037 0.28646 -0.95657 2.0342 0.70345 -0.3401 1.5593 2.0346 0.72738 -0.051779 -0.30287 1.1313 -2.0285 0.2834 0.24977 -2.4967 -1.2182 -0.72738 0.051779 0.30287 -0.52358 -2.0393 0.30265 -0.32862 -3.8317 0.2834
3 78 24 -0.058851 4.8082 -0.35143 0.12297 3.5842 -0.10601 0.99478 3.5809 -0.56132 1.0776 2.1168 -1.2811 1.6632 0.73838 -0.9141 -0.75049 3.6169 0.34494 -0.92165 2.1191 0.9743 -0.14225 2.2047 2.302 0.72822 -0.051898 -0.30084 1.3961 -1.8104 0.63508 0.46127 -2.0443 -0.88885 -0.72822 0.051898 0.30084 -0.56754 -2.0403 0.19551 -0.40837 -3.8331 0.087635
3 85 24 -0.074065 4.8126 -0.40147 0.085644 3.581 -0.16862 0.93991 3.5729 -0.65599 0.89395 2.2863 -1.6616 1.4599 0.85194 -1.6675 -0.7703 3.6186 0.31439 -0.95774 2.2969 1.2561 -0.19884 2.8332 2.4866 0.73237 -0.04462 -0.29179 1.1779 -1.1637 1.4297 0.7426 -2.7472 0.6853 -0.73237 0.044621 0.29179 -0.79838 -1.9399 -0.39494 -0.83191 -3.6385 -0.99871
3 85 300 0.39153 4.8126 -0.11562 0.17665 3.581 0.067549 0.75065 3.5729 0.86619 1.7459 2.2863 0.71537 1.8109 0.85194 1.2776 -0.39319 3.6186 -0.73322 -1.3493 2.2969 -0.82119 -2.4938 2.8332 0.062171 0.36674 -0.04462 0.69786 -1.2987 -1.1637 1.3209 -0.60392 -2.7472 0.81017 -0.36674 0.044621 -0.69786 0.30933 -1.9399 -0.83529 0.90629 -3.6385 -0.93175
3 86 24 -0.04097 4.8137 -0.3641 0.11478 3.5829 -0.12766 0.98631 3.5716 -0.58336 0.99465 2.2143 -1.4924 1.5368 0.77442 -1.3896 -0.75814 3.6237 0.3237 -0.94943 2.2643 1.2092 -0.1562 2.6976 2.4585 0.73858 -0.048129 -0.2751 1.0985 -1.4017 1.291 0.80826 -3.135 0.88777 -0.73858 0.048129 0.2751 -0.83281 -1.9075 -0.48714 -0.89066 -3.5809 -1.1558
3 86 36 -0.11578 4.8137 -0.34763 0.085726 3.5829 -0.14873 0.84347 3.5716 -0.77568 0.66264 2.2143 -1.6665 1.2143 0.77442 -1.6788 -0.67427 3.6237 0.47425 -0.67728 2.2643 1.3802 0.35836 2.6976 2.4372 0.66525 -0.048129 -0.42265 1.3429 -1.4017 1.0344 0.97517 -3.135 0.70032 -0.66525 0.048129 0.42265 -0.91589 -1.9075 -0.30335 -1.1115 -3.5809 -0.94541
4 7 288 0.61075 4.6339 1.2628 0.36501 3.4318 0.95116 1.2857 3.3261 0.62163 1.5441 1.7435 0.30982 1.8117 1.5554 1.8167 -0.54906 3.5654 1.2888 -1.3479 2.2895 0.65427 -1.3231 1.2532 1.7958 0.7181 0.045022 -0.32528 0.40803 -2.0179 -0.57515 -0.11654 -3.5599 -1.3485 -0.7181 -0.045023 0.32528 -0.057427 -1.7206 1.4071 0.19567 -3.4861 1.1428
4 30 348 0.2356 4.5947 1.5073 0.082635 3.3877 1.1557 0.97188 3.4142 0.7363 1.4812 2.0195 0.055051 2.2159 1.7515 1.3839 -0.80281 3.3893 1.5839 -1.6249 2.1792 0.85684 -1.0166 1.5349 2.1188 0.66504 0.14965 -0.39852 0.77245 -1.9362 -0.62632 0.28666 -3.3514 -1.6323 -0.66504 -0.14965 0.39852 0.29891 -1.7258 1.399 0.34114 -3.2007 0.36273
4 32 0 0.22616 4.6238 1.4371 0.11897 3.4105 1.09 0.97331 3.5071 0.61241 1.4525 2.0878 -0.039336 2.3085 1.7713 1.2036 -0.73321 3.3424 1.5764 -1.5849 2.1668 0.82708 -0.95056 1.5036 2.0662 0.62351 0.13964 -0.46393 0.4343 -1.8567 -1.0909 -0.20323 -3.2034 -2.1063 -0.62351 -0.13964 0.46393 0.40765 -1.835 1.1545 0.88428 -3.4823 0.59759
4 35 0 -0.027522 4.6302 1.4511 -0.03452 3.4216 1.0729 0.84281 3.5757 0.65587 1.3945 2.1742 0.023121 2.1239 1.653 1.2777 -0.91174 3.2958 1.4995 -1.3903 1.9019 0.79473 -0.82218 1.4796 2.1646 0.67313 0.12164 -0.39445 0.97685 -1.9267 -0.75012 0.19819 -2.5616 -2.2473 -0.67313 -0.12164 0.39445 0.27663 -1.8596 1.0957 0.64278 -3.3591 0.16387
4 36 0 -0.025616 4.5985 1.5453 -0.011383 3.4007 1.1348 0.883 3.5598 0.75784 1.3977 2.1846 0.041802 2.0944 1.5492 1.2618 -0.90582 3.2694 1.5223 -1.2741 1.7688 0.99195 -0.63968 1.5278 2.3765 0.69676 0.10719 -0.35572 1.2304 -1.9246 -0.39297 0.49322 -2.3723 -1.9763 -0.69676 -0.1072 0.35572 0.22105 -1.8259 1.1419 0.51052 -3.2097 0.022873
4 37 0 -0.058023 4.5955 1.5615 -0.039136 3.4036 1.1344 0.87021 3.5577 0.79277 1.3296 2.2375 -0.05271 1.971 1.553 1.1711 -0.94862 3.2773 1.4869 -1.2368 1.7117 1.1198 -0.55626 1.6524 2.5022 0.72099 0.098834 -0.30644 1.3761 -1.8604 0.076602 0.79752 -2.3103 -1.5708 -0.72099 -0.098834 0.30644 0.14748 -1.8524 1.0714 0.38748 -3.1389 -0.16875
4 38 0 -0.065285 4.5964 1.5574 -0.050393 3.4001 1.1426 0.8641 3.5424 0.80971 1.2695 2.2957 -0.16506 1.8458 1.615 1.0928 -0.96488 3.2857 1.4861 -1.2227 1.6944 1.2215 -0.5172 1.7751 2.5902 0.73654 0.091232 -0.26959 1.3661 -1.725 0.57843 1.0604 -2.3929 -1.0682 -0.73654 -0.091232 0.26959 0.067648 -1.9177 0.92646 0.27568 -3.1339 -0.38824
4 39 0 -0.088932 4.6131 1.5035 -0.083915 3.4072 1.1177 0.82778 3.539 0.77302 1.1799 2.3619 -0.3036 1.7047 1.706 0.98949 -0.99541 3.3034 1.4723 -1.2663 1.709 1.2417 -0.53952 1.84 2.5953 0.7472 0.091572 -0.23833 1.2552 -1.5709 0.94164 1.2566 -2.6205 -0.52437 -0.7472 -0.091572 0.23833 0.011872 -1.998 0.68957 0.17582 -3.1942 -0.64949
4 41 12 0.051469 4.6438 1.3915 -0.024825 3.421 1.0717 0.79932 3.526 0.54523 0.81859 2.4175 -0.65466 1.6021 1.7964 0.51922 -0.84678 3.3446 1.6064 -1.2209 1.7656 1.4179 -0.21186 1.7546 2.5838 0.71807 0.11311 -0.30836 1.2375 -1.5513 0.86394 1.5308 -3.2411 0.30766 -0.71807 -0.11311 0.30836 -0.14956 -2.1323 0.19009 -0.24042 -3.2907 -1.1885
4 43 24 0.15612 4.7038 1.1515 0.033825 3.4656 0.91663 0.77909 3.5296 0.278 0.62041 2.3885 -0.88024 1.5899 1.8953 0.21272 -0.70801 3.4305 1.5615 -1.1856 1.8755 1.4108 -0.021157 1.6452 2.395 0.70585 0.099849 -0.33957 1.2958 -1.7404 0.48488 1.7996 -3.4665 0.61785 -0.70585 -0.099849 0.33957 -0.39962 -2.1369 -0.073929 -0.75686 -3.2104 -1.4778
4 52 72 0.21208 4.6439 1.3333 0.10876 3.4041 1.1097 0.94043 3.4895 0.59165 1.4957 2.265 -0.33636 2.0361 2.0537 1.0923 -0.72073 3.3475 1.6352 -1.623 2.1247 1.0357 -0.86974 1.4466 2.1978 0.60414 0.15908 -0.48291 0.68695 -1.9108 -0.83396 0.16502 -3.3857 -1.7302 -0.60414 -0.15908 0.48291 0.47664 -1.8114 1.2013 0.29789 -3.2905 0.18588
4 62 84 0.078029 4.5248 1.7451 0.00047783 3.3273 1.3434 0.82527 3.4727 0.82767 1.0245 2.2424 -0.22855 1.6204 1.5524 1.015 -0.82192 3.2097 1.8699 -1.172 1.6314 1.6355 -0.11069 1.9079 2.7193 0.70492 0.14143 -0.32646 1.1977 -1.5239 0.85591 1.2227 -3.193 0.17428 -0.70492 -0.14143 0.32646 -0.1631 -2.1394 -0.032403 -0.29922 -3.2602 -1.4382
4 63 84 0.066226 4.5352 1.7055 -0.025588 3.3298 1.3301 0.80818 3.4521 0.82293 0.9703 2.2436 -0.26421 1.5866 1.5208 0.95046 -0.85686 3.2355 1.8473 -1.2131 1.6589 1.6108 -0.15057 1.9392 2.6925 0.72295 0.13507 -0.28739 1.1047 -1.6232 0.79759 1.2557 -3.4132 0.64267 -0.72295 -0.13507 0.28739 -0.29976 -2.1215 -0.25056 -0.39404 -3.228 -1.671
4 64 84 0.0679 4.5633 1.6262 -0.035382 3.3541 1.2655 0.81944 3.451 0.78876 0.97471 2.2498 -0.30755 1.5909 1.5026 0.89233 -0.88758 3.2853 1.7517 -1.2678 1.7159 1.5044 -0.23063 1.9501 2.6211 0.74056 0.11814 -0.24721 1.0375 -1.7081 0.74826 1.2186 -3.4963 0.89076 -0.74056 -0.11814 0.24721 -0.34534 -2.0827 -0.3843 -0.47261 -3.1116 -1.8594
4 65 84 0.070249 4.5973 1.5294 -0.04021 3.3853 1.1803 0.84353 3.4577 0.75474 1.05 2.2399 -0.31435 1.6174 1.4946 0.91053 -0.9213 3.3412 1.6152 -1.343 1.7875 1.3378 -0.3496 1.9632 2.504 0.75288 0.10106 -0.21555 0.99216 -1.7148 0.81388 1.11 -3.514 0.81347 -0.75288 -0.10106 0.21555 -0.3441 -2.0836 -0.34708 -0.53646 -2.9005 -1.9429
4 72 120 0.39394 4.6147 1.4123 0.2255 3.3964 1.1131 1.1183 3.393 0.70061 1.509 2.01 -0.076258 1.9712 1.8808 1.3891 -0.66296 3.4281 1.5338 -1.529 2.2322 0.83481 -0.80907 1.6053 2.0458 0.67103 0.11207 -0.40082 0.60018 -1.9819 -0.55689 -0.0042704 -3.3773 -1.5257 -0.67103 -0.11207 0.40082 0.24161 -1.7525 1.3444 -0.018128 -3.2951 0.44785
5 0 276 0.29975 4.7626 0.87722 0.21193 3.523 0.63338 1.1389 3.5382 0.30492 1.5021 2.0189 -0.17306 2.3163 0.78069 0.25319 -0.71274 3.5368 0.96826 -1.0806 1.9572 0.77239 -1.1829 0.53298 1.3544 0.73183 -0.0039864 -0.29649 0.50467 -2.0927 -0.29879 0.0055651 -3.5126 -1.2917 -0.73183 0.0039859 0.29649 -0.14971 -1.7042 1.3724 -0.060999 -3.4933 1.1667
5 1 276 0.27332 4.7613 0.88095 0.20912 3.5213 0.63144 1.1311 3.5576 0.29085 1.4658 2.0483 -0.23691 2.2992 0.79833 0.11071 -0.71112 3.514 0.97853 -1.0612 1.9267 0.81576 -1.1598 0.4977 1.3867 0.73199 -0.010726 -0.29592 0.47756 -2.0959 -0.33607 -0.019316 -3.4652 -1.3987 -0.73199 0.010726 0.29592 -0.18519 -1.7166 1.3597 -0.096789 -3.4962 1.0837
5 2 276 0.22081 4.7658 0.86391 0.18259 3.5245 0.61585 1.1024 3.5803 0.27214 1.406 2.0839 -0.30865 2.242 0.81309 -0.055936 -0.73612 3.4977 0.96602 -1.0629 1.9018 0.84357 -1.1547 0.471 1.4111 0.73307 -0.010542 -0.29324 0.46567 -2.093 -0.37273 -0.029906 -3.4162 -1.4927 -0.73307 0.010542 0.29324 -0.21353 -1.7448 1.3243 -0.14292 -3.5116 0.97153
5 6 276 0.20556 4.772 0.80458 0.18285 3.5264 0.57813 1.0614 3.6161 0.1451 1.31 2.1451 -0.52067 2.104 0.82407 -0.47475 -0.69507 3.4659 1.0174 -0.94709 1.8519 1.0286 -0.81422 0.50267 1.7632 0.70367 -0.0099072 -0.35812 0.77998 -2.1001 -0.15939 0.17397 -3.1529 -1.4918 -0.70367 0.0099072 0.35812 -0.2088 -1.8856 1.1173 -0.29657 -3.5656 0.46858
5 7 276 0.21566 4.7746 0.80455 0.1737 3.5296 0.5774 1.0365 3.6142 0.11283 1.2525 2.1422 -0.56194 2.0647 0.83333 -0.49307 -0.68806 3.4742 1.0482 -0.92875 1.8597 1.1134 -0.71509 0.54057 1.8827 0.69746 -0.0027404 -0.37019 0.91283 -2.0609 -0.0070018 0.26228 -3.0638 -1.3567 -0.69746 0.0027404 0.37019 -0.20106 -1.9213 1.0529 -0.32763 -3.5771 0.3507
5 8 276 0.22042 4.7794 0.79031 0.1595 3.5345 0.56691 1.01 3.6114 0.078994 1.1911 2.1338 -0.59368 2.0196 0.83649 -0.50228 -0.68959 3.4867 1.061 -0.90656 1.8738 1.2037 -0.63037 0.58017 1.9961 0.69624 0.0026531 -0.37249 1.0392 -2 0.16233 0.3863 -3.0469 -1.1525 -0.69624 -0.0026536 0.37249 -0.20062 -1.9511 0.98271 -0.36396 -3.5793 0.22566
5 9 276 0.23366 4.7808 0.78415 0.15365 3.536 0.56637 0.9962 3.6027 0.063361 1.1415 2.1182 -0.60289 1.9811 0.82945 -0.49395 -0.68707 3.4984 1.0754 -0.87556 1.8912 1.2995 -0.55183 0.62503 2.1178 0.69687 0.0060086 -0.37126 1.1442 -1.9212 0.33584 0.53175 -3.0846 -0.898 -0.69687 -0.0060081 0.37126 -0.20591 -1.9738 0.91981 -0.40225 -3.5699 0.10447
5 10 276 0.25676 4.7799 0.78439 0.1597 3.5357 0.57049 0.9987 3.5913 0.060252 1.1136 2.1024 -0.60204 1.9532 0.81481 -0.47966 -0.6771 3.5092 1.0867 -0.848 1.9104 1.3757 -0.47727 0.67978 2.2276 0.69841 0.0062585 -0.36835 1.2174 -1.8377 0.49474 0.69379 -3.1612 -0.61211 -0.69841 -0.0062585 0.36835 -0.22718 -1.9949 0.85563 -0.44519 -3.557 -0.018086
5 11 276 0.28612 4.777 0.79294 0.1721 3.5345 0.57725 1.0091 3.5802 0.062733 1.101 2.0876 -0.59483 1.9285 0.79165 -0.47956 -0.66232 3.5178 1.0977 -0.82909 1.9272 1.4309 -0.4077 0.74013 2.3202 0.70201 0.0040908 -0.36148 1.256 -1.7631 0.63078 0.87193 -3.258 -0.30121 -0.70201 -0.0040913 0.36148 -0.26528 -2.0178 0.77197 -0.49078 -3.5542 -0.14427
5 37 324 0.31631 4.7829 0.747 0.17258 3.5438 0.52988 1.0465 3.5672 0.079292 1.6316 2.078 -0.25042 2.6612 1.2138 0.50511 -0.69874 3.5495 0.98609 -1.0801 1.9675 0.84259 -1.1308 0.52616 1.3882 0.67361 0.028316 -0.41104 0.57228 -2.0669 -0.52952 -0.036353 -3.4768 -1.4744 -0.67361 -0.028317 0.41104 -0.041512 -1.7586 1.4215 0.1381 -3.5393 1.2032
5 38 324 0.26554 4.7852 0.74917 0.15912 3.5438 0.52333 1.0421 3.5897 0.092572 1.5718 2.0909 -0.28398 2.5735 1.1557 0.42286 -0.7221 3.527 0.95984 -1.0751 1.9386 0.81501 -1.1238 0.49425 1.3528 0.68529 0.017106 -0.39189 0.56036 -2.0718 -0.5798 -0.056724 -3.4108 -1.6176 -0.68529 -0.017106 0.39189 -0.11177 -1.7534 1.4266 0.085236 -3.5197 1.1232
5 39 324 0.17461 4.7899 0.7437 0.1061 3.5467 0.5126 0.99954 3.6144 0.10695 1.4628 2.109 -0.32651 2.4299 1.07 0.27585 -0.78645 3.5083 0.92398 -1.1148 1.9141 0.78486 -1.1514 0.47506 1.3377 0.69966 0.01792 -0.36559 0.56788 -2.0627 -0.62643 -0.057005 -3.3275 -1.7492 -0.69966 -0.01792 0.36559 -0.16804 -1.7702 1.3957 0.031809 -3.5174 0.99783
5 41 324 0.13097 4.7923 0.71181 0.10882 3.5448 0.49487 1.0204 3.6324 0.13596 1.3946 2.1271 -0.37686 2.2529 0.88105 -0.079766 -0.80289 3.4866 0.85924 -1.1029 1.8848 0.7456 -1.0659 0.49372 1.4098 0.70991 0.0028372 -0.34572 0.75772 -2.0856 -0.57071 0.090518 -3.1396 -1.8725 -0.70991 -0.0028372 0.34572 -0.16454 -1.8265 1.2353 -0.041156 -3.5445 0.70226
5 42 324 0.12938 4.7895 0.7221 0.11326 3.5428 0.49991 1.0304 3.6335 0.15626 1.3777 2.129 -0.37723 2.1821 0.82045 -0.24175 -0.80417 3.4815 0.84907 -1.1015 1.878 0.75344 -1.0324 0.52492 1.4896 0.71171 -0.00047588 -0.34201 0.88863 -2.0923 -0.42682 0.22291 -3.0492 -1.8024 -0.71171 0.00047588 0.34201 -0.18063 -1.8537 1.1754 -0.078458 -3.5485 0.56873
5 43 324 0.13995 4.7862 0.7456 0.107 3.5425 0.51043 1.0262 3.6295 0.17139 1.3477 2.1249 -0.37779 2.1075 0.78317 -0.37807 -0.81236 3.4847 0.8551 -1.1102 1.8803 0.7774 -1.0214 0.56863 1.5831 0.71732 0.00046158 -0.33008 1.0187 -2.0766 -0.2328 0.39592 -3.0024 -1.649 -0.71732 -0.00046206 0.33008 -0.2006 -1.8841 1.1043 -0.10944 -3.5554 0.43401
5 44 324 0.12273 4.7877 0.75913 0.092005 3.5443 0.5209 1.0198 3.6195 0.20339 1.3094 2.1178 -0.37087 2.0451 0.76448 -0.44064 -0.83578 3.4982 0.84409 -1.1294 1.8919 0.79673 -1.0273 0.6208 1.6637 0.72908 0.0050907 -0.30317 1.1258 -2.0372 -0.0098231 0.59927 -3.0134 -1.4313 -0.72908 -0.0050907 0.30317 -0.22908 -1.9116 1.0307 -0.13978 -3.5605 0.30675
5 45 336 0.28619 4.7861 0.72286 0.1785 3.5456 0.49415 1.0236 3.6133 -0.0045003 1.1629 2.1162 -0.64331 1.8583 0.75771 -0.86369 -0.66516 3.5071 0.99826 -0.95611 1.9002 1.0401 -0.65116 0.67168 1.9207 0.66885 0.005693 -0.41964 1.2103 -1.9854 -0.023936 0.56513 -3.0785 -1.3045 -0.66885 -0.0056934 0.41964 -0.060227 -1.9369 0.98011 -0.12865 -3.5622 0.20235
5 46 336 0.26268 4.7872 0.73089 0.15757 3.5448 0.51016 1.0147 3.6027 0.031351 1.1344 2.1114 -0.62463 1.8377 0.75051 -0.80101 -0.6981 3.5162 0.99428 -0.98246 1.9089 1.0607 -0.66028 0.72387 1.9932 0.687 0.0085392 -0.38917 1.2596 -1.9255 0.19904 0.83857 -3.1842 -1.0213 -0.687 -0.0085387 0.38917 -0.11384 -1.9584 0.9219 -0.18853 -3.553 0.083673
5 47 336 0.23624 4.7873 0.74096 0.13291 3.5447 0.5206 1.0054 3.5962 0.069599 1.1105 2.1085 -0.59713 1.8269 0.7484 -0.71793 -0.7381 3.5225 0.97692 -1.0187 1.9155 1.0639 -0.68692 0.76979 2.0411 0.70458 0.011111 -0.3563 1.2391 -1.8704 0.41077 1.1045 -3.3073 -0.67003 -0.70458 -0.01111 0.35629 -0.17173 -1.9818 0.85293 -0.24381 -3.5412 -0.049308
5 48 336 0.21523 4.7864 0.75308 0.11004 3.545 0.52712 0.99863 3.5899 0.10789 1.0987 2.1039 -0.56314 1.8291 0.74752 -0.63077 -0.777 3.5293 0.95171 -1.0522 1.9229 1.0633 -0.72649 0.80656 2.0759 0.72289 0.011895 -0.31747 1.1797 -1.8262 0.59197 1.3317 -3.4089 -0.25815 -0.72289 -0.011895 0.31747 -0.2294 -2.0037 0.76872 -0.30055 -3.529 -0.19008
5 49 336 0.20623 4.7857 0.75288 0.091667 3.5461 0.52136 0.99477 3.5812 0.13336 1.1175 2.094 -0.53143 1.8513 0.73793 -0.5504 -0.80974 3.5404 0.9148 -1.0813 1.934 1.0353 -0.77512 0.83111 2.0685 0.73917 0.0079546 -0.2776 1.1032 -1.8012 0.72683 1.4497 -3.4801 0.16825 -0.73917 -0.0079546 0.2776 -0.2907 -2.023 0.66821 -0.34779 -3.5171 -0.33953
5 75 60 0.37556 4.77 0.74642 0.1657 3.5459 0.5131 1.0899 3.5405 0.17666 1.7792 2.0603 0.12375 2.6896 1.2958 1.1057 -0.75584 3.5804 0.85506 -1.1608 2.0017 0.74355 -1.2973 0.55247 1.2522 0.6985 0.02582 -0.36733 0.57407 -2.071 -0.31971 -0.0072368 -3.5935 -1.0911 -0.6985 -0.02582 0.36733 -0.13425 -1.7483 1.4298 0.10828 -3.4641 0.93151
5 76 60 0.29969 4.7764 0.75285 0.1213 3.5495 0.50684 1.0529 3.563 0.19179 1.7138 2.0729 0.084105 2.5517 1.2801 1.1074 -0.80834 3.5652 0.82759 -1.1876 1.9815 0.69892 -1.3213 0.52578 1.1897 0.70846 0.026851 -0.34765 0.54742 -2.068 -0.35931 -0.044521 -3.555 -1.1895 -0.70846 -0.026851 0.34765 -0.17708 -1.7507 1.4248 0.063539 -3.451 0.87542
5 77 60 0.24021 4.7818 0.74353 0.09186 3.5508 0.4975 1.0308 3.5815 0.20624 1.6682 2.0881 0.026449 2.4321 1.2238 1.0497 -0.84578 3.5494 0.79449 -1.1926 1.9593 0.65305 -1.3104 0.50303 1.146 0.71794 0.023336 -0.32789 0.53329 -2.0681 -0.40629 -0.064346 -3.5133 -1.3035 -0.71794 -0.023336 0.32789 -0.19894 -1.7784 1.3597 0.027103 -3.4657 0.76577
5 77 72 0.38955 4.7818 0.67734 0.19329 3.5508 0.46753 1.0511 3.5815 -0.012584 1.6373 2.0881 -0.32097 2.5972 1.2238 0.52111 -0.66211 3.5494 0.95297 -1.0308 1.9593 0.88673 -1.0435 0.50303 1.3934 0.63408 0.023336 -0.46999 0.43716 -2.0681 -0.50828 -0.33396 -3.5133 -1.2617 -0.63408 -0.023336 0.46999 0.08811 -1.7784 1.3714 0.18572 -3.4657 0.7434
5 78 60 0.19333 4.7858 0.73156 0.078043 3.5505 0.48963 1.024 3.5997 0.22493 1.6328 2.1042 -0.022955 2.3409 1.1342 0.94426 -0.86741 3.5306 0.75997 -1.1784 1.9332 0.61791 -1.2715 0.48289 1.1334 0.7268 0.015734 -0.30824 0.5508 -2.0742 -0.43272 -0.059311 -3.4586 -1.4136 -0.7268 -0.015735 0.30824 -0.21826 -1.8132 1.2699 -0.0066624 -3.4908 0.64403
5 78 72 0.34121 4.7858 0.67538 0.17814 3.5505 0.46271 1.0484 3.5997 0.0071084 1.5923 2.1042 -0.36193 2.486 1.1342 0.43693 -0.69045 3.5306 0.9237 -1.0242 1.9332 0.84941 -1.008 0.48289 1.3729 0.64683 0.015734 -0.45261 0.4488 -2.0742 -0.53778 -0.35192 -3.4586 -1.3704 -0.64683 -0.015735 0.45261 0.050544 -1.8132 1.2876 0.12738 -3.4908 0.63134
5 82 72 0.18339 4.7864 0.72941 0.10809 3.5442 0.50055 1.0115 3.6275 0.12066 1.3668 2.1401 -0.45383 2.1048 0.81067 -0.19742 -0.79508 3.4902 0.88621 -1.0213 1.8723 0.89179 -0.80418 0.52675 1.6129 0.6986 0.0069556 -0.36798 0.90588 -2.0775 -0.20613 0.038411 -3.0434 -1.4573 -0.6986 -0.0069551 0.36798 -0.13278 -1.9247 1.0134 -0.082777 -3.5461 0.22641
5 83 72 0.15235 4.7847 0.75773 0.080184 3.5437 0.51994 0.98893 3.6232 0.15223 1.3064 2.1383 -0.45026 2.026 0.77866 -0.34453 -0.82823 3.4933 0.89358 -1.0405 1.874 0.93097 -0.79264 0.56745 1.7114 0.71055 0.01264 -0.34418 1.0198 -2.0356 0.0069413 0.2557 -3.0104 -1.3034 -0.71055 -0.01264 0.34418 -0.16173 -1.9443 0.96207 -0.13172 -3.5435 0.12995
5 84 72 0.11983 4.7842 0.77332 0.046019 3.5444 0.52962 0.96069 3.6199 0.17602 1.2463 2.1368 -0.44651 1.9503 0.76492 -0.45539 -0.86829 3.4981 0.88916 -1.0626 1.8791 0.98744 -0.80154 0.60866 1.8215 0.72391 0.01784 -0.31486 1.0895 -1.9762 0.23674 0.48859 -3.0442 -1.0859 -0.72391 -0.01784 0.31486 -0.18788 -1.9638 0.89798 -0.18358 -3.5418 0.025718
5 85 72 0.095448 4.7846 0.77621 0.019924 3.545 0.53206 0.94026 3.614 0.1921 1.2053 2.1344 -0.44765 1.9003 0.75959 -0.51509 -0.89995 3.5051 0.8779 -1.0782 1.8901 1.0473 -0.80553 0.65446 1.9284 0.73656 0.020024 -0.28387 1.1135 -1.9116 0.45157 0.71848 -3.1259 -0.82138 -0.73656 -0.020024 0.28387 -0.21975 -1.9832 0.82536 -0.23207 -3.5402 -0.083803
5 88 84 0.20068 4.7794 0.79021 0.066961 3.5417 0.55958 0.92483 3.5882 0.080778 1.0343 2.1226 -0.63245 1.7197 0.7476 -0.76402 -0.78883 3.5244 1.044 -0.90358 1.9241 1.3515 -0.41739 0.77861 2.2621 0.70907 0.0288 -0.34626 1.168 -1.7563 0.66231 1.1745 -3.4164 -0.041156 -0.70907 -0.028801 0.34626 -0.20346 -2.0454 0.64975 -0.43659 -3.5227 -0.3573
5 89 84 0.19478 4.778 0.80041 0.059631 3.541 0.56683 0.92876 3.5822 0.10827 1.0502 2.1163 -0.60231 1.7492 0.74421 -0.68385 -0.80733 3.5289 1.0311 -0.93042 1.9308 1.347 -0.44826 0.80321 2.2818 0.71844 0.028259 -0.3264 1.1485 -1.7231 0.75159 1.2764 -3.4667 0.31073 -0.71844 -0.02826 0.3264 -0.25889 -2.0662 0.55002 -0.48708 -3.5259 -0.48345
5 90 84 0.19293 4.7787 0.79962 0.060361 3.5414 0.56541 0.94012 3.5779 0.12717 1.0842 2.1094 -0.57384 1.7977 0.74275 -0.60364 -0.81722 3.5341 1.0094 -0.95591 1.9354 1.3154 -0.49201 0.81597 2.269 0.72542 0.025657 -0.31081 1.1415 -1.6972 0.81742 1.3157 -3.4825 0.63472 -0.72542 -0.025657 0.31081 -0.31704 -2.0822 0.44598 -0.53095 -3.5283 -0.60943
5 91 84 0.2016 4.779 0.79646 0.068147 3.5416 0.56261 0.95663 3.5672 0.14154 1.1291 2.0947 -0.5446 1.8588 0.73653 -0.52039 -0.81797 3.5452 0.9894 -0.97712 1.9435 1.2686 -0.54581 0.81712 2.2293 0.73228 0.020752 -0.29467 1.1369 -1.6756 0.87709 1.3104 -3.4701 0.90279 -0.73228 -0.020752 0.29467 -0.37497 -2.0908 0.33592 -0.57109 -3.5264 -0.7371
5 92 84 0.20834 4.7794 0.79502 0.079885 3.5418 0.55899 0.97999 3.5642 0.16317 1.1788 2.0875 -0.50663 1.9246 0.74017 -0.42839 -0.81791 3.5486 0.96059 -1.0009 1.9444 1.2091 -0.61428 0.79224 2.1582 0.73931 0.014583 -0.27695 1.1011 -1.6621 0.93633 1.2886 -3.4468 1.1116 -0.73931 -0.014583 0.27695 -0.42951 -2.0921 0.23131 -0.60978 -3.5146 -0.86183
5 110 108 0.30725 4.7743 0.80714 0.17105 3.5383 0.56661 1.1094 3.4999 0.2744 1.6003 1.9468 0.14926 2.3381 0.94329 1.0582 -0.76373 3.6057 0.86497 -1.1429 2.021 0.74762 -1.2004 0.6448 1.4407 0.74305 0.013216 -0.26682 0.69761 -2.078 -0.068775 0.33356 -3.613 -0.94168 -0.74305 -0.013217 0.26682 -0.26633 -1.737 1.3693 -0.28396 -3.5381 1.2871
5 111 108 0.28468 4.778 0.79131 0.15146 3.541 0.55385 1.0833 3.5085 0.24072 1.5753 1.9553 0.12197 2.2976 0.97413 1.0672 -0.77687 3.6026 0.87288 -1.1485 2.0172 0.74156 -1.2188 0.62438 1.3995 0.73682 0.018094 -0.28331 0.6658 -2.0798 -0.19402 0.2758 -3.5963 -1.088 -0.73682 -0.018094 0.28331 -0.18829 -1.7253 1.3783 -0.23673 -3.5265 1.4431
5 112 108 0.26012 4.7817 0.77754 0.13519 3.5435 0.54164 1.0624 3.5214 0.21434 1.5503 1.9675 0.087527 2.2633 0.98809 1.0415 -0.78884 3.5946 0.87469 -1.1525 2.0081 0.73467 -1.2345 0.59882 1.355 0.73188 0.020667 -0.29566 0.63864 -2.0783 -0.30359 0.22417 -3.5671 -1.2324 -0.73188 -0.020667 0.29566 -0.16031 -1.7192 1.3923 -0.20858 -3.5174 1.5151
6 18 108 0.40176 4.752 0.87118 0.32828 3.5085 0.65547 1.2614 3.4624 0.34805 1.6188 1.8979 0.042685 2.2495 0.79036 0.91061 -0.60109 3.5837 0.96851 -1.0399 2.0216 0.7783 -1.2832 0.60032 1.3246 0.71396 0.001627 -0.33728 0.48641 -2.087 -0.34096 0.0077541 -3.7229 -0.92909 -0.71396 -0.001627 0.33728 -0.13555 -1.7455 1.3564 0.058552 -3.5332 1.4879
6 19 108 0.37253 4.7547 0.87409 0.30167 3.5113 0.65544 1.2321 3.4737 0.33892 1.5795 1.9086 0.025027 2.1869 0.82105 0.93388 -0.62521 3.5779 0.97764 -1.065 2.0173 0.77753 -1.3139 0.58885 1.3021 0.71009 0.0090504 -0.34524 0.4363 -2.0719 -0.43987 -0.055754 -3.7021 -1.0326 -0.71009 -0.0090508 0.34524 -0.12236 -1.7493 1.3653 0.096579 -3.5269 1.5727
6 20 108 0.35484 4.7578 0.86672 0.28577 3.5142 0.64785 1.2102 3.4825 0.3136 1.5513 1.9196 -0.017361 2.1468 0.84093 0.90973 -0.63518 3.5749 0.98774 -1.0743 2.0152 0.78021 -1.3248 0.58205 1.2912 0.7045 0.013275 -0.35636 0.38441 -2.0546 -0.54577 -0.12091 -3.676 -1.1512 -0.7045 -0.013275 0.35636 -0.10716 -1.7524 1.3727 0.10868 -3.5273 1.6052
6 21 108 0.33694 4.7593 0.86299 0.27355 3.5147 0.64885 1.191 3.4912 0.29509 1.5257 1.9329 -0.063219 2.1216 0.84633 0.85435 -0.64048 3.5672 1.0082 -1.0758 2.0065 0.80009 -1.3179 0.5692 1.3034 0.69938 0.017014 -0.36617 0.33465 -2.0321 -0.65306 -0.18643 -3.6398 -1.2814 -0.69938 -0.017014 0.36617 -0.09629 -1.7587 1.3747 0.10499 -3.5371 1.5927
6 26 96 0.22628 4.7595 0.87141 0.20578 3.5091 0.68188 1.1704 3.496 0.49047 1.486 1.9597 0.033344 2.1024 0.61075 0.45524 -0.75691 3.5514 0.87886 -1.1044 1.963 0.72168 -1.3316 0.55705 1.3128 0.75662 -0.0062075 -0.22579 0.5118 -2.0081 -0.81474 0.1423 -3.36 -1.9491 -0.75662 0.006207 0.22579 -0.33779 -1.8083 1.1986 -0.25805 -3.6046 1.0656
6 27 96 0.27113 4.7601 0.85402 0.23017 3.5087 0.67389 1.1893 3.486 0.45744 1.494 1.947 0.0020557 2.1436 0.57633 0.27961 -0.72663 3.5607 0.8957 -1.0817 1.9704 0.77965 -1.2573 0.6007 1.4659 0.7523 -0.0070906 -0.23977 0.58898 -2.0492 -0.70624 0.19842 -3.2778 -1.9668 -0.7523 0.0070906 0.23977 -0.32979 -1.8434 1.1405 -0.27237 -3.6327 0.92588
6 28 96 0.32801 4.7576 0.85084 0.25376 3.5072 0.67257 1.2026 3.4688 0.4164 1.5017 1.9326 -0.052037 2.1738 0.56439 0.18037 -0.69201 3.5748 0.93392 -1.0677 1.9864 0.86598 -1.1796 0.66087 1.6458 0.74652 -0.0058818 -0.25723 0.68782 -2.0879 -0.53313 0.26374 -3.1753 -1.9074 -0.74652 0.0058813 0.25723 -0.31862 -1.8762 1.0872 -0.28777 -3.6547 0.79191
6 29 96 0.38866 4.7545 0.84314 0.28755 3.5056 0.66778 1.225 3.4568 0.37422 1.5133 1.9251 -0.11509 2.2085 0.57495 0.15204 -0.64629 3.5835 0.96652 -1.0489 2.0003 0.9739 -1.091 0.72083 1.8335 0.74028 -0.0091043 -0.27458 0.78736 -2.1091 -0.32101 0.34043 -3.0929 -1.7644 -0.74028 0.0091043 0.27458 -0.31286 -1.9018 1.0362 -0.29917 -3.6662 0.66527
6 55 120 0.32058 4.7971 0.62165 0.229 3.5443 0.47253 1.1298 3.4885 0.081495 1.7023 1.9629 -0.034466 2.624 0.91029 0.61366 -0.66784 3.6293 0.86726 -1.1277 2.0635 0.79326 -1.1382 0.71275 1.5369 0.69503 0.019257 -0.37425 0.688 -2.0364 0.06015 0.24276 -3.6912 -0.50042 -0.69503 -0.019257 0.37425 -0.16628 -1.8707 1.215 -0.45522 -3.5253 0.5595
6 56 120 0.2971 4.7999 0.61042 0.21102 3.5466 0.46221 1.1123 3.4933 0.072037 1.7208 1.9782 0.015952 2.6443 1.0305 0.80753 -0.68646 3.6292 0.85598 -1.1292 2.0579 0.79445 -1.1083 0.71356 1.5494 0.69231 0.022614 -0.37907 0.61058 -2.0562 -0.085721 0.12992 -3.7004 -0.64824 -0.69231 -0.022614 0.37907 -0.1003 -1.8373 1.2569 -0.22835 -3.5963 0.88188
6 57 120 0.26293 4.8041 0.59331 0.18341 3.5497 0.45033 1.0825 3.5023 0.054463 1.7142 1.9958 0.044009 2.6186 1.1547 0.96716 -0.71212 3.6264 0.84973 -1.1385 2.05 0.8042 -1.0904 0.70832 1.5626 0.68822 0.027805 -0.3861 0.52247 -2.062 -0.24566 0.014039 -3.7024 -0.79471 -0.68822 -0.027806 0.3861 -0.046808 -1.8206 1.2742 -0.0062229 -3.6206 1.1775
6 58 120 0.23458 4.8075 0.57625 0.16293 3.5521 0.43752 1.0581 3.5116 0.032033 1.7043 2.0113 0.049451 2.5768 1.2771 1.0875 -0.72884 3.6221 0.84643 -1.1467 2.0431 0.8155 -1.0783 0.70318 1.5755 0.68075 0.032121 -0.3988 0.43427 -2.0544 -0.39727 -0.098555 -3.6913 -0.93354 -0.68075 -0.032122 0.3988 0.0040316 -1.8125 1.2794 0.20207 -3.5995 1.4151
6 59 120 0.2113 4.8082 0.57507 0.14646 3.5523 0.43776 1.0345 3.519 0.016343 1.6861 2.0213 0.048773 2.5221 1.3767 1.1728 -0.7384 3.615 0.86257 -1.1499 2.0341 0.84432 -1.074 0.69403 1.6034 0.67066 0.038469 -0.41502 0.3395 -2.0321 -0.54657 -0.21412 -3.6673 -1.0667 -0.67066 -0.038469 0.41502 0.055432 -1.8107 1.2788 0.35969 -3.5644 1.5672
6 69 108 0.16723 4.786 0.65161 0.21285 3.5327 0.48136 1.0985 3.6067 0.059988 1.4338 2.0668 -0.37015 2.1605 0.72072 -0.17557 -0.67259 3.4881 0.90725 -0.987 1.8854 0.94015 -0.92882 0.53668 1.6853 0.67008 -0.0086217 -0.41763 0.7239 -2.1085 -0.37206 -0.05061 -3.0625 -1.6915 -0.67008 0.0086222 0.41763 -0.14556 -1.9289 1.0384 -0.1355 -3.6855 0.63225
6 70 108 0.18871 4.7875 0.66615 0.21067 3.5341 0.49054 1.0817 3.6013 0.03878 1.3862 2.0713 -0.44609 2.1249 0.71819 -0.41224 -0.65978 3.4963 0.94689 -0.96097 1.8936 1.0435 -0.83239 0.57423 1.8312 0.66751 -0.0038543 -0.42181 0.84933 -2.0833 -0.18274 0.080088 -3.0782 -1.4748 -0.66751 0.0038538 0.42181 -0.15621 -1.954 0.98724 -0.17793 -3.6907 0.50331
6 71 108 0.19894 4.7915 0.66608 0.19711 3.5376 0.49175 1.0555 3.5933 0.014838 1.3305 2.0749 -0.52166 2.08 0.72824 -0.56923 -0.66016 3.5113 0.97316 -0.93394 1.9107 1.152 -0.74647 0.6205 1.9753 0.6707 0.0014014 -0.41672 0.95499 -2.0394 -0.0063493 0.23542 -3.1573 -1.2244 -0.6707 -0.0014009 0.41672 -0.16211 -1.9733 0.93366 -0.21763 -3.6854 0.371
6 72 108 0.20784 4.7935 0.66561 0.18344 3.5391 0.49654 1.0332 3.5817 0.0031343 1.2852 2.0743 -0.57386 2.046 0.73506 -0.64682 -0.66474 3.5259 0.99432 -0.91133 1.9325 1.2574 -0.66102 0.68085 2.1224 0.67672 0.0065432 -0.40683 1.0398 -1.981 0.16946 0.41363 -3.2698 -0.92499 -0.67672 -0.0065432 0.40683 -0.16991 -1.9892 0.88277 -0.25936 -3.6722 0.24215
6 73 108 0.22479 4.7956 0.65805 0.17626 3.5408 0.49582 1.0179 3.5719 -0.012217 1.2434 2.071 -0.61644 2.0151 0.73776 -0.68426 -0.66335 3.539 1.0081 -0.888 1.9569 1.3472 -0.57776 0.75409 2.2609 0.68075 0.0095348 -0.39998 1.101 -1.9164 0.32697 0.60846 -3.382 -0.60053 -0.68075 -0.0095353 0.39998 -0.18169 -2.0048 0.82931 -0.30271 -3.6549 0.11278
6 74 108 0.24795 4.7981 0.64079 0.18031 3.5435 0.48242 1.0168 3.5651 -0.034548 1.2084 2.0655 -0.65373 1.9965 0.74098 -0.70084 -0.65384 3.5513 1.0035 -0.86576 1.9811 1.4013 -0.49801 0.83592 2.3662 0.68278 0.007947 -0.39654 1.1292 -1.8575 0.46081 0.80349 -3.4796 -0.25584 -0.68278 -0.007947 0.39654 -0.21191 -2.024 0.75467 -0.35031 -3.6452 -0.022095
6 75 108 0.26412 4.801 0.62191 0.17836 3.547 0.46732 1.0104 3.5566 -0.057029 1.1683 2.0526 -0.67485 1.9615 0.73055 -0.70388 -0.651 3.5668 0.99564 -0.8617 2.0079 1.4362 -0.44699 0.92629 2.454 0.68646 0.0080385 -0.39013 1.1279 -1.8176 0.55129 0.98211 -3.5552 0.09226 -0.68646 -0.008039 0.39013 -0.25834 -2.0474 0.65851 -0.4011 -3.6474 -0.16024
6 76 108 0.27735 4.8045 0.59634 0.17463 3.5512 0.44593 1.0078 3.5501 -0.076691 1.1313 2.0416 -0.69124 1.9228 0.71828 -0.68476 -0.65556 3.5817 0.97244 -0.87282 2.0328 1.4439 -0.41666 1.0156 2.5092 0.69188 0.007731 -0.38045 1.1119 -1.8023 0.60025 1.1318 -3.5974 0.43256 -0.69188 -0.007731 0.38045 -0.3145 -2.0683 0.54199 -0.45 -3.6532 -0.30673
6 77 108 0.29627 4.8079 0.56215 0.17948 3.5551 0.41795 1.0159 3.5418 -0.099309 1.1113 2.0281 -0.70638 1.8934 0.69991 -0.66378 -0.65365 3.5979 0.93894 -0.8816 2.0558 1.4275 -0.3955 1.094 2.5303 0.69725 0.0042596 -0.37058 1.0967 -1.8033 0.6231 1.2403 -3.596 0.75225 -0.69725 -0.0042591 0.37058 -0.37721 -2.0804 0.41006 -0.49441 -3.6584 -0.4542
