0 77 84 0.0091365 4.8298 -0.45193 0.048163 3.5723 -0.32408 -0.93053 3.5202 -0.24152 -1.0927 1.9027 -0.40247 -1.4519 1.248 -1.7515 1.0245 3.6537 -0.41092 1.3145 2.0986 -0.8188 1.4541 1.185 -2.0531 -0.78854 0.02617 0.031847 -0.87718 -1.9875 -0.56121 -1.0534 -3.7037 -0.037532 0.78854 -0.02617 -0.031846 0.82735 -2.0811 -0.46789 0.92924 -3.6833 0.35275
0 78 84 -0.001413 4.8309 -0.44235 0.036986 3.5728 -0.31892 -0.94076 3.5224 -0.22489 -1.0663 1.8944 -0.27272 -1.4397 1.0615 -1.5156 1.0124 3.6525 -0.41704 1.2285 2.0694 -0.75763 1.3239 1.0691 -1.9272 -0.78838 0.02486 0.036673 -0.87762 -1.9891 -0.55508 -1.0369 -3.7055 -0.026377 0.78838 -0.02486 -0.036672 0.83744 -2.084 -0.45129 0.95557 -3.6836 0.37221
0 79 84 -0.0081436 4.8313 -0.43887 0.029324 3.5728 -0.3194 -0.94795 3.5226 -0.22048 -1.0272 1.8923 -0.15271 -1.4375 0.87417 -1.2356 1.0042 3.6525 -0.42228 1.1782 2.0468 -0.66785 1.2826 0.95165 -1.7483 -0.78869 0.02249 0.031046 -0.87605 -1.993 -0.55591 -1.0093 -3.7081 -0.015993 0.78869 -0.02249 -0.031046 0.85769 -2.0823 -0.43942 0.98513 -3.678 0.39017
0 80 84 -0.012801 4.8313 -0.44256 0.019667 3.5722 -0.32686 -0.9579 3.5234 -0.2302 -0.99203 1.9006 -0.045561 -1.4665 0.71083 -0.90406 0.99493 3.6505 -0.42732 1.1547 2.0298 -0.55653 1.3267 0.84034 -1.5225 -0.78907 0.017943 0.023223 -0.8623 -1.9974 -0.56615 -0.97109 -3.7071 -0.0041065 0.78907 -0.017943 -0.023223 0.88101 -2.0767 -0.43229 1.0159 -3.6677 0.40519
0 81 84 0.0047818 4.8298 -0.45515 0.028595 3.5703 -0.34047 -0.94989 3.5259 -0.25122 -0.96194 1.9195 0.045226 -1.497 0.60516 -0.55802 1.005 3.6441 -0.43324 1.1787 2.0198 -0.43837 1.4738 0.75372 -1.2676 -0.78925 0.019852 0.013993 -0.84744 -1.9955 -0.57713 -0.93255 -3.7011 0.0012873 0.78925 -0.019853 -0.013993 0.91602 -2.0717 -0.44789 1.0553 -3.6534 0.40629
0 81 96 -0.089954 4.8298 -0.4462 -0.042817 3.5703 -0.33897 -0.98136 3.5259 -0.048235 -0.93151 1.9195 0.24424 -1.5803 0.60516 -0.23458 0.89293 3.6441 -0.63272 1.0618 2.0198 -0.67387 1.178 0.75372 -1.5464 -0.76909 0.019852 0.17778 -0.94892 -1.9955 -0.38833 -0.9119 -3.7011 0.19515 0.76909 -0.019853 -0.17778 0.80288 -2.0717 -0.62855 1.1167 -3.6534 0.17801
0 82 96 -0.070255 4.8297 -0.45028 -0.032407 3.5693 -0.34389 -0.9737 3.535 -0.060776 -0.91566 1.9507 0.33356 -1.5701 0.56687 0.14819 0.90651 3.6332 -0.62974 1.14 2.018 -0.55816 1.4519 0.70615 -1.3061 -0.7724 0.020207 0.16277 -0.92571 -1.9988 -0.39779 -0.86746 -3.6972 0.20476 0.7724 -0.020208 -0.16277 0.8451 -2.0615 -0.65503 1.1608 -3.6328 0.17079
0 83 96 -0.05471 4.8285 -0.45802 -0.030993 3.5667 -0.35925 -0.97497 3.5466 -0.083813 -0.93225 1.9915 0.41493 -1.6123 0.61113 0.5132 0.9112 3.6164 -0.63702 1.2192 2.0217 -0.46177 1.767 0.71346 -1.0668 -0.77548 0.016985 0.14781 -0.90054 -2.002 -0.41997 -0.82671 -3.6917 0.20489 0.77548 -0.016985 -0.14781 0.88686 -2.0495 -0.66799 1.1868 -3.619 0.1673
0 84 108 -0.12652 4.826 -0.44289 -0.10124 3.5633 -0.35409 -0.97297 3.5576 0.10134 -0.8424 2.0365 0.68285 -1.4922 0.73357 1.1905 0.76904 3.5987 -0.81095 1.2038 2.0354 -0.6225 1.9106 0.80084 -1.2176 -0.73109 0.015157 0.29795 -0.94848 -2.0079 -0.2257 -0.72858 -3.6926 0.37803 0.73109 -0.015157 -0.29795 0.76617 -2.0441 -0.84236 1.1955 -3.6288 -0.097194
0 85 108 -0.092798 4.8165 -0.45586 -0.09252 3.5547 -0.36461 -0.97623 3.5611 0.067112 -0.89627 2.0752 0.74138 -1.5631 0.91986 1.5148 0.79064 3.5781 -0.79686 1.3358 2.055 -0.56926 2.3563 0.97118 -0.97101 -0.73088 0.017418 0.29834 -0.92636 -2.013 -0.20534 -0.69912 -3.6993 0.39104 0.73088 -0.017417 -0.29833 0.77721 -2.0463 -0.8421 1.2026 -3.6443 -0.12356
0 86 120 -0.1637 4.8056 -0.40197 -0.16779 3.5463 -0.31412 -0.95445 3.5584 0.27612 -0.80753 2.1173 1.0314 -1.2418 1.1756 2.1726 0.61931 3.5641 -0.90363 1.3374 2.1005 -0.79766 2.5473 1.249 -1.2319 -0.65077 0.010247 0.44709 -0.92806 -2.0239 0.00014144 -0.57813 -3.7071 0.54338 0.65077 -0.010248 -0.44709 0.59398 -2.0522 -0.93864 1.1725 -3.6547 -0.34854
0 109 84 -0.086437 4.8352 -0.3256 -0.07385 3.5743 -0.28361 -1.044 3.5035 -0.42882 -1.1043 1.9215 -0.83216 -0.79008 1.1342 -2.1202 0.89423 3.6746 -0.14181 1.3857 2.1804 -0.58268 1.4182 1.3225 -1.8636 -0.78134 -0.016188 -0.1129 -0.72236 -2.0693 -0.55512 -0.89694 -3.7507 0.07191 0.78134 0.016188 0.1129 0.96158 -2.0449 -0.25291 1.0472 -3.7299 0.38284
0 110 84 -0.06629 4.8377 -0.3017 -0.054051 3.5758 -0.25729 -1.0246 3.5081 -0.40126 -1.122 1.8878 -0.58608 -0.97753 0.9185 -1.7765 0.91447 3.673 -0.11636 1.3647 2.1165 -0.32395 1.5831 1.11 -1.4715 -0.77948 -0.012898 -0.12545 -0.71079 -2.0752 -0.52103 -0.89597 -3.753 0.11266 0.77948 0.012897 0.12545 0.9636 -2.0503 -0.2261 1.0477 -3.7328 0.41651
0 110 96 -0.12757 4.8377 -0.28132 -0.10636 3.5758 -0.24043 -1.0857 3.5081 -0.17946 -1.2193 1.8878 -0.34 -1.3255 0.9185 -1.5345 0.8703 3.673 -0.30395 1.2676 2.1165 -0.60062 1.2426 1.11 -1.7685 -0.78853 -0.012898 0.039353 -0.80358 -2.0752 -0.36187 -0.85297 -3.753 0.29648 0.78853 0.012897 -0.039353 0.89554 -2.0503 -0.4215 1.1114 -3.7328 0.18958
0 111 84 -0.068575 4.8404 -0.26051 -0.052398 3.5779 -0.21178 -1.0241 3.5068 -0.34638 -1.1583 1.8787 -0.33022 -1.2304 0.74339 -1.3711 0.91703 3.6786 -0.079826 1.3116 2.0935 -0.05854 1.7457 0.9572 -1.0061 -0.77867 -0.012548 -0.13046 -0.70788 -2.0823 -0.48443 -0.90383 -3.7552 0.15913 0.77867 0.012548 0.13046 0.95416 -2.0559 -0.19362 1.0392 -3.734 0.46031
0 111 96 -0.12124 4.8404 -0.24056 -0.095285 3.5779 -0.19626 -1.0737 3.5068 -0.12589 -1.2016 1.8787 -0.082181 -1.4886 0.74339 -1.0853 0.8804 3.6786 -0.26874 1.2707 2.0935 -0.32995 1.4984 0.9572 -1.3471 -0.78877 -0.012548 0.034282 -0.79313 -2.0823 -0.32667 -0.85099 -3.7552 0.34357 0.78877 0.012548 -0.034283 0.89306 -2.0559 -0.38777 1.1122 -3.734 0.23418
0 113 72 -0.015867 4.8373 -0.23871 -0.014235 3.5745 -0.17562 -0.93494 3.5063 -0.51475 -1.1771 1.9172 -0.22344 -1.6713 0.616 -0.88706 0.90438 3.6724 0.16191 1.1002 2.1023 0.56855 2.0223 0.87623 0.41312 -0.72435 -0.01685 -0.31389 -0.57867 -2.0965 -0.5748 -0.94416 -3.7525 0.037671 0.72435 0.01685 0.31389 0.96542 -2.0561 0.071019 0.89553 -3.7322 0.73176
0 114 120 -0.17206 4.8267 -0.14774 -0.13216 3.5663 -0.091762 -1.0089 3.5124 0.35061 -0.9086 1.9542 0.83095 -1.7809 0.72816 1.1681 0.74302 3.65 -0.5327 1.2066 2.0973 -0.32512 2.0832 0.96291 -0.89295 -0.72164 -0.020201 0.31989 -0.80543 -2.1033 0.058864 -0.58694 -3.7494 0.7614 0.72164 0.020202 -0.31989 0.7124 -2.0553 -0.64626 1.1576 -3.7286 -0.14365
0 115 60 0.053588 4.807 -0.19994 7.8365e-05 3.5539 -0.13575 -0.80981 3.517 -0.69261 -1.2634 1.9913 -0.32467 -2.3298 0.95332 -0.72841 0.80748 3.6205 0.42195 0.86466 2.0885 0.98609 1.7406 1.1536 1.8442 -0.6341 -0.023132 -0.46997 -0.45136 -2.1076 -0.65909 -0.96387 -3.7446 -0.10366 0.6341 0.023132 0.46997 0.90366 -2.0544 0.31069 0.68691 -3.7233 0.95771
0 116 60 0.060367 4.7891 -0.14893 -0.0044871 3.5411 -0.11166 -0.81006 3.5173 -0.67545 -1.4095 2.0434 -0.30521 -2.7204 1.2588 -0.51384 0.79812 3.5944 0.45432 0.91803 2.1107 1.1274 1.7073 1.454 2.2778 -0.62961 -0.022976 -0.47598 -0.45524 -2.1097 -0.64817 -0.97811 -3.7397 -0.082029 0.62961 0.022976 0.47598 0.89219 -2.0558 0.32116 0.67065 -3.7193 0.98042
0 116 132 -0.12299 4.7891 -0.10343 -0.10758 3.5411 -0.030237 -0.89271 3.5173 0.56168 -0.72584 2.0434 1.2462 -1.3294 1.2588 2.4285 0.67872 3.5944 -0.61867 1.3559 2.1107 -0.5247 2.6939 1.454 -0.91989 -0.64724 -0.022976 0.45171 -0.75712 -2.1097 0.23267 -0.38027 -3.7397 0.90489 0.64724 0.022976 -0.45171 0.58114 -2.0558 -0.74928 1.1397 -3.7193 -0.33486
1 38 264 0.15486 4.3646 -2.0534 0.033804 3.1694 -1.6705 -0.94705 3.1772 -1.7428 -1.0597 1.6515 -1.1698 -1.4533 0.18523 -1.4395 1.0153 3.1892 -1.6096 1.1274 1.6651 -1.0323 1.5935 0.23491 -1.3715 -0.78846 0.01937 0.038181 -0.55645 -1.6222 -1.2524 -0.46736 -3.0576 -0.16484 0.78846 -0.019369 -0.038182 0.68148 -1.6941 -1.3024 0.55748 -2.9581 -0.022693
3 17 36 0.014408 4.8167 0.33904 -0.023743 3.5859 0.072155 -1.0038 3.5187 0.12084 -1.1684 1.9238 -0.19228 -0.78316 0.97018 -1.3411 0.95407 3.6824 0.028236 1.3312 2.0938 0.080027 1.1851 0.96584 -0.96119 -0.78878 0.016677 0.032309 -1.0285 -1.8252 -0.94962 -0.93071 -1.4938 0.82 0.78878 -0.016678 -0.032309 0.33155 -2.065 0.065604 -0.086118 -3.8165 0.15929
3 18 60 0.14915 4.8204 0.27648 0.0074119 3.5889 0.054431 -0.9448 3.5522 0.29795 -1.2091 1.9638 0.022718 -0.98898 1.0173 -1.1745 0.95933 3.655 -0.18402 1.3086 2.0595 -0.2173 1.1927 0.82022 -1.1275 -0.76131 0.013176 0.20911 -1.1319 -1.7918 -0.8004 -0.73335 -1.6518 0.95245 0.76131 -0.013176 -0.20911 0.37975 -2.0667 0.017989 0.026872 -3.823 0.22315
3 32 192 0.074546 4.8012 -0.47066 -0.047156 3.5484 -0.55166 -1.0288 3.5672 -0.61026 -1.456 2.0979 -0.038005 -1.5915 0.57086 -0.20334 0.93455 3.5593 -0.49252 1.3525 2.0316 -0.092113 1.7038 0.58911 -0.50851 -0.78945 -0.016355 0.00023494 -0.28681 -2.0562 0.028943 -0.13571 -3.6163 0.9201 0.78945 0.016355 -0.00023589 0.55539 -2.066 -0.1536 0.7341 -3.7287 0.52042
3 47 180 0.0070049 4.816 -0.34573 -0.065239 3.5593 -0.4269 -1.0338 3.5526 -0.59767 -1.4146 2.0309 -0.14131 -1.5791 0.55762 -0.56556 0.9027 3.5957 -0.25622 1.2167 2.0008 -0.093992 1.479 0.91587 -1.1579 -0.77633 -0.037192 -0.13939 -0.62828 -1.7426 -1.3575 -0.79339 -2.4935 0.27337 0.77633 0.037192 0.13939 0.46028 -2.0046 0.52056 0.16053 -3.7538 0.8391
3 48 168 0.080459 4.8211 -0.27005 0.025537 3.5645 -0.36771 -0.89397 3.5595 -0.71676 -1.4414 2.1087 -0.20273 -1.6156 0.60127 -0.47648 0.94443 3.5992 -0.018715 1.3213 2.0097 -0.0011229 1.8053 1.5192 -1.3805 -0.71975 -0.031665 -0.3232 -0.26856 -1.5075 -1.749 -0.7596 -1.8535 -0.048943 0.71975 0.031664 0.32321 0.31777 -2.0062 0.63936 -0.054257 -3.7498 0.90799
3 48 180 0.022555 4.8211 -0.28088 -0.051472 3.5645 -0.36498 -1.0235 3.5595 -0.51523 -1.4521 2.1087 0.10139 -1.6794 0.60127 -0.13017 0.9199 3.5992 -0.21466 1.2922 2.0097 -0.27581 1.4788 1.5192 -1.7257 -0.77122 -0.031665 -0.1665 -0.62632 -1.5075 -1.6549 -0.75318 -1.8535 0.11006 0.77122 0.031664 0.1665 0.44376 -2.0062 0.55932 0.13571 -3.7498 0.89943
3 56 168 0.017611 4.8219 -0.10253 -0.036177 3.5752 -0.28655 -0.97789 3.5876 -0.57007 -1.7188 2.3666 0.22297 -2.0822 0.86968 0.29359 0.90487 3.5925 -0.0010951 1.6908 2.3482 -0.71015 1.9622 3.0008 -2.0806 -0.71284 -0.054006 -0.33533 0.073434 -1.6961 -1.3839 0.16287 -3.4324 -0.90602 0.71284 0.054006 0.33533 0.1683 -1.8508 1.0348 -0.32465 -3.4818 1.6246
3 57 168 0.004567 4.8212 -0.060784 -0.038454 3.5781 -0.26996 -0.97956 3.5881 -0.5556 -1.6784 2.3116 0.18674 -1.999 0.80383 0.22515 0.90172 3.5977 0.018207 1.6489 2.2725 -0.577 1.9331 2.6942 -2.0327 -0.71348 -0.05314 -0.3341 0.028169 -1.8351 -1.164 0.11587 -3.594 -0.77722 0.71348 0.053141 0.3341 0.15873 -1.8416 1.0528 -0.36059 -3.4184 1.7564
3 64 240 0.3211 4.815 -0.030297 0.047682 3.5851 -0.070743 -0.60443 3.6275 0.66432 -1.4392 2.2234 0.63938 -2.5916 2.2224 -0.38517 0.70305 3.5723 -0.80402 1.5117 2.1881 -0.48964 1.8036 0.73441 -0.913 -0.40614 0.028538 0.67656 -0.14927 -2.0288 0.33621 0.2633 -3.7793 0.2085 0.40614 -0.028538 -0.67656 -0.65927 -1.6003 -1.576 0.72734 -1.8415 -0.449
3 76 180 0.027205 4.8013 0.37202 -0.074746 3.59 0.042089 -1.0562 3.6256 -0.011419 -1.4116 2.0362 -0.13913 -1.4484 0.99823 -1.2788 0.90704 3.5837 0.10055 1.1891 1.9772 0.009446 1.3847 0.96402 -1.1364 -0.78923 -0.021235 -0.013089 -0.76129 -2.1126 -0.21272 -0.59066 -2.9277 1.3864 0.78923 0.021235 0.013089 0.57827 -2.0374 -0.35004 0.45009 -3.8358 -0.3316
4 0 84 -0.23068 4.7086 -1.0688 -0.054926 3.4878 -0.78208 -1.0259 3.3334 -0.81038 -1.3049 1.7423 -0.5671 -1.4105 0.93115 -1.8742 0.91123 3.6708 -0.7611 1.4553 2.237 -0.19787 1.9434 0.91356 -0.82058 -0.78919 0.026003 0.0026466 -0.57535 -1.9794 -0.58649 -0.45129 -3.693 -0.039815 0.78919 -0.026004 -0.0026466 0.76195 -2.0332 -0.62298 0.63405 -3.0055 0.89
4 1 84 -0.24069 4.6913 -1.1416 -0.062899 3.4778 -0.82518 -1.0342 3.3276 -0.86237 -1.3165 1.7307 -0.66544 -1.3439 1.012 -2.0294 0.90383 3.6565 -0.79561 1.4559 2.2471 -0.18109 1.9633 0.92765 -0.79696 -0.78922 0.024606 0.0051959 -0.58258 -1.996 -0.53232 -0.44982 -3.6748 0.1118 0.78922 -0.024606 -0.0051959 0.73176 -1.969 -0.79912 0.63807 -3.1002 0.6018
4 2 84 -0.24632 4.6781 -1.1982 -0.070835 3.469 -0.86453 -1.0421 3.3185 -0.90174 -1.3259 1.7179 -0.73946 -1.2807 1.0958 -2.1497 0.89587 3.6478 -0.83522 1.4515 2.2656 -0.16474 1.9624 0.95206 -0.7902 -0.78922 0.023084 0.010237 -0.58111 -2.017 -0.44717 -0.44467 -3.6611 0.28015 0.78922 -0.023084 -0.010237 0.69693 -1.8994 -0.95112 0.62566 -3.2083 0.28683
4 3 84 -0.24254 4.6605 -1.2662 -0.069306 3.4583 -0.90738 -1.0405 3.306 -0.93966 -1.3328 1.7051 -0.79731 -1.2139 1.1939 -2.2472 0.89724 3.6388 -0.88347 1.4511 2.285 -0.15603 1.9522 0.9804 -0.80759 -0.78916 0.023639 0.012704 -0.57859 -2.0382 -0.3319 -0.43899 -3.6539 0.45606 0.78916 -0.023639 -0.012705 0.66656 -1.8374 -1.0661 0.58491 -3.3146 -0.035467
4 4 84 -0.22222 4.6506 -1.3105 -0.058823 3.449 -0.94563 -1.0305 3.3011 -0.98305 -1.3296 1.7009 -0.84618 -1.1496 1.2903 -2.3215 0.90843 3.6249 -0.91714 1.4577 2.3024 -0.13114 1.9357 1.0192 -0.84015 -0.78904 0.025833 0.015616 -0.58301 -2.0559 -0.17987 -0.43787 -3.6498 0.65031 0.78904 -0.025833 -0.015616 0.64538 -1.7845 -1.1561 0.52434 -3.4009 -0.36652
4 18 96 0.12457 4.5588 -1.6455 0.1493 3.3666 -1.2194 -0.82901 3.3917 -1.1212 -1.4136 2.3066 -0.049071 -1.7146 1.1857 -1.0643 1.1268 3.3693 -1.3283 1.4346 1.7701 -1.4574 0.86257 2.3381 -2.7718 -0.78825 0.046396 -0.00117 -0.86001 -1.6456 -1.2447 -1.1472 -3.0406 -0.139 0.78825 -0.046396 0.00117 0.42738 -2.0856 -0.35341 0.12314 -3.2763 0.96588
4 19 96 0.17374 4.5705 -1.6001 0.21291 3.3772 -1.1773 -0.76477 3.4003 -1.0726 -1.3303 2.3439 0.037741 -1.7148 1.2351 -0.96241 1.1897 3.3819 -1.2925 1.5198 1.7842 -1.3758 0.93362 2.3108 -2.7012 -0.78706 0.054227 -0.032981 -0.78878 -1.6607 -1.2467 -1.198 -3.33 -0.70164 0.78706 -0.054227 0.03298 0.47786 -2.1302 -0.06128 0.15909 -3.2954 1.2772
4 30 156 0.082939 4.5947 -1.5234 0.15946 3.3877 -1.1476 -0.79755 3.4142 -0.92227 -1.4374 2.0195 -0.36181 -1.8798 1.7515 -1.8144 1.1146 3.3893 -1.3824 1.7675 2.1792 -0.50028 1.4349 1.5349 -1.8611 -0.73337 0.14965 0.25154 -0.88579 -1.9362 0.45203 -0.61978 -3.3514 1.5371 0.73337 -0.14965 -0.25155 -0.0015207 -1.7258 -1.4305 -0.25826 -3.2007 -0.42573
4 35 168 0.32863 4.6302 -1.4137 0.25683 3.4216 -1.0423 -0.68803 3.5757 -0.81677 -1.3592 2.1742 -0.31254 -1.8118 1.653 -1.6914 1.2036 3.2958 -1.2772 1.5252 1.9019 -0.4883 1.2543 1.4796 -1.9464 -0.74044 0.12164 0.24588 -1.1115 -1.9267 0.53062 -0.66109 -2.5616 2.157 0.74044 -0.12164 -0.24588 -0.042781 -1.8596 -1.1292 -0.59466 -3.3591 -0.29393
4 36 168 0.34634 4.5985 -1.5062 0.24708 3.4007 -1.1077 -0.70614 3.5598 -0.92486 -1.3584 2.1846 -0.33148 -1.7862 1.5492 -1.6697 1.2025 3.2694 -1.3007 1.4525 1.7688 -0.70537 1.1198 1.5278 -2.1916 -0.75549 0.10719 0.20308 -1.2852 -1.9246 0.12857 -0.89335 -2.3723 1.8306 0.75549 -0.1072 -0.20308 0.021182 -1.8259 -1.1629 -0.49461 -3.2097 -0.12852
4 37 168 0.3814 4.5955 -1.5153 0.27414 3.4036 -1.1015 -0.68637 3.5577 -0.95637 -1.3115 2.2375 -0.22487 -1.6844 1.553 -1.5553 1.237 3.2773 -1.2572 1.4426 1.7117 -0.83816 1.0643 1.6524 -2.3318 -0.76895 0.098834 0.14984 -1.3301 -1.8604 -0.36103 -1.1067 -2.3103 1.3706 0.76895 -0.098834 -0.14984 0.078502 -1.8524 -1.0787 -0.41409 -3.1389 0.084506
4 44 192 0.13842 4.7251 -1.0554 0.1992 3.4808 -0.82913 -0.6996 3.5347 -0.43341 -0.93379 2.3704 0.68827 -1.529 1.9917 -0.68286 1.0965 3.4559 -1.2311 1.5562 1.9124 -0.95709 0.70732 1.6026 -2.2065 -0.77412 0.09007 0.12699 -1.1211 -1.7559 -0.81445 -1.5849 -3.4963 -0.89606 0.77412 -0.09007 -0.12699 0.38834 -2.1349 0.16316 0.46745 -3.0352 1.7233
4 67 264 0.046422 4.6065 -1.4644 0.17378 3.3914 -1.1347 -0.76967 3.4077 -0.85722 -1.2187 2.1356 0.064052 -1.5479 1.5116 -1.307 1.1145 3.4033 -1.4214 1.6231 1.9255 -0.94565 0.85641 1.827 -2.2799 -0.7693 0.11783 0.1334 -0.84109 -1.6879 -0.93836 -0.88238 -3.359 -0.26273 0.7693 -0.11783 -0.1334 0.42133 -2.1897 -0.15914 0.61236 -2.425 1.6182
4 70 276 -0.034906 4.5773 -1.5541 0.10889 3.371 -1.2018 -0.85404 3.3495 -1.0026 -1.46 1.9943 -0.32069 -1.5755 1.7555 -1.8397 1.0687 3.4203 -1.4109 1.7181 2.1722 -0.58082 1.2453 1.6218 -1.9414 -0.75734 0.12406 0.18585 -0.8265 -1.9175 -0.3058 -0.60616 -3.3057 0.82342 0.75734 -0.12406 -0.18585 0.35577 -1.8629 -1.2947 0.54982 -2.5627 0.35557
5 0 72 0.082958 4.7626 -0.9233 0.06401 3.523 -0.66482 -0.9164 3.5382 -0.74179 -1.4427 2.0189 -0.45288 -2.0131 0.78069 -1.1734 1.045 3.5368 -0.59465 1.3013 1.9572 -0.2661 1.6315 0.53298 -0.75621 -0.78915 -0.0039864 -0.026807 -0.58257 -2.0927 0.067686 -0.53045 -3.5126 1.1777 0.78915 0.0039859 0.026807 0.69496 -1.7042 -1.1928 0.53025 -3.4933 -1.041
5 1 72 0.10863 4.7613 -0.91596 0.065786 3.5213 -0.66191 -0.91501 3.5576 -0.72577 -1.4355 2.0483 -0.37977 -2.0554 0.79833 -1.0363 1.0476 3.514 -0.60469 1.3012 1.9267 -0.31361 1.6236 0.4977 -0.7951 -0.78907 -0.010726 -0.027393 -0.57297 -2.0959 0.11278 -0.55126 -3.4652 1.2856 0.78907 0.010726 0.027393 0.72223 -1.7166 -1.1668 0.52919 -3.4962 -0.95063
5 2 72 0.14967 4.7658 -0.87904 0.083685 3.5245 -0.63687 -0.89643 3.5803 -0.69701 -1.41 2.0839 -0.28992 -2.0709 0.81309 -0.86081 1.0654 3.4977 -0.5831 1.3141 1.9018 -0.33833 1.6288 0.471 -0.81944 -0.78897 -0.010542 -0.030278 -0.57702 -2.093 0.1511 -0.57982 -3.4162 1.3758 0.78897 0.010542 0.030278 0.73369 -1.7448 -1.1229 0.52572 -3.5116 -0.82941
5 3 72 0.16675 4.7701 -0.83739 0.08422 3.5268 -0.61125 -0.89536 3.6 -0.66049 -1.4051 2.114 -0.2127 -2.0884 0.8158 -0.68766 1.0658 3.4827 -0.56798 1.3061 1.8787 -0.37222 1.6083 0.45405 -0.87889 -0.78921 -0.012904 -0.021742 -0.60486 -2.0989 0.14885 -0.61815 -3.3751 1.4224 0.78921 0.012905 0.021742 0.71806 -1.7893 -1.0559 0.51153 -3.5414 -0.68392
5 4 72 0.17473 4.772 -0.81279 0.082382 3.5268 -0.60131 -0.89701 3.6122 -0.63076 -1.405 2.133 -0.15875 -2.1004 0.81523 -0.55568 1.064 3.4706 -0.57752 1.2963 1.8607 -0.42492 1.5733 0.4527 -0.98914 -0.78948 -0.01341 -0.00652 -0.65373 -2.1079 0.088302 -0.66572 -3.3287 1.4151 0.78948 0.01341 0.0065199 0.71025 -1.8264 -1.0049 0.50023 -3.5588 -0.55154
5 5 72 0.16538 4.7717 -0.81138 0.077657 3.526 -0.60157 -0.90177 3.6159 -0.6018 -1.4076 2.1436 -0.10632 -2.1092 0.82036 -0.47286 1.0593 3.4653 -0.60705 1.2873 1.8523 -0.48432 1.5251 0.471 -1.1271 -0.78937 -0.011402 0.016253 -0.72356 -2.1114 0.016426 -0.7287 -3.2679 1.3997 0.78937 0.011402 -0.016253 0.67904 -1.8453 -0.99334 0.48333 -3.5483 -0.43446
5 6 72 0.13946 4.772 -0.81863 0.068106 3.5264 -0.60252 -0.9106 3.6161 -0.56425 -1.4086 2.1451 -0.05718 -2.1152 0.82407 -0.42205 1.0488 3.4659 -0.64674 1.2836 1.8519 -0.55448 1.461 0.50267 -1.2796 -0.78849 -0.0099072 0.040949 -0.77738 -2.1001 -0.17163 -0.76571 -3.1529 1.2921 0.78849 0.0099072 -0.040949 0.64521 -1.8856 -0.93581 0.46152 -3.5656 -0.30745
5 7 72 0.13022 4.7746 -0.82271 0.07617 3.5296 -0.59813 -0.90097 3.6142 -0.52465 -1.3728 2.1422 0.0039244 -2.0868 0.83333 -0.38935 1.0549 3.4742 -0.67772 1.3013 1.8597 -0.63938 1.419 0.54057 -1.4291 -0.78773 -0.0027404 0.054506 -0.83676 -2.0609 -0.36489 -0.79144 -3.0638 1.1328 0.78773 0.0027404 -0.054506 0.61194 -1.9213 -0.88011 0.44194 -3.5771 -0.18712
5 8 72 0.12008 4.7794 -0.81164 0.084867 3.5345 -0.58277 -0.89057 3.6114 -0.48298 -1.3296 2.1338 0.057885 -2.0493 0.83649 -0.36258 1.0615 3.4867 -0.68878 1.3178 1.8738 -0.73092 1.3878 0.58017 -1.5671 -0.78755 0.0026531 0.057099 -0.88332 -2 -0.57098 -0.82165 -3.0469 0.89571 0.78755 -0.0026536 -0.057099 0.58298 -1.9511 -0.81615 0.42428 -3.5793 -0.058118
5 9 72 0.10548 4.7808 -0.81139 0.089996 3.536 -0.5799 -0.88431 3.6027 -0.46308 -1.288 2.1182 0.086488 -2.0107 0.82945 -0.35453 1.0651 3.4984 -0.703 1.3284 1.8912 -0.83102 1.3655 0.62503 -1.7102 -0.78763 0.0060086 0.055724 -0.90872 -1.9212 -0.77221 -0.85103 -3.0846 0.60408 0.78763 -0.0060081 -0.055724 0.56223 -1.9738 -0.75654 0.40997 -3.5699 0.068177
5 10 72 0.084478 4.7799 -0.82101 0.086151 3.5357 -0.58613 -0.88785 3.5913 -0.46125 -1.2622 2.1024 0.09704 -1.9794 0.81481 -0.35625 1.0605 3.5092 -0.71731 1.3342 1.9104 -0.91186 1.3421 0.67978 -1.8409 -0.78785 0.0062585 0.052441 -0.91088 -1.8377 -0.94711 -0.88277 -3.1612 0.277 0.78785 -0.0062585 -0.052441 0.55556 -1.9949 -0.68925 0.39935 -3.557 0.1976
5 11 72 0.061132 4.777 -0.84076 0.077569 3.5345 -0.59734 -0.89632 3.5802 -0.46774 -1.2477 2.0876 0.095602 -1.9568 0.79165 -0.3463 1.0515 3.5178 -0.73338 1.3394 1.9272 -0.96994 1.3162 0.74013 -1.9538 -0.78834 0.0040908 0.044699 -0.89087 -1.7631 -1.0871 -0.91906 -3.258 -0.07948 0.78834 -0.0040913 -0.044699 0.55633 -2.0178 -0.59733 0.38967 -3.5542 0.33142
5 12 72 0.042496 4.7739 -0.86197 0.06788 3.5332 -0.60953 -0.9072 3.571 -0.48644 -1.2406 2.0767 0.083541 -1.9381 0.76354 -0.32462 1.0428 3.5245 -0.7392 1.3458 1.9409 -1.0022 1.3113 0.80403 -2.0434 -0.78904 0.0008111 0.030146 -0.85474 -1.72 -1.1734 -0.95296 -3.3653 -0.44249 0.78904 -0.0008111 -0.030146 0.56389 -2.0409 -0.47933 0.37882 -3.5604 0.47331
5 13 72 0.018988 4.7715 -0.87727 0.051715 3.5318 -0.62098 -0.9255 3.5608 -0.51338 -1.2473 2.0691 0.069679 -1.9345 0.73699 -0.29236 1.0286 3.5319 -0.73522 1.3459 1.952 -1.0038 1.3207 0.86328 -2.0955 -0.78951 -0.0053277 0.012068 -0.8066 -1.7024 -1.2264 -0.97758 -3.451 -0.82119 0.78951 0.0053277 -0.012068 0.5776 -2.0575 -0.34963 0.36682 -3.56 0.62451
5 14 72 -0.0031175 4.7676 -0.89777 0.034514 3.5291 -0.63626 -0.9452 3.5474 -0.55151 -1.2644 2.0626 0.050413 -1.9419 0.71383 -0.26488 1.0137 3.5398 -0.72777 1.3481 1.9622 -0.98892 1.3258 0.91078 -2.1166 -0.78944 -0.013056 -0.010382 -0.74959 -1.6937 -1.2706 -0.97009 -3.4824 -1.2158 0.78944 0.013056 0.010382 0.59403 -2.0667 -0.21469 0.35468 -3.5512 0.78018
5 15 72 -0.028507 4.7652 -0.91021 0.01469 3.5282 -0.6424 -0.967 3.5362 -0.58251 -1.2919 2.06 0.037255 -1.9603 0.69703 -0.23326 0.99574 3.5492 -0.70917 1.3453 1.9716 -0.94942 1.3366 0.93983 -2.0953 -0.78848 -0.022441 -0.036042 -0.67837 -1.6909 -1.3082 -0.91822 -3.4633 -1.5365 0.78848 0.022442 0.036042 0.60514 -2.0674 -0.079764 0.33773 -3.5339 0.93446
5 16 72 -0.040395 4.763 -0.92308 0.0068461 3.5284 -0.6446 -0.97623 3.5245 -0.61452 -1.3089 2.0559 0.018821 -1.9704 0.68154 -0.20783 0.98914 3.5612 -0.68174 1.3512 1.9817 -0.8891 1.372 0.94255 -2.0281 -0.78664 -0.027461 -0.062832 -0.6111 -1.6935 -1.3309 -0.84522 -3.4402 -1.7117 0.78664 0.027461 0.062832 0.61381 -2.0663 0.042453 0.31942 -3.5099 1.0819
5 17 72 -0.045394 4.7634 -0.92181 0.0037015 3.53 -0.6386 -0.97972 3.5145 -0.63967 -1.3231 2.0494 -0.0039651 -1.9817 0.6678 -0.19142 0.98623 3.5743 -0.64467 1.3569 1.9913 -0.80475 1.4268 0.91481 -1.9065 -0.78472 -0.029342 -0.08279 -0.58047 -1.6995 -1.341 -0.7899 -3.4474 -1.7309 0.78472 0.029342 0.08279 0.60761 -2.0633 0.14522 0.30898 -3.4791 1.2209
5 18 72 -0.047158 4.7648 -0.91446 0.0048026 3.5309 -0.63403 -0.97809 3.5063 -0.65996 -1.336 2.0415 -0.031396 -1.9936 0.65679 -0.19807 0.98671 3.5843 -0.61525 1.3684 1.9985 -0.70643 1.4982 0.86129 -1.7396 -0.78239 -0.030692 -0.10206 -0.54737 -1.7117 -1.3403 -0.74521 -3.4742 -1.665 0.78239 0.030692 0.10206 0.59729 -2.0576 0.24069 0.30383 -3.4409 1.3593
5 19 72 -0.017811 4.7616 -0.93035 0.036023 3.5274 -0.6514 -0.94592 3.494 -0.69642 -1.3154 2.025 -0.084617 -1.9738 0.64007 -0.24629 1.0169 3.5897 -0.61353 1.413 2.0049 -0.60025 1.6116 0.807 -1.5506 -0.77992 -0.02099 -0.12161 -0.51929 -1.7121 -1.3408 -0.71768 -3.4876 -1.5845 0.77992 0.02099 0.12161 0.59534 -2.0626 0.31931 0.3086 -3.4035 1.49
5 20 72 -0.015037 4.7588 -0.94377 0.045857 3.5261 -0.65982 -0.93489 3.4829 -0.72015 -1.3133 2.0061 -0.13305 -1.9715 0.62307 -0.31067 1.0253 3.5981 -0.60673 1.4335 2.0229 -0.46213 1.7104 0.76233 -1.3058 -0.77854 -0.015228 -0.13093 -0.5102 -1.709 -1.3447 -0.70588 -3.4962 -1.4815 0.77854 0.015228 0.13093 0.59882 -2.0633 0.37944 0.31822 -3.3546 1.6061
5 21 72 -0.025357 4.7586 -0.94509 0.038936 3.5265 -0.65905 -0.93991 3.4766 -0.74118 -1.33 1.9896 -0.18863 -1.9786 0.60751 -0.40478 1.0165 3.6052 -0.5842 1.4313 2.0474 -0.32012 1.7922 0.71955 -1.0161 -0.77639 -0.016468 -0.14296 -0.50331 -1.7263 -1.333 -0.70284 -3.518 -1.3648 0.77639 0.016468 0.14296 0.62618 -2.0621 0.41006 0.33465 -3.2972 1.6908
5 22 72 -0.017391 4.7555 -0.95694 0.049995 3.5242 -0.66818 -0.92483 3.4625 -0.7834 -1.3318 1.9613 -0.28379 -1.9635 0.58059 -0.55257 1.0234 3.6147 -0.56028 1.4399 2.0724 -0.21857 1.8835 0.68988 -0.73767 -0.76982 -0.017689 -0.17484 -0.47694 -1.7619 -1.3089 -0.69419 -3.5508 -1.2475 0.76982 0.017689 0.17484 0.68322 -2.0707 0.3882 0.34552 -3.2335 1.7242
5 37 120 0.014866 4.7829 -0.81107 0.057862 3.5438 -0.55427 -0.9238 3.5672 -0.4981 -1.5924 2.078 -0.43487 -2.2256 1.2138 -1.5438 1.0394 3.5495 -0.61663 1.3294 1.9675 -0.33045 1.5976 0.52616 -0.80827 -0.78255 0.028316 0.10152 -0.73818 -2.0669 0.25098 -0.56649 -3.4768 1.3617 0.78255 -0.028317 -0.10152 0.6161 -1.7586 -1.2817 0.36323 -3.5393 -1.1554
5 38 120 0.062134 4.7852 -0.79241 0.067494 3.5438 -0.54281 -0.91438 3.5897 -0.50844 -1.5514 2.0909 -0.37987 -2.179 1.1557 -1.433 1.0501 3.527 -0.58315 1.3137 1.9386 -0.30726 1.5768 0.49425 -0.77875 -0.78544 0.017106 0.079273 -0.74774 -2.0718 0.30176 -0.60613 -3.4108 1.5009 0.78544 -0.017106 -0.079273 0.68237 -1.7534 -1.2578 0.37899 -3.5197 -1.0608
5 39 120 0.14298 4.7899 -0.75043 0.11156 3.5467 -0.51144 -0.86963 3.6144 -0.50426 -1.4691 2.109 -0.29668 -2.1077 1.07 -1.2403 1.0943 3.5083 -0.52422 1.3377 1.9141 -0.26356 1.5959 0.47506 -0.75369 -0.78787 0.01792 0.049412 -0.77357 -2.0627 0.3413 -0.65939 -3.3275 1.6212 0.78787 -0.01792 -0.049411 0.72118 -1.7702 -1.2067 0.37679 -3.5174 -0.9245
5 40 120 0.17061 4.7927 -0.71636 0.11935 3.5464 -0.49752 -0.8608 3.6259 -0.51594 -1.4314 2.1195 -0.24417 -2.0836 0.96769 -1.0352 1.1015 3.4962 -0.4843 1.3306 1.8972 -0.24094 1.578 0.47558 -0.7846 -0.7888 0.012809 0.033618 -0.84306 -2.0669 0.32681 -0.74789 -3.2398 1.6929 0.7888 -0.01281 -0.033618 0.68364 -1.7996 -1.1339 0.35022 -3.5337 -0.76963
5 41 120 0.16987 4.7923 -0.70355 0.10187 3.5448 -0.49634 -0.87684 3.6324 -0.53922 -1.4273 2.1271 -0.22295 -2.0906 0.88105 -0.84346 1.083 3.4866 -0.45839 1.3108 1.8848 -0.23255 1.5471 0.49372 -0.85436 -0.78915 0.0028372 0.027089 -0.92434 -2.0856 0.21318 -0.84431 -3.1396 1.6738 0.78915 -0.0028372 -0.027089 0.65274 -1.8265 -1.0615 0.32323 -3.5445 -0.6248
5 45 132 0.032562 4.7861 -0.77677 0.037922 3.5456 -0.52403 -0.9369 3.6133 -0.41221 -1.3241 2.1162 0.11468 -2.0489 0.75771 0.033195 1.0137 3.5071 -0.64141 1.2965 1.9002 -0.5613 1.3761 0.67168 -1.4898 -0.78171 0.005693 0.11132 -1.1154 -1.9854 -0.4704 -1.0469 -3.0785 0.96187 0.78171 -0.0056934 -0.11132 0.45367 -1.9369 -0.87088 0.19983 -3.5622 -0.13253
5 46 132 0.057308 4.7872 -0.77455 0.063555 3.5448 -0.53014 -0.91427 3.6027 -0.44137 -1.2904 2.1114 0.10924 -2.0046 0.75051 -0.015703 1.0422 3.5162 -0.62437 1.329 1.9089 -0.56943 1.4139 0.72387 -1.5523 -0.7859 0.0085392 0.076092 -1.0697 -1.9255 -0.69415 -1.1815 -3.1842 0.59192 0.7859 -0.0085387 -0.076092 0.47897 -1.9584 -0.79589 0.20626 -3.553 0.00024195
5 47 132 0.085564 4.7873 -0.77299 0.090333 3.5447 -0.52965 -0.8902 3.5962 -0.47253 -1.2574 2.1085 0.093828 -1.961 0.7484 -0.08722 1.0716 3.5225 -0.59225 1.3634 1.9155 -0.55758 1.4577 0.76979 -1.5852 -0.78858 0.011111 0.038915 -0.96492 -1.8704 -0.87925 -1.2815 -3.3073 0.16288 0.78858 -0.01111 -0.038914 0.5038 -1.9818 -0.70934 0.20268 -3.5412 0.14421
5 48 132 0.10968 4.7864 -0.77552 0.11388 3.545 -0.52631 -0.86841 3.5899 -0.50474 -1.2328 2.1039 0.06755 -1.9275 0.74752 -0.16773 1.0969 3.5293 -0.5534 1.3937 1.9229 -0.54339 1.508 0.80656 -1.6009 -0.78952 0.011895 -0.0039984 -0.83692 -1.8262 -1.0206 -1.3216 -3.4089 -0.30582 0.78952 -0.011895 0.0039982 0.52224 -2.0037 -0.60896 0.19725 -3.529 0.29589
5 49 132 0.11782 4.7857 -0.77167 0.12831 3.5461 -0.51357 -0.85453 3.5812 -0.52644 -1.2371 2.094 0.030947 -1.9152 0.73793 -0.25019 1.1118 3.5404 -0.50636 1.409 1.934 -0.50599 1.5495 0.83111 -1.5744 -0.78818 0.0079546 -0.047045 -0.71218 -1.8012 -1.1127 -1.2559 -3.4801 -0.74333 0.78818 -0.0079546 0.047044 0.53736 -2.023 -0.4922 0.17962 -3.5171 0.45164
5 50 132 0.13462 4.7833 -0.77798 0.15062 3.546 -0.5109 -0.83138 3.5765 -0.55683 -1.2466 2.0853 -0.034598 -1.9068 0.728 -0.34992 1.1333 3.5448 -0.47066 1.4299 1.9383 -0.47836 1.6038 0.82974 -1.5359 -0.78519 0.0075855 -0.083129 -0.62234 -1.7676 -1.1951 -1.1028 -3.504 -1.1242 0.78519 -0.007586 0.083128 0.53836 -2.041 -0.38424 0.15538 -3.5072 0.59285
5 50 144 -0.030078 4.7833 -0.78897 0.041103 3.546 -0.53105 -0.92899 3.5765 -0.3718 -1.2265 2.0853 0.22534 -1.9379 0.728 0.054175 1.0107 3.5448 -0.696 1.2992 1.9383 -0.76519 1.2494 0.82974 -1.8358 -0.78532 0.0075855 0.081939 -0.85721 -1.7676 -1.0395 -1.3124 -3.504 -0.87038 0.78532 -0.007586 -0.081939 0.44671 -2.041 -0.48777 0.27524 -3.5072 0.54759
5 51 132 0.14198 4.784 -0.77088 0.14545 3.5483 -0.49727 -0.83187 3.5794 -0.60332 -1.279 2.0862 -0.11417 -1.932 0.73522 -0.46925 1.1239 3.5465 -0.3969 1.4285 1.9415 -0.40109 1.6393 0.81137 -1.4287 -0.78067 0.00047398 -0.11854 -0.56853 -1.7334 -1.286 -0.91931 -3.4976 -1.4106 0.78067 -0.00047398 0.11854 0.52187 -2.0519 -0.25398 0.11379 -3.5014 0.73765
5 51 144 -0.021395 4.784 -0.78355 0.038885 3.5483 -0.51664 -0.93912 3.5794 -0.41718 -1.2748 2.0862 0.15423 -1.9874 0.73522 -0.057312 1.0168 3.5465 -0.62189 1.3139 1.9415 -0.68934 1.3064 0.81137 -1.7383 -0.78826 0.00047398 0.046358 -0.82348 -1.7334 -1.1397 -1.1925 -3.4976 -1.1886 0.78826 -0.00047398 -0.046358 0.45766 -2.0519 -0.35693 0.26467 -3.5014 0.69787
5 52 144 -0.011407 4.7853 -0.77731 0.03515 3.5501 -0.50581 -0.94715 3.5789 -0.46568 -1.3222 2.0873 0.0848 -2.0418 0.74908 -0.17808 1.0176 3.5504 -0.55174 1.3222 1.9465 -0.61 1.3704 0.7783 -1.6153 -0.78952 -0.0063405 0.010689 -0.75394 -1.702 -1.2294 -1.041 -3.4678 -1.454 0.78952 0.0063405 -0.010689 0.47512 -2.0601 -0.22297 0.24986 -3.4964 0.84348
5 53 144 -0.00044686 4.7854 -0.77485 0.03266 3.551 -0.49798 -0.95034 3.5785 -0.51576 -1.3632 2.0905 0.017132 -2.0902 0.76987 -0.30695 1.0161 3.5526 -0.48598 1.3358 1.9511 -0.52741 1.4411 0.73708 -1.4723 -0.78908 -0.01263 -0.026366 -0.6489 -1.6899 -1.2839 -0.8835 -3.4405 -1.6464 0.78908 0.01263 0.026366 0.49107 -2.0635 -0.097146 0.23642 -3.4819 0.98645
5 54 144 0.002223 4.7836 -0.78102 0.02879 3.5505 -0.4986 -0.95229 3.5762 -0.56329 -1.4039 2.0923 -0.050455 -2.1333 0.78965 -0.43595 1.0106 3.5539 -0.43971 1.3436 1.9546 -0.44808 1.5179 0.69173 -1.3155 -0.78665 -0.020069 -0.065397 -0.5586 -1.6892 -1.321 -0.75394 -3.4322 -1.7388 0.78665 0.02007 0.065397 0.51763 -2.063 0.014343 0.22123 -3.4597 1.1154
5 55 144 -0.0055236 4.7833 -0.78071 0.018629 3.551 -0.49465 -0.95847 3.568 -0.60577 -1.4445 2.088 -0.11353 -2.1697 0.79912 -0.55005 0.99644 3.5633 -0.3893 1.3363 1.9661 -0.34454 1.5992 0.65538 -1.1131 -0.78172 -0.028985 -0.10759 -0.46668 -1.6985 -1.3436 -0.64727 -3.447 -1.7453 0.78172 0.028985 0.10759 0.53214 -2.0571 0.1259 0.19338 -3.4271 1.2481
5 56 144 -0.0097949 4.7838 -0.7792 0.015269 3.551 -0.49492 -0.95465 3.5544 -0.65806 -1.4724 2.0781 -0.18801 -2.1866 0.79468 -0.65764 0.98579 3.5769 -0.33748 1.3246 1.9823 -0.23123 1.679 0.63545 -0.89305 -0.77292 -0.035812 -0.1575 -0.36926 -1.7204 -1.3464 -0.57609 -3.48 -1.681 0.77292 0.035812 0.1575 0.54498 -2.0518 0.22258 0.1715 -3.3887 1.3733
5 57 144 0.04371 4.7807 -0.79911 0.070521 3.5473 -0.51679 -0.88843 3.5351 -0.73502 -1.4357 2.0583 -0.30124 -2.1335 0.76894 -0.77901 1.0299 3.5888 -0.30432 1.3691 2.0001 -0.13133 1.8114 0.62862 -0.67994 -0.76031 -0.025093 -0.21166 -0.2801 -1.7318 -1.3389 -0.53922 -3.4996 -1.5812 0.76031 0.025093 0.21166 0.56482 -2.0659 0.27462 0.17366 -3.3509 1.4774
5 58 144 0.06444 4.7766 -0.81827 0.094209 3.5466 -0.52186 -0.85046 3.5166 -0.794 -1.4231 2.0358 -0.40919 -2.1002 0.7301 -0.87216 1.0392 3.6059 -0.25571 1.3736 2.0263 -0.0070145 1.885 0.64311 -0.45743 -0.74724 -0.020974 -0.25436 -0.22703 -1.7383 -1.3473 -0.52205 -3.512 -1.4802 0.74724 0.020974 0.25435 0.58025 -2.0725 0.31445 0.15812 -3.2937 1.572
5 60 156 -0.043173 4.7636 -0.87354 0.044835 3.5421 -0.55622 -0.90902 3.4808 -0.78808 -1.4529 1.9896 -0.40197 -2.1599 0.65598 -0.71727 0.9979 3.6326 -0.33071 1.3871 2.0723 -0.042975 1.9038 0.69054 -0.49167 -0.76041 -0.018205 -0.21199 -0.43048 -1.8085 -1.261 -0.77156 -3.574 -1.1282 0.76041 0.018205 0.21199 0.76074 -2.0823 0.16722 0.40234 -3.1307 1.5897
5 69 192 -0.095811 4.7276 -1.0087 0.038579 3.5252 -0.64203 -0.89238 3.4155 -0.93977 -1.5108 1.9249 -1.1932 -2.0351 0.8782 -2.1968 0.96802 3.6638 -0.35166 1.3415 2.1066 -0.028644 1.8442 0.77087 -0.61247 -0.76144 -0.0080657 -0.20892 -0.58886 -2.0538 -0.65548 -0.74568 -3.6624 0.14374 0.76144 0.0080652 0.20892 0.99665 -1.7833 -0.86352 0.53707 -3.4767 -0.44893
5 72 204 -0.075897 4.7501 -0.90836 0.055655 3.5381 -0.57469 -0.90334 3.4666 -0.78098 -1.523 1.9995 -1.1449 -2.0006 1.1377 -2.3311 1.0135 3.6387 -0.37516 1.3711 2.0731 -0.075633 1.795 0.67172 -0.55941 -0.78442 0.016142 -0.088982 -0.66256 -2.0736 -0.26862 -0.62966 -3.6599 0.58784 0.78442 -0.016142 0.088982 0.85093 -1.7444 -1.1039 0.45911 -3.4967 -0.94007
5 73 204 6.288e-05 4.7603 -0.86925 0.098855 3.543 -0.5447 -0.85506 3.4942 -0.77927 -1.4585 2.0275 -1.1707 -1.8224 1.2165 -2.4307 1.0524 3.6208 -0.3166 1.3828 2.0514 -0.0059201 1.8119 0.63155 -0.42739 -0.78294 0.021533 -0.10022 -0.64939 -2.0729 -0.19977 -0.61696 -3.6441 0.684 0.78294 -0.021533 0.10022 0.88018 -1.7431 -1.1003 0.46861 -3.4922 -0.95241
5 74 216 -0.096587 4.7652 -0.84282 0.036028 3.5437 -0.54665 -0.94592 3.5145 -0.5945 -1.6096 2.044 -0.85097 -2.1276 1.2733 -2.082 1.017 3.6021 -0.50494 1.3724 2.0279 -0.25084 1.7077 0.59054 -0.69707 -0.78666 0.029886 0.061458 -0.66287 -2.067 0.014431 -0.44086 -3.6221 0.89933 0.78666 -0.029886 -0.061458 0.6647 -1.7504 -1.2611 0.26888 -3.4861 -0.97542
5 75 216 -0.039493 4.77 -0.83465 0.057326 3.5459 -0.53614 -0.92381 3.5405 -0.60469 -1.575 2.0603 -0.83671 -2.0074 1.2958 -2.1041 1.0383 3.5804 -0.47371 1.3629 2.0017 -0.20711 1.6945 0.55247 -0.61624 -0.78752 0.02582 0.051472 -0.65448 -2.071 0.058578 -0.43718 -3.5935 0.99972 0.78752 -0.02582 -0.051472 0.70421 -1.7483 -1.2516 0.27996 -3.4641 -0.89502
5 76 216 0.032429 4.7764 -0.80966 0.095339 3.5495 -0.51235 -0.88389 3.563 -0.60347 -1.5315 2.0729 -0.77392 -1.8806 1.2801 -2.0496 1.0751 3.5652 -0.42726 1.3692 1.9815 -0.15547 1.6909 0.52578 -0.5494 -0.78861 0.026851 0.029436 -0.64623 -2.068 0.10559 -0.44313 -3.555 1.1048 0.78861 -0.026851 -0.029436 0.7413 -1.7507 -1.2296 0.29802 -3.451 -0.82558
5 77 216 0.082983 4.7818 -0.77695 0.11843 3.5508 -0.49185 -0.85779 3.5815 -0.60767 -1.5132 2.0881 -0.70268 -1.7949 1.2238 -1.9482 1.0958 3.5494 -0.38179 1.3551 1.9593 -0.11151 1.6633 0.50303 -0.51395 -0.78924 0.023336 0.0075277 -0.65243 -2.0681 0.15425 -0.47141 -3.5133 1.217 0.78924 -0.023336 -0.0075273 0.73479 -1.7784 -1.1612 0.28671 -3.4657 -0.71059
5 77 228 -0.080368 4.7818 -0.77723 0.013584 3.5508 -0.50573 -0.96538 3.5815 -0.41604 -1.6263 2.0881 -0.37271 -2.1607 1.2238 -1.5324 0.99248 3.5494 -0.60128 1.3023 1.9593 -0.39082 1.52 0.50303 -0.84852 -0.77043 0.023336 0.17146 -0.6061 -2.0681 0.28653 -0.20808 -3.5133 1.2884 0.77043 -0.023336 -0.17145 0.47729 -1.7784 -1.2886 0.1327 -3.4657 -0.75467
5 78 216 0.12094 4.7858 -0.74695 0.12786 3.5505 -0.47905 -0.844 3.5997 -0.62199 -1.501 2.1042 -0.64314 -1.7544 1.1342 -1.8147 1.1015 3.5306 -0.34146 1.3278 1.9332 -0.085192 1.6225 0.48289 -0.51823 -0.78934 0.015734 -0.014029 -0.67918 -2.0742 0.17127 -0.52079 -3.4586 1.3155 0.78934 -0.015735 0.014029 0.71593 -1.8132 -1.0714 0.26804 -3.4908 -0.58564
5 78 228 -0.037006 4.7858 -0.75577 0.025463 3.5505 -0.49516 -0.95488 3.5997 -0.43292 -1.6019 2.1042 -0.31702 -2.0934 1.1342 -1.4103 1.0065 3.5306 -0.56301 1.2811 1.9332 -0.35941 1.4793 0.48289 -0.84424 -0.77501 0.015734 0.15039 -0.62873 -2.0742 0.30874 -0.23589 -3.4586 1.3951 0.77501 -0.015735 -0.15039 0.47753 -1.8132 -1.1968 0.14042 -3.4908 -0.62857
5 79 216 0.16986 4.7889 -0.71341 0.14506 3.5508 -0.45921 -0.82103 3.6191 -0.63059 -1.4749 2.1231 -0.5734 -1.7391 1.0356 -1.6341 1.1136 3.5118 -0.29283 1.3156 1.9063 -0.068693 1.5928 0.46877 -0.5527 -0.78847 0.010927 -0.041173 -0.73048 -2.0815 0.1401 -0.59106 -3.376 1.3874 0.78847 -0.010927 0.041173 0.71776 -1.845 -0.98124 0.25188 -3.5091 -0.4668
5 79 228 0.017822 4.7889 -0.73314 0.046418 3.5508 -0.47934 -0.93419 3.6191 -0.44611 -1.5619 2.1231 -0.25421 -2.0409 1.0356 -1.2368 1.0284 3.5118 -0.51797 1.2726 1.9063 -0.34073 1.4431 0.46877 -0.87179 -0.7798 0.010927 0.12366 -0.68539 -2.0815 0.28891 -0.2897 -3.376 1.48 0.7798 -0.010927 -0.12366 0.49806 -1.845 -1.109 0.14932 -3.5091 -0.50897
5 80 228 0.064586 4.7908 -0.71855 0.071381 3.5494 -0.47719 -0.90914 3.6249 -0.46186 -1.5145 2.1305 -0.19945 -2.0119 0.94035 -1.0443 1.0536 3.5031 -0.49781 1.2766 1.8915 -0.35063 1.4156 0.47481 -0.94336 -0.78335 0.0095267 0.098853 -0.76727 -2.0886 0.20854 -0.376 -3.2679 1.5151 0.78335 -0.0095263 -0.098853 0.51227 -1.8797 -1.0172 0.15719 -3.5313 -0.38697
5 81 228 0.098031 4.7885 -0.72722 0.085463 3.546 -0.49029 -0.89454 3.6292 -0.49531 -1.4779 2.1384 -0.16985 -2.0048 0.86461 -0.86099 1.0675 3.492 -0.49053 1.2793 1.8765 -0.37223 1.3898 0.49149 -1.0409 -0.78595 0.0066929 0.075773 -0.85157 -2.0931 0.045282 -0.49362 -3.1457 1.4647 0.78595 -0.0066929 -0.075773 0.52061 -1.9072 -0.93131 0.16196 -3.5476 -0.27455
5 82 228 0.12915 4.7864 -0.74094 0.10485 3.5442 -0.50123 -0.87495 3.6275 -0.52164 -1.4332 2.1401 -0.14134 -2.0031 0.81067 -0.67575 1.0868 3.4902 -0.4862 1.2957 1.8723 -0.39931 1.3907 0.52675 -1.1463 -0.78787 0.0069556 0.052025 -0.9114 -2.0775 -0.18014 -0.62784 -3.0434 1.3157 0.78787 -0.0069551 -0.052025 0.53349 -1.9247 -0.8718 0.16771 -3.5461 -0.17317
5 83 228 0.16902 4.7847 -0.75419 0.13823 3.5437 -0.50761 -0.84151 3.6232 -0.5413 -1.3766 2.1383 -0.12001 -1.9909 0.77866 -0.50929 1.1201 3.4933 -0.47946 1.3292 1.874 -0.42726 1.4202 0.56745 -1.2411 -0.78911 0.01264 0.025415 -0.9288 -2.0356 -0.42113 -0.76373 -3.0104 1.0867 0.78911 -0.01264 -0.025415 0.53906 -1.9443 -0.81311 0.17319 -3.5435 -0.065143
5 84 228 0.20507 4.7842 -0.7552 0.17338 3.5444 -0.50255 -0.80604 3.6199 -0.55156 -1.3202 2.1368 -0.099001 -1.9669 0.76492 -0.37723 1.1549 3.4981 -0.45912 1.3723 1.8791 -0.46988 1.4731 0.60866 -1.338 -0.78939 0.01784 -0.0068033 -0.89903 -1.9762 -0.65942 -0.88801 -3.0442 0.79324 0.78939 -0.01784 0.0068036 0.53688 -1.9638 -0.74393 0.17816 -3.5418 0.051173
5 85 228 0.22852 4.7846 -0.74792 0.19821 3.545 -0.49417 -0.78084 3.614 -0.55793 -1.2832 2.1344 -0.081306 -1.9455 0.75959 -0.30238 1.1792 3.5051 -0.43596 1.411 1.8901 -0.51816 1.5202 0.65446 -1.4341 -0.78834 0.020024 -0.040254 -0.83352 -1.9116 -0.86542 -0.99045 -3.1259 0.45813 0.78834 -0.020024 0.040255 0.53646 -1.9832 -0.66462 0.17792 -3.5402 0.17095
5 85 240 0.06802 4.7846 -0.77909 0.091134 3.545 -0.52458 -0.87977 3.614 -0.3834 -1.2721 2.1344 0.18726 -1.9659 0.75959 0.10873 1.0628 3.5051 -0.67161 1.2724 1.8901 -0.8002 1.1889 0.65446 -1.7188 -0.77948 0.020024 0.12453 -0.99523 -1.9116 -0.67321 -0.87355 -3.1259 0.65405 0.77948 -0.020024 -0.12453 0.38655 -1.9832 -0.76164 0.20957 -3.5402 0.13022
5 86 240 0.088996 4.783 -0.78616 0.11709 3.5438 -0.52953 -0.85641 3.6027 -0.40233 -1.2426 2.1289 0.18729 -1.935 0.75329 0.10993 1.0911 3.5141 -0.6626 1.3051 1.9039 -0.837 1.221 0.7026 -1.8 -0.78402 0.022846 0.091079 -0.94051 -1.8492 -0.84975 -1.0021 -3.2339 0.30338 0.78402 -0.022846 -0.091078 0.40831 -2.0005 -0.69287 0.23092 -3.5308 0.2438
5 87 240 0.11908 4.7806 -0.79717 0.14574 3.5423 -0.53542 -0.83052 3.5972 -0.42916 -1.2165 2.1291 0.17452 -1.9035 0.75305 0.063651 1.1225 3.5167 -0.64758 1.344 1.9121 -0.85951 1.2623 0.74218 -1.8606 -0.78706 0.026617 0.057688 -0.86956 -1.7969 -0.98271 -1.0769 -3.3346 -0.064495 0.78706 -0.026618 -0.057688 0.43341 -2.0219 -0.61266 0.24825 -3.5229 0.36899
5 88 240 0.13808 4.7794 -0.80352 0.16643 3.5417 -0.53844 -0.81202 3.5882 -0.44996 -1.2021 2.1226 0.15709 -1.8818 0.7476 -0.0015001 1.1453 3.5244 -0.63293 1.3752 1.9241 -0.86717 1.3014 0.77861 -1.8968 -0.7886 0.0288 0.027918 -0.79768 -1.7563 -1.0801 -1.0897 -3.4164 -0.44012 0.7886 -0.028801 -0.027918 0.45015 -2.0454 -0.51082 0.25352 -3.5227 0.50399
5 89 240 0.14761 4.778 -0.81044 0.17608 3.541 -0.54208 -0.80443 3.5822 -0.47667 -1.2044 2.1163 0.12306 -1.8761 0.74421 -0.086723 1.1569 3.5289 -0.61362 1.3979 1.9308 -0.85214 1.3376 0.80321 -1.9022 -0.78909 0.028259 0.0059679 -0.74351 -1.7231 -1.1538 -1.0396 -3.4667 -0.80302 0.78909 -0.02826 -0.0059681 0.46022 -2.0662 -0.39717 0.24834 -3.5259 0.63977
5 90 240 0.14898 4.7787 -0.80896 0.17483 3.5414 -0.54107 -0.80712 3.5779 -0.49855 -1.2239 2.1094 0.083248 -1.8878 0.74275 -0.17974 1.1571 3.5341 -0.58977 1.4083 1.9354 -0.81292 1.3724 0.81597 -1.8728 -0.78912 0.025657 -0.011118 -0.7103 -1.6972 -1.211 -0.94381 -3.4825 -1.115 0.78912 -0.025657 0.011118 0.47103 -2.0822 -0.27847 0.23717 -3.5283 0.7727
5 91 240 0.13977 4.779 -0.8096 0.16658 3.5416 -0.54169 -0.81636 3.5672 -0.51841 -1.253 2.0947 0.038282 -1.9098 0.73653 -0.28065 1.1497 3.5452 -0.57117 1.4086 1.9435 -0.7615 1.4054 0.81712 -1.8146 -0.78883 0.020752 -0.028651 -0.68186 -1.6756 -1.2637 -0.82987 -3.4701 -1.3577 0.78883 -0.020752 0.028651 0.47918 -2.0908 -0.15436 0.22191 -3.5264 0.90566
5 92 240 0.13304 4.7794 -0.81103 0.15438 3.5418 -0.54315 -0.8289 3.5642 -0.54766 -1.283 2.0875 -0.016637 -1.9324 0.74017 -0.39144 1.1379 3.5486 -0.54487 1.4062 1.9444 -0.69748 1.439 0.79224 -1.7218 -0.78804 0.014583 -0.047697 -0.62504 -1.6621 -1.3032 -0.72505 -3.4468 -1.5397 0.78804 -0.014583 0.047697 0.48646 -2.0921 -0.036612 0.20653 -3.5146 1.0353
5 93 240 0.12601 4.7793 -0.8126 0.14699 3.5422 -0.54226 -0.83593 3.5562 -0.57437 -1.3066 2.0751 -0.070871 -1.9471 0.74048 -0.50251 1.1301 3.5574 -0.51645 1.4023 1.9501 -0.62363 1.4775 0.75278 -1.5923 -0.78648 0.010021 -0.069601 -0.56301 -1.6616 -1.3226 -0.62818 -3.4381 -1.6235 0.78648 -0.01002 0.069601 0.49096 -2.0902 0.066769 0.19134 -3.4906 1.1622
5 96 252 -0.076014 4.778 -0.82623 0.0071487 3.5392 -0.57581 -0.9724 3.5195 -0.48946 -1.3716 2.025 0.035744 -2.0616 0.71042 -0.3807 0.98511 3.5881 -0.66834 1.2724 1.98 -0.65744 1.4032 0.5975 -1.3278 -0.78931 -7.6294e-06 0.022048 -0.6692 -1.6983 -1.2091 -0.77218 -3.4896 -1.3867 0.78931 8.1062e-06 -0.022048 0.56228 -2.0797 0.17226 0.4695 -3.3626 1.4357
5 97 252 -0.092857 4.7792 -0.81873 -0.0038352 3.5405 -0.5697 -0.98505 3.5055 -0.51169 -1.3937 2.004 -0.01437 -2.0659 0.68537 -0.44672 0.97553 3.6045 -0.63377 1.2835 2.0024 -0.55073 1.4978 0.57838 -1.1021 -0.78961 -0.0013762 0.002633 -0.6544 -1.7103 -1.2121 -0.7633 -3.5091 -1.2694 0.78961 0.0013757 -0.002633 0.5814 -2.0779 0.21546 0.48468 -3.3135 1.5249
5 98 252 -0.10471 4.7813 -0.80438 -0.011596 3.5417 -0.56091 -0.99365 3.4928 -0.53785 -1.4161 1.9841 -0.074972 -2.0626 0.65759 -0.5223 0.96842 3.6198 -0.58989 1.3002 2.0276 -0.43731 1.5695 0.58168 -0.90058 -0.78926 -0.003993 -0.023322 -0.63063 -1.7383 -1.1986 -0.74724 -3.5362 -1.129 0.78926 0.003993 0.023322 0.62506 -2.0804 0.2295 0.50104 -3.2637 1.5843
5 99 252 -0.098356 4.7815 -0.79983 -0.0022329 3.5414 -0.56052 -0.98368 3.4801 -0.57981 -1.4247 1.9643 -0.15964 -2.0473 0.63169 -0.62242 0.97706 3.6317 -0.54712 1.333 2.0506 -0.34201 1.6373 0.59784 -0.75984 -0.78787 -0.0030041 -0.052469 -0.59974 -1.774 -1.1671 -0.72813 -3.5633 -0.98569 0.78787 0.0030046 0.052469 0.68908 -2.0913 0.18883 0.52434 -3.1999 1.6012
5 100 252 -0.073428 4.7761 -0.82722 0.020602 3.537 -0.58225 -0.95829 3.467 -0.64723 -1.4174 1.9424 -0.28171 -2.0156 0.60515 -0.76301 0.99737 3.6361 -0.52332 1.3719 2.0667 -0.2676 1.7017 0.61945 -0.68536 -0.78537 0.00047398 -0.081764 -0.57291 -1.8079 -1.1301 -0.71148 -3.584 -0.85235 0.78537 -0.0004735 0.081764 0.76366 -2.1014 0.089303 0.5463 -3.1163 1.5636
5 101 252 -0.04029 4.7709 -0.85817 0.046073 3.5339 -0.59976 -0.92821 3.456 -0.70965 -1.4078 1.9234 -0.40975 -1.9831 0.58653 -0.91909 1.0183 3.6408 -0.49629 1.4006 2.0811 -0.19628 1.7557 0.64672 -0.6369 -0.78098 0.0024366 -0.11646 -0.54709 -1.8432 -1.0927 -0.69824 -3.6024 -0.72748 0.78098 -0.0024366 0.11646 0.83015 -2.0969 -0.042499 0.54603 -3.016 1.4824
5 107 264 -0.051973 4.768 -0.89174 0.010107 3.5359 -0.60564 -0.96535 3.4683 -0.71191 -1.4669 1.9136 -0.71326 -1.9267 0.76179 -1.6296 0.98391 3.6322 -0.50672 1.3299 2.0549 -0.25922 1.666 0.71074 -0.93582 -0.78708 0.001133 -0.063226 -0.62555 -2.0185 -0.61934 -0.68662 -3.5956 0.2524 0.78708 -0.001133 0.063226 0.86562 -1.8357 -0.95778 0.65487 -3.4155 -0.11471
5 108 264 -0.015363 4.7678 -0.89632 0.032307 3.5346 -0.61174 -0.94239 3.4756 -0.72946 -1.4446 1.9216 -0.76996 -1.8408 0.83004 -1.7844 1.0057 3.6225 -0.50132 1.3328 2.0417 -0.25073 1.6716 0.69188 -0.91477 -0.78648 0.0039892 -0.070257 -0.63379 -2.045 -0.50904 -0.6888 -3.6027 0.39728 0.78648 -0.0039887 0.070257 0.87015 -1.7948 -1.0252 0.6831 -3.499 -0.46692
5 109 264 0.019998 4.7702 -0.88442 0.055761 3.5358 -0.60308 -0.91941 3.4859 -0.72099 -1.4218 1.9329 -0.78966 -1.7659 0.89143 -1.8734 1.0299 3.6147 -0.49237 1.3412 2.0315 -0.23681 1.6788 0.6703 -0.8777 -0.7866 0.0089307 -0.068378 -0.64804 -2.0663 -0.3662 -0.68687 -3.6132 0.55929 0.7866 -0.0089302 0.068378 0.85843 -1.7603 -1.09 0.73793 -3.536 -0.80192
5 110 264 0.047608 4.7743 -0.86233 0.074202 3.5383 -0.58719 -0.90187 3.4999 -0.70191 -1.4013 1.9468 -0.78728 -1.7056 0.94329 -1.9178 1.0495 3.6057 -0.47956 1.3482 2.021 -0.21812 1.6826 0.6448 -0.82787 -0.78734 0.013216 -0.058471 -0.66527 -2.078 -0.22092 -0.68774 -3.613 0.7246 0.78734 -0.013217 0.058471 0.80026 -1.737 -1.1426 0.78291 -3.5381 -1.0603
5 111 264 0.061788 4.778 -0.83868 0.086906 3.541 -0.56757 -0.8917 3.5085 -0.66051 -1.3895 1.9553 -0.75216 -1.6649 0.97413 -1.9094 1.0647 3.6026 -0.48143 1.3508 2.0172 -0.21033 1.6826 0.62438 -0.78275 -0.78835 0.018094 -0.040879 -0.68715 -2.0798 -0.093554 -0.69448 -3.5963 0.88175 0.78835 -0.018094 0.040879 0.7326 -1.7253 -1.1825 0.80323 -3.5265 -1.2221
5 112 264 0.078618 4.7817 -0.81612 0.096806 3.5435 -0.5498 -0.88338 3.5214 -0.62793 -1.3807 1.9675 -0.71053 -1.644 0.98809 -1.872 1.0764 3.5946 -0.47822 1.3517 2.0081 -0.20239 1.6789 0.59882 -0.7357 -0.78887 0.020667 -0.027582 -0.70691 -2.0783 0.017587 -0.70605 -3.5671 1.0347 0.78887 -0.020667 0.027582 0.71277 -1.7192 -1.2068 0.80679 -3.5174 -1.2993
6 11 252 -0.060465 4.7507 -0.92893 -0.019015 3.5038 -0.72101 -0.97402 3.3982 -0.93117 -1.5137 1.8617 -0.8016 -2.1043 0.61046 -1.4822 0.93366 3.6386 -0.51702 1.2795 2.0738 -0.19983 1.8264 0.73988 -0.74682 -0.77659 -0.01634 -0.14194 -0.53142 -2.0607 -0.56019 -0.59063 -3.7246 0.13161 0.77659 0.016339 0.14194 0.80508 -1.9421 -0.61831 0.58252 -3.5443 0.17814
6 12 252 -0.013588 4.7524 -0.93259 0.0014085 3.5053 -0.72269 -0.9464 3.4124 -0.96846 -1.4807 1.8712 -0.87951 -2.0193 0.62397 -1.609 0.94751 3.6273 -0.48316 1.2636 2.059 -0.15232 1.8172 0.7227 -0.68655 -0.77573 -0.016709 -0.14649 -0.51786 -2.0664 -0.5294 -0.56413 -3.7232 0.18036 0.77573 0.016708 0.14649 0.84548 -1.8973 -0.71725 0.61066 -3.5325 0.0051245
6 13 252 0.031314 4.7522 -0.94018 0.017711 3.5052 -0.72892 -0.9227 3.4314 -1.0074 -1.4423 1.8836 -0.95042 -1.9022 0.64458 -1.7447 0.95722 3.6081 -0.45672 1.2522 2.0385 -0.11312 1.8096 0.69233 -0.61799 -0.77457 -0.018235 -0.15235 -0.51584 -2.0776 -0.47873 -0.54885 -3.7282 0.24596 0.77457 0.018235 0.15235 0.86816 -1.8544 -0.79573 0.64484 -3.5425 -0.20303
6 14 252 0.073342 4.7529 -0.93698 0.038554 3.5058 -0.73049 -0.89715 3.4422 -1.0268 -1.3987 1.8879 -0.99213 -1.7653 0.66517 -1.8572 0.97382 3.5985 -0.44057 1.251 2.029 -0.081891 1.8064 0.66799 -0.54745 -0.77402 -0.015932 -0.15534 -0.52263 -2.0872 -0.4026 -0.53981 -3.7375 0.32324 0.77402 0.015931 0.15534 0.8797 -1.8212 -0.8586 0.67779 -3.5552 -0.4078
6 15 264 -0.08903 4.751 -0.94505 -0.094456 3.5045 -0.73442 -1.071 3.4452 -0.83515 -1.5452 1.8869 -0.71098 -1.9956 0.68861 -1.5706 0.88055 3.5929 -0.63996 1.2174 2.0247 -0.32994 1.6663 0.64498 -0.85184 -0.78949 -0.012546 0.0071013 -0.58958 -2.0938 -0.19932 -0.43849 -3.7431 0.51337 0.78949 0.012546 -0.0071013 0.67618 -1.7924 -1.0766 0.57171 -3.5644 -0.7604
6 16 264 -0.061074 4.7504 -0.95524 -0.073373 3.5048 -0.7397 -1.0496 3.4508 -0.84658 -1.5157 1.8898 -0.72524 -1.8769 0.72307 -1.6665 0.90149 3.5879 -0.63922 1.2321 2.0219 -0.31185 1.6802 0.6247 -0.78583 -0.78954 -0.0084033 0.0078442 -0.59026 -2.0975 -0.093893 -0.41999 -3.746 0.6162 0.78954 0.0084028 -0.0078442 0.67323 -1.7693 -1.1216 0.56966 -3.5644 -0.98743
6 17 264 -0.034185 4.7511 -0.96025 -0.050327 3.5068 -0.73659 -1.0268 3.4576 -0.84356 -1.4859 1.8951 -0.71424 -1.7691 0.7615 -1.7204 0.92494 3.585 -0.63615 1.2524 2.0211 -0.29602 1.701 0.61016 -0.72683 -0.78955 -0.003233 0.0096268 -0.58574 -2.0943 0.018977 -0.40216 -3.742 0.72786 0.78955 0.0032325 -0.0096273 0.67737 -1.749 -1.1635 0.5647 -3.5481 -1.2015
6 18 264 -0.01269 4.752 -0.95927 -0.033294 3.5085 -0.73233 -1.0108 3.4624 -0.83102 -1.4615 1.8979 -0.69743 -1.6847 0.79036 -1.7469 0.94305 3.5837 -0.6403 1.2666 2.0216 -0.28804 1.711 0.60032 -0.68816 -0.78942 0.001627 0.017728 -0.58304 -2.087 0.11364 -0.38498 -3.7229 0.84562 0.78942 -0.001627 -0.017728 0.67551 -1.7455 -1.184 0.55168 -3.5332 -1.383
6 19 264 0.015207 4.7547 -0.95004 -0.0090033 3.5113 -0.72147 -0.98777 3.4737 -0.81077 -1.4328 1.9086 -0.6653 -1.618 0.82105 -1.7426 0.9688 3.5779 -0.63883 1.2892 2.0173 -0.27714 1.7299 0.58885 -0.65513 -0.78912 0.0090504 0.026575 -0.57749 -2.0719 0.22438 -0.36904 -3.7021 0.96597 0.78912 -0.0090508 -0.026575 0.6671 -1.7493 -1.1975 0.55145 -3.5269 -1.476
6 20 264 0.028362 4.7578 -0.93612 0.0024433 3.5142 -0.70808 -0.97805 3.4825 -0.77874 -1.4242 1.9196 -0.6151 -1.5912 0.84093 -1.7043 0.98202 3.5749 -0.644 1.2988 2.0152 -0.27579 1.7355 0.58205 -0.64077 -0.78854 0.013275 0.039006 -0.57316 -2.0546 0.34224 -0.35778 -3.676 1.1009 0.78854 -0.013275 -0.039007 0.65621 -1.7524 -1.2104 0.55361 -3.5273 -1.5106
6 21 264 0.0432 4.7593 -0.92542 0.014013 3.5147 -0.70402 -0.96798 3.4912 -0.75399 -1.4195 1.9329 -0.5628 -1.5907 0.84633 -1.6434 0.99519 3.5672 -0.66056 1.3082 2.0065 -0.29334 1.7341 0.5692 -0.65472 -0.78785 0.017014 0.050053 -0.57135 -2.0321 0.46049 -0.35089 -3.6398 1.2464 0.78785 -0.017014 -0.050053 0.64712 -1.7587 -1.2167 0.55188 -3.5371 -1.4977
6 22 264 0.038047 4.7612 -0.91534 0.006643 3.5162 -0.69585 -0.97628 3.5013 -0.72739 -1.4298 1.9495 -0.49273 -1.6319 0.83768 -1.5418 0.98888 3.5602 -0.67077 1.2984 1.9976 -0.30862 1.7089 0.55701 -0.67457 -0.78717 0.013912 0.060505 -0.57099 -2.0194 0.54351 -0.35108 -3.5937 1.3945 0.78717 -0.013912 -0.060506 0.63125 -1.7736 -1.1979 0.5251 -3.5555 -1.4514
6 23 264 0.023587 4.7573 -0.92902 -0.011596 3.5122 -0.71129 -0.99495 3.5042 -0.72928 -1.4425 1.9589 -0.44568 -1.7038 0.79976 -1.4284 0.97119 3.5492 -0.69981 1.2777 1.9825 -0.3531 1.673 0.5405 -0.73007 -0.78761 0.0042269 0.056186 -0.57944 -2.0137 0.60288 -0.37733 -3.5451 1.5329 0.78761 -0.0042267 -0.056186 0.6234 -1.7627 -1.1942 0.52021 -3.5532 -1.3791
6 24 264 0.045559 4.7565 -0.92983 0.0023905 3.5107 -0.71812 -0.98091 3.5078 -0.73976 -1.4108 1.9691 -0.39911 -1.7588 0.74294 -1.267 0.9853 3.5427 -0.70289 1.2899 1.9683 -0.39075 1.673 0.52798 -0.78608 -0.78832 0.0066936 0.044795 -0.59919 -1.9873 0.67928 -0.42148 -3.4816 1.6724 0.78832 -0.0066936 -0.044795 0.62371 -1.7511 -1.2042 0.51456 -3.5493 -1.278
6 25 264 0.018772 4.7588 -0.91302 -0.014885 3.5109 -0.71139 -0.99818 3.5027 -0.73193 -1.4129 1.9681 -0.35536 -1.8503 0.67105 -1.0654 0.96784 3.5483 -0.69705 1.2702 1.9658 -0.42717 1.6359 0.53657 -0.87579 -0.78813 0.003053 0.048375 -0.62866 -1.978 0.72968 -0.48023 -3.4201 1.8017 0.78813 -0.003053 -0.048375 0.60477 -1.7716 -1.1677 0.49714 -3.5712 -1.1374
6 26 264 -0.04016 4.7595 -0.89941 -0.059507 3.5091 -0.70976 -1.0429 3.496 -0.7231 -1.4466 1.9597 -0.34156 -1.9618 0.61075 -0.8824 0.9231 3.5514 -0.70228 1.2303 1.963 -0.47629 1.5755 0.55705 -1.0073 -0.78703 -0.0062075 0.063543 -0.67001 -2.0081 0.69053 -0.54442 -3.36 1.8769 0.78703 0.006207 -0.063543 0.57962 -1.8083 -1.1022 0.47397 -3.6046 -0.98866
6 34 252 -0.080821 4.7574 -0.91126 0.0056946 3.5129 -0.69787 -0.97492 3.4388 -0.68142 -1.3609 1.9101 -0.25392 -1.9002 0.66999 -0.99486 0.98356 3.616 -0.72049 1.5311 2.1007 -0.99047 1.8631 1.0561 -2.075 -0.78855 -0.00090551 -0.041083 -0.69324 -1.8357 -1.0603 -0.86404 -3.3664 -0.12285 0.78855 0.00090551 0.041083 0.63298 -2.0083 -0.55314 0.40469 -3.6552 0.14437
6 35 252 -0.073015 4.7612 -0.89503 0.011379 3.5165 -0.68249 -0.96909 3.4422 -0.65947 -1.3447 1.9133 -0.22338 -1.881 0.66353 -0.95008 0.98905 3.6197 -0.71163 1.5436 2.1161 -1.0282 1.8587 1.1298 -2.1708 -0.78812 -0.0016961 -0.048633 -0.65966 -1.7909 -1.1426 -0.80813 -3.4772 -0.52189 0.78812 0.0016956 0.048633 0.62412 -2.0333 -0.44756 0.38043 -3.6595 0.29193
6 36 252 -0.06196 4.7659 -0.87496 0.016363 3.5206 -0.66365 -0.9642 3.4468 -0.64308 -1.3317 1.9195 -0.19504 -1.8633 0.64584 -0.88276 0.99416 3.6234 -0.69026 1.55 2.1264 -1.0349 1.8537 1.1914 -2.2228 -0.78714 -0.0040016 -0.062368 -0.63202 -1.7763 -1.1801 -0.75014 -3.5544 -0.90606 0.78714 0.0040011 0.062368 0.6243 -2.0565 -0.31455 0.35562 -3.6675 0.4492
6 37 252 -0.055239 4.7706 -0.85484 0.013087 3.5245 -0.64537 -0.96781 3.4527 -0.63814 -1.3289 1.9284 -0.17444 -1.8569 0.6214 -0.79945 0.99136 3.6254 -0.65862 1.5453 2.1325 -1.0236 1.8419 1.2386 -2.2446 -0.78553 -0.0093427 -0.079702 -0.60776 -1.7832 -1.1915 -0.68849 -3.583 -1.2643 0.78553 0.0093431 0.079702 0.61752 -2.0709 -0.16236 0.32925 -3.6719 0.61527
6 38 252 -0.045745 4.7739 -0.83951 0.013526 3.5273 -0.63106 -0.96728 3.4545 -0.63994 -1.3268 1.9363 -0.15593 -1.8492 0.59688 -0.71354 0.99178 3.6292 -0.62818 1.5433 2.1375 -1.0017 1.8363 1.2659 -2.2395 -0.78315 -0.013171 -0.10004 -0.58682 -1.794 -1.1975 -0.61448 -3.5555 -1.5813 0.78315 0.013171 0.10004 0.60911 -2.0774 -0.01594 0.30373 -3.6709 0.77038
6 39 252 -0.032611 4.7764 -0.82842 0.015989 3.5296 -0.61998 -0.96433 3.4556 -0.6494 -1.325 1.9436 -0.14685 -1.8419 0.57304 -0.6286 0.99384 3.6327 -0.59655 1.5444 2.1382 -0.95995 1.8411 1.267 -2.1971 -0.78021 -0.015753 -0.12054 -0.58256 -1.8119 -1.1925 -0.54468 -3.5113 -1.7939 0.78021 0.015752 0.12054 0.59324 -2.0769 0.11225 0.27788 -3.6562 0.92294
6 40 252 -0.022917 4.7791 -0.81583 0.018778 3.532 -0.60883 -0.96041 3.4565 -0.6622 -1.3251 1.95 -0.14615 -1.8417 0.55444 -0.55005 0.9956 3.6366 -0.5615 1.5432 2.1346 -0.89775 1.8548 1.24 -2.1144 -0.77757 -0.016871 -0.13635 -0.57856 -1.8224 -1.1921 -0.4983 -3.4871 -1.8802 0.77757 0.016871 0.13635 0.57391 -2.0723 0.2269 0.25518 -3.6327 1.0722
6 41 252 -0.024214 4.7816 -0.80047 0.018112 3.5344 -0.59512 -0.96 3.4533 -0.65902 -1.3315 1.9508 -0.13655 -1.8532 0.53896 -0.47165 0.99375 3.6446 -0.53723 1.5388 2.1315 -0.8242 1.8695 1.1888 -1.9988 -0.7757 -0.017474 -0.14658 -0.56758 -1.8304 -1.1879 -0.47192 -3.4986 -1.8651 0.7757 0.017474 0.14658 0.5573 -2.0641 0.32985 0.23582 -3.5986 1.2203
6 42 252 -0.02528 4.7843 -0.78219 0.014764 3.5362 -0.58216 -0.96236 3.4544 -0.65887 -1.3366 1.9547 -0.13014 -1.8705 0.53621 -0.41393 0.98946 3.6472 -0.51134 1.5357 2.1237 -0.73326 1.8878 1.1111 -1.8416 -0.77324 -0.020017 -0.15875 -0.52813 -1.8255 -1.205 -0.44937 -3.535 -1.7726 0.77324 0.020018 0.15875 0.5529 -2.0522 0.42621 0.22231 -3.5533 1.3688
6 43 252 -0.015985 4.786 -0.76586 0.02323 3.5365 -0.57541 -0.95271 3.4537 -0.66513 -1.3281 1.9566 -0.12981 -1.8763 0.5384 -0.38668 0.99677 3.6484 -0.49141 1.5404 2.1144 -0.63271 1.9185 1.017 -1.6479 -0.77006 -0.019608 -0.17353 -0.48738 -1.8299 -1.2018 -0.41967 -3.5724 -1.6601 0.77006 0.019608 0.17353 0.55724 -2.0412 0.52294 0.22 -3.5076 1.5163
6 44 252 0.015848 4.7843 -0.76242 0.056724 3.5335 -0.57995 -0.91774 3.4521 -0.68553 -1.2906 1.955 -0.14831 -1.8516 0.5404 -0.39702 1.0289 3.6442 -0.48001 1.5608 2.1003 -0.52525 1.9707 0.911 -1.4171 -0.76859 -0.0076678 -0.18086 -0.45981 -1.8257 -1.1877 -0.39957 -3.5876 -1.5657 0.76859 0.0076678 0.18086 0.55565 -2.0414 0.59359 0.22736 -3.4546 1.6641
6 44 264 -0.14301 4.7843 -0.74905 -0.065095 3.5335 -0.57907 -1.0402 3.4521 -0.47974 -1.2932 1.955 0.12327 -1.8936 0.5404 -0.0033841 0.90662 3.6442 -0.68344 1.4175 2.1003 -0.83829 1.633 0.911 -1.7958 -0.7894 -0.0076678 -0.017113 -0.6967 -1.8257 -1.0662 -0.71637 -3.5876 -1.4484 0.7894 0.0076678 0.017113 0.66692 -2.0414 0.46509 0.56838 -3.4546 1.5805
6 45 252 0.01268 4.7858 -0.74686 0.061017 3.5343 -0.5705 -0.91263 3.4488 -0.68031 -1.2907 1.9481 -0.15713 -1.8591 0.53871 -0.41844 1.0323 3.649 -0.46619 1.538 2.0969 -0.40162 1.9931 0.8162 -1.1299 -0.76978 -0.0011201 -0.17587 -0.45298 -1.8202 -1.1784 -0.4158 -3.6079 -1.4097 0.76978 0.0011201 0.17587 0.56033 -2.0352 0.64878 0.23454 -3.3934 1.789
6 45 264 -0.14288 4.7858 -0.73318 -0.05893 3.5343 -0.57072 -1.0341 3.4488 -0.4757 -1.2952 1.9481 0.11467 -1.9054 0.53871 -0.022769 0.91279 3.649 -0.67062 1.4209 2.0969 -0.71262 1.7146 0.8162 -1.5195 -0.78953 -0.0011201 -0.011976 -0.68807 -1.8202 -1.0584 -0.69982 -3.6079 -1.2925 0.78953 0.0011201 0.011976 0.68298 -2.0352 0.5181 0.60137 -3.3934 1.7012
6 46 252 0.010555 4.7904 -0.71493 0.063957 3.5377 -0.5478 -0.90834 3.4498 -0.66722 -1.299 1.9393 -0.18268 -1.8669 0.53525 -0.47191 1.0338 3.6549 -0.43365 1.5069 2.0993 -0.27591 1.9987 0.74304 -0.82039 -0.7688 0.00094604 -0.18013 -0.43847 -1.8399 -1.1374 -0.4223 -3.64 -1.2397 0.7688 -0.00094604 0.18013 0.60198 -2.0398 0.65937 0.25448 -3.3213 1.8791
6 46 264 -0.13832 4.7904 -0.7015 -0.051334 3.5377 -0.54913 -1.0272 3.4498 -0.46378 -1.3086 1.9393 0.091387 -1.9242 0.53525 -0.07344 0.92105 3.6549 -0.63912 1.4166 2.0993 -0.58318 1.7844 0.74304 -1.218 -0.78945 0.00094604 -0.016348 -0.66536 -1.8399 -1.0214 -0.67081 -3.64 -1.1248 0.78945 -0.00094604 0.016348 0.72592 -2.0398 0.5198 0.6396 -3.3213 1.7851
6 47 264 -0.099517 4.7943 -0.67613 -0.013259 3.5406 -0.53056 -0.99086 3.4517 -0.46927 -1.3019 1.9302 0.037518 -1.921 0.53598 -0.18752 0.96095 3.6587 -0.59634 1.4403 2.1024 -0.46701 1.8547 0.69655 -0.94617 -0.78841 0.007441 -0.043092 -0.63687 -1.8734 -0.96715 -0.63557 -3.6764 -0.96124 0.78841 -0.007441 0.043092 0.78902 -2.0693 0.44697 0.67272 -3.2437 1.81
6 55 276 -0.040012 4.7971 -0.6983 -0.017008 3.5443 -0.52482 -0.99893 3.4885 -0.53396 -1.5691 1.9629 -0.66089 -2.1475 0.91029 -1.6279 0.96285 3.6293 -0.52065 1.3529 2.0635 -0.26599 1.6649 0.71275 -0.94113 -0.78716 0.019257 0.059197 -0.60406 -2.0364 -0.33479 -0.42531 -3.6912 0.35842 0.78716 -0.019257 -0.059197 0.64607 -1.8707 -1.0423 0.64343 -3.5253 -0.32598
6 56 276 -0.023136 4.7999 -0.67849 -0.0047785 3.5466 -0.50807 -0.98683 3.4933 -0.51822 -1.5655 1.9782 -0.71447 -2.0872 1.0305 -1.8132 0.97528 3.6292 -0.50277 1.3547 2.0579 -0.26648 1.6427 0.71356 -0.96466 -0.78664 0.022614 0.064712 -0.59266 -2.0562 -0.17003 -0.38235 -3.7004 0.53935 0.78664 -0.022614 -0.064712 0.60287 -1.8373 -1.1075 0.5673 -3.5963 -0.71276
6 57 276 0.0011259 4.8041 -0.64896 0.015617 3.5497 -0.486 -0.96678 3.5023 -0.49006 -1.5481 1.9958 -0.73743 -1.9988 1.1547 -1.9486 0.99617 3.6264 -0.48662 1.3672 2.05 -0.27161 1.6317 0.70832 -0.98404 -0.78576 0.027805 0.072798 -0.57722 -2.062 0.011918 -0.33606 -3.7024 0.72029 0.78576 -0.027806 -0.072799 0.56101 -1.8206 -1.145 0.48462 -3.6206 -1.0732
6 58 276 0.020084 4.8075 -0.62184 0.02911 3.5521 -0.46597 -0.95358 3.5116 -0.45963 -1.5368 2.0113 -0.73837 -1.9117 1.2771 -2.0415 1.0101 3.6221 -0.4768 1.3793 2.0431 -0.27858 1.6259 0.70318 -1.0007 -0.78411 0.032121 0.087435 -0.55831 -2.0544 0.18629 -0.28967 -3.6913 0.89292 0.78411 -0.032122 -0.087436 0.51671 -1.8125 -1.1705 0.39097 -3.5995 -1.3749
6 59 276 0.040873 4.8082 -0.61129 0.044255 3.5523 -0.45949 -0.93844 3.519 -0.43571 -1.5205 2.0213 -0.73037 -1.827 1.3767 -2.0972 1.0254 3.615 -0.48766 1.3939 2.0341 -0.30363 1.6333 0.69403 -1.0279 -0.78148 0.038469 0.10636 -0.53246 -2.0321 0.36123 -0.23825 -3.6673 1.0615 0.78148 -0.038469 -0.10636 0.4695 -1.8107 -1.1908 0.30883 -3.5644 -1.578
6 67 264 0.17235 4.7937 -0.6028 0.054236 3.5389 -0.48758 -0.9262 3.6082 -0.5238 -1.4275 2.0583 -0.40116 -1.7626 0.825 -1.2639 1.0364 3.4991 -0.45511 1.3279 1.8994 -0.29812 1.6431 0.50075 -0.86563 -0.78609 0.0025463 0.074484 -0.7082 -2.0625 0.45395 -0.59192 -3.2246 1.8276 0.78609 -0.0025463 -0.074484 0.58418 -1.8793 -0.99709 0.4118 -3.6637 -0.80435
6 68 264 0.14144 4.7886 -0.63238 0.02115 3.535 -0.50782 -0.95953 3.6097 -0.5147 -1.4488 2.0629 -0.32272 -1.9221 0.75263 -0.98367 1.0037 3.4897 -0.50489 1.295 1.888 -0.3697 1.5865 0.51103 -0.99952 -0.78393 -0.0058322 0.094468 -0.76237 -2.1003 0.25929 -0.61981 -3.1212 1.7386 0.78393 0.0058322 -0.094467 0.57289 -1.9054 -0.94124 0.39805 -3.6777 -0.65994
6 69 264 0.11226 4.786 -0.6633 0.0013425 3.5327 -0.52632 -0.97911 3.6067 -0.50159 -1.4604 2.0668 -0.24504 -2.0451 0.72072 -0.71834 0.98345 3.4881 -0.55525 1.2841 1.8854 -0.45742 1.534 0.53668 -1.1618 -0.78202 -0.0086217 0.10897 -0.81265 -2.1085 0.045452 -0.64176 -3.0625 1.5658 0.78202 0.0086222 -0.10897 0.55531 -1.9289 -0.88938 0.38094 -3.6855 -0.52247
6 70 264 0.098548 4.7875 -0.68531 0.0070653 3.5341 -0.53381 -0.97244 3.6013 -0.47541 -1.4478 2.0713 -0.15629 -2.1088 0.71819 -0.48767 0.98787 3.4963 -0.59667 1.3023 1.8936 -0.56239 1.5052 0.57423 -1.3343 -0.78136 -0.0038543 0.11384 -0.85022 -2.0833 -0.17851 -0.67301 -3.0782 1.3147 0.78136 0.0038538 -0.11384 0.54425 -1.954 -0.83835 0.36726 -3.6907 -0.38742
6 71 264 0.089182 4.7915 -0.68941 0.019944 3.5376 -0.52941 -0.9582 3.5933 -0.44286 -1.4277 2.0749 -0.064612 -2.1317 0.72824 -0.32602 0.99891 3.5113 -0.62051 1.3218 1.9107 -0.67254 1.4854 0.6205 -1.5009 -0.78221 0.0014014 0.10789 -0.87501 -2.0394 -0.38263 -0.71306 -3.1573 1.0228 0.78221 -0.0014009 -0.10789 0.52785 -1.9733 -0.787 0.34971 -3.6854 -0.25041
6 72 264 0.080852 4.7935 -0.6926 0.034381 3.5391 -0.52822 -0.9426 3.5817 -0.4231 -1.4075 2.0743 0.0015052 -2.1322 0.73506 -0.24128 1.0117 3.5259 -0.63798 1.344 1.9325 -0.77801 1.4672 0.68085 -1.6701 -0.78368 0.0065432 0.09641 -0.88099 -1.981 -0.57774 -0.7541 -3.2698 0.67678 0.78368 -0.0065432 -0.09641 0.51427 -1.9892 -0.73734 0.33543 -3.6722 -0.11572
6 73 264 0.062299 4.7956 -0.69259 0.04065 3.5408 -0.52464 -0.93483 3.5719 -0.40284 -1.3867 2.071 0.0574 -2.1192 0.73776 -0.19452 1.016 3.539 -0.65113 1.3592 1.9569 -0.86955 1.4474 0.75409 -1.8304 -0.78458 0.0095348 0.088511 -0.87284 -1.9164 -0.74653 -0.80011 -3.382 0.30113 0.78458 -0.0095353 -0.088511 0.50329 -2.0048 -0.68371 0.32241 -3.6549 0.020097
6 74 264 0.034118 4.7981 -0.68624 0.031499 3.5435 -0.51405 -0.9429 3.5651 -0.38199 -1.3698 2.0655 0.10571 -2.1089 0.74098 -0.17179 1.0055 3.5513 -0.65078 1.3609 1.9811 -0.92805 1.4174 0.83592 -1.9591 -0.78504 0.007947 0.08455 -0.84419 -1.8575 -0.88027 -0.83808 -3.4796 -0.093088 0.78504 -0.007947 -0.084551 0.50054 -2.024 -0.60323 0.31104 -3.6452 0.16267
6 75 264 0.011665 4.801 -0.67558 0.027138 3.547 -0.49946 -0.94626 3.5566 -0.35888 -1.3418 2.0526 0.1413 -2.0782 0.73055 -0.15477 0.99969 3.5668 -0.64478 1.3713 2.0079 -0.96154 1.4065 0.92629 -2.06 -0.7858 0.0080385 0.077195 -0.80618 -1.8176 -0.9624 -0.85968 -3.5552 -0.48374 0.7858 -0.008039 -0.077195 0.50385 -2.0474 -0.4965 0.30125 -3.6474 0.30953
6 76 252 0.12614 4.8045 -0.64547 0.12083 3.5512 -0.46341 -0.86043 3.5501 -0.53034 -1.3215 2.0416 -0.10572 -1.9581 0.71828 -0.57623 1.1019 3.5817 -0.40139 1.5548 2.0328 -0.65509 1.812 1.0156 -1.7851 -0.78336 0.007731 -0.09889 -0.5467 -1.8023 -1.1392 -0.66136 -3.5974 -1.0152 0.78336 -0.007731 0.09889 0.57301 -2.0683 -0.25362 0.18376 -3.6532 0.51265
6 76 264 -0.010816 4.8045 -0.65759 0.021845 3.5512 -0.47841 -0.95189 3.5501 -0.33986 -1.3146 2.0416 0.17135 -2.0351 0.71828 -0.15653 0.99441 3.5817 -0.62173 1.3846 2.0328 -0.96404 1.4012 1.0156 -2.1228 -0.78681 0.007731 0.066142 -0.77159 -1.8023 -1.0006 -0.85798 -3.5974 -0.85549 0.78681 -0.007731 -0.066142 0.50776 -2.0683 -0.36722 0.28633 -3.6532 0.46324
6 77 252 0.090736 4.8079 -0.62893 0.10046 3.5551 -0.44362 -0.88027 3.5418 -0.5168 -1.3143 2.0281 -0.081725 -1.9219 0.69991 -0.57589 1.0807 3.5979 -0.37541 1.5523 2.0558 -0.63665 1.8073 1.094 -1.8146 -0.7819 0.0042596 -0.11003 -0.52103 -1.8033 -1.1487 -0.56127 -3.596 -1.3376 0.7819 -0.0042591 0.11003 0.5462 -2.0804 -0.11003 0.13302 -3.6584 0.65806
6 77 264 -0.042009 4.8079 -0.63405 0.0060344 3.5551 -0.45481 -0.96848 3.5418 -0.32249 -1.3025 2.0281 0.19331 -1.9997 0.69991 -0.16371 0.97904 3.5979 -0.5919 1.386 2.0558 -0.94547 1.3905 1.094 -2.1507 -0.78769 0.0042596 0.054942 -0.74848 -1.8033 -1.0153 -0.82712 -3.596 -1.1917 0.78769 -0.0042591 -0.054942 0.51139 -2.0804 -0.22118 0.26693 -3.6584 0.61603
