0 93 228 -0.38525 4.7941 0.11425 -0.17995 3.565 0.066237 0.5745 3.6044 0.69601 2.0657 3.7232 1.3525 2.6115 5.1654 1.3587 -0.93402 3.5553 -0.56515 -2.1215 3.6664 -1.6816 -2.6241 5.0988 -1.9519 0.60557 0.015961 0.50649 0.32385 -2.0447 0.80434 0.7131 -3.7453 0.34918 -0.60557 -0.015962 -0.50649 -0.95967 -2.0812 -0.35259 -0.67258 -3.7119 -1.0662
0 93 240 -0.35307 4.7941 0.19185 -0.16225 3.565 0.1022 0.70665 3.6044 0.56136 2.3017 3.7232 0.89349 2.8369 5.1654 0.78608 -1.0311 3.5553 -0.35861 -2.4247 3.6664 -1.2038 -2.9726 5.0988 -1.3637 0.69764 0.015961 0.36952 0.484 -2.0447 0.71943 0.77012 -3.7453 0.19329 -0.69764 -0.015962 -0.36952 -1.012 -2.0812 -0.14536 -0.87955 -3.7119 -0.90306
0 94 228 -0.34475 4.8044 0.098975 -0.14075 3.572 0.051338 0.61051 3.6063 0.6852 1.9354 4.0482 1.5326 2.1059 5.5803 1.5686 -0.89187 3.5675 -0.58362 -2.2109 3.9309 -1.4762 -2.6468 5.4085 -1.4111 0.61043 0.013351 0.50069 0.32214 -2.0444 0.81189 0.71133 -3.7466 0.36242 -0.61044 -0.013351 -0.50069 -0.96484 -2.0785 -0.34667 -0.67858 -3.715 -1.0473
0 94 240 -0.31664 4.8044 0.16849 -0.127 3.572 0.07948 0.73963 3.6063 0.5433 2.2117 4.0482 1.0968 2.386 5.5803 1.0965 -0.99372 3.5675 -0.38544 -2.4695 3.9309 -0.98428 -2.8823 5.4085 -0.82995 0.70119 0.013351 0.36283 0.4839 -2.0444 0.72717 0.77113 -3.7466 0.2066 -0.70119 -0.013351 -0.36283 -1.0158 -2.0785 -0.13849 -0.8815 -3.715 -0.88333
0 95 228 -0.28824 4.8169 0.090244 -0.11288 3.5752 0.055652 0.63808 3.5982 0.69038 1.7079 4.2965 1.7086 1.5244 5.8252 1.7919 -0.86357 3.582 -0.57979 -2.2675 4.1301 -1.2101 -2.6356 5.5803 -0.83703 0.61516 0.010769 0.49494 0.32085 -2.0434 0.82369 0.70612 -3.7487 0.38278 -0.61516 -0.01077 -0.49494 -0.97029 -2.0753 -0.33365 -0.68455 -3.7164 -1.0235
0 95 240 -0.26318 4.8169 0.1482 -0.098847 3.5752 0.077906 0.76768 3.5982 0.54263 2.0258 4.2965 1.3161 1.8637 5.8252 1.4358 -0.96525 3.582 -0.38757 -2.4696 4.1301 -0.71217 -2.7521 5.5803 -0.27076 0.70462 0.010769 0.35622 0.48509 -2.0434 0.73898 0.77027 -3.7487 0.22761 -0.70462 -0.01077 -0.35622 -1.0185 -2.0753 -0.12462 -0.88239 -3.7164 -0.8588
0 96 240 -0.20567 4.8279 0.1297 -0.084857 3.5755 0.086521 0.78064 3.583 0.55366 1.7619 4.4369 1.5419 1.3114 5.8913 1.7862 -0.94981 3.5979 -0.38116 -2.4518 4.2401 -0.40158 -2.6296 5.601 0.30118 0.70634 0.010407 0.35281 0.48253 -2.0406 0.74982 0.76675 -3.751 0.25503 -0.70634 -0.010407 -0.35281 -1.0211 -2.0732 -0.10788 -0.88602 -3.719 -0.83191
0 97 240 -0.14899 4.834 0.1163 -0.0705 3.5752 0.09381 0.79506 3.566 0.5608 1.4589 4.4478 1.7652 0.78463 5.7892 2.1169 -0.93499 3.6141 -0.37363 -2.4049 4.2658 -0.084898 -2.4965 5.4861 0.85324 0.70517 0.0091467 0.35517 0.47824 -2.0395 0.76256 0.76682 -3.7526 0.28004 -0.70517 -0.0091467 -0.35517 -1.0208 -2.0706 -0.099964 -0.89072 -3.7235 -0.80846
1 10 60 -0.46319 4.7002 0.94591 -0.34649 3.4564 0.7753 0.52078 3.4391 1.2389 2.1185 3.1369 1.3963 3.3932 3.8191 1.9324 -1.2138 3.5035 0.31393 -2.1806 3.0708 -0.92983 -3.4975 3.6407 -1.4942 0.71326 -0.0076876 0.33867 0.74775 -2.0058 0.98725 1.395 -3.6825 0.84339 -0.71326 0.0076876 -0.33867 -1.4038 -1.9664 -0.13758 -1.3532 -3.565 -0.96987
1 11 60 -0.4589 4.7184 0.86821 -0.33892 3.4757 0.69926 0.52562 3.4582 1.1679 2.1518 3.3674 1.2943 3.3582 4.2156 1.7447 -1.2034 3.523 0.23259 -2.177 3.2235 -1.0446 -3.4503 3.8982 -1.5933 0.71264 -0.00038433 0.34007 0.88915 -2.0061 0.94038 1.6282 -3.6492 0.8717 -0.71264 0.00038433 -0.34007 -1.4934 -1.9478 -0.24376 -1.5165 -3.5022 -1.1571
1 12 48 -0.58646 4.7346 0.68093 -0.44094 3.4911 0.54934 0.30396 3.4742 1.1914 1.8716 3.5627 1.6422 2.9086 4.5406 2.2305 -1.1859 3.5378 -0.091178 -1.8996 3.3389 -1.5471 -2.9849 4.0937 -2.3409 0.62831 0.0038862 0.47823 0.83336 -1.9904 1.1069 1.6359 -3.6013 1.2151 -0.62831 -0.0038857 -0.47823 -1.4736 -1.9202 -0.64366 -1.3813 -3.4288 -1.6268
1 13 48 -0.52017 4.7503 0.60913 -0.3885 3.5053 0.48735 0.35709 3.49 1.1286 1.9074 3.7213 1.5888 2.8942 4.7959 2.088 -1.1337 3.5505 -0.15296 -1.8858 3.4249 -1.5977 -2.9298 4.2425 -2.3846 0.62878 0.0021982 0.47763 0.94364 -1.9763 1.1106 1.798 -3.5629 1.1722 -0.62878 -0.0021982 -0.47763 -1.4739 -1.9114 -0.71167 -1.478 -3.3776 -1.7612
1 14 48 -0.46132 4.7625 0.53446 -0.34511 3.515 0.43019 0.40179 3.4989 1.0699 1.9214 3.8463 1.5585 2.8685 4.9887 1.9776 -1.0912 3.5608 -0.20909 -1.868 3.4926 -1.6446 -2.9052 4.363 -2.3823 0.63026 0.0029078 0.47567 0.97202 -1.9637 1.1313 1.8402 -3.5436 1.095 -0.63026 -0.0029073 -0.47567 -1.4619 -1.9137 -0.74324 -1.5186 -3.3524 -1.8285
1 15 48 -0.41984 4.7698 0.47189 -0.31847 3.5196 0.38575 0.43234 3.5055 1.0209 1.9143 3.9556 1.5406 2.8107 5.147 1.9336 -1.0681 3.5634 -0.24946 -1.8927 3.5321 -1.6594 -2.9079 4.4405 -2.3817 0.63514 0.0062594 0.4691 0.94946 -1.9507 1.1662 1.79 -3.5419 1.0554 -0.63514 -0.006259 -0.4691 -1.4635 -1.9224 -0.70711 -1.5296 -3.3419 -1.8168
1 16 48 -0.395 4.7762 0.42708 -0.29414 3.5249 0.35564 0.46268 3.5189 0.98377 1.9038 4.0487 1.5418 2.737 5.2851 1.9351 -1.0498 3.5607 -0.27289 -1.928 3.5656 -1.6504 -2.9203 4.5016 -2.3693 0.64304 0.005724 0.45822 0.88283 -1.9486 1.1913 1.7309 -3.5216 0.95161 -0.64304 -0.0057244 -0.45822 -1.4743 -1.9272 -0.63453 -1.4802 -3.3277 -1.7701
1 17 48 -0.40047 4.7841 0.39629 -0.28646 3.5332 0.33607 0.4745 3.5389 0.95918 1.8833 4.0966 1.57 2.662 5.3685 1.9617 -1.0466 3.5572 -0.28763 -1.987 3.5605 -1.6234 -2.965 4.5152 -2.3374 0.64596 0.0050941 0.4541 0.78536 -1.9167 1.2918 1.6794 -3.4226 0.86301 -0.64596 -0.0050941 -0.4541 -1.5045 -1.9148 -0.6278 -1.3346 -3.2738 -1.8005
1 18 48 -0.47324 4.792 0.35861 -0.34121 3.5417 0.29547 0.42018 3.5548 0.91794 1.8211 4.0423 1.6025 2.5651 5.3259 2.0225 -1.1024 3.5585 -0.32722 -2.0993 3.4624 -1.6178 -3.097 4.4041 -2.3217 0.64575 0.023301 0.45383 0.69494 -1.8519 1.4002 1.6058 -3.3211 0.88771 -0.64575 -0.023301 -0.45383 -1.5761 -1.8979 -0.64021 -1.2977 -3.2267 -1.8267
1 19 60 -0.45088 4.7813 0.52996 -0.31227 3.5332 0.42477 0.56213 3.5557 0.87452 2.0979 3.8797 1.3275 2.9399 5.1256 1.6688 -1.1872 3.5404 -0.02451 -2.446 3.2802 -1.0327 -3.6596 4.1269 -1.4663 0.72707 0.02253 0.30718 0.89639 -1.7451 1.4301 1.6881 -3.1652 0.65068 -0.72707 -0.02253 -0.30718 -1.7298 -1.8653 -0.19306 -1.6518 -3.1465 -1.4593
1 20 60 -0.49062 4.7851 0.51265 -0.33785 3.5387 0.39835 0.53334 3.5651 0.85409 2.0775 3.7278 1.3619 3.0261 4.8529 1.8221 -1.2099 3.5421 -0.056441 -2.4769 3.1237 -0.99903 -3.8078 3.7809 -1.417 0.72105 0.025454 0.32085 0.87217 -1.7494 1.4351 1.6562 -3.1782 0.66389 -0.72105 -0.025454 -0.32085 -1.7508 -1.8482 -0.14365 -1.635 -3.1411 -1.395
1 21 60 -0.53456 4.7897 0.45183 -0.37517 3.5422 0.35268 0.49254 3.5754 0.81457 2.0294 3.6035 1.3678 3.1194 4.5548 1.9013 -1.244 3.5388 -0.10832 -2.5061 3.0017 -0.99564 -3.9104 3.4597 -1.4383 0.71848 0.042914 0.32472 0.8688 -1.7826 1.3539 1.6548 -3.2514 0.66413 -0.71848 -0.042914 -0.32472 -1.6778 -1.9055 -0.16708 -1.6345 -3.2254 -1.3945
1 22 60 -0.50272 4.7925 0.44931 -0.34029 3.5434 0.36602 0.52929 3.5844 0.82375 2.0584 3.5113 1.3941 3.2435 4.3168 1.9636 -1.2112 3.5323 -0.090938 -2.46 2.9232 -0.95013 -3.889 3.2475 -1.4301 0.72581 0.032543 0.30925 0.90276 -1.8257 1.2736 1.6768 -3.3349 0.66195 -0.72581 -0.032543 -0.30925 -1.5868 -1.9462 -0.20567 -1.6105 -3.3027 -1.3933
1 23 60 -0.50866 4.7841 0.48687 -0.34304 3.5348 0.41431 0.52932 3.5798 0.86634 2.0594 3.4409 1.4215 3.288 4.1714 2.0001 -1.2167 3.5196 -0.037127 -2.4485 2.8892 -0.90544 -3.8789 3.1804 -1.4025 0.7256 0.028409 0.31015 0.93695 -1.8553 1.2164 1.6985 -3.3942 0.66592 -0.7256 -0.028409 -0.31015 -1.5186 -1.9726 -0.23484 -1.5943 -3.3611 -1.3825
1 24 60 -0.54129 4.7668 0.56724 -0.37604 3.5167 0.49868 0.49357 3.5582 0.95629 2.0295 3.3909 1.4871 3.2682 4.1103 2.0579 -1.247 3.5049 0.041935 -2.4662 2.8913 -0.85574 -3.8927 3.2203 -1.3399 0.72472 0.028842 0.31217 0.94826 -1.8556 1.2141 1.706 -3.4071 0.69488 -0.72472 -0.028842 -0.31217 -1.5108 -1.9753 -0.22426 -1.5972 -3.3737 -1.3591
1 25 60 -0.56838 4.7492 0.67251 -0.40226 3.4987 0.59686 0.46588 3.5332 1.0578 2.0125 3.3741 1.5593 3.2391 4.1162 2.1272 -1.272 3.4939 0.13762 -2.4809 2.9262 -0.80313 -3.9012 3.3326 -1.2451 0.72741 0.025141 0.30617 0.93805 -1.8276 1.2742 1.6982 -3.3742 0.74375 -0.72741 -0.025141 -0.30618 -1.5664 -1.9465 -0.16847 -1.6124 -3.3401 -1.3115
1 26 60 -0.59111 4.7337 0.78156 -0.41452 3.4856 0.68712 0.45194 3.5171 1.1515 2.0119 3.4149 1.6255 3.2242 4.1857 2.1859 -1.2831 3.4836 0.22562 -2.4981 2.9972 -0.75201 -3.9032 3.492 -1.1503 0.72905 0.017431 0.30278 0.90725 -1.7704 1.3919 1.6822 -3.2944 0.81935 -0.72905 -0.017431 -0.30278 -1.6679 -1.8828 -0.072156 -1.6435 -3.2613 -1.2341
1 27 60 -0.62594 4.723 0.84162 -0.43496 3.4787 0.73369 0.43207 3.5066 1.1972 1.9976 3.4883 1.6634 3.2008 4.2803 2.2136 -1.3044 3.4802 0.27389 -2.5407 3.0871 -0.71903 -3.9268 3.6559 -1.0835 0.72722 0.01708 0.30718 0.8818 -1.7067 1.4984 1.6724 -3.2105 0.89474 -0.72722 -0.01708 -0.30718 -1.7746 -1.813 -0.0037076 -1.6905 -3.1757 -1.1813
1 28 60 -0.65685 4.7097 0.89545 -0.46499 3.4666 0.77237 0.40151 3.4941 1.2369 1.9675 3.4581 1.7007 3.1543 4.2513 2.2839 -1.3342 3.4684 0.31218 -2.5674 3.0686 -0.68183 -3.954 3.6634 -1.0001 0.72624 0.023125 0.30909 0.8882 -1.6962 1.5057 1.6789 -3.2088 0.92449 -0.72624 -0.023125 -0.30909 -1.8081 -1.7975 -0.0003144 -1.7208 -3.1744 -1.1611
1 29 60 -0.61147 4.723 0.8699 -0.43554 3.477 0.74385 0.43464 3.5047 1.2014 1.9824 3.2867 1.6764 3.1768 3.9784 2.3639 -1.3083 3.4787 0.29045 -2.4987 2.9165 -0.67688 -3.9342 3.4099 -0.94823 0.72862 0.019869 0.30368 0.919 -1.7982 1.3394 1.7099 -3.3454 0.85841 -0.72862 -0.019869 -0.30368 -1.6681 -1.8871 -0.091165 -1.6725 -3.3118 -1.1962
1 30 60 -0.58411 4.7276 0.83722 -0.42619 3.4778 0.72461 0.44715 3.5006 1.1764 1.9316 3.0126 1.6529 3.1515 3.47 2.4777 -1.3016 3.4845 0.27623 -2.4021 2.6909 -0.63362 -3.905 2.9379 -0.87442 0.72572 0.018315 0.31064 0.92615 -1.9221 1.0909 1.7024 -3.5071 0.72161 -0.72572 -0.018315 -0.31064 -1.4432 -1.9892 -0.18825 -1.5928 -3.4572 -1.2244
2 52 264 -0.26317 1.7059 4.5057 -0.13328 1.2953 3.3193 0.84833 1.2824 3.3796 1.3724 0.38669 2.1178 1.4762 -1.1502 2.1877 -1.1161 1.3159 3.2879 -1.5724 0.4526 1.9782 -1.6876 -1.0788 1.8396 0.78894 0.024885 0.021131 0.62107 -1.8567 0.9408 0.82381 -3.572 0.42362 -0.78894 -0.024885 -0.021131 -0.81452 -1.9189 0.88795 -0.81432 -3.5405 0.09982
2 53 264 -0.26778 1.8393 4.4539 -0.13272 1.4033 3.2765 0.84867 1.3912 3.3406 1.4265 0.70495 1.9753 1.7011 -0.79304 1.7338 -1.1154 1.4239 3.241 -1.5723 0.73779 1.8306 -1.8157 -0.71267 1.3674 0.78899 0.024213 0.020084 0.63537 -1.866 0.92432 0.82912 -3.5805 0.40099 -0.78899 -0.024213 -0.020084 -0.8222 -1.9261 0.87217 -0.81229 -3.5434 0.075374
2 58 264 -0.41243 1.7787 4.4627 -0.23024 1.4074 3.2682 0.74703 1.3749 3.3742 1.3645 1.6954 1.8961 2.2991 1.1902 0.77867 -1.2099 1.4475 3.1909 -1.6724 1.7422 1.6521 -2.4408 1.1201 0.46872 0.78832 0.012627 0.043487 0.59223 -1.8454 1.0045 0.79445 -3.5255 0.38236 -0.78832 -0.012627 -0.043487 -0.87133 -1.9024 0.87094 -0.83382 -3.5005 0.037045
2 59 264 -0.45822 1.6634 4.503 -0.25862 1.3187 3.3038 0.71754 1.279 3.4173 1.3006 1.712 1.954 2.2787 1.3134 0.83055 -1.2374 1.3656 3.2192 -1.6533 1.7821 1.6953 -2.4576 1.1928 0.51905 0.78786 0.010248 0.051676 0.56817 -1.8044 1.0875 0.7788 -3.4552 0.39365 -0.78786 -0.010248 -0.051676 -0.9084 -1.8631 0.93157 -0.83818 -3.4329 0.047525
2 60 264 -0.49399 1.5685 4.5359 -0.28299 1.2386 3.3352 0.69287 1.1953 3.45 1.2475 1.6679 1.9879 2.2402 1.2769 0.87463 -1.2615 1.2887 3.2492 -1.6236 1.7386 1.7211 -2.4334 1.1176 0.56515 0.78755 0.010645 0.05612 0.54084 -1.7535 1.1702 0.76125 -3.3666 0.39522 -0.78755 -0.010645 -0.056121 -0.93907 -1.8188 1.0031 -0.84444 -3.3453 0.048272
2 61 264 -0.53066 1.5293 4.5471 -0.30729 1.1956 3.3497 0.66676 1.1451 3.4763 1.1976 1.5626 1.9888 2.1821 1.0738 0.90728 -1.2843 1.253 3.252 -1.6044 1.6294 1.6949 -2.4036 0.8901 0.60289 0.78714 0.0082362 0.062023 0.51485 -1.6987 1.2565 0.74813 -3.2607 0.38663 -0.78714 -0.0082364 -0.062023 -0.96605 -1.7684 1.0712 -0.84405 -3.239 0.035333
