0 94 180 -0.30423 4.8044 -0.18997 -0.13233 3.572 -0.070248 -0.10069 3.6063 0.91219 0.15605 4.0482 2.4638 0.24345 5.5803 2.6146 -0.16306 3.5675 -1.0533 -0.38236 3.9309 -2.6308 -0.72241 5.4085 -2.9112 0.036376 0.013351 0.78867 -0.3878 -2.0444 0.78266 0.20664 -3.7466 0.77112 -0.036377 -0.013351 -0.78867 -0.38798 -2.0785 -0.94898 0.32424 -3.715 -1.2051
0 102 192 -0.2125 4.8399 0.10056 -0.20907 3.5776 0.096149 -0.042708 3.5233 1.064 -1.5147 3.2242 1.7063 -2.8333 3.887 1.2594 -0.37715 3.6615 -0.86929 -1.9733 3.3524 -1.0291 -3.0968 3.6893 -0.028116 0.16115 -0.00029087 0.773 -0.33184 -2.0402 0.87296 0.22918 -3.7529 0.82042 -0.16115 0.00029135 -0.773 -0.6448 -2.0436 -0.82679 -0.080224 -3.7274 -1.1382
0 103 192 -0.27082 4.835 0.14261 -0.25814 3.5743 0.12171 -0.098496 3.5038 1.0897 -1.5138 2.8782 1.6133 -2.9228 3.3738 1.2302 -0.42012 3.6743 -0.84323 -1.949 3.1121 -0.96613 -3.1502 3.2614 -0.010793 0.15692 -0.0042858 0.77386 -0.33929 -2.0432 0.87791 0.23075 -3.7531 0.82888 -0.15692 0.0042858 -0.77386 -0.64193 -2.0394 -0.82401 -0.082715 -3.7263 -1.1281
1 37 12 -1.8232 4.4572 0.39299 -1.4555 3.2501 0.40863 -1.236 3.2643 1.3673 -0.66567 1.7338 1.3972 -0.78763 0.31916 1.9986 -1.6847 3.2639 -0.54773 -1.2121 1.7355 -0.87858 -1.6903 0.33807 -1.3216 0.25902 0.016521 0.74575 -0.81216 -1.7894 0.81964 0.11212 -3.3001 0.48114 -0.25902 -0.016521 -0.74575 -1.2303 -1.8141 -0.2563 -0.076328 -3.1686 -0.54716
1 41 12 -1.5898 4.5587 0.35436 -1.249 3.3431 0.33885 -1.0034 3.3417 1.2912 -0.48322 1.8073 1.5006 -0.63671 0.54229 2.3689 -1.5036 3.3727 -0.61069 -1.2462 1.8336 -1.0942 -2.0768 0.66073 -1.6528 0.23346 0.0053382 0.7543 -0.94454 -1.7296 0.88296 0.074409 -3.1626 0.48376 -0.23346 -0.0053382 -0.7543 -1.3474 -1.7536 -0.41218 -0.12617 -3.0709 -0.56764
2 103 192 -2.0899 4.3601 0.37838 -1.5722 3.212 0.32865 -1.3561 3.1948 1.288 -0.37839 1.9064 1.5174 -0.011006 0.5151 2.0715 -1.8021 3.2552 -0.62669 -1.0586 1.9188 -1.201 -0.88164 0.43623 -1.5862 0.18333 0.013962 0.76791 -0.89974 -1.7748 0.97209 -0.14898 -3.4135 0.93067 -0.18333 -0.013961 -0.76791 -1.1808 -1.8543 -0.58746 -0.25869 -3.3844 -0.83135
4 8 180 -1.4226 4.6288 0.097893 -1.0368 3.4275 -0.0067777 -1.0203 3.3437 0.97305 -0.76607 1.7732 1.3439 -2.2744 1.599 1.0752 -1.0632 3.5393 -0.9836 -0.22505 2.2383 -1.5069 -1.4481 1.3374 -1.772 0.081322 0.055223 0.78348 0.59285 -1.9703 0.55991 1.5286 -3.4894 0.29994 -0.081322 -0.055223 -0.78348 -1.3223 -1.722 -0.47323 -1.2265 -3.4811 -0.089756
4 9 180 -1.4336 4.6287 -0.0092233 -1.0394 3.4272 -0.07637 -1.0363 3.3721 0.90563 -0.72589 1.8199 1.3095 -2.2207 1.6178 0.98971 -1.0524 3.5102 -1.0563 -0.25062 2.1693 -1.5337 -1.5814 1.4129 -1.7193 0.072705 0.065832 0.7835 0.75879 -1.9071 0.55725 1.7373 -3.4001 0.30382 -0.072704 -0.065833 -0.7835 -1.3137 -1.7288 -0.45393 -1.1763 -3.4758 -0.029637
4 10 180 -1.4496 4.6237 -0.12601 -1.0546 3.421 -0.14954 -1.0566 3.3976 0.83373 -0.68543 1.8665 1.2657 -2.1614 1.5861 0.91863 -1.0627 3.4723 -1.1317 -0.31588 2.0814 -1.5517 -1.7286 1.4716 -1.6511 0.065237 0.077785 0.78307 0.87926 -1.8473 0.56949 1.9273 -3.2949 0.33047 -0.065236 -0.077785 -0.78307 -1.3197 -1.7293 -0.44676 -1.0133 -3.4528 -0.014572
4 11 180 -1.4959 4.6073 -0.22504 -1.0978 3.4055 -0.20431 -1.1057 3.4158 0.77916 -0.67168 1.9123 1.2479 -2.1119 1.4899 0.89442 -1.1002 3.4233 -1.1877 -0.42017 1.9807 -1.5415 -1.8918 1.5204 -1.5568 0.055276 0.081275 0.78348 0.85786 -1.8531 0.61524 2.0624 -3.1763 0.39331 -0.055276 -0.081275 -0.78348 -1.3432 -1.7072 -0.44885 -0.81786 -3.3805 -0.030721
4 12 180 -1.5054 4.6043 -0.2952 -1.104 3.4052 -0.23337 -1.1215 3.4459 0.74918 -0.63269 1.9719 1.2563 -2.0101 1.3617 0.92759 -1.0969 3.3924 -1.2168 -0.51008 1.8967 -1.5126 -2.0216 1.5982 -1.4502 0.048277 0.077103 0.78436 0.69546 -1.9201 0.70222 2.0961 -3.0354 0.48957 -0.048277 -0.077103 -0.78436 -1.3297 -1.7059 -0.4392 -0.60905 -3.3089 -0.036779
4 13 180 -1.5361 4.5953 -0.28164 -1.1302 3.3996 -0.1932 -1.1502 3.4613 0.78821 -0.62983 2.0079 1.3226 -1.9175 1.2014 1.0597 -1.1207 3.3657 -1.1761 -0.67402 1.8161 -1.4365 -2.2063 1.7044 -1.3054 0.059517 0.061033 0.785 0.37949 -2.0154 0.8051 1.9649 -2.8518 0.61109 -0.059517 -0.061033 -0.785 -1.2672 -1.7396 -0.41326 -0.37272 -3.2588 -0.035599
4 14 180 -1.5935 4.575 -0.25685 -1.1802 3.3828 -0.15767 -1.1993 3.4493 0.82344 -0.62978 2.0256 1.3871 -1.8184 1.0561 1.23 -1.172 3.344 -1.1404 -0.90046 1.7525 -1.3892 -2.427 1.8346 -1.1879 0.051139 0.047471 0.78653 -0.0094576 -2.0497 0.89899 1.6873 -2.6402 0.74672 -0.051139 -0.047471 -0.78653 -1.168 -1.788 -0.41583 -0.14347 -3.2206 -0.030138
4 15 180 -1.6134 4.5684 -0.2545 -1.1994 3.3764 -0.15819 -1.2263 3.4311 0.82346 -0.54947 2.0735 1.4298 -1.6619 1.0067 1.3838 -1.1833 3.3495 -1.1412 -1.081 1.7391 -1.3957 -2.5749 2 -1.1166 0.01835 0.040467 0.78837 -0.44997 -2.0021 0.9396 1.2735 -2.5287 0.88357 -0.01835 -0.040467 -0.78837 -1.0271 -1.8498 -0.43754 0.09814 -3.1987 -0.031152
4 16 180 -1.6462 4.5568 -0.24288 -1.2276 3.3645 -0.17208 -1.2539 3.4039 0.81033 -0.44365 2.1455 1.4651 -1.5194 1.0413 1.4989 -1.2124 3.3527 -1.1554 -1.2355 1.7419 -1.4267 -2.679 2.1578 -1.0786 -0.014625 0.035894 0.78867 -0.87449 -1.8771 0.91292 0.78843 -2.5675 1.0077 0.014625 -0.035894 -0.78867 -0.83298 -1.9266 -0.44085 0.37106 -3.2028 -0.025358
4 17 192 -1.6786 4.5489 0.087858 -1.253 3.3575 0.041896 -1.0636 3.3859 1.0066 -0.01584 2.2284 1.4872 -1.0256 1.11 1.8146 -1.4533 3.3568 -0.92105 -1.6023 1.7527 -1.192 -2.8825 2.2795 -0.51289 0.11467 0.039956 0.78023 -0.99456 -1.7234 1.0529 0.49062 -2.7447 1.0067 -0.11467 -0.039955 -0.78023 -0.66688 -2.0126 -0.3134 0.65043 -3.2337 -0.15651
4 18 192 -1.6495 4.5588 0.04811 -1.2283 3.3666 -0.021025 -1.0284 3.3917 0.94167 0.098962 2.3066 1.411 -0.87923 1.1857 1.8165 -1.4389 3.3693 -0.98177 -1.5993 1.7701 -1.2744 -2.8468 2.3381 -0.56811 0.081231 0.046396 0.78406 -1.1479 -1.6456 0.9854 -0.018321 -3.0406 1.1555 -0.081231 -0.046396 -0.78406 -0.39614 -2.0856 -0.38809 0.94772 -3.2763 -0.22343
4 19 192 -1.6095 4.5705 -0.0055285 -1.1931 3.3772 -0.088679 -0.98682 3.4003 0.8727 0.17659 2.3439 1.319 -0.77789 1.2351 1.806 -1.4097 3.3819 -1.0481 -1.5271 1.7842 -1.3677 -2.784 2.3108 -0.64615 0.049471 0.054227 0.7862 -1.1575 -1.6607 0.91478 -0.57257 -3.33 1.2648 -0.049471 -0.054227 -0.7862 -0.11089 -2.1302 -0.46884 1.2536 -3.2954 -0.29172
4 20 204 -1.5228 4.5894 0.26692 -1.1382 3.3953 0.091795 -0.73879 3.4148 0.99038 0.48182 2.3437 1.1683 -0.31731 1.2551 1.9125 -1.5468 3.4039 -0.80284 -1.6518 1.8072 -1.1317 -2.7782 2.2349 -0.16947 0.17616 0.057014 0.7676 -0.87133 -1.738 1.0756 -0.79458 -3.4865 1.5093 -0.17616 -0.057014 -0.7676 0.061584 -2.1341 -0.55884 1.4509 -3.2796 -0.65199
4 21 204 -1.4448 4.615 0.21296 -1.0697 3.4188 0.032715 -0.69107 3.4296 0.94041 0.48909 2.3163 1.1316 -0.29472 1.2454 1.9168 -1.457 3.4361 -0.87118 -1.4619 1.8471 -1.2501 -2.652 2.1387 -0.31401 0.13695 0.056341 0.77561 -0.832 -1.7827 1.0811 -1.1106 -3.4994 1.5566 -0.13695 -0.05634 -0.77561 0.26001 -2.1131 -0.61339 1.7074 -3.1828 -0.72233
4 22 204 -1.3746 4.6353 0.14587 -1.0095 3.4362 -0.035081 -0.67492 3.4376 0.88981 0.44784 2.2776 1.1398 -0.36002 1.223 1.9227 -1.3526 3.4631 -0.95643 -1.2669 1.8879 -1.3808 -2.5245 2.0299 -0.49993 0.096294 0.059127 0.78149 -0.88854 -1.7734 1.0751 -1.0935 -3.4962 1.5658 -0.096294 -0.059127 -0.78149 0.28874 -2.1173 -0.60891 1.863 -2.9832 -0.75992
4 25 216 -1.4467 4.6034 0.021485 -1.073 3.4086 -0.16982 -0.77037 3.3902 0.76581 0.086696 2.0951 1.2727 -0.93468 1.1559 1.9454 -1.3851 3.455 -1.1014 -0.91737 1.9806 -1.627 -2.259 1.5673 -0.98922 0.15378 0.12762 0.76391 -1.0167 -1.5895 1.0735 -0.31907 -3.2179 1.4089 -0.15378 -0.12762 -0.76391 -0.51011 -2.1748 -0.45369 1.2271 -2.3417 -0.90643
4 27 228 -1.5478 4.5783 0.026112 -1.1547 3.3855 -0.13533 -0.89557 3.374 0.8134 -0.2349 2.0004 1.4011 -1.5505 1.4021 1.9385 -1.4239 3.4249 -1.0805 -0.6876 2.1044 -1.6993 -2.048 1.5293 -1.2563 0.20632 0.13895 0.74942 -0.68193 -1.7331 1.0967 0.35244 -3.2084 1.165 -0.20632 -0.13895 -0.74942 -1.214 -1.9126 -0.24635 0.49666 -2.3907 -0.55645
4 28 240 -1.5592 4.5743 0.1566 -1.1882 3.3761 -0.016495 -0.86001 3.3722 0.91069 -0.19898 1.9896 1.4765 -1.5591 1.5785 2.0755 -1.5259 3.408 -0.93967 -0.794 2.1413 -1.6667 -2.1111 1.5424 -1.1337 0.29645 0.14496 0.71736 -0.23507 -1.8569 1.0702 0.84136 -3.2956 0.92071 -0.29645 -0.14496 -0.71736 -1.4211 -1.7696 -0.003277 0.13822 -2.6178 -0.31936
4 29 240 -1.535 4.5882 -0.064531 -1.1563 3.384 -0.16418 -0.94001 3.3915 0.79526 -0.37294 2.0051 1.4474 -1.827 1.7031 1.8624 -1.3823 3.4046 -1.1212 -0.53176 2.1723 -1.7744 -1.8997 1.554 -1.4221 0.22678 0.14872 0.74159 0.05613 -1.9331 0.96785 1.1554 -3.3549 0.82344 -0.22678 -0.14872 -0.74159 -1.4618 -1.712 -0.074262 -0.12318 -2.9192 -0.034001
4 30 240 -1.5063 4.5947 -0.24172 -1.1247 3.3877 -0.27854 -1.0006 3.4142 0.69678 -0.51007 2.0195 1.3917 -2.001 1.7515 1.6798 -1.2583 3.3893 -1.253 -0.31278 2.1792 -1.8101 -1.7009 1.5349 -1.6215 0.17351 0.14965 0.75564 0.35697 -1.9362 0.92819 1.4639 -3.3514 0.77706 -0.17351 -0.14965 -0.75564 -1.4228 -1.7258 -0.14802 -0.4504 -3.2007 0.21235
4 31 240 -1.4415 4.609 -0.39595 -1.0623 3.401 -0.35988 -1.0461 3.4608 0.62171 -0.6433 2.0527 1.3453 -2.1477 1.7707 1.5321 -1.0875 3.3696 -1.3426 -0.066719 2.1849 -1.8152 -1.4563 1.5188 -1.7604 0.12959 0.14444 0.7654 0.61234 -1.8958 0.90263 1.731 -3.3058 0.79628 -0.12959 -0.14444 -0.7654 -1.3278 -1.7791 -0.2119 -0.79477 -3.3962 0.38123
4 35 252 -1.3716 4.6302 -0.4746 -1.0097 3.4216 -0.36438 -0.88421 3.5757 0.59889 -0.45291 2.1742 1.3191 -1.8715 1.653 1.6251 -1.1444 3.2958 -1.3305 -0.3262 1.9019 -1.5678 -1.8046 1.4796 -1.4508 0.16714 0.12164 0.76208 0.41154 -1.9267 1.1608 2.076 -2.5616 0.88293 -0.16714 -0.12164 -0.76208 -1.1275 -1.8596 -0.075491 -0.35448 -3.3591 0.56068
4 36 252 -1.4618 4.5985 -0.50189 -1.0758 3.4007 -0.36151 -0.99361 3.5598 0.6056 -0.47166 2.1846 1.3163 -1.8473 1.5492 1.6019 -1.1679 3.2694 -1.3319 -0.54968 1.7688 -1.5183 -2.0625 1.5278 -1.3428 0.123 0.10719 0.77258 -0.0064724 -1.9246 1.2916 1.7272 -2.3723 1.0798 -0.123 -0.1072 -0.77258 -1.1543 -1.8259 -0.14262 -0.17951 -3.2097 0.47846
4 37 252 -1.4671 4.5955 -0.5377 -1.0668 3.4036 -0.38777 -1.0229 3.5577 0.58264 -0.36073 2.2375 1.2808 -1.7229 1.553 1.5126 -1.121 3.2773 -1.3617 -0.68277 1.7117 -1.5223 -2.2078 1.6524 -1.3022 0.068641 0.098834 0.7804 -0.49808 -1.8604 1.285 1.2474 -2.3103 1.2439 -0.068641 -0.098834 -0.7804 -1.0646 -1.8524 -0.19082 0.040759 -3.1389 0.42066
4 38 264 -1.542 4.5964 -0.22772 -1.1311 3.4001 -0.16955 -0.89559 3.5424 0.77473 0.031458 2.2957 1.2798 -1.2797 1.615 1.7215 -1.3771 3.2857 -1.1149 -1.087 1.6944 -1.3437 -2.5219 1.7751 -0.78511 0.19113 0.091232 0.76069 -0.71805 -1.725 1.2981 0.95151 -2.3929 1.1662 -0.19113 -0.091232 -0.76069 -0.92846 -1.9177 -0.029564 0.3573 -3.1339 0.31475
4 39 264 -1.4859 4.6131 -0.2456 -1.1028 3.4072 -0.20029 -0.85531 3.539 0.74244 0.17861 2.3619 1.2052 -1.1623 1.706 1.5919 -1.3602 3.3034 -1.1439 -1.1025 1.709 -1.3891 -2.5247 1.84 -0.80785 0.15892 0.091572 0.76802 -1.0677 -1.5709 1.1499 0.39014 -2.6205 1.3046 -0.15892 -0.091572 -0.76802 -0.68703 -1.998 -0.060272 0.62756 -3.1942 0.24275
4 40 264 -1.4257 4.6251 -0.31013 -1.0741 3.4091 -0.2798 -0.81405 3.525 0.66165 0.28902 2.3967 1.0847 -1.0658 1.7624 1.4588 -1.3434 3.3217 -1.2217 -1.0756 1.7334 -1.4942 -2.4944 1.8221 -0.89695 0.1169 0.10413 0.77394 -1.2164 -1.5046 0.9945 -0.1961 -2.9456 1.3598 -0.1169 -0.10413 -0.77394 -0.40268 -2.0771 -0.11058 0.92339 -3.2626 0.18415
4 58 336 -1.6632 4.545 -0.38601 -1.2361 3.3609 -0.26662 -1.0303 3.533 0.67962 -0.26855 2.2087 1.2582 -1.6082 1.5144 1.5761 -1.4536 3.216 -1.2148 -0.80565 1.7681 -1.6052 -2.2207 1.5909 -1.0186 0.22898 0.13329 0.74384 -0.3 -1.8246 1.2928 1.3737 -2.4521 1.0569 -0.22898 -0.13329 -0.74384 -0.89866 -1.9374 0.099367 0.37585 -3.2012 0.27074
4 59 336 -1.7575 4.5088 -0.36761 -1.3239 3.326 -0.26079 -1.1347 3.4958 0.68932 -0.34958 2.1823 1.2613 -1.6889 1.4617 1.5153 -1.5253 3.1834 -1.2129 -1.029 1.6629 -1.5451 -2.434 1.6517 -0.90984 0.20347 0.13081 0.75166 -0.73133 -1.6825 1.2539 0.89867 -2.4504 1.1879 -0.20347 -0.13081 -0.75166 -0.75832 -2.0003 0.030355 0.59726 -3.1718 0.23228
4 62 348 -1.7437 4.5248 -0.10481 -1.3361 3.3273 -0.13995 -0.9094 3.4727 0.73423 0.12022 2.2424 1.0428 -1.1788 1.5524 1.5054 -1.7737 3.2097 -1.0129 -1.504 1.6314 -1.3366 -2.6929 1.9079 -0.39433 0.25099 0.14143 0.73519 -0.97641 -1.5239 1.1017 -0.30113 -3.193 1.1978 -0.25099 -0.14143 -0.73519 0.049274 -2.1394 -0.15882 1.4616 -3.2602 -0.14725
4 64 0 -1.6102 4.5633 0.23751 -1.2622 3.3541 0.097088 -0.69878 3.451 0.8974 0.40775 2.2498 0.93722 -0.72115 1.5026 1.6754 -1.8348 3.2853 -0.69962 -1.6286 1.7159 -1.1036 -2.6308 1.9501 0.044608 0.32326 0.11814 0.71066 -0.6357 -1.7081 1.1101 -0.7585 -3.4963 1.3051 -0.32326 -0.11814 -0.71066 0.3461 -2.0827 -0.38362 1.7998 -3.1116 -0.66438
4 65 0 -1.5137 4.5973 0.22973 -1.1781 3.3853 0.083389 -0.66243 3.4577 0.9178 0.42238 2.2399 1.0114 -0.73648 1.4946 1.7037 -1.7026 3.3412 -0.74742 -1.4709 1.7875 -1.1958 -2.5269 1.9632 -0.085941 0.29306 0.10106 0.72622 -0.70571 -1.7148 1.0718 -0.69299 -3.514 1.1889 -0.29306 -0.10106 -0.72622 0.30921 -2.0836 -0.3785 1.8762 -2.9005 -0.73661
4 66 0 -1.4385 4.621 0.18174 -1.1174 3.406 0.029147 -0.66644 3.4506 0.90209 0.36856 2.2034 1.1069 -0.86529 1.5025 1.7103 -1.577 3.3897 -0.84026 -1.2838 1.8626 -1.3411 -2.4278 1.9376 -0.30983 0.2582 0.099916 0.73949 -0.7655 -1.714 1.0153 -0.41257 -3.4821 1.0231 -0.2582 -0.099916 -0.73949 0.1293 -2.1333 -0.37977 1.8078 -2.6564 -0.77969
4 67 0 -1.4612 4.6065 0.10691 -1.1466 3.3914 -0.05422 -0.77207 3.4077 0.85506 0.19109 2.1356 1.2053 -1.1381 1.5116 1.676 -1.5301 3.4033 -0.95987 -1.1101 1.9255 -1.5153 -2.3569 1.827 -0.6134 0.21308 0.11783 0.75114 -0.8453 -1.6879 0.93456 -0.16905 -3.359 0.905 -0.21308 -0.11783 -0.75114 -0.20231 -2.1897 -0.40238 1.5453 -2.425 -0.77815
4 68 0 -1.5318 4.5779 0.068388 -1.197 3.3706 -0.10332 -0.89437 3.3651 0.8325 -0.036744 2.0685 1.3347 -1.4565 1.5509 1.6411 -1.5094 3.404 -1.0353 -0.89702 2.0141 -1.6368 -2.2288 1.6971 -0.92713 0.18009 0.12681 0.75828 -0.8263 -1.7118 0.90369 0.1058 -3.2525 0.81247 -0.18009 -0.12681 -0.75828 -0.61096 -2.1584 -0.4398 1.1662 -2.2826 -0.71732
4 70 12 -1.5419 4.5773 0.19716 -1.2066 3.371 0.01732 -0.90783 3.3495 0.95416 -0.16632 1.9943 1.4855 -1.6649 1.7555 1.7591 -1.5149 3.4203 -0.91534 -0.75723 2.1722 -1.648 -2.061 1.6218 -1.0356 0.26399 0.12406 0.73377 -0.21773 -1.9175 0.85394 0.88227 -3.3057 0.51677 -0.26399 -0.12406 -0.73377 -1.3248 -1.8629 -0.21848 0.29615 -2.5627 -0.58397
4 71 12 -1.5157 4.5942 0.060641 -1.177 3.381 -0.059604 -0.98014 3.3649 0.90391 -0.30656 1.9947 1.485 -1.8358 1.8386 1.606 -1.3833 3.4252 -1.0203 -0.53211 2.209 -1.7023 -1.8811 1.6164 -1.2476 0.21649 0.11759 0.7502 0.086104 -1.9794 0.75077 1.1991 -3.3685 0.46333 -0.21649 -0.11759 -0.7502 -1.3972 -1.7658 -0.19932 -0.027793 -2.9264 -0.36827
