0 47 276 -0.54331 4.7635 -0.26508 -0.32005 3.5677 0.025841 -0.69825 3.5975 0.93328 -1.6292 2.3766 0.37499 -1.4073 2.3876 -1.1509 0.054602 3.5674 -0.88355 1.2833 2.5328 -1.1811 2.4936 1.9703 -1.9534 0.33422 0.036753 0.71445 0.49729 -2.0552 0.60708 1.1354 -3.5337 -0.20396 -0.33422 -0.036753 -0.71446 -1.2067 -1.8055 0.0097802 -1.4345 -3.588 -0.13728
0 48 276 -0.5657 4.76 -0.28069 -0.34169 3.5654 0.016874 -0.73693 3.5973 0.91695 -1.5947 2.3734 0.25733 -1.1242 2.4153 -1.2105 0.049859 3.563 -0.88537 1.2375 2.4723 -1.1475 2.4158 1.8265 -1.9039 0.31312 0.038246 0.72387 0.48417 -2.0523 0.60342 1.1425 -3.5274 -0.19762 -0.31312 -0.038246 -0.72387 -1.2063 -1.8005 -0.0090977 -1.4354 -3.5843 -0.13784
0 49 276 -0.57868 4.7587 -0.29504 -0.35339 3.5641 0.0056218 -0.75214 3.6001 0.90399 -1.5489 2.3561 0.20657 -0.9454 2.444 -1.2097 0.041565 3.5577 -0.89512 1.1735 2.4176 -1.1911 2.2643 1.7108 -2.0207 0.30411 0.039884 0.72762 0.48663 -2.0486 0.58903 1.1505 -3.527 -0.2012 -0.30411 -0.039884 -0.72761 -1.2065 -1.7975 -0.012984 -1.4295 -3.5823 -0.13912
0 53 264 -0.55574 4.7734 -0.29809 -0.3487 3.565 -0.018223 -0.68961 3.6145 0.90302 -1.5761 2.3556 0.3571 -1.1564 2.5193 -1.1176 -0.012027 3.5449 -0.94213 0.94467 2.3635 -1.5403 1.6859 1.6894 -2.7124 0.27515 0.039004 0.7391 0.45839 -2.0533 0.68303 1.2082 -3.558 0.031562 -0.27515 -0.039004 -0.7391 -1.2133 -1.83 -0.16753 -1.3265 -3.6113 -0.42206
0 54 252 -0.49715 4.7814 -0.30976 -0.33464 3.5667 -0.022592 -0.77164 3.6211 0.85686 -1.659 2.3854 0.2615 -1.22 2.5334 -1.2093 0.098816 3.5416 -0.90512 1.1099 2.3878 -1.4665 1.9135 1.7701 -2.6285 0.18246 0.027053 0.76777 0.32833 -2.0685 0.80725 1.1773 -3.5755 0.29823 -0.18246 -0.027053 -0.76777 -1.1649 -1.8422 -0.37484 -1.2019 -3.6199 -0.6734
0 55 252 -0.51365 4.7869 -0.22597 -0.33029 3.5671 0.027482 -0.66038 3.6138 0.9528 -1.6605 2.4021 0.50521 -1.5384 2.5378 -1.0259 -0.0040808 3.5498 -0.90023 0.92249 2.4275 -1.6422 1.5383 1.8668 -2.9399 0.25126 0.021782 0.74826 0.3646 -2.074 0.84322 1.1764 -3.5935 0.31113 -0.25126 -0.021782 -0.74826 -1.1791 -1.8586 -0.32454 -1.1914 -3.6296 -0.66261
0 56 240 -0.47326 4.793 -0.25383 -0.31879 3.569 0.0014554 -0.73338 3.6092 0.89244 -1.7256 2.4135 0.38794 -1.6139 2.5576 -1.1432 0.092097 3.5581 -0.89209 1.0665 2.4616 -1.611 1.7379 1.9558 -2.9037 0.15959 0.017432 0.77313 0.22147 -2.0766 0.93247 1.0904 -3.611 0.55611 -0.15959 -0.017432 -0.77313 -1.1076 -1.8749 -0.51739 -1.0138 -3.6367 -0.88901
0 57 240 -0.4906 4.7976 -0.19661 -0.31339 3.5698 0.026539 -0.61507 3.6067 0.96195 -1.6778 2.4181 0.60621 -1.8896 2.5844 -0.91206 -0.015638 3.5623 -0.91082 0.84463 2.495 -1.7994 1.2667 2.0432 -3.212 0.22121 0.018648 0.75777 0.25845 -2.0727 0.9556 1.0933 -3.6217 0.56243 -0.22121 -0.018648 -0.75777 -1.127 -1.8932 -0.47529 -1.0077 -3.6463 -0.87979
0 58 228 -0.47647 4.7997 -0.22547 -0.31763 3.5697 -0.0035212 -0.70699 3.5876 0.8995 -1.7428 2.3944 0.48495 -1.9411 2.5919 -1.0314 0.067874 3.5812 -0.90829 0.98576 2.5357 -1.7645 1.4425 2.1331 -3.1812 0.11815 0.01784 0.78053 0.073957 -2.0691 1.0194 0.93964 -3.635 0.79718 -0.11815 -0.017841 -0.78053 -1.0251 -1.9091 -0.65882 -0.80273 -3.6542 -1.0537
0 59 228 -0.49473 4.8023 -0.17189 -0.31711 3.5698 0.021091 -0.60624 3.5797 0.96113 -1.6788 2.3743 0.70581 -2.1628 2.6023 -0.74038 -0.03213 3.5894 -0.92006 0.74695 2.5604 -1.9215 0.93044 2.2051 -3.4107 0.17271 0.0188 0.77027 0.11066 -2.0644 1.0359 0.94265 -3.6477 0.80788 -0.17271 -0.0188 -0.77027 -1.0404 -1.9262 -0.61747 -0.79103 -3.6618 -1.0375
0 60 216 -0.47124 4.8055 -0.21679 -0.31753 3.5701 -0.01825 -0.70524 3.5763 0.88563 -1.7407 2.3517 0.57445 -2.1889 2.6001 -0.87989 0.06625 3.5934 -0.92353 0.90675 2.5778 -1.8883 1.1293 2.2649 -3.3817 0.062127 0.018466 0.78695 -0.078891 -2.061 1.0516 0.753 -3.6599 0.99965 -0.062126 -0.018466 -0.78695 -0.90531 -1.9429 -0.77818 -0.54992 -3.6679 -1.1638
0 61 216 -0.49389 4.8071 -0.16002 -0.3183 3.5705 0.011643 -0.61029 3.5694 0.95084 -1.6596 2.3256 0.80683 -2.3658 2.5742 -0.54119 -0.030472 3.6011 -0.92835 0.6606 2.5919 -2.0113 0.61513 2.3066 -3.526 0.1156 0.017275 0.78092 -0.049509 -2.0578 1.066 0.75886 -3.6685 1.0124 -0.1156 -0.017275 -0.78092 -0.91668 -1.9589 -0.73119 -0.54141 -3.6738 -1.1426
0 78 144 -0.38379 4.8309 -0.21995 -0.2577 3.5728 -0.19149 -0.66514 3.5224 0.70228 -0.76935 1.8944 0.78711 -2.0324 1.0615 0.48906 0.14502 3.6525 -1.0853 -0.041892 2.0694 -1.4427 -1.007 1.0691 -2.1101 -0.36243 0.02486 0.70109 -0.91952 -1.9891 0.4825 -0.54128 -3.7055 0.88478 0.36243 -0.02486 -0.70109 0.02789 -2.084 -0.95089 0.80012 -3.6836 -0.64144
0 79 144 -0.38415 4.8313 -0.21238 -0.26195 3.5728 -0.1851 -0.66491 3.5226 0.71071 -0.64585 1.8923 0.81322 -1.7888 0.87417 0.62713 0.13641 3.6525 -1.0808 0.010746 2.0468 -1.3543 -0.87277 0.95165 -1.985 -0.36746 0.02249 0.69855 -0.91946 -1.993 0.48072 -0.5185 -3.7081 0.86609 0.36746 -0.02249 -0.69855 0.048297 -2.0823 -0.96249 0.83046 -3.678 -0.65807
0 109 156 -0.33637 4.8352 -0.018409 -0.29255 3.5743 -0.017404 -0.73046 3.5035 0.86042 -1.1327 1.9215 0.79313 -2.2606 1.1342 0.096236 0.14147 3.6746 -0.89429 -0.12595 2.1804 -1.498 -1.3341 1.3225 -1.9246 -0.34882 -0.016188 0.70821 -0.75117 -2.0693 0.51546 -0.20878 -3.7507 0.87526 0.34882 0.016188 -0.70821 0.056609 -2.0449 -0.99267 0.68771 -3.7299 -0.87767
0 110 156 -0.30742 4.8377 -0.030184 -0.2614 3.5758 -0.028103 -0.69826 3.5081 0.8505 -0.9041 1.8878 0.88594 -1.9917 0.9185 0.38071 0.17192 3.673 -0.90567 0.11363 2.1165 -1.3981 -0.91028 1.11 -1.9604 -0.36019 -0.012898 0.70257 -0.71518 -2.0752 0.51499 -0.16972 -3.753 0.88693 0.36019 0.012897 -0.70257 0.082739 -2.0503 -0.98631 0.71987 -3.7328 -0.8677
3 46 264 -0.35705 4.8148 -0.073113 -0.4627 3.5592 -0.019618 -0.74797 3.5524 0.92163 -0.46854 1.9883 1.3013 -1.1357 0.59814 1.2955 -0.17742 3.5957 -0.96017 0.21879 2.0241 -1.1646 -0.3023 0.62323 -1.5436 -0.20548 -0.024152 0.76203 -1.0044 -1.9538 0.53331 0.36544 -3.088 0.82979 0.20548 0.024153 -0.76203 0.43847 -2.0351 -0.41638 0.82289 -3.7681 -0.10061
3 47 264 -0.34311 4.816 -0.043105 -0.43138 3.5593 0.020258 -0.70246 3.5526 0.96569 -0.2884 2.0309 1.3921 -0.72752 0.55762 1.5113 -0.16046 3.5957 -0.92454 0.033701 2.0008 -1.2198 -0.99692 0.91587 -1.592 -0.21977 -0.037192 0.75751 -1.4158 -1.7426 0.48293 0.18894 -2.4935 0.81762 0.21977 0.037192 -0.75751 0.56582 -2.0046 -0.40335 0.85128 -3.7538 -0.071944
3 48 252 -0.26016 4.8211 -0.10825 -0.36302 3.5645 -0.063833 -0.80628 3.5595 0.81416 -0.35229 2.1087 1.4124 -0.64275 0.60127 1.5569 0.080107 3.5992 -0.94121 0.13699 2.0097 -1.3141 -1.1843 1.5192 -1.9397 -0.39667 -0.031665 0.68202 -1.7674 -1.5075 0.084268 -0.12807 -1.8535 0.75032 0.39667 0.031664 -0.68202 0.66908 -2.0062 -0.2492 0.89734 -3.7498 0.14887
3 57 252 -0.059974 4.8212 -0.010896 -0.2725 3.5781 0.010025 -0.65494 3.5881 0.91612 0.010276 2.3116 1.6887 0.014961 0.80383 2.0116 0.11236 3.5977 -0.89488 -0.40148 2.2725 -1.7002 -1.8195 2.6942 -2.135 -0.40684 -0.05314 0.67465 -1.1547 -1.8351 -0.14969 -0.76085 -3.594 -0.19647 0.40684 0.053141 -0.67465 1.0637 -1.8416 -0.047808 1.709 -3.4184 0.54221
3 82 84 -0.50414 4.8023 -0.086526 -0.21126 3.5739 -0.10485 -0.27041 3.561 -1.0865 -1.3498 2.424 -1.5456 -1.2846 1.009 -2.1549 -0.15665 3.6163 0.87626 0.65943 2.3955 1.592 2.0239 3.1025 1.4657 0.096325 -0.026285 -0.78328 1.9761 -0.89013 -0.4163 0.3553 -1.6697 -0.54424 -0.096325 0.026285 0.78328 -0.4851 -2.0245 0.54323 -0.82197 -3.7803 0.31009
4 55 288 -0.66487 4.6351 -1.2468 -0.50708 3.4029 -1.0077 -1.0079 3.547 -0.17356 -0.92485 2.2533 0.82053 -2.1566 1.7516 0.040237 -0.010658 3.2873 -1.8488 1.0095 2.0352 -1.6038 -0.24353 1.458 -2.2926 -0.33475 0.17043 0.69455 -0.20789 -1.8765 1.151 0.9915 -3.0138 1.8713 0.33475 -0.17043 -0.69455 -0.77592 -1.9534 -0.65432 -0.44844 -3.515 0.1854
5 0 132 -0.75812 4.7626 -0.53349 -0.54375 3.523 -0.38784 -1.1006 3.5382 0.42273 -1.1135 2.0189 1.0229 -2.0228 0.78069 1.1567 0.0074907 3.5368 -1.2023 0.42021 1.9572 -1.26 0.16086 0.53298 -1.791 -0.41779 -0.0039864 0.67002 -0.23267 -2.0927 0.53836 0.75472 -3.5126 1.0482 0.41779 0.0039859 -0.67002 -0.68553 -1.7042 -1.1983 -0.63639 -3.4933 -0.9797
5 1 132 -0.73893 4.7613 -0.55205 -0.54034 3.5213 -0.38793 -1.086 3.5576 0.42954 -1.0466 2.0483 1.0533 -1.9251 0.79833 1.2618 0.00014046 3.514 -1.2096 0.37903 1.9267 -1.2837 0.1232 0.4977 -1.8036 -0.41826 -0.010726 0.66966 -0.18881 -2.0959 0.55259 0.83776 -3.4652 1.1202 0.41826 0.010726 -0.66966 -0.6494 -1.7166 -1.2089 -0.55867 -3.4962 -0.93361
5 2 132 -0.68643 4.7658 -0.56913 -0.50971 3.5245 -0.39091 -1.0518 3.5803 0.42783 -0.95609 2.0839 1.0762 -1.781 0.81309 1.3631 0.027719 3.4977 -1.2142 0.36403 1.9018 -1.3072 0.10473 0.471 -1.8203 -0.42071 -0.010542 0.66813 -0.15765 -2.093 0.57526 0.90159 -3.4162 1.1901 0.42071 0.010542 -0.66813 -0.60564 -1.7448 -1.1969 -0.45543 -3.5116 -0.86999
5 3 132 -0.64182 4.7701 -0.5631 -0.48725 3.5268 -0.37856 -1.0197 3.6 0.44516 -0.88676 2.114 1.1105 -1.6397 0.8158 1.4648 0.04103 3.4827 -1.207 0.33071 1.8787 -1.3173 0.042996 0.45405 -1.8322 -0.41344 -0.012904 0.67261 -0.17352 -2.0989 0.59825 0.92279 -3.3751 1.2466 0.41344 0.012905 -0.67261 -0.55541 -1.7893 -1.1498 -0.33652 -3.5414 -0.78496
5 4 132 -0.61653 4.772 -0.55772 -0.47956 3.5268 -0.372 -0.99476 3.6122 0.46145 -0.83999 2.133 1.1374 -1.5314 0.81523 1.5412 0.031865 3.4706 -1.2102 0.28014 1.8607 -1.335 -0.069957 0.4527 -1.8571 -0.40039 -0.01341 0.68045 -0.25039 -2.1079 0.61029 0.89262 -3.3287 1.2841 0.40039 0.01341 -0.68045 -0.51517 -1.8264 -1.1176 -0.22753 -3.5588 -0.70899
5 5 132 -0.61999 4.7717 -0.54892 -0.48215 3.526 -0.36804 -0.97206 3.6159 0.48006 -0.79586 2.1436 1.1658 -1.4641 0.82036 1.5902 0.0039365 3.4653 -1.2209 0.22422 1.8523 -1.357 -0.21354 0.471 -1.8843 -0.38061 -0.011402 0.69174 -0.34756 -2.1114 0.63484 0.84778 -3.2679 1.3309 0.38061 0.011402 -0.69174 -0.52074 -1.8453 -1.0847 -0.13459 -3.5483 -0.6358
5 6 132 -0.63923 4.772 -0.53009 -0.48775 3.5264 -0.36024 -0.94395 3.6161 0.50647 -0.7538 2.1451 1.1913 -1.4231 0.82407 1.6208 -0.035695 3.4659 -1.2316 0.1616 1.8519 -1.3889 -0.37769 0.50267 -1.9051 -0.35878 -0.0099072 0.70333 -0.53733 -2.1001 0.58742 0.73612 -3.1529 1.3092 0.35878 0.0099072 -0.70333 -0.48783 -1.8856 -1.0267 -0.035498 -3.5656 -0.55341
5 7 132 -0.64738 4.7746 -0.52413 -0.47991 3.5296 -0.36503 -0.90484 3.6142 0.51794 -0.68299 2.1422 1.1908 -1.3806 0.83333 1.6125 -0.059464 3.4742 -1.2524 0.096934 1.8597 -1.4467 -0.52813 0.54057 -1.9435 -0.34666 -0.0027404 0.70945 -0.73438 -2.0609 0.54222 0.58529 -3.0638 1.2518 0.34666 0.0027404 -0.70945 -0.45622 -1.9213 -0.97001 0.058921 -3.5771 -0.47629
5 8 132 -0.64286 4.7794 -0.50981 -0.46226 3.5345 -0.36488 -0.86356 3.6114 0.52977 -0.61468 2.1338 1.1804 -1.3386 0.83649 1.5934 -0.06574 3.4867 -1.2637 0.025897 1.8738 -1.5067 -0.6633 0.58017 -1.9854 -0.34432 0.0026531 0.71059 -0.93614 -2 0.47949 0.36488 -3.0469 1.1594 0.34432 -0.0026536 -0.71059 -0.41531 -1.9511 -0.91295 0.16181 -3.5793 -0.39649
5 9 132 -0.64995 4.7808 -0.49705 -0.45721 3.536 -0.36789 -0.84319 3.6027 0.53429 -0.56911 2.1182 1.1587 -1.3124 0.82945 1.5641 -0.076271 3.4984 -1.2739 -0.055478 1.8912 -1.566 -0.79835 0.62503 -2.0377 -0.34555 0.0060086 0.70997 -1.1231 -1.9212 0.40087 0.097635 -3.0846 1.0391 0.34555 -0.0060081 -0.70997 -0.37407 -1.9738 -0.86517 0.26403 -3.5699 -0.32095
5 38 180 -0.65518 4.7852 -0.45001 -0.43634 3.5438 -0.32986 -0.89751 3.5897 0.53765 -1.1047 2.0909 1.1536 -2.3305 1.1557 1.1706 0.020008 3.527 -1.201 0.39073 1.9386 -1.2913 0.114 0.49425 -1.755 -0.32407 0.017106 0.71985 -0.11254 -2.0718 0.79844 0.99672 -3.4108 1.2754 0.32407 -0.017106 -0.71985 -0.74813 -1.7534 -1.2199 -0.72918 -3.5197 -0.85862
5 39 180 -0.5784 4.7899 -0.49904 -0.38714 3.5467 -0.35233 -0.87151 3.6144 0.50099 -0.9915 2.109 1.124 -2.128 1.07 1.2051 0.093145 3.5083 -1.2098 0.44059 1.9141 -1.2902 0.14524 0.47506 -1.759 -0.35114 0.01792 0.70702 -0.091215 -2.0627 0.84058 1.0743 -3.3275 1.3816 0.35114 -0.01792 -0.70702 -0.68441 -1.7702 -1.2279 -0.61224 -3.5174 -0.78856
5 40 180 -0.53508 4.7927 -0.50593 -0.37119 3.5464 -0.35212 -0.87722 3.6259 0.48751 -0.92714 2.1195 1.1175 -1.9383 0.96769 1.2868 0.13134 3.4962 -1.1961 0.45664 1.8972 -1.2728 0.10952 0.47558 -1.7589 -0.36529 0.012809 0.69993 -0.1385 -2.0669 0.89351 1.0922 -3.2398 1.4941 0.36529 -0.01281 -0.69993 -0.64017 -1.7996 -1.159 -0.49141 -3.5337 -0.68812
5 41 180 -0.52435 4.7923 -0.49889 -0.37891 3.5448 -0.33639 -0.9054 3.6324 0.48975 -0.90672 2.1271 1.1246 -1.7757 0.88105 1.3887 0.1445 3.4866 -1.1671 0.45401 1.8848 -1.2515 0.033663 0.49372 -1.767 -0.37111 0.0028372 0.69697 -0.27755 -2.0856 0.90709 1.0274 -3.1396 1.5681 0.37111 -0.0028372 -0.69697 -0.59296 -1.8265 -1.0961 -0.37948 -3.5445 -0.59233
5 42 180 -0.52911 4.7895 -0.50814 -0.38547 3.5428 -0.33786 -0.92542 3.6335 0.47921 -0.89284 2.129 1.115 -1.6233 0.82045 1.4782 0.15152 3.4815 -1.1596 0.44829 1.878 -1.257 -0.040362 0.52492 -1.812 -0.37475 -0.00047588 0.69502 -0.46804 -2.0923 0.86763 0.87906 -3.0492 1.5892 0.37475 0.00047588 -0.69502 -0.54473 -1.8537 -1.0571 -0.27082 -3.5485 -0.50623
5 43 180 -0.55148 4.7862 -0.52094 -0.38659 3.5425 -0.35005 -0.93091 3.6295 0.4645 -0.86827 2.1249 1.0978 -1.4828 0.78317 1.5446 0.1546 3.4847 -1.1693 0.44122 1.8803 -1.2815 -0.10425 0.56863 -1.8811 -0.38631 0.00046158 0.68867 -0.68733 -2.0766 0.78713 0.64897 -3.0024 1.5668 0.38631 -0.00046206 -0.68867 -0.48679 -1.8841 -1.0113 -0.16656 -3.5554 -0.41545
5 44 180 -0.5455 4.7877 -0.54201 -0.38061 3.5443 -0.36733 -0.94462 3.6195 0.4349 -0.84132 2.1178 1.0697 -1.3955 0.76448 1.5585 0.18002 3.4982 -1.1741 0.44536 1.8919 -1.3084 -0.14679 0.6208 -1.9498 -0.41164 0.0050907 0.67382 -0.90503 -2.0372 0.66968 0.35651 -3.0134 1.5102 0.41164 -0.0050907 -0.67382 -0.42052 -1.9116 -0.96853 -0.067219 -3.5605 -0.33033
5 46 192 -0.64212 4.7872 -0.4369 -0.42734 3.5448 -0.32011 -0.83937 3.6027 0.57109 -0.55057 2.1114 1.1721 -1.0159 0.75051 1.7282 -0.019643 3.5162 -1.2147 0.17134 1.9089 -1.4356 -0.6374 0.72387 -2.0006 -0.32705 0.0085392 0.71865 -1.136 -1.9255 0.57933 -0.078118 -3.1842 1.3191 0.32705 -0.0085387 -0.71865 -0.44978 -1.9584 -0.81275 0.10334 -3.553 -0.17851
5 47 192 -0.62664 4.7873 -0.46059 -0.41353 3.5447 -0.34306 -0.85432 3.5962 0.53467 -0.54743 2.1085 1.1358 -1.056 0.7484 1.6547 0.022911 3.5225 -1.2242 0.19883 1.9155 -1.4595 -0.64397 0.76979 -2.055 -0.36059 0.011111 0.70239 -1.2439 -1.8704 0.39601 -0.49969 -3.3073 1.1913 0.36059 -0.01111 -0.70239 -0.36241 -1.9818 -0.79098 0.22623 -3.5412 -0.10342
5 48 192 -0.61678 4.7864 -0.48275 -0.39886 3.545 -0.36177 -0.87132 3.5899 0.49969 -0.5579 2.1039 1.1014 -1.109 0.74752 1.5854 0.069205 3.5293 -1.2267 0.22626 1.9229 -1.4787 -0.63242 0.80656 -2.1064 -0.39822 0.011895 0.68174 -1.3023 -1.8262 0.21449 -0.92564 -3.4089 0.9916 0.39822 -0.011895 -0.68174 -0.26626 -2.0037 -0.75675 0.35488 -3.529 -0.022876
5 49 204 -0.69749 4.7857 -0.35052 -0.44878 3.5461 -0.28073 -0.76473 3.5812 0.65002 -0.35284 2.094 1.1861 -0.82976 0.73793 1.7441 -0.13801 3.5404 -1.2139 -0.045834 1.934 -1.4964 -1.0186 0.83111 -1.9601 -0.2883 0.0079546 0.73506 -1.2783 -1.8012 0.33348 -1.095 -3.4801 0.96473 0.2883 -0.0079546 -0.73506 -0.30206 -2.023 -0.66315 0.48504 -3.5171 -0.031263
5 78 288 -0.67302 4.7858 -0.34584 -0.41609 3.5505 -0.26963 -0.85236 3.5997 0.61049 -1.0755 2.1042 1.2287 -2.2681 1.1342 1.1078 0.015647 3.5306 -1.1531 0.3293 1.9332 -1.2892 0.0085221 0.48289 -1.7032 -0.25726 0.015734 0.74637 -0.046987 -2.0742 0.69887 1.0902 -3.4586 0.90182 0.25726 -0.015735 -0.74637 -0.79771 -1.8132 -1.012 -0.47415 -3.4908 -0.43589
5 79 288 -0.626 4.7889 -0.382 -0.39191 3.5508 -0.27987 -0.85344 3.6191 0.58598 -1.0011 2.1231 1.2255 -2.0915 1.0356 1.149 0.065641 3.5118 -1.1496 0.34123 1.9063 -1.2725 -0.03343 0.46877 -1.6857 -0.28281 0.010927 0.73716 -0.092487 -2.0815 0.73802 1.1368 -3.376 0.99086 0.28281 -0.010927 -0.73716 -0.71142 -1.845 -0.98585 -0.36612 -3.5091 -0.3838
5 80 288 -0.58999 4.7908 -0.41521 -0.37757 3.5494 -0.30041 -0.85455 3.6249 0.55641 -0.92998 2.1305 1.2119 -1.9104 0.94035 1.2202 0.095691 3.5031 -1.1614 0.33463 1.8915 -1.2809 -0.10919 0.47481 -1.6976 -0.30606 0.0095267 0.72783 -0.20304 -2.0886 0.76874 1.1241 -3.2679 1.0832 0.30606 -0.0095263 -0.72783 -0.62475 -1.8797 -0.95222 -0.25653 -3.5313 -0.32961
5 81 288 -0.58078 4.7885 -0.44851 -0.38187 3.546 -0.31916 -0.87622 3.6292 0.52705 -0.88605 2.1384 1.195 -1.748 0.86461 1.3057 0.10895 3.492 -1.1698 0.31726 1.8765 -1.294 -0.20658 0.49149 -1.7241 -0.32735 0.0066929 0.71854 -0.38657 -2.0931 0.76012 1.0216 -3.1457 1.1598 0.32735 -0.0066929 -0.71854 -0.54624 -1.9072 -0.91652 -0.15678 -3.5476 -0.27754
5 82 288 -0.5771 4.7864 -0.48231 -0.38166 3.5442 -0.34142 -0.88923 3.6275 0.49691 -0.83902 2.1401 1.1705 -1.5868 0.81067 1.3969 0.12233 3.4902 -1.1843 0.30204 1.8723 -1.3218 -0.29743 0.52675 -1.7775 -0.34888 0.0069556 0.70833 -0.61171 -2.0775 0.69922 0.82552 -3.0434 1.2016 0.34888 -0.0069551 -0.70833 -0.48825 -1.9247 -0.89792 -0.066113 -3.5461 -0.23183
5 83 288 -0.56864 4.7847 -0.52347 -0.37049 3.5437 -0.37351 -0.88954 3.6232 0.45812 -0.79222 2.1383 1.1321 -1.4365 0.77866 1.4696 0.14482 3.4933 -1.2097 0.29461 1.874 -1.3648 -0.36469 0.56745 -1.8505 -0.37254 0.01264 0.6961 -0.82911 -2.0356 0.5938 0.55924 -3.0104 1.2048 0.37254 -0.01264 -0.6961 -0.43465 -1.9443 -0.8734 0.030177 -3.5435 -0.18255
5 84 288 -0.55149 4.7842 -0.55519 -0.34854 3.5444 -0.40143 -0.88068 3.6199 0.42227 -0.74582 2.1368 1.0938 -1.3101 0.76492 1.5148 0.17983 3.4981 -1.2297 0.27924 1.8791 -1.4234 -0.42218 0.60866 -1.9447 -0.40059 0.01784 0.68023 -1.0206 -1.9762 0.44888 0.24297 -3.0442 1.1657 0.40059 -0.01784 -0.68023 -0.37582 -1.9638 -0.83691 0.1334 -3.5418 -0.12871
5 85 288 -0.53346 4.7846 -0.57186 -0.32886 3.545 -0.41874 -0.8736 3.614 0.39726 -0.71202 2.1344 1.0706 -1.2346 0.75959 1.5337 0.21206 3.5051 -1.2392 0.25674 1.8901 -1.481 -0.48181 0.65446 -2.0336 -0.42903 0.020024 0.66259 -1.1662 -1.9116 0.28914 -0.098471 -3.1259 1.0868 0.42903 -0.020024 -0.66259 -0.30735 -1.9832 -0.7969 0.237 -3.5402 -0.068607
5 87 300 -0.63083 4.7806 -0.50172 -0.39082 3.5423 -0.39392 -0.78692 3.5972 0.50467 -0.45712 2.1291 1.1408 -0.89664 0.75305 1.6803 0.00044049 3.5167 -1.2959 -0.072365 1.9121 -1.5937 -0.98021 0.74218 -2.0235 -0.34357 0.026617 0.71046 -1.2858 -1.7969 0.2617 -0.59433 -3.3346 0.90042 0.34357 -0.026618 -0.71046 -0.31388 -2.0219 -0.68167 0.44368 -3.5229 -0.030497
5 88 300 -0.62683 4.7794 -0.52134 -0.38309 3.5417 -0.41335 -0.79569 3.5882 0.47825 -0.46501 2.1226 1.1196 -0.94219 0.7476 1.6289 0.024508 3.5244 -1.3083 -0.063402 1.9241 -1.6245 -0.99195 0.77861 -2.0754 -0.37012 0.0288 0.69691 -1.3343 -1.7563 0.15074 -0.926 -3.4164 0.72365 0.37012 -0.028801 -0.69691 -0.21731 -2.0454 -0.64525 0.56323 -3.5227 0.032444
5 89 300 -0.62805 4.778 -0.53305 -0.38142 3.541 -0.42353 -0.81502 3.5822 0.45832 -0.49564 2.1163 1.1046 -1.0132 0.74421 1.5814 0.047057 3.5289 -1.3088 -0.039038 1.9308 -1.6367 -0.97854 0.80321 -2.1095 -0.38938 0.028259 0.68636 -1.3709 -1.7231 0.067019 -1.2153 -3.4667 0.49885 0.38938 -0.02826 -0.68636 -0.11385 -2.0662 -0.59715 0.67822 -3.5259 0.10482
6 27 312 -0.72133 4.7601 -0.53156 -0.58231 3.5087 -0.4099 -1.2311 3.486 0.32899 -1.2099 1.947 0.87649 -1.8986 0.57633 1.0338 0.061379 3.5607 -1.1517 0.41688 1.9704 -1.2666 0.15554 0.6007 -1.9249 -0.46769 -0.0070906 0.63617 -0.061376 -2.0492 0.91756 0.99551 -3.2778 1.7078 0.46769 0.0070906 -0.63617 -0.40359 -1.8434 -1.1166 -0.32387 -3.6327 -0.90915
6 28 312 -0.76548 4.7576 -0.49554 -0.60062 3.5072 -0.39496 -1.2177 3.4688 0.36999 -1.1843 1.9326 0.92478 -1.8646 0.56439 1.1318 0.010907 3.5748 -1.1623 0.35479 1.9864 -1.3282 -0.013066 0.66087 -2.0249 -0.45275 -0.0058818 0.6469 -0.24309 -2.0879 0.8356 0.90775 -3.1753 1.6981 0.45275 0.0058813 -0.6469 -0.38125 -1.8762 -1.0668 -0.23266 -3.6547 -0.80982
6 49 348 -0.72341 4.7856 -0.083276 -0.55055 3.5334 -0.12707 -0.67595 3.4467 0.84458 -0.32934 1.9105 1.279 -0.80697 0.55186 1.8301 -0.43047 3.6494 -1.0963 -0.12487 2.1054 -1.5341 -0.47013 0.66978 -1.9783 -0.17225 0.022165 0.77028 -0.90703 -1.9263 0.49146 -0.7327 -3.7209 0.4956 0.17225 -0.022166 -0.77028 0.22147 -2.1191 -0.89237 1.7144 -3.0519 -0.50269
6 50 348 -0.73735 4.7861 -0.10719 -0.55351 3.5352 -0.13062 -0.72507 3.453 0.83435 -0.46892 1.9109 1.3088 -1.0329 0.57607 1.836 -0.38766 3.6467 -1.0937 -0.042415 2.1069 -1.5162 -0.40765 0.67502 -1.9568 -0.1829 0.018054 0.76793 -0.86279 -1.9481 0.47432 -0.58889 -3.7302 0.48717 0.1829 -0.018055 -0.76793 0.035363 -2.1067 -0.94125 1.525 -3.0256 -0.50815
6 51 348 -0.73599 4.7887 -0.12141 -0.54775 3.5383 -0.12671 -0.76626 3.4598 0.82904 -0.62262 1.9132 1.3352 -1.2723 0.60451 1.828 -0.33505 3.6459 -1.0809 0.035436 2.1051 -1.4775 -0.36385 0.68729 -1.9337 -0.18451 0.014326 0.76763 -0.81861 -1.9651 0.46118 -0.43779 -3.7273 0.4843 0.18451 -0.014326 -0.76763 -0.16276 -2.0762 -0.97371 1.2716 -3.0792 -0.5406
6 52 348 -0.72662 4.791 -0.13347 -0.53965 3.5403 -0.12377 -0.79896 3.4677 0.8222 -0.78262 1.9197 1.3439 -1.5274 0.64757 1.7962 -0.28608 3.642 -1.0686 0.094454 2.0958 -1.4334 -0.33816 0.69636 -1.9152 -0.18101 0.013187 0.76848 -0.77513 -1.9773 0.45308 -0.27951 -3.7105 0.48784 0.18101 -0.013186 -0.76848 -0.35829 -2.0326 -0.98192 0.96888 -3.1844 -0.57836
6 53 348 -0.71582 4.7923 -0.14834 -0.53254 3.5411 -0.12748 -0.81929 3.4751 0.81103 -0.92513 1.9309 1.3335 -1.7803 0.71275 1.7366 -0.25144 3.6362 -1.0652 0.12882 2.0826 -1.3974 -0.33858 0.70199 -1.9005 -0.18251 0.013868 0.76811 -0.71754 -1.9922 0.44576 -0.12307 -3.6937 0.49486 0.18251 -0.013868 -0.76811 -0.53372 -1.9784 -0.97276 0.63181 -3.3081 -0.62022
6 54 348 -0.69639 4.7947 -0.16494 -0.51874 3.5427 -0.13716 -0.82263 3.4826 0.79633 -1.0367 1.9471 1.3115 -2.0116 0.80013 1.6456 -0.22037 3.632 -1.0701 0.15715 2.0725 -1.3767 -0.35135 0.70974 -1.8886 -0.18682 0.016516 0.76702 -0.63063 -2.0125 0.4499 0.039991 -3.6853 0.50357 0.18682 -0.016516 -0.76702 -0.67662 -1.9228 -0.95411 0.27583 -3.4257 -0.66301
6 63 324 -0.38814 4.806 -0.47463 -0.29948 3.5483 -0.3648 -0.87267 3.5565 0.43442 -1.3752 2.0366 0.76033 -2.5323 1.3549 0.0026409 0.2702 3.5697 -1.1663 0.61683 1.9814 -1.3267 0.3111 0.59372 -1.9256 -0.36826 0.049093 0.69676 0.31297 -1.9296 0.88335 1.1681 -3.489 1.1801 0.36826 -0.049093 -0.69676 -0.68093 -1.8285 -1.0805 -0.9708 -3.608 -1.0945
6 64 324 -0.40522 4.8031 -0.46393 -0.33236 3.5458 -0.34067 -0.88926 3.5712 0.46963 -1.3093 2.0375 0.84404 -2.436 1.2294 0.1694 0.22136 3.55 -1.1535 0.55703 1.9589 -1.31 0.27788 0.5553 -1.8842 -0.35875 0.031991 0.70269 0.31809 -1.9476 0.89662 1.2652 -3.4373 1.2634 0.35875 -0.031991 -0.70269 -0.68245 -1.8154 -1.0896 -0.85574 -3.6087 -1.0204
6 65 324 -0.39841 4.799 -0.4874 -0.34407 3.5429 -0.34487 -0.89477 3.5872 0.46884 -1.2114 2.0422 0.89487 -2.2931 1.0845 0.35605 0.20384 3.5281 -1.1615 0.52497 1.9342 -1.3201 0.2585 0.52101 -1.8764 -0.35867 0.026989 0.70294 0.28826 -1.9627 0.89522 1.3182 -3.3736 1.3419 0.35867 -0.026988 -0.70294 -0.66168 -1.8227 -1.0885 -0.74453 -3.6182 -0.94682
6 66 324 -0.41499 4.795 -0.48112 -0.37175 3.5394 -0.33034 -0.91267 3.5985 0.48897 -1.1346 2.0488 0.95606 -2.1431 0.93787 0.60056 0.16665 3.5098 -1.1529 0.4672 1.9126 -1.3183 0.1824 0.50113 -1.8698 -0.34691 0.017378 0.70912 0.19417 -2.0062 0.87253 1.3213 -3.3114 1.3986 0.34691 -0.017378 -0.70912 -0.62612 -1.849 -1.0445 -0.61898 -3.6417 -0.85192
6 67 324 -0.43587 4.7937 -0.45066 -0.39514 3.5389 -0.29076 -0.91673 3.6082 0.54021 -1.0612 2.0583 1.0357 -1.9759 0.825 0.89449 0.12409 3.4991 -1.1251 0.40578 1.8994 -1.2991 0.071897 0.50075 -1.8558 -0.32854 0.0025463 0.71802 0.039032 -2.0625 0.84029 1.2868 -3.2246 1.4264 0.32854 -0.0025463 -0.71802 -0.57141 -1.8793 -1.0045 -0.49068 -3.6637 -0.75881
6 68 324 -0.47693 4.7886 -0.43868 -0.42921 3.535 -0.27223 -0.92551 3.6097 0.57363 -1.0039 2.0629 1.0934 -1.8129 0.75263 1.1728 0.064578 3.4897 -1.1216 0.32735 1.888 -1.3064 -0.072379 0.51103 -1.8737 -0.31015 -0.0058322 0.72613 -0.15664 -2.1003 0.78988 1.1958 -3.1212 1.4061 0.31015 0.0058322 -0.72613 -0.5287 -1.9054 -0.96676 -0.3725 -3.6777 -0.67469
6 69 324 -0.5183 4.786 -0.42887 -0.45513 3.5327 -0.26432 -0.92394 3.6067 0.59713 -0.94243 2.0668 1.1423 -1.6446 0.72072 1.4119 0.010866 3.4881 -1.1293 0.2459 1.8854 -1.3407 -0.23917 0.53668 -1.9094 -0.29664 -0.0086217 0.73173 -0.36696 -2.1085 0.7265 1.0352 -3.0625 1.3387 0.29664 0.0086222 -0.73173 -0.49257 -1.9289 -0.9256 -0.262 -3.6855 -0.59114
6 70 324 -0.54422 4.7875 -0.428 -0.45876 3.5341 -0.27303 -0.89794 3.6013 0.60445 -0.85925 2.0713 1.1757 -1.4768 0.71819 1.5825 -0.022791 3.4963 -1.1539 0.16411 1.8936 -1.409 -0.40293 0.57423 -1.9707 -0.29209 -0.0038543 0.7336 -0.57971 -2.0833 0.64706 0.80205 -3.0782 1.2402 0.29209 0.0038538 -0.7336 -0.4539 -1.954 -0.89051 -0.15189 -3.6907 -0.51177
6 71 324 -0.55246 4.7915 -0.42194 -0.44851 3.5376 -0.28198 -0.86263 3.5933 0.6084 -0.76979 2.0749 1.2041 -1.3482 0.72824 1.6831 -0.037923 3.5113 -1.1753 0.078443 1.9107 -1.4809 -0.55715 0.6205 -2.0368 -0.29767 0.0014014 0.73136 -0.76887 -2.0394 0.56646 0.5292 -3.1573 1.1289 0.29767 -0.0014009 -0.73136 -0.41764 -1.9733 -0.85063 -0.042003 -3.6854 -0.42806
6 72 324 -0.55938 4.7935 -0.41632 -0.44026 3.5391 -0.29389 -0.83772 3.5817 0.60476 -0.70245 2.0743 1.2197 -1.2751 0.73506 1.7259 -0.046658 3.5259 -1.1951 -0.0017913 1.9325 -1.5529 -0.71276 0.68085 -2.1056 -0.30835 0.0065432 0.7269 -0.94083 -1.981 0.47409 0.20906 -3.2698 0.99146 0.30835 -0.0065432 -0.7269 -0.38142 -1.9892 -0.81404 0.067496 -3.6722 -0.34835
6 73 324 -0.56865 4.7956 -0.40025 -0.43403 3.5408 -0.29753 -0.81628 3.5719 0.60816 -0.64362 2.071 1.2296 -1.2281 0.73776 1.738 -0.055883 3.539 -1.2055 -0.073459 1.9569 -1.6119 -0.86148 0.75409 -2.1687 -0.31564 0.0095348 0.72373 -1.0829 -1.9164 0.38264 -0.13927 -3.382 0.84348 0.31564 -0.0095353 -0.72373 -0.34047 -2.0048 -0.77772 0.17861 -3.6549 -0.26917
6 74 324 -0.57724 4.7981 -0.37267 -0.42943 3.5435 -0.2843 -0.80226 3.5651 0.62558 -0.59336 2.0655 1.2391 -1.2032 0.74098 1.7405 -0.060859 3.5513 -1.1961 -0.12327 1.9811 -1.6426 -0.98791 0.83592 -2.207 -0.3193 0.007947 0.72214 -1.1844 -1.8575 0.29095 -0.49966 -3.4796 0.67926 0.3193 -0.007947 -0.72214 -0.27214 -2.024 -0.7351 0.2964 -3.6452 -0.18803
6 75 324 -0.57923 4.801 -0.34789 -0.41897 3.547 -0.27323 -0.78393 3.5566 0.64005 -0.54853 2.0526 1.2327 -1.1731 0.73055 1.7224 -0.05855 3.5668 -1.1881 -0.14704 2.0079 -1.6684 -1.0808 0.92629 -2.248 -0.32604 0.0080385 0.71912 -1.2366 -1.8176 0.21697 -0.84877 -3.5552 0.50263 0.32604 -0.008039 -0.71912 -0.17806 -2.0474 -0.6846 0.41869 -3.6474 -0.10613
6 76 324 -0.5749 4.8045 -0.31943 -0.40339 3.5512 -0.25812 -0.77028 3.5501 0.65443 -0.50891 2.0416 1.2242 -1.1531 0.71828 1.6842 -0.041222 3.5817 -1.1721 -0.14257 2.0328 -1.6812 -1.1378 1.0156 -2.2749 -0.33612 0.007731 0.71446 -1.2523 -1.8023 0.16792 -1.1699 -3.5974 0.31528 0.33612 -0.007731 -0.71447 -0.06414 -2.0683 -0.62334 0.54435 -3.6532 -0.01635
6 77 324 -0.57011 4.8079 -0.28064 -0.39086 3.5551 -0.23263 -0.76352 3.5418 0.67748 -0.48385 2.0281 1.2247 -1.1416 0.69991 1.6499 -0.023079 3.5979 -1.1438 -0.12581 2.0558 -1.673 -1.1673 1.094 -2.2796 -0.34627 0.0042596 0.70963 -1.2535 -1.8033 0.14055 -1.4456 -3.596 0.12046 0.34627 -0.0042591 -0.70963 0.064142 -2.0804 -0.55346 0.66696 -3.6584 0.076846
