2 33 108 -0.80326 2.7665 -3.8771 -0.60273 2.0883 -2.8331 -1.5574 2.0622 -2.598 -1.7435 0.74715 -1.6468 -2.0838 -0.75167 -1.7709 0.34483 2.1283 -3.0937 1.1358 0.91968 -2.3306 1.3897 -0.60015 -2.3882 -0.76616 0.040777 0.18662 -1.1468 -1.1647 -1.4916 -0.89058 -2.6282 -0.47005 0.76616 -0.040776 -0.18662 0.35133 -1.2153 -1.8786 0.68682 -2.6047 -0.77957
2 34 108 -0.87737 2.4375 -4.0757 -0.65171 1.8579 -2.9772 -1.6057 1.827 -2.7399 -1.7568 0.71782 -1.5501 -2.0722 -0.77292 -1.3137 0.29486 1.9006 -3.241 1.1444 0.91276 -2.2555 1.4807 -0.55689 -1.9318 -0.76631 0.03717 0.18679 -1.1156 -1.2951 -1.3998 -0.89925 -2.8089 -0.44455 0.76631 -0.03717 -0.18679 0.35668 -1.3441 -1.7801 0.70042 -2.7841 -0.75101
2 35 108 -0.95168 2.1116 -4.2373 -0.70445 1.6199 -3.1009 -1.6569 1.5767 -2.8592 -1.7598 0.69891 -1.4853 -2.0847 -0.70699 -0.94162 0.24018 1.673 -3.3696 1.1232 0.91684 -2.2219 1.5707 -0.40448 -1.565 -0.76673 0.029358 0.18645 -1.071 -1.4501 -1.274 -0.89649 -3.0161 -0.3976 0.76673 -0.029358 -0.18644 0.38704 -1.4875 -1.6507 0.71948 -2.9905 -0.712
2 36 108 -1.0228 1.7903 -4.366 -0.75949 1.3833 -3.1998 -1.7089 1.3333 -2.9479 -1.766 0.68071 -1.4514 -2.1455 -0.62561 -0.72528 0.18176 1.4412 -3.4792 1.1091 0.93945 -2.2313 1.6657 -0.1934 -1.3456 -0.76693 0.019832 0.18688 -1.0106 -1.585 -1.1471 -0.89861 -3.2003 -0.35386 0.76693 -0.019832 -0.18688 0.42193 -1.6097 -1.5164 0.74538 -3.1745 -0.68096
2 37 108 -1.0961 1.4859 -4.4591 -0.81405 1.1619 -3.271 -1.7597 1.1094 -3.0058 -1.809 0.63814 -1.4424 -2.2834 -0.62534 -0.69655 0.123 1.2206 -3.564 1.0932 0.95861 -2.276 1.8075 0.016148 -1.2865 -0.76604 0.014751 0.19095 -0.95658 -1.6882 -1.0247 -0.90421 -3.3432 -0.31126 0.76604 -0.014751 -0.19095 0.4462 -1.6963 -1.4093 0.76127 -3.3059 -0.6605
2 52 96 -0.67938 1.7059 -4.462 -0.55976 1.2953 -3.2745 -1.5324 1.2824 -3.1293 -1.7827 0.38669 -1.7862 -1.8988 -1.1502 -1.833 0.40813 1.3159 -3.4481 1.1268 0.4526 -2.2619 1.2682 -1.0788 -2.1503 -0.7761 0.024885 0.14336 -0.8031 -1.8567 -0.79112 -0.89389 -3.572 -0.24309 0.7761 -0.024885 -0.14336 0.6121 -1.9189 -1.0379 0.77577 -3.5405 -0.26695
2 53 96 -0.66408 1.8393 -4.4122 -0.55141 1.4033 -3.2325 -1.5247 1.3912 -3.0911 -1.806 0.70495 -1.6356 -2.0244 -0.79304 -1.3422 0.41719 1.4239 -3.4021 1.1574 0.73779 -2.1175 1.4917 -0.71267 -1.715 -0.77593 0.024213 0.1444 -0.81366 -1.866 -0.77202 -0.89437 -3.5805 -0.21984 0.77593 -0.024213 -0.1444 0.6229 -1.9261 -1.0241 0.77887 -3.5434 -0.24261
2 54 108 -1.5443 1.9289 -4.1447 -1.1949 1.4864 -3.0139 -2.1205 1.471 -2.6817 -2.0967 1.007 -1.1156 -2.3021 -0.36042 -0.4332 -0.27942 1.5108 -3.3726 0.76087 1.0239 -2.211 1.4001 -0.27887 -1.6896 -0.72709 0.027229 0.30675 -0.95447 -1.8727 -0.56092 -0.91295 -3.5904 -0.014513 0.72709 -0.027229 -0.30675 0.40337 -1.9391 -1.1157 0.72013 -3.5536 -0.37822
2 55 108 -1.5148 1.9539 -4.1435 -1.175 1.5168 -3.0076 -2.1034 1.4961 -2.6837 -2.0849 1.2608 -1.0672 -2.3417 0.097194 -0.088514 -0.25648 1.5466 -3.3581 0.82342 1.2672 -2.1645 1.6556 0.15284 -1.4986 -0.72836 0.025459 0.30388 -0.94217 -1.8799 -0.55518 -0.90215 -3.5968 -0.0059629 0.72836 -0.025459 -0.30388 0.41423 -1.9461 -1.0954 0.72734 -3.5638 -0.36337
2 56 108 -1.4809 1.9422 -4.1589 -1.1483 1.5224 -3.0139 -2.0801 1.4976 -2.7 -2.0627 1.4758 -1.0666 -2.3724 0.55327 0.12948 -0.22629 1.556 -3.3546 0.86933 1.4847 -2.1449 1.8616 0.56874 -1.4005 -0.7317 0.021492 0.29606 -0.93258 -1.8831 -0.56785 -0.89133 -3.5939 0.00016671 0.7317 -0.021492 -0.29606 0.42447 -1.945 -1.0834 0.73626 -3.5647 -0.35521
2 57 108 -1.4607 1.8792 -4.1939 -1.1318 1.482 -3.04 -2.0642 1.4539 -2.7282 -2.0436 1.6198 -1.1032 -2.4012 0.93059 0.22904 -0.20911 1.5184 -3.3787 0.8743 1.6398 -2.162 1.9862 0.9053 -1.3863 -0.73495 0.016918 0.28819 -0.93653 -1.8724 -0.60854 -0.88579 -3.5716 -0.0077911 0.73495 -0.016918 -0.28819 0.43117 -1.9307 -1.1003 0.74057 -3.5446 -0.35849
2 58 108 -1.4384 1.7787 -4.2446 -1.119 1.4074 -3.0793 -2.0549 1.3749 -2.7787 -2.0177 1.6954 -1.1772 -2.4171 1.1902 0.22379 -0.19254 1.4475 -3.4072 0.85587 1.7422 -2.1895 2.0391 1.1201 -1.4209 -0.73785 0.012627 0.28091 -0.94962 -1.8454 -0.67681 -0.88128 -3.5255 -0.026177 0.73785 -0.012627 -0.28091 0.44175 -1.9024 -1.15 0.74666 -3.5005 -0.37299
2 59 108 -1.4129 1.6634 -4.3 -1.1075 1.3187 -3.1234 -2.0455 1.279 -2.83 -1.9829 1.712 -1.2561 -2.4195 1.3134 0.16808 -0.17894 1.3656 -3.4442 0.82084 1.7821 -2.2212 2.034 1.1928 -1.4738 -0.74076 0.010248 0.27324 -0.96138 -1.8044 -0.76239 -0.87159 -3.4552 -0.042852 0.74076 -0.010248 -0.27324 0.45096 -1.8631 -1.2205 0.74638 -3.4329 -0.38433
2 60 108 -1.3936 1.5685 -4.3447 -1.098 1.2386 -3.1619 -2.0362 1.1953 -2.8699 -1.9482 1.6679 -1.3086 -2.4022 1.2769 0.11215 -0.16916 1.2887 -3.4814 0.78315 1.7386 -2.2327 1.9931 1.1176 -1.506 -0.74229 0.010645 0.26906 -0.97003 -1.7535 -0.84901 -0.85618 -3.3666 -0.051422 0.74229 -0.010645 -0.26906 0.44989 -1.8188 -1.2983 0.7518 -3.3453 -0.38756
2 61 108 -1.3647 1.5293 -4.3698 -1.0817 1.1956 -3.1851 -2.0231 1.1451 -2.9046 -1.903 1.5626 -1.3297 -2.3624 1.0738 0.058678 -0.14943 1.253 -3.4932 0.77635 1.6294 -2.2009 1.9506 0.8901 -1.5284 -0.74431 0.0082362 0.2635 -0.98139 -1.6987 -0.93842 -0.8407 -3.2607 -0.048912 0.74431 -0.0082364 -0.2635 0.44682 -1.7684 -1.3716 0.75671 -3.239 -0.37559
2 62 108 -1.3347 1.5726 -4.3675 -1.0601 1.2132 -3.1881 -2.0041 1.1632 -2.9165 -1.8596 1.4061 -1.3075 -2.3172 0.70331 -0.013521 -0.12485 1.2707 -3.4871 0.7901 1.4354 -2.1438 1.8814 0.49515 -1.5937 -0.74722 -0.0022628 0.25525 -1.0028 -1.6419 -1.0334 -0.82188 -3.1332 -0.036299 0.74722 0.0022628 -0.25525 0.45522 -1.7072 -1.4413 0.76799 -3.1108 -0.35366
2 63 108 -1.2959 1.7299 -4.3218 -1.0354 1.3166 -3.1569 -1.9829 1.2596 -2.8992 -1.8368 1.18 -1.2741 -2.3002 0.18074 -0.19497 -0.096342 1.3824 -3.4418 0.81622 1.1872 -2.1009 1.7441 -0.0037353 -1.7873 -0.74878 -0.012081 0.25036 -1.033 -1.5914 -1.1058 -0.8063 -2.9925 0.0062943 0.74878 0.012081 -0.25036 0.47466 -1.648 -1.5087 0.79279 -2.9694 -0.32403
2 64 108 -1.2393 2.0029 -4.2188 -0.99833 1.5079 -3.0825 -1.9479 1.4472 -2.8336 -1.8395 0.91296 -1.2936 -2.3249 -0.39513 -0.63712 -0.056873 1.579 -3.3581 0.82167 0.91435 -2.1519 1.4764 -0.47942 -2.2318 -0.75053 -0.018372 0.24467 -1.0752 -1.5341 -1.1736 -0.80802 -2.8297 0.051519 0.75053 0.018372 -0.24467 0.50169 -1.594 -1.5685 0.82528 -2.82 -0.28667
