0 94 156 -0.20066 4.8044 -0.29729 -0.09232 3.572 -0.118 -0.46301 3.6063 0.79237 -0.85956 4.0482 2.3143 -0.84105 5.5803 2.4876 0.27945 3.5675 -1.0286 0.72075 3.9309 -2.5589 0.52412 5.4085 -2.9533 -0.28755 0.013351 0.73528 -0.67261 -2.0444 0.55726 -0.12487 -3.7466 0.7885 0.28755 -0.013351 -0.73528 0.031549 -2.0785 -1.0247 0.78635 -3.715 -0.969
0 95 156 -0.1749 4.8169 -0.24625 -0.087811 3.5752 -0.090162 -0.45941 3.5982 0.82019 -1.0972 4.2965 2.1522 -1.2332 5.8252 2.0035 0.28455 3.582 -1.0005 0.45013 4.1301 -2.5305 -0.018395 5.5803 -2.7653 -0.28062 0.010769 0.73799 -0.68423 -2.0434 0.55968 -0.14584 -3.7487 0.78984 0.28062 -0.01077 -0.73799 0.017484 -2.0753 -1.0259 0.76186 -3.7164 -0.96733
0 100 144 -0.12226 4.8437 -0.061346 -0.13392 3.5796 -0.051378 -0.73471 3.544 0.72653 -2.286 3.8759 0.33642 -2.7288 4.8274 -0.79329 0.46518 3.6451 -0.82866 -0.35759 3.8713 -2.2217 -1.7418 4.5464 -2.2971 -0.45297 0.00036192 0.64678 -0.84414 -2.0435 0.35727 -0.42254 -3.7572 0.7268 0.45297 -0.0003624 -0.64678 0.19884 -2.0535 -1.0132 0.82953 -3.7307 -0.8132
0 101 132 -0.14011 4.8428 -0.10343 -0.15219 3.5795 -0.098769 -0.90694 3.5415 0.53073 -2.2872 3.5686 -0.34271 -2.5079 4.3776 -1.6367 0.60036 3.6473 -0.7284 -0.01515 3.609 -2.2411 -1.4109 4.1247 -2.6455 -0.58538 -0.001101 0.52994 -0.91262 -2.0428 0.15756 -0.58224 -3.7554 0.61459 0.58538 0.001101 -0.52994 0.40112 -2.0471 -0.96019 0.96051 -3.7294 -0.63164
0 102 132 -0.19334 4.8399 -0.13375 -0.1878 3.5776 -0.13299 -0.94281 3.5233 0.49501 -2.235 3.2242 -0.45864 -2.5073 3.887 -1.824 0.56425 3.6615 -0.76127 -0.095418 3.3524 -2.2235 -1.524 3.6893 -2.6959 -0.58886 -0.00029087 0.52606 -0.92192 -2.0402 0.1491 -0.59591 -3.7529 0.60869 0.58886 0.00029135 -0.52606 0.39362 -2.0436 -0.97181 0.94563 -3.7274 -0.63859
1 3 300 -1.189 4.3038 -1.8592 -1.0023 3.1285 -1.4374 -1.8258 3.1177 -0.89963 -1.8355 1.6404 -0.20232 -2.7611 0.41276 -0.085335 -0.1859 3.1666 -1.9845 0.53187 1.7059 -1.8433 1.0258 0.54603 -2.7312 -0.64851 -0.0068836 0.45043 -1.2598 -1.398 -1.0006 -0.83619 -2.8206 0.022932 0.64851 0.0068839 -0.45043 -0.10826 -1.5111 -1.6904 0.66122 -2.7455 -0.62504
1 5 312 -1.2561 4.4907 -1.2782 -1.0476 3.2782 -0.98576 -1.7465 3.2754 -0.29378 -2.0048 1.9965 0.68933 -3.1234 1.3785 1.5522 -0.35517 3.3095 -1.6836 0.6866 2.0981 -2.0243 1.4924 1.5668 -3.2269 -0.53974 -0.0083079 0.57629 -1.3806 -1.5763 -0.54109 -0.76457 -3.0438 0.3063 0.53974 0.0083082 -0.57629 -0.28933 -1.6618 -1.5447 0.60484 -2.9707 -0.68555
1 12 336 -0.82883 4.7346 -0.34734 -0.65871 3.4911 -0.24961 -1.0391 3.4742 0.65723 -0.9835 3.5627 2.2875 -1.2226 4.5406 3.4556 -0.27974 3.5378 -1.156 0.88436 3.3389 -2.2848 1.3039 4.0937 -3.5622 -0.26066 0.0038862 0.74534 -0.79522 -1.9904 1.1346 -0.65006 -3.6013 1.9313 0.26066 -0.0038857 -0.74534 0.15677 -1.9202 -1.6004 1.1203 -3.4288 -1.8164
1 13 336 -0.74006 4.7503 -0.30648 -0.58355 3.5053 -0.21888 -0.96304 3.49 0.68838 -0.92161 3.7213 2.305 -1.0914 4.7959 3.3978 -0.20486 3.5505 -1.1255 0.93674 3.4249 -2.2873 1.3626 4.2425 -3.5233 -0.25995 0.0021982 0.7456 -0.76466 -1.9763 1.2407 -0.55919 -3.5629 2.0723 0.25995 -0.0021982 -0.7456 0.22137 -1.9114 -1.6217 1.2182 -3.3776 -1.9498
1 14 336 -0.65086 4.7625 -0.27359 -0.51578 3.515 -0.19528 -0.89339 3.4989 0.71275 -0.88847 3.8463 2.309 -0.99444 4.9887 3.3392 -0.13833 3.5608 -1.1024 0.98683 3.4926 -2.2848 1.3679 4.363 -3.4992 -0.25763 0.0029078 0.7464 -0.77556 -1.9637 1.274 -0.47276 -3.5436 2.0885 0.25763 -0.0029073 -0.7464 0.2551 -1.9137 -1.62 1.2697 -3.3524 -2.0093
1 15 336 -0.57853 4.7698 -0.25347 -0.46528 3.5196 -0.18368 -0.83736 3.5055 0.72666 -0.87368 3.9556 2.2966 -0.97042 5.147 3.2707 -0.092805 3.5634 -1.0929 0.99329 3.5321 -2.3128 1.3665 4.4405 -3.5016 -0.24987 0.0062594 0.74901 -0.8157 -1.9507 1.2634 -0.45064 -3.5419 2.0286 0.24987 -0.006259 -0.74901 0.22024 -1.9224 -1.6104 1.2552 -3.3419 -2.0161
1 16 336 -0.52824 4.7762 -0.24369 -0.42913 3.5249 -0.16984 -0.79264 3.5189 0.74404 -0.87803 4.0487 2.287 -0.99461 5.2851 3.201 -0.064877 3.5607 -1.0828 0.97385 3.5656 -2.3436 1.3509 4.5016 -3.5095 -0.23708 0.005724 0.75316 -0.86016 -1.9486 1.2077 -0.37016 -3.5216 1.9402 0.23708 -0.0057244 -0.75316 0.14788 -1.9272 -1.5983 1.2261 -3.3277 -1.9548
1 17 336 -0.50065 4.7841 -0.25841 -0.40814 3.5332 -0.16859 -0.7656 3.5389 0.74768 -0.91119 4.0966 2.2762 -1.0431 5.3685 3.1379 -0.049861 3.5572 -1.0842 0.92993 3.5605 -2.3914 1.3067 4.5152 -3.5422 -0.23226 0.0050941 0.75467 -0.98588 -1.9167 1.1461 -0.3018 -3.4226 1.8639 0.23226 -0.0050941 -0.75467 0.13215 -1.9148 -1.6249 1.2999 -3.2738 -1.8257
1 18 336 -0.4873 4.792 -0.33926 -0.38645 3.5417 -0.23321 -0.74317 3.5548 0.68328 -0.96128 4.0423 2.2271 -1.1309 5.3259 3.0645 -0.029445 3.5585 -1.1495 0.88988 3.4624 -2.4965 1.2511 4.4041 -3.6628 -0.23207 0.023301 0.75439 -1.1169 -1.8519 1.0936 -0.34805 -3.3211 1.8015 0.23207 -0.023301 -0.75439 0.12184 -1.8979 -1.6968 1.3363 -3.2267 -1.7986
1 19 336 -0.57419 4.7813 -0.39302 -0.45509 3.5332 -0.26616 -0.81097 3.5557 0.65047 -1.1009 3.8797 2.2252 -1.3524 5.1256 3.0982 -0.099717 3.5404 -1.1832 0.77133 3.2802 -2.5405 1.0757 4.1269 -3.7928 -0.2295 0.02253 0.75519 -1.3286 -1.7451 1.041 -0.47066 -3.1652 1.7469 0.2295 -0.02253 -0.75519 0.01119 -1.8653 -1.7405 1.2787 -3.1465 -1.7953
1 20 336 -0.56113 4.7851 -0.43435 -0.43148 3.5387 -0.29436 -0.79366 3.5651 0.61969 -1.1373 3.7278 2.2085 -1.4958 4.8529 3.2 -0.070339 3.5421 -1.2092 0.73465 3.1237 -2.5678 1.0112 3.7809 -3.935 -0.24372 0.025454 0.75063 -1.336 -1.7494 1.0174 -0.48713 -3.1782 1.7165 0.24372 -0.025454 -0.75063 -0.040146 -1.8482 -1.7563 1.2165 -3.1411 -1.7719
2 1 132 -2.1003 3.6134 -2.4134 -1.5046 2.7952 -1.6555 -2.2557 2.7601 -1.0215 -1.5839 2.665 0.46463 -1.622 1.8565 1.7771 -0.76933 2.849 -2.3066 0.73851 2.8947 -1.6796 2.1995 2.4268 -1.8353 -0.5683 0.014499 0.54802 -1.1835 -1.8475 -0.20609 -0.62356 -3.4955 0.26474 0.5683 -0.014499 -0.54802 0.0002908 -1.8983 -1.2848 0.61492 -3.4444 -0.59006
2 12 108 -0.77964 3.552 -3.1934 -0.66035 2.5868 -2.3981 -1.6213 2.5587 -2.1902 -2.2342 1.0969 -2.5851 -2.2851 1.113 -4.1262 0.29495 2.6352 -2.627 0.48128 1.1442 -3.2679 -0.0079924 1.3723 -4.7122 -0.75923 -0.0042431 0.21692 -0.90884 -1.6233 -1.1137 -0.56749 -2.636 0.33842 0.75923 0.0042434 -0.21692 0.56686 -1.7028 -1.4266 0.91195 -2.6233 0.084778
2 13 108 -0.74551 3.7184 -3.002 -0.65544 2.6914 -2.2847 -1.6183 2.6704 -2.0851 -2.4212 1.5619 -2.9769 -2.229 2.3382 -4.2952 0.30243 2.7344 -2.5038 0.37195 1.5272 -3.6023 -0.17396 2.471 -4.6927 -0.75576 -0.0038791 0.22872 -0.84697 -1.7723 -0.90201 -0.52066 -2.813 0.53379 0.75576 0.0038788 -0.22872 0.59673 -1.8354 -1.2317 0.97613 -2.781 0.25589
2 17 120 -0.79999 4.5058 -1.5729 -0.67726 3.2936 -1.2283 -1.5727 3.301 -0.82157 -2.7077 2.9214 -1.9336 -2.2327 4.3138 -2.3953 0.21436 3.3147 -1.6429 0.063939 2.7787 -3.1788 -0.33237 4.268 -3.1276 -0.68917 0.0069966 0.38534 -0.59588 -2.0906 0.46141 -0.12524 -3.4583 1.5379 0.68917 -0.0069966 -0.38534 0.83183 -2.1029 -0.35386 1.6178 -3.2855 0.75727
2 18 120 -0.82283 4.4801 -1.6323 -0.67584 3.2693 -1.2927 -1.5668 3.2653 -0.87608 -2.6978 2.8407 -1.9758 -2.2421 4.2333 -2.4562 0.21061 3.3016 -1.7176 0.10013 2.7195 -3.24 -0.32044 4.2029 -3.2242 -0.69745 0.0096245 0.3701 -0.68494 -2.0891 0.27292 -0.12453 -3.3302 1.4546 0.69745 -0.009625 -0.3701 0.72751 -2.1047 -0.52522 1.5231 -3.1304 0.72609
2 19 120 -0.86116 4.4397 -1.7349 -0.68011 3.2428 -1.3676 -1.5674 3.2254 -0.94359 -2.6775 2.6829 -2.0123 -2.2966 4.0671 -2.5749 0.20155 3.2878 -1.8012 0.13377 2.6313 -3.2956 -0.34845 4.0932 -3.3849 -0.70289 0.014739 0.35947 -0.82183 -2.0512 -0.0039526 -0.1815 -3.1635 1.2624 0.70289 -0.014738 -0.35947 0.60485 -2.0724 -0.77255 1.3629 -3.008 0.56944
2 20 120 -0.92868 4.3896 -1.8403 -0.71794 3.2131 -1.4268 -1.606 3.1853 -1.0049 -2.6718 2.4844 -2.0255 -2.4019 3.8321 -2.7244 0.16364 3.268 -1.8594 0.13656 2.5161 -3.3095 -0.42673 3.9344 -3.5307 -0.70708 0.009263 0.35136 -0.96853 -1.9875 -0.24763 -0.27316 -3.0456 1.036 0.70708 -0.0092626 -0.35136 0.49844 -2.0031 -0.98006 1.1685 -2.9648 0.38997
2 21 120 -1.0204 4.2995 -2.001 -0.77735 3.1481 -1.5384 -1.6676 3.1048 -1.1225 -2.6772 2.2395 -2.0715 -2.5214 3.5055 -2.9378 0.10554 3.2178 -1.9662 0.11865 2.343 -3.3459 -0.53078 3.6947 -3.7048 -0.71079 0.0051913 0.34386 -1.1075 -1.8959 -0.45791 -0.40257 -3.0148 0.76766 0.71079 -0.0051918 -0.34386 0.41389 -1.9139 -1.1703 0.96662 -2.9735 0.17975
2 22 120 -1.0882 4.1982 -2.1747 -0.81531 3.0773 -1.6584 -1.7118 3.0238 -1.2574 -2.6548 1.991 -2.1015 -2.6285 3.1163 -3.1554 0.073146 3.1561 -2.0729 0.15346 2.1691 -3.3722 -0.58784 3.4235 -3.8766 -0.71471 0.0071793 0.33562 -1.2045 -1.799 -0.61935 -0.57096 -3.0906 0.46756 0.71471 -0.0071793 -0.33562 0.35531 -1.8305 -1.3157 0.78657 -3.0322 -0.042568
2 23 120 -1.1442 4.1039 -2.3215 -0.84502 3.019 -1.7485 -1.7417 2.955 -1.3494 -2.6276 1.7773 -2.0543 -2.7219 2.6923 -3.2918 0.042803 3.1072 -2.1624 0.20398 1.9971 -3.3501 -0.61867 3.1161 -4.0199 -0.71677 0.0087333 0.33115 -1.257 -1.7366 -0.70631 -0.7815 -3.2567 0.13876 0.71677 -0.0087333 -0.33115 0.31662 -1.7631 -1.4157 0.62123 -3.1727 -0.33353
2 24 120 -1.1907 4.033 -2.4133 -0.8726 2.9834 -1.791 -1.7654 2.9117 -1.3845 -2.5736 1.6069 -1.944 -2.7783 2.2487 -3.3311 0.010458 3.078 -2.2136 0.25399 1.8462 -3.2586 -0.63317 2.7799 -4.1065 -0.71564 0.0055532 0.33365 -1.2686 -1.7317 -0.71065 -1.0052 -3.4377 -0.1901 0.71564 -0.0055532 -0.33365 0.30299 -1.7205 -1.4752 0.46641 -3.3434 -0.70706
2 25 120 -1.2073 3.978 -2.4826 -0.88772 2.9526 -1.8268 -1.7804 2.8781 -1.4207 -2.4851 1.4593 -1.8195 -2.7833 1.784 -3.2971 -0.0051926 3.0491 -2.2501 0.32295 1.7193 -3.1403 -0.60052 2.4178 -4.1586 -0.71454 0.0047641 0.33602 -1.2814 -1.7369 -0.69338 -1.2186 -3.5258 -0.47764 0.71454 -0.0047641 -0.33602 0.30771 -1.6913 -1.5211 0.35662 -3.4333 -1.0584
2 26 120 -1.1678 3.9583 -2.5278 -0.87019 2.9347 -1.8609 -1.7706 2.8652 -1.4714 -2.3627 1.3611 -1.7074 -2.7284 1.3517 -3.2053 0.020442 3.0261 -2.268 0.41969 1.6301 -3.0167 -0.49065 2.0591 -4.185 -0.71413 0.013205 0.33667 -1.336 -1.6912 -0.72274 -1.3371 -3.4908 -0.61067 0.71413 -0.013205 -0.33667 0.27185 -1.6333 -1.5992 0.33663 -3.406 -1.2762
2 27 120 -1.1051 3.9942 -2.4981 -0.84161 2.9566 -1.8407 -1.7471 2.8981 -1.4611 -2.2397 1.345 -1.5783 -2.6587 1.0271 -3.0278 0.054569 3.0374 -2.2378 0.48635 1.6004 -2.884 -0.36728 1.7379 -4.1607 -0.70949 0.021982 0.3459 -1.4598 -1.5226 -0.86473 -1.2942 -3.2933 -0.56779 0.70949 -0.021982 -0.3459 0.23094 -1.5044 -1.7558 0.36194 -3.2435 -1.2984
2 28 120 -1.1345 3.9353 -2.5823 -0.88258 2.9024 -1.9134 -1.7857 2.8594 -1.5264 -2.1986 1.2795 -1.5747 -2.6678 0.69544 -2.9225 0.011431 2.9675 -2.3182 0.45783 1.4921 -2.8591 -0.28443 1.322 -4.2 -0.70044 0.030093 0.36329 -1.5632 -1.2398 -1.071 -1.1685 -2.8962 -0.47794 0.70044 -0.030093 -0.36329 0.14382 -1.277 -1.9601 0.3755 -2.8766 -1.1611
2 70 108 -0.86492 3.7829 -2.8885 -0.73547 2.731 -2.2127 -1.6949 2.7022 -1.9982 -2.4879 2.0517 -3.2696 -2.4697 3.4643 -3.8878 0.21865 2.7824 -2.4459 0.15529 2.0889 -3.9236 -0.27927 3.4785 -4.4314 -0.75183 -0.017178 0.24074 -0.92134 -1.9322 -0.60685 -0.57666 -3.0351 0.77725 0.75183 0.017178 -0.24074 0.75756 -1.9312 -1.0269 1.1347 -2.9673 0.39966
2 80 120 -0.99894 4.2452 -2.1312 -0.69252 3.1612 -1.5529 -1.5863 3.1199 -1.1446 -2.7566 2.3292 -1.9655 -2.722 3.7489 -2.5663 0.19329 3.2277 -1.9752 0.20752 2.372 -3.3667 -0.40214 3.7247 -3.7862 -0.71718 0.013544 0.3301 -1.3282 -1.6917 -0.73441 -1.3679 -3.4758 -0.47735 0.71718 -0.013544 -0.3301 0.17836 -1.6304 -1.5588 0.2969 -3.3788 -1.1347
2 81 120 -0.96375 4.2675 -2.1003 -0.67413 3.1815 -1.5179 -1.5722 3.1438 -1.1187 -2.7003 2.2301 -1.8679 -2.7399 3.6044 -2.5662 0.21615 3.2442 -1.9312 0.29066 2.3082 -3.268 -0.36199 3.622 -3.743 -0.71107 0.019204 0.3428 -1.4035 -1.6277 -0.7629 -1.5048 -3.4249 -0.65934 0.71107 -0.019204 -0.3428 0.13299 -1.5915 -1.6109 0.21555 -3.3759 -1.3662
2 82 120 -0.91809 4.2999 -2.0558 -0.6421 3.2044 -1.4836 -1.5391 3.1914 -1.0804 -2.6372 2.1917 -1.7612 -2.7133 3.5254 -2.5314 0.24784 3.2428 -1.9006 0.37894 2.2604 -3.1992 -0.29461 3.5498 -3.7106 -0.70199 0.027568 0.36049 -1.4937 -1.5035 -0.84091 -1.5265 -3.3002 -0.69445 0.70199 -0.027568 -0.36049 0.081485 -1.4925 -1.7328 0.17586 -3.2764 -1.4884
2 99 120 -1.2753 4.0694 -2.3072 -0.99124 2.9963 -1.7122 -1.847 2.9739 -1.2279 -1.9947 1.4199 -0.74623 -2.4829 -0.026196 -0.96536 -0.14522 3.0423 -2.2117 0.41201 1.5066 -2.2191 0.33376 0.065957 -2.7632 -0.67385 0.013191 0.41141 -1.3604 -1.5038 -0.86991 -1.0467 -3.112 -0.1175 0.67385 -0.013191 -0.41141 -0.012333 -1.6073 -1.5955 0.57997 -3.078 -0.73693
2 100 120 -1.2181 4.143 -2.2044 -0.95549 3.0502 -1.6368 -1.8065 3.0311 -1.1441 -1.8849 1.5322 -0.49924 -2.3429 0.060079 -0.47153 -0.11387 3.0935 -2.1439 0.50865 1.591 -1.9899 0.66716 0.09228 -2.316 -0.67258 0.013217 0.41347 -1.3255 -1.5747 -0.79749 -1.0195 -3.1874 -0.051473 0.67258 -0.013217 -0.41347 0.033045 -1.6745 -1.5295 0.61017 -3.1553 -0.67806
