0 47 72 0.38852 4.7635 0.46315 0.30289 3.5677 0.10657 1.0175 3.5975 -0.56859 1.6408 2.3766 0.32007 0.8175 2.3876 1.6238 -0.40925 3.5674 0.78496 -1.6527 2.5328 0.55699 -3.0725 1.9703 0.77024 -0.014729 0.036753 -0.78863 -0.20737 -2.0552 -0.75686 -1.1202 -3.5337 -0.27547 0.014728 -0.036753 0.78863 1.1063 -1.8055 0.48187 1.2546 -3.588 0.70888
0 55 48 0.37733 4.7869 0.41536 0.31291 3.5671 0.10923 0.99083 3.6138 -0.60183 1.7225 2.4021 0.21387 0.98811 2.5378 1.5629 -0.36243 3.5498 0.82406 -1.5107 2.4275 1.125 -2.6011 1.8668 2.06 0.074807 0.021782 -0.78577 0.0098856 -2.074 -0.91862 -0.94815 -3.5935 -0.76272 -0.074806 -0.021782 0.78577 0.94517 -1.8586 0.77606 0.81886 -3.6296 1.0899
0 56 48 0.41014 4.793 0.34668 0.31213 3.569 0.064857 0.9029 3.6092 -0.72046 1.7686 2.4135 -0.020685 1.3409 2.5576 1.4538 -0.27556 3.5581 0.85344 -1.3782 2.4616 1.3541 -2.3036 1.9558 2.479 0.0046393 0.017432 -0.78941 -0.022758 -2.0766 -0.95814 -0.95092 -3.611 -0.77066 -0.0046399 -0.017432 0.78941 0.97585 -1.8749 0.73637 0.80682 -3.6367 1.0804
0 57 36 0.36822 4.7976 0.37916 0.29709 3.5698 0.10322 0.95316 3.6067 -0.62861 1.7793 2.4181 0.12861 1.3553 2.5844 1.6018 -0.35618 3.5623 0.83844 -1.5035 2.495 1.3003 -2.4636 2.0432 2.4191 0.10613 0.018648 -0.78223 0.15257 -2.0727 -0.97811 -0.77 -3.6217 -0.95848 -0.10613 -0.018648 0.78223 0.83621 -1.8932 0.89258 0.56273 -3.6463 1.2136
0 58 36 0.41918 4.7997 0.3196 0.30996 3.5697 0.069483 0.87856 3.5876 -0.73285 1.8056 2.3944 -0.112 1.6842 2.5919 1.4124 -0.25524 3.5812 0.87433 -1.3311 2.5357 1.521 -2.0723 2.1331 2.8118 0.046716 0.01784 -0.78803 0.1396 -2.0691 -1.0125 -0.75336 -3.635 -0.97512 -0.046717 -0.017841 0.78803 0.86576 -1.9091 0.85756 0.56611 -3.6542 1.1976
0 59 24 0.38204 4.8023 0.35825 0.29827 3.5698 0.10971 0.94475 3.5797 -0.63145 1.8208 2.3743 0.038049 1.6747 2.6023 1.5561 -0.34487 3.5894 0.85358 -1.4639 2.5604 1.4516 -2.2373 2.2051 2.7374 0.15552 0.0188 -0.77392 0.32024 -2.0644 -0.99134 -0.53256 -3.6477 -1.1214 -0.15552 -0.0188 0.77392 0.69933 -1.9262 0.98727 0.30066 -3.6618 1.2695
0 60 24 0.41587 4.8055 0.31003 0.3068 3.5701 0.08387 0.87397 3.5763 -0.71965 1.8221 2.3517 -0.19997 1.9582 2.6001 1.3158 -0.25681 3.5934 0.88957 -1.2795 2.5778 1.6585 -1.8077 2.2649 3.073 0.10285 0.018466 -0.78267 0.29581 -2.061 -1.0122 -0.52871 -3.6599 -1.1344 -0.10285 -0.018466 0.78267 0.72373 -1.9429 0.9494 0.29593 -3.6679 1.2527
0 61 12 0.38611 4.8071 0.34707 0.29551 3.5705 0.11883 0.94427 3.5694 -0.62041 1.8443 2.3256 -0.062054 1.9412 2.5742 1.4567 -0.34976 3.6011 0.86048 -1.4216 2.5919 1.5687 -1.9961 2.3066 2.9709 0.21202 0.017275 -0.76042 0.4788 -2.0578 -0.95368 -0.28148 -3.6685 -1.2335 -0.21202 -0.017275 0.76043 0.54003 -1.9589 1.0408 0.02987 -3.6738 1.264
0 61 24 0.44983 4.8071 0.25921 0.31376 3.5705 0.054789 0.79465 3.5694 -0.80318 1.7911 2.3256 -0.44415 2.2016 2.5742 1.0212 -0.16321 3.6011 0.9144 -1.0643 2.5919 1.83 -1.3348 2.3066 3.321 0.049287 0.017275 -0.78789 0.27005 -2.0578 -1.0324 -0.53179 -3.6685 -1.148 -0.049288 -0.017275 0.78789 0.74462 -1.9589 0.9058 0.29202 -3.6738 1.2302
0 62 12 0.43764 4.8076 0.3011 0.31529 3.5694 0.095489 0.88565 3.5583 -0.70572 1.8412 2.2965 -0.30132 2.2146 2.5369 1.1753 -0.2511 3.61 0.89856 -1.2155 2.6047 1.7518 -1.5237 2.3319 3.2379 0.16184 0.017196 -0.77266 0.45703 -2.0528 -0.97782 -0.27789 -3.6767 -1.2494 -0.16184 -0.017196 0.77266 0.56959 -1.9737 0.99894 0.0298 -3.6778 1.2353
0 63 12 0.47417 4.8097 0.24713 0.32488 3.5692 0.069541 0.81212 3.5539 -0.7847 1.7936 2.2722 -0.53456 2.4369 2.4938 0.84919 -0.15815 3.6139 0.92514 -0.98863 2.5992 1.8996 -1.0598 2.3267 3.4156 0.11134 0.016473 -0.78156 0.42909 -2.0485 -1.0037 -0.27822 -3.6857 -1.2682 -0.11134 -0.016473 0.78156 0.60003 -1.9855 0.95765 0.031407 -3.678 1.2087
0 65 0 0.46659 4.8136 0.24109 0.32413 3.5692 0.083432 0.81788 3.5425 -0.76678 1.7604 2.2178 -0.60761 2.6315 2.3986 0.65182 -0.16518 3.6253 0.93478 -0.92795 2.5759 1.9275 -0.83289 2.2751 3.4369 0.16864 0.01463 -0.77126 0.5703 -2.0385 -0.9647 -0.0076342 -3.7018 -1.3525 -0.16864 -0.014631 0.77126 0.44891 -2.0093 1.0039 -0.21583 -3.6802 1.135
0 76 312 0.33961 4.8277 0.32924 0.21021 3.5709 0.26914 0.82088 3.515 -0.49984 1.1409 1.9134 -0.46961 2.4337 1.4198 0.21065 -0.39559 3.6562 1.0393 -0.33153 2.1322 1.6241 0.46564 1.2925 2.6425 0.50664 0.027959 -0.605 1.0293 -1.9807 -0.27853 0.76205 -3.6978 -0.75895 -0.50664 -0.027959 0.605 -0.18444 -2.0785 0.92993 -0.85524 -3.6826 0.45238
0 77 312 0.32974 4.8298 0.30919 0.20861 3.5723 0.25265 0.80213 3.5202 -0.52991 1.0302 1.9027 -0.54271 2.2732 1.248 0.093007 -0.38014 3.6537 1.0363 -0.27111 2.0986 1.5248 0.5528 1.185 2.4544 0.50397 0.02617 -0.60731 1.004 -1.9875 -0.27635 0.73275 -3.7037 -0.75771 -0.50397 -0.02617 0.60731 -0.20589 -2.0811 0.92792 -0.88393 -3.6833 0.45452
0 78 300 0.26115 4.8309 0.35704 0.15753 3.5728 0.27975 0.89328 3.5224 -0.37103 1.023 1.8944 -0.40614 2.0556 1.0615 0.37987 -0.57389 3.6525 0.93245 -0.54853 2.0694 1.335 0.06169 1.0691 2.3373 0.61625 0.02486 -0.49306 1.0363 -1.9891 -0.066783 0.85436 -3.7055 -0.58812 -0.61625 -0.02486 0.49306 -0.41224 -2.084 0.85734 -0.99185 -3.6836 0.26055
0 78 312 0.32967 4.8309 0.29494 0.21225 3.5728 0.24088 0.79661 3.5224 -0.54864 0.91619 1.8944 -0.60996 2.0897 1.0615 -0.055818 -0.36749 3.6525 1.0314 -0.25898 2.0694 1.4199 0.5463 1.0691 2.2734 0.50027 0.02486 -0.61042 0.99974 -1.9891 -0.28078 0.71341 -3.7055 -0.7529 -0.50027 -0.02486 0.61042 -0.22498 -2.084 0.92431 -0.916 -3.6836 0.46107
0 79 300 0.26455 4.8313 0.35027 0.16402 3.5728 0.27564 0.8965 3.5226 -0.37882 0.92078 1.8923 -0.48023 1.8893 0.87417 0.15468 -0.56423 3.6525 0.9319 -0.56067 2.0468 1.2329 -0.010039 0.95165 2.1683 0.61981 0.02249 -0.4887 1.0355 -1.993 -0.065185 0.82595 -3.7081 -0.58032 -0.61981 -0.02249 0.4887 -0.4356 -2.0823 0.85963 -1.0263 -3.678 0.2634
0 79 312 0.33159 4.8313 0.28761 0.21774 3.5728 0.23551 0.79815 3.5226 -0.55693 0.80081 1.8923 -0.66117 1.8801 0.87417 -0.2415 -0.35815 3.6525 1.0288 -0.29209 2.0468 1.3225 0.441 0.95165 2.123 0.50466 0.02249 -0.60688 0.99931 -1.993 -0.27905 0.68724 -3.7081 -0.73936 -0.50466 -0.02249 0.60688 -0.24735 -2.0823 0.93141 -0.94913 -3.678 0.47102
0 80 312 0.33745 4.8313 0.28662 0.22975 3.5722 0.23333 0.81203 3.5234 -0.55782 0.69765 1.9006 -0.70673 1.6531 0.71083 -0.48486 -0.34818 3.6505 1.0253 -0.35904 2.0298 1.2305 0.24374 0.84034 2.0047 0.51074 0.017943 -0.60194 0.99773 -1.9974 -0.26199 0.65284 -3.7071 -0.71891 -0.51074 -0.017943 0.60194 -0.26826 -2.0767 0.94398 -0.98086 -3.6677 0.48381
0 81 312 0.33504 4.8298 0.30811 0.23388 3.5703 0.24907 0.82229 3.5259 -0.53781 0.61005 1.9195 -0.74512 1.4164 0.60516 -0.73913 -0.35049 3.6441 1.0367 -0.46296 2.0198 1.1693 -0.04412 0.75372 1.9435 0.51771 0.019852 -0.59589 0.99595 -1.9955 -0.2436 0.62304 -3.7011 -0.69388 -0.51771 -0.019853 0.59589 -0.28009 -2.0717 0.98043 -1.008 -3.6534 0.51235
0 82 312 0.3215 4.8297 0.32299 0.22835 3.5693 0.25916 0.82346 3.535 -0.52316 0.54472 1.9507 -0.80806 1.1831 0.56687 -1.0428 -0.36323 3.6332 1.0423 -0.59416 2.018 1.1216 -0.40689 0.70615 1.9101 0.52921 0.020207 -0.58569 0.98272 -1.9988 -0.2223 0.58143 -3.6972 -0.67554 -0.52921 -0.020208 0.58569 -0.29868 -2.0615 1.0267 -1.0395 -3.6328 0.54414
0 110 312 0.26856 4.8377 0.15261 0.22737 3.5758 0.132 0.98382 3.5081 -0.49296 1.1863 1.8878 -0.44162 1.9743 0.9185 0.46229 -0.52543 3.673 0.75745 -0.67244 2.1165 1.231 0.034224 1.11 2.1611 0.6148 -0.012898 -0.49533 0.86281 -2.0752 -0.17958 0.5158 -3.753 -0.74122 -0.6148 0.012897 0.49533 -0.47675 -2.0503 0.86738 -1.0106 -3.7328 0.49989
0 110 324 0.29442 4.8377 0.09344 0.24985 3.5758 0.081838 0.85983 3.5081 -0.68674 1.0685 1.8878 -0.67861 2.0273 0.9185 0.0417 -0.35647 3.673 0.85014 -0.40182 2.1165 1.3439 0.4828 1.11 2.1068 0.49839 -0.012898 -0.61233 0.80662 -2.0752 -0.35504 0.35042 -3.753 -0.83226 -0.49839 0.012897 0.61233 -0.286 -2.0503 0.94755 -0.88455 -3.7328 0.69907
0 111 324 0.25989 4.8404 0.070866 0.20961 3.5779 0.060514 0.81202 3.5068 -0.7137 0.86512 1.8787 -0.838 1.8026 0.74339 -0.38001 -0.38939 3.6786 0.83409 -0.60508 2.0935 1.1651 -0.0015252 0.9572 2.0149 0.50232 -0.012548 -0.60911 0.77347 -2.0823 -0.37083 0.3141 -3.7552 -0.8623 -0.50232 0.012548 0.60911 -0.3094 -2.0559 0.92314 -0.91825 -3.734 0.66984
3 12 216 -0.063529 4.8155 -0.1796 0.060293 3.584 0.06046 0.85357 3.5159 -0.51698 1.1472 1.9095 -0.47274 1.7209 0.92298 0.5643 -0.73298 3.6816 0.63366 -1.0338 2.0964 0.88923 0.091217 1.6521 1.8456 0.63002 0.023755 -0.4754 0.85277 -2.0633 -0.38067 -0.13739 -2.9408 -1.6056 -0.63002 -0.023755 0.4754 0.082298 -1.9838 0.73057 0.29118 -3.7369 0.36478
3 13 216 0.012596 4.8174 -0.23069 0.094105 3.584 0.024322 0.91842 3.4913 -0.50413 1.1939 1.8841 -0.40506 1.6654 0.84546 0.63253 -0.7295 3.7061 0.54789 -1.0113 2.1159 0.79379 0.11368 1.7314 1.7757 0.64936 0.013529 -0.44906 1.0774 -2.021 -0.14638 0.090983 -2.57 -1.5523 -0.64936 -0.013529 0.44906 -0.067804 -2.0323 0.47369 0.23932 -3.7891 0.20887
3 13 228 -0.035643 4.8174 -0.22827 0.097105 3.584 0.004225 0.79354 3.4913 -0.68407 1.0836 1.8841 -0.64442 1.7605 0.84546 0.27245 -0.59965 3.7061 0.68759 -0.8242 2.1159 0.98672 0.48039 1.7314 1.7133 0.5418 0.013529 -0.57425 1.0234 -2.021 -0.36717 -0.23375 -2.57 -1.5373 -0.5418 -0.013529 0.57425 0.032163 -2.0323 0.47743 0.27752 -3.7891 0.15455
3 14 228 -0.057115 4.814 -0.29573 0.052291 3.5839 -0.037019 0.8 3.4785 -0.66724 1.086 1.8738 -0.55817 1.63 0.81242 0.41922 -0.69514 3.7186 0.58793 -0.96748 2.1243 0.81723 0.23563 1.6176 1.6379 0.59322 0.01403 -0.52095 1.1997 -1.9601 -0.13458 -0.0023516 -2.1338 -1.4672 -0.59322 -0.01403 0.52095 -0.12686 -2.0532 0.32492 0.19726 -3.8059 0.05292
3 15 240 -0.11789 4.8118 -0.31256 0.032083 3.5833 -0.069874 0.71517 3.4788 -0.76976 0.99964 1.8742 -0.65533 1.6023 0.83342 0.30962 -0.65142 3.717 0.6246 -0.93481 2.1289 0.88211 0.2562 1.3943 1.5298 0.55621 0.012243 -0.56033 1.2975 -1.914 -0.16759 -0.01977 -1.7791 -1.3913 -0.55621 -0.012243 0.56033 -0.1997 -2.0576 0.23835 0.13026 -3.806 -0.053592
3 24 0 0.10609 4.8224 -0.022518 0.19365 3.5812 0.18465 0.83939 3.605 -0.55684 1.0166 2.0049 -0.83401 1.6716 0.75322 -0.21595 -0.45462 3.5871 0.9243 -0.45585 1.98 1.2178 0.22146 0.73433 1.8238 0.46032 0.013675 -0.64142 0.75184 -2.0125 -0.16824 0.35576 -3.6428 -0.82872 -0.46032 -0.013675 0.64141 -0.084801 -2.0694 0.42397 -0.63898 -3.7274 -0.017438
3 25 0 0.16037 4.8206 0.020699 0.20429 3.5773 0.23457 0.98765 3.5886 -0.36005 1.1535 1.9989 -0.69783 1.6596 0.67364 -0.093513 -0.58069 3.5957 0.82688 -0.63228 1.9822 1.0773 -0.038834 0.71884 1.7327 0.58964 0.0093141 -0.5251 0.71794 -2.0421 -0.089671 0.35467 -3.6423 -0.83685 -0.58964 -0.0093136 0.5251 -0.24669 -2.0763 0.36945 -0.70987 -3.7217 -0.20422
3 26 12 0.17112 4.8177 0.03967 0.24249 3.574 0.2492 1.0117 3.5633 -0.36364 1.1117 1.9919 -0.79867 1.5834 0.58864 -0.36727 -0.52777 3.6143 0.85948 -0.60066 1.9964 1.0732 0.0040548 0.71452 1.6806 0.60227 0.0029826 -0.51065 0.61438 -2.0671 -0.15162 0.15972 -3.644 -0.89835 -0.60227 -0.0029826 0.51065 -0.28424 -2.0754 0.37531 -0.74769 -3.7162 -0.21118
3 27 24 0.16634 4.8168 0.085352 0.28074 3.5705 0.26219 1.0404 3.5729 -0.36249 1.0566 2.0243 -0.88218 1.4492 0.55191 -0.64616 -0.48041 3.5977 0.88451 -0.60648 1.9795 1.0696 -0.014256 0.67017 1.6287 0.59028 -0.0031662 -0.52445 0.50857 -2.075 -0.18501 -0.048964 -3.6334 -0.90021 -0.59028 0.0031657 0.52445 -0.28285 -2.0722 0.41184 -0.7641 -3.7086 -0.17255
3 46 60 0.29644 4.8148 0.21202 0.41472 3.5592 0.20612 1.0582 3.5524 -0.53772 0.95731 1.9883 -0.99821 1.5644 0.59814 -0.72156 -0.22846 3.5957 0.94932 -0.67357 2.0241 0.97495 -0.35168 0.62323 1.5331 0.49766 -0.024152 -0.61257 1.1345 -1.9538 -0.078662 0.0036568 -3.088 -0.90669 -0.49766 0.024153 0.61257 -0.56992 -2.0351 0.20204 -0.79267 -3.7681 -0.24279
3 47 60 0.29591 4.816 0.17893 0.40232 3.5593 0.15695 1.0345 3.5526 -0.59648 0.82968 2.0309 -1.1544 1.2793 0.55762 -1.0847 -0.22946 3.5957 0.90987 -0.52694 2.0008 1.1007 0.26322 0.91587 1.8598 0.50888 -0.037192 -0.60263 1.4898 -1.7426 0.13467 0.15995 -2.4935 -0.82378 -0.50888 0.037192 0.60263 -0.68096 -2.0046 0.13834 -0.80695 -3.7538 -0.28052
3 54 48 0.056514 4.8247 0.10917 0.2218 3.5745 0.14046 0.93069 3.5847 -0.54125 0.6101 2.3963 -1.6153 0.76568 0.91274 -2.006 -0.48792 3.5942 0.82111 -0.17792 2.4549 1.9501 0.76761 3.331 2.7963 0.64742 -0.036708 -0.45056 1.4362 -1.2839 1.045 0.63693 -2.7594 0.38524 -0.64742 0.036708 0.45056 -0.87447 -1.9212 -0.27709 -1.0525 -3.5953 -0.92254
3 55 48 0.079133 4.8231 0.10004 0.25423 3.5745 0.13558 0.96676 3.5855 -0.54232 0.64866 2.385 -1.6036 0.77684 0.89794 -1.9908 -0.45934 3.5933 0.81221 -0.17893 2.4119 1.9051 0.80451 3.2129 2.782 0.64463 -0.044847 -0.45381 1.3148 -1.511 0.89362 0.69535 -3.1689 0.54898 -0.64463 0.044847 0.45381 -0.91995 -1.8889 -0.32019 -1.138 -3.5428 -1.0043
3 56 48 0.079989 4.8219 0.066517 0.26625 3.5752 0.11194 0.98264 3.5876 -0.56184 0.66629 2.3666 -1.6 0.78683 0.86968 -1.95 -0.45149 3.5925 0.78419 -0.23038 2.3482 1.8193 0.82075 3.0008 2.7396 0.64682 -0.054006 -0.44967 1.1618 -1.6961 0.75555 0.7032 -3.4324 0.59406 -0.64682 0.054006 0.44967 -0.98035 -1.8508 -0.37167 -1.2446 -3.4818 -1.0934
3 57 48 0.050357 4.8212 0.034347 0.25302 3.5781 0.10168 0.97094 3.5881 -0.57052 0.67747 2.3116 -1.5469 0.80453 0.80383 -1.8438 -0.46663 3.5977 0.77181 -0.32477 2.2725 1.7165 0.79384 2.6942 2.6905 0.64608 -0.05314 -0.45084 0.99399 -1.8351 0.60641 0.61516 -3.594 0.48895 -0.64608 0.053141 0.45084 -0.99114 -1.8416 -0.38895 -1.3408 -3.4184 -1.1905
3 58 48 -0.0089373 4.8198 0.029715 0.21336 3.582 0.12284 0.93153 3.5872 -0.54916 0.68779 2.2203 -1.4099 0.86293 0.70491 -1.6346 -0.50689 3.6064 0.79217 -0.45741 2.1851 1.596 0.6744 2.2528 2.641 0.6395 -0.0365 -0.46174 0.88224 -1.8928 0.49202 0.48683 -3.649 0.39071 -0.6395 0.0365 0.46174 -0.97994 -1.8708 -0.351 -1.4533 -3.3629 -1.2457
3 78 36 -0.13063 4.8082 -0.33151 0.098243 3.5842 -0.12926 0.85633 3.5809 -0.75588 0.78765 2.1168 -1.4772 1.4368 0.73838 -1.2399 -0.66238 3.6169 0.49344 -0.69894 2.1191 1.1446 0.33948 2.2047 2.2813 0.64975 -0.051898 -0.44567 1.4976 -1.8104 0.33094 0.26639 -2.0443 -0.96533 -0.64975 0.051898 0.44567 -0.51449 -2.0403 0.30924 -0.38122 -3.8331 0.17062
3 79 36 -0.15221 4.8064 -0.37507 0.077045 3.5825 -0.16713 0.8025 3.5747 -0.83122 0.56428 2.2446 -1.7493 1.1498 0.81816 -1.7447 -0.65119 3.6197 0.49291 -0.6523 2.2238 1.3416 0.39009 2.7111 2.368 0.65429 -0.05114 -0.43907 1.7108 -1.5704 0.55595 0.43818 -1.7021 -0.71449 -0.65429 0.051141 0.43907 -0.57702 -2.0371 0.2207 -0.49512 -3.8259 0.010494
3 86 48 -0.18552 4.8137 -0.31596 0.05293 3.5829 -0.1633 0.66376 3.5716 -0.93409 0.30167 2.2143 -1.7679 0.83876 0.77442 -1.8946 -0.56093 3.6237 0.60408 -0.37553 2.2643 1.4908 0.85725 2.6976 2.3095 0.56283 -0.048129 -0.55172 1.5286 -1.4017 0.73256 1.0995 -3.135 0.48227 -0.56283 0.048129 0.55172 -0.95895 -1.9075 -0.10629 -1.2838 -3.5809 -0.69365
4 9 300 0.7088 4.6287 1.2461 0.45355 3.4272 0.93832 1.3025 3.3721 0.44465 1.497 1.8199 -0.026103 1.9675 1.6178 1.4284 -0.3886 3.5102 1.4396 -1.203 2.1693 0.98391 -0.6983 1.4129 2.2292 0.64218 0.065832 -0.45472 0.10319 -1.9071 -0.93576 -0.60555 -3.4001 -1.6565 -0.64218 -0.065833 0.45472 0.26374 -1.7288 1.3647 0.56246 -3.4758 1.0335
4 10 300 0.61567 4.6237 1.3184 0.39782 3.421 0.98812 1.2503 3.3976 0.4982 1.4388 1.8665 -0.039244 1.8763 1.5861 1.4126 -0.44874 3.4723 1.4862 -1.1859 2.0814 1.0494 -0.56558 1.4716 2.3226 0.64554 0.077785 -0.44803 0.053561 -1.8473 -1.0462 -0.67746 -3.2949 -1.8343 -0.64554 -0.077785 0.44803 0.27292 -1.7293 1.3662 0.49404 -3.4528 0.88484
4 11 300 0.55305 4.6073 1.408 0.37198 3.4055 1.0529 1.2276 3.4158 0.56795 1.4166 1.9123 -0.042267 1.8306 1.4899 1.3818 -0.47848 3.4233 1.5466 -1.1249 1.9807 1.1346 -0.40232 1.5204 2.4167 0.65087 0.081275 -0.43961 0.10389 -1.8531 -1.0505 -0.69059 -3.1763 -1.9828 -0.65087 -0.081275 0.43961 0.2829 -1.7072 1.3877 0.38233 -3.3805 0.72365
4 12 300 0.49703 4.6043 1.4513 0.34991 3.4052 1.0728 1.2096 3.4459 0.59667 1.4043 1.9719 -0.080204 1.8084 1.3617 1.277 -0.50536 3.3924 1.5583 -1.0549 1.8967 1.198 -0.24511 1.5982 2.4758 0.65514 0.077103 -0.43399 0.26041 -1.9201 -0.9534 -0.62406 -3.0354 -2.06 -0.65514 -0.077103 0.43399 0.2845 -1.7059 1.3712 0.27267 -3.3089 0.54584
4 13 300 0.52414 4.5953 1.4711 0.39777 3.3996 1.0753 1.2577 3.4613 0.60204 1.4603 2.0079 -0.11585 1.8764 1.2014 1.1308 -0.45821 3.3657 1.5586 -0.90705 1.8161 1.302 -0.02736 1.7044 2.5635 0.65007 0.061033 -0.44404 0.5075 -2.0154 -0.7312 -0.45325 -2.8518 -2.0072 -0.65008 -0.061033 0.44404 0.27572 -1.7396 1.3041 0.15553 -3.2588 0.34058
4 31 0 0.37786 4.609 1.4464 0.21948 3.401 1.0999 1.0615 3.4608 0.59513 1.4867 2.0527 -0.11555 2.4007 1.7707 1.0939 -0.61899 3.3696 1.6131 -1.5387 2.1849 0.9654 -0.79638 1.5188 2.1414 0.59806 0.14444 -0.49493 0.47553 -1.8958 -0.98162 -0.1759 -3.3058 -1.8972 -0.59806 -0.14444 0.49493 0.4804 -1.7791 1.2559 0.72754 -3.3962 0.49768
4 32 12 0.52001 4.6238 1.3587 0.343 3.4105 1.0415 1.0794 3.5071 0.39667 1.4126 2.0878 -0.34046 2.5083 1.7713 0.6973 -0.38945 3.3424 1.6944 -1.3783 2.1668 1.1385 -0.5002 1.5036 2.2187 0.51343 0.13964 -0.58343 0.19799 -1.8567 -1.1574 -0.63671 -3.2034 -2.018 -0.51343 -0.13964 0.58343 0.63877 -1.835 1.0445 0.9892 -3.4823 0.40068
4 33 12 0.36559 4.6343 1.3796 0.22839 3.4193 1.0501 0.97618 3.5432 0.42331 1.3582 2.1215 -0.28501 2.4054 1.7661 0.78959 -0.51638 3.3239 1.6853 -1.4141 2.1175 1.0471 -0.59735 1.4863 2.1926 0.53286 0.14592 -0.56415 0.2943 -1.8535 -1.1639 -0.63147 -3.025 -2.1746 -0.53286 -0.14593 0.56415 0.54816 -1.8898 1.0165 0.95966 -3.5061 0.33161
4 34 12 0.25423 4.6321 1.4175 0.14538 3.4186 1.0724 0.90172 3.5614 0.46006 1.312 2.1472 -0.24725 2.3202 1.7311 0.84279 -0.60855 3.3041 1.6935 -1.3792 2.0221 1.0367 -0.57663 1.4667 2.2304 0.5539 0.1526 -0.54167 0.50355 -1.875 -1.09 -0.52244 -2.788 -2.2582 -0.5539 -0.1526 0.54167 0.48636 -1.9144 1.0194 0.81628 -3.4824 0.19277
4 35 12 0.27479 4.6302 1.4251 0.1893 3.4216 1.0566 0.96076 3.5757 0.46631 1.3688 2.1742 -0.26731 2.3431 1.653 0.80823 -0.58005 3.2958 1.6563 -1.1947 1.9019 1.0664 -0.35416 1.4796 2.2883 0.57641 0.12164 -0.52579 0.79955 -1.9267 -0.93682 -0.27338 -2.5616 -2.2394 -0.57641 -0.12164 0.52579 0.49838 -1.8596 1.0142 0.6628 -3.3591 0.026649
4 52 84 0.48466 4.6439 1.2601 0.3371 3.4041 1.0629 1.0429 3.4895 0.38319 1.393 2.265 -0.63998 2.2187 2.0537 0.64508 -0.36501 3.3475 1.7493 -1.3722 2.1247 1.3505 -0.39379 1.4466 2.3306 0.49054 0.15908 -0.59797 0.49855 -1.9108 -0.95856 -0.1983 -3.3857 -1.7267 -0.49054 -0.15908 0.59797 0.716 -1.8114 1.076 0.33002 -3.2905 0.11989
4 53 84 0.3529 4.64 1.3283 0.23692 3.4022 1.0956 0.98384 3.5058 0.46418 1.3184 2.2623 -0.54104 2.1242 1.9368 0.7327 -0.50723 3.3273 1.7344 -1.4722 2.1163 1.2137 -0.56395 1.4504 2.267 0.52422 0.16501 -0.56698 0.44082 -1.8774 -1.0526 -0.22637 -3.3233 -1.8983 -0.52422 -0.16501 0.56698 0.61692 -1.8713 1.0151 0.52461 -3.4714 0.18933
4 55 96 0.39111 4.6351 1.3578 0.28649 3.4029 1.0911 0.94983 3.547 0.37933 1.0752 2.2533 -0.61031 2.1178 1.7516 0.40902 -0.37397 3.2873 1.8107 -1.3209 2.0352 1.3588 -0.23845 1.458 2.2931 0.47184 0.17043 -0.60977 0.44265 -1.8765 -1.0826 -0.58077 -3.0138 -2.0366 -0.47184 -0.17043 0.60977 0.62292 -1.9534 0.80134 0.47719 -3.515 -0.08811
4 56 96 0.3639 4.6274 1.4152 0.2657 3.4063 1.1007 0.94863 3.5682 0.41163 1.0757 2.2505 -0.54566 2.1122 1.6902 0.44897 -0.41416 3.2726 1.7987 -1.2903 1.9762 1.3292 -0.17792 1.4968 2.2834 0.5043 0.15592 -0.58726 0.68855 -1.903 -0.96303 -0.41753 -2.8027 -2.0667 -0.5043 -0.15592 0.58726 0.59317 -1.9402 0.74861 0.32067 -3.4322 -0.22642
4 73 132 0.54928 4.6422 1.2803 0.36822 3.42 1.0036 1.188 3.4381 0.46041 1.4691 2.0442 -0.34389 2.1188 1.9161 1.0486 -0.44678 3.4305 1.554 -1.4055 2.248 0.96131 -0.54724 1.5939 2.0628 0.59144 0.10462 -0.51259 0.37793 -1.9579 -0.85159 -0.37416 -3.3583 -1.7025 -0.59144 -0.10462 0.51259 0.46723 -1.8014 1.1563 0.42664 -3.5448 0.69809
4 74 132 0.43531 4.6589 1.2674 0.29964 3.4333 0.97997 1.1359 3.4737 0.46382 1.4828 2.0684 -0.29342 2.0311 1.9533 1.1432 -0.53284 3.4215 1.5036 -1.4613 2.2458 0.85198 -0.65869 1.5861 1.9914 0.59693 0.10504 -0.5061 0.32773 -1.925 -0.97594 -0.40358 -3.2813 -1.9122 -0.59693 -0.10504 0.5061 0.41616 -1.8544 1.0786 0.62906 -3.6278 0.83235
5 0 288 0.47559 4.7626 0.79573 0.33899 3.523 0.57547 1.1774 3.5382 0.06147 1.4333 2.0189 -0.48159 2.3184 0.78069 -0.23394 -0.49586 3.5368 1.0953 -0.89638 1.9572 0.98018 -0.87543 0.53298 1.5708 0.6542 -0.0039864 -0.44217 0.43152 -2.0927 -0.39718 -0.26311 -3.5126 -1.2646 -0.6542 0.0039859 0.44217 0.13889 -1.7042 1.3735 0.1829 -3.4933 1.1538
5 0 300 0.63063 4.7626 0.67946 0.45123 3.523 0.49242 1.1644 3.5382 -0.18467 1.3019 2.0189 -0.76907 2.2191 0.78069 -0.71084 -0.2573 3.5368 1.1745 -0.673 1.9572 1.1451 -0.52972 0.53298 1.7184 0.54797 -0.0039864 -0.56852 0.33951 -2.0927 -0.47822 -0.52028 -3.5126 -1.1823 -0.54797 0.0039859 0.56852 0.42142 -1.7042 1.3146 0.4188 -3.4933 1.0906
5 1 288 0.45051 4.7613 0.80488 0.33584 3.5213 0.57416 1.1669 3.5576 0.049328 1.3845 2.0483 -0.5365 2.2719 0.79833 -0.36973 -0.49213 3.514 1.105 -0.86839 1.9267 1.0186 -0.84614 0.4977 1.5975 0.65447 -0.010726 -0.44164 0.39725 -2.0959 -0.42802 -0.3097 -3.4652 -1.3641 -0.65447 0.010726 0.44164 0.10156 -1.7166 1.3685 0.13064 -3.4962 1.0801
5 1 300 0.608 4.7613 0.69362 0.44787 3.5213 0.49179 1.1516 3.5576 -0.19435 1.2427 2.0483 -0.81263 2.1454 0.79833 -0.83402 -0.25163 3.514 1.1832 -0.63764 1.9267 1.1769 -0.4955 0.4977 1.7386 0.54835 -0.010726 -0.56806 0.29958 -2.0959 -0.50126 -0.58655 -3.4652 -1.2699 -0.54835 0.010726 0.56806 0.38387 -1.7166 1.3175 0.35235 -3.4962 1.0294
5 2 288 0.3956 4.7658 0.79913 0.30664 3.5245 0.56443 1.1349 3.5803 0.036981 1.3111 2.0839 -0.59424 2.1814 0.81309 -0.52086 -0.51919 3.4977 1.098 -0.86424 1.9018 1.0461 -0.83605 0.471 1.6203 0.65609 -0.010542 -0.43925 0.378 -2.093 -0.46141 -0.3396 -3.4162 -1.4539 -0.65609 0.010542 0.43925 0.066469 -1.7448 1.3397 0.062197 -3.5116 0.98001
5 2 300 0.5531 4.7658 0.69941 0.41729 3.5245 0.48834 1.1178 3.5803 -0.19979 1.1589 2.0839 -0.85386 2.0254 0.81309 -0.96301 -0.27956 3.4977 1.1819 -0.62786 1.9018 1.2029 -0.4809 0.471 1.7587 0.55042 -0.010542 -0.56606 0.27381 -2.093 -0.52992 -0.63446 -3.4162 -1.3515 -0.55042 0.010542 0.56606 0.34356 -1.7448 1.2966 0.26459 -3.5116 0.94567
5 3 288 0.3573 4.7701 0.77547 0.29115 3.5268 0.54402 1.1126 3.6 0.0080721 1.2618 2.114 -0.65382 2.0937 0.8158 -0.67119 -0.52842 3.4827 1.086 -0.8379 1.8787 1.0689 -0.78452 0.45405 1.6563 0.65127 -0.012904 -0.4463 0.40185 -2.0989 -0.47595 -0.33599 -3.3751 -1.5141 -0.65127 0.012905 0.4463 0.039722 -1.7893 1.2763 -0.011843 -3.5414 0.85397
5 4 288 0.33639 4.772 0.76027 0.28679 3.5268 0.53489 1.0964 3.6122 -0.016949 1.23 2.133 -0.69742 2.0259 0.81523 -0.78503 -0.52136 3.4706 1.0926 -0.79893 1.8607 1.1057 -0.69145 0.4527 1.725 0.64253 -0.01341 -0.45877 0.47697 -2.1079 -0.45569 -0.29318 -3.3287 -1.5361 -0.64253 0.01341 0.45877 0.016077 -1.8264 1.2305 -0.080511 -3.5588 0.74024
5 5 288 0.34312 4.7717 0.75363 0.29077 3.526 0.53233 1.0833 3.6159 -0.04318 1.2012 2.1436 -0.74134 1.9843 0.82036 -0.85719 -0.50019 3.4653 1.1138 -0.75677 1.8523 1.1485 -0.57134 0.471 1.8083 0.62906 -0.011402 -0.47713 0.57572 -2.1114 -0.43859 -0.23316 -3.2679 -1.5607 -0.62906 0.011402 0.47713 0.034517 -1.8453 1.2028 -0.13565 -3.5483 0.63558
5 6 288 0.36835 4.772 0.74426 0.29906 3.5264 0.52748 1.0683 3.6161 -0.078747 1.1732 2.1451 -0.78167 1.9593 0.82407 -0.90182 -0.46835 3.4659 1.1397 -0.71253 1.8519 1.2031 -0.42983 0.50267 1.894 0.61384 -0.0099072 -0.49659 0.7298 -2.1001 -0.31808 -0.14 -3.1529 -1.4954 -0.61384 0.0099072 0.49659 0.028074 -1.8856 1.1363 -0.19266 -3.5656 0.52
5 7 288 0.37823 4.7746 0.74213 0.28995 3.5296 0.52867 1.0373 3.6142 -0.10513 1.1083 2.1422 -0.81007 1.9171 0.83333 -0.91158 -0.45509 3.4742 1.1684 -0.67696 1.8597 1.2822 -0.30802 0.54057 1.9903 0.60525 -0.0027404 -0.50711 0.89143 -2.0609 -0.19664 -0.025537 -3.0638 -1.3816 -0.60525 0.0027404 0.50711 0.022244 -1.9213 1.0717 -0.24755 -3.5771 0.41115
5 8 288 0.37992 4.7794 0.72721 0.27389 3.5345 0.52136 1.0044 3.6114 -0.13273 1.0417 2.1338 -0.82836 1.871 0.83649 -0.9112 -0.45393 3.4867 1.1812 -0.63648 1.8738 1.3659 -0.20158 0.58017 2.0835 0.60358 0.0026531 -0.5091 1.0502 -2 -0.057273 0.13824 -3.0469 -1.2076 -0.60358 -0.0026536 0.5091 0.008079 -1.9511 1.0029 -0.30909 -3.5793 0.2964
5 9 288 0.39159 4.7808 0.71843 0.26805 3.536 0.52205 0.98761 3.6027 -0.14515 0.99119 2.1182 -0.82705 1.8351 0.82945 -0.89504 -0.44846 3.4984 1.1948 -0.58625 1.8912 1.4531 -0.099466 0.62503 2.1862 0.60445 0.0060086 -0.50804 1.1891 -1.9212 0.090601 0.33343 -3.0846 -0.98894 -0.60445 -0.0060081 0.50804 -0.010167 -1.9738 0.94252 -0.37174 -3.5699 0.18582
5 10 288 0.41423 4.7799 0.71386 0.27482 3.5357 0.52482 0.9894 3.5913 -0.14871 0.96412 2.1024 -0.82043 1.8108 0.81481 -0.87527 -0.43638 3.5092 1.2037 -0.54344 1.9104 1.522 -0.0036937 0.67978 2.2782 0.60656 0.0062585 -0.50551 1.2936 -1.8377 0.23082 0.55136 -3.1612 -0.74298 -0.60656 -0.0062585 0.50551 -0.044323 -1.9949 0.88417 -0.43922 -3.557 0.07487
5 11 288 0.44473 4.777 0.71612 0.28836 3.5345 0.52886 1.0001 3.5802 -0.14844 0.95324 2.0876 -0.81074 1.7867 0.79165 -0.87004 -0.41963 3.5178 1.2114 -0.51348 1.9272 1.572 0.083613 0.74013 2.3543 0.61151 0.0040908 -0.49954 1.3597 -1.7631 0.35585 0.79026 -3.258 -0.47591 -0.61151 -0.0040913 0.49954 -0.098978 -2.0178 0.81026 -0.51006 -3.5542 -0.039081
5 12 288 0.47227 4.7739 0.72232 0.30335 3.5332 0.53302 1.0199 3.571 -0.1397 0.95455 2.0767 -0.79678 1.7588 0.76354 -0.87659 -0.40915 3.5245 1.211 -0.49971 1.9409 1.6019 0.14021 0.80403 2.4239 0.62063 0.0008111 -0.48818 1.3812 -1.72 0.44693 1.031 -3.3653 -0.20215 -0.62063 -0.0008111 0.48818 -0.17445 -2.0409 0.71924 -0.58468 -3.5604 -0.16025
5 36 336 0.5355 4.7739 0.66849 0.31406 3.5396 0.49277 1.0646 3.5405 -0.14291 1.6053 2.0562 -0.55915 2.7931 1.2158 -0.049039 -0.43194 3.5678 1.1331 -0.86279 1.9928 1.0836 -0.79087 0.55874 1.6458 0.56889 0.032823 -0.54661 0.50009 -2.067 -0.55847 -0.26684 -3.5219 -1.2974 -0.56889 -0.032823 0.54661 0.28846 -1.7528 1.3957 0.43544 -3.5409 1.2174
5 37 336 0.46471 4.7829 0.66491 0.27898 3.5438 0.48242 1.0401 3.5672 -0.14003 1.5439 2.078 -0.58419 2.708 1.2138 -0.059212 -0.47845 3.5495 1.1098 -0.88126 1.9675 1.0487 -0.81744 0.52616 1.593 0.57343 0.028316 -0.54211 0.44968 -2.0669 -0.63694 -0.34211 -3.4768 -1.4347 -0.57343 -0.028317 0.54211 0.25494 -1.7586 1.3991 0.38524 -3.5393 1.1482
5 38 336 0.4155 4.7852 0.67759 0.26445 3.5438 0.47881 1.0386 3.5897 -0.12612 1.4784 2.0909 -0.60457 2.6052 1.1557 -0.12144 -0.50675 3.527 1.089 -0.88217 1.9386 1.0207 -0.81795 0.49425 1.5569 0.58884 0.017106 -0.52581 0.42757 -2.0718 -0.68364 -0.39181 -3.4108 -1.5705 -0.58884 -0.017106 0.52581 0.18729 -1.7534 1.4187 0.31691 -3.5197 1.081
5 39 336 0.32542 4.7899 0.69115 0.21036 3.5467 0.47934 0.99994 3.6144 -0.1032 1.3629 2.109 -0.62351 2.4342 1.07 -0.23539 -0.57715 3.5083 1.0673 -0.92729 1.9141 0.99949 -0.84812 0.47506 1.5478 0.60835 0.01792 -0.50307 0.42523 -2.0627 -0.73081 -0.41944 -3.3275 -1.6991 -0.60836 -0.01792 0.50307 0.12581 -1.7702 1.4001 0.23857 -3.5174 0.96941
5 39 348 0.46201 4.7899 0.60839 0.30542 3.5467 0.42513 0.95663 3.6144 -0.30884 1.2035 2.109 -0.89325 2.332 1.07 -0.73634 -0.34264 3.5083 1.164 -0.69922 1.9141 1.1704 -0.50778 0.47506 1.6903 0.49047 0.01792 -0.61856 0.26399 -2.0627 -0.80325 -0.76354 -3.3275 -1.5748 -0.49047 -0.01792 0.61856 0.41416 -1.7702 1.3434 0.43491 -3.5174 0.89862
5 40 348 0.4182 4.7927 0.60612 0.28987 3.5464 0.4216 0.95941 3.6259 -0.29447 1.1392 2.1195 -0.90032 2.1635 0.96769 -0.85571 -0.37716 3.4962 1.1427 -0.71129 1.8972 1.1501 -0.47282 0.47558 1.6977 0.50283 0.012809 -0.60869 0.32125 -2.0669 -0.84519 -0.75765 -3.2398 -1.6886 -0.50283 -0.01281 0.60869 0.38521 -1.7996 1.2668 0.3376 -3.5337 0.77525
5 41 348 0.40917 4.7923 0.597 0.30069 3.5448 0.40782 0.98744 3.6324 -0.29081 1.1207 2.1271 -0.9115 2.0257 0.88105 -0.9892 -0.38399 3.4866 1.1115 -0.70429 1.8848 1.1297 -0.40031 0.49372 1.7214 0.50791 0.0028372 -0.60458 0.46008 -2.0856 -0.82956 -0.67892 -3.1396 -1.7474 -0.50791 -0.0028372 0.60458 0.35211 -1.8265 1.1954 0.24804 -3.5445 0.65828
5 42 348 0.4119 4.7895 0.60705 0.3068 3.5428 0.41062 1.0048 3.6335 -0.27633 1.1051 2.129 -0.90497 1.8951 0.82045 -1.1084 -0.3893 3.4815 1.1027 -0.69984 1.878 1.1363 -0.33725 0.52492 1.7808 0.51107 -0.00047588 -0.60192 0.6382 -2.0923 -0.75136 -0.52945 -3.0492 -1.7372 -0.51107 0.00047588 0.60192 0.31305 -1.8537 1.1472 0.15965 -3.5485 0.55147
5 43 348 0.43112 4.7862 0.62422 0.30536 3.5425 0.42278 1.0071 3.6295 -0.2608 1.0775 2.1249 -0.8933 1.7716 0.78317 -1.2026 -0.39433 3.4847 1.1116 -0.69801 1.8803 1.1617 -0.28914 0.56863 1.8617 0.52105 0.00046158 -0.5933 0.83596 -2.0766 -0.62702 -0.30903 -3.0024 -1.6675 -0.52105 -0.00046206 0.5933 0.26589 -1.8841 1.0904 0.076544 -3.5554 0.441
5 44 348 0.42089 4.7877 0.64358 0.29592 3.5443 0.43844 1.0144 3.6195 -0.229 1.0453 2.1178 -0.87138 1.689 0.76448 -1.2344 -0.4202 3.4982 1.1111 -0.70765 1.8919 1.1872 -0.2618 0.6208 1.9377 0.54274 0.0050907 -0.57351 1.0245 -2.0372 -0.46688 -0.034722 -3.0134 -1.5513 -0.54274 -0.0050907 0.57351 0.20996 -1.9116 1.0348 -0.0029294 -3.5605 0.33709
5 45 348 0.43023 4.7861 0.64756 0.27734 3.5456 0.44624 1.0003 3.6133 -0.21721 1.0038 2.1162 -0.87104 1.6381 0.75771 -1.2312 -0.44308 3.5071 1.1147 -0.71896 1.9002 1.2162 -0.23759 0.67168 2.0141 0.56699 0.005693 -0.54954 1.1789 -1.9854 -0.27505 0.28156 -3.0785 -1.3935 -0.56699 -0.0056934 0.54954 0.14487 -1.9369 0.97121 -0.083765 -3.5622 0.22468
5 46 348 0.4089 4.7872 0.66031 0.26019 3.5448 0.46625 0.99909 3.6027 -0.18031 0.97971 2.1114 -0.84683 1.631 0.75051 -1.1656 -0.47613 3.5162 1.1177 -0.74045 1.9089 1.2418 -0.23144 0.72387 2.0869 0.59108 0.0085392 -0.5235 1.2734 -1.9255 -0.067184 0.60791 -3.1842 -1.1733 -0.59108 -0.0085387 0.5235 0.080318 -1.9584 0.92542 -0.16701 -3.553 0.12104
5 47 348 0.38513 4.7873 0.67565 0.23824 3.5447 0.48159 0.99794 3.5962 -0.14096 0.96208 2.1085 -0.81497 1.6377 0.7484 -1.0821 -0.51885 3.5225 1.109 -0.77528 1.9155 1.2525 -0.24755 0.76979 2.1393 0.6151 0.011111 -0.495 1.2974 -1.8704 0.14417 0.94102 -3.3073 -0.88502 -0.6151 -0.01111 0.495 0.0093552 -1.9818 0.87 -0.24874 -3.5412 0.0024612
5 48 0 0.50293 4.7864 0.60043 0.31493 3.545 0.43679 0.95617 3.5899 -0.30761 0.77471 2.1039 -0.96135 1.4144 0.74752 -1.3202 -0.32273 3.5293 1.1855 -0.52874 1.9229 1.3993 0.18065 0.80656 2.1919 0.53126 0.011895 -0.58405 1.3185 -1.8262 0.06097 1.1116 -3.4089 -0.77748 -0.53126 -0.011895 0.58405 0.1031 -2.0037 0.79557 -0.35188 -3.529 -0.051407
5 48 348 0.3671 4.7864 0.69188 0.21723 3.545 0.49273 0.99924 3.5899 -0.10209 0.95765 2.1039 -0.77927 1.658 0.74752 -0.99728 -0.56215 3.5293 1.0925 -0.80812 1.9229 1.2588 -0.27902 0.80656 2.1816 0.64108 0.011895 -0.46083 1.277 -1.8262 0.33376 1.2489 -3.4089 -0.52938 -0.64108 -0.011895 0.46083 -0.064562 -2.0037 0.79962 -0.3335 -3.529 -0.12344
5 49 0 0.49462 4.7857 0.60391 0.2958 3.5461 0.439 0.96301 3.5812 -0.28278 0.80476 2.094 -0.94003 1.4674 0.73793 -1.2558 -0.36765 3.5404 1.1651 -0.56676 1.934 1.3856 0.13324 0.83111 2.205 0.56235 0.0079546 -0.55425 1.3034 -1.8012 0.21529 1.3928 -3.4801 -0.43593 -0.56235 -0.0079546 0.55425 0.0062146 -2.023 0.72868 -0.45582 -3.5171 -0.16872
5 50 0 0.48808 4.7833 0.62061 0.27889 3.546 0.45379 0.97011 3.5765 -0.24525 0.85983 2.0853 -0.90324 1.536 0.728 -1.1829 -0.40859 3.5448 1.1572 -0.60127 1.9383 1.3827 0.068297 0.82974 2.2196 0.58717 0.0075855 -0.52789 1.3045 -1.7676 0.33716 1.5733 -3.504 -0.067254 -0.58717 -0.007586 0.52789 -0.074686 -2.041 0.65718 -0.54454 -3.5072 -0.28122
5 76 84 0.58 4.7764 0.56587 0.31696 3.5495 0.41368 1.0399 3.563 -0.25305 1.5999 2.0729 -0.62025 2.7815 1.2801 -0.026152 -0.40185 3.5652 1.0848 -0.80062 1.9815 1.1215 -0.72316 0.52578 1.6242 0.50581 0.026851 -0.60575 0.35395 -2.068 -0.5509 -0.52448 -3.555 -1.0685 -0.50581 -0.026851 0.60575 0.41775 -1.7507 1.3737 0.41411 -3.451 0.77389
5 77 84 0.52186 4.7818 0.58155 0.28627 3.5508 0.41713 1.0256 3.5815 -0.23085 1.5347 2.0881 -0.65436 2.6488 1.2238 -0.030267 -0.44951 3.5494 1.0698 -0.82389 1.9593 1.0817 -0.731 0.50303 1.5799 0.52251 0.023336 -0.59156 0.32193 -2.0681 -0.58807 -0.58898 -3.5133 -1.1647 -0.52251 -0.023336 0.59156 0.37131 -1.7784 1.3231 0.33623 -3.4657 0.68854
5 78 84 0.47417 4.7858 0.58968 0.27045 3.5505 0.41556 1.027 3.5997 -0.21102 1.4823 2.1042 -0.68508 2.5225 1.1342 -0.089489 -0.48331 3.5306 1.0471 -0.82519 1.9332 1.0438 -0.70056 0.48289 1.5525 0.5386 0.015734 -0.5772 0.32718 -2.0742 -0.61934 -0.62916 -3.4586 -1.2673 -0.5386 -0.015735 0.5772 0.31714 -1.8132 1.2489 0.25586 -3.4908 0.59106
5 79 84 0.41651 4.7889 0.6036 0.24419 3.5508 0.41508 1.018 3.6191 -0.1882 1.413 2.1231 -0.71241 2.3781 1.0356 -0.199 -0.52756 3.5118 1.0235 -0.82929 1.9063 1.0237 -0.65509 0.46877 1.5535 0.55819 0.010927 -0.5584 0.38467 -2.0815 -0.6366 -0.63552 -3.376 -1.3676 -0.55819 -0.010927 0.5584 0.24893 -1.845 1.19 0.17836 -3.5091 0.49953
5 80 84 0.3701 4.7908 0.61929 0.22274 3.5494 0.42801 1.007 3.6249 -0.16073 1.3425 2.1305 -0.72883 2.2415 0.94035 -0.33769 -0.55979 3.5031 1.022 -0.82667 1.8915 1.034 -0.59073 0.47481 1.5952 0.57564 0.0095267 -0.54042 0.49816 -2.0886 -0.6197 -0.58637 -3.2679 -1.4468 -0.57564 -0.0095263 0.54042 0.18343 -1.8797 1.124 0.10029 -3.5313 0.40546
5 81 84 0.34814 4.7885 0.64595 0.21905 3.546 0.44689 1.0148 3.6292 -0.12509 1.2955 2.1384 -0.73128 2.128 0.86461 -0.48181 -0.57532 3.492 1.0243 -0.81614 1.8765 1.0531 -0.51252 0.49149 1.659 0.59131 0.0066929 -0.52327 0.66232 -2.0931 -0.53718 -0.46157 -3.1457 -1.4751 -0.59131 -0.0066929 0.52327 0.12623 -1.9072 1.0595 0.030344 -3.5476 0.31731
5 82 84 0.33103 4.7864 0.67534 0.20979 3.5442 0.46714 1.0145 3.6275 -0.092272 1.2426 2.1401 -0.72809 2.0178 0.81067 -0.63072 -0.59345 3.4902 1.0321 -0.81354 1.8723 1.0846 -0.45127 0.52675 1.7448 0.60682 0.0069556 -0.50519 0.84322 -2.0775 -0.38997 -0.26542 -3.0434 -1.4335 -0.60682 -0.0069551 0.50519 0.080825 -1.9247 1.0189 -0.033895 -3.5461 0.23867
5 83 84 0.30656 4.7847 0.7095 0.18653 3.5437 0.49191 0.99897 3.6232 -0.056707 1.1842 2.1383 -0.71203 1.9101 0.77866 -0.75823 -0.62435 3.4933 1.0463 -0.82424 1.874 1.127 -0.4195 0.56745 1.8388 0.62346 0.01264 -0.48439 0.99895 -2.0356 -0.20524 -0.020871 -3.0104 -1.3281 -0.62346 -0.01264 0.48439 0.041826 -1.9443 0.97467 -0.10182 -3.5435 0.1545
5 83 96 0.44738 4.7847 0.63026 0.28473 3.5437 0.44238 0.96535 3.6232 -0.26317 1.0103 2.1383 -0.94268 1.7107 0.77866 -1.1388 -0.39318 3.4933 1.1532 -0.57192 1.874 1.2737 -0.028016 0.56745 1.8859 0.50913 0.01264 -0.60343 0.93445 -2.0356 -0.40844 -0.29653 -3.0104 -1.2947 -0.50913 -0.01264 0.60343 0.24356 -1.9443 0.94468 -0.067473 -3.5435 0.17229
5 84 96 0.424 4.7842 0.65772 0.25746 3.5444 0.46512 0.94923 3.6199 -0.22994 0.95693 2.1368 -0.91482 1.5965 0.76492 -1.2093 -0.43157 3.4981 1.1655 -0.56908 1.8791 1.3343 0.0086241 0.60866 1.99 0.53326 0.01784 -0.58208 1.0916 -1.9762 -0.22687 0.0046977 -3.0442 -1.1907 -0.53326 -0.01784 0.58208 0.19361 -1.9638 0.89676 -0.15724 -3.5418 0.098161
5 85 96 0.40291 4.7846 0.67028 0.23461 3.545 0.47796 0.93711 3.614 -0.20694 0.91906 2.1344 -0.8992 1.5265 0.75959 -1.2435 -0.46507 3.5051 1.168 -0.55905 1.8901 1.3953 0.048472 0.65446 2.0893 0.55742 0.020024 -0.55891 1.2009 -1.9116 -0.040349 0.32228 -3.1259 -1.0426 -0.55742 -0.020024 0.55891 0.13495 -1.9832 0.84339 -0.24609 -3.5402 0.017832
5 86 96 0.39009 4.783 0.68833 0.21652 3.5438 0.49723 0.92933 3.6027 -0.17789 0.89522 2.1289 -0.88192 1.5008 0.75329 -1.2263 -0.49329 3.5141 1.1774 -0.56385 1.9039 1.4443 0.070212 0.7026 2.1739 0.58075 0.022846 -0.53452 1.2604 -1.8492 0.13465 0.63236 -3.2339 -0.83444 -0.58075 -0.022846 0.53452 0.076929 -2.0005 0.80054 -0.33012 -3.5308 -0.061509
5 87 96 0.37223 4.7806 0.71492 0.19681 3.5423 0.51882 0.92416 3.5972 -0.14096 0.88161 2.1291 -0.85625 1.5026 0.75305 -1.1704 -0.5275 3.5167 1.1837 -0.5821 1.9121 1.4853 0.072431 0.74218 2.2473 0.60284 0.026617 -0.50929 1.2811 -1.7969 0.28392 0.90918 -3.3346 -0.58084 -0.60284 -0.026618 0.50929 0.0094791 -2.0219 0.7504 -0.41773 -3.5229 -0.1526
5 88 96 0.36059 4.7794 0.73122 0.18184 3.5417 0.53343 0.92142 3.5882 -0.11327 0.88019 2.1226 -0.83367 1.5233 0.7476 -1.1049 -0.55452 3.5244 1.1852 -0.60283 1.9241 1.5099 0.062048 0.77861 2.2994 0.62158 0.0288 -0.48611 1.2802 -1.7563 0.40499 1.1403 -3.4164 -0.28445 -0.62158 -0.028801 0.48611 -0.063925 -2.0454 0.67786 -0.50134 -3.5227 -0.25872
5 89 96 0.35694 4.778 0.74242 0.17618 3.541 0.54205 0.93097 3.5822 -0.087198 0.90207 2.1163 -0.8075 1.5688 0.74421 -1.0326 -0.57531 3.5289 1.1765 -0.63003 1.9308 1.511 0.03594 0.80321 2.3251 0.63488 0.028259 -0.46864 1.2797 -1.7231 0.49638 1.3131 -3.4667 0.038563 -0.63488 -0.02826 0.46864 -0.13888 -2.0662 0.59183 -0.57695 -3.5259 -0.37161
5 89 108 0.5035 4.778 0.65198 0.28503 3.541 0.49357 0.8925 3.5822 -0.27885 0.71447 2.1163 -0.97741 1.3198 0.74421 -1.3362 -0.31813 3.5289 1.2704 -0.3021 1.9308 1.609 0.51857 0.80321 2.2668 0.52357 0.028259 -0.5904 1.3549 -1.7231 0.21948 1.2924 -3.4667 -0.23529 -0.52357 -0.02826 0.5904 -0.012796 -2.0662 0.60777 -0.64161 -3.5259 -0.24354
5 90 96 0.35497 4.7787 0.74203 0.1766 3.5414 0.5405 0.94602 3.5779 -0.071076 0.9412 2.1094 -0.78672 1.6329 0.74275 -0.96422 -0.58949 3.5341 1.1573 -0.66153 1.9354 1.4854 -0.0094989 0.81597 2.3218 0.64495 0.025657 -0.45484 1.2865 -1.6972 0.56224 1.4189 -3.4825 0.34729 -0.64495 -0.025657 0.45484 -0.21739 -2.0822 0.50215 -0.64606 -3.5283 -0.48572
5 90 108 0.50149 4.7787 0.65201 0.28511 3.5414 0.49197 0.91057 3.5779 -0.26621 0.75706 2.1094 -0.96521 1.3968 0.74275 -1.2827 -0.33599 3.5341 1.2546 -0.33823 1.9354 1.5905 0.47343 0.81597 2.273 0.53629 0.025657 -0.57899 1.3753 -1.6972 0.28248 1.4601 -3.4825 0.044689 -0.53629 -0.025657 0.57899 -0.10823 -2.0822 0.53638 -0.73293 -3.5283 -0.34078
5 91 108 0.50812 4.779 0.6456 0.29109 3.5416 0.48626 0.9315 3.5672 -0.25979 0.80996 2.0947 -0.95676 1.4864 0.73653 -1.2314 -0.34483 3.5452 1.2366 -0.37666 1.9435 1.5564 0.40811 0.81712 2.2586 0.54912 0.020752 -0.56704 1.3953 -1.6756 0.33885 1.5643 -3.4701 0.29177 -0.54912 -0.020752 0.56704 -0.20593 -2.0908 0.45939 -0.82152 -3.5264 -0.44109
5 110 132 0.60898 4.7743 0.61239 0.38672 3.5383 0.44805 1.1251 3.4999 -0.20055 1.5227 1.9468 -0.51456 2.5664 0.94329 0.015736 -0.34588 3.6057 1.1008 -0.74001 2.021 1.1478 -0.51067 0.6448 1.8044 0.57029 0.013216 -0.54598 0.60933 -2.078 -0.34657 -0.078296 -3.613 -0.99594 -0.57029 -0.013217 0.54598 0.31366 -1.737 1.3593 0.26408 -3.5381 1.2913
5 111 132 0.58192 4.778 0.6071 0.36363 3.541 0.44436 1.0875 3.5085 -0.22069 1.4887 1.9553 -0.52931 2.533 0.97413 0.040405 -0.35467 3.6026 1.1134 -0.74755 2.0172 1.1446 -0.54418 0.62438 1.7742 0.55789 0.018094 -0.55851 0.52932 -2.0798 -0.44805 -0.19057 -3.5963 -1.1061 -0.55789 -0.018094 0.55851 0.38858 -1.7253 1.3357 0.3707 -3.5265 1.4146
5 112 132 0.55389 4.7817 0.60451 0.34381 3.5435 0.43983 1.0577 3.5214 -0.23632 1.4519 1.9675 -0.55061 2.4912 0.98809 0.030914 -0.36487 3.5946 1.1199 -0.75404 2.0081 1.1399 -0.57664 0.59882 1.7399 0.54835 0.020667 -0.56779 0.45994 -2.0783 -0.5371 -0.29647 -3.5671 -1.217 -0.54835 -0.020667 0.56779 0.41986 -1.7192 1.3372 0.42569 -3.5174 1.4689
6 19 120 0.54612 4.7547 0.77754 0.43135 3.5113 0.57839 1.2757 3.4737 0.075336 1.5502 1.9086 -0.30391 2.3333 0.82105 0.45879 -0.40828 3.5779 1.0863 -0.88005 2.0173 0.98196 -1.0144 0.58885 1.5468 0.62279 0.0090504 -0.48533 0.33532 -2.0719 -0.52097 -0.26922 -3.7021 -0.9984 -0.62279 -0.0090508 0.48533 0.16418 -1.7493 1.3609 0.42146 -3.5269 1.5183
6 20 120 0.52729 4.7578 0.77401 0.41422 3.5142 0.57428 1.249 3.4825 0.055129 1.5138 1.9196 -0.33951 2.2891 0.84093 0.4435 -0.41594 3.5749 1.0982 -0.88864 2.0152 0.98653 -1.0274 0.58205 1.5385 0.61502 0.013275 -0.49505 0.26254 -2.0546 -0.61377 -0.35761 -3.676 -1.1009 -0.61502 -0.013275 0.49505 0.18057 -1.7524 1.3649 0.44004 -3.5273 1.5475
6 21 120 0.509 4.7593 0.77407 0.40247 3.5147 0.5778 1.2263 3.4912 0.041025 1.4792 1.9329 -0.37905 2.2528 0.84633 0.39458 -0.41686 3.5672 1.1194 -0.88596 2.0065 1.0063 -1.0181 0.5692 1.5489 0.60796 0.017014 -0.50358 0.19156 -2.0321 -0.70837 -0.44877 -3.6398 -1.2146 -0.60796 -0.017014 0.50358 0.19164 -1.7587 1.3647 0.43383 -3.5371 1.536
6 22 120 0.50724 4.7612 0.76289 0.40364 3.5162 0.56686 1.2174 3.5013 0.014622 1.4464 1.9495 -0.44181 2.2265 0.83768 0.28819 -0.40575 3.5602 1.1239 -0.86903 1.9976 1.0129 -0.98605 0.55701 1.5502 0.60127 0.013912 -0.51164 0.14247 -2.0194 -0.77533 -0.53561 -3.5937 -1.3345 -0.60127 -0.013912 0.51164 0.19341 -1.7736 1.3401 0.4283 -3.5555 1.4829
6 23 120 0.52698 4.7573 0.76546 0.42747 3.5122 0.56863 1.2336 3.5042 0.0051839 1.429 1.9589 -0.48734 2.218 0.79976 0.15413 -0.37437 3.5492 1.137 -0.82616 1.9825 1.0367 -0.92434 0.5405 1.574 0.60416 0.0042269 -0.5084 0.11441 -2.0137 -0.82832 -0.59575 -3.5451 -1.4619 -0.60416 -0.0042267 0.5084 0.19761 -1.7627 1.3326 0.38975 -3.5532 1.4215
6 24 120 0.50969 4.7565 0.77903 0.42016 3.5107 0.58237 1.2284 3.5078 0.021912 1.376 1.9691 -0.50637 2.1676 0.74294 -0.008743 -0.38397 3.5427 1.1478 -0.81387 1.9683 1.0743 -0.89147 0.52798 1.6193 0.61143 0.0066936 -0.4996 0.085479 -1.9873 -0.90174 -0.64205 -3.4816 -1.6008 -0.61143 -0.0066936 0.4996 0.20323 -1.7511 1.3408 0.33489 -3.5493 1.3364
6 25 120 0.52147 4.7588 0.74968 0.43019 3.5109 0.56678 1.2378 3.5027 0.0054256 1.3519 1.9681 -0.54296 2.1231 0.67105 -0.22566 -0.37328 3.5483 1.1328 -0.77657 1.9658 1.0922 -0.80873 0.53657 1.6701 0.60918 0.003053 -0.50239 0.079698 -1.978 -0.95984 -0.67053 -3.4201 -1.7399 -0.60918 -0.003053 0.50239 0.19708 -1.7716 1.3001 0.26636 -3.5712 1.2124
6 26 120 0.56115 4.7595 0.70403 0.46533 3.5091 0.53923 1.2687 3.496 -0.027987 1.3711 1.9597 -0.57393 2.1058 0.61075 -0.43925 -0.33401 3.5514 1.1107 -0.71537 1.963 1.1085 -0.68253 0.55705 1.7409 0.59937 -0.0062075 -0.51401 0.13616 -2.0081 -0.95247 -0.66276 -3.36 -1.8384 -0.59937 0.006207 0.51401 0.17894 -1.8083 1.2324 0.19767 -3.6046 1.0784
6 27 120 0.59505 4.7601 0.66991 0.48436 3.5087 0.52201 1.2726 3.486 -0.065852 1.3657 1.947 -0.60578 2.072 0.57633 -0.61645 -0.2995 3.5607 1.1138 -0.6711 1.9704 1.1522 -0.55235 0.6007 1.8505 0.58974 -0.0070906 -0.52503 0.25081 -2.0492 -0.88474 -0.61869 -3.2778 -1.8774 -0.58974 0.0070906 0.52503 0.16262 -1.8434 1.1761 0.12777 -3.6327 0.95662
6 28 108 0.49774 4.7576 0.76405 0.38805 3.5072 0.60511 1.2629 3.4688 0.15727 1.4581 1.9326 -0.36312 2.1638 0.56439 -0.27552 -0.48272 3.5748 1.0574 -0.86434 1.9864 1.069 -0.81165 0.66087 1.8551 0.67673 -0.0058818 -0.40682 0.56195 -2.0879 -0.66449 -0.13859 -3.1753 -1.9205 -0.67673 0.0058813 0.40682 -0.085621 -1.8762 1.1297 -0.11683 -3.6547 0.83444
6 28 120 0.64572 4.7576 0.64387 0.50538 3.5072 0.51121 1.268 3.4688 -0.10874 1.3507 1.9326 -0.65834 2.0592 0.56439 -0.71937 -0.25233 3.5748 1.1346 -0.62318 1.9864 1.2254 -0.40821 0.66087 1.9833 0.57736 -0.0058818 -0.53863 0.41151 -2.0879 -0.7668 -0.53486 -3.1753 -1.8497 -0.57736 0.0058813 0.53863 0.15112 -1.8762 1.1228 0.05921 -3.6547 0.84049
6 55 144 0.54571 4.7971 0.43752 0.4014 3.5443 0.33853 1.0652 3.4885 -0.38506 1.5411 1.9629 -0.72387 2.6467 0.91029 -0.50667 -0.25735 3.6293 1.0639 -0.70758 2.0635 1.1834 -0.41465 0.71275 1.867 0.48272 0.019257 -0.62459 0.65299 -2.0364 -0.22489 0.018234 -3.6912 -0.55589 -0.48272 -0.019257 0.62459 0.34226 -1.8707 1.1776 -0.18829 -3.5253 0.69629
6 56 144 0.51969 4.7999 0.4368 0.38077 3.5466 0.33642 1.0454 3.4933 -0.3866 1.5785 1.9782 -0.68532 2.7441 1.0305 -0.33781 -0.27896 3.6292 1.0612 -0.70843 2.0579 1.185 -0.38227 0.71356 1.8662 0.47827 0.022614 -0.62789 0.52292 -2.0562 -0.32665 -0.14497 -3.7004 -0.64504 -0.47827 -0.022614 0.62789 0.41961 -1.8373 1.1891 0.15008 -3.5963 0.89852
6 57 132 0.38054 4.8041 0.52568 0.27303 3.5497 0.40236 1.0702 3.5023 -0.1718 1.6859 1.9958 -0.31336 2.7624 1.1547 0.40159 -0.51989 3.6264 0.97922 -0.94641 2.05 1.0233 -0.74166 0.70832 1.7552 0.59291 0.027805 -0.52076 0.45998 -2.062 -0.34892 -0.1515 -3.7024 -0.78026 -0.59291 -0.027806 0.52076 0.21913 -1.8206 1.2561 0.23873 -3.6206 1.1531
6 57 144 0.48152 4.8041 0.43508 0.35072 3.5497 0.3368 1.0111 3.5023 -0.39055 1.5839 1.9958 -0.65702 2.7856 1.1547 -0.18153 -0.30494 3.6264 1.0659 -0.71297 2.05 1.1977 -0.36053 0.70832 1.871 0.47168 0.027805 -0.63265 0.37738 -2.062 -0.43693 -0.31041 -3.7024 -0.73171 -0.47168 -0.027806 0.63265 0.47549 -1.8206 1.1831 0.47325 -3.6206 1.0782
6 58 132 0.34926 4.8075 0.51488 0.25034 3.5521 0.39408 1.0416 3.5116 -0.18866 1.6773 2.0113 -0.30597 2.7466 1.2771 0.52795 -0.53693 3.6221 0.97947 -0.95212 2.0431 1.0361 -0.72721 0.70318 1.7653 0.58296 0.032121 -0.53162 0.34218 -2.0544 -0.47888 -0.2905 -3.6913 -0.89265 -0.58296 -0.032122 0.53162 0.26995 -1.8125 1.2506 0.49187 -3.5995 1.3422
6 59 132 0.32624 4.8082 0.51857 0.23428 3.5523 0.39775 1.0153 3.519 -0.1991 1.6594 2.0213 -0.30286 2.7108 1.3767 0.62281 -0.54292 3.615 0.99724 -0.94919 2.0341 1.0649 -0.71722 0.69403 1.7916 0.56971 0.038469 -0.54538 0.21844 -2.0321 -0.60521 -0.43121 -3.6673 -0.99884 -0.56971 -0.038469 0.54538 0.3201 -1.8107 1.2393 0.67766 -3.5644 1.4581
6 60 132 0.31136 4.8092 0.52013 0.22137 3.5532 0.39799 0.98922 3.5274 -0.21609 1.6343 2.0302 -0.32117 2.6644 1.4433 0.66474 -0.54272 3.6084 1.0148 -0.94039 2.0257 1.0909 -0.71462 0.68116 1.8112 0.55614 0.043093 -0.55888 0.1145 -2.0057 -0.70614 -0.55374 -3.6342 -1.0966 -0.55614 -0.043093 0.55888 0.36098 -1.8121 1.2251 0.78697 -3.5451 1.4822
6 61 132 0.28813 4.8106 0.5253 0.20345 3.5543 0.40037 0.95959 3.5376 -0.22838 1.5923 2.0366 -0.35169 2.6004 1.4662 0.66625 -0.54909 3.6005 1.032 -0.93717 2.0158 1.1142 -0.72708 0.65904 1.8162 0.54295 0.047941 -0.57132 0.026332 -1.9773 -0.78562 -0.67829 -3.586 -1.1937 -0.54295 -0.047941 0.57132 0.37787 -1.8265 1.2062 0.81737 -3.5595 1.4396
6 62 132 0.26823 4.8096 0.5371 0.19111 3.5527 0.41321 0.93219 3.5454 -0.2334 1.5398 2.0373 -0.39268 2.5268 1.4329 0.6263 -0.54662 3.5895 1.0627 -0.92602 2.0028 1.1481 -0.73268 0.63138 1.826 0.52639 0.054033 -0.58609 -0.054023 -1.9468 -0.8585 -0.79236 -3.5336 -1.2917 -0.52639 -0.054033 0.58609 0.40497 -1.836 1.1957 0.78463 -3.5914 1.3544
6 63 132 0.28098 4.806 0.54495 0.21709 3.5483 0.41909 0.94392 3.5565 -0.24349 1.5032 2.0366 -0.4578 2.4775 1.3549 0.52391 -0.50678 3.5697 1.0846 -0.87919 1.9814 1.1695 -0.70465 0.59372 1.8188 0.50508 0.049093 -0.60497 -0.12248 -1.9296 -0.92912 -0.8972 -3.489 -1.3971 -0.50508 -0.049093 0.60497 0.4414 -1.8285 1.1985 0.72203 -3.608 1.2724
6 64 132 0.29991 4.8031 0.53804 0.25427 3.5458 0.40233 0.96747 3.5712 -0.27448 1.4562 2.0375 -0.55338 2.418 1.2294 0.34078 -0.45635 3.55 1.0823 -0.81723 1.9589 1.1656 -0.66355 0.5553 1.7852 0.497 0.031991 -0.61275 -0.12472 -1.9476 -0.94316 -0.97486 -3.4373 -1.4988 -0.497 -0.031991 0.61275 0.441 -1.8154 1.2077 0.62489 -3.6087 1.176
6 65 132 0.28837 4.799 0.55958 0.26485 3.5429 0.40887 0.9727 3.5872 -0.27256 1.3709 2.0422 -0.62345 2.317 1.0845 0.1285 -0.44088 3.5281 1.0938 -0.78796 1.9342 1.1821 -0.64297 0.52101 1.7816 0.49698 0.026989 -0.61301 -0.095833 -1.9627 -0.93559 -1.0104 -3.3736 -1.5866 -0.49698 -0.026988 0.61301 0.42091 -1.8227 1.2023 0.53141 -3.6182 1.0809
6 66 132 0.3059 4.795 0.55689 0.29494 3.5394 0.40041 0.99439 3.5985 -0.28853 1.3086 2.0488 -0.69928 2.2211 0.93787 -0.14187 -0.40271 3.5098 1.0931 -0.73107 1.9126 1.1923 -0.56718 0.50113 1.791 0.48676 0.017378 -0.6215 -0.0085217 -2.0062 -0.89383 -1.0016 -3.3114 -1.6428 -0.48676 -0.017378 0.6215 0.39527 -1.849 1.1519 0.42833 -3.6417 0.962
6 67 120 0.21489 4.7937 0.58898 0.24272 3.5389 0.42634 1.0572 3.6082 -0.12064 1.3907 2.0583 -0.51453 2.1689 0.825 -0.01348 -0.57099 3.4991 0.97739 -0.89908 1.8994 1.0217 -0.8205 0.50075 1.6661 0.59218 0.0025463 -0.52231 0.30612 -2.0625 -0.78352 -0.59536 -3.2246 -1.8265 -0.59218 -0.0025463 0.52231 0.11346 -1.8793 1.15 0.13963 -3.6637 0.89278
6 68 120 0.25727 4.7886 0.59474 0.28138 3.535 0.42327 1.0788 3.6097 -0.1476 1.3618 2.0629 -0.59052 2.1332 0.75263 -0.33398 -0.5152 3.4897 0.9984 -0.8304 1.888 1.0603 -0.69597 0.51103 1.7411 0.57868 -0.0058322 -0.53721 0.46437 -2.1003 -0.65788 -0.52048 -3.1212 -1.7709 -0.57868 0.0058322 0.53721 0.089772 -1.9054 1.0982 0.065876 -3.6777 0.76787
6 69 120 0.29906 4.786 0.60261 0.30828 3.5327 0.42659 1.0869 3.6067 -0.16971 1.3256 2.0668 -0.66018 2.0767 0.72072 -0.62092 -0.46926 3.4881 1.0273 -0.76996 1.8854 1.1248 -0.55812 0.53668 1.8416 0.56861 -0.0086217 -0.54782 0.63073 -2.1085 -0.51443 -0.40119 -3.0625 -1.644 -0.56861 0.0086222 0.54782 0.073505 -1.9289 1.0459 -0.0010886 -3.6855 0.6466
6 70 120 0.32309 4.7875 0.61235 0.30805 3.5341 0.43602 1.0662 3.6013 -0.18697 1.2632 2.0713 -0.72454 1.9927 0.71819 -0.84501 -0.44849 3.4963 1.0634 -0.72302 1.8936 1.2205 -0.43347 0.57423 1.9642 0.56522 -0.0038543 -0.55137 0.79277 -2.0833 -0.35533 -0.22828 -3.0782 -1.4592 -0.56522 0.0038538 0.55137 0.052457 -1.954 0.99814 -0.069401 -3.6907 0.52931
6 71 120 0.33308 4.7915 0.61017 0.29504 3.5376 0.44002 1.0355 3.5933 -0.20493 1.193 2.0749 -0.78689 1.9162 0.72824 -0.98925 -0.44341 3.5113 1.0891 -0.67402 1.9107 1.321 -0.31947 0.6205 2.0873 0.5694 0.0014014 -0.54706 0.9328 -2.0394 -0.20476 -0.024279 -3.1573 -1.2466 -0.5694 -0.0014009 0.54706 0.035548 -1.9733 0.94696 -0.13574 -3.6854 0.40814
6 72 120 0.34169 4.7935 0.60785 0.28266 3.5391 0.44755 1.0113 3.5817 -0.21175 1.1378 2.0743 -0.82853 1.8668 0.73506 -1.0581 -0.44348 3.5259 1.1108 -0.62999 1.9325 1.4194 -0.2053 0.68085 2.2135 0.57735 0.0065432 -0.53864 1.0523 -1.981 -0.050432 0.21228 -3.2698 -0.99078 -0.57735 -0.0065432 0.53864 0.017343 -1.9892 0.8988 -0.20335 -3.6722 0.29078
6 73 120 0.35669 4.7956 0.59694 0.27549 3.5408 0.44834 0.99307 3.5719 -0.22357 1.0881 2.071 -0.8615 1.8288 0.73776 -1.0883 -0.43926 3.539 1.124 -0.5885 1.9569 1.5024 -0.095074 0.75409 2.3316 0.58272 0.0095348 -0.53277 1.1449 -1.9164 0.090913 0.47031 -3.382 -0.71391 -0.58272 -0.0095353 0.53277 -0.0052942 -2.0048 0.84896 -0.27265 -3.6549 0.17325
6 74 120 0.37576 4.7981 0.57523 0.27667 3.5435 0.43439 0.98735 3.5651 -0.24519 1.0461 2.0655 -0.89068 1.8071 0.74098 -1.1006 -0.43092 3.5513 1.1175 -0.55548 1.9811 1.5507 0.0048317 0.83592 2.418 0.58541 0.007947 -0.52984 1.2004 -1.8575 0.21595 0.73274 -3.4796 -0.4173 -0.58541 -0.007947 0.52984 -0.050379 -2.024 0.78224 -0.34725 -3.6452 0.051223
6 75 120 0.38766 4.801 0.55341 0.27162 3.547 0.42002 0.97648 3.5566 -0.26586 1.0025 2.0526 -0.90301 1.7723 0.73055 -1.0963 -0.42977 3.5668 1.1092 -0.54426 2.0079 1.584 0.072988 0.92629 2.4933 0.59035 0.0080385 -0.52433 1.2179 -1.8176 0.30474 0.97983 -3.5552 -0.11395 -0.59035 -0.008039 0.52433 -0.11578 -2.0474 0.69783 -0.42565 -3.6474 -0.073341
6 76 120 0.39527 4.8045 0.52564 0.26353 3.5512 0.39988 0.96986 3.5501 -0.28456 0.96283 2.0416 -0.91134 1.7384 0.71828 -1.0696 -0.43906 3.5817 1.0875 -0.55354 2.0328 1.5938 0.11414 1.0156 2.541 0.59766 0.007731 -0.51598 1.2124 -1.8023 0.35597 1.197 -3.5974 0.1878 -0.59766 -0.007731 0.51598 -0.19494 -2.0683 0.59554 -0.50394 -3.6532 -0.20647
6 77 120 0.40667 4.8079 0.48827 0.26245 3.5551 0.3715 0.97307 3.5418 -0.30836 0.94014 2.0281 -0.922 1.714 0.69991 -1.0429 -0.44415 3.5979 1.0543 -0.56555 2.0558 1.5796 0.13923 1.094 2.5573 0.60496 0.0042596 -0.50744 1.2023 -1.8033 0.38146 1.3696 -3.596 0.47794 -0.60496 -0.0042591 0.50744 -0.28371 -2.0804 0.47953 -0.57804 -3.6584 -0.34148
