2 8 216 -3.2927 2.8051 2.1698 -2.3704 2.1052 1.6681 -1.8609 2.0428 2.5071 -0.48124 1.4042 1.9093 0.41127 0.14683 1.9175 -2.9009 2.183 0.84357 -2.0365 1.4022 -0.30184 -2.1373 0.079658 -1.0882 0.45411 -0.01733 0.64574 -0.88506 -1.4641 1.3722 0.21632 -2.7125 0.67981 -0.45411 0.01733 -0.64574 -1.6875 -1.5486 0.018147 -0.5039 -2.7042 -0.69916
2 10 228 -2.6049 3.171 2.5681 -1.876 2.3442 1.9579 -1.2112 2.2904 2.6808 -0.4107 0.89263 2.4088 -0.78716 -0.49473 2.9666 -2.5574 2.4155 1.2522 -2.4674 0.95053 0.53488 -3.3693 -0.24212 0.9117 0.56392 -0.024077 0.55219 -0.62609 -1.4658 1.5112 0.42408 -2.531 0.50454 -0.56392 0.024077 -0.55219 -1.6679 -1.5389 0.31546 -0.54126 -2.5398 -0.6744
2 32 228 -2.794 3.0832 2.4575 -2.0358 2.3101 1.8141 -1.362 2.2783 2.5299 -0.67732 0.80285 2.3788 -0.86622 -0.61789 2.9475 -2.7273 2.3578 1.1163 -2.6673 0.96049 0.27216 -3.1456 -0.50534 0.28882 0.54607 0.041699 0.56883 -0.75674 -1.07 1.7858 0.012634 -2.5028 1.0074 -0.54607 -0.041699 -0.56883 -1.8757 -1.108 0.65974 -1.0281 -2.4642 -0.17276
2 33 228 -2.956 2.7665 2.6342 -2.1522 2.0883 1.9386 -1.4712 2.0622 2.6477 -0.55447 0.74715 2.3333 -0.49175 -0.75167 2.6901 -2.8517 2.1283 1.2482 -2.5863 0.91968 0.18167 -2.7631 -0.60015 -0.0093997 0.5447 0.040777 0.57021 -0.71835 -1.1647 1.7389 0.038212 -2.6282 1.0063 -0.5447 -0.040776 -0.57021 -1.8026 -1.2153 0.63502 -1.0185 -2.6047 -0.20502
2 34 228 -3.091 2.4375 2.7977 -2.2525 1.8579 2.053 -1.57 1.827 2.7605 -0.46401 0.71782 2.2965 -0.10158 -0.77292 2.4514 -2.9542 1.9006 1.3651 -2.5255 0.91276 0.13662 -2.4133 -0.55689 -0.3164 0.54492 0.03717 0.57024 -0.65445 -1.2951 1.6661 0.064633 -2.8089 1.001 -0.54492 -0.03717 -0.57024 -1.7199 -1.3441 0.58114 -1.0006 -2.7841 -0.23108
2 35 228 -3.1938 2.1116 2.9428 -2.3332 1.6199 2.1605 -1.6477 1.5767 2.8645 -0.40638 0.69891 2.2667 0.22689 -0.70699 2.2762 -3.0383 1.673 1.4768 -2.4859 0.91684 0.13823 -2.1407 -0.40448 -0.57773 0.54483 0.029358 0.57078 -0.56782 -1.4501 1.5645 0.10391 -3.0161 0.97518 -0.54483 -0.029358 -0.57079 -1.6231 -1.4875 0.49017 -0.97635 -2.9905 -0.26708
2 36 228 -3.2697 1.7903 3.0688 -2.3913 1.3833 2.2576 -1.6985 1.3333 2.9539 -0.37391 0.68071 2.2551 0.44463 -0.62561 2.2207 -3.1039 1.4412 1.5822 -2.4869 0.93945 0.15519 -1.9982 -0.1934 -0.76975 0.54531 0.019832 0.57074 -0.4881 -1.585 1.4487 0.14285 -3.2003 0.95515 -0.54531 -0.019832 -0.57074 -1.5242 -1.6097 0.39278 -0.96242 -3.1745 -0.30504
2 51 228 -2.9007 1.5381 3.5334 -2.0937 1.1675 2.6372 -1.336 1.1432 3.2639 -0.29149 0.063454 2.6222 -0.51301 -1.4386 2.8914 -2.8694 1.1982 2.0333 -2.5625 0.18435 0.78969 -2.674 -1.3456 0.94644 0.62425 0.027153 0.48277 -0.071897 -1.8441 1.1371 0.39729 -3.5605 0.84601 -0.62425 -0.027153 -0.48277 -1.1893 -1.9098 0.25922 -0.73767 -3.5341 -0.38008
2 52 216 -3.5245 1.7059 2.8193 -2.5559 1.2953 2.122 -1.9439 1.2824 2.8918 -0.65556 0.38669 2.437 -0.63798 -1.1502 2.5609 -3.1902 1.3159 1.3706 -2.5223 0.4526 0.15515 -2.4963 -1.0788 -0.023174 0.5122 0.024885 0.60044 -0.28358 -1.8567 1.0911 0.23642 -3.572 0.89567 -0.5122 -0.024885 -0.60044 -1.2049 -1.9189 -0.01115 -0.61907 -3.5405 -0.53836
2 53 216 -3.4891 1.8393 2.7812 -2.5237 1.4033 2.0938 -1.9147 1.3912 2.866 -0.51342 0.70495 2.3818 -0.15023 -0.79304 2.4243 -3.1549 1.4239 1.3398 -2.4125 0.73779 0.056453 -2.2311 -0.71267 -0.43438 0.51301 0.024213 0.59977 -0.26175 -1.866 1.0907 0.25679 -3.5805 0.88447 -0.51301 -0.024213 -0.59977 -1.1983 -1.9261 -0.027416 -0.59954 -3.5434 -0.55321
2 54 216 -3.4646 1.9289 2.7495 -2.4972 1.4864 2.0678 -1.8952 1.471 2.8454 -0.41304 1.007 2.3388 0.29938 -0.36042 2.3233 -3.1212 1.5108 1.3079 -2.3379 1.0239 -0.040405 -2.0395 -0.27887 -0.80946 0.51642 0.027229 0.59671 -0.23852 -1.8727 1.0811 0.26831 -3.5904 0.87275 -0.51642 -0.027229 -0.59671 -1.1858 -1.9391 -0.038856 -0.58225 -3.5536 -0.56801
2 56 204 -3.9813 1.9422 1.9075 -2.8774 1.5224 1.4571 -2.4678 1.4976 2.351 -0.84518 1.4758 2.1628 0.37676 0.55327 2.3459 -3.3125 1.556 0.57569 -2.224 1.4847 -0.64036 -1.5874 0.56874 -1.705 0.37092 0.021492 0.69675 -0.46726 -1.8831 0.98683 0.093335 -3.5939 0.88643 -0.37092 -0.021492 -0.69675 -1.1218 -1.945 -0.3089 -0.43023 -3.5647 -0.6951
2 57 204 -4.0182 1.8792 1.8911 -2.905 1.482 1.4433 -2.4975 1.4539 2.338 -0.8835 1.6198 2.1477 0.47878 0.93059 2.3641 -3.3383 1.5184 0.56113 -2.2416 1.6398 -0.64352 -1.5863 0.9053 -1.8304 0.36344 0.016918 0.7008 -0.50732 -1.8724 0.99501 0.084841 -3.5716 0.88175 -0.36344 -0.016918 -0.7008 -1.1394 -1.9307 -0.3138 -0.43393 -3.5446 -0.69904
2 58 204 -4.071 1.7787 1.8742 -2.9455 1.4074 1.4347 -2.5487 1.3749 2.3341 -0.95988 1.6954 2.1297 0.47522 1.1902 2.3804 -3.3684 1.4475 0.54763 -2.267 1.7422 -0.62232 -1.6263 1.1201 -1.8794 0.3565 0.012627 0.70445 -0.57385 -1.8454 1.0152 0.066086 -3.5255 0.87919 -0.3565 -0.012627 -0.70445 -1.1899 -1.9024 -0.31912 -0.44899 -3.5005 -0.70358
2 61 216 -3.7342 1.5293 2.6482 -2.6949 1.1956 2.013 -2.1372 1.1451 2.8216 -0.67661 1.5626 2.2208 0.78584 1.0738 2.2287 -3.276 1.253 1.2216 -2.3331 1.6294 -0.058239 -2.0564 0.8901 -1.3828 0.4806 0.0082362 0.62646 -0.58922 -1.6987 1.2233 0.21327 -3.2607 0.81467 -0.4806 -0.0082364 -0.62646 -1.4425 -1.7684 -0.0011212 -0.59104 -3.239 -0.60361
2 62 216 -3.7413 1.5726 2.619 -2.7044 1.2132 1.9934 -2.1545 1.1632 2.8072 -0.66886 1.4061 2.1727 0.70321 0.70331 2.208 -3.2778 1.2707 1.1963 -2.283 1.4354 -0.088967 -2.0971 0.49515 -1.2969 0.47366 -0.0022628 0.63177 -0.67289 -1.6419 1.2731 0.21945 -3.1332 0.79287 -0.47366 0.0022628 -0.63177 -1.5115 -1.7072 0.012456 -0.57367 -3.1108 -0.62112
2 63 216 -3.7099 1.7299 2.568 -2.6824 1.3166 1.9603 -2.1446 1.2596 2.7818 -0.6441 1.18 2.1406 0.52537 0.18074 2.2479 -3.2435 1.3824 1.1552 -2.2503 1.1872 -0.12705 -2.2387 -0.0037353 -1.1065 0.46949 -0.012081 0.63477 -0.73245 -1.5914 1.3241 0.25515 -2.9925 0.76489 -0.46949 0.012081 -0.63477 -1.5815 -1.648 0.014785 -0.55316 -2.9694 -0.65385
2 64 216 -3.6294 2.0029 2.4823 -2.6232 1.5079 1.902 -2.093 1.4472 2.7282 -0.66187 0.91296 2.1492 0.11248 -0.39513 2.408 -3.1762 1.579 1.0918 -2.3004 0.91435 -0.11649 -2.5788 -0.47942 -0.71446 0.46462 -0.018372 0.63819 -0.78391 -1.5341 1.3853 0.29869 -2.8297 0.75256 -0.46462 0.018372 -0.63819 -1.6468 -1.594 0.0075549 -0.52766 -2.82 -0.6963
2 65 228 -2.9189 2.3653 3.04 -2.0971 1.7516 2.3062 -1.4125 1.6898 3.0097 -0.33477 0.6498 2.3573 -0.089989 -0.79805 2.8279 -2.8001 1.826 1.6224 -2.4136 0.67543 0.52905 -3.0662 -0.72126 0.56151 0.58326 -0.019672 0.5319 -0.5113 -1.469 1.5881 0.46372 -2.6744 0.66758 -0.58326 0.019672 -0.5319 -1.6661 -1.5538 0.34315 -0.63413 -2.68 -0.61481
2 66 228 -2.7588 2.7471 2.8654 -1.999 2.0097 2.1845 -1.3196 1.9504 2.8932 -0.6409 0.49018 2.6179 -1.0355 -0.70183 3.5129 -2.6961 2.0838 1.4947 -2.6552 0.57717 0.86439 -3.5229 -0.55439 1.4511 0.58164 -0.016834 0.53377 -0.50877 -1.4613 1.6009 0.50196 -2.5888 0.62213 -0.58164 0.016834 -0.53377 -1.7012 -1.5408 0.32324 -0.59244 -2.5713 -0.65641
