0 5 108 -0.57244 4.7961 0.37537 -0.3395 3.5641 0.20301 -0.064121 3.4598 1.1414 0.78423 2.5532 2.2031 1.0703 2.901 3.6778 -0.61927 3.6976 -0.73042 -1.6381 2.5585 -1.3078 -3.1379 2.4184 -0.97845 -0.097514 -0.047015 0.78216 -1.1416 -1.8202 0.35801 -1.2304 -3.6019 0.62017 0.097515 0.047015 -0.78216 0.42103 -2.0158 -0.54889 1.3029 -3.4745 0.038672
0 6 96 -0.63609 4.7888 0.34202 -0.38419 3.5613 0.16037 -0.15012 3.4635 1.1106 0.76862 2.5874 2.1388 1.1632 2.9631 3.5813 -0.62328 3.6881 -0.78521 -1.6587 2.5372 -1.307 -3.1378 2.421 -0.88715 -0.19822 -0.047612 0.76285 -1.1817 -1.7985 0.14532 -1.3294 -3.5814 0.37015 0.19822 0.047612 -0.76285 0.50059 -2.0086 -0.45487 1.2655 -3.4515 0.30926
0 8 84 -0.70039 4.7706 0.38793 -0.44256 3.554 0.15208 -0.13559 3.4615 1.0819 1.0551 2.6408 1.8418 1.86 3.0351 3.0965 -0.75451 3.6754 -0.77275 -1.8856 2.5108 -0.95468 -3.1736 2.4587 -0.10849 -0.24142 -0.055267 0.74977 -1.1733 -1.7579 -0.054621 -1.371 -3.5423 0.11239 0.24142 0.055267 -0.74977 0.53439 -1.9902 -0.36966 1.1713 -3.4007 0.55542
0 9 72 -0.77224 4.7618 0.3107 -0.48443 3.5507 0.084563 -0.25314 3.4648 1.0367 0.93477 2.6527 1.8099 1.7524 3.0302 3.0616 -0.72118 3.6656 -0.86313 -1.8531 2.4949 -0.9933 -3.1042 2.4684 -0.092323 -0.33845 -0.059207 0.71095 -1.1204 -1.7405 -0.27715 -1.3563 -3.5245 -0.16592 0.33845 0.059207 -0.71095 0.57536 -1.981 -0.26853 1.0327 -3.3802 0.77258
0 10 72 -0.75732 4.7571 0.37734 -0.49275 3.5494 0.11176 -0.15549 3.4719 1.0324 1.1499 2.664 1.5911 2.1877 3.0016 2.6804 -0.83503 3.6559 -0.80413 -1.9634 2.4832 -0.66146 -2.9427 2.4843 0.52962 -0.2912 -0.0623 0.73131 -1.11 -1.7269 -0.25499 -1.353 -3.5113 -0.16521 0.2912 0.0623 -0.73131 0.55322 -1.9714 -0.27331 1.0366 -3.3658 0.76251
0 11 60 -0.81558 4.7522 0.24876 -0.51699 3.5479 0.0078735 -0.28609 3.4789 0.96144 0.95569 2.6587 1.6351 1.9293 2.9378 2.7978 -0.75361 3.6458 -0.94175 -1.8856 2.4795 -0.77771 -2.8079 2.5142 0.45753 -0.40087 -0.058336 0.67779 -1.0399 -1.7182 -0.44056 -1.2957 -3.503 -0.4327 0.40087 0.058336 -0.67779 0.57501 -1.9725 -0.1682 0.85816 -3.3547 0.95444
0 12 60 -0.81723 4.7479 0.25453 -0.53293 3.5455 -0.010285 -0.2371 3.4861 0.92583 1.0355 2.6451 1.5105 2.1228 2.8676 2.581 -0.83451 3.6339 -0.94227 -1.9203 2.4813 -0.54057 -2.5188 2.5625 0.87815 -0.3699 -0.051195 0.69574 -1.047 -1.7155 -0.39333 -1.3037 -3.4998 -0.42566 0.3699 0.051195 -0.69574 0.55051 -1.9782 -0.18281 0.85837 -3.3486 0.94782
0 13 60 -0.81595 4.749 0.25402 -0.53878 3.5459 -0.01597 -0.20556 3.496 0.90806 1.0674 2.6315 1.4567 2.2007 2.7994 2.4888 -0.87797 3.6247 -0.93581 -1.8879 2.4846 -0.34523 -2.1875 2.634 1.1599 -0.34359 -0.046401 0.70943 -1.0505 -1.7182 -0.34875 -1.311 -3.5007 -0.42418 0.34359 0.046401 -0.70943 0.52949 -1.9779 -0.17842 0.85858 -3.3466 0.94815
0 14 60 -0.84438 4.7451 0.22695 -0.56325 3.542 -0.039517 -0.21817 3.5022 0.88064 1.0322 2.6093 1.4357 2.1479 2.7391 2.4921 -0.91464 3.6107 -0.95558 -1.8454 2.472 -0.24444 -1.9279 2.6952 1.279 -0.32654 -0.039922 0.71783 -1.0529 -1.7237 -0.30763 -1.3265 -3.5023 -0.42005 0.32654 0.039922 -0.71783 0.50723 -1.9819 -0.17573 0.85177 -3.3508 0.94598
0 15 60 -0.85603 4.7463 0.17639 -0.56744 3.541 -0.073359 -0.24009 3.5078 0.85352 0.97324 2.5945 1.4555 2.0262 2.7051 2.5766 -0.90138 3.603 -0.9964 -1.7965 2.4694 -0.2331 -1.7399 2.7527 1.2816 -0.33179 -0.032722 0.71578 -1.0521 -1.7313 -0.28924 -1.3297 -3.508 -0.42148 0.33179 0.032722 -0.71578 0.50042 -1.9935 -0.18622 0.85022 -3.3568 0.94068
0 15 72 -0.80065 4.7463 0.35051 -0.5703 3.541 0.046222 -0.057391 3.5078 0.88479 1.2546 2.5945 1.2214 2.5176 2.7051 2.099 -1.0888 3.603 -0.78722 -1.8057 2.4694 0.1455 -1.4354 2.7527 1.6153 -0.17573 -0.032722 0.76912 -1.0893 -1.7313 -0.06417 -1.3883 -3.508 -0.13581 0.17573 0.032722 -0.76912 0.45077 -1.9935 -0.28619 1.0272 -3.3568 0.74335
0 16 72 -0.81621 4.7499 0.30296 -0.56484 3.5427 0.021898 -0.095378 3.5134 0.88567 1.1803 2.584 1.3072 2.358 2.6857 2.2974 -1.0404 3.6008 -0.8371 -1.7835 2.4746 0.083899 -1.3728 2.786 1.5372 -0.19536 -0.032658 0.76437 -1.0943 -1.7371 -0.072943 -1.3889 -3.5147 -0.1394 0.19536 0.032658 -0.76437 0.46036 -1.9965 -0.28833 1.0252 -3.3644 0.74159
0 17 72 -0.82071 4.7532 0.22985 -0.5538 3.544 -0.028817 -0.1463 3.5096 0.86568 1.0759 2.574 1.4131 2.1297 2.676 2.5341 -0.9674 3.6073 -0.91893 -1.7987 2.4895 -0.065612 -1.4481 2.7971 1.4041 -0.2335 -0.027241 0.75381 -1.1012 -1.7439 -0.091547 -1.3893 -3.5228 -0.14922 0.2335 0.027241 -0.75381 0.47248 -2.0116 -0.30617 1.0192 -3.3774 0.73626
0 18 84 -0.76573 4.7605 0.30021 -0.53457 3.5469 0.025905 -0.034041 3.5081 0.87167 1.2329 2.5718 1.304 2.3653 2.6852 2.3444 -1.0404 3.6147 -0.81488 -1.8261 2.5071 0.093181 -1.3378 2.7874 1.5287 -0.12974 -0.022707 0.77856 -1.1167 -1.7482 0.098226 -1.3947 -3.5295 0.12001 0.12974 0.022707 -0.77856 0.41626 -2.0282 -0.42338 1.141 -3.3943 0.50359
0 19 84 -0.77172 4.7674 0.1787 -0.51956 3.5486 -0.05187 -0.12789 3.5092 0.84947 1.0591 2.5621 1.4517 2.0226 2.6891 2.6489 -0.91685 3.617 -0.94901 -1.8658 2.5205 -0.19674 -1.6557 2.7515 1.3133 -0.20283 -0.01656 0.76294 -1.1383 -1.7526 0.038152 -1.4008 -3.5361 0.072175 0.20283 0.01656 -0.76294 0.44132 -2.0492 -0.46285 1.1343 -3.4127 0.49193
0 20 84 -0.76309 4.7724 0.057297 -0.49609 3.55 -0.13367 -0.22608 3.5151 0.81144 0.8517 2.5626 1.5859 1.6052 2.7005 2.9242 -0.77204 3.614 -1.0755 -1.8688 2.5329 -0.53036 -2.0249 2.7034 0.99418 -0.28418 -0.010969 0.73663 -1.157 -1.7648 -0.022577 -1.3986 -3.5503 0.046903 0.28418 0.010969 -0.73663 0.47319 -2.0688 -0.5063 1.126 -3.4325 0.47613
0 20 96 -0.7345 4.7724 0.2147 -0.51304 3.55 -0.027606 -0.052428 3.5151 0.84071 1.1628 2.5626 1.3742 2.1781 2.7005 2.5265 -0.97878 3.614 -0.89153 -1.9382 2.5329 -0.13022 -1.774 2.7034 1.3935 -0.12482 -0.010969 0.77961 -1.1364 -1.7648 0.21848 -1.3583 -3.5503 0.33666 0.12482 0.010969 -0.77961 0.35758 -2.0688 -0.59362 1.2004 -3.4325 0.23162
0 21 96 -0.73985 4.7776 0.081709 -0.49439 3.5512 -0.11326 -0.16721 3.523 0.81385 0.9402 2.5706 1.5455 1.7258 2.7214 2.8638 -0.82716 3.6085 -1.037 -1.9435 2.5424 -0.50231 -2.2084 2.6562 1.0125 -0.21407 -0.0042086 0.76003 -1.1655 -1.7775 0.15618 -1.365 -3.5632 0.30537 0.21407 0.0042086 -0.76004 0.39377 -2.086 -0.64625 1.1938 -3.455 0.212
0 22 108 -0.71731 4.7831 0.11275 -0.49072 3.5528 -0.081103 -0.12004 3.5281 0.82958 1.004 2.573 1.5319 1.8122 2.7389 2.8345 -0.86669 3.6066 -0.98836 -2.0061 2.5532 -0.47758 -2.4203 2.6188 1.0063 -0.14507 -0.0028431 0.77617 -1.148 -1.7937 0.32729 -1.2727 -3.5781 0.55372 0.14507 0.0028429 -0.77617 0.29191 -2.093 -0.76146 1.2051 -3.4785 -0.056188
0 23 108 -0.71613 4.7869 -0.012969 -0.46276 3.5542 -0.15374 -0.25082 3.5279 0.80634 0.72476 2.5808 1.7118 1.2471 2.7617 3.1513 -0.68043 3.6096 -1.1113 -1.9212 2.5695 -0.89378 -2.7834 2.5973 0.3843 -0.24387 0.00053406 0.75102 -1.1846 -1.8119 0.25652 -1.2713 -3.5922 0.52811 0.24387 -0.0005343 -0.75102 0.33698 -2.0989 -0.79961 1.2001 -3.5035 -0.069565
0 24 120 -0.70932 4.7913 0.02691 -0.46526 3.5559 -0.10844 -0.22457 3.5337 0.84494 0.77009 2.5973 1.7408 1.2737 2.79 3.1855 -0.71156 3.6074 -1.0593 -1.972 2.5823 -0.88774 -2.9939 2.5718 0.26692 -0.1873 -0.0019205 0.76708 -1.1548 -1.8372 0.43549 -1.1362 -3.6106 0.76061 0.1873 0.0019205 -0.76708 0.2129 -2.0954 -0.88959 1.1558 -3.5279 -0.33304
0 25 132 -0.69834 4.7939 0.063391 -0.46097 3.5573 -0.073188 -0.19467 3.5315 0.87327 0.79679 2.6028 1.7806 1.2875 2.7992 3.2292 -0.73266 3.6123 -1.0169 -2.0108 2.6018 -0.89766 -3.1879 2.5546 0.097253 -0.12503 0.00046086 0.77966 -1.0891 -1.8588 0.61159 -0.9592 -3.6233 0.95879 0.12503 -0.0004611 -0.77966 0.067565 -2.0931 -0.95828 1.0561 -3.5536 -0.58309
0 27 144 -0.65816 4.8016 0.034867 -0.41713 3.5627 -0.071688 -0.26865 3.5296 0.90002 0.46319 2.6128 2.0369 0.5321 2.7888 3.5673 -0.57102 3.6249 -1.0411 -1.8501 2.6471 -1.318 -3.363 2.5342 -1.0422 -0.15233 -0.0029111 0.77478 -1.031 -1.9106 0.71916 -0.7474 -3.6518 1.0915 0.15233 0.0029106 -0.77478 -0.030929 -2.0747 -1.0283 0.90833 -3.6001 -0.82416
0 93 348 0.29157 4.7941 0.27651 0.14734 3.565 0.12272 0.31552 3.6044 -0.84554 0.13849 3.7232 -2.4652 -0.12905 5.1654 -2.941 -0.022427 3.5553 1.0915 -0.39556 3.6664 2.678 -0.37838 5.0988 3.2485 0.13585 0.015961 -0.77768 0.53465 -2.0447 -0.68263 -0.054153 -3.7453 -0.79216 -0.13585 -0.015962 0.77768 0.17449 -2.0812 1.0074 -0.58706 -3.7119 1.1156
0 94 348 0.25809 4.8044 0.24907 0.11484 3.572 0.096227 0.28815 3.6063 -0.87132 0.35961 4.0482 -2.4424 0.30548 5.5803 -2.6081 -0.059496 3.5675 1.0642 -0.17298 3.9309 2.6528 0.10136 5.4085 2.9977 0.12839 0.013351 -0.779 0.54205 -2.0444 -0.68493 -0.041801 -3.7466 -0.79723 -0.12839 -0.013351 0.779 0.1822 -2.0785 1.0089 -0.5677 -3.715 1.1113
0 102 204 -0.18695 4.8399 0.14255 -0.18451 3.5776 0.13752 0.17944 3.5233 1.0496 -1.1269 3.2242 1.9839 -2.5096 3.887 1.8209 -0.54965 3.6615 -0.77188 -2.1441 3.3524 -0.59634 -3.0349 3.6893 0.61635 0.31835 -0.00029087 0.7226 -0.14309 -2.0402 0.92287 0.39475 -3.7529 0.75484 -0.31835 0.00029135 -0.7226 -0.80261 -2.0436 -0.67466 -0.31512 -3.7274 -1.0967
0 103 204 -0.23526 4.835 0.1958 -0.22719 3.5743 0.17272 0.13021 3.5038 1.0863 -1.1453 2.8782 1.8927 -2.6032 3.3738 1.811 -0.58626 3.6743 -0.73746 -2.1073 3.1121 -0.53979 -3.0836 3.2614 0.6444 0.31438 -0.0042858 0.72432 -0.14935 -2.0432 0.92927 0.39805 -3.7531 0.76279 -0.31439 0.0042858 -0.72432 -0.79922 -2.0394 -0.67254 -0.31546 -3.7263 -1.0863
0 104 204 -0.27505 4.8306 0.22426 -0.25909 3.571 0.19732 0.094716 3.4996 1.1122 -1.085 2.5927 1.7863 -2.5983 2.8882 1.7986 -0.61507 3.6718 -0.71399 -2.034 2.8812 -0.53964 -3.0639 2.8474 0.60747 0.30887 -0.0063686 0.72668 -0.15756 -2.0445 0.93384 0.40139 -3.7506 0.76731 -0.30887 0.0063686 -0.72668 -0.79107 -2.0379 -0.6741 -0.3097 -3.727 -1.0818
0 105 204 -0.29419 4.8283 0.24521 -0.2711 3.569 0.21523 0.082654 3.4944 1.1299 -0.95985 2.3731 1.6995 -2.498 2.4471 1.7787 -0.62714 3.6731 -0.69569 -1.9181 2.6799 -0.57092 -2.9907 2.4757 0.51794 0.30486 -0.0089393 0.72834 -0.15751 -2.0483 0.93242 0.41384 -3.7506 0.76895 -0.30486 0.0089388 -0.72834 -0.77941 -2.0371 -0.67471 -0.29548 -3.726 -1.0801
1 5 12 -1.735 4.4907 0.44867 -1.3775 3.2782 0.41433 -1.1277 3.2754 1.3656 -0.40544 1.9965 2.0809 -0.21743 1.3785 3.481 -1.6356 3.3095 -0.53422 -1.4098 2.0981 -1.6068 -2.0483 1.5668 -2.9059 0.22922 -0.0083079 0.75557 -1.1589 -1.5763 0.92507 -0.11702 -3.0438 0.81528 -0.22922 0.0083082 -0.75557 -1.4824 -1.6618 -0.52178 -0.29128 -2.9707 -0.86659
1 6 12 -1.4938 4.5801 0.39488 -1.1888 3.353 0.36424 -0.94892 3.3443 1.3181 -0.16478 2.2507 2.2443 0.118 1.9673 3.7333 -1.4349 3.3908 -0.58727 -1.2322 2.3478 -1.8281 -1.8542 2.1426 -3.2241 0.22515 -0.011558 0.75675 -0.93009 -1.7524 0.97824 -0.018699 -3.3029 0.85069 -0.22515 0.011558 -0.75675 -1.3063 -1.7858 -0.63394 -0.23977 -3.2153 -0.89816
1 7 12 -1.2912 4.6386 0.36325 -1.0258 3.4036 0.33358 -0.80068 3.3878 1.2909 0.034337 2.47 2.3536 0.3759 2.485 3.8572 -1.2551 3.4489 -0.62179 -1.0566 2.5505 -1.9717 -1.6526 2.6083 -3.3927 0.22275 -0.015726 0.75739 -0.64132 -1.908 1.0526 0.083998 -3.5561 0.96118 -0.22275 0.015726 -0.75739 -1.131 -1.8787 -0.7814 -0.26438 -3.4456 -0.99295
1 34 12 -1.4789 4.6012 0.18787 -1.1835 3.3731 0.23051 -0.95322 3.4174 1.1857 -0.32018 2.0687 1.8558 -0.41114 1.1538 3.0937 -1.4217 3.3574 -0.72362 -1.159 1.9589 -1.5261 -1.8762 0.909 -2.3984 0.25415 0.033298 0.74686 -0.43987 -1.9403 0.94042 0.2188 -3.6002 0.69197 -0.25415 -0.033298 -0.74686 -1.0329 -1.977 -0.57384 -0.07097 -3.4762 -0.85283
1 35 12 -1.5706 4.5705 0.23654 -1.2399 3.3519 0.27222 -1.0162 3.3891 1.2293 -0.41616 1.9356 1.6721 -0.52749 0.78342 2.6908 -1.4725 3.343 -0.68338 -1.1468 1.8665 -1.3018 -1.7613 0.64539 -2.0152 0.25177 0.027174 0.74791 -0.49586 -1.9344 0.83458 0.23092 -3.5584 0.54232 -0.25177 -0.027174 -0.74791 -1.0595 -1.9383 -0.41695 -0.069914 -3.4266 -0.65492
1 36 24 -1.5676 4.5314 0.64914 -1.2123 3.3206 0.59939 -0.80303 3.3474 1.4933 -0.19548 1.834 1.5898 -0.14818 0.52035 2.3959 -1.6305 3.322 -0.29082 -1.3453 1.8015 -0.81556 -1.9816 0.46958 -1.2613 0.40157 0.017815 0.67965 -0.43336 -1.8985 0.89143 0.30895 -3.4775 0.43668 -0.40157 -0.017815 -0.67965 -1.1365 -1.8877 -0.065184 -0.17514 -3.3344 -0.54866
1 37 24 -1.7016 4.4572 0.76346 -1.3387 3.2501 0.7023 -0.92472 3.2643 1.5944 -0.36063 1.7338 1.505 -0.35489 0.31916 2.1187 -1.7618 3.2639 -0.18548 -1.3683 1.7355 -0.60737 -1.9281 0.33807 -0.94133 0.4084 0.016521 0.6756 -0.624 -1.7894 0.97058 0.20971 -3.3001 0.44731 -0.4084 -0.016521 -0.6756 -1.2567 -1.8141 0.0051035 -0.18842 -3.1686 -0.51933
1 38 24 -1.8557 4.3646 0.89257 -1.4636 3.1694 0.80599 -1.0358 3.1772 1.6916 -0.48321 1.6515 1.5026 -0.52 0.18523 1.9784 -1.9016 3.1892 -0.074455 -1.4577 1.6651 -0.46024 -1.9845 0.23491 -0.69428 0.42729 0.01937 0.66373 -0.80638 -1.6222 1.1081 0.090921 -3.0576 0.48717 -0.4273 -0.019369 -0.66373 -1.4687 -1.6941 0.061019 -0.29839 -2.9581 -0.47145
1 39 24 -1.8205 4.3965 0.8685 -1.4098 3.2089 0.7629 -0.97779 3.2128 1.6465 -0.4332 1.6814 1.4815 -0.49843 0.2187 1.965 -1.8524 3.2323 -0.11514 -1.4844 1.6924 -0.51737 -2.0569 0.27286 -0.70419 0.42493 0.020119 0.66523 -0.86936 -1.5567 1.168 0.06625 -2.9424 0.49321 -0.42493 -0.020119 -0.66523 -1.5698 -1.6354 0.037809 -0.33031 -2.8449 -0.46372
1 40 24 -1.6676 4.476 0.77605 -1.2975 3.2731 0.68075 -0.86225 3.2757 1.5627 -0.32963 1.7324 1.504 -0.36361 0.33893 2.1634 -1.7421 3.2984 -0.19621 -1.477 1.7479 -0.63719 -2.2083 0.41379 -0.88822 0.39921 0.012387 0.68116 -0.8606 -1.6085 1.1282 0.10159 -2.984 0.47001 -0.39921 -0.012387 -0.68116 -1.5156 -1.6658 -0.022355 -0.28185 -2.8938 -0.49214
1 41 24 -1.4813 4.5587 0.67715 -1.1512 3.3431 0.59112 -0.713 3.3417 1.4716 -0.16067 1.8073 1.5683 -0.13027 0.54229 2.4495 -1.5977 3.3727 -0.28473 -1.4464 1.8336 -0.8112 -2.375 0.66073 -1.1849 0.38518 0.0053382 0.68928 -0.74032 -1.7296 1.06 0.17336 -3.1626 0.45772 -0.38518 -0.0053382 -0.68928 -1.4037 -1.7536 -0.12303 -0.24143 -3.0709 -0.529
1 42 12 -1.3655 4.6387 0.28569 -1.0717 3.4091 0.27566 -0.83589 3.4105 1.2305 -0.30215 1.916 1.6182 -0.41998 0.83295 2.7094 -1.315 3.4366 -0.67693 -1.1667 1.9334 -1.2993 -2.1073 0.96304 -2.0417 0.226 0.0043054 0.75657 -0.70503 -1.8747 0.88642 0.17406 -3.4147 0.56004 -0.226 -0.0043058 -0.75657 -1.169 -1.8702 -0.54789 -0.10935 -3.3251 -0.65371
2 102 204 -2.0919 4.2888 0.86362 -1.5595 3.1597 0.69431 -1.152 3.14 1.5892 -0.24128 1.7848 1.643 0.10737 0.35405 2.1002 -1.9806 3.205 -0.19339 -1.471 1.8128 -0.87963 -1.4494 0.32554 -1.2861 0.33867 0.014239 0.71316 -0.77028 -1.7118 1.1662 -0.021723 -3.3394 0.96258 -0.33867 -0.014239 -0.71316 -1.3648 -1.7978 -0.28863 -0.49174 -3.3114 -0.73332
2 103 204 -1.9656 4.3601 0.80463 -1.4695 3.212 0.64835 -1.0587 3.1948 1.5418 -0.054627 1.9064 1.5629 0.41993 0.5151 2.0285 -1.893 3.2552 -0.23832 -1.2852 1.9188 -0.95465 -1.1922 0.43623 -1.3683 0.33899 0.013962 0.71302 -0.67797 -1.7748 1.1379 0.047772 -3.4135 0.9413 -0.33899 -0.013961 -0.71302 -1.2771 -1.8543 -0.32913 -0.42588 -3.3844 -0.7594
2 104 204 -1.8416 4.4273 0.72825 -1.3817 3.2615 0.58849 -0.97074 3.2481 1.4819 0.091464 2.0069 1.489 0.65104 0.65314 1.9704 -1.8044 3.3015 -0.29869 -1.1426 1.9978 -1.0274 -1.0123 0.51517 -1.4305 0.33385 0.015883 0.71539 -0.58662 -1.831 1.1106 0.11547 -3.4807 0.92009 -0.33385 -0.015883 -0.71539 -1.1867 -1.9046 -0.36925 -0.36489 -3.4545 -0.78545
3 52 276 -0.085831 4.8268 -0.052598 -0.21776 3.5754 0.039539 -0.17437 3.5783 1.0221 0.8057 2.3563 1.4856 0.94597 0.87472 1.8892 -0.25974 3.6023 -0.94274 -1.2498 2.4246 -1.4919 -2.5265 3.2753 -1.3366 -0.11413 -0.025131 0.78092 -1.9529 -0.96682 0.39814 -0.32365 -1.7389 0.41867 0.11413 0.025131 -0.78092 0.70454 -1.9661 -0.46374 1.214 -3.6696 -0.1647
4 5 192 -1.2233 4.6449 0.58291 -0.92096 3.4413 0.33197 -0.66836 3.3043 1.2726 -0.43643 1.7071 1.5258 -1.9284 1.3926 1.7553 -1.1812 3.6063 -0.60205 -0.54369 2.3155 -1.3742 -1.4437 1.0787 -1.5693 0.25847 0.031029 0.74547 0.17393 -2.0601 0.56045 0.94488 -3.637 0.14825 -0.25847 -0.031029 -0.74547 -1.3601 -1.7434 -0.22724 -0.78926 -3.4536 -0.21817
4 6 192 -1.2653 4.6411 0.53663 -0.95039 3.437 0.3055 -0.70761 3.3141 1.2507 -0.4555 1.7227 1.5201 -1.9697 1.4867 1.6906 -1.2014 3.5878 -0.63344 -0.50936 2.3165 -1.3908 -1.524 1.1662 -1.549 0.25349 0.036264 0.74694 0.34712 -2.0496 0.51312 1.1471 -3.6075 0.084192 -0.25349 -0.036264 -0.74694 -1.3849 -1.725 -0.21549 -1.0044 -3.4805 -0.058699
4 7 192 -1.3197 4.6339 0.4754 -0.9841 3.4318 0.26359 -0.75262 3.3261 1.2136 -0.46953 1.7435 1.5033 -1.9961 1.5554 1.6119 -1.2243 3.5654 -0.68077 -0.5098 2.2895 -1.4089 -1.6477 1.2532 -1.5036 0.24843 0.045022 0.74817 0.52935 -2.0179 0.46591 1.3533 -3.5599 0.02505 -0.24843 -0.045023 -0.74817 -1.3934 -1.7206 -0.2042 -1.157 -3.4861 0.075148
4 8 192 -1.3712 4.6288 0.39153 -1.0155 3.4275 0.20892 -0.79574 3.3437 1.1639 -0.46992 1.7732 1.4738 -2.0012 1.599 1.5246 -1.2444 3.5393 -0.74106 -0.53343 2.2383 -1.4272 -1.7848 1.3374 -1.4322 0.24244 0.055223 0.74945 0.69631 -1.9703 0.42442 1.5575 -3.4894 -0.02442 -0.24244 -0.055223 -0.74945 -1.3918 -1.722 -0.18797 -1.2184 -3.4811 0.16722
4 9 192 -1.4042 4.6287 0.28904 -1.0325 3.4272 0.1414 -0.82537 3.3721 1.1013 -0.43777 1.8199 1.4318 -1.9664 1.6178 1.4298 -1.249 3.5102 -0.81443 -0.56402 2.1693 -1.4481 -1.9043 1.4129 -1.353 0.23402 0.065832 0.75127 0.85807 -1.9071 0.38731 1.7625 -3.4001 -0.064031 -0.23402 -0.065833 -0.75127 -1.3794 -1.7288 -0.17088 -1.1567 -3.4758 0.21557
4 10 192 -1.4441 4.6237 0.17813 -1.0627 3.421 0.073006 -0.86019 3.3976 1.0352 -0.4073 1.8665 1.3805 -1.9232 1.5861 1.3479 -1.2748 3.4723 -0.88603 -0.63161 2.0814 -1.4522 -2.0341 1.4716 -1.2556 0.22662 0.077785 0.75239 0.97845 -1.8473 0.37423 1.9539 -3.2949 -0.077465 -0.22662 -0.077785 -0.75239 -1.3837 -1.7293 -0.16263 -0.9942 -3.4528 0.19643
4 11 192 -1.51 4.6073 0.090894 -1.1163 3.4055 0.028412 -0.9195 3.4158 0.99201 -0.39754 1.9123 1.3603 -1.8798 1.4899 1.314 -1.3231 3.4233 -0.93299 -0.73148 1.9807 -1.4204 -2.1741 1.5204 -1.1294 0.21696 0.081275 0.75486 0.96703 -1.8531 0.42344 2.0991 -3.1763 -0.044085 -0.21696 -0.081275 -0.75486 -1.4072 -1.7072 -0.15977 -0.80638 -3.3805 0.13999
4 12 192 -1.5338 4.6043 0.024233 -1.1284 3.4052 0.0012691 -0.94125 3.4459 0.96598 -0.35768 1.9719 1.3604 -1.7733 1.3617 1.3253 -1.3259 3.3924 -0.96217 -0.81342 1.8967 -1.3735 -2.2789 1.5982 -0.99819 0.2103 0.077103 0.75718 0.82626 -1.9201 0.54228 2.152 -3.0354 0.043071 -0.2103 -0.077103 -0.75718 -1.392 -1.7059 -0.15314 -0.60339 -3.3089 0.090653
4 13 192 -1.5611 4.5953 0.043885 -1.1456 3.3996 0.045999 -0.96123 3.4613 1.0101 -0.34108 2.0079 1.4246 -1.6553 1.2014 1.4352 -1.3407 3.3657 -0.91741 -0.95796 1.8161 -1.265 -2.4295 1.7044 -0.81817 0.22143 0.061033 0.75548 0.53858 -2.0154 0.70861 2.0491 -2.8518 0.1892 -0.22143 -0.061033 -0.75548 -1.3255 -1.7396 -0.14076 -0.37198 -3.2588 0.042672
4 14 192 -1.6121 4.575 0.080066 -1.1872 3.3828 0.091156 -1.0019 3.4493 1.0548 -0.32762 2.0256 1.4877 -1.523 1.0561 1.5812 -1.3835 3.344 -0.87183 -1.1696 1.7525 -1.1717 -2.6209 1.8346 -0.65729 0.21355 0.047471 0.75871 0.17766 -2.0497 0.88131 1.8057 -2.6402 0.3796 -0.21355 -0.047471 -0.75871 -1.2289 -1.788 -0.1639 -0.1466 -3.2206 0.00034956
4 15 192 -1.6311 4.5684 0.086505 -1.2061 3.3764 0.094627 -1.0283 3.4311 1.0604 -0.24019 2.0735 1.5128 -1.3379 1.0067 1.6991 -1.3947 3.3495 -0.87028 -1.3476 1.7391 -1.1405 -2.7508 2 -0.55683 0.18186 0.040467 0.76732 -0.24478 -2.0021 1.0126 1.4294 -2.5287 0.59948 -0.18186 -0.040467 -0.76733 -1.0957 -1.8498 -0.21442 0.089518 -3.1987 -0.050875
4 16 204 -1.6027 4.5568 0.4477 -1.1915 3.3645 0.34213 -0.8159 3.4039 1.2503 0.19061 2.1455 1.5189 -0.77837 1.0413 1.9873 -1.5775 3.3527 -0.56243 -1.709 1.7419 -0.80083 -2.8861 2.1578 0.10429 0.30742 0.035894 0.72643 -0.42757 -1.8771 1.1897 1.1301 -2.5675 0.5999 -0.30742 -0.035894 -0.72643 -0.94027 -1.9266 -0.063938 0.32866 -3.2028 -0.17409
4 17 204 -1.6237 4.5489 0.43495 -1.2169 3.3575 0.3015 -0.83109 3.3859 1.2058 0.29372 2.2284 1.458 -0.62591 1.11 1.9882 -1.613 3.3568 -0.59877 -1.8151 1.7527 -0.83281 -2.9261 2.2795 0.097623 0.27439 0.039956 0.73933 -0.75391 -1.7234 1.2367 0.6892 -2.7447 0.88267 -0.27439 -0.039955 -0.73933 -0.71747 -2.0126 -0.1679 0.60368 -3.2337 -0.28832
4 18 204 -1.6034 4.5588 0.39 -1.2058 3.3666 0.23482 -0.81017 3.3917 1.1349 0.39017 2.3066 1.3596 -0.48234 1.1857 1.9596 -1.6115 3.3693 -0.66116 -1.8293 1.7701 -0.91403 -2.9027 2.3381 0.036189 0.24247 0.046396 0.75004 -0.91799 -1.6456 1.2025 0.22232 -3.0406 1.1341 -0.24247 -0.046396 -0.75004 -0.46818 -2.0856 -0.29725 0.88055 -3.2763 -0.41558
4 19 204 -1.5755 4.5705 0.32922 -1.1855 3.3772 0.16133 -0.78381 3.4003 1.0588 0.44697 2.3439 1.2535 -0.38541 1.2351 1.9282 -1.5968 3.3819 -0.73206 -1.7781 1.7842 -1.0203 -2.8575 2.3108 -0.053214 0.21185 0.054227 0.75873 -0.94198 -1.6607 1.1354 -0.29709 -3.33 1.3562 -0.21185 -0.054227 -0.75873 -0.20595 -2.1302 -0.43554 1.1655 -3.2954 -0.54598
4 20 216 -1.434 4.5894 0.57769 -1.0942 3.3953 0.32643 -0.51673 3.4148 1.1223 0.71419 2.3437 1.0426 0.087267 1.2551 1.9367 -1.6799 3.4039 -0.4637 -1.851 1.8072 -0.76358 -2.7527 2.2349 0.41185 0.3319 0.057014 0.7142 -0.62865 -1.738 1.2333 -0.46342 -3.4865 1.6415 -0.3319 -0.057014 -0.7142 -0.055952 -2.1341 -0.55943 1.2836 -3.2796 -0.93939
4 21 216 -1.369 4.615 0.5087 -1.0395 3.4188 0.2544 -0.48045 3.4296 1.0635 0.71367 2.3163 1.0052 0.11025 1.2454 1.9362 -1.6063 3.4361 -0.54921 -1.6899 1.8471 -0.91881 -2.6593 2.1387 0.24423 0.29521 0.056341 0.73019 -0.58905 -1.7827 1.2304 -0.7627 -3.4994 1.7535 -0.29521 -0.05634 -0.73019 0.1268 -2.1131 -0.65404 1.5199 -3.1828 -1.0615
4 22 216 -1.3142 4.6353 0.42847 -0.99472 3.4362 0.17557 -0.47517 3.4376 1.0107 0.67503 2.2776 1.0218 0.04759 1.223 1.9555 -1.5219 3.4631 -0.6543 -1.5263 1.8879 -1.0872 -2.5733 2.0299 0.035875 0.25667 0.059127 0.74439 -0.64561 -1.7734 1.2363 -0.74404 -3.4962 1.7589 -0.25667 -0.059127 -0.74439 0.15583 -2.1173 -0.65563 1.6643 -2.9832 -1.1307
4 23 216 -1.3024 4.6439 0.28378 -0.98507 3.4406 0.049701 -0.53128 3.4349 0.92228 0.57096 2.2375 1.0634 -0.14974 1.2054 1.9539 -1.4466 3.4746 -0.81817 -1.3623 1.9165 -1.3018 -2.5016 1.8992 -0.2628 0.20906 0.07797 0.75744 -0.78724 -1.7182 1.1995 -0.59514 -3.4483 1.6694 -0.20906 -0.07797 -0.75744 0.041727 -2.1586 -0.60733 1.6635 -2.7368 -1.1425
4 24 228 -1.3282 4.6193 0.39481 -1.0406 3.4173 0.11874 -0.48594 3.4056 0.93086 0.57005 2.1634 1.0335 -0.10418 1.1673 1.9984 -1.6025 3.4573 -0.68753 -1.4791 1.9246 -1.2393 -2.5144 1.7164 -0.11574 0.32827 0.11788 0.70841 -0.69606 -1.6149 1.3104 -0.14936 -3.3096 1.5933 -0.32827 -0.11788 -0.70841 -0.31216 -2.2043 -0.46197 1.2204 -2.512 -1.3605
4 25 228 -1.4106 4.6034 0.32181 -1.0849 3.4086 0.056986 -0.59431 3.3902 0.90925 0.34941 2.0951 1.2269 -0.50979 1.1559 2.0972 -1.5838 3.455 -0.78936 -1.2356 1.9806 -1.4007 -2.4153 1.5673 -0.49792 0.30925 0.12762 0.71525 -0.7713 -1.5895 1.2614 -0.019168 -3.2179 1.4445 -0.30925 -0.12762 -0.71525 -0.59329 -2.1748 -0.33771 1.0119 -2.3417 -1.1418
4 27 240 -1.5085 4.5783 0.34734 -1.1576 3.3855 0.1077 -0.70689 3.374 0.98182 0.061541 2.0004 1.4193 -1.1136 1.4021 2.2185 -1.6175 3.4249 -0.76084 -1.0259 2.1044 -1.5192 -2.2644 1.5293 -0.80304 0.35762 0.13895 0.69014 -0.43902 -1.7331 1.2145 0.58696 -3.2084 1.0663 -0.35762 -0.13895 -0.69014 -1.2386 -1.9126 0.011428 0.37011 -2.3907 -0.64756
4 28 240 -1.5592 4.5743 0.1566 -1.1882 3.3761 -0.016495 -0.86001 3.3722 0.91069 -0.19898 1.9896 1.4765 -1.5591 1.5785 2.0755 -1.5259 3.408 -0.93967 -0.794 2.1413 -1.6667 -2.1111 1.5424 -1.1337 0.29645 0.14496 0.71736 -0.23507 -1.8569 1.0702 0.84136 -3.2956 0.92071 -0.29645 -0.14496 -0.71736 -1.4211 -1.7696 -0.003277 0.13822 -2.6178 -0.31936
4 29 252 -1.5149 4.5882 0.25603 -1.1652 3.384 0.079814 -0.75412 3.3915 0.97332 -0.063869 2.0051 1.4933 -1.3998 1.7031 2.2015 -1.5852 3.4046 -0.80927 -0.88907 2.1723 -1.6251 -2.1539 1.554 -0.99608 0.376 0.14872 0.67823 0.25613 -1.9331 0.93503 1.3014 -3.3549 0.56521 -0.376 -0.14872 -0.67823 -1.4453 -1.712 0.23128 -0.12756 -2.9192 -0.0076482
4 30 252 -1.5237 4.5947 0.07675 -1.158 3.3877 -0.038622 -0.83385 3.4142 0.88959 -0.20958 2.0195 1.4673 -1.608 1.7515 2.0591 -1.4913 3.3893 -0.96398 -0.6823 2.1792 -1.7056 -2.0009 1.5349 -1.2325 0.32682 0.14965 0.70306 0.54215 -1.9362 0.83369 1.5934 -3.3514 0.45572 -0.32682 -0.14965 -0.70306 -1.4225 -1.7258 0.15104 -0.39641 -3.2007 0.30135
4 31 252 -1.4923 4.609 -0.087591 -1.1139 3.401 -0.13115 -0.89402 3.4608 0.82563 -0.34953 2.0527 1.4497 -1.7823 1.7707 1.9451 -1.3428 3.3696 -1.0872 -0.44267 2.1849 -1.7617 -1.7905 1.5188 -1.4191 0.28589 0.14444 0.72173 0.78663 -1.8958 0.75559 1.8587 -3.3058 0.41898 -0.28589 -0.14444 -0.72173 -1.3429 -1.7791 0.068797 -0.69814 -3.3962 0.53814
4 32 252 -1.4367 4.6238 -0.22901 -1.0735 3.4105 -0.2237 -0.88321 3.5071 0.73642 -0.41143 2.0878 1.3935 -1.858 1.7713 1.8236 -1.2726 3.3424 -1.1845 -0.29683 2.1668 -1.7629 -1.6713 1.5036 -1.5425 0.24855 0.13964 0.73636 0.90334 -1.8567 0.75017 2.066 -3.2034 0.45758 -0.24855 -0.13964 -0.73636 -1.2239 -1.835 0.030944 -0.8416 -3.4823 0.65633
4 33 252 -1.3776 4.6343 -0.37321 -1.0236 3.4193 -0.32725 -0.85469 3.5432 0.63374 -0.43226 2.1215 1.3187 -1.8865 1.7661 1.6883 -1.2014 3.3239 -1.2899 -0.19975 2.1175 -1.7482 -1.6002 1.4863 -1.6136 0.22214 0.14592 0.74354 0.86077 -1.8535 0.8368 2.199 -3.025 0.54042 -0.22214 -0.14593 -0.74354 -1.1544 -1.8898 -0.033543 -0.76701 -3.5061 0.66528
4 34 264 -1.4267 4.6321 -0.19625 -1.0648 3.4186 -0.19312 -0.71619 3.5614 0.71542 -0.1703 2.1472 1.3242 -1.5185 1.7311 1.9462 -1.4226 3.3041 -1.1021 -0.55974 2.0221 -1.632 -1.9431 1.4667 -1.2377 0.34399 0.1526 0.69418 0.88108 -1.875 0.81574 2.3091 -2.788 0.20095 -0.34399 -0.1526 -0.69418 -1.1198 -1.9144 0.14754 -0.43558 -3.4824 0.71676
4 35 264 -1.4403 4.6302 -0.17906 -1.0634 3.4216 -0.14648 -0.74037 3.5757 0.76964 -0.16876 2.1742 1.3844 -1.4927 1.653 1.9787 -1.396 3.2958 -1.0635 -0.64505 1.9019 -1.4658 -2.0668 1.4796 -1.0439 0.32193 0.12164 0.71068 0.6439 -1.9267 1.0499 2.2142 -2.5616 0.432 -0.32193 -0.12164 -0.71068 -1.1186 -1.8596 0.16058 -0.23016 -3.3591 0.62213
4 36 264 -1.5342 4.5985 -0.187 -1.1274 3.4007 -0.12994 -0.84598 3.5598 0.79894 -0.18767 2.1846 1.3856 -1.4738 1.5492 1.951 -1.4192 3.2694 -1.06 -0.85334 1.7688 -1.3708 -2.2966 1.5278 -0.88459 0.28094 0.10719 0.73012 0.26221 -1.9246 1.2647 1.914 -2.3723 0.6971 -0.28094 -0.1072 -0.73012 -1.1587 -1.8259 0.10049 -0.076111 -3.2097 0.50533
4 37 264 -1.5468 4.5955 -0.22092 -1.1241 3.4036 -0.1575 -0.87938 3.5577 0.78258 -0.086556 2.2375 1.3278 -1.3707 1.553 1.8378 -1.3796 3.2773 -1.0988 -0.98436 1.7117 -1.3471 -2.4303 1.6524 -0.81476 0.22939 0.098834 0.74907 -0.22002 -1.8604 1.3605 1.4788 -2.3103 0.95734 -0.22939 -0.098834 -0.74907 -1.081 -1.8524 0.034681 0.12733 -3.1389 0.40299
4 38 276 -1.5557 4.5964 0.097861 -1.1416 3.4001 0.069319 -0.71495 3.5424 0.944 0.29685 2.2957 1.2453 -0.89386 1.615 1.9499 -1.5788 3.2857 -0.80426 -1.3426 1.6944 -1.0884 -2.6301 1.7751 -0.24362 0.34511 0.091232 0.70433 -0.43247 -1.725 1.419 1.1732 -2.3929 0.94293 -0.34511 -0.091232 -0.70433 -0.91432 -1.9177 0.16412 0.41493 -3.1339 0.23359
4 39 276 -1.5045 4.6131 0.06871 -1.1203 3.4072 0.033375 -0.68226 3.539 0.90404 0.42528 2.3619 1.1417 -0.80588 1.706 1.7988 -1.5683 3.3034 -0.83605 -1.3673 1.709 -1.1295 -2.6375 1.84 -0.26528 0.31513 0.091572 0.7182 -0.80528 -1.5709 1.3468 0.65285 -2.6205 1.1949 -0.31513 -0.091572 -0.7182 -0.68455 -1.998 0.083887 0.66431 -3.1942 0.10697
4 40 276 -1.459 4.6251 -0.0069294 -1.1088 3.4091 -0.050359 -0.6587 3.525 0.81644 0.50822 2.3967 1.0009 -0.73916 1.7624 1.6485 -1.568 3.3217 -0.91571 -1.3627 1.7334 -1.2379 -2.6264 1.8221 -0.35874 0.27526 0.10413 0.73273 -0.98302 -1.5046 1.2257 0.090908 -2.9456 1.3709 -0.27526 -0.10413 -0.73273 -0.41687 -2.0771 -0.024437 0.9415 -3.2626 -0.011854
4 41 288 -1.3785 4.6438 0.19664 -1.0684 3.421 0.08733 -0.45869 3.526 0.85194 0.73664 2.4175 0.74568 -0.34891 1.7964 1.6476 -1.6861 3.3446 -0.67423 -1.5377 1.7656 -1.066 -2.5918 1.7546 0.059386 0.38173 0.11311 0.6819 -0.72986 -1.5513 1.321 -0.14596 -3.2411 1.5546 -0.38173 -0.11311 -0.6819 -0.20468 -2.1323 -0.12887 1.1569 -3.2907 -0.36334
4 42 288 -1.2844 4.671 0.11024 -1.0054 3.4406 0.00093505 -0.40815 3.5222 0.77812 0.77905 2.4047 0.67574 -0.33193 1.8234 1.5733 -1.6097 3.3878 -0.77324 -1.4292 1.8216 -1.2011 -2.5006 1.6934 -0.099596 0.3317 0.11367 0.7075 -0.63663 -1.6662 1.2631 -0.57964 -3.4133 1.7049 -0.3317 -0.11367 -0.7075 -0.011428 -2.1505 -0.30383 1.3707 -3.2922 -0.49628
4 43 288 -1.1615 4.7038 0.034895 -0.91514 3.4656 -0.062174 -0.35791 3.5296 0.74576 0.81056 2.3885 0.70902 -0.37774 1.8953 1.5589 -1.4789 3.4305 -0.86735 -1.2791 1.8755 -1.3265 -2.3797 1.6452 -0.27139 0.26393 0.099849 0.73748 -0.61767 -1.7404 1.2381 -0.80258 -3.4665 1.7252 -0.26393 -0.099849 -0.73748 0.1153 -2.1369 -0.3897 1.5488 -3.2104 -0.59824
4 44 288 -1.0641 4.7251 -0.027347 -0.84541 3.4808 -0.11144 -0.35791 3.5347 0.74108 0.78211 2.3704 0.85673 -0.51929 1.9917 1.592 -1.339 3.4559 -0.96179 -1.1145 1.9124 -1.4476 -2.2684 1.6026 -0.4728 0.20721 0.09007 0.7566 -0.6928 -1.7559 1.2001 -0.72549 -3.4963 1.6699 -0.20721 -0.09007 -0.7566 0.12167 -2.1349 -0.40327 1.665 -3.0352 -0.64502
4 46 300 -1.0668 4.7114 -0.057204 -0.88072 3.4638 -0.16018 -0.38814 3.5074 0.69001 0.65716 2.3227 1.1057 -0.77171 2.2027 1.6728 -1.379 3.4493 -1.008 -1.0789 1.9457 -1.5719 -2.2313 1.4735 -0.66274 0.26821 0.13529 0.73025 -0.61833 -1.7028 1.2301 -0.045703 -3.3913 1.4981 -0.26821 -0.13529 -0.73025 -0.27457 -2.2007 -0.34531 1.3816 -2.6112 -0.92805
4 47 300 -1.1124 4.6955 -0.092842 -0.91621 3.4523 -0.21772 -0.48518 3.4837 0.66579 0.35881 2.2842 1.3853 -1.1533 2.2461 1.685 -1.3537 3.45 -1.0986 -0.84915 2.005 -1.6698 -2.1073 1.3962 -1.0187 0.25639 0.15112 0.73139 -0.68922 -1.6612 1.2167 0.097407 -3.2744 1.389 -0.25639 -0.15112 -0.73139 -0.59042 -2.1757 -0.28008 1.121 -2.4518 -0.77565
4 48 312 -1.154 4.6852 0.1088 -0.97057 3.4461 -0.062538 -0.44069 3.4734 0.76562 0.32338 2.2613 1.5503 -1.1774 2.2409 1.9037 -1.5069 3.4477 -0.88702 -0.95718 2.073 -1.5775 -2.1538 1.3623 -0.9136 0.37935 0.15322 0.67537 -0.38456 -1.6938 1.3228 0.54841 -3.2328 1.2128 -0.37935 -0.15322 -0.67537 -0.93387 -2.0845 -0.061327 0.70672 -2.4167 -0.73141
4 49 312 -1.222 4.6708 0.010757 -1.0141 3.4324 -0.12777 -0.61896 3.4699 0.77214 -0.0093081 2.2659 1.6927 -1.5482 2.2549 1.7895 -1.4164 3.4236 -1.0252 -0.74185 2.1052 -1.7148 -2.0095 1.376 -1.2261 0.33224 0.1554 0.69926 -0.2737 -1.777 1.2586 0.73762 -3.2623 1.1104 -0.33224 -0.1554 -0.69926 -1.1864 -1.9491 -0.015652 0.46925 -2.5071 -0.46089
4 50 324 -1.2854 4.6521 0.12912 -1.079 3.4132 -0.0080344 -0.63341 3.4577 0.86765 0.09477 2.2592 1.7056 -1.4299 2.2281 1.9337 -1.5318 3.3975 -0.881 -0.911 2.1158 -1.6813 -2.1341 1.4054 -1.0674 0.40699 0.16052 0.65734 0.17648 -1.874 1.1282 1.1597 -3.3515 0.81006 -0.40699 -0.16052 -0.65734 -1.321 -1.8302 0.23213 0.16366 -2.7312 -0.2526
4 51 324 -1.3225 4.6471 -0.059561 -1.0936 3.4067 -0.13817 -0.76951 3.4704 0.78825 -0.057235 2.263 1.6271 -1.591 2.1598 1.7485 -1.4253 3.3719 -1.0635 -0.69372 2.1204 -1.8168 -1.9855 1.4312 -1.333 0.33041 0.16118 0.69882 0.40005 -1.9208 0.97224 1.3883 -3.4064 0.71297 -0.33041 -0.16118 -0.69882 -1.3531 -1.7853 0.15599 -0.050567 -3.0238 0.013183
4 52 324 -1.3336 4.6439 -0.21033 -1.089 3.4041 -0.23949 -0.8533 3.4895 0.71157 -0.14228 2.265 1.5264 -1.668 2.0537 1.5989 -1.3324 3.3475 -1.1908 -0.48347 2.1247 -1.8636 -1.8215 1.4466 -1.5063 0.27259 0.15908 0.7238 0.58086 -1.9108 0.91104 1.5945 -3.3857 0.69159 -0.27259 -0.15908 -0.7238 -1.2898 -1.8114 0.082078 -0.26884 -3.2905 0.22587
4 53 324 -1.3268 4.64 -0.35852 -1.0673 3.4022 -0.34264 -0.89391 3.5058 0.61994 -0.19066 2.2623 1.4123 -1.6967 1.9368 1.4733 -1.2484 3.3273 -1.3065 -0.31503 2.1163 -1.8818 -1.6813 1.4504 -1.6219 0.22891 0.16501 0.73748 0.69116 -1.8774 0.90806 1.7572 -3.3233 0.75312 -0.22891 -0.16501 -0.73748 -1.1875 -1.8713 0.02674 -0.42627 -3.4714 0.35966
4 54 324 -1.2918 4.639 -0.50296 -1.0296 3.4028 -0.44275 -0.90691 3.5259 0.52532 -0.22535 2.2585 1.2986 -1.706 1.8346 1.3736 -1.1599 3.3084 -1.413 -0.19003 2.0856 -1.8955 -1.5807 1.451 -1.693 0.18292 0.1708 0.74891 0.65976 -1.8646 0.95919 1.8655 -3.1996 0.8379 -0.18292 -0.1708 -0.74891 -1.0959 -1.919 -0.024607 -0.42942 -3.5373 0.40845
4 55 336 -1.3715 4.6351 -0.3402 -1.0881 3.4029 -0.29742 -0.80343 3.547 0.63291 -0.0090781 2.2533 1.2363 -1.4131 1.7516 1.6296 -1.3811 3.2873 -1.2292 -0.51634 2.0352 -1.8234 -1.8667 1.458 -1.3531 0.29216 0.17043 0.71351 0.71624 -1.8765 0.92465 2.0541 -3.0138 0.51532 -0.29216 -0.17043 -0.71351 -1.0054 -1.9534 0.13879 -0.16229 -3.515 0.45731
4 56 336 -1.4075 4.6274 -0.39244 -1.086 3.4063 -0.32022 -0.8308 3.5682 0.61573 -0.065268 2.2505 1.2044 -1.4449 1.6902 1.6047 -1.3506 3.2726 -1.258 -0.50598 1.9762 -1.782 -1.8885 1.4968 -1.2958 0.25643 0.15592 0.73037 0.48973 -1.903 1.0778 1.9986 -2.8027 0.67174 -0.25643 -0.15592 -0.73037 -0.9449 -1.9402 0.13939 0.035749 -3.4322 0.39091
4 57 336 -1.5361 4.5912 -0.37361 -1.1456 3.3923 -0.27166 -0.91654 3.5652 0.66909 -0.15543 2.2385 1.243 -1.517 1.6199 1.6188 -1.3856 3.2472 -1.2144 -0.60717 1.8857 -1.6717 -2.0146 1.547 -1.1405 0.23789 0.13166 0.74133 0.1296 -1.9107 1.2222 1.7639 -2.5892 0.87623 -0.23789 -0.13166 -0.74133 -0.93465 -1.9018 0.15045 0.20041 -3.2905 0.33553
4 58 348 -1.7071 4.545 -0.03178 -1.2645 3.3609 -0.0038035 -0.86647 3.533 0.87898 -0.0010778 2.2087 1.2866 -1.2453 1.5144 1.876 -1.6744 3.216 -0.88603 -1.1218 1.7681 -1.4026 -2.3839 1.5909 -0.53466 0.37863 0.13329 0.67998 -0.024658 -1.8246 1.3269 1.5635 -2.4521 0.74818 -0.37863 -0.13329 -0.67998 -0.85836 -1.9374 0.28404 0.42393 -3.2012 0.18668
4 59 348 -1.7956 4.5088 0.0058347 -1.3492 3.326 0.020173 -0.96655 3.4958 0.91017 -0.079702 2.1823 1.3064 -1.337 1.4617 1.8333 -1.7442 3.1834 -0.86924 -1.3277 1.6629 -1.2974 -2.5699 1.6517 -0.38391 0.3553 0.13081 0.69293 -0.45465 -1.6825 1.3785 1.126 -2.4504 0.97512 -0.3553 -0.13081 -0.69293 -0.73544 -2.0003 0.18736 0.6325 -3.1718 0.10303
4 60 0 -1.8211 4.48 0.37493 -1.384 3.2966 0.28866 -0.82184 3.4666 1.0776 0.17313 2.1815 1.2425 -0.99223 1.4872 1.9757 -1.9579 3.1538 -0.49718 -1.7162 1.5962 -0.92624 -2.7146 1.7408 0.23994 0.45832 0.137 0.62823 -0.499 -1.5424 1.4513 0.87294 -2.605 0.9618 -0.45832 -0.137 -0.62823 -0.47235 -2.0687 0.19797 0.88136 -3.2044 -0.16047
4 61 0 -1.7858 4.5006 0.30542 -1.3674 3.3112 0.20367 -0.78192 3.473 0.97721 0.25463 2.2168 1.104 -0.93115 1.5397 1.8203 -1.9641 3.1767 -0.56653 -1.7541 1.6035 -0.95343 -2.7358 1.8405 0.2118 0.42758 0.14334 0.64817 -0.67674 -1.4885 1.3775 0.43384 -2.8853 1.1201 -0.42758 -0.14334 -0.64817 -0.20769 -2.1158 0.04137 1.1461 -3.2532 -0.31122
4 62 0 -1.7274 4.5248 0.26002 -1.336 3.3273 0.1409 -0.73687 3.4727 0.90726 0.33439 2.2424 0.99497 -0.84006 1.5524 1.7176 -1.9455 3.2097 -0.62196 -1.749 1.6314 -0.99466 -2.716 1.9079 0.17416 0.39836 0.14143 0.66694 -0.72602 -1.5239 1.2806 -0.045514 -3.193 1.2342 -0.39836 -0.14143 -0.66694 0.015177 -2.1394 -0.16559 1.399 -3.2602 -0.44791
4 63 12 -1.6016 4.5352 0.59002 -1.2729 3.3298 0.3867 -0.53291 3.4521 1.0229 0.55112 2.2436 0.84117 -0.41366 1.5208 1.8027 -2.0217 3.2355 -0.24407 -1.9068 1.6589 -0.65596 -2.6072 1.9392 0.68882 0.49673 0.13507 0.59876 -0.41718 -1.6232 1.2971 -0.2232 -3.4132 1.3928 -0.49673 -0.13507 -0.59876 0.14567 -2.1215 -0.36252 1.4674 -3.228 -0.89112
4 64 12 -1.5256 4.5633 0.5671 -1.2145 3.3541 0.3574 -0.49693 3.451 1.0231 0.5937 2.2498 0.83196 -0.35705 1.5026 1.7888 -1.9402 3.2853 -0.30285 -1.8225 1.7159 -0.74088 -2.5641 1.9501 0.59062 0.46395 0.11814 0.62792 -0.39101 -1.7081 1.218 -0.47058 -3.4963 1.4343 -0.46395 -0.11814 -0.62792 0.25878 -2.0827 -0.4472 1.6224 -3.1116 -1.0241
4 65 12 -1.4328 4.5973 0.53942 -1.135 3.3853 0.3265 -0.45714 3.4577 1.0355 0.62344 2.2399 0.90149 -0.36617 1.4946 1.8196 -1.8208 3.3412 -0.37709 -1.6873 1.7875 -0.86381 -2.4895 1.9632 0.4413 0.43765 0.10106 0.64942 -0.46745 -1.7148 1.1951 -0.43065 -3.514 1.307 -0.43765 -0.10106 -0.64942 0.22375 -2.0836 -0.43452 1.682 -2.9005 -1.1106
4 66 12 -1.3693 4.621 0.47685 -1.0869 3.406 0.26083 -0.46432 3.4506 1.0209 0.59064 2.2034 1.0061 -0.4908 1.5025 1.8528 -1.7172 3.3897 -0.49403 -1.5346 1.8626 -1.0448 -2.4391 1.9376 0.2017 0.40631 0.099916 0.66965 -0.53768 -1.714 1.1523 -0.19085 -3.4821 1.0865 -0.40631 -0.099916 -0.66965 0.047519 -2.1333 -0.39836 1.6062 -2.6564 -1.1385
4 67 12 -1.4071 4.6065 0.40838 -1.1329 3.3914 0.18537 -0.57742 3.4077 0.9969 0.43752 2.1356 1.1393 -0.76476 1.5116 1.876 -1.6962 3.4033 -0.62077 -1.4009 1.9255 -1.2514 -2.433 1.827 -0.10997 0.3646 0.11783 0.69042 -0.63252 -1.6879 1.0899 0.022801 -3.359 0.92038 -0.3646 -0.11783 -0.69042 -0.28155 -2.1897 -0.35153 1.3498 -2.425 -1.0824
4 68 12 -1.4841 4.5779 0.38537 -1.1923 3.3706 0.14781 -0.70174 3.3651 1.0003 0.24155 2.0685 1.3131 -1.0835 1.5509 1.908 -1.6917 3.404 -0.69888 -1.2177 2.0141 -1.4145 -2.3729 1.6971 -0.44348 0.33381 0.12681 0.70426 -0.62035 -1.7118 1.0557 0.27241 -3.2525 0.77272 -0.33381 -0.12681 -0.70426 -0.68905 -2.1584 -0.30316 0.99161 -2.2826 -0.94412
4 69 12 -1.5202 4.5736 0.31203 -1.2019 3.3711 0.084923 -0.79757 3.3535 0.98136 0.037401 2.0222 1.4277 -1.3944 1.6541 1.8661 -1.6156 3.4166 -0.80621 -0.98021 2.1108 -1.5545 -2.2234 1.6377 -0.77453 0.30312 0.12781 0.71783 -0.47635 -1.8071 0.96854 0.55882 -3.2434 0.62723 -0.30312 -0.12781 -0.71783 -1.0728 -2.029 -0.26224 0.62765 -2.3333 -0.77886
4 70 24 -1.4672 4.5773 0.51343 -1.1766 3.371 0.2678 -0.68961 3.3495 1.1221 0.14618 1.9943 1.4877 -1.2628 1.7555 2.0668 -1.6721 3.4203 -0.58037 -1.0833 2.1722 -1.4545 -2.2312 1.6218 -0.58446 0.41078 0.12406 0.66285 -0.035429 -1.9175 0.88054 0.97043 -3.3057 0.32204 -0.41078 -0.12406 -0.66285 -1.3413 -1.8629 0.061734 0.16826 -2.5627 -0.63279
4 71 24 -1.4699 4.5942 0.37444 -1.1636 3.381 0.1864 -0.77078 3.3649 1.0879 0.0088919 1.9947 1.5163 -1.4618 1.8386 1.9526 -1.5652 3.4252 -0.71036 -0.87441 2.209 -1.5544 -2.0994 1.6164 -0.82926 0.36774 0.11759 0.6888 0.24032 -1.9794 0.71646 1.2692 -3.3685 0.2039 -0.36774 -0.11759 -0.6888 -1.4081 -1.7658 0.095538 -0.10375 -2.9264 -0.35444
4 72 24 -1.4457 4.6147 0.24415 -1.1306 3.3964 0.10791 -0.81367 3.393 1.039 -0.081892 2.01 1.5087 -1.5876 1.8808 1.8152 -1.4561 3.4281 -0.81966 -0.67042 2.2322 -1.6078 -1.95 1.6053 -1.0185 0.32848 0.11207 0.70925 0.4911 -1.9819 0.65511 1.5178 -3.3773 0.15523 -0.32848 -0.11207 -0.70925 -1.3623 -1.7525 0.099754 -0.4435 -3.2951 -0.064842
4 73 24 -1.3874 4.6422 0.12677 -1.0682 3.42 0.040078 -0.80499 3.4381 0.98757 -0.12692 2.0442 1.5034 -1.6521 1.9161 1.691 -1.3399 3.4305 -0.90514 -0.47994 2.248 -1.6338 -1.7927 1.5939 -1.1579 0.30473 0.10462 0.7209 0.69313 -1.9579 0.62259 1.7348 -3.3583 0.17024 -0.30473 -0.10462 -0.7209 -1.2441 -1.8014 0.087045 -0.79577 -3.5448 0.19003
4 74 24 -1.3399 4.6589 0.022351 -1.0246 3.4333 -0.017856 -0.79213 3.4737 0.93697 -0.17916 2.0684 1.5009 -1.7149 1.9533 1.5784 -1.2654 3.4215 -0.9714 -0.35872 2.2458 -1.653 -1.6904 1.5861 -1.2418 0.29687 0.10504 0.72411 0.8269 -1.925 0.61327 1.9433 -3.2813 0.20706 -0.29687 -0.10504 -0.72411 -1.1544 -1.8544 0.062489 -0.986 -3.6278 0.34106
