0 5 300 0.48189 4.7961 -0.48619 0.28987 3.5641 -0.26916 -0.1746 3.4598 -1.1298 -1.2251 2.5532 -1.9919 -1.8116 2.901 -3.3749 0.7576 3.6976 0.5857 1.8742 2.5585 0.93866 3.2728 2.4184 0.30466 -0.067237 -0.047015 -0.78535 1.0422 -1.8202 -0.58754 1.0745 -3.6019 -0.86242 0.067237 0.047015 0.78534 -0.29771 -2.0158 0.62443 -1.2825 -3.4745 0.23307
0 6 288 0.55108 4.7888 -0.4668 0.34245 3.5613 -0.23674 -0.084077 3.4635 -1.1176 -1.1965 2.5874 -1.9323 -1.8824 2.9631 -3.2612 0.77292 3.6881 0.63846 1.8942 2.5372 0.93362 3.2537 2.421 0.21538 0.035279 -0.047612 -0.78739 1.1257 -1.7985 -0.38784 1.2234 -3.5814 -0.63845 -0.03528 0.047612 0.78739 -0.39508 -2.0086 0.54901 -1.3021 -3.4515 -0.039386
0 8 276 0.60443 4.7706 -0.52507 0.40127 3.554 -0.24077 -0.092312 3.4615 -1.0865 -1.415 2.6408 -1.5822 -2.4631 3.0351 -2.6422 0.89869 3.6754 0.59899 2.0429 2.5108 0.54178 3.1268 2.4587 -0.55371 0.080263 -0.055267 -0.78358 1.159 -1.7579 -0.19051 1.3176 -3.5423 -0.39497 -0.080263 0.055267 0.78358 -0.44585 -1.9902 0.47268 -1.2612 -3.4007 -0.29976
0 9 264 0.69076 4.7618 -0.46447 0.45626 3.5507 -0.18343 0.032073 3.4648 -1.0666 -1.2907 2.6527 -1.576 -2.3507 3.0302 -2.6303 0.88487 3.6656 0.69433 2.0191 2.4949 0.58632 3.0555 2.4684 -0.55509 0.18324 -0.059207 -0.76578 1.1535 -1.7405 0.038157 1.3611 -3.5245 -0.11969 -0.18324 0.059207 0.76578 -0.50696 -1.981 0.38228 -1.1708 -3.3802 -0.54099
0 10 264 0.66231 4.7571 -0.52655 0.45875 3.5494 -0.21177 -0.062562 3.4719 -1.0422 -1.4556 2.664 -1.3172 -2.6972 3.0016 -2.1669 0.98398 3.6559 0.61295 2.058 2.4832 0.2388 2.7682 2.4843 -1.1299 0.13279 -0.0623 -0.77588 1.1388 -1.7269 0.018635 1.3577 -3.5113 -0.1197 -0.13279 0.0623 0.77588 -0.4843 -1.9714 0.38236 -1.1725 -3.3658 -0.53033
0 11 264 0.64389 4.7522 -0.55898 0.4691 3.5479 -0.21747 -0.1297 3.4789 -0.99468 -1.5381 2.6587 -1.1051 -2.9005 2.9378 -1.7712 1.0715 3.6458 0.55381 2.0389 2.4795 -0.056481 2.3791 2.5142 -1.5601 0.090529 -0.058336 -0.78224 1.1292 -1.7182 -0.020495 1.3597 -3.503 -0.13173 -0.090529 0.058336 0.78224 -0.45689 -1.9725 0.38754 -1.1722 -3.3547 -0.52288
0 12 252 0.74646 4.7479 -0.41888 0.52343 3.5455 -0.10074 0.03943 3.4861 -0.9549 -1.3269 2.6451 -1.2622 -2.613 2.8676 -2.0832 1.0122 3.6339 0.74818 1.9907 2.4813 0.12952 2.2812 2.5625 -1.3827 0.21716 -0.051195 -0.75744 1.1059 -1.7155 0.16706 1.3638 -3.4998 0.1453 -0.21717 0.051195 0.75744 -0.50047 -1.9782 0.29327 -1.0367 -3.3486 -0.74864
0 12 264 0.64305 4.7479 -0.56493 0.49104 3.5455 -0.20737 -0.15997 3.4861 -0.94223 -1.5604 2.6451 -0.9587 -2.9891 2.8676 -1.4944 1.1456 3.6339 0.52138 1.9741 2.4813 -0.2872 1.9439 2.5625 -1.8267 0.054938 -0.051195 -0.78604 1.1164 -1.7155 -0.066517 1.3642 -3.4998 -0.14142 -0.054938 0.051195 0.78604 -0.42856 -1.9782 0.39091 -1.1697 -3.3486 -0.51674
0 13 252 0.7453 4.749 -0.41812 0.53033 3.5459 -0.096398 0.01227 3.496 -0.93096 -1.347 2.6315 -1.2029 -2.6701 2.7994 -1.9768 1.0533 3.6247 0.73282 1.9185 2.4846 -0.054836 1.8986 2.634 -1.5894 0.18858 -0.046401 -0.76536 1.1001 -1.7182 0.12271 1.3705 -3.5007 0.14234 -0.18858 0.046401 0.76536 -0.48082 -1.9779 0.2846 -1.0369 -3.3466 -0.74893
0 13 264 0.64208 4.749 -0.56394 0.4987 3.5459 -0.20455 -0.18155 3.496 -0.91316 -1.5676 2.6315 -0.8966 -3.0227 2.7994 -1.3785 1.1827 3.6247 0.4978 1.8651 2.4846 -0.45251 1.5266 2.634 -1.9494 0.02533 -0.046401 -0.78785 1.1015 -1.7182 -0.10869 1.3701 -3.5007 -0.14571 -0.02533 0.046401 0.78785 -0.41114 -1.9779 0.37835 -1.17 -3.3466 -0.51697
0 14 264 0.67907 4.7451 -0.55077 0.53062 3.542 -0.19299 -0.15889 3.5022 -0.89325 -1.5269 2.6093 -0.89174 -2.9758 2.7391 -1.403 1.2242 3.6107 0.50095 1.7853 2.472 -0.52729 1.241 2.6952 -1.9526 0.0063464 -0.039922 -0.78858 1.087 -1.7237 -0.14723 1.3827 -3.5023 -0.15582 -0.0063463 0.039922 0.78858 -0.3919 -1.9819 0.36685 -1.1629 -3.3508 -0.51775
0 15 264 0.71027 4.7463 -0.50932 0.54822 3.541 -0.16378 -0.12782 3.5078 -0.87738 -1.4811 2.5945 -0.93386 -2.899 2.7051 -1.5297 1.2287 3.603 0.54363 1.736 2.4694 -0.51774 1.0682 2.7527 -1.8784 0.011976 -0.032722 -0.78885 1.0788 -1.7313 -0.16371 1.3862 -3.508 -0.1558 -0.011976 0.032722 0.78885 -0.38142 -1.9935 0.37366 -1.1593 -3.3568 -0.51354
0 16 264 0.73539 4.7499 -0.46604 0.54795 3.5427 -0.13886 -0.090848 3.5134 -0.88615 -1.4263 2.584 -1.0332 -2.7841 2.6857 -1.7569 1.1917 3.6008 0.60251 1.7271 2.4746 -0.45288 1.0232 2.786 -1.789 0.032172 -0.032658 -0.78829 1.0855 -1.7371 -0.15616 1.3875 -3.5147 -0.15242 -0.032172 0.032658 0.78829 -0.39035 -1.9965 0.37775 -1.157 -3.3644 -0.51223
0 17 276 0.65627 4.7532 -0.54379 0.51765 3.544 -0.19893 -0.21845 3.5096 -0.85034 -1.5576 2.574 -0.85331 -2.9763 2.676 -1.4488 1.2575 3.6073 0.446 1.6699 2.4895 -0.67167 0.75178 2.7971 -1.8717 -0.093295 -0.027241 -0.78361 1.0432 -1.7439 -0.36426 1.3299 -3.5228 -0.42877 0.093295 0.027241 0.78361 -0.3071 -2.0116 0.47187 -1.2305 -3.3774 -0.25808
0 18 276 0.68658 4.7605 -0.45286 0.51751 3.5469 -0.13648 -0.14793 3.5081 -0.8597 -1.4771 2.5718 -1.0192 -2.801 2.6852 -1.8014 1.1871 3.6147 0.58077 1.7668 2.5071 -0.47081 0.99072 2.7874 -1.7734 -0.034971 -0.022707 -0.78852 1.0719 -1.7482 -0.32826 1.3393 -3.5295 -0.40735 0.034971 0.022707 0.78852 -0.31914 -2.0282 0.50067 -1.2208 -3.3943 -0.25536
0 19 276 0.7177 4.7674 -0.33524 0.51899 3.5486 -0.057286 -0.051515 3.5092 -0.85749 -1.3378 2.5621 -1.1998 -2.5292 2.6891 -2.1705 1.0941 3.617 0.73765 1.8659 2.5205 -0.19547 1.3465 2.7515 -1.6288 0.039778 -0.01656 -0.78844 1.1055 -1.7526 -0.27399 1.3552 -3.5361 -0.36184 -0.039778 0.01656 0.78844 -0.33544 -2.0492 0.54449 -1.2118 -3.4127 -0.24535
0 20 288 0.67381 4.7724 -0.36272 0.50757 3.55 -0.079665 -0.12351 3.5151 -0.83324 -1.4231 2.5626 -1.1024 -2.6558 2.7005 -2.0185 1.1428 3.614 0.66854 1.923 2.5329 -0.2756 1.4455 2.7034 -1.7318 -0.040002 -0.010969 -0.78853 1.0662 -1.7648 -0.44998 1.2586 -3.5503 -0.61171 0.040002 0.010969 0.78853 -0.22635 -2.0688 0.65499 -1.2223 -3.4325 0.02301
0 21 288 0.7067 4.7776 -0.23375 0.50713 3.5512 0.0079929 -0.0056523 3.523 -0.83083 -1.241 2.5706 -1.3163 -2.2835 2.7214 -2.4424 1.0247 3.6085 0.84238 2.0055 2.5424 0.087264 1.9496 2.6562 -1.4495 0.051376 -0.0042086 -0.78793 1.1076 -1.7775 -0.39509 1.2716 -3.5632 -0.58249 -0.051375 0.0042086 0.78794 -0.2508 -2.086 0.714 -1.2118 -3.455 0.040842
0 22 300 0.6782 4.7831 -0.25943 0.49686 3.5528 -0.022696 -0.055068 3.5281 -0.83641 -1.3005 2.573 -1.2897 -2.3619 2.7389 -2.3958 1.0532 3.6066 0.78656 2.0616 2.5532 0.050053 2.1582 2.6188 -1.4875 -0.019472 -0.0028431 -0.78937 1.0548 -1.7937 -0.55882 1.1298 -3.5781 -0.80623 0.019473 0.0028429 0.78937 -0.12721 -2.093 0.80551 -1.1671 -3.4785 0.30552
0 24 312 0.68822 4.7913 -0.1738 0.47764 3.5559 0.0093405 0.043993 3.5337 -0.87317 -1.1152 2.5973 -1.5427 -1.9082 2.79 -2.851 0.91624 3.6074 0.88817 2.1134 2.5823 0.45834 2.873 2.5718 -0.88355 0.023725 -0.0019205 -0.78926 1.039 -1.8372 -0.66606 0.95321 -3.6106 -0.98021 -0.023725 0.0019205 0.78926 -0.02329 -2.0954 0.91441 -1.0613 -3.5279 0.56607
0 25 324 0.6699 4.7939 -0.2072 0.46612 3.5573 -0.024253 0.008856 3.5315 -0.89466 -1.1496 2.6028 -1.5761 -1.9307 2.7992 -2.8909 0.92806 3.6123 0.84232 2.1535 2.6018 0.45998 3.098 2.5546 -0.75792 -0.039801 0.00046086 -0.78861 0.9381 -1.8588 -0.82466 0.7389 -3.6233 -1.1373 0.039801 -0.0004611 0.78861 0.13315 -2.0931 0.95138 -0.91176 -3.5536 0.78992
0 27 336 0.63653 4.8016 -0.17095 0.42292 3.5627 -0.016604 0.075652 3.5296 -0.93621 -0.87657 2.6128 -1.8961 -1.2622 2.7888 -3.3787 0.77501 3.6249 0.89965 2.0837 2.6471 0.90455 3.5062 2.5342 0.32027 -0.012082 -0.0029111 -0.78952 0.8589 -1.9106 -0.91779 0.50414 -3.6518 -1.223 0.012083 0.0029106 0.78952 0.24406 -2.0747 0.99945 -0.71713 -3.6001 0.995
0 94 12 0.33708 4.8044 0.12257 0.14405 3.572 0.041199 -0.091162 3.6063 -0.91319 -0.66489 4.0482 -2.3775 -0.78173 5.5803 -2.5068 0.37849 3.5675 0.99638 0.92098 3.9309 2.4938 1.3119 5.4085 2.6973 -0.19955 0.013351 -0.76387 0.2166 -2.0444 -0.84618 -0.36245 -3.7466 -0.71131 0.19956 -0.013351 0.76387 0.5768 -2.0785 0.84758 -0.066607 -3.715 1.2461
0 101 36 0.1175 4.8428 -0.12853 0.11414 3.5795 -0.14103 -0.43302 3.5415 -0.95745 0.57991 3.5686 -2.2388 1.8899 4.3776 -2.323 0.66165 3.6473 0.67321 2.2305 3.609 0.2192 2.7785 4.1247 -1.1267 -0.46584 -0.001101 -0.63756 -0.061305 -2.0428 -0.92409 -0.55036 -3.7554 -0.64329 0.46584 0.001101 0.63756 0.913 -2.0471 0.49929 0.52778 -3.7294 1.0213
0 102 36 0.15323 4.8399 -0.1783 0.15189 3.5776 -0.17287 -0.39375 3.5233 -0.98938 0.68975 3.2242 -2.1748 2.0761 3.887 -2.3029 0.69812 3.6615 0.64073 2.2213 3.3524 0.13752 2.8405 3.6893 -1.2339 -0.46163 -0.00029087 -0.64062 -0.051916 -2.0402 -0.93246 -0.54306 -3.7529 -0.65627 0.46163 0.00029135 0.64062 0.92534 -2.0436 0.49305 0.53625 -3.7274 1.0072
0 103 36 0.18941 4.835 -0.24043 0.18631 3.5743 -0.21618 -0.35322 3.5038 -1.0355 0.72676 2.8782 -2.0895 2.1697 3.3738 -2.3126 0.72677 3.6743 0.59945 2.1735 3.1121 0.089857 2.8822 3.2614 -1.2714 -0.45811 -0.0042858 -0.64313 -0.047121 -2.0432 -0.94002 -0.54794 -3.7531 -0.66337 0.45811 0.0042858 0.64313 0.92158 -2.0394 0.49167 0.53441 -3.7263 0.99694
0 104 36 0.22241 4.8306 -0.27655 0.21241 3.571 -0.24687 -0.32389 3.4996 -1.0682 0.68989 2.5927 -1.9729 2.1676 2.8882 -2.2996 0.75008 3.6718 0.57051 2.1017 2.8812 0.10496 2.8706 2.8474 -1.2312 -0.4532 -0.0063686 -0.64658 -0.040042 -2.0445 -0.94619 -0.55215 -3.7506 -0.66709 0.4532 0.0063686 0.64658 0.91394 -2.0379 0.49489 0.52786 -3.727 0.99381
1 4 216 1.5762 4.3948 -1.2601 1.2182 3.2007 -1.0521 0.59834 3.1954 -1.8156 -0.20883 1.783 -1.965 -0.72707 0.8218 -3.0537 1.8459 3.234 -0.29558 1.9346 1.8699 0.599 2.989 0.99632 1.308 -0.51756 -0.0071657 -0.5963 0.80602 -1.4546 -1.3496 -0.15471 -2.8802 -0.80587 0.51756 0.0071654 0.5963 1.6497 -1.5559 -0.23401 0.66374 -2.7964 0.62607
1 6 204 1.379 4.5801 -0.69682 1.0871 3.353 -0.60345 0.65415 3.3443 -1.4865 -0.30543 2.2507 -2.2295 -0.89163 1.9673 -3.6272 1.5256 3.3908 0.27612 1.5854 2.3478 1.532 2.484 2.1426 2.7681 -0.37757 -0.011558 -0.6934 0.70638 -1.7524 -1.1502 -0.15858 -3.3029 -0.83598 0.37757 0.011558 0.6934 1.4095 -1.7858 0.3485 0.42127 -3.2153 0.82868
1 11 192 0.95227 4.7184 -0.23991 0.74643 3.4757 -0.21603 0.51621 3.4582 -1.1721 -0.478 3.3674 -2.4652 -0.9505 4.2156 -3.663 0.97809 3.523 0.73868 0.68043 3.2235 2.3168 1.1246 3.8982 3.6302 -0.22412 -0.00038433 -0.75714 0.10388 -2.0061 -1.29 -0.4417 -3.6492 -1.7933 0.22412 0.00038433 0.75714 0.81813 -1.9478 1.2729 0.15489 -3.5022 1.9012
1 12 192 0.8747 4.7346 -0.20617 0.67962 3.4911 -0.18524 0.45436 3.4742 -1.1425 -0.5489 3.5627 -2.4287 -1.0421 4.5406 -3.5142 0.9058 3.5378 0.77081 0.62748 3.3389 2.3682 1.0389 4.0937 3.6483 -0.22722 0.0038862 -0.75621 -0.023572 -1.9904 -1.3854 -0.60931 -3.6013 -1.9446 0.22722 -0.0038857 0.75621 0.81387 -1.9202 1.3869 0.16126 -3.4288 2.128
1 13 192 0.77886 4.7503 -0.18705 0.60076 3.5053 -0.16592 0.37449 3.49 -1.123 -0.60925 3.7213 -2.4065 -1.1142 4.7959 -3.3904 0.82728 3.5505 0.79012 0.58657 3.4249 2.401 0.96861 4.2425 3.6513 -0.22795 0.0021982 -0.756 -0.11062 -1.9763 -1.4532 -0.76565 -3.5629 -2.0052 0.22795 -0.0021982 0.756 0.77413 -1.9114 1.4421 0.16051 -3.3776 2.2935
1 14 192 0.68736 4.7625 -0.16123 0.53206 3.515 -0.14518 0.30382 3.4989 -1.1017 -0.63841 3.8463 -2.3903 -1.1582 4.9887 -3.286 0.75986 3.5608 0.81052 0.54459 3.4926 2.4285 0.95012 4.363 3.6349 -0.2303 0.0029078 -0.75528 -0.12142 -1.9637 -1.4866 -0.84511 -3.5436 -1.9675 0.2303 -0.0029073 0.75528 0.74586 -1.9137 1.4606 0.15378 -3.3524 2.3719
1 15 192 0.61702 4.7698 -0.13499 0.48439 3.5196 -0.12489 0.25031 3.5055 -1.0801 -0.64311 3.9556 -2.3716 -1.1374 5.147 -3.2164 0.71748 3.5634 0.82963 0.55584 3.5321 2.4549 0.95266 4.4405 3.636 -0.23811 0.0062594 -0.75284 -0.082668 -1.9507 -1.5015 -0.82778 -3.5419 -1.906 0.23811 -0.006259 0.75284 0.76839 -1.9224 1.4323 0.16958 -3.3419 2.3689
1 16 192 0.57059 4.7762 -0.11334 0.447 3.5249 -0.11483 0.20393 3.5189 -1.0678 -0.63393 4.0487 -2.3663 -1.0769 5.2851 -3.1743 0.68891 3.5607 0.83783 0.58968 3.5656 2.4684 0.96996 4.5016 3.6333 -0.25089 0.005724 -0.74868 -0.014014 -1.9486 -1.4827 -0.84097 -3.5216 -1.7873 0.25089 -0.0057244 0.74868 0.8198 -1.9272 1.3799 0.15706 -3.3277 2.3021
1 17 192 0.55692 4.7841 -0.085215 0.42929 3.5332 -0.10351 0.17991 3.5389 -1.0549 -0.60077 4.0966 -2.3771 -1.0006 5.3685 -3.1517 0.67764 3.5572 0.84786 0.65331 3.5605 2.4813 1.0249 4.5152 3.6338 -0.25568 0.0050941 -0.74706 0.12393 -1.9167 -1.5067 -0.85142 -3.4226 -1.6853 0.25568 -0.0050941 0.74706 0.84816 -1.9148 1.3922 0.021432 -3.2738 2.2411
1 18 192 0.59365 4.792 -0.01196 0.44972 3.5417 -0.038478 0.19962 3.5548 -0.9896 -0.53138 4.0423 -2.3668 -0.88636 5.3259 -3.144 0.69949 3.5585 0.91268 0.74748 3.4624 2.5428 1.1408 4.4041 3.6987 -0.25567 0.023301 -0.74672 0.2608 -1.8519 -1.5413 -0.7773 -3.3211 -1.662 0.25567 -0.023301 0.74672 0.89877 -1.8979 1.4443 -0.02386 -3.2267 2.2405
1 19 192 0.69554 4.7813 -0.019543 0.52462 3.5332 -0.052169 0.27376 3.5557 -1.0029 -0.41727 3.8797 -2.4473 -0.72699 5.1256 -3.3014 0.77616 3.5404 0.89864 0.86928 3.2802 2.5087 1.3591 4.1269 3.7007 -0.25822 0.02253 -0.74586 0.46299 -1.7451 -1.6231 -0.64602 -3.1652 -1.6899 0.25822 -0.02253 0.74586 1.014 -1.8653 1.4146 0.020785 -3.1465 2.204
1 20 192 0.70927 4.7851 0.021572 0.52209 3.5387 -0.015478 0.27784 3.5651 -0.96785 -0.378 3.7278 -2.4552 -0.67079 4.8529 -3.4681 0.76765 3.5421 0.93691 0.91494 3.1237 2.5092 1.4949 3.7809 3.7778 -0.24404 0.025454 -0.75053 0.48286 -1.7494 -1.6084 -0.61484 -3.1782 -1.675 0.24404 -0.025454 0.75053 1.0648 -1.8482 1.3973 0.057343 -3.1411 2.1485
1 21 192 0.69346 4.7897 0.09492 0.51313 3.5422 0.042814 0.27577 3.5754 -0.91108 -0.34146 3.6035 -2.4234 -0.67434 4.5548 -3.5904 0.75188 3.5388 0.99694 0.937 3.0017 2.5286 1.5477 3.4597 3.8684 -0.23945 0.042914 -0.75121 0.42482 -1.7826 -1.5516 -0.61374 -3.2514 -1.6742 0.23945 -0.042914 0.75121 0.99853 -1.9055 1.3587 0.05739 -3.2254 2.1478
1 25 192 0.8801 4.7492 -0.027612 0.71272 3.4987 -0.10044 0.4744 3.5332 -1.0541 -0.18786 3.3741 -2.5389 -0.58657 4.1162 -3.8304 0.9534 3.4939 0.85319 1.0632 2.9262 2.3811 1.6851 3.3326 3.7323 -0.2592 0.025141 -0.74544 0.31925 -1.8276 -1.5497 -0.58359 -3.3742 -1.7597 0.2592 -0.025141 0.74544 0.92291 -1.9465 1.2768 0.10427 -3.3401 2.0758
1 33 204 1.3119 4.633 -0.43587 1.0521 3.3957 -0.41564 0.6105 3.4379 -1.2934 -0.20946 2.2415 -2.0451 -0.4582 1.6371 -3.4417 1.5004 3.3824 0.45974 1.5158 2.0927 1.4624 2.5269 1.2928 2.3083 -0.4034 0.039126 -0.67767 0.13386 -1.9433 -1.12 -0.47426 -3.6239 -0.8816 0.4034 -0.039126 0.67767 1.1135 -2.0099 0.51601 0.35952 -3.5296 1.1266
1 34 204 1.4075 4.6012 -0.49124 1.1097 3.3731 -0.47154 0.68588 3.4174 -1.358 -0.072646 2.0687 -1.8818 -0.24105 1.1538 -3.1115 1.5411 3.3574 0.41221 1.451 1.9589 1.2517 2.3338 0.909 1.9559 -0.40388 0.033298 -0.6777 0.23473 -1.9403 -1.0113 -0.35788 -3.6002 -0.63136 0.40388 -0.033298 0.6777 1.1296 -1.977 0.34655 0.24673 -3.4762 0.81944
1 36 216 1.3984 4.5314 -0.96088 1.0612 3.3206 -0.83834 0.475 3.3474 -1.6277 -0.13934 1.834 -1.5957 -0.35319 0.52035 -2.3744 1.6553 3.322 -0.054531 1.4854 1.8015 0.51805 2.2006 0.46958 0.82173 -0.5341 0.017815 -0.58131 0.23855 -1.8985 -0.96205 -0.39299 -3.4775 -0.3629 0.5341 -0.017815 0.58131 1.1252 -1.8877 -0.17253 0.28539 -3.3344 0.50026
1 37 216 1.5057 4.4572 -1.1006 1.1634 3.2501 -0.96529 0.57302 3.2643 -1.7518 0.039839 1.7338 -1.5471 -0.093372 0.31916 -2.1462 1.7619 3.2639 -0.18487 1.4647 1.7355 0.3096 2.0817 0.33807 0.51988 -0.53994 0.016521 -0.57592 0.40857 -1.7894 -1.0791 -0.29812 -3.3001 -0.39394 0.53994 -0.016521 0.57592 1.2282 -1.8141 -0.26628 0.29228 -3.1686 0.46881
1 38 228 1.3322 4.3646 -1.5702 1.0093 3.1694 -1.3316 0.2582 3.1772 -1.9666 -0.16972 1.6515 -1.5692 -0.32964 0.18523 -2.0189 1.7674 3.1892 -0.70542 1.5189 1.6651 -0.17244 2.0954 0.23491 -0.17292 -0.66032 0.01937 -0.43255 0.28596 -1.6222 -1.3403 -0.28121 -3.0576 -0.40807 0.66032 -0.019369 0.43255 1.3169 -1.6941 -0.6531 0.46435 -2.9581 0.30932
1 39 228 1.3099 4.3965 -1.5339 0.97765 3.2089 -1.2704 0.22358 3.2128 -1.9018 -0.20682 1.6814 -1.5296 -0.3439 0.2187 -1.9978 1.7391 3.2323 -0.64825 1.5665 1.6924 -0.13112 2.1655 0.27286 -0.19331 -0.65877 0.020119 -0.43488 0.31914 -1.5567 -1.4206 -0.26113 -2.9424 -0.42363 0.65877 -0.020119 0.43488 1.4187 -1.6354 -0.67305 0.49036 -2.8449 0.28929
1 40 216 1.4698 4.476 -1.1058 1.1276 3.2731 -0.93565 0.5185 3.2757 -1.7079 0.0097261 1.7324 -1.5397 -0.094127 0.33893 -2.1917 1.7448 3.2984 -0.17029 1.5772 1.7479 0.31617 2.3447 0.41379 0.40968 -0.53211 0.012387 -0.58327 0.60723 -1.6085 -1.2825 -0.19709 -2.984 -0.43862 0.53211 -0.012387 0.58327 1.4872 -1.6658 -0.29325 0.37801 -2.8938 0.42278
1 41 216 1.3082 4.5587 -0.97034 1.0031 3.3431 -0.81755 0.39144 3.3417 -1.5877 -0.16891 1.8073 -1.5674 -0.38186 0.54229 -2.4231 1.622 3.3727 -0.053681 1.5835 1.8336 0.49275 2.5695 0.66073 0.66522 -0.52007 0.0053382 -0.59413 0.50374 -1.7296 -1.1908 -0.26474 -3.1626 -0.41167 0.52007 -0.0053382 0.59413 1.3986 -1.7536 -0.1715 0.34614 -3.0709 0.46724
1 42 204 1.2762 4.6387 -0.56334 0.99097 3.4091 -0.49245 0.56179 3.4105 -1.3774 -0.040898 1.916 -1.6457 -0.15253 0.83295 -2.7376 1.427 3.4366 0.38873 1.4113 1.9334 1.0284 2.4858 0.96304 1.559 -0.37837 0.0043054 -0.69305 0.50533 -1.8747 -1.0136 -0.28669 -3.4147 -0.51162 0.37837 -0.0043058 0.69305 1.2574 -1.8702 0.29286 0.24287 -3.3251 0.61669
2 102 36 1.8667 4.2888 -1.2797 1.3811 3.1597 -1.0034 0.7964 3.14 -1.794 -0.10558 1.7848 -1.6572 -0.54167 0.35405 -2.032 1.9775 3.205 -0.22263 1.6218 1.8128 0.55457 1.6851 0.32554 0.95662 -0.47954 0.014239 -0.62716 0.51099 -1.7118 -1.3008 -0.17888 -3.3394 -0.94607 0.47954 -0.014239 0.62716 1.395 -1.7978 -0.0014287 0.63346 -3.3114 0.61505
2 103 36 1.7553 4.3601 -1.1957 1.3026 3.212 -0.93972 0.71501 3.1948 -1.7282 -0.27152 1.9064 -1.5401 -0.83251 0.5151 -1.8969 1.9012 3.2552 -0.16047 1.4556 1.9188 0.66659 1.4506 0.43623 1.0905 -0.47982 0.013962 -0.62696 0.42657 -1.7748 -1.254 -0.24244 -3.4135 -0.9108 0.47982 -0.013961 0.62696 1.3176 -1.8543 0.05641 0.57446 -3.3844 0.65426
2 104 36 1.65 4.4273 -1.0952 1.2292 3.2615 -0.86291 0.64142 3.2481 -1.6514 -0.39904 2.0069 -1.4374 -1.0465 0.65314 -1.792 1.8271 3.3015 -0.083004 1.3312 1.9978 0.76743 1.2875 0.51517 1.1887 -0.4753 0.015883 -0.63035 0.34289 -1.831 -1.2083 -0.30425 -3.4807 -0.87598 0.4753 -0.015883 0.63035 1.2375 -1.9046 0.11445 0.52022 -3.4545 0.69242
3 2 96 0.57729 4.7782 -0.23281 0.24356 3.5745 -0.089579 0.16221 3.6217 0.88946 -1.112 2.8786 1.5916 -2.5356 3.3471 1.2288 0.32993 3.5566 -1.0692 1.5411 2.5608 -1.5277 1.9697 1.3649 -2.4016 0.086292 0.027162 0.78442 0.21599 -2.0451 0.46293 0.57849 -3.7889 0.18241 -0.086291 -0.027162 -0.78442 -1.9352 -0.98425 -0.50197 -0.4105 -1.9191 -0.73023
3 51 108 0.09736 4.8275 0.034152 0.20644 3.5754 -0.077414 -0.032834 3.574 -1.0314 -1.0438 2.3129 -1.2691 -1.2155 0.82369 -1.6301 0.44426 3.6066 0.87644 1.4066 2.3293 1.2098 2.6796 3.0902 0.78755 -0.054132 -0.020697 -0.78749 1.7969 -1.0089 -0.89525 0.056605 -1.3128 -0.53464 0.054133 0.020697 0.78749 -0.54465 -1.984 0.59536 -1.068 -3.6989 0.4052
3 52 108 0.094891 4.8268 0.033603 0.20478 3.5754 -0.08395 -0.04195 3.5783 -1.036 -1.097 2.3563 -1.2856 -1.3181 0.87472 -1.6513 0.45008 3.6023 0.86814 1.5327 2.4246 1.1994 2.7492 3.2753 0.78207 -0.050725 -0.025131 -0.78759 1.8274 -0.96682 -0.79547 0.22953 -1.7389 -0.47681 0.050726 0.025131 0.78759 -0.59272 -1.9661 0.60009 -1.1533 -3.6696 0.41352
4 7 24 1.192 4.6339 -0.7394 0.90779 3.4318 -0.46243 0.48384 3.3261 -1.3436 0.14672 1.7435 -1.568 1.6174 1.5554 -1.9917 1.3391 3.5654 0.41134 0.79158 2.2895 1.2721 1.9243 1.2532 1.1282 -0.39856 0.045022 -0.68016 -0.61465 -2.0179 -0.34567 -1.3289 -3.5599 0.25686 0.39856 -0.045023 0.68017 1.4054 -1.7206 -0.089971 1.1161 -3.4861 -0.31405
4 7 36 1.0123 4.6339 -0.97108 0.79181 3.4318 -0.64107 0.19392 3.3261 -1.4148 -0.1825 1.7435 -1.5643 1.1679 1.5554 -2.2844 1.3954 3.5654 0.12393 1.0388 2.2895 1.0797 2.1168 1.2532 0.70342 -0.53126 0.045022 -0.58244 -0.67309 -2.0179 -0.21033 -1.2465 -3.5599 0.52754 0.53126 -0.045023 0.58244 1.356 -1.7206 -0.3802 1.0264 -3.4861 -0.53923
4 8 24 1.2598 4.6288 -0.66806 0.94988 3.4275 -0.4155 0.53635 3.3437 -1.3039 0.15322 1.7732 -1.5393 1.6405 1.599 -1.9073 1.3713 3.5393 0.46614 0.8185 2.2383 1.2851 2.0436 1.3374 1.0298 -0.39296 0.055223 -0.68266 -0.76933 -1.9703 -0.27037 -1.5184 -3.4894 0.34771 0.39296 -0.055223 0.68267 1.4005 -1.722 -0.10551 1.157 -3.4811 -0.41688
4 8 36 1.0934 4.6288 -0.91539 0.84274 3.4275 -0.60391 0.25353 3.3437 -1.387 -0.17017 1.7732 -1.5375 1.2081 1.599 -2.2067 1.4383 3.5393 0.17084 1.0678 2.2383 1.0868 2.2131 1.3374 0.58245 -0.52631 0.055223 -0.58605 -0.80874 -1.9703 -0.10451 -1.4129 -3.4894 0.65581 0.52631 -0.055223 0.58605 1.3479 -1.722 -0.39438 1.045 -3.4811 -0.64832
4 9 24 1.3134 4.6287 -0.57466 0.98059 3.4272 -0.35299 0.57836 3.3721 -1.2488 0.13052 1.8199 -1.4915 1.6262 1.6178 -1.8074 1.3911 3.5102 0.53695 0.85278 2.1693 1.2992 2.144 1.4129 0.92749 -0.3851 0.065832 -0.68619 -0.91985 -1.9071 -0.20044 -1.7107 -3.4001 0.42908 0.3851 -0.065833 0.68619 1.3848 -1.7288 -0.11965 1.0866 -3.4758 -0.45135
4 9 36 1.1652 4.6287 -0.83518 0.88577 3.4272 -0.54915 0.30607 3.3721 -1.3418 -0.18244 1.8199 -1.4861 1.2149 1.6178 -2.106 1.4723 3.5102 0.236 1.1043 2.1693 1.0935 2.29 1.4129 0.46146 -0.51935 0.065832 -0.59113 -0.94142 -1.9071 -0.0048159 -1.5841 -3.4001 0.77538 0.51935 -0.065833 0.59113 1.3296 -1.7288 -0.40494 0.96903 -3.4758 -0.66741
4 10 24 1.3755 4.6237 -0.47449 1.0243 3.421 -0.29236 0.62617 3.3976 -1.1914 0.11137 1.8665 -1.435 1.6009 1.5861 -1.7183 1.4311 3.4723 0.60163 0.91972 2.0814 1.2891 2.2507 1.4716 0.80525 -0.3781 0.077785 -0.68883 -1.0349 -1.8473 -0.16263 -1.8951 -3.2949 0.48201 0.3781 -0.077785 0.68883 1.3873 -1.7293 -0.12861 0.93164 -3.4528 -0.39884
4 10 36 1.2468 4.6237 -0.75011 0.94112 3.421 -0.49893 0.36477 3.3976 -1.2956 -0.18943 1.8665 -1.4268 1.2087 1.5861 -2.0137 1.5249 3.4723 0.29093 1.1676 2.0814 1.0697 2.369 1.4716 0.3197 -0.51305 0.077785 -0.59517 -1.0461 -1.8473 0.056091 -1.7535 -3.2949 0.86549 0.51305 -0.077785 0.59517 1.3302 -1.7293 -0.41423 0.82836 -3.4528 -0.58382
4 11 36 1.3425 4.6073 -0.6972 1.0083 3.4055 -0.48 0.43652 3.4158 -1.2802 -0.19011 1.9123 -1.4044 1.1829 1.4899 -1.965 1.5882 3.4233 0.31419 1.246 1.9807 1.0001 2.4455 1.5204 0.1475 -0.50524 0.081275 -0.60136 -1.0557 -1.8531 0.0064939 -1.8997 -3.1763 0.89406 0.50524 -0.081275 0.60136 1.3505 -1.7072 -0.42641 0.67972 -3.3805 -0.45587
4 12 36 1.3914 4.6043 -0.646 1.0303 3.4052 -0.46013 0.46697 3.4459 -1.2653 -0.22655 1.9719 -1.3882 1.081 1.3617 -1.932 1.6026 3.3924 0.3397 1.3017 1.8967 0.92389 2.4879 1.5982 -0.015024 -0.50009 0.077103 -0.60619 -0.97539 -1.9201 -0.15933 -1.9835 -3.0354 0.83597 0.50009 -0.077103 0.60619 1.3339 -1.7059 -0.42627 0.51435 -3.3089 -0.32823
4 13 36 1.4083 4.5953 -0.67504 1.0279 3.3996 -0.50799 0.46727 3.4613 -1.3138 -0.26786 2.0079 -1.4402 0.92842 1.2014 -1.9843 1.5979 3.3657 0.29279 1.3897 1.8161 0.76599 2.5523 1.7044 -0.24075 -0.50956 0.061033 -0.6001 -0.78024 -2.0154 -0.42829 -1.9489 -2.8518 0.66058 0.50956 -0.061033 0.6001 1.2681 -1.7396 -0.41052 0.32246 -3.2588 -0.19028
4 14 36 1.4401 4.575 -0.72884 1.0475 3.3828 -0.56616 0.48623 3.4493 -1.3711 -0.30582 2.0256 -1.4924 0.74819 1.0561 -2.0639 1.6185 3.344 0.23374 1.5451 1.7525 0.59464 2.6617 1.8346 -0.46557 -0.50368 0.047471 -0.60626 -0.52076 -2.0497 -0.73286 -1.804 -2.6402 0.38766 0.50368 -0.047471 0.60626 1.1894 -1.788 -0.35012 0.13378 -3.2206 -0.059946
4 15 36 1.4549 4.5684 -0.74244 1.0633 3.3764 -0.57699 0.50811 3.4311 -1.387 -0.39588 2.0735 -1.4797 0.53109 1.0067 -2.0964 1.6281 3.3495 0.22777 1.6949 1.7391 0.49377 2.7394 2 -0.61015 -0.47824 0.040467 -0.62702 -0.18825 -2.0021 -1.0246 -1.5497 -2.5287 0.033743 0.47824 -0.040467 0.62702 1.0881 -1.8498 -0.24976 -0.061086 -3.1987 0.082887
4 16 36 1.4746 4.5568 -0.77113 1.0943 3.3645 -0.58238 0.53813 3.4039 -1.3926 -0.50223 2.1455 -1.446 0.34818 1.0413 -2.1057 1.66 3.3527 0.22215 1.8382 1.7419 0.42801 2.8013 2.1578 -0.70207 -0.45174 0.035894 -0.64664 0.17088 -1.8771 -1.2526 -1.2302 -2.5675 -0.35183 0.45174 -0.035894 0.64664 0.93302 -1.9266 -0.13295 -0.28529 -3.2028 0.23862
4 17 36 1.4978 4.5489 -0.76303 1.1277 3.3575 -0.54792 0.56224 3.3859 -1.3522 -0.59045 2.2284 -1.3651 0.19886 1.11 -2.0749 1.7023 3.3568 0.25032 1.9486 1.7527 0.43723 2.8419 2.2795 -0.70387 -0.42211 0.039956 -0.66613 0.48031 -1.7234 -1.3664 -0.85765 -2.7447 -0.72009 0.42211 -0.039955 0.66613 0.7367 -2.0126 0.015061 -0.53054 -3.2337 0.40753
4 18 36 1.4873 4.5588 -0.71485 1.1307 3.3666 -0.4804 0.55651 3.3917 -1.2786 -0.66432 2.3066 -1.2488 0.064379 1.1857 -2.0171 1.7138 3.3693 0.31166 1.9794 1.7701 0.51371 2.8317 2.3381 -0.6389 -0.39311 0.046396 -0.68323 0.64791 -1.6456 -1.3671 -0.45324 -3.0406 -1.063 0.39311 -0.046396 0.68323 0.51975 -2.0856 0.19341 -0.77491 -3.2763 0.58958
4 19 48 1.3054 4.5705 -0.94156 1.0174 3.3772 -0.62957 0.28539 3.4003 -1.2861 -0.91818 2.3439 -0.96334 -0.43219 1.2351 -1.9183 1.7565 3.3819 0.019281 2.0394 1.7842 0.20888 2.6321 2.3108 -1.1136 -0.50214 0.054227 -0.60697 0.39871 -1.6607 -1.4204 -0.28022 -3.33 -1.3598 0.50214 -0.054227 0.60697 0.36529 -2.1302 0.31411 -0.8427 -3.2954 0.97285
4 20 48 1.2826 4.5894 -0.86322 1.0025 3.3953 -0.54681 0.27209 3.4148 -1.2052 -0.91536 2.3437 -0.87133 -0.48803 1.2551 -1.8763 1.7396 3.4039 0.1043 1.9693 1.8072 0.36204 2.6069 2.2349 -0.97518 -0.47314 0.057014 -0.62959 0.3585 -1.738 -1.337 0.112 -3.4865 -1.702 0.47314 -0.057014 0.62959 0.17104 -2.1341 0.53558 -1.0602 -3.2796 1.1857
4 21 48 1.2333 4.615 -0.78221 0.96389 3.4188 -0.46496 0.24883 3.4296 -1.1402 -0.90707 2.3163 -0.83485 -0.5104 1.2454 -1.871 1.6854 3.4361 0.20323 1.844 1.8471 0.5474 2.5504 2.1387 -0.7918 -0.44058 0.056341 -0.65285 0.32035 -1.7827 -1.326 0.38146 -3.4994 -1.8738 0.44058 -0.05634 0.65285 0.011955 -2.1131 0.66611 -1.266 -3.1828 1.3543
4 22 48 1.1964 4.6353 -0.69235 0.93648 3.4362 -0.37855 0.25465 3.4376 -1.0874 -0.87273 2.2776 -0.85913 -0.45312 1.223 -1.9029 1.6247 3.4631 0.32357 1.719 1.8879 0.74612 2.5096 2.0299 -0.57011 -0.40583 0.059127 -0.67476 0.37445 -1.7734 -1.3435 0.36208 -3.4962 -1.8752 0.40583 -0.059127 0.67476 -0.016113 -2.1173 0.67371 -1.3929 -2.9832 1.452
4 23 48 1.2149 4.6439 -0.54836 0.95321 3.4406 -0.25342 0.32792 3.4349 -1.0126 -0.77957 2.2375 -0.92144 -0.25977 1.2054 -1.9423 1.5851 3.4746 0.49953 1.6032 1.9165 0.99011 2.5015 1.8992 -0.26304 -0.36198 0.07797 -0.69742 0.52065 -1.7182 -1.3369 0.23506 -3.4483 -1.7566 0.36198 -0.07797 0.69742 0.085455 -2.1586 0.60273 -1.3896 -2.7368 1.4634
4 24 60 1.2171 4.6193 -0.66234 0.99319 3.4173 -0.3325 0.28178 3.4056 -1.0116 -0.77247 2.1634 -0.89239 -0.31359 1.1673 -1.9764 1.7104 3.4573 0.33933 1.7044 1.9246 0.90471 2.4835 1.7164 -0.40956 -0.46839 0.11788 -0.62467 0.4084 -1.6149 -1.4265 -0.18517 -3.3096 -1.5895 0.46839 -0.11788 0.62467 0.40138 -2.2043 0.38698 -0.91092 -2.512 1.5845
4 25 60 1.3129 4.6034 -0.60807 1.0493 3.4086 -0.2813 0.39228 3.3902 -1.0129 -0.59686 2.0951 -1.1274 0.062618 1.1559 -2.1574 1.7133 3.455 0.44282 1.4998 1.9806 1.1132 2.4661 1.5673 -0.015135 -0.4512 0.12762 -0.63532 0.49218 -1.5895 -1.3942 -0.28157 -3.2179 -1.4169 0.4512 -0.12762 0.63532 0.65054 -2.1748 0.20698 -0.75237 -2.3417 1.3272
4 26 72 1.2767 4.5918 -0.76898 1.0353 3.4013 -0.41152 0.30901 3.3882 -1.0746 -0.61273 2.0432 -1.1751 0.080917 1.2386 -2.2927 1.7681 3.4421 0.24319 1.5074 2.0479 1.0537 2.4172 1.5138 -0.070847 -0.53885 0.13716 -0.56065 0.22949 -1.6314 -1.3949 -0.65552 -3.1791 -1.1256 0.53885 -0.13716 0.56065 0.94903 -2.0767 -0.1353 -0.34842 -2.2966 1.0972
4 27 72 1.4033 4.5783 -0.65339 1.1099 3.3855 -0.34602 0.48731 3.374 -1.1073 -0.35529 2.0004 -1.3755 0.62801 1.4021 -2.4016 1.7403 3.4249 0.40792 1.3193 2.1044 1.2727 2.3819 1.5293 0.31469 -0.4933 0.13895 -0.60071 0.17691 -1.7331 -1.2793 -0.79582 -3.2084 -0.92094 0.4933 -0.13895 0.60071 1.2092 -1.9126 -0.26871 -0.22739 -2.3907 0.71036
4 28 84 1.3607 4.5743 -0.77723 1.0921 3.3761 -0.4682 0.41525 3.3722 -1.1818 -0.41878 1.9896 -1.4298 0.58009 1.5785 -2.5302 1.7762 3.408 0.23777 1.4033 2.1413 1.1997 2.3898 1.5424 0.17702 -0.5626 0.14496 -0.53476 -0.22056 -1.8569 -1.0733 -1.1431 -3.2956 -0.4989 0.5626 -0.14496 0.53476 1.2996 -1.7696 -0.57504 0.0036225 -2.6178 0.34797
4 29 84 1.4286 4.5882 -0.56541 1.1231 3.384 -0.32032 0.53528 3.3915 -1.1088 -0.24799 2.0051 -1.4739 0.91154 1.7031 -2.4445 1.7189 3.4046 0.46199 1.2075 2.1723 1.4047 2.3139 1.554 0.5265 -0.5088 0.14872 -0.58524 -0.44494 -1.9331 -0.86135 -1.3905 -3.3549 -0.28229 0.5088 -0.14872 0.58524 1.3656 -1.712 -0.52671 0.12636 -2.9192 -0.019039
4 30 84 1.4744 4.5947 -0.39186 1.1407 3.3877 -0.20299 0.63068 3.4142 -1.0435 -0.10008 2.0195 -1.4788 1.1447 1.7515 -2.3485 1.6591 3.3893 0.63285 1.022 2.1792 1.5264 2.2134 1.5349 0.78953 -0.46586 0.14965 -0.61974 -0.70363 -1.9362 -0.70275 -1.6534 -3.3514 -0.11447 0.46586 -0.14965 0.61974 1.36 -1.7258 -0.4435 0.32509 -3.2007 -0.37718
4 31 84 1.4779 4.609 -0.2246 1.1168 3.401 -0.10331 0.70283 3.4608 -0.99347 0.040493 2.0527 -1.4907 1.3389 1.7707 -2.2732 1.5395 3.3696 0.78422 0.79928 2.1849 1.6312 2.0464 1.5188 1.0159 -0.4297 0.14444 -0.64652 -0.92653 -1.8958 -0.57553 -1.9052 -3.3058 -0.023381 0.4297 -0.14444 0.64652 1.2992 -1.7791 -0.34649 0.571 -3.3962 -0.67153
4 31 96 1.3989 4.609 -0.52697 1.071 3.401 -0.33325 0.48091 3.4608 -1.1179 -0.27032 2.0527 -1.4665 0.83701 1.7707 -2.5019 1.6689 3.3696 0.44699 1.1209 2.1849 1.4293 2.2129 1.5188 0.56818 -0.55473 0.14444 -0.54305 -1.0259 -1.8958 -0.37031 -1.8684 -3.3058 0.37324 0.55473 -0.14444 0.54305 1.1988 -1.7791 -0.60904 0.4189 -3.3962 -0.77557
4 32 96 1.4056 4.6238 -0.37514 1.0716 3.4105 -0.23226 0.50732 3.5071 -1.032 -0.19095 2.0878 -1.4404 0.95566 1.7713 -2.4216 1.6444 3.3424 0.56442 0.98822 2.1668 1.4898 2.1542 1.5036 0.72937 -0.52657 0.13964 -0.5716 -1.1304 -1.8567 -0.31789 -2.0735 -3.2034 0.42228 0.52657 -0.13964 0.5716 1.1055 -1.835 -0.52609 0.50189 -3.4823 -0.9419
4 33 96 1.4103 4.6343 -0.21937 1.0682 3.4193 -0.11737 0.52303 3.5432 -0.92658 -0.14148 2.1215 -1.3805 1.0367 1.7661 -2.3097 1.6221 3.3239 0.68972 0.89354 2.1175 1.5158 2.1182 1.4863 0.82327 -0.50536 0.14592 -0.58891 -1.1267 -1.8535 -0.41435 -2.2287 -3.025 0.40071 0.50536 -0.14593 0.58891 1.0683 -1.8898 -0.4389 0.4301 -3.5061 -0.91974
4 34 96 1.4363 4.6321 -0.10466 1.0817 3.4186 -0.032487 0.5518 3.5614 -0.84869 -0.10875 2.1472 -1.3307 1.0807 1.7311 -2.2194 1.6206 3.3041 0.78223 0.88683 2.0221 1.48 2.1579 1.4667 0.80662 -0.4808 0.1526 -0.60749 -1.0314 -1.875 -0.61473 -2.3005 -2.788 0.28353 0.4808 -0.1526 0.60749 1.0647 -1.9144 -0.37714 0.27704 -3.4824 -0.79166
4 35 96 1.4461 4.6302 -0.12431 1.0706 3.4216 -0.077818 0.56418 3.5757 -0.90675 -0.12277 2.1742 -1.3893 1.0487 1.653 -2.2458 1.5866 3.2958 0.75 0.9357 1.9019 1.2996 2.2387 1.4796 0.59141 -0.46265 0.12164 -0.62821 -0.84812 -1.9267 -0.89309 -2.2557 -2.5616 0.037804 0.46266 -0.12164 0.62821 1.0607 -1.8596 -0.38964 0.095785 -3.3591 -0.65639
4 36 108 1.4776 4.5985 -0.45317 1.0828 3.4007 -0.33986 0.44788 3.5598 -1.074 -0.39215 2.1846 -1.3422 0.55288 1.5492 -2.3818 1.7277 3.2694 0.39108 1.3371 1.7688 0.90524 2.4579 1.5278 -0.12602 -0.55362 0.10719 -0.55273 -0.75395 -1.9246 -1.0487 -2.032 -2.3723 0.14164 0.55362 -0.1072 0.55273 1.0177 -1.8259 -0.56309 -0.13601 -3.2097 -0.4926
4 37 108 1.503 4.5955 -0.42734 1.091 3.4036 -0.31333 0.48505 3.5577 -1.0726 -0.46099 2.2375 -1.2482 0.50475 1.553 -2.2364 1.7072 3.2773 0.44272 1.4472 1.7117 0.83027 2.5516 1.6524 -0.24418 -0.51424 0.098834 -0.59101 -0.35237 -1.8604 -1.3324 -1.7403 -2.3103 -0.2731 0.51424 -0.098834 0.59101 0.97341 -1.8524 -0.47135 -0.28023 -3.1389 -0.31636
4 38 108 1.5013 4.5964 -0.41916 1.1023 3.4001 -0.30516 0.50306 3.5424 -1.072 -0.54927 2.2957 -1.1563 0.46892 1.615 -2.0931 1.7115 3.2857 0.45843 1.5395 1.6944 0.78543 2.6232 1.7751 -0.30853 -0.484 0.091232 -0.61718 0.12798 -1.725 -1.478 -1.3436 -2.3929 -0.6784 0.484 -0.091232 0.61718 0.86021 -1.9177 -0.35063 -0.45443 -3.1339 -0.14221
4 39 108 1.4574 4.6131 -0.38002 1.0889 3.4072 -0.26558 0.47939 3.539 -1.0261 -0.65336 2.3619 -1.0284 0.41428 1.706 -1.927 1.7079 3.3034 0.49171 1.5722 1.709 0.82058 2.635 1.84 -0.28889 -0.45757 0.091572 -0.63698 0.50767 -1.5709 -1.4848 -0.88702 -2.6205 -1.0331 0.45757 -0.091572 0.63698 0.65215 -1.998 -0.22438 -0.67204 -3.1942 0.033486
4 40 120 1.3357 4.6251 -0.58711 1.0334 3.4091 -0.40499 0.26967 3.525 -1.0138 -0.87139 2.3967 -0.70766 0.0047319 1.7624 -1.8067 1.8049 3.3217 0.19876 1.7484 1.7334 0.57661 2.5452 1.8221 -0.74052 -0.54949 0.10413 -0.55742 0.39951 -1.5046 -1.5195 -0.64064 -2.9456 -1.2154 0.54949 -0.10413 0.55742 0.39077 -2.0771 -0.14723 -0.85528 -3.2626 0.39377
4 41 120 1.3075 4.6438 -0.47895 1.0269 3.421 -0.30755 0.27153 3.526 -0.92869 -0.87558 2.4175 -0.57623 -0.0012789 1.7964 -1.6842 1.7894 3.3446 0.30895 1.7258 1.7656 0.72297 2.5228 1.7546 -0.59696 -0.51516 0.11311 -0.58763 0.43925 -1.5513 -1.4439 -0.18045 -3.2411 -1.551 0.51516 -0.11311 0.58763 0.22701 -2.1323 0.083501 -1.0561 -3.2907 0.59593
4 42 120 1.2334 4.671 -0.37487 0.98322 3.4406 -0.20994 0.23745 3.5222 -0.84598 -0.90252 2.4047 -0.499 -0.0024229 1.8234 -1.6079 1.7353 3.3878 0.42166 1.6477 1.8216 0.87775 2.4666 1.6934 -0.42248 -0.47155 0.11367 -0.62307 0.3601 -1.6662 -1.3679 0.21251 -3.4133 -1.7881 0.47155 -0.11367 0.62307 0.074347 -2.1505 0.29481 -1.2376 -3.2922 0.77043
4 46 132 1.0554 4.7114 -0.16585 0.89478 3.4638 -0.026435 0.23619 3.5074 -0.75563 -0.87268 2.3227 -0.94487 0.40706 2.2027 -1.7967 1.5585 3.4493 0.69927 1.3821 1.9457 1.3132 2.3203 1.4735 0.18435 -0.41417 0.13529 -0.65852 0.34907 -1.7028 -1.3318 -0.26677 -3.3913 -1.4749 0.41417 -0.13529 0.65852 0.34036 -2.2007 0.28067 -1.1584 -2.6112 1.195
4 47 144 1.054 4.6955 -0.36764 0.92555 3.4523 -0.17376 0.17243 3.4837 -0.80557 -0.89125 2.2842 -1.1196 0.36824 2.2461 -2.0084 1.6835 3.45 0.45305 1.4549 2.005 1.1801 2.3395 1.3962 0.073469 -0.5317 0.15112 -0.56387 0.13475 -1.6612 -1.3919 -0.65394 -3.2744 -1.2293 0.5317 -0.15112 0.56387 0.65329 -2.1757 0.015716 -0.70864 -2.4518 1.1646
4 48 144 1.1062 4.6852 -0.34636 0.96237 3.4461 -0.14062 0.27188 3.4734 -0.84051 -0.63864 2.2613 -1.4492 0.7559 2.2409 -2.1069 1.6583 3.4477 0.55434 1.2642 2.073 1.344 2.2967 1.3623 0.44584 -0.51147 0.15322 -0.58174 0.10113 -1.6938 -1.3739 -0.78858 -3.2328 -1.0722 0.51147 -0.15322 0.58174 0.92621 -2.0845 -0.13417 -0.5392 -2.4167 0.86236
4 49 144 1.1931 4.6708 -0.26459 1.0185 3.4324 -0.085867 0.44489 3.4699 -0.88395 -0.34283 2.2659 -1.6576 1.1423 2.2549 -2.0722 1.5986 3.4236 0.70833 1.0822 2.1052 1.5231 2.2205 1.376 0.78153 -0.47037 0.1554 -0.6149 0.0060447 -1.777 -1.288 -0.95236 -3.2623 -0.93273 0.47037 -0.1554 0.6149 1.1637 -1.9491 -0.23136 -0.36317 -2.5071 0.54838
4 50 156 1.2304 4.6521 -0.39354 1.0571 3.4132 -0.21648 0.43918 3.4577 -0.98038 -0.44732 2.2592 -1.6486 0.99664 2.2281 -2.1887 1.6815 3.3975 0.54326 1.2407 2.1158 1.4552 2.3094 1.4054 0.60033 -0.53476 0.16052 -0.55836 -0.4072 -1.874 -1.0669 -1.3028 -3.3515 -0.55125 0.53476 -0.16052 0.55836 1.2438 -1.8302 -0.5017 -0.10757 -2.7312 0.2811
4 51 156 1.306 4.6471 -0.21671 1.0985 3.4067 -0.092226 0.58881 3.4704 -0.93101 -0.28231 2.263 -1.6034 1.1927 2.1598 -2.041 1.6153 3.3719 0.74387 1.0563 2.1204 1.6328 2.2192 1.4312 0.89108 -0.46849 0.16118 -0.61485 -0.59345 -1.9208 -0.86782 -1.5062 -3.4064 -0.40875 0.46849 -0.16118 0.61485 1.2911 -1.7853 -0.43391 0.046721 -3.0238 -0.023409
4 52 156 1.3482 4.6439 -0.071541 1.115 3.4041 0.007835 0.68671 3.4895 -0.87343 -0.17818 2.265 -1.5226 1.2991 2.0537 -1.9107 1.5509 3.3475 0.88771 0.86038 2.1247 1.7224 2.0949 1.4466 1.0947 -0.41712 0.15908 -0.65131 -0.75758 -1.9108 -0.77036 -1.7034 -3.3857 -0.34497 0.41712 -0.15908 0.65131 1.2446 -1.8114 -0.34846 0.216 -3.2905 -0.27683
4 52 168 1.3039 4.6439 -0.35029 1.0923 3.4041 -0.22416 0.49011 3.4895 -0.99712 -0.49086 2.265 -1.4523 0.87346 2.0537 -2.1391 1.7016 3.3475 0.54586 1.1997 2.1247 1.5059 2.2767 1.4466 0.63524 -0.54342 0.15908 -0.55035 -0.90119 -1.9108 -0.59602 -1.7379 -3.3857 0.016732 0.54342 -0.15908 0.55035 1.1449 -1.8114 -0.59961 0.15373 -3.2905 -0.31568
4 53 156 1.3723 4.64 0.074833 1.1152 3.4022 0.11325 0.74548 3.5058 -0.79225 -0.10714 2.2623 -1.4211 1.3533 1.9368 -1.7939 1.4928 3.3273 1.0184 0.69939 2.1163 1.7752 1.9818 1.4504 1.2369 -0.37723 0.16501 -0.67377 -0.86486 -1.8774 -0.74451 -1.8754 -3.3233 -0.37132 0.37723 -0.16501 0.67377 1.156 -1.8713 -0.27306 0.34218 -3.4714 -0.44043
4 53 168 1.3579 4.64 -0.21212 1.1144 3.4022 -0.12109 0.56447 3.5058 -0.92993 -0.40026 2.2623 -1.3677 0.95073 1.9368 -2.036 1.6719 3.3273 0.68574 1.0532 2.1163 1.591 2.1956 1.4504 0.79782 -0.50908 0.16501 -0.58061 -1.0007 -1.8774 -0.54843 -1.9116 -3.3233 0.0267 0.50908 -0.16501 0.58061 1.074 -1.8713 -0.50744 0.24313 -3.4714 -0.50195
4 54 168 1.3847 4.639 -0.06596 1.1207 3.4028 -0.014319 0.61484 3.5259 -0.84878 -0.32232 2.2585 -1.278 0.99981 1.8346 -1.9488 1.6344 3.3084 0.81911 0.94458 2.0856 1.6543 2.1326 1.451 0.9037 -0.47171 0.1708 -0.60977 -0.99286 -1.8646 -0.60791 -2.045 -3.1996 -0.0066928 0.47171 -0.1708 0.60977 1.0112 -1.919 -0.42327 0.22616 -3.5373 -0.5478
4 55 168 1.4122 4.6351 0.047624 1.1262 3.4029 0.064688 0.65428 3.547 -0.78613 -0.24817 2.2533 -1.2112 1.0434 1.7516 -1.8877 1.6065 3.2873 0.91519 0.88415 2.0352 1.6762 2.1072 1.458 0.93538 -0.43412 0.17043 -0.63718 -0.89284 -1.8765 -0.75553 -2.1163 -3.0138 -0.07699 0.43412 -0.17043 0.63718 0.95462 -1.9534 -0.3448 0.063662 -3.515 -0.48106
4 56 168 1.4584 4.6274 0.091223 1.1289 3.4063 0.087422 0.68462 3.5682 -0.775 -0.18656 2.2505 -1.1916 1.0797 1.6902 -1.8701 1.5827 3.2726 0.94972 0.86543 1.9762 1.6379 2.1166 1.4968 0.87481 -0.40268 0.15592 -0.66109 -0.70312 -1.903 -0.95244 -2.0945 -2.8027 -0.24154 0.40268 -0.15592 0.66109 0.89527 -1.9402 -0.3328 -0.11624 -3.4322 -0.37494
4 56 180 1.4455 4.6274 -0.21398 1.1224 3.4063 -0.1492 0.50853 3.5682 -0.90041 -0.43024 2.2505 -1.1268 0.66729 1.6902 -2.0537 1.7456 3.2726 0.59991 1.1871 1.9762 1.4222 2.2523 1.4968 0.41562 -0.53132 0.15592 -0.56292 -0.88578 -1.903 -0.78544 -2.099 -2.8027 0.19922 0.53132 -0.15592 0.56292 0.80651 -1.9402 -0.51167 -0.19166 -3.4322 -0.34258
4 57 180 1.5553 4.5912 -0.28349 1.1571 3.3923 -0.2178 0.56516 3.5652 -0.98403 -0.36358 2.2385 -1.1987 0.72744 1.6199 -2.0958 1.7597 3.2472 0.54584 1.2346 1.8857 1.2802 2.3043 1.547 0.2225 -0.51885 0.13166 -0.58048 -0.61551 -1.9107 -1.0638 -1.9678 -2.5892 -0.083038 0.51885 -0.13166 0.58048 0.79265 -1.9018 -0.5176 -0.31955 -3.2905 -0.22501
4 58 180 1.6764 4.545 -0.32384 1.2376 3.3609 -0.25918 0.66478 3.533 -1.0399 -0.26644 2.2087 -1.2587 0.82808 1.5144 -2.0939 1.822 3.216 0.51854 1.3889 1.7681 1.1387 2.443 1.5909 0.027337 -0.51173 0.13329 -0.5864 -0.25176 -1.8246 -1.303 -1.6849 -2.4521 -0.40677 0.51173 -0.13329 0.5864 0.78055 -1.9374 -0.45629 -0.45348 -3.2012 -0.094464
4 58 192 1.5724 4.545 -0.6653 1.1567 3.3609 -0.51084 0.43404 3.533 -1.1554 -0.52231 2.2087 -1.1758 0.37464 1.5144 -2.2203 1.89 3.216 0.12838 1.5953 1.7681 0.82505 2.3953 1.5909 -0.48119 -0.62247 0.13329 -0.46719 -0.51717 -1.8246 -1.2222 -1.7326 -2.4521 -0.047576 0.62247 -0.13329 0.46719 0.66862 -1.9374 -0.60861 -0.46321 -3.2012 0.001883
4 59 192 1.6379 4.5088 -0.73565 1.2244 3.326 -0.56721 0.51279 3.4958 -1.2246 -0.45856 2.1823 -1.2259 0.47572 1.4617 -2.2186 1.9469 3.1834 0.084677 1.7406 1.6629 0.64518 2.5039 1.6517 -0.69457 -0.60642 0.13081 -0.48851 -0.14536 -1.6825 -1.4443 -1.4253 -2.4504 -0.43283 0.60642 -0.13081 0.48851 0.59565 -2.0003 -0.47029 -0.61972 -3.1718 0.16314
4 60 204 1.5112 4.48 -1.0832 1.1469 3.2966 -0.82662 0.31247 3.4666 -1.3187 -0.66354 2.1815 -1.0647 0.10285 1.4872 -2.2085 1.9909 3.1538 -0.34216 1.9446 1.5962 0.14812 2.3823 1.7408 -1.3233 -0.67422 0.137 -0.3875 -0.13443 -1.5424 -1.5288 -1.1887 -2.605 -0.52359 0.67422 -0.137 0.3875 0.35099 -2.0687 -0.37297 -0.73989 -3.2044 0.50507
4 61 204 1.5072 4.5006 -1.0054 1.1664 3.3112 -0.74224 0.31686 3.473 -1.2108 -0.68164 2.2168 -0.90497 0.11025 1.5397 -2.0417 2.0248 3.1767 -0.28133 1.9902 1.6035 0.15756 2.4131 1.8405 -1.3062 -0.65425 0.14334 -0.41822 0.057948 -1.4885 -1.5337 -0.85191 -2.8853 -0.84678 0.65425 -0.14334 0.41822 0.1729 -2.1158 -0.12227 -0.92047 -3.2532 0.75049
4 62 204 1.4723 4.5248 -0.94013 1.1632 3.3273 -0.67211 0.30415 3.4727 -1.1285 -0.71017 2.2424 -0.77294 0.068812 1.5524 -1.9108 2.0303 3.2097 -0.22313 2.0024 1.6314 0.19728 2.4104 1.9079 -1.2638 -0.63519 0.14143 -0.44725 0.14239 -1.5239 -1.4652 -0.46042 -3.193 -1.146 0.63519 -0.14143 0.44725 0.053486 -2.1394 0.15745 -1.0959 -3.2602 0.97821
4 63 204 1.4439 4.5352 -0.91012 1.1647 3.3298 -0.6429 0.30859 3.4521 -1.1114 -0.71397 2.2436 -0.7082 0.029829 1.5208 -1.8493 2.0282 3.2355 -0.18159 2.0015 1.6589 0.24518 2.4071 1.9392 -1.2158 -0.61036 0.13507 -0.4824 0.13839 -1.6232 -1.3555 -0.071258 -3.4132 -1.4088 0.61036 -0.13507 0.4824 -0.067111 -2.1215 0.38488 -1.2501 -3.228 1.1767
4 64 204 1.3744 4.5633 -0.8719 1.1136 3.3541 -0.60209 0.27336 3.451 -1.104 -0.7537 2.2498 -0.69035 -0.022654 1.5026 -1.8239 1.9608 3.2853 -0.10716 1.9367 1.7159 0.34577 2.3853 1.9501 -1.1108 -0.58437 0.11814 -0.51774 0.12923 -1.7081 -1.2727 0.1621 -3.4963 -1.5008 0.58437 -0.11814 0.51774 -0.16014 -2.0827 0.49123 -1.374 -3.1116 1.339
4 65 204 1.2894 4.5973 -0.82554 1.0423 3.3853 -0.55535 0.23186 3.4577 -1.1079 -0.79724 2.2399 -0.75217 -0.020145 1.4946 -1.856 1.8594 3.3412 -0.009719 1.8301 1.7875 0.49412 2.3434 1.9632 -0.94926 -0.56311 0.10106 -0.54424 0.20876 -1.7148 -1.2662 0.14949 -3.514 -1.368 0.56311 -0.10106 0.54424 -0.12852 -2.0836 0.47154 -1.4144 -2.9005 1.436
4 66 204 1.2402 4.621 -0.75112 1.0089 3.406 -0.48111 0.24191 3.4506 -1.0952 -0.78691 2.2034 -0.86129 0.094858 1.5025 -1.9144 1.7824 3.3897 0.1262 1.7183 1.8626 0.70294 2.3439 1.9376 -0.70442 -0.53666 0.099916 -0.57054 0.28635 -1.714 -1.2389 -0.039216 -3.4821 -1.1024 0.53666 -0.099916 0.57054 0.036342 -2.1333 0.39953 -1.3344 -2.6564 1.4476
4 67 204 1.2914 4.6065 -0.692 1.0696 3.3914 -0.41685 0.35754 3.4077 -1.0952 -0.66482 2.1356 -1.0234 0.358 1.5116 -1.994 1.7882 3.4033 0.25454 1.6305 1.9255 0.93279 2.4026 1.827 -0.39827 -0.50018 0.11783 -0.59953 0.3921 -1.6879 -1.1976 -0.21366 -3.359 -0.89552 0.50018 -0.11783 0.59953 0.34848 -2.1897 0.28531 -1.0952 -2.425 1.3394
4 68 204 1.3715 4.5779 -0.68551 1.1355 3.3706 -0.39248 0.47845 3.3651 -1.1243 -0.50929 2.0685 -1.2342 0.66313 1.5509 -2.0916 1.8 3.404 0.33189 1.4852 2.0141 1.1304 2.4132 1.6971 -0.059553 -0.47294 0.12681 -0.61947 0.3873 -1.7118 -1.1616 -0.42711 -3.2525 -0.6992 0.47294 -0.12681 0.61947 0.73703 -2.1584 0.15328 -0.77365 -2.2826 1.1297
4 68 216 1.199 4.5779 -0.95569 1.0291 3.3706 -0.62 0.23424 3.3651 -1.1992 -0.75477 2.0685 -1.1014 0.21376 1.5509 -2.1838 1.8297 3.404 -0.049607 1.6878 2.0141 0.79693 2.3481 1.6971 -0.55998 -0.5914 0.12681 -0.5076 0.13731 -1.7118 -1.2168 -0.56315 -3.2525 -0.59512 0.5914 -0.12681 0.5076 0.75279 -2.1584 -0.0033094 -0.52187 -2.2826 1.2658
4 69 216 1.2619 4.5736 -0.90338 1.0634 3.3711 -0.56642 0.32946 3.3535 -1.2209 -0.61485 2.0222 -1.289 0.5148 1.6541 -2.2719 1.8038 3.4166 0.079386 1.5277 2.1108 1.0214 2.3462 1.6377 -0.19676 -0.56888 0.12781 -0.53248 0.041223 -1.8071 -1.0786 -0.76563 -3.2434 -0.34571 0.56888 -0.12781 0.53248 1.0867 -2.029 -0.19676 -0.25659 -2.3333 0.96681
4 70 216 1.3284 4.5773 -0.80726 1.0952 3.371 -0.50657 0.44125 3.3495 -1.2409 -0.45228 1.9943 -1.4248 0.80548 1.7555 -2.2842 1.7562 3.4203 0.22003 1.3621 2.1722 1.1975 2.304 1.6218 0.10779 -0.53962 0.12406 -0.56296 -0.14842 -1.9175 -0.86867 -1.0162 -3.3057 -0.11324 0.53962 -0.12406 0.56296 1.2991 -1.8629 -0.33925 -0.033021 -2.5627 0.65394
4 71 216 1.36 4.5942 -0.67187 1.0995 3.381 -0.42427 0.52775 3.3649 -1.2244 -0.32395 1.9947 -1.4813 1.0239 1.8386 -2.2138 1.6787 3.4252 0.36942 1.1785 2.209 1.3387 2.226 1.6164 0.37464 -0.50291 0.11759 -0.59729 -0.38403 -1.9794 -0.65084 -1.2839 -3.3685 0.064433 0.50291 -0.11759 0.59729 1.3575 -1.7658 -0.38622 0.17518 -2.9264 0.32512
4 72 216 1.3634 4.6147 -0.5394 1.0835 3.3964 -0.34061 0.57987 3.393 -1.1855 -0.23357 2.01 -1.4928 1.1755 1.8808 -2.1056 1.5947 3.4281 0.499 0.99006 2.2322 1.4333 2.1191 1.6053 0.59079 -0.46876 0.11207 -0.62546 -0.61657 -1.9819 -0.53869 -1.5169 -3.3773 0.16373 0.46876 -0.11207 0.62546 1.3118 -1.7525 -0.38082 0.44729 -3.2951 -0.028784
4 73 216 1.3307 4.6422 -0.41245 1.0365 3.42 -0.2613 0.58207 3.4381 -1.1334 -0.18844 2.0442 -1.497 1.2644 1.9161 -1.9976 1.4988 3.4305 0.60677 0.80913 2.248 1.4983 1.9943 1.5939 0.75986 -0.44796 0.10462 -0.64178 -0.80742 -1.9579 -0.46487 -1.7322 -3.3583 0.19416 0.44796 -0.10462 0.64178 1.1988 -1.8014 -0.3438 0.73887 -3.5448 -0.35133
4 74 216 1.306 4.6589 -0.30044 1.0059 3.4333 -0.19556 0.58001 3.4737 -1.0812 -0.13681 2.0684 -1.5054 1.3492 1.9533 -1.9005 1.4397 3.4215 0.68709 0.69456 2.2458 1.5423 1.9116 1.5861 0.86324 -0.44093 0.10504 -0.64656 -0.93634 -1.925 -0.42795 -1.9439 -3.2813 0.20149 0.44093 -0.10504 0.64656 1.1162 -1.8544 -0.30114 0.89355 -3.6278 -0.53861
