2 41 216 -3.8957 0.71969 2.7299 -2.8583 0.61773 2.0161 -2.2614 0.53159 2.793 -0.76906 -0.11268 2.956 -0.87381 -1.3721 3.8396 -3.4786 0.705 1.2577 -3.1223 0.74171 -0.33615 -3.3925 -0.19434 -1.5313 0.45162 0.0074964 0.64767 -0.46177 -1.8267 1.1123 0.089819 -3.5371 0.96724 -0.45162 -0.0074964 -0.64767 -1.3872 -1.8063 -0.097042 -0.81307 -3.4669 -0.50152
2 42 216 -3.8773 0.63938 2.7736 -2.838 0.55244 2.0607 -2.244 0.46049 2.8392 -0.92786 -0.43274 3.2115 -1.3521 -1.602 4.1228 -3.4554 0.64495 1.3007 -3.3878 0.52298 -0.32693 -3.9888 -0.53135 -1.2782 0.46095 0.0048437 0.64109 -0.47581 -1.8147 1.1165 0.084503 -3.5229 0.97853 -0.46095 -0.0048437 -0.64109 -1.4125 -1.7964 -0.094026 -0.82778 -3.4561 -0.48681
2 43 216 -3.8551 0.59315 2.8159 -2.8201 0.50501 2.0988 -2.2156 0.41418 2.8694 -1.1163 -0.68676 3.3674 -1.7967 -1.7604 4.2403 -3.4478 0.59615 1.3471 -3.6575 0.2755 -0.24097 -4.5077 -0.87385 -0.81877 0.46627 -0.0063815 0.63722 -0.50789 -1.8045 1.1191 0.066606 -3.5081 0.98345 -0.46627 0.0063815 -0.63722 -1.4236 -1.7808 -0.086098 -0.83902 -3.4426 -0.47016
2 43 228 -3.1854 0.59315 3.5559 -2.3221 0.50501 2.6393 -1.5707 0.41418 3.2673 -0.39176 -0.68676 3.5259 -0.87578 -1.7604 4.5212 -3.0924 0.59615 2.0345 -3.6277 0.2755 0.52474 -4.5794 -0.87385 0.13632 0.58857 -0.0063815 0.52635 -0.26411 -1.8045 1.2003 0.26962 -3.5081 0.94811 -0.58857 0.0063815 -0.52635 -1.4104 -1.7808 0.21177 -0.91844 -3.4426 -0.28544
2 44 216 -3.8421 0.58464 2.837 -2.8142 0.49004 2.1114 -2.1967 0.40597 2.8723 -1.2756 -0.84291 3.3827 -2.1137 -1.8523 4.1929 -3.4545 0.57468 1.3696 -3.8464 0.043192 -0.12462 -4.8224 -1.1437 -0.25212 0.46794 -0.0078087 0.63598 -0.51203 -1.8028 1.1176 0.060214 -3.5063 0.971 -0.46794 0.0078082 -0.63598 -1.4279 -1.7762 -0.079012 -0.84716 -3.4374 -0.47112
2 44 228 -3.1683 0.58464 3.5738 -2.3137 0.49004 2.6503 -1.5515 0.40597 3.2662 -0.54439 -0.84291 3.574 -1.1958 -1.8523 4.5407 -3.0943 0.57468 2.0579 -3.7882 0.043192 0.67781 -4.7694 -1.1437 0.75602 0.58994 -0.0078087 0.5248 -0.26847 -1.8028 1.1997 0.26078 -3.5063 0.93726 -0.58994 0.0078082 -0.5248 -1.4131 -1.7762 0.21959 -0.9266 -3.4374 -0.28469
2 45 216 -3.8291 0.62867 2.8461 -2.8049 0.51823 2.1168 -2.1957 0.42662 2.8835 -1.3889 -0.9401 3.2708 -2.2884 -1.9423 4.0219 -3.4371 0.6105 1.3691 -3.8551 -0.16305 -0.0077539 -4.8461 -1.3131 0.26259 0.47109 -0.0047765 0.63368 -0.47932 -1.8123 1.1275 0.07851 -3.5182 0.95545 -0.47109 0.004776 -0.63368 -1.4268 -1.786 -0.091196 -0.83069 -3.4435 -0.47588
2 45 228 -3.1537 0.62867 3.5801 -2.3035 0.51823 2.6537 -1.5482 0.42662 3.277 -0.67854 -0.9401 3.4881 -1.4022 -1.9423 4.4098 -3.0773 0.6105 2.0538 -3.7725 -0.16305 0.79393 -4.6856 -1.3131 1.2644 0.59255 -0.0047765 0.52189 -0.23443 -1.8123 1.2025 0.27544 -3.5182 0.91825 -0.59255 0.004776 -0.52189 -1.4145 -1.786 0.20744 -0.91148 -3.4435 -0.29277
2 46 216 -3.8089 0.71234 2.8576 -2.7868 0.57605 2.1298 -2.1822 0.49078 2.9008 -1.4301 -0.94531 3.1027 -2.3305 -1.9896 3.7929 -3.4145 0.66242 1.3775 -3.734 -0.33003 0.11986 -4.6549 -1.4495 0.64574 0.47604 -0.00057268 0.62999 -0.44125 -1.8221 1.135 0.098464 -3.5329 0.9543 -0.47604 0.00057268 -0.62999 -1.3955 -1.8074 -0.08215 -0.79549 -3.4606 -0.47941
2 46 228 -3.1316 0.71234 3.5871 -2.2831 0.57605 2.6626 -1.5314 0.49078 3.2911 -0.75377 -0.94531 3.3322 -1.491 -1.9896 4.1946 -3.0535 0.66242 2.0573 -3.6275 -0.33003 0.89358 -4.4189 -1.4495 1.5994 0.59662 -0.00057268 0.51725 -0.19563 -1.8221 1.2019 0.29472 -3.5329 0.91298 -0.59662 0.00057268 -0.51725 -1.3821 -1.8074 0.20979 -0.87778 -3.4606 -0.30354
2 47 216 -3.7756 0.84367 2.8684 -2.7588 0.66318 2.1437 -2.155 0.58224 2.9159 -1.3995 -0.86586 2.9476 -2.2656 -1.9856 3.559 -3.3857 0.746 1.3904 -3.5338 -0.39883 0.23445 -4.3378 -1.5473 0.87658 0.48249 0.0067611 0.62502 -0.39832 -1.8307 1.1371 0.1242 -3.5455 0.94382 -0.48249 -0.0067608 -0.62502 -1.3453 -1.8344 -0.051051 -0.76433 -3.4836 -0.49106
2 47 228 -3.0967 0.84367 3.5907 -2.2528 0.66318 2.6705 -1.5016 0.58224 3.3002 -0.75608 -0.86586 3.1742 -1.4762 -1.9856 3.9522 -3.0226 0.746 2.0639 -3.4079 -0.39883 0.96406 -4.0608 -1.5473 1.7593 0.6019 0.0067611 0.51105 -0.15321 -1.8307 1.195 0.31772 -3.5455 0.89737 -0.6019 -0.0067608 -0.51105 -1.3265 -1.8344 0.22976 -0.84972 -3.4836 -0.32142
2 48 216 -3.7285 1.0057 2.8821 -2.7213 0.77499 2.1588 -2.1173 0.70304 2.9317 -1.3101 -0.71181 2.8073 -2.102 -1.9261 3.3327 -3.3483 0.84988 1.4047 -3.3031 -0.35785 0.30559 -3.944 -1.5966 0.96327 0.49117 0.014052 0.61811 -0.36247 -1.8364 1.1295 0.15094 -3.5539 0.93575 -0.49117 -0.014052 -0.61811 -1.3042 -1.8603 -0.030884 -0.7291 -3.504 -0.49818
2 48 228 -3.0478 1.0057 3.5943 -2.213 0.77499 2.6774 -1.4615 0.70304 3.3078 -0.69782 -0.71181 3.0184 -1.3632 -1.9261 3.6969 -2.9831 0.84988 2.0702 -3.1674 -0.35785 0.98567 -3.6575 -1.5966 1.7622 0.60895 0.014052 0.50248 -0.11971 -1.8364 1.1802 0.34219 -3.5539 0.88392 -0.60895 -0.014052 -0.50248 -1.2821 -1.8603 0.24094 -0.81675 -3.504 -0.33571
2 49 216 -3.6784 1.1754 2.882 -2.6827 0.89629 2.161 -2.0718 0.84247 2.9299 -1.1726 -0.4983 2.6797 -1.8414 -1.8211 3.1046 -3.3163 0.9541 1.4109 -3.0796 -0.24211 0.32384 -3.5504 -1.5943 0.89628 0.49685 0.017495 0.61346 -0.34334 -1.843 1.1105 0.17298 -3.5605 0.92528 -0.49685 -0.017495 -0.61346 -1.2693 -1.8766 -0.01236 -0.69451 -3.5134 -0.5037
