2 31 156 -2.9815 3.3583 -1.7889 -2.1949 2.5098 -1.292 -2.6762 2.4763 -0.43493 -2.5596 0.9049 -0.003718 -3.3712 -0.39496 -0.17493 -1.7349 2.5612 -2.1598 -1.2053 1.0533 -2.4981 -1.6768 -0.26391 -3.1465 -0.37342 0.038656 0.69467 -1.971 -1.0066 -0.18256 -1.0013 -2.4392 0.32561 0.37342 -0.038656 -0.69467 -1.2408 -1.0124 -1.6222 -0.19906 -2.3741 -1.0642
2 32 156 -3.2006 3.0832 -1.8978 -2.3544 2.3101 -1.3756 -2.827 2.2783 -0.51357 -2.4716 0.80285 0.090912 -3.0709 -0.61789 0.08701 -1.9044 2.3578 -2.2489 -1.0831 0.96049 -2.4527 -1.2467 -0.50534 -2.9024 -0.37224 0.041699 0.69512 -1.9323 -1.07 -0.16786 -0.95416 -2.5028 0.32331 0.37224 -0.041699 -0.69512 -1.2071 -1.108 -1.58 -0.15339 -2.4642 -1.0311
2 32 168 -3.5253 3.0832 -1.1909 -2.589 2.3101 -0.85602 -2.872 2.2783 0.085407 -2.3987 0.80285 0.60281 -2.9857 -0.61789 0.72359 -2.3304 2.3578 -1.8038 -1.5694 0.96049 -2.1739 -1.8229 -0.50534 -2.5797 -0.21958 0.041699 0.75733 -1.9249 -1.07 0.23755 -0.86609 -2.5028 0.51463 0.21958 -0.041699 -0.75733 -1.5092 -1.108 -1.2945 -0.36443 -2.4642 -0.97672
2 33 156 -3.4187 2.7665 -1.9973 -2.5087 2.0883 -1.4478 -2.9727 2.0622 -0.58101 -2.3904 0.74715 0.19369 -2.7104 -0.75167 0.36359 -2.0683 2.1283 -2.3264 -0.97199 0.91968 -2.4036 -0.84492 -0.60015 -2.6308 -0.37398 0.040777 0.69425 -1.8758 -1.1647 -0.14584 -0.94523 -2.6282 0.3473 0.37398 -0.040776 -0.69425 -1.161 -1.2153 -1.5181 -0.11976 -2.6047 -1.032
2 33 168 -3.7593 2.7665 -1.2429 -2.7549 2.0883 -0.8946 -3.0286 2.0622 0.049757 -2.2979 0.74715 0.68646 -2.5755 -0.75167 0.91916 -2.5068 2.1283 -1.8455 -1.4505 0.91968 -2.149 -1.3734 -0.60015 -2.3976 -0.22146 0.040777 0.75683 -1.8651 -1.1647 0.24734 -0.85237 -2.6282 0.53624 0.22146 -0.040776 -0.75683 -1.4512 -1.2153 -1.2435 -0.33171 -2.6047 -0.98459
2 34 156 -3.6159 2.4375 -2.0752 -2.6486 1.8579 -1.5079 -3.1105 1.827 -0.64008 -2.3275 0.71782 0.26836 -2.3628 -0.77292 0.66092 -2.2112 1.9006 -2.3877 -0.91035 0.91276 -2.3597 -0.44485 -0.55689 -2.393 -0.37394 0.03717 0.69447 -1.7868 -1.2951 -0.10757 -0.93208 -2.8089 0.37081 0.37394 -0.03717 -0.69447 -1.0842 -1.3441 -1.4562 -0.089432 -2.7841 -1.023
2 34 168 -3.9683 2.4375 -1.278 -2.9042 1.8579 -0.92422 -3.1756 1.827 0.020625 -2.2208 0.71782 0.7464 -2.1738 -0.77292 1.1377 -2.6593 1.9006 -1.8758 -1.3811 0.91276 -2.1188 -0.93267 -0.55689 -2.2482 -0.22139 0.03717 0.75704 -1.7701 -1.2951 0.26627 -0.83461 -2.8089 0.5565 0.22139 -0.03717 -0.75704 -1.3632 -1.3441 -1.1989 -0.30018 -2.7841 -0.98209
2 35 168 -4.1455 2.1116 -1.2945 -3.0377 1.6199 -0.94038 -3.3046 1.5767 0.0052699 -2.1662 0.69891 0.78141 -1.8578 -0.70699 1.3346 -2.7981 1.673 -1.8928 -1.3626 0.91684 -2.0837 -0.57 -0.40448 -2.1427 -0.2219 0.029358 0.75723 -1.6388 -1.4501 0.29052 -0.79257 -3.0161 0.57758 0.2219 -0.029358 -0.75723 -1.236 -1.4875 -1.1605 -0.25687 -2.9905 -0.97909
2 36 168 -4.2925 1.7903 -1.2972 -3.1508 1.3833 -0.94215 -3.4074 1.3333 0.0060133 -2.1399 0.68071 0.80373 -1.7008 -0.62561 1.4954 -2.9222 1.4412 -1.897 -1.3778 0.93945 -2.0761 -0.33248 -0.1934 -2.1154 -0.22162 0.019832 0.75762 -1.4987 -1.585 0.30164 -0.75576 -3.2003 0.60129 0.22162 -0.019832 -0.75762 -1.1022 -1.6097 -1.1236 -0.21704 -3.1745 -0.986
2 37 168 -4.4097 1.4859 -1.2803 -3.2398 1.1619 -0.9305 -3.483 1.1094 0.021055 -2.1537 0.63814 0.84546 -1.7449 -0.62534 1.6292 -3.025 1.2206 -1.8885 -1.4245 0.95861 -2.0847 -0.2104 0.016148 -2.2086 -0.21765 0.014751 0.75889 -1.3657 -1.6882 0.31606 -0.72166 -3.3432 0.62744 0.21765 -0.014751 -0.75889 -0.9974 -1.6963 -1.0911 -0.19137 -3.3059 -0.98953
2 38 168 -4.4968 1.2253 -1.2371 -3.3039 0.97658 -0.90238 -3.5298 0.91986 0.053209 -2.2026 0.55896 0.93481 -1.9739 -0.71744 1.7692 -3.1069 1.0379 -1.864 -1.4944 0.97668 -2.1183 -0.21998 0.167 -2.4314 -0.20902 0.015441 0.7613 -1.2585 -1.7575 0.34952 -0.69162 -3.4418 0.65398 0.20902 -0.015441 -0.7613 -0.91673 -1.7636 -1.063 -0.16273 -3.3988 -0.97108
2 39 168 -4.5606 1.0055 -1.1829 -3.3513 0.82392 -0.86428 -3.5605 0.75519 0.094295 -2.3036 0.41106 1.0795 -2.3743 -0.89415 1.8975 -3.1711 0.89566 -1.8285 -1.5841 0.96494 -2.2097 -0.37115 0.18907 -2.7615 -0.19917 0.016042 0.76392 -1.1886 -1.7987 0.38694 -0.67266 -3.502 0.67588 0.19917 -0.016042 -0.76392 -0.87743 -1.796 -1.0589 -0.15884 -3.4458 -0.94588
2 40 168 -4.6052 0.83409 -1.1292 -3.3855 0.70158 -0.82579 -3.5792 0.61905 0.13495 -2.472 0.17996 1.2529 -2.8859 -1.1296 1.9539 -3.2211 0.78602 -1.7918 -1.6936 0.88908 -2.3618 -0.67129 0.062057 -3.1672 -0.19112 0.011094 0.76606 -1.1496 -1.8226 0.40114 -0.65977 -3.5327 0.69527 0.19112 -0.011095 -0.76606 -0.85733 -1.8053 -1.0757 -0.16357 -3.4636 -0.93542
2 51 156 -4.2568 1.5381 -1.6668 -3.1551 1.1675 -1.1763 -3.517 1.1432 -0.26207 -2.5839 0.063454 0.53308 -2.9084 -1.4386 0.40559 -2.8205 1.1982 -2.1007 -1.5429 0.18435 -2.193 -1.7264 -1.3456 -2.2507 -0.26624 0.027153 0.74289 -1.1036 -1.8441 0.28299 -0.68183 -3.5605 0.63928 0.26624 -0.027153 -0.74289 -0.61405 -1.9098 -1.051 0.13353 -3.5341 -0.81902
2 52 156 -4.2039 1.7059 -1.6426 -3.1157 1.2953 -1.1525 -3.4763 1.2824 -0.23753 -2.4383 0.38669 0.65077 -2.5368 -1.1502 0.72795 -2.7821 1.3159 -2.0775 -1.3955 0.4526 -2.1068 -1.2281 -1.0788 -2.1734 -0.26389 0.024885 0.7438 -1.0867 -1.8567 0.29994 -0.65746 -3.572 0.65259 0.26389 -0.024885 -0.7438 -0.59279 -1.9189 -1.049 0.1567 -3.5405 -0.80531
2 52 168 -4.4535 1.7059 -0.73271 -3.2872 1.2953 -0.47952 -3.4497 1.2824 0.49042 -2.2497 0.38669 1.1435 -2.33 -1.1502 1.2395 -3.1532 1.3159 -1.4537 -1.803 0.4526 -1.7706 -1.6531 -1.0788 -1.8706 -0.10348 0.024885 0.78241 -1.0006 -1.8567 0.51932 -0.50741 -3.572 0.77502 0.10348 -0.024885 -0.78241 -0.79794 -1.9189 -0.90287 -0.014154 -3.5405 -0.82029
2 53 156 -4.1531 1.8393 -1.631 -3.0752 1.4033 -1.1387 -3.4393 1.3912 -0.22516 -2.3194 0.70495 0.74628 -2.1746 -0.79304 1.082 -2.7377 1.4239 -2.0623 -1.2551 0.73779 -2.0611 -0.73935 -0.71267 -2.1494 -0.26291 0.024213 0.74417 -1.0754 -1.866 0.31864 -0.63757 -3.5805 0.66462 0.26291 -0.024213 -0.74417 -0.57541 -1.9261 -1.0515 0.17933 -3.5434 -0.79583
2 53 168 -4.4015 1.8393 -0.73187 -3.2447 1.4033 -0.47448 -3.411 1.3912 0.49483 -2.1136 0.70495 1.2122 -1.9021 -0.79304 1.5105 -3.1067 1.4239 -1.4481 -1.6562 0.73779 -1.7551 -1.1701 -0.71267 -1.9487 -0.10245 0.024213 0.78257 -0.98567 -1.866 0.53527 -0.48546 -3.5805 0.78266 0.10245 -0.024213 -0.78257 -0.78145 -1.9261 -0.90886 0.0099467 -3.5434 -0.81572
2 54 168 -4.3616 1.9289 -0.73489 -3.2076 1.4864 -0.47215 -3.3827 1.471 0.49555 -2.0145 1.007 1.258 -1.5262 -0.36042 1.7771 -3.0605 1.5108 -1.4443 -1.5343 1.0239 -1.7644 -0.76317 -0.27887 -2.0573 -0.097889 0.027229 0.78305 -0.963 -1.8727 0.54614 -0.46904 -3.5904 0.78338 0.097889 -0.027229 -0.78305 -0.76455 -1.9391 -0.90719 0.032516 -3.5536 -0.81277
2 61 168 -4.4667 1.5293 -1.0031 -3.2992 1.1956 -0.65575 -3.5269 1.1451 0.29974 -2.1031 1.5626 0.98316 -1.1304 1.0738 2.0753 -3.0999 1.253 -1.6172 -1.5179 1.6294 -1.7728 -0.34835 0.8901 -2.4534 -0.14396 0.0082362 0.77634 -1.3034 -1.6987 0.3807 -0.46271 -3.2607 0.70361 0.14396 -0.0082364 -0.77634 -0.96439 -1.7684 -1.0727 0.053089 -3.239 -0.84312
2 62 168 -4.4497 1.5726 -1.0279 -3.291 1.2132 -0.67598 -3.5278 1.1632 0.27731 -2.0622 1.4061 0.95675 -1.1703 0.70331 2 -3.0823 1.2707 -1.6354 -1.4615 1.4354 -1.7561 -0.43946 0.49515 -2.4262 -0.15255 -0.0022628 0.77474 -1.3963 -1.6419 0.35179 -0.44237 -3.1332 0.69362 0.15255 0.0022628 -0.77474 -1.0206 -1.7072 -1.1149 0.07772 -3.1108 -0.84193
2 63 168 -4.3908 1.7299 -1.0387 -3.2516 1.3166 -0.68173 -3.5022 1.2596 0.26764 -2.0218 1.18 0.9537 -1.3189 0.18074 1.8945 -3.0288 1.3824 -1.6375 -1.4113 1.1872 -1.7573 -0.67576 -0.0037353 -2.4041 -0.15757 -0.012081 0.77364 -1.4741 -1.5914 0.34171 -0.3977 -2.9925 0.70142 0.15757 0.012081 -0.77364 -1.0692 -1.648 -1.1654 0.11577 -2.9694 -0.84859
2 64 156 -3.9644 2.0029 -1.902 -2.9588 1.5079 -1.3207 -3.4092 1.4472 -0.44847 -2.1922 0.91296 0.5014 -2.0291 -0.39513 1.3014 -2.5336 1.579 -2.2048 -1.0493 0.91435 -2.0505 -0.67068 -0.47942 -2.5906 -0.32038 -0.018372 0.72147 -1.5916 -1.5341 0.013759 -0.50239 -2.8297 0.63495 0.32038 0.018372 -0.72147 -0.82992 -1.594 -1.4224 0.33918 -2.82 -0.80512
2 64 168 -4.2732 2.0029 -1.0361 -3.1687 1.5079 -0.67669 -3.4279 1.4472 0.27014 -2.04 0.91296 0.94623 -1.7142 -0.39513 1.6948 -2.9367 1.579 -1.6298 -1.4527 0.91435 -1.7875 -1.1946 -0.47942 -2.3945 -0.16338 -0.018372 0.77231 -1.554 -1.5341 0.34438 -0.3594 -2.8297 0.72553 0.16338 0.018372 -0.77231 -1.1075 -1.594 -1.2187 0.16438 -2.82 -0.85804
2 65 156 -3.7932 2.3653 -1.8366 -2.8413 1.7516 -1.2818 -3.2988 1.6898 -0.41331 -2.3453 0.6498 0.41005 -2.7173 -0.79805 0.78828 -2.4083 1.826 -2.1617 -1.249 0.67543 -2.132 -1.4815 -0.72126 -2.7426 -0.32563 -0.019672 0.71908 -1.6684 -1.469 0.0044695 -0.49161 -2.6744 0.64732 0.32563 0.019672 -0.71908 -0.84122 -1.5538 -1.4786 0.38876 -2.68 -0.79308
2 65 168 -4.0921 2.3653 -1.0079 -3.0458 1.7516 -0.66303 -3.3127 1.6898 0.28159 -2.2088 0.6498 0.88871 -2.494 -0.79805 1.336 -2.8051 1.826 -1.6138 -1.665 0.67543 -1.8257 -2.0194 -0.72126 -2.3746 -0.16901 -0.019672 0.77107 -1.631 -1.469 0.35125 -0.34628 -2.6744 0.73538 0.16901 0.019672 -0.77107 -1.1302 -1.5538 -1.2713 0.21538 -2.68 -0.85658
2 66 144 -3.1381 2.7471 -2.4441 -2.3815 2.0097 -1.7597 -3.0153 1.9504 -1.0099 -2.6706 0.49018 -0.36374 -3.6019 -0.70183 -0.66262 -1.7683 2.0838 -2.5251 -1.1372 0.57717 -2.5503 -1.8114 -0.55439 -3.3519 -0.47005 -0.016834 0.63425 -1.6453 -1.4613 -0.33864 -0.56625 -2.5888 0.56424 0.47005 0.016834 -0.63425 -0.49929 -1.5408 -1.6581 0.59089 -2.5713 -0.65781
2 66 156 -3.5776 2.7471 -1.7383 -2.6953 2.0097 -1.2261 -3.1594 1.9504 -0.36091 -2.6878 0.49018 0.19945 -3.661 -0.70183 0.10074 -2.2547 2.0838 -2.1022 -1.6426 0.57717 -2.2581 -2.4688 -0.55439 -2.902 -0.32791 -0.016834 0.71812 -1.6798 -1.4613 0.010843 -0.43656 -2.5888 0.66964 0.32791 0.016834 -0.71812 -0.83313 -1.5408 -1.5181 0.44121 -2.5713 -0.76628
2 67 144 -2.952 3.0711 -2.2878 -2.2523 2.2381 -1.6578 -2.8882 2.1827 -0.90948 -3.1064 0.57341 -0.73293 -4.3488 0.045649 -1.4782 -1.636 2.3102 -2.4209 -1.5701 0.72285 -2.8011 -2.7233 0.16178 -3.6571 -0.46917 -0.014904 0.63494 -1.6047 -1.5057 -0.31491 -0.49127 -2.5751 0.61653 0.46917 0.014904 -0.63494 -0.44882 -1.5822 -1.6454 0.66002 -2.5453 -0.59954
2 67 156 -3.3632 3.0711 -1.624 -2.5477 2.2381 -1.1533 -3.0142 2.1827 -0.28912 -3.1909 0.57341 -0.071059 -4.5611 0.045649 -0.54177 -2.1036 2.3102 -2.0278 -2.1181 0.72285 -2.4134 -3.4242 0.16178 -3.011 -0.32691 -0.014904 0.71862 -1.6352 -1.5057 0.025616 -0.35235 -2.5751 0.7052 0.32691 0.014904 -0.71862 -0.78111 -1.5822 -1.5161 0.52094 -2.5453 -0.72366
2 68 144 -2.7925 3.3117 -2.1472 -2.157 2.4021 -1.5595 -2.8014 2.3522 -0.81815 -3.5803 0.93147 -1.0272 -4.7681 1.2819 -1.9459 -1.531 2.4707 -2.315 -1.9541 1.0779 -3.0565 -3.2859 1.3407 -3.7878 -0.46546 -0.016322 0.63763 -1.5136 -1.5958 -0.26844 -0.39605 -2.639 0.68735 0.46546 0.016322 -0.63763 -0.36604 -1.6689 -1.5773 0.76619 -2.6089 -0.53549
2 68 156 -3.1778 3.3117 -1.5197 -2.4341 2.4021 -1.0769 -2.9103 2.3522 -0.21782 -3.7157 0.93147 -0.26035 -5.0685 1.2819 -0.91201 -1.9789 2.4707 -1.9461 -2.5469 1.0779 -2.5835 -4.0017 1.3407 -3.0219 -0.32272 -0.016322 0.72047 -1.5364 -1.5958 0.052128 -0.24449 -2.639 0.75467 0.32272 0.016322 -0.72047 -0.68597 -1.6689 -1.4667 0.63811 -2.6089 -0.68309
2 69 144 -2.6248 3.5201 -2.0196 -2.0622 2.5379 -1.4787 -2.7188 2.5046 -0.74716 -3.9095 1.4813 -1.1987 -4.7151 2.5445 -1.9722 -1.4225 2.5916 -2.2239 -2.183 1.5642 -3.2411 -3.2718 2.5608 -3.6872 -0.46355 -0.016275 0.63903 -1.3503 -1.744 -0.1629 -0.24255 -2.7939 0.7971 0.46355 0.016275 -0.63903 -0.22849 -1.7922 -1.4543 0.92731 -2.7576 -0.46282
2 69 156 -2.9873 3.5201 -1.4298 -2.3246 2.5379 -1.0176 -2.8148 2.5046 -0.16556 -4.0733 1.4813 -0.3597 -5.0221 2.5445 -0.94882 -1.8538 2.5916 -1.8795 -2.8092 1.5642 -2.7164 -3.9669 2.5608 -2.9264 -0.32056 -0.016275 0.72144 -1.3546 -1.744 0.1214 -0.071524 -2.7939 0.83011 0.32056 0.016275 -0.72144 -0.52586 -1.7922 -1.375 0.81082 -2.7576 -0.6455
2 70 156 -2.7253 3.7829 -1.29 -2.1365 2.731 -0.934 -2.619 2.7022 -0.077466 -4.0946 2.0517 -0.33892 -4.5417 3.4643 -0.76606 -1.6713 2.7824 -1.7991 -2.8119 2.0889 -2.7408 -3.48 3.4785 -2.7576 -0.32417 -0.017178 0.7198 -1.0675 -1.9322 0.27863 0.19175 -3.0351 0.94862 0.32417 0.017178 -0.7198 -0.25624 -1.9312 -1.2501 1.0563 -2.9673 -0.57585
