0 4 0 -0.054394 4.8022 -0.64344 -0.03601 3.5659 -0.37701 -0.99423 3.4677 -0.57587 -2.322 2.5219 -0.47037 -3.7044 2.8389 -1.0755 0.91999 3.6931 -0.18403 1.9674 2.5689 -0.7388 2.5334 2.412 -2.1645 -0.68246 -0.042154 -0.39492 0.055655 -1.8364 -1.2012 -0.1842 -3.6162 -1.3623 0.68246 0.042153 0.39492 0.39973 -2.0309 0.58727 -0.42971 -3.5013 1.2202
0 5 348 -0.038863 4.7961 -0.68343 -0.006064 3.5641 -0.39552 -0.95645 3.4598 -0.62625 -2.3 2.5532 -0.42238 -3.7202 2.901 -0.912 0.9422 3.6976 -0.1711 1.9516 2.5585 -0.76471 2.4163 2.4184 -2.2283 -0.62862 -0.047015 -0.47553 0.26076 -1.8202 -1.1677 0.078095 -3.6019 -1.3756 0.62862 0.047015 0.47553 0.26483 -2.0158 0.63907 -0.68496 -3.4745 1.109
0 6 348 -0.12872 4.7888 -0.71064 -0.033801 3.5613 -0.41494 -1.0099 3.4635 -0.48598 -2.2716 2.5874 0.07008 -3.7655 2.9631 -0.00044561 0.93938 3.6881 -0.35014 1.7556 2.5372 -1.1736 1.8134 2.421 -2.7101 -0.66426 -0.047612 -0.42425 0.22696 -1.7985 -1.1688 0.058769 -3.5814 -1.3787 0.66426 0.047612 0.42425 0.27792 -2.0086 0.61665 -0.68518 -3.4515 1.108
0 7 336 -0.066578 4.7798 -0.75912 0.024825 3.5579 -0.44011 -0.94555 3.4632 -0.56955 -2.2 2.6214 0.052182 -3.691 3.0146 0.061617 0.9928 3.6815 -0.31725 1.763 2.5226 -1.1731 1.7412 2.4391 -2.7126 -0.60124 -0.050315 -0.50939 0.43817 -1.7775 -1.1017 0.32767 -3.5613 -1.3397 0.60124 0.050314 0.50939 0.16479 -2.0005 0.64287 -0.89691 -3.4268 0.94213
0 8 324 0.014234 4.7706 -0.80052 0.089577 3.554 -0.45931 -0.86916 3.4615 -0.65838 -2.1226 2.6408 -0.0071231 -3.6117 3.0351 0.062512 1.0465 3.6754 -0.26705 1.7696 2.5108 -1.1556 1.6807 2.4587 -2.6942 -0.52861 -0.055267 -0.58397 0.63394 -1.7579 -0.98877 0.58815 -3.5423 -1.2435 0.52861 0.055267 0.58397 0.052938 -1.9902 0.64762 -1.0666 -3.4007 0.73665
0 23 0 0.23363 4.7869 -0.67707 0.28921 3.5542 -0.39261 -0.68937 3.5279 -0.48772 -1.852 2.5808 0.1603 -3.3825 2.7617 0.21227 1.2672 3.6096 -0.30372 1.4437 2.5695 -1.551 0.49463 2.5973 -2.7659 -0.6389 0.00053406 -0.46401 0.1221 -1.8119 -1.2059 -0.1094 -3.5922 -1.3723 0.6389 -0.0005343 0.46401 0.65634 -2.0989 0.56758 -0.3047 -3.5035 1.1629
0 24 12 0.1936 4.7913 -0.68292 0.24691 3.5559 -0.40898 -0.73419 3.5337 -0.47468 -1.8936 2.5973 0.19445 -3.4231 2.79 0.227 1.2273 3.6074 -0.3494 1.4537 2.5823 -1.6011 0.6713 2.5718 -2.9298 -0.67166 -0.0019205 -0.41518 -0.057335 -1.8372 -1.2328 -0.37229 -3.6106 -1.3156 0.67166 0.0019205 0.41518 0.78026 -2.0954 0.47737 -0.040437 -3.5279 1.2022
0 25 24 0.15551 4.7939 -0.68375 0.21205 3.5573 -0.4158 -0.77037 3.5315 -0.455 -1.9397 2.6028 0.20755 -3.469 2.7992 0.22658 1.1935 3.6123 -0.38257 1.4751 2.6018 -1.635 0.89261 2.5546 -3.0619 -0.70286 0.00046086 -0.35984 -0.24512 -1.8588 -1.2248 -0.61545 -3.6233 -1.2085 0.70286 -0.0004611 0.35984 0.8905 -2.0931 0.36038 0.22821 -3.5536 1.1846
0 26 36 0.091063 4.7974 -0.67718 0.15795 3.5603 -0.41365 -0.82506 3.5279 -0.4137 -2.0127 2.6078 0.22799 -3.5424 2.8002 0.2034 1.1395 3.622 -0.41948 1.4849 2.6313 -1.6716 1.1285 2.5496 -3.1696 -0.73045 -0.0027633 -0.29988 -0.43162 -1.8863 -1.1815 -0.83157 -3.6399 -1.0553 0.73045 0.0027628 0.29988 0.96738 -2.0836 0.2263 0.48186 -3.5771 1.112
0 40 180 -0.071299 4.8123 -0.53832 -0.07862 3.5722 -0.2961 -1.0422 3.5646 -0.09903 -1.9376 2.3792 -0.77854 -2.0049 2.2662 -2.3149 0.88343 3.6093 -0.49722 2.2841 2.7794 -0.3625 3.7465 2.9162 -0.83195 -0.59347 0.043852 0.519 -0.63988 -2.0562 0.564 0.11215 -3.6132 1.0749 0.59347 -0.043852 -0.519 -0.096192 -1.8982 -1.2263 0.29425 -3.6455 -1.4389
0 41 192 -0.088858 4.8062 -0.54946 -0.10102 3.5715 -0.28851 -1.052 3.5718 -0.03762 -1.8951 2.3622 -0.7411 -1.8434 2.2593 -2.2788 0.84852 3.6007 -0.54326 2.2208 2.7397 -0.33327 3.7011 2.8322 -0.755 -0.52648 0.047052 0.5866 -0.50833 -2.053 0.64754 0.33103 -3.6009 1.0355 0.52648 -0.047052 -0.5866 -0.31 -1.878 -1.1886 -0.014071 -3.6349 -1.4652
0 42 204 -0.12569 4.7997 -0.54873 -0.13775 3.5715 -0.26774 -1.0697 3.5777 0.046698 -1.8721 2.3505 -0.67358 -1.6969 2.2646 -2.2032 0.79262 3.5948 -0.58589 2.1329 2.7006 -0.31602 3.6279 2.7265 -0.69248 -0.44232 0.045931 0.65249 -0.3775 -2.0532 0.71405 0.5366 -3.5887 0.95364 0.44232 -0.045931 -0.65249 -0.5188 -1.8576 -1.1091 -0.32246 -3.6225 -1.4212
0 60 168 -0.15421 4.8055 -0.49526 -0.19891 3.5701 -0.24818 -1.1301 3.5763 0.068506 -1.5917 2.3517 -0.90924 -0.8108 2.6001 -2.2155 0.73065 3.5934 -0.56873 2.01 2.5778 -0.58967 3.2688 2.2649 -1.4235 -0.54325 0.018466 0.57274 -0.83428 -2.061 0.64503 -0.23903 -3.6599 1.2285 0.54325 -0.018466 -0.57274 -0.027467 -1.9429 -1.1935 0.4969 -3.6679 -1.1874
0 61 156 -0.10837 4.8071 -0.50773 -0.16923 3.5705 -0.26983 -1.1286 3.5694 -0.053106 -1.5285 2.3256 -1.0338 -0.71422 2.5742 -2.3194 0.78874 3.6011 -0.49056 2.0722 2.5919 -0.43356 3.3611 2.3066 -1.2303 -0.6185 0.017275 0.49057 -0.94791 -2.0578 0.49011 -0.49731 -3.6685 1.1634 0.6185 -0.017275 -0.49057 0.17489 -1.9589 -1.1595 0.7188 -3.6738 -1.0402
0 62 156 -0.17708 4.8076 -0.50084 -0.19895 3.5694 -0.26258 -1.1313 3.5583 0.050367 -1.6667 2.2965 -0.83845 -1.1008 2.5369 -2.2525 0.7313 3.61 -0.57935 2.0131 2.6047 -0.70278 3.1359 2.3319 -1.7239 -0.58509 0.017196 0.52997 -0.94449 -2.0528 0.52244 -0.50957 -3.6767 1.1741 0.58509 -0.017196 -0.52997 0.12635 -1.9737 -1.143 0.70197 -3.6778 -1.0169
0 63 144 -0.13363 4.8097 -0.51774 -0.16571 3.5692 -0.28797 -1.1266 3.5539 -0.078451 -1.5974 2.2722 -0.97523 -0.99954 2.4938 -2.3792 0.79333 3.6139 -0.50151 2.0732 2.5992 -0.53635 3.2474 2.3267 -1.4979 -0.65531 0.016473 0.44022 -1.033 -2.0485 0.35276 -0.7563 -3.6857 1.0554 0.65531 -0.016473 -0.44022 0.31018 -1.9855 -1.0867 0.87721 -3.678 -0.83211
0 64 144 -0.18356 4.8117 -0.49475 -0.1891 3.5691 -0.27521 -1.1227 3.5459 0.033323 -1.7061 2.2432 -0.7612 -1.3844 2.4428 -2.256 0.74206 3.6216 -0.58753 1.9942 2.5921 -0.78949 3.0022 2.308 -1.9213 -0.62359 0.01641 0.48411 -1.0317 -2.0428 0.39811 -0.7718 -3.6943 1.0732 0.62359 -0.01641 -0.48411 0.26603 -1.9975 -1.0855 0.85983 -3.6782 -0.814
0 65 132 -0.13304 4.8136 -0.50807 -0.15488 3.5692 -0.2967 -1.1171 3.5425 -0.094722 -1.6295 2.2178 -0.90168 -1.2764 2.3986 -2.3918 0.8052 3.6253 -0.50274 2.0533 2.5759 -0.60017 3.1114 2.2751 -1.6808 -0.686 0.01463 0.39076 -1.0985 -2.0385 0.2217 -1 -3.7018 0.91067 0.686 -0.014631 -0.39075 0.44565 -2.0093 -1.0053 0.98792 -3.6802 -0.5991
0 65 144 -0.23577 4.8136 -0.46931 -0.21319 3.5692 -0.25802 -1.1124 3.5425 0.13961 -1.7814 2.2178 -0.54319 -1.7458 2.3986 -2.0741 0.68308 3.6253 -0.65916 1.8837 2.5759 -1.014 2.694 2.2751 -2.2909 -0.58977 0.01463 0.52484 -1.0284 -2.0385 0.44525 -0.7888 -3.7018 1.0987 0.58977 -0.014631 -0.52484 0.22689 -2.0093 -1.076 0.84177 -3.6802 -0.79141
0 66 132 -0.18226 4.8156 -0.48769 -0.17931 3.5691 -0.2844 -1.1199 3.5409 0.001696 -1.7103 2.1925 -0.70693 -1.6523 2.3543 -2.2393 0.75875 3.6268 -0.57436 1.9622 2.5502 -0.82187 2.8354 2.2269 -2.051 -0.66229 0.012561 0.42978 -1.1038 -2.035 0.26594 -1.0253 -3.7083 0.93294 0.66229 -0.012561 -0.42979 0.40981 -2.0182 -1.0026 0.96435 -3.6809 -0.58011
0 67 120 -0.13391 4.8187 -0.49419 -0.14213 3.5697 -0.30237 -1.1113 3.5373 -0.13778 -1.6099 2.1604 -0.86183 -1.53 2.3034 -2.3951 0.82488 3.6316 -0.47097 2.0134 2.52 -0.6143 2.9452 2.1697 -1.7919 -0.72369 0.0079436 0.31577 -1.148 -2.0338 0.059503 -1.2303 -3.7108 0.71659 0.72369 -0.0079432 -0.31577 0.57264 -2.0234 -0.88963 1.0322 -3.6816 -0.35094
0 67 132 -0.23373 4.8187 -0.45555 -0.20189 3.5697 -0.26621 -1.1156 3.5373 0.096271 -1.7539 2.1604 -0.50828 -1.9945 2.3034 -2.0246 0.70894 3.6316 -0.63218 1.8417 2.52 -1.0195 2.5083 2.1697 -2.3651 -0.64222 0.0079436 0.45934 -1.1105 -2.0338 0.29688 -1.0545 -3.7108 0.95673 0.64222 -0.0079432 -0.45934 0.37516 -2.0234 -0.98924 0.93666 -3.6816 -0.55788
0 68 120 -0.1837 4.8207 -0.47484 -0.15931 3.5704 -0.29108 -1.1115 3.5282 -0.04848 -1.6496 2.1221 -0.68256 -1.8627 2.2449 -2.2048 0.79018 3.642 -0.53748 1.9115 2.4881 -0.82029 2.6425 2.1057 -2.123 -0.71109 0.0053759 0.34326 -1.1601 -2.0306 0.083721 -1.2607 -3.7105 0.73094 0.71109 -0.0053763 -0.34326 0.53362 -2.028 -0.88329 1.0011 -3.6816 -0.33723
0 69 108 -0.10575 4.8218 -0.50095 -0.087744 3.5698 -0.32592 -1.0638 3.5182 -0.21669 -1.5006 2.0842 -0.866 -1.6626 2.1819 -2.3963 0.88587 3.6508 -0.43937 1.9733 2.4473 -0.63409 2.7754 2.0232 -1.8809 -0.7606 0.011395 0.21178 -1.1673 -2.0194 -0.14138 -1.4045 -3.7025 0.46013 0.7606 -0.011395 -0.21178 0.66975 -2.036 -0.76604 1.0207 -3.6809 -0.11662
0 69 120 -0.20759 4.8218 -0.46802 -0.15359 3.5698 -0.30056 -1.0856 3.5182 0.0092296 -1.6479 2.0842 -0.53508 -2.1245 2.1819 -1.9983 0.77516 3.6508 -0.61396 1.7983 2.4473 -1.0305 2.3237 2.0232 -2.4168 -0.69995 0.011395 0.36529 -1.1712 -2.0194 0.10441 -1.2781 -3.7025 0.74209 0.69995 -0.011395 -0.36529 0.49584 -2.036 -0.88855 0.97419 -3.6809 -0.3263
0 70 108 -0.13809 4.8208 -0.50707 -0.090712 3.5676 -0.34636 -1.056 3.5023 -0.16943 -1.5097 2.0383 -0.73479 -1.9107 2.0987 -2.2225 0.87142 3.6623 -0.52719 1.8564 2.4037 -0.86547 2.4822 1.926 -2.1913 -0.75527 0.013771 0.22996 -1.1863 -2.0064 -0.15389 -1.4122 -3.6883 0.45551 0.75527 -0.013771 -0.22996 0.64251 -2.0375 -0.78311 0.99237 -3.6771 -0.11952
0 71 108 -0.14765 4.8198 -0.51483 -0.080889 3.5661 -0.36318 -1.0338 3.4975 -0.12957 -1.4777 2.0019 -0.61421 -2.078 2.0085 -2.0345 0.86855 3.6641 -0.60053 1.732 2.3555 -1.0596 2.1691 1.8133 -2.4353 -0.7493 0.021043 0.2482 -1.2013 -1.9861 -0.17752 -1.3855 -3.6744 0.42793 0.7493 -0.021043 -0.24821 0.61458 -2.0442 -0.79856 0.96881 -3.6761 -0.11847
0 72 96 -0.036581 4.82 -0.53167 0.015923 3.5661 -0.37165 -0.96142 3.4991 -0.28404 -1.2875 1.9762 -0.77712 -1.7381 1.9138 -2.2505 0.99041 3.6626 -0.46358 1.814 2.3042 -0.84481 2.348 1.7016 -2.1598 -0.78128 0.030828 0.11023 -1.1346 -1.967 -0.43577 -1.3632 -3.6687 0.11447 0.78128 -0.030828 -0.11023 0.73681 -2.0549 -0.67193 0.95304 -3.675 0.089305
0 72 108 -0.14632 4.82 -0.51245 -0.061696 3.5661 -0.36684 -0.99946 3.4991 -0.077946 -1.421 1.9762 -0.49245 -2.168 1.9138 -1.8399 0.87238 3.6626 -0.65937 1.5987 2.3042 -1.2035 1.8477 1.7016 -2.6008 -0.74129 0.030828 0.27026 -1.2004 -1.967 -0.19035 -1.3096 -3.6687 0.39539 0.74129 -0.030828 -0.27026 0.581 -2.0549 -0.81044 0.95078 -3.675 -0.11079
0 73 96 -0.033164 4.8226 -0.50699 0.030742 3.568 -0.3567 -0.94016 3.5021 -0.21401 -1.2538 1.9548 -0.63384 -1.8137 1.8166 -2.0639 0.99859 3.6633 -0.50355 1.6846 2.2552 -0.96791 2.0459 1.5921 -2.3123 -0.77669 0.03797 0.13716 -1.1107 -1.9581 -0.42725 -1.2664 -3.6688 0.12059 0.77669 -0.03797 -0.13716 0.707 -2.0679 -0.6747 0.94107 -3.6773 0.10358
0 74 96 -0.044958 4.8229 -0.50655 0.025231 3.5679 -0.36453 -0.93733 3.5037 -0.17294 -1.2386 1.9367 -0.52321 -1.8591 1.7059 -1.9158 0.98456 3.6615 -0.56023 1.5284 2.2098 -1.0757 1.7302 1.4898 -2.4243 -0.77271 0.037512 0.15814 -1.0671 -1.9597 -0.42401 -1.1773 -3.6743 0.12277 0.77271 -0.037512 -0.15814 0.69358 -2.0728 -0.67371 0.9388 -3.68 0.10574
0 85 96 0.0040079 4.8165 -0.46519 -0.014692 3.5547 -0.37588 -0.96885 3.5611 -0.13732 -1.0308 2.0752 0.53883 -1.8439 0.91986 1.1567 0.93904 3.5781 -0.61506 1.4249 2.055 -0.2791 2.5067 0.97118 -0.45989 -0.77694 0.017418 0.13986 -0.86343 -2.013 -0.39345 -0.76514 -3.6993 0.23714 0.77694 -0.017417 -0.13986 0.93531 -2.0463 -0.66211 1.202 -3.6443 0.12919
0 86 96 0.01395 4.8056 -0.4338 -0.02552 3.5463 -0.35521 -0.98424 3.5584 -0.13596 -1.1572 2.1173 0.61381 -2.0181 1.1756 1.4796 0.93331 3.5641 -0.57361 1.5462 2.1005 -0.18474 2.8281 1.249 -0.089297 -0.77636 0.010247 0.14375 -0.84789 -2.0239 -0.37735 -0.74916 -3.7071 0.26125 0.77636 -0.010248 -0.14375 0.92441 -2.0522 -0.6159 1.2129 -3.6547 0.1585
0 87 108 -0.06785 4.7931 -0.40568 -0.093335 3.5378 -0.32316 -0.98719 3.5479 0.087073 -1.1264 2.179 0.96764 -1.766 1.5076 2.1996 0.80126 3.5573 -0.73142 1.6523 2.19 -0.45781 3.093 1.641 -0.43418 -0.72786 0.0064616 0.30606 -0.88783 -2.0358 -0.16081 -0.65972 -3.7204 0.44004 0.72786 -0.0064621 -0.30606 0.77764 -2.0614 -0.74086 1.2369 -3.6681 -0.063775
0 88 120 -0.13479 4.7899 -0.38201 -0.14091 3.5374 -0.28656 -0.93518 3.5484 0.29342 -1.0132 2.2901 1.3324 -1.327 1.9452 2.8022 0.65465 3.5562 -0.86458 1.7345 2.3315 -0.81144 3.2553 2.1451 -0.9846 -0.64665 0.0063066 0.45311 -0.8783 -2.0425 0.04916 -0.53583 -3.7296 0.58509 0.64665 -0.0063066 -0.45311 0.61757 -2.0712 -0.83973 1.2223 -3.6807 -0.29666
0 91 144 -0.23881 4.7783 -0.41145 -0.15751 3.5467 -0.23135 -0.68664 3.5824 0.59697 -0.78072 2.9925 2.1174 -0.56399 3.8782 3.3609 0.37334 3.5407 -1.0593 1.5909 3.0073 -2.0089 2.4917 4.0327 -2.7263 -0.43543 0.01713 0.65849 -0.76172 -2.0433 0.40816 -0.24913 -3.7378 0.74981 0.43543 -0.01713 -0.65849 0.25733 -2.0833 -0.99569 1.0165 -3.7034 -0.7731
0 114 84 -0.052363 4.8267 -0.22066 -0.05298 3.5663 -0.15192 -1.0223 3.5124 -0.3094 -1.2235 1.9542 0.13819 -2.1273 0.72816 -0.10181 0.91423 3.65 0.0057785 1.1673 2.0973 0.4462 2.2102 0.96291 0.50205 -0.77184 -0.020201 -0.16537 -0.68621 -2.1033 -0.4258 -0.92239 -3.7494 0.27099 0.77184 0.020202 0.16537 0.95621 -2.0553 -0.1041 1.021 -3.7286 0.56423
0 114 96 -0.097096 4.8267 -0.20495 -0.083408 3.5663 -0.13758 -1.0643 3.5124 -0.090078 -1.168 1.9542 0.38955 -2.102 0.72816 0.34271 0.89545 3.65 -0.18443 1.2345 2.0973 0.19376 2.2663 0.96291 0.031554 -0.78936 -0.020201 -0.0012776 -0.75974 -2.1033 -0.27382 -0.84589 -3.7494 0.45685 0.78936 0.020202 0.0012786 0.91367 -2.0553 -0.30063 1.116 -3.7286 0.33963
0 115 84 -0.032366 4.807 -0.20445 -0.055145 3.5539 -0.12405 -1.0215 3.517 -0.30335 -1.2863 1.9913 0.21729 -2.4247 0.95332 0.28219 0.90929 3.6205 0.05704 1.191 2.0885 0.54915 2.3402 1.1536 0.97684 -0.77044 -0.023132 -0.17143 -0.68042 -2.1076 -0.41852 -0.9227 -3.7446 0.29734 0.77044 0.023132 0.17143 0.9519 -2.0544 -0.08372 1.0171 -3.7233 0.59552
0 115 96 -0.074166 4.807 -0.19325 -0.079731 3.5539 -0.10987 -1.0623 3.517 -0.08434 -1.213 1.9913 0.47997 -2.313 0.95332 0.78014 0.90128 3.6205 -0.13326 1.2791 2.0885 0.28953 2.4922 1.1536 0.46894 -0.78924 -0.023132 -0.0075007 -0.75256 -2.1076 -0.26791 -0.84072 -3.7446 0.48268 0.78924 0.023132 0.0075007 0.91369 -2.0544 -0.2798 1.1186 -3.7233 0.37104
0 115 108 -0.11272 4.807 -0.17361 -0.10083 3.5539 -0.090896 -1.0566 3.517 0.13836 -1.0867 1.9913 0.72167 -2.1003 0.95332 1.244 0.85388 3.6205 -0.31773 1.3114 2.0885 0.017258 2.5352 1.1536 -0.059462 -0.77356 -0.023132 0.15676 -0.79182 -2.1076 -0.10559 -0.72199 -3.7446 0.64693 0.77356 0.023132 -0.15676 0.83555 -2.0544 -0.46366 1.1713 -3.7233 0.13036
0 116 72 0.028083 4.7891 -0.15823 -0.027604 3.5411 -0.10829 -0.93279 3.5173 -0.49227 -1.4422 2.0434 -0.0054819 -2.7678 1.2588 0.063002 0.87514 3.5944 0.27846 1.1324 2.1107 0.91193 2.1436 1.454 1.873 -0.71482 -0.022976 -0.33467 -0.58006 -2.1097 -0.53935 -0.97379 -3.7397 0.12312 0.71482 0.022976 0.33467 0.93946 -2.0558 0.12864 0.85983 -3.7193 0.81956
0 116 84 -0.0054278 4.7891 -0.16061 -0.049515 3.5411 -0.10018 -1.0148 3.5173 -0.28757 -1.4118 2.0434 0.29448 -2.6942 1.2588 0.63709 0.91391 3.5944 0.090419 1.2972 2.1107 0.65657 2.4862 1.454 1.3864 -0.76878 -0.022976 -0.17874 -0.67952 -2.1097 -0.40697 -0.92691 -3.7397 0.32289 0.76878 0.022976 0.17874 0.94568 -2.0558 -0.069493 1.0114 -3.7193 0.62288
0 116 96 -0.038701 4.7891 -0.15597 -0.069261 3.5411 -0.087696 -1.0524 3.5173 -0.070309 -1.3197 2.0434 0.58158 -2.5029 1.2588 1.1833 0.91274 3.5944 -0.10157 1.4054 2.1107 0.37251 2.7201 1.454 0.83923 -0.78914 -0.022976 -0.014997 -0.74928 -2.1097 -0.2568 -0.83952 -3.7397 0.50855 0.78914 0.022976 0.014996 0.91056 -2.0558 -0.26459 1.1188 -3.7193 0.39898
0 116 108 -0.070284 4.7891 -0.14451 -0.085981 3.5411 -0.07138 -1.044 3.5173 0.15003 -1.17 2.0434 0.84326 -2.2022 1.2588 1.6779 0.87168 3.5944 -0.28912 1.4521 2.1107 0.072175 2.8352 1.454 0.25535 -0.77502 -0.022976 0.1494 -0.7863 -2.1097 -0.095399 -0.71544 -3.7397 0.67199 0.77502 0.022976 -0.1494 0.83565 -2.0558 -0.44813 1.1773 -3.7193 0.15764
1 34 276 -0.032258 4.6012 -1.4904 -0.10554 3.3731 -1.2011 -1.0796 3.4174 -1.0719 -1.8121 2.0687 -0.51241 -3.0337 1.1538 -0.73227 0.86827 3.3574 -1.3383 1.6389 1.9589 -0.99315 2.5814 0.909 -1.6152 -0.76933 0.033298 0.17469 -0.88929 -1.9403 -0.53576 -0.71105 -3.6002 0.14527 0.76933 -0.033298 -0.17469 0.67867 -1.977 -0.96726 0.85557 -3.4762 0.018563
1 35 264 0.26037 4.5705 -1.5668 0.12426 3.3519 -1.2634 -0.85508 3.3891 -1.3463 -1.4617 1.9356 -0.91251 -2.3961 0.78342 -1.3332 1.105 3.343 -1.1893 1.5924 1.8665 -0.68843 2.4609 0.64539 -1.0524 -0.78911 0.027174 0.0083308 -0.6405 -1.9344 -0.72949 -0.58714 -3.5584 0.052036 0.78911 -0.027174 -0.0083312 0.72393 -1.9383 -0.87876 0.64447 -3.4266 0.13589
1 42 264 0.15024 4.6387 -1.3869 0.069009 3.4091 -1.1044 -0.91198 3.4105 -1.1752 -1.4456 1.916 -0.78741 -2.4471 0.83295 -1.2367 1.0502 3.4366 -1.0415 1.5963 1.9334 -0.70805 2.593 0.96304 -1.3733 -0.78938 0.0043054 -0.018852 -0.62517 -1.8747 -0.94445 -0.58642 -3.4147 -0.0075237 0.78938 -0.0043058 0.018852 0.88232 -1.8702 -0.9425 0.6555 -3.3251 0.09801
1 43 276 -0.13616 4.6858 -1.2123 -0.15387 3.4454 -0.96411 -1.1279 3.4469 -0.82757 -1.7678 2.0194 -0.35664 -3.0421 1.1728 -0.54872 0.81888 3.4731 -1.1067 1.5896 2.0378 -0.98561 2.6126 1.3121 -1.8826 -0.77726 -0.0020561 0.13912 -0.89768 -1.9713 -0.58332 -0.75144 -3.6086 0.15742 0.77726 0.0020561 -0.13912 0.80961 -1.9452 -0.92742 0.83691 -3.5193 -0.04858
2 21 96 -0.11834 4.2995 -2.2431 -0.084401 3.1481 -1.7216 -1.0668 3.1048 -1.7037 -1.6032 2.2395 -2.9813 -1.1085 3.5055 -3.7094 0.89616 3.2178 -1.7533 1.4693 2.343 -3.0083 1.022 3.6947 -3.6004 -0.78921 0.0051913 0.025029 -0.82549 -1.8959 -0.86878 -0.68 -3.0148 0.53755 0.78921 -0.0051918 -0.025029 0.8541 -1.9139 -0.90075 0.80994 -2.9735 0.55737
2 22 96 -0.10957 4.1982 -2.4292 -0.070275 3.0773 -1.8467 -1.0524 3.0238 -1.8449 -1.5705 1.991 -2.9996 -1.1179 3.1163 -3.9517 0.90996 3.1561 -1.864 1.5118 2.1691 -3.0182 1.0397 3.4235 -3.7805 -0.78943 0.0071793 0.015903 -0.84847 -1.799 -1.0557 -0.71177 -3.0906 0.1949 0.78943 -0.0071793 -0.015903 0.85975 -1.8305 -1.0575 0.73588 -3.0322 0.28104
2 23 96 -0.10099 4.1039 -2.5862 -0.060798 3.019 -1.941 -1.0423 2.955 -1.9412 -1.5649 1.7773 -2.9454 -1.1477 2.6923 -4.1143 0.91864 3.1072 -1.9581 1.5489 1.9971 -2.9775 1.0698 3.1161 -3.924 -0.78949 0.0087333 0.010978 -0.86101 -1.7366 -1.1565 -0.77038 -3.2567 -0.1911 0.78949 -0.0087333 -0.010978 0.86507 -1.7631 -1.1645 0.70318 -3.1727 -0.052021
2 24 96 -0.10618 4.033 -2.689 -0.068712 2.9834 -1.991 -1.0496 2.9117 -1.9829 -1.5604 1.6069 -2.8227 -1.1832 2.2487 -4.1731 0.9099 3.078 -2.018 1.5574 1.8462 -2.8736 1.0918 2.7799 -4.009 -0.78948 0.0055532 0.01373 -0.86987 -1.7317 -1.1652 -0.84095 -3.4377 -0.58251 0.78948 -0.0055532 -0.01373 0.87681 -1.7205 -1.2244 0.71367 -3.3434 -0.45622
2 25 96 -0.093101 3.978 -2.759 -0.067957 2.9526 -2.0299 -1.0486 2.8781 -2.0221 -1.5302 1.4593 -2.673 -1.2016 1.784 -4.1441 0.91045 3.0491 -2.0577 1.5723 1.7193 -2.7375 1.1429 2.4178 -4.0433 -0.78944 0.0047641 0.016335 -0.88861 -1.7369 -1.1546 -0.91896 -3.5258 -0.93199 0.78944 -0.0047641 -0.016335 0.89979 -1.6913 -1.2644 0.75629 -3.4333 -0.82188
2 26 96 -0.038695 3.9583 -2.7843 -0.038078 2.9347 -2.0539 -1.0191 2.8652 -2.0643 -1.464 1.3611 -2.5208 -1.1888 1.3517 -4.038 0.94116 3.0261 -2.0636 1.6104 1.6301 -2.5852 1.254 2.0591 -4.0228 -0.78932 0.013205 0.017099 -0.92657 -1.6912 -1.2037 -0.97308 -3.4908 -1.1017 0.78932 -0.013205 -0.017099 0.89881 -1.6333 -1.3504 0.82662 -3.406 -1.029
2 27 96 0.0064914 3.9942 -2.7317 -0.020186 2.9566 -2.0238 -1.0018 2.8981 -2.0454 -1.4041 1.345 -2.3528 -1.1973 1.0271 -3.8475 0.96004 3.0374 -2.0221 1.6173 1.6004 -2.4368 1.3568 1.7379 -3.9504 -0.78884 0.021982 0.027419 -0.9819 -1.5226 -1.3837 -0.95141 -3.2933 -1.0451 0.78884 -0.021982 -0.027419 0.92513 -1.5044 -1.5101 0.85873 -3.2435 -1.0389
2 28 96 0.013883 3.9353 -2.8205 -0.028013 2.9024 -2.107 -1.0105 2.8594 -2.1207 -1.368 1.2795 -2.3329 -1.2485 0.69544 -3.7549 0.95335 2.9675 -2.1132 1.5812 1.4921 -2.4257 1.4484 1.322 -3.9525 -0.78764 0.030093 0.046993 -0.99243 -1.2398 -1.6142 -0.87312 -2.8962 -0.91191 0.78764 -0.030093 -0.046993 0.92862 -1.277 -1.7321 0.81529 -2.8766 -0.90797
3 49 180 0.048703 4.8261 -0.18855 -0.021759 3.5709 -0.29371 -0.99833 3.5631 -0.41036 -1.461 2.1869 0.33849 -1.7578 0.67709 0.23839 0.95404 3.6084 -0.17639 1.3982 2.0698 -0.49917 1.5165 2.1895 -2.0319 -0.76623 -0.022913 -0.18936 -0.62675 -1.3421 -1.8187 -0.68164 -1.3443 -0.016465 0.76623 0.022914 0.18936 0.43037 -2.0084 0.60801 0.11554 -3.7457 0.97353
3 50 168 0.089041 4.8254 -0.10344 0.045977 3.5728 -0.24742 -0.89589 3.5686 -0.53068 -1.5589 2.2555 0.18007 -1.9068 0.75606 0.089892 0.98691 3.6067 0.036917 1.6331 2.1822 -0.43418 1.9775 2.7296 -1.834 -0.70763 -0.017625 -0.34992 -0.092337 -1.1829 -1.9864 -0.55408 -1.1329 -0.24416 0.70763 0.017625 0.34992 0.26859 -2.0023 0.72574 -0.13505 -3.7304 1.045
3 50 180 0.065588 4.8254 -0.1197 -0.0064695 3.5728 -0.25157 -0.98664 3.5686 -0.33281 -1.4874 2.2555 0.50024 -1.8465 0.75606 0.48438 0.97302 3.6067 -0.16908 1.5072 2.1822 -0.76423 1.553 2.7296 -2.2051 -0.76492 -0.017625 -0.19515 -0.50331 -1.1829 -1.9237 -0.59273 -1.1329 -0.12363 0.76492 0.017625 0.19515 0.41361 -2.0023 0.65404 0.085162 -3.7304 1.0502
3 51 168 0.078256 4.8275 -0.067241 0.036179 3.5754 -0.21749 -0.90964 3.574 -0.48727 -1.621 2.3129 0.26945 -2.0194 0.82369 0.23762 0.98115 3.6066 0.053481 1.751 2.3293 -0.61331 2.0218 3.0902 -1.9268 -0.70905 -0.020697 -0.34686 0.12313 -1.0089 -2.0038 -0.43471 -1.3128 -0.31634 0.70905 0.020697 0.34686 0.24327 -1.984 0.76936 -0.18309 -3.6989 1.1275
3 51 180 0.062566 4.8275 -0.082042 -0.009831 3.5754 -0.22026 -0.99107 3.574 -0.2875 -1.5295 2.3129 0.60058 -1.9259 0.82369 0.65229 0.97082 3.6066 -0.15168 1.5852 2.3293 -0.96396 1.5771 3.0902 -2.3051 -0.76567 -0.020697 -0.19186 -0.29617 -1.0089 -1.9856 -0.49098 -1.3128 -0.21905 0.76567 0.020697 0.19186 0.39791 -1.984 0.70197 0.055339 -3.6989 1.1409
3 52 168 0.076546 4.8268 -0.065376 0.029686 3.5754 -0.21932 -0.91821 3.5783 -0.48169 -1.6619 2.3563 0.30719 -2.0891 0.87472 0.31586 0.97687 3.6023 0.044291 1.8051 2.4246 -0.72766 2.0519 3.2753 -1.9898 -0.70743 -0.025131 -0.34986 0.22482 -0.96682 -1.9803 -0.29817 -1.7389 -0.43718 0.70743 0.025131 0.34986 0.22333 -1.9661 0.81336 -0.21851 -3.6696 1.2055
3 52 180 0.061281 4.8268 -0.079863 -0.016561 3.5754 -0.2207 -0.9983 3.5783 -0.28026 -1.5617 2.3563 0.646 -1.9778 0.87472 0.74331 0.96473 3.6023 -0.15978 1.6144 2.4246 -1.0871 1.5933 3.2753 -2.373 -0.76472 -0.025131 -0.19514 -0.19183 -0.96682 -1.9838 -0.38255 -1.7389 -0.36564 0.76472 0.025131 0.19513 0.38756 -1.9661 0.74915 0.036902 -3.6696 1.2246
3 53 168 0.072951 4.8258 -0.070946 0.016997 3.575 -0.22514 -0.93026 3.5832 -0.48972 -1.6918 2.384 0.31688 -2.1238 0.90424 0.35383 0.9637 3.5966 0.040648 1.798 2.4616 -0.78663 2.0446 3.3503 -2.0224 -0.71018 -0.030184 -0.34385 0.23584 -1.085 -1.8952 -0.1447 -2.2629 -0.58426 0.71018 0.030185 0.34385 0.21014 -1.9457 0.85382 -0.24536 -3.6358 1.2861
3 53 180 0.056606 4.8258 -0.084563 -0.030184 3.575 -0.22375 -1.0117 3.5832 -0.2856 -1.589 2.384 0.6617 -2.0039 0.90424 0.78767 0.95109 3.5966 -0.16061 1.5952 2.4616 -1.1433 1.5795 3.3503 -2.4033 -0.76615 -0.030184 -0.18868 -0.16335 -1.085 -1.9028 -0.26301 -2.2629 -0.5414 0.76615 0.030185 0.18868 0.38307 -1.9457 0.79147 0.027401 -3.6358 1.309
3 54 168 0.066287 4.8247 -0.10353 0.010745 3.5745 -0.26231 -0.93408 3.5847 -0.53538 -1.7039 2.3963 0.2793 -2.1201 0.91274 0.33992 0.95506 3.5942 0.012 1.7778 2.4549 -0.82097 2.0378 3.331 -2.0629 -0.7139 -0.036708 -0.3354 0.18686 -1.2839 -1.7663 0.015161 -2.7594 -0.74422 0.7139 0.036708 0.3354 0.19726 -1.9212 0.89586 -0.27268 -3.5953 1.3728
3 65 240 0.35133 4.812 0.017228 0.075399 3.5833 -0.01999 -0.60098 3.6301 0.69253 -1.646 2.3813 0.56169 -2.7486 2.685 -0.47263 0.75492 3.566 -0.73085 1.6724 2.2759 -0.32765 2.1375 0.85499 -0.70493 -0.41277 0.020346 0.67283 -0.086054 -2.0357 0.3894 0.38758 -3.7735 0.30768 0.41277 -0.020346 -0.67283 -0.94245 -1.3373 -1.5911 0.48893 -1.7898 -0.59242
3 71 240 0.24178 4.8168 -0.059257 -0.013618 3.5844 -0.097668 -0.67963 3.6191 0.62524 -1.9727 2.6826 0.2791 -2.8826 3.4791 -0.67764 0.6548 3.5793 -0.81916 1.6797 2.3411 -0.52709 2.1704 0.98372 -1.0695 -0.39945 0.033363 0.68031 0.38871 -1.9132 0.74481 1.1314 -3.5542 0.82379 0.39945 -0.033363 -0.68031 -0.95173 -1.5342 -1.2601 -0.70935 -3.3057 -1.0283
4 24 120 0.034956 4.6193 -1.3852 0.20864 3.4173 -1.0264 -0.73514 3.4056 -0.74981 -1.1591 2.1634 0.22278 -1.8684 1.1673 -0.71662 1.1491 3.4573 -1.3116 1.6357 1.9246 -1.0237 0.88707 1.7164 -2.3556 -0.77518 0.11788 0.093298 -1.0312 -1.6149 -1.0669 -1.4692 -3.3096 -0.6344 0.77518 -0.11788 -0.093298 0.53582 -2.2043 -0.15412 0.91676 -2.512 1.5811
4 25 120 0.12986 4.6034 -1.441 0.28105 3.4086 -1.0494 -0.68109 3.3902 -0.8462 -1.2748 2.0951 -0.046813 -1.837 1.1559 -1.1329 1.2401 3.455 -1.2624 1.714 1.9806 -0.74228 1.2199 1.5673 -2.1433 -0.7758 0.12762 0.073089 -0.96131 -1.5895 -1.1233 -1.3678 -3.2179 -0.46459 0.7758 -0.12762 -0.073088 0.50452 -2.1748 -0.4599 0.77319 -2.3417 1.3152
4 26 132 -0.0276 4.5918 -1.4902 0.16126 3.4013 -1.1024 -0.77614 3.3882 -0.80492 -1.324 2.0432 -0.056909 -1.9451 1.2386 -1.2164 1.0947 3.4421 -1.4097 1.6662 2.0479 -0.77859 1.1473 1.5138 -2.1288 -0.75496 0.13716 0.18633 -1.0933 -1.6314 -0.89622 -1.3026 -3.1791 0.0048938 0.75496 -0.13716 -0.18633 0.35734 -2.0767 -0.88953 0.77602 -2.2966 0.85036
4 48 216 0.012428 4.6852 -1.1591 0.16365 3.4461 -0.95872 -0.71536 3.4734 -0.51831 -1.5756 2.2613 0.15955 -1.7702 2.2409 -1.37 1.0397 3.4477 -1.4059 1.6689 2.073 -0.78705 1.1337 1.3623 -2.0465 -0.71132 0.15322 0.30667 -1.2754 -1.6938 -0.52073 -1.2634 -3.2328 0.41864 0.71132 -0.15322 -0.30667 0.15861 -2.0845 -0.92234 0.65353 -2.4167 0.7793
4 49 216 0.11704 4.6708 -1.2164 0.23307 3.4324 -0.99517 -0.70321 3.4699 -0.69628 -1.6824 2.2659 -0.18619 -1.6178 2.2549 -1.7268 1.1677 3.4236 -1.3015 1.783 2.1052 -0.55854 1.4295 1.376 -1.8704 -0.73016 0.1554 0.25733 -1.2231 -1.777 -0.40376 -1.1814 -3.2623 0.61752 0.73016 -0.1554 -0.25733 0.13958 -1.9491 -1.1783 0.40932 -2.5071 0.51486
5 29 96 -0.21112 4.7211 -1.0727 -0.06108 3.5099 -0.73468 -1.0304 3.3961 -0.856 -1.5934 1.8626 -0.83583 -2.2188 0.6393 -1.5359 0.9055 3.6523 -0.62151 1.3588 2.142 -0.1946 1.8861 0.75603 -0.61729 -0.78105 -0.020052 -0.11426 -0.63932 -1.977 -0.86561 -0.83176 -3.6107 -0.1274 0.78105 0.020053 0.11426 0.92429 -1.8528 -0.82703 0.60357 -3.3107 0.18428
5 61 168 -0.15111 4.7519 -0.90694 -0.0062439 3.5362 -0.58831 -0.97835 3.4556 -0.71423 -1.4842 1.9635 -0.28239 -2.2125 0.62314 -0.50769 0.96385 3.6459 -0.46898 1.4075 2.0944 -0.21478 1.8641 0.72904 -0.76708 -0.78108 -0.0079603 -0.11555 -0.62721 -1.8492 -1.1157 -0.92546 -3.6091 -0.86072 0.78108 0.0079603 0.11555 0.84849 -2.0857 -0.047148 0.61373 -3.0277 1.4722
5 64 180 -0.21068 4.7273 -1.0113 -0.049604 3.5254 -0.65269 -1.0113 3.4214 -0.83087 -1.5775 1.9085 -0.58729 -2.256 0.59035 -1.0113 0.90985 3.6582 -0.4819 1.3658 2.1174 -0.18748 1.8376 0.82733 -0.88799 -0.7772 -0.021123 -0.13786 -0.6478 -1.9462 -0.96957 -0.89652 -3.6525 -0.44294 0.7772 0.021123 0.13786 0.93962 -1.9807 -0.4792 0.51475 -3.0641 0.89792
6 1 228 -0.24929 4.7103 -1.0514 -0.10866 3.4704 -0.83693 -1.0794 3.3443 -0.93206 -1.407 1.8001 -0.51134 -1.8576 0.42141 -1.0346 0.85847 3.6256 -0.74778 1.5189 2.1452 -0.54478 2.2417 0.88014 -1.0495 -0.78839 -0.012639 -0.042259 -0.68298 -1.9976 -0.72281 -1.0405 -3.7244 -0.34682 0.78839 0.012639 0.042258 0.66182 -1.9926 -0.57214 0.94513 -3.6856 -0.02062
6 2 228 -0.16599 4.7097 -1.0757 -0.046946 3.47 -0.8491 -1.0088 3.3431 -1.0105 -1.3751 1.8008 -0.61552 -1.7693 0.424 -1.1871 0.91174 3.6259 -0.69419 1.5533 2.1509 -0.40878 2.3258 0.89194 -0.8514 -0.78367 -0.011961 -0.096028 -0.64821 -2.0096 -0.73286 -0.98036 -3.7348 -0.32788 0.78367 0.011961 0.096028 0.7326 -1.9937 -0.52773 0.96463 -3.6823 0.06008
6 4 240 -0.26318 4.714 -1.0387 -0.12509 3.4741 -0.82563 -1.0976 3.3416 -0.88852 -1.4694 1.7993 -0.49902 -1.9405 0.45226 -1.0832 0.84346 3.6355 -0.7689 1.4708 2.1512 -0.50069 2.1873 0.86698 -0.96451 -0.78852 -0.016288 -0.038402 -0.68594 -2.0315 -0.62389 -0.89556 -3.7495 -0.11843 0.78852 0.016289 0.038402 0.74579 -2.0114 -0.51033 0.88523 -3.6867 0.14133
6 5 240 -0.20444 4.7177 -1.0336 -0.084709 3.4757 -0.82219 -1.0527 3.3491 -0.94193 -1.4615 1.8051 -0.5989 -1.9368 0.48342 -1.2351 0.87982 3.6312 -0.70873 1.4637 2.135 -0.41014 2.1766 0.83068 -0.82021 -0.78399 -0.020075 -0.091976 -0.62721 -2.0392 -0.6514 -0.83515 -3.7483 -0.11592 0.78399 0.020075 0.091976 0.79525 -2.0202 -0.40934 0.79049 -3.6909 0.26878
