0 3 300 0.53822 4.8081 -0.25779 0.30989 3.5677 -0.17735 0.17296 3.4727 -1.1467 -0.21635 2.4949 -2.3961 0.051774 2.7822 -3.8872 0.45117 3.6919 0.78804 1.2751 2.58 1.6561 2.7928 2.423 1.8785 0.073819 -0.039397 -0.78517 1.0982 -1.8538 -0.51499 1.0913 -3.6307 -0.82087 -0.073818 0.039397 0.78517 -0.34073 -2.0407 0.65695 -1.2707 -3.5261 0.23348
0 4 288 0.59514 4.8022 -0.25056 0.34743 3.5659 -0.15075 0.24045 3.4677 -1.1235 -0.27019 2.5219 -2.3537 -0.12185 2.8389 -3.8554 0.45932 3.6931 0.81809 1.3106 2.5689 1.6428 2.8414 2.412 1.7405 0.1647 -0.042154 -0.7711 1.1596 -1.8364 -0.31826 1.2387 -3.6162 -0.59615 -0.1647 0.042153 0.7711 -0.43501 -2.0309 0.56164 -1.2933 -3.5013 -0.031603
0 5 276 0.63797 4.7961 -0.24815 0.37429 3.5641 -0.12799 0.30004 3.4598 -1.1032 -0.30904 2.5532 -2.318 -0.28226 2.901 -3.82 0.45388 3.6976 0.84321 1.3304 2.5585 1.6198 2.8659 2.4184 1.6095 0.258 -0.047015 -0.7448 1.1911 -1.8202 -0.11283 1.3324 -3.6019 -0.35081 -0.258 0.047015 0.7448 -0.52595 -2.0158 0.44935 -1.2664 -3.4745 -0.30873
0 6 264 0.6933 4.7888 -0.2023 0.40914 3.5613 -0.076989 0.37775 3.4635 -1.0552 -0.30715 2.5874 -2.2519 -0.39316 2.9631 -3.7449 0.44641 3.6881 0.89764 1.3507 2.5372 1.6233 2.8848 2.421 1.5202 0.35249 -0.047612 -0.70497 1.1861 -1.7985 0.10354 1.3773 -3.5814 -0.085666 -0.35249 0.047612 0.70497 -0.58422 -2.0086 0.34085 -1.1735 -3.4515 -0.56561
0 7 252 0.748 4.7798 -0.14556 0.44029 3.5579 -0.021314 0.46759 3.4632 -0.99991 -0.28186 2.6214 -2.1825 -0.44709 3.0146 -3.6643 0.41929 3.6815 0.9542 1.351 2.5226 1.6307 2.8798 2.4391 1.4481 0.44376 -0.050315 -0.65119 1.1415 -1.7775 0.32061 1.3666 -3.5613 0.18584 -0.44376 0.050314 0.65119 -0.62213 -2.0005 0.23108 -1.0307 -3.4268 -0.79352
0 8 240 0.79762 4.7706 -0.069521 0.46616 3.554 0.041075 0.56392 3.4615 -0.93322 -0.21479 2.6408 -2.1117 -0.43969 3.0351 -3.5854 0.37497 3.6754 1.0128 1.3343 2.5108 1.6391 2.8551 2.4587 1.3899 0.52551 -0.055267 -0.58675 1.0496 -1.7579 0.52711 1.2982 -3.5423 0.45495 -0.52551 0.055267 0.58675 -0.63854 -1.9902 0.12034 -0.84411 -3.4007 -0.98381
0 9 240 0.81996 4.7618 -0.14336 0.49143 3.5507 0.018005 0.46314 3.4648 -0.96137 -0.53804 2.6527 -1.9647 -1.0776 3.0302 -3.359 0.52596 3.6656 0.99421 1.6061 2.4949 1.3569 3.0171 2.4684 0.7357 0.47887 -0.059207 -0.62504 1.0383 -1.7405 0.50403 1.2921 -3.5245 0.44428 -0.47887 0.059207 0.62504 -0.61862 -1.981 0.14303 -0.8495 -3.3802 -0.97041
0 10 228 0.84532 4.7571 -0.036688 0.49561 3.5494 0.098323 0.56197 3.4719 -0.87991 -0.40333 2.664 -1.9212 -0.90839 3.0016 -3.3385 0.43577 3.6559 1.0743 1.5246 2.4832 1.4029 2.9037 2.4843 0.71306 0.56348 -0.0623 -0.54965 0.91034 -1.7269 0.68444 1.1688 -3.5113 0.70122 -0.56348 0.0623 0.54965 -0.61656 -1.9714 0.02467 -0.63682 -3.3658 -1.1182
0 11 216 0.84625 4.7522 0.10448 0.4755 3.5479 0.20309 0.65241 3.4789 -0.76196 -0.208 2.6587 -1.8825 -0.62451 2.9378 -3.3407 0.30541 3.6458 1.1669 1.4063 2.4795 1.4774 2.7513 2.5142 0.72411 0.64189 -0.058336 -0.45615 0.7708 -1.7182 0.82543 1.0077 -3.503 0.9223 -0.64189 0.058336 0.45614 -0.59371 -1.9725 -0.08022 -0.39576 -3.3547 -1.221
0 11 228 0.84947 4.7522 -0.073751 0.50733 3.5479 0.099788 0.47974 3.4789 -0.88095 -0.59484 2.6587 -1.7981 -1.3054 2.9378 -3.1378 0.54134 3.6458 1.0779 1.6827 2.4795 1.1528 2.8417 2.5142 0.13627 0.53303 -0.058336 -0.57963 0.92557 -1.7182 0.64713 1.1774 -3.503 0.69264 -0.53303 0.058336 0.57963 -0.59742 -1.9725 0.044973 -0.64097 -3.3547 -1.112
0 12 216 0.85011 4.7479 0.099872 0.48268 3.5455 0.22616 0.59317 3.4861 -0.74935 -0.33163 2.6451 -1.8011 -0.88951 2.8676 -3.2213 0.37911 3.6339 1.2002 1.5344 2.4813 1.2749 2.6583 2.5625 0.22228 0.6209 -0.051195 -0.48514 0.79647 -1.7155 0.78516 1.0179 -3.4998 0.91915 -0.6209 0.051195 0.48514 -0.57727 -1.9782 -0.05691 -0.39864 -3.3486 -1.215
0 12 228 0.8523 4.7479 -0.079057 0.51915 3.5455 0.12086 0.42441 3.4861 -0.8563 -0.69885 2.6451 -1.6928 -1.5398 2.8676 -2.9659 0.62037 3.6339 1.0952 1.7659 2.4813 0.928 2.6464 2.5625 -0.33526 0.50647 -0.051195 -0.60363 0.94231 -1.7155 0.60241 1.1868 -3.4998 0.68743 -0.50647 0.051195 0.60363 -0.57649 -1.9782 0.064355 -0.64255 -3.3486 -1.1056
0 13 216 0.84872 4.749 0.099814 0.4857 3.5459 0.23373 0.55713 3.496 -0.74595 -0.38265 2.6315 -1.7649 -0.99819 2.7994 -3.1687 0.42143 3.6247 1.212 1.5843 2.4846 1.0833 2.4702 2.634 -0.16991 0.60243 -0.046401 -0.50835 0.81785 -1.7182 0.74588 1.0251 -3.5007 0.92072 -0.60243 0.046401 0.50835 -0.55628 -1.9779 -0.052372 -0.3987 -3.3466 -1.2154
0 13 228 0.85093 4.749 -0.078826 0.52369 3.5459 0.12764 0.38986 3.496 -0.84548 -0.74124 2.6315 -1.6468 -1.6352 2.7994 -2.8919 0.66422 3.6247 1.0979 1.7749 2.4846 0.73021 2.3809 2.634 -0.67979 0.48358 -0.046401 -0.62249 0.95505 -1.7182 0.55954 1.1941 -3.5007 0.68747 -0.48358 0.046401 0.62249 -0.55501 -1.9779 0.06443 -0.64268 -3.3466 -1.1059
0 14 216 0.86369 4.7451 0.13612 0.49848 3.542 0.26519 0.5575 3.5022 -0.71577 -0.359 2.6093 -1.7314 -0.94855 2.7391 -3.1503 0.4469 3.6107 1.245 1.5864 2.472 0.97391 2.2815 2.6952 -0.38431 0.59028 -0.039922 -0.52295 0.83679 -1.7237 0.70931 1.041 -3.5023 0.92329 -0.59028 0.039922 0.52295 -0.53485 -1.9819 -0.045769 -0.39336 -3.3508 -1.2106
0 14 228 0.87312 4.7451 -0.04643 0.54272 3.542 0.15576 0.3965 3.5022 -0.81604 -0.71113 2.6093 -1.6189 -1.5828 2.7391 -2.8842 0.69598 3.6107 1.1249 1.7543 2.472 0.62278 2.1517 2.6952 -0.85026 0.46865 -0.039922 -0.63425 0.96597 -1.7237 0.51983 1.2102 -3.5023 0.68667 -0.46865 0.039922 0.63425 -0.53268 -1.9819 0.066433 -0.63647 -3.3508 -1.1024
0 15 228 0.87399 4.7463 0.0054413 0.53979 3.541 0.18973 0.4123 3.5078 -0.78495 -0.64934 2.5945 -1.6261 -1.4463 2.7051 -2.9415 0.67452 3.603 1.162 1.7087 2.4694 0.60152 1.9683 2.7527 -0.89181 0.47336 -0.032722 -0.63115 0.96901 -1.7313 0.50168 1.213 -3.508 0.68873 -0.47336 0.032722 0.63115 -0.5282 -1.9935 0.078108 -0.63607 -3.3568 -1.0969
0 16 228 0.86887 4.7499 0.055218 0.52491 3.5427 0.20974 0.44737 3.5134 -0.77031 -0.54659 2.584 -1.6743 -1.2197 2.6857 -3.0578 0.60993 3.6008 1.1879 1.6634 2.4746 0.64877 1.8794 2.786 -0.84591 0.48937 -0.032658 -0.61883 0.96999 -1.7371 0.51171 1.2121 -3.5147 0.69227 -0.48937 0.032658 0.61883 -0.53784 -1.9965 0.076159 -0.63494 -3.3644 -1.0945
0 17 228 0.84325 4.7532 0.12384 0.4942 3.544 0.25158 0.48576 3.5096 -0.73133 -0.40812 2.574 -1.7285 -0.91489 2.676 -3.1813 0.51 3.6073 1.233 1.6165 2.4895 0.79155 1.894 2.7971 -0.69373 0.51991 -0.027241 -0.59367 0.96874 -1.7439 0.53152 1.2085 -3.5228 0.70141 -0.51991 0.027241 0.59367 -0.55616 -2.0116 0.087524 -0.63158 -3.3774 -1.0871
0 17 240 0.85057 4.7532 -0.054189 0.53571 3.544 0.14333 0.32309 3.5096 -0.81634 -0.75858 2.574 -1.6059 -1.5563 2.676 -2.9215 0.75521 3.6073 1.1 1.7458 2.4895 0.43816 1.7084 2.7971 -1.0723 0.38512 -0.027241 -0.6888 1.0581 -1.7439 0.31849 1.3279 -3.5228 0.43482 -0.38512 0.027241 0.6888 -0.52581 -2.0116 0.20124 -0.8438 -3.3774 -0.93206
0 18 240 0.82164 4.7605 0.037192 0.49889 3.5469 0.19377 0.38564 3.5081 -0.78247 -0.59591 2.5718 -1.6927 -1.2072 2.6852 -3.1038 0.619 3.6147 1.1676 1.7061 2.5071 0.65762 1.8439 2.7874 -0.85239 0.43519 -0.022707 -0.65848 1.0601 -1.7482 0.36448 1.3229 -3.5295 0.45764 -0.43519 0.022707 0.65848 -0.55248 -2.0282 0.21747 -0.83752 -3.3943 -0.92414
0 19 240 0.77768 4.7674 0.15064 0.45355 3.5486 0.25871 0.46235 3.5092 -0.72401 -0.3771 2.5621 -1.757 -0.77036 2.6891 -3.2426 0.45159 3.617 1.2399 1.6245 2.5205 0.93861 2.0467 2.7515 -0.52629 0.49562 -0.01656 -0.61448 1.0554 -1.7526 0.42815 1.309 -3.5361 0.50382 -0.49562 0.01656 0.61448 -0.59142 -2.0492 0.24333 -0.83612 -3.4127 -0.91074
0 19 252 0.792 4.7674 -0.014344 0.49742 3.5486 0.15876 0.30171 3.5092 -0.80431 -0.73416 2.5621 -1.6402 -1.4277 2.6891 -3.0115 0.6995 3.617 1.1189 1.7841 2.5205 0.58036 1.8926 2.7515 -0.94033 0.35703 -0.01656 -0.7041 1.1214 -1.7526 0.19935 1.3852 -3.5361 0.22064 -0.35703 0.01656 0.7041 -0.52791 -2.0492 0.36098 -1.0072 -3.4127 -0.717
0 20 252 0.75833 4.7724 0.10261 0.45746 3.55 0.23389 0.38984 3.5151 -0.74671 -0.50335 2.5626 -1.7284 -0.96216 2.7005 -3.194 0.53155 3.614 1.2126 1.7177 2.5329 0.90732 2.1874 2.7034 -0.55145 0.43112 -0.010969 -0.66145 1.1271 -1.7648 0.26264 1.3778 -3.5503 0.24491 -0.43112 0.010969 0.66145 -0.56811 -2.0688 0.39686 -1.0024 -3.4325 -0.69983
0 21 252 0.70912 4.7776 0.22628 0.40558 3.5512 0.30455 0.48378 3.523 -0.67548 -0.2303 2.5706 -1.7943 -0.41181 2.7214 -3.3181 0.33385 3.6085 1.2838 1.5712 2.5424 1.2494 2.4293 2.6562 -0.026702 0.5047 -0.0042086 -0.60725 1.1283 -1.7775 0.33138 1.3712 -3.5632 0.2762 -0.5047 0.0042086 0.60725 -0.62258 -2.086 0.43022 -1.0044 -3.455 -0.67925
0 21 264 0.74067 4.7776 0.073901 0.46003 3.5512 0.21357 0.33276 3.523 -0.7613 -0.59832 2.5706 -1.7072 -1.0927 2.7214 -3.16 0.59347 3.6085 1.1863 1.7966 2.5424 0.89541 2.3706 2.6562 -0.53119 0.36742 -0.0042086 -0.69892 1.1725 -1.7775 0.089561 1.3986 -3.5632 -0.01491 -0.36742 0.0042086 0.69892 -0.51953 -2.086 0.55026 -1.1237 -3.455 -0.45558
0 22 264 0.70116 4.7831 0.18875 0.41531 3.5528 0.27368 0.44708 3.5281 -0.70904 -0.29409 2.573 -1.8078 -0.50261 2.7389 -3.3266 0.38976 3.6066 1.2554 1.6384 2.5532 1.2523 2.6203 2.6188 0.065148 0.44823 -0.0028431 -0.65006 1.1818 -1.7937 0.16792 1.3879 -3.5781 0.011808 -0.44823 0.0028429 0.65006 -0.57638 -2.093 0.57689 -1.1238 -3.4785 -0.43884
0 23 276 0.69778 4.7869 0.16158 0.42069 3.5542 0.24659 0.41299 3.5279 -0.73658 -0.35301 2.5808 -1.8251 -0.56467 2.7617 -3.3418 0.43451 3.6096 1.2285 1.6934 2.5695 1.2737 2.8025 2.5973 0.2028 0.39468 0.00053406 -0.6839 1.2121 -1.8119 -0.0046157 1.3533 -3.5922 -0.25225 -0.39468 -0.0005343 0.6839 -0.49587 -2.0989 0.71207 -1.1884 -3.5035 -0.18148
0 24 288 0.69941 4.7913 0.12115 0.43254 3.5559 0.20281 0.39534 3.5337 -0.77978 -0.39132 2.5973 -1.8629 -0.58357 2.79 -3.3807 0.47578 3.6074 1.1841 1.7443 2.5823 1.2783 2.984 2.5718 0.36137 0.34269 -0.0019205 -0.71138 1.2201 -1.8372 -0.18589 1.2695 -3.6106 -0.50777 -0.34269 0.0019205 0.71138 -0.3932 -2.0954 0.82588 -1.1998 -3.5279 0.085447
0 25 300 0.69626 4.7939 0.083187 0.43568 3.5573 0.16743 0.37198 3.5315 -0.81371 -0.40916 2.6028 -1.9074 -0.58795 2.7992 -3.4263 0.50523 3.6123 1.147 1.7802 2.6018 1.2961 3.1384 2.5546 0.56767 0.2844 0.00046086 -0.73662 1.1924 -1.8588 -0.3718 1.1376 -3.6233 -0.73841 -0.2844 -0.0004611 0.73662 -0.26533 -2.0931 0.92329 -1.1542 -3.5536 0.35078
0 26 312 0.68298 4.7974 0.01978 0.4279 3.5603 0.11385 0.32519 3.5279 -0.86378 -0.43713 2.6078 -1.9778 -0.57257 2.8002 -3.5017 0.53629 3.622 1.0895 1.8177 2.6313 1.302 3.2702 2.5496 0.79096 0.22189 -0.0027633 -0.7578 1.1299 -1.8863 -0.55276 0.96255 -3.6399 -0.93731 -0.22189 0.0027628 0.7578 -0.12394 -2.0836 0.98573 -1.0555 -3.5771 0.59546
0 27 312 0.65103 4.8016 0.10273 0.39311 3.5627 0.15685 0.4499 3.5296 -0.8245 -0.029563 2.6128 -2.0887 0.22121 2.7888 -3.6 0.34209 3.6249 1.1371 1.5356 2.6471 1.6739 3.0728 2.5342 1.7187 0.31009 -0.0029111 -0.72618 1.1579 -1.9106 -0.4891 0.958 -3.6518 -0.91222 -0.31009 0.0029106 0.72618 -0.18355 -2.0747 1.0123 -1.0598 -3.6001 0.6173
0 28 324 0.6381 4.8054 0.042152 0.39196 3.5647 0.10828 0.39996 3.5311 -0.87466 -0.03057 2.6078 -2.1517 0.31132 2.7677 -3.6468 0.38952 3.6274 1.0898 1.5544 2.6667 1.7133 3.0725 2.548 1.956 0.23556 -0.0046096 -0.75365 1.0664 -1.9319 -0.65594 0.74513 -3.659 -1.0619 -0.23556 0.0046096 0.75365 -0.022266 -2.0631 1.059 -0.90934 -3.6188 0.84933
0 29 336 0.62954 4.8075 -0.014516 0.39248 3.5656 0.06215 0.34516 3.5337 -0.91974 -0.029798 2.6006 -2.2072 0.43585 2.7319 -3.6713 0.44517 3.6268 1.0424 1.5728 2.6955 1.7702 3.0577 2.5792 2.1695 0.15359 -0.0054746 -0.77452 0.94172 -1.9529 -0.80371 0.50743 -3.6661 -1.1602 -0.15359 0.0054746 0.77452 0.1572 -2.0499 1.0796 -0.70905 -3.631 1.0512
0 38 60 0.53392 4.8187 -0.035783 0.31139 3.5727 -0.035325 0.28277 3.5538 -1.0183 1.012 2.4149 -1.9348 2.5389 2.284 -2.1053 0.34447 3.6212 0.94647 0.21131 2.8648 2.3883 0.6784 3.0196 3.8496 -0.30972 0.031559 -0.72565 -0.22079 -2.0581 -0.92537 -0.95449 -3.6441 -0.4813 0.30972 -0.031559 0.72565 1.1469 -1.9382 0.44594 1.1065 -3.6637 0.96718
0 39 72 0.53563 4.8166 -0.010349 0.30823 3.5725 -0.027032 0.24889 3.5589 -1.0087 1.0013 2.3956 -1.8743 2.5377 2.2715 -1.9166 0.37186 3.6156 0.95351 0.16249 2.8218 2.3658 0.53865 2.98 3.8528 -0.3805 0.04159 -0.69064 -0.36923 -2.0558 -0.81399 -1.0429 -3.628 -0.24377 0.3805 -0.041591 0.69064 1.2106 -1.919 0.24291 1.2848 -3.6552 0.72363
0 105 12 0.33875 4.8283 -0.17868 0.30993 3.569 -0.15416 0.15408 3.4944 -1.1224 1.2922 2.3731 -1.4628 2.8132 2.4471 -1.2205 0.46879 3.6731 0.81088 1.7575 2.6799 0.95724 3.033 2.4757 0.11518 -0.14677 -0.0089393 -0.77581 0.34793 -2.0483 -0.87929 -0.24492 -3.7506 -0.83818 0.14677 0.0089388 0.77581 0.6221 -2.0371 0.82201 0.064458 -3.726 1.1179
0 106 0 0.38219 4.8273 -0.11884 0.343 3.5681 -0.0989 0.38909 3.4909 -1.0783 1.392 2.204 -1.1605 2.8463 2.0464 -0.67303 0.30062 3.6748 0.87793 1.3705 2.515 1.3008 2.7934 2.151 0.83116 0.021725 -0.012396 -0.78922 0.52304 -2.0527 -0.78525 -0.080103 -3.7495 -0.87592 -0.021725 0.012396 0.78922 0.42037 -2.0367 0.9314 -0.18536 -3.7266 1.099
0 106 12 0.34913 4.8273 -0.1957 0.31494 3.5681 -0.16805 0.15639 3.4909 -1.1357 1.1203 2.204 -1.4245 2.6442 2.0464 -1.2501 0.47658 3.6748 0.79624 1.611 2.515 0.98738 2.9052 2.151 0.23221 -0.14284 -0.012396 -0.77649 0.34835 -2.0527 -0.87684 -0.26047 -3.7495 -0.84012 0.14284 0.012396 0.77649 0.60483 -2.0367 0.82365 0.047173 -3.7266 1.1135
1 6 180 1.5432 4.5801 -0.075674 1.2385 3.353 -0.10912 1.2022 3.3443 -1.092 0.62779 2.2507 -2.161 0.66079 1.9673 -3.6763 1.2814 3.3908 0.87276 0.82523 2.3478 2.0444 1.1434 2.1426 3.5391 -0.062893 -0.011558 -0.78703 1.1132 -1.7524 -0.76348 0.19516 -3.3029 -0.82821 0.062893 0.011558 0.78703 1.1459 -1.7858 0.89168 0.04779 -3.2153 0.92838
1 7 180 1.3385 4.6386 -0.086854 1.0727 3.4036 -0.11303 1.0516 3.3878 -1.0962 0.45575 2.47 -2.3093 0.43426 2.485 -3.851 1.0984 3.4489 0.86914 0.62352 2.5505 2.1483 0.91113 2.6083 3.6621 -0.060414 -0.015726 -0.78715 0.84615 -1.908 -0.89622 0.11768 -3.5561 -0.95764 0.060415 0.015726 0.78715 0.9438 -1.8787 0.99946 0.052158 -3.4456 1.0262
1 8 180 1.1941 4.672 -0.10578 0.96376 3.4308 -0.12877 0.94503 3.4113 -1.1119 0.33821 2.6735 -2.4371 0.26098 2.935 -3.9548 0.98576 3.48 0.85331 0.48297 2.7236 2.2112 0.71773 2.9853 3.7126 -0.065508 -0.018736 -0.78667 0.65659 -1.9796 -1.0052 0.12764 -3.6938 -1.1862 0.065508 0.018736 0.78667 0.78799 -1.9325 1.0785 0.046933 -3.5689 1.2327
1 9 180 1.1125 4.6876 -0.10091 0.89896 3.444 -0.12126 0.87115 3.4251 -1.1042 0.25012 2.903 -2.5221 0.11391 3.3834 -3.981 0.92935 3.4925 0.86062 0.38401 2.9011 2.2825 0.57151 3.3318 3.7512 -0.067784 -0.015308 -0.78656 0.56481 -2.0005 -1.0571 0.094081 -3.7057 -1.4058 0.067784 0.015309 0.78656 0.67343 -1.9609 1.1636 -0.044793 -3.5913 1.4407
1 10 180 1.0508 4.7002 -0.071822 0.84468 3.4564 -0.087584 0.81253 3.4391 -1.0705 0.15003 3.1369 -2.5328 -0.023069 3.8191 -3.9048 0.87879 3.5035 0.89424 0.28503 3.0708 2.3534 0.45478 3.6407 3.7761 -0.06333 -0.0076876 -0.78704 0.48111 -2.0058 -1.1412 0.032898 -3.6825 -1.6298 0.063331 0.0076876 0.78704 0.58276 -1.9664 1.2845 -0.16333 -3.565 1.6569
1 11 180 0.98134 4.7184 -0.036682 0.77504 3.4757 -0.056117 0.74862 3.4582 -1.0392 0.044983 3.3674 -2.5107 -0.16814 4.2156 -3.7806 0.80314 3.523 0.92589 0.18387 3.2235 2.4076 0.34528 3.8982 3.7847 -0.061807 -0.00038433 -0.7872 0.36982 -2.0061 -1.2402 -0.059199 -3.6492 -1.8459 0.061807 0.00038433 0.7872 0.5356 -1.9478 1.4152 -0.24378 -3.5022 1.8919
1 12 180 0.89845 4.7346 -0.019808 0.70329 3.4911 -0.039893 0.68197 3.4742 -1.0231 -0.031944 3.5627 -2.4898 -0.28865 4.5406 -3.6541 0.72575 3.5378 0.94229 0.12139 3.3389 2.4469 0.25766 4.0937 3.7846 -0.06503 0.0038862 -0.78693 0.26498 -1.9904 -1.36 -0.19169 -3.6013 -2.0288 0.065029 -0.0038857 0.78693 0.50773 -1.9202 1.5258 -0.2847 -3.4288 2.115
1 13 180 0.80073 4.7503 -0.02103 0.62213 3.5053 -0.037393 0.59979 3.49 -1.0206 -0.095597 3.7213 -2.4806 -0.38494 4.7959 -3.5479 0.64492 3.5505 0.94485 0.074553 3.4249 2.4705 0.1883 4.2425 3.7729 -0.065788 0.0021982 -0.78687 0.19393 -1.9763 -1.4444 -0.33201 -3.5629 -2.1205 0.065788 -0.0021982 0.78687 0.45738 -1.9114 1.5716 -0.31984 -3.3776 2.2768
1 14 180 0.70586 4.7625 -0.014793 0.55062 3.515 -0.031386 0.52625 3.4989 -1.0145 -0.1275 3.8463 -2.4708 -0.44972 4.9887 -3.455 0.57474 3.5608 0.9508 0.027784 3.4926 2.4886 0.17361 4.363 3.753 -0.068234 0.0029078 -0.78666 0.19031 -1.9637 -1.4793 -0.41757 -3.5436 -2.1002 0.068234 -0.0029073 0.78666 0.42588 -1.9137 1.5837 -0.34272 -3.3524 2.352
1 20 180 0.68928 4.7851 0.16857 0.5139 3.5387 0.093409 0.47299 3.5651 -0.88893 0.14072 3.7278 -2.4801 0.06492 4.8529 -3.5317 0.55608 3.5421 1.076 0.37326 3.1237 2.6446 0.67676 3.7809 4.0061 -0.082662 0.025454 -0.78487 0.80671 -1.7494 -1.4729 -0.25315 -3.1782 -1.7663 0.082662 -0.025454 0.78487 0.75101 -1.8482 1.5881 -0.39061 -3.1411 2.1135
1 21 180 0.65857 4.7897 0.23702 0.49301 3.5422 0.14856 0.45917 3.5754 -0.83384 0.16984 3.6035 -2.4414 0.086878 4.5548 -3.6521 0.52818 3.5388 1.1315 0.39079 3.0017 2.6682 0.70957 3.4597 4.1056 -0.078029 0.042914 -0.78458 0.73814 -1.7826 -1.4294 -0.25225 -3.2514 -1.7652 0.078029 -0.042914 0.78458 0.69423 -1.9055 1.5366 -0.39042 -3.2254 2.1128
1 22 180 0.64047 4.7925 0.21071 0.48713 3.5434 0.11169 0.44874 3.5844 -0.87025 0.17812 3.5113 -2.4797 0.078814 4.3168 -3.7908 0.52683 3.5323 1.0944 0.40717 2.9232 2.6055 0.706 3.2475 4.0831 -0.095092 0.032543 -0.7832 0.6516 -1.8257 -1.4186 -0.26512 -3.3349 -1.7831 0.095093 -0.032543 0.7832 0.61528 -1.9462 1.4771 -0.40139 -3.3027 2.0914
1 23 180 0.67597 4.7841 0.19708 0.53032 3.5348 0.089924 0.48561 3.5798 -0.89158 0.20138 3.4409 -2.4943 0.088131 4.1714 -3.8475 0.57621 3.5196 1.0723 0.44013 2.8892 2.5732 0.72484 3.1804 4.0604 -0.094208 0.028409 -0.78346 0.58492 -1.8553 -1.4196 -0.27254 -3.3942 -1.8039 0.094207 -0.028409 0.78346 0.55593 -1.9726 1.4326 -0.40015 -3.3611 2.072
1 24 180 0.76189 4.7668 0.18515 0.61989 3.5167 0.076319 0.58139 3.5582 -0.90559 0.27308 3.3909 -2.5011 0.14808 4.1103 -3.8592 0.65983 3.5049 1.059 0.49201 2.8913 2.5637 0.78603 3.2203 4.0411 -0.092007 0.028842 -0.78371 0.57727 -1.8556 -1.4282 -0.2512 -3.4071 -1.8248 0.092007 -0.028842 0.78371 0.56119 -1.9753 1.4205 -0.37844 -3.3737 2.0628
1 25 180 0.8666 4.7492 0.15597 0.71803 3.4987 0.049937 0.68319 3.5332 -0.93239 0.34412 3.3741 -2.5225 0.22264 4.1162 -3.8687 0.75518 3.4939 1.0328 0.5449 2.9262 2.5501 0.87229 3.3326 4.0011 -0.098549 0.025141 -0.78304 0.63448 -1.8276 -1.4495 -0.20498 -3.3742 -1.8425 0.098548 -0.025141 0.78304 0.63729 -1.9465 1.4408 -0.3296 -3.3401 2.0522
1 26 180 0.9724 4.7337 0.12114 0.80233 3.4856 0.015425 0.77122 3.5171 -0.96712 0.40177 3.4149 -2.5551 0.28093 4.1857 -3.8851 0.83692 3.4836 0.99836 0.5978 2.9972 2.5394 0.95544 3.492 3.9554 -0.10231 0.017431 -0.78277 0.75177 -1.7704 -1.4816 -0.13153 -3.2944 -1.8665 0.10231 -0.017431 0.78277 0.77145 -1.8828 1.4805 -0.247 -3.2613 2.0404
1 29 180 1.0591 4.723 0.094599 0.86197 3.477 0.0052635 0.82316 3.5047 -0.97713 0.46062 3.2867 -2.555 0.45875 3.9784 -3.9331 0.90571 3.4787 0.98783 0.66315 2.9165 2.5024 1.1459 3.4099 3.8812 -0.10132 0.019869 -0.78284 0.70049 -1.7982 -1.4656 -0.11157 -3.3454 -1.9101 0.10132 -0.019869 0.78284 0.75508 -1.8871 1.4902 -0.19969 -3.3118 2.0465
1 30 180 1.0171 4.7276 0.087241 0.84063 3.4778 0.0067889 0.79522 3.5006 -0.97544 0.46564 3.0126 -2.4993 0.56998 3.47 -3.9681 0.89 3.4845 0.98907 0.65232 2.6909 2.3971 1.1952 2.9379 3.819 -0.093833 0.018315 -0.78381 0.48163 -1.9221 -1.3475 -0.22626 -3.5071 -1.8351 0.093833 -0.018315 0.78381 0.55857 -1.9892 1.344 -0.26395 -3.4572 1.9916
1 31 180 1.1012 4.7039 0.10965 0.91453 3.4551 0.033712 0.86166 3.4778 -0.94815 0.51042 2.7202 -2.3523 0.72661 2.8468 -3.8737 0.97149 3.462 1.0156 0.69377 2.4695 2.2831 1.2952 2.3572 3.6985 -0.083437 0.026104 -0.78476 0.40645 -1.9708 -1.217 -0.23989 -3.5966 -1.6525 0.083437 -0.026104 0.78476 0.50225 -2.0451 1.1878 -0.25315 -3.5379 1.8601
1 32 180 1.2365 4.6708 0.12899 1.0238 3.4259 0.051048 0.96807 3.4613 -0.93028 0.56768 2.459 -2.1566 0.8619 2.2151 -3.6504 1.085 3.4198 1.0327 0.74128 2.2658 2.1367 1.3496 1.7836 3.469 -0.087973 0.034796 -0.78393 0.49131 -1.9584 -1.1091 -0.14214 -3.6289 -1.3525 0.087973 -0.034796 0.78393 0.64272 -2.0421 1.0617 -0.18235 -3.5649 1.5631
1 33 180 1.3758 4.633 0.13542 1.1302 3.3957 0.048242 1.0838 3.4379 -0.9333 0.64048 2.2415 -1.9535 0.98129 1.6371 -3.3306 1.1837 3.3824 1.0302 0.78995 2.0927 1.9525 1.3695 1.2928 3.1365 -0.092894 0.039126 -0.78316 0.57781 -1.9433 -0.96869 -0.074681 -3.6239 -0.99828 0.092894 -0.039126 0.78316 0.80738 -2.0099 0.92431 -0.1298 -3.5296 1.1754
1 34 180 1.4856 4.6012 0.12371 1.2056 3.3731 0.020589 1.1789 3.4174 -0.9616 0.69902 2.0687 -1.7486 1.0454 1.1538 -2.9406 1.2402 3.3574 1.0034 0.8164 1.9589 1.7337 1.3365 0.909 2.7361 -0.093319 0.033298 -0.78338 0.62578 -1.9403 -0.82842 -0.070146 -3.6002 -0.72234 0.093319 -0.033298 0.78338 0.89103 -1.977 0.77605 -0.10789 -3.4762 0.84895
1 35 180 1.5854 4.5705 0.095166 1.2694 3.3519 -0.0084814 1.2496 3.3891 -0.99112 0.75472 1.9356 -1.5491 1.0754 0.78342 -2.5223 1.2983 3.343 0.9746 0.85111 1.8665 1.5118 1.3038 0.64539 2.3374 -0.090769 0.027174 -0.78391 0.65854 -1.9344 -0.71325 -0.11312 -3.5584 -0.57848 0.09077 -0.027174 0.78391 0.94962 -1.9383 0.62811 -0.067779 -3.4266 0.65514
1 42 180 1.395 4.6387 0.0044485 1.1056 3.4091 -0.046813 1.0735 3.4105 -1.0298 0.63199 1.916 -1.52 0.97413 0.83295 -2.5629 1.1455 3.4366 0.93554 0.87103 1.9334 1.5135 1.6368 0.96304 2.4352 -0.063765 0.0043054 -0.78703 0.87392 -1.8747 -0.72047 -0.053815 -3.4147 -0.58399 0.063765 -0.0043058 0.78703 1.0296 -1.8702 0.77897 -0.028954 -3.3251 0.66215
1 43 180 1.2199 4.6858 -0.0086964 0.97491 3.4454 -0.052251 0.94094 3.4469 -1.0352 0.53946 2.0194 -1.7208 0.8637 1.1728 -2.9681 1.0151 3.4731 0.93008 0.81405 2.0378 1.6839 1.5992 1.3121 2.7951 -0.057115 -0.0020561 -0.78755 0.67395 -1.9713 -0.83179 -0.078011 -3.6086 -0.76377 0.057115 0.0020561 0.78755 0.83771 -1.9452 0.90212 -0.039166 -3.5193 0.8374
2 105 0 1.8346 4.4883 0.091595 1.3999 3.3055 0.034374 1.3867 3.2936 -0.94901 0.39269 2.0766 -1.396 0.047499 0.75382 -2.1092 1.4252 3.3446 1.0168 0.51575 2.0431 1.4012 0.2294 0.55857 1.7041 -0.010827 0.016369 -0.78937 0.89993 -1.877 -0.78885 0.20518 -3.5369 -0.90241 0.010827 -0.016369 0.78937 0.83841 -1.9474 0.81387 -0.046247 -3.5176 0.86587
2 106 0 1.7003 4.5401 0.090438 1.3062 3.3423 0.034556 1.2876 3.3338 -0.94878 0.29504 2.1186 -1.4037 -0.03398 0.81308 -2.1554 1.3359 3.3785 1.017 0.45659 2.0535 1.3911 0.19811 0.56314 1.6904 -0.012405 0.014305 -0.78939 0.82376 -1.9131 -0.80058 0.14992 -3.5815 -0.91661 0.012405 -0.014305 0.78939 0.7458 -1.9831 0.80762 -0.10608 -3.5712 0.86427
3 51 84 0.075052 4.8275 0.070799 0.22008 3.5754 0.013246 0.38952 3.574 -0.95559 -0.43741 2.3129 -1.5839 -0.44741 0.82369 -1.9835 0.049369 3.6066 0.98136 0.79298 2.3293 1.6773 2.1276 3.0902 1.8094 0.27085 -0.020697 -0.74143 2.0057 -1.0089 -0.086997 0.26917 -1.3128 -0.4654 -0.27085 0.020697 0.74143 -0.73972 -1.984 0.32236 -1.1405 -3.6989 -0.064226
3 52 84 0.073019 4.8268 0.069293 0.22122 3.5754 0.0065988 0.38307 3.5783 -0.96353 -0.47922 2.3563 -1.6206 -0.5325 0.87472 -2.0446 0.058062 3.6023 0.97615 0.91235 2.4246 1.7191 2.1934 3.2753 1.8327 0.274 -0.025131 -0.74013 1.993 -0.96682 0.016586 0.40362 -1.7389 -0.34223 -0.274 0.025131 0.74013 -0.78556 -1.9661 0.30713 -1.2217 -3.6696 -0.091306
3 53 84 0.078183 4.8258 0.065135 0.22568 3.575 -0.0066302 0.38979 3.5832 -0.97635 -0.49198 2.384 -1.6494 -0.57389 0.90424 -2.0752 0.060309 3.5966 0.96267 0.97026 2.4616 1.706 2.225 3.3503 1.822 0.26773 -0.030184 -0.74223 1.9095 -1.085 0.036441 0.56593 -2.2629 -0.20498 -0.26773 0.030185 0.74223 -0.82718 -1.9457 0.29824 -1.3047 -3.6358 -0.10958
4 3 0 1.234 4.6605 -0.37357 0.89516 3.4583 -0.16377 0.82575 3.306 -1.133 0.65363 1.7051 -1.4089 2.108 1.1939 -1.4422 0.97242 3.6388 0.79997 0.30685 2.285 1.4268 1.0072 0.9804 1.8571 -0.095125 0.023639 -0.78351 0.2696 -2.0382 -0.61012 -0.49945 -3.6539 -0.38891 0.095125 -0.023639 0.78351 1.1299 -1.8374 0.55148 0.096413 -3.3146 0.578
4 4 0 1.2801 4.6506 -0.35799 0.9343 3.449 -0.15735 0.86996 3.3011 -1.1276 0.70256 1.7009 -1.4108 2.1887 1.2903 -1.3859 1.0071 3.6249 0.80759 0.28279 2.3024 1.436 1.0379 1.0192 1.8373 -0.098008 0.025833 -0.78309 0.11795 -2.0559 -0.59862 -0.69251 -3.6498 -0.36749 0.098008 -0.025833 0.78309 1.2172 -1.7845 0.521 0.41932 -3.4009 0.48315
4 5 0 1.3177 4.6449 -0.31584 0.96985 3.4413 -0.13323 0.91834 3.3043 -1.1058 0.74411 1.7071 -1.4017 2.2512 1.3926 -1.316 1.0303 3.6063 0.83449 0.24609 2.3155 1.4572 1.0858 1.0787 1.8351 -0.097833 0.031029 -0.78292 -0.053608 -2.0601 -0.58436 -0.89341 -3.637 -0.34146 0.097833 -0.031029 0.78292 1.2832 -1.7434 0.50506 0.72665 -3.4536 0.3775
4 6 0 1.3492 4.6411 -0.26184 0.99314 3.437 -0.10123 0.95218 3.3141 -1.0762 0.76159 1.7227 -1.3922 2.2782 1.4867 -1.2442 1.0434 3.5878 0.86938 0.20906 2.3165 1.4663 1.1687 1.1662 1.832 -0.092651 0.036264 -0.78333 -0.23285 -2.0496 -0.57407 -1.1046 -3.6075 -0.32086 0.092651 -0.036264 0.78333 1.3098 -1.725 0.49871 0.97028 -3.4805 0.26625
4 33 60 1.2699 4.6343 0.65147 0.93317 3.4193 0.53291 0.96777 3.5432 -0.44219 0.69699 2.1215 -1.2 2.1963 1.7661 -1.2592 0.90693 3.3239 1.5115 -0.16809 2.1175 1.7515 1.2297 1.4863 1.9111 -0.062695 0.14592 -0.77348 -0.66798 -1.8535 -0.99748 -2.0386 -3.025 -0.9858 0.062695 -0.14593 0.77348 1.1222 -1.8898 0.27283 0.88857 -3.5061 -0.49127
4 34 60 1.2235 4.6321 0.75958 0.89419 3.4186 0.60951 0.94526 3.5614 -0.36227 0.69418 2.1472 -1.1405 2.1788 1.7311 -1.1603 0.85134 3.3041 1.5854 -0.15244 2.0221 1.7186 1.2717 1.4667 1.921 -0.031906 0.1526 -0.77408 -0.47311 -1.875 -1.1036 -2.0278 -2.788 -1.1228 0.031906 -0.1526 0.77408 1.083 -1.9144 0.32068 0.68945 -3.4824 -0.47763
4 35 60 1.243 4.6302 0.7494 0.9119 3.4216 0.56635 0.98941 3.5757 -0.40196 0.71726 2.1742 -1.1961 2.1685 1.653 -1.2005 0.84276 3.2958 1.5394 -0.0069004 1.9019 1.6014 1.4635 1.4796 1.7943 -0.0050407 0.12164 -0.78018 -0.16119 -1.9267 -1.221 -1.8471 -2.5616 -1.2953 0.0050408 -0.12164 0.78018 1.0872 -1.8596 0.30827 0.46331 -3.3591 -0.47473
4 41 84 1.3393 4.6438 0.38105 1.0115 3.421 0.35477 0.76554 3.526 -0.59172 -0.36966 2.4175 -0.98083 0.98889 1.7964 -1.3633 1.2661 3.3446 1.3017 0.97121 1.7656 1.5993 2.3919 1.7546 0.99993 -0.071372 0.11311 -0.77821 1.2041 -1.5513 -0.90995 0.76565 -3.2411 -1.3608 0.071372 -0.11311 0.77821 0.13457 -2.1323 0.20098 -1.2047 -3.2907 -0.13863
4 42 84 1.2182 4.671 0.42172 0.91884 3.4406 0.40807 0.68936 3.5222 -0.54484 -0.43685 2.4047 -0.93419 0.94313 1.8234 -1.3022 1.156 3.3878 1.3611 0.81708 1.8216 1.6786 2.2439 1.6934 1.1081 -0.015256 0.11367 -0.78125 1.0953 -1.6662 -0.89497 1.223 -3.4133 -1.3217 0.015256 -0.11367 0.78125 -0.11314 -2.1505 0.28221 -1.4541 -3.2922 -0.10415
4 43 84 1.0753 4.7038 0.44056 0.81074 3.4656 0.42902 0.6303 3.5296 -0.53571 -0.4521 2.3885 -0.97741 0.97916 1.8953 -1.2705 0.99827 3.4305 1.3939 0.62897 1.8755 1.7321 2.0636 1.6452 1.2158 0.058847 0.099849 -0.78107 1.0678 -1.7404 -0.87979 1.4349 -3.4665 -1.2496 -0.058847 -0.099849 0.78107 -0.26383 -2.1369 0.30912 -1.6583 -3.2104 -0.083455
4 43 96 1.1434 4.7038 0.20737 0.88222 3.4656 0.25108 0.50514 3.5296 -0.65505 -0.64544 2.3885 -0.86206 0.6936 1.8953 -1.4463 1.2663 3.4305 1.1559 0.97535 1.8755 1.5635 2.2713 1.6452 0.76022 -0.10483 0.099849 -0.77623 0.86158 -1.7404 -1.0826 1.1437 -3.4665 -1.5206 0.10483 -0.099849 0.77623 -0.1938 -2.1369 0.35722 -1.6394 -3.2104 0.26314
4 44 96 1.0351 4.7251 0.24798 0.80377 3.4808 0.28478 0.50416 3.5347 -0.65047 -0.58689 2.3704 -1.0006 0.83895 1.9917 -1.4493 1.1098 3.4559 1.2192 0.78918 1.9124 1.6477 2.1205 1.6026 0.9341 -0.045377 0.09007 -0.78315 0.92717 -1.7559 -1.0298 1.0568 -3.4963 -1.4826 0.045377 -0.09007 0.78315 -0.20285 -2.1349 0.36916 -1.7627 -3.0352 0.28475
4 45 96 0.95884 4.7307 0.33945 0.74474 3.4831 0.37182 0.5318 3.5232 -0.58756 -0.44807 2.3478 -1.1593 1.0576 2.0999 -1.3811 0.96362 3.4723 1.3306 0.57732 1.9448 1.7623 1.9569 1.5651 1.1877 0.011832 0.10154 -0.78297 0.99061 -1.7491 -0.96061 0.83109 -3.4847 -1.4222 -0.011832 -0.10154 0.78297 -0.11723 -2.1628 0.39012 -1.7958 -2.8127 0.2851
4 46 96 0.95132 4.7114 0.48617 0.73943 3.4638 0.50455 0.63524 3.5074 -0.47249 -0.15063 2.3227 -1.2774 1.3854 2.2027 -1.2143 0.84982 3.4493 1.4818 0.34624 1.9457 1.8748 1.7688 1.4735 1.513 0.051997 0.13529 -0.7762 1.0652 -1.7028 -0.87224 0.65109 -3.3913 -1.35 -0.051997 -0.13529 0.7762 0.11038 -2.2007 0.42713 -1.6396 -2.6112 0.28588
4 46 108 1.0316 4.7114 0.27776 0.82817 3.4638 0.33979 0.52312 3.5074 -0.59424 -0.41292 2.3227 -1.2181 1.1026 2.2027 -1.4758 1.1393 3.4493 1.2727 0.72847 1.9457 1.7619 2.0447 1.4735 1.1122 -0.11052 0.13529 -0.77005 0.86056 -1.7028 -1.0746 0.35618 -3.3913 -1.4559 0.11052 -0.13529 0.77005 0.19678 -2.2007 0.39485 -1.5443 -2.6112 0.62053
4 47 108 1.0688 4.6955 0.32209 0.85092 3.4523 0.40345 0.61301 3.4837 -0.55037 -0.062954 2.2842 -1.4296 1.4784 2.2461 -1.4084 1.0957 3.45 1.3561 0.48342 2.005 1.8099 1.8495 1.3962 1.4346 -0.098721 0.15112 -0.76871 0.92713 -1.6612 -1.0468 0.19351 -3.2744 -1.3789 0.098721 -0.15112 0.76871 0.51929 -2.1757 0.39671 -1.2578 -2.4518 0.52562
4 48 108 1.0985 4.6852 0.37 0.86123 3.4461 0.4519 0.714 3.4734 -0.52018 0.33515 2.2613 -1.5478 1.8499 2.2409 -1.2602 1.0158 3.4477 1.4232 0.23282 2.073 1.8304 1.596 1.3623 1.7107 -0.071854 0.15322 -0.77127 0.88935 -1.6938 -1.052 -0.007726 -3.2328 -1.331 0.071854 -0.15322 0.77127 0.82819 -2.0845 0.43586 -0.94311 -2.4167 0.38073
4 48 120 1.1515 4.6852 0.13352 0.93636 3.4461 0.26297 0.59024 3.4734 -0.65726 0.0060188 2.2613 -1.5837 1.5475 2.2409 -1.6173 1.2895 3.4477 1.1809 0.60829 2.073 1.742 1.9168 1.3623 1.3414 -0.23064 0.15322 -0.73948 0.65118 -1.6938 -1.2139 -0.28428 -3.2328 -1.3003 0.23064 -0.15322 0.73948 0.90071 -2.0845 0.25415 -0.84334 -2.4167 0.56849
4 49 120 1.1975 4.6708 0.24355 0.96536 3.4324 0.33581 0.76597 3.4699 -0.62658 0.36104 2.2659 -1.6538 1.8864 2.2549 -1.4285 1.1723 3.4236 1.2973 0.36911 2.1052 1.8316 1.7107 1.376 1.6171 -0.1796 0.1554 -0.75306 0.5294 -1.777 -1.1742 -0.49065 -3.2623 -1.2394 0.1796 -0.1554 0.75306 1.1572 -1.9491 0.26198 -0.55482 -2.5071 0.35326
4 50 120 1.2267 4.6521 0.40484 0.98247 3.4132 0.44622 0.93155 3.4577 -0.535 0.60716 2.2592 -1.5967 2.0928 2.2281 -1.1849 1.0411 3.3975 1.4279 0.14839 2.1158 1.9065 1.5155 1.4054 1.8431 -0.10444 0.16052 -0.76604 0.29767 -1.874 -1.1025 -0.72995 -3.3515 -1.2117 0.10444 -0.16052 0.76604 1.3012 -1.8302 0.32522 -0.25225 -2.7312 0.16419
4 51 120 1.184 4.6471 0.59233 0.94288 3.4067 0.57104 1.0236 3.4704 -0.40711 0.71408 2.263 -1.4631 2.1646 2.1598 -0.95019 0.86953 3.3719 1.5512 -0.10519 2.1204 1.9418 1.2716 1.4312 2.0253 -0.017615 0.16118 -0.77279 0.029985 -1.9208 -1.0509 -0.97826 -3.4064 -1.216 0.017615 -0.16118 0.77279 1.2996 -1.7853 0.40784 0.051557 -3.0238 0.008524
4 52 120 1.1328 4.6439 0.73458 0.89745 3.4041 0.66172 1.069 3.4895 -0.30298 0.75082 2.265 -1.3366 2.1741 2.0537 -0.78223 0.73291 3.3475 1.6298 -0.31634 2.1247 1.8992 1.0513 1.4466 2.117 0.045375 0.15908 -0.7721 -0.16009 -1.9108 -1.0685 -1.1753 -3.3857 -1.2803 -0.045375 -0.15908 0.7721 1.2117 -1.8114 0.44964 0.33746 -3.2905 -0.096994
4 52 132 1.2607 4.6439 0.48301 1.0154 3.4041 0.46067 0.9826 3.4895 -0.51861 0.45653 2.265 -1.4635 1.964 2.0537 -1.2172 1.0557 3.3475 1.4418 0.085436 2.1247 1.9234 1.4685 1.4466 1.8521 -0.11614 0.15908 -0.76466 -0.37875 -1.9108 -1.0119 -1.4158 -3.3857 -1.008 0.11614 -0.15908 0.76466 1.2787 -1.8114 0.18789 0.30992 -3.2905 -0.16504
4 53 132 1.2232 4.64 0.62653 0.97274 3.4022 0.55706 1.0033 3.5058 -0.42054 0.48013 2.2623 -1.3418 1.9659 1.9368 -1.0884 0.94949 3.3273 1.5375 -0.0831 2.1163 1.9062 1.3073 1.4504 1.936 -0.070574 0.16501 -0.76895 -0.48726 -1.8774 -1.0319 -1.5622 -3.3233 -1.102 0.070575 -0.16501 0.76895 1.1671 -1.8713 0.22074 0.49173 -3.4714 -0.26318
4 54 132 1.159 4.639 0.76056 0.91508 3.4028 0.64714 0.99632 3.5259 -0.32528 0.49042 2.2585 -1.2234 1.9543 1.8346 -0.98891 0.84077 3.3084 1.6233 -0.20822 2.0856 1.8936 1.1941 1.451 1.9846 -0.023213 0.1708 -0.77058 -0.44592 -1.8646 -1.0754 -1.6505 -3.1996 -1.2075 0.023213 -0.1708 0.77058 1.0669 -1.919 0.25192 0.50496 -3.5373 -0.31024
4 55 132 1.1145 4.6351 0.86861 0.87309 3.4029 0.71429 0.9914 3.547 -0.25141 0.51116 2.2533 -1.1258 1.9537 1.7516 -0.91391 0.76173 3.2873 1.6847 -0.26993 2.0352 1.8757 1.1549 1.458 1.9953 0.023312 0.17043 -0.77065 -0.27823 -1.8765 -1.136 -1.6669 -3.0138 -1.3062 -0.023312 -0.17043 0.77065 0.97497 -1.9534 0.28216 0.33426 -3.515 -0.35177
4 55 144 1.2708 4.6351 0.61791 1.0025 3.4029 0.51716 0.91746 3.547 -0.45204 0.26593 2.2533 -1.2074 1.721 1.7516 -1.3001 1.0953 3.2873 1.4895 0.12596 2.0352 1.8909 1.5446 1.458 1.7116 -0.13743 0.17043 -0.75866 -0.50835 -1.8765 -1.0534 -1.9021 -3.0138 -0.93113 0.13743 -0.17043 0.75866 1.0123 -1.9534 0.073283 0.25382 -3.515 -0.41358
4 56 132 1.1262 4.6274 0.93101 0.86191 3.4063 0.73427 1.0094 3.5682 -0.22458 0.54949 2.2505 -1.0737 1.9727 1.6902 -0.87827 0.72219 3.2726 1.6986 -0.26259 1.9762 1.8338 1.1982 1.4968 1.9519 0.062808 0.15592 -0.77152 -0.0090057 -1.903 -1.1838 -1.5525 -2.8027 -1.4265 -0.062808 -0.15592 0.77152 0.91991 -1.9402 0.25699 0.12634 -3.4322 -0.37166
4 56 144 1.2952 4.6274 0.67651 0.99574 3.4063 0.53903 0.94066 3.5682 -0.42954 0.31424 2.2505 -1.1645 1.747 1.6902 -1.2692 1.0596 3.2726 1.5114 0.12441 1.9762 1.8483 1.5778 1.4968 1.6601 -0.098973 0.15592 -0.76772 -0.25494 -1.903 -1.1561 -1.8152 -2.8027 -1.0726 0.098973 -0.15592 0.76772 0.95323 -1.9402 0.06011 0.046308 -3.4322 -0.3898
4 57 144 1.4249 4.5912 0.68483 1.0641 3.3923 0.50391 1.0356 3.5652 -0.46391 0.41046 2.2385 -1.1835 1.8204 1.6199 -1.268 1.1028 3.2472 1.4759 0.24634 1.8857 1.7614 1.7334 1.547 1.5345 -0.078565 0.13166 -0.77459 0.12734 -1.9107 -1.2224 -1.5432 -2.5892 -1.2238 0.078565 -0.13166 0.77459 0.9455 -1.9018 0.047162 -0.12626 -3.2905 -0.36987
4 72 180 1.42 4.6147 0.36499 1.0767 3.3964 0.36128 1.1659 3.393 -0.61821 0.68845 2.01 -1.345 2.1886 1.8808 -1.0126 0.99686 3.4281 1.3411 -0.041512 2.2322 1.7415 1.3672 1.6053 1.7236 -0.011604 0.11207 -0.78154 -0.18219 -1.9819 -0.79822 -1.3234 -3.3773 -0.75916 0.011604 -0.11207 0.78154 1.2851 -1.7525 0.46297 0.37879 -3.2951 0.23962
4 73 180 1.319 4.6422 0.44848 0.99217 3.42 0.39787 1.1371 3.4381 -0.57477 0.72745 2.0442 -1.3218 2.197 1.9161 -0.87288 0.85593 3.4305 1.3719 -0.22607 2.248 1.6877 1.1668 1.5939 1.787 0.014826 0.10462 -0.78252 -0.37998 -1.9579 -0.85068 -1.5155 -3.3583 -0.86111 -0.014826 -0.10462 0.78252 1.1719 -1.8014 0.42649 0.80426 -3.5448 0.15006
4 74 180 1.2331 4.6589 0.52456 0.92876 3.4333 0.43306 1.1047 3.4737 -0.53377 0.77414 2.0684 -1.2983 2.2086 1.9533 -0.74447 0.76087 3.4215 1.4021 -0.34464 2.2458 1.656 1.0391 1.5861 1.822 0.023317 0.10504 -0.78225 -0.50597 -1.925 -0.89658 -1.6911 -3.2813 -0.97956 -0.023317 -0.10504 0.78225 1.08 -1.8544 0.41245 1.0395 -3.6278 0.08947
5 16 348 0.9138 4.763 -0.13666 0.64178 3.5284 -0.06057 0.50911 3.5245 -1.0351 -0.15554 2.0559 -1.2998 0.00073554 0.68154 -1.9813 0.7814 3.5612 0.91246 1.0255 1.9817 1.2509 2.1604 0.94255 1.1525 -0.019738 -0.027461 -0.78889 1.2597 -1.6935 -0.74687 1.614 -3.4402 -1.0195 0.019738 0.027461 0.78889 0.02194 -2.0663 0.61488 -1.0425 -3.5099 0.43075
5 17 348 0.91201 4.7634 -0.1415 0.63549 3.53 -0.06307 0.53376 3.5145 -1.0412 -0.13436 2.0494 -1.3163 -0.016779 0.6678 -1.9909 0.74423 3.5743 0.91344 0.94217 1.9913 1.2653 2.0452 0.91481 1.2197 0.00031125 -0.029342 -0.78907 1.273 -1.6995 -0.71746 1.6389 -3.4474 -0.96651 -0.00031128 0.029342 0.78907 -0.080915 -2.0633 0.61946 -1.1819 -3.4791 0.4349
6 37 168 0.84439 4.7706 -0.14429 0.64321 3.5245 -0.054445 0.53348 3.4527 -1.0292 0.034585 1.9284 -1.3398 0.60098 0.6214 -1.9302 0.75864 3.6254 0.91708 1.1796 2.1325 1.4298 2.4248 1.2386 1.5971 -0.0028446 -0.0093427 -0.78956 1.1214 -1.7832 -0.72898 1.1855 -3.583 -0.81688 0.0028447 0.0093431 0.78956 0.22601 -2.0709 0.59717 -0.57749 -3.6719 0.39176
6 38 168 0.83013 4.7739 -0.13325 0.62902 3.5273 -0.052513 0.53532 3.4545 -1.0289 0.016384 1.9363 -1.3359 0.51634 0.59688 -1.9136 0.72841 3.6292 0.92068 1.1575 2.1375 1.4302 2.4192 1.2659 1.5922 0.017631 -0.013171 -0.78931 1.1296 -1.794 -0.70878 1.5084 -3.5555 -0.7764 -0.017631 0.013171 0.78931 0.079523 -2.0774 0.60411 -0.73441 -3.6709 0.3826
6 39 168 0.82047 4.7764 -0.11903 0.61826 3.5296 -0.048904 0.54504 3.4556 -1.0269 0.0075438 1.9436 -1.3331 0.43262 0.57304 -1.8975 0.69717 3.6327 0.92604 1.1161 2.1382 1.4356 2.3775 1.267 1.6013 0.038321 -0.015753 -0.78853 1.1251 -1.8119 -0.70402 1.7271 -3.5113 -0.72921 -0.038321 0.015752 0.78853 -0.04963 -2.0769 0.60172 -0.88884 -3.6562 0.37284
6 40 168 0.80896 4.7791 -0.10807 0.60745 3.532 -0.044964 0.55818 3.4565 -1.0244 0.0068399 1.95 -1.3331 0.35453 0.55444 -1.8891 0.66249 3.6366 0.93146 1.0541 2.1346 1.4409 2.2967 1.24 1.6237 0.054326 -0.016871 -0.78757 1.1251 -1.8224 -0.7 1.8178 -3.4871 -0.6921 -0.054325 0.016871 0.78757 -0.16567 -2.0723 0.59448 -1.0397 -3.6327 0.36586
6 41 168 0.79356 4.7816 -0.10775 0.59376 3.5344 -0.044195 0.55506 3.4533 -1.0236 -0.0033767 1.9508 -1.3385 0.27535 0.53896 -1.8924 0.63816 3.6446 0.93215 0.98053 2.1315 1.4442 2.1833 1.1888 1.6504 0.064695 -0.017474 -0.78677 1.1221 -1.8304 -0.68864 1.8056 -3.4986 -0.6643 -0.064695 0.017474 0.78677 -0.26979 -2.0641 0.58872 -1.1889 -3.5986 0.36208
