0 92 264 -0.24802 4.7848 0.37229 -0.12258 3.5555 0.20814 0.85931 3.5848 0.25723 2.382 3.3443 -0.28333 3.1183 4.5739 -0.85221 -1.1048 3.556 0.15752 -2.673 3.3356 -0.24389 -3.5106 4.6191 -0.41359 0.78752 0.01861 0.054443 0.73319 -2.0433 0.45442 0.77654 -3.7414 -0.15018 -0.78752 -0.01861 -0.054444 -0.98818 -2.0836 0.27685 -1.1759 -3.7082 -0.48232
0 92 276 -0.16519 4.7848 0.41572 -0.076625 3.5555 0.22907 0.89401 3.5848 0.072949 2.2711 3.3443 -0.77239 2.8729 4.5739 -1.4819 -1.0479 3.556 0.38378 -2.6652 3.3356 0.31718 -3.5199 4.6191 0.32534 0.78163 0.01861 -0.11048 0.81165 -2.0433 0.29205 0.72835 -3.7414 -0.30835 -0.78163 -0.01861 0.11048 -0.90902 -2.0836 0.47625 -1.2505 -3.7082 -0.2273
0 92 288 -0.075152 4.7848 0.44098 -0.027324 3.5555 0.24 0.88964 3.5848 -0.11452 2.0609 3.3443 -1.2277 2.502 4.5739 -2.0468 -0.94524 3.556 0.59327 -2.5411 3.3356 0.86439 -3.3753 4.6191 1.0501 0.74158 0.01861 -0.27058 0.85463 -2.0433 0.11692 0.64833 -3.7414 -0.45304 -0.74158 -0.01861 0.27058 -0.79014 -2.0836 0.65484 -1.2704 -3.7082 0.037667
0 93 252 -0.30547 4.7941 0.26107 -0.13745 3.565 0.1337 0.80792 3.6044 0.40217 2.4372 3.7232 0.39541 2.9384 5.1654 0.17907 -1.0831 3.5553 -0.13639 -2.622 3.6664 -0.67332 -3.1912 5.0988 -0.71587 0.75922 0.015961 0.2164 0.62301 -2.0447 0.60308 0.79348 -3.7453 0.028946 -0.75922 -0.015962 -0.2164 -1.0201 -2.0812 0.068228 -1.0481 -3.7119 -0.70045
0 93 264 -0.24452 4.7941 0.31887 -0.10665 3.565 0.15936 0.87388 3.6044 0.22541 2.4662 3.7232 -0.11995 2.9114 5.1654 -0.43576 -1.0878 3.5553 0.091785 -2.7047 3.6664 -0.11346 -3.2703 5.0988 -0.036741 0.78762 0.015961 0.053817 0.73478 -2.0447 0.46037 0.78216 -3.7453 -0.13666 -0.78762 -0.015962 -0.053817 -0.98364 -2.0812 0.27883 -1.1708 -3.7119 -0.46724
0 93 276 -0.17287 4.7941 0.36274 -0.071186 3.565 0.17805 0.90165 3.6044 0.038791 2.3873 3.7232 -0.63008 2.7572 5.1654 -1.0315 -1.045 3.5553 0.31595 -2.6692 3.6664 0.45135 -3.2065 5.0988 0.64399 0.7816 0.015961 -0.11111 0.81444 -2.0447 0.29754 0.73665 -3.7453 -0.29629 -0.7816 -0.015962 0.11111 -0.90417 -2.0812 0.47725 -1.2424 -3.7119 -0.2136
0 93 288 -0.093678 4.7941 0.39076 -0.032612 3.565 0.18896 0.89001 3.6044 -0.14952 2.2042 3.7232 -1.1127 2.4824 5.1654 -1.5823 -0.95644 3.5553 0.52631 -2.517 3.6664 0.99645 -3.0025 5.0988 1.2966 0.74142 0.015961 -0.27119 0.8585 -2.0447 0.12171 0.65895 -3.7453 -0.44298 -0.74142 -0.015962 0.27119 -0.78519 -2.0812 0.65481 -1.2596 -3.7119 0.049372
0 93 300 -0.010388 4.7941 0.4017 0.0073875 3.565 0.19161 0.83948 3.6044 -0.3313 1.9247 3.7232 -1.5466 2.0992 5.1654 -2.0638 -0.82612 3.5553 0.71366 -2.2548 3.6664 1.498 -2.6673 5.0988 1.8925 0.66883 0.015961 -0.41941 0.86505 -2.0447 -0.059444 0.55245 -3.7453 -0.5703 -0.66883 -0.015962 0.41941 -0.63189 -2.0812 0.80375 -1.2218 -3.7119 0.31019
0 94 252 -0.27469 4.8044 0.23064 -0.1077 3.572 0.10415 0.83643 3.6063 0.37765 2.3914 4.0482 0.61294 2.5618 5.5803 0.57642 -1.0521 3.5675 -0.17041 -2.6202 3.9309 -0.44932 -2.9919 5.4085 -0.21255 0.76131 0.013351 0.20912 0.62452 -2.0444 0.61067 0.79724 -3.7466 0.041761 -0.76131 -0.013351 -0.20912 -1.0224 -2.0785 0.075738 -1.0459 -3.715 -0.68076
0 94 264 -0.22073 4.8044 0.28271 -0.083696 3.572 0.12427 0.89667 3.6063 0.19549 2.4666 4.0482 0.10234 2.6257 5.5803 0.031186 -1.0646 3.5675 0.052068 -2.6564 3.9309 0.10527 -2.9707 5.4085 0.41415 0.78815 0.013351 0.046261 0.73784 -2.0444 0.46748 0.7885 -3.7466 -0.12491 -0.78815 -0.013351 -0.046261 -0.98434 -2.0785 0.28666 -1.1646 -3.715 -0.44843
0 94 276 -0.15713 4.8044 0.32242 -0.056031 3.572 0.13895 0.91772 3.6063 0.0047922 2.434 4.0482 -0.41273 2.5748 5.5803 -0.51541 -1.0305 3.5675 0.27227 -2.5764 3.9309 0.65526 -2.8197 5.4085 1.0227 0.78054 0.013351 -0.11861 0.81891 -2.0444 0.30386 0.7453 -3.7466 -0.28611 -0.78054 -0.013351 0.11862 -0.90323 -2.0785 0.48505 -1.2324 -3.715 -0.1965
0 94 288 -0.086659 4.8044 0.34805 -0.025917 3.572 0.14756 0.89866 3.6063 -0.18612 2.295 4.0482 -0.90976 2.4114 5.5803 -1.0395 -0.95136 3.5675 0.48057 -2.3839 3.9309 1.1766 -2.5454 5.4085 1.5866 0.73883 0.013351 -0.27831 0.86419 -2.0444 0.12696 0.66952 -3.7466 -0.43482 -0.73883 -0.013351 0.27831 -0.78264 -2.0785 0.66224 -1.2463 -3.715 0.064015
0 94 300 -0.012402 4.8044 0.35846 0.0053302 3.572 0.14973 0.84033 3.6063 -0.36889 2.0557 4.0482 -1.367 2.1426 5.5803 -1.5181 -0.83066 3.5675 0.66787 -2.0872 3.9309 1.6465 -2.1599 5.4085 2.0812 0.66482 0.013351 -0.42584 0.8717 -2.0444 -0.055488 0.56449 -3.7466 -0.56452 -0.66482 -0.013351 0.42584 -0.62785 -2.0785 0.81049 -1.2057 -3.715 0.32173
0 95 252 -0.22662 4.8169 0.19968 -0.080489 3.5752 0.096755 0.86372 3.5982 0.37116 2.2551 4.2965 0.8662 2.1215 5.8252 1.017 -1.0247 3.582 -0.17841 -2.5637 4.1301 -0.18316 -2.7482 5.5803 0.30735 0.76328 0.010769 0.20194 0.62814 -2.0434 0.62198 0.80076 -3.7487 0.062484 -0.76328 -0.01077 -0.20194 -1.0221 -2.0753 0.089848 -1.0417 -3.7164 -0.65658
0 95 264 -0.18015 4.8169 0.24243 -0.058614 3.5752 0.11138 0.92202 3.5982 0.18347 2.386 4.2965 0.37841 2.2865 5.8252 0.55368 -1.0394 3.582 0.038538 -2.5457 4.1301 0.35386 -2.6243 5.5803 0.87202 0.78859 0.010769 0.038833 0.74373 -2.0434 0.47779 0.79625 -3.7487 -0.10537 -0.78859 -0.01077 -0.038833 -0.9811 -2.0753 0.30039 -1.1554 -3.7164 -0.42566
0 95 276 -0.12581 4.8169 0.27459 -0.034177 3.5752 0.12113 0.94001 3.5982 -0.012235 2.4125 4.2965 -0.12593 2.3517 5.8252 0.066183 -1.0087 3.582 0.25381 -2.4165 4.1301 0.87542 -2.3856 5.5803 1.3986 0.77943 0.010769 -0.12597 0.82681 -2.0434 0.31272 0.75694 -3.7487 -0.26862 -0.77943 -0.01077 0.12597 -0.8972 -2.0753 0.49781 -1.2187 -3.7164 -0.17613
0 95 288 -0.065967 4.8169 0.29475 -0.0082463 3.5752 0.12559 0.91693 3.5982 -0.20741 2.3336 4.2965 -0.62477 2.3141 5.8252 -0.42421 -0.9339 3.582 0.45798 -2.1817 4.1301 1.3587 -2.0427 5.5803 1.864 0.73621 0.010769 -0.28527 0.87376 -2.0434 0.13398 0.68455 -3.7487 -0.42012 -0.73621 -0.01077 0.28527 -0.7741 -2.0753 0.67347 -1.2286 -3.7164 0.081092
0 95 300 -0.0032444 4.8169 0.30202 0.018045 3.5752 0.12456 0.85377 3.5982 -0.39352 2.1527 4.2965 -1.0963 2.1753 5.8252 -0.89606 -0.81827 3.582 0.64214 -1.8515 4.1301 1.7826 -1.6105 5.5803 2.248 0.66081 0.010769 -0.43211 0.88253 -2.0434 -0.050613 0.58225 -3.7487 -0.55327 -0.66081 -0.01077 0.43211 -0.61716 -2.0753 0.8197 -1.1849 -3.7164 0.33477
0 96 252 -0.17421 4.8279 0.16963 -0.065014 3.5755 0.10227 0.8787 3.583 0.37925 2.044 4.4369 1.1419 1.6541 5.8913 1.4745 -1.0083 3.5979 -0.17536 -2.4817 4.2401 0.11694 -2.5095 5.601 0.84132 0.76426 0.010407 0.19824 0.62788 -2.0406 0.63311 0.80302 -3.751 0.090041 -0.76426 -0.010407 -0.19824 -1.0212 -2.0732 0.10677 -1.0396 -3.719 -0.62951
0 96 264 -0.13513 4.8279 0.20214 -0.042329 3.5755 0.11355 0.93835 3.583 0.18827 2.2367 4.4369 0.69194 1.9246 5.8913 1.0984 -1.0227 3.5979 0.038111 -2.4031 4.2401 0.63036 -2.2797 5.601 1.3447 0.78877 0.010407 0.035014 0.74579 -2.0406 0.48873 0.80419 -3.751 -0.078883 -0.78877 -0.010407 -0.035014 -0.97666 -2.0732 0.31675 -1.1478 -3.719 -0.39961
0 96 276 -0.090153 4.8279 0.22582 -0.017795 3.5755 0.11987 0.95699 3.583 -0.010934 2.3317 4.4369 0.21178 2.1109 5.8913 0.67423 -0.99245 3.5979 0.24991 -2.2196 4.2401 1.1162 -1.9503 5.601 1.7893 0.77882 0.010407 -0.12975 0.8311 -2.0406 0.32299 0.77022 -3.751 -0.24436 -0.77882 -0.010407 0.12975 -0.88946 -2.0732 0.51289 -1.2058 -3.719 -0.15224
0 96 288 -0.041233 4.8279 0.23963 0.0075172 3.5755 0.12095 0.9338 3.583 -0.20966 2.3248 4.4369 -0.27764 2.2049 5.8913 0.22062 -0.9188 3.5979 0.4508 -1.939 4.2401 1.5533 -1.5357 5.601 2.1557 0.73482 0.010407 -0.28884 0.8801 -2.0406 0.14314 0.70258 -3.751 -0.39916 -0.73482 -0.010407 0.28884 -0.76339 -2.0732 0.68661 -1.2111 -3.719 0.10179
0 97 264 -0.088801 4.834 0.16685 -0.026249 3.5752 0.11438 0.95442 3.566 0.18893 2.0507 4.4478 1.0192 1.5778 5.7892 1.6147 -1.0061 3.6141 0.038968 -2.2315 4.2658 0.90061 -1.9337 5.4861 1.7949 0.78867 0.0091467 0.037644 0.74705 -2.0395 0.50212 0.81443 -3.7526 -0.056061 -0.78867 -0.0091467 -0.037644 -0.97321 -2.0706 0.32388 -1.1425 -3.7235 -0.37627
0 97 276 -0.052171 4.834 0.18166 -0.0018958 3.5752 0.11733 0.97285 3.566 -0.013631 2.2178 4.4478 0.57051 1.879 5.7892 1.2514 -0.97604 3.6141 0.2473 -1.9955 4.2658 1.3449 -1.5182 5.4861 2.1577 0.77926 0.0091467 -0.12715 0.83512 -2.0395 0.33583 0.78497 -3.7526 -0.22416 -0.77926 -0.0091467 0.12715 -0.88461 -2.0706 0.51914 -1.1958 -3.7235 -0.1305
0 98 264 -0.047164 4.839 0.13526 -0.0078286 3.576 0.11473 0.97184 3.5582 0.20009 1.8423 4.35 1.3333 1.251 5.5639 2.078 -0.98645 3.6235 0.028678 -2.043 4.2146 1.1255 -1.5966 5.2522 2.1752 0.78835 0.0064335 0.04422 0.74779 -2.0407 0.51527 0.82553 -3.7559 -0.035201 -0.78835 -0.006433 -0.044221 -0.97089 -2.0662 0.32771 -1.1344 -3.727 -0.35481
0 98 276 -0.018011 4.839 0.14211 0.016196 3.576 0.11385 0.99221 3.5582 -0.0063358 2.0792 4.35 0.92117 1.6557 5.5639 1.7724 -0.95893 3.6235 0.23315 -1.7643 4.2146 1.5257 -1.1095 5.2522 2.4596 0.78032 0.0064335 -0.12065 0.83858 -2.0407 0.34854 0.80017 -3.7559 -0.20607 -0.78032 -0.006433 0.12065 -0.88154 -2.0662 0.52241 -1.1834 -3.727 -0.1112
0 99 264 -0.012677 4.8428 0.12146 0.010238 3.5784 0.12123 0.98769 3.5479 0.22619 1.6313 4.1457 1.6036 0.94885 5.2284 2.4636 -0.96585 3.6385 0.016397 -1.8739 4.0849 1.299 -1.3121 4.9344 2.4567 0.7877 0.0030518 0.054978 0.74226 -2.0429 0.53079 0.83464 -3.7581 -0.01734 -0.7877 -0.0030513 -0.054979 -0.96906 -2.0608 0.3285 -1.1253 -3.7298 -0.33544
1 8 84 -0.019615 4.672 1.1986 0.02732 3.4308 0.97194 1.0071 3.4113 1.0561 2.3884 2.6735 0.5911 3.9058 2.935 0.67294 -0.95167 3.48 0.89117 -2.2496 2.7236 0.24919 -3.7672 2.9853 0.32573 0.78921 -0.018736 0.01708 0.93106 -1.9796 0.75806 1.1664 -3.6938 0.25093 -0.78921 0.018736 -0.01708 -1.155 -1.9325 0.67093 -1.2308 -3.5689 -0.082172
1 9 84 -0.015931 4.6876 1.117 0.026625 3.444 0.90671 1.0071 3.4251 0.9818 2.4822 2.903 0.51238 3.9473 3.3834 0.52941 -0.95305 3.4925 0.8343 -2.3101 2.9011 0.14333 -3.7903 3.3318 0.17628 0.78933 -0.015308 0.014804 0.99224 -2.0005 0.67221 1.3883 -3.7057 0.24051 -0.78933 0.015309 -0.014804 -1.2276 -1.9609 0.54812 -1.4282 -3.5913 -0.19514
1 9 96 0.21665 4.6876 1.0959 0.21456 3.444 0.88136 1.1892 3.4251 0.75095 2.5345 2.903 -0.014886 3.9711 3.3834 -0.30285 -0.75876 3.4925 1.0142 -2.2298 2.9011 0.62049 -3.6709 3.3318 0.96048 0.77516 -0.015308 -0.14963 1.1103 -2.0005 0.45122 1.4079 -3.7057 -0.05338 -0.77516 0.015309 0.14963 -1.0868 -1.9609 0.79137 -1.4375 -3.5913 0.10605
1 10 72 -0.2564 4.7002 1.0215 -0.17772 3.4564 0.8304 0.76698 3.4391 1.1035 2.3625 3.1369 0.92537 3.7208 3.8191 1.1847 -1.122 3.5035 0.55944 -2.3263 3.0708 -0.45614 -3.7318 3.6407 -0.73435 0.76809 -0.0076876 0.18298 0.93667 -2.0058 0.81021 1.5399 -3.6825 0.53492 -0.76809 0.0076876 -0.18298 -1.4018 -1.9664 0.1573 -1.5253 -3.565 -0.66733
1 10 84 -0.038408 4.7002 1.0525 -0.0011883 3.4564 0.8492 0.97966 3.4391 0.91997 2.5033 3.1369 0.41396 3.8858 3.8191 0.38522 -0.9812 3.5035 0.7805 -2.3703 3.0708 0.03748 -3.8029 3.6407 0.057578 0.78935 -0.0076876 0.019285 1.0847 -2.0058 0.59776 1.6174 -3.6825 0.20308 -0.78935 0.0076876 -0.019284 -1.3384 -1.9664 0.4453 -1.6307 -3.565 -0.33562
1 10 96 0.18126 4.7002 1.0375 0.1754 3.4564 0.83089 1.1495 3.4391 0.69618 2.5346 3.1369 -0.11555 3.881 3.8191 -0.43111 -0.79749 3.5035 0.96745 -2.3107 3.0708 0.52947 -3.7078 3.6407 0.84699 0.77611 -0.0076876 -0.14525 1.1852 -2.0058 0.35919 1.6243 -3.6825 -0.13764 -0.77611 0.0076876 0.14525 -1.2166 -1.9664 0.71384 -1.6649 -3.565 0.010755
1 11 72 -0.26836 4.7184 0.94465 -0.18613 3.4757 0.75444 0.75696 3.4582 1.0331 2.3739 3.3674 0.81862 3.6475 4.2156 1.0084 -1.1288 3.523 0.47771 -2.3466 3.2235 -0.56913 -3.7062 3.8982 -0.84117 0.76777 -0.00038433 0.18447 1.0652 -2.0061 0.73496 1.7739 -3.6492 0.51413 -0.76777 0.00038433 -0.18448 -1.5114 -1.9478 0.072066 -1.724 -3.5022 -0.81647
1 11 84 -0.066097 4.7184 0.9798 -0.025204 3.4757 0.77666 0.95521 3.4582 0.85314 2.4922 3.3674 0.30717 3.7775 4.2156 0.22796 -1.0048 3.523 0.70196 -2.4137 3.2235 -0.068803 -3.8001 3.8982 -0.052227 0.78934 -0.00038433 0.020816 1.1948 -2.0061 0.49743 1.842 -3.6492 0.13408 -0.78934 0.00038433 -0.020816 -1.4634 -1.9478 0.38474 -1.856 -3.5022 -0.4402
1 11 96 0.13906 4.7184 0.97213 0.13682 3.4757 0.76492 1.1117 3.4582 0.6359 2.5016 3.3674 -0.2177 3.7423 4.2156 -0.5624 -0.83687 3.523 0.89552 -2.3752 3.2235 0.43453 -3.7279 3.8982 0.739 0.77642 -0.00038433 -0.14375 1.2721 -2.0061 0.23815 1.8296 -3.6492 -0.25183 -0.77642 0.00038433 0.14375 -1.3515 -1.9478 0.6806 -1.907 -3.5022 -0.044687
1 11 108 0.33814 4.7184 0.92198 0.29287 3.4757 0.71976 1.2196 3.4582 0.39087 2.4017 3.3674 -0.73306 3.5436 4.2156 -1.3282 -0.63239 3.523 1.0499 -2.233 3.2235 0.91887 -3.4928 3.8982 1.4979 0.72957 -0.00038433 -0.30204 1.2938 -2.0061 -0.031531 1.7373 -3.6492 -0.62673 -0.72957 0.00038433 0.30204 -1.1804 -1.9478 0.94671 -1.8746 -3.5022 0.35278
1 12 72 -0.2588 4.7346 0.8606 -0.17939 3.4911 0.68119 0.76225 3.4742 0.96474 2.3778 3.5627 0.739 3.5644 4.5406 0.85465 -1.1204 3.5378 0.39904 -2.3647 3.3389 -0.64069 -3.679 4.0937 -0.92445 0.76851 0.0038862 0.18133 1.2115 -1.9904 0.67227 1.9887 -3.6013 0.44461 -0.76851 -0.0038857 -0.18133 -1.608 -1.9202 0.011374 -1.9235 -3.4288 -0.92434
1 12 84 -0.074214 4.7346 0.8956 -0.033839 3.4911 0.7036 0.94617 3.4742 0.78517 2.4795 3.5627 0.22848 3.6642 4.5406 0.094887 -1.013 3.5378 0.62328 -2.4462 3.3389 -0.13505 -3.7908 4.0937 -0.13935 0.78941 0.0038862 0.017583 1.3248 -1.9904 0.40568 2.0377 -3.6013 0.02142 -0.78941 -0.0038857 -0.017583 -1.5705 -1.9202 0.34546 -2.0737 -3.4288 -0.50422
1 12 96 0.11361 4.7346 0.89146 0.11319 3.4911 0.69526 1.0887 3.4742 0.5713 2.4728 3.5627 -0.29202 3.6039 4.5406 -0.66902 -0.86127 3.5378 0.82027 -2.4208 3.3389 0.3765 -3.7369 4.0937 0.65185 0.77582 0.0038862 -0.14693 1.3802 -1.9904 0.12137 1.9976 -3.6013 -0.40271 -0.77582 -0.0038857 0.14693 -1.4644 -1.9202 0.66444 -2.1332 -3.4288 -0.062061
1 12 108 0.29647 4.7346 0.84835 0.25527 3.4911 0.65654 1.1837 3.4742 0.33245 2.358 3.5627 -0.79976 3.386 4.5406 -1.4037 -0.6719 3.5378 0.98141 -2.2897 3.3389 0.87159 -3.5197 4.0937 1.4146 0.72832 0.0038862 -0.30502 1.3753 -1.9904 -0.16825 1.8702 -3.6013 -0.80924 -0.72832 -0.0038857 0.30502 -1.2942 -1.9202 0.95439 -2.0995 -3.4288 0.38281
1 13 60 -0.38215 4.7503 0.70397 -0.27868 3.5053 0.55748 0.58394 3.49 1.0297 2.196 3.7213 1.1575 3.2651 4.7959 1.4406 -1.1407 3.5505 0.086093 -2.1768 3.4249 -1.1707 -3.3616 4.2425 -1.7234 0.71434 0.0021982 0.33646 1.1539 -1.9763 0.89016 2.0025 -3.5629 0.77274 -0.71434 -0.0021982 -0.33646 -1.5897 -1.9114 -0.38967 -1.8118 -3.3776 -1.4154
1 13 72 -0.22744 4.7503 0.76804 -0.15669 3.5053 0.60324 0.78527 3.49 0.88581 2.3887 3.7213 0.67563 3.4932 4.7959 0.73027 -1.0979 3.5505 0.32138 -2.3726 3.4249 -0.69253 -3.6464 4.2425 -0.98681 0.76869 0.0021982 0.18059 1.3138 -1.9763 0.63079 2.1194 -3.5629 0.33952 -0.76869 -0.0021982 -0.18059 -1.636 -1.9114 -0.050641 -2.0665 -3.3776 -1.0078
1 13 84 -0.062785 4.7503 0.79855 -0.027843 3.5053 0.62263 0.95228 3.49 0.70318 2.477 3.7213 0.16422 3.5687 4.7959 -0.01197 -1.0071 3.5505 0.54263 -2.4648 3.4249 -0.1841 -3.7719 4.2425 -0.20711 0.78944 0.0021982 0.016823 1.4162 -1.9763 0.34385 2.1436 -3.5629 -0.10854 -0.78944 -0.0021982 -0.016823 -1.6108 -1.9114 0.2906 -2.2309 -3.3776 -0.55608
1 13 96 0.10461 4.7503 0.79415 0.10222 3.5053 0.61481 1.0777 3.49 0.48983 2.457 3.7213 -0.35437 3.4882 4.7959 -0.75369 -0.87226 3.5505 0.74015 -2.4492 3.4249 0.33238 -3.7326 4.2425 0.58164 0.77568 0.0021982 -0.14768 1.4568 -1.9763 0.041888 2.0742 -3.5629 -0.55185 -0.77568 -0.0021982 0.14768 -1.5151 -1.9114 0.61915 -2.2977 -3.3776 -0.080104
1 13 108 0.26744 4.7503 0.75505 0.22781 3.5053 0.58013 1.156 3.49 0.25506 2.3296 3.7213 -0.85746 3.2553 4.7959 -1.4625 -0.69932 3.5505 0.90533 -2.3266 3.4249 0.83434 -3.5301 4.2425 1.345 0.72803 0.0021982 -0.30572 1.4337 -1.9763 -0.26191 1.9142 -3.5629 -0.97105 -0.72803 -0.0021982 0.30572 -1.3533 -1.9114 0.92063 -2.2642 -3.3776 0.39937
1 13 120 0.41858 4.7503 0.68294 0.34345 3.5053 0.52009 1.1837 3.49 0.00915 2.1005 3.7213 -1.3231 2.8801 4.7959 -2.1073 -0.4958 3.5505 1.0309 -2.1023 3.4249 1.2998 -3.1733 4.2425 2.0495 0.64856 0.0021982 -0.45041 1.3479 -1.9763 -0.55426 1.6704 -3.5629 -1.3478 -0.64856 -0.0021982 0.45041 -1.1323 -1.9114 1.1819 -2.1317 -3.3776 0.86139
1 14 60 -0.34012 4.7625 0.61869 -0.24813 3.515 0.49254 0.61546 3.4989 0.963 2.2035 3.8463 1.125 3.217 4.9887 1.338 -1.1108 3.5608 0.02234 -2.1691 3.4926 -1.2203 -3.337 4.363 -1.7262 0.71538 0.0029078 0.33424 1.186 -1.9637 0.90449 2.0276 -3.5436 0.68848 -0.71538 -0.0029073 -0.33424 -1.5845 -1.9137 -0.42305 -1.8656 -3.3524 -1.4728
1 14 72 -0.20405 4.7625 0.67589 -0.1403 3.515 0.53337 0.80223 3.4989 0.81399 2.3892 3.8463 0.64225 3.4249 4.9887 0.63994 -1.0819 3.5608 0.2528 -2.3754 3.4926 -0.7426 -3.623 4.363 -0.99465 0.76924 0.0029078 0.1782 1.3481 -1.9637 0.63814 2.1265 -3.5436 0.25187 -0.76924 -0.0029073 -0.1782 -1.6378 -1.9137 -0.084366 -2.131 -3.3524 -1.0528
1 14 84 -0.059071 4.7625 0.70354 -0.026341 3.515 0.55088 0.95393 3.4989 0.62941 2.4706 3.8463 0.13146 3.4831 4.9887 -0.086114 -1.0057 3.5608 0.4722 -2.4779 3.4926 -0.2325 -3.7506 4.363 -0.21964 0.78948 0.0029078 0.014369 1.4513 -1.9637 0.34391 2.1324 -3.5436 -0.19575 -0.78948 -0.0029073 -0.014369 -1.6196 -1.9137 0.258 -2.3033 -3.3524 -0.5867
1 14 96 0.088495 4.7625 0.70045 0.08877 3.515 0.54432 1.064 3.4989 0.41732 2.4439 3.8463 -0.38507 3.3891 4.9887 -0.80841 -0.88551 3.5608 0.67097 -2.4721 3.4926 0.28776 -3.7143 4.363 0.56496 0.77522 0.0029078 -0.15009 1.4911 -1.9637 0.034638 2.0451 -3.5436 -0.63482 -0.77522 -0.0029073 0.15009 -1.5306 -1.9137 0.5891 -2.375 -3.3524 -0.094989
1 14 108 0.23219 4.7625 0.66675 0.2 3.515 0.51397 1.1275 3.4989 0.187 2.3104 3.8463 -0.88477 3.1469 4.9887 -1.4954 -0.72666 3.5608 0.84042 -2.3582 3.4926 0.79545 -3.5157 4.363 1.3249 0.72707 0.0029078 -0.30799 1.4658 -1.9637 -0.27614 1.8684 -3.5436 -1.0461 -0.72707 -0.0029073 0.30799 -1.3746 -1.9137 0.89444 -2.3428 -3.3524 0.40087
1 14 120 0.36574 4.7625 0.6039 0.30249 3.515 0.46116 1.1417 3.4989 -0.051504 2.076 3.8463 -1.3458 2.7673 4.9887 -2.117 -0.53604 3.5608 0.97314 -2.1413 3.4926 1.2684 -3.1634 4.363 2.0269 0.64715 0.0029078 -0.45242 1.3763 -1.9637 -0.57486 1.6101 -3.5436 -1.4117 -0.64715 -0.0029073 0.45242 -1.1586 -1.9137 1.1607 -2.2083 -3.3524 0.87921
1 15 60 -0.31255 4.7698 0.54886 -0.23131 3.5196 0.44353 0.63515 3.5055 0.90873 2.1927 3.9556 1.109 3.1513 5.147 1.307 -1.0966 3.5634 -0.021944 -2.1963 3.5321 -1.2296 -3.3396 4.4405 -1.725 0.71879 0.0062594 0.3268 1.1712 -1.9507 0.94328 1.9703 -3.5419 0.66022 -0.71879 -0.006259 -0.3268 -1.5786 -1.9224 -0.38737 -1.8739 -3.3419 -1.459
1 15 72 -0.19161 4.7698 0.60185 -0.13404 3.5196 0.48193 0.81021 3.5055 0.75681 2.3754 3.9556 0.62883 3.3542 5.147 0.62322 -1.0772 3.5634 0.20654 -2.404 3.5321 -0.7461 -3.6252 4.4405 -0.99299 0.77103 0.0062594 0.17021 1.3417 -1.9507 0.67917 2.0645 -3.5419 0.23613 -0.77103 -0.006259 -0.17021 -1.6246 -1.9224 -0.050705 -2.1363 -3.3419 -1.0376
1 15 84 -0.062288 4.7698 0.62854 -0.03091 3.5196 0.49927 0.94986 3.5055 0.57182 2.4542 3.9556 0.12122 3.4105 5.147 -0.087781 -1.0107 3.5634 0.42599 -2.5066 3.5321 -0.22998 -3.7525 4.4405 -0.21756 0.78957 0.0062594 0.0061857 1.4536 -1.9507 0.38538 2.0685 -3.5419 -0.19827 -0.78957 -0.006259 -0.0061857 -1.5996 -1.9224 0.28818 -2.3053 -3.3419 -0.57073
1 15 96 0.069754 4.7698 0.62775 0.07357 3.5196 0.49479 1.048 3.5055 0.36184 2.4258 3.9556 -0.39169 3.3177 5.147 -0.79494 -0.90009 3.5634 0.62683 -2.4996 3.5321 0.29618 -3.7157 4.4405 0.56738 0.7736 0.0062594 -0.15811 1.5019 -1.9507 0.074738 1.9821 -3.5419 -0.62401 -0.7736 -0.006259 0.15811 -1.5048 -1.9224 0.61447 -2.3736 -3.3419 -0.078961
1 15 108 0.19875 4.7698 0.59953 0.17483 3.5196 0.46868 1.1003 3.5055 0.13604 2.2914 3.9556 -0.88748 3.0799 5.147 -1.4674 -0.75009 3.5634 0.80027 -2.3834 3.5321 0.80941 -3.5165 4.4405 1.3275 0.72382 0.0062594 -0.3155 1.4847 -1.9507 -0.23917 1.809 -3.5419 -1.0225 -0.72382 -0.006259 0.3155 -1.3441 -1.9224 0.9139 -2.3382 -3.3419 0.41626
1 15 120 0.31905 4.7698 0.54511 0.26846 3.5196 0.42209 1.1046 3.5055 -0.095697 2.0568 3.9556 -1.3445 2.7076 5.147 -2.0757 -0.56732 3.5634 0.93873 -2.163 3.5321 1.2873 -3.1637 4.4405 2.0296 0.64241 0.0062594 -0.45909 1.4025 -1.9507 -0.54262 1.5569 -3.5419 -1.3763 -0.64241 -0.006259 0.45909 -1.1248 -1.9224 1.1734 -2.2005 -3.3419 0.8933
1 16 60 -0.29757 4.7762 0.49987 -0.21377 3.5249 0.40902 0.65711 3.5189 0.86607 2.1827 4.0487 1.1123 3.0795 5.2851 1.3238 -1.0836 3.5607 -0.048658 -2.229 3.5656 -1.2135 -3.3491 4.5016 -1.7103 0.72426 0.005724 0.31451 1.1112 -1.9486 0.98169 1.8909 -3.5216 0.57094 -0.72426 -0.0057244 -0.31451 -1.5741 -1.9272 -0.31413 -1.8159 -3.3277 -1.4237
1 16 72 -0.18714 4.7762 0.55082 -0.12406 3.5249 0.44453 0.82282 3.5189 0.71053 2.3663 4.0487 0.63416 3.2875 5.2851 0.65456 -1.07 3.5607 0.1777 -2.4326 3.5656 -0.72354 -3.6315 4.5016 -0.97664 0.77382 0.005724 0.15706 1.291 -1.9486 0.7292 1.9683 -3.5216 0.16533 -0.77382 -0.0057244 -0.15706 -1.605 -1.9272 0.019999 -2.0722 -3.3277 -1.015
1 16 84 -0.068532 4.7762 0.57769 -0.028923 3.5249 0.46061 0.95256 3.5189 0.52393 2.4464 4.0487 0.12833 3.3517 5.2851 -0.043243 -1.0097 3.5607 0.39629 -2.5298 3.5656 -0.20197 -3.7552 4.5016 -0.20027 0.78957 0.005724 -0.0072605 1.4144 -1.9486 0.44484 1.9596 -3.5216 -0.24752 -0.78957 -0.0057244 0.0072605 -1.5657 -1.9272 0.35325 -2.238 -3.3277 -0.56202
1 16 96 0.053075 4.7762 0.57932 0.067475 3.5249 0.45656 1.0407 3.5189 0.31443 2.4196 4.0487 -0.38311 3.2695 5.2851 -0.73916 -0.90525 3.5607 0.59756 -2.5166 3.5656 0.32843 -3.7148 4.5016 0.58486 0.7708 0.005724 -0.17126 1.476 -1.9486 0.14104 1.8654 -3.5216 -0.64954 -0.7708 -0.0057244 0.17126 -1.4581 -1.9272 0.67107 -2.3059 -3.3277 -0.084441
1 16 108 0.17236 4.7762 0.55562 0.16092 3.5249 0.43255 1.0833 3.5189 0.091188 2.2871 4.0487 -0.87781 3.0444 5.2851 -1.4028 -0.76123 3.5607 0.77272 -2.3933 3.5656 0.84447 -3.512 4.5016 1.3444 0.71835 0.005724 -0.32778 1.4731 -1.9486 -0.16892 1.6896 -3.5216 -1.0232 -0.71835 -0.0057244 0.32778 -1.2867 -1.9272 0.95956 -2.2731 -3.3277 0.39683
1 16 120 0.28412 4.7762 0.50764 0.24734 3.5249 0.38964 1.0786 3.5189 -0.13604 2.0546 4.0487 -1.3341 2.6862 5.2851 -2.0051 -0.58394 3.5607 0.9141 -2.1654 3.5656 1.3236 -3.1557 4.5016 2.0452 0.6345 0.005724 -0.46997 1.4058 -1.9486 -0.4715 1.4399 -3.5216 -1.3521 -0.6345 -0.0057244 0.46997 -1.0591 -1.9272 1.2061 -2.1409 -3.3277 0.86076
1 17 60 -0.30933 4.7841 0.47089 -0.21033 3.5332 0.38828 0.66356 3.5389 0.83956 2.1685 4.0966 1.1441 3.0117 5.3685 1.3654 -1.0835 3.5572 -0.063746 -2.2811 3.5605 -1.1748 -3.3862 4.5152 -1.6698 0.72626 0.0050941 0.30987 1.0368 -1.9167 1.1003 1.8222 -3.4226 0.49498 -0.72626 -0.0050941 -0.30987 -1.6021 -1.9148 -0.30127 -1.6798 -3.2738 -1.4836
1 17 72 -0.20466 4.7841 0.52492 -0.125 3.5332 0.42353 0.82361 3.5389 0.68326 2.359 4.0966 0.66827 3.2298 5.3685 0.70935 -1.0731 3.5572 0.16292 -2.4755 3.5605 -0.67487 -3.6594 4.5152 -0.92933 0.77481 0.0050941 0.1521 1.2429 -1.9167 0.86068 1.8853 -3.4226 0.10532 -0.77481 -0.0050941 -0.1521 -1.6298 -1.9148 0.038415 -1.9515 -3.2738 -1.102
1 17 84 -0.091054 4.7841 0.556 -0.034213 3.5332 0.44026 0.94767 3.5389 0.49709 2.4464 4.0966 0.1632 3.3067 5.3685 0.022346 -1.0158 3.5572 0.38247 -2.5617 3.5605 -0.14543 -3.7726 4.5152 -0.1482 0.78951 0.0050941 -0.012314 1.3947 -1.9167 0.58346 1.866 -3.4226 -0.28895 -0.78951 -0.0050941 0.012315 -1.5862 -1.9148 0.37643 -2.138 -3.2738 -0.67215
1 17 96 0.026534 4.7841 0.56278 0.05807 3.5332 0.43775 1.0303 3.5389 0.28919 2.4269 4.0966 -0.349 3.2391 5.3685 -0.66564 -0.91405 3.5572 0.5853 -2.536 3.5605 0.39037 -3.721 4.5152 0.63941 0.76969 0.0050941 -0.17619 1.4855 -1.9167 0.28074 1.7651 -3.4226 -0.67059 -0.76969 -0.0050941 0.17619 -1.4733 -1.9148 0.69798 -2.231 -3.2738 -0.21294
1 17 108 0.14296 4.7841 0.54496 0.14782 3.5332 0.41611 1.0679 3.5389 0.068657 2.3013 4.0966 -0.84595 3.0299 5.3685 -1.3245 -0.77238 3.5572 0.76255 -2.3994 3.5605 0.9091 -3.5067 4.5152 1.3991 0.71624 0.0050941 -0.33237 1.5114 -1.9167 -0.034244 1.5871 -3.4226 -1.0229 -0.71624 -0.0050941 0.33237 -1.2959 -1.9148 0.98904 -2.2266 -3.2738 0.25557
1 17 120 0.25314 4.7841 0.50333 0.2311 3.5332 0.37629 1.0589 3.5389 -0.15488 2.0751 4.0966 -1.3059 2.6883 5.3685 -1.9255 -0.59696 3.5572 0.90648 -2.158 3.5605 1.3881 -3.1392 4.5152 2.0976 0.63149 0.0050941 -0.47402 1.4713 -1.9167 -0.34773 1.3397 -3.4226 -1.3305 -0.63149 -0.0050941 0.47402 -1.062 -1.9148 1.2369 -2.1248 -3.2738 0.71291
1 18 72 -0.28647 4.792 0.52009 -0.19154 3.5417 0.40871 0.75721 3.5548 0.66768 2.3154 4.0423 0.72322 3.1659 5.3259 0.80438 -1.1401 3.5585 0.14944 -2.5758 3.4624 -0.62405 -3.7735 4.4041 -0.86138 0.77451 0.023301 0.15195 1.2044 -1.8519 0.9965 1.828 -3.3211 0.15784 -0.77451 -0.023301 -0.15195 -1.7002 -1.8979 0.056186 -1.9284 -3.2267 -1.1409
1 18 84 -0.17207 4.792 0.56829 -0.10238 3.5417 0.4396 0.87948 3.5548 0.49565 2.4152 4.0423 0.22602 3.264 5.3259 0.12856 -1.0842 3.5585 0.38323 -2.6493 3.4624 -0.074863 -3.8702 4.4041 -0.057989 0.78918 0.023301 -0.012404 1.3852 -1.8519 0.72432 1.8209 -3.3211 -0.22567 -0.78918 -0.023301 0.012403 -1.6514 -1.8979 0.40845 -2.1235 -3.2267 -0.71506
1 18 96 -0.050158 4.792 0.59164 -0.0087413 3.5417 0.45128 0.96332 3.5548 0.30196 2.4094 4.0423 -0.28107 3.2194 5.3259 -0.55287 -0.98079 3.5585 0.60026 -2.607 3.4624 0.47759 -3.7977 4.4041 0.74793 0.76935 0.023301 -0.17621 1.5056 -1.8519 0.42048 1.7342 -3.3211 -0.59932 -0.76935 -0.023301 0.17621 -1.5304 -1.8979 0.74287 -2.2258 -3.2267 -0.25793
1 18 108 0.073948 4.792 0.58914 0.085276 3.5417 0.44323 1.005 3.5548 0.095081 2.2983 4.0423 -0.77587 3.0341 5.3259 -1.2101 -0.83456 3.5585 0.79106 -2.4507 3.4624 1.0092 -3.5592 4.4041 1.5212 0.7159 0.023301 -0.33232 1.5601 -1.8519 0.098266 1.5717 -3.3211 -0.94677 -0.71591 -0.023301 0.33232 -1.3425 -1.8979 1.0448 -2.2308 -3.2267 0.21047
1 18 120 0.19482 4.792 0.5609 0.17557 3.5417 0.41582 1.0029 3.5548 -0.11596 2.0868 4.0423 -1.2368 2.7162 5.3259 -1.8145 -0.65185 3.5585 0.94729 -2.1873 3.4624 1.4967 -3.1651 4.4041 2.2279 0.63117 0.023301 -0.4739 1.5464 -1.8519 -0.22824 1.3405 -3.3211 -1.2528 -0.63117 -0.023301 0.4739 -1.0959 -1.8979 1.3011 -2.1383 -3.2267 0.66967
1 19 72 -0.33084 4.7813 0.61213 -0.21713 3.5332 0.48042 0.73167 3.5557 0.73854 2.3281 3.8797 0.86229 3.2226 5.1256 1.0211 -1.1663 3.5404 0.22285 -2.6073 3.2802 -0.50155 -3.8844 4.1269 -0.67337 0.77505 0.02253 0.14931 1.1741 -1.7451 1.2125 1.7865 -3.1652 0.28548 -0.77505 -0.02253 -0.14931 -1.7321 -1.8653 0.1708 -1.9191 -3.1465 -1.084
1 19 84 -0.19635 4.7813 0.66754 -0.1125 3.5332 0.51506 0.86924 3.5557 0.57028 2.4565 3.8797 0.35941 3.3645 5.1256 0.32879 -1.0945 3.5404 0.46047 -2.6546 3.2802 0.051492 -3.9396 4.1269 0.14896 0.78915 0.02253 -0.015098 1.4006 -1.7451 0.9419 1.8068 -3.1652 -0.09219 -0.78915 -0.02253 0.015098 -1.6587 -1.8653 0.52719 -2.1025 -3.1465 -0.6613
1 19 96 -0.053267 4.7813 0.69377 -0.0029541 3.5332 0.5272 0.96881 3.5557 0.37709 2.4775 3.8797 -0.15917 3.3593 5.1256 -0.37791 -0.97485 3.5404 0.67797 -2.5858 3.2802 0.60228 -3.8225 4.1269 0.96479 0.76877 0.02253 -0.17884 1.5658 -1.7451 0.63012 1.7482 -3.1652 -0.46583 -0.76877 -0.02253 0.17884 -1.5129 -1.8653 0.86054 -2.1941 -3.1465 -0.20971
1 19 108 0.09214 4.7813 0.68969 0.10672 3.5332 0.51629 1.026 3.5557 0.16742 2.3903 3.8797 -0.6708 3.2073 5.1256 -1.0681 -0.81259 3.5404 0.86584 -2.4041 3.2802 1.1267 -3.5384 4.1269 1.7384 0.71479 0.02253 -0.33477 1.6626 -1.7451 0.2908 1.6131 -3.1652 -0.81912 -0.71479 -0.02253 0.33477 -1.3009 -1.8653 1.1563 -2.1897 -3.1465 0.25105
1 19 120 0.23352 4.7813 0.65546 0.21173 3.5332 0.48282 1.0384 3.5557 -0.049561 2.1986 3.8797 -1.1531 2.9152 5.1256 -1.7116 -0.61481 3.5404 1.0159 -2.1173 3.2802 1.602 -3.0996 4.1269 2.4361 0.62956 0.02253 -0.47607 1.6867 -1.7451 -0.061232 1.4076 -3.1652 -1.1366 -0.62956 -0.02253 0.47607 -1.0321 -1.8653 1.4015 -2.0897 -3.1465 0.70084
1 20 72 -0.37332 4.7851 0.60346 -0.24764 3.5387 0.45988 0.69926 3.5651 0.72454 2.3152 3.7278 0.90023 3.3388 4.8529 1.1531 -1.1952 3.5421 0.19635 -2.6305 3.1237 -0.46222 -4.0191 3.7809 -0.59431 0.772 0.025454 0.16392 1.1515 -1.7494 1.2224 1.758 -3.1782 0.30504 -0.772 -0.025454 -0.16392 -1.7425 -1.8482 0.22351 -1.8893 -3.1411 -1.0246
1 20 84 -0.23969 4.7851 0.66789 -0.14662 3.5387 0.50132 0.83462 3.5651 0.56332 2.4518 3.7278 0.39919 3.5056 4.8529 0.43373 -1.1283 3.5421 0.44056 -2.6691 3.1237 0.094785 -4.0549 3.7809 0.2543 0.78921 0.025454 -0.00016781 1.3805 -1.7494 0.95625 1.783 -3.1782 -0.06714 -0.78921 -0.025454 0.00016783 -1.6579 -1.8482 0.5809 -2.0611 -3.1411 -0.60939
1 20 96 -0.095592 4.7851 0.70313 -0.03918 3.5387 0.52085 0.9335 3.5651 0.37748 2.4812 3.7278 -0.1193 3.5192 4.8529 -0.3046 -1.012 3.5421 0.66551 -2.5911 3.1237 0.64765 -3.9134 3.7809 1.0918 0.77193 0.025454 -0.16425 1.5491 -1.7494 0.64834 1.7301 -3.1782 -0.43639 -0.77193 -0.025454 0.16425 -1.5009 -1.8482 0.9129 -2.1427 -3.1411 -0.16755
1 20 108 0.052685 4.7851 0.70764 0.069967 3.5387 0.51761 0.99159 3.5651 0.17515 2.4022 3.7278 -0.63257 3.3789 4.8529 -1.0296 -0.85154 3.5421 0.86138 -2.3998 3.1237 1.1722 -3.6009 3.7809 1.8816 0.72091 0.025454 -0.32115 1.6501 -1.7494 0.31209 1.6016 -3.1782 -0.78656 -0.72091 -0.025454 0.32115 -1.2783 -1.8482 1.205 -2.1307 -3.1411 0.28161
1 20 120 0.19866 4.7851 0.68122 0.17606 3.5387 0.49176 1.0063 3.5651 -0.03484 2.2182 3.7278 -1.1182 3.091 4.8529 -1.7096 -0.65384 3.5421 1.0196 -2.1036 3.1237 1.6455 -3.131 3.7809 2.5891 0.63838 0.025454 -0.46402 1.6789 -1.7494 -0.037793 1.403 -3.1782 -1.1024 -0.63838 -0.025454 0.46402 -0.99983 -1.8482 1.4444 -2.0256 -3.1411 0.71846
1 21 72 -0.42893 4.7897 0.5531 -0.29364 3.5422 0.42298 0.65114 3.5754 0.69436 2.2694 3.6035 0.91596 3.4465 4.5548 1.2112 -1.2393 3.5388 0.15268 -2.6583 3.0017 -0.45284 -4.1239 3.4597 -0.59387 0.77029 0.042914 0.16824 1.1313 -1.7826 1.1437 1.7567 -3.2514 0.30556 -0.77029 -0.042914 -0.16824 -1.6759 -1.9055 0.18542 -1.8888 -3.2254 -1.0242
1 21 84 -0.30457 4.7897 0.63019 -0.19928 3.5422 0.47478 0.78128 3.5754 0.54381 2.4103 3.6035 0.42411 3.623 4.5548 0.46815 -1.1805 3.5388 0.40701 -2.6944 3.0017 0.10975 -4.1573 3.4597 0.27653 0.78844 0.042914 0.0044099 1.3444 -1.7826 0.8835 1.7819 -3.2514 -0.066357 -0.78844 -0.042914 -0.0044094 -1.6007 -1.9055 0.52981 -2.0604 -3.2254 -0.60913
1 21 96 -0.16689 4.7897 0.67974 -0.096216 3.5422 0.50584 0.87727 3.5754 0.36949 2.4458 3.6035 -0.086282 3.6412 4.5548 -0.29535 -1.0701 3.5388 0.64356 -2.6127 3.0017 0.66755 -4.009 3.4597 1.1348 0.77213 0.042914 -0.15961 1.4987 -1.7826 0.58468 1.7291 -3.2514 -0.43538 -0.77213 -0.042914 0.15961 -1.4556 -1.9055 0.85104 -2.1421 -3.2254 -0.16743
1 21 108 -0.021913 4.7897 0.69959 0.011057 3.5422 0.51479 0.93492 3.5754 0.17902 2.3744 3.6035 -0.5929 3.5002 4.5548 -1.0459 -0.91288 3.5388 0.85197 -2.4168 3.0017 1.1962 -3.6854 3.4597 1.9435 0.72207 0.042914 -0.31666 1.5875 -1.7826 0.26031 1.6008 -3.2514 -0.78537 -0.72207 -0.042914 0.31666 -1.2469 -1.9055 1.1351 -2.1301 -3.2254 0.28159
1 21 120 0.12402 4.7897 0.68885 0.11785 3.5422 0.50124 0.95171 3.5754 -0.019271 2.1992 3.6035 -1.0736 3.2063 4.5548 -1.7508 -0.7158 3.5388 1.0232 -2.1153 3.0017 1.6725 -3.2008 3.4597 2.6673 0.64045 0.042914 -0.45987 1.6069 -1.7826 -0.07544 1.4026 -3.2514 -1.101 -0.64045 -0.042914 0.45987 -0.98361 -1.9055 1.3695 -2.025 -3.2254 0.7183
1 22 72 -0.39831 4.7925 0.54401 -0.25676 3.5434 0.42878 0.68899 3.5844 0.6957 2.3032 3.5113 0.93565 3.5809 4.3168 1.2464 -1.2036 3.5323 0.16287 -2.6038 2.9232 -0.4179 -4.1014 3.2475 -0.5903 0.77425 0.032543 0.15158 1.1478 -1.8257 1.0581 1.7778 -3.3349 0.29886 -0.77425 -0.032543 -0.15158 -1.5949 -1.9462 0.12874 -1.865 -3.3027 -1.028
1 22 84 -0.2765 4.7925 0.61494 -0.162 3.5434 0.47279 0.81858 3.5844 0.53725 2.4474 3.5113 0.43634 3.7618 4.3168 0.47462 -1.1434 3.5323 0.40955 -2.6338 2.9232 0.13259 -4.1345 3.2475 0.27533 0.78885 0.032543 -0.012705 1.3427 -1.8257 0.79631 1.8011 -3.3349 -0.077285 -0.78885 -0.032543 0.012706 -1.5333 -1.9462 0.45752 -2.038 -3.3027 -0.6178
1 22 96 -0.14261 4.7925 0.65899 -0.060159 3.5434 0.49614 0.91239 3.5844 0.35531 2.4847 3.5113 -0.082053 3.7782 4.3168 -0.31786 -1.0333 3.5323 0.63834 -2.5487 2.9232 0.67729 -3.9869 3.2475 1.1289 0.76897 0.032543 -0.17644 1.479 -1.8257 0.49974 1.7456 -3.3349 -0.45006 -0.76897 -0.032543 0.17644 -1.4046 -1.9462 0.76631 -2.1219 -3.3027 -0.18058
1 22 108 -0.0024801 4.7925 0.67424 0.044309 3.5434 0.4978 0.96633 3.5844 0.15785 2.4133 3.5113 -0.59685 3.6296 4.3168 -1.0965 -0.87801 3.5323 0.83922 -2.3521 2.9232 1.1924 -3.6651 3.2475 1.9332 0.71548 0.032543 -0.33246 1.5505 -1.8257 0.18133 1.6139 -3.3349 -0.80316 -0.71548 -0.032543 0.33246 -1.2146 -1.9462 1.0416 -2.1131 -3.3027 0.26453
1 22 120 0.13776 4.7925 0.66002 0.14684 3.5434 0.47771 0.97803 3.5844 -0.046509 2.2365 3.5113 -1.0856 3.3223 4.3168 -1.8271 -0.68434 3.5323 1.0034 -2.0528 2.9232 1.6554 -3.183 3.2475 2.6529 0.63072 0.032543 -0.47395 1.5544 -1.8257 -0.14501 1.4117 -3.3349 -1.1212 -0.63072 -0.032543 0.47395 -0.97152 -1.9462 1.2714 -2.0119 -3.3027 0.69808
1 23 72 -0.39632 4.7841 0.58198 -0.2494 3.5348 0.47658 0.69788 3.5798 0.73736 2.31 3.4409 0.96229 3.632 4.1714 1.2728 -1.1979 3.5196 0.21666 -2.5833 2.8892 -0.37658 -4.0857 3.1804 -0.56538 0.77423 0.028409 0.15251 1.1694 -1.8553 0.99497 1.7998 -3.3942 0.29823 -0.77423 -0.028409 -0.15251 -1.5343 -1.9726 0.086031 -1.8469 -3.3611 -1.0208
1 23 84 -0.26665 4.7841 0.65166 -0.14486 3.5348 0.51801 0.83593 3.5798 0.57615 2.4596 3.4409 0.461 3.8172 4.1714 0.48982 -1.1266 3.5196 0.46097 -2.6051 2.8892 0.16875 -4.114 3.1804 0.29644 0.78902 0.028409 -0.011797 1.3507 -1.8553 0.7301 1.8225 -3.3942 -0.082486 -0.78902 -0.028409 0.011797 -1.4829 -1.9726 0.40314 -2.0188 -3.3611 -0.61453
1 23 96 -0.12534 4.7841 0.69286 -0.033998 3.5348 0.53681 0.93745 3.5798 0.38976 2.5017 3.4409 -0.060451 3.8356 4.1714 -0.31453 -1.0062 3.5196 0.68514 -2.5131 2.8892 0.7067 -3.9624 3.1804 1.1453 0.76932 0.028409 -0.17559 1.473 -1.8553 0.43333 1.7655 -3.3942 -0.4596 -0.76933 -0.028409 0.17559 -1.3666 -1.9726 0.70264 -2.1024 -3.3611 -0.18138
1 23 108 0.021455 4.7841 0.70378 0.078355 3.5348 0.53215 0.998 3.5798 0.18633 2.4344 3.4409 -0.57925 3.6864 4.1714 -1.1051 -0.84174 3.5196 0.87936 -2.3113 2.8892 1.2138 -3.6377 3.1804 1.9441 0.71601 0.028409 -0.3317 1.5309 -1.8553 0.11761 1.6314 -3.3942 -0.81663 -0.71601 -0.028409 0.3317 -1.1907 -1.9726 0.97142 -2.0942 -3.3611 0.25971
1 23 120 0.16731 4.7841 0.68394 0.18728 3.5348 0.50423 1.0149 3.5798 -0.025234 2.2608 3.4409 -1.0727 3.3761 4.1714 -1.8474 -0.64052 3.5196 1.0352 -2.0084 2.8892 1.6678 -3.154 3.1804 2.658 0.6314 0.028409 -0.47332 1.5219 -1.8553 -0.20324 1.4259 -3.3942 -1.138 -0.6314 -0.028409 0.47332 -0.96269 -1.9726 1.1977 -1.9944 -3.3611 0.68944
1 24 72 -0.41153 4.7668 0.66738 -0.26414 3.5167 0.56597 0.68161 3.5582 0.83277 2.2943 3.3909 1.0326 3.6246 4.1103 1.3334 -1.2111 3.5049 0.30029 -2.5902 2.8913 -0.32429 -4.0863 3.2203 -0.50122 0.77378 0.028842 0.15468 1.18 -1.8556 0.99037 1.8132 -3.4071 0.325 -0.77378 -0.028842 -0.15468 -1.5244 -1.9753 0.094759 -1.8449 -3.3737 -0.99736
1 24 84 -0.26378 4.7668 0.73836 -0.1407 3.5167 0.60852 0.83986 3.5582 0.67286 2.4589 3.3909 0.53302 3.8226 4.1103 0.55067 -1.1222 3.5049 0.54552 -2.601 2.8913 0.22133 -4.1012 3.2203 0.35931 0.78903 0.028842 -0.0095827 1.3601 -1.8556 0.7234 1.8411 -3.4071 -0.059076 -0.78903 -0.028842 0.0095827 -1.4714 -1.9753 0.40963 -2.0119 -3.3737 -0.59199
1 24 96 -0.1045 4.7668 0.77707 -0.011105 3.5167 0.62448 0.9614 3.5582 0.48354 2.516 3.3909 0.010147 3.8536 4.1103 -0.25613 -0.98421 3.5049 0.76691 -2.4982 2.8913 0.75729 -3.9368 3.2203 1.2041 0.7698 0.028842 -0.17342 1.4808 -1.8556 0.42482 1.7886 -3.4071 -0.44057 -0.7698 -0.028842 0.17342 -1.3541 -1.9753 0.7066 -2.0911 -3.3737 -0.16075
1 24 108 0.059347 4.7668 0.78181 0.11897 3.5167 0.61314 1.0409 3.5582 0.27309 2.4631 3.3909 -0.51317 3.7161 4.1103 -1.0517 -0.80326 3.5049 0.95478 -2.2861 2.8913 1.2601 -3.6005 3.2203 1.9963 0.71692 0.028842 -0.32968 1.5367 -1.8556 0.10766 1.6579 -3.4071 -0.80281 -0.71692 -0.028842 0.32968 -1.1776 -1.9753 0.97269 -2.0788 -3.3737 0.27752
1 25 72 -0.41614 4.7492 0.77599 -0.26938 3.4987 0.66745 0.67564 3.5332 0.93787 2.2927 3.3741 1.1068 3.6105 4.1162 1.4072 -1.2156 3.4939 0.39908 -2.5936 2.9262 -0.26978 -4.0748 3.3326 -0.4068 0.77517 0.025141 0.14825 1.1825 -1.8276 1.0513 1.8157 -3.3742 0.37442 -0.77517 -0.025141 -0.14825 -1.5672 -1.9465 0.16088 -1.8499 -3.3401 -0.94762
1 25 84 -0.2457 4.7492 0.84555 -0.12472 3.4987 0.70888 0.85587 3.5332 0.7769 2.4727 3.3741 0.6059 3.8242 4.1162 0.62581 -1.1061 3.4939 0.64309 -2.5931 2.9262 0.27537 -4.0703 3.3326 0.44928 0.78905 0.025141 -0.016159 1.3752 -1.8276 0.78251 1.8539 -3.3742 -0.011263 -0.78905 -0.025141 0.016158 -1.4995 -1.9465 0.4832 -2.0065 -3.3401 -0.54231
1 25 96 -0.064534 4.7492 0.87816 0.025391 3.4987 0.71932 0.99869 3.5332 0.58198 2.5446 3.3741 0.078559 3.8708 4.1162 -0.18297 -0.94817 3.4939 0.859 -2.4791 2.9262 0.80847 -3.888 3.3326 1.2857 0.76845 0.025141 -0.17986 1.5079 -1.8276 0.47949 1.811 -3.3742 -0.39646 -0.76845 -0.025141 0.17986 -1.3663 -1.9465 0.7844 -2.0754 -3.3401 -0.11329
1 25 108 0.11946 4.7492 0.87239 0.17439 3.4987 0.69832 1.0979 3.5332 0.36162 2.5054 3.3741 -0.45222 3.7481 4.1162 -0.98374 -0.74886 3.4939 1.0374 -2.2569 2.9262 1.3062 -3.5357 3.3326 2.066 0.71426 0.025141 -0.3357 1.5746 -1.8276 0.15551 1.689 -3.3742 -0.76433 -0.71426 -0.025141 0.3357 -1.1733 -1.9465 1.0513 -2.0536 -3.3401 0.32068
1 26 72 -0.4157 4.7337 0.88737 -0.2626 3.4856 0.75829 0.68147 3.5171 1.0323 2.3059 3.4149 1.1717 3.6082 4.1857 1.4678 -1.2081 3.4836 0.48745 -2.5999 2.9972 -0.21618 -4.057 3.492 -0.31361 0.77607 0.017431 0.14459 1.1768 -1.7704 1.1728 1.8158 -3.2944 0.45169 -0.77607 -0.017431 -0.14459 -1.6464 -1.8828 0.27619 -1.8642 -3.2613 -0.86543
1 26 84 -0.22212 4.7337 0.95441 -0.099207 3.4856 0.79632 0.88121 3.5171 0.86809 2.4991 3.4149 0.66666 3.8345 4.1857 0.6855 -1.0804 3.4836 0.72798 -2.588 2.9972 0.32909 -4.0336 3.492 0.53675 0.78918 0.017431 -0.019929 1.3949 -1.7704 0.90252 1.87 -3.2944 0.064296 -0.78918 -0.017431 0.019929 -1.553 -1.8828 0.61247 -2.0034 -3.2613 -0.45893
1 26 96 -0.018829 4.7337 0.97974 0.068525 3.4856 0.79954 1.0424 3.5171 0.66591 2.5831 3.4149 0.13249 3.8932 4.1857 -0.12672 -0.90541 3.4836 0.9367 -2.463 2.9972 0.85997 -3.8338 3.492 1.3637 0.76779 0.017431 -0.18357 1.5521 -1.7704 0.59278 1.8425 -3.2944 -0.32591 -0.76779 -0.017431 0.18357 -1.3918 -1.8828 0.92198 -2.055 -3.2613 -0.032368
1 26 108 0.18528 4.7337 0.96224 0.23326 3.4856 0.76783 1.1581 3.5171 0.43462 2.5542 3.4149 -0.40747 3.7818 4.1857 -0.93339 -0.69087 3.4836 1.1045 -2.2304 2.9972 1.3533 -3.4665 3.492 2.131 0.71284 0.017431 -0.33919 1.6414 -1.7704 0.25712 1.7345 -3.2944 -0.70187 -0.71284 -0.017431 0.33919 -1.1697 -1.8828 1.1912 -2.0169 -3.2613 0.39561
1 27 72 -0.43728 4.723 0.95337 -0.27292 3.4787 0.8081 0.67154 3.5066 1.0812 2.2998 3.4883 1.2117 3.5911 4.2803 1.4998 -1.219 3.4802 0.53911 -2.6347 3.0871 -0.17507 -4.0663 3.6559 -0.24344 0.77519 0.01708 0.14927 1.1741 -1.7067 1.2824 1.8219 -3.2105 0.52748 -0.77519 -0.01708 -0.14927 -1.7366 -1.813 0.36534 -1.8992 -3.1757 -0.80397
1 27 84 -0.22951 4.723 1.0234 -0.098939 3.4787 0.84718 0.88166 3.5066 0.91795 2.5015 3.4883 0.7071 3.8245 4.2803 0.72035 -1.0802 3.4802 0.78077 -2.6135 3.0871 0.37653 -4.028 3.6559 0.6073 0.78929 0.01708 -0.015168 1.415 -1.7067 1.0102 1.8917 -3.2105 0.13716 -0.78929 -0.01708 0.015168 -1.6227 -1.813 0.71841 -2.0248 -3.1757 -0.39154
1 27 96 -0.011711 4.723 1.0488 0.079361 3.4787 0.84924 1.0532 3.5066 0.71459 2.5939 3.4883 0.17156 3.8907 4.2803 -0.090542 -0.8943 3.4802 0.9883 -2.4781 3.0871 0.91168 -3.8137 3.6559 1.4315 0.76889 0.01708 -0.17894 1.5941 -1.7067 0.69395 1.8789 -3.2105 -0.25915 -0.76889 -0.01708 0.17894 -1.4379 -1.813 1.0401 -2.062 -3.1757 0.038006
1 27 108 0.2066 4.723 1.0283 0.25419 3.4787 0.81418 1.1788 3.5066 0.47999 2.5729 3.4883 -0.37149 3.7868 4.2803 -0.89748 -0.66928 3.4802 1.1526 -2.2344 3.0871 1.407 -3.4328 3.6559 2.1931 0.71488 0.01708 -0.33489 1.7036 -1.7067 0.34734 1.784 -3.2105 -0.64414 -0.71488 -0.01708 0.33489 -1.1902 -1.813 1.3163 -2.009 -3.1757 0.46589
1 28 72 -0.45632 4.7097 1.0124 -0.29424 3.4666 0.85217 0.6499 3.4941 1.1264 2.2781 3.4581 1.2544 3.5602 4.2513 1.5782 -1.2402 3.4684 0.58276 -2.6531 3.0686 -0.13314 -4.0755 3.6634 -0.15614 0.77463 0.023125 0.15135 1.1818 -1.6962 1.2881 1.8344 -3.2088 0.55523 -0.77463 -0.023125 -0.15135 -1.7687 -1.7975 0.37563 -1.9246 -3.1744 -0.77797
1 28 84 -0.23585 4.7097 1.0852 -0.11064 3.4666 0.89472 0.86989 3.4941 0.96666 2.4891 3.4581 0.75337 3.8105 4.2513 0.80349 -1.0919 3.4684 0.82787 -2.6228 3.0686 0.42138 -4.0189 3.6634 0.69462 0.78917 0.023125 -0.013016 1.4238 -1.6962 1.0143 1.9097 -3.2088 0.1617 -0.78917 -0.023125 0.013016 -1.652 -1.7975 0.73515 -2.0443 -3.1744 -0.36083
1 28 96 -0.0050684 4.7097 1.1105 0.077805 3.4666 0.89818 1.0519 3.4941 0.76468 2.5914 3.4581 0.21939 3.8943 4.2513 -0.006319 -0.89592 3.4684 1.0368 -2.4779 3.0686 0.95748 -3.7867 3.6634 1.515 0.76922 0.023125 -0.17681 1.6036 -1.6962 0.69607 1.9016 -3.2088 -0.23889 -0.76922 -0.023125 0.17681 -1.463 -1.7975 1.0626 -2.0746 -3.1744 0.072082
1 28 108 0.22593 4.7097 1.0873 0.26285 3.4666 0.86237 1.1879 3.4941 0.52928 2.5804 3.4581 -0.32418 3.8079 4.2513 -0.81586 -0.66078 3.4684 1.2004 -2.2246 3.0686 1.4517 -3.3889 3.6634 2.2692 0.71565 0.023125 -0.33288 1.7133 -1.6962 0.34745 1.8104 -3.2088 -0.62904 -0.71565 -0.023125 0.33288 -1.2101 -1.7975 1.3435 -2.0143 -3.1744 0.50184
1 29 72 -0.41725 4.723 0.97802 -0.27137 3.477 0.81815 0.67493 3.5047 1.0848 2.2876 3.2867 1.2276 3.5989 3.9784 1.6517 -1.2194 3.4787 0.55612 -2.5848 2.9165 -0.14258 -4.0454 3.4099 -0.10954 0.77583 0.019869 0.14555 1.1774 -1.7982 1.1191 1.8511 -3.3454 0.48414 -0.77583 -0.019869 -0.14555 -1.6506 -1.8871 0.25764 -1.8847 -3.3118 -0.82233
1 29 84 -0.20479 4.723 1.0434 -0.095335 3.477 0.85669 0.88573 3.5047 0.92079 2.4929 3.2867 0.72517 3.8636 3.9784 0.86736 -1.0771 3.4787 0.79749 -2.558 2.9165 0.39795 -3.9797 3.4099 0.73393 0.78914 0.019869 -0.018934 1.3844 -1.7982 0.84985 1.9113 -3.3454 0.088701 -0.78914 -0.019869 0.018935 -1.5609 -1.8871 0.59518 -2.0144 -3.3118 -0.41251
1 29 96 0.016624 4.723 1.0632 0.084865 3.477 0.85779 1.0578 3.5047 0.71651 2.5892 3.2867 0.19102 3.9595 3.9784 0.045108 -0.88775 3.4787 1.004 -2.4193 2.9165 0.92109 -3.7402 3.4099 1.5453 0.76796 0.019869 -0.18259 1.5308 -1.7982 0.54346 1.8879 -3.3454 -0.31061 -0.76796 -0.019869 0.18259 -1.4031 -1.8871 0.90671 -2.0562 -3.3118 0.015328
1 29 108 0.23731 4.723 1.0365 0.26136 3.477 0.8214 1.1837 3.5047 0.48092 2.5723 3.2867 -0.35147 3.8824 3.9784 -0.77911 -0.65961 3.4787 1.1666 -2.175 2.9165 1.404 -3.3372 3.4099 2.2892 0.71322 0.019869 -0.33827 1.6103 -1.7982 0.21331 1.7821 -3.3454 -0.69635 -0.71322 -0.019869 0.33827 -1.1839 -1.8871 1.1786 -2.0081 -3.3118 0.4425
1 30 84 -0.19308 4.7276 1.0024 -0.094621 3.4778 0.83531 0.88698 3.5006 0.89282 2.4369 3.0126 0.72434 3.8868 3.47 0.98164 -1.0767 3.4845 0.78174 -2.4521 2.6909 0.39818 -3.923 2.9379 0.78948 0.78932 0.018315 -0.011389 1.2898 -1.9221 0.61985 1.8487 -3.5071 -0.0332 -0.78932 -0.018315 0.011389 -1.395 -1.9892 0.41503 -1.9531 -3.4572 -0.47068
1 30 96 0.019554 4.7276 1.0207 0.081118 3.4778 0.83673 1.0532 3.5006 0.6889 2.5342 3.0126 0.20185 4.006 3.47 0.15208 -0.89062 3.4845 0.98851 -2.3158 2.6909 0.89931 -3.6732 2.9379 1.5879 0.76971 0.018315 -0.17525 1.3905 -1.9221 0.33814 1.8014 -3.5071 -0.41684 -0.76971 -0.018315 0.17525 -1.2782 -1.9892 0.696 -2.0082 -3.4572 -0.05433
1 30 108 0.23133 4.7276 0.99429 0.25331 3.4778 0.80158 1.1734 3.5006 0.45487 2.5208 3.0126 -0.32946 3.95 3.47 -0.68413 -0.66564 3.4845 1.1521 -2.0782 2.6909 1.3611 -3.2628 2.9379 2.3169 0.71645 0.018315 -0.33145 1.4304 -1.9221 0.041662 1.6754 -3.5071 -0.78226 -0.71645 -0.018315 0.33145 -1.1056 -1.9892 0.94654 -1.9756 -3.4572 0.36439
1 31 84 -0.22415 4.7039 1.0837 -0.12912 3.4551 0.906 0.85289 3.4778 0.95605 2.286 2.7202 0.7535 3.7766 2.8468 1.1275 -1.1116 3.462 0.86001 -2.3431 2.4695 0.45132 -3.8136 2.3572 0.90151 0.78919 0.026104 -0.00094971 1.1679 -1.9708 0.53144 1.6685 -3.5966 -0.065837 -0.78919 -0.026104 0.00094969 -1.2338 -2.0451 0.37534 -1.8234 -3.5379 -0.44619
1 31 96 0.0060505 4.7039 1.1066 0.062068 3.4551 0.91305 1.033 3.4778 0.75784 2.3927 2.7202 0.26175 3.9285 2.8468 0.31772 -0.90847 3.462 1.0723 -2.1981 2.4695 0.92862 -3.5429 2.3572 1.6747 0.77174 0.026104 -0.16501 1.2528 -1.9708 0.27701 1.6184 -3.5966 -0.41131 -0.77174 -0.026104 0.16501 -1.1288 -2.0451 0.62365 -1.8764 -3.5379 -0.05733
2 54 264 -0.27496 1.9289 4.4145 -0.13428 1.4864 3.2394 0.84643 1.471 3.3124 1.4617 1.007 1.8719 1.9269 -0.36042 1.3321 -1.1165 1.5108 3.1947 -1.5944 1.0239 1.7104 -1.9663 -0.27887 0.97404 0.789 0.027229 0.015501 0.6438 -1.8727 0.90064 0.82811 -3.5904 0.38459 -0.789 -0.027229 -0.015501 -0.8223 -1.9391 0.85519 -0.81171 -3.5536 0.052619
2 55 264 -0.30146 1.9539 4.4014 -0.14989 1.5168 3.2254 0.83003 1.4961 3.3072 1.4706 1.2608 1.8229 2.1033 0.097194 1.0333 -1.1315 1.5466 3.1721 -1.6326 1.2672 1.6425 -2.122 0.15284 0.69565 0.78899 0.025459 0.018637 0.63491 -1.8799 0.8904 0.82173 -3.5968 0.37238 -0.78899 -0.025459 -0.018637 -0.82398 -1.9461 0.83226 -0.81226 -3.5638 0.036114
