0 95 0 0.25994 4.8169 0.15382 0.11689 3.5752 0.046651 0.08609 3.5982 -0.93614 0.12693 4.2965 -2.4124 0.31164 5.8252 -2.3319 0.14698 3.582 1.0297 0.61803 4.1301 2.4948 1.1416 5.5803 2.5187 -0.04381 0.010769 -0.78833 0.39743 -2.0434 -0.7896 -0.18802 -3.7487 -0.78088 0.04381 -0.01077 0.78833 0.4013 -2.0753 0.94432 -0.30255 -3.7164 1.1936
0 95 168 -0.22228 4.8169 -0.2045 -0.10464 3.5752 -0.069935 -0.27884 3.5982 0.89779 -0.62573 4.2965 2.3333 -0.78966 5.8252 2.2161 0.070324 3.582 -1.0378 -0.085823 4.1301 -2.5688 -0.59293 5.5803 -2.701 -0.12105 0.010769 0.78021 -0.55291 -2.0434 0.68971 0.021561 -3.7487 0.8029 0.12105 -0.01077 -0.78021 -0.1962 -2.0753 -1.0071 0.5441 -3.7164 -1.1046
0 96 168 -0.18691 4.8279 -0.15552 -0.10851 3.5755 -0.053967 -0.28533 3.583 0.91353 -0.92196 4.4369 2.1522 -1.2935 5.8913 1.7992 0.069001 3.5979 -1.0211 -0.37571 4.2401 -2.4559 -1.099 5.601 -2.4078 -0.11727 0.010407 0.78079 -0.56401 -2.0406 0.69062 -0.0056096 -3.751 0.80803 0.11727 -0.010407 -0.78079 -0.21292 -2.0732 -1.0044 0.51739 -3.719 -1.0997
0 97 168 -0.15665 4.834 -0.10576 -0.111 3.5752 -0.038061 -0.28766 3.566 0.92945 -1.2279 4.4478 1.933 -1.7708 5.7892 1.4004 0.066414 3.6141 -1.0047 -0.66241 4.2658 -2.3134 -1.583 5.4861 -2.1107 -0.11988 0.0091467 0.78041 -0.57746 -2.0395 0.69047 -0.029377 -3.7526 0.81583 0.11988 -0.0091467 -0.78041 -0.22037 -2.0706 -1.0017 0.49364 -3.7235 -1.097
0 98 168 -0.12959 4.839 -0.061045 -0.11328 3.576 -0.019778 -0.30058 3.5582 0.94561 -1.5186 4.35 1.6928 -2.1973 5.5639 1.0269 0.074591 3.6235 -0.98404 -0.90582 4.2146 -2.1494 -1.9964 5.2522 -1.8153 -0.12638 0.0064335 0.77941 -0.59061 -2.0407 0.68984 -0.051283 -3.7559 0.82468 0.12638 -0.006433 -0.77941 -0.22443 -2.0662 -0.99983 0.47145 -3.727 -1.0911
0 99 168 -0.11947 4.8428 -0.025303 -0.12164 3.5784 -0.0024904 -0.32819 3.5479 0.95864 -1.7653 4.1457 1.4547 -2.5493 5.2284 0.68614 0.084652 3.6385 -0.96227 -1.096 4.0849 -1.9994 -2.3061 4.9344 -1.5618 -0.13701 0.0030518 0.77763 -0.60547 -2.0429 0.68271 -0.069999 -3.7581 0.83188 0.13701 -0.0030513 -0.77763 -0.2254 -2.0608 -0.99809 0.45123 -3.7298 -1.0841
0 100 168 -0.13665 4.8437 -0.0063129 -0.14324 3.5796 0.0075319 -0.37569 3.544 0.96255 -1.9515 3.8759 1.2371 -2.8156 4.8274 0.38521 0.087922 3.6451 -0.94622 -1.2303 3.8713 -1.8842 -2.5256 4.5464 -1.39 -0.15074 0.00036192 0.7751 -0.62584 -2.0435 0.66973 -0.090393 -3.7572 0.83583 0.15074 -0.0003624 -0.7751 -0.23047 -2.0535 -1.0065 0.42706 -3.7307 -1.0803
0 101 168 -0.17414 4.8428 -0.0013217 -0.18118 3.5795 0.0095505 -0.42177 3.5415 0.96246 -2.0518 3.5686 1.0671 -2.991 4.3776 0.14994 0.057562 3.6473 -0.94217 -1.3296 3.609 -1.8042 -2.6964 4.1247 -1.3109 -0.16209 -0.001101 0.7728 -0.64571 -2.0428 0.6639 -0.10979 -3.7554 0.83944 0.16209 0.001101 -0.7728 -0.23987 -2.0471 -1.0126 0.4058 -3.7294 -1.0756
0 101 180 -0.17061 4.8428 0.034913 -0.17524 3.5795 0.047011 -0.21245 3.5415 1.0291 -1.7851 3.5686 1.4704 -2.8944 4.3776 0.76852 -0.13958 3.6473 -0.93355 -1.6756 3.609 -1.4884 -2.9101 4.1247 -0.72163 0.0021258 -0.001101 0.78962 -0.49357 -2.0428 0.78364 0.067135 -3.7554 0.84393 -0.0021268 0.001101 -0.78962 -0.44516 -2.0471 -0.94058 0.17331 -3.7294 -1.1365
0 102 156 -0.23103 4.8399 -0.043549 -0.22566 3.5776 -0.045104 -0.65996 3.5233 0.83569 -2.2283 3.2242 0.49008 -3.0324 3.887 -0.64653 0.20583 3.6615 -0.92495 -0.99153 3.3524 -1.9924 -2.4888 3.6893 -1.843 -0.32398 -0.00029087 0.72009 -0.78157 -2.0402 0.51119 -0.29682 -3.7529 0.79844 0.32398 0.00029135 -0.72009 -0.035679 -2.0436 -1.0479 0.60413 -3.7274 -0.968
0 102 168 -0.23503 4.8399 0.005436 -0.2301 3.5776 0.0027987 -0.47178 3.5233 0.95464 -2.0778 3.2242 0.94267 -3.1006 3.887 -0.001922 0.0090257 3.6615 -0.94754 -1.3841 3.3524 -1.7427 -2.8176 3.6893 -1.2852 -0.16719 -0.00029087 0.77172 -0.65821 -2.0402 0.66252 -0.12433 -3.7529 0.84271 0.16719 0.00029135 -0.77172 -0.25277 -2.0436 -1.0176 0.38967 -3.7274 -1.0725
0 102 180 -0.22877 4.8399 0.054183 -0.22449 3.5776 0.050579 -0.26299 3.5233 1.0319 -1.8364 3.2242 1.3541 -3.0332 3.887 0.64277 -0.18818 3.6615 -0.92871 -1.7162 3.3524 -1.4169 -3.0232 3.6893 -0.67135 -0.0030832 -0.00029087 0.78961 -0.50608 -2.0402 0.78489 0.053598 -3.7529 0.85014 0.0030832 0.00029135 -0.78961 -0.45881 -2.0436 -0.94278 0.15818 -3.7274 -1.13
0 103 168 -0.30541 4.835 0.020125 -0.28532 3.5743 0.0061977 -0.53318 3.5038 0.95539 -2.0391 2.8782 0.85806 -3.1705 3.3738 -0.064973 -0.040823 3.6743 -0.94121 -1.3876 3.1121 -1.6753 -2.8734 3.2614 -1.2911 -0.1714 -0.0042858 0.77078 -0.66704 -2.0432 0.66401 -0.12633 -3.7531 0.85108 0.1714 0.0042858 -0.77078 -0.25127 -2.0394 -1.0139 0.38328 -3.7263 -1.0642
0 103 180 -0.29455 4.835 0.083184 -0.2778 3.5743 0.065385 -0.3229 3.5038 1.0454 -1.8161 2.8782 1.2633 -3.1147 3.3738 0.59563 -0.23562 3.6743 -0.91215 -1.7056 3.1121 -1.3502 -3.0791 3.2614 -0.66551 -0.0074033 -0.0042858 0.78957 -0.51441 -2.0432 0.78819 0.053377 -3.7531 0.85875 0.0074024 0.0042858 -0.78957 -0.45658 -2.0394 -0.93946 0.15364 -3.7263 -1.1207
0 104 168 -0.35433 4.8306 0.019764 -0.32559 3.571 0.0073405 -0.57713 3.4996 0.9555 -1.9278 2.5927 0.80743 -3.1593 2.8882 -0.072125 -0.077931 3.6718 -0.93916 -1.3283 2.8812 -1.6321 -2.8358 2.8474 -1.3094 -0.17725 -0.0063686 0.76944 -0.67636 -2.0445 0.66288 -0.12628 -3.7506 0.8567 0.17725 0.0063686 -0.76944 -0.24377 -2.0379 -1.0103 0.38533 -3.727 -1.0573
1 0 336 -2.3663 4.1169 -0.92985 -1.8733 2.9854 -0.66732 -2.2287 2.9629 0.24946 -1.654 1.4612 0.53783 -2.2779 0.052876 0.46717 -1.5315 3.034 -1.5883 -0.91525 1.5211 -1.6003 -1.4536 0.1268 -1.9794 -0.25917 0.00082231 0.74587 -1.4892 -1.4953 -0.06849 -0.70836 -3.0285 0.47032 0.25917 -0.00082231 -0.74587 -0.99942 -1.6161 -1.2161 0.12134 -2.9968 -0.91884
1 1 336 -2.3261 4.1439 -0.90789 -1.8472 3.0054 -0.64885 -2.1966 2.9876 0.27039 -1.6299 1.4877 0.58312 -2.2522 0.078567 0.65287 -1.5113 3.0496 -1.5722 -0.89857 1.5358 -1.6143 -1.3462 0.14445 -2.1057 -0.26021 -0.0035107 0.7455 -1.5493 -1.4418 -0.08151 -0.70263 -2.9327 0.47663 0.26021 0.0035105 -0.7455 -1.0465 -1.5634 -1.247 0.12845 -2.8877 -0.90559
1 2 336 -2.2151 4.2132 -0.86225 -1.7692 3.0594 -0.61287 -2.1185 3.0432 0.30639 -1.6065 1.5452 0.70978 -2.2575 0.18226 1.0199 -1.4324 3.1023 -1.536 -0.81299 1.5975 -1.6794 -1.1292 0.26607 -2.39 -0.26049 -0.0068364 0.74538 -1.5923 -1.4051 -0.0825 -0.68482 -2.8549 0.48801 0.26049 0.0068364 -0.74538 -1.0724 -1.5288 -1.2742 0.14902 -2.7993 -0.89361
1 3 336 -2.0547 4.3038 -0.8053 -1.6557 3.1285 -0.5737 -2.0059 3.1177 0.34535 -1.6039 1.6404 0.9152 -2.2839 0.41276 1.5539 -1.3169 3.1666 -1.4962 -0.65316 1.7059 -1.8039 -0.77549 0.54603 -2.8125 -0.25989 -0.0068836 0.74559 -1.6073 -1.398 -0.06901 -0.66301 -2.8206 0.51005 0.25989 0.0068839 -0.74559 -1.0812 -1.5111 -1.3039 0.16755 -2.7455 -0.89432
1 3 348 -2.1772 4.3038 -0.3605 -1.7388 3.1285 -0.21692 -1.8902 3.1177 0.75485 -1.3785 1.6404 1.2287 -1.911 0.41276 1.9948 -1.5992 3.1666 -1.1897 -1.0139 1.7059 -1.6287 -1.3433 0.54603 -2.5898 -0.099198 -0.0068836 0.78333 -1.5866 -1.398 0.26668 -0.54248 -2.8206 0.63675 0.099198 0.0068839 -0.78333 -1.3286 -1.5111 -1.0506 -0.022054 -2.7455 -0.90961
1 4 336 -1.8794 4.3948 -0.735 -1.5202 3.2007 -0.529 -1.8716 3.1954 0.38964 -1.5974 1.783 1.1634 -2.2811 0.8218 2.1565 -1.1789 3.234 -1.4508 -0.44853 1.8699 -1.9749 -0.36177 0.99632 -3.2425 -0.25763 -0.0071657 0.74637 -1.5718 -1.4546 -0.023242 -0.62055 -2.8802 0.53692 0.25763 0.0071654 -0.74637 -1.0275 -1.5559 -1.3117 0.21032 -2.7964 -0.88785
1 4 348 -1.9912 4.3948 -0.32818 -1.597 3.2007 -0.20136 -1.7496 3.1954 0.77025 -1.3206 1.783 1.4701 -1.7829 0.8218 2.5837 -1.4548 3.234 -1.174 -0.84933 1.8699 -1.8385 -1.028 0.99632 -3.0965 -0.096825 -0.0071657 0.78363 -1.5423 -1.4546 0.30406 -0.49536 -2.8802 0.65421 0.096825 0.0071654 -0.78363 -1.2778 -1.5559 -1.0694 0.021133 -2.7964 -0.91217
1 5 336 -1.6674 4.4907 -0.65682 -1.3579 3.2782 -0.47446 -1.715 3.2754 0.44198 -1.5511 1.9965 1.4452 -2.222 1.3785 2.6884 -1.0092 3.3095 -1.3936 -0.19614 2.0981 -2.1286 0.050895 1.5668 -3.5549 -0.25867 -0.0083079 0.746 -1.4813 -1.5763 0.067225 -0.57388 -3.0438 0.59079 0.25867 0.0083082 -0.746 -0.89259 -1.6618 -1.2935 0.27371 -2.9707 -0.87229
1 5 348 -1.7675 4.4907 -0.2958 -1.4269 3.2782 -0.18176 -1.5856 3.2754 0.78889 -1.2168 1.9965 1.7361 -1.6145 1.3785 3.0916 -1.2769 3.3095 -1.1533 -0.63441 2.0981 -2.0413 -0.68932 1.5668 -3.4878 -0.097919 -0.0083079 0.78348 -1.435 -1.5763 0.37373 -0.43851 -3.0438 0.6972 0.097919 0.0083082 -0.78348 -1.142 -1.6618 -1.0796 0.086374 -2.9707 -0.91014
1 27 348 -0.99385 4.723 -0.33524 -0.8322 3.4787 -0.18695 -1.0051 3.5066 0.78088 -0.96471 3.4883 2.4139 -1.1162 4.2803 3.7282 -0.66357 3.4802 -1.1559 -0.10128 3.0871 -2.6385 -0.18293 3.6559 -4.0694 -0.067419 0.01708 0.78655 -1.1526 -1.7067 1.3017 -0.33415 -3.2105 1.867 0.067419 -0.01708 -0.78655 -0.54486 -1.813 -1.6889 0.60104 -3.1757 -1.9728
1 28 348 -1.0546 4.7097 -0.34799 -0.87826 3.4666 -0.20356 -1.0523 3.4941 0.76408 -1.0094 3.4581 2.3967 -1.1974 4.2513 3.7057 -0.7092 3.4684 -1.1725 -0.14491 3.0686 -2.6525 -0.27072 3.6634 -4.0695 -0.069546 0.023125 0.78621 -1.1575 -1.6962 1.31 -0.36044 -3.2088 1.8824 0.069546 -0.023125 -0.78621 -0.55845 -1.7975 -1.7197 0.57253 -3.1744 -1.9953
1 37 336 -1.706 4.4572 -0.75369 -1.4177 3.2501 -0.52492 -1.8036 3.2643 0.37964 -1.3598 1.7338 0.73907 -1.812 0.31916 1.154 -1.041 3.2639 -1.4334 -0.46422 1.7355 -1.4233 -0.59061 0.33807 -2.0627 -0.22879 0.016521 0.75557 -1.1388 -1.7894 0.18572 -0.1921 -3.3001 0.45515 0.22879 -0.016521 -0.75557 -0.84471 -1.8141 -0.93052 0.25986 -3.1686 -0.48752
1 37 348 -1.8254 4.4572 -0.38253 -1.4958 3.2501 -0.21869 -1.6853 3.2643 0.74633 -1.1764 1.7338 1.0056 -1.5325 0.31916 1.5055 -1.3163 3.2639 -1.1856 -0.74999 1.7355 -1.2956 -1.0066 0.33807 -1.8949 -0.0667 0.016521 0.78662 -1.0753 -1.7894 0.41844 -0.093268 -3.3001 0.48514 0.0667 -0.016521 -0.78662 -1.0197 -1.8141 -0.73456 0.15282 -3.1686 -0.5309
1 38 324 -1.7008 4.3646 -1.1608 -1.4298 3.1694 -0.86454 -1.9828 3.1772 -0.05122 -1.5429 1.6515 0.33282 -1.9733 0.18523 0.53886 -0.8863 3.1892 -1.684 -0.33026 1.6651 -1.4925 -0.391 0.23491 -2.0658 -0.36116 0.01937 0.70191 -1.3628 -1.6222 -0.1443 -0.37644 -3.0576 0.32232 0.36116 -0.019369 -0.70192 -0.78717 -1.6941 -1.2414 0.25909 -2.9581 -0.49414
1 38 336 -1.905 4.3646 -0.78181 -1.5783 3.1694 -0.54837 -1.9501 3.1772 0.36215 -1.44 1.6515 0.64634 -1.8182 0.18523 0.93737 -1.2171 3.1892 -1.463 -0.63335 1.6651 -1.3912 -0.81196 0.23491 -1.9394 -0.20733 0.01937 0.76167 -1.3631 -1.6222 0.14221 -0.3012 -3.0576 0.39355 0.20733 -0.019369 -0.76167 -1.0281 -1.6941 -1.0506 0.15069 -2.9581 -0.53721
1 38 348 -2.0259 4.3646 -0.36865 -1.6578 3.1694 -0.20824 -1.8322 3.1772 0.75969 -1.2741 1.6515 0.9316 -1.5836 0.18523 1.2949 -1.4946 3.1892 -1.1779 -0.90877 1.6651 -1.2291 -1.1974 0.23491 -1.7282 -0.044444 0.01937 0.78813 -1.3037 -1.6222 0.42249 -0.21279 -3.0576 0.44757 0.044444 -0.019369 -0.78813 -1.224 -1.6941 -0.81389 0.035704 -2.9581 -0.5568
1 39 324 -1.6624 4.3965 -1.1424 -1.3656 3.2089 -0.83951 -1.9148 3.2128 -0.02356 -1.4996 1.6814 0.36558 -1.951 0.2187 0.55085 -0.82648 3.2323 -1.6618 -0.29414 1.6924 -1.5442 -0.41861 0.27286 -2.1334 -0.36364 0.020119 0.70061 -1.4462 -1.5567 -0.16889 -0.39401 -2.9424 0.30398 0.36364 -0.020119 -0.70061 -0.81767 -1.6354 -1.3406 0.23644 -2.8449 -0.51792
1 39 336 -1.8636 4.3965 -0.77176 -1.5103 3.2089 -0.53724 -1.8778 3.2128 0.37506 -1.3908 1.6814 0.66937 -1.7938 0.2187 0.94443 -1.1539 3.2323 -1.4536 -0.60878 1.6924 -1.4493 -0.85303 0.27286 -1.9998 -0.21003 0.020119 0.76091 -1.4497 -1.5567 0.13548 -0.3222 -2.9424 0.37926 0.21003 -0.020119 -0.76091 -1.0785 -1.6354 -1.1413 0.1236 -2.8449 -0.55576
1 39 348 -1.9833 4.3965 -0.36743 -1.589 3.2089 -0.21148 -1.7588 3.2128 0.75729 -1.2212 1.6814 0.94391 -1.5582 0.2187 1.2967 -1.4309 3.2323 -1.182 -0.8968 1.6924 -1.2911 -1.2502 0.27286 -1.7787 -0.047235 0.020119 0.78795 -1.3899 -1.5567 0.43393 -0.23631 -2.9424 0.43796 0.047235 -0.020119 -0.78795 -1.2923 -1.6354 -0.89214 0.0053477 -2.8449 -0.56931
1 40 324 -1.5059 4.476 -1.0562 -1.2383 3.2731 -0.78332 -1.7845 3.2757 0.034634 -1.4673 1.7324 0.46653 -2.0553 0.33893 0.76679 -0.70114 3.2984 -1.6068 -0.1867 1.7479 -1.5978 -0.33494 0.41379 -2.3566 -0.3903 0.012387 0.6863 -1.4074 -1.6085 -0.18119 -0.35625 -2.984 0.32298 0.3903 -0.012387 -0.6863 -0.73845 -1.6658 -1.3237 0.28528 -2.8938 -0.49016
1 40 336 -1.6926 4.476 -0.72001 -1.3741 3.2731 -0.50874 -1.7383 3.2757 0.40489 -1.3383 1.7324 0.76141 -1.851 0.33893 1.1774 -1.0199 3.2984 -1.4259 -0.51481 1.7479 -1.524 -0.81758 0.41379 -2.2354 -0.23908 0.012387 0.75245 -1.4143 -1.6085 0.11538 -0.28131 -2.984 0.38999 0.23908 -0.012387 -0.75245 -0.99754 -1.6658 -1.1413 0.17714 -2.8938 -0.53876
1 40 348 -1.8053 4.476 -0.35237 -1.4499 3.2731 -0.21193 -1.6161 3.2757 0.75746 -1.1507 1.7324 1.023 -1.5658 0.33893 1.5365 -1.2941 3.2984 -1.1827 -0.82042 1.7479 -1.3837 -1.2645 0.41379 -2.0166 -0.077408 0.012387 0.78572 -1.3594 -1.6085 0.40691 -0.19408 -2.984 0.43996 0.077407 -0.012387 -0.78572 -1.213 -1.6658 -0.90895 0.061253 -2.8938 -0.56381
1 41 348 -1.5964 4.5587 -0.32289 -1.2788 3.3431 -0.19844 -1.4418 3.3417 0.7715 -1.0518 1.8073 1.1743 -1.5452 0.54229 1.9051 -1.1252 3.3727 -1.1695 -0.69336 1.8336 -1.5065 -1.225 0.66073 -2.3546 -0.093528 0.0053382 0.78404 -1.222 -1.7296 0.42245 -0.12879 -3.1626 0.4722 0.093528 -0.0053382 -0.78404 -1.0633 -1.7536 -0.92459 0.11561 -3.0709 -0.56988
2 0 168 -2.8571 3.8359 -0.64263 -1.9858 2.9528 -0.39832 -2.2175 2.9191 0.55696 -0.86912 2.625 1.4311 -0.31034 1.6837 2.5171 -1.7757 3.0067 -1.3576 -0.21469 2.8813 -1.8228 0.74199 2.3106 -2.889 -0.13254 0.012938 0.77831 -1.0091 -1.8841 0.5605 -0.32011 -3.5499 0.59402 0.13254 -0.012938 -0.77831 -0.69431 -1.9294 -1.0188 0.17739 -3.4966 -0.83223
2 1 168 -3.1177 3.6134 -0.71794 -2.1903 2.7952 -0.45497 -2.4253 2.7601 0.49946 -1.0083 2.665 1.3069 -0.26766 1.8565 2.3911 -1.9782 2.849 -1.4139 -0.38978 2.8947 -1.7929 0.70069 2.4268 -2.7776 -0.13765 0.014499 0.77739 -1.0786 -1.8475 0.52892 -0.34886 -3.4955 0.58069 0.13765 -0.014499 -0.77739 -0.75497 -1.8983 -1.0396 0.15065 -3.4444 -0.83881
2 2 168 -3.3511 3.386 -0.7923 -2.3822 2.6228 -0.51413 -2.6207 2.5858 0.43935 -1.1647 2.6451 1.1778 -0.27863 1.9737 2.2464 -2.1674 2.6772 -1.4724 -0.56916 2.8408 -1.7682 0.62224 2.4453 -2.6637 -0.14757 0.015066 0.77556 -1.1584 -1.8052 0.4944 -0.37812 -3.429 0.5686 0.14757 -0.015066 -0.77556 -0.82211 -1.8574 -1.0583 0.12464 -3.3763 -0.84056
2 100 156 -2.2811 4.143 -1.0674 -1.7351 3.0502 -0.76258 -2.134 3.0311 0.13623 -1.8183 1.5322 0.70401 -2.1726 0.060079 0.99564 -1.3523 3.0935 -1.6675 -0.75812 1.591 -1.9088 -0.82154 0.09228 -2.2658 -0.3011 0.013217 0.72984 -1.5411 -1.5747 0.13393 -0.85505 -3.1874 0.5576 0.3011 -0.013217 -0.72984 -0.87227 -1.6745 -1.2568 0.095084 -3.1553 -0.90721
2 100 168 -2.4532 4.143 -0.5698 -1.8557 3.0502 -0.38517 -2.0591 3.0311 0.57694 -1.6322 1.5322 1.0667 -1.9181 0.060079 1.4256 -1.6694 3.0935 -1.3499 -1.1384 1.591 -1.7095 -1.2747 0.09228 -2.0455 -0.14278 0.013217 0.77649 -1.4796 -1.5747 0.45142 -0.72043 -3.1874 0.72319 0.14278 -0.013217 -0.77649 -1.1145 -1.6745 -1.048 -0.095614 -3.1553 -0.90716
2 101 156 -2.1667 4.2178 -1.0146 -1.6511 3.1062 -0.72367 -2.0419 3.0898 0.17876 -1.5886 1.6604 0.82688 -1.8047 0.19852 1.2672 -1.2756 3.1474 -1.6318 -0.5421 1.6958 -1.7852 -0.36271 0.1963 -2.0967 -0.30078 0.012243 0.72999 -1.4664 -1.6434 0.16897 -0.79502 -3.2623 0.5922 0.30078 -0.012243 -0.72999 -0.78875 -1.7372 -1.2316 0.15365 -3.2338 -0.88074
2 101 168 -2.3303 4.2178 -0.5419 -1.7654 3.1062 -0.36458 -1.9601 3.0898 0.59938 -1.382 1.6604 1.1391 -1.5018 0.19852 1.6147 -1.587 3.1474 -1.3309 -0.90143 1.6958 -1.6335 -0.79071 0.1963 -1.9755 -0.14243 0.012243 0.77657 -1.3992 -1.6434 0.47015 -0.65453 -3.2623 0.74455 0.14244 -0.012243 -0.77657 -1.0276 -1.7372 -1.0407 -0.032827 -3.2338 -0.89344
2 102 156 -2.0416 4.2888 -0.97673 -1.5595 3.1597 -0.69437 -1.9519 3.14 0.2073 -1.3824 1.7848 0.92005 -1.4889 0.35405 1.4851 -1.1816 3.205 -1.6013 -0.33062 1.8128 -1.6818 -0.014113 0.32554 -1.9377 -0.30337 0.014239 0.72888 -1.382 -1.7118 0.20788 -0.72987 -3.3394 0.62795 0.30337 -0.014239 -0.72888 -0.69872 -1.7978 -1.2074 0.21592 -3.3114 -0.85612
2 102 168 -2.2 4.2888 -0.53092 -1.6698 3.1597 -0.35496 -1.8661 3.14 0.60859 -1.1609 1.7848 1.1874 -1.1476 0.35405 1.7622 -1.4887 3.205 -1.3206 -0.67305 1.8128 -1.5763 -0.41667 0.32554 -1.8924 -0.1452 0.014239 0.77602 -1.3086 -1.7118 0.49068 -0.58337 -3.3394 0.76598 0.1452 -0.014239 -0.77602 -0.93447 -1.7978 -1.0357 0.033207 -3.3114 -0.8823
2 103 168 -2.0631 4.3601 -0.50438 -1.57 3.212 -0.33925 -1.7628 3.1948 0.62506 -0.96287 1.9064 1.2323 -0.85262 0.5151 1.888 -1.3914 3.2552 -1.3055 -0.47858 1.9188 -1.5277 -0.16024 0.43623 -1.8077 -0.14486 0.013962 0.77609 -1.2173 -1.7748 0.52209 -0.51464 -3.4135 0.78961 0.14486 -0.013961 -0.77609 -0.83974 -1.8543 -1.0169 0.10182 -3.3844 -0.86469
4 15 156 -1.3704 4.5684 -0.88874 -1.0313 3.3764 -0.63235 -1.4553 3.4311 0.25347 -1.0835 2.0735 1.0827 -2.0811 1.0067 0.58825 -0.6168 3.3495 -1.5239 -0.41986 1.7391 -1.7148 -1.8981 2 -2.0673 -0.30389 0.040467 0.72767 -0.79324 -2.0021 0.67535 0.80405 -2.5287 1.3252 0.30389 -0.040467 -0.72767 -0.76037 -1.8498 -0.81748 0.10233 -3.1987 0.011458
4 16 156 -1.4051 4.5568 -0.89146 -1.0515 3.3645 -0.65653 -1.4751 3.4039 0.23026 -1.0012 2.1455 1.158 -1.9977 1.0413 0.75133 -0.6376 3.3527 -1.5487 -0.54842 1.7419 -1.8059 -2.0087 2.1578 -2.075 -0.33414 0.035894 0.71454 -1.1702 -1.8771 0.4783 0.31039 -2.5675 1.2413 0.33414 -0.035894 -0.71454 -0.58165 -1.9266 -0.74154 0.34929 -3.2028 0.12776
4 17 156 -1.4097 4.5489 -0.9156 -1.0383 3.3575 -0.70261 -1.4522 3.3859 0.18919 -0.887 2.2284 1.1939 -1.8963 1.11 0.86522 -0.63435 3.3568 -1.5994 -0.59564 1.7527 -1.9061 -2.0305 2.2795 -2.1092 -0.36583 0.039956 0.69862 -1.4235 -1.7234 0.26725 -0.19479 -2.7447 1.1028 0.36583 -0.039955 -0.69862 -0.35531 -2.0126 -0.64553 0.6182 -3.2337 0.2557
4 17 168 -1.5692 4.5489 -0.6025 -1.1617 3.3575 -0.47138 -1.3811 3.3859 0.48697 -0.61939 2.2284 1.3522 -1.675 1.11 1.2406 -0.95302 3.3568 -1.4325 -0.97894 1.7527 -1.7406 -2.4247 2.2795 -1.641 -0.21259 0.039956 0.75941 -1.3368 -1.7234 0.55738 0.038751 -2.7447 1.1192 0.21259 -0.039955 -0.75941 -0.48175 -2.0126 -0.55755 0.65785 -3.2337 0.12158
4 18 168 -1.5264 4.5588 -0.62695 -1.1136 3.3666 -0.51881 -1.3225 3.3917 0.44196 -0.48351 2.3066 1.3293 -1.542 1.1857 1.3018 -0.91513 3.3693 -1.4821 -0.94272 1.7701 -1.8147 -2.3696 2.3381 -1.6769 -0.2447 0.046396 0.74931 -1.4495 -1.6456 0.43329 -0.48672 -3.0406 1.0481 0.2447 -0.046396 -0.74931 -0.20404 -2.0856 -0.51567 0.95666 -3.2763 0.18136
4 19 168 -1.4681 4.5705 -0.65969 -1.0539 3.3772 -0.56631 -1.2565 3.4003 0.39588 -0.37519 2.3439 1.2768 -1.4452 1.2351 1.3334 -0.86157 3.3819 -1.5308 -0.83879 1.7842 -1.8706 -2.2805 2.3108 -1.7226 -0.27458 0.054227 0.73835 -1.4295 -1.6607 0.36491 -1.0375 -3.33 0.92257 0.27458 -0.054227 -0.73835 0.089386 -2.1302 -0.47341 1.2639 -3.2954 0.24338
4 20 168 -1.3889 4.5894 -0.67914 -0.97478 3.3953 -0.59475 -1.1798 3.4148 0.36699 -0.29691 2.3437 1.2284 -1.3809 1.2551 1.3608 -0.77946 3.4039 -1.5587 -0.67114 1.8072 -1.8865 -2.148 2.2349 -1.7701 -0.30867 0.057014 0.72455 -1.3372 -1.738 0.35806 -1.53 -3.4865 0.75399 0.30867 -0.057014 -0.72455 0.3783 -2.1341 -0.41592 1.557 -3.2796 0.32532
4 20 180 -1.4997 4.5894 -0.37554 -1.0771 3.3953 -0.37909 -1.0777 3.4148 0.60426 -0.035029 2.3437 1.2633 -1.0678 1.2551 1.6181 -1.0865 3.4039 -1.3626 -1.0487 1.8072 -1.7058 -2.4691 2.2349 -1.2848 -0.15128 0.057014 0.77289 -1.2335 -1.738 0.62825 -1.3398 -3.4865 1.0556 0.15128 -0.057014 -0.77289 0.28356 -2.1341 -0.48548 1.5906 -3.2796 -0.0055043
4 21 180 -1.4065 4.615 -0.39312 -0.9905 3.4188 -0.40519 -1.0138 3.4296 0.57802 -0.013465 2.3163 1.2327 -1.0489 1.2454 1.6312 -0.97672 3.4361 -1.3885 -0.82705 1.8471 -1.7366 -2.295 2.1387 -1.3655 -0.19036 0.056341 0.76426 -1.1998 -1.7827 0.64922 -1.6477 -3.4994 0.97031 0.19036 -0.05634 -0.76426 0.48702 -2.1131 -0.4546 1.8535 -3.1828 0.034565
4 22 180 -1.3151 4.6353 -0.42583 -0.90794 3.4362 -0.44264 -0.97849 3.4376 0.53837 -0.054489 2.2776 1.2234 -1.1109 1.223 1.61 -0.84669 3.4631 -1.4239 -0.59576 1.8879 -1.7767 -2.1029 2.0299 -1.4835 -0.22989 0.059127 0.75309 -1.249 -1.7734 0.62072 -1.6358 -3.4962 0.98564 0.22989 -0.059127 -0.75309 0.51144 -2.1173 -0.43882 2.011 -2.9832 0.063535
4 24 192 -1.3066 4.6193 -0.4613 -0.91167 3.4173 -0.5156 -0.94028 3.4056 0.46746 -0.14629 2.1634 1.1712 -1.2589 1.1673 1.5555 -0.89232 3.4573 -1.4981 -0.46816 1.9246 -1.872 -1.9662 1.7164 -1.5716 -0.15081 0.11788 0.76607 -1.3334 -1.6149 0.65101 -1.0574 -3.3096 1.2012 0.15081 -0.11788 -0.76607 0.019 -2.2043 -0.55722 1.787 -2.512 -0.38329
4 59 312 -1.4561 4.5088 -1.0507 -1.1034 3.326 -0.77674 -1.3169 3.4958 0.16822 -0.83238 2.1823 1.0101 -2.1592 1.4617 0.69731 -0.90012 3.1834 -1.7284 -0.31157 1.6629 -1.83 -1.8535 1.6517 -1.8212 -0.11985 0.13081 0.76943 -1.1781 -1.6825 0.84803 0.3378 -2.4504 1.4507 0.11985 -0.13081 -0.76943 -0.70511 -2.0003 -0.28071 0.45115 -3.1718 0.45513
4 60 312 -1.4972 4.48 -1.1025 -1.1406 3.2966 -0.83533 -1.3508 3.4666 0.11034 -0.80752 2.1815 0.96006 -2.1322 1.4872 0.58464 -0.94062 3.1538 -1.7877 -0.46004 1.5962 -1.8952 -1.9947 1.7408 -1.8568 -0.16019 0.137 0.76097 -1.4124 -1.5424 0.60028 -0.13064 -2.605 1.2923 0.16019 -0.137 -0.76097 -0.46318 -2.0687 -0.21856 0.70899 -3.2044 0.5476
4 60 324 -1.6937 4.48 -0.76711 -1.2893 3.2966 -0.57994 -1.2983 3.4666 0.38876 -0.59026 2.1815 1.107 -1.964 1.4872 1.0152 -1.2917 3.1538 -1.5531 -0.84401 1.5962 -1.7581 -2.3372 1.7408 -1.4015 0.0015257 0.137 0.77764 -1.2567 -1.5424 0.88082 0.14089 -2.605 1.2912 -0.0015255 -0.137 -0.77764 -0.4985 -2.0687 -0.11748 0.80735 -3.2044 0.38823
4 61 312 -1.4219 4.5006 -1.1227 -1.0663 3.3112 -0.8799 -1.2494 3.473 0.072799 -0.65004 2.2168 0.92793 -1.9758 1.5397 0.52607 -0.89324 3.1767 -1.8387 -0.46516 1.6035 -1.9415 -1.988 1.8405 -1.8914 -0.19558 0.14334 0.75146 -1.4765 -1.4885 0.41882 -0.54208 -2.8853 1.0719 0.19558 -0.14334 -0.75146 -0.16971 -2.1158 -0.12666 0.9982 -3.2532 0.64351
4 61 324 -1.6243 4.5006 -0.80258 -1.226 3.3112 -0.63897 -1.207 3.473 0.33098 -0.4429 2.2168 1.0428 -1.8233 1.5397 0.92538 -1.256 3.1767 -1.6128 -0.85865 1.6035 -1.8024 -2.3378 1.8405 -1.4367 -0.035069 0.14334 0.77571 -1.3572 -1.4885 0.71666 -0.30738 -2.8853 1.1612 0.035069 -0.14334 -0.77571 -0.19234 -2.1158 -0.088605 1.1102 -3.2532 0.42191
4 62 312 -1.3491 4.5248 -1.1097 -0.99865 3.3273 -0.89855 -1.1673 3.4727 0.059476 -0.51566 2.2424 0.91426 -1.8386 1.5524 0.52503 -0.83961 3.2097 -1.862 -0.43114 1.6314 -1.9653 -1.9468 1.9079 -1.9018 -0.22908 0.14143 0.74231 -1.4375 -1.5239 0.31735 -0.94765 -3.193 0.79203 0.22907 -0.14143 -0.74231 0.13321 -2.1394 -0.099522 1.269 -3.2602 0.73996
4 62 324 -1.5503 4.5248 -0.80498 -1.1636 3.3273 -0.67128 -1.1294 3.4727 0.30087 -0.3143 2.2424 1.0015 -1.6892 1.5524 0.89582 -1.2084 3.2097 -1.6467 -0.83033 1.6314 -1.8327 -2.2997 1.9079 -1.4555 -0.069735 0.14143 0.77371 -1.3401 -1.5239 0.60928 -0.76227 -3.193 0.97175 0.069735 -0.14143 -0.77371 0.10961 -2.1394 -0.12504 1.3951 -3.2602 0.45995
4 63 324 -1.5101 4.5352 -0.79541 -1.1391 3.3298 -0.68722 -1.1168 3.4521 0.28844 -0.25634 2.2436 0.97241 -1.6164 1.5208 0.8988 -1.1714 3.2355 -1.6657 -0.78842 1.6589 -1.8559 -2.2565 1.9392 -1.4766 -0.11259 0.13507 0.76979 -1.2431 -1.6232 0.55789 -1.1844 -3.4132 0.76609 0.11259 -0.13507 -0.76979 0.36687 -2.1215 -0.13432 1.6441 -3.228 0.49425
4 63 336 -1.6425 4.5352 -0.46405 -1.2571 3.3298 -0.43537 -1.0324 3.4521 0.51433 -0.048561 2.2436 1.0045 -1.3942 1.5208 1.2152 -1.4921 3.2355 -1.3858 -1.1571 1.6589 -1.6515 -2.5142 1.9392 -0.97523 0.049919 0.13507 0.77638 -1.0999 -1.6232 0.80415 -0.99923 -3.4132 0.9956 -0.049919 -0.13507 -0.77638 0.33093 -2.1215 -0.20766 1.711 -3.228 0.14161
4 64 324 -1.4423 4.5633 -0.7543 -1.0782 3.3541 -0.66337 -1.0928 3.451 0.31528 -0.22101 2.2498 0.9979 -1.5682 1.5026 0.93157 -1.0732 3.2853 -1.6445 -0.66891 1.7159 -1.8501 -2.1546 1.9501 -1.5103 -0.15619 0.11814 0.76495 -1.1668 -1.7081 0.52442 -1.3807 -3.4963 0.60999 0.15619 -0.11814 -0.76495 0.50549 -2.0827 -0.10693 1.8466 -3.1116 0.52043
4 64 336 -1.5676 4.5633 -0.43795 -1.1926 3.3541 -0.4247 -1.0034 3.451 0.5356 -0.0087025 2.2498 1.022 -1.3403 1.5026 1.2373 -1.3917 3.2853 -1.3854 -1.039 1.7159 -1.6706 -2.4215 1.9501 -1.0293 0.0062614 0.11814 0.78071 -1.0323 -1.7081 0.75554 -1.2237 -3.4963 0.88373 -0.0062614 -0.11814 -0.78071 0.47221 -2.0827 -0.20969 1.9145 -3.1116 0.12512
4 65 324 -1.3596 4.5973 -0.70386 -1.0021 3.3853 -0.62499 -1.0754 3.4577 0.35315 -0.25278 2.2399 1.0665 -1.5972 1.4946 0.94542 -0.93814 3.3412 -1.6055 -0.48712 1.7875 -1.8319 -1.9938 1.9632 -1.5548 -0.18977 0.10106 0.75978 -1.2009 -1.7148 0.4523 -1.2595 -3.514 0.55454 0.18977 -0.10106 -0.75978 0.47263 -2.0836 -0.12447 1.9508 -2.9005 0.50687
4 65 336 -1.4763 4.5973 -0.4058 -1.1101 3.3853 -0.40299 -0.97847 3.4577 0.56902 -0.025511 2.2399 1.0958 -1.3658 1.4946 1.2568 -1.2514 3.3412 -1.3753 -0.85736 1.7875 -1.6906 -2.2735 1.9632 -1.1063 -0.027655 0.10106 0.78264 -1.0806 -1.7148 0.6921 -1.1167 -3.514 0.80428 0.027655 -0.10106 -0.78264 0.43642 -2.0836 -0.22001 2.0136 -2.9005 0.090191
4 66 336 -1.3881 4.621 -0.41906 -1.0326 3.406 -0.42785 -0.97573 3.4506 0.55303 -0.11352 2.2034 1.1611 -1.4861 1.5025 1.2105 -1.0989 3.3897 -1.409 -0.62739 1.8626 -1.7473 -2.0919 1.9376 -1.2705 -0.064896 0.099916 0.78058 -1.1123 -1.714 0.61618 -0.79302 -3.4821 0.76681 0.064896 -0.099916 -0.78058 0.27259 -2.1333 -0.29435 1.9686 -2.6564 0.023018
4 67 336 -1.3784 4.6065 -0.49668 -1.0255 3.3914 -0.51592 -1.0531 3.4077 0.46711 -0.31568 2.1356 1.1788 -1.7214 1.5116 1.0682 -1.0074 3.4033 -1.4992 -0.39781 1.9255 -1.8359 -1.9037 1.827 -1.519 -0.11085 0.11783 0.77287 -1.1523 -1.6879 0.50995 -0.52254 -3.359 0.758 0.11085 -0.11783 -0.77287 -0.021155 -2.1897 -0.44988 1.7282 -2.425 -0.082329
4 68 336 -1.4272 4.5779 -0.56056 -1.0515 3.3706 -0.58125 -1.1557 3.3651 0.39675 -0.57643 2.0685 1.2043 -1.9981 1.5509 0.90677 -0.95781 3.404 -1.5598 -0.15373 2.0141 -1.8601 -1.659 1.6971 -1.7535 -0.1439 0.12681 0.76597 -1.1224 -1.7118 0.48947 -0.23381 -3.2525 0.78526 0.1439 -0.12681 -0.76597 -0.37926 -2.1584 -0.65028 1.3572 -2.2826 -0.18095
