2 4 180 -3.8309 2.9497 -0.13034 -2.7653 2.2762 -0.042064 -2.8043 2.2324 0.93973 -1.2132 2.4214 1.258 0.028212 1.9191 2.0224 -2.7518 2.3353 -1.0237 -1.1991 2.5215 -1.4961 -0.07607 2.1105 -2.4695 -0.0017919 0.01072 0.78954 -1.2101 -1.7051 0.68898 -0.29267 -3.256 0.62744 0.0017928 -0.01072 -0.78954 -1.1697 -1.7526 -0.87805 -0.084824 -3.192 -0.8354
2 5 180 -3.9451 2.7986 -0.152 -2.8687 2.1446 -0.056778 -2.9108 2.0931 0.92452 -1.3104 2.2399 1.2177 -0.058491 1.7 1.9381 -2.8525 2.2108 -1.038 -1.2754 2.2949 -1.4556 -0.16137 1.7347 -2.3626 -0.0053281 0.010496 0.78953 -1.2883 -1.6485 0.66302 -0.28452 -3.1458 0.6248 0.0053281 -0.010496 -0.78953 -1.2471 -1.6942 -0.89429 -0.086125 -3.0721 -0.82868
2 6 180 -4.0071 2.7106 -0.16293 -2.929 2.0625 -0.054633 -2.9792 2.0064 0.92602 -1.3713 2.0068 1.215 -0.16637 1.3195 1.8884 -2.9048 2.133 -1.0354 -1.322 2.0216 -1.424 -0.30975 1.2245 -2.2711 -0.0029411 0.0067756 0.78958 -1.3631 -1.5877 0.64185 -0.26422 -3.0171 0.63636 0.0029411 -0.0067759 -0.78958 -1.3105 -1.6419 -0.91368 -0.068857 -2.9469 -0.83508
2 7 180 -4.0013 2.7171 -0.16877 -2.9369 2.0506 -0.042953 -3.0033 1.992 0.93659 -1.4216 1.7159 1.2375 -0.35899 0.78388 1.8539 -2.8964 2.1239 -1.0229 -1.363 1.7171 -1.4126 -0.57457 0.6437 -2.1897 -0.0038928 -0.0050759 0.78959 -1.4501 -1.5194 0.61762 -0.24781 -2.8623 0.66319 0.0038933 0.0050757 -0.78959 -1.3501 -1.5943 -0.94137 -0.036061 -2.8258 -0.85348
2 8 180 -3.9393 2.8051 -0.18 -2.8982 2.1052 -0.043752 -2.9792 2.0428 0.93446 -1.5116 1.4042 1.2618 -0.79432 0.14683 1.793 -2.8427 2.183 -1.0226 -1.4701 1.4022 -1.4412 -1.0895 0.079658 -2.1366 -0.012176 -0.01733 0.78933 -1.5226 -1.4641 0.58993 -0.22457 -2.7125 0.67713 0.012176 0.01733 -0.78933 -1.3759 -1.5486 -0.97723 0.0032911 -2.7042 -0.86182
2 9 180 -3.8183 2.9672 -0.19662 -2.8187 2.211 -0.059232 -2.9099 2.1476 0.91803 -1.7099 1.1048 1.2936 -1.6141 -0.39127 1.6547 -2.7525 2.2905 -1.0373 -1.6929 1.1236 -1.4667 -1.9024 -0.28579 -2.056 -0.024944 -0.027252 0.78875 -1.5477 -1.4574 0.5652 -0.16142 -2.6057 0.66763 0.024943 0.027252 -0.78875 -1.3736 -1.5252 -1.0088 0.063771 -2.604 -0.86394
2 15 168 -2.2842 4.2098 -0.63013 -1.8509 3.0474 -0.40567 -2.1767 3.0532 0.52234 -3.7248 2.5598 0.69138 -3.9052 3.9109 -0.029516 -1.5384 3.068 -1.338 -2.7878 2.3852 -2.1389 -3.2017 3.8523 -1.9069 -0.15029 0.0032692 0.77518 -0.43397 -2.0715 0.6042 0.82356 -3.3219 0.92964 0.15029 -0.0032692 -0.77518 -0.080997 -2.079 -1.0032 1.2599 -3.2452 -0.69825
2 15 180 -2.3653 4.2098 -0.14144 -1.8948 3.0474 -0.011972 -2.0205 3.0532 0.96349 -3.4997 2.5598 1.4507 -3.826 3.9109 0.78307 -1.7829 3.068 -0.98892 -3.1716 2.3852 -1.5125 -3.5282 3.8523 -1.1996 0.014165 0.0032692 0.78948 -0.29886 -2.0715 0.68122 0.99884 -3.3219 0.7381 -0.014165 -0.0032692 -0.78948 -0.28781 -2.079 -0.96447 1.0872 -3.2452 -0.94494
2 16 168 -1.8857 4.4234 -0.51735 -1.5297 3.2223 -0.3438 -1.8419 3.2323 0.58883 -3.423 2.8413 0.71478 -3.4641 4.2241 0.033676 -1.2275 3.2403 -1.2796 -2.4876 2.6674 -2.1471 -2.7554 4.1564 -1.8491 -0.16504 0.0054674 0.77216 -0.084997 -2.0939 0.74714 1.0233 -3.4756 1.0839 0.16504 -0.0054674 -0.77216 0.2488 -2.0999 -0.91532 1.5164 -3.369 -0.73227
2 16 180 -1.9521 4.4234 -0.11398 -1.5677 3.2223 -0.018248 -1.6792 3.2323 0.95891 -3.1996 2.8413 1.4108 -3.3814 4.2241 0.75318 -1.4667 3.2403 -0.99643 -2.8797 2.6674 -1.5829 -3.0797 4.1564 -1.2358 -0.00089066 0.0054674 0.7896 0.0722 -2.0939 0.74849 1.2263 -3.4756 0.84749 0.00089019 -0.0054674 -0.7896 0.053058 -2.0999 -0.94704 1.331 -3.369 -1.0316
2 17 168 -1.7042 4.5058 -0.45795 -1.366 3.2936 -0.31858 -1.6629 3.301 0.61904 -3.2487 2.9214 0.71843 -3.274 4.3138 0.056416 -1.0775 3.3147 -1.2586 -2.3195 2.7787 -2.1745 -2.5466 4.268 -1.8457 -0.17478 0.0069966 0.77 -0.055823 -2.0906 0.75157 1.0591 -3.4583 1.1222 0.17478 -0.0069966 -0.77 0.29363 -2.1029 -0.85495 1.6453 -3.2855 -0.69557
2 17 180 -1.7621 4.5058 -0.093626 -1.4024 3.2936 -0.02762 -1.4979 3.301 0.95125 -3.0284 2.9214 1.3782 -3.1907 4.3138 0.73589 -1.3156 3.3147 -1.0071 -2.7209 2.7787 -1.6448 -2.8747 4.268 -1.2759 -0.010873 0.0069966 0.78951 0.10166 -2.0906 0.74675 1.2693 -3.4583 0.87743 0.010873 -0.0069966 -0.78951 0.10946 -2.1029 -0.89731 1.4647 -3.2855 -1.0224
2 18 168 -1.7636 4.4801 -0.48076 -1.4129 3.2693 -0.36273 -1.6994 3.2653 0.57814 -3.2734 2.8407 0.68277 -3.3256 4.2333 0.022654 -1.1355 3.3016 -1.3058 -2.3408 2.7195 -2.2424 -2.6105 4.2029 -1.9193 -0.19164 0.0096245 0.76595 -0.2555 -2.0891 0.69162 0.99768 -3.3302 1.0659 0.19164 -0.009625 -0.76595 0.096486 -2.1047 -0.89209 1.5588 -3.1304 -0.64605
2 18 180 -1.8251 4.4801 -0.10357 -1.4574 3.2693 -0.061048 -1.5421 3.2653 0.91884 -3.06 2.8407 1.3484 -3.2482 4.2333 0.71359 -1.3822 3.3016 -1.0412 -2.7558 2.7195 -1.7067 -2.9524 4.2029 -1.3346 -0.028206 0.0096245 0.78906 -0.10612 -2.0891 0.72963 1.1975 -3.3302 0.83517 0.028206 -0.009625 -0.78906 -0.091097 -2.1047 -0.89265 1.3904 -3.1304 -0.95601
2 19 168 -1.8655 4.4397 -0.52092 -1.4714 3.2428 -0.40971 -1.75 3.2254 0.53341 -3.287 2.6829 0.64325 -3.4503 4.0671 -0.016215 -1.2037 3.2878 -1.355 -2.3596 2.6313 -2.3046 -2.7486 4.0932 -2.006 -0.20319 0.014739 0.76289 -0.55285 -2.0512 0.60809 0.81668 -3.1635 0.97958 0.20319 -0.014738 -0.76289 -0.1694 -2.0724 -0.96643 1.3352 -3.008 -0.63183
2 19 180 -1.9331 4.4397 -0.12167 -1.5245 3.2428 -0.094825 -1.6009 3.2254 0.88559 -3.0814 2.6829 1.3126 -3.3782 4.0671 0.70149 -1.4591 3.2878 -1.0752 -2.7872 2.6313 -1.7637 -3.1056 4.0932 -1.3907 -0.040133 0.014739 0.78846 -0.41434 -2.0512 0.70975 1.0025 -3.1635 0.78838 0.040134 -0.014738 -0.78846 -0.36663 -2.0724 -0.91009 1.1746 -3.008 -0.89562
2 20 168 -1.9891 4.3896 -0.54129 -1.5407 3.2131 -0.42117 -1.8214 3.1853 0.52107 -3.293 2.4844 0.6302 -3.6318 3.8321 -0.038045 -1.2723 3.268 -1.3658 -2.3681 2.5161 -2.316 -2.9094 3.9344 -2.0454 -0.21201 0.009263 0.76057 -0.83209 -1.9875 0.55406 0.58715 -3.0456 0.89624 0.21201 -0.0092626 -0.76057 -0.39481 -2.0031 -1.0262 1.0717 -2.9648 -0.60744
2 20 180 -2.0581 4.3896 -0.11591 -1.5946 3.2131 -0.091634 -1.6732 3.1853 0.88837 -3.09 2.4844 1.3011 -3.5604 3.8321 0.71789 -1.5285 3.268 -1.0714 -2.7978 2.5161 -1.773 -3.2711 3.9344 -1.3958 -0.04925 0.009263 0.78803 -0.69871 -1.9875 0.71495 0.76066 -3.0456 0.75458 0.04925 -0.0092626 -0.78803 -0.59954 -2.0031 -0.92169 0.92199 -2.9648 -0.81699
2 20 192 -2.0373 4.3896 0.31453 -1.5788 3.2131 0.2419 -1.452 3.1853 1.2168 -2.7519 2.4844 1.9151 -3.3333 3.8321 1.4424 -1.7178 3.268 -0.73022 -3.1053 2.5161 -1.1526 -3.4898 3.9344 -0.68521 0.11567 0.009263 0.78105 -0.5348 -1.9875 0.8446 0.90092 -3.0456 0.57994 -0.11567 -0.0092626 -0.78105 -0.77806 -2.0031 -0.7769 0.73198 -2.9648 -0.99083
2 21 168 -2.1698 4.2995 -0.5806 -1.6634 3.1481 -0.45174 -1.95 3.1048 0.48813 -3.3308 2.2395 0.60342 -3.8704 3.5055 -0.092023 -1.3906 3.2178 -1.3941 -2.4071 2.343 -2.327 -3.1084 3.6947 -2.0846 -0.22007 0.0051913 0.75831 -1.0813 -1.8959 0.51662 0.30111 -3.0148 0.81284 0.22007 -0.0051918 -0.75831 -0.59273 -1.9139 -1.0906 0.78038 -2.9735 -0.59806
2 21 180 -2.2431 4.2995 -0.11677 -1.721 3.1481 -0.096018 -1.8059 3.1048 0.8829 -3.1326 2.2395 1.2828 -3.8049 3.5055 0.71469 -1.65 3.2178 -1.0745 -2.8383 2.343 -1.7757 -3.4739 3.6947 -1.3928 -0.057603 0.0051913 0.7875 -0.9503 -1.8959 0.73016 0.46353 -3.0148 0.73247 0.057603 -0.0051918 -0.7875 -0.80654 -1.9139 -0.94357 0.63898 -2.9735 -0.74724
2 21 192 -2.2184 4.2995 0.35215 -1.7034 3.1481 0.2639 -1.5829 3.1048 1.2391 -2.7974 2.2395 1.906 -3.5732 3.5055 1.4902 -1.8374 3.2178 -0.70798 -3.1454 2.343 -1.1468 -3.6875 3.6947 -0.64006 0.10739 0.0051913 0.78227 -0.77773 -1.8959 0.91178 0.60569 -3.0148 0.62009 -0.10739 -0.0051918 -0.78227 -0.98509 -1.9139 -0.75526 0.46966 -2.9735 -0.86377
2 22 168 -2.3442 4.1982 -0.64647 -1.778 3.0773 -0.50382 -2.0798 3.0238 0.43075 -3.3381 1.991 0.56675 -4.1037 3.1163 -0.158 -1.4915 3.1561 -1.4414 -2.4033 2.1691 -2.3705 -3.2742 3.4235 -2.1571 -0.22882 0.0071793 0.7557 -1.2662 -1.799 0.4807 -0.034585 -3.0906 0.73716 0.22882 -0.0071793 -0.7557 -0.74003 -1.8305 -1.1444 0.49468 -3.0322 -0.61302
2 22 180 -2.4274 4.1982 -0.14496 -1.8439 3.0773 -0.12314 -1.9448 3.0238 0.85376 -3.1474 1.991 1.2484 -4.0469 3.1163 0.69867 -1.7586 3.1561 -1.0998 -2.8437 2.1691 -1.819 -3.6511 3.4235 -1.4292 -0.066702 0.0071793 0.78676 -1.1386 -1.799 0.73346 0.11944 -3.0906 0.72825 0.066701 -0.0071793 -0.78676 -0.9618 -1.8305 -0.96557 0.35642 -3.0322 -0.70247
2 22 192 -2.4045 4.1982 0.36289 -1.8292 3.0773 0.26292 -1.7248 3.0238 1.2394 -2.819 1.991 1.8755 -3.8132 3.1163 1.5248 -1.9489 3.1561 -0.71013 -3.1597 2.1691 -1.188 -3.8685 3.4235 -0.63886 0.098333 0.0071793 0.78344 -0.96125 -1.799 0.95417 0.26824 -3.0906 0.6875 -0.098334 -0.0071793 -0.78344 -1.1415 -1.8305 -0.74451 0.20258 -3.0322 -0.76123
2 23 168 -2.4908 4.1039 -0.70312 -1.8648 3.019 -0.54198 -2.1682 2.955 0.3914 -3.2849 1.7773 0.57815 -4.2676 2.6923 -0.17986 -1.5783 3.1072 -1.4787 -2.3531 1.9971 -2.3932 -3.4013 3.1161 -2.2301 -0.23353 0.0087333 0.75425 -1.366 -1.7366 0.46149 -0.41981 -3.2567 0.67362 0.23353 -0.0087333 -0.75425 -0.84021 -1.7631 -1.1826 0.16782 -3.1727 -0.68484
2 23 180 -2.5826 4.1039 -0.16989 -1.9367 3.019 -0.14243 -2.0395 2.955 0.83365 -3.0929 1.7773 1.2485 -4.2118 2.6923 0.71136 -1.8513 3.1072 -1.1183 -2.7992 1.9971 -1.8517 -3.7907 3.1161 -1.4742 -0.071607 0.0087333 0.78632 -1.2402 -1.7366 0.7354 -0.27058 -3.2567 0.74618 0.071607 -0.0087333 -0.78632 -1.0677 -1.7631 -0.98206 0.021766 -3.1727 -0.70476
2 23 192 -2.5615 4.1039 0.37077 -1.924 3.019 0.26336 -1.8216 2.955 1.2395 -2.7657 1.7773 1.8642 -3.9718 2.6923 1.5715 -2.0434 3.1072 -0.70893 -3.1231 1.9971 -1.2292 -4.0143 3.1161 -0.65382 0.093443 0.0087333 0.78402 -1.0602 -1.7366 0.97718 -0.10953 -3.2567 0.78613 -0.093443 -0.0087333 -0.78402 -1.2486 -1.7631 -0.7386 -0.12524 -3.1727 -0.69389
2 24 168 -2.5902 4.033 -0.72997 -1.9148 2.9834 -0.54991 -2.2102 2.9117 0.3855 -3.1667 1.6069 0.61173 -4.3345 2.2487 -0.16424 -1.638 3.078 -1.4889 -2.2517 1.8462 -2.3692 -3.4754 2.7799 -2.2773 -0.2309 0.0055532 0.75508 -1.377 -1.7317 0.46723 -0.81386 -3.4377 0.61978 0.2309 -0.0055532 -0.75508 -0.89355 -1.7205 -1.2123 -0.21336 -3.3434 -0.81972
2 24 180 -2.6854 4.033 -0.17548 -1.9873 2.9834 -0.13978 -2.0817 2.9117 0.8366 -2.9704 1.6069 1.2568 -4.2739 2.2487 0.74055 -1.9118 3.078 -1.1158 -2.6951 1.8462 -1.8493 -3.8729 2.7799 -1.5049 -0.068868 0.0055532 0.78659 -1.2497 -1.7317 0.74331 -0.66722 -3.4377 0.77545 0.068868 -0.0055532 -0.78659 -1.1261 -1.7205 -1 -0.37912 -3.3434 -0.75745
2 24 192 -2.6632 4.033 0.38667 -1.9729 2.9834 0.27646 -1.8623 2.9117 1.2511 -2.6441 1.6069 1.8469 -4.0266 2.2487 1.613 -2.102 3.078 -0.69398 -3.0207 1.8462 -1.2485 -4.1012 2.7799 -0.6668 0.096178 0.0055532 0.78372 -1.0679 -1.7317 0.9869 -0.49141 -3.4377 0.89723 -0.096178 -0.0055532 -0.78372 -1.3094 -1.7205 -0.74402 -0.52832 -3.3434 -0.66208
2 25 168 -2.6528 3.978 -0.76405 -1.9516 2.9526 -0.56264 -2.2471 2.8781 0.37247 -3.015 1.4593 0.62929 -4.3126 1.784 -0.13784 -1.6756 3.0491 -1.5017 -2.1176 1.7193 -2.3413 -3.4923 2.4178 -2.3364 -0.22841 0.0047641 0.75585 -1.3727 -1.7369 0.48832 -1.1703 -3.5258 0.58598 0.22841 -0.0047641 -0.75585 -0.9245 -1.6913 -1.2465 -0.54795 -3.4333 -0.97325
2 25 180 -2.7537 3.978 -0.19581 -2.0259 2.9526 -0.1446 -2.1206 2.8781 0.83154 -2.8183 1.4593 1.2424 -4.247 1.784 0.76182 -1.9512 3.0491 -1.1205 -2.5581 1.7193 -1.8498 -3.9017 2.4178 -1.5592 -0.066273 0.0047641 0.78682 -1.2412 -1.7369 0.76305 -1.0229 -3.5258 0.8165 0.066273 -0.0047641 -0.78682 -1.1635 -1.6913 -1.027 -0.73833 -3.4333 -0.83806
2 25 192 -2.7342 3.978 0.38099 -2.0117 2.9526 0.27977 -1.9014 2.8781 1.2543 -2.4984 1.4593 1.8012 -3.9958 1.784 1.6282 -2.1416 3.0491 -0.69038 -2.8868 1.7193 -1.2776 -4.1407 2.4178 -0.71396 0.098764 0.0047641 0.7834 -1.0554 -1.7369 1.0044 -0.83082 -3.5258 1.0113 -0.098764 -0.0047641 -0.7834 -1.3516 -1.6913 -0.76269 -0.89644 -3.4333 -0.66624
2 26 168 -2.66 3.9583 -0.82359 -1.9652 2.9347 -0.59848 -2.2782 2.8652 0.33131 -2.8498 1.3611 0.61338 -4.2077 1.3517 -0.1172 -1.6718 3.0261 -1.5328 -1.961 1.6301 -2.3305 -3.4384 2.0591 -2.4357 -0.22765 0.013205 0.75597 -1.4311 -1.6912 0.50927 -1.3485 -3.4908 0.58501 0.22765 -0.013205 -0.75597 -1.0065 -1.6333 -1.2721 -0.72319 -3.406 -1.1041
2 26 180 -2.7731 3.9583 -0.25255 -2.0466 2.9347 -0.17682 -2.1596 2.8652 0.79774 -2.66 1.3611 1.1925 -4.1401 1.3517 0.76019 -1.9539 3.0261 -1.1517 -2.4027 1.6301 -1.8718 -3.8697 2.0591 -1.6676 -0.065502 0.013205 0.78679 -1.2939 -1.6912 0.79568 -1.1974 -3.4908 0.85259 0.065502 -0.013205 -0.78679 -1.249 -1.6333 -1.035 -0.93695 -3.406 -0.92965
2 26 192 -2.765 3.9583 0.32952 -2.0387 2.9347 0.25256 -1.9465 2.8652 1.2293 -2.3539 1.3611 1.7195 -3.8916 1.3517 1.6043 -2.1507 3.0261 -0.7203 -2.7394 1.6301 -1.3314 -4.1318 2.0591 -0.8266 0.099512 0.013205 0.78321 -1.1002 -1.6912 1.0473 -0.99395 -3.4908 1.0829 -0.099512 -0.013205 -0.78321 -1.4369 -1.6333 -0.75273 -1.1098 -3.406 -0.71453
2 27 168 -2.596 3.9942 -0.85031 -1.931 2.9566 -0.6062 -2.2549 2.8981 0.32066 -2.6716 1.345 0.60835 -4.0291 1.0271 -0.050207 -1.6265 3.0374 -1.5379 -1.8178 1.6004 -2.2912 -3.3378 1.7379 -2.5111 -0.21769 0.021982 0.7587 -1.6194 -1.5226 0.50624 -1.288 -3.2933 0.58189 0.21769 -0.021982 -0.7587 -1.1503 -1.5044 -1.3465 -0.72268 -3.2435 -1.1377
2 27 180 -2.716 3.9942 -0.29199 -2.0149 2.9566 -0.19147 -2.1389 2.8981 0.78246 -2.4867 1.345 1.1505 -3.9515 1.0271 0.7886 -1.9107 3.0374 -1.1662 -2.2544 1.6004 -1.8632 -3.7869 1.7379 -1.7623 -0.055187 0.021982 0.78738 -1.4788 -1.5226 0.83188 -1.1388 -3.2933 0.83696 0.055187 -0.021982 -0.78738 -1.4051 -1.5044 -1.0779 -0.94344 -3.2435 -0.96262
2 27 192 -2.7174 3.9942 0.27908 -2.0107 2.9566 0.23163 -1.9295 2.8981 1.2101 -2.1932 1.345 1.6424 -3.7012 1.0271 1.5929 -2.1114 3.0374 -0.74341 -2.5925 1.6004 -1.3537 -4.0706 1.7379 -0.93642 0.10973 0.021982 0.78165 -1.2735 -1.5226 1.1212 -0.93994 -3.2933 1.0554 -0.10973 -0.021982 -0.78165 -1.5985 -1.5044 -0.76222 -1.123 -3.2435 -0.74544
2 28 168 -2.6781 3.9353 -0.88477 -2.0125 2.9024 -0.62445 -2.3292 2.8594 0.30572 -2.6414 1.2795 0.58018 -3.9569 0.69544 0.02706 -1.7151 2.9675 -1.5597 -1.8184 1.4921 -2.2534 -3.3115 1.322 -2.5989 -0.1987 0.030093 0.76362 -1.8419 -1.2398 0.44503 -1.1371 -2.8962 0.54859 0.1987 -0.030093 -0.76362 -1.3604 -1.277 -1.4184 -0.61159 -2.8766 -1.056
2 28 180 -2.8036 3.9353 -0.30862 -2.0984 2.9024 -0.19238 -2.2147 2.8594 0.78331 -2.4631 1.2795 1.1167 -3.8648 0.69544 0.84916 -2.0019 2.9675 -1.169 -2.2472 1.4921 -1.8261 -3.7795 1.322 -1.8537 -0.035595 0.030093 0.78824 -1.7091 -1.2398 0.81826 -0.99818 -2.8962 0.77302 0.035596 -0.030093 -0.78824 -1.6256 -1.277 -1.1046 -0.81777 -2.8766 -0.90573
2 55 180 -4.4088 1.9539 0.16027 -3.2234 1.5168 0.18808 -3.2023 1.4961 1.1712 -1.6592 1.2608 1.6531 -0.80782 0.097194 2.1998 -3.273 1.5466 -0.79376 -1.8041 1.2672 -1.452 -0.91365 0.15284 -2.0376 0.063937 0.025459 0.78661 -0.81916 -1.8799 0.7245 -0.28445 -3.5968 0.85615 -0.063937 -0.025459 -0.78661 -0.91383 -1.9461 -0.73247 -0.12082 -3.5638 -0.80403
2 56 180 -4.413 1.9422 0.12321 -3.2213 1.5224 0.16079 -3.2107 1.4976 1.144 -1.6518 1.4758 1.6321 -0.60997 0.55327 2.2963 -3.2603 1.556 -0.82141 -1.7713 1.4847 -1.4896 -0.7567 0.56874 -2.2032 0.055459 0.021492 0.78738 -0.82824 -1.8831 0.71147 -0.27528 -3.5939 0.84776 -0.055459 -0.021492 -0.78738 -0.89921 -1.945 -0.73849 -0.11031 -3.5647 -0.80999
2 57 180 -4.44 1.8792 0.093279 -3.2409 1.482 0.13699 -3.2325 1.4539 1.1201 -1.6807 1.6198 1.6026 -0.52418 0.93059 2.3544 -3.2779 1.5184 -0.84519 -1.786 1.6398 -1.4996 -0.70466 0.9053 -2.3174 0.046976 0.016918 0.78804 -0.86816 -1.8724 0.70265 -0.28113 -3.5716 0.84002 -0.046976 -0.016918 -0.78804 -0.91322 -1.9307 -0.75008 -0.11209 -3.5446 -0.8151
2 58 180 -4.4813 1.7787 0.056304 -3.2744 1.4074 0.11264 -3.2777 1.3749 1.0956 -1.7431 1.6954 1.5552 -0.53408 1.1902 2.3679 -3.2999 1.4475 -0.86975 -1.8178 1.7422 -1.4906 -0.72129 1.1201 -2.3784 0.039153 0.012627 0.78855 -0.93714 -1.8454 0.69399 -0.29723 -3.5255 0.83006 -0.039153 -0.012627 -0.78855 -0.95725 -1.9024 -0.77551 -0.124 -3.5005 -0.82538
2 59 180 -4.5262 1.6634 0.014982 -3.3128 1.3187 0.08814 -3.3236 1.279 1.0708 -1.8074 1.712 1.4977 -0.58781 1.3134 2.353 -3.3309 1.3656 -0.89412 -1.8588 1.7821 -1.467 -0.77309 1.1928 -2.3899 0.030961 0.010248 0.78895 -1.0222 -1.8044 0.67874 -0.31009 -3.4552 0.81569 -0.030961 -0.010248 -0.78895 -1.0214 -1.8631 -0.80605 -0.13488 -3.4329 -0.82862
2 60 180 -4.5627 1.5685 -0.017155 -3.3465 1.2386 0.067186 -3.3587 1.1953 1.0497 -1.8466 1.6679 1.4484 -0.63568 1.2769 2.3193 -3.3633 1.2887 -0.91494 -1.8814 1.7386 -1.4348 -0.81641 1.1176 -2.361 0.026508 0.010645 0.7891 -1.1072 -1.7535 0.66019 -0.31348 -3.3666 0.79839 -0.026508 -0.010645 -0.7891 -1.0958 -1.8188 -0.82908 -0.13628 -3.3453 -0.83477
2 71 180 -2.5626 4.1141 -0.020374 -1.9936 2.9873 0.014855 -2.0508 2.96 0.99635 -3.5754 2.5288 1.3944 -3.7898 4.0353 1.1452 -1.9519 3.04 -0.96639 -3.4496 2.5333 -1.3775 -3.6992 4.0413 -1.1747 -0.015171 -0.020804 0.7892 -0.46054 -2.0737 0.74765 0.86489 -3.2922 0.84428 0.015171 0.020804 -0.7892 -0.37246 -2.0299 -1.0309 1.0128 -3.1838 -1.0084
2 72 168 -2.1189 4.3456 -0.45143 -1.6153 3.1886 -0.34357 -1.8662 3.1681 0.60722 -3.4692 2.8766 0.7252 -3.4295 4.3803 0.38633 -1.3767 3.2361 -1.2966 -2.7608 2.837 -2.0671 -2.8968 4.3628 -1.8909 -0.19874 -0.022413 0.76387 -0.3345 -2.1184 0.71151 0.80295 -3.4546 1.126 0.19874 0.022413 -0.76387 0.08227 -2.0637 -0.98518 1.3862 -3.2954 -0.80198
2 72 180 -2.1664 4.3456 -0.0010335 -1.6514 3.1886 -0.00023291 -1.6991 3.1681 0.98194 -3.2426 2.8766 1.4306 -3.2742 4.3803 1.0909 -1.6162 3.2361 -0.982 -3.1302 2.837 -1.4479 -3.2266 4.3628 -1.2473 -0.03558 -0.022413 0.7885 -0.17926 -2.1184 0.76551 1.0195 -3.4546 0.93444 0.03558 0.022413 -0.7885 -0.12436 -2.0637 -0.98076 1.1891 -3.2954 -1.0727
2 73 168 -1.9502 4.4262 -0.44211 -1.4583 3.2629 -0.34787 -1.7145 3.2389 0.60143 -3.328 3.0642 0.78769 -3.1628 4.5394 0.37026 -1.2133 3.3143 -1.299 -2.5808 2.9833 -2.1292 -2.6719 4.5074 -1.9134 -0.21906 -0.018288 0.7584 -0.35881 -2.1128 0.66911 0.7706 -3.4407 1.1295 0.21906 0.018289 -0.7584 0.022153 -2.0633 -0.96453 1.3797 -3.2355 -0.78041
2 73 180 -1.9995 4.4262 -0.02698 -1.4987 3.2629 -0.037071 -1.5519 3.2389 0.94474 -3.0915 3.0642 1.4624 -3.0167 4.5394 1.0197 -1.4569 3.3143 -1.0184 -2.9671 2.9833 -1.5461 -3.0114 4.5074 -1.316 -0.056593 -0.018288 0.78738 -0.21185 -2.1128 0.72909 0.9886 -3.4407 0.94465 0.056593 0.018289 -0.78738 -0.17887 -2.0633 -0.94806 1.1873 -3.2355 -1.0502
2 74 168 -1.9981 4.3953 -0.50933 -1.5092 3.2302 -0.41973 -1.7641 3.2053 0.52988 -3.3739 3.0796 0.77774 -3.1555 4.5353 0.31862 -1.2658 3.2826 -1.3712 -2.602 2.961 -2.2543 -2.7195 4.4828 -2.0352 -0.23264 -0.0081673 0.75453 -0.57783 -2.0748 0.59929 0.63113 -3.3361 1.0449 0.23264 0.0081673 -0.75453 -0.19294 -2.0304 -1.0328 1.2066 -3.1189 -0.70523
2 74 180 -2.0603 4.3953 -0.082769 -1.5635 3.2302 -0.096781 -1.6154 3.2053 0.88508 -3.1385 3.0796 1.4622 -3.0203 4.5353 0.96771 -1.5232 3.2826 -1.0781 -3.0138 2.961 -1.6641 -3.0833 4.4828 -1.4253 -0.070683 -0.0081673 0.78641 -0.44061 -2.0748 0.70633 0.83459 -3.3361 0.89086 0.070683 0.0081673 -0.78641 -0.40346 -2.0304 -0.97012 1.0336 -3.1189 -0.94069
2 75 168 -2.0779 4.3506 -0.57154 -1.5614 3.1986 -0.47016 -1.8224 3.1739 0.47778 -3.4227 3.0114 0.76305 -3.217 4.4665 0.29633 -1.3129 3.2502 -1.4204 -2.6138 2.8681 -2.3316 -2.7999 4.3854 -2.1294 -0.24084 -0.00060272 0.75199 -0.81699 -2.0103 0.54305 0.38617 -3.2908 0.94751 0.24084 0.00060272 -0.75199 -0.41026 -1.9626 -1.121 0.93918 -3.0706 -0.67125
2 75 180 -2.1513 4.3506 -0.12702 -1.625 3.1986 -0.13526 -1.6833 3.1739 0.84625 -3.1893 3.0114 1.458 -3.0851 4.4665 0.95871 -1.5796 3.2502 -1.1164 -3.0415 2.8681 -1.7372 -3.1815 4.3854 -1.5007 -0.079231 -0.00060272 0.78563 -0.68623 -2.0103 0.70104 0.57473 -3.2908 0.84652 0.079231 0.00060272 -0.78563 -0.63437 -1.9626 -1.0112 0.77909 -3.0706 -0.85185
2 76 168 -2.1488 4.3152 -0.595 -1.595 3.1825 -0.47465 -1.8592 3.1595 0.47248 -3.4443 2.9021 0.77228 -3.3223 4.3717 0.3216 -1.3443 3.2319 -1.4244 -2.6104 2.7533 -2.339 -2.901 4.2566 -2.1566 -0.23665 -0.0015378 0.75332 -1.0203 -1.935 0.50438 0.077457 -3.3172 0.87206 0.23665 0.0015378 -0.75332 -0.5974 -1.8796 -1.1778 0.64342 -3.0801 -0.65814
2 76 180 -2.2256 4.3152 -0.13523 -1.6589 3.1825 -0.13265 -1.7203 3.1595 0.8487 -3.2085 2.9021 1.4715 -3.1828 4.3717 1.0053 -1.6111 3.2319 -1.1138 -3.0397 2.7533 -1.7452 -3.286 4.2566 -1.5063 -0.074855 -0.0015378 0.78606 -0.89318 -1.935 0.7055 0.25708 -3.3172 0.8369 0.074855 0.0015378 -0.78606 -0.82921 -1.8796 -1.0278 0.49253 -3.0801 -0.77753
2 76 192 -2.2051 4.3152 0.33045 -1.6502 3.1825 0.21515 -1.5063 3.1595 1.1878 -2.8324 2.9021 2.1064 -2.9043 4.3717 1.6451 -1.8074 3.2319 -0.75449 -3.3361 2.7533 -1.075 -3.5274 4.2566 -0.79022 0.090212 -0.0015378 0.78445 -0.72698 -1.935 0.87579 0.42546 -3.3172 0.76516 -0.090212 0.0015378 -0.78445 -1.0248 -1.8796 -0.83296 0.32011 -3.0801 -0.86294
2 77 168 -2.2226 4.2741 -0.62089 -1.6352 3.1603 -0.48556 -1.9048 3.1354 0.46 -3.4652 2.759 0.76363 -3.4615 4.2383 0.32851 -1.38 3.2111 -1.4341 -2.6005 2.6363 -2.3554 -3.0126 4.1123 -2.1844 -0.23196 -0.00038481 0.75478 -1.1772 -1.8557 0.47449 -0.25682 -3.3678 0.8172 0.23196 0.00038481 -0.75478 -0.75739 -1.7957 -1.2125 0.33451 -3.1252 -0.67296
2 77 180 -2.3031 4.2741 -0.14521 -1.7005 3.1603 -0.13497 -1.7675 3.1354 0.84598 -3.2307 2.759 1.4674 -3.3175 4.2383 1.041 -1.648 3.2111 -1.1158 -3.0334 2.6363 -1.7633 -3.4009 4.1123 -1.5104 -0.069962 -0.00038481 0.78651 -1.0528 -1.8557 0.70887 -0.081306 -3.3678 0.85274 0.069962 0.00038481 -0.78651 -0.99292 -1.7957 -1.0285 0.18728 -3.1252 -0.7278
2 77 192 -2.283 4.2741 0.33681 -1.6914 3.1603 0.22153 -1.553 3.1354 1.195 -2.855 2.759 2.107 -3.0286 4.2383 1.708 -1.844 3.2111 -0.74877 -3.3337 2.6363 -1.0941 -3.6406 4.1123 -0.77026 0.095092 -0.00038481 0.78387 -0.88241 -1.8557 0.91227 0.097765 -3.3678 0.85101 -0.095092 0.00038481 -0.78387 -1.1851 -1.7957 -0.79959 0.03187 -3.1252 -0.75083
2 78 168 -2.2804 4.2376 -0.65549 -1.6679 3.1387 -0.51162 -1.948 3.1051 0.43061 -3.4685 2.5926 0.73759 -3.6022 4.0692 0.31397 -1.4031 3.1978 -1.457 -2.5659 2.5278 -2.3885 -3.0951 3.9664 -2.2211 -0.23544 0.003696 0.75369 -1.2876 -1.7915 0.46282 -0.59587 -3.4281 0.76963 0.23544 -0.003696 -0.75369 -0.89118 -1.7105 -1.2353 0.0049069 -3.1956 -0.74314
2 78 180 -2.3669 4.2376 -0.16704 -1.7379 3.1387 -0.15365 -1.8159 3.1051 0.82621 -3.2393 2.5926 1.4426 -3.4582 4.0692 1.0561 -1.6753 3.1978 -1.1334 -3.0064 2.5278 -1.8028 -3.4893 3.9664 -1.5291 -0.073593 0.003696 0.78617 -1.1632 -1.7915 0.7204 -0.42283 -3.4281 0.87669 0.073593 -0.003696 -0.78617 -1.1285 -1.7105 -1.023 -0.14971 -3.1956 -0.72793
2 78 192 -2.3499 4.2376 0.32871 -1.7318 3.1387 0.21103 -1.6044 3.1051 1.1857 -2.8686 2.5926 2.0846 -3.1631 4.0692 1.752 -1.8744 3.1978 -0.76034 -3.3155 2.5278 -1.1383 -3.7309 3.9664 -0.77019 0.09147 0.003696 0.78429 -0.988 -1.7915 0.9465 -0.23132 -3.4281 0.94545 -0.091469 -0.003696 -0.78429 -1.3166 -1.7105 -0.76601 -0.29778 -3.1956 -0.68089
2 79 168 -2.2859 4.2317 -0.66843 -1.6594 3.1412 -0.52097 -1.9442 3.1012 0.41959 -3.4092 2.4493 0.73191 -3.6899 3.9054 0.30918 -1.39 3.2064 -1.4646 -2.4858 2.4392 -2.4023 -3.1195 3.8344 -2.2309 -0.2361 0.0076337 0.75346 -1.3663 -1.7413 0.4738 -0.94349 -3.4749 0.73182 0.2361 -0.0076337 -0.75346 -0.98361 -1.6545 -1.2165 -0.33752 -3.2996 -0.86016
2 79 180 -2.3749 4.2317 -0.17856 -1.7314 3.1412 -0.16458 -1.8144 3.1012 0.81464 -3.1825 2.4493 1.4247 -3.545 3.9054 1.0696 -1.6641 3.2064 -1.1437 -2.9309 2.4392 -1.833 -3.5151 3.8344 -1.5335 -0.074292 0.0076337 0.78608 -1.2379 -1.7413 0.74752 -0.77072 -3.4749 0.91199 0.074292 -0.0076337 -0.78608 -1.215 -1.6545 -0.98543 -0.50898 -3.2996 -0.77119
2 79 192 -2.3602 4.2317 0.31912 -1.7278 3.1412 0.19899 -1.6054 3.1012 1.1741 -2.8167 2.4493 2.0553 -3.2452 3.9054 1.7833 -1.8655 3.2064 -0.77267 -3.248 2.4392 -1.1835 -3.7572 3.8344 -0.7692 0.090767 0.0076337 0.78435 -1.0555 -1.7413 0.98857 -0.56426 -3.4749 1.0523 -0.090767 -0.0076337 -0.78435 -1.3934 -1.6545 -0.71128 -0.6582 -3.2996 -0.64851
2 80 168 -2.2522 4.2452 -0.68373 -1.6174 3.1612 -0.52448 -1.912 3.1199 0.413 -3.3052 2.3292 0.73335 -3.7285 3.7489 0.30561 -1.3385 3.2277 -1.4653 -2.3631 2.372 -2.407 -3.0828 3.7247 -2.2346 -0.23457 0.013544 0.75385 -1.4345 -1.6917 0.49566 -1.27 -3.4758 0.69712 0.23457 -0.013544 -0.75385 -1.0391 -1.6304 -1.1756 -0.64457 -3.3788 -0.97989
2 80 180 -2.3452 4.2452 -0.20052 -1.6911 3.1612 -0.17673 -1.7844 3.1199 0.80151 -3.0805 2.3292 1.4045 -3.5835 3.7489 1.0741 -1.6139 3.2277 -1.155 -2.8119 2.372 -1.8631 -3.48 3.7247 -1.5448 -0.072711 0.013544 0.78615 -1.3001 -1.6917 0.78309 -1.0973 -3.4758 0.94594 0.072711 -0.013544 -0.78615 -1.2608 -1.6304 -0.93388 -0.83421 -3.3788 -0.82447
2 80 192 -2.3356 4.2452 0.29145 -1.6909 3.1612 0.17874 -1.5787 3.1199 1.155 -2.7212 2.3292 2.0143 -3.2818 3.7489 1.7957 -1.8188 3.2277 -0.7942 -3.1378 2.372 -1.2377 -3.7252 3.7247 -0.78755 0.092327 0.013544 0.78409 -1.1089 -1.6917 1.0363 -0.87669 -3.4758 1.1534 -0.092327 -0.013544 -0.78409 -1.4274 -1.6304 -0.65134 -0.9874 -3.3788 -0.63301
2 81 168 -2.2057 4.2675 -0.6892 -1.5791 3.1815 -0.51469 -1.8833 3.1438 0.41985 -3.195 2.2301 0.75682 -3.7404 3.6044 0.31901 -1.2905 3.2442 -1.4529 -2.2341 2.3082 -2.4027 -3.0238 3.622 -2.2355 -0.22104 0.019204 0.75781 -1.506 -1.6277 0.53249 -1.4969 -3.4249 0.67709 0.22104 -0.019204 -0.75781 -1.1081 -1.5915 -1.1767 -0.87102 -3.3759 -1.0743
2 81 180 -2.3008 4.2675 -0.21554 -1.6516 3.1815 -0.17513 -1.7549 3.1438 0.80225 -2.9678 2.2301 1.4046 -3.5923 3.6044 1.0897 -1.5644 3.2442 -1.1528 -2.6848 2.3082 -1.8857 -3.4225 3.622 -1.558 -0.058655 0.019204 0.7872 -1.3624 -1.6277 0.83398 -1.3234 -3.4249 0.97352 0.058655 -0.019204 -0.7872 -1.3286 -1.5915 -0.92061 -1.0753 -3.3759 -0.86975
2 81 192 -2.2954 4.2675 0.26754 -1.6519 3.1815 0.17208 -1.5498 3.1438 1.1496 -2.6109 2.2301 1.9909 -3.2873 3.6044 1.8128 -1.7699 3.2442 -0.80234 -3.0182 2.3082 -1.2863 -3.6716 3.622 -0.81237 0.1063 0.019204 0.7822 -1.1593 -1.6277 1.099 -1.0921 -3.4249 1.2274 -0.1063 -0.019204 -0.7822 -1.4909 -1.5915 -0.62427 -1.2327 -3.3759 -0.62717
2 82 168 -2.1421 4.2999 -0.69333 -1.5322 3.2044 -0.51553 -1.8328 3.1914 0.42086 -3.0735 2.1917 0.7813 -3.6967 3.5254 0.32254 -1.2466 3.2428 -1.4559 -2.1239 2.2604 -2.4223 -2.9546 3.5498 -2.2639 -0.20183 0.027568 0.76289 -1.6244 -1.5035 0.54739 -1.5375 -3.3002 0.66972 0.20183 -0.027568 -0.76289 -1.2332 -1.4925 -1.22 -0.98844 -3.2764 -1.1266
2 82 180 -2.2394 4.2999 -0.23282 -1.6059 3.2044 -0.18571 -1.7052 3.1914 0.79272 -2.8439 2.1917 1.4032 -3.5489 3.5254 1.0841 -1.522 3.2428 -1.1649 -2.5811 2.2604 -1.9278 -3.3608 3.5498 -1.6001 -0.038804 0.027568 0.78818 -1.4751 -1.5035 0.87316 -1.3646 -3.3002 0.97475 0.038804 -0.027568 -0.78818 -1.4599 -1.4925 -0.93698 -1.2011 -3.2764 -0.8965
2 82 192 -2.2389 4.2999 0.23788 -1.6094 3.2044 0.15223 -1.5032 3.1914 1.1299 -2.49 2.1917 1.9638 -3.2459 3.5254 1.7982 -1.731 3.2428 -0.82302 -2.9255 2.2604 -1.349 -3.62 3.5498 -0.86644 0.12592 0.027568 0.77903 -1.2613 -1.5035 1.1608 -1.1322 -3.3002 1.2372 -0.12592 -0.027568 -0.77903 -1.6228 -1.4925 -0.61297 -1.3612 -3.2764 -0.62719
2 83 168 -2.1045 4.3196 -0.68981 -1.5126 3.2152 -0.50539 -1.8123 3.2245 0.43135 -3.0135 2.1831 0.80729 -3.669 3.4926 0.32428 -1.2274 3.2317 -1.4465 -2.0717 2.2242 -2.4165 -2.9355 3.4943 -2.2818 -0.19177 0.025611 0.76555 -1.8893 -1.1891 0.5265 -1.5465 -2.9557 0.63833 0.19177 -0.025611 -0.76555 -1.4491 -1.2252 -1.2974 -0.95526 -2.9467 -1.0885
2 83 180 -2.2019 4.3196 -0.23718 -1.5846 3.2152 -0.17986 -1.683 3.2245 0.79871 -2.7798 2.1831 1.4162 -3.5214 3.4926 1.08 -1.5013 3.2317 -1.1597 -2.5288 2.2242 -1.933 -3.3458 3.4943 -1.6217 -0.02841 0.025611 0.78869 -1.7386 -1.1891 0.9078 -1.38 -2.9557 0.94592 0.02841 -0.025611 -0.78869 -1.6872 -1.2252 -0.96773 -1.1607 -2.9467 -0.86614
2 83 192 -2.2031 4.3196 0.22581 -1.5874 3.2152 0.15354 -1.4802 3.2245 1.1312 -2.4246 2.1831 1.9632 -3.2199 3.4926 1.7886 -1.7097 3.2317 -0.82224 -2.8755 2.2242 -1.365 -3.6098 3.4943 -0.8906 0.13619 0.025611 0.77736 -1.5118 -1.1891 1.2494 -1.1532 -2.9557 1.2122 -0.13619 -0.025611 -0.77736 -1.8515 -1.2252 -0.59581 -1.3154 -2.9467 -0.60589
2 84 168 -2.1881 4.2709 -0.72931 -1.5927 3.171 -0.53207 -1.867 3.1877 0.4123 -3.0047 2.0705 0.76763 -3.7344 3.3375 0.27762 -1.3332 3.1798 -1.4807 -2.1252 2.0919 -2.4069 -3.0712 3.3086 -2.3572 -0.18384 0.028852 0.76738 -2.0868 -0.81491 0.48257 -1.4846 -2.5089 0.61952 0.18384 -0.028852 -0.76738 -1.6448 -0.8767 -1.3601 -0.867 -2.4815 -1.0947
2 84 180 -2.2919 4.2709 -0.25845 -1.6685 3.171 -0.18931 -1.7405 3.1877 0.79146 -2.7794 2.0705 1.3756 -3.595 3.3375 1.048 -1.6119 3.1798 -1.1712 -2.5792 2.0919 -1.9125 -3.4942 3.3086 -1.6671 -0.020277 0.028852 0.78883 -1.9409 -0.81491 0.9059 -1.3234 -2.5089 0.91465 0.020277 -0.028852 -0.78883 -1.8917 -0.8767 -0.98842 -1.0757 -2.4815 -0.89055
2 85 168 -2.2093 4.2498 -0.74715 -1.5814 3.1736 -0.52202 -1.8451 3.199 0.4252 -2.8246 1.9313 0.74503 -3.7414 3.0766 0.27022 -1.3332 3.1734 -1.4737 -2.0022 1.9358 -2.3042 -3.1147 2.9999 -2.3917 -0.17739 0.028579 0.7689 -2.1518 -0.61269 0.44508 -1.3709 -2.2293 0.6114 0.17739 -0.028579 -0.7689 -1.7036 -0.73098 -1.3875 -0.73715 -2.2193 -1.0686
2 85 180 -2.3163 4.2498 -0.27149 -1.6554 3.1736 -0.18181 -1.7163 3.199 0.79952 -2.608 1.9313 1.316 -3.6035 3.0766 1.0422 -1.6104 3.1734 -1.1643 -2.4375 1.9358 -1.8375 -3.5439 2.9999 -1.6919 -0.013652 0.028579 0.78898 -2.0122 -0.61269 0.88273 -1.2138 -2.2293 0.88307 0.013652 -0.028579 -0.78898 -1.9549 -0.73098 -1.003 -0.9432 -2.2193 -0.89194
2 86 168 -2.2736 4.2083 -0.7576 -1.6285 3.1466 -0.51579 -1.9082 3.1782 0.42663 -2.7392 1.8015 0.71449 -3.8392 2.753 0.20229 -1.3652 3.1394 -1.4634 -1.934 1.8101 -2.2238 -3.1963 2.6817 -2.3798 -0.1841 0.019693 0.76761 -2.1865 -0.50287 0.40455 -1.2836 -2.0511 0.60108 0.1841 -0.019693 -0.76761 -1.7223 -0.63978 -1.3963 -0.64065 -2.0387 -1.0445
2 86 180 -2.3814 4.2083 -0.26834 -1.7002 3.1466 -0.16593 -1.7778 3.1782 0.81404 -2.5308 1.8015 1.2684 -3.7132 2.753 0.99608 -1.6397 3.1394 -1.1476 -2.354 1.8101 -1.7731 -3.6213 2.6817 -1.6633 -0.020482 0.019693 0.78911 -2.0546 -0.50287 0.8503 -1.1306 -2.0511 0.85482 0.020482 -0.019693 -0.78911 -1.975 -0.63978 -1.0077 -0.84381 -2.0387 -0.8885
2 96 168 -2.8276 3.8718 -0.7094 -2.1108 2.8606 -0.48275 -2.3543 2.8403 0.46996 -2.5488 1.2454 0.76521 -3.7085 0.27222 0.47273 -1.8868 2.9029 -1.4395 -1.8846 1.3709 -2.0067 -3.2381 0.67448 -2.2525 -0.15648 0.010949 0.77388 -1.78 -1.2563 0.35859 -0.95466 -2.8358 0.63232 0.15648 -0.010949 -0.77388 -1.404 -1.3769 -1.1104 -0.32077 -2.8109 -0.96532
2 96 180 -2.9133 3.8718 -0.106 -2.165 2.8606 -0.033349 -2.2051 2.8403 0.94917 -2.334 1.2454 1.2784 -3.5292 0.27222 1.2334 -2.1449 2.9029 -1.0158 -2.2606 1.3709 -1.5711 -3.6357 0.67448 -1.5301 0.0078386 0.010949 0.7895 -1.6665 -1.2563 0.72084 -0.80233 -2.8358 0.81699 -0.0078386 -0.010949 -0.7895 -1.6042 -1.3769 -0.79423 -0.51446 -2.8109 -0.87753
2 97 168 -2.7626 3.9266 -0.67284 -2.0682 2.8966 -0.4607 -2.304 2.8733 0.49387 -2.3678 1.2739 0.82068 -3.3174 0.06559 0.69466 -1.8515 2.9425 -1.419 -1.7471 1.3999 -1.9462 -2.8689 0.37206 -2.1968 -0.15435 0.011292 0.7743 -1.7067 -1.35 0.385 -0.90425 -2.9417 0.65566 0.15435 -0.011292 -0.7743 -1.3355 -1.4595 -1.0863 -0.27208 -2.9092 -0.95158
2 97 180 -2.8421 3.9266 -0.083756 -2.1188 2.8966 -0.020633 -2.151 2.8733 0.96211 -2.1455 1.2739 1.295 -3.1005 0.06559 1.3692 -2.1061 2.9425 -1.003 -2.1136 1.3999 -1.5405 -3.263 0.37206 -1.5524 0.010009 0.011292 0.78947 -1.5893 -1.35 0.73143 -0.74817 -2.9417 0.82934 -0.010009 -0.011292 -0.78947 -1.5322 -1.4595 -0.78491 -0.46398 -2.9092 -0.87422
2 97 192 -2.7974 3.9266 0.50899 -2.0768 2.8966 0.42034 -1.9039 2.8733 1.3883 -1.8293 1.2739 1.7128 -2.7481 0.06559 1.9839 -2.2686 2.9425 -0.54323 -2.3877 1.3999 -1.0674 -3.5144 0.37206 -0.84002 0.17393 0.011292 0.77014 -1.4025 -1.35 1.0459 -0.55939 -2.9417 0.96677 -0.17393 -0.011292 -0.77014 -1.6619 -1.4595 -0.4492 -0.6356 -2.9092 -0.75865
2 98 168 -2.6757 3.9942 -0.62953 -2.0089 2.9438 -0.43074 -2.2324 2.9189 0.52675 -2.1443 1.3314 0.90222 -2.8616 -0.032613 0.95303 -1.8039 2.9919 -1.3915 -1.5816 1.4453 -1.8682 -2.3874 0.15779 -2.1343 -0.14794 0.011407 0.77555 -1.6307 -1.4308 0.40708 -0.84976 -3.0336 0.67586 0.14794 -0.011407 -0.77555 -1.2649 -1.5383 -1.0702 -0.21516 -2.9982 -0.93768
2 98 180 -2.7481 3.9942 -0.059469 -2.0545 2.9438 -0.0036512 -2.0741 2.9189 0.97938 -1.9099 1.3314 1.3283 -2.6009 -0.032613 1.5272 -2.0537 2.9919 -0.98602 -1.9355 1.4453 -1.4986 -2.7789 0.15779 -1.5913 0.016544 0.011407 0.78936 -1.5104 -1.4308 0.73723 -0.69067 -3.0336 0.83776 -0.016544 -0.011407 -0.78936 -1.4598 -1.5383 -0.78384 -0.40542 -2.9982 -0.87245
2 99 168 -2.5679 4.0694 -0.59611 -1.9357 2.9963 -0.40904 -2.1484 2.9739 0.55097 -1.8893 1.4199 0.98303 -2.3788 -0.026196 1.1992 -1.7408 3.0423 -1.372 -1.3734 1.5066 -1.7911 -1.8301 0.065957 -2.0969 -0.14516 0.013191 0.77605 -1.5567 -1.5038 0.42889 -0.78771 -3.112 0.69924 0.14516 -0.013191 -0.77605 -1.194 -1.6073 -1.0584 -0.15957 -3.078 -0.92411
2 99 180 -2.6357 4.0694 -0.049179 -1.9784 2.9963 0.0023467 -1.9869 2.9739 0.9856 -1.6436 1.4199 1.3544 -2.0775 -0.026196 1.6676 -1.988 3.0423 -0.98008 -1.7158 1.5066 -1.4664 -2.2261 0.065957 -1.6706 0.019365 0.013191 0.78927 -1.4336 -1.5038 0.74318 -0.62512 -3.112 0.84774 -0.019364 -0.013191 -0.78927 -1.3879 -1.6073 -0.78708 -0.34821 -3.078 -0.87074
