1 28 228 0.82867 4.7097 -0.73932 0.61541 3.4666 -0.65882 -0.13556 3.4941 -1.2934 -1.5709 3.4581 -2.0726 -2.6105 4.2513 -2.8898 1.37 3.4684 -0.027951 2.3696 3.0686 1.2007 3.6597 3.6634 1.8003 -0.64611 0.023125 -0.45333 -0.55574 -1.6962 -1.6575 -1.45 -3.2088 -1.2533 0.64611 -0.023125 0.45333 1.7686 -1.7975 0.37624 1.4417 -3.1744 1.4935
2 33 84 0.84314 2.7665 -3.8686 0.60173 2.0883 -2.8334 -0.36606 2.0622 -3.0068 -0.9229 0.74715 -2.2136 -1.1833 -0.75167 -2.4653 1.5733 2.1283 -2.686 1.9856 0.91968 -1.6672 2.241 -0.60015 -1.6165 -0.77583 0.040777 -0.14114 -0.44094 -1.1647 -1.829 -0.6224 -2.6282 -0.79165 0.77583 -0.040776 0.14114 1.085 -1.2153 -1.5733 0.94452 -2.6047 -0.43282
2 34 84 0.85621 2.4375 -4.0802 0.61559 1.8579 -2.9849 -0.35246 1.827 -3.1561 -0.97446 0.71782 -2.1307 -1.3587 -0.77292 -2.0429 1.5876 1.9006 -2.8408 1.9629 0.91276 -1.595 2.1384 -0.55689 -1.1626 -0.77603 0.03717 -0.14104 -0.44984 -1.2951 -1.7326 -0.64069 -2.8089 -0.77187 0.77603 -0.03717 0.14104 1.0499 -1.3441 -1.4811 0.94533 -2.7841 -0.40119
2 35 84 0.85407 2.1116 -4.2581 0.6177 1.6199 -3.1193 -0.35066 1.5767 -3.2859 -1.0036 0.69891 -2.0727 -1.5215 -0.70699 -1.7081 1.59 1.673 -2.9806 1.9299 0.91684 -1.573 2.0714 -0.40448 -0.79085 -0.77628 0.029358 -0.14153 -0.46024 -1.4501 -1.5995 -0.65726 -3.0161 -0.72786 0.77628 -0.029358 0.14153 1.025 -1.4875 -1.3506 0.94687 -2.9905 -0.35781
2 36 84 0.84142 1.7903 -4.4046 0.60764 1.3833 -3.232 -0.36215 1.3333 -3.3881 -1.023 0.68071 -2.0442 -1.665 -0.62561 -1.5352 1.5812 1.4412 -3.1045 1.9207 0.93945 -1.5873 2.069 -0.1934 -0.55178 -0.77664 0.019832 -0.14122 -0.45664 -1.585 -1.4589 -0.67699 -3.2003 -0.68877 0.77664 -0.019832 0.14122 1.0022 -1.6097 -1.2136 0.95791 -3.1745 -0.31892
2 37 84 0.81238 1.4859 -4.5194 0.58676 1.1619 -3.3193 -0.38501 1.1094 -3.4617 -1.066 0.63814 -2.0535 -1.8026 -0.62534 -1.5651 1.562 1.2206 -3.2058 1.9244 0.95861 -1.6346 2.1745 0.016148 -0.44011 -0.77748 0.014751 -0.13713 -0.45708 -1.6882 -1.3252 -0.69944 -3.3432 -0.65213 0.77748 -0.014751 0.13713 0.98084 -1.6963 -1.106 0.9641 -3.3059 -0.29376
2 38 84 0.76029 1.2253 -4.6015 0.55208 0.97658 -3.3802 -0.42188 0.91986 -3.5049 -1.1599 0.55896 -2.0928 -1.9658 -0.71744 -1.7781 1.5291 1.0379 -3.2848 1.9505 0.97668 -1.7076 2.3951 0.167 -0.47293 -0.77897 0.015441 -0.12829 -0.47915 -1.7575 -1.2151 -0.72269 -3.4418 -0.61947 0.77897 -0.015441 0.12829 0.96132 -1.7636 -1.0228 0.94875 -3.3988 -0.26334
2 39 72 1.6532 1.0055 -4.412 1.2098 0.82392 -3.2426 0.2784 0.75519 -3.5509 -0.83277 0.41106 -2.4039 -1.6389 -0.89415 -2.5597 2.15 0.89566 -2.9626 2.3632 0.96494 -1.3445 2.7851 0.18907 -0.080467 -0.73892 0.016042 -0.27793 -0.26057 -1.7987 -1.2225 -0.60187 -3.502 -0.73963 0.73892 -0.016042 0.27793 1.1448 -1.796 -0.76193 0.9573 -3.4458 -0.059096
2 39 84 0.69975 1.0055 -4.6593 0.50924 0.82392 -3.4232 -0.46595 0.75519 -3.5311 -1.3144 0.41106 -2.1782 -2.1353 -0.89415 -2.163 1.487 0.89566 -3.3449 2.032 0.96494 -1.8064 2.7075 0.18907 -0.65777 -0.78055 0.016042 -0.11822 -0.50906 -1.7987 -1.1417 -0.74249 -3.502 -0.59833 0.78055 -0.016042 0.11822 0.96139 -1.796 -0.98331 0.9241 -3.4458 -0.25684
2 40 84 0.64165 0.83409 -4.698 0.46739 0.70158 -3.4533 -0.50834 0.61905 -3.5455 -1.5045 0.17996 -2.3275 -2.2449 -1.1296 -2.6658 1.4453 0.78602 -3.3907 2.1718 0.88908 -1.9312 3.0797 0.062057 -0.99868 -0.78184 0.011094 -0.11 -0.51911 -1.8226 -1.1014 -0.76043 -3.5327 -0.58348 0.78184 -0.011095 0.11 0.9802 -1.8053 -0.96508 0.9132 -3.4636 -0.26045
2 41 84 0.57798 0.71969 -4.7217 0.41437 0.61773 -3.4732 -0.56242 0.53159 -3.5494 -1.6822 -0.11268 -2.5495 -2.2687 -1.3721 -3.2186 1.3929 0.705 -3.4267 2.339 0.74171 -2.0954 3.408 -0.19434 -1.4965 -0.78351 0.0074964 -0.097757 -0.51765 -1.8267 -1.0875 -0.7789 -3.5371 -0.58046 0.78351 -0.0074964 0.097757 1.0004 -1.8063 -0.96598 0.91675 -3.4669 -0.26865
2 42 84 0.53321 0.63938 -4.7373 0.36759 0.55244 -3.488 -0.60842 0.46049 -3.5675 -1.7657 -0.43274 -2.8384 -2.1591 -1.602 -3.7635 1.3455 0.64495 -3.4383 2.5099 0.52298 -2.2989 3.6189 -0.53135 -2.1089 -0.78486 0.0048437 -0.086417 -0.51136 -1.8147 -1.1007 -0.78374 -3.5229 -0.59197 0.78486 -0.0048437 0.086417 1.015 -1.7964 -0.98676 0.91566 -3.4561 -0.28942
2 43 84 0.48699 0.59315 -4.7491 0.3273 0.50501 -3.5002 -0.64979 0.41418 -3.5665 -1.7555 -0.68676 -3.0828 -1.949 -1.7604 -4.1725 1.3059 0.59615 -3.4636 2.6264 0.2755 -2.5568 3.6247 -0.87385 -2.802 -0.78554 -0.0063815 -0.079875 -0.49183 -1.8045 -1.1263 -0.77541 -3.5081 -0.60856 0.78554 0.0063815 0.079875 1.0166 -1.7808 -1.0004 0.91081 -3.4426 -0.30892
2 44 84 0.46258 0.58464 -4.7535 0.31402 0.49004 -3.5041 -0.66464 0.40597 -3.5544 -1.6603 -0.84291 -3.2114 -1.7016 -1.8523 -4.3764 1.2937 0.57468 -3.4836 2.6663 0.043192 -2.775 3.4142 -1.1437 -3.415 -0.78574 -0.0078087 -0.077811 -0.48795 -1.8028 -1.1283 -0.76188 -3.5063 -0.60498 0.78574 0.0078082 0.077811 1.0142 -1.7762 -1.0083 0.91697 -3.4374 -0.31432
2 45 84 0.44711 0.62867 -4.75 0.30371 0.51823 -3.5009 -0.6737 0.42662 -3.5612 -1.5013 -0.9401 -3.2208 -1.4576 -1.9423 -4.3918 1.2824 0.6105 -3.4703 2.5853 -0.16305 -2.8597 3.0475 -1.3131 -3.777 -0.78614 -0.0047765 -0.073924 -0.51714 -1.8123 -1.1106 -0.76257 -3.5182 -0.58098 0.78614 0.004776 0.073924 1.0225 -1.786 -0.99927 0.90949 -3.4435 -0.29889
2 46 84 0.42503 0.71234 -4.7427 0.28202 0.57605 -3.4961 -0.69555 0.49078 -3.5627 -1.3488 -0.94531 -3.1389 -1.2593 -1.9896 -4.2699 1.2611 0.66242 -3.4592 2.4095 -0.33003 -2.8551 2.6349 -1.4495 -3.8914 -0.7867 -0.00057268 -0.06778 -0.5482 -1.8221 -1.0874 -0.77507 -3.5329 -0.56538 0.7867 0.00057268 0.06778 0.99484 -1.8074 -0.98211 0.88856 -3.4606 -0.27038
2 47 84 0.39473 0.84367 -4.7251 0.2529 0.66318 -3.4846 -0.72495 0.58224 -3.5526 -1.254 -0.86586 -3.0124 -1.1288 -1.9856 -4.0651 1.2322 0.746 -3.4464 2.1904 -0.39883 -2.783 2.2512 -1.5473 -3.8102 -0.78733 0.0067611 -0.05966 -0.57848 -1.8307 -1.0569 -0.7845 -3.5455 -0.53924 0.78733 -0.0067608 0.05966 0.93811 -1.8344 -0.96558 0.87637 -3.4836 -0.23942
2 48 84 0.35304 1.0057 -4.6993 0.21661 0.77499 -3.4669 -0.76193 0.70304 -3.5351 -1.2096 -0.71181 -2.8521 -1.0701 -1.9261 -3.7921 1.1965 0.84988 -3.4282 1.9831 -0.35785 -2.6592 1.9232 -1.5966 -3.5755 -0.788 0.014052 -0.048584 -0.59685 -1.8364 -1.0252 -0.79639 -3.5539 -0.51397 0.788 -0.014052 0.048584 0.89561 -1.8603 -0.94852 0.85808 -3.504 -0.20848
2 49 84 0.31957 1.1754 -4.6621 0.18915 0.89629 -3.4396 -0.79106 0.84247 -3.5001 -1.2068 -0.4983 -2.6645 -1.0751 -1.8211 -3.4458 1.1705 0.9541 -3.4086 1.82 -0.24211 -2.5053 1.7096 -1.5943 -3.2382 -0.78835 0.017495 -0.04125 -0.59549 -1.843 -0.99819 -0.80336 -3.5605 -0.49059 0.78835 -0.017495 0.041251 0.85851 -1.8766 -0.935 0.83904 -3.5134 -0.17908
2 50 84 0.29922 1.3595 -4.6153 0.17199 1.0323 -3.4042 -0.80888 0.99533 -3.4665 -1.2346 -0.2333 -2.4776 -1.1387 -1.6564 -3.0634 1.1541 1.0744 -3.3711 1.6976 -0.055225 -2.3236 1.6121 -1.5166 -2.808 -0.78852 0.024701 -0.03362 -0.5993 -1.8411 -0.98093 -0.80791 -3.5582 -0.47214 0.78852 -0.024701 0.033621 0.8228 -1.8966 -0.91992 0.83377 -3.5265 -0.14908
2 51 84 0.26983 1.5381 -4.5635 0.14375 1.1675 -3.3642 -0.83756 1.1432 -3.4258 -1.3055 0.063454 -2.2927 -1.2845 -1.4386 -2.6407 1.1263 1.1982 -3.3316 1.6089 0.18435 -2.1451 1.607 -1.3456 -2.3374 -0.7888 0.027153 -0.023641 -0.61018 -1.8441 -0.96216 -0.81868 -3.5605 -0.45091 0.7888 -0.027153 0.023641 0.80982 -1.9098 -0.90878 0.8202 -3.5341 -0.1261
2 52 72 1.1942 1.7059 -4.3526 0.8205 1.2953 -3.2191 -0.12714 1.2824 -3.4821 -0.90208 0.38669 -2.3569 -0.98913 -1.1502 -2.4468 1.7753 1.3159 -2.984 1.9494 0.4526 -1.6081 2.0332 -1.0788 -1.4485 -0.76731 0.024885 -0.1847 -0.41189 -1.8567 -1.0494 -0.71773 -3.572 -0.58565 0.76731 -0.024885 0.1847 0.98133 -1.9189 -0.6992 0.81728 -3.5405 0.071667
2 53 72 1.1879 1.8393 -4.3009 0.81105 1.4033 -3.1773 -0.13558 1.3912 -3.444 -0.98464 0.70495 -2.2287 -1.3034 -0.79304 -2.0496 1.7649 1.4239 -2.9383 1.9186 0.73779 -1.4637 2.0603 -0.71267 -0.95997 -0.76757 0.024213 -0.18369 -0.42931 -1.866 -1.0362 -0.72763 -3.5805 -0.56461 0.76757 -0.024213 0.18369 0.98557 -1.9261 -0.68217 0.81021 -3.5434 0.095158
2 54 72 1.1868 1.9289 -4.2608 0.80485 1.4864 -3.1406 -0.13925 1.471 -3.416 -1.0406 1.007 -2.1349 -1.6078 -0.36042 -1.7036 1.7563 1.5108 -2.8928 1.9151 1.0239 -1.3415 2.1258 -0.27887 -0.54394 -0.76853 0.027229 -0.1792 -0.44248 -1.8727 -1.0148 -0.73006 -3.5904 -0.54836 0.76853 -0.027229 0.1792 0.98214 -1.9391 -0.66554 0.80492 -3.5536 0.1173
2 55 72 1.21 1.9539 -4.2426 0.81722 1.5168 -3.1238 -0.12429 1.4961 -3.4075 -1.0595 1.2608 -2.0888 -1.8425 0.097194 -1.448 1.7663 1.5466 -2.8675 1.9384 1.2672 -1.2672 2.2202 0.15284 -0.23927 -0.76787 0.025459 -0.18227 -0.43591 -1.8799 -1.0029 -0.72635 -3.5968 -0.53509 0.76787 -0.025459 0.18227 0.97901 -1.9461 -0.64276 0.80201 -3.5638 0.13355
2 56 72 1.2465 1.9422 -4.235 0.84251 1.5224 -3.1133 -0.095823 1.4976 -3.407 -1.0418 1.4758 -2.0753 -1.9954 0.55327 -1.2897 1.7887 1.556 -2.8469 1.9641 1.4847 -1.2243 2.3292 0.56874 -0.038833 -0.76598 0.021492 -0.19057 -0.4207 -1.8831 -1.0076 -0.7212 -3.5939 -0.52378 0.76598 -0.021492 0.19057 0.98022 -1.945 -0.627 0.80444 -3.5647 0.14539
2 57 72 1.2833 1.8792 -4.2515 0.87122 1.482 -3.1246 -0.066363 1.4539 -3.4205 -1.0049 1.6198 -2.0936 -2.0772 0.93059 -1.2261 1.8168 1.5184 -2.8563 1.9781 1.6398 -1.2352 2.4217 0.9053 0.04594 -0.76399 0.016918 -0.19884 -0.39998 -1.8724 -1.0428 -0.71204 -3.5716 -0.52695 0.76399 -0.016918 0.19884 0.99557 -1.9307 -0.63673 0.80985 -3.5446 0.14527
2 58 72 1.3313 1.7787 -4.2794 0.90472 1.4074 -3.149 -0.029164 1.3749 -3.4558 -0.94042 1.6954 -2.1384 -2.087 1.1902 -1.2397 1.8469 1.4475 -2.8696 1.9794 1.7422 -1.2683 2.4849 1.1201 0.04898 -0.76205 0.012627 -0.20644 -0.37043 -1.8454 -1.1057 -0.69759 -3.5255 -0.53918 0.76205 -0.012627 0.20644 1.0334 -1.9024 -0.67075 0.8233 -3.5005 0.13712
2 59 72 1.3844 1.6634 -4.3093 0.93988 1.3187 -3.1779 0.0086397 1.279 -3.4918 -0.86593 1.712 -2.1817 -2.0562 1.3134 -1.2862 1.8797 1.3656 -2.8916 1.9696 1.7821 -1.3145 2.5118 1.1928 0.0032556 -0.7599 0.010248 -0.21435 -0.32965 -1.8044 -1.1819 -0.67994 -3.4552 -0.54697 0.7599 -0.010248 0.21435 1.0822 -1.8631 -0.72234 0.82974 -3.4329 0.12778
2 60 72 1.4263 1.5685 -4.3341 0.97022 1.2386 -3.2035 0.039565 1.1953 -3.5187 -0.8069 1.6679 -2.2038 -2.0094 1.2769 -1.3213 1.9095 1.2887 -2.916 1.9459 1.7386 -1.3459 2.4977 1.1176 -0.046874 -0.75867 0.010645 -0.21864 -0.28573 -1.7535 -1.257 -0.66244 -3.3666 -0.54485 0.75867 -0.010645 0.21864 1.1271 -1.8188 -0.78593 0.83603 -3.3453 0.12835
2 61 72 1.4645 1.5293 -4.3374 0.99702 1.1956 -3.2126 0.070571 1.1451 -3.539 -0.75794 1.5626 -2.1943 -1.9457 1.0738 -1.3411 1.9323 1.253 -2.9139 1.9217 1.6294 -1.3242 2.4764 0.8901 -0.089984 -0.75704 0.0082362 -0.22432 -0.24237 -1.6987 -1.336 -0.65139 -3.2607 -0.53372 0.75704 -0.0082364 0.22432 1.1677 -1.7684 -0.84697 0.83296 -3.239 0.14093
2 62 72 1.4874 1.5726 -4.3179 1.0163 1.2132 -3.2023 0.092963 1.1632 -3.5375 -0.73595 1.4061 -2.1509 -1.8667 0.70331 -1.373 1.9487 1.2707 -2.8945 1.8993 1.4354 -1.27 2.4588 0.49515 -0.18345 -0.75455 -0.0022628 -0.2327 -0.20391 -1.6419 -1.4254 -0.64358 -3.1332 -0.51245 0.75455 0.0022628 0.2327 1.2155 -1.7072 -0.89849 0.82919 -3.1108 0.1653
2 63 72 1.4919 1.7299 -4.2581 1.0179 1.3166 -3.1626 0.099908 1.2596 -3.511 -0.73714 1.18 -2.1104 -1.7463 0.18074 -1.5097 1.9451 1.3824 -2.8411 1.8952 1.1872 -1.2199 2.4615 -0.0037353 -0.42076 -0.75293 -0.012081 -0.23757 -0.18575 -1.5914 -1.5018 -0.65601 -2.9925 -0.46884 0.75293 0.012081 0.23757 1.2708 -1.648 -0.94156 0.83184 -2.9694 0.20384
2 63 84 0.574 1.7299 -4.4753 0.33811 1.3166 -3.3051 -0.63226 1.2596 -3.4551 -1.1598 1.18 -1.911 -2.022 0.18074 -1.1137 1.3119 1.3824 -3.1834 1.6002 1.1872 -1.5873 2.3203 -0.0037353 -0.92335 -0.78588 -0.012081 -0.075838 -0.49392 -1.5914 -1.4303 -0.73915 -2.9925 -0.3222 0.78588 0.012081 0.075838 1.0473 -1.648 -1.1852 0.85604 -2.9694 0.026437
2 64 84 0.58379 2.0029 -4.3581 0.34176 1.5079 -3.2221 -0.62698 1.4472 -3.3809 -1.1543 0.91296 -1.93 -1.8647 -0.39513 -1.5276 1.3139 1.579 -3.0909 1.6259 0.91435 -1.6316 2.2565 -0.47942 -1.4384 -0.78516 -0.018372 -0.081756 -0.50493 -1.5341 -1.5095 -0.75912 -2.8297 -0.28159 0.78516 0.018372 0.081756 1.0963 -1.594 -1.2288 0.87053 -2.82 0.073786
2 65 84 0.57458 2.3653 -4.1751 0.34103 1.7516 -3.0984 -0.62631 1.6898 -3.2651 -1.1147 0.6498 -2.1038 -1.5894 -0.79805 -2.3407 1.3117 1.826 -2.9585 1.6416 0.67543 -1.8467 2.1505 -0.72126 -2.2565 -0.78451 -0.019672 -0.087484 -0.51981 -1.469 -1.5853 -0.76755 -2.6744 -0.26751 0.78451 0.019672 0.087484 1.1462 -1.5538 -1.2569 0.8744 -2.68 0.12466
2 66 84 0.54765 2.7471 -3.9397 0.33315 2.0097 -2.9423 -0.63307 1.9504 -3.1163 -1.0203 0.49018 -2.4946 -1.2271 -0.70183 -3.4507 1.3026 2.0838 -2.794 1.64 0.57717 -2.26 1.9971 -0.55439 -3.2447 -0.7843 -0.016834 -0.089946 -0.52939 -1.4613 -1.5942 -0.77177 -2.5888 -0.20827 0.7843 0.016834 0.089946 1.1863 -1.5408 -1.2615 0.86512 -2.5713 0.18282
