2 7 12 3.949 2.7171 -0.66684 2.8817 2.0506 -0.5686 2.743 1.992 -1.5406 1.1332 1.7159 -1.506 -0.034299 0.78388 -1.888 3.0458 2.1239 0.39837 1.627 1.7171 1.0984 1.0173 0.6437 2.0224 -0.16036 -0.0050759 -0.77315 1.29 -1.5194 -0.90562 0.10451 -2.8623 -0.70022 0.16036 0.0050757 0.77315 1.5163 -1.5943 0.64011 0.21272 -2.8258 0.82734
2 8 12 3.8906 2.8051 -0.64296 2.8439 2.1052 -0.55977 2.7198 2.0428 -1.5334 1.2162 1.4042 -1.5485 0.40418 0.14683 -1.919 2.9932 2.183 0.40927 1.7377 1.4022 1.1041 1.5099 0.079658 1.8634 -0.1522 -0.01733 -0.77462 1.3667 -1.4641 -0.89361 0.078882 -2.7125 -0.70903 0.1522 0.01733 0.77462 1.549 -1.5486 0.66981 0.17596 -2.7042 0.84367
2 9 12 3.7758 2.9672 -0.60155 2.7694 2.211 -0.52811 2.6555 2.1476 -1.503 1.4036 1.1048 -1.6208 1.2348 -0.39127 -1.9541 2.908 2.2905 0.44237 1.9609 1.1236 1.0827 2.2883 -0.28579 1.6155 -0.13959 -0.027252 -0.7767 1.3964 -1.4574 -0.87464 0.019083 -2.6057 -0.6866 0.13959 0.027252 0.7767 1.5533 -1.5252 0.70117 0.11725 -2.604 0.85832
2 9 24 3.5682 2.9672 -1.3734 2.5991 2.211 -1.0924 2.285 2.1476 -2.0222 1.0359 1.1048 -1.8772 0.8015 -0.39127 -2.1681 2.9365 2.2905 -0.17192 2.1431 1.1236 0.65132 2.5742 -0.28579 1.1045 -0.29803 -0.027252 -0.73071 1.184 -1.4574 -1.1459 -0.12409 -2.6057 -0.67556 0.29803 0.027252 0.73071 1.6652 -1.5252 0.36289 0.29314 -2.604 0.81519
2 10 12 3.6169 3.171 -0.54656 2.6685 2.3442 -0.48128 2.5556 2.2904 -1.4569 1.7481 0.89263 -1.7074 2.3806 -0.49473 -1.9374 2.805 2.4155 0.49013 2.3106 0.95053 1.0176 3.2617 -0.24212 1.2428 -0.13165 -0.024077 -0.77819 1.3948 -1.4658 -0.85457 -0.046525 -2.531 -0.65745 0.13165 0.024077 0.77819 1.5348 -1.5389 0.72514 0.041485 -2.5398 0.86375
2 10 24 3.4242 3.171 -1.2866 2.5101 2.3442 -1.0256 2.1969 2.2904 -1.9564 1.3549 0.89263 -2.0335 1.9257 -0.49473 -2.39 2.8456 2.4155 -0.10377 2.4717 0.95053 0.51496 3.4488 -0.24212 0.53752 -0.29057 -0.024077 -0.73382 1.1866 -1.4658 -1.1259 -0.1822 -2.531 -0.63341 0.29057 0.024077 0.73382 1.652 -1.5389 0.3902 0.22016 -2.5398 0.83625
2 10 36 3.0819 3.171 -1.9704 2.242 2.3442 -1.525 1.7421 2.2904 -2.3704 0.90254 0.89263 -2.2708 1.3868 -0.49473 -2.7382 2.7619 2.4155 -0.69314 2.5247 0.95053 -0.010183 3.4852 -0.24212 -0.19127 -0.43679 -0.024077 -0.65737 0.9266 -1.4658 -1.348 -0.30991 -2.531 -0.58168 0.43679 0.024077 0.65737 1.697 -1.5389 0.038203 0.38922 -2.5398 0.7722
2 11 24 3.2651 3.3702 -1.1913 2.4152 2.4721 -0.95903 2.1044 2.4337 -1.8914 1.8289 0.86436 -2.252 3.0856 0.041216 -2.5996 2.7473 2.5293 -0.035051 2.8818 0.94194 0.32662 4.2511 0.34795 -0.060329 -0.29051 -0.012567 -0.73413 1.1345 -1.5157 -1.0866 -0.26471 -2.5375 -0.58743 0.29052 0.012567 0.73413 1.5935 -1.6017 0.40152 0.12717 -2.544 0.8627
2 11 36 2.9461 3.3702 -1.8441 2.163 2.4721 -1.4402 1.6652 2.4337 -2.2876 1.3207 0.86436 -2.583 2.4777 0.041216 -3.1843 2.68 2.5293 -0.60549 2.8867 0.94194 -0.27967 4.1457 0.34795 -0.94287 -0.4368 -0.012567 -0.65768 0.88376 -1.5157 -1.2988 -0.38106 -2.5375 -0.51956 0.4368 0.012567 0.65768 1.6422 -1.6017 0.061428 0.30375 -2.544 0.81741
2 12 24 3.0944 3.552 -1.1092 2.3159 2.5868 -0.90741 2.0087 2.5587 -1.8413 2.3374 1.0969 -2.4922 3.8647 1.113 -2.7039 2.6435 2.6352 0.018736 3.3003 1.1442 0.13706 4.6856 1.3723 -0.50051 -0.29509 -0.0042431 -0.73239 1.0126 -1.6233 -1.0203 -0.39588 -2.636 -0.52901 0.29509 0.0042434 0.73239 1.4781 -1.7028 0.41463 0.011011 -2.6233 0.91581
2 12 36 2.7962 3.552 -1.7283 2.0767 2.5868 -1.3691 1.582 2.5587 -2.2187 1.7682 1.0969 -2.9237 3.2181 1.113 -3.4484 2.5896 2.6352 -0.53128 3.2567 1.1442 -0.5521 4.4791 1.3723 -1.4638 -0.44092 -0.0042431 -0.65504 0.77838 -1.6233 -1.2085 -0.49722 -2.636 -0.43514 0.44092 0.0042434 0.65504 1.532 -1.7028 0.098261 0.20118 -2.6233 0.89351
2 13 24 2.9076 3.7184 -1.0552 2.2037 2.6914 -0.89067 1.9046 2.6704 -1.8274 2.7075 1.5619 -2.7191 4.0387 2.3382 -2.6657 2.5217 2.7344 0.039046 3.6215 1.5272 -0.0066325 4.6488 2.471 -0.66353 -0.30646 -0.0038791 -0.72771 0.80854 -1.7723 -0.93662 -0.58529 -2.813 -0.46201 0.30646 0.0038788 0.72771 1.2873 -1.8354 0.46472 -0.15245 -2.781 0.99753
2 13 36 2.6247 3.7184 -1.6367 1.9704 2.6914 -1.3294 1.483 2.6704 -2.1834 2.083 1.5619 -3.2226 3.3962 2.3382 -3.4472 2.4747 2.7344 -0.4861 3.5409 1.5272 -0.75943 4.4093 2.471 -1.6156 -0.45106 -0.0038791 -0.64809 0.59614 -1.7723 -1.0843 -0.66856 -2.813 -0.33022 0.45106 0.0038788 0.64809 1.3558 -1.8354 0.18692 0.058278 -2.781 1.0074
2 14 12 2.7811 3.9289 -0.40896 2.1602 2.8362 -0.42435 2.0766 2.8279 -1.4043 3.3071 2.0827 -2.1786 4.1265 3.2906 -1.6815 2.2613 2.8685 0.55345 3.62 1.9792 0.73203 4.2709 3.3138 0.31628 -0.17064 -0.00028253 -0.77096 0.63268 -1.9412 -0.72715 -0.76832 -3.0594 -0.53283 0.17064 0.00028276 0.77096 0.86842 -1.9815 0.78005 -0.59543 -3.0063 1.0203
2 14 24 2.6353 3.9289 -0.97826 2.0248 2.8362 -0.86421 1.7393 2.8279 -1.8054 2.7819 2.0827 -2.8185 3.6867 3.2906 -2.5027 2.327 2.8685 0.071204 3.6931 1.9792 -0.036608 4.2434 3.3138 -0.5786 -0.3272 -0.00028253 -0.71864 0.46767 -1.9412 -0.8428 -0.86231 -3.0594 -0.36145 0.3272 0.00028276 0.71864 1.0116 -1.9815 0.58245 -0.37029 -3.0063 1.1218
2 15 12 2.3431 4.2098 -0.35344 1.8559 3.0474 -0.38224 1.7761 3.0532 -1.3625 3.1216 2.5598 -2.1466 3.5796 3.9109 -1.5614 1.9496 3.068 0.59661 3.4167 2.3852 0.82009 3.7005 3.8523 0.43984 -0.178 0.0032692 -0.76929 0.1507 -2.0715 -0.72847 -1.1305 -3.3219 -0.51429 0.178 -0.0032692 0.76929 0.48205 -2.079 0.88356 -0.86698 -3.2452 1.1503
2 15 24 2.2184 4.2098 -0.83286 1.7359 3.0474 -0.75976 1.454 3.0532 -1.702 2.6071 2.5598 -2.7487 3.1768 3.9109 -2.2716 2.031 3.068 0.17823 3.5126 2.3852 0.091789 3.7111 3.8523 -0.33915 -0.33405 0.0032692 -0.71547 -0.0040542 -2.0715 -0.74389 -1.2127 -3.3219 -0.26802 0.33405 -0.0032692 0.71547 0.65521 -2.079 0.76402 -0.60886 -3.2452 1.3055
2 22 24 2.2765 4.1982 -0.85488 1.7346 3.0773 -0.63749 1.4294 3.0238 -1.571 2.3675 1.991 -2.4206 3.4128 3.1163 -2.2843 2.0539 3.1561 0.28942 3.3377 2.1691 0.50512 3.9168 3.4235 -0.17941 -0.25907 0.0071793 -0.74587 0.74186 -1.799 -1.1332 -0.40531 -3.0906 -0.61671 0.25907 -0.0071793 0.74587 1.2714 -1.8305 0.4909 -0.039884 -3.0322 0.78671
2 23 24 2.4284 4.1039 -0.89522 1.8272 3.019 -0.65763 1.5241 2.955 -1.5911 2.3177 1.7773 -2.3985 3.5583 2.6923 -2.3629 2.1461 3.1072 0.2686 3.3104 1.9971 0.55304 4.0625 3.1161 -0.19509 -0.25441 0.0087333 -0.74746 0.83383 -1.7366 -1.1762 -0.056315 -3.2567 -0.79173 0.25441 -0.0087333 0.74746 1.3749 -1.7631 0.46287 0.26677 -3.1727 0.65269
2 24 24 2.5246 4.033 -0.93193 1.8724 2.9834 -0.68061 1.5615 2.9117 -1.611 2.2024 1.6069 -2.3563 3.6032 2.2487 -2.4149 2.2004 3.078 0.24178 3.2142 1.8462 0.59322 4.1502 2.7799 -0.20045 -0.25702 0.0055532 -0.7466 0.83936 -1.7317 -1.1874 0.29413 -3.4377 -0.97979 0.25702 -0.0055532 0.7466 1.4355 -1.7205 0.45553 0.65443 -3.3434 0.53776
2 25 24 2.5952 3.978 -0.94113 1.9096 2.9526 -0.69191 1.599 2.8781 -1.6222 2.0693 1.4593 -2.2813 3.57 1.784 -2.4234 2.2383 3.0491 0.23003 3.0894 1.7193 0.64943 4.1986 2.4178 -0.16254 -0.25948 0.0047641 -0.74575 0.82352 -1.7369 -1.2019 0.6024 -3.5258 -1.162 0.25948 -0.0047641 0.74575 1.4806 -1.6913 0.46502 1.0154 -3.4333 0.4653
2 26 24 2.636 3.9583 -0.89719 1.9416 2.9347 -0.67091 1.6484 2.8652 -1.6071 1.945 1.3611 -2.1713 3.473 1.3517 -2.3784 2.2535 3.0261 0.2574 2.9563 1.6301 0.73273 4.2134 2.0591 -0.05051 -0.26018 0.013205 -0.74541 0.85844 -1.6912 -1.2532 0.74708 -3.4908 -1.2659 0.26018 -0.013205 0.74541 1.562 -1.6333 0.43752 1.2341 -3.406 0.46818
2 27 24 2.6 3.9942 -0.83796 1.9186 2.9566 -0.6446 1.6357 2.8981 -1.5848 1.8038 1.345 -2.0625 3.2892 1.0271 -2.3277 2.2198 3.0374 0.28818 2.8173 1.6004 0.78514 4.1763 1.7379 0.069641 -0.26984 0.021982 -0.74175 1.0126 -1.5226 -1.3614 0.69996 -3.2933 -1.2278 0.26984 -0.021982 0.74175 1.7221 -1.5044 0.41321 1.2534 -3.2435 0.49567
2 28 12 2.8065 3.9353 -0.28101 2.0925 2.9024 -0.2481 2.0035 2.8594 -1.2267 2.1771 1.2795 -1.6044 3.6038 0.69544 -1.6342 2.2012 2.9675 0.72725 2.5777 1.4921 1.319 4.0823 1.322 1.0273 -0.12907 0.030093 -0.77842 1.5017 -1.2398 -1.1557 0.81564 -2.8962 -0.96366 0.12907 -0.030093 0.77842 1.8197 -1.277 0.74248 0.98821 -2.8766 0.71592
2 28 24 2.6867 3.9353 -0.85837 1.9952 2.9024 -0.67773 1.7047 2.8594 -1.6164 1.7959 1.2795 -2.022 3.1853 0.69544 -2.3477 2.3043 2.9675 0.25369 2.7956 1.4921 0.75419 4.2067 1.322 0.15614 -0.28809 0.030093 -0.73457 1.2285 -1.2398 -1.4427 0.59746 -2.8962 -1.1122 0.28809 -0.030093 0.73457 1.9343 -1.277 0.34792 1.1155 -2.8766 0.49481
2 29 24 2.8934 3.7762 -0.89297 2.1299 2.7957 -0.7024 1.8358 2.7662 -1.6405 1.7976 1.1656 -1.9654 3.0178 0.31886 -2.3799 2.4439 2.8461 0.22831 2.7443 1.3273 0.74962 4.1304 0.77131 0.36581 -0.28712 0.036828 -0.73464 1.3886 -1.0302 -1.4186 0.53339 -2.5752 -1.0541 0.28712 -0.036829 0.73464 2.0347 -1.0918 0.23735 1.0341 -2.5612 0.53835
2 29 36 2.6445 3.7762 -1.475 1.9373 2.7957 -1.1299 1.4546 2.7662 -1.9863 1.3497 1.1656 -2.2962 2.457 0.31886 -2.9553 2.438 2.8461 -0.28479 2.8402 1.3273 0.16267 4.1161 0.77131 -0.50093 -0.43359 0.036828 -0.65889 1.0633 -1.0302 -1.6763 0.30257 -2.5752 -1.142 0.43359 -0.036829 0.65889 2.0396 -1.0918 -0.19087 1.1235 -2.5612 0.31158
2 30 24 3.0926 3.5952 -0.93872 2.2553 2.6821 -0.71791 1.9524 2.6515 -1.6531 1.7587 1.0498 -1.9098 2.7134 -0.059917 -2.3943 2.5795 2.732 0.20932 2.6966 1.1951 0.75055 3.8629 0.19254 0.63949 -0.27473 0.03927 -0.73924 1.4657 -0.95223 -1.3732 0.49048 -2.4293 -1.0297 0.27473 -0.03927 0.73924 2.0522 -1.0073 0.17551 0.9752 -2.4 0.56443
2 30 36 2.8299 3.5952 -1.5612 2.0568 2.6821 -1.1711 1.566 2.6515 -2.0229 1.3232 1.0498 -2.2337 2.1563 -0.059917 -2.9061 2.5667 2.732 -0.33157 2.7938 1.1951 0.17349 3.9115 0.19254 -0.17763 -0.42243 0.03927 -0.66597 1.1482 -0.95223 -1.648 0.26568 -2.4293 -1.1092 0.42243 -0.03927 0.66597 2.0439 -1.0073 -0.25501 1.0712 -2.4 0.34934
2 31 24 3.3245 3.3583 -1.0187 2.4288 2.5098 -0.76659 2.1139 2.4763 -1.6978 1.7155 0.9049 -1.8997 2.3858 -0.39496 -2.3883 2.7659 2.5612 0.15594 2.663 1.0533 0.77582 3.4603 -0.26391 0.85934 -0.26638 0.038656 -0.74233 1.4545 -1.0066 -1.3426 0.42801 -2.4392 -0.96197 0.26638 -0.038656 0.74233 2.0358 -1.0124 0.16334 0.92408 -2.3741 0.56418
2 31 36 3.04 3.3583 -1.6876 2.2163 2.5098 -1.2548 1.7147 2.4763 -2.1002 1.283 0.9049 -2.2148 1.8371 -0.39496 -2.8321 2.7379 2.5612 -0.42254 2.7661 1.0533 0.20521 3.5634 -0.26391 0.12112 -0.41489 0.038656 -0.67072 1.1436 -1.0066 -1.6156 0.21865 -2.4392 -1.0299 0.41489 -0.038656 0.67072 2.0253 -1.0124 -0.2635 1.0212 -2.3741 0.35973
2 32 24 3.552 3.0832 -1.1087 2.5977 2.3101 -0.82924 2.2733 2.2783 -1.7572 1.5863 0.80285 -1.8976 1.9902 -0.61789 -2.3404 2.9455 2.3578 0.089504 2.5474 0.96049 0.83627 2.9911 -0.50534 1.0156 -0.2675 0.041699 -0.74176 1.4177 -1.07 -1.3236 0.39819 -2.5028 -0.92542 0.2675 -0.041699 0.74176 1.9819 -1.108 0.16022 0.86893 -2.4642 0.57598
2 32 36 3.2439 3.0832 -1.8229 2.3685 2.3101 -1.3512 1.8582 2.2783 -2.1914 1.1571 0.80285 -2.186 1.4601 -0.61789 -2.703 2.8998 2.3578 -0.52486 2.6656 0.96049 0.28835 3.1369 -0.50534 0.37149 -0.41588 0.041699 -0.66993 1.1115 -1.07 -1.5895 0.19709 -2.5028 -0.98799 0.41588 -0.041699 0.66993 1.9719 -1.108 -0.25534 0.9697 -2.4642 0.38273
2 33 24 3.7719 2.7665 -1.2041 2.7546 2.0883 -0.89557 2.4209 2.0622 -1.8204 1.4556 0.74715 -1.906 1.5434 -0.75167 -2.2575 3.1128 2.1283 0.019558 2.4366 0.91968 0.88598 2.5204 -0.60015 1.1325 -0.26569 0.040777 -0.74246 1.3635 -1.1647 -1.2964 0.37439 -2.6282 -0.93484 0.26569 -0.040776 0.74246 1.905 -1.2153 0.15305 0.84709 -2.6047 0.60157
2 33 36 3.4391 2.7665 -1.962 2.5082 2.0883 -1.4487 1.9895 2.0622 -2.284 1.0275 0.74715 -2.167 1.0403 -0.75167 -2.529 3.0489 2.1283 -0.62806 2.5676 0.91968 0.36002 2.7008 -0.60015 0.58368 -0.41425 0.040777 -0.671 1.0642 -1.1647 -1.5515 0.17184 -2.6282 -0.99225 0.41425 -0.040776 0.671 1.8952 -1.2153 -0.24637 0.95365 -2.6047 0.41231
2 34 24 3.9616 2.4375 -1.2986 2.8928 1.8579 -0.95935 2.557 1.827 -1.8833 1.358 0.71782 -1.9092 1.0899 -0.77292 -2.1982 3.254 1.9006 -0.045527 2.3627 0.91276 0.9024 2.076 -0.55689 1.2706 -0.26587 0.03717 -0.74258 1.2755 -1.2951 -1.2559 0.34812 -2.8089 -0.94079 0.26587 -0.03717 0.74258 1.8076 -1.3441 0.16866 0.82011 -2.7841 0.61809
2 34 36 3.6051 2.4375 -2.0939 2.6301 1.8579 -1.5398 2.1096 1.827 -2.3738 0.93134 0.71782 -2.1498 0.60904 -0.77292 -2.3767 3.1734 1.9006 -0.72108 2.4987 0.91276 0.39145 2.2948 -0.55689 0.81124 -0.41445 0.03717 -0.67108 0.98655 -1.2951 -1.4936 0.14491 -2.8089 -0.99261 0.41445 -0.03717 0.67108 1.8032 -1.3441 -0.21085 0.93069 -2.7841 0.43407
2 35 24 4.1146 2.1116 -1.3894 3.0103 1.6199 -1.0247 2.6704 1.5767 -1.9466 1.2932 0.69891 -1.9054 0.71855 -0.70699 -2.1717 3.3763 1.673 -0.11336 2.3272 0.91684 0.88482 1.7206 -0.40448 1.3985 -0.26557 0.029358 -0.74304 1.1551 -1.4501 -1.1983 0.30171 -3.0161 -0.93314 0.26557 -0.029358 0.74304 1.6821 -1.4875 0.21237 0.78331 -2.9905 0.64111
2 36 24 4.2352 1.7903 -1.4736 3.1029 1.3833 -1.0898 2.7531 1.3333 -2.0077 1.2588 0.68071 -1.908 0.49704 -0.62561 -2.2095 3.4791 1.4412 -0.18291 2.335 0.93945 0.86974 1.5124 -0.1934 1.516 -0.26602 0.019832 -0.74319 1.0351 -1.585 -1.1249 0.258 -3.2003 -0.93068 0.26602 -0.019832 0.74319 1.5522 -1.6097 0.26112 0.75514 -3.1745 0.67012
2 37 24 4.3201 1.4859 -1.5561 3.168 1.1619 -1.1515 2.8054 1.1094 -2.0643 1.2454 0.63814 -1.9499 0.45406 -0.62534 -2.3437 3.5573 1.2206 -0.25022 2.3779 0.95861 0.84928 1.4684 0.016148 1.6631 -0.26998 0.014751 -0.74188 0.91913 -1.6882 -1.0585 0.21504 -3.3432 -0.93179 0.26998 -0.014751 0.74188 1.4482 -1.6963 0.29644 0.73645 -3.3059 0.68806
2 38 24 4.3651 1.2253 -1.6423 3.2033 0.97658 -1.212 2.8244 0.91986 -2.1178 1.2325 0.55896 -2.0509 0.55701 -0.71744 -2.5915 3.6092 1.0379 -0.31817 2.4541 0.97668 0.83539 1.6071 0.167 1.8377 -0.27838 0.015441 -0.73876 0.8127 -1.7575 -1.0225 0.17514 -3.4418 -0.9356 0.27838 -0.015441 0.73876 1.3664 -1.7636 0.32112 0.70244 -3.3988 0.68997
2 39 12 4.6475 1.0055 -0.77431 3.4131 0.82392 -0.57353 3.2143 0.75519 -1.5343 1.6654 0.41106 -1.9231 1.3973 -0.89415 -2.6992 3.6407 0.89566 0.38062 2.3459 0.96494 1.3744 1.4623 0.18907 2.3718 -0.12877 0.016042 -0.77888 0.92847 -1.7987 -0.83694 0.3396 -3.502 -0.89105 0.12877 -0.016042 0.77888 1.2323 -1.796 0.61048 0.52983 -3.4458 0.7995
2 52 12 4.3665 1.7059 -1.1421 3.1981 1.2953 -0.89897 2.952 1.2824 -1.8511 1.5901 0.38669 -1.9597 1.6244 -1.1502 -2.08 3.4719 1.3159 0.045467 2.3673 0.4526 0.88417 2.271 -1.0788 1.0365 -0.2237 0.024885 -0.75686 0.70284 -1.8567 -0.88139 0.14832 -3.572 -0.9144 0.2237 -0.024885 0.75686 1.0962 -1.9189 0.50026 0.34657 -3.5405 0.74362
2 52 24 4.0337 1.7059 -2.025 2.9413 1.2953 -1.5442 2.5026 1.2824 -2.4245 1.1479 0.38669 -2.2475 1.1565 -1.1502 -2.3723 3.4055 1.3159 -0.67737 2.4994 0.4526 0.37265 2.4369 -1.0788 0.54168 -0.37617 0.024885 -0.69381 0.50423 -1.8567 -1.0083 -0.045038 -3.572 -0.92526 0.37617 -0.024885 0.69381 1.1762 -1.9189 0.26142 0.49361 -3.5405 0.65531
2 53 12 4.3186 1.8393 -1.1216 3.1572 1.4033 -0.88628 2.9148 1.3912 -1.8394 1.4378 0.70495 -1.9671 1.1233 -0.79304 -2.1536 3.4271 1.4239 0.059284 2.2269 0.73779 0.92968 1.8615 -0.71267 1.3043 -0.22471 0.024213 -0.75658 0.68274 -1.866 -0.8899 0.12515 -3.5805 -0.91245 0.22471 -0.024213 0.75658 1.0836 -1.9261 0.51244 0.3227 -3.5434 0.74924
2 53 24 3.9911 1.8393 -1.995 2.9039 1.4033 -1.5233 2.4687 1.3912 -2.4053 0.99741 0.70495 -2.223 0.65098 -0.79304 -2.3401 3.3645 1.4239 -0.65454 2.3715 0.73779 0.44637 2.092 -0.71267 0.88875 -0.3771 0.024213 -0.69333 0.4828 -1.866 -1.0124 -0.067291 -3.5805 -0.91853 0.3771 -0.024213 0.69333 1.1664 -1.9261 0.27596 0.47142 -3.5434 0.66578
2 54 12 4.2834 1.9289 -1.1026 3.1223 1.4864 -0.8733 2.8887 1.471 -1.8286 1.3286 1.007 -1.9686 0.67146 -0.36042 -2.2442 3.3834 1.5108 0.074647 2.1193 1.0239 0.98782 1.534 -0.27887 1.569 -0.22907 0.027229 -0.75517 0.65761 -1.8727 -0.89061 0.10986 -3.5904 -0.90643 0.22907 -0.027229 0.75517 1.0674 -1.9391 0.51779 0.30088 -3.5536 0.75572
2 55 12 4.2791 1.9539 -1.0734 3.1139 1.5168 -0.85416 2.8888 1.4961 -1.8114 1.2793 1.2608 -1.9619 0.33281 0.097194 -2.3196 3.3665 1.5466 0.095934 2.0666 1.2672 1.0452 1.3173 0.15284 1.8031 -0.22609 0.025459 -0.75613 0.65062 -1.8799 -0.87898 0.10023 -3.5968 -0.89658 0.22609 -0.025459 0.75613 1.0461 -1.9461 0.52647 0.28535 -3.5638 0.76134
2 56 12 4.2909 1.9422 -1.038 3.1174 1.5224 -0.82701 2.9027 1.4976 -1.7865 1.2764 1.4758 -1.9399 0.11921 0.55327 -2.3729 3.3599 1.556 0.1256 2.0423 1.4847 1.0888 1.1982 0.56874 1.9978 -0.21795 0.021492 -0.75864 0.66222 -1.8831 -0.86812 0.093003 -3.5939 -0.88646 0.21795 -0.021492 0.75864 1.0331 -1.945 0.5354 0.27631 -3.5647 0.76936
2 57 12 4.3236 1.8792 -1.0144 3.1416 1.482 -0.80782 2.929 1.4539 -1.7677 1.3107 1.6198 -1.917 0.023205 0.93059 -2.412 3.382 1.5184 0.1452 2.0588 1.6398 1.0955 1.1711 0.9053 2.1202 -0.20979 0.016918 -0.76105 0.7031 -1.8724 -0.86779 0.10034 -3.5716 -0.88012 0.20979 -0.016918 0.76105 1.0492 -1.9307 0.54382 0.27911 -3.5446 0.77398
2 58 12 4.3717 1.7787 -0.98679 3.1794 1.4074 -0.79097 2.9783 1.3749 -1.7532 1.3817 1.6954 -1.8836 0.030086 1.1902 -2.4272 3.4086 1.4475 0.16466 2.088 1.7422 1.08 1.2 1.1201 2.1765 -0.20225 0.012627 -0.76317 0.77237 -1.8454 -0.87367 0.11815 -3.5255 -0.87372 0.20225 -0.012627 0.76317 1.0976 -1.9024 0.55954 0.2929 -3.5005 0.78156
2 59 12 4.4242 1.6634 -0.9557 3.2221 1.3187 -0.77498 3.0283 1.279 -1.7384 1.4565 1.712 -1.8408 0.085747 1.3134 -2.4238 3.444 1.3656 0.18205 2.1232 1.7821 1.0485 1.2531 1.1928 2.1769 -0.19431 0.010248 -0.76527 0.85871 -1.8044 -0.87642 0.13372 -3.4552 -0.86233 0.19432 -0.010248 0.76527 1.1667 -1.8631 0.57607 0.30421 -3.4329 0.78247
2 60 12 4.4666 1.5685 -0.93186 3.2594 1.2386 -0.76149 3.067 1.1953 -1.7251 1.5051 1.6679 -1.8007 0.13957 1.2769 -2.4008 3.48 1.2887 0.19568 2.1386 1.7386 1.0122 1.2894 1.1176 2.1396 -0.18999 0.010645 -0.76635 0.94576 -1.7535 -0.87597 0.14064 -3.3666 -0.84612 0.18999 -0.010645 0.76635 1.2442 -1.8188 0.58314 0.30686 -3.3453 0.7882
2 61 12 4.4885 1.5293 -0.90044 3.2807 1.1956 -0.74286 3.1001 1.1451 -1.7084 1.5214 1.5626 -1.7536 0.18859 1.0738 -2.3556 3.4897 1.253 0.21652 2.1077 1.6294 1.0022 1.3161 0.8901 2.0996 -0.18425 0.0082362 -0.76778 1.0359 -1.6987 -0.87792 0.13652 -3.2607 -0.83098 0.18425 -0.0082364 0.76778 1.3173 -1.7684 0.58774 0.29443 -3.239 0.79182
2 62 12 4.4831 1.5726 -0.87084 3.2814 1.2132 -0.72102 3.11 1.1632 -1.6882 1.4947 1.4061 -1.7128 0.25566 0.70331 -2.3031 3.481 1.2707 0.24034 2.0495 1.4354 1.0099 1.3883 0.49515 2.0377 -0.17575 -0.0022628 -0.76981 1.1325 -1.6419 -0.88931 0.12201 -3.1332 -0.81358 0.17575 0.0022628 0.76981 1.3859 -1.7072 0.60339 0.27144 -3.1108 0.80075
2 63 12 4.4336 1.7299 -0.83703 3.2478 1.3166 -0.69977 3.0906 1.2596 -1.669 1.4591 1.18 -1.6936 0.43434 0.18074 -2.2672 3.433 1.3824 0.26395 2.0041 1.1872 1.0314 1.5952 -0.0037353 1.9214 -0.17072 -0.012081 -0.77085 1.2077 -1.5914 -0.91175 0.078021 -2.9925 -0.80254 0.17072 0.012081 0.77085 1.4508 -1.648 0.62976 0.23939 -2.9694 0.82231
2 63 24 4.1627 1.7299 -1.7405 3.0313 1.3166 -1.3597 2.676 1.2596 -2.2751 1.0751 1.18 -1.9599 -0.046535 0.18074 -2.308 3.4128 1.3824 -0.45558 2.1747 1.1872 0.59214 1.9598 -0.0037353 1.5477 -0.32726 -0.012081 -0.71851 0.99175 -1.5914 -1.1429 -0.090541 -2.9925 -0.80122 0.32726 0.012081 0.71851 1.55 -1.648 0.31435 0.40513 -2.9694 0.75457
2 64 12 4.3252 2.0029 -0.79151 3.17 1.5079 -0.67065 3.0217 1.4472 -1.6411 1.4788 0.91296 -1.6942 0.87664 -0.39513 -2.2455 3.3457 1.579 0.29446 2.0542 0.91435 1.0421 2.0653 -0.47942 1.7016 -0.16487 -0.018372 -0.772 1.2796 -1.5341 -0.94668 0.033225 -2.8297 -0.80898 0.16487 0.018372 0.772 1.5075 -1.594 0.6629 0.19883 -2.82 0.85072
2 64 24 4.0662 2.0029 -1.6735 2.9613 1.5079 -1.3151 2.6145 1.4472 -2.2334 1.0943 0.91296 -1.9646 0.39061 -0.39513 -2.3787 3.3338 1.579 -0.40758 2.226 0.91435 0.59224 2.3739 -0.47942 1.235 -0.32178 -0.018372 -0.72085 1.0548 -1.5341 -1.192 -0.1357 -2.8297 -0.79821 0.32178 0.018372 0.72085 1.6123 -1.594 0.33499 0.37136 -2.82 0.79079
2 65 12 4.1483 2.3653 -0.74371 3.0521 1.7516 -0.63311 2.9117 1.6898 -1.6046 1.6564 0.6498 -1.7103 1.735 -0.79805 -2.2349 3.219 1.826 0.33331 2.2636 0.67543 0.99065 2.8106 -0.72126 1.348 -0.15923 -0.019672 -0.77315 1.3471 -1.469 -0.98426 0.017233 -2.6744 -0.81265 0.15923 0.019672 0.77315 1.5496 -1.5538 0.70172 0.15164 -2.68 0.87013
2 65 24 3.903 2.3653 -1.5899 2.8538 1.7516 -1.2538 2.5145 1.6898 -2.1749 1.2646 0.6498 -2.0173 1.2324 -0.79805 -2.5468 3.218 1.826 -0.34324 2.4201 0.67543 0.49837 3.0295 -0.72126 0.73416 -0.31649 -0.019672 -0.72315 1.113 -1.469 -1.2428 -0.1521 -2.6744 -0.79848 0.31649 0.019672 0.72315 1.6617 -1.5538 0.3642 0.32924 -2.68 0.81958
2 66 24 3.6857 2.7471 -1.4956 2.7147 2.0097 -1.1826 2.3823 1.9504 -2.1064 1.6503 0.49018 -2.1309 2.3748 -0.70183 -2.788 3.0709 2.0838 -0.26887 2.7772 0.57717 0.2903 3.8086 -0.55439 0.1072 -0.31425 -0.016834 -0.7242 1.1159 -1.4613 -1.2556 -0.20552 -2.5888 -0.77251 0.31425 0.016834 0.7242 1.6856 -1.5408 0.39666 0.27423 -2.5713 0.84063
2 66 36 3.2942 2.7471 -2.2292 2.4095 2.0097 -1.7212 1.8923 1.9504 -2.5557 1.1712 0.49018 -2.4274 1.7432 -0.70183 -3.2209 2.9479 2.0838 -0.90148 2.7769 0.57717 -0.29346 3.7476 -0.55439 -0.68698 -0.45795 -0.016834 -0.64303 0.8305 -1.4613 -1.4602 -0.36164 -2.5888 -0.71289 0.45796 0.016834 0.64303 1.7313 -1.5408 0.037528 0.44302 -2.5713 0.76524
2 67 24 3.4573 3.0711 -1.4126 2.5618 2.2381 -1.1217 2.2317 2.1827 -2.0465 2.1879 0.57341 -2.3237 3.4546 0.045649 -3.0271 2.9145 2.3102 -0.20638 3.2108 0.72285 0.040835 4.5288 0.16178 -0.52992 -0.31529 -0.014904 -0.72379 1.0751 -1.5057 -1.2323 -0.2883 -2.5751 -0.73372 0.31529 0.014904 0.72379 1.6493 -1.5822 0.43399 0.18921 -2.5453 0.87136
2 67 36 3.088 3.0711 -2.1006 2.2726 2.2381 -1.6298 1.7575 2.1827 -2.4658 1.657 0.57341 -2.7279 2.7498 0.045649 -3.6792 2.8079 2.3102 -0.80783 3.1492 0.72285 -0.62763 4.3197 0.16178 -1.4599 -0.45889 -0.014904 -0.64242 0.79539 -1.5057 -1.4289 -0.43454 -2.5751 -0.65774 0.45889 0.014904 0.64242 1.7035 -1.5822 0.081589 0.36624 -2.5453 0.81298
2 68 24 3.2557 3.3117 -1.3448 2.4291 2.4021 -1.0883 2.1093 2.3522 -2.017 2.6797 0.93147 -2.5871 4.0693 1.2819 -3.1564 2.7704 2.4707 -0.1684 3.6241 1.0779 -0.16403 4.9233 1.3407 -0.95179 -0.31947 -0.016322 -0.72192 0.9893 -1.5958 -1.1766 -0.39724 -2.639 -0.68666 0.31947 0.016322 0.72192 1.549 -1.6689 0.47164 0.080654 -2.6089 0.93129
2 68 36 2.905 3.3117 -1.9923 2.1497 2.4021 -1.5695 1.6438 2.3522 -2.4115 2.0833 0.93147 -3.0877 3.3241 1.2819 -3.9334 2.6748 2.4707 -0.74071 3.5108 1.0779 -0.91394 4.6179 1.3407 -1.9546 -0.46259 -0.016322 -0.63972 0.72304 -1.5958 -1.3566 -0.53132 -2.639 -0.58907 0.46259 0.016322 0.63972 1.6132 -1.6689 0.13928 0.27252 -2.6089 0.89417
2 69 24 3.0614 3.5201 -1.2633 2.3117 2.5379 -1.0466 2.0065 2.5046 -1.981 2.9929 1.4813 -2.7864 4.0655 2.5445 -3.0972 2.6372 2.5916 -0.12003 3.8984 1.5642 -0.27 4.8291 2.5608 -0.98984 -0.32164 -0.016275 -0.72096 0.81621 -1.744 -1.0879 -0.56903 -2.7939 -0.60861 0.32164 0.016275 0.72096 1.3737 -1.7922 0.52926 -0.062843 -2.7576 1.0345
2 69 36 2.7319 3.5201 -1.8722 2.0436 2.5379 -1.5043 1.5508 2.5046 -2.3549 2.3481 1.4813 -3.3477 3.3327 2.5445 -3.8748 2.5546 2.5916 -0.66571 3.7571 1.5642 -1.0746 4.5178 2.5608 -1.9722 -0.46451 -0.016275 -0.63833 0.57218 -1.744 -1.2339 -0.68314 -2.7939 -0.477 0.46451 0.016275 0.63833 1.4537 -1.7922 0.23209 0.15361 -2.7576 1.0249
2 70 24 2.7823 3.7829 -1.1621 2.1237 2.731 -0.96273 1.81 2.7022 -1.8945 2.9917 2.0517 -2.8161 3.6083 3.4643 -2.8626 2.4553 2.7824 -0.03821 3.9184 2.0889 -0.25569 4.3779 3.4785 -0.74095 -0.31801 -0.017178 -0.72255 0.50722 -1.9322 -0.97972 -0.83327 -3.0351 -0.49225 0.31801 0.017178 0.72255 1.1005 -1.9312 0.64607 -0.27886 -2.9673 1.1703
2 70 36 2.4799 3.7829 -1.7152 1.8771 2.731 -1.3832 1.3766 2.7022 -2.2294 2.3408 2.0517 -3.3765 2.9343 3.4643 -3.5502 2.3937 2.7824 -0.54786 3.7796 2.0889 -1.0648 4.1282 3.4785 -1.635 -0.46129 -0.017178 -0.64064 0.29244 -1.9322 -1.0638 -0.91741 -3.0351 -0.30825 0.46129 0.017178 0.64064 1.2108 -1.9312 0.40315 -0.029447 -2.9673 1.2027
2 71 12 2.5108 4.1141 -0.51287 1.9469 2.9873 -0.42902 1.7988 2.96 -1.401 3.2073 2.5288 -2.1073 3.4689 4.0353 -1.9081 2.1102 3.04 0.53945 3.6606 2.5333 0.6302 3.8626 4.0413 0.37987 -0.14924 -0.020804 -0.77511 0.29503 -2.0737 -0.82706 -1.0215 -3.2922 -0.64601 0.14924 0.020804 0.77511 0.57867 -2.0299 0.93097 -0.78104 -3.1838 1.1969
2 71 24 2.3493 4.1141 -1.0237 1.8152 2.9873 -0.82444 1.4683 2.96 -1.7444 2.6991 2.5288 -2.7281 2.9964 4.0353 -2.5876 2.1762 3.04 0.088926 3.7116 2.5333 -0.14466 3.8572 4.0413 -0.43151 -0.30714 -0.020804 -0.72714 0.11663 -2.0737 -0.87033 -1.1335 -3.2922 -0.41951 0.30714 0.020804 0.72714 0.75958 -2.0299 0.79032 -0.51512 -3.1838 1.3332
2 78 24 2.2302 4.2376 -0.8101 1.6501 3.1387 -0.56648 1.3229 3.1051 -1.4934 2.3725 2.5926 -2.6354 2.7297 4.0692 -2.3714 1.9915 3.1978 0.35402 3.4797 2.5278 0.42412 3.8095 3.9664 -0.022339 -0.25253 0.003696 -0.74814 0.76962 -1.7915 -1.1312 0.029692 -3.4281 -0.97288 0.25253 -0.003696 0.74814 1.4471 -1.7105 0.47554 0.43284 -3.1956 0.6041
2 79 24 2.2422 4.2317 -0.80285 1.6487 3.1412 -0.55388 1.3262 3.1012 -1.4822 2.3279 2.4493 -2.596 2.8035 3.9054 -2.419 1.9854 3.2064 0.36792 3.4231 2.4392 0.48237 3.835 3.8344 -0.028764 -0.25186 0.0076337 -0.74834 0.82687 -1.7413 -1.1864 0.33314 -3.4749 -1.1466 0.25186 -0.0076337 0.74834 1.5108 -1.6545 0.40603 0.77865 -3.2996 0.4975
2 80 24 2.224 4.2452 -0.77069 1.6168 3.1612 -0.5264 1.3041 3.1199 -1.458 2.2429 2.3292 -2.536 2.8368 3.7489 -2.4388 1.9442 3.2277 0.3987 3.3266 2.372 0.5583 3.8075 3.7247 -0.0041669 -0.25333 0.013544 -0.74776 0.86922 -1.6917 -1.2442 0.61772 -3.4758 -1.3105 0.25333 -0.013544 0.74776 1.5316 -1.6304 0.34033 1.0974 -3.3788 0.41388
2 81 24 2.1896 4.2675 -0.73893 1.58 3.1815 -0.51177 1.2769 3.1438 -1.4467 2.14 2.2301 -2.4902 2.8385 3.6044 -2.4566 1.898 3.2442 0.41683 3.2197 2.3082 0.63067 3.7603 3.622 0.03124 -0.2666 0.019204 -0.743 0.90542 -1.6277 -1.316 0.81302 -3.4249 -1.4276 0.2666 -0.019204 0.743 1.5882 -1.5915 0.30065 1.3361 -3.3759 0.35718
2 82 24 2.1405 4.2999 -0.69817 1.5426 3.2044 -0.48351 1.2354 3.1914 -1.4178 2.0272 2.1917 -2.4386 2.8011 3.5254 -2.4338 1.8643 3.2428 0.44515 3.1421 2.2604 0.71127 3.721 3.5498 0.094862 -0.28513 0.027568 -0.73582 0.99244 -1.5035 -1.3977 0.8502 -3.3002 -1.4455 0.28513 -0.027568 0.73582 1.7148 -1.4925 0.26217 1.4619 -3.2764 0.33047
2 83 24 2.108 4.3196 -0.67894 1.5208 3.2152 -0.48022 1.2126 3.2245 -1.4142 1.9635 2.1831 -2.4244 2.7777 3.4926 -2.4189 1.8432 3.2317 0.44882 3.0964 2.2242 0.73734 3.7161 3.4943 0.12061 -0.29484 0.025611 -0.73206 1.219 -1.1891 -1.5365 0.87594 -2.9557 -1.4254 0.29484 -0.025611 0.73206 1.9349 -1.2252 0.19784 1.4127 -2.9467 0.31916
2 84 12 2.2956 4.2709 -0.22372 1.6714 3.171 -0.16172 1.5379 3.1877 -1.136 2.4327 2.0705 -1.9234 3.2986 3.3375 -1.7725 1.8202 3.1798 0.81045 2.9205 2.0919 1.3344 3.7644 3.3086 0.90419 -0.14417 0.028852 -0.77581 1.7101 -0.81491 -1.2896 1.1043 -2.5089 -1.1698 0.14417 -0.028852 0.77581 2.0559 -0.8767 0.57351 1.2373 -2.4815 0.64745
2 84 24 2.1989 4.2709 -0.6961 1.6012 3.171 -0.50569 1.2681 3.1877 -1.4309 1.9796 2.0705 -2.3871 2.858 3.3375 -2.4196 1.9489 3.1798 0.4143 3.1341 2.0919 0.69806 3.8702 3.3086 0.10177 -0.30232 0.028852 -0.72888 1.4046 -0.81491 -1.617 0.83694 -2.5089 -1.3738 0.30232 -0.028852 0.72888 2.1302 -0.8767 0.13354 1.3449 -2.4815 0.37605
2 85 12 2.3222 4.2498 -0.21603 1.657 3.1736 -0.16634 1.5126 3.199 -1.1389 2.2774 1.9313 -1.8295 3.3081 3.0766 -1.7686 1.8173 3.1734 0.80405 2.7663 1.9358 1.2906 3.8182 2.9999 0.9181 -0.15068 0.028579 -0.77458 1.7847 -0.61269 -1.2818 1.0037 -2.2293 -1.1161 0.15068 -0.028579 0.77458 2.1207 -0.73098 0.5746 1.108 -2.2193 0.67634
2 85 24 2.2265 4.2498 -0.69411 1.5862 3.1736 -0.50723 1.2428 3.199 -1.4285 1.8473 1.9313 -2.263 2.8681 3.0766 -2.4178 1.9448 3.1734 0.40864 2.9741 1.9358 0.68727 3.9257 2.9999 0.10419 -0.30844 0.028579 -0.72633 1.4792 -0.61269 -1.6249 0.7497 -2.2293 -1.3004 0.30844 -0.028579 0.72633 2.1938 -0.73098 0.12113 1.2244 -2.2193 0.43119
2 86 12 2.3852 4.2083 -0.23266 1.6975 3.1466 -0.19119 1.5697 3.1782 -1.1659 2.2118 1.8015 -1.7668 3.425 2.753 -1.7463 1.8424 3.1394 0.7816 2.6712 1.8101 1.2449 3.888 2.6817 0.87401 -0.14403 0.019693 -0.77612 1.8329 -0.50287 -1.2589 0.92814 -2.0511 -1.0712 0.14403 -0.019693 0.77612 2.1414 -0.63978 0.57509 1.0101 -2.0387 0.69364
2 86 24 2.2847 4.2083 -0.72348 1.6207 3.1466 -0.53994 1.293 3.1782 -1.4668 1.7961 1.8015 -2.1881 2.9871 2.753 -2.4203 1.9647 3.1394 0.38146 2.8717 1.8101 0.66231 3.9847 2.6817 0.046559 -0.30225 0.019693 -0.72922 1.5311 -0.50287 -1.6124 0.68514 -2.0511 -1.2408 0.30225 -0.019693 0.72922 2.2141 -0.63978 0.1173 1.1322 -2.0387 0.46847
2 87 24 2.3763 4.149 -0.75162 1.7008 3.0951 -0.58161 1.372 3.121 -1.5082 1.803 1.691 -2.17 3.1204 2.4491 -2.4292 2.0468 3.0929 0.33909 2.874 1.7175 0.64379 4.058 2.4458 -0.023694 -0.29967 0.016824 -0.73035 1.5614 -0.44187 -1.5908 0.64234 -1.9417 -1.1949 0.29968 -0.016824 0.73035 2.2233 -0.59795 0.11697 1.0669 -1.9289 0.49401
2 87 36 2.1681 4.149 -1.2293 1.5428 3.0951 -0.92253 1.0285 3.121 -1.7605 1.3124 1.691 -2.4975 2.5472 2.4491 -3.0249 2.0725 3.0929 -0.093867 2.9451 1.7175 0.032181 3.9644 2.4458 -0.86688 -0.44497 0.016824 -0.65208 1.1965 -0.44187 -1.8807 0.37987 -1.9417 -1.3024 0.44497 -0.016824 0.65208 2.199 -0.59795 -0.34783 1.1463 -1.9289 0.2614
2 88 24 2.4567 4.086 -0.80164 1.7604 3.0491 -0.62585 1.4347 3.0651 -1.5537 1.8187 1.6119 -2.1936 3.2078 2.2274 -2.4564 2.1041 3.0559 0.29566 2.8929 1.6647 0.629 4.1026 2.314 -0.072823 -0.29958 0.012181 -0.73048 1.5828 -0.44149 -1.546 0.61707 -1.9144 -1.1603 0.29958 -0.012181 0.73048 2.2077 -0.61654 0.091569 1.0216 -1.909 0.50833
2 88 36 2.2363 4.086 -1.2949 1.5919 3.0491 -0.97819 1.0803 3.0651 -1.8181 1.3228 1.6119 -2.5237 2.627 2.2274 -3.0697 2.1196 3.0559 -0.14827 2.9605 1.6647 0.013786 3.9979 2.314 -0.92422 -0.44491 0.012181 -0.65223 1.2268 -0.44149 -1.8413 0.36235 -1.9144 -1.2632 0.44491 -0.012181 0.65223 2.1785 -0.61654 -0.36943 1.105 -1.909 0.28481
2 89 24 2.5436 4.0179 -0.85529 1.8255 2.9989 -0.67483 1.5077 2.9991 -1.6056 1.8778 1.5341 -2.2265 3.3061 2.0462 -2.5014 2.1619 3.0209 0.24913 2.9377 1.6241 0.58949 4.1646 2.226 -0.12481 -0.30037 0.0086915 -0.73021 1.5955 -0.47694 -1.4946 0.6018 -1.9374 -1.1332 0.30037 -0.0086915 0.73021 2.1783 -0.65871 0.048118 0.99058 -1.9338 0.51102
2 89 36 2.3102 4.0179 -1.3655 1.6453 2.9989 -1.0396 1.141 2.9991 -1.884 1.3739 1.5341 -2.5683 2.7138 2.0462 -3.1341 2.1665 3.0209 -0.2058 2.9961 1.6241 -0.03418 4.0476 2.226 -0.98795 -0.44562 0.0086915 -0.6518 1.2499 -0.47694 -1.7936 0.35305 -1.9374 -1.2335 0.44562 -0.0086915 0.6518 2.1407 -0.65871 -0.40582 1.0752 -1.9338 0.2939
2 90 24 2.6323 3.9506 -0.90566 1.8943 2.9477 -0.71538 1.5734 2.9406 -1.6451 1.9369 1.4681 -2.252 3.395 1.8836 -2.5331 2.234 2.9767 0.20716 2.9956 1.5746 0.55747 4.2347 2.1416 -0.16422 -0.30219 0.0079288 -0.72947 1.59 -0.54579 -1.4555 0.59752 -2.0151 -1.1285 0.30219 -0.0079288 0.72947 2.143 -0.73402 0.02348 0.97383 -2.0146 0.51739
2 90 36 2.3865 3.9506 -1.4332 1.7041 2.9477 -1.0936 1.197 2.9406 -1.9363 1.4264 1.4681 -2.6055 2.7941 1.8836 -3.1836 2.2283 2.9767 -0.26185 3.0461 1.5746 -0.077537 4.1081 2.1416 -1.0411 -0.44725 0.0079288 -0.6507 1.2527 -0.54579 -1.7543 0.34982 -2.0151 -1.2281 0.44725 -0.0079288 0.6507 2.1011 -0.73402 -0.42259 1.0601 -2.0146 0.30362
2 91 24 2.7006 3.8928 -0.96241 1.9489 2.9024 -0.76011 1.6225 2.8924 -1.6879 1.9671 1.4075 -2.2755 3.4522 1.7049 -2.5649 2.2944 2.9339 0.16018 3.0314 1.5203 0.51691 4.2909 2.0346 -0.20896 -0.30722 0.005635 -0.72738 1.5539 -0.65908 -1.4406 0.57093 -2.1347 -1.1131 0.30722 -0.005635 0.72738 2.1033 -0.82893 0.012859 0.95928 -2.1259 0.52272
2 91 36 2.4415 3.8928 -1.5029 1.7483 2.9024 -1.1487 1.2361 2.8924 -1.9883 1.451 1.4075 -2.6347 2.8435 1.7049 -3.2266 2.2776 2.9339 -0.32036 3.0727 1.5203 -0.12465 4.1537 2.0346 -1.0965 -0.45174 0.005635 -0.64761 1.2204 -0.65908 -1.7322 0.32703 -2.1347 -1.2075 0.45174 -0.005635 0.64761 2.06 -0.82893 -0.42473 1.047 -2.1259 0.31186
2 92 24 2.7566 3.8467 -1.0044 1.9973 2.8643 -0.79015 1.6638 2.8519 -1.7153 1.9744 1.3457 -2.2662 3.4781 1.4721 -2.5833 2.3501 2.8981 0.12732 3.0415 1.4628 0.48872 4.3407 1.8752 -0.23231 -0.30909 0.0064747 -0.72658 1.5071 -0.78074 -1.4309 0.54634 -2.271 -1.1036 0.30909 -0.0064747 0.72658 2.0574 -0.93439 0.021867 0.94597 -2.2585 0.53395
2 92 36 2.4876 3.8467 -1.5556 1.7894 2.8643 -1.1881 1.2708 2.8519 -2.0238 1.4601 1.3457 -2.6272 2.865 1.4721 -3.25 2.3252 2.8981 -0.36408 3.0767 1.4628 -0.15433 4.1975 1.8752 -1.1297 -0.4534 0.0064747 -0.64644 1.1766 -0.78074 -1.713 0.30495 -2.271 -1.1931 0.4534 -0.0064747 0.64644 2.017 -0.93439 -0.40637 1.0363 -2.2585 0.32561
2 93 24 2.7843 3.82 -1.0434 2.0256 2.8401 -0.81577 1.6813 2.825 -1.737 1.9386 1.2941 -2.2459 3.4351 1.1917 -2.603 2.3892 2.8766 0.097382 3.0081 1.4126 0.47468 4.3534 1.6477 -0.24124 -0.31387 0.0078428 -0.72452 1.4479 -0.90659 -1.4132 0.52166 -2.421 -1.0977 0.31387 -0.007843 0.72452 2.0026 -1.0495 0.033671 0.92942 -2.4045 0.54657
2 93 36 2.5065 3.82 -1.5995 1.8118 2.8401 -1.2191 1.2834 2.825 -2.0486 1.4293 1.2941 -2.5998 2.8189 1.1917 -3.2603 2.3572 2.8766 -0.40149 3.0411 1.4126 -0.16112 4.2081 1.6477 -1.1411 -0.45765 0.0078428 -0.64343 1.1225 -0.90659 -1.6833 0.28203 -2.421 -1.1822 0.45764 -0.007843 0.64343 1.9659 -1.0495 -0.38344 1.0227 -2.4045 0.34139
2 94 24 2.787 3.813 -1.0711 2.0337 2.8309 -0.83617 1.6819 2.8124 -1.7544 1.8603 1.2542 -2.2117 3.3008 0.87874 -2.6139 2.4047 2.8707 0.073862 2.935 1.3791 0.47693 4.3045 1.3555 -0.23143 -0.31865 0.0089302 -0.72241 1.3785 -1.0352 -1.3884 0.4882 -2.5747 -1.0914 0.31865 -0.0089302 0.72241 1.9342 -1.1694 0.046067 0.90484 -2.5573 0.56077
2 94 36 2.5034 3.813 -1.6272 1.8154 2.8309 -1.2407 1.2804 2.8124 -2.0658 1.3598 1.2542 -2.5501 2.6852 0.87874 -3.243 2.3675 2.8707 -0.42772 2.97 1.3791 -0.14372 4.1623 1.3555 -1.1213 -0.46188 0.0089302 -0.64038 1.0597 -1.0352 -1.6447 0.25062 -2.5747 -1.169 0.46188 -0.0089302 0.64038 1.9015 -1.1694 -0.35709 1.0017 -2.5573 0.36039
2 95 12 2.924 3.8325 -0.48608 2.1573 2.8355 -0.40851 1.9992 2.8149 -1.3791 2.1717 1.2355 -1.7591 3.5467 0.55297 -1.9047 2.3354 2.8779 0.55786 2.6677 1.3625 1.0695 4.1216 1.0185 0.68786 -0.16638 0.010777 -0.77182 1.5597 -1.1516 -1.0611 0.66379 -2.7133 -0.96481 0.16638 -0.010777 0.77182 1.8075 -1.2809 0.44337 0.72936 -2.6946 0.74302
2 95 24 2.759 3.8325 -1.0834 2.0252 2.8355 -0.84812 1.6688 2.8149 -1.7646 1.7585 1.2355 -2.1722 3.0732 0.55297 -2.6005 2.4003 2.8779 0.06012 2.8318 1.3625 0.49146 4.1745 1.0185 -0.1841 -0.32321 0.010777 -0.72036 1.305 -1.1516 -1.3622 0.44869 -2.7133 -1.0817 0.32321 -0.010777 0.72036 1.8602 -1.2809 0.057884 0.8679 -2.6946 0.57514
2 96 12 2.8717 3.8718 -0.50203 2.1246 2.8606 -0.41751 1.9596 2.8403 -1.3869 2.0172 1.2454 -1.7357 3.1956 0.27222 -1.9403 2.3092 2.9029 0.54763 2.5378 1.3709 1.0667 3.8744 0.67448 0.74073 -0.17181 0.010949 -0.77062 1.4803 -1.2563 -1.0516 0.61494 -2.8358 -0.96595 0.17181 -0.010949 0.77062 1.7343 -1.3769 0.44334 0.68567 -2.8109 0.75139
2 96 24 2.7046 3.8718 -1.0881 1.9914 2.8606 -0.85012 1.6284 2.8403 -1.764 1.6122 1.2454 -2.1172 2.7224 0.27222 -2.5623 2.3726 2.9029 0.055549 2.7042 1.3709 0.51576 3.9437 0.67448 -0.080989 -0.32828 0.010949 -0.71806 1.2293 -1.2563 -1.3364 0.40067 -2.8358 -1.0727 0.32828 -0.010949 0.71806 1.7886 -1.3769 0.073072 0.82691 -2.8109 0.59241
