0 94 312 0.062397 4.8044 0.3532 0.036344 3.572 0.14535 0.74527 3.6063 -0.53554 1.7265 4.0482 -1.7646 1.7801 5.5803 -1.9304 -0.67365 3.5675 0.82598 -1.6992 3.9309 2.0445 -1.68 5.4085 2.4848 0.56175 0.013351 -0.55475 0.84112 -2.0444 -0.23551 0.43478 -3.7466 -0.66955 -0.56175 -0.013351 0.55476 -0.44562 -2.0785 0.92332 -1.1125 -3.715 0.56539
0 94 324 0.13447 4.8044 0.33251 0.065769 3.572 0.13462 0.61764 3.6063 -0.67879 1.3219 4.0482 -2.085 1.3399 5.5803 -2.2583 -0.4872 3.5675 0.94799 -1.237 3.9309 2.3531 -1.1267 5.4085 2.7798 0.43414 0.013351 -0.65943 0.77377 -2.0444 -0.40524 0.28608 -3.7466 -0.74531 -0.43414 -0.013351 0.65943 -0.24392 -2.0785 0.99579 -0.97063 -3.715 0.78433
0 95 312 0.05962 4.8169 0.2961 0.043547 3.5752 0.11808 0.7533 3.5982 -0.56243 1.8777 4.2965 -1.5199 1.9415 5.8252 -1.3287 -0.66688 3.582 0.79824 -1.4405 4.1301 2.1286 -1.1079 5.5803 2.5337 0.55653 0.010769 -0.56005 0.85272 -2.0434 -0.23299 0.45449 -3.7487 -0.66224 -0.55653 -0.01077 0.56005 -0.43325 -2.0753 0.9301 -1.0894 -3.7164 0.57382
0 95 324 0.11988 4.8169 0.27723 0.067147 3.5752 0.10645 0.6199 3.5982 -0.70675 1.5207 4.2965 -1.8771 1.6228 5.8252 -1.7034 -0.48634 3.582 0.91945 -0.96641 4.1301 2.3816 -0.55694 5.5803 2.7087 0.42793 0.010769 -0.66352 0.78564 -2.0434 -0.40519 0.30687 -3.7487 -0.74226 -0.42793 -0.01077 0.66352 -0.2304 -2.0753 0.99985 -0.94633 -3.7164 0.78779
0 96 300 0.0094892 4.8279 0.24296 0.032501 3.5755 0.11675 0.8698 3.583 -0.39923 2.2163 4.4369 -0.75493 2.2026 5.8913 -0.24263 -0.805 3.5979 0.63197 -1.5737 4.2401 1.9225 -1.054 5.601 2.4279 0.65871 0.010407 -0.4353 0.89062 -2.0406 -0.042972 0.60424 -3.751 -0.53651 -0.65871 -0.010407 0.4353 -0.60395 -2.0732 0.83032 -1.1635 -3.719 0.35136
0 96 312 0.059797 4.8279 0.23568 0.056064 3.5755 0.10744 0.76779 3.583 -0.57135 2.0109 4.4369 -1.1992 2.104 5.8913 -0.69527 -0.65601 3.5979 0.78553 -1.1396 4.2401 2.2077 -0.52614 5.601 2.5939 0.55381 0.010407 -0.56274 0.86223 -2.0406 -0.2272 0.47949 -3.751 -0.65041 -0.55381 -0.010407 0.56274 -0.41812 -2.0732 0.93775 -1.065 -3.719 0.58558
0 97 288 -0.013261 4.834 0.18854 0.022541 3.5752 0.11516 0.94876 3.566 -0.2156 2.288 4.4478 0.096933 2.0982 5.7892 0.83337 -0.90329 3.6141 0.44483 -1.6723 4.2658 1.7304 -1.0364 5.4861 2.4262 0.7358 0.0091467 -0.28639 0.8867 -2.0395 0.15486 0.72121 -3.7526 -0.38247 -0.7358 -0.0091467 0.28639 -0.75734 -2.0706 0.69172 -1.1968 -3.7235 0.12097
0 97 300 0.026229 4.834 0.18718 0.045992 3.5752 0.10796 0.8832 3.566 -0.40815 2.2581 4.4478 -0.38088 2.2256 5.7892 0.37893 -0.79107 3.6141 0.62291 -1.276 4.2658 2.0403 -0.50934 5.4861 2.5887 0.66017 0.0091467 -0.43311 0.89952 -2.0395 -0.032883 0.62593 -3.7526 -0.52406 -0.66017 -0.0091467 0.43311 -0.59697 -2.0706 0.83406 -1.1455 -3.7235 0.36716
0 97 312 0.064572 4.834 0.17763 0.067433 3.5752 0.096039 0.77904 3.566 -0.58285 2.1296 4.4478 -0.84205 2.2557 5.7892 -0.092079 -0.64427 3.6141 0.77377 -0.8239 4.2658 2.261 0.040009 5.4861 2.638 0.5557 0.0091467 -0.56091 0.87302 -2.0395 -0.21918 0.5033 -3.7526 -0.64275 -0.5557 -0.0091467 0.56091 -0.41052 -2.0706 0.93995 -1.0441 -3.7235 0.5973
0 98 288 0.01193 4.839 0.14275 0.039512 3.576 0.10799 0.96921 3.5582 -0.21249 2.2253 4.35 0.46874 1.988 5.5639 1.3895 -0.8895 3.6235 0.42742 -1.4086 4.2146 1.8592 -0.57388 5.2522 2.6365 0.73818 0.0064335 -0.28026 0.89272 -2.0407 0.16657 0.73984 -3.7559 -0.36793 -0.73818 -0.006433 0.28025 -0.75366 -2.0662 0.69427 -1.1807 -3.727 0.13727
0 98 300 0.041349 4.839 0.13715 0.061101 3.576 0.097418 0.90385 3.5582 -0.40936 2.2742 4.35 -0.0041698 2.2335 5.5639 0.94578 -0.7812 3.6235 0.60302 -0.99123 4.2146 2.1114 -0.013168 5.2522 2.6982 0.66378 0.0064335 -0.42761 0.90785 -2.0407 -0.022678 0.64717 -3.7559 -0.51371 -0.66378 -0.006433 0.42761 -0.59285 -2.0662 0.8358 -1.1263 -3.727 0.37974
0 99 276 0.012853 4.8428 0.12144 0.03522 3.5784 0.11645 1.0131 3.5479 0.015889 1.929 4.1457 1.2294 1.4403 5.2284 2.2125 -0.94134 3.6385 0.21685 -1.5629 4.0849 1.6602 -0.77269 4.9344 2.6759 0.78191 0.0030518 -0.10999 0.8364 -2.0429 0.36486 0.8128 -3.7581 -0.19049 -0.78191 -0.0030513 0.10999 -0.87959 -2.0608 0.5228 -1.1705 -3.7298 -0.094141
0 99 288 0.037822 4.8428 0.11612 0.058662 3.5784 0.10659 0.9943 3.5479 -0.1951 2.1425 4.1457 0.80144 1.8688 5.2284 1.8646 -0.87568 3.6385 0.40783 -1.1835 4.0849 1.9488 -0.19946 4.9344 2.778 0.74196 0.0030518 -0.27016 0.89398 -2.0429 0.18299 0.75543 -3.7581 -0.35532 -0.74196 -0.0030513 0.27016 -0.75167 -2.0608 0.69425 -1.1645 -3.7298 0.15127
0 99 300 0.061137 4.8428 0.10571 0.079541 3.5784 0.092061 0.93201 3.5479 -0.39756 2.2623 4.1457 0.33848 2.2157 5.2284 1.4353 -0.77175 3.6385 0.58098 -0.75248 4.0849 2.1523 0.38248 4.9344 2.7588 0.66958 0.0030518 -0.41852 0.91249 -2.0429 -0.0068723 0.66505 -3.7581 -0.50462 -0.66958 -0.0030513 0.41852 -0.5909 -2.0608 0.83536 -1.1076 -3.7298 0.39007
0 100 288 0.062856 4.8437 0.1215 0.078141 3.5796 0.12028 1.0214 3.544 -0.15592 2.0471 3.8759 1.0715 1.7414 4.8274 2.2457 -0.86341 3.6451 0.39697 -1.0166 3.8713 2.0076 0.05897 4.5464 2.8822 0.74662 0.00036192 -0.257 0.89292 -2.0435 0.20713 0.76904 -3.7572 -0.33963 -0.74662 -0.0003624 0.257 -0.75642 -2.0535 0.70284 -1.1491 -3.7307 0.1703
1 7 108 0.49622 4.6386 1.2461 0.43898 3.4036 0.98527 1.3675 3.3878 0.66136 2.3371 2.47 -0.28016 3.7967 2.485 -0.77703 -0.48719 3.4489 1.3132 -1.8505 2.5505 1.2569 -3.2013 2.6083 1.9982 0.72995 -0.015726 -0.3007 1.1138 -1.908 0.52779 0.94714 -3.5561 -0.18401 -0.72995 0.015726 0.3007 -0.6589 -1.8787 1.2065 -0.95987 -3.4456 0.36672
1 7 120 0.74447 4.6386 1.1157 0.63423 3.4036 0.87247 1.4751 3.3878 0.36258 2.2278 2.47 -0.75995 3.5522 2.485 -1.5494 -0.20352 3.4489 1.3858 -1.5487 2.5505 1.6141 -2.7159 2.6083 2.6201 0.65148 -0.015726 -0.44589 1.1992 -1.908 0.28468 0.88818 -3.5561 -0.37691 -0.65148 0.015726 0.44589 -0.39366 -1.8787 1.3171 -0.86265 -3.4456 0.55828
1 8 96 0.23001 4.672 1.1765 0.2288 3.4308 0.94502 1.2046 3.4113 0.82363 2.4591 2.6735 0.081611 3.9604 2.935 -0.15384 -0.74559 3.48 1.0696 -2.1486 2.7236 0.71145 -3.6172 2.9853 1.1019 0.77552 -0.018736 -0.14738 1.0683 -1.9796 0.54792 1.1931 -3.6938 0.0029416 -0.77552 0.018736 0.14738 -0.99027 -1.9325 0.89641 -1.221 -3.5689 0.17552
1 8 108 0.46959 4.672 1.1029 0.42028 3.4308 0.8768 1.3495 3.4113 0.55517 2.4223 2.6735 -0.43145 3.8419 2.935 -0.97388 -0.50693 3.48 1.2012 -1.9537 2.7236 1.1426 -3.3091 2.9853 1.8298 0.72793 -0.018736 -0.3054 1.1589 -1.9796 0.31383 1.1676 -3.6938 -0.24518 -0.72793 0.018736 0.3054 -0.78225 -1.9325 1.0827 -1.1578 -3.5689 0.42555
1 8 120 0.68864 4.672 0.9812 0.59339 3.4308 0.77026 1.4355 3.4113 0.26245 2.2797 2.6735 -0.92565 3.5554 2.935 -1.7514 -0.2461 3.48 1.2803 -1.6735 2.7236 1.5239 -2.8563 2.9853 2.4779 0.64853 -0.018736 -0.45007 1.1988 -1.9796 0.066025 1.0911 -3.6938 -0.48259 -0.64853 0.018736 0.45007 -0.54005 -1.9325 1.2217 -1.044 -3.5689 0.65698
1 9 108 0.43977 4.6876 1.0269 0.39312 3.444 0.81749 1.3194 3.4251 0.48728 2.476 2.903 -0.5415 3.8214 3.3834 -1.1219 -0.53131 3.4925 1.1498 -2.0521 2.9011 1.0705 -3.391 3.3318 1.7027 0.72711 -0.015308 -0.30753 1.1799 -2.0005 0.21052 1.3661 -3.7057 -0.34494 -0.72711 0.015309 0.30753 -0.89852 -1.9609 1 -1.3841 -3.5913 0.40261
1 9 120 0.64367 4.6876 0.91303 0.55449 3.444 0.71789 1.3919 3.4251 0.20232 2.3093 2.903 -1.0445 3.5046 3.3834 -1.8919 -0.28064 3.4925 1.2352 -1.7847 2.9011 1.4738 -2.9628 3.3318 2.3705 0.64728 -0.015308 -0.45198 1.1979 -2.0005 -0.039394 1.2645 -3.7057 -0.62142 -0.64728 0.015309 0.45198 -0.67096 -1.9609 1.165 -1.2701 -3.5913 0.68157
1 9 132 0.81943 4.6876 0.75926 0.69163 3.444 0.58692 1.4035 3.4251 -0.091485 2.0417 2.903 -1.5018 3.0347 3.3834 -2.5792 -0.017707 3.4925 1.2665 -1.4392 2.9011 1.8126 -2.4052 3.3318 2.9347 0.53917 -0.015308 -0.57668 1.1635 -2.0005 -0.28758 1.1077 -3.7057 -0.87074 -0.53917 0.015309 0.57668 -0.41408 -1.9609 1.279 -1.1006 -3.5913 0.93075
1 10 108 0.39301 4.7002 0.97715 0.34432 3.4564 0.77627 1.2691 3.4391 0.44197 2.4552 3.1369 -0.64 3.7066 3.8191 -1.2286 -0.57891 3.5035 1.1121 -2.1501 3.0708 0.99831 -3.4507 3.6407 1.5994 0.72895 -0.0076876 -0.30344 1.234 -2.0058 0.10491 1.5602 -3.6825 -0.47235 -0.72895 0.0076876 0.30344 -1.0416 -1.9664 0.95118 -1.6262 -3.565 0.35666
1 10 120 0.58759 4.7002 0.87409 0.49819 3.4564 0.68772 1.3333 3.4391 0.16844 2.2685 3.1369 -1.1365 3.3701 3.8191 -1.9724 -0.33504 3.5035 1.2082 -1.8956 3.0708 1.4235 -3.0428 3.6407 2.2819 0.64993 -0.0076876 -0.44836 1.2289 -2.0058 -0.15394 1.4279 -3.6825 -0.78641 -0.64993 0.0076876 0.44836 -0.82106 -1.9664 1.147 -1.5165 -3.565 0.68698
1 10 132 0.75648 4.7002 0.73282 0.63029 3.4564 0.56911 1.3392 3.4391 -0.11245 1.9826 3.1369 -1.5833 2.8864 3.8191 -2.63 -0.076526 3.5035 1.2514 -1.5582 3.0708 1.7865 -2.5019 3.6407 2.8646 0.54251 -0.0076876 -0.57369 1.17 -2.0058 -0.40607 1.2332 -3.6825 -1.0661 -0.54251 0.0076876 0.57369 -0.56465 -1.9664 1.2926 -1.3406 -3.565 0.98728
1 11 120 0.52244 4.7184 0.83152 0.43612 3.4757 0.64314 1.2742 3.4582 0.12875 2.1968 3.3674 -1.2164 3.19 4.2156 -2.0359 -0.40028 3.523 1.1585 -1.9931 3.2235 1.3631 -3.105 3.8982 2.1914 0.65083 -0.00038433 -0.44712 1.259 -2.0061 -0.29984 1.569 -3.6492 -0.97424 -0.65083 0.00038433 0.44712 -0.9578 -1.9478 1.1714 -1.7603 -3.5022 0.73482
1 11 132 0.68391 4.7184 0.70473 0.5603 3.4757 0.53841 1.2732 3.4582 -0.13899 1.8959 3.3674 -1.6465 2.697 4.2156 -2.6547 -0.15067 3.523 1.2164 -1.6662 3.2235 1.7477 -2.5816 3.8982 2.7891 0.54364 -0.00038433 -0.57267 1.1691 -2.0061 -0.55504 1.3322 -3.6492 -1.2792 -0.54364 0.00038433 0.57267 -0.69331 -1.9478 1.345 -1.5691 -3.5022 1.0848
1 12 120 0.46638 4.7346 0.76818 0.38619 3.4911 0.58912 1.227 3.4742 0.079073 2.1402 3.5627 -1.2726 3.0202 4.5406 -2.077 -0.45317 3.5378 1.0997 -2.0584 3.3389 1.3286 -3.1487 4.0937 2.1154 0.64898 0.0038862 -0.44978 1.3103 -1.9904 -0.45052 1.6611 -3.6013 -1.1804 -0.64898 -0.0038857 0.44978 -1.0675 -1.9202 1.2026 -1.974 -3.4288 0.81095
1 12 132 0.6159 4.7346 0.65442 0.50024 3.4911 0.49595 1.2166 3.4742 -0.17776 1.8289 3.5627 -1.6897 2.5224 4.5406 -2.6596 -0.21464 3.5378 1.1699 -1.7372 3.3389 1.7275 -2.6401 4.0937 2.7239 0.54129 0.0038862 -0.57488 1.188 -1.9904 -0.71309 1.3794 -3.6013 -1.5 -0.54129 -0.0038857 0.57488 -0.79417 -1.9202 1.3983 -1.7623 -3.4288 1.2036
1 13 132 0.55142 4.7503 0.58099 0.44408 3.5053 0.43731 1.1598 3.49 -0.23716 1.7795 3.7213 -1.7309 2.379 4.7959 -2.6601 -0.27062 3.5505 1.1115 -1.7861 3.4249 1.7085 -2.6778 4.2425 2.6645 0.54074 0.0021982 -0.57541 1.2032 -1.9763 -0.82238 1.3537 -3.5629 -1.6657 -0.54074 -0.0021982 0.57541 -0.86184 -1.9114 1.3915 -1.906 -3.3776 1.2858
1 13 144 0.66017 4.7503 0.45365 0.52529 3.5053 0.33543 1.0851 3.49 -0.47311 1.3807 3.7213 -2.063 1.774 4.7959 -3.0966 -0.033617 3.5505 1.1435 -1.3918 3.4249 2.0425 -2.0653 4.2425 3.163 0.40929 0.0021982 -0.67526 1.0059 -1.9763 -1.0546 0.97782 -3.5629 -1.9107 -0.40929 -0.0021982 0.67526 -0.55371 -1.9114 1.5403 -1.597 -3.3776 1.654
1 14 132 0.48331 4.7625 0.51466 0.39176 3.515 0.38819 1.1061 3.4989 -0.28775 1.7508 3.8463 -1.748 2.2667 4.9887 -2.6461 -0.322 3.5608 1.0633 -1.8308 3.4926 1.6859 -2.6729 4.363 2.6403 0.53895 0.0029078 -0.57709 1.2267 -1.9637 -0.84844 1.2814 -3.5436 -1.7156 -0.53895 -0.0029073 0.57709 -0.89198 -1.9137 1.3762 -1.9772 -3.3524 1.3191
1 14 144 0.57975 4.7625 0.40293 0.46391 3.515 0.29825 1.0221 3.4989 -0.51143 1.3491 3.8463 -2.0738 1.667 4.9887 -3.0595 -0.093891 3.5608 1.107 -1.4403 3.4926 2.0297 -2.0655 4.363 3.1383 0.40719 0.0029078 -0.67653 1.0235 -1.9637 -1.085 0.89665 -3.5436 -1.9446 -0.40719 -0.0029073 0.67653 -0.58636 -1.9137 1.5316 -1.6597 -3.3524 1.7014
1 15 132 0.42542 4.7698 0.46686 0.35035 3.5196 0.35705 1.0605 3.5055 -0.32326 1.7323 3.9556 -1.7427 2.2168 5.147 -2.5932 -0.35974 3.5634 1.0362 -1.8481 3.5321 1.7088 -2.6726 4.4405 2.6431 0.53292 0.0062594 -0.58263 1.259 -1.9507 -0.82236 1.2368 -3.5419 -1.6699 -0.53292 -0.006259 0.58263 -0.85622 -1.9224 1.3816 -1.9667 -3.3419 1.3313
1 15 144 0.51319 4.7698 0.36821 0.41693 3.5196 0.2764 0.97014 3.5055 -0.53669 1.3321 3.9556 -2.0648 1.6292 5.147 -2.9975 -0.13645 3.5634 1.0883 -1.4524 3.5321 2.0557 -2.0646 4.4405 3.141 0.40014 0.0062594 -0.68069 1.0605 -1.9507 -1.0662 0.86255 -3.5419 -1.8905 -0.40014 -0.006259 0.68069 -0.55025 -1.9224 1.5294 -1.6469 -3.3419 1.7111
1 16 132 0.38345 4.7762 0.43748 0.32295 3.5249 0.3297 1.0267 3.5189 -0.35732 1.7323 4.0487 -1.7322 2.2106 5.2851 -2.5197 -0.38113 3.5607 1.0155 -1.8429 3.5656 1.7449 -2.6616 4.5016 2.6567 0.52293 0.005724 -0.59162 1.277 -1.9486 -0.75347 1.1273 -3.5216 -1.6219 -0.52293 -0.0057244 0.59162 -0.78516 -1.9272 1.3999 -1.9152 -3.3277 1.2871
1 16 144 0.46603 4.7762 0.3482 0.38444 3.5249 0.25535 0.93002 3.5189 -0.56298 1.3343 4.0487 -2.0545 1.6384 5.2851 -2.9243 -0.16166 3.5607 1.0726 -1.4398 3.5656 2.0899 -2.051 4.5016 3.152 0.38849 0.005724 -0.68741 1.0925 -1.9486 -1.0025 0.76547 -3.5216 -1.8209 -0.38849 -0.0057244 0.68741 -0.47694 -1.9272 1.5326 -1.6057 -3.3277 1.6571
1 17 132 0.35226 4.7841 0.4397 0.30428 3.5332 0.32002 1.0035 3.5389 -0.37164 1.7582 4.0966 -1.7088 2.2292 5.3685 -2.4424 -0.39545 3.5572 1.0108 -1.8222 3.5605 1.8064 -2.6345 4.5152 2.7044 0.51913 0.0050941 -0.59496 1.3668 -1.9167 -0.64603 1.0338 -3.4226 -1.58 -0.51913 -0.0050941 0.59496 -0.78162 -1.9148 1.4306 -1.9301 -3.2738 1.1391
1 17 144 0.43598 4.7841 0.35685 0.36417 3.5332 0.24976 0.90433 3.5389 -0.57217 1.3645 4.0966 -2.037 1.6727 5.3685 -2.8525 -0.17665 3.5572 1.0709 -1.4068 3.5605 2.1458 -2.0147 4.5152 3.1931 0.38409 0.0050941 -0.68989 1.2026 -1.9167 -0.91608 0.68274 -3.4226 -1.7604 -0.38409 -0.0050941 0.68989 -0.46709 -1.9148 1.5619 -1.6511 -3.2738 1.5155
1 18 132 0.30718 4.792 0.50813 0.25818 3.5417 0.37023 0.95683 3.5548 -0.32193 1.784 4.0423 -1.6436 2.2796 5.3259 -2.3396 -0.44065 3.5585 1.0621 -1.8284 3.4624 1.9187 -2.6327 4.4041 2.8373 0.51885 0.023301 -0.59477 1.4652 -1.8519 -0.54478 1.0507 -3.3211 -1.5042 -0.51885 -0.023301 0.59477 -0.80145 -1.8979 1.5005 -1.9523 -3.2267 1.0996
1 18 144 0.40612 4.792 0.43316 0.32952 3.5417 0.30846 0.86899 3.5548 -0.51383 1.4033 4.0423 -1.9786 1.7433 5.3259 -2.7624 -0.2102 3.5585 1.1305 -1.3895 3.4624 2.2569 -1.9853 4.4041 3.3227 0.38385 0.023301 -0.68965 1.3199 -1.8519 -0.8375 0.715 -3.3211 -1.6897 -0.38385 -0.023301 0.68965 -0.47196 -1.8979 1.6344 -1.681 -3.2267 1.4815
1 19 132 0.36469 4.7813 0.59258 0.30749 3.5332 0.42825 1.0054 3.5557 -0.26438 1.9108 3.8797 -1.585 2.4956 5.1256 -2.2803 -0.39017 3.5404 1.1215 -1.738 3.2802 2.0072 -2.5254 4.1269 3.0273 0.51683 0.02253 -0.59656 1.6371 -1.7451 -0.41058 1.1405 -3.1652 -1.4044 -0.51683 -0.02253 0.59656 -0.71813 -1.8653 1.5854 -1.8983 -3.1465 1.12
1 19 144 0.47993 4.7813 0.50381 0.38981 3.5332 0.35496 0.92849 3.5557 -0.46764 1.5395 3.8797 -1.9477 1.967 5.1256 -2.7493 -0.14847 3.5404 1.1781 -1.2827 3.2802 2.3247 -1.8408 4.1269 3.4862 0.3815 0.02253 -0.69098 1.516 -1.7451 -0.74199 0.82357 -3.1652 -1.6108 -0.3815 -0.02253 0.69098 -0.37281 -1.8653 1.7001 -1.624 -3.1465 1.4902
1 20 132 0.33595 4.7851 0.62503 0.27445 3.5387 0.44441 0.9771 3.5651 -0.24331 1.9372 3.7278 -1.5549 2.668 4.8529 -2.3149 -0.42757 3.5421 1.1333 -1.7155 3.1237 2.0469 -2.5243 3.7809 3.1835 0.52796 0.025454 -0.58661 1.6343 -1.7494 -0.38603 1.1432 -3.1782 -1.37 -0.52796 -0.025454 0.58661 -0.67766 -1.8482 1.6208 -1.832 -3.1411 1.1239
1 20 144 0.45856 4.7851 0.54152 0.36085 3.5387 0.37763 0.90516 3.5651 -0.44114 1.5716 3.7278 -1.9237 2.1284 4.8529 -2.8191 -0.1826 3.5421 1.1974 -1.2525 3.1237 2.3589 -1.8072 3.7809 3.6388 0.39446 0.025454 -0.68356 1.5184 -1.7494 -0.71739 0.83337 -3.1782 -1.5777 -0.39446 -0.025454 0.68356 -0.32588 -1.8482 1.7262 -1.5583 -3.1411 1.4802
1 21 132 0.26453 4.7897 0.64802 0.21949 3.5422 0.46579 0.9269 3.5754 -0.21672 1.928 3.6035 -1.5074 2.7722 4.5548 -2.3792 -0.48743 3.5388 1.1496 -1.7213 3.0017 2.0758 -2.5763 3.4597 3.2745 0.53085 0.042914 -0.58297 1.5561 -1.7826 -0.40789 1.143 -3.2514 -1.3686 -0.53085 -0.042914 0.58297 -0.67738 -1.9055 1.5441 -1.8314 -3.2254 1.1236
1 22 132 0.27197 4.7925 0.61696 0.24295 3.5434 0.43674 0.94699 3.5844 -0.24884 1.9619 3.5113 -1.5268 2.8698 4.3168 -2.4779 -0.46076 3.5323 1.1238 -1.6638 2.9232 2.046 -2.5619 3.2475 3.2568 0.5184 0.032543 -0.59473 1.4902 -1.8257 -0.46501 1.1477 -3.3349 -1.3902 -0.5184 -0.032543 0.59473 -0.68596 -1.9462 1.4456 -1.8228 -3.3027 1.1011
1 23 132 0.30585 4.7841 0.63421 0.28803 3.5348 0.45427 0.98751 3.5798 -0.2357 1.9884 3.4409 -1.5193 2.9182 4.1714 -2.509 -0.4113 3.5196 1.1457 -1.6178 2.8892 2.0489 -2.5325 3.1804 3.2556 0.51919 0.028409 -0.59425 1.4464 -1.8553 -0.51522 1.1582 -3.3942 -1.4096 -0.51919 -0.028409 0.59425 -0.69263 -1.9726 1.3717 -1.8075 -3.3611 1.089
1 24 120 0.2206 4.7668 0.75239 0.24385 3.5167 0.575 1.075 3.5582 0.050698 2.3026 3.3909 -1.0141 3.4162 4.1103 -1.8014 -0.58719 3.5049 1.1009 -1.9742 2.8913 1.7079 -3.1067 3.2203 2.7013 0.63271 0.028842 -0.47154 1.5255 -1.8556 -0.21419 1.4548 -3.4071 -1.13 -0.63271 -0.028842 0.47154 -0.94961 -1.9753 1.1963 -1.9757 -3.3737 0.70366
1 24 132 0.37221 4.7668 0.69008 0.35807 3.5167 0.51174 1.062 3.5582 -0.17391 2.0414 3.3909 -1.4706 2.9671 4.1103 -2.4723 -0.34547 3.5049 1.1989 -1.576 2.8913 2.0811 -2.4772 3.2203 3.2882 0.52085 0.028842 -0.59278 1.4477 -1.8556 -0.52669 1.188 -3.4071 -1.4077 -0.52085 -0.028842 0.59278 -0.68014 -1.9753 1.3676 -1.7862 -3.3737 1.099
1 25 120 0.29823 4.7492 0.82849 0.31577 3.4987 0.6468 1.1491 3.5332 0.12546 2.3566 3.3741 -0.96323 3.4617 4.1162 -1.7415 -0.51681 3.4939 1.1704 -1.936 2.9262 1.7469 -3.0289 3.3326 2.7559 0.62886 0.025141 -0.47687 1.5725 -1.8276 -0.17527 1.4932 -3.3742 -1.0988 -0.62886 -0.025141 0.47687 -0.92909 -1.9465 1.2723 -1.942 -3.3401 0.74064
1 25 132 0.46396 4.7492 0.74838 0.44334 3.4987 0.56701 1.15 3.5332 -0.11618 2.1048 3.3741 -1.4322 3.024 4.1162 -2.4232 -0.26218 3.4939 1.2523 -1.5305 2.9262 2.1113 -2.3897 3.3326 3.3255 0.51597 0.025141 -0.59719 1.5017 -1.8276 -0.49839 1.2321 -3.3742 -1.3852 -0.51597 -0.025141 0.59719 -0.64426 -1.9465 1.4377 -1.7456 -3.3401 1.1282
1 26 120 0.38129 4.7337 0.90269 0.38781 3.4856 0.70255 1.2232 3.5171 0.18434 2.4137 3.4149 -0.92962 3.5051 4.1857 -1.6993 -0.44614 3.4836 1.224 -1.9003 2.9972 1.7874 -2.9477 3.492 2.8051 0.62674 0.017431 -0.47999 1.659 -1.7704 -0.089768 1.5507 -3.2944 -1.0472 -0.62674 -0.017431 0.47999 -0.89643 -1.8828 1.4084 -1.8905 -3.2613 0.80629
1 26 132 0.56064 4.7337 0.80369 0.5254 3.4856 0.60657 1.2348 3.5171 -0.074002 2.1677 3.4149 -1.4111 3.0752 4.1857 -2.3909 -0.18192 3.4836 1.29 -1.4872 2.9972 2.1435 -2.3001 3.492 3.3567 0.51325 0.017431 -0.59981 1.6041 -1.7704 -0.43274 1.2991 -3.2944 -1.3467 -0.51325 -0.017431 0.59981 -0.58403 -1.8828 1.564 -1.6816 -3.2613 1.1817
1 27 120 0.41589 4.723 0.96289 0.41792 3.4787 0.74354 1.2528 3.5066 0.22441 2.4394 3.4883 -0.8983 3.5175 4.2803 -1.6652 -0.41501 3.4802 1.2666 -1.893 3.0871 1.8408 -2.9018 3.6559 2.8589 0.62963 0.01708 -0.4762 1.7386 -1.7067 -0.014444 1.6111 -3.2105 -1.001 -0.62963 -0.01708 0.4762 -0.89052 -1.813 1.535 -1.8683 -3.1757 0.87341
1 27 132 0.607 4.723 0.85538 0.56337 3.4787 0.6404 1.2721 3.5066 -0.04097 2.1993 3.4883 -1.3858 3.0944 4.2803 -2.3601 -0.1426 3.4802 1.3252 -1.469 3.0871 2.1942 -2.244 3.6559 3.3998 0.51687 0.01708 -0.59671 1.6976 -1.7067 -0.3756 1.3678 -3.2105 -1.3141 -0.51687 -0.01708 0.59671 -0.55191 -1.813 1.6866 -1.6458 -3.1757 1.2428
1 28 120 0.44706 4.7097 1.0166 0.4364 3.4666 0.78888 1.2719 3.4941 0.27074 2.4566 3.4581 -0.85358 3.5551 4.2513 -1.5897 -0.39676 3.4684 1.3116 -1.8742 3.0686 1.8825 -2.8431 3.6634 2.9242 0.6308 0.023125 -0.47439 1.7481 -1.6962 -0.016352 1.6401 -3.2088 -0.9917 -0.6308 -0.023125 0.47439 -0.90435 -1.7975 1.5657 -1.8659 -3.1744 0.90967
1 28 132 0.64865 4.7097 0.90141 0.59088 3.4666 0.68091 1.3004 3.4941 0.00037069 2.2254 3.4581 -1.3457 3.1469 4.2513 -2.2941 -0.1154 3.4684 1.3654 -1.4418 3.0686 2.2311 -2.173 3.6634 3.4514 0.51839 0.023125 -0.59518 1.7065 -1.6962 -0.37944 1.398 -3.2088 -1.311 -0.51839 -0.023125 0.59518 -0.55905 -1.7975 1.7196 -1.636 -3.1744 1.2777
1 29 120 0.44762 4.723 0.9645 0.42642 3.477 0.74912 1.2578 3.5047 0.22431 2.443 3.2867 -0.8786 3.6356 3.9784 -1.5693 -0.40264 3.4787 1.2783 -1.8355 2.9165 1.8255 -2.7883 3.4099 2.933 0.6273 0.019869 -0.47916 1.6195 -1.7982 -0.12616 1.5984 -3.3454 -1.0517 -0.6273 -0.019869 0.47916 -0.91299 -1.8871 1.399 -1.8722 -3.3118 0.85033
1 29 132 0.63837 4.723 0.85036 0.57286 3.477 0.64409 1.2769 3.5047 -0.042099 2.207 3.2867 -1.3673 3.2299 3.9784 -2.2909 -0.12807 3.4787 1.3341 -1.4159 2.9165 2.1672 -2.1175 3.4099 3.4486 0.51397 0.019869 -0.59912 1.5579 -1.7982 -0.46011 1.3448 -3.3454 -1.361 -0.51397 -0.019869 0.59912 -0.60217 -1.8871 1.5583 -1.6545 -3.3118 1.221
1 30 120 0.433 4.7276 0.92446 0.41444 3.4778 0.7314 1.2424 3.5006 0.20096 2.3972 3.0126 -0.84636 3.7215 3.47 -1.4904 -0.41156 3.4845 1.2653 -1.7498 2.6909 1.7635 -2.7098 2.9379 2.9446 0.63188 0.018315 -0.47317 1.4078 -1.9221 -0.25664 1.4761 -3.5071 -1.1135 -0.63188 -0.018315 0.47317 -0.88463 -1.9892 1.1557 -1.8567 -3.4572 0.76719
1 30 132 0.61575 4.7276 0.81424 0.55745 3.4778 0.62925 1.257 3.5006 -0.061738 2.1689 3.0126 -1.3263 3.3303 3.47 -2.2316 -0.1395 3.4845 1.3232 -1.3449 2.6909 2.0887 -2.0383 2.9379 3.4437 0.5197 0.018315 -0.5942 1.3237 -1.9221 -0.54373 1.2124 -3.5071 -1.3961 -0.5197 -0.018315 0.5942 -0.62501 -1.9892 1.3144 -1.6566 -3.4572 1.1365
1 31 108 0.23599 4.7039 1.0811 0.25054 3.4551 0.88019 1.168 3.4778 0.5265 2.3949 2.7202 -0.24144 3.9087 2.8468 -0.506 -0.66567 3.462 1.2378 -1.957 2.4695 1.3653 -3.1173 2.3572 2.3747 0.72057 0.026104 -0.32186 1.2831 -1.9708 0.01048 1.4975 -3.5966 -0.7388 -0.72057 -0.026104 0.32186 -0.97443 -2.0451 0.84471 -1.8473 -3.5379 0.33404
1 31 120 0.45562 4.7039 1.0085 0.42807 3.4551 0.80886 1.252 3.4778 0.27215 2.2923 2.7202 -0.73409 3.7181 2.8468 -1.3076 -0.39378 3.462 1.3491 -1.6304 2.4695 1.7424 -2.5554 2.3572 2.9709 0.63791 0.026104 -0.46464 1.2572 -1.9708 -0.25651 1.3112 -3.5966 -1.034 -0.63791 -0.026104 0.46464 -0.77751 -2.0451 1.0288 -1.7375 -3.5379 0.71081
2 2 288 0.9894 3.386 3.2983 0.74584 2.6228 2.3201 1.6908 2.5858 2.0499 1.6023 2.6451 0.41973 2.0847 1.9737 -0.88189 -0.19142 2.6772 2.6133 -1.2467 2.8408 1.377 -2.6179 2.4453 0.79295 0.74544 0.015066 -0.25998 1.0074 -1.8052 0.75599 0.68149 -3.429 0.043158 -0.74544 -0.015066 0.25998 -0.50549 -1.8574 1.2411 -0.79026 -3.3763 0.31234
2 3 288 1.025 3.1577 3.5121 0.77885 2.4443 2.498 1.7242 2.4053 2.2296 1.5784 2.5639 0.6102 1.9841 2.0048 -0.76837 -0.15866 2.4995 2.7902 -1.1468 2.7147 1.5073 -2.4732 2.34 0.81587 0.74939 0.014306 -0.2484 1.0217 -1.7571 0.84805 0.68557 -3.3483 0.069629 -0.74939 -0.014306 0.2484 -0.4871 -1.8078 1.3109 -0.78006 -3.2925 0.33068
2 4 288 1.0598 2.9497 3.6837 0.81451 2.2762 2.6429 1.7603 2.2324 2.3767 1.5713 2.4214 0.76505 1.9147 1.9191 -0.65178 -0.12327 2.3353 2.9335 -1.0523 2.5215 1.6027 -2.3251 2.1105 0.83546 0.75145 0.01072 -0.24228 1.0292 -1.7051 0.938 0.68717 -3.256 0.084453 -0.75145 -0.01072 0.24228 -0.47361 -1.7526 1.3838 -0.7683 -3.192 0.33883
2 5 288 1.0745 2.7986 3.799 0.83247 2.1446 2.7458 1.7787 2.0931 2.4826 1.563 2.2399 0.86995 1.8613 1.7 -0.54327 -0.10568 2.2108 3.0337 -0.99024 2.2949 1.6628 -2.1971 1.7347 0.88357 0.75254 0.010496 -0.23891 1.0287 -1.6485 1.0204 0.68214 -3.1458 0.077526 -0.75254 -0.010496 0.23891 -0.46514 -1.6942 1.4624 -0.76151 -3.0721 0.33799
2 8 276 0.23276 2.8051 3.9365 0.25943 2.1052 2.8869 1.2408 2.0428 2.8652 1.4129 1.4042 1.3714 1.8662 0.14683 0.60255 -0.7199 2.183 2.9341 -1.2796 1.4022 1.6127 -2.011 0.079658 1.3069 0.78628 -0.01733 -0.070398 0.74585 -1.4641 1.4526 0.6969 -2.7125 0.15256 -0.78628 0.01733 0.070398 -0.82806 -1.5486 1.4705 -0.85744 -2.7042 0.086811
2 9 276 0.20358 2.9672 3.818 0.23573 2.211 2.8095 1.2172 2.1476 2.798 1.4652 1.1048 1.5653 1.8143 -0.39127 1.4323 -0.74392 2.2905 2.8459 -1.2817 1.1236 1.8369 -1.8459 -0.28579 2.1069 0.78704 -0.027252 -0.05764 0.72389 -1.4574 1.4802 0.68084 -2.6057 0.090747 -0.78704 0.027252 0.057641 -0.85969 -1.5252 1.4715 -0.86588 -2.604 0.026885
2 10 276 0.16549 3.171 3.6542 0.19971 2.3442 2.7042 1.1817 2.2904 2.6939 1.5153 0.89263 1.917 1.6779 -0.49473 2.57 -0.78065 2.4155 2.7384 -1.2535 0.95053 2.1916 -1.5769 -0.24212 3.1139 0.78769 -0.024077 -0.049584 0.70409 -1.4658 1.4764 0.65871 -2.531 0.022451 -0.78769 0.024077 0.049583 -0.88159 -1.5389 1.4506 -0.86335 -2.5398 -0.049028
2 32 276 -0.043226 3.0832 3.7207 -0.014078 2.3101 2.7268 0.96871 2.2783 2.705 1.3145 0.80285 2.095 1.6108 -0.61789 2.616 -0.99534 2.3578 2.7737 -1.5825 0.96049 2.1643 -1.8902 -0.50534 2.5309 0.78811 0.041699 -0.025193 0.82076 -1.07 1.7573 0.75708 -2.5028 0.66467 -0.78811 -0.041699 0.025193 -0.76482 -1.108 1.8354 -0.8163 -2.4642 0.64842
2 33 276 -0.020385 2.7665 3.9594 0.00051241 2.0883 2.8966 0.98321 2.0622 2.865 1.363 0.74715 1.9733 1.6701 -0.75167 2.1654 -0.98051 2.1283 2.9544 -1.5956 0.91968 2.0436 -1.8559 -0.60015 2.0471 0.78822 0.040777 -0.023249 0.81158 -1.1647 1.6974 0.77339 -2.6282 0.64495 -0.78822 -0.040776 0.023249 -0.73423 -1.2153 1.7645 -0.8339 -2.6047 0.61974
2 34 276 0.010812 2.4375 4.169 0.018465 1.8579 3.0477 1.0009 1.827 3.0138 1.3962 0.71782 1.8815 1.7538 -0.77292 1.7158 -0.96225 1.9006 3.1088 -1.5884 0.91276 1.9682 -1.85 -0.55689 1.5818 0.7884 0.03717 -0.023387 0.80023 -1.2951 1.6012 0.78717 -2.8089 0.6218 -0.7884 -0.03717 0.023387 -0.71898 -1.3441 1.667 -0.84126 -2.7841 0.58897
2 35 276 0.049898 2.1116 4.3426 0.04434 1.6199 3.1796 1.0262 1.5767 3.1412 1.4126 0.69891 1.8187 1.8434 -0.70699 1.3545 -0.93552 1.673 3.2461 -1.5607 0.91684 1.9399 -1.8617 -0.40448 1.2042 0.78874 0.029358 -0.022959 0.78274 -1.4501 1.4689 0.79423 -3.0161 0.5753 -0.78874 -0.029358 0.022958 -0.72178 -1.4875 1.5342 -0.85179 -2.9905 0.54685
2 36 276 0.092722 1.7903 4.4833 0.077618 1.3833 3.2878 1.0587 1.3333 3.2388 1.4257 0.68071 1.7868 1.9478 -0.62561 1.1555 -0.90115 1.4412 3.3654 -1.5487 0.93945 1.952 -1.9091 -0.1934 0.9699 0.78902 0.019832 -0.023341 0.74999 -1.585 1.3321 0.8054 -3.2003 0.53296 -0.78902 -0.019832 0.023341 -0.72798 -1.6097 1.3955 -0.87067 -3.1745 0.51111
2 37 276 0.145 1.4859 4.5895 0.11619 1.1619 3.3688 1.0963 1.1094 3.306 1.4696 0.63814 1.787 2.0886 -0.62534 1.1561 -0.86131 1.2206 3.4605 -1.5425 0.95861 1.999 -2.0355 0.016148 0.8826 0.789 0.014751 -0.027511 0.72262 -1.6882 1.2012 0.81974 -3.3432 0.49245 -0.789 -0.014751 0.027511 -0.72946 -1.6963 1.2857 -0.88196 -3.3059 0.48779
2 54 276 0.64887 1.9289 4.3752 0.54215 1.4864 3.1965 1.5166 1.471 3.064 1.819 1.007 1.5271 2.1617 -0.36042 0.90237 -0.4279 1.5108 3.357 -1.2039 1.0239 2.0045 -1.7208 -0.27887 1.3616 0.77498 0.027229 -0.14888 0.81699 -1.8727 0.7471 0.88998 -3.5904 0.20401 -0.77498 -0.027229 0.14888 -0.62653 -1.9391 1.0075 -0.78303 -3.5536 0.22023
2 55 276 0.62023 1.9539 4.3679 0.52399 1.5168 3.1861 1.4995 1.4961 3.0623 1.8175 1.2608 1.4773 2.2722 0.097194 0.57345 -0.4473 1.5466 3.338 -1.2555 1.2672 1.946 -1.931 0.15284 1.1216 0.77562 0.025459 -0.14581 0.80616 -1.8799 0.73894 0.88119 -3.5968 0.1934 -0.77562 -0.025459 0.14581 -0.63293 -1.9461 0.98539 -0.787 -3.5638 0.2042
2 56 276 0.58382 1.9422 4.3759 0.49662 1.5224 3.1868 1.4733 1.4976 3.0735 1.7958 1.4758 1.4722 2.3475 0.55327 0.3666 -0.47611 1.556 3.3283 -1.2963 1.4847 1.9173 -2.1121 0.56874 0.98286 0.77727 0.021492 -0.13746 0.79414 -1.8831 0.74934 0.87189 -3.5939 0.18515 -0.77727 -0.021492 0.13746 -0.64045 -1.945 0.97148 -0.79403 -3.5647 0.19437
2 57 276 0.55687 1.8792 4.4059 0.475 1.482 3.2089 1.4519 1.4539 3.0977 1.7695 1.6198 1.5039 2.3963 0.93059 0.2752 -0.49792 1.5184 3.3483 -1.3047 1.6398 1.933 -2.231 0.9053 0.94303 0.77881 0.016918 -0.12909 0.78954 -1.8724 0.78996 0.86481 -3.5716 0.19179 -0.77881 -0.016918 0.12909 -0.65052 -1.9307 0.98662 -0.79892 -3.5446 0.19668
2 58 276 0.52442 1.7787 4.4509 0.45429 1.4074 3.2447 1.4323 1.3749 3.1452 1.7289 1.6954 1.571 2.4108 1.1902 0.28364 -0.52005 1.4475 3.3727 -1.2924 1.7422 1.9637 -2.29 1.1201 0.96594 0.78013 0.012627 -0.12136 0.78815 -1.8454 0.85946 0.85658 -3.5255 0.20883 -0.78013 -0.012627 0.12136 -0.67121 -1.9024 1.0331 -0.80789 -3.5005 0.2096
2 59 276 0.48801 1.6634 4.4998 0.43394 1.3187 3.2854 1.4124 1.279 3.1935 1.6785 1.712 1.6409 2.4016 1.3134 0.33864 -0.54105 1.3656 3.4061 -1.2647 1.7821 2.002 -2.296 1.1928 1.0187 0.78139 0.010248 -0.11326 0.78186 -1.8044 0.94562 0.84363 -3.4552 0.22313 -0.78139 -0.010248 0.11326 -0.69487 -1.8631 1.1001 -0.80998 -3.4329 0.22075
2 60 276 0.45987 1.5685 4.5395 0.41662 1.2386 3.3211 1.395 1.1953 3.2306 1.6335 1.6679 1.6851 2.3731 1.2769 0.38976 -0.55837 1.2887 3.4405 -1.2302 1.7386 2.0211 -2.2627 1.1176 1.0587 0.78201 0.010645 -0.10885 0.77231 -1.7535 1.0321 0.82678 -3.3666 0.22831 -0.78201 -0.010645 0.10885 -0.71 -1.8188 1.1764 -0.81595 -3.3453 0.22279
2 61 276 0.42632 1.5293 4.558 0.39586 1.1956 3.3404 1.375 1.1451 3.2617 1.5849 1.5626 1.6963 2.323 1.0738 0.43378 -0.5801 1.253 3.4479 -1.217 1.6294 1.9914 -2.2257 0.8901 1.0895 0.78283 0.0082362 -0.10299 0.76483 -1.6987 1.122 0.81216 -3.2607 0.22264 -0.78283 -0.0082364 0.10299 -0.72222 -1.7684 1.2487 -0.81826 -3.239 0.21005
2 62 276 0.39746 1.5726 4.5496 0.37407 1.2132 3.3388 1.3539 1.1632 3.2695 1.5472 1.4061 1.6656 2.2638 0.70331 0.49501 -0.60289 1.2707 3.4368 -1.2186 1.4354 1.9327 -2.1716 0.49515 1.1677 0.78396 -0.0022628 -0.094319 0.76606 -1.6419 1.2193 0.79637 -3.1332 0.20638 -0.78396 0.0022628 0.094319 -0.74494 -1.7072 1.3152 -0.82474 -3.1108 0.18625
2 63 276 0.36901 1.7299 4.4968 0.35644 1.3166 3.3032 1.3368 1.2596 3.2481 1.5318 1.18 1.6281 2.2094 0.18074 0.66894 -0.62135 1.3824 3.3866 -1.2352 1.1872 1.8853 -2.0776 -0.0037353 1.3856 0.78447 -0.012081 -0.089212 0.78051 -1.5914 1.2964 0.78999 -2.9925 0.16148 -0.78447 0.012081 0.089212 -0.77796 -1.648 1.377 -0.84283 -2.9694 0.15212
2 64 276 0.33507 2.0029 4.3843 0.33562 1.5079 3.2227 1.3162 1.4472 3.1767 1.5303 0.91296 1.6478 2.1416 -0.39513 1.1066 -0.64257 1.579 3.2966 -1.2511 0.91435 1.934 -1.9082 -0.47942 1.8761 0.785 -0.018372 -0.083275 0.80774 -1.5341 1.3715 0.80108 -2.8297 0.1176 -0.785 0.018372 0.083275 -0.81684 -1.594 1.4299 -0.86684 -2.82 0.10882
2 65 276 0.30602 2.3653 4.2033 0.31061 1.7516 3.1016 1.2915 1.6898 3.0635 1.5278 0.6498 1.8261 2.0413 -0.79805 1.9591 -0.66796 1.826 3.1665 -1.2218 0.67543 2.1476 -1.6344 -0.72126 2.6543 0.78556 -0.019672 -0.077537 0.83806 -1.469 1.4426 0.8064 -2.6744 0.10208 -0.78556 0.019672 0.077537 -0.85985 -1.5538 1.4678 -0.88121 -2.68 0.059861
2 66 276 0.28342 2.7471 3.9675 0.28586 2.0097 2.9473 1.2671 1.9504 2.9166 1.5166 0.49018 2.228 1.9177 -0.70183 3.1201 -0.69326 2.0838 3.0037 -1.1343 0.57717 2.5516 -1.2789 -0.55439 3.589 0.78586 -0.016834 -0.075084 0.84928 -1.4613 1.4493 0.79821 -2.5888 0.043255 -0.78586 0.016834 0.075084 -0.89813 -1.5408 1.4805 -0.88423 -2.5713 0.001043
2 67 276 0.27513 3.0711 3.7246 0.27511 2.2381 2.783 1.2567 2.1827 2.7549 1.5339 0.57341 2.7989 1.8114 0.045649 4.2209 -0.70437 2.3102 2.8357 -1.031 0.72285 3.0411 -0.89551 0.16178 4.4709 0.78579 -0.014904 -0.076199 0.83976 -1.5057 1.4033 0.7869 -2.5751 -0.047455 -0.78579 0.014904 0.076199 -0.92242 -1.5822 1.4345 -0.88718 -2.5453 -0.089318
