-104.5 -26.7482 173.031 -3.89726 -0.18198 3.79541 7.95786 0.135441 1.97149 -15.3703 4.09011 3.21866 31.2572 6.08451 -17.0054 8.17874 -41.9081 -152.685 41.0728 4.99322 23.2777 -1.4037 -15.6227 174.259 -179.766 -41.2319 -162.467 55.4769 10.7194 30.2323 0.0855155 0.977513 174.455 -24.9621 -10.304 -175.023 -34.5424 -0.829915 -1.33762 22.0935 -8.15791 179.433 153.724 -10.4137 -179.766 -30.9969 -0.448828 -1.28706 -8.53583 8.99607 177.761  
-105.503 -29.6547 172.3 -3.41288 -0.788229 4.12308 7.83455 -0.0385784 1.92524 -15.5288 5.12884 4.12984 32.2854 7.86673 -19.121 7.37625 -42.2242 -152.206 41.0346 4.9806 23.2579 -1.38845 -15.4961 174.262 -176.135 -36.0249 -161.789 53.2021 9.689 29.2117 0.363762 4.15122 174.442 -26.8571 -9.39678 -175.081 -35.1303 -0.826246 -1.34634 21.0415 -6.30462 178.768 153.401 -9.24827 -179.614 -31.874 -0.497391 -1.30996 -6.83852 9.69736 177.681  
-106.634 -32.8793 171.41 -3.12562 -1.43183 4.51733 7.68396 -0.225105 1.83892 -15.8394 6.19411 4.62392 34.0985 9.66667 -20.7231 6.69957 -42.5034 -152.221 41.2654 5.05676 23.3777 -1.38432 -15.4725 174.262 -172.57 -31.1658 -161.01 50.3164 8.44745 27.8712 0.642671 7.3059 174.414 -28.9424 -6.1728 -175.108 -35.9575 -0.853345 -1.35514 20.7523 -3.9186 178.096 153.114 -8.04289 -179.376 -32.9007 -0.564142 -1.3332 -5.04298 10.4375 177.582  
-107.784 -36.2593 170.367 -3.02263 -1.82603 4.89239 7.69507 -0.3554 1.50598 -15.4741 6.59926 5.82988 34.6589 10.2998 -22.516 6.70757 -42.9352 -151.997 42.0929 5.33469 23.8042 -1.3988 -15.6222 174.257 -169.532 -26.7637 -160.835 46.7944 7.03503 26.1714 0.936323 10.5799 174.368 -30.58 -1.51256 -175.171 -36.9621 -0.930035 -1.37033 21.7505 -4.11494 178.368 153.172 -6.71766 -179.109 -33.5423 -0.642341 -1.34321 -3.20893 11.331 177.458  
-109.011 -39.5728 169.126 -2.96041 -2.36678 5.14317 7.69462 -0.508971 1.44377 -15.5123 7.09953 6.47376 35.7349 11.103 -23.7249 6.53122 -42.9302 -152.624 43.0106 5.6491 24.2749 -1.44097 -16.0308 174.245 -166.877 -23.3961 -160.555 42.5374 5.48442 24.0333 1.22719 13.7553 174.307 -31.8153 3.4189 -175.043 -37.8526 -1.02584 -1.38741 23.8395 -5.97641 179.306 153.468 -5.38308 -178.827 -33.7727 -0.69846 -1.35146 -1.49721 12.2251 177.293  
-110.179 -42.5856 167.795 -3.06241 -2.58918 5.08156 7.80503 -0.555734 1.61787 -15.5006 7.46018 6.8213 36.3214 11.7208 -24.4509 6.71274 -42.7673 -153.403 43.6295 5.86657 24.5898 -1.44364 -16.0556 174.244 -165.103 -20.563 -160.492 37.4868 3.8769 21.3919 1.34619 15.0311 174.277 -32.9796 9.31111 -174.288 -38.5014 -1.08441 -1.4014 25.185 -7.7253 -179.858 154.121 -4.60803 -178.847 -33.6487 -0.743066 -1.34973 0.755924 13.1239 176.953  
-111.476 -45.7083 166.067 -3.12034 -2.86902 5.17551 7.84496 -0.612974 1.84096 -15.2582 7.72733 7.2092 36.3183 12.1613 -25.34 6.57136 -42.5367 -154.675 43.5935 5.85364 24.5713 -1.44263 -16.038 174.244 -164.684 -16.8689 -160.935 31.8837 2.39086 18.353 1.53738 17.0489 174.224 -34.4837 14.4472 -173.196 -39.0565 -1.10418 -1.41328 25.8404 -8.42658 -179.54 155.141 -3.55884 -178.997 -33.1358 -0.776423 -1.33855 3.00747 13.9756 176.536  
-113.283 -49.2287 163.646 -3.3275 -3.38936 5.52207 7.90082 -0.755596 1.7743 -15.1634 7.89195 7.47436 36.3095 12.4841 -25.8177 6.3731 -42.2016 -155.926 42.7625 5.56276 24.1484 -1.41791 -15.7859 174.251 -165.626 -11.1252 -162.153 26.6927 1.29585 15.4564 1.94858 21.2386 174.089 -36.2968 18.6446 -172.147 -39.239 -1.10317 -1.41726 25.6566 -10.0153 -179.038 156.344 -3.29989 -179.56 -32.3245 -0.813595 -1.32125 6.48268 15.1826 175.7  
-115.416 -52.9121 160.698 -3.54755 -3.82744 5.89926 8.06962 -0.871272 1.69778 -15.165 7.93922 7.85687 36.1672 12.6155 -26.2943 5.78819 -42.1188 -157.248 41.1521 5.01951 23.3187 -1.38574 -15.4529 174.26 -166.848 -4.28815 -163.536 23.1223 0.702352 13.428 2.41158 25.6854 173.905 -38.0699 22.1721 -171.219 -38.7756 -1.11359 -1.40874 26.673 -11.2587 -178.397 158.024 -3.01525 179.695 -31.0602 -0.852462 -1.2841 10.0801 16.6461 174.647  
-117.602 -56.4238 157.694 -3.61994 -3.78115 5.95377 7.99465 -0.867556 1.54835 -14.9589 7.9037 7.90915 35.6426 12.7539 -25.9016 5.57409 -42.1696 -158.125 39.1547 4.38019 22.2753 -1.36932 -15.2603 174.265 -166.971 0.537062 -164.921 21.7553 0.508435 12.6454 2.57873 27.2151 173.83 -39.546 26.059 -170.573 -38.2807 -1.15408 -1.40157 28.2164 -13.8006 -177.124 159.697 -2.63067 178.994 -30.0144 -0.86572 -1.26031 13.0898 17.9498 173.625  
-120.501 -59.9879 153.686 -3.71228 -4.09727 6.30295 7.9647 -0.960192 1.38712 -15.0383 7.85453 8.35312 35.5964 12.7859 -26.017 4.85834 -41.3799 -159.55 36.9556 3.72321 21.1079 -1.27905 -14.3063 174.291 -166.379 1.28605 -165.691 22.1599 0.564037 12.8773 2.37405 25.3361 173.921 -40.7634 28.6494 -170.538 -38.1739 -1.28144 -1.40365 31.782 -16.9794 -174.762 161.922 -1.66148 178.113 -28.2533 -0.879524 -1.21127 15.3901 19.1947 172.684  
-124.072 -63.437 149.047 -3.7709 -4.31568 6.45398 7.92958 -1.02835 1.24071 -15.0716 7.773 8.59874 35.2371 12.8313 -25.7393 4.61445 -40.8556 -160.62 35.1256 3.21055 20.1247 -1.28279 -14.2781 174.291 -165.665 -0.419074 -166.14 23.8098 0.805888 13.8204 2.02475 21.9907 174.061 -40.852 29.4681 -171.729 -38.0651 -1.46707 -1.40499 36.1333 -19.7837 -171.686 164.031 -0.351555 177.358 -26.9145 -0.894681 -1.1772 17.1266 20.5982 171.803  
-127.448 -66.3313 144.524 -3.80766 -4.13467 6.44022 7.96839 -0.967074 1.30826 -14.9744 7.73452 8.75573 34.8315 12.9274 -25.5371 5.18412 -40.5586 -161.282 34.0012 2.91483 19.5132 -1.27625 -14.1858 174.294 -165.417 -2.44581 -165.836 25.844 1.14235 14.9763 1.69575 18.6875 174.176 -40.044 28.6944 -173.162 -37.8545 -1.55924 -1.40012 38.1445 -20.7265 -170.047 166.18 0.573725 176.448 -25.8864 -0.909934 -1.15375 18.1589 21.9521 171.105  
-129.961 -68.3458 141.283 -3.97514 -3.44866 5.6407 8.17277 -0.750017 1.70372 -14.9364 7.7724 9.04906 34.6947 13.0895 -25.759 5.40088 -39.6903 -162.375 32.8581 2.62581 18.8887 -1.24195 -13.837 174.303 -166.183 -3.66059 -165.247 28.0691 1.55888 16.2307 1.49097 16.5625 174.238 -38.2064 26.0308 -175.064 -36.9891 -1.59473 -1.3843 39.8113 -20.4548 -168.949 168.187 1.15553 176.205 -25.2881 -0.900712 -1.14015 17.8226 22.9587 171.023  
-132.835 -69.9195 138.115 -4.32147 -2.35452 4.22153 8.50564 -0.412939 2.2667 -15.0327 7.93225 9.23147 34.7009 13.4518 -26.1429 5.29687 -38.4413 -163.726 31.8229 2.37566 18.3193 -1.25951 -14.0066 174.299 -167.826 -4.07758 -164.7 30.3276 2.03401 17.4913 1.33726 14.9358 174.279 -37.0774 24.5267 -176.08 -37.0676 -1.56073 -1.38069 38.7578 -19.6706 -169.585 169.214 2.35584 176.796 -26.4328 -0.899627 -1.16811 15.4751 23.0488 172.025  
-135.718 -71.7153 134.732 -4.23348 -1.38757 3.26306 8.40599 -0.164548 2.22751 -15.2424 8.12535 9.35507 35.335 13.943 -26.1004 5.53576 -36.2355 -164.9 30.6512 2.10536 17.6715 -1.22396 -13.6714 174.308 -169.05 -4.18486 -164.791 33.5643 2.80444 19.2741 1.1578 13.0058 174.323 -35.8456 25.9404 -175.952 -37.3124 -1.43659 -1.38255 34.3837 -18.4359 -172.076 170.324 4.53424 177.503 -28.4162 -0.93469 -1.21606 13.1812 22.1156 173.099  
-142.242 -73.631 128.092 -5.02536 -1.20429 2.1762 8.41671 -0.123907 2.40697 -14.9838 8.31876 9.30673 35.9155 14.375 -26.2053 6.59623 -34.7638 -165.849 29.9864 1.95805 17.3021 -1.21124 -13.5865 174.311 -169.542 -5.26096 -164.033 36.8311 3.68664 21.0417 0.878544 9.94068 174.378 -33.0842 25.0705 -177.849 -34.8116 -1.33391 -1.33467 32.8568 -16.9044 -173.068 171.093 7.33871 178.872 -30.4747 -0.966631 -1.26792 11.5522 19.9443 174.031  
-154.495 -75.6983 115.248 -5.75733 -1.54378 1.67561 8.15741 -0.238442 2.44063 -15.0762 8.2867 9.45836 36.412 14.5088 -25.9196 7.9652 -34.5829 -165.962 29.695 1.89503 17.1399 -1.32213 -14.7705 174.282 -169.507 -6.93212 -162.967 39.7202 4.55716 22.5724 0.685496 7.78807 174.409 -31.012 21.5285 179.901 -32.8909 -1.28471 -1.29384 32.1357 -17.0735 -172.864 171.218 9.99365 179.969 -33.5559 -1.03498 -1.3388 10.4181 17.0493 174.745  
-169.75 -77.3929 98.5906 -5.90217 -1.56881 2.10104 8.11138 -0.238655 2.55065 -15.1218 8.07076 9.63046 36.2482 14.3451 -25.8468 8.88601 -35.142 -165.806 29.9417 1.94853 17.2772 -1.30875 -14.6348 174.286 -169.656 -7.95202 -161.585 41.8942 5.26638 23.7027 0.611288 6.95329 174.418 -29.8819 17.0649 178.984 -32.875 -1.27217 -1.2969 32.6687 -16.594 -172.678 171.426 11.2167 -179.883 -37.5581 -1.11231 -1.45433 8.9455 13.5779 175.534  
172.519 -77.6418 80.3777 -6.29587 -1.09094 1.40552 8.2103 -0.143101 2.90104 -15.2867 8.6204 9.5936 35.7911 13.807 -25.2248 9.14268 -35.4938 -165.401 30.4749 2.06575 17.5738 -1.26431 -14.1639 174.3 -170.088 -8.88391 -160.172 43.0548 5.66407 24.2979 0.594428 6.7786 174.421 -28.8871 15.55 178.141 -32.7011 -1.21443 -1.29086 30.629 -15.6154 -173.803 169.644 10.0927 -178.541 -43.6429 -1.15138 -1.64249 6.17558 9.83698 176.519  
154.434 -76.724 61.5756 -6.45238 -0.806165 1.31002 8.39503 -0.0457472 2.9924 -15.3057 9.369 9.74594 35.6806 13.4544 -25.15 8.67133 -34.9963 -165.192 31.1188 2.21155 17.9304 -1.29995 -14.5439 174.291 -171.241 -9.53721 -159.071 42.7563 5.56073 24.1452 0.590093 6.72267 174.423 -28.3094 13.8076 177.806 -33.4763 -1.17531 -1.30795 29.0007 -14.3123 -174.986 167.991 7.69292 -177.957 -48.01 -1.15576 -1.78869 2.38284 5.32481 177.258  
137.269 -74.1303 43.6197 -6.43425 -0.637706 1.83101 8.53831 0.000182332 2.85543 -15.2412 9.40164 9.73678 35.8969 13.4581 -25.5291 7.47461 -34.3905 -165.344 31.6789 2.34152 18.24 -1.44736 -16.1039 174.25 -172.622 -9.19387 -158.172 41.4062 5.10346 23.4505 0.645215 7.33895 174.417 -27.6373 11.2527 177.316 -34.0236 -1.12407 -1.32105 27.4462 -12.8069 -176.177 166.579 5.16318 -177.469 -50.3219 -1.14782 -1.86292 0.130984 2.81237 177.437  
124.774 -70.1548 30.3428 -6.50885 -0.848754 2.34445 8.53136 -0.0539139 2.88274 -15.2319 9.5483 9.96524 36.7141 13.5174 -25.9736 6.35903 -33.4218 -165.786 32.1511 2.45381 18.5 -1.56951 -17.383 174.215 -173.942 -8.87122 -157.42 39.0975 4.36162 22.2459 0.733193 8.32714 174.405 -26.8158 8.46799 176.861 -34.4222 -1.06435 -1.33034 25.8662 -10.6503 -177.581 165.203 1.31284 -177.3 -51.0841 -1.13156 -1.87335 -0.810101 4.55726 177.599  
117.106 -65.3005 22.0511 -6.89162 -0.838289 2.67876 8.58263 -0.04671 2.81353 -14.9868 9.70587 10.2373 36.8853 13.7078 -26.5244 5.82241 -33.1685 -165.894 33.0311 2.66856 18.9835 -1.73239 -19.0606 174.163 -174.897 -8.85079 -156.882 36.2188 3.51541 20.7115 0.784117 8.89745 174.398 -26.0132 5.14748 176.164 -34.491 -1.00692 -1.33387 24.235 -9.78827 -178.456 163.494 -4.39931 -177.514 -50.6635 -1.08955 -1.83825 -1.57147 7.4934 177.806  
112.439 -59.9801 16.9107 -7.40461 -0.547477 2.64469 8.56069 0.0453528 2.85213 -14.6797 9.80453 10.0251 36.3844 14.0323 -26.4157 5.22872 -32.4038 -166.266 33.8013 2.86331 19.4044 -1.74454 -19.1973 174.161 -176.504 -8.00612 -156.934 32.4101 2.51655 18.6423 0.98577 11.1273 174.36 -25.5733 2.79497 175.633 -34.9026 -0.951234 -1.34157 22.9779 -8.03326 -179.54 161.388 -11.398 -178.153 -49.2977 -0.982591 -1.77764 -4.27556 7.88774 178.036  
109.109 -54.5824 13.174 -7.82194 0.0165779 2.80384 8.67989 0.201163 2.62065 -14.9314 9.68658 9.90588 36.4775 13.9226 -26.2179 5.01053 -32.5078 -166.21 34.4998 3.04488 19.7846 -1.83622 -20.0424 174.131 -178.49 -6.23703 -157.498 28.7728 1.70107 16.625 1.3012 14.5337 174.283 -25.3699 0.671619 175.249 -35.8856 -0.881939 -1.36293 22.0067 -4.60421 178.941 159.453 -18.4499 -178.769 -47.7946 -0.844387 -1.72028 -6.45285 4.08896 177.579  
107.158 -49.1439 10.6947 -8.34175 0.436696 2.94586 8.75297 0.332542 2.65887 -14.6255 9.69602 9.88463 35.9473 13.9254 -26.6368 4.80588 -32.3718 -166.417 34.7418 3.1089 19.9159 -1.86306 -20.3067 174.121 -179.841 -5.21312 -158.031 26.2224 1.20761 15.1913 1.5203 16.8317 174.218 -25.476 -1.89764 174.783 -36.8785 -0.826964 -1.38379 21.5979 -2.1765 177.941 157.132 -24.2454 -179.299 -46.3235 -0.745202 -1.67033 -6.46828 -1.55624 176.621  
106.119 -43.3753 9.2401 -8.84907 1.0466 2.74868 8.45849 0.512908 2.79441 -14.7114 9.53697 9.47959 35.6402 13.7222 -26.3545 4.7122 -32.8128 -166.443 34.5253 3.05146 19.7985 -1.86 -20.2957 174.121 -179.527 -5.65345 -158.712 26.0832 1.18398 15.112 1.53121 16.9436 174.214 -25.8673 -3.69627 174.221 -37.4452 -0.773349 -1.39707 20.4398 1.05875 176.851 153.785 -28.7683 -179.886 -46.0506 -0.688075 -1.66659 -4.78748 -4.37045 176.152  
105.344 -37.7335 7.7061 -9.35091 1.80449 2.84581 8.60391 0.72492 2.58306 -14.918 9.29204 9.20536 34.8767 13.6537 -25.6941 4.40155 -32.8725 -166.074 33.9156 2.89249 19.4668 -1.80299 -19.7738 174.14 -178.77 -7.18377 -159.825 27.4286 1.43348 15.871 1.40198 15.5968 174.253 -26.0264 -5.23801 174.145 -37.8214 -0.716415 -1.4069 19.1881 4.78029 175.857 150.44 -30.5486 179.461 -45.4171 -0.654369 -1.63204 -5.49388 -4.7374 175.909  
104.493 -31.7643 6.06058 -9.46308 2.11666 3.03829 8.70785 0.799731 2.26373 -15.1268 9.06059 9.22775 34.2077 13.5868 -25.2598 4.03167 -32.7661 -165.671 32.7152 2.59054 18.8102 -1.73423 -19.0876 174.165 -177.772 -9.30456 -160.95 29.926 1.94504 17.2685 1.20353 13.4886 174.308 -25.9022 -7.32733 173.98 -38.0388 -0.6769 -1.40853 18.0538 7.8387 175.245 147.737 -30.0981 179.229 -44.188 -0.631121 -1.59057 -6.7793 -4.66222 175.754  
103.69 -25.9861 4.3397 -9.35919 2.22458 3.28643 8.76946 0.832313 2.21314 -15.0605 8.90934 9.33666 33.4871 13.5802 -25.0446 3.5255 -32.3068 -165.587 31.1832 2.22656 17.966 -1.67805 -18.5186 174.185 -176.732 -11.6611 -161.629 32.8548 2.62496 18.8867 0.97004 10.9533 174.362 -25.7258 -10.5303 173.684 -38.3463 -0.648044 -1.41591 16.9715 10.4059 174.913 145.528 -28.3595 178.983 -42.0904 -0.616231 -1.57121 -6.43341 -5.54924 175.725  
103.361 -20.3481 2.88528 -9.41918 2.13753 3.38612 8.68984 0.824904 2.43284 -15.1369 8.80122 9.29841 33.2118 13.586 -24.6639 2.98057 -31.6174 -165.778 29.4499 1.84291 17.0032 -1.62321 -17.9562 174.204 -175.919 -13.6803 -161.88 35.6005 3.34156 20.3801 0.832466 9.43435 174.389 -25.7282 -13.7649 173.478 -38.5197 -0.63535 -1.41958 15.8865 12.7613 174.755 143.581 -26.2427 178.69 -39.0864 -0.707681 -1.47783 -2.64494 -8.27523 176.306  
103.053 -15.2 1.55559 -9.39947 2.25698 3.35849 8.54929 0.86753 2.5889 -15.0611 8.74337 9.45175 32.9801 13.7024 -24.293 3.11377 -31.0915 -165.701 28.0948 1.56409 16.2451 -1.55224 -17.2643 174.226 -175.187 -15.3828 -161.966 37.8159 3.97427 21.5669 0.762753 8.65797 174.4 -25.4844 -16.7696 173.392 -39.0335 -0.622422 -1.43416 15.1912 14.7163 174.744 141.064 -25.3568 177.851 -33.6785 -0.975792 -1.337 7.50993 5.0941 174.5  
102.88 -10.3539 0.493485 -9.37967 2.54672 3.17204 8.54973 0.950865 2.62362 -15.0766 8.73241 9.41171 32.412 13.9209 -23.9945 3.6327 -30.9576 -165.311 27.2028 1.39073 15.7436 -1.54842 -17.2019 174.228 -174.744 -16.6967 -162.061 39.2895 4.42216 22.3464 0.666171 7.57595 174.415 -25.3309 -18.6656 173.54 -40.2072 -0.579537 -1.46706 14.2622 17.2927 174.911 139.916 -27.5888 176.84 -25.31 -0.123498 -1.11518 -25.5477 12.7491 -179.913  
102.404 -5.072 -0.591276 -8.79049 2.05035 2.91468 8.65542 0.806026 2.64671 -14.9051 9.01209 9.2882 31.6443 14.6576 -23.9099 4.24693 -30.6413 -164.907 26.5934 1.27711 15.4 -1.51915 -16.8838 174.238 -174.87 -17.7986 -162.147 39.9672 4.63525 22.7019 0.62612 7.12401 174.42 -24.3861 -19.6284 174.142 -40.5544 -0.563664 -1.46605 12.1576 19.5632 175.364 141.109 -31.2828 177.013 -21.5598 0.143483 -1.04361 -34.3784 2.72943 176.764  
102.381 1.42541 -1.59428 -8.61766 0.912713 2.55077 8.68643 0.480074 2.7096 -14.6711 9.26232 9.12634 31.4017 15.1411 -24.01 4.60413 -30.4429 -164.644 26.0279 1.17493 15.0804 -1.44923 -16.1554 174.259 -174.76 -17.9989 -162.35 39.923 4.62126 22.6787 0.629494 7.15289 174.419 -24.2504 -20.6861 174.657 -41.1401 -0.536941 -1.47577 11.1876 20.7347 175.378 142.307 -30.9191 178.079 -22.6805 0.168689 -1.07044 -33.6095 2.40248 176.422  
102.759 7.93038 -2.83071 -8.65233 0.17733 2.62052 8.64986 0.251714 2.42779 -14.5878 9.27183 9.30813 31.4962 15.1095 -24.3477 4.59618 -30.2782 -164.427 25.8572 1.14436 14.9839 -1.37076 -15.3289 174.283 -174.186 -17.6753 -162.773 39.5136 4.4915 22.4646 0.633011 7.19943 174.418 -24.3046 -21.1289 175.615 -41.861 -0.519439 -1.48306 12.374 20.2141 174.76 143.601 -28.522 178.824 -25.0997 0.126769 -1.1285 -30.9334 3.79898 177.152  
103.279 14.1604 -4.41874 -8.25995 -0.148417 3.38026 8.59462 0.147598 2.13514 -14.4016 9.22415 9.1263 30.908 15.0104 -24.5746 4.08213 -30.1629 -165.05 26.8541 1.32531 15.5471 -1.36659 -15.2847 174.284 -173.829 -17.1253 -162.376 37.9448 4.01232 21.6355 0.65961 7.50044 174.414 -24.1034 -20.7761 176.785 -42.9414 -0.54323 -1.49546 14.8373 16.9579 174.26 144.696 -25.8204 178.742 -26.9497 -0.0222051 -1.1672 -25.8009 5.54715 177.714  
104.44 20.3424 -6.02903 -8.10459 -0.116701 3.78633 8.42868 0.134667 1.7637 -14.5954 8.87838 9.44888 30.5583 14.5155 -24.572 4.22043 -31.1067 -165.441 28.8805 1.72368 16.6851 -1.50734 -16.7615 174.241 -173.541 -16.136 -162.097 35.5483 3.32734 20.3519 0.78147 8.86432 174.396 -24.3362 -18.4873 177.705 -44.223 -0.629363 -1.51472 17.7274 11.1438 174.551 145.283 -23.2185 178.992 -28.414 -0.162658 -1.19159 -21.6183 7.03785 178.039  
106.151 26.8973 -7.98651 -7.90873 -0.324905 4.12689 8.26891 0.0794756 1.78644 -14.6883 8.5505 9.39735 29.9354 14.006 -24.5112 4.28903 -32.732 -166.179 31.3616 2.2684 18.0643 -1.62051 -17.9296 174.204 -173.284 -14.915 -161.127 32.7416 2.59707 18.8246 0.933989 10.5558 174.369 -24.8543 -14.2482 178.584 -45.1889 -0.761791 -1.53357 20.0611 4.87057 175.69 145.901 -19.8706 179.684 -29.464 -0.302996 -1.22162 -17.3432 8.0162 178.109  
108.196 33.8973 -10.3642 -7.48197 -0.508163 4.5685 8.17297 0.0184775 1.62109 -14.8498 8.01972 9.47795 29.1554 13.1535 -24.448 4.44546 -35.2983 -166.348 33.7597 2.85293 19.3815 -1.6706 -18.4408 174.187 -173.4 -12.9004 -160.301 29.88 1.93526 17.2428 1.16216 13.0522 174.322 -25.2852 -8.5555 179.23 -45.3163 -0.924327 -1.54519 22.6239 -1.28962 177.449 146.606 -16.3923 -179.468 -30.5232 -0.429426 -1.27463 -12.7815 8.79791 178.013  
110.738 40.5802 -13.4603 -6.98497 -0.639624 5.15599 8.31806 0.0071816 1.92069 -15.596 7.54983 9.00285 29.04 12.3486 -23.9846 3.73396 -37.4273 -167.04 35.5492 3.327 20.3528 -1.69823 -18.7211 174.177 -173.982 -10.6399 -159.024 27.1041 1.37215 15.6881 1.40923 15.7009 174.26 -25.8523 -2.78585 179.906 -44.8845 -1.0816 -1.54123 25.6924 -5.26402 179.082 147.213 -13.3297 -179.123 -31.364 -0.582335 -1.28626 -7.60048 9.37783 177.633  
114.351 47.3312 -17.6399 -6.97191 -1.13324 6.20335 8.60576 -0.112753 1.92774 -15.9218 7.14724 8.12296 28.564 11.6661 -23.0469 2.85112 -38.8638 -168.067 36.7132 3.65259 20.9788 -1.729 -19.0243 174.166 -174.914 -7.70757 -157.803 24.6027 0.931643 14.2721 1.67204 18.444 174.183 -27.0585 1.53035 -179.85 -44.2135 -1.16277 -1.53016 27.3308 -6.4613 179.831 147.628 -10.3586 -178.674 -32.399 -0.707212 -1.32038 -2.04274 9.59827 177.054  
118.715 53.6524 -22.1457 -6.7632 -1.13815 6.47413 8.46696 -0.120538 1.8182 -16.1181 6.57895 7.92819 28.7185 10.5634 -22.6267 2.86585 -39.9425 -168.379 37.4678 3.87143 21.3817 -1.73428 -19.0898 174.164 -176.029 -4.06519 -157.025 22.6484 0.632416 13.1571 1.96101 21.362 174.085 -27.9875 6.14232 -179.852 -43.1298 -1.16132 -1.50898 26.4759 -5.6327 179.484 147.827 -8.58491 -178.111 -34.1672 -0.825739 -1.3619 3.78861 9.6479 176.346  
124.407 59.6126 -28.1015 -6.49099 -1.45625 6.71525 8.42718 -0.206254 1.87404 -16.2157 6.28826 7.88319 28.9131 9.95274 -22.6336 2.79882 -40.3076 -168.909 37.824 3.97632 21.5714 -1.76534 -19.3889 174.153 -177.282 -1.27528 -156.038 21.4796 0.471837 12.4873 2.16737 23.3773 174.006 -28.5386 10.3845 -179.698 -42.2787 -1.16437 -1.49256 25.4113 -5.75981 179.456 148.29 -7.21086 -177.714 -35.7123 -0.93484 -1.39795 9.91873 9.25978 175.582  
133.309 65.0815 -37.718 -6.56717 -2.22329 7.41061 8.28948 -0.437126 1.52321 -16.3268 6.08312 8.05253 28.9484 9.67138 -22.4036 3.3348 -40.4459 -168.656 37.4827 3.87562 21.3897 -1.77846 -19.5151 174.148 -178.167 0.166766 -155.319 21.2438 0.441092 12.3518 2.23914 24.0643 173.977 -29.8809 12.8667 -179.21 -42.495 -1.21423 -1.49912 26.3187 -6.82457 -179.976 149.011 -5.37043 -177.638 -36.3295 -1.03062 -1.41216 15.87 8.55524 174.93  
144.126 69.903 -48.9825 -6.00419 -2.92355 7.34767 8.24298 -0.6338 1.68932 -16.6305 6.02223 7.81468 29.0579 9.59168 -22.1407 3.19001 -40.0766 -168.94 36.2386 3.51904 20.7235 -1.76378 -19.3758 174.153 -178.624 -0.20227 -154.294 21.9135 0.529934 12.7361 2.1076 22.7996 174.03 -29.8787 15.5573 -178.843 -42.1196 -1.23387 -1.49362 26.4613 -7.89096 -179.528 150.86 -3.76204 -177.191 -36.5101 -1.09083 -1.41689 21.5361 7.38432 174.58  
160.139 73.0537 -65.7189 -6.09648 -3.46406 7.46106 8.23864 -0.790753 1.56355 -16.9266 5.73573 7.97137 29.2321 9.12217 -21.9817 3.25645 -39.6852 -168.553 34.2437 2.97748 19.6455 -1.73235 -19.0642 174.164 -179.021 -0.755663 -153.651 23.2101 0.715097 13.4781 1.86244 20.3789 174.12 -30.6689 18.0845 -178.019 -41.5239 -1.23685 -1.47955 27.0358 -8.05319 -179.377 152.256 -2.12275 -177.204 -36.4328 -1.15739 -1.41498 26.5753 6.2427 174.448  
178.322 74.3842 -84.7346 -6.16847 -3.84818 7.57689 8.28914 -0.870737 1.88708 -17.1533 5.61367 7.33244 28.9944 8.86168 -21.6084 2.40635 -38.5474 -169.138 31.9745 2.41264 18.4024 -1.62593 -17.9814 174.201 -179.674 -1.80288 -152.355 24.5498 0.923197 14.242 1.59582 17.657 174.207 -31.4422 21.728 -176.82 -40.6575 -1.22326 -1.45587 26.9857 -8.82496 -179.148 153.958 -0.0825512 -177.32 -35.7277 -1.21106 -1.39902 30.4685 5.28551 174.503  
-163.023 74.0185 -104.504 -6.34683 -4.07198 7.59304 8.24419 -0.935476 1.79908 -17.3115 5.29411 7.44932 28.7464 8.41449 -21.2243 2.57752 -37.5326 -168.803 30.3741 2.04336 17.5177 -1.56462 -17.3501 174.221 179.652 -2.63973 -151.757 25.8634 1.14579 14.9873 1.38656 15.4604 174.266 -32.2558 24.6578 -175.865 -40.035 -1.27533 -1.43686 28.7838 -11.187 -177.866 156.089 1.81046 -177.944 -34.1136 -1.24522 -1.36186 33.7658 5.65559 173.918  
-146.683 71.6708 -122.378 -6.73997 -4.97799 8.09076 8.08964 -1.16666 1.94236 -17.7114 5.1696 7.2159 28.7286 8.23945 -20.902 2.75982 -36.2116 -169.066 29.4933 1.85175 17.0276 -1.46188 -16.3605 174.251 178.554 -3.28241 -150.934 27.03 1.35832 15.6462 1.28272 14.3527 174.293 -33.5475 25.2371 -175.961 -39.7189 -1.44379 -1.42751 33.393 -15.2698 -174.668 158.345 3.64448 -179.227 -31.6808 -1.29806 -1.30176 37.341 5.5594 173.552  
-135.085 68.3256 -135.726 -6.95415 -5.67374 8.57762 7.989 -1.33745 2.12073 -18.0395 4.95172 7.33279 28.2462 8.00033 -20.749 3.08868 -35.6641 -169.057 29.2463 1.79955 16.8897 -1.44786 -16.2253 174.255 177.816 -4.2305 -150.135 28.3938 1.62402 16.4127 1.10892 12.4746 174.334 -34.9607 26.3871 -176.189 -39.6531 -1.57251 -1.42732 36.8371 -17.4873 -172.267 160.677 4.92989 179.063 -29.2907 -1.36293 -1.23758 40.8687 5.87858 172.832  
-127.781 65.2768 -144.59 -7.02776 -5.30699 8.49323 7.87971 -1.20614 2.48753 -18.1499 4.65476 7.33961 27.2722 7.68622 -20.2667 3.49045 -35.7882 -168.936 29.5469 1.8634 17.0574 -1.45524 -16.3021 174.253 177.46 -4.77966 -149.492 29.684 1.89279 17.1338 0.971356 10.9664 174.362 -35.4827 28.4883 -176.544 -39.2147 -1.56769 -1.41803 36.2951 -18.5138 -171.904 163.025 6.4184 177.508 -27.7172 -1.43863 -1.19181 43.0993 5.36054 173.014  
-123.24 62.8113 -150.45 -7.22472 -4.18688 7.88437 8.1307 -0.877528 2.63418 -18.7504 4.36722 7.61598 26.9367 7.45808 -19.7017 3.82358 -35.9108 -168.475 30.0541 1.97294 17.3398 -1.5049 -16.783 174.238 177.028 -5.51133 -149.421 30.7146 2.11955 17.7067 0.908208 10.2677 174.372 -34.5219 26.3673 -177.981 -37.7086 -1.67588 -1.38589 40.9396 -18.416 -169.592 165.07 8.39846 176.424 -26.5299 -1.46597 -1.15716 43.4304 6.46076 171.939  
-120.121 61.2422 -154.209 -7.37045 -2.26302 6.30213 7.99355 -0.333569 3.0093 -18.7269 4.3345 7.53719 26.5047 7.58726 -19.0079 4.71117 -35.2701 -168.217 30.8906 2.15945 17.8041 -1.5391 -17.1119 174.228 177.352 -6.39181 -149.693 31.7061 2.34782 18.255 0.864272 9.77929 174.379 -32.7953 22.0851 -179.518 -36.5389 -1.6982 -1.37883 43.9589 -17.4176 -168.349 166.951 10.0328 176.027 -26.1505 -1.49633 -1.1428 43.2655 6.12343 172.224  
-117.885 59.977 -156.19 -7.5975 -0.406711 3.31029 7.84755 0.17492 3.58035 -18.8303 4.50254 7.75204 26.5371 8.12686 -18.5092 5.70237 -33.4526 -168.271 31.5155 2.303 18.15 -1.53345 -17.0545 174.23 178.036 -8.19392 -150.769 32.9347 2.64444 18.9308 0.734305 8.3325 174.401 -31.2809 20.9891 179.528 -35.9852 -1.644 -1.35826 42.7537 -16.7609 -169.082 167.73 10.5297 176.932 -28.0549 -1.50422 -1.18997 42.6211 5.77304 172.661  
-114.675 57.5798 -159.288 -7.34514 0.88132 0.898156 7.55444 0.483438 3.56767 -19.1953 4.49619 7.49791 26.1353 8.359 -17.4801 6.25311 -32.6881 -167.374 31.0976 2.20635 17.9189 -1.54597 -17.1552 174.226 179.017 -9.82326 -152.641 34.8192 3.1302 19.9574 0.54747 6.24552 174.426 -29.5532 21.8007 179.123 -35.315 -1.50589 -1.35366 38.6534 -16.1031 -171.117 169.101 11.4231 178.084 -30.2789 -1.49015 -1.24925 39.7184 4.99987 173.681  
-111.528 53.4472 -163.397 -7.75668 0.54651 0.326733 7.29023 0.358976 3.40683 -19.007 4.67731 7.78312 26.5705 8.68071 -17.7987 6.07396 -31.763 -167.38 29.7511 1.90708 17.1711 -1.4859 -16.5293 174.245 -179.629 -10.8268 -153.822 36.5982 3.61997 20.9169 0.659517 7.33013 174.412 -28.5039 21.4291 179.107 -34.6681 -1.36666 -1.33783 34.1269 -15.2377 -173.156 170.854 13.8257 178.432 -31.6606 -1.4746 -1.28773 35.2458 4.33979 174.523  
-108.821 47.8298 -166.907 -8.37061 -0.749312 -0.403594 7.14479 0.000533225 3.89337 -19.085 4.91438 8.00838 27.7056 9.00498 -18.3121 4.92757 -31.349 -168.151 27.9385 1.53287 16.1575 -1.40549 -15.6831 174.27 -177.986 -12.529 -154.254 38.0917 4.0567 21.7131 0.602915 6.79524 174.418 -27.5044 19.1518 178.025 -33.6933 -1.2609 -1.30844 30.4798 -14.3655 -174.523 171.595 15.433 179.189 -34.7215 -1.48298 -1.37579 30.7337 1.92569 176.197  
-106.674 42.0724 -169.541 -8.80828 -1.17103 -1.39514 7.36982 -0.115907 4.20235 -19.2854 4.92607 8.113 28.1922 9.04648 -18.302 3.95316 -32.9726 -167.903 27.0962 1.37005 15.6838 -1.40865 -15.677 174.27 -176.774 -12.9601 -155.274 39.4556 4.47363 22.4339 0.545925 6.23655 174.424 -26.4877 14.0075 176.162 -32.5232 -1.20748 -1.28256 29.3663 -14.2015 -174.64 171.345 15.177 -179.577 -39.1532 -1.45746 -1.51319 24.2704 -1.44171 177.826  
-105.261 36.6693 -171.828 -9.40313 -1.2342 -1.66925 7.63513 -0.113542 4.49229 -19.0454 5.08517 7.94441 28.3587 9.29696 -18.2226 3.40453 -34.9603 -167.701 27.642 1.47488 15.9908 -1.42906 -15.8564 174.264 -175.961 -13.2035 -156.356 39.7732 4.57359 22.6005 0.541201 6.1791 174.425 -26.1502 10.2798 175.516 -32.3581 -1.15625 -1.27835 27.6362 -13.1061 -175.563 169.807 12.6286 -178.675 -43.1981 -1.30942 -1.63837 13.796 0.947909 177.153  
-104.005 31.1495 -174.156 -9.6997 -1.19192 -1.43182 7.82848 -0.0935488 4.43649 -19.0282 5.08738 7.87717 29.1722 9.19242 -18.2582 2.56426 -35.8272 -167.64 28.9103 1.72946 16.7019 -1.36055 -15.2109 174.282 -175.654 -13.271 -157.536 38.8336 4.28117 22.1061 0.568256 6.46802 174.423 -26.1722 8.45525 175.914 -33.3056 -1.10624 -1.29753 25.3544 -10.164 -177.439 168.05 7.86205 -178.923 -46.358 -1.22813 -1.73075 6.10998 4.46538 177.13  
-102.923 25.5017 -175.927 -10.0664 -1.03746 -1.49821 7.82823 -0.0549863 4.37686 -18.748 5.01134 7.72077 30.3181 8.91626 -17.9733 2.54126 -36.9361 -167.419 30.9523 2.17356 17.8383 -1.44817 -16.1329 174.256 -175.094 -13.4402 -158.553 37.0471 3.75008 21.1564 0.650674 7.39673 174.413 -25.7267 6.13191 175.767 -33.5414 -1.04468 -1.30356 23.3121 -7.97 -178.821 166.421 1.93732 -179.244 -48.8975 -1.22141 -1.79421 4.56997 5.15499 177.316  
-102.441 19.4046 -177.354 -10.8532 -0.916723 -1.4069 7.73652 -0.0355653 4.17912 -18.4412 4.79961 7.42354 31.7567 8.32545 -17.6286 2.51976 -38.1571 -167.267 32.7942 2.60991 18.8536 -1.58688 -17.5727 174.212 -174.853 -13.0365 -159.619 34.4855 3.04083 19.777 0.858 9.7126 174.382 -25.544 3.26531 175.479 -33.4166 -0.977919 -1.30292 21.3788 -5.912 179.988 164.494 -4.33748 -179.842 -50.6535 -1.24826 -1.83279 7.84279 3.46335 177.22  
-102.124 13.0111 -178.658 -11.6138 -1.01031 -1.45646 8.06043 -0.0570461 4.13562 -18.5385 4.68737 6.96182 33.1961 7.99817 -17.1375 1.72275 -38.9137 -167.375 34.076 2.93426 19.554 -1.64826 -18.2038 174.191 -175.005 -12.6066 -160.616 32.0101 2.42071 18.4221 1.04112 11.7312 174.347 -25.6288 0.769276 175.31 -33.7731 -0.9191 -1.31099 19.6119 -2.79329 178.613 162.192 -9.97239 179.49 -52.2168 -1.27248 -1.85997 11.176 2.03313 177.13  
-101.74 6.39977 179.921 -11.8645 -0.980874 -1.24118 8.2959 -0.0532471 3.87655 -18.6896 4.4245 6.25552 34.0937 7.4323 -16.384 0.754919 -39.8242 -167.373 34.5936 3.06959 19.8355 -1.70395 -18.7301 174.173 -175.197 -11.6949 -161.842 30.0301 1.96763 17.3265 1.1344 12.7482 174.327 -25.9281 -1.76279 175.27 -34.8451 -0.874335 -1.33274 18.2688 0.751075 177.329 159.198 -14.5451 178.643 -53.2605 -1.18289 -1.88789 9.64466 3.60012 176.795  
-101.57 -0.0794448 178.621 -11.9998 -0.756692 -1.1115 8.22136 -0.00429295 3.63234 -17.7634 4.13177 6.25768 33.8058 6.73639 -16.7364 -0.263846 -40.1993 -167.421 34.2944 2.99099 19.673 -1.65403 -18.2655 174.189 -175.207 -10.4556 -163.168 28.2145 1.58784 16.3123 1.29587 14.4822 174.286 -26.4785 -4.85764 174.995 -36.1685 -0.842022 -1.35861 17.3989 3.92449 176.306 155.774 -18.3451 177.795 -53.2972 -1.06757 -1.884 6.10503 6.12024 176.539  
-101.573 -6.28607 177.295 -11.8929 -0.34709 -0.898711 8.31958 0.116082 3.54615 -18.5871 4.18106 5.53576 35.4177 6.89809 -15.7461 -1.63728 -40.6875 -167.595 33.4642 2.7779 19.22 -1.65875 -18.3023 174.187 -175.435 -9.67862 -164.226 26.989 1.35017 15.6234 1.39563 15.5396 174.258 -26.9431 -8.00838 174.838 -37.2261 -0.804463 -1.37929 16.4271 7.00386 175.455 152.478 -21.534 177.067 -52.2699 -0.9939 -1.8527 5.2991 7.64068 176.155  
-101.742 -12.0703 175.943 -11.7475 0.24175 -0.758883 8.34465 0.285766 3.49528 -18.5003 4.32034 5.54007 35.6855 7.19898 -15.8643 -2.1599 -40.8069 -167.348 32.6136 2.56531 18.7547 -1.66195 -18.3181 174.187 -175.18 -10.1071 -165.02 26.7305 1.30211 15.4774 1.44582 16.0587 174.244 -27.0856 -10.8722 174.971 -37.6602 -0.750039 -1.38942 15.1124 10.1971 174.808 149.587 -24.1726 176.653 -50.0968 -0.964583 -1.78991 6.62825 7.25165 175.642  
-102.384 -17.7113 174.648 -11.775 0.686302 -0.83943 8.32509 0.396156 3.30856 -18.2609 4.6588 6.07875 35.5193 7.87227 -16.6885 -2.19876 -40.0719 -166.76 31.4525 2.28857 18.115 -1.61311 -17.8403 174.203 -174.762 -11.2402 -165.724 27.411 1.4305 15.8608 1.45538 16.1658 174.241 -27.3958 -13.6722 175.012 -37.8175 -0.675588 -1.39672 13.929 13.0253 174.431 146.851 -26.0816 176.992 -46.9576 -0.911039 -1.69844 6.70537 7.27934 175.266  
-103.328 -23.4245 173.061 -11.6967 0.751623 -1.07965 8.13028 0.406374 3.33436 -17.8524 5.16701 6.64946 35.0227 8.91416 -17.4837 -1.43191 -39.1073 -165.707 30.622 2.09869 17.6553 -1.57036 -17.3968 174.217 -174.109 -12.5769 -166.25 28.9902 1.74662 16.7462 1.39809 15.5655 174.258 -27.9359 -16.5545 175.286 -38.1003 -0.596065 -1.407 12.3056 16.0921 174.326 144.344 -27.3282 177.372 -42.5051 -0.779788 -1.57349 1.8737 11.4969 175.294  
-104.552 -29.0355 171.465 -11.4815 0.79615 -1.49842 7.97137 0.405439 3.38487 -17.5801 5.72489 7.17499 34.6151 9.96391 -18.5969 -0.744544 -37.6636 -164.603 29.6998 1.89613 17.1426 -1.53014 -16.9754 174.23 -173.513 -13.7756 -166.448 30.9166 2.16547 17.8184 1.30081 14.537 174.285 -28.7097 -18.9128 175.444 -38.3452 -0.523109 -1.4176 10.4576 18.8722 174.557 142.619 -28.6569 178.113 -37.3807 -0.454288 -1.43594 -10.9148 16.7075 178.055  
-105.795 -34.8029 169.61 -11.021 0.559801 -1.75944 7.78256 0.327985 3.40811 -16.7751 6.3065 7.78474 33.8828 10.9586 -20.169 0.0785359 -35.6705 -163.352 28.6541 1.67685 16.5586 -1.4827 -16.4912 174.245 -172.997 -14.7712 -166.179 32.3503 2.50186 18.6097 1.24143 13.9038 174.301 -29.3115 -21.4425 175.797 -38.4456 -0.435877 -1.42767 7.73791 21.6419 175.188 143.02 -32.1065 179.029 -33.4728 -0.0126445 -1.3356 -23.6553 12.2366 179.698  
-107.466 -41.2506 167.105 -10.4612 0.20437 -1.75841 7.63107 0.204808 3.13286 -16.5936 6.53661 7.95886 34.3838 11.3687 -20.7098 0.564445 -33.5894 -161.767 27.657 1.47795 15.9992 -1.40687 -15.6965 174.268 -172.823 -14.8089 -166.006 32.9693 2.65332 18.9496 1.18599 13.3093 174.316 -30.3288 -24.4765 176.159 -38.8754 -0.361301 -1.43491 4.45857 24.1849 176.045 145.017 -33.7832 -179.59 -32.1814 0.203739 -1.30569 -28.7904 6.16 178.046  
-109.877 -47.7792 163.83 -10.2339 -0.192107 -1.71929 7.7639 0.109558 3.32253 -17.1672 6.69985 7.37591 36.2799 11.6731 -20.4089 0.0484894 -30.8269 -161.002 26.965 1.34574 15.6099 -1.34731 -15.0672 174.285 -172.774 -14.2459 -165.27 32.6969 2.58642 18.8001 1.17029 13.1418 174.32 -31.3788 -26.5629 176.915 -39.1676 -0.298155 -1.43543 0.68659 25.891 177.2 147.172 -32.5697 -178.903 -31.9427 0.279425 -1.30401 -30.7907 6.99527 178.816  
-113.6 -53.7211 159.348 -10.3242 -0.143094 -1.38214 7.91847 0.133275 3.26834 -16.6945 6.85341 7.3387 36.7361 11.907 -20.9959 -0.275985 -28.346 -160.236 27.3693 1.4223 15.8375 -1.35254 -15.1229 174.283 -173.027 -13.1271 -164.565 31.4646 2.29138 18.1216 1.21089 13.5802 174.311 -32.1522 -27.2649 177.948 -38.9003 -0.294899 -1.42521 0.374311 25.9846 176.97 149.125 -30.2399 -179.253 -30.9626 0.136092 -1.27725 -26.2907 9.52198 179.528  
-118.649 -59.1344 154.278 -10.0176 0.487978 -1.79222 7.69167 0.278883 3.01026 -16.2903 6.96758 7.55211 37.0065 12.1373 -21.6496 0.304895 -27.0954 -158.953 29.1537 1.78083 16.8377 -1.52087 -16.8879 174.233 -173.328 -11.6396 -164.132 29.8821 1.93511 17.2443 1.28367 14.3634 174.293 -32.5563 -26.9212 178.306 -37.0719 -0.327984 -1.38821 0.899439 24.3105 176.376 150.314 -28.9713 179.812 -30.9907 -0.111729 -1.21625 -18.8563 11.6562 179.179  
-126.917 -63.5057 145.46 -10.0108 0.676946 -0.875546 7.85847 0.355184 2.90829 -16.126 7.28338 7.3579 36.8014 12.5064 -23.1397 -0.759275 -24.6646 -159.701 30.9863 2.18118 17.8572 -1.6466 -18.182 174.191 -174.579 -9.9258 -162.735 27.797 1.50532 16.0778 1.50893 16.7395 174.229 -34.3688 -25.5843 179.118 -37.1171 -0.406293 -1.36699 2.82157 21.3764 175.595 149.395 -27.2272 178.51 -31.2582 -0.233843 -1.29684 -13.5189 12.0454 178.409  
-138.638 -67.749 133.885 -8.92152 1.16054 -0.659776 7.50148 0.44339 2.22803 -16.7393 7.01862 7.50152 36.5569 12.088 -23.3749 -0.983442 -24.1043 -159.872 32.8215 2.61716 18.8683 -1.76033 -19.3347 174.151 -175.573 -7.94388 -161.769 26.3706 1.23593 15.2744 1.63805 18.0759 174.189 -36.1479 -22.6494 178.685 -36.7167 -0.510672 -1.3588 5.5673 16.5715 174.97 149.258 -22.3853 179.624 -31.889 -0.330997 -1.32292 -11.4472 12.2593 178.474  
-157.766 -71.0457 114.559 -8.33303 0.316207 0.0511567 7.34531 0.222242 2.2416 -16.7842 6.75133 7.18791 36.2937 11.7511 -23.9184 -0.455289 -25.1354 -160.24 34.3371 3.0017 19.6965 -1.89023 -20.6291 174.103 -175.041 -7.90578 -159.185 25.9586 1.16251 15.0412 1.57773 17.4879 174.211 -37.8676 -18.8969 178.235 -35.6189 -0.614663 -1.34469 7.59181 11.8302 175.075 149.359 -18.1822 -179.644 -32.1485 -0.471321 -1.31939 -7.19808 12.2688 178.011  
177.337 -71.2913 88.8407 -8.36979 -0.547755 1.59509 7.57124 -0.031564 1.94454 -17.1946 7.4392 7.55359 36.2036 10.1221 -23.8026 -0.741169 -26.9708 -160.834 34.4394 3.02876 19.7518 -1.79345 -19.6682 174.14 -174.635 -7.11685 -156.898 25.8403 1.14171 14.9743 1.60107 17.7068 174.205 -39.4205 -14.2765 178.044 -34.0929 -0.749632 -1.30351 11.046 7.67346 175.351 149.216 -13.9424 -179.393 -32.149 -0.632321 -1.30093 -2.31213 12.2391 177.355  
156.801 -69.1038 67.5921 -7.91266 -0.668731 2.8889 7.64646 -0.0667475 1.79673 -17.2379 7.32435 7.9852 36.197 9.18973 -24.1411 -1.07376 -29.2573 -161.562 33.7194 2.84223 19.3597 -1.66909 -18.4137 174.184 -174.793 -5.09829 -154.819 25.3866 1.06299 14.7171 1.61998 17.9071 174.199 -39.4359 -7.60313 178.014 -32.8659 -0.850938 -1.27909 14.3379 5.00764 175.909 149.185 -10.5231 -179.169 -32.8245 -0.752067 -1.32995 2.53268 11.906 176.659  
142.182 -65.3943 52.7956 -7.5849 -1.02422 3.44589 7.73761 -0.141478 2.20319 -17.2373 7.34839 8.23872 36.9547 8.88155 -25.0275 -1.19998 -30.3679 -163.041 32.8562 2.62524 18.8877 -1.60217 -17.7268 174.207 -176.315 -2.00455 -152.595 24.1698 0.862637 14.0255 1.733 19.0708 174.164 -38.3067 -1.43248 177.579 -31.9909 -0.916367 -1.25771 16.6424 2.29135 176.748 149.323 -8.47512 -178.601 -33.9816 -0.84744 -1.36231 8.19721 10.887 175.878  
132.131 -60.802 42.3485 -7.61677 -1.04385 4.09241 7.82528 -0.136329 2.26627 -17.1997 7.35196 8.58643 37.7239 8.65507 -25.6376 -0.184069 -32.1176 -163.711 32.1031 2.44223 18.4738 -1.58665 -17.57 174.212 -178.731 2.01885 -151.28 22.6252 0.629384 13.1438 1.91331 20.8872 174.102 -36.8794 4.09858 177.601 -32.4977 -0.968205 -1.26811 18.7751 -0.625373 177.742 149.533 -6.53207 -178.235 -35.0207 -0.924199 -1.38749 13.5415 9.73783 175.287  
124.853 -56.025 34.318 -7.49287 -0.935998 5.00242 7.7948 -0.106646 2.15567 -17.1189 7.33135 8.8026 38.4765 8.41996 -25.9491 1.41511 -33.8795 -163.701 31.3153 2.25667 18.0392 -1.60733 -17.7681 174.206 179.658 4.39939 -150.178 21.6396 0.492971 12.5791 2.01495 21.8913 174.064 -35.4626 7.61528 178.267 -34.2613 -1.0288 -1.30806 20.6672 -2.9715 178.6 150.236 -4.20228 -178.196 -35.5256 -0.995078 -1.39813 18.1706 8.3445 174.975  
119.352 -51.2214 28.1866 -7.32361 -0.791722 5.71736 7.8344 -0.0641238 2.10438 -16.9786 7.2194 8.73851 38.8188 8.13387 -25.8549 2.87778 -34.9461 -163.798 30.4704 2.06482 17.5711 -1.57977 -17.5 174.214 178.647 5.31203 -149.214 21.5695 0.48374 12.5389 2.08139 22.5367 174.038 -34.0032 9.79641 179.074 -36.3661 -1.10004 -1.35248 22.1002 -5.6899 179.591 151.339 -1.55455 -177.904 -35.9519 -1.0552 -1.4069 22.0978 6.86318 174.929  
115.628 -46.5151 23.5647 -7.51885 -0.596618 6.2519 7.90568 0.00679026 2.22202 -16.8683 7.05723 8.79352 39.0166 7.86918 -25.6636 4.12573 -34.3926 -164.075 29.639 1.88296 17.1087 -1.52961 -16.9794 174.231 178.469 4.10643 -148.596 22.23 0.573439 12.9176 1.96853 21.4371 174.082 -33.2014 11.842 -179.441 -38.5429 -1.18167 -1.40421 24.3523 -7.95436 -179.397 152.502 0.386046 -178.231 -35.6205 -1.12348 -1.39901 25.9533 4.86706 175.272  
113.307 -41.636 19.9725 -8.14063 -0.55974 6.71618 7.94717 0.0508437 2.55507 -16.8905 6.96296 8.69233 39.255 7.73931 -25.4021 4.92649 -32.8863 -164.824 28.8694 1.72115 16.679 -1.44648 -16.1094 174.257 178.008 2.37693 -148.121 23.1843 0.71063 13.4634 1.78078 19.5547 174.148 -33.4356 15.06 -177.495 -40.4232 -1.26905 -1.44939 27.028 -10.0465 -178.27 153.431 2.39886 -178.841 -35.0019 -1.20249 -1.38178 29.5052 2.81583 175.967  
110.991 -37.209 16.3779 -8.30486 -0.324871 7.44724 8.03094 0.13005 2.57278 -16.8027 6.80208 8.84723 39.0014 7.60462 -25.309 5.91124 -32.0618 -165.078 28.03 1.55091 16.2088 -1.3977 -15.6083 174.271 177.22 0.394612 -148.069 24.3569 0.892237 14.1321 1.51814 16.8474 174.23 -33.5306 19.4496 -175.379 -41.9562 -1.36484 -1.48334 29.9022 -11.9482 -177.045 155.5 4.08403 -179.827 -33.8206 -1.28164 -1.35198 32.7768 0.992873 176.847  
108.892 -32.4475 13.151 -8.54672 -0.40886 7.92733 8.33057 0.123 2.56517 -16.8248 6.69126 8.90224 38.9306 7.61435 -24.9594 6.37467 -31.4052 -165.209 26.8558 1.32553 15.548 -1.4288 -15.8725 174.264 175.764 -1.03541 -148.235 25.5097 1.08422 14.7869 1.39969 15.5997 174.263 -33.7371 23.7939 -174.051 -42.7632 -1.46581 -1.50312 32.8843 -13.561 -175.708 157.8 5.28252 179.162 -32.4786 -1.3554 -1.32319 36.2935 0.231855 177.359  
107.261 -27.3809 10.354 -8.8818 -0.539114 8.22714 8.5081 0.107711 2.63955 -16.822 6.48169 8.94423 38.6218 7.42793 -24.6762 6.60173 -31.0157 -165.475 26.0469 1.17826 15.0911 -1.34032 -14.9761 174.289 174.423 -2.21456 -148.551 26.7362 1.30332 15.4806 1.27627 14.2836 174.295 -34.1087 27.2996 -173.73 -43.011 -1.5544 -1.50664 34.9281 -15.1241 -174.424 159.433 6.26912 178.17 -31.6585 -1.40719 -1.2967 39.9522 2.0048 176.124  
105.908 -22.2965 7.89728 -9.14009 -0.410142 8.39428 8.69537 0.158671 2.62766 -17.0534 6.1675 8.77681 38.2814 7.15014 -23.9989 6.70246 -31.1081 -165.673 25.8074 1.13599 14.9556 -1.28531 -14.4117 174.304 173.557 -3.7274 -148.904 27.9727 1.5401 16.1765 1.10263 12.4052 174.335 -33.7934 28.99 -174.659 -42.4786 -1.58775 -1.49197 35.2898 -16.1483 -173.703 161.533 7.99273 177.319 -30.6794 -1.47444 -1.26835 42.6941 1.66789 176.371  
104.537 -17.8184 5.82311 -9.09064 0.242029 8.29605 8.70644 0.341225 2.51045 -17.0437 5.87018 8.72094 37.8807 6.92089 -23.2557 6.79445 -31.2822 -165.888 26.0597 1.18016 15.0985 -1.28004 -14.3555 174.305 173.311 -5.5237 -149.235 28.953 1.73847 16.7258 0.936453 10.5862 174.368 -32.114 27.818 -176.756 -40.7584 -1.61584 -1.45309 36.6745 -16.3797 -172.722 163.582 9.94969 176.829 -29.7826 -1.47149 -1.24272 44.0652 4.03684 174.231  
103.52 -14.5764 4.42168 -9.16642 1.81937 7.63467 8.77378 0.79745 2.59199 -17.1742 5.57994 8.59533 37.5815 6.73837 -22.3511 7.18277 -31.7425 -166.277 27.185 1.38747 15.7337 -1.36345 -15.2437 174.282 172.506 -7.00092 -149.567 29.1342 1.77616 16.8271 0.970309 10.8826 174.36 -29.6252 23.7888 -179.367 -37.8993 -1.63722 -1.41323 40.1767 -16.0793 -170.961 165.594 11.0173 176.503 -29.1591 -1.51628 -1.224 45.3443 3.52741 174.595  
102.627 -12.33 3.51294 -9.10698 3.63377 6.46155 8.67044 1.30534 2.6321 -17.0238 5.49981 8.78809 37.1608 6.97808 -21.6889 8.23161 -31.5863 -166.541 28.5318 1.65236 16.4899 -1.45927 -16.2384 174.254 172.26 -9.50424 -150.177 29.3281 1.81667 16.9353 0.977399 10.9989 174.356 -27.3945 19.7303 178.725 -35.8094 -1.63235 -1.34174 41.6868 -15.7851 -170.036 166.988 11.1269 176.89 -30.1388 -1.52822 -1.24768 44.5291 3.57945 174.621  
101.62 -9.35099 3.07821 -8.5856 4.77279 4.62097 8.40717 1.60776 2.76798 -16.7879 5.66272 8.84321 36.5581 7.66324 -21.1099 9.09529 -31.4773 -166.688 29.4971 1.85213 17.0299 -1.53278 -16.963 174.233 172.462 -12.2573 -151.113 30.041 1.96954 17.3327 1.00114 11.2787 174.349 -25.4168 18.16 177.457 -34.454 -1.52704 -1.31235 39.3299 -15.1146 -171.138 167.776 11.9882 178.655 -33.2389 -1.47874 -1.33347 40.4609 4.60284 174.171  
100.717 -4.877 1.44347 -8.48019 4.81162 4.6203 8.57827 1.60236 2.45316 -16.5486 5.82424 8.93243 36.2084 8.14499 -20.9582 8.83865 -31.8804 -166.887 28.9839 1.74499 16.7429 -1.46916 -16.3673 174.251 173.471 -14.8062 -152.004 32.0527 2.42966 18.4463 0.969681 10.9312 174.354 -24.3267 17.4804 177.657 -34.1033 -1.40347 -1.30697 35.1733 -14.2479 -173.093 169.39 14.4519 179.182 -35.5483 -1.50709 -1.40817 36.4037 2.7457 175.634  
100.596 1.12708 -0.00564429 -8.96345 3.84299 4.34116 8.54618 1.34562 2.71285 -16.8734 6.08227 8.93183 37.2299 8.6067 -20.9211 8.05705 -32.3607 -167.63 28.4572 1.63672 16.4483 -1.40713 -15.7721 174.268 175.765 -17.4073 -152.147 34.9424 3.16255 20.0247 0.796951 9.02295 174.386 -23.9706 15.7093 177.171 -33.4018 -1.28432 -1.29345 31.1273 -12.9454 -174.881 168.973 16.765 -179.761 -40.1096 -1.55773 -1.53386 33.0228 0.771497 176.878  
100.496 7.8798 -1.04686 -9.08168 3.16536 3.51548 8.26117 1.15236 2.96477 -16.5014 6.26654 8.83832 36.8433 9.06813 -20.7592 7.58725 -33.7358 -167.681 28.5227 1.65038 16.4848 -1.39204 -15.6206 174.272 178.434 -18.4533 -152.534 38.1273 4.06705 21.7322 0.667746 7.58077 174.406 -23.6068 11.9659 175.757 -32.6763 -1.20611 -1.27721 28.3619 -11.6734 -176.015 167.566 16.7461 -178.319 -46.4453 -1.58918 -1.73731 29.267 -2.20596 178.42  
100.452 14.7229 -1.96535 -8.66376 2.74241 2.65048 8.04633 1.02348 3.15777 -16.2353 6.40757 8.88555 35.9453 9.43154 -21.1051 7.16093 -35.6044 -167.179 29.6458 1.8841 17.1127 -1.43373 -16.0166 174.261 -179.529 -18.6933 -153.357 40.763 4.89183 23.1166 0.578065 6.57377 174.418 -23.562 8.27776 174.542 -32.5693 -1.14756 -1.27485 25.5682 -10.5861 -177.079 164.789 14.2948 -176.664 -52.987 -1.40588 -1.9406 19.7238 2.5375 176.656  
100.778 21.3054 -3.67798 -8.69561 2.54553 2.8312 8.13422 0.965915 3.03584 -15.8269 6.53341 8.96443 35.1798 9.68535 -21.5484 6.41445 -36.6597 -166.771 31.049 2.1956 17.8918 -1.46951 -16.3644 174.251 -178.173 -18.5156 -154.635 41.7356 5.21268 23.6212 0.48554 5.5306 174.429 -24.7635 6.2831 174.841 -34.6547 -1.10987 -1.31944 23.1767 -7.89135 -178.732 162.344 9.80632 -176.945 -56.8736 -1.23986 -2.06981 5.20309 3.88208 177.283  
101.324 27.9931 -5.42434 -8.91799 2.33425 2.9678 8.44144 0.926901 3.15957 -15.6053 6.62787 8.99256 35.4967 9.71317 -21.9151 5.08353 -36.4558 -167.236 32.7055 2.58816 18.8049 -1.50137 -16.694 174.241 -177.715 -17.8716 -155.941 40.6517 4.85544 23.059 0.491435 5.59875 174.43 -26.0153 3.87048 175.154 -36.8928 -1.07544 -1.36704 21.6558 -4.16763 179.561 160.322 4.44315 -177.88 -58.9447 -1.16789 -2.1386 -2.3554 1.32145 177.637  
102.213 34.6157 -7.12744 -9.25652 2.34565 2.83861 8.62719 0.935187 3.17981 -15.5808 6.58024 9.18107 36.2431 9.49874 -22.1021 4.57651 -36.8122 -167.275 34.7601 3.11356 19.9259 -1.66219 -18.3509 174.189 -177.546 -17.5991 -157.096 37.7901 3.96857 21.5518 0.587931 6.69008 174.421 -26.4669 0.43408 174.869 -37.2 -1.01012 -1.37393 19.9615 -1.1603 178.231 157.745 -1.71323 -178.742 -60.4814 -1.14993 -2.17182 -1.94133 1.18911 177.583  
103.655 41.1817 -9.2949 -9.59566 2.52785 2.92803 8.6024 0.985074 3.05082 -15.7304 6.47045 9.07762 36.6419 9.2665 -22.0498 4.26649 -37.6371 -167.023 36.2546 3.52264 20.7326 -1.79303 -19.6739 174.142 -177.408 -16.989 -158.216 34.1869 2.96127 19.6155 0.894068 10.1124 174.376 -26.5856 -2.6876 174.748 -36.4762 -0.9211 -1.36005 17.6667 1.3934 177.196 154.432 -8.57373 -179.995 -61.0826 -1.10634 -2.16599 0.00299021 5.43292 177.549  
104.83 47.4078 -11.4347 -9.72714 2.76495 2.90388 8.8003 1.06741 3.16056 -15.7767 6.49224 9.1042 36.6482 9.30306 -22.2856 3.98118 -38.1398 -166.811 36.9131 3.70986 21.0857 -1.84376 -20.1622 174.124 -177.256 -16.1805 -159.33 30.5124 2.07643 17.5932 1.33911 14.9557 174.279 -25.9196 -5.01638 175.087 -36.0141 -0.839248 -1.35292 15.7658 4.50649 176.244 152.159 -15.3743 178.39 -59.4072 -0.99035 -2.09229 -1.98077 8.93025 177.599  
106.918 53.3585 -14.1666 -9.81427 3.35177 2.70549 8.85506 1.23728 3.20744 -15.9347 6.44083 8.88162 36.3562 9.33287 -22.0748 3.09275 -38.0225 -166.727 36.3066 3.53742 20.7605 -1.76294 -19.3892 174.153 -177.388 -14.5372 -160.698 27.4435 1.43674 15.8791 1.76264 19.3705 174.154 -25.9448 -7.34145 175.383 -36.0214 -0.777078 -1.35131 14.0496 8.03616 175.412 150.051 -22.121 177.332 -55.984 -0.780487 -1.98286 -6.39952 7.10845 177.521  
110.117 58.879 -18.1322 -10.1714 3.7595 2.81952 8.99349 1.36449 3.22132 -16.1594 6.47755 8.52056 36.1287 9.55758 -21.6821 2.38304 -37.957 -166.531 34.9869 3.17485 20.0485 -1.74449 -19.2003 174.159 -176.881 -13.5557 -162.019 26.2644 1.21672 15.2143 1.77356 19.4826 174.151 -26.5907 -10.1974 175.719 -37.0214 -0.691296 -1.37815 13.1727 11.1488 174.828 148.772 -27.2893 177.017 -51.1613 -0.608088 -1.82885 -8.5292 1.00123 176.489  
114.818 63.8563 -23.5808 -10.4716 3.87829 2.99727 8.96307 1.3994 3.15028 -16.3667 6.56451 8.46173 35.8219 9.85359 -21.6717 1.81688 -37.1872 -166.476 33.0834 2.68123 19.0122 -1.74007 -19.1799 174.16 -176.649 -11.7065 -163.653 26.7311 1.30234 15.4777 1.69862 18.711 174.173 -27.239 -13.3772 175.972 -37.7293 -0.606505 -1.39769 12.5439 13.3917 174.544 148.063 -29.9821 177.78 -45.668 -0.535446 -1.66057 -7.99898 -4.0248 175.534  
120.798 68.1648 -30.3191 -10.5017 3.93382 3.02634 8.96087 1.41125 3.08776 -16.7305 6.56525 8.53352 35.5133 10.0364 -21.6194 1.54751 -35.7352 -166.042 30.685 2.11398 17.6895 -1.64917 -18.2181 174.194 -176.278 -11.5505 -164.844 27.8186 1.50943 16.09 1.52425 16.9102 174.228 -27.3898 -16.0105 176.528 -37.8827 -0.529531 -1.40732 11.3316 15.731 174.534 148.114 -30.2869 179.185 -39.9106 -0.529829 -1.5016 -5.89319 -7.90612 175.196  
128.864 71.5233 -38.826 -10.5292 4.11517 2.77616 8.77104 1.46011 3.16751 -16.994 6.57251 8.35411 35.3915 10.1208 -21.5096 1.93928 -33.94 -165.676 28.6499 1.67589 16.5561 -1.62838 -18.0072 174.201 -175.431 -12.6108 -165.194 29.3113 1.81331 16.9259 1.338 14.9531 174.282 -27.6225 -18.6174 176.889 -37.7215 -0.485428 -1.40741 10.2131 17.6022 174.63 148.363 -28.349 -178.912 -34.7213 -0.730657 -1.37746 5.79372 -12.7134 177.339  
138.594 74.316 -48.9043 -10.1327 4.12288 2.29212 8.5899 1.44578 3.18838 -17.1862 6.55464 8.27079 34.8359 10.1956 -21.5125 2.48734 -32.1345 -164.793 26.5996 1.27771 15.4037 -1.5031 -16.714 174.241 -174.874 -14.1494 -165.232 30.677 2.11059 17.686 1.24501 13.9552 174.307 -27.6591 -20.8281 177.437 -37.7401 -0.433509 -1.41197 9.3308 19.3165 174.728 148.359 -28.3486 -177.672 -29.9286 -0.964886 -1.25694 18.0973 -4.95263 177.41  
151.507 76.7191 -62.3619 -9.63121 3.72709 2.17213 8.62729 1.33474 3.26196 -17.1999 6.67118 7.60445 34.2352 10.449 -21.1739 3.65661 -31.0251 -163.551 25.3243 1.05231 14.6818 -1.42082 -15.8538 174.267 -175.113 -15.4045 -164.713 31.1041 2.20799 17.9224 1.25082 13.9969 174.305 -27.5708 -23.1931 178.343 -38.0201 -0.377314 -1.41802 8.25732 21.1721 174.81 148.547 -28.7837 -177.494 -27.4243 -1.0528 -1.19118 19.6931 8.02737 172.137  
169.341 77.892 -80.4862 -9.67377 3.44159 1.69119 8.53747 1.23466 3.19109 -17.0015 6.56278 7.64014 34.0866 10.2541 -21.1485 4.9261 -29.4304 -162.311 24.7313 0.952964 14.3452 -1.36622 -15.2792 174.283 -175.627 -15.6786 -164.57 31.0278 2.19064 17.8801 1.26024 14.1024 174.301 -27.8325 -25.2139 179.15 -37.9595 -0.372971 -1.38216 7.08037 22.8242 174.845 149.03 -27.2774 -177.53 -27.3451 -1.04919 -1.19136 19.1322 15.8267 169.2  
-171.235 77.8276 -100.408 -9.37913 2.34464 1.61537 8.43882 0.90917 3.09257 -16.8051 6.66648 8.12549 33.8692 10.405 -21.9357 5.97391 -27.1607 -161.88 25.1855 1.02879 14.603 -1.34416 -15.0218 174.29 -176.204 -16.5643 -163.932 30.7805 2.13443 17.7431 1.26383 14.1684 174.299 -28.1875 -27.1559 -179.901 -37.9578 -0.315757 -1.41936 5.91555 23.3757 175.007 150.556 -25.7168 -178.175 -26.959 -0.951779 -1.17646 16.9664 15.3352 170.21  
-154.977 76.076 -117.346 -9.21028 2.19036 2.32258 8.4154 0.873474 2.99102 -16.742 6.62805 7.22734 32.9277 10.2403 -21.8662 5.83495 -25.61 -162.595 26.0899 1.1863 15.1153 -1.32631 -14.856 174.294 -176.927 -16.1663 -162.636 30.1548 1.99545 17.3956 1.25257 14.0939 174.301 -28.6168 -27.0863 -178.557 -37.9249 -0.336642 -1.40419 6.56128 22.0845 174.736 150.455 -25.5034 -179.937 -27.6974 -0.854384 -1.20677 13.7218 13.6568 171.747  
-143.852 73.3455 -128.554 -8.82626 2.01208 2.23067 8.14006 0.806714 2.90959 -16.6533 6.67285 7.05749 32.0849 10.3386 -22.1717 5.53013 -24.258 -163.62 27.3887 1.42516 15.8489 -1.45487 -16.2102 174.256 -178.219 -15.2374 -161.379 28.7459 1.69614 16.6097 1.33298 14.8971 174.28 -29.7653 -24.9215 -178.121 -38.3178 -0.398428 -1.41417 8.40967 18.2558 174.41 149.747 -23.4759 179.611 -28.8589 -0.797484 -1.2489 11.6715 13.786 172.494  
-134.456 69.6413 -137.935 -8.37451 1.55888 2.16893 7.95361 0.658829 2.7535 -16.7228 6.48212 6.99133 31.2471 10.1082 -22.0845 5.34691 -23.9535 -164.934 29.2579 1.80283 16.8959 -1.55548 -17.2603 174.224 -179.035 -14.1282 -159.901 27.7881 1.50344 16.0729 1.37129 15.2671 174.27 -30.8989 -21.2853 -178.057 -38.3189 -0.498629 -1.40762 10.5667 13.131 174.504 149.619 -20.9506 179.807 -29.6005 -0.768694 -1.24784 10.0521 13.1817 173.352  
-126.536 64.3529 -146.308 -8.14655 0.201607 2.61468 7.87658 0.275837 2.71372 -16.9905 6.34818 7.09793 31.1382 9.84288 -22.4407 5.48622 -25.3791 -166.149 31.3614 2.26739 18.0646 -1.58467 -17.5065 174.217 -179.192 -13.0265 -158.296 27.4023 1.42881 15.856 1.37378 15.2779 174.27 -32.4874 -17.3746 -178.195 -37.9384 -0.606585 -1.39629 12.4723 8.0646 175.086 149.671 -18.1777 179.928 -30.2654 -0.754547 -1.26698 8.91429 11.0957 174.349  
-121.221 58.2162 -152.516 -7.99596 -0.787156 3.61149 8.0463 0.0036147 2.50568 -17.6121 6.10586 7.13681 30.9241 9.42756 -22.6931 4.55121 -28.5516 -166.644 32.7195 2.59199 18.8124 -1.48524 -16.4917 174.248 -179.124 -11.6095 -156.734 27.1879 1.38803 15.7353 1.32421 14.8037 174.284 -34.6339 -14.0515 -178.527 -37.551 -0.711709 -1.38218 14.2818 3.87081 175.879 149.824 -14.2698 -179.799 -30.5143 -0.77125 -1.27403 8.42105 9.50672 175.055  
-117.234 52.2927 -157.213 -7.64053 -1.16442 4.41612 8.09328 -0.0939613 2.41794 -17.6891 5.97653 7.47112 31.1774 9.11407 -23.2716 3.98571 -31.6166 -167.27 34.5616 3.06124 19.8182 -1.40377 -15.6755 174.271 -178.784 -9.44249 -155.386 26.6918 1.29491 15.4556 1.38673 15.4657 174.268 -35.8233 -11.6579 -179.452 -36.5452 -0.819329 -1.36024 17.0379 0.507879 176.748 150.454 -11.5665 -179.683 -30.5159 -0.793871 -1.2744 8.25098 6.96977 175.73  
-114.341 46.665 -160.371 -7.26619 -1.00643 4.58151 8.25651 -0.0405557 2.47176 -17.9358 5.85875 7.54178 31.7919 8.807 -23.4597 3.76461 -34.4099 -167.723 36.6366 3.63108 20.9375 -1.44877 -16.1447 174.258 -178.414 -7.76601 -154.217 25.8099 1.13588 14.9572 1.43691 15.9989 174.254 -36.2184 -8.23454 179.468 -35.1535 -0.894311 -1.32464 18.5244 -0.967411 177.389 150.83 -10.0036 -179.476 -31.3057 -0.83739 -1.29146 9.36455 3.88979 176.318  
-111.823 41.1324 -163.134 -6.97829 -0.877657 4.84063 8.38348 0.0161426 2.64307 -17.6553 5.88974 7.05483 32.3687 8.68519 -23.2688 3.9741 -36.3214 -168.318 38.7493 4.25528 22.0615 -1.53117 -17.0029 174.232 -178.695 -5.49836 -153.388 24.0132 0.837503 13.9364 1.58044 17.4973 174.211 -36.1531 -4.65201 178.768 -34.5343 -0.924848 -1.31573 18.7154 -1.30399 177.683 151.671 -8.58553 -179.322 -31.7272 -0.886809 -1.2961 11.2158 1.31637 176.829  
-109.83 35.4832 -165.403 -6.86093 -0.380779 4.92188 8.51053 0.135504 2.28925 -17.8343 5.506 7.39829 33.1666 7.94802 -23.1973 5.20198 -38.8393 -167.332 40.0866 4.67323 22.7644 -1.57459 -17.4438 174.218 -179.437 -2.86112 -153.762 22.3782 0.594209 13.0024 1.77128 19.4582 174.151 -35.8127 -1.54122 178.287 -34.6493 -0.957463 -1.31662 18.7336 -1.47465 177.878 152.403 -7.05582 -179.056 -32.1897 -0.931981 -1.31783 13.8122 -0.782947 177.347  
-108.116 30.2391 -167.555 -6.67987 -0.0296537 5.23653 8.46167 0.235427 2.21262 -17.7133 5.3182 7.52999 33.8615 7.49497 -23.2967 6.35918 -40.1077 -166.703 40.7028 4.87168 23.0859 -1.63121 -17.9889 174.2 179.427 -0.346181 -154.215 21.0652 0.417961 12.2493 2.09655 22.6924 174.034 -34.9591 1.2049 178.393 -35.7723 -1.00918 -1.34073 19.9739 -3.1885 178.553 153.238 -5.35791 -179.051 -32.6452 -0.998569 -1.32847 16.7871 -1.99518 177.791  
-106.766 25.4156 -169.36 -6.64784 0.4896 5.33262 8.32206 0.391559 2.29922 -17.5951 5.25153 7.87538 34.6577 7.28219 -23.6146 6.83773 -39.9075 -166.596 40.1218 4.68453 22.7829 -1.64288 -18.1081 174.196 179.181 0.137628 -154.609 20.7529 0.378809 12.0697 2.20037 23.6942 173.993 -34.0262 3.96968 178.997 -37.3317 -1.06658 -1.37578 21.4216 -5.38471 179.396 153.868 -3.77124 -179.135 -33.2674 -1.0613 -1.34399 19.9702 -2.32607 178.064  
-105.619 21.0043 -171.131 -6.8019 0.972416 5.60033 8.57058 0.550665 2.38206 -17.3635 5.31422 7.67556 35.0619 7.39233 -23.3398 6.7758 -38.8108 -166.711 38.5986 4.20933 21.982 -1.62121 -17.9099 174.202 179.232 -1.31219 -154.926 21.2951 0.447718 12.3813 2.0223 21.9666 174.062 -33.0339 7.24583 -179.734 -39.0004 -1.12306 -1.41256 22.5852 -7.91906 -179.672 154.755 -2.173 -179.464 -33.3201 -1.11487 -1.34428 22.8836 -2.0748 178.135  
-104.54 17.1288 -172.849 -6.96499 1.4642 5.82399 9.00399 0.721225 2.52669 -17.2589 5.4664 7.61202 35.4128 7.73387 -23.119 6.36022 -36.8595 -166.985 36.4126 3.56804 20.8171 -1.57287 -17.453 174.216 178.584 -3.33313 -155.3 22.0236 0.545276 12.7991 1.88143 20.5708 174.114 -32.0474 11.7967 -177.776 -40.8407 -1.21672 -1.45443 25.5537 -10.1524 -178.522 156.26 -1.04391 179.893 -32.5413 -1.16109 -1.32535 25.7361 -1.49906 178.041  
-103.649 13.065 -174.596 -7.18254 1.33827 6.06428 9.06847 0.711761 2.6889 -17.0702 5.76244 7.89599 35.9609 8.32813 -23.271 6.43985 -34.5575 -167.074 34.0418 2.92485 19.5358 -1.57208 -17.4339 174.217 177.873 -5.70032 -155.869 23.3825 0.74024 13.5768 1.73545 19.0975 174.164 -31.6854 16.9513 -175.767 -42.6353 -1.36323 -1.49697 29.9071 -12.7853 -176.695 157.635 -0.325578 178.898 -31.8038 -1.21955 -1.30589 29.1826 -0.522584 177.736  
-102.949 9.39987 -176.227 -7.50542 1.3664 6.29209 9.09283 0.740296 2.77962 -16.8335 6.3214 8.19909 36.3386 9.43903 -23.6058 6.73624 -32.1651 -166.93 31.913 2.39674 18.3691 -1.56563 -17.3521 174.219 176.622 -7.8609 -156.566 24.6542 0.939631 14.3015 1.62302 17.9384 174.198 -31.7617 22.7011 -173.797 -44.001 -1.53336 -1.52889 34.4711 -15.0473 -174.654 159.063 -0.381306 177.611 -30.8045 -1.2764 -1.27915 32.7218 0.871719 177.067  
-102.303 5.31032 -177.634 -8.01308 1.42669 6.28491 9.25595 0.770856 2.77861 -16.0697 6.8397 8.99889 35.9287 10.5026 -24.41 6.93915 -30.6056 -166.407 29.7381 1.9044 17.1639 -1.50512 -16.7246 174.238 176.476 -10.5791 -157.018 26.651 1.28765 15.4325 1.39791 15.5807 174.263 -31.7363 26.7935 -172.956 -44.5828 -1.64966 -1.54236 37.786 -15.296 -173.601 160.093 -1.82097 176.236 -30.2438 -1.34167 -1.2642 37.5224 3.3634 175.325  
-101.834 0.817915 -179.207 -8.51399 1.31249 6.58006 9.22547 0.756859 2.78322 -15.1025 7.70537 9.60629 35.4473 12.1831 -25.3226 7.27291 -29.8476 -165.949 28.2481 1.5942 16.3312 -1.43088 -15.9481 174.26 176.581 -12.7276 -157.158 28.8418 1.71544 16.6635 1.1639 13.071 174.321 -31.7879 28.2047 -173.085 -44.4735 -1.65937 -1.53865 38.1795 -15.0384 -173.556 160.825 -4.22008 174.374 -29.7676 -1.43761 -1.24607 43.451 5.71674 172.838  
-101.573 -3.16681 179.383 -9.13773 1.86841 6.9172 9.23643 0.915051 2.52578 -13.8399 8.59653 10.7233 34.8651 13.7899 -27.0091 7.56959 -29.1235 -165.692 27.6984 1.48584 16.0226 -1.3777 -15.3873 174.276 176.635 -13.741 -157.499 30.6156 2.09744 17.6517 1.06514 11.997 174.344 -31.0729 27.0835 -174.614 -42.9504 -1.69732 -1.5013 39.6999 -15.3325 -172.528 162.031 -3.41233 173.542 -29.0049 -1.47063 -1.22921 45.6133 6.9218 171.401  
-101.432 -5.85712 178.539 -9.54448 3.31178 6.879 9.76653 1.34961 2.57972 -13.7232 9.57771 11.1745 35.0865 15.5815 -28.3251 6.79366 -27.9498 -166.537 27.8366 1.51277 16.1002 -1.3716 -15.3214 174.277 176.005 -14.985 -157.156 31.1239 2.20867 17.933 0.963232 10.8803 174.365 -29.3164 23.9865 -177.132 -40.1628 -1.78093 -1.43971 43.5365 -15.9292 -170.144 163.85 -0.397968 173.874 -27.9788 -1.46515 -1.20103 45.1508 5.95811 172.478  
-101.021 -7.47819 178.034 -9.41471 5.62741 6.22737 9.32968 1.97641 2.56934 -12.9662 10.3938 11.9156 35.2143 17.0867 -29.2865 7.67252 -27.386 -166.823 28.7655 1.6996 16.6209 -1.44912 -16.1346 174.253 176.016 -15.7083 -157.404 31.0035 2.18503 17.8666 0.99906 11.2701 174.356 -27.746 19.7387 -178.915 -38.6958 -1.81603 -1.40791 46.5275 -15.3396 -168.789 165.237 1.35845 173.968 -27.2523 -1.45064 -1.18298 44.78 6.83943 171.697  
-100.6 -8.48291 178.143 -9.24379 8.02276 4.73919 9.43256 2.63437 2.81249 -12.5897 11.0443 12.4065 35.0463 18.3177 -30.1586 8.58824 -27.3225 -166.899 29.8582 1.9303 17.2308 -1.53617 -17.0394 174.226 175.351 -16.6716 -157.782 30.3575 2.03961 17.5085 1.07896 12.1381 174.336 -25.9776 17.2304 179.703 -37.1956 -1.76819 -1.3733 46.8722 -14.6813 -168.802 166.491 3.04134 174.71 -27.2982 -1.44047 -1.18395 44.4247 6.40102 172.186  
-100.472 -9.80864 178.051 -9.0714 9.58653 3.50158 9.03047 2.98107 2.21239 -12.1901 11.6913 12.4583 34.238 19.8089 -29.957 10.3823 -27.1885 -166.047 30.5223 2.07614 17.6 -1.58747 -17.5634 174.208 174.923 -17.5755 -159.273 30.0417 1.96999 17.3331 1.20897 13.5381 174.303 -24.7555 17.4517 179.163 -36.1495 -1.6913 -1.36074 44.34 -15.5942 -169.134 167.534 5.64751 175.47 -27.6628 -1.44812 -1.1903 43.5954 5.3047 173.296  
-100.31 -12.035 177.686 -8.93448 9.95866 2.5138 9.04976 3.02076 1.7622 -11.816 12.1769 12.525 33.1234 20.9157 -30.1667 11.1408 -26.5746 -165.693 30.1919 2.00296 17.4164 -1.56374 -17.3189 174.216 174.948 -19.1048 -160.508 30.593 2.09226 17.6392 1.25604 14.0387 174.29 -23.9685 15.9708 178.625 -35.7475 -1.62863 -1.34533 43.6408 -14.1522 -170.323 168.495 8.13279 176.201 -28.5912 -1.45745 -1.21046 42.3436 4.93756 173.734  
-100.01 -15.5115 177.441 -8.5976 9.39067 1.23309 9.03456 2.8221 1.72476 -12.1552 12.4389 12.1992 33.2527 21.5711 -29.7949 11.2539 -26.2677 -165.655 29.1651 1.78255 16.8443 -1.50524 -16.7118 174.234 175.746 -20.4717 -161.187 31.738 2.35547 18.2726 1.23941 13.8601 174.294 -22.6595 15.5045 177.905 -34.6308 -1.51008 -1.31703 40.9104 -12.6912 -172.221 168.865 10.3161 177.681 -31.7394 -1.47062 -1.29116 40.0143 4.60371 174.224  
-99.7037 -20.5274 176.638 -8.42142 8.06272 0.363795 9.20073 2.43925 1.90011 -12.0615 12.4418 11.9893 32.7861 21.7042 -29.5267 10.1405 -26.3107 -165.708 27.0884 1.36966 15.679 -1.38188 -15.4172 174.27 177.271 -21.012 -161.516 33.4079 2.76315 19.1895 1.10475 12.4111 174.328 -21.7017 15.1982 177.814 -34.2881 -1.38497 -1.30948 36.7526 -11.1545 -174.457 169.863 13.3434 178.956 -35.1313 -1.54384 -1.38783 36.7178 0.534947 177.219  
-100.092 -26.6385 174.955 -8.82615 6.38823 0.0535712 9.33804 1.98405 2.24708 -12.0597 12.2396 11.4207 32.5085 21.4738 -28.7329 8.09795 -26.157 -166.183 25.2539 1.03995 14.6421 -1.192 -13.3895 174.32 179.413 -20.3468 -161.919 34.7746 3.1176 19.9337 1.0375 11.682 174.344 -22.3486 13.2621 178.211 -35.3052 -1.2936 -1.33359 33.7967 -8.50292 -176.686 169.359 15.8645 179.737 -40.0864 -1.6057 -1.53001 32.7237 -2.4997 178.886  
-100.869 -33.1189 173.288 -8.8779 5.32226 -0.572908 9.00973 1.66746 2.36132 -12.3406 11.6829 10.6443 31.9562 20.7521 -27.0151 7.05043 -27.7855 -165.773 25.3946 1.06378 14.7219 -1.19914 -13.4624 174.317 -178.39 -17.9982 -162.954 35.3551 3.27364 20.2482 1.00005 11.2764 174.353 -22.9801 10.8379 177.873 -35.7397 -1.22267 -1.34325 30.5499 -7.34974 -177.862 166.762 16.5014 -178.755 -47.0561 -1.54056 -1.75126 26.4261 -1.97006 178.113  
-101.816 -38.9491 171.58 -8.7678 5.21071 -1.28172 8.8915 1.62351 2.44609 -13.17 10.8059 9.80613 31.4144 19.4765 -24.9344 6.2026 -30.2308 -165.209 27.1345 1.37782 15.7051 -1.31714 -14.7207 174.285 -176.92 -15.1065 -164.115 34.4724 3.03762 19.7697 1.0189 11.488 174.352 -23.5283 10.0035 178.129 -36.2683 -1.14516 -1.35449 27.2884 -5.24743 -179.394 163.658 14.5479 -177.367 -52.7179 -1.35796 -1.93872 15.7474 0.473941 177.139  
-103.35 -44.698 168.574 -8.66729 4.84556 -0.937962 8.64374 1.52674 2.4905 -13.6729 9.96577 8.84235 30.6753 18.1661 -23.0122 4.82404 -31.5212 -165.415 29.1445 1.77873 16.8325 -1.36382 -15.2151 174.271 -176.456 -11.881 -165.054 31.5596 2.316 18.173 1.17948 13.2403 174.318 -25.1627 8.07896 179.301 -38.1809 -1.085 -1.39994 25.1961 -3.14561 179.374 161.022 11.248 -177.739 -55.2413 -1.21723 -2.02451 5.83136 3.22095 177.08  
-105.424 -50.5022 165.14 -8.80673 4.33333 -0.593124 9.0044 1.41798 2.76107 -13.971 9.21171 7.85509 29.778 16.9202 -21.3931 3.07778 -32.9156 -166.201 31.3128 2.25645 18.0375 -1.5024 -16.6675 174.23 -176.442 -8.3578 -165.672 28.2252 1.58789 16.3193 1.44557 16.085 174.25 -26.336 4.18083 179.72 -39.4162 -1.03385 -1.42167 24.017 -1.49236 178.505 159.395 7.45191 -178.465 -55.4832 -1.18647 -2.02825 3.5687 4.41339 177.173  
-107.648 -56.0599 162.465 -8.20154 4.67277 -1.43488 8.81399 1.49265 2.75159 -14.3131 8.04501 7.77796 29.2278 14.934 -19.9162 2.32636 -35.8129 -165.661 32.9075 2.63816 18.9155 -1.68508 -18.5456 174.17 -176.148 -4.65057 -166.754 25.3201 1.05326 14.6788 1.797 19.7192 174.142 -26.0684 0.54396 178.991 -38.4796 -0.962898 -1.40416 22.1666 -0.922322 178.025 157.973 2.19389 -178.426 -55.1083 -1.21642 -1.99468 8.16181 5.59949 176.628  
-110.959 -61.062 158.474 -8.0127 3.87777 -1.42704 8.52827 1.31604 3.46995 -14.0538 7.5059 6.44335 28.9947 13.8329 -19.0008 0.597768 -36.5684 -167.356 33.544 2.79756 19.264 -1.69558 -18.655 174.167 -175.454 -3.00298 -166.041 23.0803 0.695262 13.4041 2.1212 22.9318 174.024 -26.2631 -2.77533 178.963 -38.0926 -0.890318 -1.39579 20.6309 0.712374 177.223 156.965 -3.09547 -178.713 -52.7223 -1.23651 -1.90108 13.2981 7.39174 175.569  
-115.525 -65.4619 153.071 -7.98133 3.60774 -1.02394 8.76762 1.25406 3.4393 -14.8235 6.73653 5.93105 29.0983 12.4564 -17.8857 -1.05681 -37.6618 -168.203 33.254 2.72457 19.1054 -1.64027 -18.0964 174.187 -175.372 -2.06645 -166.167 22.279 0.579776 12.9457 2.19776 23.6693 173.994 -26.9076 -6.64398 179.028 -38.4769 -0.823044 -1.40675 19.841 1.92106 176.595 156.313 -7.85973 -178.931 -48.4812 -1.16619 -1.76023 12.6537 8.74253 175.091  
-121.556 -69.268 146.593 -7.82525 3.62624 -0.874914 8.81093 1.25404 3.29736 -15.4554 5.93097 5.34686 28.8538 11.0278 -16.5055 -2.03038 -39.3468 -168.424 32.2416 2.47535 18.55 -1.61212 -17.8097 174.198 -175.328 -1.32465 -166.58 22.7869 0.65239 13.2363 2.16278 23.3333 174.008 -27.6802 -9.64323 178.876 -39.0801 -0.740318 -1.42053 18.9797 3.31619 175.988 155.703 -12.438 -178.603 -43.9573 -1.00999 -1.61729 8.53575 9.53052 175.325  
-128.96 -72.1029 138.996 -7.89529 3.32406 -1.02633 8.61234 1.16909 3.43443 -15.6533 5.40713 4.93882 28.8116 10.0855 -15.6357 -2.25634 -39.948 -168.697 30.8301 2.14543 17.7707 -1.55425 -17.2176 174.217 -174.856 -2.86458 -166.199 24.0595 0.844585 13.9628 1.97279 21.4787 174.08 -28.0479 -11.8487 178.789 -38.8632 -0.665309 -1.41825 18.0962 4.40711 175.563 155.146 -17.2432 -178.183 -39.5769 -0.848587 -1.49211 4.91923 9.98742 175.582  
-136.783 -74.0828 131.07 -8.06135 3.23081 -1.03845 8.58322 1.14621 3.50363 -15.8835 4.96543 4.51342 28.7431 9.27564 -14.8691 -2.35278 -40.1083 -168.984 29.0512 1.7587 16.7806 -1.49908 -16.6478 174.235 -174.771 -5.04972 -165.349 25.7466 1.12537 14.9212 1.71897 18.9255 174.168 -28.0254 -13.5552 178.787 -38.2141 -0.587702 -1.41579 17.1752 5.31833 175.294 154.785 -20.5228 -177.5 -35.8504 -0.738761 -1.39855 3.6296 10.2761 175.528  
-143.656 -75.7524 123.889 -7.7325 3.28873 -0.369264 8.56768 1.15022 3.11555 -16.1264 4.56577 3.89513 28.7245 8.53904 -13.8986 -1.89739 -40.0129 -168.866 27.3845 1.42533 15.8459 -1.38747 -15.4789 174.269 -175.08 -6.64155 -164.504 28.0012 1.54565 16.1924 1.54181 17.0949 174.223 -27.4497 -14.8479 179.024 -37.7421 -0.53753 -1.40744 16.5515 6.02942 175.153 155.038 -19.9399 -176.533 -32.7538 -0.694273 -1.3284 3.58249 9.97563 175.459  
-151.538 -76.9446 115.775 -7.61956 3.1926 -0.055565 8.54185 1.14019 3.22231 -16.1808 4.24561 3.38216 28.4611 8.01451 -13.3073 -1.31009 -39.1732 -168.798 25.9003 1.15264 15.0081 -1.2703 -14.2405 174.302 -175.324 -8.6424 -163.178 30.5033 2.07227 17.5893 1.32456 14.7999 174.283 -26.9561 -15.8635 179.489 -37.1699 -0.51223 -1.38101 16.1178 6.92358 174.968 155.306 -18.173 -175.809 -30.6563 -0.689262 -1.2777 4.58373 9.01959 175.361  
-159.617 -77.717 107.869 -7.74172 2.97555 -0.216881 8.60269 1.09069 3.40685 -16.265 4.43741 2.92624 28.2548 6.99151 -12.4601 -0.145468 -38.2888 -168.265 24.9699 0.992473 14.4806 -1.24295 -13.8731 174.311 -175.84 -9.82512 -161.883 33.1435 2.69701 19.0448 1.18962 13.3498 174.315 -26.6475 -16.8118 179.663 -36.53 -0.464674 -1.38487 15.4713 7.85884 174.783 155.869 -17.8511 -175.172 -29.3744 -0.673123 -1.24264 5.59153 6.7857 175.423  
-167.711 -78.1501 100.165 -7.90754 3.20527 -0.811288 8.54397 1.14352 3.48041 -16.534 3.94926 2.54505 28.3115 5.82287 -11.4235 1.42543 -37.4152 -167.176 24.6362 0.937411 14.291 -1.277 -14.1583 174.303 -176.343 -10.0589 -160.831 35.6257 3.34801 20.3941 1.09725 12.3462 174.336 -26.3944 -16.533 -179.881 -35.8434 -0.446874 -1.36622 14.2941 9.66647 174.528 156.321 -17.572 -174.809 -29.7153 -0.654128 -1.2511 5.69075 6.3621 175.451  
-175.192 -78.4291 92.8942 -8.09719 3.24308 -1.03294 8.65141 1.14747 3.48986 -17.0505 3.40396 1.91993 28.7806 4.76878 -10.4112 2.79142 -35.4921 -166.26 24.8337 0.96988 14.4032 -1.24777 -13.8472 174.31 -176.78 -10.3704 -159.235 37.5783 3.90347 21.4408 1.07132 12.0712 174.34 -25.9696 -17.7629 -179.656 -35.2748 -0.448163 -1.35437 14.1098 10.0873 174.361 156.912 -16.1863 -174.819 -30.436 -0.650037 -1.2716 5.56599 7.40886 175.395  
177.956 -78.4567 86.0915 -8.23817 3.11209 -0.852151 8.63759 1.09668 3.45927 -17.2067 2.89381 1.01931 28.8539 3.72414 -9.32188 3.51848 -33.0576 -166.004 25.0006 0.99762 14.4981 -1.1978 -13.3506 174.321 -177.025 -10.5344 -156.995 39.1405 4.37571 22.2679 1.10693 12.4368 174.33 -25.6182 -18.7281 -179.247 -34.8489 -0.461039 -1.34518 14.2304 10.1327 174.27 157.328 -14.0357 -175.15 -30.5033 -0.669709 -1.27006 6.12167 8.25387 175.29  
173.314 -78.3281 81.4972 -8.26718 3.32477 -0.815653 8.52062 1.13776 3.20403 -17.3389 2.14324 0.585343 28.8475 2.39556 -8.13159 4.45539 -31.332 -165.192 25.4044 1.06619 14.7272 -1.24608 -13.8277 174.309 -177.146 -10.4528 -154.883 40.4979 4.80562 22.9791 1.12143 12.5991 174.325 -25.3679 -19.1386 -178.657 -34.6094 -0.478112 -1.33 14.1168 10.3071 174.243 157.56 -12.4156 -175.818 -30.4398 -0.70361 -1.26507 7.57685 9.00615 175.029  
170.459 -78.0707 78.6618 -8.30555 3.36349 -0.71554 8.57618 1.1499 3.01324 -17.7643 1.5115 -0.322824 29.0323 1.3156 -6.37077 4.94963 -29.7931 -164.649 25.8723 1.14746 14.9924 -1.28576 -14.23 174.298 -177.49 -10.448 -152.553 41.8621 5.25587 23.6858 1.12305 12.6115 174.324 -25.1511 -20.1419 -178.096 -34.2888 -0.480295 -1.32319 14.2983 9.92329 174.253 157.612 -11.7528 -176.681 -30.2756 -0.736136 -1.26415 9.2569 9.6989 174.667  
168.926 -77.7586 77.1637 -8.26293 3.31484 -0.484391 8.65526 1.11893 2.85595 -17.9439 0.925642 -1.32214 28.6398 0.251235 -4.89594 5.00982 -28.7063 -164.455 26.1069 1.18897 15.1251 -1.25929 -13.9964 174.303 -177.152 -11.186 -149.661 43.601 5.85666 24.5751 1.06681 12.0007 174.337 -25.0455 -19.7784 -177.135 -33.8424 -0.467981 -1.30549 13.6984 10.6375 174.246 157.301 -11.0345 -177.311 -30.3435 -0.731054 -1.27234 9.28983 10.0832 174.612  
