2 9 168 -3.694 2.9672 -0.9862 -2.7448 2.211 -0.64398 -3.0372 2.1476 0.29296 -1.9415 1.1048 0.90981 -1.9228 -0.39127 1.2829 -2.4767 2.2905 -1.5869 -1.351 1.1236 -1.7866 -1.4333 -0.28579 -2.4066 -0.18839 -0.027252 0.76633 -1.6314 -1.4574 0.23106 -0.2967 -2.6057 0.61948 0.18839 0.027252 -0.76633 -1.1338 -1.5252 -1.2723 0.242 -2.604 -0.83181
2 10 156 -3.2474 3.171 -1.6838 -2.4417 2.3442 -1.1791 -2.9239 2.2904 -0.32355 -2.4178 0.89263 0.35377 -3.0647 -0.49473 0.16811 -1.9812 2.4155 -2.0453 -1.2712 0.95053 -2.1814 -1.9082 -0.24212 -2.9226 -0.35091 -0.024077 0.70695 -1.6307 -1.4658 -0.12846 -0.3488 -2.531 0.55923 0.35091 0.024077 -0.70695 -0.81542 -1.5389 -1.4888 0.47414 -2.5398 -0.72317
2 10 168 -3.5265 3.171 -0.97182 -2.6335 2.3442 -0.6457 -2.9273 2.2904 0.29142 -2.2914 0.89263 0.84873 -2.9628 -0.49473 0.80162 -2.3632 2.4155 -1.5887 -1.6969 0.95053 -1.8694 -2.4742 -0.24212 -2.462 -0.19625 -0.024077 0.76446 -1.6218 -1.4658 0.21338 -0.2249 -2.531 0.61953 0.19625 0.024077 -0.76446 -1.1071 -1.5389 -1.2867 0.31342 -2.5398 -0.80595
2 11 156 -3.0701 3.3702 -1.6293 -2.3288 2.4721 -1.1531 -2.8137 2.4337 -0.29828 -2.8973 0.86436 0.14775 -3.9965 0.041216 -0.55358 -1.8644 2.5293 -2.0182 -1.6856 0.94194 -2.3601 -2.8894 0.34795 -3.1188 -0.35117 -0.012567 0.70712 -1.5666 -1.5157 -0.11597 -0.25942 -2.5375 0.58979 0.35117 0.012567 -0.70712 -0.76791 -1.6017 -1.4529 0.55602 -2.544 -0.67176
2 11 168 -3.3418 3.3702 -0.95539 -2.5176 2.4721 -0.64373 -2.8142 2.4337 0.29324 -2.8033 0.86436 0.7469 -4.0243 0.041216 0.28943 -2.2433 2.5293 -1.5865 -2.1394 0.94194 -1.9581 -3.4747 0.34795 -2.4499 -0.19648 -0.012567 0.76468 -1.5565 -1.5157 0.21228 -0.13113 -2.5375 0.63084 0.19648 0.012567 -0.76468 -1.0532 -1.6017 -1.2615 0.4042 -2.544 -0.77269
2 12 156 -2.8948 3.552 -1.5574 -2.224 2.5868 -1.1139 -2.7125 2.5587 -0.26069 -3.4161 1.0969 -0.069432 -4.5954 1.113 -1.0627 -1.7549 2.6352 -1.977 -2.1065 1.1442 -2.5443 -3.5072 1.3723 -3.1472 -0.34682 -0.0042431 0.70936 -1.4358 -1.6233 -0.069835 -0.12823 -2.636 0.64817 0.34682 0.0042434 -0.70936 -0.6809 -1.7028 -1.3759 0.67321 -2.6233 -0.62098
2 12 168 -3.1554 3.552 -0.9215 -2.407 2.5868 -0.62716 -2.7074 2.5587 0.30896 -3.3559 1.0969 0.64233 -4.7159 1.113 -0.084083 -2.1276 2.6352 -1.5689 -2.5894 1.1442 -2.0507 -4.0849 1.3723 -2.3492 -0.19176 -0.0042431 0.76597 -1.4189 -1.6233 0.23021 0.0093328 -2.636 0.66067 0.19176 0.0042434 -0.76597 -0.95208 -1.7028 -1.2042 0.52939 -2.6233 -0.74738
2 13 156 -2.7297 3.7184 -1.4547 -2.1365 2.6914 -1.0417 -2.6324 2.6704 -0.1926 -3.8323 1.5619 -0.19258 -4.6834 2.3382 -1.2176 -1.6583 2.7344 -1.9001 -2.4282 1.5272 -2.6868 -3.6038 2.471 -3.0108 -0.33573 -0.0038791 0.71468 -1.2371 -1.7723 0.02586 0.048296 -2.813 0.7441 0.33573 0.0038788 -0.71468 -0.51602 -1.8354 -1.2676 0.84332 -2.781 -0.55418
2 13 168 -2.9725 3.7184 -0.85535 -2.3064 2.6914 -0.57474 -2.6149 2.6704 0.35892 -3.7886 1.5619 0.60842 -4.8342 2.3382 -0.21724 -2.0172 2.7344 -1.5138 -2.9337 1.5272 -2.1233 -4.151 2.471 -2.1957 -0.17981 -0.0038791 0.76886 -1.2047 -1.7723 0.28249 0.20195 -2.813 0.7178 0.17981 0.0038788 -0.76886 -0.76829 -1.8354 -1.1326 0.70967 -2.781 -0.71741
2 14 156 -2.4904 3.9289 -1.3038 -1.9971 2.8362 -0.92643 -2.5055 2.8279 -0.084513 -3.956 2.0827 -0.18137 -4.3268 3.2906 -1.0651 -1.5041 2.8685 -1.7769 -2.4984 1.9792 -2.72 -3.2693 3.3138 -2.7663 -0.31511 -0.00028253 0.72402 -0.93926 -1.9412 0.21639 0.30839 -3.0594 0.88268 0.31511 0.00028276 -0.72402 -0.24407 -1.9815 -1.1415 1.0814 -3.0063 -0.47542
2 30 156 -2.767 3.5952 -1.6702 -2.0426 2.6821 -1.1957 -2.5349 2.6515 -0.34473 -2.5961 1.0498 -0.029089 -3.5949 -0.059917 -0.41439 -1.5705 2.732 -2.057 -1.2466 1.1951 -2.5062 -2.1096 0.19254 -3.2986 -0.36553 0.03927 0.69882 -2.0013 -0.95223 -0.17038 -1.0934 -2.4293 0.3245 0.36553 -0.03927 -0.69882 -1.2428 -1.0073 -1.6425 -0.23308 -2.4 -1.1024
2 30 168 -3.0538 3.5952 -1.0584 -2.2466 2.6821 -0.74485 -2.5512 2.6515 0.18984 -2.5454 1.0498 0.5113 -3.6025 -0.059917 0.34209 -1.9639 2.732 -1.6856 -1.7405 1.1951 -2.1923 -2.7493 0.19254 -2.7879 -0.21225 0.03927 0.75954 -1.993 -0.95223 0.24943 -1.002 -2.4293 0.54474 0.21225 -0.03927 -0.75954 -1.5571 -1.0073 -1.3482 -0.45719 -2.4 -1.0298
2 31 156 -2.9815 3.3583 -1.7889 -2.1949 2.5098 -1.292 -2.6762 2.4763 -0.43493 -2.5596 0.9049 -0.003718 -3.3712 -0.39496 -0.17493 -1.7349 2.5612 -2.1598 -1.2053 1.0533 -2.4981 -1.6768 -0.26391 -3.1465 -0.37342 0.038656 0.69467 -1.971 -1.0066 -0.18256 -1.0013 -2.4392 0.32561 0.37342 -0.038656 -0.69467 -1.2408 -1.0124 -1.6222 -0.19906 -2.3741 -1.0642
2 31 168 -3.2883 3.3583 -1.13 -2.4155 2.5098 -0.80742 -2.7081 2.4763 0.13099 -2.5045 0.9049 0.52854 -3.3339 -0.39496 0.52981 -2.146 2.5612 -1.7519 -1.6984 1.0533 -2.1929 -2.2943 -0.26391 -2.7291 -0.22083 0.038656 0.75713 -1.9659 -1.0066 0.23122 -0.9117 -2.4392 0.52667 0.22083 -0.038656 -0.75713 -1.551 -1.0124 -1.3288 -0.41598 -2.3741 -0.99959
2 32 156 -3.2006 3.0832 -1.8978 -2.3544 2.3101 -1.3756 -2.827 2.2783 -0.51357 -2.4716 0.80285 0.090912 -3.0709 -0.61789 0.08701 -1.9044 2.3578 -2.2489 -1.0831 0.96049 -2.4527 -1.2467 -0.50534 -2.9024 -0.37224 0.041699 0.69512 -1.9323 -1.07 -0.16786 -0.95416 -2.5028 0.32331 0.37224 -0.041699 -0.69512 -1.2071 -1.108 -1.58 -0.15339 -2.4642 -1.0311
2 32 168 -3.5253 3.0832 -1.1909 -2.589 2.3101 -0.85602 -2.872 2.2783 0.085407 -2.3987 0.80285 0.60281 -2.9857 -0.61789 0.72359 -2.3304 2.3578 -1.8038 -1.5694 0.96049 -2.1739 -1.8229 -0.50534 -2.5797 -0.21958 0.041699 0.75733 -1.9249 -1.07 0.23755 -0.86609 -2.5028 0.51463 0.21958 -0.041699 -0.75733 -1.5092 -1.108 -1.2945 -0.36443 -2.4642 -0.97672
2 33 156 -3.4187 2.7665 -1.9973 -2.5087 2.0883 -1.4478 -2.9727 2.0622 -0.58101 -2.3904 0.74715 0.19369 -2.7104 -0.75167 0.36359 -2.0683 2.1283 -2.3264 -0.97199 0.91968 -2.4036 -0.84492 -0.60015 -2.6308 -0.37398 0.040777 0.69425 -1.8758 -1.1647 -0.14584 -0.94523 -2.6282 0.3473 0.37398 -0.040776 -0.69425 -1.161 -1.2153 -1.5181 -0.11976 -2.6047 -1.032
2 33 168 -3.7593 2.7665 -1.2429 -2.7549 2.0883 -0.8946 -3.0286 2.0622 0.049757 -2.2979 0.74715 0.68646 -2.5755 -0.75167 0.91916 -2.5068 2.1283 -1.8455 -1.4505 0.91968 -2.149 -1.3734 -0.60015 -2.3976 -0.22146 0.040777 0.75683 -1.8651 -1.1647 0.24734 -0.85237 -2.6282 0.53624 0.22146 -0.040776 -0.75683 -1.4512 -1.2153 -1.2435 -0.33171 -2.6047 -0.98459
2 34 156 -3.6159 2.4375 -2.0752 -2.6486 1.8579 -1.5079 -3.1105 1.827 -0.64008 -2.3275 0.71782 0.26836 -2.3628 -0.77292 0.66092 -2.2112 1.9006 -2.3877 -0.91035 0.91276 -2.3597 -0.44485 -0.55689 -2.393 -0.37394 0.03717 0.69447 -1.7868 -1.2951 -0.10757 -0.93208 -2.8089 0.37081 0.37394 -0.03717 -0.69447 -1.0842 -1.3441 -1.4562 -0.089432 -2.7841 -1.023
2 34 168 -3.9683 2.4375 -1.278 -2.9042 1.8579 -0.92422 -3.1756 1.827 0.020625 -2.2208 0.71782 0.7464 -2.1738 -0.77292 1.1377 -2.6593 1.9006 -1.8758 -1.3811 0.91276 -2.1188 -0.93267 -0.55689 -2.2482 -0.22139 0.03717 0.75704 -1.7701 -1.2951 0.26627 -0.83461 -2.8089 0.5565 0.22139 -0.03717 -0.75704 -1.3632 -1.3441 -1.1989 -0.30018 -2.7841 -0.98209
2 34 180 -4.1473 2.4375 -0.42503 -3.0329 1.8579 -0.30021 -3.102 1.827 0.68043 -2.0171 0.71782 1.1918 -1.8897 -0.77292 1.5648 -2.9912 1.9006 -1.2819 -1.7914 0.91276 -1.7854 -1.3797 -0.55689 -2.0052 -0.059151 0.03717 0.78652 -1.6761 -1.2951 0.62848 -0.70067 -2.8089 0.71786 0.059151 -0.03717 -0.78652 -1.5827 -1.3441 -0.88929 -0.49781 -2.7841 -0.89822
2 35 156 -3.7857 2.1116 -2.1281 -2.7758 1.6199 -1.5514 -3.2335 1.5767 -0.68191 -2.2813 0.69891 0.31395 -2.0947 -0.70699 0.91917 -2.3434 1.673 -2.4332 -0.89964 0.91684 -2.3215 -0.11204 -0.40448 -2.2144 -0.37449 0.029358 0.69455 -1.6634 -1.4501 -0.05656 -0.89534 -3.0161 0.40017 0.37449 -0.029358 -0.69455 -0.96774 -1.4875 -1.3922 -0.047697 -2.9905 -1.0111
2 35 168 -4.1455 2.1116 -1.2945 -3.0377 1.6199 -0.94038 -3.3046 1.5767 0.0052699 -2.1662 0.69891 0.78141 -1.8578 -0.70699 1.3346 -2.7981 1.673 -1.8928 -1.3626 0.91684 -2.0837 -0.57 -0.40448 -2.1427 -0.2219 0.029358 0.75723 -1.6388 -1.4501 0.29052 -0.79257 -3.0161 0.57758 0.2219 -0.029358 -0.75723 -1.236 -1.4875 -1.1605 -0.25687 -2.9905 -0.97909
2 35 180 -4.324 2.1116 -0.4043 -3.1668 1.6199 -0.28826 -3.2313 1.5767 0.69222 -1.9564 0.69891 1.2147 -1.5397 -0.70699 1.6917 -3.1305 1.673 -1.2697 -1.7661 0.91684 -1.7549 -1.003 -0.40448 -1.9774 -0.059613 0.029358 0.78682 -1.5426 -1.4501 0.62491 -0.65517 -3.0161 0.72975 0.059613 -0.029358 -0.78682 -1.4503 -1.4875 -0.87819 -0.45482 -2.9905 -0.90428
2 36 156 -3.929 1.7903 -2.1613 -2.8861 1.3833 -1.5767 -3.3342 1.3333 -0.70256 -2.2603 0.68071 0.34125 -1.9746 -0.62561 1.1091 -2.4639 1.4412 -2.4631 -0.91608 0.93945 -2.3172 0.1146 -0.1934 -2.1383 -0.3743 0.019832 0.69499 -1.5286 -1.585 -0.016539 -0.86426 -3.2003 0.43102 0.3743 -0.019832 -0.69499 -0.84455 -1.6097 -1.3282 -0.0072981 -3.1745 -1.0096
2 36 168 -4.2925 1.7903 -1.2972 -3.1508 1.3833 -0.94215 -3.4074 1.3333 0.0060133 -2.1399 0.68071 0.80373 -1.7008 -0.62561 1.4954 -2.9222 1.4412 -1.897 -1.3778 0.93945 -2.0761 -0.33248 -0.1934 -2.1154 -0.22162 0.019832 0.75762 -1.4987 -1.585 0.30164 -0.75576 -3.2003 0.60129 0.22162 -0.019832 -0.75762 -1.1022 -1.6097 -1.1236 -0.21704 -3.1745 -0.986
2 36 180 -4.4684 1.7903 -0.37641 -3.2779 1.3833 -0.26647 -3.3317 1.3333 0.71433 -1.9261 0.68071 1.2311 -1.3528 -0.62561 1.8164 -3.2527 1.4412 -1.248 -1.7794 0.93945 -1.7443 -0.76503 -0.1934 -2 -0.059262 0.019832 0.78714 -1.4032 -1.585 0.60664 -0.61423 -3.2003 0.74528 0.059262 -0.019832 -0.78714 -1.3118 -1.6097 -0.86986 -0.4173 -3.1745 -0.91933
2 37 156 -4.0471 1.4859 -2.1692 -2.9755 1.1619 -1.5838 -3.4112 1.1094 -0.70356 -2.2824 0.63814 0.37921 -2.0455 -0.62534 1.2308 -2.5663 1.2206 -2.4762 -0.95995 0.95861 -2.3354 0.25339 0.016148 -2.2041 -0.37068 0.014751 0.69705 -1.4016 -1.6882 0.025195 -0.83635 -3.3432 0.46369 0.37068 -0.014751 -0.69705 -0.74876 -1.6963 -1.2746 0.018542 -3.3059 -1.0077
2 37 168 -4.4097 1.4859 -1.2803 -3.2398 1.1619 -0.9305 -3.483 1.1094 0.021055 -2.1537 0.63814 0.84546 -1.7449 -0.62534 1.6292 -3.025 1.2206 -1.8885 -1.4245 0.95861 -2.0847 -0.2104 0.016148 -2.2086 -0.21765 0.014751 0.75889 -1.3657 -1.6882 0.31606 -0.72166 -3.3432 0.62744 0.21765 -0.014751 -0.75889 -0.9974 -1.6963 -1.0911 -0.19137 -3.3059 -0.98953
2 37 180 -4.5795 1.4859 -0.33553 -3.3624 1.1619 -0.23658 -3.4025 1.1094 0.74475 -1.9309 0.63814 1.2748 -1.3681 -0.62534 1.9564 -3.3516 1.2206 -1.2183 -1.8268 0.95861 -1.743 -0.665 0.016148 -2.1166 -0.055113 0.014751 0.78756 -1.2702 -1.6882 0.5931 -0.57544 -3.3432 0.76377 0.055113 -0.014751 -0.78756 -1.2025 -1.6963 -0.85986 -0.39293 -3.3059 -0.92811
2 38 156 -4.1413 1.2253 -2.145 -3.0441 0.97658 -1.5696 -3.4637 0.91986 -0.68183 -2.3489 0.55896 0.45643 -2.2986 -0.71744 1.3201 -2.6515 1.0379 -2.4693 -1.0213 0.97668 -2.3827 0.29034 0.167 -2.424 -0.36273 0.015441 0.7012 -1.3037 -1.7575 0.080224 -0.81248 -3.4418 0.49589 0.36273 -0.015441 -0.7012 -0.6757 -1.7636 -1.2303 0.042727 -3.3988 -0.9837
2 38 168 -4.4968 1.2253 -1.2371 -3.3039 0.97658 -0.90238 -3.5298 0.91986 0.053209 -2.2026 0.55896 0.93481 -1.9739 -0.71744 1.7692 -3.1069 1.0379 -1.864 -1.4944 0.97668 -2.1183 -0.21998 0.167 -2.4314 -0.20902 0.015441 0.7613 -1.2585 -1.7575 0.34952 -0.69162 -3.4418 0.65398 0.20902 -0.015441 -0.7613 -0.91673 -1.7636 -1.063 -0.16273 -3.3988 -0.97108
2 38 180 -4.6557 1.2253 -0.27514 -3.4194 0.97658 -0.19573 -3.4416 0.91986 0.78592 -1.9601 0.55896 1.3723 -1.5629 -0.71744 2.1409 -3.4266 1.0379 -1.1773 -1.9022 0.97668 -1.7613 -0.72069 0.167 -2.3325 -0.046166 0.015441 0.78812 -1.1583 -1.7575 0.60353 -0.54054 -3.4418 0.78348 0.046166 -0.015441 -0.78812 -1.1177 -1.7636 -0.84914 -0.36107 -3.3988 -0.91603
2 39 156 -4.215 1.0055 -2.1053 -3.0983 0.82392 -1.5422 -3.5023 0.75519 -0.64804 -2.4777 0.41106 0.57694 -2.717 -0.89415 1.3624 -2.7217 0.89566 -2.4479 -1.0901 0.96494 -2.4908 0.2111 0.18907 -2.7783 -0.35364 0.016042 0.70582 -1.2431 -1.7987 0.13136 -0.79849 -3.502 0.52126 0.35364 -0.016042 -0.70582 -0.63809 -1.796 -1.2182 0.041293 -3.4458 -0.95824
2 39 168 -4.5606 1.0055 -1.1829 -3.3513 0.82392 -0.86428 -3.5605 0.75519 0.094295 -2.3036 0.41106 1.0795 -2.3743 -0.89415 1.8975 -3.1711 0.89566 -1.8285 -1.5841 0.96494 -2.2097 -0.37115 0.18907 -2.7615 -0.19917 0.016042 0.76392 -1.1886 -1.7987 0.38694 -0.67266 -3.502 0.67588 0.19917 -0.016042 -0.76392 -0.87743 -1.796 -1.0589 -0.15884 -3.4458 -0.94588
2 39 180 -4.7069 1.0055 -0.20888 -3.4577 0.82392 -0.14862 -3.4631 0.75519 0.83251 -2.0289 0.41106 1.5348 -1.928 -0.89415 2.3497 -3.482 0.89566 -1.1292 -2.0089 0.96494 -1.8321 -0.93718 0.18907 -2.6239 -0.035986 0.016042 0.78864 -1.0822 -1.7987 0.62561 -0.51744 -3.502 0.80097 0.035986 -0.016042 -0.78864 -1.0784 -1.796 -0.85334 -0.35203 -3.4458 -0.89219
2 40 156 -4.2698 0.83409 -2.062 -3.1398 0.70158 -1.5116 -3.5291 0.61905 -0.61216 -2.6785 0.17996 0.71161 -3.229 -1.1296 1.3112 -2.7781 0.78602 -2.4223 -1.1655 0.88908 -2.6623 0.0018712 0.062057 -3.2376 -0.34622 0.011094 0.70958 -1.2079 -1.8226 0.15335 -0.78991 -3.5327 0.5429 0.34622 -0.011095 -0.70958 -0.61495 -1.8053 -1.2305 0.034491 -3.4636 -0.94899
2 40 168 -4.6052 0.83409 -1.1292 -3.3855 0.70158 -0.82579 -3.5792 0.61905 0.13495 -2.472 0.17996 1.2529 -2.8859 -1.1296 1.9539 -3.2211 0.78602 -1.7918 -1.6936 0.88908 -2.3618 -0.67129 0.062057 -3.1672 -0.19112 0.011094 0.76606 -1.1496 -1.8226 0.40114 -0.65977 -3.5327 0.69527 0.19112 -0.011095 -0.76606 -0.85733 -1.8053 -1.0757 -0.16357 -3.4636 -0.93542
2 41 156 -4.312 0.71969 -2.0088 -3.1751 0.61773 -1.4674 -3.5495 0.53159 -0.56193 -2.9445 -0.11268 0.812 -3.7621 -1.3721 1.1631 -2.8285 0.705 -2.3837 -1.27 0.74171 -2.8721 -0.3701 -0.19434 -3.7037 -0.33509 0.0074964 0.71495 -1.1942 -1.8267 0.15627 -0.79275 -3.5371 0.56141 0.33509 -0.0074964 -0.71495 -0.60958 -1.8063 -1.2499 0.027789 -3.4669 -0.9549
2 41 168 -4.6355 0.71969 -1.0684 -3.4108 0.61773 -0.77515 -3.5887 0.53159 0.18833 -2.7114 -0.11268 1.4065 -3.4381 -1.3721 1.9198 -3.2623 0.705 -1.7435 -1.8394 0.74171 -2.5452 -1.132 -0.19434 -3.5458 -0.17912 0.0074964 0.769 -1.1356 -1.8267 0.40115 -0.6587 -3.5371 0.71396 0.17912 -0.0074964 -0.769 -0.85613 -1.8063 -1.0959 -0.17135 -3.4669 -0.93981
2 42 156 -4.3407 0.63938 -1.971 -3.2037 0.55244 -1.4274 -3.5809 0.46049 -0.52377 -3.2452 -0.43274 0.8022 -4.2465 -1.602 0.89042 -2.8542 0.64495 -2.3421 -1.4108 0.52298 -3.0974 -0.88743 -0.53135 -4.0935 -0.32472 0.0048437 0.71974 -1.2048 -1.8147 0.1462 -0.80518 -3.5229 0.56245 0.32472 -0.0048437 -0.71974 -0.62481 -1.7964 -1.2703 0.0076965 -3.4561 -0.96028
2 43 144 -3.8694 0.59315 -2.7963 -2.8676 0.50501 -2.0335 -3.4136 0.41418 -1.2205 -3.5475 -0.68676 -0.021054 -4.588 -1.7604 -0.39839 -2.3466 0.59615 -2.8628 -0.90106 0.2755 -3.5529 -0.61425 -0.87385 -4.5401 -0.46195 -0.0063815 0.64036 -1.2213 -1.8045 -0.1372 -0.91473 -3.5081 0.36725 0.46195 0.0063815 -0.64036 -0.35804 -1.7808 -1.3806 0.18787 -3.4426 -0.94325
2 43 156 -4.3662 0.59315 -1.9307 -3.2277 0.50501 -1.3929 -3.5928 0.41418 -0.48412 -3.4744 -0.68676 0.71698 -4.5706 -1.7604 0.56422 -2.8905 0.59615 -2.3123 -1.6201 0.2755 -3.288 -1.5448 -0.87385 -4.3131 -0.31871 -0.0063815 0.72241 -1.2231 -1.8045 0.11972 -0.81839 -3.5081 0.54941 0.31871 0.0063815 -0.72241 -0.63725 -1.7808 -1.276 -0.012345 -3.4426 -0.96169
2 44 144 -3.8854 0.58464 -2.7774 -2.8777 0.49004 -2.024 -3.4105 0.40597 -1.2016 -3.6113 -0.84291 -0.16782 -4.6408 -1.8523 -0.71459 -2.3701 0.57468 -2.8622 -1.0701 0.043192 -3.6966 -1.2504 -1.1437 -4.6643 -0.46025 -0.0078087 0.64156 -1.2212 -1.8028 -0.1416 -0.90487 -3.5063 0.35732 0.46025 0.0078082 -0.64156 -0.3661 -1.7762 -1.3824 0.18627 -3.4374 -0.95128
2 45 144 -3.8901 0.62867 -2.7622 -2.88 0.51823 -2.0135 -3.4209 0.42662 -1.1971 -3.5399 -0.9401 -0.31021 -4.5322 -1.9423 -0.9336 -2.3642 0.6105 -2.8458 -1.1839 -0.16305 -3.6688 -1.7473 -1.3131 -4.5277 -0.45709 -0.0047765 0.64385 -1.2204 -1.8123 -0.10745 -0.88443 -3.5182 0.36992 0.45709 0.004776 -0.64385 -0.35416 -1.786 -1.3851 0.19589 -3.4435 -0.93709
2 46 144 -3.8948 0.71234 -2.7395 -2.8867 0.57605 -1.9923 -3.4332 0.49078 -1.179 -3.3927 -0.94531 -0.40133 -4.3274 -1.9896 -1.0444 -2.3652 0.66242 -2.8217 -1.2679 -0.33003 -3.5142 -2.0526 -1.4495 -4.2275 -0.45205 -0.00057268 0.64742 -1.2158 -1.8221 -0.068926 -0.87717 -3.5329 0.38854 0.45205 0.00057268 -0.64742 -0.35311 -1.8074 -1.3526 0.21012 -3.4606 -0.9047
2 47 144 -3.8947 0.84367 -2.7044 -2.8913 0.66318 -1.9613 -3.4391 0.58224 -1.1485 -3.2358 -0.86586 -0.42015 -4.0849 -1.9856 -1.055 -2.3686 0.746 -2.7903 -1.315 -0.39883 -3.2884 -2.1741 -1.5473 -3.8547 -0.44533 0.0067611 0.65202 -1.2045 -1.8307 -0.027451 -0.85924 -3.5455 0.40978 0.44533 -0.0067608 -0.65202 -0.36716 -1.8344 -1.2952 0.23084 -3.4836 -0.87867
2 48 144 -3.8932 1.0057 -2.6554 -2.8941 0.77499 -1.921 -3.4425 0.70304 -1.1077 -3.0748 -0.71181 -0.3785 -3.8191 -1.9261 -0.9693 -2.3707 0.84988 -2.7503 -1.3114 -0.35785 -3.047 -2.1349 -1.5966 -3.4533 -0.43607 0.014052 0.65813 -1.1862 -1.8364 0.004305 -0.84331 -3.5539 0.43271 0.43607 -0.014052 -0.65813 -0.37364 -1.8603 -1.2499 0.24849 -3.504 -0.84736
2 49 144 -3.8777 1.1754 -2.6078 -2.8842 0.89629 -1.8836 -3.4267 0.84247 -1.065 -2.9109 -0.4983 -0.28713 -3.5217 -1.8211 -0.79188 -2.3667 0.9541 -2.718 -1.2596 -0.24211 -2.8288 -1.9495 -1.5943 -3.0997 -0.4299 0.017495 0.6621 -1.1622 -1.843 0.016614 -0.82654 -3.5605 0.45044 0.4299 -0.017495 -0.6621 -0.38048 -1.8766 -1.211 0.26443 -3.5134 -0.81617
2 50 144 -3.8474 1.3595 -2.5668 -2.8621 1.0323 -1.851 -3.4065 0.99533 -1.0327 -2.763 -0.2333 -0.16957 -3.2224 -1.6564 -0.54555 -2.3425 1.0744 -2.685 -1.1635 -0.055225 -2.6319 -1.6258 -1.5166 -2.8001 -0.42337 0.024701 0.66606 -1.1492 -1.8411 0.02854 -0.81284 -3.5582 0.4636 0.42337 -0.024701 -0.66606 -0.38528 -1.8966 -1.1725 0.28778 -3.5265 -0.79661
2 50 156 -4.2969 1.3595 -1.7108 -3.1844 1.0323 -1.2155 -3.5468 0.99533 -0.30191 -2.7379 -0.2333 0.40859 -3.2654 -1.6564 0.13634 -2.8495 1.0744 -2.1393 -1.6853 -0.055225 -2.3325 -2.1724 -1.5166 -2.4009 -0.27564 0.024701 0.73953 -1.1181 -1.8411 0.26684 -0.69869 -3.5582 0.62247 0.27564 -0.024701 -0.73953 -0.62064 -1.8966 -1.0668 0.11587 -3.5265 -0.83903
2 51 144 -3.8172 1.5381 -2.5154 -2.8416 1.1675 -1.8066 -3.3856 1.1432 -0.98756 -2.6383 0.063454 -0.015798 -2.9292 -1.4386 -0.20797 -2.3221 1.1982 -2.6412 -1.0532 0.18435 -2.4659 -1.2208 -1.3456 -2.5605 -0.41487 0.027153 0.6713 -1.1383 -1.8441 0.047352 -0.79984 -3.5605 0.48355 0.41487 -0.027153 -0.6713 -0.38212 -1.9098 -1.1557 0.30089 -3.5341 -0.77336
2 51 156 -4.2568 1.5381 -1.6668 -3.1551 1.1675 -1.1763 -3.517 1.1432 -0.26207 -2.5839 0.063454 0.53308 -2.9084 -1.4386 0.40559 -2.8205 1.1982 -2.1007 -1.5429 0.18435 -2.193 -1.7264 -1.3456 -2.2507 -0.26624 0.027153 0.74289 -1.1036 -1.8441 0.28299 -0.68183 -3.5605 0.63928 0.26624 -0.027153 -0.74289 -0.61405 -1.9098 -1.051 0.13353 -3.5341 -0.81902
2 52 144 -3.7705 1.7059 -2.4808 -2.808 1.2953 -1.7751 -3.3509 1.2824 -0.9551 -2.5203 0.38669 0.1296 -2.6327 -1.1502 0.18461 -2.2894 1.3159 -2.6105 -0.92698 0.4526 -2.3509 -0.74936 -1.0788 -2.3813 -0.41277 0.024885 0.67268 -1.1253 -1.8567 0.067457 -0.77878 -3.572 0.50163 0.41277 -0.024885 -0.67268 -0.36173 -1.9189 -1.1494 0.32071 -3.5405 -0.75513
2 52 156 -4.2039 1.7059 -1.6426 -3.1157 1.2953 -1.1525 -3.4763 1.2824 -0.23753 -2.4383 0.38669 0.65077 -2.5368 -1.1502 0.72795 -2.7821 1.3159 -2.0775 -1.3955 0.4526 -2.1068 -1.2281 -1.0788 -2.1734 -0.26389 0.024885 0.7438 -1.0867 -1.8567 0.29994 -0.65746 -3.572 0.65259 0.26389 -0.024885 -0.7438 -0.59279 -1.9189 -1.049 0.1567 -3.5405 -0.80531
2 52 168 -4.4535 1.7059 -0.73271 -3.2872 1.2953 -0.47952 -3.4497 1.2824 0.49042 -2.2497 0.38669 1.1435 -2.33 -1.1502 1.2395 -3.1532 1.3159 -1.4537 -1.803 0.4526 -1.7706 -1.6531 -1.0788 -1.8706 -0.10348 0.024885 0.78241 -1.0006 -1.8567 0.51932 -0.50741 -3.572 0.77502 0.10348 -0.024885 -0.78241 -0.79794 -1.9189 -0.90287 -0.014154 -3.5405 -0.82029
2 53 144 -3.7233 1.8393 -2.4588 -2.7712 1.4033 -1.7532 -3.3174 1.3912 -0.93532 -2.4239 0.70495 0.24774 -2.352 -0.79304 0.60626 -2.2491 1.4239 -2.5865 -0.79919 0.73779 -2.277 -0.27632 -0.71267 -2.2561 -0.41189 0.024213 0.67325 -1.1182 -1.866 0.088089 -0.76183 -3.5805 0.51754 0.41189 -0.024213 -0.67324 -0.34422 -1.9261 -1.1481 0.34087 -3.5434 -0.74115
2 53 156 -4.1531 1.8393 -1.631 -3.0752 1.4033 -1.1387 -3.4393 1.3912 -0.22516 -2.3194 0.70495 0.74628 -2.1746 -0.79304 1.082 -2.7377 1.4239 -2.0623 -1.2551 0.73779 -2.0611 -0.73935 -0.71267 -2.1494 -0.26291 0.024213 0.74417 -1.0754 -1.866 0.31864 -0.63757 -3.5805 0.66462 0.26291 -0.024213 -0.74417 -0.57541 -1.9261 -1.0515 0.17933 -3.5434 -0.79583
2 53 168 -4.4015 1.8393 -0.73187 -3.2447 1.4033 -0.47448 -3.411 1.3912 0.49483 -2.1136 0.70495 1.2122 -1.9021 -0.79304 1.5105 -3.1067 1.4239 -1.4481 -1.6562 0.73779 -1.7551 -1.1701 -0.71267 -1.9487 -0.10245 0.024213 0.78257 -0.98567 -1.866 0.53527 -0.48546 -3.5805 0.78266 0.10245 -0.024213 -0.78257 -0.78145 -1.9261 -0.90886 0.0099467 -3.5434 -0.81572
2 54 156 -4.1135 1.9289 -1.6256 -3.0393 1.4864 -1.1287 -3.4118 1.471 -0.21858 -2.232 1.007 0.81171 -1.8623 -0.36042 1.4209 -2.6933 1.5108 -2.0491 -1.134 1.0239 -2.0449 -0.31876 -0.27887 -2.171 -0.25856 0.027229 0.74559 -1.0555 -1.8727 0.33398 -0.62167 -3.5904 0.66874 0.25856 -0.027229 -0.74559 -0.55923 -1.9391 -1.0463 0.20079 -3.5536 -0.78825
2 54 168 -4.3616 1.9289 -0.73489 -3.2076 1.4864 -0.47215 -3.3827 1.471 0.49555 -2.0145 1.007 1.258 -1.5262 -0.36042 1.7771 -3.0605 1.5108 -1.4443 -1.5343 1.0239 -1.7644 -0.76317 -0.27887 -2.0573 -0.097889 0.027229 0.78305 -0.963 -1.8727 0.54614 -0.46904 -3.5904 0.78338 0.097889 -0.027229 -0.78305 -0.76455 -1.9391 -0.90719 0.032516 -3.5536 -0.81277
2 55 168 -4.3458 1.9539 -0.75988 -3.1921 1.5168 -0.48622 -3.3758 1.4961 0.47979 -1.9666 1.2608 1.272 -1.2475 0.097194 1.9837 -3.0364 1.5466 -1.4569 -1.4628 1.2672 -1.7954 -0.47003 0.15284 -2.1831 -0.10101 0.025459 0.78272 -0.95189 -1.8799 0.53836 -0.45624 -3.5968 0.7783 0.10101 -0.025459 -0.78272 -0.74157 -1.9461 -0.90646 0.048988 -3.5638 -0.81158
2 56 168 -4.3421 1.9422 -0.79698 -3.1843 1.5224 -0.51247 -3.3783 1.4976 0.45143 -1.9551 1.4758 1.253 -1.0741 0.55327 2.1193 -3.0183 1.556 -1.4813 -1.4229 1.4847 -1.8253 -0.28209 0.56874 -2.3124 -0.10946 0.021492 0.7817 -0.95806 -1.8831 0.52372 -0.44552 -3.5939 0.772 0.10946 -0.021492 -0.7817 -0.72602 -1.945 -0.90931 0.060506 -3.5647 -0.81523
2 57 168 -4.3624 1.8792 -0.83189 -3.1986 1.482 -0.53984 -3.3948 1.4539 0.42353 -1.9771 1.6198 1.2182 -1.0022 0.93059 2.194 -3.0306 1.5184 -1.5082 -1.4352 1.6398 -1.8382 -0.20745 0.9053 -2.4133 -0.11789 0.016918 0.78059 -0.99528 -1.8724 0.50679 -0.44964 -3.5716 0.76322 0.11789 -0.016918 -0.78058 -0.73731 -1.9307 -0.92356 0.059824 -3.5446 -0.82059
2 58 168 -4.3951 1.7787 -0.87665 -3.2263 1.4074 -0.57061 -3.4339 1.3749 0.39024 -2.0284 1.6954 1.1588 -1.0147 1.1902 2.2051 -3.047 1.4475 -1.5368 -1.4682 1.7422 -1.8359 -0.21103 1.1201 -2.4764 -0.12565 0.012627 0.77946 -1.0609 -1.8454 0.48398 -0.46331 -3.5255 0.75013 0.12565 -0.012627 -0.77946 -0.77509 -1.9024 -0.95759 0.050316 -3.5005 -0.83312
2 59 168 -4.4304 1.6634 -0.92639 -3.2587 1.3187 -0.60255 -3.4736 1.279 0.3564 -2.0793 1.712 1.0892 -1.0642 1.3134 2.1794 -3.0722 1.3656 -1.5671 -1.5132 1.7821 -1.8214 -0.25932 1.1928 -2.4984 -0.13375 0.010248 0.77814 -1.1409 -1.8044 0.45138 -0.4729 -3.4552 0.73339 0.13375 -0.010248 -0.77814 -0.83151 -1.8631 -1.0008 0.040349 -3.4329 -0.83856
2 60 168 -4.4594 1.5685 -0.96542 -3.2873 1.2386 -0.63006 -3.5035 1.1953 0.32845 -2.1074 1.6679 1.0328 -1.104 1.2769 2.1365 -3.0996 1.2887 -1.5942 -1.542 1.7386 -1.7946 -0.3077 1.1176 -2.4791 -0.13813 0.010645 0.77737 -1.2203 -1.7535 0.41556 -0.47262 -3.3666 0.71576 0.13813 -0.010645 -0.77737 -0.89944 -1.8188 -1.0388 0.04026 -3.3453 -0.84486
2 61 168 -4.4667 1.5293 -1.0031 -3.2992 1.1956 -0.65575 -3.5269 1.1451 0.29974 -2.1031 1.5626 0.98316 -1.1304 1.0738 2.0753 -3.0999 1.253 -1.6172 -1.5179 1.6294 -1.7728 -0.34835 0.8901 -2.4534 -0.14396 0.0082362 0.77634 -1.3034 -1.6987 0.3807 -0.46271 -3.2607 0.70361 0.14396 -0.0082364 -0.77634 -0.96439 -1.7684 -1.0727 0.053089 -3.239 -0.84312
2 62 156 -4.1388 1.5726 -1.9306 -3.0785 1.2132 -1.3454 -3.5084 1.1632 -0.46222 -2.216 1.4061 0.50709 -1.5606 0.70331 1.713 -2.675 1.2707 -2.2405 -1.0645 1.4354 -2.0216 0.074576 0.49515 -2.4645 -0.3103 -0.0022628 0.72609 -1.439 -1.6419 0.053791 -0.57692 -3.1332 0.58648 0.3103 0.0022628 -0.72609 -0.76652 -1.7072 -1.3027 0.25107 -3.1108 -0.80737
2 62 168 -4.4497 1.5726 -1.0279 -3.291 1.2132 -0.67598 -3.5278 1.1632 0.27731 -2.0622 1.4061 0.95675 -1.1703 0.70331 2 -3.0823 1.2707 -1.6354 -1.4615 1.4354 -1.7561 -0.43946 0.49515 -2.4262 -0.15255 -0.0022628 0.77474 -1.3963 -1.6419 0.35179 -0.44237 -3.1332 0.69362 0.15255 0.0022628 -0.77474 -1.0206 -1.7072 -1.1149 0.07772 -3.1108 -0.84193
2 63 156 -4.0789 1.7299 -1.9288 -3.0388 1.3166 -1.3429 -3.4813 1.2596 -0.46636 -2.1759 1.18 0.51251 -1.684 0.18074 1.5789 -2.6222 1.3824 -2.2314 -1.0151 1.1872 -2.0124 -0.16116 -0.0037353 -2.492 -0.31498 -0.012081 0.72398 -1.513 -1.5914 0.02775 -0.53484 -2.9925 0.60341 0.31498 0.012081 -0.72398 -0.80356 -1.648 -1.3622 0.28967 -2.9694 -0.80597
2 63 168 -4.3908 1.7299 -1.0387 -3.2516 1.3166 -0.68173 -3.5022 1.2596 0.26764 -2.0218 1.18 0.9537 -1.3189 0.18074 1.8945 -3.0288 1.3824 -1.6375 -1.4113 1.1872 -1.7573 -0.67576 -0.0037353 -2.4041 -0.15757 -0.012081 0.77364 -1.4741 -1.5914 0.34171 -0.3977 -2.9925 0.70142 0.15757 0.012081 -0.77364 -1.0692 -1.648 -1.1654 0.11577 -2.9694 -0.84859
2 64 156 -3.9644 2.0029 -1.902 -2.9588 1.5079 -1.3207 -3.4092 1.4472 -0.44847 -2.1922 0.91296 0.5014 -2.0291 -0.39513 1.3014 -2.5336 1.579 -2.2048 -1.0493 0.91435 -2.0505 -0.67068 -0.47942 -2.5906 -0.32038 -0.018372 0.72147 -1.5916 -1.5341 0.013759 -0.50239 -2.8297 0.63495 0.32038 0.018372 -0.72147 -0.82992 -1.594 -1.4224 0.33918 -2.82 -0.80512
2 64 168 -4.2732 2.0029 -1.0361 -3.1687 1.5079 -0.67669 -3.4279 1.4472 0.27014 -2.04 0.91296 0.94623 -1.7142 -0.39513 1.6948 -2.9367 1.579 -1.6298 -1.4527 0.91435 -1.7875 -1.1946 -0.47942 -2.3945 -0.16338 -0.018372 0.77231 -1.554 -1.5341 0.34438 -0.3594 -2.8297 0.72553 0.16338 0.018372 -0.77231 -1.1075 -1.594 -1.2187 0.16438 -2.82 -0.85804
2 65 144 -3.3284 2.3653 -2.5851 -2.5128 1.7516 -1.8445 -3.1408 1.6898 -1.0901 -2.3793 0.6498 -0.086531 -2.8218 -0.79805 0.2061 -1.9062 1.826 -2.6152 -0.77844 0.67543 -2.345 -0.87893 -0.72126 -2.9907 -0.46802 -0.019672 0.63566 -1.6328 -1.469 -0.3425 -0.61545 -2.6744 0.53096 0.46802 0.019672 -0.63566 -0.51543 -1.5538 -1.6211 0.54516 -2.68 -0.69492
2 65 156 -3.7932 2.3653 -1.8366 -2.8413 1.7516 -1.2818 -3.2988 1.6898 -0.41331 -2.3453 0.6498 0.41005 -2.7173 -0.79805 0.78828 -2.4083 1.826 -2.1617 -1.249 0.67543 -2.132 -1.4815 -0.72126 -2.7426 -0.32563 -0.019672 0.71908 -1.6684 -1.469 0.0044695 -0.49161 -2.6744 0.64732 0.32563 0.019672 -0.71908 -0.84122 -1.5538 -1.4786 0.38876 -2.68 -0.79308
2 65 168 -4.0921 2.3653 -1.0079 -3.0458 1.7516 -0.66303 -3.3127 1.6898 0.28159 -2.2088 0.6498 0.88871 -2.494 -0.79805 1.336 -2.8051 1.826 -1.6138 -1.665 0.67543 -1.8257 -2.0194 -0.72126 -2.3746 -0.16901 -0.019672 0.77107 -1.631 -1.469 0.35125 -0.34628 -2.6744 0.73538 0.16901 0.019672 -0.77107 -1.1302 -1.5538 -1.2713 0.21538 -2.68 -0.85658
2 66 144 -3.1381 2.7471 -2.4441 -2.3815 2.0097 -1.7597 -3.0153 1.9504 -1.0099 -2.6706 0.49018 -0.36374 -3.6019 -0.70183 -0.66262 -1.7683 2.0838 -2.5251 -1.1372 0.57717 -2.5503 -1.8114 -0.55439 -3.3519 -0.47005 -0.016834 0.63425 -1.6453 -1.4613 -0.33864 -0.56625 -2.5888 0.56424 0.47005 0.016834 -0.63425 -0.49929 -1.5408 -1.6581 0.59089 -2.5713 -0.65781
2 66 156 -3.5776 2.7471 -1.7383 -2.6953 2.0097 -1.2261 -3.1594 1.9504 -0.36091 -2.6878 0.49018 0.19945 -3.661 -0.70183 0.10074 -2.2547 2.0838 -2.1022 -1.6426 0.57717 -2.2581 -2.4688 -0.55439 -2.902 -0.32791 -0.016834 0.71812 -1.6798 -1.4613 0.010843 -0.43656 -2.5888 0.66964 0.32791 0.016834 -0.71812 -0.83313 -1.5408 -1.5181 0.44121 -2.5713 -0.76628
2 66 168 -3.8609 2.7471 -0.95646 -2.8914 2.0097 -0.63888 -3.1654 1.9504 0.30386 -2.5876 0.49018 0.75392 -3.56 -0.70183 0.8597 -2.6425 2.0838 -1.5875 -2.0762 0.57717 -1.8673 -3.0182 -0.55439 -2.3253 -0.17144 -0.016834 0.7706 -1.6408 -1.4613 0.35985 -0.2878 -2.5888 0.74577 0.17144 0.016834 -0.7706 -1.1305 -1.5408 -1.3117 0.27225 -2.5713 -0.84127
2 67 144 -2.952 3.0711 -2.2878 -2.2523 2.2381 -1.6578 -2.8882 2.1827 -0.90948 -3.1064 0.57341 -0.73293 -4.3488 0.045649 -1.4782 -1.636 2.3102 -2.4209 -1.5701 0.72285 -2.8011 -2.7233 0.16178 -3.6571 -0.46917 -0.014904 0.63494 -1.6047 -1.5057 -0.31491 -0.49127 -2.5751 0.61653 0.46917 0.014904 -0.63494 -0.44882 -1.5822 -1.6454 0.66002 -2.5453 -0.59954
2 67 156 -3.3632 3.0711 -1.624 -2.5477 2.2381 -1.1533 -3.0142 2.1827 -0.28912 -3.1909 0.57341 -0.071059 -4.5611 0.045649 -0.54177 -2.1036 2.3102 -2.0278 -2.1181 0.72285 -2.4134 -3.4242 0.16178 -3.011 -0.32691 -0.014904 0.71862 -1.6352 -1.5057 0.025616 -0.35235 -2.5751 0.7052 0.32691 0.014904 -0.71862 -0.78111 -1.5822 -1.5161 0.52094 -2.5453 -0.72366
2 67 168 -3.6273 3.0711 -0.8893 -2.7319 2.2381 -0.59836 -3.0084 2.1827 0.34388 -3.1359 0.57341 0.59391 -4.5741 0.045649 0.41838 -2.4792 2.3102 -1.5462 -2.5736 0.72285 -1.9203 -3.9754 0.16178 -2.2333 -0.17035 -0.014904 0.77088 -1.5941 -1.5057 0.36502 -0.19803 -2.5751 0.76305 0.17035 0.014904 -0.77088 -1.0793 -1.5822 -1.3206 0.3591 -2.5453 -0.81616
2 68 144 -2.7925 3.3117 -2.1472 -2.157 2.4021 -1.5595 -2.8014 2.3522 -0.81815 -3.5803 0.93147 -1.0272 -4.7681 1.2819 -1.9459 -1.531 2.4707 -2.315 -1.9541 1.0779 -3.0565 -3.2859 1.3407 -3.7878 -0.46546 -0.016322 0.63763 -1.5136 -1.5958 -0.26844 -0.39605 -2.639 0.68735 0.46546 0.016322 -0.63763 -0.36604 -1.6689 -1.5773 0.76619 -2.6089 -0.53549
2 68 156 -3.1778 3.3117 -1.5197 -2.4341 2.4021 -1.0769 -2.9103 2.3522 -0.21782 -3.7157 0.93147 -0.26035 -5.0685 1.2819 -0.91201 -1.9789 2.4707 -1.9461 -2.5469 1.0779 -2.5835 -4.0017 1.3407 -3.0219 -0.32272 -0.016322 0.72047 -1.5364 -1.5958 0.052128 -0.24449 -2.639 0.75467 0.32272 0.016322 -0.72047 -0.68597 -1.6689 -1.4667 0.63811 -2.6089 -0.68309
2 68 168 -3.4244 3.3117 -0.82574 -2.6048 2.4021 -0.54733 -2.892 2.3522 0.39202 -3.6886 0.93147 0.51787 -5.1474 1.2819 0.16172 -2.3403 2.4707 -1.4921 -3.0284 1.0779 -1.9975 -4.5425 1.3407 -2.1238 -0.16587 -0.016322 0.77183 -1.492 -1.5958 0.37042 -0.082239 -2.639 0.78901 0.16587 0.016322 -0.77183 -0.97593 -1.6689 -1.292 0.48215 -2.6089 -0.80083
2 69 144 -2.6248 3.5201 -2.0196 -2.0622 2.5379 -1.4787 -2.7188 2.5046 -0.74716 -3.9095 1.4813 -1.1987 -4.7151 2.5445 -1.9722 -1.4225 2.5916 -2.2239 -2.183 1.5642 -3.2411 -3.2718 2.5608 -3.6872 -0.46355 -0.016275 0.63903 -1.3503 -1.744 -0.1629 -0.24255 -2.7939 0.7971 0.46355 0.016275 -0.63903 -0.22849 -1.7922 -1.4543 0.92731 -2.7576 -0.46282
2 69 156 -2.9873 3.5201 -1.4298 -2.3246 2.5379 -1.0176 -2.8148 2.5046 -0.16556 -4.0733 1.4813 -0.3597 -5.0221 2.5445 -0.94882 -1.8538 2.5916 -1.8795 -2.8092 1.5642 -2.7164 -3.9669 2.5608 -2.9264 -0.32056 -0.016275 0.72144 -1.3546 -1.744 0.1214 -0.071524 -2.7939 0.83011 0.32056 0.016275 -0.72144 -0.52586 -1.7922 -1.375 0.81082 -2.7576 -0.6455
2 69 168 -3.2193 3.5201 -0.77742 -2.4854 2.5379 -0.51206 -2.7877 2.5046 0.42328 -4.0591 1.4813 0.49504 -5.1096 2.5445 0.11606 -2.2041 2.5916 -1.453 -3.3126 1.5642 -2.073 -4.4886 2.5608 -2.0377 -0.16355 -0.016275 0.77232 -1.2998 -1.744 0.40039 0.10263 -2.7939 0.82684 0.16355 0.016275 -0.77232 -0.80025 -1.7922 -1.2356 0.65889 -2.7576 -0.79997
2 70 156 -2.7253 3.7829 -1.29 -2.1365 2.731 -0.934 -2.619 2.7022 -0.077466 -4.0946 2.0517 -0.33892 -4.5417 3.4643 -0.76606 -1.6713 2.7824 -1.7991 -2.8119 2.0889 -2.7408 -3.48 3.4785 -2.7576 -0.32417 -0.017178 0.7198 -1.0675 -1.9322 0.27863 0.19175 -3.0351 0.94862 0.32417 0.017178 -0.7198 -0.25624 -1.9312 -1.2501 1.0563 -2.9673 -0.57585
2 70 168 -2.934 3.7829 -0.6952 -2.284 2.731 -0.4694 -2.5779 2.7022 0.46875 -4.0756 2.0517 0.51979 -4.6017 3.4643 0.19496 -2.0089 2.7824 -1.4123 -3.3203 2.0889 -2.0963 -3.9773 3.4785 -1.9738 -0.16743 -0.017178 0.77147 -0.98621 -1.9322 0.49448 0.38479 -3.0351 0.88803 0.16743 0.017178 -0.77147 -0.51056 -1.9312 -1.1695 0.91348 -2.9673 -0.78288
2 71 156 -2.3328 4.1141 -1.0609 -1.8273 2.9873 -0.79729 -2.2788 2.96 0.076078 -3.8334 2.5288 -0.18039 -3.9279 4.0353 -0.4953 -1.3901 3.04 -1.6768 -2.5911 2.5333 -2.6615 -2.9016 4.0413 -2.5777 -0.33486 -0.020804 0.7148 -0.72482 -2.0737 0.49569 0.44671 -3.2922 1.1231 0.33486 0.020804 -0.7148 0.079058 -2.0299 -1.0933 1.3354 -3.1838 -0.50925
2 87 156 -2.1486 4.149 -1.263 -1.5703 3.0951 -0.8748 -2.0389 3.121 -0.010436 -2.8191 1.691 0.11218 -3.8932 2.4491 -0.69347 -1.1176 3.0929 -1.7479 -1.4447 1.7175 -2.5666 -2.7329 2.4458 -2.9998 -0.34223 0.016824 0.7114 -2.227 -0.44187 -0.095869 -1.3178 -1.9417 0.32221 0.34223 -0.016824 -0.7114 -1.4008 -0.59795 -1.7305 -0.34676 -1.9289 -1.1234
2 88 156 -2.2396 4.086 -1.2893 -1.6431 3.0491 -0.88949 -2.1147 3.0651 -0.026533 -2.847 1.6119 0.11625 -3.9719 2.2274 -0.7402 -1.1882 3.0559 -1.7615 -1.4683 1.6647 -2.5707 -2.7993 2.314 -3.0001 -0.34239 0.012181 0.71142 -2.208 -0.44149 -0.14174 -1.2752 -1.9144 0.31781 0.34239 -0.012181 -0.71142 -1.4092 -0.61654 -1.7019 -0.30585 -1.909 -1.0994
2 88 168 -2.4587 4.086 -0.79545 -1.7921 3.0491 -0.52844 -2.074 3.0651 0.41371 -2.7607 1.6119 0.70564 -4.039 2.2274 0.10179 -1.5285 3.0559 -1.476 -1.9707 1.6647 -2.2093 -3.3619 2.314 -2.3526 -0.187 0.012181 0.76706 -2.1892 -0.44149 0.32044 -1.1812 -1.9144 0.57599 0.187 -0.012181 -0.76706 -1.7322 -0.61654 -1.3717 -0.52774 -1.909 -1.0118
2 89 156 -2.3376 4.0179 -1.318 -1.723 2.9989 -0.90507 -2.2021 2.9991 -0.046093 -2.9111 1.5341 0.094317 -4.0711 2.0462 -0.78314 -1.2615 3.0209 -1.7733 -1.5277 1.6241 -2.5776 -2.8794 2.226 -3.0114 -0.34166 0.0086915 0.71182 -2.1783 -0.47694 -0.18558 -1.2448 -1.9374 0.31101 0.34166 -0.0086915 -0.71182 -1.4218 -0.65871 -1.651 -0.28307 -1.9338 -1.0781
2 89 168 -2.5606 4.0179 -0.80317 -1.8735 2.9989 -0.52706 -2.1635 2.9991 0.41275 -2.8279 1.5341 0.69752 -4.1449 2.0462 0.080403 -1.6026 3.0209 -1.4723 -2.0302 1.6241 -2.2037 -3.4426 2.226 -2.3469 -0.1862 0.0086915 0.7673 -2.1693 -0.47694 0.27136 -1.1529 -1.9374 0.56302 0.1862 -0.0086915 -0.7673 -1.734 -0.65871 -1.3193 -0.50103 -1.9338 -0.99567
2 90 156 -2.4344 3.9506 -1.3502 -1.7991 2.9477 -0.92902 -2.2754 2.9406 -0.068494 -2.9696 1.4681 0.067472 -4.1542 1.8836 -0.82799 -1.3409 2.9767 -1.7988 -1.5902 1.5746 -2.5992 -2.9556 2.1416 -3.0371 -0.3399 0.0079288 0.71267 -2.1456 -0.54579 -0.20769 -1.2385 -2.0151 0.3111 0.3399 -0.0079288 -0.71267 -1.4165 -0.73402 -1.6083 -0.26712 -2.0146 -1.0699
2 90 168 -2.6619 3.9506 -0.81455 -1.953 2.9477 -0.53466 -2.2399 2.9406 0.40608 -2.8907 1.4681 0.68341 -4.2355 1.8836 0.053802 -1.6856 2.9767 -1.4807 -2.0958 1.5746 -2.2118 -3.5225 2.1416 -2.3563 -0.1843 0.0079288 0.76777 -2.1419 -0.54579 0.24295 -1.1467 -2.0151 0.5618 0.1843 -0.0079288 -0.76777 -1.7199 -0.73402 -1.2786 -0.48373 -2.0146 -0.99098
2 91 156 -2.5222 3.8928 -1.3629 -1.8689 2.9024 -0.93968 -2.34 2.8924 -0.076346 -3.0073 1.4075 0.060737 -4.2161 1.7049 -0.84925 -1.4162 2.9339 -1.8123 -1.6443 1.5203 -2.5987 -3.0265 2.0346 -3.0489 -0.33498 0.005635 0.71502 -2.1103 -0.65908 -0.1908 -1.2092 -2.1347 0.32051 0.33498 -0.005635 -0.71502 -1.3978 -0.82893 -1.5717 -0.25342 -2.1259 -1.0627
2 91 168 -2.7505 3.8928 -0.80875 -2.0235 2.9024 -0.53058 -2.3047 2.8924 0.41184 -2.9289 1.4075 0.68466 -4.3005 1.7049 0.045881 -1.7621 2.9339 -1.4782 -2.1487 1.5203 -2.2 -3.5942 2.0346 -2.3531 -0.179 0.005635 0.76904 -2.1039 -0.65908 0.25214 -1.1161 -2.1347 0.56492 0.179 -0.005635 -0.76904 -1.6941 -0.82893 -1.2467 -0.46882 -2.1259 -0.98674
2 92 156 -2.591 3.8467 -1.3765 -1.9237 2.8643 -0.95557 -2.388 2.8519 -0.088647 -3.0053 1.3457 0.049142 -4.2471 1.4721 -0.85623 -1.4779 2.8981 -1.8317 -1.672 1.4628 -2.5873 -3.0771 1.8752 -3.0703 -0.33313 0.0064747 0.71588 -2.0718 -0.78074 -0.16251 -1.1857 -2.271 0.33243 0.33313 -0.0064747 -0.71588 -1.3604 -0.93439 -1.5436 -0.23617 -2.2585 -1.0603
2 92 168 -2.8205 3.8467 -0.80773 -2.0803 2.8643 -0.53474 -2.3543 2.8519 0.40979 -2.9294 1.3457 0.6729 -4.3323 1.4721 0.0455 -1.8264 2.8981 -1.4844 -2.1734 1.4628 -2.1832 -3.6482 1.8752 -2.3634 -0.17701 0.0064747 0.76949 -2.0603 -0.78074 0.2718 -1.0907 -2.271 0.57169 0.17701 -0.0064747 -0.76949 -1.6516 -0.93439 -1.227 -0.45145 -2.2585 -0.988
2 93 156 -2.6384 3.82 -1.3709 -1.9616 2.8401 -0.95948 -2.4158 2.825 -0.087209 -2.9662 1.2941 0.062121 -4.233 1.1917 -0.81106 -1.5263 2.8766 -1.8407 -1.6601 1.4126 -2.5531 -3.0923 1.6477 -3.0738 -0.3284 0.0078428 0.71805 -2.019 -0.90659 -0.1304 -1.1648 -2.421 0.34684 0.3284 -0.007843 -0.71805 -1.315 -1.0495 -1.5108 -0.21572 -2.4045 -1.0564
2 93 168 -2.8658 3.82 -0.79243 -2.1183 2.8401 -0.53066 -2.3812 2.825 0.41698 -2.8884 1.2941 0.67747 -4.3091 1.1917 0.086748 -1.8757 2.8766 -1.4831 -2.1546 1.4126 -2.1522 -3.6638 1.6477 -2.3637 -0.17193 0.0078428 0.77063 -2.002 -0.90659 0.29223 -1.0672 -2.421 0.58144 0.17193 -0.007843 -0.77063 -1.6004 -1.0495 -1.2044 -0.43065 -2.4045 -0.98849
2 94 156 -2.6609 3.813 -1.3544 -1.9822 2.8309 -0.95185 -2.4292 2.8124 -0.075932 -2.8884 1.2542 0.097402 -4.1511 0.87874 -0.70393 -1.5542 2.8707 -1.8365 -1.6095 1.3791 -2.5003 -3.0522 1.3555 -3.044 -0.32364 0.0089302 0.72019 -1.9542 -1.0352 -0.095392 -1.1377 -2.5747 0.36748 0.32364 -0.0089302 -0.72019 -1.26 -1.1694 -1.4682 -0.18872 -2.5573 -1.0477
