0 5 300 0.48189 4.7961 -0.48619 0.28987 3.5641 -0.26916 -0.1746 3.4598 -1.1298 -1.2251 2.5532 -1.9919 -1.8116 2.901 -3.3749 0.7576 3.6976 0.5857 1.8742 2.5585 0.93866 3.2728 2.4184 0.30466 -0.067237 -0.047015 -0.78535 1.0422 -1.8202 -0.58754 1.0745 -3.6019 -0.86242 0.067237 0.047015 0.78534 -0.29771 -2.0158 0.62443 -1.2825 -3.4745 0.23307
0 6 288 0.55108 4.7888 -0.4668 0.34245 3.5613 -0.23674 -0.084077 3.4635 -1.1176 -1.1965 2.5874 -1.9323 -1.8824 2.9631 -3.2612 0.77292 3.6881 0.63846 1.8942 2.5372 0.93362 3.2537 2.421 0.21538 0.035279 -0.047612 -0.78739 1.1257 -1.7985 -0.38784 1.2234 -3.5814 -0.63845 -0.03528 0.047612 0.78739 -0.39508 -2.0086 0.54901 -1.3021 -3.4515 -0.039386
0 13 264 0.64208 4.749 -0.56394 0.4987 3.5459 -0.20455 -0.18155 3.496 -0.91316 -1.5676 2.6315 -0.8966 -3.0227 2.7994 -1.3785 1.1827 3.6247 0.4978 1.8651 2.4846 -0.45251 1.5266 2.634 -1.9494 0.02533 -0.046401 -0.78785 1.1015 -1.7182 -0.10869 1.3701 -3.5007 -0.14571 -0.02533 0.046401 0.78785 -0.41114 -1.9779 0.37835 -1.17 -3.3466 -0.51697
0 14 264 0.67907 4.7451 -0.55077 0.53062 3.542 -0.19299 -0.15889 3.5022 -0.89325 -1.5269 2.6093 -0.89174 -2.9758 2.7391 -1.403 1.2242 3.6107 0.50095 1.7853 2.472 -0.52729 1.241 2.6952 -1.9526 0.0063464 -0.039922 -0.78858 1.087 -1.7237 -0.14723 1.3827 -3.5023 -0.15582 -0.0063463 0.039922 0.78858 -0.3919 -1.9819 0.36685 -1.1629 -3.3508 -0.51775
0 15 264 0.71027 4.7463 -0.50932 0.54822 3.541 -0.16378 -0.12782 3.5078 -0.87738 -1.4811 2.5945 -0.93386 -2.899 2.7051 -1.5297 1.2287 3.603 0.54363 1.736 2.4694 -0.51774 1.0682 2.7527 -1.8784 0.011976 -0.032722 -0.78885 1.0788 -1.7313 -0.16371 1.3862 -3.508 -0.1558 -0.011976 0.032722 0.78885 -0.38142 -1.9935 0.37366 -1.1593 -3.3568 -0.51354
0 17 276 0.65627 4.7532 -0.54379 0.51765 3.544 -0.19893 -0.21845 3.5096 -0.85034 -1.5576 2.574 -0.85331 -2.9763 2.676 -1.4488 1.2575 3.6073 0.446 1.6699 2.4895 -0.67167 0.75178 2.7971 -1.8717 -0.093295 -0.027241 -0.78361 1.0432 -1.7439 -0.36426 1.3299 -3.5228 -0.42877 0.093295 0.027241 0.78361 -0.3071 -2.0116 0.47187 -1.2305 -3.3774 -0.25808
0 18 276 0.68658 4.7605 -0.45286 0.51751 3.5469 -0.13648 -0.14793 3.5081 -0.8597 -1.4771 2.5718 -1.0192 -2.801 2.6852 -1.8014 1.1871 3.6147 0.58077 1.7668 2.5071 -0.47081 0.99072 2.7874 -1.7734 -0.034971 -0.022707 -0.78852 1.0719 -1.7482 -0.32826 1.3393 -3.5295 -0.40735 0.034971 0.022707 0.78852 -0.31914 -2.0282 0.50067 -1.2208 -3.3943 -0.25536
0 20 288 0.67381 4.7724 -0.36272 0.50757 3.55 -0.079665 -0.12351 3.5151 -0.83324 -1.4231 2.5626 -1.1024 -2.6558 2.7005 -2.0185 1.1428 3.614 0.66854 1.923 2.5329 -0.2756 1.4455 2.7034 -1.7318 -0.040002 -0.010969 -0.78853 1.0662 -1.7648 -0.44998 1.2586 -3.5503 -0.61171 0.040002 0.010969 0.78853 -0.22635 -2.0688 0.65499 -1.2223 -3.4325 0.02301
0 22 300 0.6782 4.7831 -0.25943 0.49686 3.5528 -0.022696 -0.055068 3.5281 -0.83641 -1.3005 2.573 -1.2897 -2.3619 2.7389 -2.3958 1.0532 3.6066 0.78656 2.0616 2.5532 0.050053 2.1582 2.6188 -1.4875 -0.019472 -0.0028431 -0.78937 1.0548 -1.7937 -0.55882 1.1298 -3.5781 -0.80623 0.019473 0.0028429 0.78937 -0.12721 -2.093 0.80551 -1.1671 -3.4785 0.30552
0 24 312 0.68822 4.7913 -0.1738 0.47764 3.5559 0.0093405 0.043993 3.5337 -0.87317 -1.1152 2.5973 -1.5427 -1.9082 2.79 -2.851 0.91624 3.6074 0.88817 2.1134 2.5823 0.45834 2.873 2.5718 -0.88355 0.023725 -0.0019205 -0.78926 1.039 -1.8372 -0.66606 0.95321 -3.6106 -0.98021 -0.023725 0.0019205 0.78926 -0.02329 -2.0954 0.91441 -1.0613 -3.5279 0.56607
0 25 324 0.6699 4.7939 -0.2072 0.46612 3.5573 -0.024253 0.008856 3.5315 -0.89466 -1.1496 2.6028 -1.5761 -1.9307 2.7992 -2.8909 0.92806 3.6123 0.84232 2.1535 2.6018 0.45998 3.098 2.5546 -0.75792 -0.039801 0.00046086 -0.78861 0.9381 -1.8588 -0.82466 0.7389 -3.6233 -1.1373 0.039801 -0.0004611 0.78861 0.13315 -2.0931 0.95138 -0.91176 -3.5536 0.78992
0 104 36 0.22241 4.8306 -0.27655 0.21241 3.571 -0.24687 -0.32389 3.4996 -1.0682 0.68989 2.5927 -1.9729 2.1676 2.8882 -2.2996 0.75008 3.6718 0.57051 2.1017 2.8812 0.10496 2.8706 2.8474 -1.2312 -0.4532 -0.0063686 -0.64658 -0.040042 -2.0445 -0.94619 -0.55215 -3.7506 -0.66709 0.4532 0.0063686 0.64658 0.91394 -2.0379 0.49489 0.52786 -3.727 0.99381
1 6 204 1.379 4.5801 -0.69682 1.0871 3.353 -0.60345 0.65415 3.3443 -1.4865 -0.30543 2.2507 -2.2295 -0.89163 1.9673 -3.6272 1.5256 3.3908 0.27612 1.5854 2.3478 1.532 2.484 2.1426 2.7681 -0.37757 -0.011558 -0.6934 0.70638 -1.7524 -1.1502 -0.15858 -3.3029 -0.83598 0.37757 0.011558 0.6934 1.4095 -1.7858 0.3485 0.42127 -3.2153 0.82868
1 12 192 0.8747 4.7346 -0.20617 0.67962 3.4911 -0.18524 0.45436 3.4742 -1.1425 -0.5489 3.5627 -2.4287 -1.0421 4.5406 -3.5142 0.9058 3.5378 0.77081 0.62748 3.3389 2.3682 1.0389 4.0937 3.6483 -0.22722 0.0038862 -0.75621 -0.023572 -1.9904 -1.3854 -0.60931 -3.6013 -1.9446 0.22722 -0.0038857 0.75621 0.81387 -1.9202 1.3869 0.16126 -3.4288 2.128
1 13 192 0.77886 4.7503 -0.18705 0.60076 3.5053 -0.16592 0.37449 3.49 -1.123 -0.60925 3.7213 -2.4065 -1.1142 4.7959 -3.3904 0.82728 3.5505 0.79012 0.58657 3.4249 2.401 0.96861 4.2425 3.6513 -0.22795 0.0021982 -0.756 -0.11062 -1.9763 -1.4532 -0.76565 -3.5629 -2.0052 0.22795 -0.0021982 0.756 0.77413 -1.9114 1.4421 0.16051 -3.3776 2.2935
1 33 204 1.3119 4.633 -0.43587 1.0521 3.3957 -0.41564 0.6105 3.4379 -1.2934 -0.20946 2.2415 -2.0451 -0.4582 1.6371 -3.4417 1.5004 3.3824 0.45974 1.5158 2.0927 1.4624 2.5269 1.2928 2.3083 -0.4034 0.039126 -0.67767 0.13386 -1.9433 -1.12 -0.47426 -3.6239 -0.8816 0.4034 -0.039126 0.67767 1.1135 -2.0099 0.51601 0.35952 -3.5296 1.1266
1 36 216 1.3984 4.5314 -0.96088 1.0612 3.3206 -0.83834 0.475 3.3474 -1.6277 -0.13934 1.834 -1.5957 -0.35319 0.52035 -2.3744 1.6553 3.322 -0.054531 1.4854 1.8015 0.51805 2.2006 0.46958 0.82173 -0.5341 0.017815 -0.58131 0.23855 -1.8985 -0.96205 -0.39299 -3.4775 -0.3629 0.5341 -0.017815 0.58131 1.1252 -1.8877 -0.17253 0.28539 -3.3344 0.50026
1 41 216 1.3082 4.5587 -0.97034 1.0031 3.3431 -0.81755 0.39144 3.3417 -1.5877 -0.16891 1.8073 -1.5674 -0.38186 0.54229 -2.4231 1.622 3.3727 -0.053681 1.5835 1.8336 0.49275 2.5695 0.66073 0.66522 -0.52007 0.0053382 -0.59413 0.50374 -1.7296 -1.1908 -0.26474 -3.1626 -0.41167 0.52007 -0.0053382 0.59413 1.3986 -1.7536 -0.1715 0.34614 -3.0709 0.46724
2 103 36 1.7553 4.3601 -1.1957 1.3026 3.212 -0.93972 0.71501 3.1948 -1.7282 -0.27152 1.9064 -1.5401 -0.83251 0.5151 -1.8969 1.9012 3.2552 -0.16047 1.4556 1.9188 0.66659 1.4506 0.43623 1.0905 -0.47982 0.013962 -0.62696 0.42657 -1.7748 -1.254 -0.24244 -3.4135 -0.9108 0.47982 -0.013961 0.62696 1.3176 -1.8543 0.05641 0.57446 -3.3844 0.65426
2 104 36 1.65 4.4273 -1.0952 1.2292 3.2615 -0.86291 0.64142 3.2481 -1.6514 -0.39904 2.0069 -1.4374 -1.0465 0.65314 -1.792 1.8271 3.3015 -0.083004 1.3312 1.9978 0.76743 1.2875 0.51517 1.1887 -0.4753 0.015883 -0.63035 0.34289 -1.831 -1.2083 -0.30425 -3.4807 -0.87598 0.4753 -0.015883 0.63035 1.2375 -1.9046 0.11445 0.52022 -3.4545 0.69242
3 2 96 0.57729 4.7782 -0.23281 0.24356 3.5745 -0.089579 0.16221 3.6217 0.88946 -1.112 2.8786 1.5916 -2.5356 3.3471 1.2288 0.32993 3.5566 -1.0692 1.5411 2.5608 -1.5277 1.9697 1.3649 -2.4016 0.086292 0.027162 0.78442 0.21599 -2.0451 0.46293 0.57849 -3.7889 0.18241 -0.086291 -0.027162 -0.78442 -1.9352 -0.98425 -0.50197 -0.4105 -1.9191 -0.73023
3 51 108 0.09736 4.8275 0.034152 0.20644 3.5754 -0.077414 -0.032834 3.574 -1.0314 -1.0438 2.3129 -1.2691 -1.2155 0.82369 -1.6301 0.44426 3.6066 0.87644 1.4066 2.3293 1.2098 2.6796 3.0902 0.78755 -0.054132 -0.020697 -0.78749 1.7969 -1.0089 -0.89525 0.056605 -1.3128 -0.53464 0.054133 0.020697 0.78749 -0.54465 -1.984 0.59536 -1.068 -3.6989 0.4052
3 52 108 0.094891 4.8268 0.033603 0.20478 3.5754 -0.08395 -0.04195 3.5783 -1.036 -1.097 2.3563 -1.2856 -1.3181 0.87472 -1.6513 0.45008 3.6023 0.86814 1.5327 2.4246 1.1994 2.7492 3.2753 0.78207 -0.050725 -0.025131 -0.78759 1.8274 -0.96682 -0.79547 0.22953 -1.7389 -0.47681 0.050726 0.025131 0.78759 -0.59272 -1.9661 0.60009 -1.1533 -3.6696 0.41352
4 8 36 1.0934 4.6288 -0.91539 0.84274 3.4275 -0.60391 0.25353 3.3437 -1.387 -0.17017 1.7732 -1.5375 1.2081 1.599 -2.2067 1.4383 3.5393 0.17084 1.0678 2.2383 1.0868 2.2131 1.3374 0.58245 -0.52631 0.055223 -0.58605 -0.80874 -1.9703 -0.10451 -1.4129 -3.4894 0.65581 0.52631 -0.055223 0.58605 1.3479 -1.722 -0.39438 1.045 -3.4811 -0.64832
4 19 48 1.3054 4.5705 -0.94156 1.0174 3.3772 -0.62957 0.28539 3.4003 -1.2861 -0.91818 2.3439 -0.96334 -0.43219 1.2351 -1.9183 1.7565 3.3819 0.019281 2.0394 1.7842 0.20888 2.6321 2.3108 -1.1136 -0.50214 0.054227 -0.60697 0.39871 -1.6607 -1.4204 -0.28022 -3.33 -1.3598 0.50214 -0.054227 0.60697 0.36529 -2.1302 0.31411 -0.8427 -3.2954 0.97285
4 20 48 1.2826 4.5894 -0.86322 1.0025 3.3953 -0.54681 0.27209 3.4148 -1.2052 -0.91536 2.3437 -0.87133 -0.48803 1.2551 -1.8763 1.7396 3.4039 0.1043 1.9693 1.8072 0.36204 2.6069 2.2349 -0.97518 -0.47314 0.057014 -0.62959 0.3585 -1.738 -1.337 0.112 -3.4865 -1.702 0.47314 -0.057014 0.62959 0.17104 -2.1341 0.53558 -1.0602 -3.2796 1.1857
4 21 48 1.2333 4.615 -0.78221 0.96389 3.4188 -0.46496 0.24883 3.4296 -1.1402 -0.90707 2.3163 -0.83485 -0.5104 1.2454 -1.871 1.6854 3.4361 0.20323 1.844 1.8471 0.5474 2.5504 2.1387 -0.7918 -0.44058 0.056341 -0.65285 0.32035 -1.7827 -1.326 0.38146 -3.4994 -1.8738 0.44058 -0.05634 0.65285 0.011955 -2.1131 0.66611 -1.266 -3.1828 1.3543
4 22 48 1.1964 4.6353 -0.69235 0.93648 3.4362 -0.37855 0.25465 3.4376 -1.0874 -0.87273 2.2776 -0.85913 -0.45312 1.223 -1.9029 1.6247 3.4631 0.32357 1.719 1.8879 0.74612 2.5096 2.0299 -0.57011 -0.40583 0.059127 -0.67476 0.37445 -1.7734 -1.3435 0.36208 -3.4962 -1.8752 0.40583 -0.059127 0.67476 -0.016113 -2.1173 0.67371 -1.3929 -2.9832 1.452
4 24 60 1.2171 4.6193 -0.66234 0.99319 3.4173 -0.3325 0.28178 3.4056 -1.0116 -0.77247 2.1634 -0.89239 -0.31359 1.1673 -1.9764 1.7104 3.4573 0.33933 1.7044 1.9246 0.90471 2.4835 1.7164 -0.40956 -0.46839 0.11788 -0.62467 0.4084 -1.6149 -1.4265 -0.18517 -3.3096 -1.5895 0.46839 -0.11788 0.62467 0.40138 -2.2043 0.38698 -0.91092 -2.512 1.5845
4 25 60 1.3129 4.6034 -0.60807 1.0493 3.4086 -0.2813 0.39228 3.3902 -1.0129 -0.59686 2.0951 -1.1274 0.062618 1.1559 -2.1574 1.7133 3.455 0.44282 1.4998 1.9806 1.1132 2.4661 1.5673 -0.015135 -0.4512 0.12762 -0.63532 0.49218 -1.5895 -1.3942 -0.28157 -3.2179 -1.4169 0.4512 -0.12762 0.63532 0.65054 -2.1748 0.20698 -0.75237 -2.3417 1.3272
4 26 72 1.2767 4.5918 -0.76898 1.0353 3.4013 -0.41152 0.30901 3.3882 -1.0746 -0.61273 2.0432 -1.1751 0.080917 1.2386 -2.2927 1.7681 3.4421 0.24319 1.5074 2.0479 1.0537 2.4172 1.5138 -0.070847 -0.53885 0.13716 -0.56065 0.22949 -1.6314 -1.3949 -0.65552 -3.1791 -1.1256 0.53885 -0.13716 0.56065 0.94903 -2.0767 -0.1353 -0.34842 -2.2966 1.0972
4 29 84 1.4286 4.5882 -0.56541 1.1231 3.384 -0.32032 0.53528 3.3915 -1.1088 -0.24799 2.0051 -1.4739 0.91154 1.7031 -2.4445 1.7189 3.4046 0.46199 1.2075 2.1723 1.4047 2.3139 1.554 0.5265 -0.5088 0.14872 -0.58524 -0.44494 -1.9331 -0.86135 -1.3905 -3.3549 -0.28229 0.5088 -0.14872 0.58524 1.3656 -1.712 -0.52671 0.12636 -2.9192 -0.019039
4 40 120 1.3357 4.6251 -0.58711 1.0334 3.4091 -0.40499 0.26967 3.525 -1.0138 -0.87139 2.3967 -0.70766 0.0047319 1.7624 -1.8067 1.8049 3.3217 0.19876 1.7484 1.7334 0.57661 2.5452 1.8221 -0.74052 -0.54949 0.10413 -0.55742 0.39951 -1.5046 -1.5195 -0.64064 -2.9456 -1.2154 0.54949 -0.10413 0.55742 0.39077 -2.0771 -0.14723 -0.85528 -3.2626 0.39377
4 41 120 1.3075 4.6438 -0.47895 1.0269 3.421 -0.30755 0.27153 3.526 -0.92869 -0.87558 2.4175 -0.57623 -0.0012789 1.7964 -1.6842 1.7894 3.3446 0.30895 1.7258 1.7656 0.72297 2.5228 1.7546 -0.59696 -0.51516 0.11311 -0.58763 0.43925 -1.5513 -1.4439 -0.18045 -3.2411 -1.551 0.51516 -0.11311 0.58763 0.22701 -2.1323 0.083501 -1.0561 -3.2907 0.59593
4 42 120 1.2334 4.671 -0.37487 0.98322 3.4406 -0.20994 0.23745 3.5222 -0.84598 -0.90252 2.4047 -0.499 -0.0024229 1.8234 -1.6079 1.7353 3.3878 0.42166 1.6477 1.8216 0.87775 2.4666 1.6934 -0.42248 -0.47155 0.11367 -0.62307 0.3601 -1.6662 -1.3679 0.21251 -3.4133 -1.7881 0.47155 -0.11367 0.62307 0.074347 -2.1505 0.29481 -1.2376 -3.2922 0.77043
4 48 144 1.1062 4.6852 -0.34636 0.96237 3.4461 -0.14062 0.27188 3.4734 -0.84051 -0.63864 2.2613 -1.4492 0.7559 2.2409 -2.1069 1.6583 3.4477 0.55434 1.2642 2.073 1.344 2.2967 1.3623 0.44584 -0.51147 0.15322 -0.58174 0.10113 -1.6938 -1.3739 -0.78858 -3.2328 -1.0722 0.51147 -0.15322 0.58174 0.92621 -2.0845 -0.13417 -0.5392 -2.4167 0.86236
4 50 156 1.2304 4.6521 -0.39354 1.0571 3.4132 -0.21648 0.43918 3.4577 -0.98038 -0.44732 2.2592 -1.6486 0.99664 2.2281 -2.1887 1.6815 3.3975 0.54326 1.2407 2.1158 1.4552 2.3094 1.4054 0.60033 -0.53476 0.16052 -0.55836 -0.4072 -1.874 -1.0669 -1.3028 -3.3515 -0.55125 0.53476 -0.16052 0.55836 1.2438 -1.8302 -0.5017 -0.10757 -2.7312 0.2811
4 51 156 1.306 4.6471 -0.21671 1.0985 3.4067 -0.092226 0.58881 3.4704 -0.93101 -0.28231 2.263 -1.6034 1.1927 2.1598 -2.041 1.6153 3.3719 0.74387 1.0563 2.1204 1.6328 2.2192 1.4312 0.89108 -0.46849 0.16118 -0.61485 -0.59345 -1.9208 -0.86782 -1.5062 -3.4064 -0.40875 0.46849 -0.16118 0.61485 1.2911 -1.7853 -0.43391 0.046721 -3.0238 -0.023409
4 54 168 1.3847 4.639 -0.06596 1.1207 3.4028 -0.014319 0.61484 3.5259 -0.84878 -0.32232 2.2585 -1.278 0.99981 1.8346 -1.9488 1.6344 3.3084 0.81911 0.94458 2.0856 1.6543 2.1326 1.451 0.9037 -0.47171 0.1708 -0.60977 -0.99286 -1.8646 -0.60791 -2.045 -3.1996 -0.0066928 0.47171 -0.1708 0.60977 1.0112 -1.919 -0.42327 0.22616 -3.5373 -0.5478
4 65 204 1.2894 4.5973 -0.82554 1.0423 3.3853 -0.55535 0.23186 3.4577 -1.1079 -0.79724 2.2399 -0.75217 -0.020145 1.4946 -1.856 1.8594 3.3412 -0.009719 1.8301 1.7875 0.49412 2.3434 1.9632 -0.94926 -0.56311 0.10106 -0.54424 0.20876 -1.7148 -1.2662 0.14949 -3.514 -1.368 0.56311 -0.10106 0.54424 -0.12852 -2.0836 0.47154 -1.4144 -2.9005 1.436
4 66 204 1.2402 4.621 -0.75112 1.0089 3.406 -0.48111 0.24191 3.4506 -1.0952 -0.78691 2.2034 -0.86129 0.094858 1.5025 -1.9144 1.7824 3.3897 0.1262 1.7183 1.8626 0.70294 2.3439 1.9376 -0.70442 -0.53666 0.099916 -0.57054 0.28635 -1.714 -1.2389 -0.039216 -3.4821 -1.1024 0.53666 -0.099916 0.57054 0.036342 -2.1333 0.39953 -1.3344 -2.6564 1.4476
4 69 216 1.2619 4.5736 -0.90338 1.0634 3.3711 -0.56642 0.32946 3.3535 -1.2209 -0.61485 2.0222 -1.289 0.5148 1.6541 -2.2719 1.8038 3.4166 0.079386 1.5277 2.1108 1.0214 2.3462 1.6377 -0.19676 -0.56888 0.12781 -0.53248 0.041223 -1.8071 -1.0786 -0.76563 -3.2434 -0.34571 0.56888 -0.12781 0.53248 1.0867 -2.029 -0.19676 -0.25659 -2.3333 0.96681
4 70 216 1.3284 4.5773 -0.80726 1.0952 3.371 -0.50657 0.44125 3.3495 -1.2409 -0.45228 1.9943 -1.4248 0.80548 1.7555 -2.2842 1.7562 3.4203 0.22003 1.3621 2.1722 1.1975 2.304 1.6218 0.10779 -0.53962 0.12406 -0.56296 -0.14842 -1.9175 -0.86867 -1.0162 -3.3057 -0.11324 0.53962 -0.12406 0.56296 1.2991 -1.8629 -0.33925 -0.033021 -2.5627 0.65394
4 71 216 1.36 4.5942 -0.67187 1.0995 3.381 -0.42427 0.52775 3.3649 -1.2244 -0.32395 1.9947 -1.4813 1.0239 1.8386 -2.2138 1.6787 3.4252 0.36942 1.1785 2.209 1.3387 2.226 1.6164 0.37464 -0.50291 0.11759 -0.59729 -0.38403 -1.9794 -0.65084 -1.2839 -3.3685 0.064433 0.50291 -0.11759 0.59729 1.3575 -1.7658 -0.38622 0.17518 -2.9264 0.32512
4 72 216 1.3634 4.6147 -0.5394 1.0835 3.3964 -0.34061 0.57987 3.393 -1.1855 -0.23357 2.01 -1.4928 1.1755 1.8808 -2.1056 1.5947 3.4281 0.499 0.99006 2.2322 1.4333 2.1191 1.6053 0.59079 -0.46876 0.11207 -0.62546 -0.61657 -1.9819 -0.53869 -1.5169 -3.3773 0.16373 0.46876 -0.11207 0.62546 1.3118 -1.7525 -0.38082 0.44729 -3.2951 -0.028784
4 73 216 1.3307 4.6422 -0.41245 1.0365 3.42 -0.2613 0.58207 3.4381 -1.1334 -0.18844 2.0442 -1.497 1.2644 1.9161 -1.9976 1.4988 3.4305 0.60677 0.80913 2.248 1.4983 1.9943 1.5939 0.75986 -0.44796 0.10462 -0.64178 -0.80742 -1.9579 -0.46487 -1.7322 -3.3583 0.19416 0.44796 -0.10462 0.64178 1.1988 -1.8014 -0.3438 0.73887 -3.5448 -0.35133
4 74 216 1.306 4.6589 -0.30044 1.0059 3.4333 -0.19556 0.58001 3.4737 -1.0812 -0.13681 2.0684 -1.5054 1.3492 1.9533 -1.9005 1.4397 3.4215 0.68709 0.69456 2.2458 1.5423 1.9116 1.5861 0.86324 -0.44093 0.10504 -0.64656 -0.93634 -1.925 -0.42795 -1.9439 -3.2813 0.20149 0.44093 -0.10504 0.64656 1.1162 -1.8544 -0.30114 0.89355 -3.6278 -0.53861
