2 4 192 -3.7743 2.9497 0.66899 -2.7136 2.2762 0.53379 -2.5476 2.2324 1.5022 -0.92511 2.4214 1.4827 0.44807 1.9191 1.9723 -2.9045 2.3353 -0.42923 -1.4839 2.5215 -1.2141 -0.58784 2.1105 -2.3997 0.1624 0.01072 0.77266 -1.0404 -1.7051 0.92552 -0.15582 -3.256 0.67458 -0.1624 -0.01072 -0.77266 -1.3267 -1.7526 -0.61566 -0.25666 -3.192 -0.79951
2 5 192 -3.8905 2.7986 0.67156 -2.8178 2.1446 0.54089 -2.6549 2.0931 1.5095 -1.0286 2.2399 1.4635 0.34574 1.7 1.9079 -3.006 2.2108 -0.42221 -1.5502 2.2949 -1.1586 -0.64906 1.7347 -2.2775 0.15894 0.010496 0.77339 -1.1223 -1.6485 0.91639 -0.1484 -3.1458 0.6703 -0.15894 -0.010496 -0.77339 -1.4058 -1.6942 -0.61546 -0.25654 -3.0721 -0.79267
2 16 204 -1.8297 4.4234 0.68986 -1.4396 3.2223 0.62099 -1.144 3.2323 1.559 -2.3492 2.8413 2.5903 -2.7828 4.2241 2.0634 -1.7452 3.2403 -0.31372 -3.2745 2.6674 -0.27483 -3.3161 4.1564 0.12361 0.32035 0.0054674 0.7217 0.3704 -2.0939 0.65441 1.465 -3.4756 0.27545 -0.32035 -0.0054674 -0.7217 -0.33673 -2.0999 -0.88675 0.79638 -3.369 -1.4837
2 17 204 -1.6479 4.5058 0.6312 -1.2924 3.2936 0.54516 -0.98147 3.301 1.4782 -2.206 2.9214 2.4908 -2.6156 4.3138 1.97 -1.6115 3.3147 -0.38492 -3.1547 2.7787 -0.39586 -3.1452 4.268 0.0036333 0.31119 0.0069966 0.72568 0.3966 -2.0906 0.64084 1.5164 -3.4583 0.28531 -0.31119 -0.0069966 -0.72568 -0.26497 -2.1029 -0.86426 0.92223 -3.2855 -1.5298
2 18 204 -1.7094 4.4801 0.6477 -1.3563 3.2693 0.53702 -1.0351 3.2653 1.4666 -2.247 2.8407 2.4765 -2.6771 4.2333 1.9731 -1.6861 3.3016 -0.38899 -3.2117 2.7195 -0.43825 -3.24 4.2029 -0.018334 0.29517 0.0096245 0.73231 0.19983 -2.0891 0.70971 1.4337 -3.3302 0.2759 -0.29517 -0.009625 -0.73231 -0.4463 -2.1047 -0.77843 0.88132 -3.1304 -1.4389
2 19 204 -1.8154 4.4397 0.67509 -1.4312 3.2428 0.53342 -1.1023 3.2254 1.4602 -2.2811 2.6829 2.4524 -2.8009 4.0671 2.0149 -1.7703 3.2878 -0.38873 -3.2636 2.6313 -0.47752 -3.4027 4.0932 -0.0072699 0.28403 0.014739 0.73662 -0.089835 -2.0512 0.81691 1.2365 -3.1635 0.31246 -0.28403 -0.014738 -0.73662 -0.70509 -2.0724 -0.68229 0.70879 -3.008 -1.2959
2 20 204 -1.9273 4.3896 0.73123 -1.494 3.2131 0.56487 -1.1672 3.1853 1.4921 -2.2936 2.4844 2.4454 -2.9606 3.8321 2.104 -1.8321 3.268 -0.35711 -3.2771 2.5161 -0.48174 -3.556 3.9344 0.055331 0.27553 0.009263 0.73993 -0.34751 -1.9875 0.93734 1.0018 -3.0456 0.37996 -0.27553 -0.0092626 -0.73993 -0.92259 -2.0031 -0.59815 0.50998 -2.9648 -1.1214
2 20 216 -1.7332 4.3896 1.116 -1.3439 3.2131 0.86315 -0.8315 3.1853 1.7022 -1.7351 2.4844 2.8688 -2.4584 3.8321 2.6735 -1.8663 3.268 0.031615 -3.3056 2.5161 0.21013 -3.4668 3.9344 0.79346 0.42335 0.009263 0.66648 -0.14503 -1.9875 0.9891 1.0589 -3.0456 0.16337 -0.42335 -0.0092626 -0.66648 -1.0268 -2.0031 -0.39326 0.26569 -2.9648 -1.2029
2 21 216 -1.8834 4.2995 1.224 -1.4488 3.1481 0.9339 -0.94206 3.1048 1.7758 -1.7803 2.2395 2.8791 -2.6582 3.5055 2.8147 -1.9665 3.2178 0.10056 -3.3399 2.343 0.23174 -3.6291 3.6947 0.91513 0.41628 0.0051913 0.67096 -0.33964 -1.8959 1.1493 0.80554 -3.0148 0.32012 -0.41628 -0.0051918 -0.67096 -1.2071 -1.9139 -0.28929 0.077729 -2.9735 -0.98012
2 22 216 -2.049 4.1982 1.3095 -1.5641 3.0773 0.9842 -1.0716 3.0238 1.8338 -1.8125 1.991 2.86 -2.8633 3.1163 2.9439 -2.0692 3.1561 0.14393 -3.3698 2.1691 0.19987 -3.7939 3.4235 0.98983 0.40849 0.0071793 0.67571 -0.49005 -1.799 1.2627 0.52468 -3.0906 0.51896 -0.40849 -0.0071793 -0.67571 -1.3457 -1.8305 -0.21584 -0.12455 -3.0322 -0.77781
2 23 216 -2.1892 4.1039 1.3806 -1.6506 3.019 1.0232 -1.16 2.955 1.8732 -1.7683 1.7773 2.828 -2.9893 2.6923 3.0511 -2.155 3.1072 0.18347 -3.353 1.9971 0.14731 -3.9332 3.1161 1.0355 0.40425 0.0087333 0.67823 -0.57106 -1.7366 1.3239 0.21969 -3.2567 0.76272 -0.40425 -0.0087333 -0.67823 -1.441 -1.7631 -0.16691 -0.39664 -3.1727 -0.58296
2 24 216 -2.2757 4.033 1.4365 -1.6899 2.9834 1.055 -1.1924 2.9117 1.9004 -1.6644 1.6069 2.7627 -3.0224 2.2487 3.1113 -2.2025 3.078 0.22098 -3.2673 1.8462 0.088016 -4.0178 2.7799 1.0589 0.40663 0.0055532 0.67684 -0.57416 -1.7317 1.3359 -0.083994 -3.4377 1.0195 -0.40663 -0.0055532 -0.67684 -1.4988 -1.7205 -0.14713 -0.75194 -3.3434 -0.38995
2 73 204 -1.8376 4.4262 0.78862 -1.3842 3.2629 0.57573 -1.0335 3.2389 1.4943 -2.2294 3.0642 2.5934 -2.3411 4.5394 2.1586 -1.7452 3.3143 -0.33776 -3.3394 2.9833 -0.20562 -3.2863 4.5074 0.022588 0.26855 -0.018288 0.74232 0.10301 -2.1128 0.75223 1.2874 -3.4407 0.46088 -0.26855 0.018289 -0.74232 -0.54901 -2.0633 -0.79334 0.65752 -3.2355 -1.4424
2 74 204 -1.9159 4.3953 0.7624 -1.4677 3.2302 0.54752 -1.1158 3.2053 1.4656 -2.2724 3.0796 2.6123 -2.3656 4.5353 2.1125 -1.83 3.2826 -0.36535 -3.4301 2.961 -0.29438 -3.3964 4.4828 -0.048047 0.25529 -0.0081673 0.74717 -0.11522 -2.0748 0.82448 1.1248 -3.3361 0.47438 -0.25529 0.0081673 -0.74717 -0.76316 -2.0304 -0.72214 0.56165 -3.1189 -1.2798
2 78 216 -2.013 4.2376 1.2561 -1.4963 3.1387 0.89718 -0.98346 3.1051 1.7358 -1.7727 2.5926 3.0711 -2.177 4.0692 2.8871 -2.0216 3.1978 0.067771 -3.4919 2.5278 0.30862 -3.7216 3.9664 0.81389 0.40256 0.003696 0.67928 -0.51761 -1.7915 1.2665 0.17323 -3.4281 0.95779 -0.40256 -0.003696 -0.67928 -1.5143 -1.7105 -0.16429 -0.54898 -3.1956 -0.50091
2 79 216 -2.0263 4.2317 1.2515 -1.4975 3.1412 0.88455 -0.98908 3.1012 1.7256 -1.7373 2.4493 3.0233 -2.2393 3.9054 2.949 -2.0185 3.2064 0.052909 -3.4486 2.4392 0.23987 -3.7452 3.8344 0.82547 0.40194 0.0076337 0.67962 -0.56214 -1.7413 1.3324 -0.087467 -3.4749 1.1908 -0.40194 -0.0076337 -0.67962 -1.5622 -1.6545 -0.083046 -0.86507 -3.2996 -0.32473
2 80 216 -2.0152 4.2452 1.2162 -1.472 3.1612 0.85105 -0.97248 3.1199 1.6973 -1.6666 2.3292 2.947 -2.2677 3.7489 2.9753 -1.9846 3.2277 0.014228 -3.3699 2.372 0.14553 -3.7234 3.7247 0.7957 0.40326 0.013544 0.67875 -0.59154 -1.6917 1.3977 -0.33176 -3.4758 1.4103 -0.40326 -0.013544 -0.67875 -1.5689 -1.6304 -0.014446 -1.1595 -3.3788 -0.17667
2 81 216 -1.9881 4.2675 1.178 -1.4391 3.1815 0.8291 -0.9482 3.1438 1.6805 -1.5754 2.2301 2.8807 -2.2657 3.6044 2.9931 -1.9432 3.2442 -0.013097 -3.2805 2.3082 0.052525 -3.6846 3.622 0.75126 0.41525 0.019204 0.67134 -0.61202 -1.6277 1.4755 -0.49844 -3.4249 1.5655 -0.41525 -0.019204 -0.67134 -1.616 -1.5915 0.036119 -1.3812 -3.3759 -0.071571
2 82 216 -1.9486 4.2999 1.128 -1.4083 3.2044 0.79366 -0.91362 3.1914 1.6436 -1.4759 2.1917 2.8068 -2.2339 3.5254 2.963 -1.9161 3.2428 -0.047818 -3.2213 2.2604 -0.042453 -3.6594 3.5498 0.68086 0.43189 0.027568 0.66046 -0.68016 -1.5035 1.5735 -0.53108 -3.3002 1.5907 -0.43189 -0.027568 -0.66046 -1.7318 -1.4925 0.10009 -1.4986 -3.2764 -0.01931
2 83 216 -1.9208 4.3196 1.1024 -1.3877 3.2152 0.78592 -0.8921 3.2245 1.6354 -1.4165 2.1831 2.7797 -2.214 3.4926 2.9436 -1.8963 3.2317 -0.055778 -3.1821 2.2242 -0.077442 -3.66 3.4943 0.65464 0.4406 0.025611 0.65476 -0.87293 -1.1891 1.7563 -0.56043 -2.9557 1.5764 -0.4406 -0.025611 -0.65476 -1.9338 -1.2252 0.20877 -1.4481 -2.9467 -0.018476
2 96 216 -2.4192 3.8718 1.6267 -1.7711 2.8606 1.2456 -1.2261 2.8403 2.064 -1.1368 1.2454 2.4061 -2.1302 0.27222 3.0723 -2.3323 2.9029 0.43896 -2.7523 1.3709 0.057734 -3.8407 0.67448 0.89917 0.4704 0.010949 0.63411 -0.92457 -1.2563 1.5627 -0.16889 -2.8358 1.1326 -0.4704 -0.010949 -0.63411 -1.7647 -1.3769 0.30039 -0.93201 -2.8109 -0.40754
2 97 216 -2.3486 3.9266 1.6028 -1.7263 2.8966 1.2287 -1.1747 2.8733 2.0427 -0.97452 1.2739 2.3088 -1.7036 0.06559 2.9302 -2.2934 2.9425 0.42644 -2.6154 1.3999 -0.0039491 -3.5522 0.37206 0.66204 0.47214 0.011292 0.63282 -0.85588 -1.35 1.5259 -0.11781 -2.9417 1.1107 -0.47214 -0.011292 -0.63282 -1.7009 -1.4595 0.2656 -0.88922 -2.9092 -0.43454
2 98 204 -2.5347 3.9942 1.0634 -1.8784 2.9438 0.83232 -1.4965 2.9189 1.7383 -1.2045 1.3314 1.9903 -1.7549 -0.032613 2.453 -2.2772 2.9919 -0.065444 -2.3777 1.4453 -0.58179 -3.1859 0.15779 -0.32339 0.33618 0.011407 0.71439 -1.08 -1.4308 1.2878 -0.29021 -3.0336 1.0463 -0.33618 -0.011407 -0.71439 -1.6524 -1.5383 -0.12233 -0.72522 -2.9982 -0.63213
