2 8 204 -3.6719 2.8051 1.4378 -2.6654 2.1052 1.1388 -2.3415 2.0428 2.0654 -0.86768 1.4042 1.7675 0.0036253 0.14683 1.9611 -3.0129 2.183 0.222 -1.9292 1.4022 -0.71865 -1.8643 0.079658 -1.5088 0.30993 -0.01733 0.72605 -1.151 -1.4641 1.1582 0.070257 -2.7125 0.70993 -0.30993 0.01733 -0.72605 -1.6544 -1.5486 -0.33311 -0.34753 -2.7042 -0.78865
2 9 204 -3.5682 2.9672 1.3734 -2.5991 2.211 1.0924 -2.285 2.1476 2.0222 -1.0359 1.1048 1.8772 -0.8015 -0.39127 2.1681 -2.9365 2.2905 0.17191 -2.1431 1.1236 -0.65132 -2.5742 -0.28579 -1.1045 0.29803 -0.027252 0.73071 -1.184 -1.4574 1.1459 0.12409 -2.6057 0.67556 -0.29803 0.027252 -0.73071 -1.6652 -1.5252 -0.36289 -0.29314 -2.604 -0.81519
2 10 216 -3.0819 3.171 1.9704 -2.242 2.3442 1.525 -1.7421 2.2904 2.3704 -0.90254 0.89263 2.2708 -1.3868 -0.49473 2.7382 -2.7619 2.4155 0.69314 -2.5247 0.95053 0.010182 -3.4852 -0.24212 0.19127 0.43679 -0.024077 0.65737 -0.9266 -1.4658 1.348 0.30991 -2.531 0.58168 -0.43679 0.024077 -0.65737 -1.697 -1.5389 -0.038203 -0.38922 -2.5398 -0.7722
2 11 216 -2.9461 3.3702 1.8441 -2.163 2.4721 1.4402 -1.6652 2.4337 2.2876 -1.3207 0.86436 2.583 -2.4777 0.041216 3.1843 -2.68 2.5293 0.60549 -2.8867 0.94194 0.27967 -4.1457 0.34795 0.94287 0.4368 -0.012567 0.65768 -0.88376 -1.5157 1.2988 0.38106 -2.5375 0.51956 -0.4368 0.012567 -0.65768 -1.6422 -1.6017 -0.061428 -0.30375 -2.544 -0.81741
2 12 216 -2.7962 3.552 1.7283 -2.0767 2.5868 1.3691 -1.582 2.5587 2.2187 -1.7682 1.0969 2.9237 -3.2181 1.113 3.4484 -2.5896 2.6352 0.53128 -3.2567 1.1442 0.5521 -4.4791 1.3723 1.4638 0.44092 -0.0042431 0.65504 -0.77838 -1.6233 1.2085 0.49722 -2.636 0.43514 -0.44092 0.0042434 -0.65504 -1.532 -1.7028 -0.098262 -0.20118 -2.6233 -0.89351
2 13 216 -2.6247 3.7184 1.6367 -1.9704 2.6914 1.3294 -1.483 2.6704 2.1834 -2.083 1.5619 3.2226 -3.3962 2.3382 3.4472 -2.4747 2.7344 0.4861 -3.5409 1.5272 0.75943 -4.4093 2.471 1.6156 0.45106 -0.0038791 0.64809 -0.59614 -1.7723 1.0843 0.66856 -2.813 0.33022 -0.45106 0.0038788 -0.64809 -1.3558 -1.8354 -0.18692 -0.058278 -2.781 -1.0074
2 29 216 -2.6445 3.7762 1.475 -1.9373 2.7957 1.1299 -1.4546 2.7662 1.9863 -1.3497 1.1656 2.2962 -2.457 0.31886 2.9553 -2.438 2.8461 0.28479 -2.8402 1.3273 -0.16267 -4.1161 0.77131 0.50093 0.43359 0.036828 0.65889 -1.0633 -1.0302 1.6763 -0.30257 -2.5752 1.142 -0.43359 -0.036829 -0.65889 -2.0396 -1.0918 0.19087 -1.1235 -2.5612 -0.31158
2 30 216 -2.8299 3.5952 1.5612 -2.0568 2.6821 1.1711 -1.566 2.6515 2.0229 -1.3232 1.0498 2.2337 -2.1563 -0.059917 2.9061 -2.5667 2.732 0.33157 -2.7938 1.1951 -0.17349 -3.9115 0.19254 0.17763 0.42243 0.03927 0.66597 -1.1482 -0.95223 1.648 -0.26568 -2.4293 1.1092 -0.42243 -0.03927 -0.66597 -2.0439 -1.0073 0.25501 -1.0712 -2.4 -0.34934
2 31 216 -3.04 3.3583 1.6876 -2.2163 2.5098 1.2548 -1.7148 2.4763 2.1002 -1.283 0.9049 2.2148 -1.8371 -0.39496 2.8321 -2.7379 2.5612 0.42254 -2.7661 1.0533 -0.20521 -3.5634 -0.26391 -0.12112 0.41489 0.038656 0.67072 -1.1436 -1.0066 1.6156 -0.21865 -2.4392 1.0299 -0.41489 -0.038656 -0.67072 -2.0253 -1.0124 0.2635 -1.0212 -2.3741 -0.35973
2 55 192 -4.2791 1.9539 1.0734 -3.1139 1.5168 0.85416 -2.8888 1.4961 1.8114 -1.2793 1.2608 1.9619 -0.33281 0.097194 2.3196 -3.3665 1.5466 -0.095933 -2.0666 1.2672 -1.0452 -1.3173 0.15284 -1.8031 0.22609 0.025459 0.75613 -0.65062 -1.8799 0.87898 -0.10023 -3.5968 0.89658 -0.22609 -0.025459 -0.75613 -1.0461 -1.9461 -0.52647 -0.28535 -3.5638 -0.76134
2 56 192 -4.2909 1.9422 1.038 -3.1174 1.5224 0.82701 -2.9027 1.4976 1.7865 -1.2764 1.4758 1.9399 -0.11921 0.55327 2.3729 -3.3599 1.556 -0.1256 -2.0423 1.4847 -1.0888 -1.1982 0.56874 -1.9978 0.21795 0.021492 0.75864 -0.66222 -1.8831 0.86812 -0.093003 -3.5939 0.88646 -0.21795 -0.021492 -0.75864 -1.0331 -1.945 -0.5354 -0.27631 -3.5647 -0.76936
2 57 192 -4.3236 1.8792 1.0144 -3.1416 1.482 0.80782 -2.929 1.4539 1.7677 -1.3107 1.6198 1.917 -0.023205 0.93059 2.412 -3.382 1.5184 -0.1452 -2.0588 1.6398 -1.0955 -1.1711 0.9053 -2.1202 0.20979 0.016918 0.76105 -0.7031 -1.8724 0.86779 -0.10034 -3.5716 0.88012 -0.20979 -0.016918 -0.76105 -1.0492 -1.9307 -0.54382 -0.27911 -3.5446 -0.77398
2 58 192 -4.3717 1.7787 0.98679 -3.1794 1.4074 0.79097 -2.9783 1.3749 1.7532 -1.3817 1.6954 1.8836 -0.030085 1.1902 2.4272 -3.4086 1.4475 -0.16466 -2.088 1.7422 -1.08 -1.2 1.1201 -2.1765 0.20225 0.012627 0.76317 -0.77237 -1.8454 0.87367 -0.11815 -3.5255 0.87372 -0.20225 -0.012627 -0.76317 -1.0976 -1.9024 -0.55954 -0.2929 -3.5005 -0.78156
2 59 192 -4.4242 1.6634 0.9557 -3.2221 1.3187 0.77498 -3.0283 1.279 1.7384 -1.4565 1.712 1.8408 -0.085747 1.3134 2.4238 -3.444 1.3656 -0.18205 -2.1232 1.7821 -1.0485 -1.2531 1.1928 -2.1769 0.19431 0.010248 0.76527 -0.85871 -1.8044 0.87642 -0.13372 -3.4552 0.86233 -0.19432 -0.010248 -0.76527 -1.1667 -1.8631 -0.57607 -0.30421 -3.4329 -0.78247
2 69 216 -2.7319 3.5201 1.8722 -2.0436 2.5379 1.5043 -1.5508 2.5046 2.3549 -2.3481 1.4813 3.3477 -3.3327 2.5445 3.8748 -2.5546 2.5916 0.66571 -3.7571 1.5642 1.0746 -4.5178 2.5608 1.9722 0.46451 -0.016275 0.63833 -0.57219 -1.744 1.2339 0.68314 -2.7939 0.477 -0.46451 0.016275 -0.63833 -1.4537 -1.7922 -0.23209 -0.15361 -2.7576 -1.0249
2 70 216 -2.4799 3.7829 1.7152 -1.8771 2.731 1.3832 -1.3766 2.7022 2.2294 -2.3408 2.0517 3.3765 -2.9343 3.4643 3.5502 -2.3937 2.7824 0.54786 -3.7796 2.0889 1.0648 -4.1282 3.4785 1.635 0.46129 -0.017178 0.64064 -0.29244 -1.9322 1.0638 0.91741 -3.0351 0.30825 -0.46129 0.017178 -0.64064 -1.2108 -1.9312 -0.40315 0.029447 -2.9673 -1.2027
2 71 204 -2.3493 4.1141 1.0237 -1.8152 2.9873 0.82444 -1.4683 2.96 1.7444 -2.6991 2.5288 2.7281 -2.9964 4.0353 2.5876 -2.1762 3.04 -0.088926 -3.7116 2.5333 0.14465 -3.8572 4.0413 0.43151 0.30714 -0.020804 0.72714 -0.11663 -2.0737 0.87033 1.1335 -3.2922 0.41951 -0.30714 0.020804 -0.72714 -0.75958 -2.0299 -0.79032 0.51512 -3.1838 -1.3332
2 86 216 -2.0843 4.2083 1.1827 -1.473 3.1466 0.8651 -0.95979 3.1782 1.7035 -1.3019 1.8015 2.5137 -2.4186 2.753 2.9884 -2.001 3.1394 0.035351 -2.9467 1.8101 -0.050776 -3.9073 2.6817 0.78293 0.44726 0.019693 0.65044 -1.1624 -0.50287 1.8955 -0.4122 -2.0511 1.3561 -0.44726 -0.019693 -0.65044 -2.1901 -0.63978 0.34561 -1.2049 -2.0387 -0.22283
2 87 216 -2.1681 4.149 1.2293 -1.5428 3.0951 0.92253 -1.0285 3.121 1.7605 -1.3124 1.691 2.4975 -2.5472 2.4491 3.0249 -2.0725 3.0929 0.093867 -2.9451 1.7175 -0.032182 -3.9644 2.4458 0.86688 0.44497 0.016824 0.65208 -1.1965 -0.44187 1.8807 -0.37987 -1.9417 1.3024 -0.44497 -0.016824 -0.65208 -2.199 -0.59795 0.34783 -1.1463 -1.9289 -0.2614
2 88 216 -2.2363 4.086 1.2949 -1.5919 3.0491 0.97819 -1.0803 3.0651 1.8181 -1.3228 1.6119 2.5237 -2.627 2.2274 3.0697 -2.1196 3.0559 0.14827 -2.9605 1.6647 -0.013786 -3.9979 2.314 0.92422 0.44491 0.012181 0.65223 -1.2268 -0.44149 1.8413 -0.36235 -1.9144 1.2632 -0.44491 -0.012181 -0.65223 -2.1785 -0.61654 0.36943 -1.105 -1.909 -0.28481
2 89 216 -2.3102 4.0179 1.3655 -1.6453 2.9989 1.0396 -1.141 2.9991 1.884 -1.3739 1.5341 2.5683 -2.7138 2.0462 3.1341 -2.1665 3.0209 0.2058 -2.9961 1.6241 0.03418 -4.0476 2.226 0.98795 0.44562 0.0086915 0.6518 -1.2499 -0.47694 1.7936 -0.35305 -1.9374 1.2335 -0.44562 -0.0086915 -0.6518 -2.1407 -0.65871 0.40582 -1.0752 -1.9338 -0.2939
2 90 216 -2.3865 3.9506 1.4332 -1.7041 2.9477 1.0936 -1.197 2.9406 1.9363 -1.4264 1.4681 2.6055 -2.7941 1.8836 3.1836 -2.2283 2.9767 0.26185 -3.0461 1.5746 0.077536 -4.1081 2.1416 1.0411 0.44725 0.0079288 0.6507 -1.2527 -0.54579 1.7543 -0.34982 -2.0151 1.2281 -0.44725 -0.0079288 -0.6507 -2.1011 -0.73402 0.42259 -1.0601 -2.0146 -0.30362
2 91 216 -2.4415 3.8928 1.5029 -1.7483 2.9024 1.1487 -1.2361 2.8924 1.9883 -1.451 1.4075 2.6347 -2.8435 1.7049 3.2266 -2.2776 2.9339 0.32036 -3.0727 1.5203 0.12465 -4.1537 2.0346 1.0965 0.45174 0.005635 0.64761 -1.2204 -0.65908 1.7322 -0.32703 -2.1347 1.2075 -0.45174 -0.005635 -0.64761 -2.06 -0.82893 0.42473 -1.047 -2.1259 -0.31186
2 92 216 -2.4876 3.8467 1.5556 -1.7894 2.8643 1.1881 -1.2708 2.8519 2.0238 -1.4601 1.3457 2.6272 -2.865 1.4721 3.25 -2.3252 2.8981 0.36408 -3.0767 1.4628 0.15433 -4.1975 1.8752 1.1297 0.4534 0.0064747 0.64644 -1.1766 -0.78074 1.713 -0.30495 -2.271 1.1931 -0.4534 -0.0064747 -0.64644 -2.017 -0.93439 0.40637 -1.0363 -2.2585 -0.32561
2 93 216 -2.5065 3.82 1.5995 -1.8118 2.8401 1.2191 -1.2834 2.825 2.0486 -1.4293 1.2941 2.5998 -2.8189 1.1917 3.2603 -2.3572 2.8766 0.40149 -3.0411 1.4126 0.16112 -4.2081 1.6477 1.1411 0.45765 0.0078428 0.64343 -1.1225 -0.90659 1.6833 -0.28203 -2.421 1.1822 -0.45764 -0.007843 -0.64343 -1.9659 -1.0495 0.38344 -1.0227 -2.4045 -0.34139
2 94 216 -2.5034 3.813 1.6272 -1.8154 2.8309 1.2407 -1.2804 2.8124 2.0658 -1.3598 1.2542 2.5501 -2.6852 0.87874 3.243 -2.3675 2.8707 0.42772 -2.97 1.3791 0.14372 -4.1623 1.3555 1.1213 0.46188 0.0089302 0.64038 -1.0597 -1.0352 1.6447 -0.25062 -2.5747 1.169 -0.46188 -0.0089302 -0.64038 -1.9015 -1.1694 0.35709 -1.0017 -2.5573 -0.36039
