0 10 204 0.78716 4.7571 0.31031 0.41277 3.5494 0.2914 0.87127 3.4719 -0.57527 0.41296 2.664 -1.9192 0.52801 3.0016 -3.4193 -0.03884 3.6559 1.1586 0.8222 2.4832 1.9017 2.3626 2.4843 1.8324 0.73832 -0.0623 -0.27294 0.55325 -1.7269 0.99553 0.78254 -3.5113 1.116 -0.73832 0.0623 0.27294 -0.57329 -1.9714 -0.22824 -0.12695 -3.3658 -1.2805
0 11 192 0.73059 4.7522 0.43964 0.35179 3.5479 0.37893 0.90592 3.4789 -0.43072 0.57566 2.6587 -1.8043 0.78825 2.9378 -3.3059 -0.19559 3.6458 1.1902 0.68378 2.4795 1.9217 2.2189 2.5142 1.7806 0.77193 -0.058336 -0.15563 0.36843 -1.7182 1.0676 0.54545 -3.503 1.2524 -0.77193 0.058336 0.15563 -0.50976 -1.9725 -0.31477 0.13507 -3.3547 -1.2764
0 12 192 0.73599 4.7479 0.43701 0.34896 3.5455 0.40293 0.84668 3.4861 -0.4433 0.4296 2.6451 -1.7803 0.49759 2.8676 -3.3046 -0.14185 3.6339 1.2507 0.88318 2.4813 1.7887 2.338 2.5625 1.2843 0.76455 -0.051195 -0.19065 0.40826 -1.7155 1.0412 0.55605 -3.4998 1.2537 -0.76455 0.051195 0.19065 -0.50421 -1.9782 -0.28679 0.13001 -3.3486 -1.2721
0 13 180 0.62796 4.749 0.57962 0.25556 3.5459 0.47458 0.88918 3.496 -0.27601 0.72783 2.6315 -1.6528 1.055 2.7994 -3.1503 -0.37145 3.6247 1.2282 0.64499 2.4846 1.8076 2.0983 2.634 1.3145 0.78618 -0.046401 -0.057161 0.22323 -1.7182 1.0841 0.28813 -3.5007 1.3474 -0.78618 0.046401 0.057161 -0.41926 -1.9779 -0.36934 0.39184 -3.3466 -1.2176
0 13 192 0.73475 4.749 0.43639 0.34865 3.5459 0.41108 0.81237 3.496 -0.45485 0.36829 2.6315 -1.768 0.37694 2.7994 -3.3008 -0.10797 3.6247 1.2786 1.0067 2.4846 1.634 2.3258 2.634 0.8495 0.75712 -0.046401 -0.21937 0.44376 -1.7182 1.014 0.56198 -3.5007 1.2581 -0.75711 0.046401 0.21937 -0.48689 -1.9779 -0.2741 0.13011 -3.3466 -1.2725
0 14 180 0.61873 4.7451 0.61778 0.2474 3.542 0.50754 0.87174 3.5022 -0.25138 0.72725 2.6093 -1.6117 1.0843 2.7391 -3.1062 -0.37023 3.6107 1.2699 0.71102 2.472 1.7204 2.0716 2.6952 1.0301 0.78493 -0.039922 -0.076118 0.26005 -1.7237 1.0657 0.2995 -3.5023 1.3588 -0.78493 0.039922 0.076118 -0.4058 -1.9819 -0.35141 0.39336 -3.3508 -1.2106
0 14 192 0.73366 4.7451 0.47564 0.34752 3.542 0.44502 0.80043 3.5022 -0.42714 0.37626 2.6093 -1.7277 0.41479 2.7391 -3.2637 -0.098118 3.6107 1.3191 1.0532 2.472 1.535 2.2405 2.6952 0.57688 0.75195 -0.039922 -0.23765 0.47594 -1.7237 0.98834 0.57547 -3.5023 1.2669 -0.75195 0.039922 0.23765 -0.47 -1.9819 -0.25936 0.13305 -3.3508 -1.266
0 15 192 0.70388 4.7463 0.51812 0.32518 3.541 0.47078 0.79494 3.5078 -0.39269 0.43046 2.5945 -1.6972 0.55894 2.7051 -3.2298 -0.13733 3.603 1.3366 1.0288 2.4694 1.491 2.1166 2.7527 0.43547 0.75394 -0.032722 -0.23238 0.48907 -1.7313 0.97544 0.57653 -3.508 1.2702 -0.75394 0.032722 0.23238 -0.47324 -1.9935 -0.24728 0.13015 -3.3568 -1.2613
0 16 192 0.67047 4.7499 0.55538 0.30138 3.5427 0.47822 0.81471 3.5134 -0.36024 0.54191 2.584 -1.6758 0.8106 2.6857 -3.1908 -0.20477 3.6008 1.3195 0.96441 2.4746 1.5026 2.0177 2.786 0.42031 0.75965 -0.032658 -0.213 0.48396 -1.7371 0.98413 0.57373 -3.5147 1.2725 -0.75965 0.032658 0.213 -0.47988 -1.9965 -0.25452 0.12964 -3.3644 -1.2587
0 17 204 0.71997 4.7532 0.45611 0.34915 3.544 0.43084 0.74122 3.5096 -0.47053 0.33021 2.574 -1.7451 0.45814 2.676 -3.2783 -0.035577 3.6073 1.3338 1.1548 2.4895 1.3806 2.0124 2.7971 0.1366 0.71643 -0.027241 -0.33088 0.6688 -1.7439 0.87959 0.81874 -3.5228 1.1323 -0.71643 0.027241 0.33088 -0.54368 -2.0116 -0.14625 -0.1348 -3.3774 -1.25
0 18 204 0.64286 4.7605 0.51304 0.28972 3.5469 0.45 0.77191 3.5081 -0.40636 0.51286 2.5718 -1.7197 0.84768 2.6852 -3.2206 -0.18551 3.6147 1.3084 0.99374 2.5071 1.5349 1.9928 2.7874 0.39422 0.73912 -0.022707 -0.27692 0.64342 -1.7482 0.91799 0.80127 -3.5295 1.1478 -0.73912 0.022707 0.27692 -0.57479 -2.0282 -0.1488 -0.13438 -3.3943 -1.2399
0 19 216 0.64918 4.7674 0.45392 0.30911 3.5486 0.42082 0.71685 3.5092 -0.47336 0.37014 2.5621 -1.7585 0.61511 2.6891 -3.2756 -0.091758 3.617 1.3164 1.1022 2.5205 1.5182 2.0838 2.7515 0.35168 0.7027 -0.01656 -0.35977 0.79004 -1.7526 0.82041 0.99095 -3.5361 0.9927 -0.7027 0.01656 0.35977 -0.63926 -2.0492 -0.018259 -0.3934 -3.4127 -1.1721
0 32 348 0.58692 4.8134 0.10742 0.34925 3.5693 0.10666 0.55004 3.5421 -0.85579 0.94353 2.5543 -2.096 2.2301 2.5464 -2.9459 0.15378 3.6258 1.0689 0.60534 2.817 2.4145 1.6128 2.8088 3.5818 0.20637 0.0043416 -0.76216 0.83603 -1.9993 -0.81731 0.25392 -3.6754 -1.1379 -0.20637 -0.0043421 0.76216 0.25291 -2.0199 1.1375 -0.4787 -3.6624 1.2713
0 33 0 0.57938 4.8154 0.06635 0.34698 3.5703 0.070373 0.50257 3.547 -0.90051 0.96759 2.5305 -2.0918 2.3198 2.48 -2.8311 0.19658 3.623 1.0409 0.55051 2.8551 2.4387 1.4934 2.8826 3.6585 0.11446 0.0069962 -0.78125 0.66959 -2.0149 -0.91602 0.0062361 -3.677 -1.1356 -0.11446 -0.0069962 0.78125 0.42533 -2.0121 1.1016 -0.22452 -3.6724 1.3698
0 36 24 0.56468 4.8163 0.099608 0.34643 3.5691 0.070126 0.58819 3.5452 -0.88294 1.4411 2.4531 -1.7481 2.975 2.3316 -1.8491 0.10958 3.6225 1.0232 -0.14676 2.9059 2.4688 0.21328 3.0162 3.964 0.010562 0.024031 -0.78918 0.32697 -2.0449 -0.97326 -0.45584 -3.6691 -0.96879 -0.010562 -0.024031 0.78918 0.74849 -1.9747 0.9714 0.34177 -3.673 1.4199
0 37 36 0.55212 4.8175 0.075044 0.33359 3.5708 0.041314 0.54047 3.548 -0.91996 1.4238 2.4328 -1.7229 2.9602 2.3028 -1.7077 0.13152 3.623 1.0025 -0.21708 2.8956 2.423 0.034159 3.0296 3.9385 -0.074156 0.026108 -0.7857 0.15342 -2.0531 -0.98426 -0.65402 -3.6589 -0.84195 0.074156 -0.026107 0.7857 0.90183 -1.9566 0.83504 0.62511 -3.669 1.327
0 45 108 0.56065 4.7749 0.11407 0.2696 3.5718 -0.078145 0.35591 3.6027 -1.0574 1.4093 2.3545 -1.0908 2.2026 2.3302 0.23131 0.18697 3.5706 0.90192 -0.87509 2.6374 1.7205 -1.6336 2.2931 3.0181 -0.51717 0.038 -0.59547 -0.64481 -2.0559 -0.4791 -1.0482 -3.5515 0.44368 0.51717 -0.038 0.59547 1.1633 -1.8158 -0.31905 1.4243 -3.5934 -0.1678
0 58 60 0.51293 4.7997 0.12148 0.31142 3.5697 -0.062595 0.50453 3.5876 -1.0268 1.6039 2.3944 -0.83671 2.1131 2.5919 0.6053 0.12245 3.5812 0.90256 -0.59735 2.5357 1.9309 -0.74952 2.1331 3.4116 -0.27784 0.01784 -0.73891 -0.28428 -2.0691 -0.98173 -1.0848 -3.635 -0.5844 0.27784 -0.017841 0.73891 1.1397 -1.9091 0.43129 1.0043 -3.6542 0.86377
0 60 48 0.50601 4.8055 0.11408 0.31439 3.5701 -0.048168 0.5057 3.5763 -1.0129 1.5833 2.3517 -0.92381 2.324 2.6001 0.40555 0.12721 3.5934 0.91712 -0.49433 2.5778 2.0356 -0.40156 2.2649 3.5426 -0.22439 0.018466 -0.75684 -0.14147 -2.061 -1.045 -0.94439 -3.6599 -0.82125 0.22439 -0.018466 0.75684 1.0473 -1.9429 0.57295 0.77987 -3.6679 1.024
0 62 36 0.52228 4.8076 0.097066 0.32687 3.5694 -0.041007 0.52204 3.5583 -1.0049 1.5594 2.2965 -1.0241 2.5012 2.5369 0.17296 0.13608 3.61 0.923 -0.39792 2.6047 2.0948 -0.075028 2.3319 3.5777 -0.16642 0.017196 -0.77169 0.019801 -2.0528 -1.0792 -0.76205 -3.6767 -1.0284 0.16642 -0.017196 0.77169 0.92665 -1.9737 0.6809 0.52965 -3.6778 1.1164
0 64 24 0.52025 4.8117 0.088408 0.33289 3.5691 -0.026162 0.5325 3.5459 -0.98896 1.5122 2.2432 -1.0969 2.646 2.4428 -0.070956 0.13779 3.6216 0.9364 -0.3134 2.5921 2.1218 0.16274 2.308 3.5606 -0.10746 0.01641 -0.7821 0.17108 -2.0428 -1.0925 -0.54356 -3.6943 -1.205 0.10746 -0.01641 0.7821 0.80706 -1.9975 0.77313 0.27502 -3.6782 1.1516
0 67 12 0.51138 4.8187 0.025354 0.33149 3.5697 -0.041735 0.47444 3.5373 -1.0143 1.3171 2.1604 -1.2648 2.7507 2.3034 -0.71501 0.19301 3.6316 0.93005 -0.03794 2.52 2.1047 0.79404 2.1697 3.3548 -0.076688 0.0079436 -0.78585 0.29815 -2.0338 -1.1102 -0.30132 -3.7108 -1.3916 0.076688 -0.0079432 0.78585 0.66913 -2.0234 0.81952 0.014808 -3.6816 1.0901
0 69 0 0.50911 4.8218 0.054231 0.33708 3.5698 0.017266 0.53483 3.5182 -0.94481 1.2873 2.0842 -1.1596 2.7928 2.1819 -0.84069 0.14412 3.6508 0.97829 -0.0067244 2.4473 2.0726 0.93118 2.0232 3.2207 0.033621 0.011395 -0.78882 0.49518 -2.0194 -1.0665 -0.0036011 -3.7025 -1.4779 -0.033622 -0.011395 0.78882 0.52158 -2.036 0.87369 -0.20451 -3.6809 1.0068
0 70 0 0.52492 4.8208 0.025364 0.35744 3.5676 0.020758 0.48746 3.5023 -0.95196 1.1654 2.0383 -1.2088 2.7042 2.0987 -1.1304 0.23211 3.6623 0.99168 0.24944 2.4037 2.033 1.3171 1.926 3.0378 0.014689 0.013771 -0.78936 0.51294 -2.0064 -1.0807 0.0031662 -3.6883 -1.4838 -0.014688 -0.013771 0.78936 0.54623 -2.0375 0.85305 -0.19299 -3.6771 0.98074
0 72 348 0.51695 4.82 0.1295 0.34854 3.5661 0.12999 0.56723 3.4991 -0.82659 1.137 1.9762 -0.98438 2.6774 1.9138 -0.95757 0.13484 3.6626 1.0852 0.2429 2.3042 1.9863 1.3285 1.7016 2.9005 0.13659 0.030828 -0.7771 0.76506 -1.967 -0.94443 0.31237 -3.6687 -1.3318 -0.13659 -0.030828 0.7771 0.41136 -2.0549 0.90838 -0.37944 -3.675 0.8788
0 73 348 0.49242 4.8226 0.12513 0.32974 3.568 0.13946 0.49406 3.5021 -0.82802 0.99027 1.9548 -0.99659 2.5234 1.8166 -1.0871 0.17032 3.6633 1.1053 0.39997 2.2552 1.9012 1.5669 1.5921 2.6603 0.10956 0.03797 -0.78106 0.74955 -1.9581 -0.92427 0.27664 -3.6688 -1.2417 -0.10956 -0.03797 0.78106 0.4232 -2.0679 0.88089 -0.38932 -3.6773 0.86301
0 76 336 0.44416 4.8277 0.16265 0.3015 3.5709 0.16037 0.54661 3.515 -0.7905 0.85129 1.9134 -0.89307 2.309 1.4198 -0.79745 0.061315 3.6562 1.1103 0.35771 2.1322 1.6185 1.5002 1.2925 2.2246 0.21677 0.027959 -0.75877 0.82703 -1.9807 -0.67311 0.38747 -3.6978 -1.0033 -0.21677 -0.027959 0.75877 0.20975 -2.0785 0.92455 -0.5973 -3.6826 0.76113
0 92 348 0.34432 4.7848 0.28557 0.19418 3.5555 0.14366 0.34564 3.5848 -0.82771 -0.032789 3.3443 -2.3986 -0.52159 4.5739 -3.1903 0.041169 3.556 1.1152 -0.52195 3.3356 2.6328 -0.77828 4.6191 3.4481 0.13646 0.01861 -0.77752 0.52857 -2.0433 -0.68167 -0.068182 -3.7414 -0.78799 -0.13646 -0.01861 0.77751 0.17204 -2.0836 1.0117 -0.6026 -3.7082 1.1191
0 108 348 0.36634 4.8316 -0.052612 0.31874 3.5718 -0.038314 0.56256 3.495 -0.98806 1.1767 1.9817 -0.95232 2.4762 1.3933 -0.36678 0.078957 3.678 0.90962 0.66882 2.2703 1.4919 2.0451 1.576 1.5295 0.18901 -0.014527 -0.76653 0.64798 -2.062 -0.65937 0.053709 -3.7486 -0.88969 -0.18901 0.014527 0.76653 0.17818 -2.0419 0.99121 -0.4595 -3.7283 1.0124
2 108 348 1.431 4.6124 0.41288 1.1154 3.3969 0.28276 1.2898 3.3977 -0.6852 0.49681 2.1266 -1.3363 0.47498 0.82061 -2.1558 0.9505 3.4243 1.252 0.17105 2.0047 1.4662 0.026012 0.49498 1.7446 0.14807 0.017576 -0.77541 0.86159 -1.9536 -0.63465 0.2866 -3.6375 -0.92553 -0.14807 -0.017576 0.77541 0.42458 -2.035 0.90267 -0.38335 -3.6443 0.81007
3 53 72 0.062932 4.8258 0.079967 0.22213 3.575 0.040437 0.58427 3.5832 -0.87397 -0.1383 2.384 -1.7157 -0.12989 0.90424 -2.1492 -0.14116 3.5966 0.95417 0.59437 2.4616 1.8704 1.7976 3.3503 2.2448 0.4162 -0.030184 -0.67035 1.8602 -1.085 0.43265 0.59618 -2.2629 -0.082834 -0.4162 0.030185 0.67035 -0.87111 -1.9457 0.11974 -1.2534 -3.6358 -0.37846
3 54 72 0.096032 4.8247 0.076746 0.25975 3.5745 0.038105 0.63008 3.5847 -0.873 -0.099654 2.3963 -1.7238 -0.11644 0.91274 -2.144 -0.11176 3.5942 0.94857 0.63064 2.4549 1.8539 1.8386 3.331 2.2423 0.40818 -0.036708 -0.67493 1.737 -1.2839 0.37046 0.73856 -2.7594 0.09287 -0.40818 0.036708 0.67493 -0.91157 -1.9212 0.10254 -1.3368 -3.5953 -0.41468
3 55 72 0.11298 4.8231 0.059205 0.2874 3.5745 0.020453 0.6626 3.5855 -0.88865 -0.059669 2.385 -1.7288 -0.10004 0.89794 -2.1346 -0.089273 3.5933 0.92882 0.61142 2.4119 1.8132 1.8665 3.2129 2.2143 0.40432 -0.044847 -0.67677 1.5646 -1.511 0.28161 0.85852 -3.1689 0.2187 -0.40432 0.044847 0.67677 -0.97065 -1.8889 0.081673 -1.4481 -3.5428 -0.45461
4 0 348 1.087 4.7086 -0.1177 0.78353 3.4878 0.027125 0.91317 3.3334 -0.93553 0.7004 1.7423 -1.2385 2.0114 0.93115 -1.2068 0.66168 3.6708 0.9858 0.04467 2.237 1.468 0.61294 0.91356 2.0186 0.07986 0.026003 -0.78514 0.64341 -1.9794 -0.51089 0.08677 -3.693 -0.44466 -0.07986 -0.026004 0.78514 0.53993 -2.0332 0.8229 -0.9514 -3.0055 0.53755
4 52 108 0.95529 4.6439 0.95404 0.74026 3.4041 0.83385 1.1086 3.4895 -0.074116 1.0123 2.265 -1.1512 2.2892 2.0537 -0.31311 0.37805 3.3475 1.7465 -0.70428 2.1247 1.7919 0.5882 1.4466 2.2893 0.20491 0.15908 -0.74579 0.065567 -1.9108 -1.0785 -0.88345 -3.3857 -1.4967 -0.20491 -0.15908 0.74579 1.0917 -1.8114 0.69175 0.35025 -3.2905 -0.024712
4 53 108 0.86264 4.64 1.0699 0.66207 3.4022 0.90454 1.0876 3.5058 0.023882 0.98437 2.2623 -1.0305 2.2386 1.9368 -0.19466 0.24206 3.3273 1.7907 -0.85122 2.1163 1.7076 0.40687 1.4504 2.3004 0.24829 0.16501 -0.73118 -0.025421 -1.8774 -1.1409 -0.97891 -3.3233 -1.6421 -0.24829 -0.16501 0.73118 0.97645 -1.8713 0.67638 0.55626 -3.4714 -0.040418
4 55 120 0.90957 4.6351 1.0814 0.7055 3.4029 0.88021 1.022 3.547 -0.039795 0.73405 2.2533 -0.99488 2.1011 1.7516 -0.48773 0.39482 3.2873 1.8062 -0.65402 2.0352 1.7786 0.71486 1.458 2.1918 0.18303 0.17043 -0.74897 -0.035958 -1.8765 -1.1691 -1.3589 -3.0138 -1.6243 -0.18303 -0.17043 0.74897 0.895 -1.9534 0.4787 0.4001 -3.515 -0.27458
4 56 120 0.90805 4.6274 1.1448 0.69041 3.4063 0.89743 1.034 3.5682 -0.0098027 0.76071 2.2505 -0.93599 2.1122 1.6902 -0.44894 0.35324 3.2726 1.8117 -0.63812 1.9762 1.7391 0.76619 1.4968 2.1583 0.22184 0.15592 -0.7416 0.23732 -1.903 -1.1598 -1.222 -2.8027 -1.7182 -0.22184 -0.15592 0.7416 0.84637 -1.9402 0.44263 0.20085 -3.4322 -0.33727
5 0 324 0.85247 4.7626 0.36421 0.6125 3.523 0.26632 0.98866 3.5382 -0.64232 0.87652 2.0189 -1.2321 1.7381 0.78069 -1.552 0.24264 3.5368 1.1776 -0.14905 1.9572 1.3199 0.21503 0.53298 1.7853 0.26936 -0.0039864 -0.74225 0.11565 -2.0927 -0.57497 -0.95617 -3.5126 -0.86843 -0.26936 0.0039859 0.74225 0.91968 -1.7042 1.0295 0.82618 -3.4933 0.82598
5 1 324 0.83756 4.7613 0.38636 0.60918 3.5213 0.26711 0.973 3.5576 -0.64595 0.80476 2.0483 -1.2478 1.6207 0.79833 -1.6345 0.25136 3.514 1.1832 -0.10384 1.9267 1.3345 0.25447 0.4977 1.7898 0.26989 -0.010726 -0.74199 0.069797 -2.0959 -0.57977 -1.0524 -3.4652 -0.92156 -0.26989 0.010726 0.74199 0.88655 -1.7166 1.0475 0.74057 -3.4962 0.79705
5 14 324 0.85479 4.7676 0.27446 0.59445 3.5291 0.22944 0.8166 3.5474 -0.72852 0.34277 2.0626 -1.2181 0.852 0.71383 -1.765 0.37888 3.5398 1.189 0.52392 1.9622 1.5877 1.6033 0.91078 1.915 0.25382 -0.013056 -0.7476 1.44 -1.6937 -0.32027 1.4561 -3.4824 -0.54691 -0.25382 0.013056 0.7476 0.020621 -2.0667 0.6313 -0.8516 -3.5512 0.096229
5 23 348 0.98813 4.7465 -0.087333 0.6956 3.518 0.0093526 0.7639 3.4396 -0.96868 0.28052 1.9277 -1.355 0.55537 0.55011 -1.991 0.63453 3.6252 0.98513 0.27854 2.0969 1.4395 0.68219 0.68764 1.9177 0.13303 -0.014983 -0.77819 1.2258 -1.7976 -0.57232 1.0588 -3.5792 -0.79407 -0.13303 0.014983 0.77819 -0.21975 -2.0842 0.78638 -1.6476 -3.1526 0.52057
5 24 348 1.0306 4.7368 -0.049025 0.72347 3.5112 0.041316 0.85538 3.4195 -0.92902 0.44274 1.8993 -1.3619 0.80866 0.52789 -1.9645 0.599 3.6317 1.0095 0.17771 2.1215 1.4683 0.4736 0.70627 2.0042 0.1698 -0.012163 -0.77105 1.1967 -1.8294 -0.5315 0.95362 -3.6004 -0.76682 -0.1698 0.012163 0.77105 -0.096645 -2.086 0.8518 -1.5749 -3.0523 0.48835
5 26 0 1.063 4.7244 -0.22749 0.74249 3.5087 -0.075299 0.78666 3.4003 -1.0519 0.49207 1.8655 -1.5277 0.91568 0.52193 -2.1546 0.70637 3.6455 0.898 0.28394 2.1593 1.4284 0.61865 0.75335 1.966 0.075171 -0.018206 -0.78582 1.0225 -1.8904 -0.67717 0.56944 -3.6245 -0.87299 -0.075171 0.018206 0.78582 0.37698 -2.0298 0.91014 -1.1207 -3.0053 0.67243
5 27 0 1.0838 4.7207 -0.1956 0.74786 3.5081 -0.051579 0.85499 3.3954 -1.0228 0.68847 1.8551 -1.5411 1.2008 0.53711 -2.1559 0.64903 3.6493 0.91674 0.19563 2.1623 1.4187 0.54003 0.76386 1.9695 0.11303 -0.020438 -0.78122 1.0101 -1.9141 -0.62789 0.46382 -3.619 -0.8425 -0.11303 0.020438 0.78122 0.52838 -1.9738 0.94249 -0.85796 -3.082 0.6249
5 28 0 1.0958 4.7187 -0.15204 0.74777 3.508 -0.021734 0.9113 3.393 -0.98474 0.85637 1.8539 -1.5297 1.4849 0.5757 -2.1204 0.59264 3.6515 0.93884 0.12068 2.1554 1.3945 0.47219 0.7636 1.9575 0.15472 -0.021387 -0.77402 0.97996 -1.9441 -0.58307 0.34363 -3.6139 -0.82355 -0.15472 0.021388 0.77402 0.64879 -1.9095 0.97479 -0.55976 -3.1921 0.5938
5 29 0 1.0889 4.7211 -0.09784 0.73704 3.5099 0.01605 0.95903 3.3961 -0.93533 0.99781 1.8626 -1.4973 1.7594 0.6393 -2.0461 0.52346 3.6523 0.96551 0.051499 2.142 1.3717 0.41676 0.75603 1.9403 0.19527 -0.020052 -0.76483 0.9277 -1.977 -0.54534 0.21364 -3.6107 -0.81388 -0.19527 0.020053 0.76483 0.72589 -1.8528 1.0057 -0.24636 -3.3107 0.581
5 51 36 0.75181 4.784 0.22178 0.47934 3.5483 0.19663 0.68697 3.5794 -0.76425 0.24724 2.0862 -1.26 0.66863 0.73522 -1.8724 0.27725 3.5465 1.1592 0.24957 1.9415 1.4626 1.2495 0.81137 1.7796 0.1995 0.00047398 -0.764 1.3384 -1.7334 -0.43099 1.4989 -3.4976 -0.76683 -0.1995 -0.00047398 0.764 0.19803 -2.0519 0.54556 -0.7455 -3.5014 0.036059
5 52 36 0.74279 4.7853 0.22935 0.47019 3.5501 0.18973 0.73557 3.5789 -0.75689 0.32793 2.0873 -1.2837 0.80032 0.74908 -1.8868 0.21027 3.5504 1.1383 0.17158 1.9465 1.4459 1.1128 0.7783 1.8024 0.23381 -0.0063405 -0.75418 1.4022 -1.702 -0.33713 1.7045 -3.4678 -0.54072 -0.23381 0.0063405 0.75418 0.065241 -2.0601 0.52076 -0.87941 -3.4964 -0.023016
5 54 48 0.77651 4.7836 0.083849 0.49286 3.5505 0.080751 0.65974 3.5762 -0.88819 0.19692 2.0923 -1.3909 0.65655 0.78965 -2.076 0.33167 3.5539 1.051 0.30518 1.9546 1.3831 1.1496 0.69173 1.6471 0.14727 -0.020069 -0.77551 1.3721 -1.6892 -0.41746 1.808 -3.4322 -0.56806 -0.14727 0.02007 0.7755 -0.068372 -2.063 0.51329 -1.1324 -3.4597 0.10343
5 55 48 0.77701 4.7833 0.076113 0.48999 3.551 0.070232 0.70264 3.568 -0.8899 0.2639 2.088 -1.4247 0.77383 0.79912 -2.1003 0.28301 3.5633 1.0317 0.20297 1.9661 1.365 0.93983 0.65538 1.7068 0.18872 -0.028985 -0.76619 1.385 -1.6985 -0.32368 1.8034 -3.447 -0.46129 -0.18872 0.028985 0.76619 -0.18083 -2.0571 0.51606 -1.2614 -3.4271 0.061862
5 57 60 0.7993 4.7807 -0.040059 0.52133 3.5473 0.016115 0.63813 3.5351 -0.9604 0.14952 2.0583 -1.4593 0.55173 0.76894 -2.2033 0.41031 3.5888 0.9925 0.27372 2.0001 1.3479 0.86556 0.62862 1.7304 0.13102 -0.025093 -0.77827 1.3023 -1.7318 -0.41852 1.5162 -3.4996 -0.70154 -0.13102 0.025093 0.77827 -0.21407 -2.0659 0.59043 -1.4512 -3.3509 0.32714
5 60 72 0.86424 4.7636 -0.13425 0.55786 3.5421 -0.013551 0.68875 3.4808 -0.98642 0.24789 1.9896 -1.487 0.48757 0.65598 -2.2231 0.43321 3.6326 0.95786 0.18773 2.0723 1.375 0.68799 0.69054 1.842 0.13135 -0.018205 -0.77841 1.2091 -1.8085 -0.55993 1.0414 -3.574 -0.88526 -0.13135 0.018205 0.77841 -0.086788 -2.0823 0.77405 -1.5389 -3.1307 0.5663
5 63 84 1.0007 4.7311 -0.16607 0.64081 3.5281 -0.016504 0.83774 3.4281 -0.97493 0.53646 1.9243 -1.5376 0.8991 0.58629 -2.2128 0.45122 3.657 0.93996 0.14591 2.1161 1.3883 0.78967 0.80167 1.8737 0.1593 -0.018999 -0.77315 1.032 -1.9236 -0.61478 0.61113 -3.6543 -0.89542 -0.1593 0.018999 0.77315 0.28898 -2.028 0.92459 -1.1757 -2.9825 0.48363
5 64 84 1.0278 4.7273 -0.10382 0.6543 3.5254 0.018892 0.93202 3.4214 -0.91888 0.74897 1.9085 -1.5075 1.2415 0.59035 -2.1379 0.38415 3.6582 0.95524 0.043696 2.1174 1.3779 0.69105 0.82733 1.9204 0.21835 -0.021123 -0.75854 1.032 -1.9462 -0.5429 0.53422 -3.6525 -0.84531 -0.21835 0.021123 0.75854 0.37835 -1.9807 0.98457 -0.94681 -3.0641 0.41808
5 66 96 1.0345 4.7213 -0.20974 0.66867 3.5216 -0.047535 0.88744 3.404 -0.9992 0.83778 1.8873 -1.6041 1.498 0.65115 -2.2474 0.45748 3.6679 0.90186 0.16221 2.1189 1.3287 0.85921 0.83401 1.8195 0.16736 -0.024172 -0.7713 0.88335 -1.9928 -0.60958 0.20508 -3.6489 -0.82886 -0.16736 0.024171 0.7713 0.68465 -1.8876 0.95464 -0.37886 -3.2602 0.46903
5 67 96 1.0426 4.7216 -0.14388 0.66766 3.5219 -0.0024728 0.94654 3.3999 -0.93772 1.0287 1.8891 -1.5539 1.8373 0.71191 -2.1353 0.39653 3.6726 0.93087 0.078422 2.1198 1.326 0.72365 0.8232 1.8554 0.21552 -0.021945 -0.75932 0.85293 -2.0136 -0.55582 0.12953 -3.6488 -0.78726 -0.21552 0.021945 0.75932 0.71432 -1.8482 0.98769 -0.13011 -3.3493 0.45415
5 70 108 0.97542 4.734 -0.12575 0.62163 3.5294 0.021794 0.86376 3.4275 -0.92603 1.1508 1.9467 -1.5534 2.2056 0.96703 -2.1058 0.38672 3.66 0.96789 0.081808 2.1004 1.3466 0.64922 0.74196 1.8052 0.14953 0.00010967 -0.77533 0.50421 -2.0663 -0.63928 -0.31946 -3.6687 -0.70741 -0.14953 -0.00010967 0.77533 0.9833 -1.7644 0.91032 0.69796 -3.5008 0.51744
5 71 108 0.94954 4.7413 -0.050145 0.59713 3.5335 0.070338 0.87802 3.4461 -0.86818 1.2443 1.9735 -1.4732 2.3947 1.0557 -1.9335 0.32329 3.6498 1.0078 0.0011239 2.0876 1.3607 0.50165 0.70629 1.8287 0.16206 0.0082359 -0.77277 0.41752 -2.0725 -0.63278 -0.41867 -3.6687 -0.69387 -0.16206 -0.0082355 0.77277 1.0018 -1.7501 0.93262 0.82302 -3.5008 0.5402
5 72 108 0.91132 4.7501 0.019468 0.56573 3.5381 0.11542 0.87113 3.4666 -0.81676 1.2978 1.9995 -1.395 2.5274 1.1377 -1.7459 0.26717 3.6387 1.0471 -0.068103 2.0731 1.3715 0.36871 0.67172 1.8437 0.17049 0.016142 -0.77083 0.3364 -2.0736 -0.63085 -0.51881 -3.6599 -0.68765 -0.17049 -0.016142 0.77083 1.0089 -1.7444 0.96166 0.88693 -3.4967 0.55486
5 73 108 0.86448 4.7603 0.090924 0.53138 3.543 0.15525 0.86438 3.4942 -0.76892 1.3168 2.0275 -1.3282 2.6079 1.2165 -1.5584 0.20485 3.6208 1.0797 -0.13865 2.0514 1.3758 0.23566 0.63155 1.8466 0.18151 0.021533 -0.76817 0.26655 -2.0729 -0.62495 -0.61576 -3.6441 -0.68508 -0.18151 -0.021533 0.76817 1.0022 -1.7431 0.99037 0.89821 -3.4922 0.5656
5 74 108 0.83142 4.7652 0.16859 0.50876 3.5437 0.20319 0.85771 3.5145 -0.71591 1.3067 2.044 -1.2678 2.6376 1.2733 -1.3801 0.16597 3.6021 1.1232 -0.18553 2.0279 1.3827 0.13525 0.59054 1.8395 0.18464 0.029886 -0.76715 0.19111 -2.067 -0.63489 -0.71908 -3.6221 -0.69719 -0.18464 -0.029886 0.76715 0.994 -1.7504 1.0219 0.84459 -3.4861 0.55715
5 75 108 0.806 4.77 0.22036 0.49218 3.5459 0.2202 0.86057 3.5405 -0.69174 1.2825 2.0603 -1.2394 2.6214 1.2958 -1.2589 0.12968 3.5804 1.1338 -0.22418 2.0017 1.3602 0.062453 0.55247 1.802 0.1944 0.02582 -0.76488 0.14653 -2.071 -0.64055 -0.81569 -3.5935 -0.72471 -0.1944 -0.02582 0.76488 0.97274 -1.7483 1.0565 0.7647 -3.4641 0.54283
5 89 132 0.72516 4.778 0.39082 0.46114 3.541 0.33497 0.70192 3.5822 -0.61776 0.25515 2.1163 -1.1835 0.66222 0.74421 -1.7575 0.22608 3.5289 1.2899 0.37847 1.9308 1.5928 1.3957 0.80321 1.8599 0.23817 0.028259 -0.75231 1.327 -1.7231 -0.35059 1.085 -3.4667 -0.74062 -0.23817 -0.02826 0.75231 0.23551 -2.0662 0.56043 -0.6852 -3.5259 0.038484
5 90 132 0.72333 4.7787 0.39167 0.46057 3.5414 0.33347 0.72357 3.5779 -0.61356 0.29902 2.1094 -1.1897 0.75431 0.74275 -1.7399 0.20333 3.5341 1.2828 0.33794 1.9354 1.5906 1.357 0.81597 1.8839 0.25443 0.025657 -0.74707 1.3713 -1.6972 -0.30131 1.3521 -3.4825 -0.55307 -0.25443 -0.025657 0.74707 0.11929 -2.0822 0.53403 -0.80817 -3.5283 -0.013211
5 91 132 0.72678 4.779 0.38311 0.4637 3.5416 0.32582 0.7453 3.5672 -0.61621 0.35078 2.0947 -1.2035 0.85706 0.73653 -1.7296 0.18794 3.5452 1.2699 0.28893 1.9435 1.575 1.2915 0.81712 1.8973 0.27101 0.020752 -0.74136 1.4125 -1.6756 -0.25798 1.5477 -3.4701 -0.3697 -0.27101 -0.020752 0.74136 -0.0012719 -2.0908 0.50343 -0.92991 -3.5264 -0.068813
5 93 144 0.79497 4.7793 0.21026 0.52393 3.5422 0.20287 0.6586 3.5562 -0.77132 0.20706 2.0751 -1.292 0.70328 0.74048 -1.8839 0.39549 3.5574 1.1779 0.47364 1.9501 1.4598 1.4291 0.75278 1.6359 0.15143 0.010021 -0.7749 1.3742 -1.6616 -0.42167 1.6803 -3.4381 -0.45503 -0.15143 -0.01002 0.7749 -0.11772 -2.0902 0.48129 -1.1758 -3.4906 0.068811
5 94 144 0.79753 4.7799 0.19306 0.52822 3.5424 0.18507 0.69127 3.548 -0.78485 0.2643 2.063 -1.3152 0.81109 0.7402 -1.8886 0.37143 3.5659 1.1558 0.39727 1.9563 1.434 1.2582 0.69749 1.6616 0.17289 0.002315 -0.77045 1.3703 -1.6763 -0.36708 1.6572 -3.4564 -0.37839 -0.17289 -0.0023146 0.77045 -0.20817 -2.0828 0.47962 -1.293 -3.4534 0.037489
5 95 144 0.80106 4.7796 0.18494 0.53507 3.5413 0.17894 0.73051 3.5382 -0.78499 0.32946 2.048 -1.3208 0.91566 0.73251 -1.8718 0.34589 3.5735 1.1436 0.31276 1.9638 1.4202 1.0536 0.64064 1.6996 0.1991 -0.0017333 -0.7641 1.3586 -1.6933 -0.30747 1.6214 -3.477 -0.32092 -0.1991 0.0017333 0.7641 -0.28269 -2.0789 0.4842 -1.4035 -3.4116 0.016558
5 97 156 0.82395 4.7792 -0.0067677 0.56698 3.5405 0.055736 0.61186 3.5055 -0.92616 0.15997 2.004 -1.3845 0.66022 0.68537 -2.0079 0.52833 3.6045 1.0364 0.41355 2.0024 1.334 0.93953 0.57838 1.6048 0.079918 -0.0013762 -0.78556 1.2739 -1.7103 -0.52411 1.3422 -3.5091 -0.62643 -0.079918 0.0013757 0.78556 -0.27505 -2.0779 0.55569 -1.5672 -3.3135 0.32262
5 98 156 0.81092 4.7813 -0.020051 0.55905 3.5417 0.047099 0.63877 3.4928 -0.93199 0.22258 1.9841 -1.4005 0.73504 0.65759 -1.9967 0.48543 3.6198 1.0248 0.29901 2.0276 1.3388 0.73159 0.58168 1.655 0.10569 -0.003993 -0.7825 1.258 -1.7383 -0.50188 1.2009 -3.5362 -0.62514 -0.10569 0.003993 0.7825 -0.29358 -2.0804 0.59765 -1.628 -3.2637 0.33269
5 99 156 0.80573 4.7815 -0.014213 0.55768 3.5414 0.05637 0.67946 3.4801 -0.91769 0.30768 1.9643 -1.4002 0.83301 0.63169 -1.971 0.44199 3.6317 1.0289 0.2008 2.0506 1.3615 0.58454 0.59784 1.7077 0.13454 -0.0030041 -0.77807 1.2234 -1.774 -0.47447 1.0564 -3.5633 -0.62111 -0.13454 0.0030046 0.77807 -0.25983 -2.0913 0.66557 -1.6472 -3.1999 0.3541
5 103 168 0.88755 4.7667 -0.073995 0.60471 3.5351 0.011995 0.70759 3.4519 -0.96261 0.50655 1.905 -1.4479 1.0362 0.58276 -2.0384 0.50892 3.6472 0.98443 0.21485 2.0905 1.3831 0.76843 0.69535 1.7362 0.07991 0.00067329 -0.78556 0.93583 -1.9101 -0.61033 0.39033 -3.6245 -0.72886 -0.07991 -0.00067329 0.78556 0.39539 -2.0446 0.88896 -1.1232 -2.979 0.62101
5 104 168 0.88422 4.7686 -0.05686 0.59798 3.537 0.016095 0.73592 3.4552 -0.95429 0.61965 1.9016 -1.4457 1.2302 0.59827 -1.9991 0.46722 3.6477 0.98461 0.16737 2.0876 1.3653 0.76445 0.71629 1.7405 0.096358 -0.0021744 -0.78371 0.8912 -1.9368 -0.58446 0.25241 -3.6178 -0.71485 -0.096358 0.0021744 0.78371 0.53098 -1.9991 0.90893 -0.88676 -3.07 0.60223
5 105 168 0.8845 4.7689 -0.023026 0.59811 3.5367 0.037217 0.76436 3.4589 -0.92905 0.72162 1.9019 -1.4217 1.4362 0.63235 -1.9271 0.43921 3.6434 1.002 0.13879 2.0786 1.3625 0.77309 0.72853 1.7531 0.11601 -0.00028229 -0.78105 0.84073 -1.9602 -0.56236 0.11357 -3.6038 -0.70666 -0.11601 0.00028276 0.78105 0.66257 -1.9452 0.93271 -0.59907 -3.1922 0.60998
5 106 168 0.89264 4.7676 0.0057668 0.60411 3.5354 0.053616 0.79354 3.4625 -0.90875 0.81093 1.905 -1.4015 1.6492 0.68724 -1.8396 0.42215 3.6373 1.0148 0.13337 2.0656 1.3542 0.77512 0.72174 1.7541 0.13317 -0.00047112 -0.77831 0.77277 -1.9889 -0.55136 -0.031838 -3.5951 -0.70487 -0.13317 0.00047112 0.77831 0.77472 -1.8863 0.95132 -0.28801 -3.3081 0.6351
5 107 168 0.89228 4.768 0.041523 0.60126 3.5359 0.073358 0.80891 3.4683 -0.88564 0.86269 1.9136 -1.3843 1.822 0.76179 -1.7458 0.4011 3.6322 1.0315 0.11879 2.0549 1.3497 0.75655 0.71074 1.7547 0.14515 0.001133 -0.77616 0.68134 -2.0185 -0.55738 -0.17924 -3.5956 -0.70924 -0.14515 -0.001133 0.77616 0.86205 -1.8357 0.96099 0.045629 -3.4155 0.66327
5 108 168 0.89301 4.7678 0.078412 0.60501 3.5346 0.096074 0.82397 3.4756 -0.86097 0.91675 1.9216 -1.3562 1.9671 0.83004 -1.6442 0.39345 3.6225 1.0526 0.11004 2.0417 1.3517 0.73502 0.69188 1.7581 0.15208 0.0039892 -0.77482 0.5725 -2.045 -0.57711 -0.3231 -3.6027 -0.72655 -0.15208 -0.0039887 0.77482 0.92868 -1.7948 0.97255 0.39296 -3.499 0.72816
5 111 156 0.77854 4.778 0.31793 0.51293 3.541 0.25804 0.90373 3.5085 -0.64395 1.1447 1.9553 -1.0891 2.3304 0.97413 -0.99335 0.12885 3.6026 1.1614 -0.21738 2.0172 1.3497 0.22449 0.62438 1.8421 0.28249 0.018094 -0.73714 0.30132 -2.0798 -0.62461 -0.62399 -3.5963 -0.93297 -0.28249 -0.018094 0.73714 0.89826 -1.7253 1.0622 0.91403 -3.5265 1.1416
5 112 156 0.75188 4.7817 0.32696 0.49298 3.5435 0.26197 0.87017 3.5214 -0.64611 1.1024 1.9675 -1.0935 2.2884 0.98809 -0.98502 0.12219 3.5946 1.1715 -0.2252 2.0081 1.3481 0.1809 0.59882 1.824 0.27001 0.020667 -0.74173 0.20172 -2.0783 -0.67774 -0.76584 -3.5671 -0.99122 -0.27001 -0.020667 0.74173 0.92744 -1.7192 1.0508 0.98636 -3.5174 1.1688
6 0 120 1.0572 4.7141 0.001546 0.8161 3.4745 0.096816 1.145 3.3527 -0.82207 0.82693 1.8042 -1.234 1.448 0.43396 -1.5721 0.49351 3.6253 1.0136 0.18058 2.1336 1.6016 0.52715 0.85687 2.3937 0.23369 -0.011706 -0.75415 0.88586 -1.9894 -0.47541 0.67276 -3.7184 -0.94029 -0.23369 0.011706 0.75415 0.38294 -1.9967 0.76954 -0.22256 -3.6925 0.86262
6 2 132 1.0871 4.7097 -0.052645 0.84935 3.47 0.042066 1.1104 3.3431 -0.89766 0.75589 1.8008 -1.3032 1.3655 0.424 -1.6356 0.59509 3.6259 0.97931 0.24418 2.1509 1.5875 0.60362 0.89194 2.4021 0.17742 -0.011961 -0.76934 0.7966 -2.0096 -0.56806 0.42856 -3.7348 -0.94072 -0.17742 0.011961 0.76934 0.44826 -1.9937 0.78375 -0.16058 -3.6823 0.95306
6 3 132 1.0915 4.7089 0.015996 0.8463 3.4697 0.09584 1.1582 3.3383 -0.82763 0.84894 1.7971 -1.2727 1.5011 0.43061 -1.5641 0.54144 3.6301 1.0171 0.12736 2.1534 1.5799 0.41813 0.88754 2.411 0.23004 -0.013711 -0.75524 0.80354 -2.0204 -0.51285 0.41172 -3.7428 -0.87411 -0.23004 0.013711 0.75524 0.36057 -2.0012 0.83124 -0.28352 -3.6837 0.90353
6 5 144 1.0493 4.7177 -0.095282 0.82654 3.4757 0.0016971 1.0468 3.3491 -0.94847 0.74839 1.8051 -1.3909 1.4308 0.48342 -1.7971 0.61289 3.6312 0.94908 0.25489 2.135 1.4986 0.5882 0.83068 2.2504 0.17342 -0.020075 -0.77008 0.71339 -2.0392 -0.55568 0.20258 -3.7483 -0.81846 -0.17342 0.020075 0.77008 0.32397 -2.0202 0.83368 -0.34993 -3.6909 0.75806
6 6 144 1.0344 4.7207 -0.048023 0.81096 3.4785 0.040164 1.0727 3.3448 -0.89843 0.82662 1.8024 -1.3772 1.5512 0.50313 -1.7829 0.55593 3.6411 0.97605 0.18012 2.1297 1.469 0.48248 0.80733 2.2023 0.22391 -0.021998 -0.75689 0.72059 -2.0475 -0.50235 0.18984 -3.7502 -0.76712 -0.22391 0.021998 0.75689 0.25065 -2.023 0.8419 -0.40896 -3.6908 0.65727
6 8 156 0.96166 4.7371 -0.15038 0.75584 3.4928 -0.051628 0.92673 3.3634 -1.0115 0.69529 1.8261 -1.5134 1.3664 0.55959 -2.0819 0.59117 3.6511 0.90503 0.2826 2.1107 1.3532 0.73181 0.77185 1.9723 0.15056 -0.02344 -0.77478 0.62273 -2.0587 -0.55322 0.0012809 -3.745 -0.69826 -0.15056 0.02344 0.77478 0.35346 -2.0161 0.79529 -0.33656 -3.669 0.58838
6 9 156 0.95661 4.741 -0.085131 0.74661 3.4957 -0.010876 0.97001 3.3742 -0.96098 0.79667 1.8386 -1.4908 1.4835 0.57914 -2.0561 0.52957 3.6462 0.93655 0.2021 2.0955 1.3327 0.6729 0.7579 1.9384 0.18271 -0.021254 -0.7679 0.6285 -2.0594 -0.51971 -0.013405 -3.7384 -0.66097 -0.18271 0.021254 0.7679 0.38524 -2.0013 0.79734 -0.34092 -3.6334 0.55227
6 10 156 0.94274 4.7464 -0.02372 0.7303 3.5005 0.025722 0.99625 3.3825 -0.91381 0.88087 1.8466 -1.4582 1.5859 0.59123 -2.0102 0.47075 3.6475 0.96294 0.12856 2.0885 1.3111 0.61357 0.75296 1.91 0.20963 -0.019176 -0.76104 0.6318 -2.059 -0.48718 -0.032038 -3.7296 -0.6271 -0.20963 0.019176 0.76104 0.44329 -1.977 0.81806 -0.32397 -3.585 0.54133
6 11 156 0.93017 4.7507 0.036966 0.71905 3.5038 0.056455 1.0279 3.3982 -0.87135 0.95543 1.8617 -1.4216 1.6941 0.61046 -1.9378 0.41659 3.6386 0.98259 0.064984 2.0738 1.2934 0.55182 0.73988 1.8945 0.22233 -0.01634 -0.7575 0.61267 -2.0607 -0.46995 -0.069149 -3.7246 -0.60115 -0.22233 0.016339 0.7575 0.53077 -1.9421 0.8653 -0.23805 -3.5443 0.5607
6 12 156 0.9289 4.7524 0.083968 0.71859 3.5053 0.076943 1.0621 3.4124 -0.83998 1.0295 1.8712 -1.3806 1.8112 0.62397 -1.84 0.38147 3.6273 0.99282 0.019409 2.059 1.2726 0.49284 0.7227 1.879 0.22677 -0.016709 -0.75617 0.58063 -2.0664 -0.45969 -0.12041 -3.7232 -0.57989 -0.22677 0.016708 0.75617 0.62495 -1.8973 0.91582 -0.068927 -3.5325 0.60677
6 13 156 0.93176 4.7522 0.12942 0.72308 3.5052 0.093807 1.0983 3.4314 -0.81234 1.096 1.8836 -1.3351 1.934 0.64458 -1.7094 0.35416 3.6081 0.99972 -0.018383 2.0385 1.2571 0.42546 0.69233 1.8643 0.23248 -0.018235 -0.7544 0.53003 -2.0776 -0.46297 -0.18725 -3.7282 -0.57155 -0.23248 0.018235 0.7544 0.70063 -1.8544 0.94658 0.13452 -3.5425 0.66253
6 14 156 0.92418 4.7529 0.17088 0.72246 3.5058 0.1147 1.1149 3.4422 -0.78491 1.1329 1.8879 -1.2873 2.0315 0.66517 -1.5615 0.33637 3.5985 1.0145 -0.049325 2.029 1.2527 0.35563 0.66799 1.8537 0.2354 -0.015932 -0.75355 0.45503 -2.0872 -0.47769 -0.26504 -3.7375 -0.57064 -0.2354 0.015931 0.75355 0.76195 -1.8212 0.96463 0.33472 -3.5552 0.7167
6 15 156 0.92631 4.751 0.20736 0.72766 3.5045 0.13711 1.1252 3.4452 -0.76054 1.1537 1.8869 -1.2499 2.1104 0.68861 -1.4126 0.33653 3.5929 1.0352 -0.062404 2.0247 1.2598 0.29522 0.64498 1.848 0.23721 -0.012546 -0.75304 0.37176 -2.0938 -0.49913 -0.35275 -3.7431 -0.57567 -0.23721 0.012546 0.75304 0.81492 -1.7924 0.97576 0.54651 -3.5644 0.77871
6 16 156 0.92736 4.7504 0.2371 0.72617 3.5048 0.1588 1.1295 3.4508 -0.73662 1.1581 1.8898 -1.2174 2.1649 0.72307 -1.2701 0.32935 3.5879 1.0549 -0.084158 2.0219 1.2682 0.22815 0.6247 1.8408 0.23652 -0.0084033 -0.75332 0.2717 -2.0975 -0.53236 -0.45626 -3.746 -0.58985 -0.23652 0.0084028 0.75332 0.85866 -1.7693 0.98687 0.76307 -3.5644 0.84691
6 17 156 0.92382 4.7511 0.26422 0.71609 3.5068 0.17975 1.1196 3.4576 -0.71587 1.1385 1.8951 -1.1925 2.1829 0.7615 -1.1509 0.31919 3.585 1.0763 -0.10547 2.0211 1.2825 0.16561 0.61016 1.8424 0.23483 -0.003233 -0.75389 0.16295 -2.0943 -0.56293 -0.56796 -3.742 -0.6074 -0.23483 0.0032325 0.75389 0.89725 -1.749 1.0038 0.96822 -3.5481 0.90836
6 18 156 0.91624 4.752 0.28436 0.70677 3.5085 0.19464 1.1027 3.4624 -0.70452 1.1149 1.8979 -1.1745 2.182 0.79036 -1.0624 0.31754 3.5837 1.0948 -0.11745 2.0216 1.2936 0.12576 0.60032 1.8399 0.22708 0.001627 -0.75626 0.072088 -2.087 -0.58962 -0.68526 -3.7229 -0.62745 -0.22708 -0.001627 0.75626 0.91728 -1.7455 1.0083 1.1449 -3.5332 0.95206
6 19 156 0.89885 4.7547 0.30804 0.68894 3.5113 0.21438 1.0763 3.4737 -0.68888 1.0755 1.9086 -1.157 2.1573 0.82105 -1.0003 0.30819 3.5779 1.1188 -0.1348 2.0173 1.3117 0.088498 0.58885 1.8477 0.21858 0.0090504 -0.75871 -0.034942 -2.0719 -0.61857 -0.80465 -3.7021 -0.64948 -0.21858 -0.0090508 0.75871 0.93275 -1.7493 1.0045 1.2334 -3.5269 0.98058
6 20 156 0.88154 4.7578 0.31625 0.67267 3.5142 0.22113 1.0429 3.4825 -0.68954 1.0251 1.9196 -1.1644 2.1126 0.84093 -0.98668 0.30902 3.5749 1.133 -0.13906 2.0152 1.3204 0.073129 0.58205 1.8485 0.20658 0.013275 -0.762 -0.14837 -2.0546 -0.65087 -0.93641 -3.676 -0.68045 -0.20658 -0.013275 0.762 0.94838 -1.7524 0.99812 1.2656 -3.5273 0.99332
6 21 156 0.86678 4.7593 0.32706 0.66523 3.5147 0.23088 1.0162 3.4912 -0.68761 0.97391 1.9329 -1.1761 2.0545 0.84633 -1.005 0.3207 3.5672 1.1506 -0.12528 2.0065 1.3348 0.08682 0.5692 1.8515 0.19585 0.017014 -0.76475 -0.26139 -2.0321 -0.68568 -1.077 -3.6398 -0.71889 -0.19585 -0.017014 0.76476 0.9572 -1.7587 0.99144 1.2538 -3.5371 0.98768
6 26 144 0.79899 4.7595 0.41493 0.64443 3.5091 0.30335 1.1477 3.496 -0.54161 1.0191 1.9597 -1.082 1.7451 0.61075 -1.2578 0.14665 3.5514 1.1506 -0.20266 1.963 1.3036 0.084585 0.55705 1.868 0.33849 -0.0062075 -0.71336 -0.26301 -2.0081 -0.92551 -1.3532 -3.36 -1.4099 -0.33849 0.006207 0.71336 0.66473 -1.8083 1.0531 0.61922 -3.6046 0.90479
6 27 144 0.81608 4.7601 0.36997 0.65481 3.5087 0.27987 1.1358 3.486 -0.57776 1.0012 1.947 -1.1089 1.6421 0.57633 -1.4059 0.17942 3.5607 1.1393 -0.14443 1.9704 1.3256 0.24807 0.6007 1.9152 0.3252 -0.0070906 -0.71951 -0.13074 -2.0492 -0.91027 -1.3288 -3.2778 -1.4635 -0.3252 0.0070906 0.71951 0.62692 -1.8434 1.0083 0.50581 -3.6327 0.82194
6 28 144 0.85178 4.7576 0.32556 0.66961 3.5072 0.26146 1.1141 3.4688 -0.61507 0.96617 1.9326 -1.1508 1.5886 0.56439 -1.4947 0.23099 3.5748 1.1392 -0.070893 1.9864 1.3729 0.43377 0.66087 1.9779 0.30836 -0.0058818 -0.7269 0.06405 -2.0879 -0.86789 -1.241 -3.1753 -1.4723 -0.30836 0.0058813 0.7269 0.59473 -1.8762 0.96424 0.39595 -3.6547 0.74375
6 29 144 0.88664 4.7545 0.27533 0.68867 3.5056 0.23314 1.0978 3.4568 -0.65995 0.92703 1.9251 -1.2016 1.5908 0.57495 -1.5395 0.28581 3.5835 1.127 0.021884 2.0003 1.4312 0.63249 0.72083 2.0376 0.29129 -0.0091043 -0.73387 0.28829 -2.1091 -0.79992 -1.0834 -3.0929 -1.4336 -0.29129 0.0091043 0.73387 0.56069 -1.9018 0.92584 0.29421 -3.6662 0.66747
6 30 144 0.90752 4.7534 0.23572 0.69513 3.5062 0.21399 1.0683 3.4472 -0.6941 0.86888 1.9186 -1.2348 1.5961 0.59665 -1.553 0.3285 3.5942 1.1224 0.13029 2.0192 1.5083 0.83063 0.78456 2.1105 0.28281 -0.0099559 -0.73717 0.52246 -2.0972 -0.71721 -0.86507 -3.0543 -1.3572 -0.28281 0.0099554 0.73717 0.52265 -1.9243 0.89221 0.19344 -3.6724 0.59769
6 31 144 0.90994 4.7541 0.21347 0.68437 3.5087 0.21159 1.0246 3.4404 -0.70869 0.79568 1.913 -1.2411 1.5894 0.62525 -1.54 0.35079 3.6062 1.1317 0.23418 2.0436 1.594 0.9955 0.85074 2.2064 0.28041 -0.005681 -0.73813 0.74127 -2.052 -0.61825 -0.60248 -3.0754 -1.2491 -0.28041 0.005681 0.73813 0.48231 -1.948 0.86351 0.085291 -3.6751 0.53153
6 32 144 0.91187 4.7532 0.2058 0.68213 3.5086 0.21583 0.99849 3.4347 -0.71251 0.7452 1.907 -1.2327 1.5864 0.64783 -1.5235 0.37249 3.6114 1.1437 0.33788 2.0647 1.6681 1.1505 0.91593 2.2987 0.28061 -0.0029469 -0.73807 0.94347 -1.9835 -0.50957 -0.29773 -3.1448 -1.111 -0.28061 0.0029473 0.73807 0.44181 -1.9675 0.8361 -0.024391 -3.6701 0.46912
6 33 144 0.90455 4.7545 0.2049 0.67231 3.5103 0.22014 0.97059 3.4351 -0.71407 0.69583 1.9071 -1.2225 1.5647 0.66481 -1.5043 0.38075 3.6145 1.1537 0.41737 2.0846 1.7254 1.2816 0.98225 2.37 0.28031 -0.00053692 -0.73819 1.1057 -1.9048 -0.41158 0.030513 -3.247 -0.95327 -0.28031 0.00053692 0.73819 0.39656 -1.9873 0.80631 -0.13946 -3.6615 0.40536
6 34 144 0.89164 4.7574 0.20473 0.66196 3.5129 0.22107 0.94933 3.4388 -0.71663 0.66202 1.9101 -1.2158 1.5334 0.66999 -1.4997 0.38129 3.616 1.1581 0.46885 2.1007 1.7622 1.3977 1.0561 2.4131 0.28275 -0.00090551 -0.73726 1.2226 -1.8357 -0.33168 0.38384 -3.3664 -0.78379 -0.28275 0.00090551 0.73726 0.33047 -2.0083 0.77293 -0.26236 -3.6552 0.34027
6 35 144 0.87378 4.7612 0.20714 0.64557 3.5165 0.22172 0.92666 3.4422 -0.71787 0.62798 1.9133 -1.2099 1.4848 0.66353 -1.4953 0.37117 3.6197 1.1606 0.50086 2.1161 1.7858 1.4902 1.1298 2.4386 0.28979 -0.0016961 -0.73452 1.2905 -1.7909 -0.2743 0.74608 -3.4772 -0.60731 -0.28979 0.0016956 0.73452 0.23279 -2.0333 0.73187 -0.3952 -3.6595 0.2716
6 36 144 0.85128 4.7659 0.21145 0.62611 3.5206 0.22064 0.90956 3.4468 -0.71828 0.59701 1.9195 -1.2063 1.4154 0.64584 -1.4994 0.34927 3.6234 1.1588 0.50525 2.1264 1.7939 1.5412 1.1914 2.4499 0.30256 -0.0040016 -0.72934 1.3176 -1.7763 -0.23642 1.0935 -3.5544 -0.43344 -0.30256 0.0040011 0.72934 0.10623 -2.0565 0.69095 -0.53711 -3.6675 0.19941
6 43 156 0.76334 4.786 0.064156 0.56983 3.5365 0.083249 0.76107 3.4537 -0.87796 0.26793 1.9566 -1.3073 0.58068 0.5384 -1.8256 0.38452 3.6484 1.0427 0.46823 2.1144 1.5981 1.4383 1.017 2.0802 0.25308 -0.019608 -0.74771 1.2462 -1.8299 -0.35908 1.6949 -3.5724 -0.24384 -0.25308 0.019608 0.74771 -0.57832 -2.0412 0.49952 -1.531 -3.5076 0.0603
6 44 156 0.75659 4.7843 0.095456 0.57084 3.5335 0.11703 0.77771 3.4521 -0.84105 0.2824 1.955 -1.268 0.58839 0.5404 -1.7999 0.36983 3.6442 1.0734 0.35923 2.1003 1.6072 1.2033 0.911 2.108 0.26021 -0.0076678 -0.74547 1.2293 -1.8257 -0.33314 1.5989 -3.5876 -0.23372 -0.26021 0.0076678 0.74547 -0.64842 -2.0414 0.49056 -1.6787 -3.4546 0.052174
6 56 168 0.65243 4.7999 0.18766 0.48468 3.5466 0.15246 0.7978 3.4933 -0.77839 1.1633 1.9782 -1.2681 2.3695 1.0305 -1.4247 0.17679 3.6292 1.0829 -0.16518 2.0579 1.3707 0.40984 0.71356 1.8603 0.18154 0.022614 -0.76813 0.34485 -2.0562 -0.51111 -0.3948 -3.7004 -0.53031 -0.18154 -0.022614 0.76813 0.86697 -1.8373 0.91559 0.50257 -3.5963 0.75979
6 57 168 0.61685 4.8041 0.20161 0.45738 3.5497 0.16503 0.76482 3.5023 -0.76803 1.1797 1.9958 -1.2445 2.4709 1.1547 -1.2988 0.15497 3.6264 1.0978 -0.16416 2.05 1.3842 0.43166 0.70832 1.8559 0.17358 0.027805 -0.7698 0.16704 -2.062 -0.55265 -0.58119 -3.7024 -0.5422 -0.17358 -0.027806 0.7698 0.91557 -1.8206 0.88737 0.8709 -3.6206 0.79254
6 58 168 0.5852 4.8075 0.21126 0.43416 3.5521 0.17168 0.7318 3.5116 -0.76488 1.1771 2.0113 -1.2334 2.5323 1.2771 -1.1873 0.14133 3.6221 1.108 -0.16128 2.0431 1.3979 0.4493 0.70318 1.8556 0.15915 0.032121 -0.77275 -0.0046478 -2.0544 -0.58855 -0.7597 -3.6913 -0.55142 -0.15915 -0.032122 0.77275 0.9535 -1.8125 0.85311 1.1868 -3.5995 0.79672
6 59 168 0.56875 4.8082 0.22777 0.42332 3.5523 0.18408 0.70438 3.519 -0.75787 1.1645 2.0213 -1.2204 2.5591 1.3767 -1.0895 0.14693 3.615 1.1259 -0.14196 2.0341 1.4195 0.47285 0.69403 1.871 0.14034 0.038469 -0.77609 -0.17901 -2.0321 -0.61802 -0.93597 -3.6673 -0.55462 -0.14034 -0.038469 0.77609 0.98743 -1.8107 0.8145 1.4053 -3.5644 0.78133
6 63 156 0.47834 4.806 0.38356 0.36878 3.5483 0.29456 0.76328 3.5565 -0.60636 1.1871 2.0366 -1.0296 2.4764 1.3549 -0.52908 -0.021812 3.5697 1.197 -0.3275 1.9814 1.426 0.096046 0.59372 1.9482 0.21535 0.049093 -0.7581 -0.48979 -1.9296 -0.79897 -1.3879 -3.489 -0.91142 -0.21535 -0.049093 0.7581 0.89071 -1.8285 0.91534 1.1771 -3.608 0.86873
6 64 156 0.49283 4.8031 0.36954 0.39593 3.5458 0.26412 0.77218 3.5712 -0.64426 1.1052 2.0375 -1.0978 2.3476 1.2294 -0.67217 0.023313 3.55 1.1743 -0.27248 1.9589 1.3972 0.11994 0.5553 1.9008 0.20481 0.031991 -0.76192 -0.49755 -1.9476 -0.81089 -1.5002 -3.4373 -0.9727 -0.20481 -0.031991 0.76192 0.89408 -1.8154 0.9239 1.0492 -3.6087 0.82019
