0 5 108 -0.57244 4.7961 0.37537 -0.3395 3.5641 0.20301 -0.064121 3.4598 1.1414 0.78423 2.5532 2.2031 1.0703 2.901 3.6778 -0.61927 3.6976 -0.73042 -1.6381 2.5585 -1.3078 -3.1379 2.4184 -0.97845 -0.097514 -0.047015 0.78216 -1.1416 -1.8202 0.35801 -1.2304 -3.6019 0.62017 0.097515 0.047015 -0.78216 0.42103 -2.0158 -0.54889 1.3029 -3.4745 0.038672
0 8 84 -0.70039 4.7706 0.38793 -0.44256 3.554 0.15208 -0.13559 3.4615 1.0819 1.0551 2.6408 1.8418 1.86 3.0351 3.0965 -0.75451 3.6754 -0.77275 -1.8856 2.5108 -0.95468 -3.1736 2.4587 -0.10849 -0.24142 -0.055267 0.74977 -1.1733 -1.7579 -0.054621 -1.371 -3.5423 0.11239 0.24142 0.055267 -0.74977 0.53439 -1.9902 -0.36966 1.1713 -3.4007 0.55542
0 9 72 -0.77224 4.7618 0.3107 -0.48443 3.5507 0.084563 -0.25314 3.4648 1.0367 0.93477 2.6527 1.8099 1.7524 3.0302 3.0616 -0.72118 3.6656 -0.86313 -1.8531 2.4949 -0.9933 -3.1042 2.4684 -0.092323 -0.33845 -0.059207 0.71095 -1.1204 -1.7405 -0.27715 -1.3563 -3.5245 -0.16592 0.33845 0.059207 -0.71095 0.57536 -1.981 -0.26853 1.0327 -3.3802 0.77258
0 10 72 -0.75732 4.7571 0.37734 -0.49275 3.5494 0.11176 -0.15549 3.4719 1.0324 1.1499 2.664 1.5911 2.1877 3.0016 2.6804 -0.83503 3.6559 -0.80413 -1.9634 2.4832 -0.66146 -2.9427 2.4843 0.52962 -0.2912 -0.0623 0.73131 -1.11 -1.7269 -0.25499 -1.353 -3.5113 -0.16521 0.2912 0.0623 -0.73131 0.55322 -1.9714 -0.27331 1.0366 -3.3658 0.76251
0 11 60 -0.81558 4.7522 0.24876 -0.51699 3.5479 0.0078735 -0.28609 3.4789 0.96144 0.95569 2.6587 1.6351 1.9293 2.9378 2.7978 -0.75361 3.6458 -0.94175 -1.8856 2.4795 -0.77771 -2.8079 2.5142 0.45753 -0.40087 -0.058336 0.67779 -1.0399 -1.7182 -0.44056 -1.2957 -3.503 -0.4327 0.40087 0.058336 -0.67779 0.57501 -1.9725 -0.1682 0.85816 -3.3547 0.95444
0 12 60 -0.81723 4.7479 0.25453 -0.53293 3.5455 -0.010285 -0.2371 3.4861 0.92583 1.0355 2.6451 1.5105 2.1228 2.8676 2.581 -0.83451 3.6339 -0.94227 -1.9203 2.4813 -0.54057 -2.5188 2.5625 0.87815 -0.3699 -0.051195 0.69574 -1.047 -1.7155 -0.39333 -1.3037 -3.4998 -0.42566 0.3699 0.051195 -0.69574 0.55051 -1.9782 -0.18281 0.85837 -3.3486 0.94782
0 13 60 -0.81595 4.749 0.25402 -0.53878 3.5459 -0.01597 -0.20556 3.496 0.90806 1.0674 2.6315 1.4567 2.2007 2.7994 2.4888 -0.87797 3.6247 -0.93581 -1.8879 2.4846 -0.34523 -2.1875 2.634 1.1599 -0.34359 -0.046401 0.70943 -1.0505 -1.7182 -0.34875 -1.311 -3.5007 -0.42418 0.34359 0.046401 -0.70943 0.52949 -1.9779 -0.17842 0.85858 -3.3466 0.94815
0 14 60 -0.84438 4.7451 0.22695 -0.56325 3.542 -0.039517 -0.21817 3.5022 0.88064 1.0322 2.6093 1.4357 2.1479 2.7391 2.4921 -0.91464 3.6107 -0.95558 -1.8454 2.472 -0.24444 -1.9279 2.6952 1.279 -0.32654 -0.039922 0.71783 -1.0529 -1.7237 -0.30763 -1.3265 -3.5023 -0.42005 0.32654 0.039922 -0.71783 0.50723 -1.9819 -0.17573 0.85177 -3.3508 0.94598
0 15 72 -0.80065 4.7463 0.35051 -0.5703 3.541 0.046222 -0.057391 3.5078 0.88479 1.2546 2.5945 1.2214 2.5176 2.7051 2.099 -1.0888 3.603 -0.78722 -1.8057 2.4694 0.1455 -1.4354 2.7527 1.6153 -0.17573 -0.032722 0.76912 -1.0893 -1.7313 -0.06417 -1.3883 -3.508 -0.13581 0.17573 0.032722 -0.76912 0.45077 -1.9935 -0.28619 1.0272 -3.3568 0.74335
0 16 72 -0.81621 4.7499 0.30296 -0.56484 3.5427 0.021898 -0.095378 3.5134 0.88567 1.1803 2.584 1.3072 2.358 2.6857 2.2974 -1.0404 3.6008 -0.8371 -1.7835 2.4746 0.083899 -1.3728 2.786 1.5372 -0.19536 -0.032658 0.76437 -1.0943 -1.7371 -0.072943 -1.3889 -3.5147 -0.1394 0.19536 0.032658 -0.76437 0.46036 -1.9965 -0.28833 1.0252 -3.3644 0.74159
0 17 72 -0.82071 4.7532 0.22985 -0.5538 3.544 -0.028817 -0.1463 3.5096 0.86568 1.0759 2.574 1.4131 2.1297 2.676 2.5341 -0.9674 3.6073 -0.91893 -1.7987 2.4895 -0.065612 -1.4481 2.7971 1.4041 -0.2335 -0.027241 0.75381 -1.1012 -1.7439 -0.091547 -1.3893 -3.5228 -0.14922 0.2335 0.027241 -0.75381 0.47248 -2.0116 -0.30617 1.0192 -3.3774 0.73626
0 19 84 -0.77172 4.7674 0.1787 -0.51956 3.5486 -0.05187 -0.12789 3.5092 0.84947 1.0591 2.5621 1.4517 2.0226 2.6891 2.6489 -0.91685 3.617 -0.94901 -1.8658 2.5205 -0.19674 -1.6557 2.7515 1.3133 -0.20283 -0.01656 0.76294 -1.1383 -1.7526 0.038152 -1.4008 -3.5361 0.072175 0.20283 0.01656 -0.76294 0.44132 -2.0492 -0.46285 1.1343 -3.4127 0.49193
0 21 96 -0.73985 4.7776 0.081709 -0.49439 3.5512 -0.11326 -0.16721 3.523 0.81385 0.9402 2.5706 1.5455 1.7258 2.7214 2.8638 -0.82716 3.6085 -1.037 -1.9435 2.5424 -0.50231 -2.2084 2.6562 1.0125 -0.21407 -0.0042086 0.76003 -1.1655 -1.7775 0.15618 -1.365 -3.5632 0.30537 0.21407 0.0042086 -0.76004 0.39377 -2.086 -0.64625 1.1938 -3.455 0.212
0 22 108 -0.71731 4.7831 0.11275 -0.49072 3.5528 -0.081103 -0.12004 3.5281 0.82958 1.004 2.573 1.5319 1.8122 2.7389 2.8345 -0.86669 3.6066 -0.98836 -2.0061 2.5532 -0.47758 -2.4203 2.6188 1.0063 -0.14507 -0.0028431 0.77617 -1.148 -1.7937 0.32729 -1.2727 -3.5781 0.55372 0.14507 0.0028429 -0.77617 0.29191 -2.093 -0.76146 1.2051 -3.4785 -0.056188
0 24 120 -0.70932 4.7913 0.02691 -0.46526 3.5559 -0.10844 -0.22457 3.5337 0.84494 0.77009 2.5973 1.7408 1.2737 2.79 3.1855 -0.71156 3.6074 -1.0593 -1.972 2.5823 -0.88774 -2.9939 2.5718 0.26692 -0.1873 -0.0019205 0.76708 -1.1548 -1.8372 0.43549 -1.1362 -3.6106 0.76061 0.1873 0.0019205 -0.76708 0.2129 -2.0954 -0.88959 1.1558 -3.5279 -0.33304
0 25 132 -0.69834 4.7939 0.063391 -0.46097 3.5573 -0.073188 -0.19467 3.5315 0.87327 0.79679 2.6028 1.7806 1.2875 2.7992 3.2292 -0.73266 3.6123 -1.0169 -2.0108 2.6018 -0.89766 -3.1879 2.5546 0.097253 -0.12503 0.00046086 0.77966 -1.0891 -1.8588 0.61159 -0.9592 -3.6233 0.95879 0.12503 -0.0004611 -0.77966 0.067565 -2.0931 -0.95828 1.0561 -3.5536 -0.58309
0 94 348 0.25809 4.8044 0.24907 0.11484 3.572 0.096227 0.28815 3.6063 -0.87132 0.35961 4.0482 -2.4424 0.30548 5.5803 -2.6081 -0.059496 3.5675 1.0642 -0.17298 3.9309 2.6528 0.10136 5.4085 2.9977 0.12839 0.013351 -0.779 0.54205 -2.0444 -0.68493 -0.041801 -3.7466 -0.79723 -0.12839 -0.013351 0.779 0.1822 -2.0785 1.0089 -0.5677 -3.715 1.1113
0 104 204 -0.27505 4.8306 0.22426 -0.25909 3.571 0.19732 0.094716 3.4996 1.1122 -1.085 2.5927 1.7863 -2.5983 2.8882 1.7986 -0.61507 3.6718 -0.71399 -2.034 2.8812 -0.53964 -3.0639 2.8474 0.60747 0.30887 -0.0063686 0.72668 -0.15756 -2.0445 0.93384 0.40139 -3.7506 0.76731 -0.30887 0.0063686 -0.72668 -0.79107 -2.0379 -0.6741 -0.3097 -3.727 -1.0818
0 105 204 -0.29419 4.8283 0.24521 -0.2711 3.569 0.21523 0.082654 3.4944 1.1299 -0.95985 2.3731 1.6995 -2.498 2.4471 1.7787 -0.62714 3.6731 -0.69569 -1.9181 2.6799 -0.57092 -2.9907 2.4757 0.51794 0.30486 -0.0089393 0.72834 -0.15751 -2.0483 0.93242 0.41384 -3.7506 0.76895 -0.30486 0.0089388 -0.72834 -0.77941 -2.0371 -0.67471 -0.29548 -3.726 -1.0801
1 6 12 -1.4938 4.5801 0.39488 -1.1888 3.353 0.36424 -0.94892 3.3443 1.3181 -0.16478 2.2507 2.2443 0.118 1.9673 3.7333 -1.4349 3.3908 -0.58727 -1.2322 2.3478 -1.8281 -1.8542 2.1426 -3.2241 0.22515 -0.011558 0.75675 -0.93009 -1.7524 0.97824 -0.018699 -3.3029 0.85069 -0.22515 0.011558 -0.75675 -1.3063 -1.7858 -0.63394 -0.23977 -3.2153 -0.89816
1 7 12 -1.2912 4.6386 0.36325 -1.0258 3.4036 0.33358 -0.80068 3.3878 1.2909 0.034337 2.47 2.3536 0.3759 2.485 3.8572 -1.2551 3.4489 -0.62179 -1.0566 2.5505 -1.9717 -1.6526 2.6083 -3.3927 0.22275 -0.015726 0.75739 -0.64132 -1.908 1.0526 0.083998 -3.5561 0.96118 -0.22275 0.015726 -0.75739 -1.131 -1.8787 -0.7814 -0.26438 -3.4456 -0.99295
1 36 24 -1.5676 4.5314 0.64914 -1.2123 3.3206 0.59939 -0.80303 3.3474 1.4933 -0.19548 1.834 1.5898 -0.14818 0.52035 2.3959 -1.6305 3.322 -0.29082 -1.3453 1.8015 -0.81556 -1.9816 0.46958 -1.2613 0.40157 0.017815 0.67965 -0.43336 -1.8985 0.89143 0.30895 -3.4775 0.43668 -0.40157 -0.017815 -0.67965 -1.1365 -1.8877 -0.065184 -0.17514 -3.3344 -0.54866
1 41 24 -1.4813 4.5587 0.67715 -1.1512 3.3431 0.59112 -0.713 3.3417 1.4716 -0.16067 1.8073 1.5683 -0.13027 0.54229 2.4495 -1.5977 3.3727 -0.28473 -1.4464 1.8336 -0.8112 -2.375 0.66073 -1.1849 0.38518 0.0053382 0.68928 -0.74032 -1.7296 1.06 0.17336 -3.1626 0.45772 -0.38518 -0.0053382 -0.68928 -1.4037 -1.7536 -0.12303 -0.24143 -3.0709 -0.529
2 104 204 -1.8416 4.4273 0.72825 -1.3817 3.2615 0.58849 -0.97074 3.2481 1.4819 0.091464 2.0069 1.489 0.65104 0.65314 1.9704 -1.8044 3.3015 -0.29869 -1.1426 1.9978 -1.0274 -1.0123 0.51517 -1.4305 0.33385 0.015883 0.71539 -0.58662 -1.831 1.1106 0.11547 -3.4807 0.92009 -0.33385 -0.015883 -0.71539 -1.1867 -1.9046 -0.36925 -0.36489 -3.4545 -0.78545
4 7 192 -1.3197 4.6339 0.4754 -0.9841 3.4318 0.26359 -0.75262 3.3261 1.2136 -0.46953 1.7435 1.5033 -1.9961 1.5554 1.6119 -1.2243 3.5654 -0.68077 -0.5098 2.2895 -1.4089 -1.6477 1.2532 -1.5036 0.24843 0.045022 0.74817 0.52935 -2.0179 0.46591 1.3533 -3.5599 0.02505 -0.24843 -0.045023 -0.74817 -1.3934 -1.7206 -0.2042 -1.157 -3.4861 0.075148
4 8 192 -1.3712 4.6288 0.39153 -1.0155 3.4275 0.20892 -0.79574 3.3437 1.1639 -0.46992 1.7732 1.4738 -2.0012 1.599 1.5246 -1.2444 3.5393 -0.74106 -0.53343 2.2383 -1.4272 -1.7848 1.3374 -1.4322 0.24244 0.055223 0.74945 0.69631 -1.9703 0.42442 1.5575 -3.4894 -0.02442 -0.24244 -0.055223 -0.74945 -1.3918 -1.722 -0.18797 -1.2184 -3.4811 0.16722
4 20 216 -1.434 4.5894 0.57769 -1.0942 3.3953 0.32643 -0.51673 3.4148 1.1223 0.71419 2.3437 1.0426 0.087267 1.2551 1.9367 -1.6799 3.4039 -0.4637 -1.851 1.8072 -0.76358 -2.7527 2.2349 0.41185 0.3319 0.057014 0.7142 -0.62865 -1.738 1.2333 -0.46342 -3.4865 1.6415 -0.3319 -0.057014 -0.7142 -0.055952 -2.1341 -0.55943 1.2836 -3.2796 -0.93939
4 21 216 -1.369 4.615 0.5087 -1.0395 3.4188 0.2544 -0.48045 3.4296 1.0635 0.71367 2.3163 1.0052 0.11025 1.2454 1.9362 -1.6063 3.4361 -0.54921 -1.6899 1.8471 -0.91881 -2.6593 2.1387 0.24423 0.29521 0.056341 0.73019 -0.58905 -1.7827 1.2304 -0.7627 -3.4994 1.7535 -0.29521 -0.05634 -0.73019 0.1268 -2.1131 -0.65404 1.5199 -3.1828 -1.0615
4 22 216 -1.3142 4.6353 0.42847 -0.99472 3.4362 0.17557 -0.47517 3.4376 1.0107 0.67503 2.2776 1.0218 0.04759 1.223 1.9555 -1.5219 3.4631 -0.6543 -1.5263 1.8879 -1.0872 -2.5733 2.0299 0.035875 0.25667 0.059127 0.74439 -0.64561 -1.7734 1.2363 -0.74404 -3.4962 1.7589 -0.25667 -0.059127 -0.74439 0.15583 -2.1173 -0.65563 1.6643 -2.9832 -1.1307
4 23 216 -1.3024 4.6439 0.28378 -0.98507 3.4406 0.049701 -0.53128 3.4349 0.92228 0.57096 2.2375 1.0634 -0.14974 1.2054 1.9539 -1.4466 3.4746 -0.81817 -1.3623 1.9165 -1.3018 -2.5016 1.8992 -0.2628 0.20906 0.07797 0.75744 -0.78724 -1.7182 1.1995 -0.59514 -3.4483 1.6694 -0.20906 -0.07797 -0.75744 0.041727 -2.1586 -0.60733 1.6635 -2.7368 -1.1425
4 24 228 -1.3282 4.6193 0.39481 -1.0406 3.4173 0.11874 -0.48594 3.4056 0.93086 0.57005 2.1634 1.0335 -0.10418 1.1673 1.9984 -1.6025 3.4573 -0.68753 -1.4791 1.9246 -1.2393 -2.5144 1.7164 -0.11574 0.32827 0.11788 0.70841 -0.69606 -1.6149 1.3104 -0.14936 -3.3096 1.5933 -0.32827 -0.11788 -0.70841 -0.31216 -2.2043 -0.46197 1.2204 -2.512 -1.3605
4 25 228 -1.4106 4.6034 0.32181 -1.0849 3.4086 0.056986 -0.59431 3.3902 0.90925 0.34941 2.0951 1.2269 -0.50979 1.1559 2.0972 -1.5838 3.455 -0.78936 -1.2356 1.9806 -1.4007 -2.4153 1.5673 -0.49792 0.30925 0.12762 0.71525 -0.7713 -1.5895 1.2614 -0.019168 -3.2179 1.4445 -0.30925 -0.12762 -0.71525 -0.59329 -2.1748 -0.33771 1.0119 -2.3417 -1.1418
4 27 240 -1.5085 4.5783 0.34734 -1.1576 3.3855 0.1077 -0.70689 3.374 0.98182 0.061541 2.0004 1.4193 -1.1136 1.4021 2.2185 -1.6175 3.4249 -0.76084 -1.0259 2.1044 -1.5192 -2.2644 1.5293 -0.80304 0.35762 0.13895 0.69014 -0.43902 -1.7331 1.2145 0.58696 -3.2084 1.0663 -0.35762 -0.13895 -0.69014 -1.2386 -1.9126 0.011428 0.37011 -2.3907 -0.64756
4 29 252 -1.5149 4.5882 0.25603 -1.1652 3.384 0.079814 -0.75412 3.3915 0.97332 -0.063869 2.0051 1.4933 -1.3998 1.7031 2.2015 -1.5852 3.4046 -0.80927 -0.88907 2.1723 -1.6251 -2.1539 1.554 -0.99608 0.376 0.14872 0.67823 0.25613 -1.9331 0.93503 1.3014 -3.3549 0.56521 -0.376 -0.14872 -0.67823 -1.4453 -1.712 0.23128 -0.12756 -2.9192 -0.0076482
4 30 252 -1.5237 4.5947 0.07675 -1.158 3.3877 -0.038622 -0.83385 3.4142 0.88959 -0.20958 2.0195 1.4673 -1.608 1.7515 2.0591 -1.4913 3.3893 -0.96398 -0.6823 2.1792 -1.7056 -2.0009 1.5349 -1.2325 0.32682 0.14965 0.70306 0.54215 -1.9362 0.83369 1.5934 -3.3514 0.45572 -0.32682 -0.14965 -0.70306 -1.4225 -1.7258 0.15104 -0.39641 -3.2007 0.30135
4 33 252 -1.3776 4.6343 -0.37321 -1.0236 3.4193 -0.32725 -0.85469 3.5432 0.63374 -0.43226 2.1215 1.3187 -1.8865 1.7661 1.6883 -1.2014 3.3239 -1.2899 -0.19975 2.1175 -1.7482 -1.6002 1.4863 -1.6136 0.22214 0.14592 0.74354 0.86077 -1.8535 0.8368 2.199 -3.025 0.54042 -0.22214 -0.14593 -0.74354 -1.1544 -1.8898 -0.033543 -0.76701 -3.5061 0.66528
4 35 264 -1.4403 4.6302 -0.17906 -1.0634 3.4216 -0.14648 -0.74037 3.5757 0.76964 -0.16876 2.1742 1.3844 -1.4927 1.653 1.9787 -1.396 3.2958 -1.0635 -0.64505 1.9019 -1.4658 -2.0668 1.4796 -1.0439 0.32193 0.12164 0.71068 0.6439 -1.9267 1.0499 2.2142 -2.5616 0.432 -0.32193 -0.12164 -0.71068 -1.1186 -1.8596 0.16058 -0.23016 -3.3591 0.62213
4 40 276 -1.459 4.6251 -0.0069294 -1.1088 3.4091 -0.050359 -0.6587 3.525 0.81644 0.50822 2.3967 1.0009 -0.73916 1.7624 1.6485 -1.568 3.3217 -0.91571 -1.3627 1.7334 -1.2379 -2.6264 1.8221 -0.35874 0.27526 0.10413 0.73273 -0.98302 -1.5046 1.2257 0.090908 -2.9456 1.3709 -0.27526 -0.10413 -0.73273 -0.41687 -2.0771 -0.024437 0.9415 -3.2626 -0.011854
4 41 288 -1.3785 4.6438 0.19664 -1.0684 3.421 0.08733 -0.45869 3.526 0.85194 0.73664 2.4175 0.74568 -0.34891 1.7964 1.6476 -1.6861 3.3446 -0.67423 -1.5377 1.7656 -1.066 -2.5918 1.7546 0.059386 0.38173 0.11311 0.6819 -0.72986 -1.5513 1.321 -0.14596 -3.2411 1.5546 -0.38173 -0.11311 -0.6819 -0.20468 -2.1323 -0.12887 1.1569 -3.2907 -0.36334
4 42 288 -1.2844 4.671 0.11024 -1.0054 3.4406 0.00093505 -0.40815 3.5222 0.77812 0.77905 2.4047 0.67574 -0.33193 1.8234 1.5733 -1.6097 3.3878 -0.77324 -1.4292 1.8216 -1.2011 -2.5006 1.6934 -0.099596 0.3317 0.11367 0.7075 -0.63663 -1.6662 1.2631 -0.57964 -3.4133 1.7049 -0.3317 -0.11367 -0.7075 -0.011428 -2.1505 -0.30383 1.3707 -3.2922 -0.49628
4 43 288 -1.1615 4.7038 0.034895 -0.91514 3.4656 -0.062174 -0.35791 3.5296 0.74576 0.81056 2.3885 0.70902 -0.37774 1.8953 1.5589 -1.4789 3.4305 -0.86735 -1.2791 1.8755 -1.3265 -2.3797 1.6452 -0.27139 0.26393 0.099849 0.73748 -0.61767 -1.7404 1.2381 -0.80258 -3.4665 1.7252 -0.26393 -0.099849 -0.73748 0.1153 -2.1369 -0.3897 1.5488 -3.2104 -0.59824
4 46 300 -1.0668 4.7114 -0.057204 -0.88072 3.4638 -0.16018 -0.38814 3.5074 0.69001 0.65716 2.3227 1.1057 -0.77171 2.2027 1.6728 -1.379 3.4493 -1.008 -1.0789 1.9457 -1.5719 -2.2313 1.4735 -0.66274 0.26821 0.13529 0.73025 -0.61833 -1.7028 1.2301 -0.045703 -3.3913 1.4981 -0.26821 -0.13529 -0.73025 -0.27457 -2.2007 -0.34531 1.3816 -2.6112 -0.92805
4 48 312 -1.154 4.6852 0.1088 -0.97057 3.4461 -0.062538 -0.44069 3.4734 0.76562 0.32338 2.2613 1.5503 -1.1774 2.2409 1.9037 -1.5069 3.4477 -0.88702 -0.95718 2.073 -1.5775 -2.1538 1.3623 -0.9136 0.37935 0.15322 0.67537 -0.38456 -1.6938 1.3228 0.54841 -3.2328 1.2128 -0.37935 -0.15322 -0.67537 -0.93387 -2.0845 -0.061327 0.70672 -2.4167 -0.73141
4 49 312 -1.222 4.6708 0.010757 -1.0141 3.4324 -0.12777 -0.61896 3.4699 0.77214 -0.0093081 2.2659 1.6927 -1.5482 2.2549 1.7895 -1.4164 3.4236 -1.0252 -0.74185 2.1052 -1.7148 -2.0095 1.376 -1.2261 0.33224 0.1554 0.69926 -0.2737 -1.777 1.2586 0.73762 -3.2623 1.1104 -0.33224 -0.1554 -0.69926 -1.1864 -1.9491 -0.015652 0.46925 -2.5071 -0.46089
4 50 324 -1.2854 4.6521 0.12912 -1.079 3.4132 -0.0080344 -0.63341 3.4577 0.86765 0.09477 2.2592 1.7056 -1.4299 2.2281 1.9337 -1.5318 3.3975 -0.881 -0.911 2.1158 -1.6813 -2.1341 1.4054 -1.0674 0.40699 0.16052 0.65734 0.17648 -1.874 1.1282 1.1597 -3.3515 0.81006 -0.40699 -0.16052 -0.65734 -1.321 -1.8302 0.23213 0.16366 -2.7312 -0.2526
4 51 324 -1.3225 4.6471 -0.059561 -1.0936 3.4067 -0.13817 -0.76951 3.4704 0.78825 -0.057235 2.263 1.6271 -1.591 2.1598 1.7485 -1.4253 3.3719 -1.0635 -0.69372 2.1204 -1.8168 -1.9855 1.4312 -1.333 0.33041 0.16118 0.69882 0.40005 -1.9208 0.97224 1.3883 -3.4064 0.71297 -0.33041 -0.16118 -0.69882 -1.3531 -1.7853 0.15599 -0.050567 -3.0238 0.013183
4 52 324 -1.3336 4.6439 -0.21033 -1.089 3.4041 -0.23949 -0.8533 3.4895 0.71157 -0.14228 2.265 1.5264 -1.668 2.0537 1.5989 -1.3324 3.3475 -1.1908 -0.48347 2.1247 -1.8636 -1.8215 1.4466 -1.5063 0.27259 0.15908 0.7238 0.58086 -1.9108 0.91104 1.5945 -3.3857 0.69159 -0.27259 -0.15908 -0.7238 -1.2898 -1.8114 0.082078 -0.26884 -3.2905 0.22587
4 53 324 -1.3268 4.64 -0.35852 -1.0673 3.4022 -0.34264 -0.89391 3.5058 0.61994 -0.19066 2.2623 1.4123 -1.6967 1.9368 1.4733 -1.2484 3.3273 -1.3065 -0.31503 2.1163 -1.8818 -1.6813 1.4504 -1.6219 0.22891 0.16501 0.73748 0.69116 -1.8774 0.90806 1.7572 -3.3233 0.75312 -0.22891 -0.16501 -0.73748 -1.1875 -1.8713 0.02674 -0.42627 -3.4714 0.35966
4 54 336 -1.3682 4.639 -0.22338 -1.0992 3.4028 -0.219 -0.77788 3.5259 0.7024 0.04957 2.2585 1.3171 -1.3831 1.8346 1.6983 -1.4283 3.3084 -1.141 -0.57998 2.0856 -1.8146 -1.8981 1.451 -1.3273 0.33463 0.1708 0.69452 0.84477 -1.8646 0.80106 1.999 -3.1996 0.43173 -0.33463 -0.1708 -0.69452 -1.0771 -1.919 0.20379 -0.33511 -3.5373 0.48881
4 55 336 -1.3715 4.6351 -0.3402 -1.0881 3.4029 -0.29742 -0.80343 3.547 0.63291 -0.0090781 2.2533 1.2363 -1.4131 1.7516 1.6296 -1.3811 3.2873 -1.2292 -0.51634 2.0352 -1.8234 -1.8667 1.458 -1.3531 0.29216 0.17043 0.71351 0.71624 -1.8765 0.92465 2.0541 -3.0138 0.51532 -0.29216 -0.17043 -0.71351 -1.0054 -1.9534 0.13879 -0.16229 -3.515 0.45731
4 56 336 -1.4075 4.6274 -0.39244 -1.086 3.4063 -0.32022 -0.8308 3.5682 0.61573 -0.065268 2.2505 1.2044 -1.4449 1.6902 1.6047 -1.3506 3.2726 -1.258 -0.50598 1.9762 -1.782 -1.8885 1.4968 -1.2958 0.25643 0.15592 0.73037 0.48973 -1.903 1.0778 1.9986 -2.8027 0.67174 -0.25643 -0.15592 -0.73037 -0.9449 -1.9402 0.13939 0.035749 -3.4322 0.39091
4 66 12 -1.3693 4.621 0.47685 -1.0869 3.406 0.26083 -0.46432 3.4506 1.0209 0.59064 2.2034 1.0061 -0.4908 1.5025 1.8528 -1.7172 3.3897 -0.49403 -1.5346 1.8626 -1.0448 -2.4391 1.9376 0.2017 0.40631 0.099916 0.66965 -0.53768 -1.714 1.1523 -0.19085 -3.4821 1.0865 -0.40631 -0.099916 -0.66965 0.047519 -2.1333 -0.39836 1.6062 -2.6564 -1.1385
4 67 12 -1.4071 4.6065 0.40838 -1.1329 3.3914 0.18537 -0.57742 3.4077 0.9969 0.43752 2.1356 1.1393 -0.76476 1.5116 1.876 -1.6962 3.4033 -0.62077 -1.4009 1.9255 -1.2514 -2.433 1.827 -0.10997 0.3646 0.11783 0.69042 -0.63252 -1.6879 1.0899 0.022801 -3.359 0.92038 -0.3646 -0.11783 -0.69042 -0.28155 -2.1897 -0.35153 1.3498 -2.425 -1.0824
4 71 24 -1.4699 4.5942 0.37444 -1.1636 3.381 0.1864 -0.77078 3.3649 1.0879 0.0088919 1.9947 1.5163 -1.4618 1.8386 1.9526 -1.5652 3.4252 -0.71036 -0.87441 2.209 -1.5544 -2.0994 1.6164 -0.82926 0.36774 0.11759 0.6888 0.24032 -1.9794 0.71646 1.2692 -3.3685 0.2039 -0.36774 -0.11759 -0.6888 -1.4081 -1.7658 0.095538 -0.10375 -2.9264 -0.35444
4 72 24 -1.4457 4.6147 0.24415 -1.1306 3.3964 0.10791 -0.81367 3.393 1.039 -0.081892 2.01 1.5087 -1.5876 1.8808 1.8152 -1.4561 3.4281 -0.81966 -0.67042 2.2322 -1.6078 -1.95 1.6053 -1.0185 0.32848 0.11207 0.70925 0.4911 -1.9819 0.65511 1.5178 -3.3773 0.15523 -0.32848 -0.11207 -0.70925 -1.3623 -1.7525 0.099754 -0.4435 -3.2951 -0.064842
4 73 24 -1.3874 4.6422 0.12677 -1.0682 3.42 0.040078 -0.80499 3.4381 0.98757 -0.12692 2.0442 1.5034 -1.6521 1.9161 1.691 -1.3399 3.4305 -0.90514 -0.47994 2.248 -1.6338 -1.7927 1.5939 -1.1579 0.30473 0.10462 0.7209 0.69313 -1.9579 0.62259 1.7348 -3.3583 0.17024 -0.30473 -0.10462 -0.7209 -1.2441 -1.8014 0.087045 -0.79577 -3.5448 0.19003
4 74 24 -1.3399 4.6589 0.022351 -1.0246 3.4333 -0.017856 -0.79213 3.4737 0.93697 -0.17916 2.0684 1.5009 -1.7149 1.9533 1.5784 -1.2654 3.4215 -0.9714 -0.35872 2.2458 -1.653 -1.6904 1.5861 -1.2418 0.29687 0.10504 0.72411 0.8269 -1.925 0.61327 1.9433 -3.2813 0.20706 -0.29687 -0.10504 -0.72411 -1.1544 -1.8544 0.062489 -0.986 -3.6278 0.34106
