0 0 276 0.40707 4.8174 0.26797 0.27579 3.5725 0.10769 0.99432 3.5075 -0.56078 2.0968 2.4853 -1.1999 3.6029 2.7739 -1.3604 -0.43835 3.6669 0.77735 -0.95254 2.6073 1.9094 -0.75095 2.5042 3.4346 0.58792 -0.02094 -0.5267 1.2129 -1.9089 0.15085 1.2985 -3.6681 -0.23528 -0.58792 0.020939 0.5267 -0.67588 -2.0782 0.5313 -1.2445 -3.5909 -0.26835
0 1 264 0.437 4.8165 0.26869 0.29173 3.5717 0.11495 1.0314 3.4939 -0.52865 2.0656 2.4791 -1.2832 3.5568 2.7568 -1.5601 -0.44312 3.6789 0.75983 -0.89628 2.606 1.9053 -0.57593 2.4735 3.4078 0.63377 -0.03031 -0.47002 1.1769 -1.8944 0.33279 1.3396 -3.6622 0.017398 -0.63377 0.03031 0.47002 -0.73507 -2.0653 0.35824 -1.1606 -3.5693 -0.54054
0 2 252 0.45888 4.815 0.28463 0.29771 3.5708 0.13626 1.0535 3.4839 -0.48706 2.0172 2.4846 -1.3481 3.4827 2.7575 -1.7426 -0.45301 3.6869 0.76099 -0.84836 2.5954 1.9103 -0.39857 2.4463 3.3777 0.67743 -0.034411 -0.40423 1.1045 -1.8749 0.51467 1.3239 -3.6488 0.27738 -0.67743 0.034411 0.40423 -0.75473 -2.0539 0.18658 -1.0243 -3.5488 -0.78467
0 3 228 0.41149 4.8081 0.43222 0.26443 3.5677 0.23992 1.144 3.4727 -0.18984 2.212 2.4949 -0.9462 3.7129 2.7822 -1.152 -0.61005 3.6919 0.6726 -1.181 2.58 1.7245 -0.92355 2.423 3.2367 0.76955 -0.039397 -0.17243 0.82914 -1.8538 0.8853 1.1179 -3.6307 0.78427 -0.76956 0.039397 0.17243 -0.73009 -2.0407 -0.12105 -0.61473 -3.5261 -1.1364
0 3 240 0.49237 4.8081 0.33722 0.30854 3.5677 0.1797 1.0795 3.4727 -0.42355 1.9669 2.4949 -1.3854 3.3923 2.7822 -1.8987 -0.45688 3.6919 0.78474 -0.7967 2.58 1.9323 -0.23043 2.423 3.3579 0.71689 -0.039397 -0.32866 0.99509 -1.8538 0.69356 1.2566 -3.6307 0.5347 -0.71689 0.039397 0.32866 -0.7393 -2.0407 0.033389 -0.83756 -3.5261 -0.98373
0 4 216 0.42221 4.8022 0.48858 0.25073 3.5659 0.28384 1.1428 3.4677 -0.11851 2.155 2.5219 -0.9843 3.6291 2.8389 -1.3073 -0.63611 3.6931 0.68964 -1.1574 2.5689 1.7541 -0.77726 2.412 3.2402 0.78426 -0.042154 -0.081642 0.66102 -1.8364 1.0045 0.94975 -3.6162 0.99384 -0.78426 0.042153 0.081642 -0.66858 -2.0309 -0.24016 -0.3696 -3.5013 -1.2398
0 4 228 0.51456 4.8022 0.39012 0.30427 3.5659 0.22551 1.0932 3.4677 -0.35353 1.9033 2.5219 -1.4108 3.278 2.8389 -2.0332 -0.47883 3.6931 0.80682 -0.7674 2.5689 1.9564 -0.086595 2.412 3.331 0.75014 -0.042154 -0.24291 0.85542 -1.8364 0.84511 1.1356 -3.6162 0.77466 -0.75014 0.042153 0.24291 -0.7039 -2.0309 -0.095905 -0.61929 -3.5013 -1.1358
0 5 204 0.43315 4.7961 0.53007 0.23739 3.5641 0.31642 1.1419 3.4598 -0.055542 2.109 2.5532 -1.0102 3.5458 2.901 -1.4489 -0.66168 3.6976 0.69223 -1.1294 2.5585 1.7658 -0.64509 2.4184 3.223 0.78807 -0.047015 0.015222 0.47538 -1.8202 1.0979 0.74538 -3.6019 1.1588 -0.78807 0.047015 -0.015222 -0.58989 -2.0158 -0.36135 -0.097735 -3.4745 -1.2999
0 6 192 0.40664 4.7888 0.59685 0.19965 3.5613 0.36532 1.1202 3.4635 0.033203 2.0467 2.5874 -0.98798 3.4401 2.9631 -1.5312 -0.71576 3.6881 0.70195 -1.1265 2.5372 1.7862 -0.55431 2.421 3.2133 0.77939 -0.047612 0.11739 0.26805 -1.7985 1.16 0.50708 -3.5814 1.2834 -0.77939 0.047612 -0.11739 -0.50471 -2.0086 -0.4503 0.17528 -3.4515 -1.2909
0 25 228 0.13604 4.7939 0.68789 -0.024602 3.5573 0.4661 0.88883 3.5315 0.10233 1.6876 2.6028 -0.97855 3.0769 2.7992 -1.618 -0.93471 3.6123 0.83493 -0.68256 2.6018 2.0936 0.42994 2.5546 3.1602 0.78846 0.00046086 0.04285 0.72208 -1.8588 1.0192 1.0538 -3.6233 0.85372 -0.78846 -0.0004611 -0.04285 -0.96009 -2.0931 0.032973 -0.69029 -3.5536 -0.98933
0 26 240 0.19224 4.7974 0.65567 0.023951 3.5603 0.44214 0.92199 3.5279 0.042353 1.7459 2.6078 -1.0269 3.1534 2.8002 -1.6266 -0.87041 3.622 0.84671 -0.6766 2.6313 2.1311 0.2583 2.5496 3.3546 0.78927 -0.0027633 -0.023145 0.87486 -1.8863 0.90379 1.1889 -3.6399 0.6258 -0.78927 0.0027628 0.023145 -0.97579 -2.0836 0.18674 -0.89249 -3.5771 -0.81985
0 27 252 0.23654 4.8016 0.61518 0.06072 3.5627 0.41887 0.93899 3.5296 -0.022622 1.7941 2.6128 -1.07 3.2283 2.7888 -1.6084 -0.81371 3.6249 0.8648 -0.68179 2.6471 2.1668 0.04798 2.5342 3.5205 0.78393 -0.0029111 -0.094543 1.0025 -1.9106 0.75826 1.269 -3.6518 0.37354 -0.78393 0.0029106 0.094544 -0.96846 -2.0747 0.34719 -1.0645 -3.6001 -0.6092
0 28 264 0.28254 4.8054 0.57368 0.10221 3.5647 0.39359 0.95746 3.5311 -0.090956 1.8482 2.6078 -1.1023 3.3139 2.7677 -1.5538 -0.74905 3.6274 0.88224 -0.70661 2.6667 2.2028 -0.15765 2.548 3.6389 0.77046 -0.0046096 -0.17283 1.1013 -1.9319 0.59558 1.2922 -3.659 0.11433 -0.77046 0.0046096 0.17283 -0.92825 -2.0631 0.51022 -1.1902 -3.6188 -0.36284
0 29 276 0.32734 4.8075 0.53794 0.14242 3.5656 0.37097 0.9691 3.5337 -0.16095 1.8966 2.6006 -1.1294 3.3973 2.7319 -1.4582 -0.68014 3.6268 0.90672 -0.74665 2.6955 2.2472 -0.35 2.5792 3.7328 0.74755 -0.0054746 -0.25424 1.1669 -1.9529 0.4137 1.2585 -3.6661 -0.14067 -0.74755 0.0054746 0.25424 -0.85634 -2.0499 0.67593 -1.2649 -3.631 -0.088429
0 30 288 0.35328 4.8102 0.50231 0.16306 3.5678 0.34515 0.95955 3.5378 -0.2311 1.9277 2.5901 -1.144 3.4538 2.6818 -1.3449 -0.62917 3.627 0.925 -0.81262 2.7323 2.2794 -0.52808 2.6389 3.792 0.71413 0.00050831 -0.33693 1.1979 -1.9675 0.21733 1.1725 -3.6693 -0.37782 -0.71413 -0.00050831 0.33693 -0.74964 -2.0408 0.83708 -1.2813 -3.6431 0.20393
0 31 300 0.38251 4.8131 0.45921 0.19217 3.5695 0.31218 0.9534 3.5394 -0.3099 1.965 2.5741 -1.1546 3.5049 2.6171 -1.2228 -0.56465 3.6288 0.93752 -0.87496 2.7738 2.2945 -0.66676 2.7276 3.8217 0.66895 0.001811 -0.41952 1.1977 -1.9836 0.019678 1.0434 -3.6724 -0.59278 -0.66895 -0.001811 0.41952 -0.61657 -2.0296 0.96687 -1.2363 -3.6512 0.47983
0 32 312 0.41169 4.8134 0.43189 0.21986 3.5693 0.29157 0.94801 3.5421 -0.36904 1.9953 2.5543 -1.1411 3.5358 2.5464 -1.0725 -0.50389 3.6258 0.95517 -0.92948 2.817 2.3092 -0.80052 2.8088 3.8457 0.61494 0.0043416 -0.4953 1.1568 -1.9993 -0.16981 0.87426 -3.6754 -0.77133 -0.61494 -0.0043421 0.4953 -0.46397 -2.0199 1.0689 -1.1345 -3.6624 0.74712
0 33 324 0.42973 4.8154 0.39423 0.23935 3.5703 0.26088 0.93589 3.547 -0.43312 2.0123 2.5305 -1.1235 3.5408 2.48 -0.92689 -0.45281 3.623 0.95767 -0.98807 2.8551 2.2965 -0.94224 2.8826 3.8376 0.5518 0.0069962 -0.56477 1.0801 -2.0149 -0.3475 0.67252 -3.677 -0.91504 -0.5518 -0.0069962 0.56477 -0.30343 -2.0121 1.1413 -0.98677 -3.6724 0.97619
0 34 336 0.44814 4.8159 0.36799 0.25897 3.5697 0.24419 0.9242 3.5477 -0.47993 2.0232 2.5003 -1.0831 3.5315 2.4206 -0.77238 -0.40192 3.6211 0.97079 -1.0381 2.8827 2.2819 -1.0969 2.9387 3.8217 0.4859 0.01196 -0.6223 0.97235 -2.0286 -0.50447 0.45056 -3.6782 -1.0118 -0.4859 -0.01196 0.6223 -0.12009 -2.0012 1.1909 -0.79668 -3.6724 1.1774
0 36 348 0.39829 4.8163 0.4125 0.23905 3.5691 0.26036 0.99484 3.5452 -0.36858 2.1934 2.4531 -0.56719 3.4937 2.3316 0.25272 -0.51279 3.6225 0.89222 -1.5698 2.9059 1.911 -2.1575 3.0162 3.3323 0.47241 0.024031 -0.63225 0.83659 -2.0449 -0.5952 0.20066 -3.6691 -1.0517 -0.47241 -0.024031 0.63225 0.034568 -1.9747 1.2258 -0.55812 -3.673 1.3496
0 37 0 0.40256 4.8175 0.38524 0.2456 3.5708 0.2295 0.97799 3.548 -0.42658 2.1646 2.4328 -0.55698 3.3986 2.3028 0.35844 -0.48283 3.623 0.88831 -1.5998 2.8956 1.8327 -2.2873 3.0296 3.2064 0.40183 0.026108 -0.67923 0.70265 -2.0531 -0.7061 -0.034229 -3.6589 -1.0656 -0.40183 -0.026107 0.67923 0.23877 -1.9566 1.2056 -0.27427 -3.669 1.441
0 38 12 0.38386 4.8187 0.37284 0.23461 3.5727 0.20777 0.94593 3.5538 -0.47122 2.1149 2.4149 -0.54257 3.2634 2.284 0.47802 -0.47287 3.6212 0.88931 -1.6335 2.8648 1.7551 -2.4069 3.0196 3.0801 0.33202 0.031559 -0.71573 0.53995 -2.0581 -0.78327 -0.281 -3.6441 -1.0314 -0.33202 -0.031559 0.71573 0.43605 -1.9382 1.1507 0.021631 -3.6637 1.4694
0 40 24 0.28409 4.8123 0.46278 0.19226 3.5722 0.23853 0.99237 3.5646 -0.33343 2.0868 2.3792 -0.076879 2.7731 2.2662 1.2993 -0.60482 3.6093 0.81355 -1.9392 2.7794 1.2602 -3.0842 2.9162 2.2839 0.33107 0.043852 -0.71552 0.35515 -2.0562 -0.7755 -0.53966 -3.6132 -0.93637 -0.33107 -0.043852 0.71552 0.58665 -1.8982 1.0811 0.31645 -3.6455 1.4342
0 41 36 0.30466 4.8062 0.46581 0.20963 3.5715 0.22248 0.97637 3.5718 -0.39353 2.0327 2.3622 -0.093764 2.6109 2.2593 1.332 -0.5542 3.6007 0.84141 -1.8933 2.7397 1.2078 -3.0741 2.8322 2.1951 0.24237 0.047052 -0.75003 0.201 -2.053 -0.79832 -0.72359 -3.6009 -0.81134 -0.24237 -0.047052 0.75003 0.76664 -1.878 0.95974 0.6088 -3.6349 1.3328
0 42 36 0.23703 4.7997 0.51061 0.19041 3.5715 0.23325 1.0366 3.5777 -0.26807 1.9712 2.3505 0.26963 2.1178 2.2646 1.8022 -0.65349 3.5948 0.73789 -2.0206 2.7006 0.75256 -3.4047 2.7265 1.4316 0.297 0.045931 -0.73019 0.22079 -2.0532 -0.77693 -0.72315 -3.5887 -0.82123 -0.297 -0.045931 0.73019 0.73805 -1.8576 0.97695 0.6109 -3.6225 1.3231
0 93 192 -0.37883 4.7941 -0.13401 -0.18451 3.565 -0.052185 0.05567 3.6044 0.90077 0.87617 3.7232 2.3084 1.3141 5.1654 2.6342 -0.42345 3.5553 -1.0062 -0.72789 3.6664 -2.6074 -0.97563 5.0988 -3.1216 0.19221 0.015961 0.7657 -0.21078 -2.0447 0.84108 0.37167 -3.7453 0.70164 -0.19221 -0.015962 -0.7657 -0.56915 -2.0812 -0.84933 0.082566 -3.7119 -1.2579
0 102 288 0.12222 4.8399 0.20083 0.11748 3.5776 0.19788 1.0626 3.5233 -0.068745 1.8553 3.2242 1.3281 1.5486 3.887 2.6862 -0.8251 3.6615 0.46595 -0.8172 3.3524 2.07 0.29574 3.6893 3.0827 0.75192 -0.00029087 -0.24107 0.90286 -2.0402 0.23877 0.79197 -3.7529 -0.31368 -0.75192 0.00029135 0.24107 -0.75486 -2.0436 0.72769 -1.1236 -3.7274 0.19876
0 103 288 0.17014 4.835 0.25443 0.14803 3.5743 0.244 1.094 3.5038 -0.015944 1.7627 2.8782 1.3369 1.529 3.3738 2.7782 -0.7947 3.6743 0.50596 -0.7571 3.1121 2.0393 0.31855 3.2614 3.134 0.75322 -0.0042858 -0.23695 0.90857 -2.0432 0.24567 0.80022 -3.7531 -0.31613 -0.75322 0.0042858 0.23695 -0.75239 -2.0394 0.72454 -1.1133 -3.7263 0.20018
1 0 96 0.37788 4.1169 2.5142 0.35871 2.9854 1.9559 1.3304 2.9629 1.8054 1.2928 1.4612 1.1635 1.5435 0.052876 1.7391 -0.60976 3.034 2.1205 -0.92831 1.5211 1.5928 -0.98744 0.1268 2.2486 0.77553 0.00082231 -0.14849 0.68526 -1.4953 1.3239 0.76149 -3.0285 0.3783 -0.77553 -0.00082231 0.14849 -0.55344 -1.6161 1.4736 -0.85641 -2.9968 0.35434
1 1 96 0.37679 4.1439 2.4684 0.3617 3.0054 1.9242 1.3325 2.9876 1.7671 1.3199 1.4877 1.12 1.6915 0.078567 1.624 -0.60591 3.0496 2.0949 -0.94874 1.5358 1.5853 -1.1505 0.14445 2.2187 0.77573 -0.0035107 -0.1474 0.70404 -1.4418 1.3824 0.76409 -2.9327 0.37018 -0.77573 0.0035105 0.1474 -0.55666 -1.5634 1.5298 -0.84849 -2.8877 0.34155
1 2 96 0.36081 4.2132 2.3494 0.35382 3.0594 1.8386 1.3246 3.0432 1.6815 1.4179 1.5452 1.0364 2.012 0.18226 1.4451 -0.61399 3.1023 2.0085 -1.0479 1.5975 1.5438 -1.5052 0.26607 2.173 0.77577 -0.0068364 -0.1471 0.72469 -1.4051 1.4202 0.76504 -2.8549 0.34906 -0.77577 0.0068364 0.1471 -0.56733 -1.5288 1.5658 -0.8484 -2.7993 0.31775
1 32 132 0.73154 4.6708 1.0052 0.64712 3.4259 0.79499 1.3391 3.4613 0.096937 1.9825 2.459 -1.0212 3.2895 2.2151 -1.8021 -0.041445 3.4198 1.4973 -1.0918 2.2658 1.9806 -1.6749 1.7836 3.3242 0.52371 0.034796 -0.58993 1.153 -1.9584 -0.37701 0.91001 -3.6289 -1.0107 -0.52371 -0.034796 0.58993 -0.35892 -2.0421 1.188 -1.2836 -3.5649 0.9104
1 33 120 0.57062 4.633 1.2592 0.52334 3.3957 1.0029 1.3502 3.4379 0.47196 2.012 2.2415 -0.42208 3.375 1.6371 -0.81545 -0.30039 3.3824 1.5402 -1.2959 2.0927 1.6603 -2.0315 1.2928 2.7543 0.63179 0.039126 -0.47203 1.1278 -1.9433 0.016054 0.8272 -3.6239 -0.56382 -0.63179 -0.039126 0.47203 -0.39679 -2.0099 1.1614 -1.0829 -3.5296 0.47531
1 34 120 0.63567 4.6012 1.3484 0.58495 3.3731 1.0543 1.4222 3.4174 0.54017 1.8639 2.0687 -0.26895 3.0693 1.1538 -0.56497 -0.24887 3.3574 1.5758 -1.0932 1.9589 1.5739 -1.7012 0.909 2.5255 0.63177 0.033298 -0.47251 1.0303 -1.9403 0.12773 0.59049 -3.6002 -0.42192 -0.63177 -0.033298 0.47251 -0.22657 -1.977 1.1597 -0.78916 -3.4762 0.33103
1 43 120 0.61748 4.6858 1.0521 0.53271 3.4454 0.81817 1.367 3.4469 0.29727 1.76 2.0194 -0.39322 3.0023 1.1728 -0.73605 -0.29794 3.4731 1.3441 -1.0513 2.0378 1.547 -1.621 1.3121 2.7825 0.65348 -0.0020561 -0.44324 1.0573 -1.9713 0.16777 0.62244 -3.6086 -0.44945 -0.65348 0.0020561 0.44324 -0.3624 -1.9452 1.1765 -0.7448 -3.5193 0.38478
1 44 120 0.58286 4.7064 0.95532 0.50798 3.4614 0.74252 1.337 3.4653 0.21321 1.9429 2.153 -0.54789 3.305 1.5969 -1.0096 -0.31808 3.4869 1.2758 -1.2058 2.1635 1.6351 -1.9113 1.7244 2.9341 0.65141 -0.0079145 -0.44621 1.0951 -2.0015 0.046848 0.80167 -3.6775 -0.5495 -0.65141 0.0079145 0.44621 -0.51701 -1.9752 1.1271 -0.96051 -3.5813 0.43825
2 23 288 0.63648 4.1039 2.5087 0.46303 3.019 1.886 1.4231 2.955 1.682 2.1431 1.7773 2.5557 1.9781 2.6923 3.7858 -0.49146 3.1072 2.1063 -0.89604 1.9971 3.2344 -0.23062 3.1161 4.0607 0.76996 0.0087333 -0.17488 1.0826 -1.7366 0.95222 0.79328 -3.2567 0.026752 -0.76996 -0.0087333 0.17488 -0.60405 -1.7631 1.3189 -0.677 -3.1727 0.19708
2 24 288 0.66293 4.033 2.6082 0.48117 2.9834 1.9332 1.4389 2.9117 1.7213 2.1132 1.6069 2.4366 2.025 2.2487 3.8359 -0.47046 3.078 2.163 -0.92595 1.8462 3.1346 -0.23446 2.7799 4.1484 0.76937 0.0055532 -0.17757 1.0931 -1.7317 0.95888 0.94368 -3.4377 0.39494 -0.76937 -0.0055532 0.17757 -0.60308 -1.7205 1.38 -0.60322 -3.3434 0.59463
2 25 288 0.6647 3.978 2.6794 0.48851 2.9526 1.9714 1.4461 2.8781 1.7599 2.0525 1.4593 2.2964 2.0369 1.784 3.8037 -0.46274 3.0491 2.202 -0.9688 1.7193 3.0045 -0.27723 2.4178 4.1926 0.76879 0.0047641 -0.18011 1.1093 -1.7369 0.94465 1.0926 -3.5258 0.72056 -0.76879 -0.0047641 0.18011 -0.61724 -1.6913 1.4239 -0.56889 -3.4333 0.96117
2 26 288 0.61673 3.9583 2.7154 0.46428 2.9347 2.0011 1.426 2.8652 1.8073 1.9561 1.3611 2.1613 2.0023 1.3517 3.7026 -0.49154 3.0261 2.2142 -1.0377 1.6301 2.8635 -0.39018 2.0591 4.1956 0.76852 0.013205 -0.18083 1.1566 -1.6912 0.98473 1.1809 -3.4908 0.87531 -0.76852 -0.013205 0.18083 -0.5984 -1.6333 1.5078 -0.59462 -3.406 1.1784
2 27 288 0.5616 3.9942 2.6733 0.44053 2.9566 1.9754 1.4051 2.8981 1.7924 1.8626 1.345 2.0095 1.9711 1.0271 3.5145 -0.51864 3.0374 2.1775 -1.0753 1.6004 2.7198 -0.5058 1.7379 4.1461 0.7659 0.021982 -0.19083 1.2481 -1.5226 1.1494 1.1479 -3.2933 0.82447 -0.7659 -0.021982 0.19083 -0.59095 -1.5044 1.6694 -0.62397 -3.2435 1.1947
2 100 288 0.73315 4.143 2.4094 0.5943 3.0502 1.7997 1.5292 3.0311 1.4947 1.7399 1.5322 0.88022 2.1937 0.060079 0.94834 -0.33436 3.0935 2.1207 -0.91125 1.591 1.8406 -1.1341 0.09228 2.1266 0.74385 0.013217 -0.2646 1.1307 -1.5747 1.0557 0.98652 -3.1874 0.26231 -0.74385 -0.013217 0.2646 -0.35032 -1.6745 1.4892 -0.73781 -3.1553 0.53638
2 101 288 0.69585 4.2178 2.2891 0.56698 3.1062 1.7112 1.4991 3.0898 1.3978 1.6775 1.6604 0.62729 2.1493 0.19852 0.49325 -0.35912 3.1474 2.0398 -0.96395 1.6958 1.5974 -1.3155 0.1963 1.6725 0.74375 0.012243 -0.26493 1.1068 -1.6434 0.97665 0.97206 -3.2623 0.19456 -0.74375 -0.012243 0.26493 -0.38747 -1.7372 1.4102 -0.75732 -3.2338 0.47515
2 102 288 0.64023 4.2888 2.1707 0.52749 3.1597 1.6236 1.4601 3.14 1.3118 1.6087 1.7848 0.4117 2.0999 0.35405 0.11275 -0.39936 3.205 1.9495 -1.0286 1.8128 1.371 -1.4305 0.32554 1.307 0.74466 0.014239 -0.26227 1.0793 -1.7118 0.88796 0.95504 -3.3394 0.12222 -0.74466 -0.014239 0.26227 -0.42971 -1.7978 1.3271 -0.7807 -3.3114 0.41239
3 70 72 -0.2562 4.8161 0.073613 0.0077536 3.585 0.05321 0.52852 3.6271 -0.78009 1.9197 2.7749 -0.69676 2.9752 3.6351 0.026861 -0.51584 3.5726 0.88571 -1.6434 2.3969 0.76289 -2.1213 1.0581 1.3603 0.26974 0.022611 -0.74177 -0.45497 -1.9446 -0.60364 -1.1521 -3.6041 -0.49873 -0.26974 -0.022611 0.74177 1.3293 -1.336 1.1054 0.79867 -3.0324 0.80313
3 81 300 0.44798 4.8029 -0.21283 0.21535 3.5771 -0.019875 0.83349 3.5638 0.74504 1.9622 2.4124 0.48273 2.2234 0.98124 0.99398 -0.39868 3.6198 -0.78701 -1.4688 2.3889 -0.87883 -2.4828 3.1072 0.034155 0.37779 -0.027349 0.69284 -1.212 -1.0624 1.5959 0.23318 -1.506 0.61327 -0.37779 0.027349 -0.69284 1.8665e-06 -2.0394 -0.68332 0.34255 -3.8094 -0.6548
3 82 300 0.45872 4.8023 -0.22633 0.23254 3.5739 -0.039344 0.85742 3.561 0.72008 2.0005 2.424 0.457 2.3059 1.009 0.98832 -0.38832 3.6163 -0.80098 -1.4693 2.3955 -0.90037 -2.4988 3.1025 0.0038529 0.38247 -0.026285 0.69031 -1.354 -0.89013 1.4983 0.03245 -1.6697 0.64914 -0.38247 0.026285 -0.69031 0.073148 -2.0245 -0.72462 0.48272 -3.7803 -0.73401
3 83 300 0.44682 4.8043 -0.21046 0.22487 3.5755 -0.020263 0.84324 3.5683 0.74455 1.9576 2.3966 0.51214 2.2318 0.98377 1.0656 -0.38956 3.6122 -0.7874 -1.4495 2.3722 -0.87497 -2.5185 3.0349 0.017014 0.38419 -0.031768 0.68912 -1.399 -0.86592 1.4232 -0.17102 -1.9573 0.68026 -0.38419 0.031769 -0.68912 0.14657 -1.9996 -0.76797 0.62113 -3.7384 -0.81607
5 24 300 0.72607 4.7368 0.73312 0.45339 3.5112 0.56529 1.2628 3.4195 0.014034 1.3083 1.8993 -0.58226 2.001 0.52789 -0.71352 -0.34938 3.6317 1.1206 -0.97227 2.1215 1.1146 -1.1725 0.70627 1.693 0.68662 -0.012163 -0.38974 1.1958 -1.8294 0.53371 1.2079 -3.6004 0.19558 -0.68662 0.012163 0.38974 -0.69768 -2.086 0.49814 -1.4167 -3.0523 -0.84357
5 25 300 0.72885 4.7297 0.77395 0.44487 3.5093 0.58892 1.2844 3.4084 0.086623 1.4358 1.8817 -0.47486 2.1616 0.52154 -0.50424 -0.38789 3.6389 1.0959 -1.0456 2.1445 1.0419 -1.3129 0.73233 1.6004 0.70271 -0.013777 -0.35987 1.1451 -1.8616 0.53688 1.1215 -3.6174 0.12763 -0.70271 0.013777 0.35987 -0.6522 -2.0687 0.63415 -1.2946 -2.9888 -0.77708
5 26 300 0.72852 4.7244 0.80685 0.43645 3.5087 0.60536 1.3043 3.4003 0.15534 1.569 1.8655 -0.33769 2.3238 0.52193 -0.28431 -0.42451 3.6455 1.0607 -1.095 2.1593 0.96009 -1.3933 0.75335 1.5188 0.71813 -0.018206 -0.32781 1.0977 -1.8904 0.54696 1.0408 -3.6245 0.056648 -0.71813 0.018206 0.32781 -0.59972 -2.0298 0.78154 -1.1427 -3.0053 -0.6343
5 27 300 0.71129 4.7207 0.8408 0.4186 3.5081 0.62188 1.3132 3.3954 0.22907 1.6789 1.8551 -0.17433 2.4675 0.53711 -0.038028 -0.46941 3.6493 1.0205 -1.1308 2.1623 0.87878 -1.4356 0.76386 1.4524 0.73307 -0.020438 -0.29272 1.0488 -1.9141 0.56083 0.96154 -3.619 -0.019569 -0.73307 0.020438 0.29272 -0.55203 -1.9738 0.92883 -0.97016 -3.082 -0.43056
