0 48 84 0.49498 4.76 0.39217 0.33773 3.5654 0.054537 0.91147 3.5973 -0.74369 1.6133 2.3734 0.079853 0.84795 2.4153 1.4178 -0.23285 3.563 0.85566 -1.449 2.4723 0.86511 -2.7589 1.8265 1.36 -0.15578 0.038246 -0.77315 -0.34813 -2.0523 -0.69089 -1.1586 -3.5274 -0.04424 0.15578 -0.038246 0.77316 1.178 -1.8005 0.2597 1.3754 -3.5843 0.43326
0 55 60 0.45544 4.7869 0.32783 0.32878 3.5671 0.041789 0.84405 3.6138 -0.79468 1.7293 2.4021 -0.14893 1.2915 2.5378 1.3233 -0.18318 3.5498 0.88141 -1.2438 2.4275 1.4145 -2.1159 1.8668 2.5558 -0.090198 0.021782 -0.78415 -0.18132 -2.074 -0.9006 -1.086 -3.5935 -0.54892 0.090198 -0.021782 0.78415 1.0859 -1.8586 0.56259 1.0276 -3.6296 0.89583
0 56 60 0.47326 4.793 0.25383 0.31879 3.569 -0.0014554 0.73338 3.6092 -0.89244 1.7256 2.4135 -0.38794 1.6139 2.5576 1.1432 -0.092097 3.5581 0.89209 -1.0665 2.4616 1.611 -1.7379 1.9558 2.9037 -0.15959 0.017432 -0.77313 -0.22147 -2.0766 -0.93247 -1.0904 -3.611 -0.55611 0.15959 -0.017432 0.77313 1.1076 -1.8749 0.51739 1.0138 -3.6367 0.88901
0 57 48 0.439 4.7976 0.29432 0.31206 3.5698 0.039199 0.80163 3.6067 -0.81304 1.7672 2.4181 -0.24413 1.6587 2.5844 1.285 -0.17407 3.5623 0.89417 -1.2003 2.495 1.5845 -1.9068 2.0432 2.8785 -0.058825 0.018648 -0.7872 -0.054125 -2.0727 -0.98846 -0.95245 -3.6217 -0.77744 0.058824 -0.018648 0.7872 1.0035 -1.8932 0.69922 0.80275 -3.6463 1.0701
0 58 48 0.47647 4.7997 0.22547 0.31763 3.5697 0.0035212 0.70699 3.5876 -0.8995 1.7428 2.3944 -0.48495 1.9411 2.5919 1.0314 -0.067874 3.5812 0.90829 -0.98576 2.5357 1.7645 -1.4425 2.1331 3.1812 -0.11815 0.01784 -0.78053 -0.073957 -2.0691 -1.0194 -0.93964 -3.635 -0.79718 0.11815 -0.017841 0.78053 1.0251 -1.9091 0.65882 0.80273 -3.6542 1.0537
0 59 36 0.44818 4.8023 0.27099 0.31457 3.5698 0.045301 0.79282 3.5797 -0.81408 1.7889 2.3743 -0.34134 1.9616 2.6023 1.1739 -0.15986 3.5894 0.90663 -1.1301 2.5604 1.7242 -1.6192 2.2051 3.1427 -0.008788 0.0188 -0.78935 0.10714 -2.0644 -1.0363 -0.75408 -3.6477 -0.98621 0.0087888 -0.0188 0.78935 0.88931 -1.9262 0.8203 0.55804 -3.6618 1.1793
0 60 36 0.47124 4.8055 0.21679 0.31753 3.5701 0.01825 0.70524 3.5763 -0.88563 1.7407 2.3517 -0.57445 2.1889 2.6001 0.87989 -0.06625 3.5934 0.92353 -0.90675 2.5778 1.8883 -1.1293 2.2649 3.3817 -0.062127 0.018466 -0.78695 0.07889 -2.061 -1.0516 -0.753 -3.6599 -0.99965 0.062126 -0.018466 0.78695 0.90531 -1.9429 0.77818 0.54992 -3.6679 1.1638
0 61 24 0.44983 4.8071 0.25921 0.31376 3.5705 0.054789 0.79465 3.5694 -0.80318 1.7911 2.3256 -0.44415 2.2016 2.5742 1.0212 -0.16321 3.6011 0.9144 -1.0643 2.5919 1.83 -1.3348 2.3066 3.321 0.049287 0.017275 -0.78789 0.27005 -2.0578 -1.0324 -0.53179 -3.6685 -1.148 -0.049288 -0.017275 0.78789 0.74462 -1.9589 0.9058 0.29202 -3.6738 1.2302
0 62 24 0.49068 4.8076 0.20353 0.32825 3.5694 0.027849 0.71957 3.5583 -0.87443 1.7383 2.2965 -0.67754 2.4105 2.5369 0.6892 -0.058793 3.61 0.93113 -0.82475 2.6047 1.9663 -0.81723 2.3319 3.4839 -0.0023402 0.017196 -0.78943 0.24374 -2.0528 -1.0515 -0.53159 -3.6767 -1.1643 0.0023411 -0.017196 0.78943 0.76483 -1.9737 0.85869 0.28598 -3.6778 1.2021
0 64 12 0.4905 4.8117 0.19464 0.33106 3.5691 0.043621 0.72648 3.5459 -0.85664 1.7073 2.2432 -0.75851 2.6029 2.4428 0.48072 -0.059914 3.6216 0.94459 -0.74769 2.5921 2.0103 -0.58111 2.308 3.5167 0.0575 0.01641 -0.78735 0.39449 -2.0428 -1.0331 -0.28115 -3.6943 -1.2917 -0.0575 -0.01641 0.78735 0.62868 -1.9975 0.92404 0.029575 -3.6782 1.1837
0 76 324 0.40064 4.8277 0.25144 0.26157 3.5709 0.21955 0.69902 3.515 -0.65958 1.0184 1.9134 -0.69656 2.4243 1.4198 -0.29996 -0.17087 3.6562 1.0988 0.01338 2.1322 1.6575 1.0049 1.2925 2.4879 0.36979 0.027959 -0.69712 0.94891 -1.9807 -0.48645 0.5876 -3.6978 -0.90081 -0.36979 -0.027959 0.69712 0.012937 -2.0785 0.94796 -0.74249 -3.6826 0.62031
0 77 324 0.38681 4.8298 0.23388 0.25658 3.5723 0.20375 0.67443 3.5202 -0.6851 0.89488 1.9027 -0.74504 2.2428 1.248 -0.38164 -0.15638 3.6537 1.0927 0.051838 2.0986 1.5478 1.051 1.185 2.2858 0.36669 0.02617 -0.69882 0.92461 -1.9875 -0.47905 0.5592 -3.7037 -0.8935 -0.36669 -0.02617 0.69882 -0.0084696 -2.0811 0.95045 -0.77011 -3.6833 0.62837
0 78 324 0.38379 4.8309 0.21995 0.2577 3.5728 0.19149 0.66514 3.5224 -0.70228 0.76935 1.8944 -0.78711 2.0324 1.0615 -0.48906 -0.14502 3.6525 1.0853 0.041891 2.0694 1.4427 1.007 1.0691 2.1101 0.36243 0.02486 -0.70109 0.91952 -1.9891 -0.4825 0.54128 -3.7055 -0.88478 -0.36243 -0.02486 0.70109 -0.02789 -2.084 0.95089 -0.80012 -3.6836 0.64144
0 79 324 0.38415 4.8313 0.21238 0.26195 3.5728 0.1851 0.66491 3.5226 -0.71071 0.64585 1.8923 -0.81322 1.7888 0.87417 -0.62713 -0.13641 3.6525 1.0808 -0.010746 2.0468 1.3543 0.87277 0.95165 1.985 0.36746 0.02249 -0.69855 0.91946 -1.993 -0.48072 0.5185 -3.7081 -0.86609 -0.36746 -0.02249 0.69855 -0.048297 -2.0823 0.96249 -0.83046 -3.678 0.65807
0 80 324 0.38967 4.8313 0.21019 0.27324 3.5722 0.18046 0.67831 3.5234 -0.71446 0.53547 1.9006 -0.83634 1.5162 0.71083 -0.81797 -0.1274 3.6505 1.0753 -0.095363 2.0298 1.2782 0.65521 0.84034 1.9102 0.37443 0.017943 -0.69497 0.92145 -1.9974 -0.4637 0.4891 -3.7071 -0.83894 -0.37443 -0.017943 0.69497 -0.066135 -2.0767 0.97912 -0.85884 -3.6677 0.67717
0 110 336 0.30742 4.8377 0.030184 0.2614 3.5758 0.028103 0.69826 3.5081 -0.8505 0.9041 1.8878 -0.88594 1.9917 0.9185 -0.38071 -0.17192 3.673 0.90567 -0.11363 2.1165 1.3981 0.91028 1.11 1.9604 0.36018 -0.012898 -0.70257 0.71518 -2.0752 -0.51499 0.16972 -3.753 -0.88693 -0.36019 0.012897 0.70257 -0.082739 -2.0503 0.98631 -0.71987 -3.7328 0.8677
3 46 72 0.33405 4.8148 0.14575 0.44851 3.5592 0.11539 0.92324 3.5524 -0.74597 0.72886 1.9883 -1.1754 1.3802 0.59814 -1.0311 -0.02609 3.5957 0.97608 -0.45615 2.0241 1.0937 -0.02524 0.62323 1.5727 0.35943 -0.024152 -0.70266 1.0934 -1.9538 -0.31282 -0.18493 -3.088 -0.88764 -0.35943 0.024153 0.70266 -0.51546 -2.0351 0.31612 -0.82583 -3.7681 -0.072674
3 47 72 0.32665 4.816 0.1135 0.42616 3.5593 0.069873 0.88788 3.5526 -0.79854 0.57153 2.0309 -1.3017 1.0258 0.55762 -1.327 -0.03527 3.5957 0.93769 -0.28658 2.0008 1.1862 0.64415 0.91587 1.7644 0.37246 -0.037192 -0.69526 1.4853 -1.7426 -0.17802 -0.014819 -2.4935 -0.83903 -0.37247 0.037192 0.69526 -0.63732 -2.0046 0.27689 -0.84764 -3.7538 -0.10662
3 55 60 0.098204 4.8231 0.081402 0.27686 3.5745 0.079759 0.83288 3.5855 -0.73147 0.30108 2.385 -1.7034 0.34596 0.89794 -2.1088 -0.28043 3.5933 0.88996 0.22107 2.4119 1.9007 1.3654 3.2129 2.554 0.53619 -0.044847 -0.57792 1.4718 -1.511 0.60074 0.79429 -3.1689 0.39242 -0.53619 0.044847 0.57792 -0.96642 -1.8889 -0.12192 -1.322 -3.5428 -0.74576
3 56 60 0.09207 4.8219 0.048433 0.2837 3.5752 0.054142 0.84435 3.5876 -0.75387 0.31908 2.3666 -1.7036 0.36421 0.86968 -2.071 -0.27858 3.5925 0.86093 0.15292 2.3482 1.8275 1.3724 3.0008 2.5091 0.5392 -0.054006 -0.57432 1.2935 -1.6961 0.49749 0.81134 -3.4324 0.43488 -0.5392 0.054006 0.57432 -1.0362 -1.8508 -0.15972 -1.4448 -3.4818 -0.81078
3 57 60 0.056398 4.8212 0.023127 0.26863 3.5781 0.04685 0.8311 3.5881 -0.75993 0.34105 2.3116 -1.654 0.4036 0.80383 -1.9708 -0.29596 3.5977 0.85196 0.039208 2.2725 1.7465 1.3359 2.6942 2.4666 0.53822 -0.05314 -0.57532 1.0984 -1.8351 0.3865 0.70337 -3.594 0.35037 -0.53822 0.053141 0.57532 -1.0503 -1.8416 -0.17438 -1.559 -3.4184 -0.88569
4 34 24 0.54339 4.6321 1.3337 0.36515 3.4186 1.0187 0.97767 3.5614 0.26253 1.232 2.1472 -0.51463 2.4447 1.7311 0.34197 -0.24314 3.3041 1.783 -1.1335 2.0221 1.3008 -0.1003 1.4667 2.3016 0.42918 0.1526 -0.64499 0.26592 -1.875 -1.1709 -0.98053 -2.788 -2.1002 -0.42918 -0.1526 0.64499 0.68768 -1.9144 0.89602 0.83852 -3.4824 0.018841
4 53 96 0.62135 4.64 1.2259 0.45953 3.4022 1.0224 1.0588 3.5058 0.24948 1.1771 2.2623 -0.80333 2.2302 1.9368 0.27503 -0.13555 3.3273 1.8019 -1.1876 2.1163 1.4933 -0.080291 1.4504 2.3347 0.39488 0.16501 -0.66358 0.21234 -1.8774 -1.1212 -0.6161 -3.3233 -1.8098 -0.39488 -0.16501 0.66358 0.81448 -1.8713 0.86461 0.55251 -3.4714 0.076119
4 54 96 0.49064 4.639 1.2966 0.35993 3.4028 1.0614 0.99723 3.5259 0.32246 1.1158 2.2585 -0.70147 2.1623 1.8346 0.34867 -0.27397 3.3084 1.8075 -1.2815 2.0856 1.4096 -0.20045 1.451 2.3075 0.43415 0.1708 -0.63705 0.27135 -1.8646 -1.1321 -0.62558 -3.1996 -1.947 -0.43415 -0.1708 0.63705 0.71503 -1.919 0.83089 0.59088 -3.5373 0.045814
5 0 300 0.63063 4.7626 0.67946 0.45123 3.523 0.49242 1.1644 3.5382 -0.18467 1.3019 2.0189 -0.76907 2.2191 0.78069 -0.71084 -0.2573 3.5368 1.1745 -0.673 1.9572 1.1451 -0.52972 0.53298 1.7184 0.54797 -0.0039864 -0.56852 0.33951 -2.0927 -0.47822 -0.52028 -3.5126 -1.1823 -0.54797 0.0039859 0.56852 0.42142 -1.7042 1.3146 0.4188 -3.4933 1.0906
5 1 300 0.608 4.7613 0.69362 0.44787 3.5213 0.49179 1.1516 3.5576 -0.19435 1.2427 2.0483 -0.81263 2.1454 0.79833 -0.83402 -0.25163 3.514 1.1832 -0.63764 1.9267 1.1769 -0.4955 0.4977 1.7386 0.54835 -0.010726 -0.56806 0.29958 -2.0959 -0.50126 -0.58655 -3.4652 -1.2699 -0.54835 0.010726 0.56806 0.38387 -1.7166 1.3175 0.35235 -3.4962 1.0294
5 2 300 0.5531 4.7658 0.69941 0.41729 3.5245 0.48834 1.1178 3.5803 -0.19979 1.1589 2.0839 -0.85386 2.0254 0.81309 -0.96301 -0.27956 3.4977 1.1819 -0.62786 1.9018 1.2029 -0.4809 0.471 1.7587 0.55042 -0.010542 -0.56606 0.27381 -2.093 -0.52992 -0.63446 -3.4162 -1.3515 -0.55042 0.010542 0.56606 0.34356 -1.7448 1.2966 0.26459 -3.5116 0.94567
5 3 300 0.51072 4.7701 0.68424 0.3979 3.5268 0.4716 1.09 3.6 -0.22342 1.0983 2.114 -0.90187 1.9084 0.8158 -1.0918 -0.29109 3.4827 1.1721 -0.59736 1.8787 1.2197 -0.423 0.45405 1.7833 0.54425 -0.012904 -0.57195 0.29411 -2.0989 -0.5491 -0.64345 -3.3751 -1.4112 -0.54425 0.012905 0.57195 0.30421 -1.7893 1.2402 0.16597 -3.5414 0.83777
5 4 300 0.4871 4.772 0.67372 0.39173 3.5268 0.46358 1.069 3.6122 -0.24454 1.0581 2.133 -0.93791 1.8184 0.81523 -1.1891 -0.28279 3.4706 1.1772 -0.55159 1.8607 1.2476 -0.31769 0.4527 1.8311 0.53311 -0.01341 -0.58233 0.37181 -2.1079 -0.5449 -0.60615 -3.3287 -1.4416 -0.53311 0.01341 0.58233 0.27156 -1.8264 1.2003 0.075152 -3.5588 0.7408
5 5 300 0.49231 4.7717 0.66582 0.39509 3.526 0.46024 1.0506 3.6159 -0.26746 1.0209 2.1436 -0.97489 1.7627 0.82036 -1.251 -0.25769 3.4653 1.1934 -0.50145 1.8523 1.2807 -0.1829 0.471 1.8875 0.51611 -0.011402 -0.59749 0.47195 -2.1114 -0.5487 -0.55255 -3.2679 -1.4781 -0.51611 0.011402 0.59749 0.28383 -1.8453 1.1693 -0.00053756 -3.5483 0.64989
5 6 300 0.51504 4.772 0.65141 0.40219 3.5264 0.45378 1.0286 3.6161 -0.29915 0.985 2.1451 -1.0085 1.729 0.82407 -1.2895 -0.22116 3.4659 1.2122 -0.44683 1.8519 1.3249 -0.02665 0.50267 1.942 0.49717 -0.0099072 -0.61337 0.64772 -2.1001 -0.46286 -0.44785 -3.1529 -1.4336 -0.49717 0.0099072 0.61337 0.26372 -1.8856 1.1057 -0.080338 -3.5656 0.54869
5 7 300 0.52426 4.7746 0.64727 0.39353 3.5296 0.45683 0.99276 3.6142 -0.3185 0.91565 2.1422 -1.0228 1.6857 0.83333 -1.2902 -0.20223 3.4742 1.2374 -0.39559 1.8597 1.3949 0.11251 0.54057 2.0108 0.48659 -0.0027404 -0.62187 0.83107 -2.0609 -0.37768 -0.31224 -3.0638 -1.3461 -0.48659 0.0027404 0.62187 0.24458 -1.9213 1.0437 -0.15666 -3.5771 0.45364
5 8 300 0.52281 4.7794 0.63233 0.3763 3.5345 0.45302 0.95483 3.6114 -0.33865 0.84667 2.1338 -1.0268 1.6407 0.83649 -1.2803 -0.19843 3.4867 1.2497 -0.33859 1.8738 1.4684 0.23601 0.58017 2.0799 0.48454 0.0026531 -0.62347 1.0154 -2 -0.27438 -0.11585 -3.0469 -1.2099 -0.48454 -0.0026536 0.62347 0.21643 -1.9511 0.97935 -0.24071 -3.5793 0.35419
5 9 300 0.5324 4.7808 0.62132 0.37073 3.536 0.45491 0.93585 3.6027 -0.34731 0.79758 2.1182 -1.0151 1.6089 0.82945 -1.257 -0.19025 3.4984 1.2619 -0.27132 1.8912 1.5433 0.35725 0.62503 2.1591 0.48561 0.0060086 -0.62261 1.1819 -1.9212 -0.1586 0.12053 -3.0846 -1.0366 -0.48561 -0.0060081 0.62261 0.18602 -1.9738 0.92404 -0.32499 -3.5699 0.25905
5 10 300 0.5536 4.7799 0.61214 0.37793 3.5357 0.45622 0.93686 3.5913 -0.35116 0.77248 2.1024 -1.003 1.5892 0.81481 -1.2326 -0.17658 3.5092 1.2681 -0.21513 1.9104 1.6017 0.47004 0.67978 2.2291 0.4882 0.0062585 -0.62058 1.3133 -1.8377 -0.043178 0.38484 -3.1612 -0.84138 -0.4882 -0.0062585 0.62058 0.14047 -1.9949 0.87406 -0.41406 -3.557 0.16455
5 11 300 0.5839 4.777 0.60801 0.39201 3.5345 0.45735 0.94736 3.5802 -0.35312 0.76384 2.0876 -0.99121 1.5667 0.79165 -1.2225 -0.1586 3.5178 1.2722 -0.17543 1.9272 1.6444 0.57127 0.74013 2.2855 0.49429 0.0040908 -0.61576 1.404 -1.7631 0.065375 0.67404 -3.258 -0.62982 -0.49429 -0.0040913 0.61576 0.071646 -2.0178 0.81313 -0.50703 -3.5542 0.06782
5 12 300 0.61213 4.7739 0.60835 0.40755 3.5332 0.4583 0.96854 3.571 -0.34869 0.76803 2.0767 -0.97783 1.5381 0.76354 -1.2231 -0.14844 3.5245 1.2696 -0.15575 1.9409 1.6708 0.64109 0.80403 2.3417 0.50557 0.0008111 -0.60654 1.444 -1.72 0.14999 0.96649 -3.3653 -0.4121 -0.50557 -0.0008111 0.60654 -0.021104 -2.0409 0.73979 -0.60522 -3.5604 -0.035188
5 37 348 0.5928 4.7829 0.55376 0.37318 3.5438 0.41388 0.9883 3.5672 -0.35322 1.3887 2.078 -0.89242 2.6365 1.2138 -0.62095 -0.23726 3.5495 1.185 -0.64396 1.9675 1.209 -0.46838 0.52616 1.7281 0.44819 0.028316 -0.64948 0.30743 -2.0669 -0.71651 -0.63291 -3.4768 -1.3322 -0.44819 -0.028317 0.64948 0.54025 -1.7586 1.3155 0.61555 -3.5393 1.043
5 38 348 0.5473 4.7852 0.5764 0.35822 3.5438 0.41337 0.98968 3.5897 -0.3393 1.3204 2.0909 -0.89873 2.523 1.1557 -0.66043 -0.26926 3.527 1.1706 -0.65067 1.9386 1.1818 -0.47638 0.49425 1.6929 0.46665 0.017106 -0.63674 0.27609 -2.0718 -0.7576 -0.70977 -3.4108 -1.4547 -0.46665 -0.017106 0.63674 0.47816 -1.7534 1.3488 0.53473 -3.5197 0.99146
5 39 348 0.46201 4.7899 0.60839 0.30542 3.5467 0.42513 0.95663 3.6144 -0.30884 1.2035 2.109 -0.89325 2.332 1.07 -0.73634 -0.34264 3.5083 1.164 -0.69922 1.9141 1.1704 -0.50778 0.47506 1.6903 0.49047 0.01792 -0.61856 0.26399 -2.0627 -0.80325 -0.76354 -3.3275 -1.5748 -0.49047 -0.01792 0.61856 0.41416 -1.7702 1.3434 0.43491 -3.5174 0.89862
5 40 348 0.4182 4.7927 0.60612 0.28987 3.5464 0.4216 0.95941 3.6259 -0.29447 1.1392 2.1195 -0.90032 2.1635 0.96769 -0.85571 -0.37716 3.4962 1.1427 -0.71129 1.8972 1.1501 -0.47282 0.47558 1.6977 0.50283 0.012809 -0.60869 0.32125 -2.0669 -0.84519 -0.75765 -3.2398 -1.6886 -0.50283 -0.01281 0.60869 0.38521 -1.7996 1.2668 0.3376 -3.5337 0.77525
5 44 0 0.5455 4.7877 0.54201 0.38061 3.5443 0.36733 0.94462 3.6195 -0.4349 0.84132 2.1178 -1.0697 1.3955 0.76448 -1.5585 -0.18002 3.4982 1.1741 -0.44536 1.8919 1.3084 0.14679 0.6208 1.9498 0.41164 0.0050907 -0.67382 0.90503 -2.0372 -0.66968 -0.35651 -3.0134 -1.5102 -0.41164 -0.0050907 0.67382 0.42052 -1.9116 0.96853 0.067219 -3.5605 0.33033
5 45 0 0.55546 4.7861 0.54396 0.36406 3.5456 0.37883 0.93323 3.6133 -0.42043 0.80074 2.1162 -1.0607 1.3463 0.75771 -1.5448 -0.20163 3.5071 1.1825 -0.4504 1.9002 1.3391 0.18636 0.67168 2.0195 0.44034 0.005693 -0.65541 1.0959 -1.9854 -0.51414 -0.01432 -3.0785 -1.4216 -0.44034 -0.0056934 0.65541 0.34363 -1.9369 0.91987 -0.035221 -3.5622 0.23718
5 46 0 0.53725 4.7872 0.56086 0.35145 3.5448 0.40197 0.93977 3.6027 -0.38409 0.78223 2.1114 -1.032 1.353 0.75051 -1.4792 -0.23334 3.5162 1.1923 -0.46608 1.9089 1.3686 0.20751 0.72387 2.0894 0.46932 0.0085392 -0.63495 1.2316 -1.9255 -0.33048 0.35068 -3.1842 -1.2741 -0.46932 -0.0085387 0.63495 0.27097 -1.9584 0.8885 -0.13819 -3.553 0.15312
5 47 0 0.51719 4.7873 0.58081 0.33316 3.5447 0.42154 0.94682 3.5962 -0.34537 0.77162 2.1085 -0.99719 1.377 0.7484 -1.3989 -0.27693 3.5225 1.1927 -0.49794 1.9155 1.3863 0.20264 0.76979 2.144 0.49874 0.011111 -0.61207 1.2991 -1.8704 -0.12874 0.73645 -3.3073 -1.0613 -0.49874 -0.01111 0.61207 0.19003 -1.9818 0.84904 -0.24279 -3.5412 0.054123
5 48 12 0.61678 4.7864 0.48275 0.39886 3.545 0.36177 0.87132 3.5899 -0.49969 0.5579 2.1039 -1.1014 1.109 0.74752 -1.5854 -0.069205 3.5293 1.2267 -0.22626 1.9229 1.4787 0.63242 0.80656 2.1064 0.39822 0.011895 -0.68174 1.3023 -1.8262 -0.21449 0.92564 -3.4089 -0.9916 -0.39822 -0.011895 0.68174 0.26626 -2.0037 0.75675 -0.35488 -3.529 0.022876
5 49 12 0.60938 4.7857 0.48787 0.38061 3.5461 0.36791 0.88317 3.5812 -0.47682 0.59173 2.094 -1.0868 1.1742 0.73793 -1.5335 -0.11738 3.5404 1.216 -0.26628 1.934 1.4732 0.58877 0.83111 2.1291 0.43483 0.0079546 -0.65906 1.3197 -1.8012 -0.060413 1.2717 -3.4801 -0.71598 -0.43483 -0.0079546 0.65906 0.15758 -2.023 0.71146 -0.48094 -3.5171 -0.070265
5 50 12 0.60645 4.7833 0.50557 0.36714 3.546 0.38589 0.89792 3.5765 -0.44159 0.65325 2.0853 -1.0623 1.2565 0.728 -1.4764 -0.15907 3.5448 1.2168 -0.30066 1.9383 1.4775 0.52828 0.82974 2.1569 0.46459 0.0075855 -0.63843 1.3461 -1.7676 0.058564 1.525 -3.504 -0.3929 -0.46459 -0.007586 0.63843 0.063582 -2.041 0.65835 -0.59111 -3.5072 -0.16186
5 76 96 0.68497 4.7764 0.43291 0.39604 3.5495 0.33874 0.96456 3.563 -0.46373 1.436 2.0729 -0.93933 2.7153 1.2801 -0.60389 -0.16752 3.5652 1.1447 -0.54994 1.9815 1.2635 -0.36966 0.52578 1.7391 0.36881 0.026851 -0.69768 0.23167 -2.068 -0.61245 -0.73518 -3.555 -0.93614 -0.36881 -0.026851 0.69768 0.69423 -1.7507 1.2568 0.56596 -3.451 0.67088
5 77 96 0.63137 4.7818 0.46034 0.36674 3.5508 0.34849 0.95515 3.5815 -0.43903 1.3652 2.0881 -0.95915 2.5846 1.2238 -0.58032 -0.21726 3.5494 1.1399 -0.581 1.9593 1.2293 -0.38654 0.50303 1.6974 0.3881 0.023336 -0.68726 0.19263 -2.0681 -0.64215 -0.81826 -3.5133 -1.0168 -0.3881 -0.023336 0.68726 0.63828 -1.7784 1.217 0.47204 -3.4657 0.60359
5 78 96 0.58641 4.7858 0.47821 0.35094 3.5505 0.35025 0.96066 3.5997 -0.41993 1.3075 2.1042 -0.97829 2.4488 1.1342 -0.612 -0.25505 3.5306 1.1247 -0.59014 1.9332 1.1925 -0.36246 0.48289 1.6643 0.40682 0.015734 -0.67657 0.19126 -2.0742 -0.67383 -0.87889 -3.4586 -1.1088 -0.40682 -0.015735 0.67657 0.56988 -1.8132 1.1557 0.37316 -3.4908 0.52495
5 79 96 0.5329 4.7889 0.50381 0.32516 3.5508 0.35523 0.95662 3.6191 -0.39574 1.234 2.1231 -0.99063 2.2847 1.0356 -0.68908 -0.30323 3.5118 1.1109 -0.59833 1.9063 1.1737 -0.31777 0.46877 1.6558 0.42989 0.010927 -0.66225 0.24391 -2.0815 -0.70266 -0.90597 -3.376 -1.2056 -0.42989 -0.010927 0.66225 0.4909 -1.845 1.1122 0.27832 -3.5091 0.45153
5 80 96 0.49077 4.7908 0.5288 0.30686 3.5494 0.37235 0.95156 3.6249 -0.36658 1.1616 2.1305 -0.99202 2.1223 0.94035 -0.79635 -0.33506 3.5031 1.1161 -0.59362 1.8915 1.1833 -0.24615 0.47481 1.6832 0.4507 0.0095267 -0.64829 0.35843 -2.0886 -0.70973 -0.87435 -3.2679 -1.2932 -0.4507 -0.0095263 0.64829 0.41312 -1.8797 1.0613 0.1824 -3.5313 0.37575
5 81 96 0.47483 4.7885 0.55946 0.30717 3.546 0.39158 0.96665 3.6292 -0.33335 1.1151 2.1384 -0.98464 1.9813 0.86461 -0.91371 -0.34978 3.492 1.1216 -0.57936 1.8765 1.1997 -0.15639 0.49149 1.7293 0.46959 0.0066929 -0.63477 0.53616 -2.0931 -0.66314 -0.75818 -3.1457 -1.3469 -0.46959 -0.0066929 0.63477 0.34375 -1.9072 1.0101 0.095654 -3.5476 0.30407
5 82 96 0.46421 4.7864 0.59176 0.30233 3.5442 0.41331 0.97311 3.6275 -0.30117 1.0641 2.1401 -0.97052 1.8425 0.81067 -1.0365 -0.36589 3.4902 1.133 -0.57025 1.8723 1.2301 -0.078639 0.52675 1.8005 0.48853 0.0069556 -0.62031 0.74372 -2.0775 -0.55676 -0.55766 -3.0434 -1.347 -0.48853 -0.0069551 0.62031 0.2909 -1.9247 0.97981 0.016469 -3.5461 0.24051
5 83 96 0.44738 4.7847 0.63026 0.28473 3.5437 0.44238 0.96535 3.6232 -0.26317 1.0103 2.1383 -0.94268 1.7107 0.77866 -1.1388 -0.39318 3.4933 1.1532 -0.57192 1.874 1.2737 -0.028016 0.56745 1.8859 0.50913 0.01264 -0.60343 0.93445 -2.0356 -0.40844 -0.29653 -3.0104 -1.2947 -0.50913 -0.01264 0.60343 0.24356 -1.9443 0.94468 -0.067473 -3.5435 0.17229
5 85 108 0.53346 4.7846 0.57186 0.32886 3.545 0.41874 0.8736 3.614 -0.39726 0.71202 2.1344 -1.0706 1.2346 0.75959 -1.5337 -0.21206 3.5051 1.2392 -0.25674 1.8901 1.481 0.48181 0.65446 2.0336 0.42903 0.020024 -0.66259 1.1662 -1.9116 -0.28914 0.098471 -3.1259 -1.0868 -0.42903 -0.020024 0.66259 0.30735 -1.9832 0.7969 -0.237 -3.5402 0.068607
5 86 108 0.52468 4.783 0.59218 0.31517 3.5438 0.44134 0.87204 3.6027 -0.36723 0.6923 2.1289 -1.0488 1.213 0.75329 -1.5115 -0.23771 3.5141 1.2542 -0.25125 1.9039 1.5299 0.52067 0.7026 2.1118 0.45692 0.022846 -0.64358 1.2608 -1.8492 -0.13034 0.44505 -3.2339 -0.94768 -0.45692 -0.022846 0.64358 0.24169 -2.0005 0.76705 -0.33569 -3.5308 0.0084709
5 87 108 0.51273 4.7806 0.62191 0.30038 3.5423 0.46657 0.87465 3.5972 -0.33003 0.68432 2.1291 -1.0208 1.2264 0.75305 -1.4572 -0.26987 3.5167 1.2675 -0.26056 1.9121 1.5739 0.53808 0.74218 2.1831 0.48377 0.026617 -0.6235 1.3121 -1.7969 0.011356 0.76855 -3.3346 -0.75717 -0.48377 -0.026618 0.6235 0.16529 -2.0219 0.73203 -0.44033 -3.5229 -0.062416
5 88 108 0.50474 4.7794 0.64027 0.28878 3.5417 0.48397 0.87773 3.5882 -0.30237 0.68762 2.1226 -0.99845 1.2603 0.7476 -1.3974 -0.29598 3.5244 1.2746 -0.27574 1.9241 1.6022 0.53877 0.77861 2.2363 0.50693 0.0288 -0.60472 1.3364 -1.7563 0.12996 1.0562 -3.4164 -0.51531 -0.50693 -0.028801 0.60472 0.078406 -2.0454 0.67633 -0.54418 -3.5227 -0.14884
5 89 108 0.5035 4.778 0.65198 0.28503 3.541 0.49357 0.8925 3.5822 -0.27885 0.71447 2.1163 -0.97741 1.3198 0.74421 -1.3362 -0.31813 3.5289 1.2704 -0.3021 1.9308 1.609 0.51857 0.80321 2.2668 0.52357 0.028259 -0.5904 1.3549 -1.7231 0.21948 1.2924 -3.4667 -0.23529 -0.52357 -0.02826 0.5904 -0.012796 -2.0662 0.60777 -0.64161 -3.5259 -0.24354
5 112 144 0.66747 4.7817 0.47614 0.42774 3.5435 0.35874 0.98549 3.5214 -0.45107 1.3057 1.9675 -0.84044 2.4432 0.98809 -0.48771 -0.12405 3.5946 1.1713 -0.50056 2.0081 1.2718 -0.20229 0.59882 1.8218 0.41832 0.020667 -0.66939 0.33822 -2.0783 -0.62099 -0.54302 -3.5671 -1.1288 -0.41832 -0.020667 0.66939 0.6887 -1.7192 1.2207 0.7218 -3.5174 1.3483
6 21 132 0.65882 4.7593 0.65133 0.51381 3.5147 0.48149 1.208 3.4912 -0.21483 1.3681 1.9329 -0.67831 2.2856 0.84633 -0.082435 -0.17502 3.5672 1.1816 -0.65738 2.0065 1.1685 -0.67376 0.5692 1.7268 0.48998 0.017014 -0.61898 0.040097 -2.0321 -0.73272 -0.6915 -3.6398 -1.0948 -0.48998 -0.017014 0.61898 0.47119 -1.7587 1.2951 0.74371 -3.5371 1.4123
6 22 132 0.65477 4.7612 0.64076 0.51267 3.5162 0.47055 1.1938 3.5013 -0.2388 1.3229 1.9495 -0.73287 2.2378 0.83768 -0.18102 -0.16321 3.5602 1.1837 -0.63945 1.9976 1.1714 -0.6422 0.55701 1.7214 0.48176 0.013912 -0.62547 -0.021839 -2.0194 -0.78801 -0.80136 -3.5937 -1.194 -0.48176 -0.013912 0.62547 0.46781 -1.7736 1.2706 0.72724 -3.5555 1.3614
6 23 132 0.67461 4.7573 0.63917 0.53635 3.5122 0.46733 1.2077 3.5042 -0.25141 1.2964 1.9589 -0.7738 2.2016 0.79976 -0.31039 -0.12979 3.5492 1.19 -0.59257 1.9825 1.1858 -0.57689 0.5405 1.7318 0.48526 0.0042269 -0.6229 -0.060307 -2.0137 -0.83401 -0.88668 -3.5451 -1.3061 -0.48526 -0.0042267 0.6229 0.47035 -1.7627 1.2624 0.67678 -3.5532 1.3094
6 24 132 0.66052 4.7565 0.65604 0.53206 3.5107 0.48229 1.2061 3.5078 -0.23396 1.2406 1.9691 -0.78138 2.1184 0.74294 -0.45922 -0.13694 3.5427 1.2025 -0.57272 1.9683 1.22 -0.53531 0.52798 1.7693 0.4942 0.0066936 -0.61581 -0.10387 -1.9873 -0.89981 -0.96084 -3.4816 -1.4323 -0.4942 -0.0066936 0.61581 0.47756 -1.7511 1.2693 0.60541 -3.5493 1.2375
6 25 132 0.66594 4.7588 0.62488 0.53863 3.5109 0.46495 1.2118 3.5027 -0.25204 1.2095 1.9681 -0.81217 2.0298 0.67105 -0.66214 -0.1296 3.5483 1.1857 -0.53251 1.9658 1.2298 -0.44382 0.53657 1.8018 0.49141 0.003053 -0.61806 -0.12161 -1.978 -0.95544 -1.0176 -3.4201 -1.5625 -0.49141 -0.003053 0.61806 0.46309 -1.7716 1.2308 0.51261 -3.5712 1.1305
6 26 132 0.69527 4.7595 0.57198 0.56728 3.5091 0.4307 1.2352 3.496 -0.29116 1.2218 1.9597 -0.84645 1.9685 0.61075 -0.86747 -0.095775 3.5514 1.1559 -0.46927 1.963 1.233 -0.30565 0.55705 1.8448 0.47941 -0.0062075 -0.6274 -0.064843 -2.0081 -0.95997 -1.0305 -3.36 -1.6605 -0.47941 0.006207 0.6274 0.43126 -1.8083 1.1683 0.41757 -3.6046 1.0138
6 27 132 0.72133 4.7601 0.53156 0.58231 3.5087 0.4099 1.2311 3.486 -0.32899 1.2099 1.947 -0.87649 1.8986 0.57633 -1.0338 -0.061379 3.5607 1.1517 -0.41688 1.9704 1.2666 -0.15554 0.6007 1.9249 0.46769 -0.0070906 -0.63617 0.061376 -2.0492 -0.91756 -0.99551 -3.2778 -1.7078 -0.46769 0.0070906 0.63617 0.40359 -1.8434 1.1166 0.32387 -3.6327 0.90915
6 48 156 0.67089 4.7908 0.17661 0.50396 3.5372 0.20323 0.78579 3.4483 -0.73488 0.46615 1.9174 -1.207 0.95294 0.53769 -1.6938 0.2275 3.6554 1.1397 -0.10506 2.1034 1.5266 0.14465 0.67501 2.0509 0.31013 0.017538 -0.72596 1.0494 -1.9029 -0.30219 0.95901 -3.7036 -0.31947 -0.31013 -0.017538 0.72596 -0.55314 -2.1045 0.72379 -1.8935 -3.1438 0.1122
6 49 156 0.69029 4.7856 0.23186 0.5121 3.5334 0.23876 0.83678 3.4467 -0.68559 0.58806 1.9105 -1.1825 1.1698 0.55186 -1.6223 0.19312 3.6494 1.1619 -0.19682 2.1054 1.5266 0.048532 0.66978 2.0329 0.32864 0.022165 -0.71764 0.98939 -1.9263 -0.29214 0.81973 -3.7209 -0.33243 -0.32864 -0.022166 0.71764 -0.40216 -2.1191 0.82682 -1.7814 -3.0519 0.13526
6 50 156 0.69895 4.7861 0.25815 0.51426 3.5352 0.24285 0.88269 3.453 -0.66537 0.73079 1.9109 -1.1827 1.392 0.57607 -1.5811 0.1518 3.6467 1.1504 -0.27375 2.1069 1.4919 -0.0081021 0.67502 1.9988 0.33856 0.018054 -0.71313 0.94255 -1.9481 -0.28457 0.67731 -3.7302 -0.35408 -0.33856 -0.018055 0.71313 -0.23029 -2.1067 0.91333 -1.5973 -3.0256 0.17998
6 51 156 0.69466 4.7887 0.27178 0.50944 3.5383 0.23783 0.92189 3.4598 -0.65161 0.88661 1.9132 -1.1765 1.6246 0.60451 -1.5235 0.10299 3.6459 1.127 -0.34186 2.1051 1.4379 -0.046129 0.68729 1.9671 0.34007 0.014326 -0.71249 0.89661 -1.9651 -0.2809 0.52892 -3.7273 -0.3827 -0.34007 -0.014326 0.71249 -0.043239 -2.0762 0.98627 -1.3562 -3.0792 0.26442
6 52 156 0.68299 4.791 0.28163 0.50212 3.5403 0.23327 0.95244 3.4677 -0.63812 1.0449 1.9197 -1.1518 1.8675 0.64757 -1.4394 0.05765 3.642 1.1047 -0.39042 2.0958 1.3825 -0.067424 0.69636 1.9436 0.33683 0.013187 -0.71405 0.8524 -1.9773 -0.28202 0.37483 -3.7105 -0.41906 -0.33683 -0.013186 0.71405 0.14631 -2.0326 1.035 -1.068 -3.1844 0.36428
6 53 156 0.66934 4.7923 0.29392 0.4944 3.5411 0.23542 0.97 3.4751 -0.62296 1.1822 1.9309 -1.112 2.1024 0.71275 -1.3285 0.024486 3.6362 1.0942 -0.41653 2.0826 1.3401 -0.063947 0.70199 1.9293 0.33822 0.013868 -0.71338 0.79454 -1.9922 -0.28683 0.22327 -3.6937 -0.45846 -0.33823 -0.013868 0.71338 0.31981 -1.9784 1.0625 -0.74695 -3.3081 0.47531
6 54 156 0.64688 4.7947 0.30612 0.47889 3.5427 0.24202 0.97022 3.4826 -0.6079 1.2867 1.9471 -1.0673 2.3097 0.80013 -1.1914 -0.0069281 3.632 1.0925 -0.43994 2.0725 1.3139 -0.04898 0.70974 1.9203 0.34221 0.016516 -0.71142 0.71038 -2.0125 -0.30895 0.065581 -3.6853 -0.50088 -0.34221 -0.016516 0.71142 0.46346 -1.9228 1.0739 -0.40765 -3.4257 0.59118
6 55 156 0.62475 4.7971 0.3145 0.46301 3.5443 0.24768 0.96189 3.4885 -0.59812 1.3569 1.9629 -1.0285 2.4836 0.91029 -1.0459 -0.030531 3.6293 1.0942 -0.44608 2.0635 1.3046 -0.017416 0.71275 1.9124 0.34231 0.019257 -0.7113 0.59196 -2.0364 -0.35574 -0.097742 -3.6912 -0.54754 -0.34231 -0.019257 0.7113 0.57961 -1.8707 1.0807 -0.039409 -3.5253 0.72022
6 56 156 0.59915 4.7999 0.31921 0.4424 3.5466 0.2499 0.9422 3.4933 -0.59551 1.4015 1.9782 -0.99853 2.6139 1.0305 -0.90096 -0.052227 3.6292 1.096 -0.44656 2.0579 1.3064 0.014095 0.71356 1.9049 0.33728 0.022614 -0.7136 0.44358 -2.0562 -0.42824 -0.27592 -3.7004 -0.6008 -0.33728 -0.022614 0.7136 0.65766 -1.8373 1.0758 0.33362 -3.5963 0.84768
6 59 144 0.42693 4.8082 0.43941 0.31185 3.5523 0.34035 0.95174 3.519 -0.40585 1.5602 2.0213 -0.64126 2.781 1.3767 0.045595 -0.32372 3.615 1.0883 -0.70704 2.0341 1.239 -0.32904 0.69403 1.9016 0.44387 0.038469 -0.65192 0.087837 -2.0321 -0.6374 -0.62946 -3.6673 -0.88736 -0.44387 -0.038469 0.65192 0.57078 -1.8107 1.1457 0.96601 -3.5644 1.2854
6 60 144 0.4127 4.8092 0.44403 0.29928 3.5532 0.34327 0.92267 3.5274 -0.41704 1.5318 2.0302 -0.65394 2.7444 1.4433 0.096248 -0.31987 3.6084 1.1055 -0.69303 2.0257 1.2626 -0.32244 0.68116 1.9202 0.42779 0.043093 -0.66229 -0.034813 -2.0057 -0.71451 -0.76963 -3.6342 -0.95749 -0.42779 -0.043093 0.66229 0.60781 -1.8121 1.1233 1.0779 -3.5451 1.2862
6 61 144 0.39105 4.8106 0.45392 0.28224 3.5543 0.34932 0.89114 3.5376 -0.4229 1.4844 2.0366 -0.67506 2.682 1.4662 0.11104 -0.32253 3.6005 1.1236 -0.68504 2.0158 1.2847 -0.33359 0.65904 1.9277 0.41231 0.047941 -0.67172 -0.13758 -1.9773 -0.77392 -0.91166 -3.586 -1.0266 -0.41231 -0.047941 0.67172 0.6204 -1.8265 1.1013 1.0988 -3.5595 1.2382
6 62 144 0.37404 4.8096 0.4696 0.27284 3.5527 0.36445 0.86329 3.5454 -0.42211 1.4245 2.0373 -0.70424 2.6018 1.4329 0.087273 -0.31373 3.5895 1.1531 -0.66707 2.0028 1.3156 -0.33702 0.63138 1.9384 0.39303 0.054033 -0.68272 -0.23133 -1.9468 -0.8285 -1.0436 -3.5336 -1.0987 -0.39303 -0.054033 0.68272 0.64472 -1.836 1.0854 1.0491 -3.5914 1.1617
6 63 144 0.38814 4.806 0.47463 0.29948 3.5483 0.3648 0.87267 3.5565 -0.43442 1.3752 2.0366 -0.76033 2.5323 1.3549 -0.0026412 -0.2702 3.5697 1.1663 -0.61683 1.9814 1.3267 -0.3111 0.59372 1.9256 0.36826 0.049093 -0.69676 -0.31297 -1.9296 -0.88335 -1.1681 -3.489 -1.1801 -0.36826 -0.049093 0.69676 0.68093 -1.8285 1.0805 0.9708 -3.608 1.0945
6 64 144 0.40522 4.8031 0.46393 0.33236 3.5458 0.34067 0.88926 3.5712 -0.46963 1.3093 2.0375 -0.84404 2.436 1.2294 -0.1694 -0.22136 3.55 1.1535 -0.55703 1.9589 1.31 -0.27788 0.5553 1.8842 0.35875 0.031991 -0.70269 -0.31809 -1.9476 -0.89662 -1.2652 -3.4373 -1.2634 -0.35875 -0.031991 0.70269 0.68245 -1.8154 1.0896 0.85574 -3.6087 1.0204
6 65 144 0.39841 4.799 0.4874 0.34407 3.5429 0.34487 0.89477 3.5872 -0.46884 1.2114 2.0422 -0.89487 2.2931 1.0845 -0.35605 -0.20384 3.5281 1.1615 -0.52497 1.9342 1.3201 -0.2585 0.52101 1.8764 0.35867 0.026989 -0.70294 -0.28826 -1.9627 -0.89522 -1.3182 -3.3736 -1.3419 -0.35867 -0.026988 0.70294 0.66168 -1.8227 1.0885 0.74453 -3.6182 0.94682
6 67 132 0.33265 4.7937 0.53143 0.32605 3.5389 0.36656 1.009 3.6082 -0.3378 1.2533 2.0583 -0.79243 2.1187 0.825 -0.46413 -0.3553 3.4991 1.0748 -0.66701 1.8994 1.1863 -0.45617 0.50075 1.8003 0.47065 0.0025463 -0.63402 0.13653 -2.0625 -0.83004 -0.9621 -3.2246 -1.6628 -0.47065 -0.0025463 0.63402 0.35009 -1.8793 1.1013 0.32219 -3.6637 0.84424
6 68 132 0.3753 4.7886 0.52825 0.36323 3.535 0.35552 1.0245 3.6097 -0.36867 1.2093 2.0629 -0.86075 2.0172 0.75263 -0.7702 -0.29637 3.4897 1.0837 -0.59181 1.888 1.2098 -0.31876 0.51103 1.8478 0.45435 -0.0058322 -0.64578 0.31744 -2.1003 -0.74005 -0.87729 -3.1212 -1.624 -0.45435 0.0058322 0.64578 0.31614 -1.9054 1.0556 0.22409 -3.6777 0.7374
6 69 132 0.41781 4.786 0.52726 0.39023 3.5327 0.35317 1.0279 3.6067 -0.39199 1.1593 2.0668 -0.92135 1.9023 0.72072 -1.0391 -0.24543 3.4881 1.1024 -0.51928 1.8854 1.2603 -0.16304 0.53668 1.9174 0.44229 -0.0086217 -0.65407 0.50999 -2.1085 -0.63433 -0.73423 -3.0625 -1.5247 -0.44229 0.0086222 0.65407 0.28936 -1.9289 1.0078 0.13337 -3.6855 0.6327
6 70 132 0.44334 4.7875 0.5318 0.39197 3.5341 0.36244 1.004 3.6013 -0.40455 1.0849 2.0713 -0.97133 1.7735 0.71819 -1.2409 -0.21761 3.4963 1.1334 -0.45347 1.8936 1.3441 -0.015615 0.57423 2.0114 0.43823 -0.0038543 -0.65684 0.70157 -2.0833 -0.51239 -0.52668 -3.0782 -1.3798 -0.43823 0.0038538 0.65684 0.25884 -1.954 0.96542 0.042165 -3.6907 0.53217
6 71 132 0.45266 4.7915 0.52758 0.38008 3.5376 0.36906 0.97027 3.5933 -0.41575 1.0033 2.0749 -1.0177 1.6687 0.72824 -1.366 -0.20727 3.5113 1.1575 -0.38464 1.9107 1.4323 0.1215 0.6205 2.1082 0.44322 0.0014014 -0.65349 0.86984 -2.0394 -0.39423 -0.28292 -3.1573 -1.2143 -0.44322 -0.0014009 0.65349 0.23165 -1.9733 0.91887 -0.047914 -3.6854 0.42744
6 72 132 0.4606 4.7935 0.52353 0.36954 3.5391 0.379 0.94515 3.5817 -0.41738 0.94068 2.0743 -1.047 1.606 0.73506 -1.4231 -0.20285 3.5259 1.1787 -0.32112 1.9325 1.5194 0.2594 0.68085 2.2078 0.45274 0.0065432 -0.6469 1.0188 -1.981 -0.26812 0.0016435 -3.2698 -1.0133 -0.45274 -0.0065432 0.6469 0.20383 -1.9892 0.87555 -0.13845 -3.6722 0.3267
6 73 132 0.47301 4.7956 0.50973 0.36269 3.5408 0.38126 0.92489 3.5719 -0.42516 0.8852 2.071 -1.0689 1.5626 0.73776 -1.4447 -0.19597 3.539 1.1907 -0.26327 1.9569 1.5919 0.39177 0.75409 2.3004 0.45921 0.0095348 -0.64229 1.1388 -1.9164 -0.14912 0.3116 -3.382 -0.7961 -0.45921 -0.0095353 0.64229 0.17133 -2.0048 0.83151 -0.23067 -3.6549 0.22615
6 74 132 0.48715 4.7981 0.48454 0.36094 3.5435 0.36738 0.9148 3.5651 -0.44511 0.83802 2.0655 -1.0887 1.5388 0.74098 -1.4523 -0.18916 3.5513 1.1827 -0.22093 1.9811 1.6323 0.50746 0.83592 2.3642 0.46246 0.007947 -0.63997 1.219 -1.8575 -0.038338 0.62997 -3.4796 -0.56053 -0.46246 -0.007947 0.63997 0.11336 -2.024 0.77562 -0.32901 -3.6452 0.1223
6 75 132 0.49424 4.801 0.46072 0.35301 3.547 0.35437 0.89987 3.5566 -0.46307 0.79283 2.0526 -1.0917 1.5056 0.73055 -1.4408 -0.18976 3.5668 1.1744 -0.20305 2.0079 1.6625 0.58977 0.92629 2.4236 0.46843 0.0080385 -0.63561 1.2546 -1.8176 0.044861 0.93473 -3.5552 -0.31518 -0.46843 -0.008039 0.63561 0.031836 -2.0474 0.70666 -0.4316 -3.6474 0.01676
6 76 132 0.49592 4.8045 0.43197 0.34091 3.5512 0.33635 0.88951 3.5501 -0.47998 0.75231 2.0416 -1.0916 1.4781 0.71828 -1.4076 -0.20336 3.5817 1.155 -0.21008 2.0328 1.6741 0.63995 1.0156 2.4618 0.47732 0.007731 -0.62897 1.2599 -1.8023 0.096122 1.2098 -3.5974 -0.065166 -0.47732 -0.007731 0.62897 -0.066861 -2.0683 0.62305 -0.53585 -3.6532 -0.097183
6 77 132 0.4993 4.8079 0.39304 0.33396 3.5551 0.30881 0.88769 3.5418 -0.50393 0.7279 2.0281 -1.0973 1.4597 0.69991 -1.3765 -0.21524 3.5979 1.1236 -0.22478 2.0558 1.6626 0.66787 1.094 2.4724 0.48624 0.0042596 -0.62213 1.2554 -1.8033 0.12315 1.4391 -3.596 0.18273 -0.48624 -0.0042591 0.62213 -0.17781 -2.0804 0.52803 -0.63641 -3.6584 -0.21384
