0 46 240 -0.27678 4.7702 -0.50814 -0.25091 3.5705 -0.15258 -1.0676 3.6012 0.39468 -1.6376 2.3657 -0.50942 -0.83659 2.3564 -1.827 0.56401 3.5694 -0.70327 1.8134 2.594 -0.30769 3.2816 2.1236 -0.33693 -0.12519 0.036216 0.77879 0.060774 -2.0565 0.79248 1.0361 -3.5429 0.49183 0.12519 -0.036216 -0.77879 -0.99758 -1.8093 -0.67909 -1.0795 -3.5905 -0.94667
0 56 216 -0.3291 4.793 -0.42438 -0.29182 3.569 -0.12834 -1.033 3.6092 0.517 -1.7342 2.4135 -0.34748 -1.0093 2.5576 -1.7008 0.44698 3.5581 -0.7775 1.6296 2.4616 -1.038 2.7687 1.9558 -1.9458 -0.16867 0.017432 0.7712 -0.17695 -2.0766 0.94193 0.76991 -3.611 0.95152 0.16867 -0.017432 -0.7712 -0.80143 -1.8749 -0.92317 -0.56456 -3.6367 -1.2245
0 57 204 -0.28134 4.7976 -0.44743 -0.26914 3.5698 -0.16274 -1.063 3.6067 0.4167 -1.7137 2.4181 -0.49574 -0.99263 2.5844 -1.8486 0.52272 3.5623 -0.74606 1.741 2.495 -0.95928 2.9127 2.0432 -1.854 -0.26645 0.018648 0.74307 -0.3526 -2.0727 0.92501 0.55389 -3.6217 1.0976 0.26645 -0.018648 -0.74307 -0.63236 -1.8932 -1.0469 -0.29811 -3.6463 -1.3041
0 58 204 -0.34357 4.7997 -0.39977 -0.28874 3.5697 -0.13241 -1.0117 3.5876 0.53417 -1.7894 2.3944 -0.26585 -1.3537 2.5919 -1.7317 0.43144 3.5812 -0.80216 1.6182 2.5357 -1.211 2.6117 2.1331 -2.3195 -0.20954 0.01784 0.7611 -0.34706 -2.0691 0.96133 0.53416 -3.635 1.1104 0.20954 -0.017841 -0.7611 -0.66854 -1.9091 -1.0188 -0.30475 -3.6542 -1.2891
0 78 120 -0.26115 4.8309 -0.35704 -0.15753 3.5728 -0.27975 -0.89328 3.5224 0.37103 -1.023 1.8944 0.40614 -2.0556 1.0615 -0.37987 0.57389 3.6525 -0.93245 0.54853 2.0694 -1.335 -0.06169 1.0691 -2.3373 -0.61625 0.02486 0.49306 -1.0363 -1.9891 0.066783 -0.85436 -3.7055 0.58812 0.61625 -0.02486 -0.49306 0.41224 -2.084 -0.85734 0.99185 -3.6836 -0.26055
0 79 120 -0.26455 4.8313 -0.35027 -0.16402 3.5728 -0.27564 -0.8965 3.5226 0.37882 -0.92078 1.8923 0.48023 -1.8893 0.87417 -0.15468 0.56423 3.6525 -0.9319 0.56067 2.0468 -1.2329 0.010038 0.95165 -2.1683 -0.61981 0.02249 0.4887 -1.0355 -1.993 0.065186 -0.82595 -3.7081 0.58032 0.61981 -0.02249 -0.4887 0.4356 -2.0823 -0.85963 1.0263 -3.678 -0.2634
0 80 120 -0.27049 4.8313 -0.35051 -0.17621 3.5722 -0.276 -0.91027 3.5234 0.3768 -0.82935 1.9006 0.54624 -1.7178 0.71083 0.13057 0.55375 3.6505 -0.93051 0.60702 2.0298 -1.1289 0.17838 0.84034 -2.0115 -0.62472 0.017943 0.48259 -1.0304 -1.9974 0.048825 -0.78804 -3.7071 0.56747 0.62472 -0.017943 -0.48259 0.45866 -2.0767 -0.86757 1.06 -3.6677 -0.2693
0 81 120 -0.26366 4.8298 -0.37104 -0.17699 3.5703 -0.29225 -0.91614 3.5259 0.35509 -0.75164 1.9195 0.602 -1.5391 0.60516 0.42849 0.55838 3.6441 -0.9412 0.69596 2.0198 -1.0475 0.44722 0.75372 -1.8918 -0.63029 0.019852 0.47523 -1.0248 -1.9955 0.031204 -0.75369 -3.7011 0.54918 0.63029 -0.019853 -0.47523 0.47781 -2.0717 -0.90077 1.0925 -3.6534 -0.29157
0 82 120 -0.24733 4.8297 -0.38277 -0.16948 3.5693 -0.30097 -0.91424 3.535 0.34052 -0.70083 1.9507 0.67715 -1.3741 0.56687 0.774 0.572 3.6332 -0.94401 0.81437 2.018 -0.97357 0.79513 0.70615 -1.7838 -0.63941 0.020207 0.46286 -1.0075 -1.9988 0.013122 -0.70918 -3.6972 0.53989 0.63941 -0.020208 -0.46286 0.50561 -2.0615 -0.94213 1.1299 -3.6328 -0.31612
0 110 132 -0.26856 4.8377 -0.15261 -0.22737 3.5758 -0.132 -0.98382 3.5081 0.49296 -1.1863 1.8878 0.44162 -1.9743 0.9185 -0.46229 0.52543 3.673 -0.75745 0.67244 2.1165 -1.231 -0.034224 1.11 -2.1611 -0.6148 -0.012898 0.49533 -0.86281 -2.0752 0.17958 -0.5158 -3.753 0.74122 0.6148 0.012897 -0.49533 0.47675 -2.0503 -0.86738 1.0106 -3.7328 -0.49989
0 111 132 -0.23948 4.8404 -0.12335 -0.19245 3.5779 -0.10277 -0.94266 3.5068 0.52927 -1.0204 1.8787 0.63982 -1.8423 0.74339 -0.0030852 0.55429 3.6786 -0.7349 0.8341 2.0935 -1.0138 0.42042 0.9572 -1.9706 -0.61798 -0.012548 0.49137 -0.83366 -2.0823 0.20191 -0.48652 -3.7552 0.77815 0.61798 0.012548 -0.49137 0.49457 -2.0559 -0.83864 1.0374 -3.734 -0.46429
3 12 24 0.0248 4.8155 0.18888 -0.046405 3.584 -0.071675 -0.9424 3.5159 0.32822 -1.2205 1.9095 0.22388 -1.566 0.92298 -0.90976 0.84871 3.6816 -0.46742 1.1961 2.0964 -0.65486 0.29449 1.6521 -1.8242 -0.7151 0.023755 0.33402 -0.91328 -2.0633 0.19505 -0.19943 -2.9408 1.5991 0.7151 -0.023755 -0.33402 0.071395 -1.9838 -0.73172 -0.20897 -3.7369 -0.41735
3 13 24 -0.060284 4.8174 0.22303 -0.086992 3.584 -0.043356 -1.0032 3.4913 0.30217 -1.252 1.8841 0.14799 -1.4975 0.84546 -0.96496 0.82747 3.7061 -0.38425 1.1543 2.1159 -0.56618 0.25799 1.7314 -1.7605 -0.72853 0.013529 0.30423 -1.0843 -2.021 -0.080818 -0.41174 -2.57 1.4995 0.72853 -0.013529 -0.30423 0.16481 -2.0323 -0.44924 -0.19067 -3.7891 -0.25406
3 13 36 -0.012596 4.8174 0.23069 -0.094105 3.584 -0.024322 -0.91842 3.4913 0.50413 -1.1939 1.8841 0.40506 -1.6654 0.84546 -0.63253 0.7295 3.7061 -0.54789 1.0113 2.1159 -0.79379 -0.11368 1.7314 -1.7757 -0.64936 0.013529 0.44906 -1.0774 -2.021 0.14638 -0.090983 -2.57 1.5523 0.64936 -0.013529 -0.44906 0.067804 -2.0323 -0.47369 -0.23932 -3.7891 -0.20887
3 14 36 -0.0056196 4.814 0.30115 -0.058845 3.5839 0.025338 -0.92125 3.4785 0.48633 -1.1783 1.8738 0.32017 -1.5072 0.81242 -0.74895 0.80218 3.7186 -0.43055 1.1163 2.1243 -0.59822 0.11005 1.6176 -1.6511 -0.68857 0.01403 0.38623 -1.2015 -1.9601 -0.11779 -0.30275 -2.1338 1.4356 0.68857 -0.01403 -0.38623 0.19164 -2.0532 -0.29144 -0.18195 -3.8059 -0.092777
3 15 48 0.05033 4.8118 0.33024 -0.045909 3.5833 0.061677 -0.85959 3.4788 0.60425 -1.114 1.8742 0.43317 -1.503 0.83342 -0.636 0.76705 3.717 -0.47551 1.0978 2.1289 -0.66847 0.067461 1.3943 -1.5496 -0.66056 0.012243 0.43245 -1.304 -1.914 -0.10584 -0.26994 -1.7791 1.365 0.66056 -0.012243 -0.43244 0.24489 -2.0576 -0.19163 -0.13855 -3.806 0.02534
3 16 60 0.13767 4.8133 0.30934 -0.011828 3.5841 0.072579 -0.79474 3.4964 0.6614 -1.0663 1.894 0.49615 -1.4664 0.90181 -0.61433 0.77131 3.7012 -0.51082 1.1155 2.1161 -0.70561 0.18654 1.1597 -1.4802 -0.63854 0.015402 0.46425 -1.3668 -1.8653 -0.12483 -0.27685 -1.5516 1.2768 0.63854 -0.015402 -0.46425 0.26857 -2.0612 -0.16066 -0.067768 -3.8103 0.11911
3 16 72 0.19898 4.8133 0.27396 0.0035202 3.5841 0.073452 -0.63986 3.4964 0.81218 -0.93984 1.894 0.707 -1.5621 0.90181 -0.29603 0.64825 3.7012 -0.66002 0.94441 2.1161 -0.92212 -0.12528 1.1597 -1.4866 -0.52806 0.015402 0.58687 -1.3629 -1.8653 0.16206 -0.0053367 -1.5516 1.3065 0.52806 -0.015402 -0.58687 0.2293 -2.0612 -0.21298 -0.041524 -3.8103 0.1306
3 17 84 0.2616 4.8167 0.21616 0.037734 3.5859 0.065926 -0.58186 3.5187 0.82681 -0.92473 1.9238 0.73967 -1.5207 0.97018 -0.31536 0.65938 3.6824 -0.69012 0.95022 2.0938 -0.93573 0.078671 0.96584 -1.5238 -0.50379 0.016677 0.6078 -1.3939 -1.8252 0.12889 -0.013387 -1.4938 1.2403 0.50379 -0.016678 -0.6078 0.2706 -2.065 -0.20249 0.060754 -3.8165 0.17059
3 18 96 0.28317 4.8204 0.136 0.03799 3.5889 0.039679 -0.58923 3.5522 0.79639 -0.96482 1.9638 0.72907 -1.4905 1.0173 -0.36891 0.66794 3.655 -0.71276 0.93096 2.0595 -0.94498 0.30217 0.82022 -1.6132 -0.49301 0.013176 0.61666 -1.3862 -1.7918 0.017757 -0.033453 -1.6518 1.2016 0.49301 -0.013176 -0.61666 0.3178 -2.0667 -0.20866 0.15291 -3.823 0.16474
3 22 144 0.16594 4.818 0.0435 -0.042849 3.5883 -0.14529 -0.81011 3.6362 0.4682 -1.1239 2.0352 0.5512 -1.5559 0.91815 -0.42005 0.7274 3.5699 -0.75663 0.88909 1.9751 -1.0721 0.4344 0.73255 -1.8638 -0.54128 0.017592 0.57463 -0.92775 -1.9365 -0.093576 -0.349 -3.3276 0.89671 0.54128 -0.017592 -0.57463 0.093711 -2.0608 -0.37646 0.39747 -3.7817 0.067447
3 23 156 0.015153 4.8205 0.032583 -0.095059 3.5849 -0.19397 -0.87893 3.6279 0.39853 -1.1533 2.0256 0.55995 -1.6327 0.84656 -0.3105 0.69151 3.5715 -0.7843 0.7878 1.9685 -1.0839 0.30261 0.72345 -1.8534 -0.57018 0.016925 0.54599 -0.83119 -1.9846 -0.037286 -0.53657 -3.5783 0.75264 0.57018 -0.016925 -0.54599 0.10946 -2.0619 -0.40386 0.50648 -3.749 0.093107
3 24 156 -0.10608 4.8224 -0.022579 -0.1018 3.5812 -0.24745 -0.99331 3.605 0.16729 -1.2679 2.0049 0.34843 -1.6149 0.75322 -0.48263 0.79126 3.5871 -0.65948 0.91176 1.98 -0.92708 0.53948 0.73433 -1.7562 -0.68141 0.013675 0.39873 -0.75527 -2.0125 -0.15211 -0.66208 -3.6428 0.61237 0.68141 -0.013675 -0.39873 0.24992 -2.0694 -0.35283 0.57665 -3.7274 0.27583
3 24 168 -0.10845 4.8224 -3.0878e-05 -0.15103 3.5812 -0.22088 -0.93683 3.605 0.37015 -1.1678 2.0049 0.60443 -1.68 0.75322 -0.13632 0.63685 3.5871 -0.80958 0.69908 1.98 -1.0964 0.16257 0.73433 -1.83 -0.58362 0.013675 0.53169 -0.77039 -2.0125 0.008247 -0.52029 -3.6428 0.73665 0.58362 -0.013675 -0.53169 0.1711 -2.0694 -0.39708 0.62139 -3.7274 0.14991
3 25 168 -0.15256 4.8206 -0.053589 -0.15106 3.5773 -0.27192 -1.0409 3.5886 0.14684 -1.2734 1.9989 0.44275 -1.6427 0.67364 -0.25357 0.73992 3.5957 -0.68808 0.84245 1.9822 -0.92234 0.39822 0.71884 -1.6867 -0.68593 0.0093141 0.39104 -0.72089 -2.0421 -0.061556 -0.52091 -3.6423 0.74482 0.68593 -0.0093136 -0.39104 0.31811 -2.0763 -0.31009 0.6519 -3.7217 0.34734
3 26 180 -0.15914 4.8177 -0.074382 -0.18538 3.574 -0.29417 -1.0652 3.5633 0.14535 -1.2535 1.9919 0.55008 -1.6252 0.58864 0.03003 0.69493 3.6143 -0.73097 0.81067 1.9964 -0.92486 0.34544 0.71452 -1.6447 -0.69528 0.0029826 0.37427 -0.63248 -2.0671 0.020573 -0.343 -3.644 0.84551 0.69528 -0.0029826 -0.37427 0.35606 -2.0754 -0.30801 0.68744 -3.7162 0.36202
3 27 192 -0.14496 4.8168 -0.11807 -0.22009 3.5705 -0.31483 -1.0931 3.5729 0.13825 -1.217 2.0243 0.64322 -1.5519 0.55191 0.33072 0.65381 3.5977 -0.7653 0.81561 1.9795 -0.92014 0.35258 0.67017 -1.5902 -0.68643 -0.0031662 0.39027 -0.53593 -2.075 0.075232 -0.13927 -3.6334 0.89072 0.68643 0.0031657 -0.39027 0.3623 -2.0722 -0.34404 0.71153 -3.7086 0.32765
3 28 204 -0.15385 4.8104 -0.18871 -0.27108 3.563 -0.35162 -1.114 3.5668 0.15509 -1.168 2.0431 0.74178 -1.4515 0.54032 0.54427 0.57285 3.5889 -0.85609 0.80382 1.9764 -0.9796 0.39367 0.63465 -1.6191 -0.66038 -0.0022449 0.43288 -0.45803 -2.0722 0.13514 0.064409 -3.6244 0.88916 0.66038 0.0022449 -0.43288 0.34891 -2.0743 -0.35983 0.76042 -3.7035 0.29372
3 30 216 -0.14072 4.8048 -0.33255 -0.29265 3.5544 -0.42007 -1.1433 3.5725 0.073282 -1.1786 2.0998 0.77948 -1.3684 0.57663 0.63247 0.55897 3.566 -0.91198 0.98289 1.9886 -0.93683 0.80581 0.58622 -1.5531 -0.66507 -0.0052629 0.42563 -0.31831 -2.0623 0.17548 0.27331 -3.6113 0.88361 0.66507 0.0052629 -0.42563 0.41075 -2.0796 -0.37046 0.92458 -3.7034 0.22113
3 31 228 -0.21422 4.7991 -0.40064 -0.37205 3.5472 -0.41858 -1.1611 3.5694 0.16816 -1.1117 2.1096 0.89984 -1.3033 0.58186 0.81644 0.41781 3.5549 -1.0046 0.92569 2.0025 -1.0332 0.79572 0.57727 -1.6073 -0.61647 -0.010726 0.4933 -0.23364 -2.0557 0.2002 0.45075 -3.6104 0.80456 0.61647 0.010727 -0.4933 0.35997 -2.0745 -0.47781 0.9368 -3.7251 -0.037604
3 32 228 -0.21634 4.8012 -0.42459 -0.36241 3.5484 -0.41859 -1.191 3.5672 0.11099 -1.2002 2.0979 0.82504 -1.4071 0.57086 0.77096 0.46657 3.5593 -0.94777 1.0401 2.0316 -0.86952 1.0795 0.58911 -1.4128 -0.63854 -0.016355 0.46422 -0.21502 -2.0562 0.192 0.43103 -3.6163 0.82415 0.63854 0.016355 -0.46422 0.35904 -2.066 -0.45071 0.89979 -3.7287 -0.010459
3 34 240 -0.24826 4.8055 -0.40416 -0.38452 3.5525 -0.36165 -1.1345 3.569 0.27443 -1.0995 2.0721 0.92775 -1.3982 0.56651 0.7801 0.36578 3.5659 -0.99744 1.0834 2.1107 -0.80753 1.1585 0.64492 -1.2803 -0.5493 -0.0026569 0.56724 -0.17324 -2.0459 0.25413 0.53899 -3.6196 0.7709 0.5493 0.0026569 -0.56724 0.22693 -2.0734 -0.55203 0.82782 -3.738 -0.20704
3 35 240 -0.24669 4.8068 -0.40424 -0.37888 3.5535 -0.35824 -1.1319 3.57 0.27426 -1.1141 2.0532 0.88083 -1.4771 0.56712 0.6877 0.37432 3.5667 -0.99059 1.1372 2.1516 -0.70048 1.2407 0.6671 -1.1044 -0.55256 -0.004312 0.56405 -0.17574 -2.0475 0.25168 0.52602 -3.6248 0.772 0.55256 0.0043125 -0.56405 0.22684 -2.0713 -0.54952 0.80399 -3.7428 -0.1976
3 36 240 -0.26337 4.8072 -0.38184 -0.39472 3.5539 -0.33559 -1.144 3.5701 0.30136 -1.1344 2.0313 0.85 -1.533 0.55765 0.63315 0.35466 3.5675 -0.97247 1.1164 2.1666 -0.61766 1.2895 0.66934 -0.94312 -0.54555 -0.011376 0.57074 -0.21721 -2.0591 0.23437 0.49817 -3.6269 0.76462 0.54556 0.011376 -0.57073 0.23647 -2.0663 -0.52493 0.79332 -3.7441 -0.17056
3 37 240 -0.25071 4.8066 -0.38368 -0.38986 3.554 -0.34096 -1.1347 3.5733 0.30107 -1.1248 2.0218 0.81265 -1.53 0.55648 0.55538 0.35528 3.5645 -0.98285 1.0768 2.156 -0.57735 1.295 0.6567 -0.86394 -0.54128 -0.0059876 0.57487 -0.22961 -2.0564 0.23866 0.47957 -3.6271 0.76859 0.54128 0.0059876 -0.57487 0.23435 -2.0716 -0.51475 0.79655 -3.7458 -0.15159
3 38 240 -0.22789 4.8085 -0.38728 -0.36597 3.5558 -0.34839 -1.1126 3.5735 0.29159 -1.1024 2.0165 0.78604 -1.5056 0.56058 0.4772 0.38086 3.5679 -0.98828 1.0587 2.1477 -0.54984 1.2346 0.64441 -0.8446 -0.54537 -0.0012712 0.57102 -0.21474 -2.0512 0.25064 0.48025 -3.6266 0.78562 0.54537 0.0012712 -0.57102 0.23287 -2.0751 -0.49873 0.79704 -3.7427 -0.10906
3 39 240 -0.222 4.8062 -0.39161 -0.36947 3.5544 -0.35894 -1.113 3.5733 0.28462 -1.1075 2.0116 0.76384 -1.5154 0.56318 0.4269 0.37445 3.5654 -1.0022 1.0228 2.1294 -0.57059 1.1397 0.62448 -0.88573 -0.54969 -0.0018439 0.56687 -0.20901 -2.0518 0.25747 0.47562 -3.627 0.8063 0.54969 0.0018439 -0.56687 0.24956 -2.0754 -0.47134 0.80951 -3.7363 -0.04852
3 40 240 -0.20711 4.8058 -0.39283 -0.36041 3.5548 -0.36408 -1.0974 3.5756 0.28689 -1.1036 2.0075 0.74482 -1.5232 0.56648 0.39111 0.37702 3.5639 -1.0148 1.0025 2.1038 -0.63319 1.0892 0.60009 -0.96344 -0.54621 0.0017977 0.57021 -0.2152 -2.0517 0.27363 0.46964 -3.6254 0.82624 0.54621 -0.0017977 -0.57022 0.25145 -2.0789 -0.45635 0.81317 -3.7348 -0.016543
3 41 240 -0.19494 4.807 -0.38544 -0.35047 3.5563 -0.35927 -1.0772 3.5753 0.30317 -1.1 2.0009 0.73829 -1.5416 0.57258 0.36067 0.37677 3.5671 -1.0214 0.99782 2.093 -0.68968 1.062 0.59469 -1.0485 -0.53982 0.0037174 0.57626 -0.20917 -2.0516 0.29264 0.47256 -3.6235 0.85439 0.53982 -0.0037174 -0.57626 0.23382 -2.078 -0.44277 0.79508 -3.7332 0.00027332
3 42 240 -0.17458 4.8074 -0.36413 -0.34386 3.5588 -0.34053 -1.0584 3.5827 0.33495 -1.0969 2.0035 0.75121 -1.5757 0.60122 0.32445 0.37136 3.5647 -1.0156 0.99872 2.084 -0.72775 1.0401 0.59149 -1.1128 -0.53315 0.0031724 0.58245 -0.20329 -2.0538 0.30992 0.47931 -3.6192 0.88827 0.53315 -0.0031724 -0.58245 0.24123 -2.0775 -0.42041 0.8061 -3.7271 0.038405
3 43 240 -0.17978 4.8091 -0.33874 -0.34632 3.5601 -0.32382 -1.0471 3.5783 0.3661 -1.0973 1.9985 0.77905 -1.6346 0.64775 0.26489 0.355 3.5717 -1.0133 0.9877 2.0855 -0.76901 1.0163 0.59485 -1.1624 -0.52071 0.0029278 0.59359 -0.24745 -2.0628 0.32459 0.46681 -3.6094 0.91528 0.52071 -0.0029283 -0.59359 0.26047 -2.079 -0.40305 0.81846 -3.7244 0.079111
3 44 240 -0.20242 4.8099 -0.3079 -0.36623 3.56 -0.30119 -1.0523 3.5757 0.4034 -1.08 1.9976 0.82485 -1.6889 0.7085 0.23731 0.32046 3.5741 -1.0052 0.93458 2.0723 -0.81483 0.97004 0.58151 -1.2071 -0.50779 0.0010433 0.60469 -0.39278 -2.0777 0.32208 0.40745 -3.5797 0.91761 0.50779 -0.0010433 -0.60469 0.28959 -2.077 -0.36559 0.8082 -3.7301 0.13361
3 45 228 -0.18362 4.8125 -0.30421 -0.32647 3.5603 -0.33626 -1.128 3.5633 0.23381 -1.1839 1.9889 0.66602 -1.7273 0.68932 0.038749 0.47509 3.587 -0.90558 0.99091 2.0523 -0.68843 1.0568 0.57174 -1.1143 -0.61582 -0.0067921 0.49418 -0.73268 -2.0672 0.10024 0.040419 -3.4486 0.96338 0.61582 0.0067921 -0.49418 0.44779 -2.0673 -0.20375 0.74584 -3.7548 0.3569
3 45 240 -0.24285 4.8125 -0.25939 -0.38925 3.5603 -0.26103 -1.0547 3.5633 0.46322 -1.0195 1.9889 0.8976 -1.6815 0.68932 0.39702 0.27643 3.587 -0.98457 0.82612 2.0523 -0.87941 0.802 0.57174 -1.3097 -0.49962 -0.0067921 0.61142 -0.69583 -2.0672 0.25038 0.23983 -3.4486 0.93393 0.49962 0.0067921 -0.61142 0.39565 -2.0673 -0.29239 0.80374 -3.7548 0.19404
3 46 228 -0.24588 4.8148 -0.26902 -0.3628 3.5592 -0.28784 -1.1468 3.5524 0.30597 -1.1439 1.9883 0.77736 -1.6803 0.59814 0.38053 0.42084 3.5957 -0.88108 0.86156 2.0241 -0.81361 0.66274 0.62323 -1.4265 -0.61415 -0.024152 0.49572 -1.1261 -1.9538 -0.15894 -0.19209 -3.088 0.88612 0.61415 0.024153 -0.49572 0.59947 -2.0351 -0.079131 0.72487 -3.7681 0.40229
3 56 216 -0.064411 4.8219 -0.081694 -0.23715 3.5752 -0.16485 -1.078 3.5876 0.34526 -0.98439 2.3666 1.4265 -1.1751 0.86968 1.7438 0.60467 3.5925 -0.67319 0.6036 2.3482 -1.7317 -0.23322 3.0008 -2.8503 -0.72618 -0.054006 0.30536 -0.97931 -1.6961 -0.98059 -0.56432 -3.4324 -0.72728 0.72618 0.054006 -0.30536 0.88165 -1.8508 0.56737 0.99007 -3.4818 1.3283
3 57 216 -0.042116 4.8212 -0.044067 -0.22635 3.5781 -0.15206 -1.0683 3.5881 0.35619 -0.98429 2.3116 1.3722 -1.1703 0.80383 1.6362 0.6169 3.5977 -0.65793 0.67456 2.2725 -1.6115 -0.21712 2.6942 -2.7967 -0.72569 -0.05314 0.30667 -0.84619 -1.8351 -0.79982 -0.50006 -3.594 -0.60617 0.72569 0.053141 -0.30667 0.88861 -1.8416 0.58652 1.0639 -3.4184 1.4432
3 58 216 0.01492 4.8198 -0.027208 -0.18316 3.582 -0.16452 -1.0253 3.5872 0.34348 -0.9659 2.2203 1.2361 -1.1839 0.70491 1.4195 0.66051 3.6064 -0.66947 0.77924 2.1851 -1.466 -0.11056 2.2528 -2.7235 -0.72153 -0.0365 0.31869 -0.76066 -1.8928 -0.66469 -0.39495 -3.649 -0.48339 0.72153 0.0365 -0.31869 0.88555 -1.8708 0.54707 1.1625 -3.3629 1.5207
3 72 252 0.20942 4.8169 -0.13156 -0.05225 3.5842 -0.11937 -0.53036 3.6228 0.73929 -1.7688 2.5589 0.68402 -2.9189 3.2372 -0.08718 0.42885 3.5753 -0.97717 1.387 2.2525 -0.95066 1.6086 0.87936 -1.6163 -0.228 0.040535 0.7549 0.60084 -1.8888 0.68302 1.4123 -3.4985 0.64674 0.228 -0.040535 -0.7549 -1.0461 -1.6995 -0.95163 -0.88182 -3.4938 -0.8863
3 77 216 0.15616 4.8027 0.33022 -0.097812 3.5845 0.12995 -0.89493 3.5948 0.70603 -1.0345 2.0288 1.1496 -1.7252 0.75475 0.62274 0.70204 3.6037 -0.44208 0.78941 2.0342 -0.88696 -0.090354 1.5593 -2.0609 -0.64852 -0.051779 0.44748 -1.1655 -2.0285 -0.041997 0.0089542 -2.4967 1.2435 0.64852 0.051779 -0.44748 0.44921 -2.0393 -0.40489 0.26252 -3.8317 -0.34553
3 78 216 0.13063 4.8082 0.33151 -0.098243 3.5842 0.12926 -0.85633 3.5809 0.75587 -0.78765 2.1168 1.4772 -1.4368 0.73838 1.2399 0.66238 3.6169 -0.49344 0.69894 2.1191 -1.1446 -0.33948 2.2047 -2.2813 -0.64975 -0.051898 0.44567 -1.4976 -1.8104 -0.33094 -0.26639 -2.0443 0.96533 0.64975 0.051898 -0.44567 0.51449 -2.0403 -0.30924 0.38122 -3.8331 -0.17062
3 79 216 0.15221 4.8064 0.37507 -0.077045 3.5825 0.16713 -0.8025 3.5747 0.83122 -0.56428 2.2446 1.7493 -1.1498 0.81816 1.7447 0.65119 3.6197 -0.49291 0.6523 2.2238 -1.3416 -0.39009 2.7111 -2.368 -0.65429 -0.05114 0.43907 -1.7108 -1.5704 -0.55595 -0.43818 -1.7021 0.71449 0.65429 0.051141 -0.43907 0.57702 -2.0371 -0.2207 0.49512 -3.8259 -0.010494
3 80 216 0.21848 4.8039 0.39937 -0.013199 3.5814 0.18573 -0.71993 3.5702 0.86967 -0.3816 2.3536 1.906 -0.89474 0.91143 2.092 0.69644 3.622 -0.49408 0.67852 2.3261 -1.4886 -0.34511 2.9908 -2.431 -0.65284 -0.036558 0.44267 -1.7623 -1.318 -0.79879 -0.52058 -1.5119 0.49407 0.65284 0.036558 -0.44267 0.6305 -2.0436 -0.14806 0.59375 -3.8253 0.12586
3 81 216 0.2585 4.8029 0.42328 0.042277 3.5771 0.21209 -0.65384 3.5638 0.9068 -0.27498 2.4124 2.0019 -0.75612 0.98124 2.3152 0.74103 3.6198 -0.47876 0.72048 2.3889 -1.5526 -0.29349 3.1072 -2.4656 -0.64955 -0.027349 0.44814 -1.7139 -1.0624 -1.0385 -0.58554 -1.506 0.29601 0.64955 0.027349 -0.44814 0.67958 -2.0394 -0.071424 0.68702 -3.8094 0.27223
3 84 216 0.21959 4.8082 0.39456 0.004232 3.579 0.19663 -0.70631 3.5718 0.87667 -0.40114 2.3475 1.9143 -0.94199 0.92373 2.155 0.71758 3.6156 -0.4795 0.69 2.3344 -1.4926 -0.30422 2.9403 -2.5036 -0.64881 -0.036224 0.44859 -1.5119 -0.96893 -1.2246 -0.76603 -2.333 -0.3114 0.64881 0.036224 -0.44859 0.82393 -1.9742 0.13593 0.95554 -3.6952 0.65741
3 85 216 0.15592 4.8126 0.3773 -0.048714 3.581 0.18274 -0.78298 3.5729 0.83708 -0.52895 2.2863 1.8111 -1.0813 0.85194 1.9346 0.6881 3.6186 -0.46768 0.67565 2.2969 -1.4278 -0.3225 2.8332 -2.4736 -0.6557 -0.04462 0.43768 -1.4494 -1.1637 -1.1535 -0.86886 -2.7472 -0.51593 0.6557 0.044621 -0.43768 0.86305 -1.9399 0.22032 1.0214 -3.6385 0.80393
3 86 216 0.11578 4.8137 0.34763 -0.085726 3.5829 0.14873 -0.84347 3.5716 0.77567 -0.66264 2.2143 1.6665 -1.2143 0.77442 1.6788 0.67427 3.6237 -0.47425 0.67728 2.2643 -1.3802 -0.35836 2.6976 -2.4372 -0.66525 -0.048129 0.42265 -1.3429 -1.4017 -1.0344 -0.97517 -3.135 -0.70032 0.66525 0.048129 -0.42265 0.91589 -1.9075 0.30335 1.1115 -3.5809 0.94541
4 7 108 -0.61075 4.6339 -1.2628 -0.36501 3.4318 -0.95116 -1.2857 3.3261 -0.62164 -1.5441 1.7435 -0.30982 -1.8117 1.5554 -1.8167 0.54906 3.5654 -1.2888 1.3479 2.2895 -0.65427 1.3231 1.2532 -1.7958 -0.7181 0.045022 0.32528 -0.40803 -2.0179 0.57515 0.11654 -3.5599 1.3485 0.7181 -0.045023 -0.32528 0.057427 -1.7206 -1.4071 -0.19567 -3.4861 -1.1428
4 8 108 -0.53271 4.6288 -1.3227 -0.31393 3.4275 -0.98811 -1.2407 3.3437 -0.66972 -1.5149 1.7732 -0.31329 -1.7254 1.599 -1.8309 0.60692 3.5393 -1.3151 1.3636 2.2383 -0.67969 1.2378 1.3374 -1.9248 -0.72 0.055223 0.31945 -0.34931 -1.9703 0.73686 0.18709 -3.4894 1.5464 0.72 -0.055223 -0.31945 0.041455 -1.722 -1.4038 -0.29366 -3.4811 -1.1942
4 9 108 -0.43423 4.6287 -1.3663 -0.24856 3.4272 -1.0121 -1.1815 3.3721 -0.70573 -1.4697 1.8199 -0.28571 -1.6275 1.6178 -1.8062 0.67941 3.5102 -1.3273 1.3812 2.1693 -0.7123 1.1465 1.4129 -2.0353 -0.72269 0.065832 0.31126 -0.29549 -1.9071 0.89385 0.24791 -3.4001 1.7462 0.72269 -0.065833 -0.31126 0.025754 -1.7288 -1.3897 -0.33529 -3.4758 -1.1278
4 10 108 -0.32811 4.6237 -1.4176 -0.18369 3.421 -1.0492 -1.1194 3.3976 -0.74727 -1.4155 1.8665 -0.26076 -1.5416 1.5861 -1.7718 0.74793 3.4723 -1.3604 1.3782 2.0814 -0.77994 1.0361 1.4716 -2.1542 -0.72458 0.077785 0.30402 -0.26991 -1.8473 1.0122 0.28128 -3.2949 1.9351 0.72458 -0.077785 -0.30402 0.017102 -1.7293 -1.3931 -0.29927 -3.4528 -0.96823
4 11 108 -0.24823 4.6073 -1.4922 -0.14494 3.4055 -1.1072 -1.0827 3.4158 -0.81077 -1.3944 1.9123 -0.25318 -1.5033 1.4899 -1.7322 0.78958 3.4233 -1.4134 1.3362 1.9807 -0.87595 0.89599 1.5204 -2.2803 -0.72805 0.081275 0.29468 -0.32004 -1.8531 1.006 0.26326 -3.1763 2.083 0.72805 -0.081275 -0.29468 0.011798 -1.7072 -1.4162 -0.22352 -3.3805 -0.78733
4 12 108 -0.18443 4.6043 -1.5229 -0.11921 3.4052 -1.1221 -1.0591 3.4459 -0.83512 -1.3903 1.9719 -0.21352 -1.5034 1.3617 -1.6251 0.8183 3.3924 -1.4192 1.2809 1.8967 -0.95253 0.75451 1.5982 -2.3708 -0.73105 0.077103 0.28829 -0.45294 -1.9201 0.87842 0.18211 -3.0354 2.1448 0.73105 -0.077103 -0.2883 0.0068017 -1.7059 -1.4004 -0.15323 -3.3089 -0.5906
4 13 108 -0.20682 4.5953 -1.548 -0.1655 3.3996 -1.1345 -1.1051 3.4613 -0.85038 -1.4525 2.0079 -0.1903 -1.6003 1.2014 -1.4962 0.77225 3.3657 -1.4292 1.1579 1.8161 -1.0849 0.55973 1.7044 -2.5018 -0.72819 0.061033 0.29918 -0.64843 -2.0154 0.6097 0.026018 -2.8518 2.0576 0.72819 -0.061033 -0.29918 0.0014407 -1.7396 -1.3329 -0.08132 -3.2588 -0.36548
4 32 180 -0.22616 4.6238 -1.4371 -0.11897 3.4105 -1.09 -0.97331 3.5071 -0.61241 -1.4525 2.0878 0.039336 -2.3085 1.7713 -1.2036 0.73321 3.3424 -1.5764 1.5849 2.1668 -0.82708 0.95056 1.5036 -2.0662 -0.62351 0.13964 0.46393 -0.4343 -1.8567 1.0909 0.20323 -3.2034 2.1063 0.62351 -0.13964 -0.46393 -0.40765 -1.835 -1.1545 -0.88428 -3.4823 -0.59759
4 52 252 -0.21208 4.6439 -1.3333 -0.10876 3.4041 -1.1097 -0.94043 3.4895 -0.59165 -1.4957 2.265 0.33636 -2.0361 2.0537 -1.0923 0.72073 3.3475 -1.6352 1.623 2.1247 -1.0357 0.86974 1.4466 -2.1978 -0.60414 0.15908 0.48291 -0.68695 -1.9108 0.83396 -0.16502 -3.3857 1.7302 0.60414 -0.15908 -0.48291 -0.47664 -1.8114 -1.2013 -0.29789 -3.2905 -0.18588
4 54 264 -0.21034 4.639 -1.3702 -0.13138 3.4028 -1.1131 -0.9084 3.5259 -0.52275 -1.2373 2.2585 0.45415 -2.0426 1.8346 -0.79063 0.64378 3.3084 -1.711 1.5465 2.0856 -1.1123 0.67583 1.451 -2.2154 -0.55712 0.1708 0.53287 -0.5008 -1.8646 1.051 0.20711 -3.1996 2.0345 0.55712 -0.1708 -0.53287 -0.52665 -1.919 -0.9614 -0.56844 -3.5373 -0.16766
4 55 264 -0.10025 4.6351 -1.4095 -0.053386 3.4029 -1.1268 -0.85021 3.547 -0.56852 -1.1786 2.2533 0.37342 -1.9865 1.7516 -0.84039 0.74225 3.2873 -1.6933 1.5746 2.0352 -1.0545 0.71 1.458 -2.1934 -0.58831 0.17043 0.49834 -0.65806 -1.8765 0.96692 0.14465 -3.0138 2.1128 0.58831 -0.17043 -0.49834 -0.4427 -1.9534 -0.91334 -0.48508 -3.515 -0.013029
4 56 264 -0.061717 4.6274 -1.4599 -0.031058 3.4063 -1.1318 -0.84232 3.5682 -0.59986 -1.1656 2.2505 0.3101 -1.9727 1.6902 -0.87831 0.77909 3.2726 -1.6733 1.5385 1.9762 -1.0319 0.64877 1.4968 -2.1965 -0.61538 0.15592 0.46957 -0.87373 -1.903 0.79883 -0.021275 -2.8027 2.1083 0.61538 -0.15592 -0.46957 -0.42456 -1.9402 -0.85558 -0.36073 -3.4322 0.1548
4 57 264 -0.11937 4.5912 -1.5764 -0.095662 3.3923 -1.1735 -0.91957 3.5652 -0.66492 -1.2302 2.2385 0.23628 -2.0083 1.6199 -0.94253 0.72679 3.2472 -1.693 1.4022 1.8857 -1.094 0.46215 1.547 -2.2684 -0.63153 0.13166 0.45533 -1.1223 -1.9107 0.50094 -0.28827 -2.5892 1.9483 0.63153 -0.13166 -0.45533 -0.43191 -1.9018 -0.84241 -0.25718 -3.2905 0.29428
4 72 300 -0.39394 4.6147 -1.4123 -0.2255 3.3964 -1.1131 -1.1183 3.393 -0.70061 -1.509 2.01 0.076258 -1.9712 1.8808 -1.3891 0.66296 3.4281 -1.5338 1.529 2.2322 -0.83481 0.80907 1.6053 -2.0458 -0.67103 0.11207 0.40082 -0.60018 -1.9819 0.55689 0.00427 -3.3773 1.5257 0.67103 -0.11207 -0.40082 -0.24161 -1.7525 -1.3444 0.018128 -3.2951 -0.44785
4 73 300 -0.27109 4.6422 -1.3665 -0.15152 3.42 -1.0582 -1.0663 3.4381 -0.69735 -1.5085 2.0442 0.030932 -1.8545 1.9161 -1.4663 0.76012 3.4305 -1.4272 1.5746 2.248 -0.64809 0.96416 1.5939 -1.9039 -0.68509 0.10462 0.37842 -0.54672 -1.9579 0.75441 0.012026 -3.3583 1.743 0.68509 -0.10462 -0.37842 -0.21661 -1.8014 -1.2282 -0.27217 -3.5448 -0.77154
5 3 96 -0.18826 4.7701 -0.83281 -0.17168 3.5268 -0.59266 -1.0866 3.6 -0.23922 -1.3701 2.114 0.3772 -2.1875 0.8158 0.22121 0.74266 3.4827 -0.95238 1.0418 1.8787 -0.87129 1.1117 0.45405 -1.457 -0.72983 -0.012904 0.30114 -0.49202 -2.0989 0.382 0.013846 -3.3751 1.5509 0.72983 0.012905 -0.30114 0.22651 -1.7893 -1.2567 0.18913 -3.5414 -0.83285
5 4 96 -0.17097 4.772 -0.8136 -0.16931 3.5268 -0.58283 -1.076 3.6122 -0.21139 -1.3481 2.133 0.42645 -2.1448 0.81523 0.34667 0.73714 3.4706 -0.96038 1.0114 1.8607 -0.91541 1.035 0.4527 -1.5436 -0.72388 -0.01341 0.31515 -0.56129 -2.1079 0.34656 -0.032604 -3.3287 1.5635 0.72388 0.01341 -0.31515 0.24011 -1.8264 -1.2069 0.23266 -3.5588 -0.70732
5 5 96 -0.17893 4.7717 -0.8085 -0.17374 3.526 -0.58115 -1.0686 3.6159 -0.18299 -1.3291 2.1436 0.47539 -2.1192 0.82036 0.4259 0.72082 3.4653 -0.98543 0.97902 1.8523 -0.96604 0.93481 0.471 -1.65 -0.71451 -0.011402 0.33591 -0.65433 -2.1114 0.30931 -0.096412 -3.2679 1.575 0.71451 0.011402 -0.33591 0.21631 -1.8453 -1.1837 0.26483 -3.5483 -0.59349
5 6 96 -0.20556 4.772 -0.80458 -0.18285 3.5264 -0.57813 -1.0614 3.6161 -0.1451 -1.31 2.1451 0.52067 -2.104 0.82407 0.47475 0.69507 3.4659 -1.0174 0.94709 1.8519 -1.0286 0.81422 0.50267 -1.7632 -0.70367 -0.0099072 0.35812 -0.77998 -2.1001 0.15939 -0.17397 -3.1529 1.4918 0.70367 0.0099072 -0.35812 0.2088 -1.8856 -1.1173 0.29657 -3.5656 -0.46858
5 7 96 -0.21566 4.7746 -0.80455 -0.1737 3.5296 -0.5774 -1.0365 3.6142 -0.11283 -1.2525 2.1422 0.56194 -2.0647 0.83333 0.49307 0.68806 3.4742 -1.0482 0.92875 1.8597 -1.1134 0.71509 0.54057 -1.8827 -0.69746 -0.0027404 0.37019 -0.91283 -2.0609 0.0070019 -0.26228 -3.0638 1.3567 0.69746 0.0027404 -0.37019 0.20106 -1.9213 -1.0529 0.32763 -3.5771 -0.3507
5 8 96 -0.22042 4.7794 -0.79031 -0.1595 3.5345 -0.56691 -1.01 3.6114 -0.078994 -1.1911 2.1338 0.59368 -2.0196 0.83649 0.50228 0.68959 3.4867 -1.061 0.90656 1.8738 -1.2037 0.63037 0.58017 -1.9961 -0.69624 0.0026531 0.37249 -1.0392 -2 -0.16233 -0.38629 -3.0469 1.1525 0.69624 -0.0026536 -0.37249 0.20062 -1.9511 -0.98271 0.36396 -3.5793 -0.22566
5 9 96 -0.23366 4.7808 -0.78415 -0.15365 3.536 -0.56637 -0.9962 3.6027 -0.063361 -1.1415 2.1182 0.60289 -1.9811 0.82945 0.49395 0.68707 3.4984 -1.0754 0.87556 1.8912 -1.2995 0.55183 0.62503 -2.1178 -0.69687 0.0060086 0.37126 -1.1442 -1.9212 -0.33584 -0.53175 -3.0846 0.898 0.69687 -0.0060081 -0.37126 0.20591 -1.9738 -0.91981 0.40225 -3.5699 -0.10447
5 10 96 -0.25676 4.7799 -0.78439 -0.1597 3.5357 -0.57049 -0.9987 3.5913 -0.060252 -1.1136 2.1024 0.60204 -1.9532 0.81481 0.47966 0.6771 3.5092 -1.0867 0.848 1.9104 -1.3757 0.47727 0.67978 -2.2276 -0.69841 0.0062585 0.36835 -1.2174 -1.8377 -0.49474 -0.69379 -3.1612 0.61211 0.69841 -0.0062585 -0.36835 0.22718 -1.9949 -0.85563 0.44519 -3.557 0.018086
5 39 156 -0.32542 4.7899 -0.69115 -0.21036 3.5467 -0.47934 -0.99994 3.6144 0.1032 -1.3629 2.109 0.62351 -2.4342 1.07 0.23539 0.57715 3.5083 -1.0673 0.92729 1.9141 -0.99949 0.84812 0.47506 -1.5478 -0.60835 0.01792 0.50307 -0.42523 -2.0627 0.73081 0.41944 -3.3275 1.6991 0.60836 -0.01792 -0.50307 -0.12581 -1.7702 -1.4001 -0.23857 -3.5174 -0.96941
5 40 156 -0.28304 4.7927 -0.67983 -0.19588 3.5464 -0.47265 -0.99967 3.6259 0.088563 -1.3015 2.1195 0.64379 -2.2941 0.96769 0.3872 0.60649 3.4962 -1.0393 0.93486 1.8972 -0.97703 0.81546 0.47558 -1.5623 -0.61839 0.012809 0.49084 -0.48995 -2.0669 0.75993 0.39002 -3.2398 1.8092 0.61839 -0.01281 -0.49084 -0.11342 -1.7996 -1.3192 -0.16904 -3.5337 -0.8285
5 41 156 -0.2761 4.7923 -0.66903 -0.20933 3.5448 -0.46143 -1.0263 3.6324 0.079151 -1.2857 2.1271 0.65857 -2.1871 0.88105 0.54642 0.6067 3.4866 -1.0074 0.92378 1.8848 -0.95861 0.74947 0.49372 -1.6006 -0.62251 0.0028372 0.48577 -0.6225 -2.0856 0.71578 0.30078 -3.1396 1.8504 0.62251 -0.0028372 -0.48577 -0.095885 -1.8265 -1.2425 -0.10575 -3.5445 -0.69547
5 42 156 -0.27668 4.7895 -0.67942 -0.21472 3.5428 -0.46543 -1.0403 3.6335 0.061378 -1.2692 2.129 0.65542 -2.0842 0.82045 0.69016 0.61007 3.4815 -0.99771 0.9208 1.878 -0.96599 0.70012 0.52492 -1.6717 -0.62504 -0.00047588 0.48251 -0.78047 -2.0923 0.60225 0.15669 -3.0492 1.8093 0.62504 0.00047588 -0.48251 -0.067689 -1.8537 -1.1872 -0.041502 -3.5485 -0.57261
5 43 156 -0.29192 4.7862 -0.70021 -0.21079 3.5425 -0.47703 -1.0394 3.6295 0.045708 -1.2397 2.1249 0.64974 -1.9829 0.78317 0.80799 0.61682 3.4847 -1.0053 0.9243 1.8803 -0.99124 0.66989 0.56863 -1.7609 -0.63302 0.00046158 0.47201 -0.94806 -2.0766 0.43951 -0.044416 -3.0024 1.6953 0.63302 -0.00046206 -0.47201 -0.033375 -1.8841 -1.1219 0.016818 -3.5554 -0.44728
5 44 156 -0.27788 4.7877 -0.71702 -0.19829 3.5443 -0.49038 -1.0398 3.6195 0.013095 -1.2037 2.1178 0.635 -1.9088 0.76448 0.85621 0.64202 3.4982 -0.99942 0.93902 1.8919 -1.0141 0.65894 0.6208 -1.8409 -0.65011 0.0050907 0.44813 -1.0992 -2.0372 0.24368 -0.28858 -3.0134 1.5247 0.65011 -0.0050907 -0.44813 0.009776 -1.9116 -1.0558 0.07295 -3.5605 -0.32911
5 45 156 -0.28619 4.7861 -0.72286 -0.1785 3.5456 -0.49415 -1.0236 3.6133 0.0045003 -1.1629 2.1162 0.64331 -1.8583 0.75771 0.86369 0.66516 3.5071 -0.99826 0.95611 1.9002 -1.0401 0.65116 0.67168 -1.9207 -0.66885 0.005693 0.41964 -1.2103 -1.9854 0.023936 -0.56513 -3.0785 1.3045 0.66885 -0.0056934 -0.41964 0.060227 -1.9369 -0.98011 0.12865 -3.5622 -0.20235
5 46 156 -0.26268 4.7872 -0.73089 -0.15757 3.5448 -0.51016 -1.0147 3.6027 -0.031351 -1.1344 2.1114 0.62463 -1.8377 0.75051 0.80101 0.6981 3.5162 -0.99428 0.98246 1.9089 -1.0607 0.66028 0.72387 -1.9932 -0.687 0.0085392 0.38917 -1.2596 -1.9255 -0.19905 -0.83857 -3.1842 1.0213 0.687 -0.0085387 -0.38917 0.11384 -1.9584 -0.9219 0.18853 -3.553 -0.083673
5 48 168 -0.3671 4.7864 -0.69188 -0.21723 3.545 -0.49273 -0.99924 3.5899 0.10209 -0.95765 2.1039 0.77927 -1.658 0.74752 0.99728 0.56215 3.5293 -1.0925 0.80812 1.9229 -1.2588 0.27902 0.80656 -2.1816 -0.64108 0.011895 0.46083 -1.277 -1.8262 -0.33376 -1.2489 -3.4089 0.52938 0.64108 -0.011895 -0.46083 0.064562 -2.0037 -0.79962 0.3335 -3.529 0.12344
5 77 252 -0.38955 4.7818 -0.67734 -0.19329 3.5508 -0.46753 -1.0511 3.5815 0.012584 -1.6373 2.0881 0.32097 -2.5972 1.2238 -0.52111 0.66211 3.5494 -0.95297 1.0308 1.9593 -0.88673 1.0435 0.50303 -1.3934 -0.63408 0.023336 0.46999 -0.43716 -2.0681 0.50828 0.33396 -3.5133 1.2617 0.63408 -0.023336 -0.46999 -0.08811 -1.7784 -1.3714 -0.18572 -3.4657 -0.7434
5 78 252 -0.34121 4.7858 -0.67538 -0.17814 3.5505 -0.46271 -1.0484 3.5997 -0.0071085 -1.5923 2.1042 0.36193 -2.486 1.1342 -0.43693 0.69045 3.5306 -0.9237 1.0242 1.9332 -0.84941 1.008 0.48289 -1.3729 -0.64683 0.015734 0.45261 -0.4488 -2.0742 0.53778 0.35192 -3.4586 1.3704 0.64683 -0.015735 -0.45261 -0.050544 -1.8132 -1.2876 -0.12738 -3.4908 -0.63134
5 79 252 -0.28191 4.7889 -0.677 -0.15256 3.5508 -0.45678 -1.0349 3.6191 -0.027569 -1.5303 2.1231 0.40305 -2.3675 1.0356 -0.29978 0.72884 3.5118 -0.89149 1.024 1.9063 -0.82889 0.96377 0.46877 -1.3834 -0.66209 0.010927 0.43014 -0.50862 -2.0815 0.54271 0.3373 -3.376 1.4698 0.66209 -0.010927 -0.43014 0.0039199 -1.845 -1.2157 -0.070606 -3.5091 -0.5257
5 80 252 -0.23326 4.7908 -0.6827 -0.12888 3.5494 -0.46497 -1.0184 3.6249 -0.052147 -1.4647 2.1305 0.43379 -2.2628 0.94035 -0.13573 0.76005 3.5031 -0.88332 1.0236 1.8915 -0.83955 0.90949 0.47481 -1.4376 -0.67542 0.0095267 0.40892 -0.61612 -2.0886 0.50258 0.27275 -3.2679 1.5371 0.67542 -0.0095263 -0.40892 0.054268 -1.8797 -1.1376 -0.013798 -3.5313 -0.41745
5 81 252 -0.20623 4.7885 -0.70422 -0.12135 3.546 -0.48267 -1.0187 3.6292 -0.088641 -1.4192 2.1384 0.44595 -2.1816 0.86461 0.028854 0.77572 3.492 -0.88233 1.0173 1.8765 -0.86037 0.84625 0.49149 -1.5162 -0.68718 0.0066929 0.3889 -0.75953 -2.0931 0.38773 0.1448 -3.1457 1.5388 0.68718 -0.0066929 -0.3889 0.096798 -1.9072 -1.0625 0.036291 -3.5476 -0.31669
5 82 252 -0.18339 4.7864 -0.72941 -0.10809 3.5442 -0.50055 -1.0115 3.6275 -0.12066 -1.3668 2.1401 0.45383 -2.1048 0.81067 0.19742 0.79508 3.4902 -0.88621 1.0213 1.8723 -0.89179 0.80418 0.52675 -1.6129 -0.6986 0.0069556 0.36798 -0.90588 -2.0775 0.20613 -0.038411 -3.0434 1.4573 0.6986 -0.0069551 -0.36798 0.13278 -1.9247 -1.0134 0.082777 -3.5461 -0.22641
5 83 252 -0.15235 4.7847 -0.75773 -0.080183 3.5437 -0.51994 -0.98893 3.6232 -0.15223 -1.3064 2.1383 0.45026 -2.026 0.77866 0.34453 0.82823 3.4933 -0.89358 1.0405 1.874 -0.93097 0.79264 0.56745 -1.7114 -0.71055 0.01264 0.34418 -1.0198 -2.0356 -0.0069414 -0.2557 -3.0104 1.3034 0.71055 -0.01264 -0.34418 0.16173 -1.9443 -0.96207 0.13172 -3.5435 -0.12995
5 84 264 -0.27799 4.7842 -0.7315 -0.15513 3.5444 -0.50848 -0.9763 3.6199 0.027561 -1.1262 2.1368 0.69588 -1.813 0.76492 0.85093 0.66445 3.4981 -1.0503 0.83406 1.8791 -1.1868 0.40531 0.60866 -1.9483 -0.64263 0.01784 0.45849 -1.1149 -1.9762 -0.0050442 -0.25216 -3.0442 1.1637 0.64263 -0.01784 -0.45849 -0.0029298 -1.9638 -0.91742 0.17422 -3.5418 -0.063323
5 85 264 -0.25474 4.7846 -0.7394 -0.13011 3.545 -0.51629 -0.95966 3.614 0.0075861 -1.0859 2.1344 0.68847 -1.7517 0.75959 0.89893 0.69776 3.5051 -1.0458 0.83693 1.8901 -1.2485 0.38698 0.65446 -2.0538 -0.66144 0.020024 0.43081 -1.183 -1.9116 -0.21021 -0.53201 -3.1259 0.95281 0.66144 -0.020024 -0.43081 0.043349 -1.9832 -0.85301 0.24442 -3.5402 0.033723
5 86 264 -0.23846 4.783 -0.75439 -0.10841 3.5438 -0.53138 -0.94601 3.6027 -0.019213 -1.059 2.1289 0.67652 -1.723 0.75329 0.88745 0.7273 3.5141 -1.0491 0.85181 1.9039 -1.2955 0.38331 0.7026 -2.141 -0.67919 0.022846 0.40209 -1.2048 -1.8492 -0.39375 -0.79203 -3.2339 0.68473 0.67919 -0.022846 -0.40209 0.091194 -2.0005 -0.79904 0.31012 -3.5308 0.1288
5 87 264 -0.21545 4.7806 -0.77669 -0.084639 3.5423 -0.54841 -0.93327 3.5972 -0.054259 -1.0404 2.1291 0.65424 -1.7131 0.75305 0.83238 0.76208 3.5167 -1.0482 0.87819 1.9121 -1.3318 0.39638 0.74218 -2.2132 -0.69555 0.026617 0.37283 -1.1941 -1.7969 -0.54407 -1.0101 -3.3346 0.37911 0.69555 -0.026618 -0.37283 0.14675 -2.0219 -0.73597 0.37687 -3.5229 0.23612
5 88 264 -0.20068 4.7794 -0.79021 -0.066961 3.5417 -0.55958 -0.92483 3.5882 -0.080778 -1.0343 2.1226 0.63245 -1.7197 0.7476 0.76402 0.78883 3.5244 -1.044 0.90358 1.9241 -1.3515 0.41739 0.77861 -2.2621 -0.70907 0.0288 0.34626 -1.168 -1.7563 -0.66231 -1.1745 -3.4164 0.041156 0.70907 -0.028801 -0.34626 0.20346 -2.0454 -0.64975 0.43659 -3.5227 0.3573
5 112 300 -0.4161 4.7817 -0.70646 -0.24485 3.5435 -0.5017 -1.0838 3.5214 0.011236 -1.5346 1.9675 0.23671 -2.4303 0.98809 -0.54819 0.58974 3.5946 -1.0196 0.97456 2.0081 -0.95823 0.92579 0.59882 -1.582 -0.65442 0.020667 0.44137 -0.56156 -2.0783 0.42974 0.036954 -3.5671 1.2521 0.65442 -0.020667 -0.44137 -0.13267 -1.7192 -1.3952 -0.11098 -3.5174 -1.5253
6 20 288 -0.35484 4.7578 -0.86672 -0.28577 3.5142 -0.64785 -1.2102 3.4825 -0.3136 -1.5513 1.9196 0.017361 -2.1468 0.84093 -0.90973 0.63518 3.5749 -0.98774 1.0743 2.0152 -0.78021 1.3248 0.58205 -1.2912 -0.7045 0.013275 0.35636 -0.38441 -2.0546 0.54577 0.12091 -3.676 1.1512 0.7045 -0.013275 -0.35636 0.10716 -1.7524 -1.3727 -0.10868 -3.5273 -1.6052
6 21 288 -0.33694 4.7593 -0.86299 -0.27355 3.5147 -0.64885 -1.191 3.4912 -0.29509 -1.5257 1.9329 0.06322 -2.1216 0.84633 -0.85435 0.64048 3.5672 -1.0082 1.0758 2.0065 -0.80009 1.3178 0.5692 -1.3034 -0.69938 0.017014 0.36617 -0.33465 -2.0321 0.65306 0.18643 -3.6398 1.2814 0.69938 -0.017014 -0.36617 0.09629 -1.7587 -1.3747 -0.10499 -3.5371 -1.5927
6 22 288 -0.33754 4.7612 -0.85168 -0.27696 3.5162 -0.63839 -1.1877 3.5013 -0.26741 -1.5066 1.9495 0.13144 -2.1179 0.83768 -0.7448 0.63056 3.5602 -1.015 1.0606 1.9976 -0.81004 1.2868 0.55701 -1.3113 -0.69451 0.013912 0.37545 -0.30056 -2.0194 0.72877 0.24645 -3.5937 1.4167 0.69451 -0.013912 -0.37545 0.089451 -1.7736 -1.3511 -0.11064 -3.5555 -1.5395
6 23 288 -0.35632 4.7573 -0.8583 -0.2999 3.5122 -0.64508 -1.2056 3.5042 -0.26155 -1.4991 1.9589 0.17959 -2.1375 0.79976 -0.61191 0.60258 3.5492 -1.0343 1.0236 1.9825 -0.84227 1.2314 0.5405 -1.3474 -0.69666 0.0042269 0.37168 -0.28413 -2.0137 0.78643 0.27878 -3.5451 1.5538 0.69666 -0.0042267 -0.37168 0.083765 -1.7627 -1.3445 -0.085694 -3.5532 -1.4715
6 24 288 -0.33658 4.7565 -0.86798 -0.2899 3.5107 -0.657 -1.197 3.5078 -0.27683 -1.4512 1.9691 0.20922 -2.1221 0.74294 -0.44212 0.61422 3.5427 -1.0429 1.0194 1.9683 -0.88162 1.2087 0.52798 -1.3986 -0.70195 0.0066936 0.36156 -0.27109 -1.9873 0.86427 0.2952 -3.4816 1.6993 0.70195 -0.0066936 -0.36156 0.079987 -1.7511 -1.3538 -0.049727 -3.5493 -1.3768
6 25 288 -0.35421 4.7588 -0.84172 -0.30295 3.5109 -0.64383 -1.2096 3.5027 -0.26265 -1.4352 1.9681 0.25002 -2.1236 0.67105 -0.22069 0.60065 3.5483 -1.0304 0.98668 1.9658 -0.9069 1.1383 0.53657 -1.4655 -0.70032 0.003053 0.36475 -0.27752 -1.978 0.9223 0.29413 -3.4201 1.8413 0.70032 -0.003053 -0.36475 0.077544 -1.7716 -1.3127 -0.0084664 -3.5712 -1.2413
6 26 288 -0.40251 4.7595 -0.80532 -0.34305 3.5091 -0.6242 -1.2468 3.496 -0.23641 -1.4604 1.9597 0.27633 -2.1511 0.61075 -0.0081728 0.55765 3.5514 -1.017 0.9302 1.963 -0.93552 1.0296 0.55705 -1.561 -0.69315 -0.0062075 0.37817 -0.33122 -2.0081 0.90335 0.26604 -3.36 1.936 0.69315 0.006207 -0.37817 0.081202 -1.8083 -1.2427 0.030866 -3.6046 -1.096
6 27 288 -0.44276 4.7601 -0.77899 -0.36525 3.5087 -0.61131 -1.2584 3.486 -0.20017 -1.4618 1.947 0.30861 -2.1549 0.57633 0.17218 0.52453 3.5607 -1.0272 0.896 1.9704 -0.98752 0.92503 0.6007 -1.6952 -0.68601 -0.0070906 0.39095 -0.42927 -2.0492 0.81326 0.21483 -3.2778 1.965 0.68601 0.0070906 -0.39095 0.085452 -1.8434 -1.1842 0.073915 -3.6327 -0.96228
6 59 300 -0.2113 4.8082 -0.57507 -0.14646 3.5523 -0.43776 -1.0345 3.519 -0.016343 -1.6861 2.0213 -0.048773 -2.5221 1.3767 -1.1728 0.7384 3.615 -0.86257 1.1499 2.0341 -0.84431 1.074 0.69403 -1.6034 -0.67066 0.038469 0.41502 -0.3395 -2.0321 0.54657 0.21412 -3.6673 1.0667 0.67066 -0.038469 -0.41502 -0.055432 -1.8107 -1.2788 -0.35969 -3.5644 -1.5672
6 60 300 -0.19641 4.8092 -0.5735 -0.13378 3.5532 -0.43532 -1.0125 3.5274 0.0057012 -1.6653 2.0302 -0.025633 -2.468 1.4433 -1.2042 0.74186 3.6084 -0.87981 1.1466 2.0257 -0.87153 1.0756 0.68116 -1.623 -0.66019 0.043093 0.43104 -0.25882 -2.0057 0.6669 0.31364 -3.6342 1.1877 0.66019 -0.043093 -0.43104 -0.098372 -1.8121 -1.2734 -0.4616 -3.5451 -1.6134
6 61 300 -0.17261 4.8106 -0.57373 -0.11576 3.5543 -0.43392 -0.98611 3.5376 0.023876 -1.6306 2.0366 0.012956 -2.405 1.4662 -1.1923 0.75165 3.6005 -0.89526 1.1483 2.0158 -0.89497 1.0888 0.65904 -1.6253 -0.64987 0.047941 0.44594 -0.1891 -1.9773 0.76298 0.41528 -3.586 1.3087 0.64987 -0.047941 -0.44594 -0.11882 -1.8265 -1.2584 -0.5002 -3.5595 -1.578
6 62 300 -0.1507 4.8096 -0.58113 -0.10102 3.5527 -0.44391 -0.96034 3.5454 0.034486 -1.5878 2.0373 0.06395 -2.3413 1.4329 -1.138 0.75561 3.5895 -0.92578 1.1445 2.0028 -0.9305 1.0963 0.63138 -1.6338 -0.63674 0.054033 0.46384 -0.12565 -1.9468 0.85097 0.50648 -3.5336 1.4282 0.63674 -0.054033 -0.46384 -0.14752 -1.836 -1.2538 -0.48589 -3.5914 -1.4879
6 63 300 -0.16153 4.806 -0.59146 -0.12521 3.5483 -0.45507 -0.97392 3.5565 0.041915 -1.5656 2.0366 0.13525 -2.3144 1.3549 -1.0276 0.72121 3.5697 -0.95555 1.1031 1.9814 -0.96114 1.0674 0.59372 -1.6326 -0.61982 0.049093 0.48674 -0.073373 -1.9296 0.93428 0.58711 -3.489 1.5531 0.61982 -0.049093 -0.48674 -0.18257 -1.8285 -1.2641 -0.4417 -3.608 -1.3947
6 64 300 -0.18149 4.8031 -0.58864 -0.16507 3.5458 -0.4464 -1.0034 3.5712 0.067336 -1.5394 2.0375 0.23854 -2.2943 1.2294 -0.83606 0.6714 3.55 -0.96377 1.0417 1.9589 -0.97022 1.0202 0.5553 -1.6083 -0.61354 0.031991 0.49603 -0.074101 -1.9476 0.94848 0.64194 -3.4373 1.6687 0.61354 -0.031991 -0.49603 -0.18027 -1.8154 -1.273 -0.36672 -3.6087 -1.2803
6 65 300 -0.16573 4.799 -0.60731 -0.17405 3.5429 -0.455 -1.0081 3.5872 0.064371 -1.4706 2.0422 0.3248 -2.2397 1.0845 -0.60743 0.65865 3.5281 -0.9782 1.0165 1.9342 -0.99244 0.99935 0.52101 -1.609 -0.61357 0.026989 0.49628 -0.10078 -1.9627 0.93507 0.65845 -3.3736 1.762 0.61358 -0.026988 -0.49628 -0.16175 -1.8227 -1.2635 -0.29506 -3.6182 -1.1678
6 66 300 -0.18343 4.795 -0.60832 -0.20525 3.5394 -0.45299 -1.0326 3.5985 0.075481 -1.4254 2.0488 0.41193 -2.2021 0.93787 -0.32303 0.62117 3.5098 -0.98546 0.963 1.9126 -1.0143 0.92716 0.50113 -1.634 -0.60534 0.017378 0.50671 -0.1775 -2.0062 0.87607 0.63819 -3.3114 1.8152 0.60534 -0.017378 -0.50671 -0.14715 -1.849 -1.2089 -0.21896 -3.6417 -1.03
6 67 300 -0.21489 4.7937 -0.58898 -0.24272 3.5389 -0.42634 -1.0572 3.6082 0.12064 -1.3907 2.0583 0.51453 -2.1689 0.825 0.01348 0.57099 3.4991 -0.97739 0.89909 1.8994 -1.0217 0.8205 0.50075 -1.6661 -0.59218 0.0025463 0.52231 -0.30612 -2.0625 0.78352 0.59536 -3.2246 1.8265 0.59218 -0.0025463 -0.52231 -0.11346 -1.8793 -1.15 -0.13963 -3.6637 -0.89278
6 68 288 -0.128 4.7886 -0.63523 -0.18723 3.535 -0.47252 -1.0859 3.6097 -0.079925 -1.4548 2.0629 0.29448 -2.156 0.75263 -0.11684 0.71152 3.4897 -0.86946 1.0327 1.888 -0.86448 1.0428 0.51103 -1.5584 -0.67773 -0.0058322 0.40515 -0.591 -2.1003 0.54696 0.14092 -3.1212 1.8404 0.67773 0.0058322 -0.40515 0.14052 -1.9054 -1.0929 0.095213 -3.6777 -0.76479
6 69 288 -0.16723 4.786 -0.65161 -0.21285 3.5327 -0.48136 -1.0985 3.6067 -0.059988 -1.4338 2.0668 0.37015 -2.1605 0.72072 0.17557 0.67259 3.4881 -0.90725 0.987 1.8854 -0.94015 0.92882 0.53668 -1.6853 -0.67008 -0.0086217 0.41763 -0.7239 -2.1085 0.37206 0.05061 -3.0625 1.6915 0.67008 0.0086222 -0.41763 0.14556 -1.9289 -1.0384 0.1355 -3.6855 -0.63225
6 70 288 -0.18871 4.7875 -0.66615 -0.21067 3.5341 -0.49054 -1.0817 3.6013 -0.03878 -1.3862 2.0713 0.44609 -2.1249 0.71819 0.41224 0.65978 3.4963 -0.94689 0.96097 1.8936 -1.0435 0.83239 0.57423 -1.8312 -0.66751 -0.0038543 0.42181 -0.84933 -2.0833 0.18274 -0.080088 -3.0782 1.4748 0.66751 0.0038538 -0.42181 0.15621 -1.954 -0.98724 0.17793 -3.6907 -0.50331
6 71 288 -0.19894 4.7915 -0.66608 -0.19711 3.5376 -0.49175 -1.0555 3.5933 -0.014838 -1.3305 2.0749 0.52166 -2.08 0.72824 0.56923 0.66016 3.5113 -0.97316 0.93394 1.9107 -1.152 0.74647 0.6205 -1.9753 -0.6707 0.0014014 0.41672 -0.95499 -2.0394 0.0063494 -0.23542 -3.1573 1.2244 0.6707 -0.0014009 -0.41672 0.16211 -1.9733 -0.93366 0.21763 -3.6854 -0.371
6 72 288 -0.20784 4.7935 -0.66561 -0.18344 3.5391 -0.49654 -1.0332 3.5817 -0.0031341 -1.2852 2.0743 0.57386 -2.046 0.73506 0.64682 0.66474 3.5259 -0.99432 0.91133 1.9325 -1.2574 0.66102 0.68085 -2.1224 -0.67672 0.0065432 0.40683 -1.0398 -1.981 -0.16946 -0.41363 -3.2698 0.92499 0.67672 -0.0065432 -0.40683 0.16991 -1.9892 -0.88277 0.25936 -3.6722 -0.24215
6 73 288 -0.22479 4.7956 -0.65805 -0.17626 3.5408 -0.49582 -1.0179 3.5719 0.012217 -1.2434 2.071 0.61644 -2.0151 0.73776 0.68426 0.66335 3.539 -1.0081 0.888 1.9569 -1.3472 0.57776 0.75409 -2.2609 -0.68075 0.0095348 0.39998 -1.101 -1.9164 -0.32697 -0.60846 -3.382 0.60053 0.68075 -0.0095353 -0.39998 0.18169 -2.0048 -0.82931 0.30271 -3.6549 -0.11278
6 74 288 -0.24795 4.7981 -0.64079 -0.18031 3.5435 -0.48242 -1.0168 3.5651 0.034548 -1.2084 2.0655 0.65373 -1.9965 0.74098 0.70084 0.65384 3.5513 -1.0035 0.86576 1.9811 -1.4013 0.49801 0.83592 -2.3662 -0.68278 0.007947 0.39654 -1.1292 -1.8575 -0.46081 -0.80349 -3.4796 0.25584 0.68278 -0.007947 -0.39655 0.21191 -2.024 -0.75467 0.35031 -3.6452 0.022095
6 75 288 -0.26412 4.801 -0.62191 -0.17836 3.547 -0.46732 -1.0104 3.5566 0.057029 -1.1683 2.0526 0.67485 -1.9615 0.73055 0.70388 0.651 3.5668 -0.99564 0.8617 2.0079 -1.4362 0.44699 0.92629 -2.454 -0.68646 0.0080385 0.39013 -1.1279 -1.8176 -0.55129 -0.98211 -3.5552 -0.09226 0.68646 -0.008039 -0.39013 0.25834 -2.0474 -0.65851 0.4011 -3.6474 0.16024
