0 0 324 0.47152 4.8174 -0.1232 0.26457 3.5725 -0.13289 0.24859 3.5075 -1.1142 0.51131 2.4853 -2.3611 1.3999 2.7739 -3.5878 0.28436 3.6669 0.84591 0.78157 2.6073 1.9855 2.0499 2.5042 2.8563 0.0019797 -0.02094 -0.78934 0.92372 -1.9089 -0.80045 0.69402 -3.6681 -1.1224 -0.0019804 0.020939 0.78934 -0.05742 -2.0782 0.85778 -1.0322 -3.5909 0.74531
0 1 312 0.49208 4.8165 -0.14497 0.28063 3.5717 -0.13988 0.29726 3.4939 -1.1202 0.42856 2.4791 -2.3936 1.2206 2.7568 -3.6871 0.26816 3.6789 0.83773 0.81621 2.606 1.941 2.1471 2.4735 2.7083 0.074782 -0.03031 -0.78549 1.0348 -1.8944 -0.65192 0.90928 -3.6622 -0.98385 -0.074782 0.03031 0.78549 -0.22563 -2.0653 0.78597 -1.1783 -3.5693 0.50081
0 12 204 0.81077 4.7479 0.27444 0.42511 3.5455 0.32157 0.73601 3.4861 -0.60965 0.050079 2.6451 -1.8307 -0.20034 2.8676 -3.3358 0.12128 3.6339 1.2528 1.2358 2.4813 1.566 2.554 2.5625 0.7701 0.7082 -0.051195 -0.34544 0.61582 -1.7155 0.9336 0.80456 -3.4998 1.1107 -0.7082 0.051195 0.34544 -0.55282 -1.9782 -0.17569 -0.13732 -3.3486 -1.2713
0 13 204 0.80942 4.749 0.27409 0.4265 3.5459 0.32961 0.70005 3.496 -0.61381 -0.0073381 2.6315 -1.8059 -0.31756 2.7994 -3.307 0.16024 3.6247 1.2731 1.3244 2.4846 1.389 2.4516 2.634 0.34738 0.69496 -0.046401 -0.37199 0.6449 -1.7182 0.89962 0.81126 -3.5007 1.1137 -0.69496 0.046401 0.37199 -0.53324 -1.9779 -0.16688 -0.13729 -3.3466 -1.2717
0 14 204 0.81652 4.7451 0.31271 0.43245 3.542 0.36304 0.69413 3.5022 -0.58422 0.0088205 2.6093 -1.7682 -0.27285 2.7391 -3.2787 0.17829 3.6107 1.3107 1.3493 2.472 1.2825 2.3115 2.6952 0.098437 0.68611 -0.039922 -0.3888 0.67103 -1.7237 0.86779 0.82629 -3.5023 1.1195 -0.68611 0.039922 0.3888 -0.51365 -1.9819 -0.15597 -0.13306 -3.3508 -1.266
0 15 204 0.79622 4.7463 0.36046 0.41595 3.541 0.39288 0.69593 3.5078 -0.54939 0.068184 2.5945 -1.7496 -0.1248 2.7051 -3.2755 0.14356 3.603 1.3359 1.3164 2.4694 1.2445 2.1609 2.7527 -0.014115 0.68915 -0.032722 -0.38405 0.68119 -1.7313 0.85244 0.82802 -3.508 1.1226 -0.68915 0.032722 0.38405 -0.51431 -1.9935 -0.14349 -0.13493 -3.3568 -1.2608
0 16 204 0.77129 4.7499 0.40385 0.39423 3.5427 0.40511 0.722 3.5134 -0.52175 0.18165 2.584 -1.7518 0.1295 2.6857 -3.2896 0.074043 3.6008 1.3333 1.2557 2.4746 1.2693 2.061 2.786 -0.008365 0.69876 -0.032658 -0.36628 0.678 -1.7371 0.86201 0.82577 -3.5147 1.1254 -0.69876 0.032658 0.36628 -0.52231 -1.9965 -0.14918 -0.13489 -3.3644 -1.2581
0 17 216 0.79907 4.7532 0.29645 0.4311 3.544 0.34883 0.62719 3.5096 -0.61435 -0.039826 2.574 -1.7756 -0.23348 2.676 -3.302 0.24251 3.6073 1.3121 1.4166 2.4895 1.1103 1.9968 2.7971 -0.28479 0.63198 -0.027241 -0.4726 0.83706 -1.7439 0.72132 1.0363 -3.5228 0.93734 -0.63198 0.027241 0.4726 -0.5622 -2.0116 -0.030021 -0.39175 -3.3774 -1.1947
0 34 12 0.57885 4.8159 0.034305 0.35304 3.5697 0.045335 0.4656 3.5477 -0.9315 1.0002 2.5003 -2.0654 2.403 2.4206 -2.7006 0.24545 3.6211 1.0216 0.50142 2.8827 2.4562 1.3589 2.9387 3.7366 0.027322 0.01196 -0.78906 0.49013 -2.0286 -0.97966 -0.23019 -3.6782 -1.0834 -0.027322 -0.01196 0.78906 0.60285 -2.0012 1.034 0.047553 -3.6724 1.4208
0 35 24 0.57699 4.8164 0.0038812 0.35458 3.5696 0.017344 0.42971 3.5469 -0.96306 1.0305 2.4794 -2.044 2.4769 2.3722 -2.5676 0.28435 3.6217 0.997 0.43921 2.9005 2.4546 1.193 2.9826 3.7972 -0.062962 0.017102 -0.78692 0.30514 -2.0386 -1.0173 -0.45156 -3.6749 -0.98883 0.062962 -0.017103 0.78692 0.77316 -1.9889 0.93524 0.33405 -3.6729 1.4065
0 44 108 0.56929 4.7818 0.069691 0.27264 3.572 -0.082536 0.27968 3.5969 -1.0657 1.3017 2.35 -1.3297 2.4136 2.299 -0.26255 0.26949 3.5767 0.90099 -0.65068 2.6576 1.8897 -1.1255 2.4578 3.343 -0.54354 0.040276 -0.57135 -0.65222 -2.0555 -0.47065 -1.0323 -3.5619 0.4443 0.54354 -0.040276 0.57135 1.1588 -1.8276 -0.3458 1.4276 -3.6014 -0.16651
0 59 60 0.51965 4.8023 0.065275 0.3058 3.5698 -0.086561 0.39316 3.5797 -1.0662 1.4954 2.3743 -1.0394 2.2695 2.6023 0.27453 0.22272 3.5894 0.89327 -0.33112 2.5604 2.0348 -0.20098 2.2051 3.5296 -0.32908 0.0188 -0.71753 -0.32361 -2.0644 -0.99024 -1.09 -3.6477 -0.59423 0.32909 -0.0188 0.71753 1.1461 -1.9262 0.38766 0.98944 -3.6618 0.85033
0 61 48 0.51637 4.8071 0.053836 0.30892 3.5705 -0.077566 0.39926 3.5694 -1.057 1.4556 2.3256 -1.1342 2.4266 2.5742 0.037487 0.22282 3.6011 0.90173 -0.22799 2.5919 2.1047 0.1314 2.3066 3.5768 -0.27544 0.017275 -0.73982 -0.1732 -2.0578 -1.053 -0.95276 -3.6685 -0.83248 0.27544 -0.017275 0.73982 1.0487 -1.9589 0.52463 0.76714 -3.6738 1.0051
0 63 36 0.53369 4.8097 0.032901 0.32508 3.5692 -0.068612 0.42274 3.5539 -1.0472 1.4211 2.2722 -1.2179 2.5716 2.4938 -0.21541 0.23181 3.6139 0.90948 -0.13055 2.5992 2.1374 0.42109 2.3267 3.5513 -0.21617 0.016473 -0.75927 -0.016266 -2.0485 -1.0915 -0.76999 -3.6857 -1.0454 0.21617 -0.016473 0.75927 0.93767 -1.9855 0.63081 0.52031 -3.678 1.0914
0 65 24 0.52432 4.8136 0.03047 0.33004 3.5692 -0.055617 0.43529 3.5425 -1.0332 1.3611 2.2178 -1.2711 2.6691 2.3986 -0.47488 0.22931 3.6253 0.92115 -0.063726 2.5759 2.1383 0.63702 2.2751 3.4785 -0.15964 0.01463 -0.77317 0.12861 -2.0385 -1.1133 -0.55709 -3.7018 -1.2325 0.15964 -0.014631 0.77317 0.81841 -2.0093 0.7345 0.2645 -3.6802 1.1247
0 68 12 0.50836 4.8207 -0.027974 0.32606 3.5704 -0.061565 0.38959 3.5282 -1.0422 1.1589 2.1221 -1.3579 2.6725 2.2449 -1.0902 0.26699 3.642 0.91759 0.18945 2.4881 2.0714 1.2025 2.1057 3.1692 -0.10672 0.0053759 -0.78236 0.27885 -2.0306 -1.1291 -0.30559 -3.7105 -1.4248 0.10672 -0.0053763 0.78236 0.67516 -2.028 0.78045 0.01137 -3.6816 1.0563
0 71 0 0.53526 4.8198 0.018671 0.3704 3.5661 0.035299 0.4427 3.4975 -0.94318 1.0408 2.0019 -1.2155 2.5771 2.0085 -1.3476 0.30274 3.6641 1.0116 0.47249 2.3555 1.9747 1.6458 1.8133 2.8155 -0.0045099 0.021043 -0.78933 0.54006 -1.9861 -1.0877 0.021168 -3.6744 -1.45 0.0045109 -0.021043 0.78933 0.56956 -2.0442 0.83127 -0.18671 -3.6761 0.958
0 72 0 0.53258 4.82 0.019194 0.36795 3.5661 0.054684 0.38298 3.4991 -0.92646 0.90745 1.9762 -1.1993 2.4198 1.9138 -1.4933 0.35752 3.6626 1.0334 0.65056 2.3042 1.8924 1.9026 1.7016 2.5609 -0.027964 0.030828 -0.78852 0.55199 -1.967 -1.0829 0.028644 -3.6687 -1.3677 0.027964 -0.030828 0.78852 0.59123 -2.0549 0.80301 -0.18844 -3.675 0.93848
0 74 348 0.49565 4.8229 0.11378 0.33889 3.5679 0.13664 0.45413 3.5037 -0.83801 0.88035 1.9367 -1.0163 2.3965 1.7059 -1.1761 0.22857 3.6615 1.1095 0.5508 2.2098 1.786 1.7709 1.4898 2.3946 0.088382 0.037512 -0.78376 0.73301 -1.9597 -0.88385 0.24705 -3.6743 -1.1576 -0.088382 -0.037512 0.78376 0.42641 -2.0728 0.86782 -0.39067 -3.68 0.86018
0 75 348 0.48362 4.8252 0.091097 0.33477 3.5694 0.11843 0.41036 3.5088 -0.86033 0.76706 1.9246 -1.0386 2.2566 1.5753 -1.2309 0.26395 3.6593 1.0953 0.64227 2.1702 1.6503 1.8891 1.3938 2.1196 0.066451 0.033689 -0.7861 0.69865 -1.9688 -0.85293 0.20599 -3.686 -1.0971 -0.066451 -0.033688 0.7861 0.4153 -2.0774 0.85884 -0.40615 -3.6825 0.86108
0 76 348 0.46827 4.8277 0.066745 0.32826 3.5709 0.094179 0.37031 3.515 -0.88688 0.64701 1.9134 -1.0505 2.0927 1.4198 -1.2601 0.29082 3.6562 1.0733 0.6864 2.1322 1.5088 1.9299 1.2925 1.8641 0.054273 0.027959 -0.78726 0.66901 -1.9807 -0.83035 0.17041 -3.6978 -1.0619 -0.054273 -0.027959 0.78726 0.39739 -2.0785 0.86074 -0.426 -3.6826 0.86868
1 44 168 1.1 4.7064 0.20609 0.8917 3.4614 0.11934 1.053 3.4653 -0.85088 0.89293 2.153 -1.8105 1.4613 1.5969 -3.1316 0.73524 3.4869 1.09 0.40828 2.1635 1.9902 0.90158 1.7244 3.3837 0.10428 -0.0079145 -0.78266 0.76759 -2.0015 -0.78248 0.12806 -3.6775 -0.96344 -0.10428 0.0079145 0.78266 0.49167 -1.9752 1.1384 -0.31702 -3.5813 1.007
3 49 84 0.18243 4.8261 0.068146 0.29438 3.5709 0.0090616 0.51247 3.5631 -0.94997 -0.18392 2.1869 -1.4884 -0.053343 0.67709 -1.7731 0.075704 3.6084 0.96725 0.35029 2.0698 1.4427 1.8623 2.1895 1.7206 0.26842 -0.022913 -0.74224 1.8742 -1.3421 -0.43321 0.087626 -1.3443 -0.67618 -0.26842 0.022914 0.74224 -0.64966 -2.0084 0.36446 -0.98028 -3.7457 0.013146
3 55 84 0.12282 4.8231 0.034421 0.28537 3.5745 -0.039747 0.46336 3.5855 -1.007 -0.41781 2.385 -1.6786 -0.54167 0.89794 -2.0672 0.10579 3.5933 0.92708 0.97504 2.4119 1.6464 2.2861 3.2129 1.7778 0.25477 -0.044847 -0.74604 1.5889 -1.511 -0.049835 0.88523 -3.1689 0.035423 -0.25478 0.044847 0.74604 -0.93246 -1.8889 0.2817 -1.511 -3.5428 -0.14359
4 0 0 1.0388 4.7086 -0.34114 0.77205 3.4878 -0.13637 0.69871 3.3334 -1.1049 0.42759 1.7423 -1.3571 1.7165 0.93115 -1.5987 0.85218 3.6708 0.82668 0.34891 2.237 1.4266 1.0192 0.91356 1.847 -0.085124 0.026003 -0.78459 0.52313 -1.9794 -0.6335 -0.0075755 -3.693 -0.45298 0.085124 -0.026004 0.78459 0.69922 -2.0332 0.69266 -0.81884 -3.0055 0.72361
4 54 120 0.97558 4.639 0.98492 0.76053 3.4028 0.82326 1.0422 3.5259 -0.11103 0.73406 2.2585 -1.0947 2.1172 1.8346 -0.56097 0.48489 3.3084 1.7627 -0.59737 2.0856 1.8089 0.75542 1.451 2.1895 0.13751 0.1708 -0.75856 -0.21258 -1.8646 -1.1446 -1.3634 -3.1996 -1.5242 -0.13751 -0.1708 0.75856 0.99117 -1.919 0.46823 0.55843 -3.5373 -0.19848
5 11 324 0.78072 4.777 0.31795 0.54414 3.5345 0.25836 0.72183 3.5802 -0.70792 0.29465 2.0876 -1.2162 0.93405 0.79165 -1.7541 0.37255 3.5178 1.2267 0.50857 1.9272 1.5736 1.4515 0.74013 1.8555 0.2011 0.0040908 -0.76357 1.3092 -1.7631 -0.51133 0.3596 -3.258 -0.84952 -0.2011 -0.0040913 0.76357 0.39618 -2.0178 0.71369 -0.43561 -3.5542 0.26819
5 12 324 0.80665 4.7739 0.30678 0.55872 3.5332 0.25291 0.74298 3.571 -0.71248 0.30391 2.0767 -1.2057 0.90765 0.76354 -1.743 0.38078 3.5245 1.2202 0.53728 1.9409 1.5897 1.5381 0.80403 1.8785 0.21516 0.0008111 -0.75974 1.3801 -1.72 -0.4503 0.71531 -3.3653 -0.76958 -0.21516 -0.0008111 0.75974 0.28162 -2.0409 0.68442 -0.56721 -3.5604 0.21402
5 13 324 0.82847 4.7715 0.28915 0.57461 3.5318 0.24108 0.77425 3.5608 -0.72156 0.31917 2.0691 -1.2078 0.87584 0.73699 -1.7495 0.38138 3.5319 1.2055 0.5388 1.952 1.5903 1.5848 0.86328 1.9036 0.23249 -0.0053277 -0.7546 1.4157 -1.7024 -0.38813 1.0831 -3.451 -0.67597 -0.23249 0.0053277 0.7546 0.15403 -2.0575 0.65738 -0.70729 -3.56 0.15588
5 20 348 0.93703 4.7588 -0.11361 0.661 3.5261 -0.023364 0.61848 3.4829 -1.005 -0.0049553 2.0061 -1.32 0.10289 0.62307 -1.9932 0.71058 3.5981 0.95628 0.60943 2.0229 1.3773 1.4775 0.76233 1.5645 0.04883 -0.015228 -0.78796 1.284 -1.709 -0.64797 1.3996 -3.4962 -0.85687 -0.04883 0.015228 0.78796 -0.31477 -2.0633 0.63521 -1.564 -3.3546 0.48436
5 21 348 0.93727 4.7586 -0.12401 0.65951 3.5265 -0.030167 0.63887 3.4766 -1.0122 0.048583 1.9896 -1.3424 0.19574 0.60751 -2.0101 0.68724 3.6052 0.94983 0.46798 2.0474 1.39 1.1978 0.71955 1.6761 0.061024 -0.016468 -0.78709 1.2731 -1.7263 -0.63989 1.2839 -3.518 -0.84165 -0.061024 0.016468 0.78709 -0.34236 -2.0621 0.66561 -1.6466 -3.2972 0.50956
5 22 348 0.94988 4.7555 -0.11732 0.66975 3.5242 -0.020123 0.68244 3.4625 -1.0017 0.14303 1.9613 -1.3542 0.3443 0.58059 -2.0105 0.66419 3.6147 0.95923 0.36789 2.0724 1.4092 0.9305 0.68988 1.796 0.093414 -0.017689 -0.78387 1.2519 -1.7619 -0.61115 1.1681 -3.5508 -0.82078 -0.093414 0.017689 0.78387 -0.31465 -2.0707 0.72005 -1.6786 -3.2335 0.52385
5 24 0 0.99793 4.7368 -0.26224 0.71625 3.5112 -0.11 0.64353 3.4195 -1.0866 0.14991 1.8993 -1.4242 0.38256 0.52789 -2.0897 0.79579 3.6317 0.86288 0.47911 2.1215 1.3993 0.87994 0.70627 1.8619 0.0057838 -0.012163 -0.7895 1.0601 -1.8294 -0.7687 0.77335 -3.6004 -0.94833 -0.0057838 0.012163 0.7895 0.082566 -2.086 0.85328 -1.4389 -3.0523 0.80511
5 25 0 1.0347 4.7297 -0.24423 0.73245 3.5093 -0.090809 0.71723 3.4084 -1.069 0.30668 1.8817 -1.4809 0.6441 0.52154 -2.1241 0.75517 3.6389 0.8839 0.37948 2.1445 1.4264 0.72955 0.73233 1.9373 0.039698 -0.013777 -0.7885 1.0375 -1.8616 -0.72327 0.67128 -3.6174 -0.90743 -0.039698 0.013777 0.7885 0.22309 -2.0687 0.88189 -1.3203 -2.9888 0.73261
5 28 12 1.0402 4.7187 -0.37653 0.72691 3.508 -0.17673 0.68665 3.393 -1.1527 0.51961 1.8539 -1.6743 1.0116 0.5757 -2.3827 0.77488 3.6515 0.79511 0.40797 2.1554 1.3389 0.86887 0.7636 1.8166 -0.0095913 -0.021387 -0.78927 0.83732 -1.9441 -0.77407 0.16489 -3.6139 -0.877 0.0095914 0.021388 0.78927 0.83728 -1.9095 0.8186 -0.42407 -3.1921 0.69721
5 29 12 1.0447 4.7211 -0.32209 0.72427 3.5099 -0.13754 0.7436 3.3961 -1.1143 0.66469 1.8626 -1.6721 1.2956 0.6393 -2.3672 0.71276 3.6523 0.83557 0.33556 2.142 1.331 0.81106 0.75603 1.8112 0.031989 -0.020052 -0.78872 0.79404 -1.977 -0.7263 0.039757 -3.6107 -0.84052 -0.031989 0.020053 0.78872 0.91912 -1.8528 0.83278 -0.12018 -3.3107 0.61953
5 30 12 1.0432 4.7257 -0.25756 0.71743 3.5128 -0.095783 0.79426 3.4044 -1.0703 0.79339 1.8798 -1.6569 1.5697 0.7211 -2.3146 0.64844 3.6497 0.87574 0.26837 2.1228 1.315 0.74516 0.73852 1.7988 0.06863 -0.017991 -0.78642 0.72516 -2.0115 -0.6901 -0.097502 -3.6111 -0.81384 -0.06863 0.017991 0.78642 0.97266 -1.8052 0.8639 0.20954 -3.4123 0.57131
5 31 12 1.0314 4.7318 -0.17803 0.70699 3.5155 -0.040578 0.83259 3.4165 -1.011 0.9037 1.9032 -1.6223 1.8162 0.81787 -2.2281 0.58913 3.6432 0.9275 0.20343 2.103 1.3118 0.67605 0.71537 1.7901 0.097868 -0.011002 -0.78345 0.62525 -2.0418 -0.67399 -0.2422 -3.6173 -0.80211 -0.097868 0.011002 0.78345 1.0082 -1.7704 0.91605 0.55309 -3.483 0.58308
5 32 12 1.0052 4.7403 -0.094022 0.68578 3.5197 0.014695 0.85333 3.4321 -0.9505 0.98758 1.9308 -1.5804 2.0152 0.91802 -2.1245 0.52572 3.6361 0.97812 0.13888 2.0854 1.3164 0.60797 0.69054 1.7767 0.11919 -0.002583 -0.78057 0.51005 -2.0638 -0.66698 -0.38837 -3.6209 -0.80563 -0.11919 0.002583 0.78057 1.0304 -1.7468 0.96035 0.85061 -3.511 0.63436
5 33 12 0.96954 4.7494 -0.008338 0.65746 3.5246 0.070727 0.85111 3.4556 -0.89109 1.0311 1.963 -1.5303 2.153 1.0185 -2.0067 0.47107 3.6226 1.0315 0.078657 2.0653 1.331 0.53701 0.66143 1.7745 0.12977 0.0073962 -0.77885 0.38019 -2.0766 -0.68633 -0.53982 -3.6218 -0.81607 -0.12977 -0.0073957 0.77885 1.0611 -1.7303 0.94544 1.0329 -3.5183 0.71476
5 34 12 0.92696 4.7586 0.07132 0.62393 3.53 0.11991 0.83645 3.483 -0.83925 1.0459 1.9976 -1.4863 2.2392 1.1095 -1.8923 0.4184 3.6061 1.0787 0.026293 2.0427 1.3452 0.46422 0.62812 1.7749 0.13194 0.016483 -0.77834 0.2632 -2.0792 -0.70527 -0.68913 -3.605 -0.8312 -0.13194 -0.016484 0.77834 1.079 -1.7286 0.9074 1.1134 -3.5254 0.76232
5 35 12 0.88417 4.766 0.15156 0.58899 3.5346 0.1668 0.81518 3.5118 -0.79011 1.0295 2.0286 -1.4406 2.2692 1.1766 -1.7794 0.36953 3.5865 1.1241 -0.018129 2.0174 1.3615 0.39699 0.59286 1.7812 0.13456 0.024538 -0.77768 0.16829 -2.0755 -0.72151 -0.83358 -3.5687 -0.85348 -0.13456 -0.024537 0.77768 1.0735 -1.7371 0.92673 1.1242 -3.5322 0.76636
5 36 12 0.82616 4.7739 0.22606 0.54372 3.5396 0.21406 0.77726 3.5405 -0.74136 0.97002 2.0562 -1.3959 2.2309 1.2158 -1.6814 0.31659 3.5678 1.1706 -0.061094 1.9928 1.3838 0.32754 0.55874 1.7963 0.13895 0.032823 -0.7766 0.076326 -2.067 -0.74576 -0.97847 -3.5219 -0.89278 -0.13895 -0.032823 0.7766 1.0538 -1.7528 0.95962 1.0679 -3.5409 0.72898
5 37 12 0.76678 4.7829 0.26477 0.50926 3.5438 0.22631 0.75919 3.5672 -0.72466 0.90567 2.078 -1.3801 2.156 1.2138 -1.6396 0.26526 3.5495 1.1791 -0.096528 1.9675 1.3664 0.27501 0.52616 1.7692 0.14527 0.028316 -0.77562 -0.010581 -2.0669 -0.77961 -1.12 -3.4768 -0.95957 -0.14527 -0.028317 0.77562 1.0286 -1.7586 0.98202 0.98656 -3.5393 0.70248
5 38 12 0.73442 4.7852 0.30396 0.49539 3.5438 0.23193 0.76611 3.5897 -0.71251 0.84069 2.0909 -1.3581 2.0362 1.1557 -1.6295 0.23012 3.527 1.1789 -0.11372 1.9386 1.3443 0.25337 0.49425 1.7403 0.16732 0.017106 -0.7715 -0.055924 -2.0718 -0.80439 -1.2401 -3.4108 -1.0403 -0.16732 -0.017106 0.7715 0.98541 -1.7534 1.0377 0.89176 -3.5197 0.68825
5 52 48 0.77424 4.7853 0.069907 0.49937 3.5501 0.087829 0.56213 3.5789 -0.89329 0.053872 2.0873 -1.3238 0.39053 0.74908 -2.012 0.44235 3.5504 1.0697 0.46846 1.9465 1.3787 1.4632 0.7783 1.5317 0.071897 -0.0063405 -0.78631 1.3015 -1.702 -0.6213 1.5549 -3.4678 -0.8833 -0.071897 0.0063405 0.78631 0.17209 -2.0601 0.49582 -0.86497 -3.4964 0.16033
5 53 48 0.77065 4.7854 0.08055 0.49183 3.551 0.084534 0.61227 3.5785 -0.89122 0.12545 2.0905 -1.3575 0.52375 0.76987 -2.0467 0.3771 3.5526 1.0614 0.38489 1.9511 1.3836 1.3136 0.73708 1.5871 0.1087 -0.01263 -0.782 1.3447 -1.6899 -0.51114 1.7297 -3.4405 -0.70657 -0.1087 0.01263 0.782 0.045283 -2.0635 0.49854 -1.0058 -3.4819 0.13201
5 55 60 0.77585 4.7833 -0.087099 0.49389 3.551 -0.033178 0.50226 3.568 -1.0165 -0.038088 2.088 -1.4485 0.32025 0.79912 -2.2153 0.49132 3.5633 0.95029 0.48233 1.9661 1.293 1.2741 0.65538 1.4741 0.025293 -0.028985 -0.78868 1.2874 -1.6985 -0.60457 1.6681 -3.447 -0.82615 -0.025293 0.028985 0.78868 -0.069585 -2.0571 0.54238 -1.221 -3.4271 0.32278
5 56 60 0.77391 4.7838 -0.09119 0.4938 3.551 -0.036548 0.55466 3.5544 -1.0182 0.033071 2.0781 -1.484 0.42547 0.79468 -2.2434 0.43867 3.5769 0.94511 0.36843 1.9823 1.2932 1.0637 0.63545 1.5765 0.075844 -0.035812 -0.78515 1.3005 -1.7204 -0.50797 1.6116 -3.48 -0.74865 -0.075844 0.035812 0.78515 -0.1644 -2.0518 0.56526 -1.3478 -3.3887 0.31411
5 62 84 0.95732 4.738 -0.21157 0.62106 3.5305 -0.040906 0.72691 3.4318 -1.0137 0.32265 1.936 -1.5315 0.56727 0.5934 -2.2493 0.52218 3.658 0.92931 0.2618 2.1126 1.3907 0.87922 0.77085 1.8334 0.09845 -0.01193 -0.78337 1.0329 -1.8911 -0.6848 0.68543 -3.6401 -0.95172 -0.09845 0.01193 0.78337 0.2005 -2.0656 0.87626 -1.3411 -2.9591 0.60046
5 64 96 0.98375 4.7273 -0.31524 0.64393 3.5254 -0.11756 0.72061 3.4214 -1.0926 0.41918 1.9085 -1.6302 0.76992 0.59035 -2.3493 0.57436 3.6582 0.85449 0.32922 2.1174 1.3387 1.0752 0.82733 1.7347 0.055865 -0.021123 -0.78736 0.89654 -1.9462 -0.7456 0.3468 -3.6525 -0.93791 -0.055865 0.021123 0.78736 0.57479 -1.9807 0.88439 -0.8392 -3.0641 0.60579
5 65 96 1.0163 4.723 -0.25944 0.66216 3.5224 -0.080183 0.81717 3.4126 -1.0452 0.63533 1.8955 -1.6231 1.1384 0.61154 -2.3131 0.51451 3.6609 0.8823 0.24264 2.1162 1.339 0.97472 0.83508 1.7869 0.11408 -0.021919 -0.78103 0.89859 -1.968 -0.67382 0.27868 -3.6488 -0.8777 -0.11408 0.021919 0.78103 0.64751 -1.9307 0.92788 -0.60593 -3.1636 0.52824
5 67 108 0.98988 4.7216 -0.3575 0.65256 3.5219 -0.14123 0.73089 3.3999 -1.114 0.68315 1.8891 -1.7338 1.3532 0.71191 -2.4706 0.58141 3.6726 0.82808 0.3524 2.1198 1.2807 1.0936 0.8232 1.6644 0.052938 -0.021945 -0.78754 0.71873 -2.0136 -0.72101 -0.03698 -3.6488 -0.79699 -0.052938 0.021945 0.78754 0.90406 -1.8482 0.81759 -0.032842 -3.3493 0.47127
5 68 108 1.002 4.7226 -0.27728 0.65699 3.5217 -0.081743 0.79726 3.4022 -1.0479 0.86523 1.9 -1.6861 1.6868 0.79241 -2.376 0.52395 3.67 0.88142 0.26831 2.1146 1.3108 0.95943 0.8002 1.7258 0.095466 -0.014304 -0.7837 0.66219 -2.0349 -0.6818 -0.12366 -3.656 -0.7551 -0.095466 0.014304 0.7837 0.94112 -1.8115 0.86338 0.24264 -3.426 0.46822
5 69 108 0.99313 4.7276 -0.20072 0.64255 3.5252 -0.028743 0.84135 3.4155 -0.98572 1.0288 1.9249 -1.6272 1.9721 0.8782 -2.2536 0.45092 3.6638 0.92596 0.16871 2.1066 1.3312 0.80189 0.77087 1.7701 0.12818 -0.0080657 -0.7791 0.59034 -2.0538 -0.65415 -0.2209 -3.6624 -0.72657 -0.12818 0.0080652 0.7791 0.96297 -1.7833 0.90093 0.50261 -3.4767 0.4872
5 72 120 0.89546 4.7501 -0.17043 0.57736 3.5381 -0.0047218 0.68228 3.4666 -0.98003 0.97941 1.9995 -1.6344 2.1092 1.1377 -2.2333 0.47904 3.6387 0.96871 0.21854 2.0731 1.3557 0.74397 0.67172 1.7267 0.0064998 0.016142 -0.78943 0.19789 -2.0736 -0.68701 -0.65044 -3.6599 -0.56476 -0.0064997 -0.016142 0.78943 1.1868 -1.7444 0.73088 0.98291 -3.4967 0.35833
5 73 120 0.8645 4.7603 -0.090799 0.55205 3.543 0.041377 0.68563 3.4942 -0.93183 1.0118 2.0275 -1.5729 2.2269 1.2165 -2.0665 0.42487 3.6208 1.0136 0.15043 2.0514 1.3746 0.61445 0.63155 1.7573 0.01783 0.021533 -0.78912 0.13079 -2.0729 -0.66672 -0.74474 -3.6441 -0.54208 -0.01783 -0.021533 0.78912 1.1863 -1.7431 0.76035 0.99617 -3.4922 0.36649
5 74 120 0.8483 4.7652 -0.0079592 0.53988 3.5437 0.092971 0.69012 3.5145 -0.87859 1.0146 2.044 -1.5118 2.293 1.2733 -1.8983 0.39587 3.6021 1.0642 0.10601 2.0279 1.3911 0.51475 0.59054 1.7712 0.021106 0.029886 -0.78877 0.054937 -2.067 -0.66075 -0.84833 -3.6221 -0.53245 -0.021107 -0.029886 0.78877 1.1847 -1.7504 0.79288 0.94197 -3.4861 0.36937
5 75 120 0.8342 4.77 0.047968 0.52721 3.5459 0.11305 0.69794 3.5405 -0.85554 0.99676 2.0603 -1.4789 2.3024 1.2958 -1.7764 0.36258 3.5804 1.0821 0.063518 2.0017 1.3771 0.43574 0.55247 1.7496 0.031127 0.02582 -0.78858 0.010154 -2.071 -0.65701 -0.94854 -3.5935 -0.53928 -0.031127 -0.02582 0.78858 1.1711 -1.7483 0.83118 0.86085 -3.4641 0.37198
5 76 120 0.80183 4.7764 0.11688 0.49958 3.5495 0.14837 0.69256 3.563 -0.81596 0.92976 2.0729 -1.4422 2.2349 1.2801 -1.6561 0.31254 3.5652 1.1138 0.011502 1.9815 1.3779 0.36964 0.52578 1.7391 0.053158 0.026851 -0.78737 -0.037463 -2.068 -0.65373 -1.0524 -3.555 -0.55619 -0.053158 -0.026851 0.78737 1.1454 -1.7507 0.86577 0.7899 -3.451 0.38268
5 77 120 0.76402 4.7818 0.16374 0.47678 3.5508 0.1692 0.694 3.5815 -0.78957 0.85701 2.0881 -1.4315 2.1251 1.2238 -1.5814 0.26516 3.5494 1.1297 -0.030754 1.9593 1.3594 0.33727 0.50303 1.7079 0.075011 0.023336 -0.7857 -0.085211 -2.0681 -0.66498 -1.1611 -3.5133 -0.59604 -0.075012 -0.023336 0.7857 1.0781 -1.7784 0.85215 0.67673 -3.4657 0.35941
5 91 144 0.79055 4.779 0.22363 0.52131 3.5416 0.22229 0.6009 3.5672 -0.7577 0.0929 2.0947 -1.2501 0.47874 0.73653 -1.87 0.44786 3.5452 1.2031 0.61008 1.9435 1.4805 1.6577 0.81712 1.5873 0.11095 0.020752 -0.78151 1.328 -1.6756 -0.54603 1.437 -3.4701 -0.68341 -0.11095 -0.020752 0.78151 0.10343 -2.0908 0.49269 -0.92389 -3.5264 0.12603
5 92 144 0.79268 4.7794 0.21708 0.52404 3.5418 0.21031 0.6313 3.5642 -0.76711 0.15065 2.0875 -1.2742 0.59129 0.74017 -1.8809 0.42294 3.5486 1.1886 0.54668 1.9444 1.4714 1.5619 0.79224 1.6111 0.12981 0.014583 -0.77874 1.3614 -1.6621 -0.48539 1.607 -3.4468 -0.56014 -0.12981 -0.014583 0.77874 -0.014437 -2.0921 0.48762 -1.0513 -3.5146 0.097173
5 94 156 0.82024 4.7799 0.023023 0.55516 3.5424 0.071204 0.51298 3.548 -0.91142 -0.014925 2.063 -1.3414 0.4007 0.7402 -2.016 0.60361 3.5659 1.0533 0.68673 1.9563 1.32 1.5762 0.69749 1.3637 0.0089295 0.002315 -0.78957 1.264 -1.6763 -0.64395 1.5423 -3.4564 -0.71467 -0.0089295 -0.0023146 0.78957 -0.1039 -2.0828 0.51242 -1.257 -3.4534 0.3055
5 95 156 0.82201 4.7796 0.014348 0.56058 3.5413 0.06378 0.55134 3.5382 -0.91972 0.047644 2.048 -1.3605 0.50648 0.73251 -2.0213 0.57609 3.5735 1.0467 0.6012 1.9638 1.3241 1.3839 0.64064 1.4434 0.035886 -0.0017333 -0.7888 1.265 -1.6933 -0.58322 1.5193 -3.477 -0.65102 -0.035886 0.0017333 0.7888 -0.17584 -2.0789 0.5324 -1.3693 -3.4116 0.30799
5 96 156 0.82965 4.778 0.010767 0.5719 3.5392 0.067298 0.58842 3.5195 -0.91591 0.10782 2.025 -1.3678 0.59411 0.71042 -2.0105 0.5617 3.5881 1.0496 0.52084 1.98 1.3341 1.1738 0.5975 1.5343 0.060578 -7.6294e-06 -0.78729 1.2725 -1.6983 -0.53915 1.4599 -3.4896 -0.623 -0.060578 8.1062e-06 0.78729 -0.23009 -2.0797 0.54119 -1.4769 -3.3626 0.31686
5 101 168 0.84926 4.7709 -0.12977 0.60129 3.5339 -0.016872 0.60873 3.456 -0.9973 0.26034 1.9234 -1.4429 0.70677 0.58653 -2.0683 0.60001 3.6408 0.96085 0.34161 2.0811 1.3724 0.81693 0.64672 1.6795 0.034184 0.0024366 -0.78887 1.0295 -1.8432 -0.65831 0.65051 -3.6024 -0.77046 -0.034185 -0.0024366 0.78887 0.12904 -2.0969 0.82116 -1.4172 -3.016 0.69799
5 102 168 0.87747 4.7667 -0.096557 0.60734 3.5335 0.0060409 0.66329 3.4515 -0.97248 0.38687 1.9114 -1.4421 0.86809 0.57874 -2.0505 0.55808 3.6445 0.98206 0.27069 2.0893 1.3911 0.78294 0.67225 1.7187 0.06173 0.0040302 -0.78719 0.98238 -1.8784 -0.63509 0.52184 -3.618 -0.7479 -0.061731 -0.0040298 0.78719 0.26307 -2.0785 0.86136 -1.2999 -2.9537 0.65656
5 109 168 0.87749 4.7702 0.11234 0.59395 3.5358 0.11849 0.81314 3.4859 -0.83901 0.93395 1.9329 -1.3315 2.0478 0.89143 -1.5604 0.38203 3.6147 1.0757 0.095317 2.0315 1.3586 0.69741 0.6703 1.7613 0.15023 0.0089307 -0.77515 0.43193 -2.0663 -0.60621 -0.48442 -3.6132 -0.74157 -0.15023 -0.0089302 0.77515 0.99433 -1.7603 0.96767 0.7204 -3.536 0.81771
5 110 168 0.85263 4.7743 0.13749 0.57622 3.5383 0.13517 0.79234 3.4999 -0.82356 0.92944 1.9468 -1.3113 2.0855 0.94329 -1.4958 0.36723 3.6057 1.0939 0.076004 2.021 1.3636 0.64745 0.6448 1.7599 0.14045 0.013216 -0.77692 0.28925 -2.078 -0.63854 -0.64874 -3.613 -0.75971 -0.14045 -0.013217 0.77692 1.0527 -1.737 0.91531 0.97265 -3.5381 0.88945
5 111 168 0.82763 4.778 0.14912 0.55538 3.541 0.14576 0.7501 3.5085 -0.81777 0.89328 1.9553 -1.3033 2.073 0.97413 -1.4562 0.3675 3.6026 1.1092 0.06798 2.0172 1.3654 0.60259 0.62438 1.7552 0.12306 0.018094 -0.77976 0.16487 -2.0798 -0.67361 -0.80433 -3.5963 -0.78284 -0.12306 -0.018094 0.77976 1.0995 -1.7253 0.85219 1.1314 -3.5265 0.92657
5 112 168 0.80343 4.7817 0.16349 0.53667 3.5435 0.15374 0.71683 3.5214 -0.81291 0.85096 1.9675 -1.2988 2.0336 0.98809 -1.4393 0.36309 3.5946 1.1205 0.059995 2.0081 1.3654 0.55618 0.59882 1.7466 0.10989 0.020667 -0.78166 0.056401 -2.0783 -0.70487 -0.95519 -3.5671 -0.81033 -0.10989 -0.020667 0.78166 1.1256 -1.7192 0.835 1.2078 -3.5174 0.93818
6 0 132 1.0344 4.7141 -0.21829 0.8184 3.4745 -0.074977 0.94908 3.3527 -1.0422 0.5523 1.8042 -1.3789 1.0895 0.43396 -1.8388 0.69347 3.6253 0.88888 0.50962 2.1336 1.529 1.0133 0.85687 2.2318 0.07179 -0.011706 -0.78626 0.76766 -1.9894 -0.6492 0.46256 -3.7184 -1.0596 -0.07179 0.011706 0.78626 0.53456 -1.9967 0.67311 -0.038344 -3.6925 0.89004
6 1 132 1.0717 4.7103 -0.13802 0.84371 3.4704 -0.020586 1.0398 3.3443 -0.9761 0.65561 1.8001 -1.3458 1.2231 0.42141 -1.7393 0.65395 3.6256 0.93193 0.38303 2.1452 1.5676 0.80941 0.88014 2.3392 0.12444 -0.012639 -0.77965 0.79024 -1.9976 -0.60368 0.45368 -3.7244 -0.99855 -0.12444 0.012639 0.77965 0.49983 -1.9926 0.718 -0.078285 -3.6856 0.94211
6 3 144 1.0709 4.7089 -0.21128 0.84773 3.4697 -0.08221 0.96082 3.3383 -1.0503 0.56578 1.7971 -1.4214 1.1431 0.43061 -1.842 0.74107 3.6301 0.8823 0.45305 2.1534 1.5189 0.91026 0.88754 2.2714 0.067987 -0.013711 -0.78657 0.67935 -2.0204 -0.66871 0.22099 -3.7428 -0.94061 -0.067987 0.013711 0.78657 0.52552 -2.0012 0.73811 -0.089469 -3.6837 0.94273
6 4 144 1.0605 4.714 -0.15316 0.83418 3.4741 -0.038103 0.99838 3.3416 -0.99875 0.64988 1.7993 -1.4092 1.2801 0.45226 -1.8167 0.67652 3.6355 0.91921 0.3442 2.1512 1.5151 0.73059 0.86698 2.2761 0.12061 -0.016288 -0.78018 0.69218 -2.0315 -0.61697 0.21139 -3.7495 -0.87827 -0.12061 0.016289 0.78018 0.42958 -2.0114 0.79505 -0.23309 -3.6867 0.86561
6 6 156 1.0018 4.7207 -0.26204 0.80159 3.4785 -0.12932 0.86248 3.3448 -1.1018 0.52223 1.8024 -1.5189 1.1467 0.50313 -2.0664 0.74671 3.6411 0.83913 0.4816 2.1297 1.3994 0.92982 0.80733 2.0538 0.061653 -0.021998 -0.7869 0.6004 -2.0475 -0.64119 0.0262 -3.7502 -0.78983 -0.061653 0.021998 0.7869 0.42022 -2.023 0.77138 -0.26337 -3.6908 0.72793
6 7 156 0.97715 4.7299 -0.21208 0.77487 3.4865 -0.095284 0.88893 3.3538 -1.0631 0.6022 1.8134 -1.5255 1.2508 0.5319 -2.0865 0.66687 3.6481 0.86886 0.37845 2.1214 1.3735 0.81611 0.78706 2.0104 0.11088 -0.024261 -0.78142 0.61552 -2.0553 -0.59582 0.01531 -3.749 -0.74431 -0.11088 0.02426 0.78142 0.36761 -2.0215 0.78486 -0.3161 -3.684 0.6442
6 11 168 0.91753 4.7507 -0.15723 0.71507 3.5038 -0.094277 0.82426 3.3982 -1.066 0.63898 1.8617 -1.5892 1.2541 0.61046 -2.2477 0.61178 3.6386 0.87451 0.33248 2.0738 1.2516 0.93364 0.73988 1.7383 0.059982 -0.01634 -0.78717 0.50157 -2.0607 -0.58706 -0.19262 -3.7246 -0.57364 -0.059982 0.016339 0.78717 0.69908 -1.9421 0.73604 -0.11627 -3.5443 0.59795
6 12 168 0.92606 4.7524 -0.111 0.71888 3.5053 -0.074141 0.86423 3.4124 -1.0424 0.71992 1.8712 -1.5645 1.3891 0.62397 -2.1764 0.57956 3.6273 0.89182 0.28357 2.059 1.2407 0.87274 0.7227 1.7355 0.0646 -0.016709 -0.78679 0.47237 -2.0664 -0.57036 -0.23834 -3.7232 -0.54218 -0.0646 0.016708 0.78679 0.8017 -1.8973 0.76587 0.058735 -3.5325 0.60785
6 13 168 0.9383 4.7522 -0.067133 0.72678 3.5052 -0.058579 0.90544 3.4314 -1.0229 0.79445 1.8836 -1.5337 1.5364 0.64458 -2.0741 0.55427 3.6081 0.90424 0.24339 2.0385 1.2335 0.80376 0.69233 1.7351 0.070551 -0.018235 -0.78625 0.42219 -2.0776 -0.56305 -0.30199 -3.7282 -0.52013 -0.070552 0.018235 0.78625 0.88212 -1.8544 0.78023 0.26932 -3.5425 0.62008
6 14 168 0.93951 4.7529 -0.025 0.73052 3.5058 -0.038015 0.92736 3.4422 -0.99956 0.84049 1.8879 -1.4948 1.6625 0.66517 -1.9498 0.53995 3.5985 0.92243 0.21221 2.029 1.2356 0.73327 0.66799 1.7393 0.073581 -0.015932 -0.78602 0.34577 -2.0872 -0.56186 -0.37789 -3.7375 -0.50306 -0.073581 0.015931 0.78602 0.94585 -1.8212 0.78513 0.47642 -3.5552 0.63145
6 15 168 0.94918 4.751 0.010242 0.74027 3.5045 -0.017172 0.94253 3.4452 -0.97787 0.86861 1.8869 -1.4624 1.7706 0.68861 -1.8205 0.54441 3.5929 0.94262 0.20088 2.0247 1.2452 0.67299 0.64498 1.7463 0.075462 -0.012546 -0.7859 0.25986 -2.0938 -0.56552 -0.46473 -3.7431 -0.48975 -0.075462 0.012546 0.7859 0.99998 -1.7924 0.78501 0.69647 -3.5644 0.64806
6 16 168 0.95639 4.7504 0.03911 0.74331 3.5048 0.0043478 0.95166 3.4508 -0.95536 0.8797 1.8898 -1.4316 1.8535 0.72307 -1.6924 0.54148 3.5879 0.96337 0.18135 2.0219 1.258 0.60589 0.6247 1.7532 0.074728 -0.0084033 -0.78603 0.15508 -2.0975 -0.57721 -0.56893 -3.746 -0.4821 -0.074728 0.0084028 0.78603 1.0451 -1.7693 0.78678 0.92248 -3.5644 0.66975
6 17 168 0.95857 4.7511 0.066376 0.73781 3.5068 0.026943 0.94627 3.4576 -0.933 0.86565 1.8951 -1.4031 1.8959 0.7615 -1.5796 0.53598 3.585 0.98637 0.16349 2.0211 1.2764 0.54504 0.61016 1.7677 0.072957 -0.003233 -0.78623 0.042353 -2.0943 -0.58451 -0.68183 -3.742 -0.47604 -0.072956 0.0032325 0.78624 1.0863 -1.749 0.79528 1.1359 -3.5481 0.6872
6 18 168 0.95534 4.752 0.087651 0.73179 3.5085 0.043437 0.93212 3.4624 -0.91839 0.84638 1.8979 -1.3806 1.9134 0.79036 -1.4929 0.53822 3.5837 1.0048 0.15407 2.0216 1.2897 0.50555 0.60032 1.7736 0.064886 0.001627 -0.78695 -0.052077 -2.087 -0.59173 -0.80074 -3.7229 -0.47126 -0.064886 -0.001627 0.78695 1.1069 -1.7455 0.79557 1.3178 -3.5332 0.69322
6 22 156 0.85878 4.7612 0.31904 0.65974 3.5162 0.22135 0.99347 3.5013 -0.70373 0.91045 1.9495 -1.2076 1.9707 0.83768 -1.0756 0.33236 3.5602 1.1478 -0.10772 1.9976 1.3302 0.11346 0.55701 1.8337 0.18571 0.013912 -0.76734 -0.34046 -2.0194 -0.711 -1.2177 -3.5937 -0.7648 -0.18571 -0.013912 0.76734 0.94419 -1.7736 0.97052 1.2181 -3.5555 0.94791
6 23 156 0.87626 4.7573 0.30952 0.68006 3.5122 0.20877 1.001 3.5042 -0.72089 0.86963 1.9589 -1.2342 1.885 0.79976 -1.179 0.36545 3.5492 1.1399 -0.059024 1.9825 1.3243 0.17736 0.5405 1.8167 0.18995 0.0042269 -0.76642 -0.39432 -2.0137 -0.73738 -1.3413 -3.5451 -0.83255 -0.18995 -0.0042267 0.76642 0.94314 -1.7627 0.96192 1.1508 -3.5532 0.92091
6 24 156 0.87025 4.7565 0.33066 0.68223 3.5107 0.22418 1.0067 3.5078 -0.70431 0.81555 1.9691 -1.2184 1.7485 0.74294 -1.2812 0.36402 3.5427 1.1543 -0.026974 1.9683 1.3475 0.23061 0.52798 1.8341 0.201 0.0066936 -0.76358 -0.46088 -1.9873 -0.77977 -1.4603 -3.4816 -0.91766 -0.201 -0.0066936 0.76358 0.95254 -1.7511 0.9653 1.0564 -3.5493 0.88429
6 25 156 0.86253 4.7588 0.29999 0.68117 3.5109 0.20568 1.0046 3.5027 -0.72315 0.77457 1.9681 -1.2339 1.585 0.67105 -1.4305 0.36386 3.5483 1.1359 0.013734 1.9658 1.3401 0.32739 0.53657 1.8265 0.19754 0.003053 -0.7645 -0.4997 -1.978 -0.82338 -1.5652 -3.4201 -1.0135 -0.19754 -0.003053 0.7645 0.92365 -1.7716 0.936 0.92812 -3.5712 0.82429
6 26 156 0.8678 4.7595 0.23974 0.69341 3.5091 0.16273 1.01 3.496 -0.76838 0.77186 1.9597 -1.2702 1.4454 0.61075 -1.5931 0.38266 3.5514 1.0949 0.072801 1.963 1.3173 0.47113 0.55705 1.8096 0.18277 -0.0062075 -0.76815 -0.44969 -2.0081 -0.8506 -1.6168 -3.36 -1.0978 -0.18277 0.006207 0.76815 0.86915 -1.8083 0.89185 0.79381 -3.6046 0.75628
6 35 156 0.89776 4.7612 0.020941 0.67756 3.5165 0.082656 0.75715 3.4422 -0.89485 0.36271 1.9133 -1.314 1.1415 0.66353 -1.7713 0.60435 3.6197 1.058 0.8612 2.1161 1.6426 1.9646 1.1298 2.0754 0.13075 -0.0016961 -0.77872 1.2053 -1.7909 -0.53661 0.60351 -3.4772 -0.74915 -0.13075 0.0016956 0.77872 0.37987 -2.0333 0.66748 -0.3301 -3.6595 0.34783
6 36 156 0.87664 4.7659 0.029837 0.65831 3.5206 0.085643 0.74034 3.4468 -0.8917 0.33317 1.9195 -1.304 1.0727 0.64584 -1.7609 0.58256 3.6234 1.0609 0.86719 2.1264 1.6497 2.0168 1.1914 2.0759 0.1443 -0.0040016 -0.77631 1.2397 -1.7763 -0.5052 0.9795 -3.5544 -0.65132 -0.1443 0.0040011 0.77631 0.24757 -2.0565 0.65376 -0.48391 -3.6675 0.30672
6 43 168 0.76 4.786 -0.095953 0.57468 3.5365 -0.037043 0.5619 3.4537 -1.017 -0.0097221 1.9566 -1.3344 0.18843 0.5384 -1.9064 0.59291 3.6484 0.93994 0.79026 2.1144 1.4658 1.8394 1.017 1.7357 0.092089 -0.019608 -0.78399 1.1443 -1.8299 -0.61033 1.6071 -3.5724 -0.5909 -0.092089 0.019608 0.78399 -0.46183 -2.0412 0.60885 -1.485 -3.5076 0.37729
6 44 168 0.7599 4.7843 -0.063933 0.5827 3.5335 -0.0042087 0.58585 3.4521 -0.98437 0.012589 1.955 -1.299 0.2013 0.5404 -1.8829 0.58493 3.6442 0.97309 0.68553 2.1003 1.4974 1.6153 0.911 1.8117 0.099533 -0.0076678 -0.78328 1.1331 -1.8257 -0.58144 1.5154 -3.5876 -0.56105 -0.099533 0.0076678 0.78328 -0.53226 -2.0414 0.61465 -1.6312 -3.4546 0.40006
6 45 168 0.74409 4.7858 -0.065458 0.57376 3.5343 0.0010493 0.58119 3.4488 -0.97875 0.021349 1.9481 -1.3001 0.22182 0.53871 -1.8926 0.57154 3.649 0.97788 0.56019 2.0969 1.4876 1.332 0.8162 1.8641 0.094438 -0.0011201 -0.78395 1.1245 -1.8202 -0.57367 1.3586 -3.6079 -0.56088 -0.094438 0.0011201 0.78395 -0.58665 -2.0352 0.62508 -1.7547 -3.3934 0.42026
6 46 168 0.71211 4.7904 -0.064233 0.55148 3.5377 0.006346 0.56861 3.4498 -0.97311 0.045899 1.9393 -1.311 0.27418 0.53525 -1.906 0.53934 3.6549 0.98281 0.43191 2.0993 1.4698 1.0248 0.74304 1.902 0.098778 0.00094604 -0.78342 1.0853 -1.8399 -0.55495 1.1888 -3.64 -0.54957 -0.098778 -0.00094604 0.78342 -0.59283 -2.0398 0.66761 -1.8422 -3.3213 0.44951
6 60 168 0.55762 4.8092 0.23778 0.41302 3.5532 0.19187 0.67328 3.5274 -0.75627 1.1334 2.0302 -1.2204 2.5463 1.4433 -1.0283 0.15743 3.6084 1.14 -0.11958 2.0257 1.4353 0.48643 0.68116 1.8853 0.12143 0.043093 -0.77904 -0.32242 -2.0057 -0.63858 -1.0925 -3.6342 -0.56168 -0.12143 -0.043093 0.77904 1.0122 -1.8121 0.77897 1.5079 -3.5451 0.73657
6 61 168 0.54187 4.8106 0.25562 0.39992 3.5543 0.20432 0.64209 3.5376 -0.7488 1.0815 2.0366 -1.2204 2.4953 1.4662 -0.98944 0.16236 3.6005 1.1576 -0.1033 2.0158 1.4522 0.47931 0.65904 1.8967 0.10345 0.047941 -0.78134 -0.44047 -1.9773 -0.65106 -1.2504 -3.586 -0.56706 -0.10345 -0.047941 0.78134 1.0147 -1.8265 0.75376 1.5074 -3.5595 0.68419
6 62 168 0.53271 4.8096 0.27686 0.39749 3.5527 0.22197 0.61697 3.5454 -0.73675 1.0149 2.0373 -1.2228 2.4123 1.4329 -0.9785 0.18239 3.5895 1.181 -0.074316 2.0028 1.4731 0.48054 0.63138 1.9079 0.081363 0.054033 -0.78356 -0.54832 -1.9468 -0.66278 -1.4003 -3.5336 -0.57927 -0.081363 -0.054033 0.78356 1.0304 -1.836 0.72931 1.4309 -3.5914 0.63454
6 63 168 0.54763 4.806 0.27572 0.42197 3.5483 0.21145 0.62053 3.5565 -0.75181 0.94707 2.0366 -1.254 2.3123 1.3549 -1.0324 0.22753 3.5697 1.1753 -0.02387 1.9814 1.4629 0.49899 0.59372 1.8856 0.053025 0.049093 -0.78631 -0.64521 -1.9296 -0.67968 -1.5471 -3.489 -0.60294 -0.053026 -0.049093 0.78631 1.0616 -1.8285 0.71015 1.332 -3.608 0.605
