0 0 84 -0.34246 4.8174 -0.34675 -0.24737 3.5725 -0.16268 -1.0892 3.5075 0.34179 -2.3004 2.4853 0.73773 -3.8071 2.7739 0.58158 0.59039 3.6669 -0.66922 1.3287 2.6073 -1.6696 1.4486 2.5042 -3.2034 -0.68458 -0.02094 0.39296 -1.1551 -1.9089 -0.39973 -1.319 -3.6681 -0.039833 0.68458 0.020939 -0.39295 0.77157 -2.0782 -0.37916 1.1616 -3.5909 0.52124
0 1 72 -0.37159 4.8165 -0.35367 -0.26146 3.5717 -0.1731 -1.1188 3.4939 0.30267 -2.2872 2.4791 0.82566 -3.8034 2.7568 0.78654 0.59142 3.6789 -0.6511 1.2728 2.606 -1.6774 1.2719 2.4735 -3.2136 -0.71764 -0.03031 0.32798 -1.082 -1.8944 -0.57021 -1.3067 -3.6622 -0.29553 0.71764 0.03031 -0.32798 0.79349 -2.0653 -0.19758 1.0229 -3.5693 0.77003
0 2 60 -0.38968 4.815 -0.37382 -0.26287 3.5708 -0.19518 -1.1318 3.4839 0.25737 -2.2534 2.4846 0.89927 -3.7689 2.7575 0.98043 0.60133 3.6869 -0.65017 1.227 2.5954 -1.6922 1.0921 2.4463 -3.221 -0.74667 -0.034411 0.25455 -0.9734 -1.8749 -0.73307 -1.2373 -3.6488 -0.54658 0.74667 0.034411 -0.25455 0.77703 -2.0539 -0.025587 0.83878 -3.5488 0.98049
0 3 36 -0.31264 4.8081 -0.50833 -0.20877 3.5677 -0.28966 -1.1585 3.4727 -0.052155 -2.3604 2.4949 0.46563 -3.8713 2.7822 0.35483 0.73656 3.6919 -0.53107 1.5138 2.58 -1.4412 1.5763 2.423 -2.9739 -0.78859 -0.039397 0.0086586 -0.62696 -1.8538 -1.0383 -0.93045 -3.6307 -0.99956 0.78859 0.039397 -0.0086591 0.68897 -2.0407 0.2702 0.36503 -3.5261 1.2394
0 3 48 -0.41149 4.8081 -0.43222 -0.26443 3.5677 -0.23992 -1.144 3.4727 0.18984 -2.212 2.4949 0.9462 -3.7129 2.7822 1.152 0.61005 3.6919 -0.6726 1.181 2.58 -1.7245 0.92355 2.423 -3.2367 -0.76955 -0.039397 0.17243 -0.82914 -1.8538 -0.8853 -1.1179 -3.6307 -0.78427 0.76956 0.039397 -0.17243 0.73009 -2.0407 0.12105 0.61473 -3.5261 1.1364
0 4 36 -0.42221 4.8022 -0.48858 -0.25073 3.5659 -0.28384 -1.1428 3.4677 0.11851 -2.155 2.5219 0.9843 -3.6291 2.8389 1.3073 0.63611 3.6931 -0.68964 1.1574 2.5689 -1.7541 0.77726 2.412 -3.2402 -0.78426 -0.042154 0.081642 -0.66102 -1.8364 -1.0045 -0.94975 -3.6162 -0.99384 0.78426 0.042153 -0.081642 0.66858 -2.0309 0.24016 0.3696 -3.5013 1.2398
0 28 84 -0.28254 4.8054 -0.57368 -0.10221 3.5647 -0.39359 -0.95746 3.5311 0.090956 -1.8482 2.6078 1.1023 -3.3139 2.7677 1.5538 0.74905 3.6274 -0.88224 0.70661 2.6667 -2.2028 0.15765 2.548 -3.6389 -0.77046 -0.0046096 0.17283 -1.1013 -1.9319 -0.59558 -1.2922 -3.659 -0.11433 0.77046 0.0046096 -0.17283 0.92825 -2.0631 -0.51022 1.1902 -3.6188 0.36284
0 29 96 -0.32734 4.8075 -0.53794 -0.14242 3.5656 -0.37097 -0.9691 3.5337 0.16095 -1.8966 2.6006 1.1294 -3.3973 2.7319 1.4582 0.68014 3.6268 -0.90672 0.74665 2.6955 -2.2472 0.35 2.5792 -3.7328 -0.74755 -0.0054746 0.25424 -1.1669 -1.9529 -0.4137 -1.2585 -3.6661 0.14067 0.74755 0.0054746 -0.25424 0.85634 -2.0499 -0.67593 1.2649 -3.631 0.088428
0 30 108 -0.35328 4.8102 -0.50231 -0.16306 3.5678 -0.34515 -0.95955 3.5378 0.2311 -1.9277 2.5901 1.144 -3.4538 2.6818 1.3449 0.62917 3.627 -0.925 0.81262 2.7323 -2.2794 0.52808 2.6389 -3.792 -0.71413 0.00050831 0.33693 -1.1979 -1.9675 -0.21733 -1.1725 -3.6693 0.37782 0.71413 -0.00050831 -0.33693 0.74964 -2.0408 -0.83708 1.2813 -3.6431 -0.20393
0 32 120 -0.3129 4.8134 -0.50804 -0.15443 3.5693 -0.33091 -1.004 3.5421 0.16388 -2.189 2.5543 0.70131 -3.6815 2.5464 0.31395 0.69147 3.6258 -0.82953 1.3893 2.817 -2.0655 1.5826 2.8088 -3.5953 -0.70448 0.0043416 0.35663 -1.1668 -1.9993 -0.074405 -1.0155 -3.6754 0.5727 0.70448 -0.0043421 -0.35663 0.67607 -2.0199 -0.94906 1.2651 -3.6624 -0.49491
0 33 132 -0.33838 4.8154 -0.47496 -0.17988 3.5703 -0.30495 -1.0055 3.547 0.22908 -2.2019 2.5305 0.6806 -3.6562 2.48 0.17045 0.64202 3.623 -0.8426 1.444 2.8551 -2.0409 1.7195 2.8826 -3.5578 -0.65717 0.0069962 0.4377 -1.1288 -2.0149 0.11533 -0.84807 -3.677 0.75522 0.65717 -0.0069962 -0.4377 0.53408 -2.0121 -1.0532 1.1682 -3.6724 -0.7497
0 34 144 -0.36183 4.8159 -0.45313 -0.20254 3.5697 -0.29269 -1.0038 3.5477 0.27729 -2.2042 2.5003 0.63873 -3.6149 2.4206 0.02126 0.59498 3.6211 -0.86601 1.4898 2.8827 -2.0162 1.8675 2.9387 -3.5101 -0.60466 0.01196 0.50768 -1.056 -2.0286 0.29128 -0.65107 -3.6782 0.89597 0.60466 -0.01196 -0.50768 0.36506 -2.0012 -1.1399 1.0241 -3.6724 -0.98607
0 35 156 -0.3832 4.8164 -0.43139 -0.22437 3.5696 -0.27511 -1.0032 3.5469 0.32508 -2.2085 2.4794 0.60187 -3.5654 2.3722 -0.12264 0.55064 3.6217 -0.87844 1.5302 2.9005 -1.9688 2.0236 2.9826 -3.4274 -0.54267 0.017102 0.57334 -0.96015 -2.0386 0.45392 -0.43269 -3.6749 0.99723 0.54267 -0.017103 -0.57334 0.17767 -1.9889 -1.2004 0.82168 -3.6729 -1.1893
0 36 168 -0.39829 4.8163 -0.4125 -0.23905 3.5691 -0.26036 -0.99484 3.5452 0.36858 -2.1934 2.4531 0.56719 -3.4937 2.3316 -0.25272 0.51279 3.6225 -0.89222 1.5698 2.9059 -1.911 2.1575 3.0162 -3.3323 -0.47241 0.024031 0.63225 -0.83659 -2.0449 0.5952 -0.20066 -3.6691 1.0517 0.47241 -0.024031 -0.63225 -0.034568 -1.9747 -1.2258 0.55812 -3.673 -1.3496
0 37 168 -0.31367 4.8175 -0.46052 -0.19251 3.5708 -0.27555 -1.0453 3.548 0.21392 -2.2331 2.4328 0.094758 -3.2498 2.3028 -1.0572 0.65697 3.623 -0.76851 1.9459 2.8956 -1.46 2.904 3.0296 -2.6607 -0.53427 0.026108 0.58084 -0.8341 -2.0531 0.54458 -0.18806 -3.6589 1.0494 0.53427 -0.026107 -0.58084 0.017117 -1.9566 -1.2289 0.56788 -3.669 -1.3525
0 38 180 -0.29795 4.8187 -0.4445 -0.18629 3.5727 -0.25201 -1.0232 3.5538 0.26425 -2.1815 2.4149 0.090995 -3.0927 2.284 -1.1461 0.64743 3.6212 -0.77156 1.9627 2.8648 -1.3772 2.9947 3.0196 -2.5123 -0.47357 0.031559 0.63105 -0.691 -2.0581 0.65389 0.060427 -3.6441 1.0673 0.47357 -0.031559 -0.63105 -0.18727 -1.9382 -1.2162 0.28436 -3.6637 -1.4418
0 39 192 -0.27678 4.8166 -0.4587 -0.17752 3.5725 -0.25342 -0.998 3.5589 0.2888 -2.1239 2.3956 0.07004 -2.9286 2.2715 -1.2394 0.63983 3.6156 -0.7988 1.9676 2.8218 -1.3236 3.0673 2.98 -2.3929 -0.40786 0.04159 0.67484 -0.52032 -2.0558 0.72675 0.31036 -3.628 1.0251 0.40786 -0.041591 -0.67484 -0.39494 -1.919 -1.1699 -0.015693 -3.6552 -1.4744
0 93 144 -0.15389 4.7941 -0.37119 -0.084684 3.565 -0.17204 -0.63215 3.6044 0.6441 -1.1292 3.7232 2.1957 -1.0783 5.1654 2.7392 0.46442 3.5553 -0.98797 1.4506 3.6664 -2.2856 1.667 5.0988 -2.8138 -0.44042 0.015961 0.65519 -0.76608 -2.0447 0.40615 -0.27273 -3.7453 0.7457 0.44042 -0.015962 -0.65519 0.25034 -2.0812 -0.99127 0.99005 -3.7119 -0.78034
0 101 108 -0.085925 4.8428 -0.15147 -0.098861 3.5795 -0.15213 -1.0444 3.5415 0.11596 -1.9501 3.5686 -1.2434 -1.6253 4.3776 -2.5153 0.84472 3.6473 -0.42123 0.89772 3.609 -2.0536 -0.21295 4.1247 -2.9906 -0.75031 -0.001101 0.24603 -0.89781 -2.0428 -0.22726 -0.78188 -3.7554 0.32464 0.75031 0.001101 -0.24603 0.75698 -2.0471 -0.71402 1.1344 -3.7294 -0.18635
0 102 108 -0.12222 4.8399 -0.20083 -0.11748 3.5776 -0.19788 -1.0626 3.5233 0.068745 -1.8553 3.2242 -1.3281 -1.5486 3.887 -2.6862 0.8251 3.6615 -0.46595 0.8172 3.3524 -2.07 -0.29574 3.6893 -3.0827 -0.75192 -0.00029087 0.24107 -0.90286 -2.0402 -0.23877 -0.79197 -3.7529 0.31368 0.75192 0.00029135 -0.24107 0.75486 -2.0436 -0.72769 1.1236 -3.7274 -0.19876
1 4 288 -0.71137 4.3948 -1.8885 -0.62412 3.2007 -1.4837 -1.5419 3.1954 -1.1301 -1.9334 1.783 -0.40862 -3.129 0.8218 -0.25217 0.28931 3.234 -1.8469 1.1675 1.8699 -1.6548 2.1676 0.99632 -2.4385 -0.72705 -0.0071657 0.30796 -1.0345 -1.4546 -1.1836 -0.81424 -2.8802 -0.10189 0.72705 0.0071654 -0.30796 0.28723 -1.5559 -1.6413 0.80053 -2.7964 -0.43778
1 5 288 -0.62757 4.4907 -1.6786 -0.55605 3.2782 -1.3266 -1.476 3.2754 -0.97875 -2.1119 1.9965 -0.18571 -3.4847 1.3785 0.14763 0.36032 3.3095 -1.6825 1.4506 2.0981 -1.5701 2.6759 1.5668 -2.3409 -0.72747 -0.0083079 0.30694 -1.0411 -1.5763 -1.0558 -0.82305 -3.0438 -0.031162 0.72747 0.0083082 -0.30694 0.36397 -1.6618 -1.5288 0.83139 -2.9707 -0.38027
1 6 288 -0.54886 4.5801 -1.4443 -0.48651 3.353 -1.1442 -1.41 3.3443 -0.80595 -2.2492 2.2507 0.07071 -3.7006 1.9673 0.50759 0.43407 3.3908 -1.4884 1.6893 2.3478 -1.4166 3.0126 2.1426 -2.1811 -0.72907 -0.011558 0.30302 -1.0701 -1.7524 -0.82275 -0.84798 -3.3029 0.070324 0.72907 0.011558 -0.30302 0.49392 -1.7858 -1.3654 0.86818 -3.2153 -0.33234
1 7 300 -0.74447 4.6386 -1.1157 -0.63423 3.4036 -0.87247 -1.4751 3.3878 -0.36258 -2.2278 2.47 0.75995 -3.5522 2.485 1.5494 0.20352 3.4489 -1.3858 1.5487 2.5505 -1.6141 2.7159 2.6083 -2.6201 -0.65148 -0.015726 0.44589 -1.1992 -1.908 -0.28468 -0.88818 -3.5561 0.37691 0.65148 0.015726 -0.44589 0.39366 -1.8787 -1.3171 0.86265 -3.4456 -0.55828
1 21 324 -0.39348 4.7897 -0.57886 -0.31153 3.5422 -0.40998 -0.86159 3.5754 0.4047 -1.5724 3.6035 1.8753 -2.217 4.5548 2.9036 0.23776 3.5388 -1.2258 1.2521 3.0017 -2.3883 1.8392 3.4597 -3.7386 -0.39804 0.042914 0.6806 -1.4373 -1.7826 0.72252 -0.83347 -3.2514 1.5763 0.39804 -0.042914 -0.6806 0.34155 -1.9055 -1.6512 1.5577 -3.2254 -1.4798
1 22 324 -0.3943 4.7925 -0.54693 -0.32845 3.5434 -0.37669 -0.87456 3.5844 0.44029 -1.6016 3.5113 1.9014 -2.2919 4.3168 3.0205 0.21704 3.5323 -1.195 1.2021 2.9232 -2.3472 1.8288 3.2475 -3.7182 -0.38342 0.032543 0.68951 -1.361 -1.8257 0.76468 -0.83359 -3.3349 1.5984 0.38342 -0.032543 -0.68951 0.37041 -1.9462 -1.5566 1.554 -3.3027 -1.456
1 23 324 -0.43103 4.7841 -0.55676 -0.37618 3.5348 -0.38446 -0.91693 3.5798 0.43586 -1.629 3.4409 1.8995 -2.3328 4.1714 3.0609 0.16411 3.5196 -1.2062 1.1564 2.8892 -2.3405 1.8003 3.1804 -3.711 -0.38429 0.028409 0.68921 -1.3076 -1.8553 0.80467 -0.83981 -3.3942 1.6196 0.38429 -0.028409 -0.68921 0.39229 -1.9726 -1.4858 1.5416 -3.3611 -1.4411
1 31 312 -0.65533 4.7039 -0.89169 -0.58689 3.4551 -0.70219 -1.2812 3.4778 -0.0059049 -2.0896 2.7202 1.1946 -3.3649 2.8468 2.0521 0.10467 3.462 -1.4015 1.2325 2.4695 -2.0433 1.8819 2.3572 -3.4373 -0.52736 0.026104 0.58712 -1.1764 -1.9708 0.51229 -1.0676 -3.5966 1.284 0.52736 -0.026104 -0.58712 0.54661 -2.0451 -1.168 1.5517 -3.5379 -1.0565
1 32 300 -0.50655 4.6708 -1.1354 -0.46769 3.4259 -0.91216 -1.2897 3.4613 -0.37323 -2.1515 2.459 0.58666 -3.5923 2.2151 1.0788 0.35184 3.4198 -1.4559 1.4798 2.2658 -1.7103 2.3294 1.7836 -2.9033 -0.63492 0.034796 0.46815 -1.2061 -1.9584 0.12906 -1.1002 -3.6289 0.79936 0.63492 -0.034796 -0.46815 0.59808 -2.0421 -1.0874 1.4449 -3.5649 -0.62363
1 33 300 -0.57062 4.633 -1.2592 -0.52334 3.3957 -1.0029 -1.3502 3.4379 -0.47196 -2.012 2.2415 0.42208 -3.375 1.6371 0.81545 0.30039 3.3824 -1.5402 1.2959 2.0927 -1.6603 2.0315 1.2928 -2.7543 -0.63179 0.039126 0.47203 -1.1278 -1.9433 -0.016055 -0.8272 -3.6239 0.56382 0.63179 -0.039126 -0.47203 0.39679 -2.0099 -1.1614 1.0829 -3.5296 -0.47531
1 44 300 -0.58286 4.7064 -0.95532 -0.50798 3.4614 -0.74252 -1.3369 3.4653 -0.21321 -1.9429 2.153 0.54789 -3.305 1.5969 1.0095 0.31808 3.4869 -1.2758 1.2058 2.1635 -1.6351 1.9113 1.7244 -2.9341 -0.65141 -0.0079145 0.44621 -1.0951 -2.0015 -0.046849 -0.80167 -3.6775 0.5495 0.65141 0.0079145 -0.44621 0.51701 -1.9752 -1.1271 0.96051 -3.5813 -0.43825
2 0 108 -0.87201 3.8359 -2.7956 -0.64796 2.9528 -1.9189 -1.5911 2.9191 -1.6419 -1.6739 2.625 -0.037153 -2.335 1.6837 0.98978 0.28791 3.0067 -2.2166 1.4712 2.8813 -1.0973 2.8729 2.3106 -0.8019 -0.7403 0.012938 0.27437 -0.98993 -1.8841 -0.59362 -0.67449 -3.5499 0.019783 0.7403 -0.012938 -0.27437 0.53515 -1.9294 -1.1107 0.80942 -3.4966 -0.26249
2 1 108 -0.93711 3.6134 -3.059 -0.70115 2.7952 -2.1244 -1.6452 2.7601 -1.8506 -1.636 2.665 -0.21978 -2.2046 1.8565 0.96374 0.23535 2.849 -2.4201 1.3578 2.8947 -1.234 2.7558 2.4268 -0.78198 -0.74207 0.014499 0.26949 -0.99737 -1.8475 -0.66965 -0.67732 -3.4955 -0.011775 0.74207 -0.014499 -0.26949 0.52285 -1.8983 -1.1736 0.80175 -3.4444 -0.28893
2 2 108 -0.9894 3.386 -3.2983 -0.74584 2.6228 -2.3201 -1.6908 2.5858 -2.0499 -1.6023 2.6451 -0.41973 -2.0847 1.9737 0.88189 0.19142 2.6772 -2.6133 1.2467 2.8408 -1.377 2.6179 2.4453 -0.79295 -0.74544 0.015066 0.25998 -1.0074 -1.8052 -0.75599 -0.68149 -3.429 -0.043158 0.74544 -0.015066 -0.25998 0.50549 -1.8574 -1.2411 0.79026 -3.3763 -0.31234
2 11 96 -0.12404 3.3702 -3.4734 -0.16576 2.4721 -2.5933 -1.1485 2.4337 -2.5859 -1.5766 0.86436 -2.4353 -1.5188 0.041216 -3.7379 0.81564 2.5293 -2.6237 1.2012 0.94194 -2.6398 1.2563 0.34795 -4.0617 -0.78797 -0.012567 0.049439 -0.68288 -1.5157 -1.4147 -0.64048 -2.5375 0.070227 0.78797 0.012567 -0.049439 0.8743 -1.6017 -1.3915 0.85977 -2.544 0.14565
2 12 96 -0.098663 3.552 -3.2857 -0.14733 2.5868 -2.483 -1.1305 2.5587 -2.4794 -1.6479 1.0969 -2.9931 -1.3773 1.113 -4.5111 0.83469 2.6352 -2.5083 1.1502 1.1442 -3.0964 0.97191 1.3723 -4.6109 -0.78774 -0.0042431 0.054328 -0.65742 -1.6233 -1.2784 -0.62545 -2.636 0.21303 0.78774 0.0042434 -0.054328 0.85109 -1.7028 -1.2776 0.87439 -2.6233 0.27253
2 13 96 -0.10508 3.7184 -3.0914 -0.1661 2.6914 -2.3711 -1.1494 2.6704 -2.376 -1.7494 1.5619 -3.4152 -1.2873 2.3382 -4.6648 0.81639 2.7344 -2.3862 1.1128 1.5272 -3.4463 0.80551 2.471 -4.6264 -0.7868 -0.0038791 0.066587 -0.64093 -1.7723 -1.0584 -0.62026 -2.813 0.41387 0.7868 0.0038788 -0.066586 0.83977 -1.8354 -1.0807 0.90159 -2.781 0.45324
2 14 96 -0.11602 3.9289 -2.8086 -0.19622 2.8362 -2.1927 -1.1795 2.8279 -2.2121 -1.8209 2.0827 -3.5167 -1.2409 3.2906 -4.2797 0.78679 2.8685 -2.1911 1.1064 1.9792 -3.5237 0.76098 3.3138 -4.2145 -0.78457 -0.00028253 0.089115 -0.65703 -1.9412 -0.70522 -0.61023 -3.0594 0.70841 0.78457 0.00028276 -0.089115 0.86655 -1.9815 -0.78212 0.95243 -3.0063 0.69881
2 69 96 -0.25544 3.5201 -3.302 -0.28102 2.5379 -2.522 -1.264 2.5046 -2.5204 -1.7251 1.4813 -3.7074 -1.6893 2.5445 -4.8236 0.70078 2.5916 -2.5452 0.94789 1.5642 -3.791 0.55089 2.5608 -4.8986 -0.78506 -0.016275 0.083112 -0.78246 -1.744 -1.1125 -0.75466 -2.7939 0.35311 0.78506 0.016275 -0.083112 0.92785 -1.7922 -1.1429 0.96443 -2.7576 0.37944
2 70 96 -0.24547 3.7829 -3.0052 -0.25936 2.731 -2.3172 -1.2424 2.7022 -2.3069 -1.7538 2.0517 -3.7155 -1.6074 3.4643 -4.3163 0.7224 2.7824 -2.347 0.96767 2.0889 -3.8056 0.64816 3.4785 -4.3926 -0.78545 -0.017178 0.079166 -0.77503 -1.9322 -0.78514 -0.72566 -3.0351 0.64037 0.78545 0.017178 -0.079166 0.95451 -1.9312 -0.84697 1.0268 -2.9673 0.62685
2 71 96 -0.2476 4.1141 -2.5507 -0.22316 2.9873 -1.9811 -1.2053 2.96 -1.9354 -1.7605 2.5288 -3.41 -1.535 4.0353 -3.6493 0.75707 3.04 -2.0422 1.0094 2.5333 -3.5747 0.78155 4.0413 -3.8018 -0.78646 -0.020804 0.067406 -0.79169 -2.0737 -0.37986 -0.74925 -3.2922 0.9484 0.78646 0.020804 -0.067406 0.98636 -2.0299 -0.47819 1.1087 -3.1838 0.90188
2 91 96 -0.080785 3.8928 -2.8658 -0.12067 2.9024 -2.0884 -1.1039 2.8924 -2.0647 -1.5562 1.4075 -2.574 -1.3726 1.7049 -4.0759 0.86137 2.9339 -2.1326 1.4284 1.5203 -2.7233 1.1272 2.0346 -4.1455 -0.78672 0.005635 0.067413 -0.88994 -0.65908 -1.923 -0.88218 -2.1347 -0.88694 0.78672 -0.005635 -0.067413 0.66219 -0.82893 -1.9964 0.79357 -2.1259 -0.7508
2 92 96 -0.1034 3.8467 -2.9321 -0.13427 2.8643 -2.1437 -1.1172 2.8519 -2.1124 -1.5452 1.3457 -2.5781 -1.382 1.4721 -4.1062 0.84731 2.8981 -2.1957 1.4047 1.4628 -2.7417 1.1204 1.8752 -4.2 -0.78653 0.0064747 0.069437 -0.89517 -0.78074 -1.8755 -0.88074 -2.271 -0.86063 0.78653 -0.0064747 -0.069437 0.65657 -0.93439 -1.95 0.80014 -2.2585 -0.73467
2 93 96 -0.13194 3.82 -2.9704 -0.14989 2.8401 -2.1786 -1.1324 2.825 -2.1358 -1.5369 1.2941 -2.5377 -1.4141 1.1917 -4.0714 0.83092 2.8766 -2.2422 1.381 1.4126 -2.7142 1.1158 1.6477 -4.2149 -0.78605 0.0078428 0.074619 -0.89659 -0.90659 -1.8137 -0.88278 -2.421 -0.83533 0.78605 -0.007843 -0.074619 0.65087 -1.0495 -1.8942 0.80703 -2.4045 -0.71503
2 94 96 -0.15748 3.813 -2.9816 -0.16679 2.8309 -2.1926 -1.1488 2.8124 -2.1417 -1.5285 1.2542 -2.4527 -1.4659 0.87874 -3.947 0.81334 2.8707 -2.2642 1.3606 1.3791 -2.644 1.11 1.3555 -4.1653 -0.78552 0.0089302 0.079814 -0.8945 -1.0352 -1.7401 -0.88711 -2.5747 -0.80156 0.78552 -0.0089302 -0.079814 0.64152 -1.1694 -1.8253 0.81294 -2.5573 -0.68726
2 95 96 -0.17778 3.8325 -2.9587 -0.18077 2.8355 -2.1882 -1.1625 2.8149 -2.1324 -1.5224 1.2355 -2.3437 -1.5235 0.55297 -3.7264 0.79891 2.8779 -2.2642 1.3425 1.3625 -2.5413 1.1149 1.0185 -4.0271 -0.78498 0.010777 0.084791 -0.89228 -1.1516 -1.6621 -0.89014 -2.7133 -0.761 0.78498 -0.010777 -0.084791 0.62988 -1.2809 -1.7513 0.81519 -2.6946 -0.64769
2 96 96 -0.19911 3.8718 -2.9085 -0.19314 2.8606 -2.1566 -1.1745 2.8403 -2.0938 -1.5154 1.2454 -2.1875 -1.5956 0.27222 -3.3809 0.78601 2.9029 -2.2393 1.3261 1.3709 -2.4124 1.1417 0.67448 -3.7757 -0.78436 0.010949 0.090321 -0.89109 -1.2563 -1.5821 -0.89638 -2.8358 -0.71254 0.78436 -0.010949 -0.090321 0.62219 -1.3769 -1.6784 0.81895 -2.8109 -0.60337
2 97 96 -0.21379 3.9266 -2.8353 -0.20096 2.8966 -2.1093 -1.1817 2.8733 -2.0386 -1.5122 1.2739 -1.9984 -1.6858 0.06559 -2.9404 0.77738 2.9425 -2.1994 1.3111 1.3999 -2.263 1.2028 0.37206 -3.4074 -0.7841 0.011292 0.092477 -0.89355 -1.35 -1.5042 -0.903 -2.9417 -0.65738 0.7841 -0.011292 -0.092477 0.62045 -1.4595 -1.6059 0.82093 -2.9092 -0.55282
2 98 96 -0.22811 3.9942 -2.7392 -0.21113 2.9438 -2.0437 -1.1908 2.9189 -1.9604 -1.5207 1.3314 -1.7606 -1.7907 -0.032613 -2.427 0.76594 2.9919 -2.1456 1.2881 1.4453 -2.0815 1.2921 0.15779 -2.93 -0.78331 0.011407 0.098964 -0.89107 -1.4308 -1.4251 -0.90537 -3.0336 -0.59932 0.78331 -0.011407 -0.098964 0.62696 -1.5383 -1.5337 0.82529 -2.9982 -0.49439
3 81 120 -0.44798 4.8029 0.21284 -0.21535 3.5771 0.019875 -0.83349 3.5638 -0.74504 -1.9622 2.4124 -0.48273 -2.2234 0.98124 -0.99398 0.39868 3.6198 0.78701 1.4688 2.3889 0.87883 2.4828 3.1072 -0.034156 -0.37779 -0.027349 -0.69284 1.212 -1.0624 -1.5959 -0.23318 -1.506 -0.61327 0.37779 0.027349 0.69284 -1.6847e-06 -2.0394 0.68332 -0.34255 -3.8094 0.6548
3 82 132 -0.40164 4.8023 0.31675 -0.21928 3.5739 0.086832 -0.98839 3.561 -0.52608 -2.0518 2.424 -0.031091 -2.461 1.009 -0.4873 0.54637 3.6163 0.70274 1.6243 2.3955 0.57522 2.4434 3.1025 -0.52331 -0.51764 -0.026285 -0.5957 1.0129 -0.89013 -1.7471 -0.16671 -1.6697 -0.62821 0.51764 0.026285 0.5957 0.079107 -2.0245 0.72399 -0.31956 -3.7803 0.81833
3 83 132 -0.3933 4.8043 0.29877 -0.21575 3.5755 0.066574 -0.97961 3.5683 -0.55296 -2.0213 2.3966 -0.09394 -2.4046 0.98377 -0.57832 0.54476 3.6122 0.6892 1.5998 2.3722 0.55448 2.46 3.0349 -0.54028 -0.51907 -0.031768 -0.59418 1.0725 -0.86592 -1.6829 0.025852 -1.9573 -0.70096 0.51907 0.031769 0.59418 0.016298 -1.9996 0.78166 -0.43789 -3.7384 0.92738
