0 48 60 0.29267 4.76 0.55959 0.28635 3.5654 0.18719 1.1352 3.5973 -0.30867 1.4414 2.3734 0.72916 0.19797 2.4153 1.6401 -0.56074 3.563 0.68697 -1.6756 2.4723 0.20096 -3.0735 1.8265 0.12028 0.17216 0.038246 -0.76967 -0.037019 -2.0523 -0.77276 -1.0405 -3.5274 -0.51167 -0.17216 -0.038246 0.76967 0.97056 -1.8005 0.7164 1.0802 -3.5843 0.95521
0 49 60 0.29474 4.7587 0.57883 0.2892 3.5641 0.20317 1.1399 3.6001 -0.28924 1.3745 2.3561 0.74331 0.053824 2.444 1.5343 -0.55976 3.5577 0.69973 -1.6495 2.4176 0.2738 -3.0196 1.7108 0.30385 0.18165 0.039884 -0.76741 -0.047475 -2.0486 -0.76257 -1.049 -3.527 -0.51347 -0.18165 -0.039884 0.7674 0.96843 -1.7975 0.71965 1.0747 -3.5823 0.95276
0 50 60 0.295 4.7592 0.5868 0.28842 3.5636 0.21155 1.1293 3.6034 -0.29706 1.3641 2.3361 0.70665 0.037219 2.4716 1.4804 -0.55072 3.5532 0.72449 -1.6341 2.3734 0.40367 -2.9768 1.6383 0.58994 0.17543 0.041979 -0.76874 -0.068135 -2.0448 -0.755 -1.0603 -3.5316 -0.51801 -0.17543 -0.04198 0.76874 0.97268 -1.8008 0.7161 1.0646 -3.5863 0.94942
0 51 60 0.30981 4.7618 0.58265 0.28935 3.5635 0.21083 1.0981 3.6124 -0.3468 1.4002 2.331 0.6204 0.12732 2.4983 1.4745 -0.51748 3.5439 0.77297 -1.616 2.3494 0.58581 -2.9183 1.6138 0.96101 0.15133 0.043638 -0.77375 -0.091923 -2.0432 -0.76335 -1.0706 -3.5381 -0.52125 -0.15133 -0.043638 0.77375 0.98899 -1.807 0.70545 1.0559 -3.5928 0.94487
0 52 60 0.33582 4.7668 0.5569 0.29161 3.5647 0.19532 1.0487 3.6165 -0.43035 1.4783 2.3405 0.49487 0.31651 2.5157 1.4935 -0.46326 3.5424 0.82541 -1.5787 2.3491 0.79848 -2.8226 1.6351 1.3646 0.10812 0.043502 -0.78097 -0.1183 -2.0453 -0.78064 -1.0815 -3.547 -0.51961 -0.10812 -0.043502 0.78097 1.014 -1.8169 0.67965 1.0449 -3.6011 0.93761
0 53 48 0.27439 4.7734 0.56781 0.27139 3.565 0.2197 1.0887 3.6145 -0.32521 1.485 2.3556 0.63749 0.27865 2.5193 1.5839 -0.54404 3.5449 0.76927 -1.6696 2.3635 0.69088 -2.9582 1.6894 1.2034 0.21183 0.039004 -0.75967 0.030624 -2.0533 -0.82202 -0.9589 -3.558 -0.7357 -0.21183 -0.039004 0.75967 0.88311 -1.83 0.84869 0.82509 -3.6113 1.1212
0 86 324 0.31304 4.8056 0.30064 0.28105 3.5463 0.21871 0.75962 3.5584 -0.64046 0.31819 2.1173 -1.2707 0.25079 1.1756 -2.4898 -0.19823 3.5641 1.0774 -0.8973 2.1005 1.2727 -1.826 1.249 2.1615 0.41266 0.010247 -0.67313 0.84777 -2.0239 -0.37761 0.30714 -3.7071 -0.73155 -0.41266 -0.010248 0.67313 -0.16085 -2.0522 1.0991 -0.92939 -3.6547 0.79532
0 87 324 0.29335 4.7931 0.28832 0.26546 3.5378 0.20658 0.74747 3.5479 -0.6507 0.34251 2.179 -1.4449 0.13587 1.5076 -2.8176 -0.21831 3.5573 1.0627 -1.0676 2.19 1.3416 -2.2471 1.641 2.1693 0.40896 0.0064616 -0.67543 0.81279 -2.0358 -0.39176 0.27508 -3.7204 -0.74377 -0.40896 -0.0064621 0.67543 -0.19366 -2.0614 1.0565 -0.9632 -3.6681 0.77864
0 88 324 0.27851 4.7899 0.29416 0.24528 3.5374 0.20448 0.73499 3.5484 -0.64842 0.38368 2.2901 -1.6293 0.072523 1.9452 -3.0997 -0.24639 3.5562 1.0561 -1.2545 2.3315 1.4468 -2.5734 2.1451 2.2235 0.40645 0.0063066 -0.67695 0.78237 -2.0425 -0.40215 0.25153 -3.7296 -0.75245 -0.40645 -0.0063066 0.67695 -0.22263 -2.0712 1.0183 -0.99593 -3.6807 0.76815
0 89 192 -0.43377 4.7866 -0.026946 -0.30628 3.5407 0.010784 -0.01447 3.5573 0.9499 1.03 2.4563 1.5544 2.3803 2.4853 2.2985 -0.59614 3.5537 -0.92899 -0.23252 2.5158 -2.137 0.086751 2.7383 -3.6291 0.22613 0.012426 0.75645 -0.20658 -2.0419 0.83915 0.39567 -3.7341 0.68188 -0.22613 -0.012426 -0.75645 -0.58463 -2.0805 -0.84995 0.11188 -3.6896 -1.2701
0 89 336 0.33509 4.7866 0.27676 0.25412 3.5407 0.1713 0.57004 3.5573 -0.75998 0.080322 2.4563 -1.863 -0.57463 2.4853 -3.2586 -0.063762 3.5537 1.102 -1.068 2.5158 1.8655 -2.2033 2.7383 2.885 0.26169 0.012426 -0.74489 0.66036 -2.0419 -0.55746 0.080697 -3.7341 -0.78422 -0.26169 -0.012426 0.74489 -0.02661 -2.0805 1.0313 -0.83704 -3.6896 0.96175
0 90 192 -0.46148 4.7804 -0.063737 -0.29616 3.5426 -0.016803 -0.021906 3.5719 0.92728 1.0645 2.6909 1.7712 2.3391 3.1504 2.5074 -0.5688 3.5431 -0.96181 -0.30252 2.7314 -2.3543 -0.074224 3.3775 -3.7356 0.21171 0.015334 0.76055 -0.20228 -2.0429 0.84119 0.39733 -3.7359 0.68282 -0.21171 -0.015333 -0.76055 -0.56935 -2.0835 -0.85546 0.11672 -3.6977 -1.2734
0 90 336 0.33588 4.7804 0.32282 0.22972 3.5426 0.18767 0.56276 3.5719 -0.73731 0.17985 2.6909 -2.0587 -0.41855 3.1504 -3.4034 -0.10517 3.5431 1.1124 -1.1391 2.7314 2.0825 -2.1357 3.3775 3.0658 0.27576 0.015334 -0.73974 0.65809 -2.0429 -0.56164 0.079906 -3.7359 -0.78595 -0.27576 -0.015333 0.73974 -0.042208 -2.0835 1.0267 -0.84291 -3.6977 0.96159
0 113 216 -0.12747 4.8373 0.20245 -0.091709 3.5745 0.15044 0.45382 3.5063 0.96598 0.82098 1.9172 0.87267 0.83074 0.616 1.7 -0.63649 3.6724 -0.66257 -0.55589 2.1023 -1.1066 -1.3932 0.87623 -1.5229 0.40152 -0.01685 0.67971 0.13029 -2.0965 0.80516 0.78598 -3.7525 0.52449 -0.40152 0.01685 -0.67971 -0.7393 -2.0561 -0.62492 -0.29438 -3.7322 -1.1184
0 114 216 -0.12894 4.8267 0.18656 -0.077445 3.5663 0.14102 0.45415 3.5124 0.96677 0.92138 1.9542 0.81676 1.3478 0.72816 1.649 -0.60744 3.65 -0.68327 -0.44946 2.0973 -1.166 -1.1058 0.96291 -1.9784 0.39357 -0.020201 0.68424 0.14273 -2.1033 0.79486 0.81859 -3.7494 0.50414 -0.39357 0.020202 -0.68424 -0.71719 -2.0553 -0.64095 -0.26387 -3.7286 -1.1363
0 114 336 0.22604 4.8267 0.018387 0.16085 3.5663 -0.0034427 0.61017 3.5124 -0.87669 0.24665 1.9542 -1.2063 0.75421 0.72816 -1.9918 -0.28801 3.65 0.8677 -0.78507 2.0973 0.97225 -1.1605 0.96291 1.9469 0.39579 -0.020201 -0.68297 0.61701 -2.1033 -0.52104 0.027302 -3.7494 -0.96098 -0.39579 0.020202 0.68297 -0.19648 -2.0553 0.94158 -0.85212 -3.7286 0.79666
0 115 336 0.20444 4.807 0.032395 0.13502 3.5539 -0.014112 0.60417 3.517 -0.87777 0.19082 1.9913 -1.2905 0.48089 0.95332 -2.3932 -0.33523 3.6205 0.84716 -0.89031 2.0885 0.96299 -1.6522 1.1536 1.9238 0.40112 -0.023132 -0.67976 0.6083 -2.1076 -0.51779 0.0023427 -3.7446 -0.96942 -0.40112 0.023132 0.67976 -0.21453 -2.0544 0.93118 -0.88066 -3.7233 0.78325
0 116 336 0.15442 4.7891 0.044468 0.11058 3.5411 -0.016134 0.58707 3.5173 -0.87622 0.1562 2.0434 -1.4337 0.22666 1.2588 -2.7592 -0.36841 3.5944 0.84124 -1.0253 2.1107 1.0309 -2.0869 1.454 1.9361 0.40756 -0.022976 -0.67592 0.59703 -2.1097 -0.5205 -0.02066 -3.7397 -0.98132 -0.40756 0.022976 0.67592 -0.22614 -2.0558 0.92087 -0.90494 -3.7193 0.76946
3 0 276 -0.49035 4.7831 0.29052 -0.15845 3.5799 0.13643 -0.10372 3.6298 -0.84432 0.94263 2.6035 -1.5658 2.4429 2.7645 -1.248 -0.2183 3.5594 1.1179 -1.2447 2.3761 1.5815 -1.3675 1.0313 2.326 -0.096917 0.04355 -0.78244 -0.017598 -2.0321 -0.46678 -0.20797 -3.8047 -0.19738 0.096917 -0.04355 0.78244 1.6126 -1.4985 0.79217 -0.12793 -1.9578 0.89474
3 2 144 0.21327 4.7782 -0.58479 0.096401 3.5745 -0.24094 0.76954 3.6217 0.47462 0.43873 2.8786 1.8913 -0.7834 3.3471 2.7065 -0.57377 3.5566 -0.9606 -0.10409 2.5608 -2.1674 -0.46678 1.3649 -3.0707 0.64068 0.027162 0.46075 0.48855 -2.0451 0.14925 0.52265 -3.7889 -0.30785 -0.64068 -0.027162 -0.46075 -1.6679 -0.98425 1.1023 -0.81734 -1.9191 -0.18356
3 3 144 0.19778 4.7815 -0.57435 0.086905 3.5751 -0.23662 0.76214 3.6213 0.47703 0.36612 2.8859 1.881 -0.81984 3.4421 2.6945 -0.58541 3.5583 -0.9543 -0.11819 2.5687 -2.1672 -0.49051 1.3813 -3.0777 0.64034 0.029807 0.46106 0.54929 -2.0322 0.068681 0.61398 -3.7606 -0.4409 -0.64034 -0.029807 -0.46106 -1.6374 -0.87286 1.1849 -0.91222 -2.0945 0.074717
3 5 132 0.23723 4.7907 -0.49364 0.072829 3.5776 -0.19696 0.6113 3.6237 0.6248 -0.061019 2.6592 1.759 -1.3845 3.202 2.3347 -0.46198 3.5608 -1.0222 0.09068 2.3975 -2.0271 -0.24073 1.1049 -2.7998 0.53847 0.041369 0.57606 0.68923 -1.9863 0.046619 0.92857 -3.6841 -0.51096 -0.53847 -0.041369 -0.57606 -1.7878 -1.0361 0.78923 -1.1728 -2.6676 0.33002
3 6 132 0.19732 4.795 -0.47468 0.034458 3.5793 -0.18719 0.59995 3.6194 0.61653 -0.00074222 2.484 1.6258 -1.3663 2.8665 2.2313 -0.52756 3.5685 -0.99427 -0.11371 2.2657 -1.8887 -0.56011 0.90653 -2.4641 0.55061 0.047258 0.564 0.76695 -1.961 -0.014343 1.0396 -3.644 -0.601 -0.55061 -0.047259 -0.564 -1.6749 -1.2947 0.69857 -1.2492 -3.0335 0.48332
3 7 252 -0.50405 4.7951 0.10336 -0.17735 3.5776 0.10411 0.19936 3.613 -0.80374 1.1855 2.3106 -0.81559 2.441 2.4355 0.07085 -0.55876 3.5716 1.0107 -1.3225 2.1343 1.1508 -1.3059 0.74223 1.8137 0.19725 0.05957 -0.76226 -0.49719 -1.9223 -0.69795 -1.1794 -3.5907 -0.65408 -0.19725 -0.05957 0.76226 1.2481 -1.562 1.0231 1.1048 -3.3459 0.80379
3 8 240 -0.49349 4.7946 0.020558 -0.16991 3.5788 0.098684 0.35592 3.6038 -0.73212 1.1024 2.1543 -0.62983 2.1978 1.9608 0.43795 -0.70018 3.5831 0.92703 -1.2455 2.045 1.0014 -1.0207 0.68045 1.6835 0.34101 0.065195 -0.7092 -0.43018 -1.8845 -0.84487 -1.1523 -3.5316 -0.97261 -0.34101 -0.065195 0.7092 0.82824 -1.7604 1.1258 0.83635 -3.5405 0.83977
3 9 216 -0.41326 4.7944 -0.13873 -0.15971 3.5797 0.084036 0.63485 3.5889 -0.49558 1.1455 2.0573 -0.24612 1.7649 1.5355 1.066 -0.95719 3.5998 0.65935 -1.3445 2.013 0.68397 -1.0332 0.7625 1.5308 0.60069 0.069831 -0.50773 -0.093483 -1.8419 -1.0346 -0.72848 -3.4639 -1.5005 -0.60069 -0.06983 0.50773 0.20435 -1.9098 1.1247 0.34239 -3.6735 0.77639
3 9 228 -0.43307 4.7944 -0.049781 -0.13875 3.5797 0.11541 0.51794 3.5889 -0.61674 1.0693 2.0573 -0.47891 1.948 1.5355 0.6758 -0.79918 3.5998 0.84396 -1.1729 2.013 0.94856 -0.69239 0.7625 1.7121 0.482 0.069831 -0.62152 -0.30655 -1.8419 -0.99256 -1.0245 -3.4639 -1.3162 -0.482 -0.06983 0.62153 0.43373 -1.9098 1.0577 0.49632 -3.6735 0.68824
3 14 132 0.30008 4.814 -0.02589 0.03135 3.5839 0.055874 0.57996 3.4785 0.86536 0.44159 1.8738 1.1384 -0.5873 0.81242 1.5773 -0.51204 3.7186 -0.75278 -0.71162 2.1243 -1.0476 -1.6535 1.6176 0.063139 0.45609 0.01403 0.64443 0.0084404 -1.9601 1.2072 1.4594 -2.1338 0.15102 -0.45609 -0.01403 -0.64443 -0.30988 -2.0532 -0.16012 -0.07325 -3.8059 0.19065
3 15 144 0.32317 4.8118 -0.084573 0.066138 3.5833 0.039211 0.69079 3.4788 0.79172 0.54725 1.8742 1.0627 -0.47542 0.83342 1.5612 -0.55309 3.717 -0.71314 -0.77956 2.1289 -1.0219 -1.5482 1.3943 0.094889 0.49912 0.012243 0.61174 0.031047 -1.914 1.3079 1.3858 -1.7791 0.12577 -0.49912 -0.012243 -0.61174 -0.21617 -2.0576 -0.22352 0.039683 -3.806 0.13514
3 16 156 0.29326 4.8133 -0.16925 0.073418 3.5841 0.0041769 0.74085 3.4964 0.72125 0.60489 1.894 1.0086 -0.45769 0.90181 1.5226 -0.58865 3.7012 -0.71369 -0.81835 2.1161 -1.0356 -1.4916 1.1597 -0.030794 0.52845 0.015402 0.58651 0.018716 -1.8653 1.3723 1.2987 -1.5516 0.14187 -0.52845 -0.015402 -0.58651 -0.18785 -2.0612 -0.25031 0.12554 -3.8103 0.054947
3 17 168 0.24232 4.8167 -0.23757 0.069509 3.5859 -0.030636 0.76146 3.5187 0.6651 0.63896 1.9238 0.99698 -0.47258 0.97018 1.4794 -0.61741 3.6824 -0.72791 -0.83128 2.0938 -1.0428 -1.5073 0.96584 -0.23752 0.55181 0.016677 0.56456 -0.017521 -1.8252 1.3997 1.2321 -1.4938 0.14296 -0.55181 -0.016678 -0.56456 -0.1731 -2.065 -0.29029 0.176 -3.8165 -0.04259
3 18 180 0.16486 4.8204 -0.26741 0.043432 3.5889 -0.033634 0.73044 3.5522 0.66925 0.62422 1.9638 1.0357 -0.52269 1.0173 1.4437 -0.63903 3.655 -0.73879 -0.8425 2.0595 -1.0246 -1.5728 0.82022 -0.46914 0.56175 0.013176 0.55476 -0.12723 -1.7918 1.3804 1.1915 -1.6518 0.15887 -0.56175 -0.013176 -0.55476 -0.1743 -2.0667 -0.33787 0.17982 -3.823 -0.13485
3 36 324 -0.40728 4.8072 0.22201 -0.37501 3.5539 0.35748 0.18013 3.5701 1.1692 0.72677 2.0313 1.217 0.46944 0.55765 1.5907 -0.93007 3.5675 -0.45437 -0.49758 2.1666 -1.1748 -0.80317 0.66934 -1.381 0.51058 -0.011376 0.60222 0.21039 -2.0591 0.24051 0.8125 -3.6269 -0.41552 -0.51058 0.011376 -0.60223 -0.49734 -2.0663 -0.29005 -0.086706 -3.7441 -0.8068
3 37 324 -0.40779 4.8066 0.20923 -0.37984 3.554 0.35208 0.18081 3.5733 1.1599 0.69062 2.0218 1.2036 0.39241 0.55648 1.5797 -0.94033 3.5645 -0.45607 -0.46163 2.156 -1.1313 -0.72384 0.6567 -1.3782 0.51515 -0.0059876 0.5984 0.21335 -2.0564 0.2533 0.81451 -3.6271 -0.3966 -0.51515 0.0059876 -0.5984 -0.48743 -2.0716 -0.28687 -0.067497 -3.7458 -0.80803
3 38 324 -0.40898 4.8085 0.18616 -0.38473 3.5558 0.32755 0.17369 3.5735 1.137 0.66651 2.0165 1.1785 0.31721 0.56058 1.5472 -0.94306 3.5679 -0.48208 -0.43617 2.1477 -1.1104 -0.71093 0.64441 -1.3161 0.51089 -0.0012712 0.60207 0.22682 -2.0512 0.23976 0.83152 -3.6266 -0.3955 -0.51089 0.0012712 -0.60207 -0.47165 -2.0751 -0.28373 -0.02515 -3.7427 -0.80408
3 61 312 0.085242 4.8149 -0.29136 -0.072019 3.59 -0.03485 0.53186 3.6089 0.74125 0.74533 2.0011 0.93692 0.098041 0.77892 1.6187 -0.67227 3.6005 -0.81392 -0.78079 1.9961 -1.1017 -1.6215 0.70986 -0.97291 0.45708 0.019712 0.64357 -0.1037 -1.9971 0.46436 -0.080829 -3.7564 0.070178 -0.45708 -0.019712 -0.64357 -0.65041 -2.1094 -0.54246 0.85123 -2.7957 -1.267
3 65 324 0.053858 4.812 -0.3476 -0.011999 3.5833 -0.077076 0.62592 3.6301 0.67008 0.38656 2.3813 1.6957 -0.75735 2.685 2.6841 -0.64794 3.566 -0.82717 -0.15104 2.2759 -1.6975 -0.47764 0.85499 -2.1994 0.626 0.020346 0.48084 0.37827 -2.0357 0.12629 0.3465 -3.7735 -0.3533 -0.626 -0.020346 -0.48084 -1.6809 -1.3373 0.77098 -0.53807 -1.7898 -0.54818
3 66 96 -0.34956 4.8049 0.19536 -0.098312 3.5786 0.058866 0.049699 3.6282 -0.91221 1.1446 2.5383 -1.4434 2.5789 3.059 -1.2212 -0.24984 3.5585 1.0305 -1.3195 2.3442 1.254 -1.5896 0.96803 1.8949 -0.065415 0.021441 -0.78661 -0.25315 -2.0274 -0.36092 -0.64337 -3.7516 -0.0060642 0.065414 -0.021441 0.78661 1.831 -1.1454 0.60283 0.18971 -1.8837 0.71161
3 66 324 0.088719 4.8049 -0.39049 0.022038 3.5786 -0.11245 0.64465 3.6282 0.64732 0.30677 2.5383 1.8164 -0.81808 3.059 2.7336 -0.59861 3.5585 -0.87518 -0.048996 2.3442 -1.8197 -0.34456 0.96803 -2.4493 0.62834 0.021441 0.47773 0.43761 -2.0274 0.053381 0.435 -3.7516 -0.47406 -0.62834 -0.021441 -0.47773 -1.6732 -1.1454 0.95733 -0.65577 -1.8837 -0.33518
3 67 324 0.099098 4.7988 -0.39422 0.037383 3.5768 -0.094647 0.65182 3.6469 0.67015 0.22608 2.6904 1.9241 -0.8538 3.3862 2.777 -0.57523 3.5362 -0.86304 -0.015101 2.3771 -1.8688 -0.31364 1.0399 -2.5762 0.63006 0.017046 0.47563 0.49929 -2.0211 -0.017431 0.52988 -3.7298 -0.59221 -0.63006 -0.017046 -0.47563 -1.6397 -1.0407 1.0564 -0.75672 -2.1096 -0.096286
3 68 324 0.088466 4.8086 -0.32986 0.026565 3.5818 -0.054574 0.64293 3.6321 0.71023 0.16393 2.7725 2.0142 -0.87731 3.5762 2.819 -0.58801 3.5611 -0.82219 -0.039796 2.422 -1.857 -0.35968 1.106 -2.5941 0.63048 0.0099196 0.47528 0.56305 -2.013 -0.088381 0.62779 -3.7043 -0.70983 -0.63048 -0.0099192 -0.47528 -1.5958 -1.0533 1.0719 -0.83455 -2.3933 0.13615
3 69 324 0.052623 4.8132 -0.30278 -0.0058755 3.5837 -0.037074 0.61327 3.631 0.72568 0.10576 2.8048 2.0405 -0.90793 3.6678 2.8185 -0.6233 3.5661 -0.80247 -0.10516 2.4272 -1.8527 -0.47342 1.1039 -2.5535 0.62559 0.015064 0.48157 0.63588 -1.9835 -0.16648 0.72714 -3.6581 -0.82844 -0.62559 -0.015064 -0.48157 -1.5459 -1.1628 1.0184 -0.92411 -2.7121 0.33727
3 76 300 0.30858 4.8013 -0.20957 0.073823 3.59 0.043688 0.51821 3.6256 0.9204 0.58531 2.0362 1.292 -0.3833 0.99823 1.8938 -0.36644 3.5837 -0.83579 -0.58639 1.9772 -1.0345 -1.6765 0.96402 -0.63097 0.38328 -0.021235 0.69003 0.19642 -2.1126 0.76566 1.496 -2.9277 -0.18169 -0.38328 0.021235 -0.69003 -0.59228 -2.0374 -0.32578 -0.51222 -3.8358 -0.22399
3 77 288 0.36231 4.8027 -0.046478 0.093367 3.5845 0.13318 0.39493 3.5948 1.0693 0.77361 2.0288 1.3391 0.059148 0.75475 1.8332 -0.2035 3.6037 -0.8043 -0.59961 2.0342 -1.0249 -1.9879 1.5593 -0.55092 0.22518 -0.051779 0.75506 -0.4001 -2.0285 1.0955 1.1854 -2.4967 0.37574 -0.22518 0.051779 -0.75506 -0.24626 -2.0393 -0.55234 -0.2475 -3.8317 -0.35645
3 77 300 0.34473 4.8027 -0.12079 0.11902 3.5845 0.11086 0.60862 3.5948 0.96382 1.0351 2.0288 1.149 0.439 0.75475 1.7808 -0.36628 3.6037 -0.74441 -0.79959 2.0342 -0.8778 -2.059 1.5593 -0.12556 0.37724 -0.051779 0.69174 -0.16359 -2.0285 1.1547 1.2376 -2.4967 0.12107 -0.37724 0.051779 -0.69174 -0.35572 -2.0393 -0.48907 -0.3162 -3.8317 -0.2972
3 78 288 0.35566 4.8082 -0.021795 0.092571 3.5842 0.13338 0.45426 3.5809 1.048 1.1615 2.1168 1.2056 0.73524 0.73838 1.7497 -0.26461 3.6169 -0.78244 -0.87262 2.1191 -1.0184 -2.2745 2.2047 -0.3821 0.22307 -0.051898 0.75567 -0.77753 -1.8104 1.322 0.83576 -2.0443 0.55165 -0.22308 0.051898 -0.75567 -0.13512 -2.0403 -0.58487 -0.044469 -3.8331 -0.41529
3 79 276 0.40093 4.8064 0.055714 0.10621 3.5825 0.15029 0.31861 3.5747 1.1106 1.2328 2.2446 1.3633 0.93606 0.81816 1.8681 -0.10128 3.6197 -0.8104 -0.8357 2.2238 -1.2357 -2.2458 2.7111 -0.84619 0.053101 -0.05114 0.78617 -1.3369 -1.5704 1.2036 0.39967 -1.7021 0.73672 -0.0531 0.051141 -0.78617 0.09738 -2.0371 -0.61007 0.23847 -3.8259 -0.43403
3 82 48 -0.357 4.8023 -0.36633 -0.10928 3.5739 -0.209 0.41988 3.561 -1.038 -0.18355 2.424 -2.0438 0.22739 1.009 -2.4984 -0.64178 3.6163 0.61684 -0.40228 2.3955 1.6756 0.77585 3.1025 2.3754 0.53833 -0.026285 -0.57707 1.8434 -0.89013 0.8247 0.60734 -1.6697 -0.23146 -0.53833 0.026285 0.57707 -0.71176 -2.0245 0.15435 -0.84725 -3.7803 -0.23227
3 83 48 -0.33824 4.8043 -0.35992 -0.088761 3.5755 -0.2076 0.44753 3.5683 -1.032 -0.11786 2.3966 -2.0201 0.3238 0.98377 -2.4519 -0.62848 3.6122 0.61381 -0.38422 2.3722 1.649 0.79445 3.0349 2.39 0.53667 -0.031768 -0.57834 1.7858 -0.86592 0.8907 0.69982 -1.9573 -0.047559 -0.53667 0.031769 0.57834 -0.77568 -1.9996 0.097915 -0.96807 -3.7384 -0.33855
3 86 288 0.36639 4.8137 -0.0026864 0.11496 3.5829 0.12749 0.47706 3.5716 1.0419 1.3802 2.2143 1.1452 1.2214 0.77442 1.6737 -0.24268 3.6237 -0.78782 -1.1033 2.2643 -1.0706 -2.4287 2.6976 -0.41232 0.19639 -0.048129 0.76329 -1.3987 -1.4017 0.95752 -0.96739 -3.135 0.71103 -0.19639 0.048129 -0.76329 0.57153 -1.9075 -0.77733 1.2426 -3.5809 -0.76496
