0 12 24 -0.81077 4.7479 -0.27444 -0.42511 3.5455 -0.32157 -0.73601 3.4861 0.60965 -0.050078 2.6451 1.8307 0.20034 2.8676 3.3358 -0.12128 3.6339 -1.2528 -1.2358 2.4813 -1.566 -2.554 2.5625 -0.7701 -0.7082 -0.051195 0.34544 -0.61582 -1.7155 -0.9336 -0.80456 -3.4998 -1.1107 0.7082 0.051195 -0.34544 0.55282 -1.9782 0.17569 0.13732 -3.3486 1.2713
0 13 24 -0.80942 4.749 -0.27409 -0.4265 3.5459 -0.32961 -0.70005 3.496 0.61381 0.0073385 2.6315 1.8059 0.31756 2.7994 3.307 -0.16024 3.6247 -1.2731 -1.3244 2.4846 -1.389 -2.4516 2.634 -0.34738 -0.69496 -0.046401 0.37199 -0.6449 -1.7182 -0.89962 -0.81126 -3.5007 -1.1137 0.69496 0.046401 -0.37199 0.53324 -1.9779 0.16688 0.13729 -3.3466 1.2717
0 14 24 -0.81652 4.7451 -0.31271 -0.43245 3.542 -0.36304 -0.69413 3.5022 0.58422 -0.0088201 2.6093 1.7682 0.27285 2.7391 3.2787 -0.17829 3.6107 -1.3107 -1.3493 2.472 -1.2825 -2.3115 2.6952 -0.098437 -0.68611 -0.039922 0.3888 -0.67103 -1.7237 -0.86779 -0.82629 -3.5023 -1.1195 0.68611 0.039922 -0.3888 0.51365 -1.9819 0.15597 0.13306 -3.3508 1.266
0 15 36 -0.85376 4.7463 -0.18704 -0.48855 3.541 -0.29782 -0.56649 3.5078 0.68207 0.29707 2.5945 1.7256 0.80308 2.7051 3.1779 -0.41818 3.603 -1.2769 -1.5463 2.4694 -0.94364 -2.1107 2.7527 0.46308 -0.59424 -0.032722 0.51894 -0.84353 -1.7313 -0.69218 -1.0433 -3.508 -0.92588 0.59424 0.032722 -0.51894 0.5329 -1.9935 0.033419 0.39411 -3.3568 1.2052
0 16 36 -0.8384 4.7499 -0.23466 -0.46984 3.5427 -0.31429 -0.59775 3.5134 0.66046 0.18655 2.584 1.7513 0.55727 2.6857 3.2446 -0.34963 3.6008 -1.2887 -1.4922 2.4746 -0.98044 -2.0142 2.786 0.43668 -0.60734 -0.032658 0.50356 -0.8424 -1.7371 -0.7022 -1.0417 -3.5147 -0.92916 0.60734 0.032658 -0.50356 0.54192 -1.9965 0.037328 0.39351 -3.3644 1.2026
0 17 36 -0.79907 4.7532 -0.29645 -0.4311 3.544 -0.34883 -0.62719 3.5096 0.61435 0.039826 2.574 1.7756 0.23348 2.676 3.302 -0.24251 3.6073 -1.3121 -1.4166 2.4895 -1.1103 -1.9968 2.7971 0.28479 -0.63198 -0.027241 0.4726 -0.83706 -1.7439 -0.72132 -1.0363 -3.5228 -0.93734 0.63198 0.027241 -0.4726 0.5622 -2.0116 0.030021 0.39175 -3.3774 1.1947
0 18 48 -0.79595 4.7605 -0.20721 -0.44771 3.5469 -0.29326 -0.5399 3.5081 0.68519 0.23095 2.5718 1.7796 0.53555 2.6852 3.287 -0.36272 3.6147 -1.2708 -1.5321 2.5071 -0.99797 -1.9808 2.7874 0.45039 -0.56258 -0.022707 0.55361 -0.96118 -1.7482 -0.57692 -1.1989 -3.5295 -0.72269 0.56258 0.022707 -0.55361 0.58562 -2.0282 -0.097851 0.62708 -3.3943 1.0781
0 30 156 -0.60968 4.8102 -0.073575 -0.36561 3.5678 -0.10978 -0.47032 3.5378 0.86772 -0.43973 2.5901 2.198 -1.3116 2.6818 3.4666 -0.26641 3.627 -1.0865 -1.1502 2.7323 -2.1291 -2.4647 2.6389 -2.9298 -0.22746 0.00050831 0.75615 -0.96305 -1.9675 0.74478 -0.50377 -3.6693 1.1241 0.22746 -0.00050831 -0.75615 -0.12047 -2.0408 -1.1172 0.70581 -3.6431 -1.0886
0 31 168 -0.59721 4.8131 -0.023006 -0.36058 3.5695 -0.066079 -0.40765 3.5394 0.91588 -0.45679 2.5741 2.2329 -1.4365 2.6171 3.4228 -0.31889 3.6288 -1.0469 -1.1197 2.7738 -2.1856 -2.3939 2.7276 -3.0527 -0.13585 0.001811 0.77784 -0.81602 -1.9836 0.87687 -0.25767 -3.6724 1.1721 0.13585 -0.001811 -0.77784 -0.30596 -2.0296 -1.1052 0.47063 -3.6512 -1.2398
0 35 204 -0.57699 4.8164 -0.0038813 -0.35458 3.5696 -0.017345 -0.42971 3.5469 0.96306 -1.0305 2.4794 2.044 -2.4769 2.3722 2.5676 -0.28435 3.6217 -0.997 -0.43921 2.9005 -2.4546 -1.193 2.9826 -3.7972 0.062962 0.017102 0.78692 -0.30514 -2.0386 1.0173 0.45156 -3.6749 0.98883 -0.062962 -0.017103 -0.78692 -0.77316 -1.9889 -0.93524 -0.33405 -3.6729 -1.4065
0 36 216 -0.57305 4.8163 0.019973 -0.35344 3.5691 0.0034326 -0.39177 3.5452 0.98594 -1.0462 2.4531 2.0096 -2.5255 2.3316 2.4272 -0.31993 3.6225 -0.97809 -0.36973 2.9059 -2.4453 -1.0328 3.0162 -3.8331 0.15375 0.024031 0.77413 -0.11747 -2.0449 1.02 0.6473 -3.6691 0.85284 -0.15375 -0.024031 -0.77413 -0.9341 -1.9747 -0.79455 -0.62953 -3.673 -1.3179
0 40 252 -0.53401 4.8123 -0.098542 -0.30591 3.5722 -0.016729 -0.41624 3.5646 0.96058 -1.3392 2.3792 1.6022 -2.8211 2.2662 1.1914 -0.19988 3.6093 -0.99384 0.36107 2.7794 -2.2843 0.36651 2.9162 -3.8202 0.31021 0.043852 0.72481 0.33867 -2.0562 0.78284 1.057 -3.6132 0.22551 -0.31021 -0.043852 -0.72481 -1.196 -1.8982 -0.28746 -1.2775 -3.6455 -0.72449
0 41 264 -0.55002 4.8062 -0.085282 -0.30561 3.5715 0.0069183 -0.36087 3.5718 0.98891 -1.2904 2.3622 1.5733 -2.7369 2.2593 1.049 -0.25446 3.6007 -0.97486 0.36931 2.7397 -2.2151 0.42566 2.8322 -3.7533 0.3952 0.047052 0.68198 0.45877 -2.053 0.68355 1.0871 -3.6009 0.0051654 -0.3952 -0.047052 -0.68198 -1.2262 -1.878 -0.072466 -1.3978 -3.6349 -0.43939
0 42 276 -0.56072 4.7997 -0.050031 -0.2972 3.5715 0.048275 -0.28613 3.5777 1.0317 -1.2191 2.3505 1.5723 -2.6197 2.2646 0.933 -0.31228 3.5948 -0.93488 0.35854 2.7006 -2.1261 0.46251 2.7265 -3.6644 0.48387 0.045931 0.6223 0.56244 -2.0532 0.57968 1.0728 -3.5887 -0.21565 -0.48387 -0.045931 -0.62231 -1.2151 -1.8576 0.1507 -1.4513 -3.6225 -0.1325
0 107 180 -0.3732 4.8283 0.12461 -0.33206 3.5692 0.10409 -0.37738 3.4932 1.0836 -1.1915 2.0794 1.1681 -2.6276 1.6964 0.75759 -0.29051 3.6747 -0.87291 -1.1812 2.3771 -1.3107 -2.5861 1.8546 -0.94885 -0.024416 -0.013959 0.78912 -0.51269 -2.0574 0.78186 0.10311 -3.7492 0.87975 0.024416 0.013959 -0.78912 -0.40161 -2.0385 -0.93104 0.20945 -3.7272 -1.0914
2 107 180 -1.5835 4.5811 -0.0966 -1.2238 3.3721 -0.039451 -1.1993 3.3687 0.94379 -0.23604 2.1341 1.4089 0.042749 0.83203 2.1865 -1.2583 3.4035 -1.0219 -0.44578 2.0354 -1.3916 -0.24969 0.5354 -1.6904 0.015347 0.015688 0.78931 -0.76003 -1.937 0.80475 -0.10604 -3.6122 0.93437 -0.015347 -0.015688 -0.78931 -0.66505 -2.0137 -0.80373 0.15945 -3.6159 -0.86697
3 50 264 -0.11218 4.8254 -0.077741 -0.25087 3.5728 -0.019862 -0.43412 3.5686 0.94645 0.34203 2.2555 1.5315 0.28872 0.75606 1.887 -0.066446 3.6067 -0.98537 -0.6025 2.1822 -1.5788 -2.0307 2.7296 -1.7749 -0.27404 -0.017625 0.74033 -1.9658 -1.1829 0.29946 -0.18491 -1.1329 0.57656 0.27404 0.017625 -0.74033 0.69369 -2.0023 -0.34298 1.0534 -3.7304 0.025081
3 53 264 -0.078183 4.8258 -0.065135 -0.22568 3.575 0.0066302 -0.38979 3.5832 0.97635 0.49198 2.384 1.6494 0.57389 0.90424 2.0752 -0.060309 3.5966 -0.96267 -0.97026 2.4616 -1.706 -2.225 3.3503 -1.822 -0.26773 -0.030184 0.74223 -1.9095 -1.085 -0.036441 -0.56593 -2.2629 0.20498 0.26773 0.030185 -0.74223 0.82718 -1.9457 -0.29824 1.3047 -3.6358 0.10958
3 54 264 -0.10989 4.8247 -0.055103 -0.262 3.5745 0.016733 -0.43481 3.5847 0.98493 0.45588 2.3963 1.6654 0.55967 0.91274 2.073 -0.087897 3.5942 -0.95108 -1.0023 2.4549 -1.6822 -2.2646 3.331 -1.811 -0.25894 -0.036708 0.74505 -1.7761 -1.2839 -0.001215 -0.74173 -2.7594 0.062714 0.25894 0.036708 -0.74505 0.87033 -1.9212 -0.28982 1.3938 -3.5953 0.12769
4 1 180 -1.1102 4.6913 0.3587 -0.81409 3.4778 0.14881 -0.74954 3.3276 1.1187 -0.52418 1.7307 1.3789 -1.8778 1.012 1.5487 -0.88573 3.6565 -0.81572 -0.33228 2.2471 -1.429 -0.99781 0.92765 -1.8692 0.087663 0.024606 0.78435 -0.46851 -1.996 0.63503 0.15821 -3.6748 0.43567 -0.087663 -0.024606 -0.78435 -0.87123 -1.969 -0.64422 0.53181 -3.1002 -0.69748
4 2 180 -1.1659 4.6781 0.37021 -0.85239 3.469 0.16082 -0.78787 3.3185 1.1306 -0.59682 1.7179 1.3959 -2.004 1.0958 1.4983 -0.92429 3.6478 -0.80365 -0.31556 2.2656 -1.4263 -0.99099 0.95206 -1.8691 0.092677 0.023084 0.78382 -0.38398 -2.017 0.62467 0.32509 -3.6611 0.41295 -0.092677 -0.023084 -0.78382 -1.0188 -1.8994 -0.59369 0.21986 -3.2083 -0.65221
4 3 180 -1.234 4.6605 0.37357 -0.89516 3.4583 0.16377 -0.82575 3.306 1.133 -0.65363 1.7051 1.4089 -2.108 1.1939 1.4422 -0.97242 3.6388 -0.79997 -0.30685 2.285 -1.4268 -1.0072 0.9804 -1.8571 0.095125 0.023639 0.78351 -0.2696 -2.0382 0.61012 0.49945 -3.6539 0.38891 -0.095125 -0.023639 -0.78351 -1.1299 -1.8374 -0.55148 -0.096413 -3.3146 -0.578
4 46 276 -0.95132 4.7114 -0.48617 -0.73943 3.4638 -0.50455 -0.63524 3.5074 0.47249 0.15063 2.3227 1.2774 -1.3854 2.2027 1.2143 -0.84982 3.4493 -1.4818 -0.34624 1.9457 -1.8748 -1.7688 1.4735 -1.513 -0.051997 0.13529 0.7762 -1.0652 -1.7028 0.87224 -0.65109 -3.3913 1.35 0.051997 -0.13529 -0.7762 -0.11038 -2.2007 -0.42713 1.6396 -2.6112 -0.28588
4 52 300 -1.1328 4.6439 -0.73458 -0.89745 3.4041 -0.66172 -1.069 3.4895 0.30298 -0.75083 2.265 1.3366 -2.1741 2.0537 0.78223 -0.73291 3.3475 -1.6298 0.31634 2.1247 -1.8992 -1.0513 1.4466 -2.117 -0.045376 0.15908 0.7721 0.16009 -1.9108 1.0685 1.1753 -3.3857 1.2803 0.045376 -0.15908 -0.7721 -1.2117 -1.8114 -0.44964 -0.33746 -3.2905 0.096994
4 53 300 -1.0662 4.64 -0.86716 -0.83566 3.4022 -0.74713 -1.0688 3.5058 0.20276 -0.74861 2.2623 1.2127 -2.1492 1.9368 0.65584 -0.60909 3.3273 -1.7013 0.4776 2.1163 -1.8472 -0.87626 1.4504 -2.1655 -0.090842 0.16501 0.76682 0.26207 -1.8774 1.1107 1.2989 -3.3233 1.4027 0.090842 -0.16501 -0.76682 -1.0957 -1.8713 -0.45858 -0.5357 -3.4714 0.15519
4 54 300 -0.97558 4.639 -0.98492 -0.76053 3.4028 -0.82326 -1.0422 3.5259 0.11103 -0.73406 2.2585 1.0947 -2.1172 1.8346 0.56097 -0.48489 3.3084 -1.7627 0.59737 2.0856 -1.8089 -0.75542 1.451 -2.1895 -0.13751 0.1708 0.75856 0.21258 -1.8646 1.1446 1.3634 -3.1996 1.5242 0.13751 -0.1708 -0.75856 -0.99117 -1.919 -0.46823 -0.55843 -3.5373 0.19848
4 56 312 -1.1262 4.6274 -0.93101 -0.86191 3.4063 -0.73427 -1.0094 3.5682 0.22458 -0.54949 2.2505 1.0737 -1.9727 1.6902 0.87827 -0.72219 3.2726 -1.6986 0.26259 1.9762 -1.8338 -1.1982 1.4968 -1.9519 -0.062807 0.15592 0.77152 0.0090058 -1.903 1.1838 1.5525 -2.8027 1.4265 0.062807 -0.15592 -0.77152 -0.91991 -1.9402 -0.25698 -0.12634 -3.4322 0.37166
5 14 156 -0.89317 4.7676 -0.090742 -0.62917 3.5291 -0.10083 -0.64729 3.5474 0.88238 -0.082027 2.0626 1.2627 -0.46641 0.71383 1.9036 -0.61781 3.5398 -1.0843 -0.84259 1.9622 -1.4441 -1.9664 0.91078 -1.5398 -0.092844 -0.013056 0.78403 -1.342 -1.6937 0.61267 -1.3105 -3.4824 0.83769 0.092844 0.013056 -0.78403 -0.15143 -2.0667 -0.61322 0.81298 -3.5512 -0.27118
5 15 156 -0.9082 4.7652 -0.066792 -0.63734 3.5282 -0.081758 -0.6804 3.5362 0.90081 -0.097994 2.06 1.2888 -0.43688 0.69703 1.9252 -0.60121 3.5492 -1.0644 -0.80359 1.9716 -1.4372 -1.9441 0.93983 -1.5483 -0.11826 -0.022441 0.78039 -1.372 -1.6909 0.53791 -1.6241 -3.4633 0.75258 0.11826 0.022442 -0.78039 -0.016073 -2.0674 -0.61016 0.96464 -3.5339 -0.23821
5 16 156 -0.92224 4.763 -0.056314 -0.64035 3.5284 -0.074187 -0.7132 3.5245 0.90665 -0.1181 2.0559 1.3037 -0.41265 0.68154 1.9378 -0.57461 3.5612 -1.055 -0.74299 1.9817 -1.4368 -1.8736 0.94255 -1.5765 -0.14471 -0.027461 0.77576 -1.3875 -1.6935 0.46864 -1.7907 -3.4402 0.66167 0.14471 0.027461 -0.77576 0.10638 -2.0663 -0.60601 1.1093 -3.5099 -0.20458
5 18 168 -0.90452 4.7648 0.14249 -0.63106 3.5309 0.061498 -0.5541 3.5063 1.0417 0.10843 2.0415 1.332 0.011404 0.65679 2.0034 -0.71502 3.5843 -0.917 -0.84559 1.9985 -1.2871 -1.8867 0.86129 -1.3082 -0.019723 -0.030692 0.78878 -1.2757 -1.7117 0.68447 -1.578 -3.4742 0.91517 0.019723 0.030692 -0.78878 0.17693 -2.0576 -0.61918 1.3201 -3.4409 -0.44425
5 19 168 -0.9234 4.7616 0.11496 -0.6516 3.5274 0.032264 -0.59373 3.494 1.0135 0.053348 2.025 1.3171 -0.03862 0.64007 1.9887 -0.71646 3.5897 -0.94716 -0.74466 2.0049 -1.3425 -1.7106 0.807 -1.4407 -0.039423 -0.02099 0.78835 -1.2792 -1.7121 0.6566 -1.5008 -3.4876 0.87937 0.039423 0.02099 -0.78835 0.25533 -2.0626 -0.62545 1.4496 -3.4035 -0.46265
5 20 168 -0.93703 4.7588 0.11361 -0.661 3.5261 0.023364 -0.61848 3.4829 1.005 0.0049555 2.0061 1.32 -0.10289 0.62307 1.9932 -0.71058 3.5981 -0.95628 -0.60943 2.0229 -1.3773 -1.4775 0.76233 -1.5645 -0.04883 -0.015228 0.78796 -1.284 -1.709 0.64797 -1.3996 -3.4962 0.85687 0.04883 0.015228 -0.78796 0.31477 -2.0633 -0.63521 1.564 -3.3546 -0.48436
6 17 348 -0.95857 4.7511 -0.066376 -0.73781 3.5068 -0.026943 -0.94627 3.4576 0.933 -0.86565 1.8951 1.4031 -1.8959 0.7615 1.5796 -0.53598 3.585 -0.98637 -0.16349 2.0211 -1.2764 -0.54504 0.61016 -1.7677 -0.072957 -0.003233 0.78623 -0.042353 -2.0943 0.58451 0.68183 -3.742 0.47604 0.072956 0.0032325 -0.78624 -1.0863 -1.749 -0.79528 -1.1359 -3.5481 -0.6872
6 18 348 -0.95534 4.752 -0.087651 -0.73179 3.5085 -0.043437 -0.93212 3.4624 0.91839 -0.84638 1.8979 1.3806 -1.9134 0.79036 1.4929 -0.53822 3.5837 -1.0048 -0.15407 2.0216 -1.2897 -0.50554 0.60032 -1.7736 -0.064886 0.001627 0.78695 0.052077 -2.087 0.59173 0.80074 -3.7229 0.47126 0.064886 -0.001627 -0.78695 -1.1069 -1.7455 -0.79557 -1.3178 -3.5332 -0.69322
6 19 348 -0.94325 4.7547 -0.11443 -0.71846 3.5113 -0.066461 -0.90958 3.4737 0.89761 -0.81142 1.9086 1.3554 -1.9022 0.82105 1.427 -0.53406 3.5779 -1.0303 -0.14087 2.0173 -1.3111 -0.47072 0.58885 -1.7889 -0.056057 0.0090504 0.78757 0.16279 -2.0719 0.59778 0.9221 -3.7021 0.46799 0.056056 -0.0090508 -0.78757 -1.1212 -1.7493 -0.78862 -1.4103 -3.5269 -0.70272
6 20 348 -0.92803 4.7578 -0.12606 -0.70394 3.5142 -0.076444 -0.87671 3.4825 0.89129 -0.7606 1.9196 1.3521 -1.8613 0.84093 1.4044 -0.53782 3.5749 -1.044 -0.13852 2.0152 -1.3205 -0.45586 0.58205 -1.7929 -0.043633 0.013275 0.7883 0.28045 -2.0546 0.6058 1.0574 -3.676 0.47089 0.043632 -0.013275 -0.7883 -1.1352 -1.7524 -0.77913 -1.4445 -3.5273 -0.70848
6 21 348 -0.91584 4.7593 -0.1397 -0.6987 3.5147 -0.087527 -0.85104 3.4912 0.88387 -0.7081 1.9329 1.3529 -1.8007 0.84633 1.4102 -0.55292 3.5672 -1.0588 -0.15499 2.0065 -1.3317 -0.46987 0.5692 -1.793 -0.032573 0.017014 0.78876 0.39824 -2.0321 0.61635 1.2029 -3.6398 0.47925 0.032573 -0.017014 -0.78876 -1.1424 -1.7587 -0.77076 -1.4318 -3.5371 -0.70541
6 33 336 -0.92739 4.7545 -0.012356 -0.70339 3.5103 -0.075543 -0.80092 3.4351 0.90026 -0.42646 1.9071 1.3405 -1.2178 0.66481 1.7967 -0.61229 3.6145 -1.0493 -0.76698 2.0846 -1.6009 -1.7464 0.98225 -2.0518 -0.12071 -0.00053692 0.78034 -0.99596 -1.9048 0.63247 0.16835 -3.247 0.93878 0.12071 0.00053692 -0.78034 -0.55553 -1.9873 -0.70624 0.052138 -3.6615 -0.4255
6 34 336 -0.91472 4.7574 -0.014874 -0.69346 3.5129 -0.078611 -0.77959 3.4388 0.89835 -0.39478 1.9101 1.3269 -1.188 0.66999 1.7858 -0.61373 3.616 -1.0535 -0.825 2.1007 -1.6263 -1.8689 1.0561 -2.0698 -0.12328 -0.00090551 0.77993 -1.1269 -1.8357 0.57862 -0.2125 -3.3664 0.84646 0.12328 0.00090551 -0.77994 -0.48395 -2.0083 -0.68733 0.18588 -3.6552 -0.38739
6 35 336 -0.89776 4.7612 -0.020941 -0.67756 3.5165 -0.082656 -0.75715 3.4422 0.89485 -0.36271 1.9133 1.314 -1.1415 0.66353 1.7713 -0.60435 3.6197 -1.058 -0.8612 2.1161 -1.6426 -1.9646 1.1298 -2.0754 -0.13075 -0.0016961 0.77872 -1.2053 -1.7909 0.53661 -0.60351 -3.4772 0.74915 0.13075 0.0016956 -0.77872 -0.37987 -2.0333 -0.66748 0.3301 -3.6595 -0.34783
6 36 336 -0.87664 4.7659 -0.029837 -0.65831 3.5206 -0.085643 -0.74034 3.4468 0.8917 -0.33317 1.9195 1.304 -1.0727 0.64584 1.7609 -0.58256 3.6234 -1.0609 -0.86719 2.1264 -1.6497 -2.0168 1.1914 -2.0759 -0.1443 -0.0040016 0.77631 -1.2397 -1.7763 0.5052 -0.9795 -3.5544 0.65132 0.1443 0.0040011 -0.77631 -0.24757 -2.0565 -0.65376 0.48391 -3.6675 -0.30672
6 37 336 -0.85593 4.7706 -0.034418 -0.64047 3.5245 -0.080475 -0.73581 3.4527 0.8958 -0.31239 1.9284 1.3034 -0.98917 0.6214 1.7631 -0.55139 3.6254 -1.0548 -0.8565 2.1325 -1.6438 -2.0398 1.2386 -2.0664 -0.16138 -0.0093427 0.7729 -1.2485 -1.7832 0.47989 -1.3294 -3.583 0.55256 0.16138 0.0093431 -0.7729 -0.096917 -2.0709 -0.63111 0.64632 -3.6719 -0.26314
6 41 348 -0.79356 4.7816 0.10775 -0.59376 3.5344 0.044195 -0.55506 3.4533 1.0236 0.0033765 1.9508 1.3385 -0.27535 0.53896 1.8924 -0.63816 3.6446 -0.93215 -0.98053 2.1315 -1.4442 -2.1833 1.1888 -1.6504 -0.064695 -0.017474 0.78677 -1.1221 -1.8304 0.68864 -1.8056 -3.4986 0.6643 0.064695 0.017474 -0.78677 0.26979 -2.0641 -0.58872 1.1889 -3.5986 -0.36208
6 42 348 -0.77526 4.7843 0.1069 -0.58051 3.5362 0.046169 -0.55467 3.4544 1.026 0.010278 1.9547 1.3428 -0.21614 0.53621 1.9036 -0.61197 3.6472 -0.93059 -0.88976 2.1237 -1.4506 -2.0288 1.1111 -1.685 -0.077052 -0.020017 0.7856 -1.1432 -1.8255 0.65119 -1.7159 -3.535 0.6322 0.077052 0.020018 -0.7856 0.36608 -2.0522 -0.59443 1.3381 -3.5533 -0.36417
6 43 348 -0.76 4.786 0.095952 -0.57468 3.5365 0.037043 -0.5619 3.4537 1.017 0.0097219 1.9566 1.3344 -0.18843 0.5384 1.9064 -0.59291 3.6484 -0.93994 -0.79026 2.1144 -1.4658 -1.8394 1.017 -1.7357 -0.092089 -0.019608 0.78399 -1.1443 -1.8299 0.61033 -1.6071 -3.5724 0.5909 0.092089 0.019608 -0.78399 0.46183 -2.0412 -0.60885 1.485 -3.5076 -0.37729
6 44 348 -0.7599 4.7843 0.063933 -0.5827 3.5335 0.0042086 -0.58585 3.4521 0.98437 -0.012589 1.955 1.299 -0.20131 0.5404 1.8829 -0.58493 3.6442 -0.97309 -0.68553 2.1003 -1.4974 -1.6153 0.911 -1.8117 -0.099533 -0.0076678 0.78328 -1.1331 -1.8257 0.58144 -1.5154 -3.5876 0.56105 0.099533 0.0076678 -0.78328 0.53226 -2.0414 -0.61465 1.6312 -3.4546 -0.40006
