2 40 336 4.2698 0.83409 2.062 3.1398 0.70158 1.5116 3.5291 0.61905 0.61216 2.6785 0.17996 -0.71161 3.229 -1.1296 -1.3112 2.7781 0.78602 2.4223 1.1655 0.88908 2.6623 -0.001871 0.062057 3.2375 0.34622 0.011094 -0.70958 1.2079 -1.8226 -0.15335 0.7899 -3.5327 -0.5429 -0.34622 -0.011095 0.70958 0.61495 -1.8053 1.2305 -0.034491 -3.4636 0.94899
2 41 336 4.312 0.71969 2.0088 3.1751 0.61773 1.4674 3.5495 0.53159 0.56193 2.9445 -0.11268 -0.812 3.7621 -1.3721 -1.1631 2.8285 0.705 2.3837 1.27 0.74171 2.8721 0.3701 -0.19434 3.7037 0.33509 0.0074964 -0.71495 1.1942 -1.8267 -0.15627 0.79275 -3.5371 -0.56141 -0.33509 -0.0074964 0.71495 0.60958 -1.8063 1.2499 -0.027789 -3.4669 0.9549
2 42 336 4.3407 0.63938 1.971 3.2037 0.55244 1.4274 3.5809 0.46049 0.52377 3.2452 -0.43274 -0.8022 4.2465 -1.602 -0.89042 2.8542 0.64495 2.3421 1.4108 0.52298 3.0974 0.88743 -0.53135 4.0935 0.32472 0.0048437 -0.71974 1.2048 -1.8147 -0.1462 0.80518 -3.5229 -0.56245 -0.32472 -0.0048437 0.71974 0.62481 -1.7964 1.2703 -0.0076964 -3.4561 0.96028
2 43 324 3.8694 0.59315 2.7963 2.8676 0.50501 2.0335 3.4136 0.41418 1.2205 3.5475 -0.68676 0.021054 4.588 -1.7604 0.39839 2.3466 0.59615 2.8628 0.90106 0.2755 3.5529 0.61425 -0.87385 4.5401 0.46195 -0.0063815 -0.64036 1.2213 -1.8045 0.1372 0.91473 -3.5081 -0.36725 -0.46195 0.0063815 0.64036 0.35804 -1.7808 1.3806 -0.18787 -3.4426 0.94325
2 43 336 4.3662 0.59315 1.9307 3.2277 0.50501 1.3929 3.5928 0.41418 0.48412 3.4744 -0.68676 -0.71698 4.5706 -1.7604 -0.56422 2.8905 0.59615 2.3123 1.6201 0.2755 3.288 1.5448 -0.87385 4.3131 0.31871 -0.0063815 -0.72241 1.2231 -1.8045 -0.11972 0.81839 -3.5081 -0.54941 -0.31871 0.0063815 0.72241 0.63725 -1.7808 1.276 0.012345 -3.4426 0.96169
2 44 324 3.8854 0.58464 2.7774 2.8777 0.49004 2.024 3.4105 0.40597 1.2016 3.6113 -0.84291 0.16782 4.6408 -1.8523 0.71459 2.3701 0.57468 2.8622 1.0701 0.043192 3.6966 1.2504 -1.1437 4.6643 0.46025 -0.0078087 -0.64156 1.2212 -1.8028 0.1416 0.90487 -3.5063 -0.35732 -0.46025 0.0078082 0.64156 0.3661 -1.7762 1.3824 -0.18627 -3.4374 0.95128
2 45 324 3.8901 0.62867 2.7622 2.88 0.51823 2.0135 3.4209 0.42662 1.1971 3.5399 -0.9401 0.31021 4.5322 -1.9423 0.9336 2.3642 0.6105 2.8458 1.1839 -0.16305 3.6688 1.7473 -1.3131 4.5277 0.45709 -0.0047765 -0.64385 1.2204 -1.8123 0.10745 0.88443 -3.5182 -0.36992 -0.45709 0.004776 0.64385 0.35416 -1.786 1.3851 -0.19589 -3.4435 0.93709
2 46 324 3.8948 0.71234 2.7395 2.8867 0.57605 1.9923 3.4332 0.49078 1.179 3.3927 -0.94531 0.40133 4.3274 -1.9896 1.0444 2.3652 0.66242 2.8217 1.2679 -0.33003 3.5142 2.0526 -1.4495 4.2275 0.45205 -0.00057268 -0.64742 1.2158 -1.8221 0.068926 0.87717 -3.5329 -0.38854 -0.45205 0.00057268 0.64742 0.35311 -1.8074 1.3526 -0.21012 -3.4606 0.9047
2 47 324 3.8947 0.84367 2.7044 2.8913 0.66318 1.9613 3.4391 0.58224 1.1485 3.2358 -0.86586 0.42015 4.0849 -1.9856 1.055 2.3686 0.746 2.7903 1.315 -0.39883 3.2884 2.1741 -1.5473 3.8547 0.44533 0.0067611 -0.65202 1.2045 -1.8307 0.027451 0.85924 -3.5455 -0.40978 -0.44533 -0.0067608 0.65202 0.36716 -1.8344 1.2952 -0.23084 -3.4836 0.87867
2 48 324 3.8932 1.0057 2.6554 2.8941 0.77499 1.921 3.4425 0.70304 1.1077 3.0748 -0.71181 0.3785 3.8191 -1.9261 0.9693 2.3707 0.84988 2.7503 1.3114 -0.35785 3.047 2.1349 -1.5966 3.4533 0.43607 0.014052 -0.65813 1.1862 -1.8364 -0.0043048 0.84331 -3.5539 -0.43271 -0.43607 -0.014052 0.65813 0.37364 -1.8603 1.2499 -0.24849 -3.504 0.84736
2 49 324 3.8777 1.1754 2.6078 2.8842 0.89629 1.8836 3.4267 0.84247 1.065 2.9109 -0.4983 0.28713 3.5217 -1.8211 0.79188 2.3667 0.9541 2.718 1.2596 -0.24211 2.8288 1.9495 -1.5943 3.0997 0.4299 0.017495 -0.6621 1.1622 -1.843 -0.016614 0.82654 -3.5605 -0.45044 -0.4299 -0.017495 0.6621 0.38048 -1.8766 1.211 -0.26443 -3.5134 0.81617
2 50 324 3.8474 1.3595 2.5668 2.8621 1.0323 1.851 3.4065 0.99533 1.0327 2.763 -0.2333 0.16957 3.2224 -1.6564 0.54555 2.3425 1.0744 2.685 1.1635 -0.055225 2.6319 1.6258 -1.5166 2.8001 0.42337 0.024701 -0.66606 1.1492 -1.8411 -0.02854 0.81284 -3.5582 -0.4636 -0.42337 -0.024701 0.66606 0.38528 -1.8966 1.1725 -0.28778 -3.5265 0.79661
