0 95 144 -0.11988 4.8169 -0.27723 -0.067147 3.5752 -0.10645 -0.6199 3.5982 0.70675 -1.5207 4.2965 1.8771 -1.6228 5.8252 1.7034 0.48634 3.582 -0.91945 0.96641 4.1301 -2.3816 0.55694 5.5803 -2.7087 -0.42793 0.010769 0.66352 -0.78564 -2.0434 0.40519 -0.30687 -3.7487 0.74226 0.42793 -0.01077 -0.66352 0.2304 -2.0753 -0.99985 0.94633 -3.7164 -0.78779
0 96 144 -0.10749 4.8279 -0.2181 -0.077177 3.5755 -0.093436 -0.63222 3.583 0.71849 -1.7176 4.4369 1.5911 -1.9135 5.8913 1.1175 0.47836 3.5979 -0.90476 0.65566 4.2401 -2.3964 -0.024669 5.601 -2.6467 -0.42471 0.010407 0.66559 -0.79615 -2.0406 0.40151 -0.33378 -3.751 0.73589 0.42471 -0.010407 -0.66559 0.21402 -2.0732 -1.0042 0.91996 -3.719 -0.79421
0 98 132 -0.068962 4.839 -0.12556 -0.08002 3.576 -0.082585 -0.79899 3.5582 0.58833 -2.2236 4.35 0.4769 -2.3813 5.5639 -0.46075 0.63875 3.6235 -0.75226 0.53058 4.2146 -2.2714 -0.54812 5.2522 -2.642 -0.56037 0.0064335 0.55627 -0.88329 -2.0407 0.21093 -0.52623 -3.7559 0.63704 0.56037 -0.006433 -0.55627 0.40612 -2.0662 -0.94079 1.0227 -3.727 -0.60562
0 99 132 -0.08178 4.8428 -0.090693 -0.096943 3.5784 -0.073512 -0.82899 3.5479 0.58265 -2.2832 4.1457 0.13928 -2.4657 5.2284 -0.94332 0.6341 3.6385 -0.72874 0.28854 4.0849 -2.2617 -0.94771 4.9344 -2.619 -0.56793 0.0030518 0.54859 -0.89112 -2.0429 0.19644 -0.5456 -3.7581 0.63186 0.56793 -0.0030513 -0.54858 0.40431 -2.0608 -0.93996 1.0023 -3.7298 -0.61183
0 100 120 -0.086743 4.8437 -0.10577 -0.10144 3.5796 -0.1014 -0.9667 3.544 0.36488 -2.2252 3.8759 -0.62245 -2.1702 4.8274 -1.8346 0.76201 3.6451 -0.56781 0.57698 3.8713 -2.1751 -0.65693 4.5464 -2.807 -0.67687 0.00036192 0.40662 -0.91647 -2.0435 -0.016957 -0.68162 -3.7572 0.4921 0.67687 -0.0003624 -0.40662 0.59376 -2.0535 -0.84476 1.0886 -3.7307 -0.40549
0 101 120 -0.11554 4.8428 -0.1303 -0.12833 3.5795 -0.12825 -0.99747 3.5415 0.33057 -2.166 3.5686 -0.81076 -2.1128 4.3776 -2.1224 0.73868 3.6473 -0.58766 0.45114 3.609 -2.1953 -0.83009 4.1247 -2.881 -0.68276 -0.001101 0.39665 -0.92544 -2.0428 -0.035625 -0.6973 -3.7554 0.4801 0.68276 0.001101 -0.39665 0.59199 -2.0471 -0.85581 1.0709 -3.7294 -0.41813
1 5 300 -0.96285 4.4907 -1.5114 -0.81972 3.2782 -1.182 -1.6473 3.2754 -0.65048 -2.1043 1.9965 0.25743 -3.3778 1.3785 0.86891 0.0026357 3.3095 -1.7207 1.0925 2.0981 -1.8374 2.1307 1.5668 -2.8461 -0.64776 -0.0083079 0.45148 -1.2379 -1.5763 -0.8163 -0.81154 -3.0438 0.14064 0.64776 0.0083082 -0.45148 0.038156 -1.6618 -1.5711 0.73416 -2.9707 -0.54481
1 6 300 -0.83715 4.5801 -1.2986 -0.71377 3.353 -1.0181 -1.5468 3.3443 -0.49518 -2.1853 2.2507 0.5368 -3.5142 1.9673 1.2659 0.11514 3.3908 -1.5461 1.3579 2.3478 -1.7369 2.4933 2.1426 -2.7598 -0.65014 -0.011558 0.44798 -1.2178 -1.7524 -0.58228 -0.81483 -3.3029 0.24509 0.65014 0.011558 -0.44798 0.19925 -1.7858 -1.4382 0.78011 -3.2153 -0.50558
1 8 312 -0.87759 4.672 -0.81658 -0.74057 3.4308 -0.63005 -1.4587 3.4113 0.041737 -2.0374 2.6735 1.3794 -3.1136 2.935 2.4523 -0.025472 3.48 -1.3035 1.3201 2.7236 -1.8385 2.2787 2.9853 -3.0176 -0.54078 -0.018736 0.57507 -1.1863 -1.9796 0.18467 -0.96696 -3.6938 0.6989 0.54078 0.018736 -0.57507 0.27425 -1.9325 -1.3073 0.88464 -3.5689 -0.85969
1 9 312 -0.81943 4.6876 -0.75926 -0.69163 3.444 -0.58692 -1.4035 3.4251 0.091486 -2.0417 2.903 1.5018 -3.0347 3.3834 2.5792 0.017707 3.4925 -1.2665 1.4392 2.9011 -1.8126 2.4052 3.3318 -2.9347 -0.53917 -0.015308 0.57668 -1.1635 -2.0005 0.28758 -1.1077 -3.7057 0.87074 0.53917 0.015309 -0.57668 0.41408 -1.9609 -1.279 1.1006 -3.5913 -0.93075
1 11 324 -0.81548 4.7184 -0.54714 -0.66 3.4757 -0.41016 -1.2164 3.4582 0.40066 -1.5121 3.3674 2.0047 -2.0862 4.2156 3.1574 -0.10553 3.523 -1.2211 1.2664 3.2235 -2.0559 1.9453 3.8982 -3.2649 -0.4127 -0.00038433 0.67318 -1.0282 -2.0061 0.78598 -1.0371 -3.6492 1.5282 0.4127 0.00038433 -0.67318 0.39852 -1.9478 -1.4597 1.3092 -3.5022 -1.3873
1 12 324 -0.7385 4.7346 -0.51207 -0.59242 3.4911 -0.38111 -1.1531 3.4742 0.42682 -1.4376 3.5627 2.033 -1.9143 4.5406 3.1259 -0.033279 3.5378 -1.1889 1.3401 3.3389 -2.051 2.0161 4.0937 -3.2132 -0.40993 0.0038862 0.67486 -1.0138 -1.9904 0.9445 -1.0374 -3.6013 1.754 0.40993 -0.0038857 -0.67486 0.48609 -1.9202 -1.5329 1.4735 -3.4288 -1.5437
1 13 324 -0.66017 4.7503 -0.45365 -0.52529 3.5053 -0.33543 -1.0851 3.49 0.47311 -1.3807 3.7213 2.063 -1.774 4.7959 3.0966 0.033617 3.5505 -1.1435 1.3918 3.4249 -2.0425 2.0653 4.2425 -3.163 -0.40929 0.0021982 0.67526 -1.0059 -1.9763 1.0546 -0.97782 -3.5629 1.9107 0.40929 -0.0021982 -0.67526 0.55371 -1.9114 -1.5403 1.597 -3.3776 -1.654
1 19 324 -0.47993 4.7813 -0.50381 -0.38981 3.5332 -0.35496 -0.92849 3.5557 0.46764 -1.5395 3.8797 1.9477 -1.967 5.1256 2.7493 0.14847 3.5404 -1.1781 1.2827 3.2802 -2.3247 1.8408 4.1269 -3.4862 -0.3815 0.02253 0.69098 -1.516 -1.7451 0.74199 -0.82357 -3.1652 1.6108 0.3815 -0.02253 -0.69098 0.37281 -1.8653 -1.7001 1.624 -3.1465 -1.4902
1 20 324 -0.45856 4.7851 -0.54152 -0.36085 3.5387 -0.37763 -0.90516 3.5651 0.44114 -1.5716 3.7278 1.9237 -2.1284 4.8529 2.8191 0.1826 3.5421 -1.1974 1.2525 3.1237 -2.3589 1.8072 3.7809 -3.6388 -0.39446 0.025454 0.68356 -1.5184 -1.7494 0.71739 -0.83337 -3.1782 1.5777 0.39446 -0.025454 -0.68356 0.32588 -1.8482 -1.7262 1.5583 -3.1411 -1.4802
1 24 324 -0.50755 4.7668 -0.59762 -0.45665 3.5167 -0.42611 -1.0026 3.5582 0.39091 -1.691 3.3909 1.8629 -2.3882 4.1103 3.0352 0.088644 3.5049 -1.2446 1.1088 2.8913 -2.3632 1.7394 3.2203 -3.7314 -0.38622 0.028842 0.68811 -1.3065 -1.8556 0.81616 -0.86939 -3.4071 1.624 0.38622 -0.028842 -0.68811 0.38095 -1.9753 -1.4791 1.5187 -3.3737 -1.4464
1 25 324 -0.60942 4.7492 -0.63556 -0.55155 3.4987 -0.46245 -1.1008 3.5332 0.35275 -1.7611 3.3741 1.8385 -2.4541 4.1162 2.999 -0.0039067 3.4939 -1.2794 1.0581 2.9262 -2.3833 1.6461 3.3326 -3.7496 -0.38053 0.025141 0.69142 -1.3653 -1.8276 0.79972 -0.91718 -3.3742 1.6111 0.38053 -0.025141 -0.69142 0.33128 -1.9465 -1.5402 1.4729 -3.3401 -1.4665
1 26 324 -0.71549 4.7337 -0.66956 -0.64003 3.4856 -0.48408 -1.1924 3.5171 0.32911 -1.8269 3.4149 1.831 -2.5109 4.1857 2.978 -0.090263 3.4836 -1.2996 1.009 2.9972 -2.4058 1.552 3.492 -3.7616 -0.37733 0.017431 0.69341 -1.4791 -1.7704 0.75679 -0.9907 -3.2944 1.5873 0.37733 -0.017431 -0.69341 0.2461 -1.8828 -1.6512 1.3991 -3.2613 -1.5055
2 0 120 -1.4342 3.8359 -2.5532 -1.0328 2.9528 -1.7423 -1.8977 2.9191 -1.2753 -1.645 2.625 0.31168 -2.0782 1.6837 1.4536 -0.17923 3.0067 -2.228 1.2109 2.8813 -1.3792 2.6434 2.3106 -1.3817 -0.66708 0.012938 0.42229 -1.0917 -1.8841 -0.37483 -0.65564 -3.5499 0.15959 0.66708 -0.012938 -0.42229 0.29253 -1.9294 -1.1977 0.73716 -3.4966 -0.42504
2 1 120 -1.5526 3.6134 -2.7973 -1.1275 2.7952 -1.9322 -1.994 2.7601 -1.4681 -1.6459 2.665 0.12516 -1.956 1.8565 1.401 -0.27296 2.849 -2.4161 1.0716 2.8947 -1.4894 2.533 2.4268 -1.3379 -0.66982 0.014499 0.41788 -1.1148 -1.8475 -0.44765 -0.66497 -3.4955 0.12931 0.66982 -0.014499 -0.41788 0.26742 -1.8983 -1.2567 0.72416 -3.4444 -0.44931
2 2 120 -1.6535 3.386 -3.0205 -1.2119 2.6228 -2.1143 -2.0801 2.5858 -1.6535 -1.6546 2.6451 -0.077421 -1.8558 1.9737 1.2961 -0.35609 2.6772 -2.5959 0.9332 2.8408 -1.6061 2.3959 2.4453 -1.3199 -0.6751 0.015066 0.40929 -1.1425 -1.8052 -0.53003 -0.67557 -3.429 0.099474 0.6751 -0.015066 -0.40929 0.23639 -1.8574 -1.3191 0.70806 -3.3763 -0.46982
2 3 108 -1.025 3.1577 -3.5121 -0.77885 2.4443 -2.498 -1.7242 2.4053 -2.2296 -1.5784 2.5639 -0.6102 -1.9841 2.0048 0.76837 0.15866 2.4995 -2.7903 1.1468 2.7147 -1.5073 2.4732 2.34 -0.81587 -0.74939 0.014306 0.2484 -1.0217 -1.7571 -0.84805 -0.68557 -3.3483 -0.069629 0.74939 -0.014306 -0.2484 0.4871 -1.8078 -1.3109 0.78006 -3.2925 -0.33068
2 4 108 -1.0598 2.9497 -3.6837 -0.81451 2.2762 -2.6429 -1.7603 2.2324 -2.3767 -1.5713 2.4214 -0.76505 -1.9147 1.9191 0.65178 0.12327 2.3353 -2.9335 1.0523 2.5215 -1.6027 2.3251 2.1105 -0.83546 -0.75145 0.01072 0.24228 -1.0292 -1.7051 -0.938 -0.68717 -3.256 -0.084453 0.75146 -0.01072 -0.24228 0.47361 -1.7526 -1.3838 0.7683 -3.192 -0.33883
2 5 108 -1.0745 2.7986 -3.799 -0.83247 2.1446 -2.7458 -1.7787 2.0931 -2.4826 -1.563 2.2399 -0.86995 -1.8613 1.7 0.54327 0.10568 2.2108 -3.0337 0.99024 2.2949 -1.6628 2.1971 1.7347 -0.88357 -0.75254 0.010496 0.23891 -1.0287 -1.6485 -1.0204 -0.68214 -3.1458 -0.077526 0.75254 -0.010496 -0.23891 0.46514 -1.6942 -1.4624 0.76151 -3.0721 -0.33799
2 6 108 -1.0833 2.7106 -3.8614 -0.85314 2.0625 -2.8025 -1.8013 2.0064 -2.5472 -1.5793 2.0068 -0.92875 -1.8474 1.3195 0.42531 0.087041 2.133 -3.0826 0.94576 2.0216 -1.6973 2.0642 1.2245 -0.99639 -0.75185 0.0067756 0.2412 -1.0317 -1.5877 -1.0981 -0.68686 -3.0171 -0.054645 0.75185 -0.0067759 -0.2412 0.46399 -1.6419 -1.5287 0.77293 -2.9469 -0.32354
2 7 108 -1.076 2.7171 -3.8576 -0.86671 2.0506 -2.8064 -1.8188 1.992 -2.5669 -1.6162 1.7159 -0.9696 -1.8741 0.78388 0.23146 0.077815 2.1239 -3.0708 0.9223 1.7171 -1.7329 1.905 0.6437 -1.2231 -0.75215 -0.0050759 0.2403 -1.0355 -1.5194 -1.1883 -0.70731 -2.8623 -0.030741 0.75215 0.0050757 -0.24029 0.47811 -1.5943 -1.5749 0.80057 -2.8258 -0.29804
2 8 108 -1.0461 2.8051 -3.8021 -0.85398 2.1052 -2.7698 -1.8093 2.0428 -2.5446 -1.6671 1.4042 -1.0477 -1.9507 0.14683 -0.20138 0.094147 2.183 -3.0196 0.91637 1.4022 -1.8435 1.6954 0.079658 -1.6964 -0.75446 -0.01733 0.23234 -1.0316 -1.4641 -1.2658 -0.71339 -2.7125 -0.0043361 0.75446 0.01733 -0.23234 0.50422 -1.5486 -1.6106 0.82066 -2.7042 -0.26319
2 9 108 -0.99293 2.9672 -3.6922 -0.8147 2.211 -2.6991 -1.7723 2.1476 -2.4838 -1.7586 1.1048 -1.2265 -2.0725 -0.39127 -1.0237 0.13597 2.2905 -2.9384 0.87176 1.1236 -2.0633 1.3675 -0.28579 -2.4446 -0.75786 -0.027252 0.22002 -1.0158 -1.4574 -1.2973 -0.68483 -2.6057 0.05279 0.75786 0.027252 -0.22002 0.53496 -1.5252 -1.6181 0.84137 -2.604 -0.20632
2 16 108 -0.49482 4.4234 -1.8918 -0.4671 3.2223 -1.4966 -1.4309 3.2323 -1.3007 -2.3305 2.8413 -2.607 -1.7612 4.2241 -2.9832 0.49442 3.2403 -1.7028 0.61561 2.6674 -3.2279 0.22369 4.1564 -3.3108 -0.75123 0.0054674 0.24315 -0.68954 -2.0939 0.29996 -0.42707 -3.4756 1.4282 0.75123 -0.0054674 -0.24315 0.91709 -2.0999 -0.24219 1.3924 -3.369 0.94711
2 17 108 -0.45549 4.5058 -1.7048 -0.40708 3.2936 -1.3423 -1.3676 3.301 -1.1306 -2.2465 2.9214 -2.4543 -1.6859 4.3138 -2.8072 0.55126 3.3147 -1.5625 0.72345 2.7787 -3.096 0.32515 4.268 -3.1283 -0.75423 0.0069966 0.23363 -0.67879 -2.0906 0.32744 -0.44226 -3.4583 1.4783 0.75423 -0.0069966 -0.23363 0.88722 -2.1029 -0.17318 1.425 -3.2855 1.0771
2 18 108 -0.46547 4.4801 -1.7677 -0.39231 3.2693 -1.405 -1.3504 3.2653 -1.1827 -2.228 2.8407 -2.4935 -1.6824 4.2333 -2.8687 0.56311 3.3016 -1.6362 0.77157 2.7195 -3.1483 0.35691 4.2029 -3.2203 -0.75915 0.0096245 0.21701 -0.72671 -2.0891 0.12455 -0.42425 -3.3302 1.397 0.75915 -0.009625 -0.21701 0.82081 -2.1047 -0.36248 1.3389 -3.1304 1.0269
2 19 108 -0.48163 4.4397 -1.876 -0.3809 3.2428 -1.4791 -1.3369 3.2254 -1.2488 -2.2006 2.6829 -2.525 -1.7111 4.0671 -2.9961 0.57164 3.2878 -1.72 0.81604 2.6313 -3.1958 0.36291 4.0932 -3.3833 -0.76227 0.014739 0.20548 -0.80305 -2.0512 -0.17473 -0.44 -3.1635 1.1971 0.76227 -0.014738 -0.20548 0.75225 -2.0724 -0.62991 1.2148 -3.008 0.84037
2 29 108 -0.58564 3.7762 -2.9709 -0.47592 2.7957 -2.1916 -1.4396 2.7662 -1.9973 -1.7667 1.1656 -1.9932 -2.0514 0.31886 -3.25 0.48251 2.8461 -2.4066 1.0324 1.3273 -2.6509 0.79555 0.77131 -4.0695 -0.76063 0.036828 0.20876 -1.2657 -1.0302 -1.5292 -0.9926 -2.5752 -0.64066 0.76063 -0.036829 -0.20876 0.44873 -1.0918 -1.9987 0.6435 -2.5612 -0.97221
2 30 108 -0.61031 3.5952 -3.1738 -0.47823 2.6821 -2.318 -1.44 2.6515 -2.1145 -1.7155 1.0498 -1.9487 -2.0975 -0.059917 -2.9488 0.47781 2.732 -2.5435 1.0283 1.1951 -2.6034 1.0398 0.19254 -3.7749 -0.76391 0.03927 0.19596 -1.2125 -0.95223 -1.6013 -0.97278 -2.4293 -0.59543 0.76391 -0.03927 -0.19596 0.38906 -1.0073 -2.0226 0.66328 -2.4 -0.91086
2 31 108 -0.66559 3.3583 -3.4127 -0.50851 2.5098 -2.4956 -1.4675 2.4763 -2.2798 -1.71 0.9049 -1.9047 -2.1258 -0.39496 -2.6224 0.4442 2.5612 -2.7345 1.0499 1.0533 -2.5673 1.2163 -0.26391 -3.3515 -0.7661 0.038656 0.18732 -1.1832 -1.0066 -1.5869 -0.91196 -2.4392 -0.52622 0.7661 -0.038656 -0.18732 0.37524 -1.0124 -2.0076 0.65768 -2.3741 -0.86004
2 68 96 -0.27286 3.3117 -3.5119 -0.28439 2.4021 -2.6465 -1.2665 2.3522 -2.6293 -1.6324 0.93147 -3.348 -1.7444 1.2819 -4.8455 0.69593 2.4707 -2.6868 0.9639 1.0779 -3.4974 0.61618 1.3407 -4.9765 -0.78531 -0.016322 0.080751 -0.81333 -1.5958 -1.3045 -0.77581 -2.639 0.16561 0.78531 0.016322 -0.080751 0.92721 -1.6689 -1.3274 0.91063 -2.6089 0.21108
2 72 108 -0.66847 4.3456 -2.0607 -0.51009 3.1886 -1.5706 -1.4589 3.1681 -1.3125 -2.3627 2.8766 -2.6418 -2.0493 4.3803 -2.7769 0.43451 3.2361 -1.8405 0.40975 2.837 -3.4245 0.18917 4.3628 -3.4541 -0.7609 -0.022413 0.20982 -0.78344 -2.1184 0.066071 -0.57366 -3.4546 1.2584 0.7609 0.022413 -0.20982 0.89433 -2.0637 -0.42134 1.3876 -3.2954 0.79946
2 73 108 -0.59222 4.4262 -1.91 -0.42788 3.2629 -1.4368 -1.3781 3.2389 -1.184 -2.3462 3.0642 -2.4883 -1.9021 4.5394 -2.5539 0.51832 3.3143 -1.7003 0.55356 2.9833 -3.2996 0.32105 4.5074 -3.2707 -0.76633 -0.018288 0.18949 -0.75887 -2.1128 0.02382 -0.59292 -3.4407 1.2321 0.76633 0.018289 -0.18949 0.84638 -2.0633 -0.46308 1.3657 -3.2355 0.80468
2 74 108 -0.55796 4.3953 -1.9851 -0.3911 3.2302 -1.5169 -1.3409 3.2053 -1.2628 -2.3605 3.0796 -2.533 -1.8537 4.5353 -2.5734 0.55464 3.2826 -1.7818 0.65131 2.961 -3.3806 0.40281 4.4828 -3.3728 -0.76976 -0.0081673 0.17579 -0.80792 -2.0748 -0.20077 -0.58935 -3.3361 1.069 0.76976 0.0081673 -0.17579 0.79796 -2.0304 -0.68349 1.2141 -3.1189 0.69234
2 75 108 -0.54399 4.3506 -2.0853 -0.37352 3.1986 -1.5873 -1.325 3.1739 -1.3394 -2.3722 3.0114 -2.5826 -1.8651 4.4665 -2.6378 0.57364 3.2502 -1.8472 0.71235 2.8681 -3.4295 0.44416 4.3854 -3.4895 -0.77167 -0.00060272 0.16742 -0.87879 -2.0103 -0.43601 -0.62748 -3.2908 0.80819 0.77167 0.00060272 -0.16742 0.76567 -1.9626 -0.9158 1.0509 -3.0706 0.47772
2 76 108 -0.55913 4.3152 -2.1584 -0.38646 3.1825 -1.6187 -1.3388 3.1595 -1.3739 -2.391 2.9021 -2.5967 -1.9397 4.3717 -2.7164 0.56143 3.2319 -1.8764 0.72044 2.7533 -3.4302 0.41717 4.2566 -3.5907 -0.77072 -0.0015378 0.17171 -0.94698 -1.935 -0.63145 -0.7165 -3.3172 0.50311 0.77072 0.0015378 -0.17171 0.72128 -1.8796 -1.1062 0.89168 -3.0801 0.22815
2 77 108 -0.5736 4.2741 -2.2353 -0.39711 3.1603 -1.6589 -1.3508 3.1354 -1.4196 -2.3939 2.759 -2.6191 -2.0152 4.2383 -2.8334 0.55191 3.2111 -1.9122 0.73961 2.6363 -3.4298 0.38549 4.1123 -3.7012 -0.76964 -0.00038481 0.17651 -0.99951 -1.8557 -0.78222 -0.83613 -3.3678 0.18618 0.76964 0.00038481 -0.17651 0.67133 -1.7957 -1.2622 0.75005 -3.1252 -0.046787
2 78 108 -0.57254 4.2376 -2.3027 -0.3909 3.1387 -1.7003 -1.3469 3.1051 -1.4717 -2.373 2.5926 -2.635 -2.073 4.0692 -2.9626 0.56025 3.1978 -1.9436 0.78553 2.5278 -3.4164 0.37599 3.9664 -3.791 -0.77044 0.003696 0.17295 -1.0446 -1.7915 -0.88365 -0.96445 -3.4281 -0.13122 0.77044 -0.003696 -0.17295 0.6242 -1.7105 -1.3894 0.64604 -3.1956 -0.36732
2 79 108 -0.56407 4.2317 -2.3139 -0.37851 3.1412 -1.6975 -1.3355 3.1012 -1.4739 -2.3384 2.4493 -2.5865 -2.1127 3.9054 -3.041 0.57344 3.2064 -1.9361 0.83753 2.4392 -3.3539 0.37226 3.8344 -3.817 -0.77056 0.0076337 0.17226 -1.0935 -1.7413 -0.94636 -1.1055 -3.4749 -0.45117 0.77056 -0.0076337 -0.17226 0.56173 -1.6545 -1.4601 0.57616 -3.2996 -0.72238
2 80 108 -0.534 4.2452 -2.2924 -0.35451 3.1612 -1.663 -1.3137 3.1199 -1.4494 -2.2877 2.3292 -2.4957 -2.1289 3.7489 -3.0762 0.59973 3.2277 -1.8918 0.90296 2.372 -3.25 0.39385 3.7247 -3.7871 -0.77014 0.013544 0.17378 -1.1465 -1.6917 -0.99452 -1.2387 -3.4758 -0.75132 0.77014 -0.013544 -0.17378 0.49856 -1.6304 -1.4877 0.52633 -3.3788 -1.0482
2 81 108 -0.50601 4.2675 -2.2548 -0.34381 3.1815 -1.6249 -1.3053 3.1438 -1.4211 -2.2529 2.2301 -2.3885 -2.1465 3.6044 -3.0798 0.61294 3.2442 -1.8441 0.96376 2.3082 -3.1361 0.42413 3.622 -3.7365 -0.7668 0.019204 0.18747 -1.2142 -1.6277 -1.038 -1.3348 -3.4249 -0.9578 0.7668 -0.019204 -0.18748 0.46501 -1.5915 -1.548 0.49488 -3.3759 -1.2915
2 82 108 -0.4706 4.2999 -2.2018 -0.31962 3.2044 -1.5846 -1.2809 3.1914 -1.3768 -2.2134 2.1917 -2.271 -2.1277 3.5254 -3.0402 0.63757 3.2428 -1.8075 1.0358 2.2604 -3.0505 0.4833 3.5498 -3.6907 -0.7616 0.027568 0.20666 -1.2863 -1.5035 -1.1331 -1.3487 -3.3002 -0.99664 0.7616 -0.027568 -0.20666 0.43998 -1.4925 -1.678 0.48147 -3.2764 -1.4193
2 83 108 -0.45487 4.3196 -2.1675 -0.31862 3.2152 -1.5627 -1.2797 3.2245 -1.3538 -2.2059 2.1831 -2.2061 -2.1153 3.4926 -3.0153 0.63903 3.2317 -1.7862 1.057 2.2242 -3.0024 0.50839 3.4943 -3.6831 -0.75887 0.025611 0.2167 -1.4006 -1.1891 -1.3729 -1.3261 -2.9557 -1.0201 0.75887 -0.025611 -0.2167 0.39901 -1.2252 -1.9036 0.46507 -2.9467 -1.3716
2 84 108 -0.46244 4.2709 -2.2596 -0.33555 3.171 -1.6453 -1.2906 3.1877 -1.4107 -2.1671 2.0705 -2.2183 -2.1076 3.3375 -3.0953 0.61575 3.1798 -1.895 1.0218 2.0919 -3.044 0.50575 3.3086 -3.8383 -0.75649 0.028852 0.22448 -1.4613 -0.81491 -1.5659 -1.2788 -2.5089 -0.97596 0.75649 -0.028852 -0.22448 0.35548 -0.8767 -2.1045 0.51457 -2.4815 -1.2982
2 85 108 -0.45758 4.2498 -2.2869 -0.33864 3.1736 -1.6306 -1.2908 3.199 -1.3853 -2.0575 1.9313 -2.0737 -2.1047 3.0766 -3.1051 0.60969 3.1734 -1.8914 0.99438 1.9358 -2.886 0.51396 2.9999 -3.8933 -0.75459 0.028579 0.23083 -1.4613 -0.61269 -1.641 -1.2149 -2.2293 -0.88153 0.75459 -0.028579 -0.23083 0.34978 -0.73098 -2.1691 0.55682 -2.2193 -1.1727
2 86 108 -0.4807 4.2083 -2.3478 -0.36758 3.1466 -1.6682 -1.3236 3.1782 -1.4392 -1.9884 1.8015 -2.015 -2.0948 2.753 -3.2237 0.58473 3.1394 -1.914 0.95886 1.8101 -2.7867 0.46282 2.6817 -3.958 -0.75682 0.019693 0.22437 -1.4436 -0.50287 -1.6912 -1.1623 -2.0511 -0.81108 0.75682 -0.019693 -0.22437 0.3481 -0.63978 -2.1898 0.58426 -2.0387 -1.0771
2 87 108 -0.49912 4.149 -2.4418 -0.40064 3.0951 -1.7523 -1.3565 3.121 -1.5222 -1.9697 1.691 -2.0199 -2.0897 2.4491 -3.3573 0.55118 3.0929 -2.0001 0.94068 1.7175 -2.791 0.40061 2.4458 -4.0382 -0.75767 0.016824 0.22169 -1.4189 -0.44187 -1.7191 -1.1212 -1.9417 -0.76373 0.75767 -0.016824 -0.22169 0.34873 -0.59795 -2.1989 0.60282 -1.9289 -1.0094
2 88 108 -0.54046 4.086 -2.527 -0.4384 3.0491 -1.8162 -1.3953 3.0651 -1.5893 -1.9914 1.6119 -2.038 -2.1077 2.2274 -3.447 0.51399 3.0559 -2.0617 0.92794 1.6647 -2.8113 0.35642 2.314 -4.0878 -0.75779 0.012181 0.22159 -1.3721 -0.44149 -1.7357 -1.0894 -1.9144 -0.73497 0.75779 -0.012181 -0.22159 0.32183 -0.61654 -2.186 0.61234 -1.909 -0.96291
