0 44 300 -0.57134 4.7818 0.050193 -0.24953 3.572 0.13742 -0.051987 3.5969 1.1006 -0.99676 2.35 1.5712 -2.3062 2.299 0.75862 -0.45092 3.5767 -0.82528 0.24357 2.6576 -1.9837 0.40585 2.4578 -3.504 0.65045 0.040276 0.44586 0.73582 -2.0555 0.32476 0.91738 -3.5619 -0.64922 -0.65045 -0.040276 -0.44586 -1.0616 -1.8276 0.57917 -1.3618 -3.6014 0.45969
0 45 300 -0.57211 4.7749 0.0049864 -0.24746 3.5718 0.13249 -0.12828 3.6027 1.1083 -1.1518 2.3545 1.3599 -2.2025 2.3302 0.23169 -0.37041 3.5706 -0.84334 0.49826 2.6374 -1.8648 0.97045 2.2931 -3.2918 0.62968 0.038 0.47494 0.73033 -2.0559 0.33456 0.93302 -3.5515 -0.65191 -0.62968 -0.038 -0.47493 -1.0715 -1.8158 0.55394 -1.3583 -3.5934 0.46026
0 51 300 -0.65949 4.7618 -0.02302 -0.32726 3.5635 0.14517 -0.24869 3.6124 1.1244 -1.2374 2.331 0.90238 -1.3407 2.4983 -0.62701 -0.41067 3.5439 -0.83464 0.30068 2.3494 -1.6924 0.62687 1.6138 -3.0078 0.59442 0.043638 0.51793 0.70705 -2.0432 0.30207 0.98672 -3.5381 -0.66654 -0.59442 -0.043638 -0.51793 -1.1054 -1.807 0.50376 -1.3462 -3.5928 0.44196
0 53 288 -0.62893 4.7734 -0.046278 -0.32596 3.565 0.12518 -0.2627 3.6145 1.1054 -1.2946 2.3556 0.96728 -1.511 2.5193 -0.55063 -0.39419 3.5449 -0.85579 0.2365 2.3635 -1.7914 0.43693 1.6894 -3.1636 0.55198 0.039004 0.56329 0.69658 -2.0533 0.43753 1.1166 -3.558 -0.46259 -0.55198 -0.039004 -0.56329 -1.1765 -1.83 0.34044 -1.3835 -3.6113 0.15397
0 54 276 -0.58016 4.7814 -0.080769 -0.3149 3.5667 0.11547 -0.35641 3.6211 1.0966 -1.4092 2.3854 0.91365 -1.6064 2.5334 -0.60848 -0.27787 3.5416 -0.86706 0.41745 2.3878 -1.7911 0.679 1.7701 -3.1795 0.47897 0.027053 0.62718 0.62828 -2.0685 0.60391 1.1968 -3.5755 -0.20639 -0.47897 -0.027053 -0.62718 -1.2167 -1.8422 0.13138 -1.3719 -3.6199 -0.12633
0 55 276 -0.56115 4.7869 0.0024844 -0.29055 3.5671 0.15945 -0.21575 3.6138 1.139 -1.3115 2.4021 1.1369 -1.8227 2.5378 -0.3115 -0.36989 3.5498 -0.82074 0.1748 2.4275 -1.8754 0.20954 1.8668 -3.3114 0.53388 0.021782 0.58137 0.67605 -2.074 0.62202 1.2012 -3.5935 -0.19426 -0.53388 -0.021782 -0.58137 -1.2092 -1.8586 0.18311 -1.3579 -3.6296 -0.12075
0 56 264 -0.53558 4.793 -0.039398 -0.29064 3.569 0.13099 -0.30698 3.6092 1.1136 -1.4187 2.4135 1.0563 -1.9393 2.5576 -0.38796 -0.27871 3.5581 -0.85242 0.31904 2.4616 -1.9056 0.40658 1.9558 -3.3596 0.46025 0.017432 0.64138 0.58159 -2.0766 0.76177 1.2223 -3.611 0.064536 -0.46025 -0.017432 -0.64138 -1.2223 -1.8749 -0.022146 -1.2878 -3.6367 -0.3998
0 76 180 -0.47192 4.8277 0.032073 -0.34066 3.5709 -0.023872 -0.17782 3.515 0.94449 -0.41445 1.9134 1.1621 -1.785 1.4198 1.6677 -0.50762 3.6562 -0.98938 -0.9851 2.1322 -1.3331 -2.2753 1.2925 -1.4221 0.11059 0.027959 0.78134 -0.48175 -1.9807 0.9513 0.054101 -3.6978 1.0742 -0.11059 -0.027959 -0.78134 -0.56766 -2.0785 -0.75931 0.23608 -3.6826 -0.93827
3 48 276 -0.2817 4.8211 0.0069285 -0.3576 3.5645 0.089341 -0.40543 3.5595 1.0717 0.25262 2.1087 1.4335 0.046088 0.60127 1.6838 -0.30964 3.5992 -0.89242 -0.40936 2.0097 -1.2563 -1.8708 1.5192 -1.2904 -0.084972 -0.031665 0.78439 -1.5804 -1.5075 0.79587 0.18818 -1.8535 0.73755 0.084973 0.031664 -0.78439 0.50987 -2.0062 -0.49979 0.88031 -3.7498 -0.22898
5 1 156 -0.89959 4.7613 -0.20378 -0.65141 3.5213 -0.13461 -0.81744 3.5576 0.83414 -0.52774 2.0483 1.3879 -1.2455 0.79833 1.9358 -0.49187 3.514 -1.1051 -0.17588 1.9267 -1.3269 -0.62103 0.4977 -1.6978 -0.10972 -0.010726 0.78189 0.05227 -2.0959 0.58162 1.221 -3.4652 0.68262 0.10972 0.010726 -0.78189 -1.085 -1.7166 -0.84024 -0.8901 -3.4962 -0.62566
5 2 156 -0.85858 4.7658 -0.24073 -0.62464 3.5245 -0.1498 -0.78689 3.5803 0.81866 -0.43572 2.0839 1.372 -1.0726 0.81309 1.9696 -0.46854 3.4977 -1.1205 -0.19912 1.9018 -1.3422 -0.6447 0.471 -1.7055 -0.11258 -0.010542 0.78148 0.08996 -2.093 0.58965 1.3077 -3.4162 0.72046 0.11258 0.010542 -0.78148 -1.0401 -1.7448 -0.84705 -0.76991 -3.5116 -0.60954
5 3 156 -0.81537 4.7701 -0.25337 -0.5991 3.5268 -0.14765 -0.75047 3.6 0.82141 -0.35841 2.114 1.3752 -0.90219 0.8158 2.0051 -0.45346 3.4827 -1.1194 -0.23366 1.8787 -1.3379 -0.70596 0.45405 -1.6913 -0.10412 -0.012904 0.78262 0.084813 -2.0989 0.61711 1.35 -3.3751 0.76345 0.10412 0.012905 -0.78262 -0.97506 -1.7893 -0.8245 -0.6267 -3.5414 -0.58022
5 4 156 -0.79008 4.772 -0.25874 -0.5894 3.5268 -0.14478 -0.72107 3.6122 0.82616 -0.30475 2.133 1.3807 -0.77219 0.81523 2.0308 -0.46314 3.4706 -1.1186 -0.28709 1.8607 -1.3336 -0.81927 0.4527 -1.6681 -0.089007 -0.01341 0.78447 0.019486 -2.1079 0.65937 1.3377 -3.3287 0.80998 0.089007 0.01341 -0.78447 -0.92518 -1.8264 -0.81141 -0.49623 -3.5588 -0.55515
5 10 156 -0.80768 4.7799 -0.16983 -0.57391 3.5357 -0.14695 -0.55153 3.5913 0.83477 -0.03543 2.1024 1.2655 -0.5612 0.81481 1.9314 -0.60252 3.5092 -1.1297 -0.7674 1.9104 -1.4222 -1.6905 0.67978 -1.5271 -0.030199 0.0062585 0.78902 -1.0371 -1.8377 0.80689 0.1832 -3.1612 0.90689 0.030199 -0.0062585 -0.78902 -0.62741 -1.9949 -0.62456 0.23826 -3.557 -0.3765
5 25 192 -0.9613 4.7297 0.45402 -0.69757 3.5093 0.24111 -0.4793 3.4084 1.1948 0.0079189 1.8817 1.5123 -0.1884 0.52154 2.2116 -0.92244 3.6389 -0.70757 -0.66776 2.1445 -1.3164 -1.1164 0.73233 -1.7432 0.12511 -0.013777 0.77952 -0.86447 -1.8616 0.92318 -0.46794 -3.6174 1.0272 -0.12511 0.013777 -0.77952 -0.40157 -2.0687 -0.81624 1.1391 -2.9888 -0.9911
5 26 192 -0.99249 4.7244 0.44353 -0.71061 3.5087 0.22803 -0.55077 3.4003 1.1924 -0.1637 1.8655 1.5966 -0.4477 0.52193 2.2979 -0.87764 3.6455 -0.73152 -0.57471 2.1593 -1.3381 -1.0139 0.75335 -1.7944 0.089853 -0.018206 0.78428 -0.85941 -1.8904 0.87497 -0.37549 -3.6245 0.97231 -0.089853 0.018206 -0.78428 -0.55797 -2.0298 -0.81188 0.95636 -3.0053 -0.89073
5 38 204 -0.78157 4.7852 -0.14462 -0.53278 3.5438 -0.12386 -0.60123 3.5897 0.85622 -0.53996 2.0909 1.5032 -1.653 1.1557 2.0173 -0.4702 3.527 -1.1053 -0.16826 1.9386 -1.3386 -0.60966 0.49425 -1.6496 -0.0032624 0.017106 0.78943 0.22194 -2.0718 0.77519 1.4293 -3.4108 0.7597 0.0032626 -0.017106 -0.78943 -1.1796 -1.7534 -0.81011 -1.0154 -3.5197 -0.4878
5 39 204 -0.73137 4.7899 -0.22063 -0.49698 3.5467 -0.16441 -0.5924 3.6144 0.81215 -0.44862 2.109 1.4301 -1.4539 1.07 1.9665 -0.40697 3.5083 -1.1431 -0.12229 1.9141 -1.3579 -0.58275 0.47506 -1.666 -0.033214 0.01792 0.78872 0.25857 -2.0627 0.80501 1.5434 -3.3275 0.82523 0.033214 -0.01792 -0.78872 -1.1247 -1.7702 -0.84336 -0.88005 -3.5174 -0.47137
5 40 204 -0.6946 4.7927 -0.24455 -0.48232 3.5464 -0.1707 -0.60309 3.6259 0.80216 -0.39245 2.1195 1.398 -1.2473 0.96769 1.9639 -0.36651 3.4962 -1.1461 -0.10054 1.8972 -1.3485 -0.61536 0.47558 -1.6514 -0.049019 0.012809 0.78799 0.23689 -2.0669 0.8726 1.6055 -3.2398 0.92075 0.049019 -0.01281 -0.78799 -1.0562 -1.7996 -0.79842 -0.72881 -3.5337 -0.42875
5 41 204 -0.68194 4.7923 -0.24248 -0.48298 3.5448 -0.15319 -0.62792 3.6324 0.81567 -0.37092 2.1271 1.3962 -1.0574 0.88105 1.9909 -0.34268 3.4866 -1.1249 -0.094259 1.8848 -1.3279 -0.68796 0.49372 -1.628 -0.055548 0.0028372 0.78766 0.11539 -2.0856 0.94156 1.5764 -3.1396 1.0146 0.055548 -0.0028372 -0.78766 -0.9875 -1.8265 -0.76012 -0.58759 -3.5445 -0.38677
5 42 204 -0.69004 4.7895 -0.24901 -0.48956 3.5428 -0.15187 -0.6505 3.6335 0.81418 -0.36216 2.129 1.3817 -0.88169 0.82045 2.0106 -0.33323 3.4815 -1.121 -0.10174 1.878 -1.3307 -0.77387 0.52492 -1.6389 -0.059661 -0.00047588 0.78736 -0.074677 -2.0923 0.98299 1.4494 -3.0492 1.0942 0.059661 0.00047588 -0.78736 -0.92757 -1.8537 -0.74411 -0.4533 -3.5485 -0.35231
5 43 204 -0.71569 4.7862 -0.2516 -0.49555 3.5425 -0.16255 -0.6615 3.6295 0.80298 -0.34669 2.1249 1.3561 -0.72635 0.78317 2.0142 -0.33436 3.4847 -1.1311 -0.11816 1.8803 -1.3502 -0.86037 0.56863 -1.6761 -0.072803 0.00046158 0.78626 -0.30775 -2.0766 0.99864 1.2302 -3.0024 1.1674 0.072802 -0.00046206 -0.78626 -0.85603 -1.8841 -0.72586 -0.32114 -3.5554 -0.31178
5 44 204 -0.71879 4.7877 -0.27327 -0.49711 3.5443 -0.18077 -0.68606 3.6195 0.78152 -0.33351 2.1178 1.3194 -0.64093 0.76448 1.9914 -0.31312 3.4982 -1.1459 -0.12531 1.8919 -1.3764 -0.92714 0.6208 -1.7215 -0.10198 0.0050907 0.78299 -0.5544 -2.0372 0.97989 0.93995 -3.0134 1.2347 0.10198 -0.0050907 -0.78299 -0.7781 -1.9116 -0.71376 -0.19577 -3.5605 -0.27443
5 47 216 -0.75981 4.7873 -0.16589 -0.51731 3.5447 -0.1452 -0.56299 3.5962 0.83593 -0.038117 2.1085 1.2603 -0.29172 0.7484 1.9411 -0.47699 3.5225 -1.1277 -0.41201 1.9155 -1.4142 -1.4242 0.76979 -1.6154 -0.043728 0.011111 0.78833 -0.9753 -1.8704 0.86772 0.028037 -3.3073 1.2915 0.043728 -0.01111 -0.78833 -0.65279 -1.9818 -0.57519 0.16461 -3.5412 -0.18649
5 48 216 -0.75981 4.7864 -0.19015 -0.51152 3.545 -0.16827 -0.59275 3.5899 0.81089 -0.061683 2.1039 1.2331 -0.36829 0.74752 1.8994 -0.43571 3.5293 -1.1488 -0.39473 1.9229 -1.4428 -1.4345 0.80656 -1.6671 -0.086504 0.011895 0.78478 -1.1025 -1.8262 0.72565 -0.44229 -3.4089 1.2824 0.086504 -0.011895 -0.78478 -0.55103 -2.0037 -0.58303 0.31489 -3.529 -0.16524
5 50 228 -0.78779 4.7833 -0.052557 -0.52384 3.546 -0.096387 -0.46687 3.5765 0.88503 0.095894 2.0853 1.2434 -0.14869 0.728 1.933 -0.58654 3.5448 -1.0779 -0.6252 1.9383 -1.372 -1.6952 0.82974 -1.4344 -0.00059834 0.0075855 0.78958 -1.1235 -1.7676 0.74385 -1.0028 -3.504 1.2142 0.00059802 -0.007586 -0.78958 -0.43841 -2.041 -0.49524 0.57336 -3.5072 -0.2165
5 51 228 -0.78149 4.784 -0.060626 -0.50975 3.5483 -0.092677 -0.51306 3.5794 0.89037 0.02014 2.0862 1.2839 -0.26473 0.73522 1.9705 -0.5122 3.5465 -1.0762 -0.54822 1.9415 -1.3788 -1.5922 0.81137 -1.4809 -0.036291 0.00047398 0.78878 -1.2195 -1.7334 0.69984 -1.3067 -3.4976 1.0617 0.036291 -0.00047398 -0.78878 -0.30713 -2.0519 -0.49246 0.72172 -3.5014 -0.19027
5 53 240 -0.77056 4.7854 0.081439 -0.49866 3.551 0.019571 -0.4136 3.5785 0.99904 0.15953 2.0905 1.3539 -0.086777 0.76987 2.1109 -0.58953 3.5526 -0.95977 -0.66416 1.9511 -1.2734 -1.6148 0.73708 -1.2793 0.056259 -0.01263 0.78751 -1.2091 -1.6899 0.77955 -1.545 -3.4405 1.0508 -0.056259 0.01263 -0.78751 -0.14794 -2.0635 -0.47823 0.95633 -3.4819 -0.33823
5 56 252 -0.73804 4.7838 0.2501 -0.47541 3.551 0.13842 -0.33085 3.5544 1.1113 0.2762 2.0781 1.4585 0.050251 0.79468 2.2828 -0.62558 3.5769 -0.83325 -0.62925 1.9823 -1.1884 -1.3682 0.63545 -1.3209 0.089056 -0.035812 0.78376 -1.1664 -1.7204 0.76726 -1.4208 -3.48 1.0674 -0.089056 0.035812 -0.78376 0.043282 -2.0518 -0.58709 1.2531 -3.3887 -0.58748
5 57 252 -0.7735 4.7807 0.20537 -0.51329 3.5473 0.092628 -0.42451 3.5351 1.0721 0.15715 2.0583 1.4585 -0.081586 0.76894 2.2698 -0.6077 3.5888 -0.8855 -0.54798 2.0001 -1.2615 -1.2064 0.62862 -1.5126 0.033651 -0.025093 0.7885 -1.1868 -1.7318 0.68013 -1.3372 -3.4996 1.0014 -0.033651 0.025093 -0.7885 0.086637 -2.0659 -0.62204 1.3514 -3.3509 -0.62171
5 59 264 -0.76187 4.7718 0.35611 -0.50561 3.5465 0.17177 -0.33375 3.4987 1.139 0.24476 2.011 1.4869 0.19086 0.68914 2.2789 -0.68298 3.6235 -0.79258 -0.572 2.0544 -1.2336 -1.178 0.66817 -1.5314 0.10106 -0.023996 0.78276 -1.0677 -1.7689 0.8425 -0.91703 -3.5406 1.1414 -0.10106 0.023996 -0.78276 -0.019801 -2.0741 -0.7083 1.3573 -3.2192 -0.9165
5 60 264 -0.81744 4.7636 0.311 -0.54285 3.5421 0.12924 -0.46861 3.4808 1.1081 0.066686 1.9896 1.506 -0.014711 0.65598 2.2759 -0.62289 3.6326 -0.84686 -0.46951 2.0723 -1.3059 -1.0559 0.69054 -1.6587 0.033364 -0.018205 0.7887 -1.0662 -1.8085 0.79907 -0.83459 -3.574 1.0824 -0.033365 0.018205 -0.7887 -0.076043 -2.0823 -0.77518 1.3876 -3.1307 -0.87389
5 62 276 -0.89241 4.738 0.40598 -0.59898 3.5305 0.16914 -0.50025 3.4318 1.1427 0.0028067 1.936 1.5651 -0.087225 0.5934 2.318 -0.70399 3.658 -0.80044 -0.54521 2.1126 -1.3058 -1.2412 0.77085 -1.6106 0.066572 -0.01193 0.78672 -0.86799 -1.8911 0.8846 -0.47258 -3.6401 1.0734 -0.066572 0.01193 -0.78672 -0.37831 -2.0656 -0.81543 1.187 -2.9591 -0.86617
5 63 276 -0.94432 4.7311 0.37051 -0.62338 3.5281 0.14938 -0.61673 3.4281 1.1278 -0.20504 1.9243 1.6156 -0.41939 0.58629 2.3514 -0.63679 3.657 -0.8256 -0.43136 2.1161 -1.3276 -1.162 0.80167 -1.6686 0.0049303 -0.018999 0.78938 -0.88159 -1.9236 0.81591 -0.41161 -3.6543 1.0029 -0.0049303 0.018999 -0.78937 -0.47489 -2.028 -0.8443 1.0495 -2.9825 -0.71751
5 65 288 -0.94013 4.723 0.46507 -0.63102 3.5224 0.2161 -0.582 3.4126 1.1923 -0.28399 1.8955 1.7197 -0.63263 0.61154 2.4992 -0.6867 3.6609 -0.75605 -0.51574 2.1162 -1.2593 -1.3249 0.83508 -1.5452 0.050798 -0.021919 0.78768 -0.73886 -1.968 0.84592 -0.090105 -3.6488 0.91646 -0.050798 0.021919 -0.78768 -0.82627 -1.9307 -0.77298 0.48286 -3.1636 -0.64268
5 77 312 -0.78137 4.7818 -0.0013144 -0.50154 3.5508 -0.066373 -0.51467 3.5815 0.91661 -0.54066 2.0881 1.5784 -1.7499 1.2238 1.9887 -0.49424 3.5494 -1.0499 -0.25255 1.9593 -1.336 -0.68499 0.50303 -1.6004 0.089985 0.023336 0.78413 0.22161 -2.0681 0.63274 1.2596 -3.5133 0.34162 -0.089984 -0.023336 -0.78413 -1.2317 -1.7784 -0.60938 -0.73667 -3.4657 -0.21086
5 78 312 -0.7555 4.7858 -0.042196 -0.48979 3.5505 -0.077082 -0.53036 3.5997 0.9044 -0.48272 2.1042 1.56 -1.6214 1.1342 1.9345 -0.45473 3.5306 -1.0598 -0.22352 1.9332 -1.3117 -0.68499 0.48289 -1.5595 0.068556 0.015734 0.78648 0.24133 -2.0742 0.65756 1.3628 -3.4586 0.38043 -0.068556 -0.015735 -0.78648 -1.1403 -1.8132 -0.60001 -0.61045 -3.4908 -0.20535
5 79 312 -0.72726 4.7889 -0.094358 -0.47186 3.5508 -0.096268 -0.54131 3.6191 0.88245 -0.41608 2.1231 1.5268 -1.4433 1.0356 1.9004 -0.40763 3.5118 -1.0769 -0.20584 1.9063 -1.3013 -0.71617 0.46877 -1.5263 0.04147 0.010927 0.78845 0.21569 -2.0815 0.71183 1.4416 -3.376 0.44281 -0.04147 -0.010927 -0.78845 -1.0509 -1.845 -0.61126 -0.49057 -3.5091 -0.2017
5 80 312 -0.70787 4.7908 -0.13934 -0.46712 3.5494 -0.12087 -0.55436 3.6249 0.85588 -0.35667 2.1305 1.4853 -1.2489 0.94035 1.8917 -0.38495 3.5031 -1.0999 -0.21527 1.8915 -1.3062 -0.79023 0.47481 -1.5064 0.01643 0.0095267 0.78939 0.12719 -2.0886 0.78487 1.4675 -3.2679 0.53231 -0.01643 -0.0095263 -0.78939 -0.95804 -1.8797 -0.61579 -0.36842 -3.5313 -0.19678
5 81 312 -0.71299 4.7885 -0.17351 -0.47867 3.546 -0.13624 -0.5861 3.6292 0.83787 -0.3234 2.1384 1.4521 -1.0658 0.86461 1.9038 -0.37626 3.492 -1.113 -0.23648 1.8765 -1.3112 -0.88995 0.49149 -1.491 -0.0067955 0.0066929 0.78956 -0.043979 -2.0931 0.85164 1.4051 -3.1457 0.64402 0.0067957 -0.0066929 -0.78956 -0.87179 -1.9072 -0.6151 -0.25611 -3.5476 -0.18977
5 82 312 -0.72338 4.7864 -0.20589 -0.48753 3.5442 -0.15667 -0.61024 3.6275 0.81564 -0.29038 2.1401 1.4106 -0.88143 0.81067 1.9215 -0.36994 3.4902 -1.1317 -0.26168 1.8723 -1.3303 -0.9947 0.52675 -1.5029 -0.030615 0.0069556 0.78899 -0.27442 -2.0775 0.88758 1.2429 -3.0434 0.76193 0.030615 -0.0069551 -0.78899 -0.81126 -1.9247 -0.6217 -0.15469 -3.5461 -0.18489
5 83 312 -0.73239 4.7847 -0.24693 -0.49038 3.5437 -0.19053 -0.6263 3.6232 0.78032 -0.26325 2.1383 1.3565 -0.71461 0.77866 1.9268 -0.35975 3.4933 -1.1641 -0.28597 1.874 -1.3666 -1.0858 0.56745 -1.5422 -0.057208 0.01264 0.78744 -0.51591 -2.0356 0.87969 1.0009 -3.0104 0.87313 0.057208 -0.01264 -0.78744 -0.75231 -1.9443 -0.6211 -0.046683 -3.5435 -0.17905
5 84 312 -0.72962 4.7842 -0.28288 -0.48168 3.5444 -0.22496 -0.63279 3.6199 0.74397 -0.23645 2.1368 1.3026 -0.58076 0.76492 1.9167 -0.33589 3.4981 -1.1965 -0.32386 1.8791 -1.4139 -1.1767 0.60866 -1.6049 -0.089279 0.01784 0.78435 -0.74978 -1.9762 0.82518 0.69608 -3.0442 0.96606 0.08928 -0.01784 -0.78435 -0.68374 -1.9638 -0.6117 0.069516 -3.5418 -0.17184
5 85 312 -0.71994 4.7846 -0.30544 -0.47074 3.545 -0.24878 -0.6365 3.614 0.71824 -0.21499 2.1344 1.2677 -0.50408 0.75959 1.9033 -0.31031 3.5051 -1.2183 -0.36784 1.8901 -1.4574 -1.2673 0.65446 -1.6618 -0.12244 0.020024 0.77981 -0.9478 -1.9116 0.73849 0.35209 -3.1259 1.0329 0.12244 -0.020024 -0.77981 -0.60491 -1.9832 -0.60299 0.18861 -3.5402 -0.15907
5 88 324 -0.78468 4.7794 -0.22132 -0.51809 3.5417 -0.2218 -0.53237 3.5882 0.76054 0.030577 2.1226 1.2119 -0.19819 0.7476 1.8713 -0.50974 3.5244 -1.2052 -0.71867 1.9241 -1.4583 -1.7503 0.77861 -1.4925 -0.054666 0.0288 0.7872 -1.1576 -1.7563 0.6804 -0.55161 -3.4164 1.0377 0.054666 -0.028801 -0.7872 -0.46097 -2.0454 -0.50108 0.52773 -3.5227 -0.19945
5 89 324 -0.79057 4.778 -0.23152 -0.52071 3.541 -0.23177 -0.55814 3.5822 0.75019 -0.0035122 2.1163 1.2107 -0.28235 0.74421 1.8567 -0.48933 3.5289 -1.2147 -0.70135 1.9308 -1.4793 -1.7519 0.80321 -1.5291 -0.076547 0.028259 0.78539 -1.2252 -1.7231 0.61883 -0.90729 -3.4667 0.95002 0.076547 -0.02826 -0.78539 -0.34689 -2.0662 -0.49922 0.66222 -3.5259 -0.1801
5 97 348 -0.80454 4.7792 0.17793 -0.56618 3.5405 0.063364 -0.40593 3.5055 1.0331 0.13139 2.004 1.3875 -0.22833 0.68537 2.1013 -0.73227 3.6045 -0.90394 -0.68188 2.0024 -1.2189 -1.2526 0.57838 -1.3744 0.085156 -0.0013762 0.78501 -1.1371 -1.7103 0.77751 -1.1826 -3.5091 0.8918 -0.085156 0.0013757 -0.78501 0.15351 -2.0779 -0.60073 1.4659 -3.3135 -0.64142
5 98 348 -0.78903 4.7813 0.18821 -0.55662 3.5417 0.070163 -0.43104 3.4928 1.0444 0.07346 1.9841 1.4162 -0.30384 0.65759 2.1059 -0.68789 3.6198 -0.90145 -0.57083 2.0276 -1.2474 -1.0597 0.58168 -1.4667 0.059306 -0.003993 0.78738 -1.1262 -1.7383 0.75247 -1.0447 -3.5362 0.86116 -0.059306 0.003993 -0.78738 0.16291 -2.0804 -0.64563 1.5232 -3.2637 -0.66389
5 101 0 -0.80372 4.7709 0.30351 -0.58464 3.5339 0.14152 -0.38808 3.456 1.1021 0.045347 1.9234 1.4655 -0.2613 0.58653 2.17 -0.78667 3.6408 -0.8151 -0.6195 2.0811 -1.2714 -1.1483 0.64672 -1.473 0.13058 0.0024366 0.77874 -0.87016 -1.8432 0.85797 -0.47611 -3.6024 0.88887 -0.13058 -0.0024366 -0.77874 -0.29695 -2.0969 -0.77638 1.2411 -3.016 -0.9774
5 102 0 -0.83822 4.7667 0.27688 -0.59532 3.5335 0.12036 -0.44661 3.4515 1.0891 -0.078598 1.9114 1.491 -0.42281 0.57874 2.1861 -0.75007 3.6445 -0.84457 -0.554 2.0893 -1.3044 -1.1232 0.67225 -1.5183 0.10328 0.0040302 0.78282 -0.82887 -1.8784 0.82546 -0.35494 -3.618 0.84005 -0.10328 -0.0040298 -0.78282 -0.43641 -2.0785 -0.78784 1.135 -2.9537 -0.91248
5 103 0 -0.85277 4.7667 0.25691 -0.59399 3.5351 0.11399 -0.49198 3.4519 1.0887 -0.19445 1.905 1.5215 -0.5897 0.58276 2.2093 -0.70247 3.6472 -0.8571 -0.49771 2.0905 -1.3082 -1.1126 0.69535 -1.5385 0.085164 0.00067329 0.78501 -0.78848 -1.9101 0.79157 -0.23026 -3.6245 0.79408 -0.085164 -0.00067329 -0.78501 -0.57157 -2.0446 -0.78733 0.9695 -2.979 -0.84096
5 104 0 -0.85308 4.7686 0.23946 -0.58826 3.537 0.10858 -0.52143 3.4552 1.0864 -0.30554 1.9016 1.5429 -0.7877 0.59827 2.2112 -0.66172 3.6477 -0.86595 -0.44758 2.0876 -1.3007 -1.1096 0.71629 -1.5435 0.068691 -0.0021744 0.78662 -0.75021 -1.9368 0.75698 -0.09827 -3.6178 0.7517 -0.068691 0.0021744 -0.78662 -0.70835 -1.9991 -0.77867 0.74217 -3.07 -0.77343
5 105 0 -0.86038 4.7689 0.20642 -0.59278 3.5367 0.08795 -0.5545 3.4589 1.0677 -0.41026 1.9019 1.5407 -1.0041 0.63235 2.1835 -0.63794 3.6434 -0.88875 -0.41903 2.0786 -1.3038 -1.1207 0.72853 -1.5541 0.048913 -0.00028229 0.7881 -0.70544 -1.9602 0.72487 0.035837 -3.6038 0.71483 -0.048913 0.00028276 -0.7881 -0.84202 -1.9452 -0.77457 0.45915 -3.1922 -0.7212
5 106 0 -0.87433 4.7676 0.17995 -0.60206 3.5354 0.073157 -0.58725 3.4625 1.0539 -0.50182 1.905 1.5395 -1.2307 0.68724 2.1423 -0.62392 3.6373 -0.90486 -0.412 2.0656 -1.2969 -1.1229 0.72174 -1.5546 0.031558 -0.00047112 0.78899 -0.64125 -1.9889 0.69998 0.17769 -3.5951 0.68285 -0.031558 0.00047112 -0.78899 -0.95558 -1.8863 -0.76946 0.14967 -3.3081 -0.6811
5 107 0 -0.88142 4.768 0.1449 -0.60338 3.5359 0.053255 -0.6071 3.4683 1.0345 -0.55602 1.9136 1.5335 -1.4193 0.76179 2.0865 -0.60679 3.6322 -0.92555 -0.39682 2.0549 -1.2955 -1.1048 0.71074 -1.5591 0.019393 0.001133 0.78938 -0.55056 -2.0185 0.68686 0.32279 -3.5956 0.65648 -0.019393 -0.001133 -0.78938 -1.043 -1.8357 -0.76076 -0.18253 -3.4155 -0.63929
6 7 348 -0.9117 4.7299 0.4106 -0.73812 3.4865 0.25431 -0.64847 3.3538 1.2247 -0.27188 1.8134 1.6174 -0.78964 0.5319 2.301 -0.83295 3.6481 -0.71122 -0.65574 2.1214 -1.2648 -1.2163 0.78706 -1.7968 0.054008 -0.024261 0.7874 -0.4782 -2.0553 0.71077 0.13977 -3.749 0.73123 -0.054009 0.02426 -0.7874 -0.52276 -2.0215 -0.69128 0.17526 -3.684 -0.69584
6 8 348 -0.90938 4.7371 0.34704 -0.72858 3.4928 0.20765 -0.69617 3.3634 1.1821 -0.36544 1.8261 1.6249 -0.90367 0.55959 2.3205 -0.76641 3.6511 -0.76234 -0.55777 2.1107 -1.2649 -1.1259 0.77185 -1.7771 0.013812 -0.02344 0.78915 -0.4941 -2.0587 0.6706 0.14392 -3.745 0.68327 -0.013812 0.02344 -0.78915 -0.51109 -2.0161 -0.70442 0.20688 -3.669 -0.6455
6 9 348 -0.91801 4.741 0.28216 -0.72803 3.4957 0.16587 -0.74901 3.3742 1.1417 -0.46932 1.8386 1.6238 -1.0236 0.57914 2.3196 -0.71272 3.6462 -0.80598 -0.47476 2.0955 -1.2615 -1.0612 0.7579 -1.7561 -0.019065 -0.021254 0.7891 -0.50671 -2.0594 0.63903 0.15054 -3.7384 0.64374 0.019065 0.021254 -0.7891 -0.54259 -2.0013 -0.69983 0.21865 -3.6334 -0.61108
6 46 0 -0.6832 4.7904 0.21089 -0.54075 3.5377 0.10845 -0.35387 3.4498 1.0701 0.22767 1.9393 1.2919 0.1281 0.53525 1.9214 -0.73189 3.6549 -0.8492 -0.72806 2.0993 -1.3479 -1.3979 0.74304 -1.6473 0.066262 0.00094604 0.78683 -0.94623 -1.8399 0.76848 -1.0485 -3.64 0.78471 -0.066262 -0.00094604 -0.78683 0.44107 -2.0398 -0.77628 1.7085 -3.3213 -0.82269
6 47 0 -0.66202 4.7943 0.16965 -0.52627 3.5406 0.068645 -0.36312 3.4517 1.0345 0.1734 1.9302 1.2909 0.0143 0.53598 1.9301 -0.69352 3.6587 -0.89335 -0.61501 2.1024 -1.3836 -1.1349 0.69655 -1.7456 0.039555 0.007441 0.78859 -0.89528 -1.8734 0.73447 -0.88954 -3.6764 0.73257 -0.039555 -0.007441 -0.78859 0.36205 -2.0693 -0.83142 1.7298 -3.2437 -0.85823
6 52 12 -0.71809 4.791 0.17361 -0.54334 3.5403 0.10642 -0.39547 3.4677 1.0761 -0.16836 1.9197 1.546 -0.6648 0.64757 2.2622 -0.69598 3.642 -0.85986 -0.49675 2.0958 -1.3479 -1.0879 0.69636 -1.6121 0.14721 0.013187 0.77566 -0.52383 -1.9773 0.72919 -0.056927 -3.7105 0.55935 -0.14721 -0.013186 -0.77566 -0.7267 -2.0326 -0.75129 0.64987 -3.1844 -0.92244
6 53 12 -0.71427 4.7923 0.15564 -0.53835 3.5411 0.10015 -0.41858 3.4751 1.0741 -0.30277 1.9309 1.5945 -0.92001 0.71275 2.3106 -0.66296 3.6362 -0.87082 -0.45068 2.0826 -1.329 -1.0823 0.70199 -1.5985 0.14568 0.013868 0.77594 -0.4742 -1.9922 0.69907 0.088851 -3.6937 0.50214 -0.14568 -0.013868 -0.77594 -0.88324 -1.9784 -0.67158 0.32492 -3.3081 -0.82358
6 54 12 -0.70327 4.7947 0.13256 -0.52968 3.5427 0.085689 -0.42761 3.4826 1.0621 -0.4136 1.9471 1.6198 -1.1683 0.80013 2.3215 -0.63656 3.632 -0.88794 -0.41638 2.0725 -1.3216 -1.0891 0.70974 -1.5824 0.14131 0.016516 0.7767 -0.39312 -2.0125 0.6675 0.24135 -3.6853 0.44377 -0.14131 -0.016516 -0.7767 -1.0062 -1.9228 -0.59642 -0.017688 -3.4257 -0.71788
6 55 12 -0.69029 4.7971 0.11279 -0.52016 3.5443 0.071773 -0.42662 3.4885 1.0493 -0.49325 1.9629 1.6296 -1.3945 0.91029 2.3059 -0.61844 3.6293 -0.90315 -0.40595 2.0635 -1.3177 -1.11 0.71275 -1.5574 0.14115 0.019257 0.77666 -0.26981 -2.0364 0.63574 0.40091 -3.6912 0.38552 -0.14115 -0.019257 -0.77666 -1.1041 -1.8707 -0.53359 -0.39145 -3.5253 -0.60583
6 65 348 -0.56221 4.799 -0.28321 -0.45459 3.5429 -0.17511 -0.62672 3.5872 0.79225 -0.74266 2.0422 1.3102 -1.9501 1.0845 1.258 -0.28622 3.5281 -1.144 -0.057346 1.9342 -1.4195 -0.52704 0.52101 -1.8193 -0.041752 0.026989 0.78805 0.62746 -1.9627 0.70058 1.75 -3.3736 0.68972 0.041752 -0.026988 -0.78805 -1.0472 -1.8227 -0.72525 -1.0653 -3.6182 -0.56214
6 66 348 -0.57481 4.795 -0.27073 -0.47397 3.5394 -0.15058 -0.63488 3.5985 0.81791 -0.64763 2.0488 1.3349 -1.7135 0.93787 1.4203 -0.31669 3.5098 -1.121 -0.10938 1.9126 -1.3943 -0.59389 0.50113 -1.7824 -0.028495 0.017378 0.78891 0.53228 -2.0062 0.71812 1.776 -3.3114 0.74031 0.028495 -0.017378 -0.78891 -0.99683 -1.849 -0.69954 -0.91197 -3.6417 -0.52651
6 67 348 -0.58149 4.7937 -0.23441 -0.47924 3.5389 -0.10491 -0.61775 3.6082 0.86637 -0.54817 2.0583 1.3778 -1.4413 0.825 1.6208 -0.34428 3.4991 -1.0783 -0.15768 1.8994 -1.3518 -0.68914 0.50075 -1.7246 -0.0080932 0.0025463 0.78957 0.37743 -2.0625 0.75177 1.7557 -3.2246 0.77971 0.0080935 -0.0025463 -0.78957 -0.93056 -1.8793 -0.6852 -0.75689 -3.6637 -0.49363
6 68 348 -0.61413 4.7886 -0.20677 -0.50283 3.535 -0.074116 -0.61218 3.6097 0.90047 -0.47239 2.0629 1.4072 -1.1792 0.75263 1.8088 -0.39721 3.4897 -1.0509 -0.23231 1.888 -1.3266 -0.82821 0.51103 -1.6822 0.012007 -0.0058322 0.78951 0.17818 -2.1003 0.7853 1.6643 -3.1212 0.79815 -0.012007 0.0058322 -0.78951 -0.87621 -1.9054 -0.66814 -0.61472 -3.6777 -0.46485
6 75 348 -0.67066 4.801 -0.082218 -0.49389 3.547 -0.079197 -0.45582 3.5566 0.90357 0.00027286 2.0526 1.3492 -0.37115 0.73055 2.0506 -0.53675 3.5668 -1.0616 -0.81293 2.0079 -1.4643 -1.9017 0.92629 -1.6141 -0.005366 0.0080385 0.78956 -1.0414 -1.8176 0.70117 -0.57095 -3.5552 0.8044 0.005366 -0.008039 -0.78956 -0.44112 -2.0474 -0.55298 0.33932 -3.6474 -0.26725
6 76 348 -0.65512 4.8045 -0.05798 -0.4735 3.5512 -0.071732 -0.4375 3.5501 0.91115 0.032998 2.0416 1.3253 -0.3684 0.71828 2.0076 -0.51437 3.5817 -1.054 -0.81403 2.0328 -1.4778 -1.9647 1.0156 -1.6154 -0.016464 0.007731 0.78941 -1.0758 -1.8023 0.66278 -0.94049 -3.5974 0.76385 0.016464 -0.007731 -0.78941 -0.31213 -2.0683 -0.54336 0.49063 -3.6532 -0.23634
6 77 348 -0.63497 4.8079 -0.024498 -0.45169 3.5551 -0.053543 -0.42195 3.5418 0.92946 0.0561 2.0281 1.3156 -0.37184 0.69991 1.9716 -0.48632 3.5979 -1.0355 -0.79542 2.0558 -1.4772 -1.9936 1.094 -1.6077 -0.027696 0.0042596 0.78912 -1.088 -1.8033 0.63825 -1.2716 -3.596 0.69802 0.027696 -0.0042591 -0.78912 -0.16652 -2.0804 -0.5317 0.64055 -3.6584 -0.20107
