0 21 336 0.29917 4.7776 -0.68159 0.34528 3.5512 -0.37152 -0.62121 3.523 -0.55173 -1.8086 2.5706 0.041478 -3.343 2.7214 0.062718 1.3117 3.6085 -0.19783 1.4068 2.5424 -1.4319 0.22737 2.6562 -2.4187 -0.55117 -0.0042086 -0.56541 0.4475 -1.7775 -1.0875 0.41802 -3.5632 -1.3348 0.55117 0.0042086 0.56541 0.36279 -2.086 0.66414 -0.78051 -3.455 0.92788
0 58 180 -0.15127 4.7997 -0.50495 -0.20992 3.5697 -0.2384 -1.1415 3.5876 0.076483 -1.5266 2.3944 -0.97067 -0.53234 2.5919 -2.1326 0.72041 3.5812 -0.55733 1.9709 2.5357 -0.44815 3.3293 2.1331 -1.0567 -0.50099 0.01784 0.61007 -0.70806 -2.0691 0.73706 0.036317 -3.635 1.2317 0.50099 -0.017841 -0.61007 -0.19635 -1.9091 -1.2027 0.24591 -3.6542 -1.3016
0 76 84 0.017432 4.8277 -0.47269 0.05935 3.5709 -0.3363 -0.92073 3.515 -0.27557 -1.1124 1.9134 -0.53365 -1.4719 1.4198 -1.9496 1.037 3.6562 -0.40142 1.4288 2.1322 -0.84035 1.6522 1.2925 -2.1142 -0.78862 0.027959 0.028315 -0.89573 -1.9807 -0.57855 -1.0739 -3.6978 -0.058475 0.78862 -0.027959 -0.028315 0.81448 -2.0785 -0.48518 0.90845 -3.6826 0.33286
0 78 72 0.090587 4.8309 -0.43298 0.10248 3.5728 -0.30426 -0.87345 3.5224 -0.41557 -0.98633 1.8944 -0.48846 -1.0932 1.0615 -1.7818 1.077 3.6525 -0.19745 1.3591 2.0694 -0.48566 1.6957 1.0691 -1.6098 -0.77877 0.02486 -0.12804 -0.74303 -1.9891 -0.72541 -1.0087 -3.7055 -0.24138 0.77877 -0.02486 0.12804 0.91297 -2.084 -0.26732 0.8573 -3.6836 0.56275
0 79 72 0.083281 4.8313 -0.43097 0.095091 3.5728 -0.30632 -0.88139 3.5226 -0.41275 -0.973 1.8923 -0.36294 -1.1492 0.87417 -1.5075 1.0701 3.6525 -0.20426 1.2914 2.0468 -0.40829 1.6181 0.95165 -1.4434 -0.77791 0.02249 -0.13361 -0.74132 -1.993 -0.7259 -0.98393 -3.7081 -0.22549 0.77791 -0.02249 0.13361 0.9303 -2.0823 -0.25149 0.88248 -3.678 0.58646
0 80 72 0.079491 4.8313 -0.43555 0.087196 3.5722 -0.31563 -0.88911 3.5234 -0.42433 -0.96088 1.9006 -0.25082 -1.2465 0.71083 -1.1892 1.062 3.6505 -0.21112 1.2451 2.0298 -0.3043 1.6142 0.84034 -1.2134 -0.77666 0.017943 -0.14134 -0.72575 -1.9974 -0.73306 -0.94902 -3.7071 -0.20592 0.77666 -0.017943 0.14134 0.95164 -2.0767 -0.23967 0.90942 -3.6677 0.60755
0 81 72 0.099309 4.8298 -0.44421 0.098757 3.5703 -0.32708 -0.8769 3.5259 -0.44322 -0.95032 1.9195 -0.15576 -1.3483 0.60516 -0.85708 1.0731 3.6441 -0.21483 1.2441 2.0198 -0.18372 1.7051 0.75372 -0.93352 -0.77491 0.019852 -0.15041 -0.70893 -1.9955 -0.74072 -0.91243 -3.7011 -0.19263 0.77491 -0.019853 0.15041 0.98912 -2.0717 -0.24765 0.94773 -3.6534 0.61682
0 82 72 0.11896 4.8297 -0.43993 0.11027 3.5693 -0.32734 -0.8648 3.535 -0.45156 -0.97217 1.9507 -0.067712 -1.4946 0.56687 -0.50325 1.0843 3.6332 -0.20659 1.2684 2.018 -0.046247 1.8576 0.70615 -0.60268 -0.77182 0.020207 -0.16546 -0.68388 -1.9988 -0.73991 -0.87575 -3.6972 -0.16577 0.77182 -0.020208 0.16546 1.0385 -2.0615 -0.25466 0.99099 -3.6328 0.62817
0 82 84 0.024898 4.8297 -0.45505 0.039799 3.5693 -0.34311 -0.93979 3.535 -0.26189 -0.965 1.9507 0.13589 -1.5666 0.56687 -0.1815 1.0176 3.6332 -0.42751 1.2311 2.018 -0.30896 1.6917 0.70615 -0.97573 -0.78936 0.020207 -0.0013765 -0.82277 -1.9988 -0.58156 -0.89108 -3.6972 0.019934 0.78936 -0.020208 0.0013766 0.96282 -2.0615 -0.46501 1.0999 -3.6328 0.40841
0 83 72 0.13631 4.8285 -0.44068 0.11781 3.5667 -0.3408 -0.85659 3.5466 -0.47312 -1.0204 1.9915 -0.00011964 -1.6817 0.61113 -0.18696 1.0915 3.6164 -0.21133 1.3016 2.0217 0.074024 2.0481 0.71346 -0.25583 -0.76855 0.016985 -0.18039 -0.65186 -2.002 -0.74995 -0.83857 -3.6917 -0.14908 0.76855 -0.016985 0.18039 1.0819 -2.0495 -0.24952 1.0161 -3.619 0.63554
0 83 84 0.041714 4.8285 -0.45939 0.044377 3.5667 -0.35785 -0.93624 3.5466 -0.28469 -0.99814 1.9915 0.21204 -1.6838 0.61113 0.16677 1.0237 3.6164 -0.43365 1.2885 2.0217 -0.19821 1.9502 0.71346 -0.67607 -0.78926 0.016985 -0.016653 -0.79354 -2.002 -0.59803 -0.85124 -3.6917 0.028526 0.78926 -0.016985 0.016652 1.0064 -2.0495 -0.469 1.1261 -3.619 0.41039
0 84 96 -0.031673 4.826 -0.45951 -0.025406 3.5633 -0.3674 -0.97278 3.5576 -0.10316 -0.96596 2.0365 0.49279 -1.7071 0.73357 0.85425 0.92084 3.5987 -0.63333 1.3069 2.0354 -0.35861 2.122 0.80084 -0.79373 -0.77706 0.015157 0.13944 -0.88082 -2.0079 -0.41797 -0.79126 -3.6926 0.21829 0.77706 -0.015157 -0.13944 0.92456 -2.0441 -0.66465 1.1896 -3.6288 0.15349
0 87 120 -0.15071 4.7931 -0.38271 -0.15848 3.5378 -0.29669 -0.94751 3.5479 0.29042 -0.9006 2.179 1.1807 -1.2701 1.5076 2.5187 0.63168 3.5573 -0.88203 1.521 2.19 -0.79134 2.9352 1.641 -1.0678 -0.64832 0.0064616 0.4507 -0.90186 -2.0358 0.027299 -0.55382 -3.7204 0.56758 0.64832 -0.0064621 -0.4507 0.60661 -2.0614 -0.88635 1.1966 -3.6681 -0.31955
0 105 84 -0.065259 4.8283 -0.37738 -0.050841 3.569 -0.34239 -1.0199 3.4944 -0.49338 -0.9919 2.3731 -1.681 -0.29142 2.4471 -3.0527 0.91606 3.6731 -0.19527 1.4535 2.6799 -1.3757 1.0468 2.4757 -2.849 -0.78319 -0.0089393 -0.10015 -0.72874 -2.0483 -0.60262 -0.87284 -3.7506 -0.02608 0.78319 0.0089388 0.10015 0.97402 -2.0371 -0.33764 1.0831 -3.726 0.28416
0 106 84 -0.078235 4.8273 -0.39252 -0.062505 3.5681 -0.35146 -1.0317 3.4909 -0.49968 -1.0086 2.204 -1.5056 -0.37182 2.0464 -2.9011 0.90454 3.6748 -0.2072 1.4369 2.515 -1.2271 1.1186 2.151 -2.6913 -0.78263 -0.012396 -0.1041 -0.72628 -2.0527 -0.60225 -0.87949 -3.7495 -0.011894 0.78263 0.012396 0.1041 0.97024 -2.0367 -0.32071 1.0736 -3.7266 0.29922
0 109 84 -0.086437 4.8352 -0.3256 -0.07385 3.5743 -0.28361 -1.044 3.5035 -0.42882 -1.1043 1.9215 -0.83216 -0.79008 1.1342 -2.1202 0.89423 3.6746 -0.14181 1.3857 2.1804 -0.58268 1.4182 1.3225 -1.8636 -0.78134 -0.016188 -0.1129 -0.72236 -2.0693 -0.55512 -0.89694 -3.7507 0.07191 0.78134 0.016188 0.1129 0.96158 -2.0449 -0.25291 1.0472 -3.7299 0.38284
0 110 84 -0.06629 4.8377 -0.3017 -0.054051 3.5758 -0.25729 -1.0246 3.5081 -0.40126 -1.122 1.8878 -0.58608 -0.97753 0.9185 -1.7765 0.91447 3.673 -0.11636 1.3647 2.1165 -0.32395 1.5831 1.11 -1.4715 -0.77948 -0.012898 -0.12545 -0.71079 -2.0752 -0.52103 -0.89597 -3.753 0.11266 0.77948 0.012897 0.12545 0.9636 -2.0503 -0.2261 1.0477 -3.7328 0.41651
0 111 72 -0.012914 4.8404 -0.26907 -0.0072203 3.5779 -0.21805 -0.92969 3.5068 -0.55173 -1.0643 1.8787 -0.56382 -0.91845 0.74339 -1.597 0.91359 3.6786 0.11258 1.2951 2.0935 0.21543 1.9168 0.9572 -0.62119 -0.73453 -0.012548 -0.28951 -0.59169 -2.0823 -0.62102 -0.91716 -3.7552 -0.032265 0.73453 0.012548 0.2895 0.97357 -2.0559 0.0089959 0.92081 -3.734 0.66631
0 111 84 -0.068575 4.8404 -0.26051 -0.052398 3.5779 -0.21178 -1.0241 3.5068 -0.34638 -1.1583 1.8787 -0.33022 -1.2304 0.74339 -1.3711 0.91703 3.6786 -0.079826 1.3116 2.0935 -0.05854 1.7457 0.9572 -1.0061 -0.77867 -0.012548 -0.13046 -0.70788 -2.0823 -0.48443 -0.90383 -3.7552 0.15913 0.77867 0.012548 0.13046 0.95416 -2.0559 -0.19362 1.0392 -3.734 0.46031
0 112 72 -0.011928 4.8407 -0.25012 -0.0049489 3.5778 -0.19201 -0.92819 3.5047 -0.52313 -1.1212 1.8896 -0.37133 -1.2766 0.62805 -1.2443 0.91638 3.6806 0.13656 1.1951 2.0948 0.41314 1.9762 0.87476 -0.11501 -0.72933 -0.012753 -0.30236 -0.58195 -2.0883 -0.59315 -0.92843 -3.7545 0.0025042 0.72933 0.012753 0.30236 0.97195 -2.0574 0.037754 0.9115 -3.7341 0.69786
0 113 72 -0.015867 4.8373 -0.23871 -0.014235 3.5745 -0.17562 -0.93494 3.5063 -0.51475 -1.1771 1.9172 -0.22344 -1.6713 0.616 -0.88706 0.90438 3.6724 0.16191 1.1002 2.1023 0.56855 2.0223 0.87623 0.41312 -0.72435 -0.01685 -0.31389 -0.57867 -2.0965 -0.5748 -0.94416 -3.7525 0.037671 0.72435 0.01685 0.31389 0.96542 -2.0561 0.071019 0.89553 -3.7322 0.73176
0 116 132 -0.12299 4.7891 -0.10343 -0.10758 3.5411 -0.030237 -0.89271 3.5173 0.56168 -0.72584 2.0434 1.2462 -1.3294 1.2588 2.4285 0.67872 3.5944 -0.61867 1.3559 2.1107 -0.5247 2.6939 1.454 -0.91989 -0.64724 -0.022976 0.45171 -0.75712 -2.1097 0.23267 -0.38027 -3.7397 0.90489 0.64724 0.022976 -0.45171 0.58114 -2.0558 -0.74928 1.1397 -3.7193 -0.33486
1 36 264 0.22164 4.5314 -1.6822 0.087056 3.3206 -1.3496 -0.89176 3.3474 -1.4421 -1.2791 1.834 -0.9642 -2.0008 0.52035 -1.3263 1.0671 3.322 -1.2666 1.3789 1.8015 -0.75725 2.0831 0.46958 -1.0855 -0.78938 0.017815 0.0079432 -0.55532 -1.8985 -0.82102 -0.53265 -3.4775 0.049221 0.78938 -0.017815 -0.0079432 0.6247 -1.8877 -0.95164 0.56272 -3.3344 0.12266
1 37 264 0.18963 4.4572 -1.8554 0.061137 3.2501 -1.5105 -0.9184 3.2643 -1.598 -1.1231 1.7338 -1.0648 -1.6574 0.31916 -1.3667 1.0415 3.2639 -1.433 1.2102 1.7355 -0.88132 1.7793 0.33807 -1.1991 -0.78929 0.016521 0.01589 -0.52855 -1.7894 -1.0257 -0.49224 -3.3001 -0.042045 0.78929 -0.016521 -0.01589 0.62395 -1.8141 -1.0909 0.54396 -3.1686 0.096488
1 38 264 0.15486 4.3646 -2.0534 0.033804 3.1694 -1.6705 -0.94705 3.1772 -1.7428 -1.0597 1.6515 -1.1698 -1.4533 0.18523 -1.4395 1.0153 3.1892 -1.6096 1.1274 1.6651 -1.0323 1.5935 0.23491 -1.3715 -0.78846 0.01937 0.038181 -0.55645 -1.6222 -1.2524 -0.46736 -3.0576 -0.16484 0.78846 -0.019369 -0.038182 0.68148 -1.6941 -1.3024 0.55748 -2.9581 -0.022693
1 39 264 0.15811 4.3965 -2.0108 0.044228 3.2089 -1.6024 -0.93698 3.2128 -1.67 -1.0664 1.6814 -1.1159 -1.4525 0.2187 -1.4142 1.0259 3.2323 -1.5466 1.1903 1.6924 -1.0268 1.6383 0.27286 -1.4292 -0.78857 0.020119 0.035387 -0.57683 -1.5567 -1.3369 -0.46026 -2.9424 -0.18923 0.78857 -0.020119 -0.035387 0.75218 -1.6354 -1.3784 0.56675 -2.8449 -0.054191
1 40 264 0.16174 4.476 -1.8322 0.059218 3.2731 -1.4641 -0.92224 3.2757 -1.5281 -1.1377 1.7324 -1.0375 -1.6917 0.33893 -1.3966 1.041 3.2984 -1.4106 1.2903 1.7479 -0.96056 1.8734 0.41379 -1.4684 -0.78951 0.012387 0.0051461 -0.54678 -1.6085 -1.3094 -0.45783 -2.984 -0.14703 0.78951 -0.012387 -0.0051466 0.77717 -1.6658 -1.3014 0.56713 -2.8938 0.0019827
3 55 156 0.070691 4.8231 -0.10617 0.050382 3.5745 -0.28368 -0.81452 3.5855 -0.75186 -1.7256 2.385 -0.12137 -2.1334 0.89794 -0.12364 0.9144 3.5933 0.18587 1.8672 2.4119 -0.41854 2.3973 3.2129 -1.6248 -0.6308 -0.044847 -0.47284 0.44361 -1.511 -1.5265 0.30724 -3.1689 -0.83096 0.6308 0.044847 0.47284 -0.020235 -1.8889 0.97387 -0.60349 -3.5428 1.3927
3 56 156 0.038543 4.8219 -0.096628 0.024191 3.5752 -0.28781 -0.838 3.5876 -0.76093 -1.7276 2.3666 -0.13926 -2.0977 0.86968 -0.14574 0.88533 3.5925 0.18706 1.8015 2.3482 -0.3431 2.3519 3.0008 -1.6271 -0.62754 -0.054006 -0.47621 0.35956 -1.6961 -1.3384 0.34769 -3.4324 -0.85235 0.62754 0.054006 0.47621 -0.050536 -1.8508 1.0472 -0.65532 -3.4818 1.5216
3 63 216 0.32841 4.8137 0.051875 0.094601 3.5842 -0.1004 -0.78334 3.6185 0.34166 -1.3568 2.0979 0.17564 -2.046 1.6981 -1.1446 0.97483 3.5795 -0.53919 1.5094 2.0981 -0.10518 1.7873 0.65022 -0.55706 -0.65337 0.044746 0.44114 -0.30927 -2.0102 0.17093 0.08594 -3.7693 0.15107 0.65337 -0.044746 -0.44114 0.26938 -1.841 -1.4612 0.98586 -2.0584 0.17903
3 64 228 0.32038 4.815 0.037125 0.061348 3.5851 -0.059283 -0.72934 3.6275 0.52413 -1.5407 2.2234 0.32619 -2.4548 2.2224 -0.91556 0.85485 3.5723 -0.64028 1.5805 2.1881 -0.16464 1.954 0.73441 -0.51806 -0.53793 0.028538 0.57733 -0.21591 -2.0288 0.29783 0.2142 -3.7793 0.25869 0.53793 -0.028538 -0.57733 -0.3172 -1.6003 -1.6786 0.8048 -1.8415 -0.28796
3 72 228 0.24483 4.8169 -0.035007 0.00081733 3.5842 -0.1303 -0.78521 3.6228 0.45966 -1.8941 2.5589 -0.094565 -2.6311 3.2372 -1.2669 0.78922 3.5753 -0.71826 1.6538 2.2525 -0.30432 2.127 0.87936 -0.8223 -0.51533 0.040535 0.5969 0.27108 -1.8888 0.86836 1.0271 -3.4985 1.1653 0.51533 -0.040535 -0.5969 -0.56863 -1.6995 -1.2949 -0.4451 -3.4938 -1.1683
4 20 96 0.21672 4.5894 -1.5308 0.26442 3.3953 -1.1109 -0.71361 3.4148 -1.0087 -1.26 2.3437 0.097211 -1.7209 1.2551 -0.89278 1.2415 3.4039 -1.223 1.5868 1.8072 -1.2213 1.0197 2.2349 -2.5899 -0.78447 0.057014 -0.069666 -0.75374 -1.738 -1.1611 -1.1899 -3.4865 -1.2221 0.78447 -0.057014 0.069666 0.51246 -2.1341 0.23126 0.17174 -3.2796 1.5813
4 21 96 0.24394 4.615 -1.4399 0.29943 3.4188 -1.0274 -0.68083 3.4296 -0.94785 -1.2274 2.3163 0.11546 -1.7319 1.2454 -0.87262 1.2788 3.4361 -1.1165 1.6406 1.8471 -1.004 1.1182 2.1387 -2.4252 -0.77997 0.056341 -0.10943 -0.77107 -1.7827 -1.1254 -1.1372 -3.4994 -1.5373 0.77997 -0.05634 0.10943 0.50302 -2.1131 0.43683 0.15937 -3.1828 1.847
4 23 108 0.13257 4.6439 -1.3263 0.25714 3.4406 -0.95222 -0.71297 3.4349 -0.79028 -1.1878 2.2375 0.21441 -1.812 1.2054 -0.7462 1.2251 3.4746 -1.123 1.6591 1.9165 -0.89338 1.023 1.8992 -2.2979 -0.78497 0.07797 -0.035229 -0.89749 -1.7182 -1.1194 -1.4038 -3.4483 -1.0819 0.78497 -0.07797 0.035229 0.56471 -2.1586 0.22736 0.57256 -2.7368 1.9351
4 29 144 0.22463 4.5882 -1.5199 0.28415 3.384 -1.1328 -0.69265 3.3915 -1.018 -1.4004 2.0051 -0.52219 -1.6612 1.7031 -2.0116 1.2595 3.4046 -1.2576 1.8203 2.1723 -0.34337 1.6129 1.554 -1.7407 -0.76123 0.14872 0.14802 -0.96842 -1.9331 -0.045346 -0.9397 -3.3549 1.063 0.76123 -0.14872 -0.14802 0.22665 -1.712 -1.446 0.046691 -2.9192 -0.11895
4 31 156 0.2431 4.609 -1.475 0.24687 3.401 -1.0941 -0.72766 3.4608 -0.97542 -1.4052 2.0527 -0.49915 -1.7482 1.7707 -1.9758 1.2216 3.3696 -1.2219 1.7983 2.1849 -0.2561 1.5985 1.5188 -1.6324 -0.74766 0.14444 0.20889 -0.83367 -1.8958 0.70334 -0.61098 -3.3058 1.8047 0.74766 -0.14444 -0.20889 0.071948 -1.7791 -1.3427 -0.46221 -3.3962 -0.75057
4 38 168 0.38765 4.5964 -1.5098 0.28685 3.4001 -1.1072 -0.67687 3.5424 -0.97167 -1.2761 2.2957 -0.10249 -1.5783 1.615 -1.4527 1.2528 3.2857 -1.253 1.45 1.6944 -0.94056 1.0444 1.7751 -2.426 -0.7765 0.091232 0.11057 -1.216 -1.725 -0.84981 -1.2593 -2.3929 0.82439 0.7765 -0.091232 -0.11057 0.12645 -1.9177 -0.92028 -0.35038 -3.1339 0.32244
4 39 168 0.39957 4.6131 -1.4521 0.31446 3.4072 -1.0758 -0.64897 3.539 -0.92823 -1.2173 2.3619 0.051651 -1.4617 1.706 -1.3223 1.2798 3.3034 -1.2332 1.4968 1.709 -0.95129 1.0673 1.84 -2.4265 -0.78043 0.091572 0.077774 -1.032 -1.5709 -1.182 -1.3382 -2.6205 0.25164 0.78043 -0.091572 -0.077774 0.13176 -1.998 -0.67697 -0.30702 -3.1942 0.59874
4 45 192 0.23737 4.7307 -0.98907 0.29193 3.4831 -0.77953 -0.63993 3.5232 -0.46747 -1.1061 2.3478 0.5668 -1.4841 2.0999 -0.90745 1.2226 3.4723 -1.0974 1.6923 1.9448 -0.75836 0.9766 1.5651 -2.0703 -0.77992 0.10154 0.070076 -1.0589 -1.7491 -0.88477 -1.5013 -3.4847 -0.67787 0.77992 -0.10154 -0.070076 0.40024 -2.1628 0.075813 0.47124 -2.8127 1.7561
4 51 228 0.19748 4.6471 -1.3091 0.25173 3.4067 -1.0732 -0.70349 3.4704 -0.84769 -1.6122 2.263 -0.227 -1.5726 2.1598 -1.765 1.2066 3.3719 -1.3063 1.8793 2.1204 -0.50002 1.5332 1.4312 -1.8353 -0.72953 0.16118 0.25556 -1.0087 -1.9208 0.29623 -0.85418 -3.4064 1.3061 0.72953 -0.16118 -0.25556 -0.013702 -1.7853 -1.362 -0.0078253 -3.0238 -0.051668
4 68 264 0.092102 4.5779 -1.5306 0.22787 3.3706 -1.1797 -0.73445 3.3651 -0.97649 -1.3235 2.0685 -0.17605 -1.4798 1.5509 -1.6201 1.1874 3.404 -1.3929 1.7216 2.0141 -0.72102 1.155 1.6971 -2.1197 -0.77295 0.12681 0.099843 -0.81236 -1.7118 -0.91623 -0.81908 -3.2525 0.020291 0.77295 -0.12681 -0.099843 0.50125 -2.1584 -0.56164 0.59149 -2.2826 1.2348
4 71 276 0.098121 4.5942 -1.5137 0.1823 3.381 -1.1643 -0.79651 3.3649 -1.0693 -1.4448 1.9947 -0.4601 -1.4053 1.8386 -1.9936 1.1593 3.4252 -1.2691 1.7486 2.209 -0.35126 1.4374 1.6164 -1.7404 -0.76872 0.11759 0.13689 -0.75566 -1.9794 0.007155 -0.58613 -3.3685 1.1441 0.76872 -0.11759 -0.13689 0.34428 -1.7658 -1.3687 0.36915 -2.9264 0.010853
5 0 60 0.27311 4.7626 -0.88587 0.20084 3.523 -0.63698 -0.74215 3.5382 -0.91611 -1.317 2.0189 -0.74293 -1.7251 0.78069 -1.5663 1.1458 3.5368 -0.3644 1.3282 1.9572 0.010273 1.7531 0.53298 -0.40047 -0.76634 -0.0039864 -0.1903 -0.58391 -2.0927 -0.054916 -0.76372 -3.5126 1.0417 0.76634 0.0039859 0.1903 0.92777 -1.7042 -1.0223 0.73509 -3.4933 -0.90799
5 1 60 0.29669 4.7613 -0.87336 0.20197 3.5213 -0.63377 -0.74412 3.5576 -0.90015 -1.3251 2.0483 -0.66992 -1.795 0.79833 -1.441 1.1505 3.514 -0.37366 1.338 1.9267 -0.036216 1.7534 0.4977 -0.44016 -0.76613 -0.010726 -0.19085 -0.58389 -2.0959 -0.008812 -0.80651 -3.4652 1.1429 0.76613 0.010726 0.19085 0.94904 -1.7166 -0.99118 0.71528 -3.4962 -0.81983
5 2 60 0.32916 4.7658 -0.82871 0.21427 3.5245 -0.60556 -0.73193 3.5803 -0.86815 -1.3189 2.0839 -0.57675 -1.8467 0.81309 -1.2726 1.1633 3.4977 -0.34885 1.3557 1.9018 -0.057729 1.7635 0.471 -0.46289 -0.76543 -0.010542 -0.19365 -0.59582 -2.093 0.027832 -0.8532 -3.4162 1.2252 0.76543 0.010542 0.19365 0.95113 -1.7448 -0.94585 0.68667 -3.5116 -0.70198
5 3 60 0.33721 4.7701 -0.78442 0.20947 3.5268 -0.58039 -0.73847 3.6 -0.83222 -1.3302 2.114 -0.50019 -1.8998 0.8158 -1.1068 1.1606 3.4827 -0.33397 1.355 1.8787 -0.092529 1.7559 0.45405 -0.5253 -0.76745 -0.012904 -0.18535 -0.62259 -2.0989 0.019843 -0.90039 -3.3751 1.2628 0.76745 0.012905 0.18535 0.9219 -1.7893 -0.88354 0.64255 -3.5414 -0.56262
5 4 60 0.33991 4.772 -0.7587 0.2056 3.5268 -0.57104 -0.74626 3.6122 -0.80348 -1.3413 2.133 -0.4474 -1.939 0.81523 -0.98024 1.1609 3.4706 -0.34368 1.3563 1.8607 -0.14613 1.7446 0.4527 -0.64041 -0.77087 -0.01341 -0.17052 -0.6578 -2.1079 -0.049544 -0.94538 -3.3287 1.2457 0.77087 0.01341 0.17052 0.90367 -1.8264 -0.8353 0.60398 -3.5588 -0.43548
5 5 60 0.33046 4.7717 -0.75927 0.20103 3.526 -0.57228 -0.75695 3.6159 -0.77614 -1.3547 2.1436 -0.39664 -1.9648 0.82036 -0.90105 1.1624 3.4653 -0.37354 1.3599 1.8523 -0.20609 1.7261 0.471 -0.78537 -0.7755 -0.011402 -0.14822 -0.71117 -2.1114 -0.13437 -1.0038 -3.2679 1.2176 0.7755 0.011402 0.14822 0.87073 -1.8453 -0.83045 0.56309 -3.5483 -0.32448
5 6 60 0.30662 4.772 -0.77175 0.19189 3.5264 -0.5752 -0.77338 3.6161 -0.74124 -1.3659 2.1451 -0.34878 -1.9812 0.82407 -0.8526 1.1603 3.4659 -0.41455 1.3708 1.8519 -0.27549 1.6951 0.50267 -0.9479 -0.77978 -0.0099072 -0.12388 -0.72471 -2.1001 -0.32951 -1.0176 -3.1529 1.1046 0.77978 0.0099072 0.12388 0.82567 -1.8856 -0.78122 0.51535 -3.5656 -0.20477
5 7 60 0.29843 4.7746 -0.77766 0.19886 3.5296 -0.56922 -0.7722 3.6142 -0.70051 -1.3436 2.1422 -0.28158 -1.9602 0.83333 -0.81471 1.1728 3.4742 -0.44358 1.4058 1.8597 -0.35485 1.6852 0.54057 -1.1029 -0.78185 -0.0027404 -0.11046 -0.74261 -2.0609 -0.53089 -1.0097 -3.0638 0.94347 0.78185 0.0027404 0.11046 0.78155 -1.9213 -0.73364 0.47119 -3.5771 -0.091146
5 8 60 0.2862 4.7794 -0.76893 0.20418 3.5345 -0.55239 -0.77069 3.6114 -0.65758 -1.3126 2.1338 -0.21982 -1.9291 0.83649 -0.78073 1.1815 3.4867 -0.45302 1.4409 1.8738 -0.44096 1.6833 0.58017 -1.2444 -0.78221 0.0026531 -0.10789 -0.7453 -2 -0.74215 -0.98992 -3.0469 0.7053 0.78221 -0.0026536 0.10789 0.73993 -1.9511 -0.6771 0.42709 -3.5793 0.031365
5 9 60 0.27188 4.7808 -0.77173 0.2086 3.536 -0.54852 -0.7687 3.6027 -0.63681 -1.2778 2.1182 -0.1832 -1.8931 0.82945 -0.76484 1.188 3.4984 -0.46619 1.4722 1.8912 -0.53667 1.6912 0.62503 -1.3889 -0.782 0.0060086 -0.10925 -0.72831 -1.9212 -0.94427 -0.95803 -3.0846 0.41394 0.782 -0.0060081 0.10925 0.70723 -1.9738 -0.62312 0.38683 -3.5699 0.15192
5 10 60 0.25333 4.7799 -0.7855 0.20613 3.5357 -0.55541 -0.77255 3.5913 -0.63576 -1.2548 2.1024 -0.16751 -1.8621 0.81481 -0.76001 1.1865 3.5092 -0.48113 1.4947 1.9104 -0.61453 1.6955 0.67978 -1.5216 -0.78154 0.0062585 -0.11251 -0.69406 -1.8377 -1.1158 -0.92107 -3.1612 0.087405 0.78154 -0.0062585 0.11251 0.68672 -1.9949 -0.55868 0.34954 -3.557 0.27631
5 11 60 0.2346 4.777 -0.80968 0.20007 3.5345 -0.56816 -0.77949 3.5802 -0.64387 -1.2403 2.0876 -0.1659 -1.8421 0.79165 -0.74558 1.181 3.5178 -0.49873 1.5118 1.9272 -0.67027 1.6936 0.74013 -1.6375 -0.78041 0.0040908 -0.12018 -0.64538 -1.7631 -1.2486 -0.88246 -3.258 -0.26883 0.78041 -0.0040913 0.12018 0.66837 -2.0178 -0.46861 0.31225 -3.5542 0.4052
5 12 60 0.22078 4.7739 -0.8343 0.19312 3.5332 -0.58209 -0.78624 3.571 -0.66443 -1.2308 2.0767 -0.17622 -1.8283 0.76354 -0.72048 1.1737 3.5245 -0.50623 1.5248 1.9409 -0.7005 1.7075 0.80403 -1.7261 -0.77807 0.0008111 -0.13456 -0.59209 -1.72 -1.3255 -0.84013 -3.3653 -0.63095 0.77807 -0.0008111 0.13456 0.65123 -2.0409 -0.35162 0.27214 -3.5604 0.54173
5 13 60 0.20097 4.7715 -0.85415 0.1797 3.5318 -0.59666 -0.79853 3.5608 -0.69459 -1.2345 2.0691 -0.19118 -1.8314 0.73699 -0.68817 1.159 3.5319 -0.5053 1.5252 1.952 -0.70208 1.7275 0.86328 -1.7751 -0.77477 -0.0053277 -0.15234 -0.53398 -1.7024 -1.3673 -0.78548 -3.451 -1.0065 0.77477 0.0053277 0.15234 0.63767 -2.0575 -0.2219 0.22896 -3.56 0.68712
5 14 60 0.18361 4.7676 -0.8788 0.16605 3.5291 -0.61518 -0.80988 3.5474 -0.73597 -1.2472 2.0626 -0.21357 -1.8444 0.71383 -0.66284 1.1429 3.5398 -0.50109 1.5243 1.9622 -0.68702 1.7369 0.91078 -1.7947 -0.77003 -0.013056 -0.17429 -0.46904 -1.6937 -1.3987 -0.69611 -3.4824 -1.3909 0.77003 0.013056 0.17429 0.62569 -2.0667 -0.086497 0.18472 -3.5512 0.83687
5 15 60 0.16136 4.7652 -0.89625 0.14793 3.5282 -0.62531 -0.82476 3.5362 -0.77083 -1.2715 2.06 -0.23217 -1.869 0.69703 -0.63572 1.1214 3.5492 -0.48665 1.5133 1.9716 -0.64896 1.7431 0.93983 -1.7716 -0.76375 -0.022441 -0.19919 -0.39155 -1.6909 -1.4207 -0.57869 -3.4633 -1.6939 0.76375 0.022442 0.19919 0.6085 -2.0674 0.047794 0.13607 -3.5339 0.98425
5 23 72 0.016433 4.7465 -0.99184 0.082011 3.518 -0.69081 -0.88353 3.4396 -0.86097 -1.3182 1.9277 -0.42062 -1.922 0.55011 -0.76044 1.0461 3.6252 -0.52808 1.4607 2.0969 -0.12655 1.9785 0.68764 -0.478 -0.76002 -0.014983 -0.21364 -0.44106 -1.7976 -1.2789 -0.67905 -3.5792 -1.136 0.76002 0.014983 0.21364 0.7591 -2.0842 0.30075 0.34549 -3.1526 1.693
5 24 72 0.058976 4.7368 -1.0301 0.11671 3.5112 -0.71519 -0.83452 3.4195 -0.9478 -1.3081 1.8993 -0.58267 -1.8692 0.52789 -1.0096 1.0666 3.6317 -0.4902 1.4789 2.1215 -0.023249 2.0427 0.70627 -0.26151 -0.74908 -0.012163 -0.24947 -0.4035 -1.8294 -1.2457 -0.66293 -3.6004 -1.0285 0.74908 0.012163 0.24947 0.83703 -2.086 0.18515 0.32106 -3.0523 1.6173
5 25 72 0.087456 4.7297 -1.0595 0.13998 3.5093 -0.72466 -0.79508 3.4084 -1.0125 -1.3137 1.8817 -0.7493 -1.8211 0.52154 -1.269 1.074 3.6389 -0.44507 1.4739 2.1445 0.079885 2.0679 0.73233 -0.095197 -0.73764 -0.013777 -0.28142 -0.36726 -1.8616 -1.2102 -0.65558 -3.6174 -0.91883 0.73764 0.013777 0.28142 0.90767 -2.0687 0.060351 0.28877 -2.9888 1.482
5 28 84 -0.036665 4.7187 -1.1056 0.056549 3.508 -0.74595 -0.88409 3.393 -1.0092 -1.4318 1.8539 -1.0116 -1.9535 0.5757 -1.6984 0.99564 3.6515 -0.49126 1.3995 2.1554 0.025747 1.9962 0.7636 -0.26499 -0.75361 -0.021387 -0.23478 -0.47744 -1.9441 -1.0355 -0.78312 -3.6139 -0.42783 0.75361 0.021388 0.23478 1.0373 -1.9095 -0.54334 0.53204 -3.1921 0.61876
5 29 84 0.016514 4.7211 -1.0931 0.093004 3.5099 -0.73133 -0.82996 3.3961 -1.0515 -1.3848 1.8626 -1.1489 -1.851 0.6393 -1.9636 1.0149 3.6523 -0.41967 1.3695 2.142 0.092161 1.9732 0.75603 -0.21167 -0.74023 -0.020052 -0.27415 -0.44538 -1.977 -0.97962 -0.78709 -3.6107 -0.29755 0.74023 0.020053 0.27415 1.076 -1.8528 -0.61679 0.55207 -3.3107 0.30574
5 30 84 0.077421 4.7257 -1.0717 0.1306 3.5128 -0.71191 -0.7725 3.4044 -1.0861 -1.3307 1.8798 -1.2666 -1.7163 0.7211 -2.2081 1.0333 3.6497 -0.34609 1.3336 2.1228 0.15113 1.941 0.73852 -0.15284 -0.72673 -0.017991 -0.30829 -0.43223 -2.0115 -0.90292 -0.80414 -3.6111 -0.15876 0.72673 0.017991 0.30829 1.1222 -1.8052 -0.6581 0.6081 -3.4123 -0.022744
5 32 96 0.011565 4.7403 -1.0095 0.086298 3.5197 -0.68049 -0.8561 3.4321 -0.94801 -1.4685 1.9308 -1.1474 -1.9022 0.91802 -2.2262 1.0277 3.6361 -0.42059 1.3237 2.0854 -0.00051776 1.8305 0.69054 -0.41892 -0.76383 -0.002583 -0.20013 -0.61001 -2.0638 -0.57698 -0.84181 -3.6209 0.30203 0.76383 0.002583 0.20013 1.0628 -1.7468 -0.92434 0.7198 -3.511 -0.77965
5 33 96 0.093052 4.7494 -0.9651 0.13906 3.5246 -0.64646 -0.79724 3.4556 -0.93959 -1.4142 1.963 -1.1854 -1.7707 1.0185 -2.3509 1.0751 3.6226 -0.36067 1.332 2.0653 0.060904 1.821 0.66143 -0.34857 -0.76102 0.0073962 -0.21047 -0.64283 -2.0766 -0.44985 -0.86802 -3.6218 0.45156 0.76102 -0.0073957 0.21047 1.0512 -1.7303 -0.95647 0.81881 -3.5183 -0.95255
5 34 96 0.16782 4.7586 -0.91443 0.18447 3.53 -0.60798 -0.74722 3.483 -0.91959 -1.3688 1.9976 -1.1955 -1.6479 1.1095 -2.4248 1.1166 3.6061 -0.30335 1.3405 2.0427 0.11446 1.8137 0.62812 -0.27615 -0.76029 0.016483 -0.21257 -0.6739 -2.0792 -0.33548 -0.89868 -3.605 0.59847 0.76029 -0.016484 0.21257 1.0152 -1.7286 -0.97826 0.87452 -3.5254 -1.0276
5 36 108 0.13847 4.7739 -0.84526 0.15605 3.5396 -0.56312 -0.81854 3.5405 -0.69551 -1.4897 2.0562 -0.81879 -1.9054 1.2158 -2.0429 1.1311 3.5678 -0.43722 1.3826 1.9928 -0.083886 1.7523 0.55874 -0.51352 -0.78687 0.032823 -0.057013 -0.74965 -2.067 0.0020445 -0.78561 -3.5219 1.0664 0.78687 -0.032823 0.057013 0.84422 -1.7528 -1.1483 0.61336 -3.5409 -1.1382
5 37 108 0.18317 4.7829 -0.79026 0.17184 3.5438 -0.53013 -0.80005 3.5672 -0.67928 -1.4672 2.078 -0.75645 -1.856 1.2138 -1.9728 1.1449 3.5495 -0.38705 1.369 1.9675 -0.046832 1.7308 0.52616 -0.45843 -0.78656 0.028316 -0.0634 -0.77423 -2.0669 0.092015 -0.83724 -3.4768 1.2142 0.78656 -0.028317 0.0634 0.86912 -1.7586 -1.1256 0.5955 -3.5393 -1.0546
5 38 108 0.22553 4.7852 -0.76217 0.17888 3.5438 -0.51692 -0.78869 3.5897 -0.68744 -1.4385 2.0909 -0.69412 -1.8334 1.1557 -1.8548 1.1484 3.527 -0.35209 1.3488 1.9386 -0.02742 1.7043 0.49425 -0.43389 -0.78476 0.017106 -0.085762 -0.79414 -2.0718 0.1397 -0.90494 -3.4108 1.342 0.78476 -0.017106 0.085762 0.92898 -1.7534 -1.0885 0.59126 -3.5197 -0.95882
5 39 108 0.29588 4.7899 -0.7043 0.21546 3.5467 -0.47707 -0.74578 3.6144 -0.67405 -1.3753 2.109 -0.59565 -1.8037 1.07 -1.6514 1.1794 3.5083 -0.28526 1.3632 1.9141 0.020318 1.7177 0.47506 -0.40541 -0.78092 0.01792 -0.11548 -0.82763 -2.0627 0.173 -0.98204 -3.3275 1.4486 0.78092 -0.01792 0.11548 0.9563 -1.7702 -1.0304 0.56077 -3.5174 -0.82596
5 40 108 0.31582 4.7927 -0.66523 0.22018 3.5464 -0.46183 -0.73472 3.6259 -0.68364 -1.3493 2.1195 -0.53643 -1.8228 0.96769 -1.4458 1.1781 3.4962 -0.2447 1.3516 1.8972 0.040971 1.7067 0.47558 -0.43937 -0.77855 0.012809 -0.13112 -0.89258 -2.0669 0.14439 -1.0835 -3.2398 1.5004 0.77855 -0.01281 0.13112 0.90445 -1.7996 -0.96699 0.50259 -3.5337 -0.68
5 41 108 0.31244 4.7923 -0.65285 0.20284 3.5448 -0.46432 -0.74556 3.6324 -0.70974 -1.3497 2.1271 -0.51482 -1.8695 0.88105 -1.2597 1.1546 3.4866 -0.22322 1.3305 1.8848 0.045065 1.6909 0.49372 -0.51403 -0.77754 0.0028372 -0.13758 -0.94846 -2.0856 0.016343 -1.1739 -3.1396 1.4617 0.77754 -0.0028372 0.13758 0.85918 -1.8265 -0.90263 0.44607 -3.5445 -0.54395
5 45 120 0.19335 4.7861 -0.75303 0.14605 3.5456 -0.5047 -0.83072 3.6133 -0.59799 -1.319 2.1162 -0.16311 -2.011 0.75771 -0.39352 1.1249 3.5071 -0.41664 1.3849 1.9002 -0.27948 1.6558 0.67168 -1.1712 -0.78777 0.005693 -0.053644 -0.99322 -1.9854 -0.69203 -1.224 -3.0785 0.7232 0.78777 -0.0056934 0.053644 0.62482 -1.9369 -0.75753 0.22302 -3.5622 -0.088089
5 46 120 0.21709 4.7872 -0.74571 0.17239 3.5448 -0.50535 -0.80252 3.6027 -0.62182 -1.2849 2.1114 -0.16142 -1.9575 0.75051 -0.43214 1.1492 3.5162 -0.39405 1.4183 1.9089 -0.28068 1.7058 0.72387 -1.2244 -0.78454 0.0085392 -0.088969 -0.90202 -1.9255 -0.90139 -1.2787 -3.1842 0.33334 0.78454 -0.0085387 0.088969 0.63398 -1.9584 -0.67892 0.2017 -3.553 0.043121
5 47 120 0.24441 4.7873 -0.7383 0.19848 3.5447 -0.4993 -0.77251 3.5962 -0.64729 -1.2494 2.1085 -0.16964 -1.9 0.7484 -0.49303 1.1714 3.5225 -0.35651 1.4495 1.9155 -0.26192 1.7554 0.76979 -1.2475 -0.77944 0.011111 -0.12589 -0.76102 -1.8704 -1.0607 -1.2874 -3.3073 -0.10712 0.77944 -0.01111 0.12589 0.64027 -1.9818 -0.58909 0.16827 -3.5412 0.1832
5 48 120 0.26853 4.7864 -0.73577 0.22081 3.545 -0.49113 -0.74449 3.5899 -0.67426 -1.2199 2.1039 -0.19024 -1.8505 0.74752 -0.56482 1.188 3.5293 -0.31324 1.4762 1.9229 -0.24175 1.8079 0.80656 -1.2524 -0.77143 0.011895 -0.16806 -0.60643 -1.8262 -1.1723 -1.2291 -3.4089 -0.57391 0.77143 -0.011895 0.16806 0.63744 -2.0037 -0.48707 0.13142 -3.529 0.33044
5 49 120 0.27569 4.7857 -0.73031 0.23229 3.5461 -0.47567 -0.7264 3.5812 -0.6926 -1.2165 2.094 -0.22693 -1.8213 0.73793 -0.64291 1.1928 3.5404 -0.26414 1.4834 1.934 -0.202 1.8429 0.83111 -1.2179 -0.76117 0.0079546 -0.20989 -0.46527 -1.8012 -1.2365 -1.0739 -3.4801 -0.9882 0.76117 -0.0079546 0.20989 0.62795 -2.023 -0.36972 0.081792 -3.5171 0.47911
5 49 132 0.11782 4.7857 -0.77167 0.12831 3.5461 -0.51357 -0.85453 3.5812 -0.52644 -1.2371 2.094 0.030947 -1.9152 0.73793 -0.25019 1.1118 3.5404 -0.50636 1.409 1.934 -0.50599 1.5495 0.83111 -1.5744 -0.78818 0.0079546 -0.047045 -0.71218 -1.8012 -1.1127 -1.2559 -3.4801 -0.74333 0.78818 -0.0079546 0.047044 0.53736 -2.023 -0.4922 0.17962 -3.5171 0.45164
5 50 132 0.13462 4.7833 -0.77798 0.15062 3.546 -0.5109 -0.83138 3.5765 -0.55683 -1.2466 2.0853 -0.034598 -1.9068 0.728 -0.34992 1.1333 3.5448 -0.47066 1.4299 1.9383 -0.47836 1.6038 0.82974 -1.5359 -0.78519 0.0075855 -0.083129 -0.62234 -1.7676 -1.1951 -1.1028 -3.504 -1.1242 0.78519 -0.007586 0.083128 0.53836 -2.041 -0.38424 0.15538 -3.5072 0.59285
5 51 132 0.14198 4.784 -0.77088 0.14545 3.5483 -0.49727 -0.83187 3.5794 -0.60332 -1.279 2.0862 -0.11417 -1.932 0.73522 -0.46925 1.1239 3.5465 -0.3969 1.4285 1.9415 -0.40109 1.6393 0.81137 -1.4287 -0.78067 0.00047398 -0.11854 -0.56853 -1.7334 -1.286 -0.91931 -3.4976 -1.4106 0.78067 -0.00047398 0.11854 0.52187 -2.0519 -0.25398 0.11379 -3.5014 0.73765
5 52 132 0.15045 4.7853 -0.76269 0.13955 3.5501 -0.48745 -0.82964 3.5789 -0.65243 -1.3109 2.0873 -0.19195 -1.9602 0.74908 -0.5987 1.1101 3.5504 -0.32811 1.4201 1.9465 -0.32178 1.6763 0.7783 -1.2951 -0.77449 -0.0063405 -0.15369 -0.48185 -1.702 -1.3593 -0.71594 -3.4678 -1.6387 0.77449 0.0063405 0.1537 0.51109 -2.0601 -0.11932 0.069033 -3.4964 0.87699
5 58 144 0.06444 4.7766 -0.81827 0.094209 3.5466 -0.52186 -0.85046 3.5166 -0.794 -1.4231 2.0358 -0.40919 -2.1002 0.7301 -0.87216 1.0392 3.6059 -0.25571 1.3736 2.0263 -0.0070145 1.885 0.64311 -0.45743 -0.74724 -0.020974 -0.25436 -0.22703 -1.7383 -1.3473 -0.52205 -3.512 -1.4802 0.74724 0.020974 0.25435 0.58025 -2.0725 0.31445 0.15812 -3.2937 1.572
5 59 144 0.072537 4.7718 -0.83786 0.10404 3.5465 -0.52376 -0.81953 3.4987 -0.85854 -1.4101 2.011 -0.53147 -2.069 0.68914 -0.97417 1.0279 3.6235 -0.19519 1.3543 2.0544 0.12141 1.9152 0.66817 -0.25454 -0.72842 -0.023996 -0.30386 -0.19577 -1.7689 -1.3459 -0.52994 -3.5406 -1.3649 0.72842 0.023996 0.30386 0.62331 -2.0741 0.337 0.11506 -3.2192 1.6337
5 61 156 0.040752 4.7519 -0.91854 0.11621 3.5362 -0.57676 -0.80848 3.4556 -0.90203 -1.3931 1.9635 -0.58481 -2.0586 0.62314 -0.95661 1.0403 3.6459 -0.25834 1.4214 2.0944 0.082553 1.9828 0.72904 -0.36275 -0.73999 -0.0079603 -0.27542 -0.38154 -1.8492 -1.2217 -0.72628 -3.6091 -1.0343 0.73999 0.0079603 0.27542 0.83975 -2.0857 0.13029 0.29424 -3.0277 1.5676
5 62 156 0.094616 4.738 -0.97584 0.15301 3.5305 -0.6033 -0.7395 3.4318 -1.0046 -1.3568 1.936 -0.78011 -1.9639 0.5934 -1.2346 1.0452 3.658 -0.20945 1.4035 2.1126 0.18075 2.0154 0.77085 -0.26963 -0.7146 -0.01193 -0.33571 -0.33209 -1.8911 -1.194 -0.69333 -3.6401 -0.94598 0.7146 0.01193 0.33571 0.89533 -2.0656 0.080091 0.15665 -2.9591 1.461
5 63 168 -0.06056 4.7311 -1.0126 0.05057 3.5281 -0.63903 -0.88202 3.4281 -0.93506 -1.4731 1.9243 -0.69425 -2.1067 0.58629 -1.1255 0.98197 3.657 -0.3505 1.396 2.1161 7.5229e-06 1.946 0.80167 -0.58949 -0.75226 -0.018999 -0.23924 -0.50355 -1.9236 -1.0906 -0.82663 -3.6543 -0.70138 0.75226 0.018999 0.23924 0.94973 -2.028 -0.19075 0.35808 -2.9825 1.2199
5 64 168 0.0041836 4.7273 -1.033 0.08718 3.5254 -0.64874 -0.81642 3.4214 -1.023 -1.4209 1.9085 -0.90244 -1.9964 0.59035 -1.4582 0.99016 3.6582 -0.2822 1.3749 2.1174 0.10057 1.9821 0.82733 -0.48652 -0.73156 -0.021123 -0.29644 -0.43206 -1.9462 -1.0831 -0.78484 -3.6525 -0.61966 0.73156 0.021123 0.29644 1.0187 -1.9807 -0.27337 0.31682 -3.0641 0.98532
5 65 168 0.067304 4.723 -1.0467 0.12836 3.5224 -0.65453 -0.74154 3.4126 -1.1002 -1.3473 1.8955 -1.1058 -1.8481 0.61154 -1.7975 0.99811 3.6609 -0.21668 1.3485 2.1162 0.18301 2.0006 0.83508 -0.37484 -0.70755 -0.021919 -0.34985 -0.36316 -1.968 -1.0628 -0.74862 -3.6488 -0.53626 0.70755 0.021919 0.34985 1.0826 -1.9307 -0.32909 0.31514 -3.1636 0.7395
5 67 180 -0.034112 4.7216 -1.0519 0.067331 3.5219 -0.66427 -0.83365 3.3999 -1.0394 -1.4378 1.8891 -1.1855 -1.9316 0.71191 -2.0504 0.96722 3.6726 -0.29706 1.327 2.1198 0.060615 1.9209 0.8232 -0.52574 -0.73263 -0.021945 -0.29371 -0.46362 -2.0136 -0.90636 -0.76941 -3.6488 -0.21111 0.73263 0.021945 0.29371 1.0569 -1.8482 -0.60717 0.43806 -3.3493 0.17687
5 68 180 0.045935 4.7226 -1.0387 0.12528 3.5217 -0.6501 -0.75022 3.4022 -1.082 -1.3362 1.9 -1.3439 -1.7385 0.79241 -2.3385 1.0002 3.67 -0.22593 1.3295 2.1146 0.14987 1.9378 0.8002 -0.37917 -0.71584 -0.014304 -0.33297 -0.4438 -2.0349 -0.84047 -0.75635 -3.656 -0.11574 0.71584 0.014304 0.33297 1.1119 -1.8115 -0.62826 0.52028 -3.426 -0.086082
5 70 192 -0.023106 4.734 -0.98323 0.086653 3.5294 -0.61595 -0.83067 3.4275 -0.95583 -1.4246 1.9467 -1.3069 -1.8637 0.96703 -2.4137 1.003 3.66 -0.28343 1.3477 2.1004 0.059393 1.8631 0.74196 -0.45698 -0.75545 0.00010967 -0.22975 -0.58308 -2.0663 -0.56827 -0.73693 -3.6687 0.24376 0.75545 -0.00010967 0.22975 1.0081 -1.7644 -0.88276 0.58756 -3.5008 -0.64005
5 71 192 0.049384 4.7413 -0.94958 0.13237 3.5335 -0.58651 -0.77165 3.4461 -0.96396 -1.335 1.9735 -1.3914 -1.6726 1.0557 -2.5837 1.0361 3.6498 -0.21618 1.3534 2.0876 0.14112 1.8711 0.70629 -0.30775 -0.75159 0.0082359 -0.24195 -0.58567 -2.0725 -0.48137 -0.73383 -3.6687 0.34385 0.75159 -0.0082355 0.24195 1.0322 -1.7501 -0.89886 0.62327 -3.5008 -0.76204
5 72 192 0.11462 4.7501 -0.90429 0.17392 3.5381 -0.55056 -0.72123 3.4666 -0.95173 -1.2517 1.9995 -1.4365 -1.4722 1.1377 -2.6961 1.0693 3.6387 -0.15625 1.3569 2.0731 0.21109 1.8721 0.67172 -0.17398 -0.74878 0.016142 -0.25013 -0.59223 -2.0736 -0.4005 -0.73812 -3.6599 0.44408 0.74878 -0.016142 0.25013 1.0619 -1.7444 -0.9029 0.64453 -3.4967 -0.82407
5 73 204 6.288e-05 4.7603 -0.86925 0.098855 3.543 -0.5447 -0.85506 3.4942 -0.77927 -1.4585 2.0275 -1.1707 -1.8224 1.2165 -2.4307 1.0524 3.6208 -0.3166 1.3828 2.0514 -0.0059201 1.8119 0.63155 -0.42739 -0.78294 0.021533 -0.10022 -0.64939 -2.0729 -0.19977 -0.61696 -3.6441 0.684 0.78294 -0.021533 0.10022 0.88018 -1.7431 -1.1003 0.46861 -3.4922 -0.95241
5 74 204 0.080756 4.7652 -0.84448 0.1489 3.5437 -0.52721 -0.80164 3.5145 -0.77817 -1.3975 2.044 -1.167 -1.6482 1.2733 -2.4789 1.0997 3.6021 -0.28247 1.3946 2.0279 0.039982 1.8153 0.59054 -0.32679 -0.78224 0.029886 -0.10344 -0.65139 -2.067 -0.1237 -0.61821 -3.6221 0.78802 0.78224 -0.029886 0.10344 0.91238 -1.7504 -1.0954 0.46581 -3.4861 -0.8982
5 75 204 0.1349 4.77 -0.82462 0.16754 3.5459 -0.51251 -0.7779 3.5405 -0.78355 -1.3666 2.0603 -1.1459 -1.526 1.2958 -2.4755 1.1141 3.5804 -0.24748 1.3762 2.0017 0.080776 1.7856 0.55247 -0.25047 -0.78101 0.02582 -0.11339 -0.65235 -2.071 -0.078775 -0.63548 -3.5935 0.88697 0.78101 -0.02582 0.11339 0.94905 -1.7483 -1.0779 0.45993 -3.4641 -0.81726
5 77 216 0.082983 4.7818 -0.77695 0.11843 3.5508 -0.49185 -0.85779 3.5815 -0.60767 -1.5132 2.0881 -0.70268 -1.7949 1.2238 -1.9482 1.0958 3.5494 -0.38179 1.3551 1.9593 -0.11151 1.6633 0.50303 -0.51395 -0.78924 0.023336 0.0075277 -0.65243 -2.0681 0.15425 -0.47141 -3.5133 1.217 0.78924 -0.023336 -0.0075273 0.73479 -1.7784 -1.1612 0.28671 -3.4657 -0.71059
5 78 216 0.12094 4.7858 -0.74695 0.12786 3.5505 -0.47905 -0.844 3.5997 -0.62199 -1.501 2.1042 -0.64314 -1.7544 1.1342 -1.8147 1.1015 3.5306 -0.34146 1.3278 1.9332 -0.085192 1.6225 0.48289 -0.51823 -0.78934 0.015734 -0.014029 -0.67918 -2.0742 0.17127 -0.52079 -3.4586 1.3155 0.78934 -0.015735 0.014029 0.71593 -1.8132 -1.0714 0.26804 -3.4908 -0.58564
5 79 216 0.16986 4.7889 -0.71341 0.14506 3.5508 -0.45921 -0.82103 3.6191 -0.63059 -1.4749 2.1231 -0.5734 -1.7391 1.0356 -1.6341 1.1136 3.5118 -0.29283 1.3156 1.9063 -0.068693 1.5928 0.46877 -0.5527 -0.78847 0.010927 -0.041173 -0.73048 -2.0815 0.1401 -0.59106 -3.376 1.3874 0.78847 -0.010927 0.041173 0.71776 -1.845 -0.98124 0.25188 -3.5091 -0.4668
5 80 216 0.21257 4.7908 -0.68942 0.16904 3.5494 -0.45193 -0.79325 3.6249 -0.64079 -1.4399 2.1305 -0.50998 -1.7508 0.94035 -1.4398 1.1341 3.5031 -0.26787 1.3216 1.8915 -0.077556 1.5808 0.47481 -0.62843 -0.78678 0.0095267 -0.066174 -0.79386 -2.0886 0.044453 -0.68279 -3.2679 1.4038 0.78678 -0.0095263 0.066174 0.71256 -1.8797 -0.88842 0.23421 -3.5313 -0.34583
5 81 216 0.24709 4.7885 -0.69095 0.18553 3.546 -0.46181 -0.77202 3.6292 -0.67047 -1.4103 2.1384 -0.47341 -1.7819 0.86461 -1.259 1.1462 3.492 -0.25786 1.3287 1.8765 -0.098128 1.5758 0.49149 -0.72923 -0.78453 0.0066929 -0.08929 -0.84238 -2.0931 -0.13276 -0.78736 -3.1457 1.3301 0.78453 -0.0066929 0.08929 0.70286 -1.9072 -0.80272 0.2155 -3.5476 -0.23487
5 82 216 0.28037 4.7864 -0.6979 0.20677 3.5442 -0.46848 -0.74738 3.6275 -0.69215 -1.3725 2.1401 -0.43624 -1.8189 0.81067 -1.0775 1.1641 3.4902 -0.24962 1.3504 1.8723 -0.12119 1.5986 0.52675 -0.83215 -0.78147 0.0069556 -0.11292 -0.85403 -2.0775 -0.3657 -0.88767 -3.0434 1.1564 0.78147 -0.0069551 0.11292 0.70309 -1.9247 -0.74183 0.20005 -3.5461 -0.13452
5 83 216 0.32213 4.7847 -0.70257 0.24075 3.5437 -0.46777 -0.71058 3.6232 -0.70443 -1.3215 2.1383 -0.4036 -1.8416 0.77866 -0.9121 1.1953 3.4933 -0.2361 1.389 1.874 -0.14155 1.6472 0.56745 -0.91867 -0.77715 0.01264 -0.13921 -0.82095 -2.0356 -0.60503 -0.97297 -3.0104 0.90415 0.77715 -0.01264 0.13921 0.69634 -1.9443 -0.68327 0.18294 -3.5435 -0.027712
5 85 228 0.22852 4.7846 -0.74792 0.19821 3.545 -0.49417 -0.78084 3.614 -0.55793 -1.2832 2.1344 -0.081306 -1.9455 0.75959 -0.30238 1.1792 3.5051 -0.43596 1.411 1.8901 -0.51816 1.5202 0.65446 -1.4341 -0.78834 0.020024 -0.040254 -0.83352 -1.9116 -0.86542 -0.99045 -3.1259 0.45813 0.78834 -0.020024 0.040255 0.53646 -1.9832 -0.66462 0.17792 -3.5402 0.17095
5 86 228 0.2505 4.783 -0.75048 0.22463 3.5438 -0.49362 -0.75405 3.6027 -0.5716 -1.2544 2.1289 -0.075161 -1.9155 0.75329 -0.29477 1.2051 3.5141 -0.42126 1.4506 1.9039 -0.54737 1.5686 0.7026 -1.5068 -0.78582 0.022846 -0.073918 -0.74328 -1.8492 -1.0267 -1.0432 -3.2339 0.088413 0.78582 -0.022846 0.073918 0.54344 -2.0005 -0.59284 0.17518 -3.5308 0.28648
5 87 228 0.28222 4.7806 -0.755 0.25387 3.5423 -0.49342 -0.72314 3.5972 -0.59246 -1.2262 2.1291 -0.082221 -1.8752 0.75305 -0.33351 1.2326 3.5167 -0.40005 1.4933 1.9121 -0.56129 1.6216 0.74218 -1.5575 -0.78185 0.026617 -0.10721 -0.64624 -1.7969 -1.142 -1.04 -3.3346 -0.287 0.78185 -0.026618 0.10721 0.55131 -2.0219 -0.50916 0.16611 -3.5229 0.41254
5 88 228 0.30213 4.7794 -0.75725 0.27474 3.5417 -0.49207 -0.70073 3.5882 -0.60896 -1.2085 2.1226 -0.096273 -1.8403 0.7476 -0.39271 1.2518 3.5244 -0.38098 1.5254 1.9241 -0.5623 1.6673 0.77861 -1.5847 -0.77717 0.0288 -0.13665 -0.55567 -1.7563 -1.2224 -0.97439 -3.4164 -0.65706 0.77717 -0.028801 0.13665 0.54652 -2.0454 -0.40607 0.14319 -3.5227 0.54569
5 99 240 0.070087 4.7815 -0.8028 0.11435 3.5414 -0.54874 -0.84164 3.4801 -0.77166 -1.3604 1.9643 -0.45236 -1.8732 0.63169 -1.0345 1.0695 3.6317 -0.33202 1.375 2.0506 -0.057387 1.7595 0.59784 -0.40283 -0.75974 -0.0030041 -0.21513 -0.34399 -1.774 -1.2663 -0.50728 -3.5633 -1.1155 0.75974 0.0030046 0.21513 0.63476 -2.0913 0.32797 0.17998 -3.1999 1.6752
5 100 240 0.10016 4.7761 -0.82441 0.14121 3.537 -0.56524 -0.80279 3.467 -0.83233 -1.3279 1.9424 -0.57025 -1.8129 0.60515 -1.1654 1.0844 3.6361 -0.30452 1.3976 2.0667 0.023483 1.807 0.61945 -0.31658 -0.75121 0.00047398 -0.24327 -0.32542 -1.8079 -1.2245 -0.51872 -3.584 -0.98165 0.75121 -0.0004735 0.24327 0.72841 -2.1014 0.24613 0.20926 -3.1163 1.643
5 102 252 -0.0043076 4.7667 -0.88276 0.069492 3.5335 -0.60338 -0.89782 3.4515 -0.76131 -1.3937 1.9114 -0.53549 -1.9485 0.57874 -1.0777 1.035 3.6445 -0.45237 1.4118 2.0893 -0.12379 1.7911 0.67225 -0.599 -0.77643 0.0040302 -0.14368 -0.52893 -1.8784 -1.0434 -0.68925 -3.618 -0.59716 0.77643 -0.0040298 0.14368 0.88414 -2.0785 -0.17159 0.51708 -2.9537 1.3614
5 103 252 0.019185 4.7667 -0.89042 0.075139 3.5351 -0.60015 -0.88337 3.4519 -0.80433 -1.387 1.905 -0.65512 -1.919 0.58276 -1.2436 1.0322 3.6472 -0.40323 1.3979 2.0905 -0.069108 1.807 0.69535 -0.58274 -0.77291 0.00067329 -0.16159 -0.50917 -1.9101 -0.9945 -0.68406 -3.6245 -0.46438 0.77291 -0.00067329 0.16159 0.92542 -2.0446 -0.3003 0.5002 -2.979 1.1819
5 104 252 0.035878 4.7686 -0.88532 0.078513 3.537 -0.59302 -0.87213 3.4552 -0.83164 -1.373 1.9016 -0.76737 -1.8596 0.59827 -1.4324 1.0281 3.6477 -0.36174 1.3754 2.0876 -0.023736 1.8108 0.71629 -0.57834 -0.76935 -0.0021744 -0.17775 -0.4881 -1.9368 -0.94741 -0.68454 -3.6178 -0.32575 0.76935 0.0021744 0.17775 0.95946 -1.9991 -0.43306 0.50624 -3.07 0.94485
5 105 252 0.069556 4.7689 -0.88206 0.099532 3.5367 -0.59094 -0.84406 3.4589 -0.85728 -1.3385 1.9019 -0.86628 -1.7664 0.63235 -1.6297 1.0424 3.6434 -0.33207 1.3695 2.0786 0.0043827 1.8243 0.72853 -0.58561 -0.76464 -0.00028229 -0.19702 -0.4714 -1.9602 -0.89491 -0.69092 -3.6038 -0.18681 0.76464 0.00028276 0.19702 0.99686 -1.9452 -0.56145 0.54402 -3.1922 0.65954
5 106 252 0.099042 4.7676 -0.88715 0.11647 3.5354 -0.5952 -0.82083 3.4625 -0.88418 -1.3091 1.905 -0.95298 -1.6572 0.68724 -1.8325 1.0534 3.6373 -0.31376 1.3607 2.0656 0.0089124 1.8255 0.72174 -0.58753 -0.76012 -0.00047112 -0.2138 -0.46757 -1.9889 -0.82617 -0.70434 -3.5951 -0.042015 0.76012 0.00047112 0.2138 1.0271 -1.8863 -0.67104 0.60152 -3.3081 0.35282
5 107 252 0.13457 4.768 -0.88306 0.13581 3.5359 -0.5903 -0.79624 3.4683 -0.89706 -1.2866 1.9136 -1.0027 -1.5458 0.76179 -1.9946 1.0678 3.6322 -0.29108 1.3547 2.0549 0.022947 1.8242 0.71074 -0.56898 -0.75674 0.001133 -0.22549 -0.48311 -2.0185 -0.73587 -0.72409 -3.5956 0.10413 0.75674 -0.001133 0.22549 1.0458 -1.8357 -0.75688 0.66441 -3.4155 0.023953
5 108 252 0.17133 4.7678 -0.87993 0.15879 3.5346 -0.59165 -0.77013 3.4756 -0.90945 -1.253 1.9216 -1.0535 -1.4296 0.83004 -2.1281 1.0879 3.6225 -0.28127 1.3558 2.0417 0.031862 1.8253 0.69188 -0.54722 -0.75468 0.0039892 -0.23224 -0.51411 -2.045 -0.62969 -0.75634 -3.6027 0.24539 0.75468 -0.0039887 0.23224 1.0643 -1.7948 -0.82193 0.76525 -3.499 -0.31469
5 110 264 0.047608 4.7743 -0.86233 0.074202 3.5383 -0.58719 -0.90187 3.4999 -0.70191 -1.4013 1.9468 -0.78728 -1.7056 0.94329 -1.9178 1.0495 3.6057 -0.47956 1.3482 2.021 -0.21812 1.6826 0.6448 -0.82787 -0.78734 0.013216 -0.058471 -0.66527 -2.078 -0.22092 -0.68774 -3.613 0.7246 0.78734 -0.013217 0.058471 0.80026 -1.737 -1.1426 0.78291 -3.5381 -1.0603
5 111 264 0.061788 4.778 -0.83868 0.086906 3.541 -0.56757 -0.8917 3.5085 -0.66051 -1.3895 1.9553 -0.75216 -1.6649 0.97413 -1.9094 1.0647 3.6026 -0.48143 1.3508 2.0172 -0.21033 1.6826 0.62438 -0.78275 -0.78835 0.018094 -0.040879 -0.68715 -2.0798 -0.093554 -0.69448 -3.5963 0.88175 0.78835 -0.018094 0.040879 0.7326 -1.7253 -1.1825 0.80323 -3.5265 -1.2221
5 112 264 0.078618 4.7817 -0.81612 0.096806 3.5435 -0.5498 -0.88338 3.5214 -0.62793 -1.3807 1.9675 -0.71053 -1.644 0.98809 -1.872 1.0764 3.5946 -0.47822 1.3517 2.0081 -0.20239 1.6789 0.59882 -0.7357 -0.78887 0.020667 -0.027582 -0.70691 -2.0783 0.017587 -0.70605 -3.5671 1.0347 0.78887 -0.020667 0.027582 0.71277 -1.7192 -1.2068 0.80679 -3.5174 -1.2993
6 5 228 0.014918 4.7177 -1.0535 0.088085 3.4757 -0.82183 -0.83385 3.3491 -1.1402 -1.3051 1.8051 -0.88968 -1.6377 0.48342 -1.6108 1.0079 3.6312 -0.51032 1.517 2.135 -0.096851 2.2996 0.83068 -0.34974 -0.74773 -0.020075 -0.25297 -0.47807 -2.0392 -0.76757 -0.7928 -3.7483 -0.28702 0.74773 0.020075 0.25297 0.86298 -2.0202 -0.23505 0.71733 -3.6909 0.42725
6 6 228 0.060367 4.7207 -1.0338 0.12471 3.4785 -0.80232 -0.78138 3.3448 -1.1607 -1.2832 1.8024 -0.96605 -1.6109 0.50313 -1.7291 1.0288 3.6411 -0.45086 1.4798 2.1297 -0.025578 2.2406 0.80733 -0.24964 -0.72934 -0.021998 -0.3018 -0.42427 -2.0475 -0.76915 -0.74307 -3.7502 -0.26899 0.72934 0.021998 0.3018 0.86348 -2.023 -0.16128 0.61092 -3.6908 0.47542
6 7 228 0.10026 4.7299 -0.99486 0.14883 3.4865 -0.76639 -0.73641 3.3538 -1.174 -1.2647 1.8134 -1.0441 -1.5979 0.5319 -1.8343 1.0324 3.6481 -0.36574 1.4232 2.1214 0.064506 2.1642 0.78706 -0.15491 -0.70891 -0.024261 -0.34693 -0.37645 -2.0553 -0.76951 -0.70315 -3.749 -0.24456 0.70891 0.02426 0.34693 0.86005 -2.0215 -0.10709 0.51499 -3.684 0.4997
6 8 240 -0.049039 4.7371 -0.97211 0.027661 3.4928 -0.75709 -0.90913 3.3634 -1.0274 -1.4325 1.8261 -0.84968 -1.9277 0.55959 -1.5765 0.96186 3.6511 -0.49333 1.3753 2.1107 -0.13961 2.038 0.77185 -0.52164 -0.75479 -0.02344 -0.23072 -0.4851 -2.0587 -0.67715 -0.6943 -3.745 -0.074262 0.75479 0.02344 0.23072 0.82788 -2.0161 -0.26839 0.54998 -3.669 0.39622
6 9 240 0.015328 4.741 -0.96027 0.067226 3.4957 -0.74366 -0.85432 3.3742 -1.0651 -1.3993 1.8386 -0.94814 -1.8897 0.57914 -1.6903 0.98678 3.6462 -0.42878 1.3465 2.0955 -0.061686 1.9981 0.7579 -0.4666 -0.74459 -0.021254 -0.26198 -0.45117 -2.0594 -0.67938 -0.65875 -3.7384 -0.055759 0.74459 0.021254 0.26198 0.83324 -2.0013 -0.29978 0.51361 -3.6334 0.39678
6 10 240 0.074953 4.7464 -0.94005 0.10192 3.5005 -0.72362 -0.80466 3.3825 -1.0863 -1.3581 1.8466 -1.0285 -1.8334 0.59123 -1.7873 1.0069 3.6475 -0.36752 1.3173 2.0885 0.0091897 1.9636 0.75296 -0.41057 -0.73496 -0.019176 -0.28803 -0.41847 -2.059 -0.67926 -0.62701 -3.7296 -0.033687 0.73496 0.019176 0.28803 0.85992 -1.977 -0.35536 0.5045 -3.585 0.37877
6 11 240 0.13399 4.7507 -0.92121 0.13131 3.5038 -0.70921 -0.75913 3.3982 -1.1133 -1.314 1.8617 -1.0988 -1.7501 0.61046 -1.8873 1.0208 3.6386 -0.3116 1.2931 2.0738 0.070569 1.9418 0.73988 -0.35077 -0.73011 -0.01634 -0.30029 -0.40334 -2.0607 -0.65844 -0.60509 -3.7246 0.005932 0.73011 0.016339 0.30029 0.91604 -1.9421 -0.43741 0.53275 -3.5443 0.29535
6 14 252 0.073342 4.7529 -0.93698 0.038554 3.5058 -0.73049 -0.89715 3.4422 -1.0268 -1.3987 1.8879 -0.99213 -1.7653 0.66517 -1.8572 0.97382 3.5985 -0.44057 1.251 2.029 -0.081891 1.8064 0.66799 -0.54745 -0.77402 -0.015932 -0.15534 -0.52263 -2.0872 -0.4026 -0.53981 -3.7375 0.32324 0.77402 0.015931 0.15534 0.8797 -1.8212 -0.8586 0.67779 -3.5552 -0.4078
6 15 252 0.1094 4.751 -0.94291 0.060302 3.5045 -0.73801 -0.87399 3.4452 -1.0396 -1.3636 1.8869 -1.0167 -1.6254 0.68861 -1.9512 0.99436 3.5929 -0.4429 1.2594 2.0247 -0.069621 1.807 0.64498 -0.48677 -0.77371 -0.012546 -0.1572 -0.53526 -2.0938 -0.31755 -0.53564 -3.7431 0.41099 0.77371 0.012546 0.1572 0.88523 -1.7924 -0.91245 0.71731 -3.5644 -0.62492
6 16 252 0.13887 4.7504 -0.94706 0.082022 3.5048 -0.73879 -0.85065 3.4508 -1.0463 -1.3318 1.8898 -1.0245 -1.4894 0.72307 -2.0203 1.0147 3.5879 -0.43782 1.27 2.0219 -0.048863 1.8069 0.6247 -0.41932 -0.77391 -0.0084033 -0.15648 -0.55784 -2.0975 -0.21456 -0.53893 -3.746 0.51542 0.77391 0.0084028 0.15648 0.89171 -1.7693 -0.95711 0.76251 -3.5644 -0.84742
6 17 252 0.16621 4.7511 -0.94638 0.10392 3.5068 -0.73095 -0.82897 3.4576 -1.0386 -1.305 1.8951 -1.0076 -1.3728 0.7615 -2.0506 1.037 3.585 -0.42994 1.2865 2.0211 -0.02917 1.815 0.61016 -0.35728 -0.7743 -0.003233 -0.15474 -0.57688 -2.0943 -0.10322 -0.54471 -3.742 0.62834 0.7743 0.0032325 0.15474 0.90448 -1.749 -0.99725 0.80218 -3.5481 -1.0579
6 18 252 0.18703 4.752 -0.94095 0.11969 3.5085 -0.72324 -0.81592 3.4624 -1.023 -1.2846 1.8979 -0.98606 -1.2847 0.79036 -2.059 1.0556 3.5837 -0.43024 1.2988 2.0216 -0.018411 1.8167 0.60032 -0.31739 -0.77585 0.001627 -0.14679 -0.59393 -2.087 -0.010061 -0.55238 -3.7229 0.7471 0.77585 -0.001627 0.14679 0.90691 -1.7455 -1.0177 0.82717 -3.5332 -1.2381
6 22 252 0.22753 4.7612 -0.88743 0.15117 3.5162 -0.67926 -0.80372 3.5013 -0.91447 -1.2961 1.9495 -0.77924 -1.2757 0.83768 -1.8474 1.1067 3.5602 -0.45051 1.3342 1.9976 -0.031919 1.8118 0.55701 -0.30452 -0.78255 0.013912 -0.10448 -0.67152 -2.0194 0.41292 -0.63333 -3.5937 1.291 0.78255 -0.013912 0.10448 0.86651 -1.7736 -1.0405 0.81539 -3.5555 -1.3105
6 23 252 0.21623 4.7573 -0.90382 0.13654 3.5122 -0.69816 -0.82158 3.5042 -0.9202 -1.3183 1.9589 -0.73586 -1.3696 0.79976 -1.7514 1.0955 3.5492 -0.4826 1.3232 1.9825 -0.079727 1.7882 0.5405 -0.36629 -0.78208 0.0042269 -0.10879 -0.69212 -2.0137 0.46923 -0.68779 -3.5451 1.4209 0.78208 -0.0042267 0.10879 0.85807 -1.7627 -1.0385 0.79557 -3.5532 -1.2408
6 24 252 0.23789 4.7565 -0.90004 0.15164 3.5107 -0.70193 -0.80567 3.5078 -0.92754 -1.297 1.9691 -0.68372 -1.4569 0.74294 -1.605 1.1099 3.5427 -0.48268 1.3429 1.9683 -0.11403 1.7999 0.52798 -0.42106 -0.78041 0.0066936 -0.12008 -0.72732 -1.9873 0.53986 -0.75999 -3.4816 1.5483 0.78041 -0.0066936 0.12008 0.86045 -1.7511 -1.0482 0.76902 -3.5493 -1.1431
6 25 252 0.20819 4.7588 -0.88916 0.13335 3.5109 -0.69894 -0.82419 3.5027 -0.92347 -1.3081 1.9681 -0.64135 -1.5883 0.67105 -1.4268 1.0916 3.5483 -0.4806 1.3313 1.9658 -0.15374 1.7823 0.53657 -0.51652 -0.78096 0.003053 -0.11654 -0.76663 -1.978 0.58303 -0.84434 -3.4201 1.6625 0.78097 -0.003053 0.11654 0.83433 -1.7716 -1.0164 0.72276 -3.5712 -1.0092
6 26 252 0.14772 4.7595 -0.88811 0.089361 3.5091 -0.70663 -0.86974 3.496 -0.92412 -1.3439 1.9597 -0.63486 -1.7355 0.61075 -1.271 1.0489 3.5514 -0.49501 1.3024 1.963 -0.21009 1.7505 0.55705 -0.6577 -0.78305 -0.0062075 -0.10148 -0.79893 -2.0081 0.53614 -0.92275 -3.36 1.7227 0.78305 0.006207 0.10148 0.79612 -1.8083 -0.95761 0.66916 -3.6046 -0.86851
6 32 240 0.10935 4.7532 -0.92839 0.14335 3.5086 -0.70095 -0.81298 3.4347 -0.91854 -1.3039 1.907 -0.61227 -1.681 0.64783 -1.4185 1.0985 3.6114 -0.49 1.6237 2.0647 -0.51039 2.1658 0.91593 -1.3845 -0.76336 -0.0029469 -0.20192 -0.6054 -1.9835 -0.88504 -1.0738 -3.1448 0.41223 0.76336 0.0029473 0.20193 0.78534 -1.9675 -0.52679 0.4691 -3.6701 -0.024779
6 44 252 0.015848 4.7843 -0.76242 0.056724 3.5335 -0.57995 -0.91774 3.4521 -0.68553 -1.2906 1.955 -0.14831 -1.8516 0.5404 -0.39702 1.0289 3.6442 -0.48001 1.5608 2.1003 -0.52525 1.9707 0.911 -1.4171 -0.76859 -0.0076678 -0.18086 -0.45981 -1.8257 -1.1877 -0.39957 -3.5876 -1.5657 0.76859 0.0076678 0.18086 0.55565 -2.0414 0.59359 0.22736 -3.4546 1.6641
6 45 252 0.01268 4.7858 -0.74686 0.061017 3.5343 -0.5705 -0.91263 3.4488 -0.68031 -1.2907 1.9481 -0.15713 -1.8591 0.53871 -0.41844 1.0323 3.649 -0.46619 1.538 2.0969 -0.40162 1.9931 0.8162 -1.1299 -0.76978 -0.0011201 -0.17587 -0.45298 -1.8202 -1.1784 -0.4158 -3.6079 -1.4097 0.76978 0.0011201 0.17587 0.56033 -2.0352 0.64878 0.23454 -3.3934 1.789
6 46 252 0.010555 4.7904 -0.71493 0.063957 3.5377 -0.5478 -0.90834 3.4498 -0.66722 -1.299 1.9393 -0.18268 -1.8669 0.53525 -0.47191 1.0338 3.6549 -0.43365 1.5069 2.0993 -0.27591 1.9987 0.74304 -0.82039 -0.7688 0.00094604 -0.18013 -0.43847 -1.8399 -1.1374 -0.4223 -3.64 -1.2397 0.7688 -0.00094604 0.18013 0.60198 -2.0398 0.65937 0.25448 -3.3213 1.8791
6 47 252 0.043234 4.7943 -0.68205 0.097341 3.5406 -0.52172 -0.87164 3.4517 -0.66502 -1.2813 1.9302 -0.23399 -1.84 0.53598 -0.58282 1.0639 3.6587 -0.38352 1.506 2.1024 -0.15734 2.0109 0.69655 -0.53989 -0.76222 0.007441 -0.20607 -0.42187 -1.8734 -1.0784 -0.42183 -3.6764 -1.0724 0.76222 -0.007441 0.20607 0.67885 -2.0693 0.60125 0.28169 -3.2437 1.9104
6 48 252 0.10552 4.7908 -0.68568 0.14944 3.5372 -0.52244 -0.81299 3.4483 -0.70467 -1.2492 1.9174 -0.33743 -1.7842 0.53769 -0.77067 1.1097 3.6554 -0.34538 1.5292 2.1034 -0.055091 2.0246 0.67501 -0.35824 -0.7544 0.017538 -0.23255 -0.41022 -1.9029 -1.012 -0.41796 -3.7036 -0.92036 0.7544 -0.017538 0.23255 0.77765 -2.1045 0.47445 0.30951 -3.1438 1.8714
6 48 264 -0.039347 4.7908 -0.69264 0.037549 3.5372 -0.5421 -0.94173 3.4483 -0.52024 -1.292 1.9174 -0.070343 -1.9054 0.53769 -0.38287 1.0136 3.6554 -0.56855 1.4843 2.1034 -0.37183 1.9058 0.67501 -0.77134 -0.78626 0.017538 -0.070617 -0.61167 -1.9029 -0.90463 -0.60018 -3.7036 -0.81335 0.78626 -0.017538 0.070617 0.8593 -2.1045 0.3024 0.69184 -3.1438 1.7662
6 49 264 0.0072026 4.7856 -0.72815 0.068828 3.5334 -0.56082 -0.91061 3.4467 -0.58397 -1.3064 1.9105 -0.19385 -1.9044 0.55186 -0.61125 1.0453 3.6494 -0.54271 1.5127 2.1054 -0.28455 1.9184 0.66978 -0.67435 -0.78407 0.022165 -0.090794 -0.58358 -1.9263 -0.85069 -0.56947 -3.7209 -0.67689 0.78407 -0.022166 0.090794 0.91063 -2.1191 0.12697 0.67914 -3.0519 1.6525
6 50 264 0.029531 4.7861 -0.74451 0.072046 3.5352 -0.56413 -0.90557 3.453 -0.63388 -1.3506 1.9109 -0.32955 -1.9339 0.57607 -0.83529 1.0471 3.6467 -0.49985 1.5035 2.1069 -0.20067 1.9035 0.67502 -0.60996 -0.78284 0.018054 -0.10162 -0.56191 -1.9481 -0.80848 -0.54605 -3.7302 -0.53474 0.78284 -0.018055 0.10162 0.93979 -2.1067 -0.063218 0.66477 -3.0256 1.4635
6 51 264 0.043811 4.7887 -0.74465 0.068762 3.5383 -0.558 -0.90459 3.4598 -0.67541 -1.3929 1.9132 -0.47965 -1.9509 0.60451 -1.0743 1.04 3.6459 -0.4462 1.4731 2.1051 -0.1192 1.885 0.68729 -0.56398 -0.78271 0.014326 -0.10326 -0.54422 -1.9651 -0.76592 -0.52741 -3.7273 -0.38477 0.78271 -0.014326 0.10326 0.95136 -2.0762 -0.26365 0.67056 -3.0792 1.2081
6 52 264 0.056788 4.791 -0.73659 0.066687 3.5403 -0.54963 -0.90121 3.4677 -0.70864 -1.4183 1.9197 -0.63786 -1.946 0.64757 -1.3313 1.0328 3.642 -0.39621 1.4355 2.0958 -0.0559 1.8694 0.69636 -0.53649 -0.78319 0.013187 -0.09969 -0.53163 -1.9773 -0.72353 -0.51438 -3.7105 -0.22699 0.78319 -0.013186 0.09969 0.93909 -2.0326 -0.45897 0.67647 -3.1844 0.90311
6 53 264 0.072699 4.7923 -0.72741 0.071116 3.5411 -0.54295 -0.89222 3.4751 -0.73002 -1.4229 1.9309 -0.78067 -1.9132 0.71275 -1.589 1.0331 3.6362 -0.36141 1.4032 2.0826 -0.017954 1.8547 0.70199 -0.53538 -0.78298 0.013868 -0.10122 -0.51832 -1.9922 -0.66702 -0.50502 -3.6937 -0.070666 0.78298 -0.013868 0.10122 0.91164 -1.9784 -0.63248 0.68287 -3.3081 0.56351
6 54 264 0.091247 4.7947 -0.70981 0.082185 3.5427 -0.53024 -0.87796 3.4826 -0.73488 -1.4127 1.9471 -0.89389 -1.8468 0.80013 -1.8285 1.0412 3.632 -0.33102 1.3856 2.0725 0.012385 1.8415 0.70974 -0.54684 -0.78235 0.016516 -0.10562 -0.51335 -2.0125 -0.58014 -0.49663 -3.6853 0.092409 0.78235 -0.016516 0.10562 0.87816 -1.9228 -0.77265 0.68821 -3.4257 0.20502
6 55 264 0.10605 4.7971 -0.69136 0.092479 3.5443 -0.51688 -0.86609 3.4885 -0.72998 -1.3974 1.9629 -0.97269 -1.7622 0.91029 -2.0388 1.0501 3.6293 -0.30908 1.3786 2.0635 0.021097 1.8242 0.71275 -0.57441 -0.78227 0.019257 -0.10576 -0.52125 -2.0364 -0.45306 -0.49054 -3.6912 0.26216 0.78227 -0.019257 0.10576 0.84866 -1.8707 -0.88518 0.69715 -3.5253 -0.18508
6 56 264 0.11843 4.7999 -0.66847 0.10096 3.5466 -0.49797 -0.85752 3.4933 -0.71207 -1.3827 1.9782 -1.0243 -1.6646 1.0305 -2.2076 1.0585 3.6292 -0.28901 1.3805 2.0579 0.020994 1.8073 0.71356 -0.60205 -0.7829 0.022614 -0.10025 -0.54435 -2.0562 -0.28954 -0.48614 -3.7004 0.44807 0.7829 -0.022614 0.10025 0.81995 -1.8373 -0.95793 0.7031 -3.5963 -0.57923
6 57 264 0.13603 4.8041 -0.63454 0.11632 3.5497 -0.47213 -0.84377 3.5023 -0.68035 -1.361 1.9958 -1.0432 -1.55 1.1547 -2.3216 1.0756 3.6264 -0.26887 1.3938 2.05 0.018579 1.8006 0.70832 -0.62329 -0.78373 0.027805 -0.092162 -0.56709 -2.062 -0.10835 -0.47848 -3.7024 0.63468 0.78373 -0.027806 0.092162 0.78681 -1.8206 -1.0033 0.69716 -3.6206 -0.94897
6 58 264 0.14893 4.8075 -0.60407 0.12535 3.5521 -0.44973 -0.83718 3.5116 -0.64784 -1.3497 2.0113 -1.0418 -1.4455 1.2771 -2.3944 1.0872 3.6221 -0.25637 1.4071 2.0431 0.014282 1.7985 0.70318 -0.6408 -0.78515 0.032121 -0.0775 -0.58484 -2.0544 0.066143 -0.46899 -3.6913 0.81318 0.78515 -0.032122 0.0775 0.74877 -1.8125 -1.0375 0.6683 -3.5995 -1.2636
6 65 264 0.22289 4.799 -0.58874 0.12663 3.5429 -0.47041 -0.85342 3.5872 -0.54048 -1.3807 2.0422 -0.60163 -1.4549 1.0845 -1.8079 1.1078 3.5281 -0.40424 1.4057 1.9342 -0.20541 1.7542 0.52101 -0.71432 -0.7881 0.026989 0.04085 -0.63116 -1.9627 0.69725 -0.50301 -3.3736 1.8125 0.7881 -0.026988 -0.04085 0.61182 -1.8227 -1.1173 0.44771 -3.6182 -1.1182
6 66 264 0.20917 4.795 -0.59996 0.10021 3.5394 -0.48711 -0.8798 3.5985 -0.54591 -1.3953 2.0488 -0.50455 -1.5916 0.93787 -1.5557 1.0818 3.5098 -0.43213 1.3753 1.9126 -0.25453 1.7105 0.50113 -0.77695 -0.78757 0.017378 0.054125 -0.65855 -2.0062 0.60442 -0.55061 -3.3114 1.8436 0.78757 -0.017378 -0.054125 0.59151 -1.849 -1.0645 0.42829 -3.6417 -0.96201
6 67 252 0.29391 4.7937 -0.5538 0.15443 3.5389 -0.46565 -0.79705 3.6082 -0.70493 -1.3129 2.0583 -0.68919 -1.4613 0.825 -1.6028 1.1084 3.4991 -0.22967 1.3609 1.8994 -0.015515 1.7872 0.50075 -0.50509 -0.7844 0.0025463 -0.090582 -0.7871 -2.0625 0.29679 -0.95896 -3.2246 1.6646 0.7844 -0.0025463 0.090582 0.77872 -1.8793 -0.85384 0.57004 -3.6637 -0.70115
6 68 252 0.26983 4.7886 -0.58915 0.12627 3.535 -0.49233 -0.83155 3.6097 -0.70295 -1.3501 2.0629 -0.61689 -1.6756 0.75263 -1.3618 1.0867 3.4897 -0.28519 1.3436 1.888 -0.092371 1.7596 0.51103 -0.64783 -0.78644 -0.0058322 -0.070584 -0.79962 -2.1003 0.095115 -0.96774 -3.1212 1.5717 0.78644 0.0058322 0.070585 0.75607 -1.9054 -0.80157 0.52656 -3.6777 -0.56276
6 69 252 0.24772 4.786 -0.62546 0.11074 3.5327 -0.51454 -0.85342 3.6067 -0.6942 -1.3776 2.0668 -0.54333 -1.851 0.72072 -1.1278 1.0774 3.4881 -0.33864 1.3511 1.8854 -0.18045 1.742 0.53668 -0.8175 -0.78758 -0.0086217 -0.055999 -0.80434 -2.1085 -0.1245 -0.95329 -3.0625 1.3982 0.78758 0.0086222 0.055999 0.72809 -1.9289 -0.75448 0.48125 -3.6855 -0.43185
6 70 252 0.23888 4.7875 -0.64985 0.1179 3.5341 -0.52068 -0.85235 3.6013 -0.6672 -1.3837 2.0713 -0.45389 -1.9614 0.71819 -0.91547 1.0903 3.4963 -0.37824 1.3908 1.8936 -0.27933 1.7498 0.57423 -0.9922 -0.78795 -0.0038543 -0.051102 -0.79453 -2.0833 -0.35139 -0.93164 -3.0782 1.146 0.78795 0.0038538 0.051102 0.70666 -1.954 -0.70687 0.43979 -3.6907 -0.3026
6 71 252 0.23057 4.7915 -0.65581 0.12958 3.5376 -0.51369 -0.84519 3.5933 -0.63241 -1.383 2.0749 -0.36003 -2.0174 0.72824 -0.76211 1.1061 3.5113 -0.39927 1.4327 1.9107 -0.38303 1.765 0.6205 -1.1593 -0.78755 0.0014014 -0.057094 -0.77633 -2.0394 -0.55619 -0.91012 -3.1573 0.85215 0.78755 -0.0014009 0.057094 0.67994 -1.9733 -0.66006 0.39413 -3.6854 -0.17223
6 72 252 0.22309 4.7935 -0.66066 0.14345 3.5391 -0.50953 -0.83403 3.5817 -0.60984 -1.3771 2.0743 -0.29116 -2.0354 0.73506 -0.67932 1.1222 3.5259 -0.41369 1.4764 1.9325 -0.48158 1.7823 0.68085 -1.3286 -0.7866 0.0065432 -0.068634 -0.74162 -1.981 -0.74828 -0.87833 -3.2698 0.50521 0.7866 -0.0065432 0.068634 0.65633 -1.9892 -0.6143 0.35216 -3.6722 -0.043454
6 73 252 0.20494 4.7956 -0.6645 0.14884 3.5408 -0.50473 -0.83064 3.5719 -0.5884 -1.3683 2.071 -0.23216 -2.0325 0.73776 -0.63088 1.1292 3.539 -0.42566 1.5103 1.9569 -0.56796 1.7963 0.75409 -1.4895 -0.78584 0.0095348 -0.076548 -0.69855 -1.9164 -0.91169 -0.84524 -3.382 0.1282 0.78584 -0.0095353 0.076548 0.63445 -2.0048 -0.56413 0.31119 -3.6549 0.086691
6 74 252 0.17605 4.7981 -0.66415 0.13769 3.5435 -0.49627 -0.84288 3.5651 -0.56968 -1.3619 2.0655 -0.1814 -2.0271 0.74098 -0.60651 1.1188 3.5513 -0.42751 1.5241 1.9811 -0.62483 1.7937 0.83592 -1.6216 -0.78546 0.007947 -0.080516 -0.64272 -1.8575 -1.0366 -0.80042 -3.4796 -0.2653 0.78546 -0.007947 0.080516 0.61503 -2.024 -0.48598 0.27042 -3.6452 0.22378
6 75 252 0.15187 4.801 -0.65839 0.13039 3.547 -0.4829 -0.85097 3.5566 -0.54777 -1.3419 2.0526 -0.14076 -2.0006 0.73055 -0.58347 1.1119 3.5668 -0.42284 1.5413 2.0079 -0.65541 1.804 0.92629 -1.7226 -0.78467 0.0080385 -0.087868 -0.58847 -1.8176 -1.109 -0.74031 -3.5552 -0.65191 0.78467 -0.008039 0.087868 0.59606 -2.0474 -0.3809 0.23032 -3.6474 0.3654
6 76 252 0.12614 4.8045 -0.64547 0.12083 3.5512 -0.46341 -0.86043 3.5501 -0.53034 -1.3215 2.0416 -0.10572 -1.9581 0.71828 -0.57623 1.1019 3.5817 -0.40139 1.5548 2.0328 -0.65509 1.812 1.0156 -1.7851 -0.78336 0.007731 -0.09889 -0.5467 -1.8023 -1.1392 -0.66136 -3.5974 -1.0152 0.78336 -0.007731 0.09889 0.57301 -2.0683 -0.25362 0.18376 -3.6532 0.51265
6 77 252 0.090736 4.8079 -0.62893 0.10046 3.5551 -0.44362 -0.88027 3.5418 -0.5168 -1.3143 2.0281 -0.081725 -1.9219 0.69991 -0.57589 1.0807 3.5979 -0.37541 1.5523 2.0558 -0.63665 1.8073 1.094 -1.8146 -0.7819 0.0042596 -0.11003 -0.52103 -1.8033 -1.1487 -0.56127 -3.596 -1.3376 0.7819 -0.0042591 0.11003 0.5462 -2.0804 -0.11003 0.13302 -3.6584 0.65806
