0 20 228 0.65103 4.7724 0.40218 0.32278 3.55 0.39974 0.65985 3.5151 -0.52359 0.24316 2.5626 -1.7837 0.42015 2.7005 -3.3092 -0.0075984 3.614 1.3239 1.2002 2.5329 1.5275 2.2226 2.7034 0.38592 0.66289 -0.010969 -0.42891 0.92279 -1.7648 0.69835 1.1591 -3.5503 0.78413 -0.66289 0.010969 0.42891 -0.68041 -2.0688 0.13147 -0.63107 -3.4325 -1.047
0 22 240 0.56377 4.7831 0.45762 0.26808 3.5528 0.41894 0.69682 3.5281 -0.4659 0.46663 2.573 -1.7711 0.89387 2.7389 -3.2434 -0.15456 3.6066 1.3054 0.98744 2.5532 1.8104 2.3673 2.6188 1.1253 0.67388 -0.0028431 -0.41155 1.0114 -1.7937 0.6341 1.2631 -3.5781 0.57529 -0.67388 0.0028429 0.41155 -0.7612 -2.093 0.29258 -0.84814 -3.4785 -0.85799
0 23 252 0.57174 4.7869 0.43142 0.28402 3.5542 0.39638 0.67688 3.5279 -0.50492 0.41985 2.5808 -1.8109 0.84336 2.7617 -3.2825 -0.10272 3.6096 1.299 1.0289 2.5695 1.8523 2.4777 2.5973 1.3251 0.63873 0.00053406 -0.46424 1.1091 -1.8119 0.48877 1.3389 -3.5922 0.32001 -0.63873 -0.0005343 0.46424 -0.74262 -2.0989 0.44882 -1.0118 -3.5035 -0.64914
0 24 264 0.58967 4.7913 0.39516 0.31266 3.5559 0.3612 0.67833 3.5337 -0.55157 0.40022 2.5973 -1.861 0.84192 2.79 -3.3258 -0.046953 3.6074 1.2752 1.0736 2.5823 1.8773 2.579 2.5718 1.5438 0.60241 -0.0019205 -0.51049 1.1902 -1.8372 0.32643 1.3663 -3.6106 0.052482 -0.60241 0.0019205 0.51049 -0.69512 -2.0954 0.59455 -1.1308 -3.5279 -0.40995
0 25 276 0.60223 4.7939 0.35919 0.32992 3.5573 0.33016 0.67079 3.5315 -0.59206 0.40201 2.6028 -1.9089 0.85649 2.7992 -3.3692 -0.0049667 3.6123 1.2533 1.0991 2.6018 1.9081 2.6362 2.5546 1.7951 0.55942 0.00046086 -0.55726 1.2406 -1.8588 0.14534 1.3396 -3.6233 -0.21187 -0.55942 -0.0004611 0.55726 -0.61792 -2.0931 0.73555 -1.1971 -3.5536 -0.14901
0 26 288 0.61589 4.7974 0.29586 0.3446 3.5603 0.27805 0.64841 3.5279 -0.65684 0.40511 2.6078 -1.9846 0.90121 2.8002 -3.4319 0.046806 3.622 1.2134 1.131 2.6313 1.9288 2.6658 2.5496 2.0527 0.51093 -0.0027633 -0.60203 1.257 -1.8863 -0.045395 1.2606 -3.6399 -0.46477 -0.51093 0.0027628 0.60203 -0.51416 -2.0836 0.8501 -1.2065 -3.5771 0.11466
0 27 300 0.61544 4.8016 0.23585 0.35191 3.5627 0.23515 0.6115 3.5296 -0.71294 0.40536 2.6128 -2.0492 0.96486 2.7888 -3.4753 0.098195 3.6249 1.1834 1.154 2.6471 1.9565 2.6483 2.5342 2.32 0.45429 -0.0029111 -0.64584 1.2343 -1.9106 -0.23766 1.1267 -3.6518 -0.69311 -0.45429 0.0029106 0.64584 -0.39001 -2.0747 0.95202 -1.165 -3.6001 0.38345
0 31 336 0.57937 4.8131 0.14667 0.33897 3.5695 0.1396 0.58916 3.5394 -0.81111 0.91105 2.5741 -2.0891 2.1168 2.6171 -3.0493 0.094247 3.6288 1.0904 0.64082 2.7738 2.3706 1.7069 2.7276 3.4837 0.2946 0.001811 -0.7326 0.9805 -1.9836 -0.68805 0.49573 -3.6724 -1.0929 -0.2946 -0.001811 0.7326 0.069498 -2.0296 1.1446 -0.71811 -3.6512 1.1148
0 41 72 0.52027 4.8062 0.19777 0.30037 3.5715 0.056772 0.55859 3.5718 -0.89227 1.5893 2.3622 -1.2706 2.8952 2.2593 -0.45707 0.046215 3.6007 1.0065 -0.82179 2.7397 2.0899 -1.1967 2.8322 3.5828 -0.24477 0.047052 -0.74925 -0.30662 -2.053 -0.764 -1.0623 -3.6009 -0.23108 0.24477 -0.047052 0.74925 1.1843 -1.878 0.32583 1.2759 -3.6349 0.72041
0 42 84 0.53806 4.7997 0.16552 0.30075 3.5715 0.014572 0.49439 3.5777 -0.9497 1.5194 2.3505 -1.2845 2.7564 2.2646 -0.36795 0.11109 3.5948 0.97938 -0.79275 2.7006 2.0051 -1.2143 2.7265 3.4881 -0.34391 0.045931 -0.70931 -0.42963 -2.0532 -0.68395 -1.0942 -3.5887 -0.012107 0.34391 -0.045931 0.70931 1.2199 -1.8576 0.10523 1.392 -3.6225 0.43134
0 44 96 0.54236 4.7818 0.18653 0.28385 3.572 -0.024046 0.49515 3.5969 -0.9843 1.5497 2.35 -1.03 2.4154 2.299 0.245 0.076269 3.5767 0.93733 -1.0293 2.6576 1.7131 -1.796 2.4578 3.036 -0.41287 0.040276 -0.67187 -0.54012 -2.0555 -0.59597 -1.1021 -3.5619 0.21996 0.41287 -0.040276 0.67187 1.2054 -1.8276 -0.097319 1.431 -3.6014 0.13394
0 93 180 -0.34268 4.7941 -0.20984 -0.16963 3.565 -0.089407 -0.13283 3.6044 0.89266 0.37708 3.7232 2.4401 0.7377 5.1654 2.8499 -0.20499 3.5553 -1.0723 -0.16988 3.6664 -2.7017 -0.3053 5.0988 -3.2562 0.028807 0.015961 0.78893 -0.38104 -2.0447 0.77888 0.21767 -3.7453 0.76359 -0.028807 -0.015962 -0.78893 -0.38012 -2.0812 -0.9491 0.34229 -3.7119 -1.2132
0 106 336 0.39748 4.8273 0.046889 0.35357 3.5681 0.049162 0.79405 3.4909 -0.82684 1.7436 2.204 -0.49397 2.874 2.0464 0.54287 -0.082459 3.6748 0.9243 0.72298 2.515 1.7457 2.2139 2.151 1.8955 0.34085 -0.012396 -0.71215 0.79721 -2.0527 -0.50463 0.28309 -3.7495 -0.83277 -0.34085 0.012396 0.71215 0.0051942 -2.0367 1.0219 -0.61632 -3.7266 0.92855
1 8 168 1.19 4.672 0.14479 0.96947 3.4308 0.074425 1.1556 3.4113 -0.89116 0.83752 2.6735 -2.3135 1.0775 2.935 -3.8141 0.78681 3.48 1.0396 0.012678 2.7236 2.2633 -0.069837 2.9853 3.7807 0.099482 -0.018736 -0.7831 0.85123 -1.9796 -0.84672 0.37148 -3.6938 -1.1338 -0.099482 0.018736 0.7831 0.54653 -1.9325 1.2188 -0.21038 -3.5689 1.2155
1 9 168 1.1092 4.6876 0.1326 0.90453 3.444 0.068298 1.0817 3.4251 -0.89898 0.76903 2.903 -2.415 0.93912 3.3834 -3.8704 0.73011 3.4925 1.035 -0.09893 2.9011 2.3124 -0.22089 3.3318 3.788 0.097231 -0.015308 -0.78346 0.77225 -2.0005 -0.91654 0.38431 -3.7057 -1.3555 -0.097231 0.015309 0.78346 0.4168 -1.9609 1.2782 -0.34336 -3.5913 1.3999
1 10 168 1.0427 4.7002 0.14822 0.84443 3.4564 0.089948 1.0173 3.4391 -0.87813 0.67335 3.1369 -2.4463 0.78929 3.8191 -3.8243 0.67366 3.5035 1.0574 -0.21048 3.0708 2.3612 -0.34025 3.6407 3.7881 0.10169 -0.0076876 -0.78301 0.70787 -2.0058 -1.0162 0.37103 -3.6825 -1.5873 -0.10169 0.0076876 0.78301 0.30296 -1.9664 1.3776 -0.50424 -3.565 1.5867
1 21 168 0.5949 4.7897 0.36877 0.45135 3.5422 0.24782 0.6225 3.5754 -0.72015 0.67373 3.6035 -2.3527 0.8443 4.5548 -3.5543 0.28139 3.5388 1.2166 -0.17249 3.0017 2.6911 -0.15954 3.4597 4.1634 0.0868 0.042914 -0.78366 1.0192 -1.7826 -1.2447 0.12026 -3.2514 -1.779 -0.0868 -0.042914 0.78366 0.35958 -1.9055 1.6474 -0.82117 -3.2254 1.9855
1 22 168 0.58267 4.7925 0.33927 0.45326 3.5434 0.21053 0.61987 3.5844 -0.75794 0.68977 3.5113 -2.3884 0.86523 4.3168 -3.6915 0.28778 3.5323 1.18 -0.14344 2.9232 2.6332 -0.15835 3.2475 4.1406 0.069821 0.032543 -0.78585 0.93231 -1.8257 -1.2521 0.1114 -3.3349 -1.7993 -0.069821 -0.032543 0.78585 0.29474 -1.9462 1.5727 -0.82745 -3.3027 1.9622
1 23 168 0.62022 4.7841 0.33331 0.50003 3.5348 0.19822 0.66037 3.5798 -0.77113 0.71556 3.4409 -2.3979 0.88615 4.1714 -3.7451 0.34068 3.5196 1.1687 -0.10449 2.8892 2.6085 -0.13521 3.1804 4.1224 0.070742 0.028409 -0.78593 0.86729 -1.8553 -1.267 0.10847 -3.3942 -1.8211 -0.070743 -0.028409 0.78593 0.24593 -1.9726 1.5169 -0.82219 -3.3611 1.9435
1 24 168 0.70674 4.7668 0.33951 0.59048 3.5167 0.20353 0.75696 3.5582 -0.76493 0.78712 3.3909 -2.3897 0.94722 4.1103 -3.7441 0.42523 3.5049 1.173 -0.051761 2.8913 2.6099 -0.071347 3.2203 4.1163 0.072946 0.028842 -0.78571 0.8616 -1.8556 -1.277 0.1337 -3.4071 -1.8372 -0.072946 -0.028842 0.78571 0.25358 -1.9753 1.5062 -0.79905 -3.3737 1.939
1 25 168 0.81524 4.7492 0.33274 0.69196 3.4987 0.19813 0.86211 3.5332 -0.76997 0.86105 3.3741 -2.3958 1.0221 4.1162 -3.7378 0.52395 3.4939 1.1672 0.0028087 2.9262 2.6076 0.021359 3.3326 4.095 0.066408 0.025141 -0.78642 0.92198 -1.8276 -1.2859 0.18258 -3.3742 -1.8449 -0.066409 -0.025141 0.78642 0.32381 -1.9465 1.5418 -0.74907 -3.3401 1.9388
1 30 168 0.97675 4.7276 0.2968 0.82085 3.4778 0.18142 0.98065 3.5006 -0.78879 0.97509 3.0126 -2.3478 1.3825 3.47 -3.7629 0.66491 3.4845 1.1525 0.13968 2.6909 2.4803 0.37509 2.9379 3.9841 0.071181 0.018315 -0.78619 0.75127 -1.9221 -1.2179 0.16022 -3.5071 -1.842 -0.071181 -0.018315 0.78619 0.26694 -1.9892 1.4307 -0.67225 -3.4572 1.8932
1 34 156 1.3069 4.6012 0.71726 1.093 3.3731 0.50916 1.4681 3.4174 -0.39895 1.3498 2.0687 -1.3131 2.151 1.1538 -2.2612 0.72487 3.3574 1.4211 0.040663 1.9589 1.9159 0.10814 0.909 3.0431 0.23338 0.033298 -0.75361 0.90863 -1.9403 -0.50227 0.22972 -3.6002 -0.68842 -0.23338 -0.033298 0.75361 0.49834 -1.977 1.0714 -0.44386 -3.4762 0.73167
1 35 156 1.4096 4.5705 0.73179 1.1631 3.3519 0.50857 1.5446 3.3891 -0.3972 1.3195 1.9356 -1.1082 2.0084 0.78342 -1.8669 0.78962 3.343 1.4184 0.16264 1.8665 1.7272 0.24042 0.64539 2.6656 0.23592 0.027174 -0.75306 0.89171 -1.9344 -0.38373 0.13195 -3.5584 -0.57448 -0.23592 -0.027174 0.75306 0.61205 -1.9383 0.96006 -0.32839 -3.4266 0.57094
1 42 156 1.2726 4.6387 0.57147 1.029 3.4091 0.40692 1.3995 3.4105 -0.50418 1.1956 1.916 -1.1316 1.9323 0.83295 -1.9451 0.66598 3.4366 1.3206 0.18012 1.9334 1.7369 0.50478 0.96304 2.8904 0.26186 0.0043054 -0.74492 1.0914 -1.8747 -0.30272 0.18837 -3.4147 -0.55539 -0.26186 -0.0043058 0.74492 0.62372 -1.8702 1.1304 -0.29577 -3.3251 0.59313
3 50 72 0.093569 4.8254 0.099366 0.24126 3.5728 0.071587 0.62142 3.5686 -0.83551 -0.016136 2.2555 -1.5692 0.10992 0.75606 -1.9058 -0.13988 3.6067 0.97765 0.26109 2.1822 1.6695 1.6173 2.7296 2.1583 0.42197 -0.017625 -0.66718 1.9851 -1.1829 0.1158 0.30074 -1.1329 -0.52552 -0.42197 0.017625 0.66718 -0.74984 -2.0023 0.19126 -1.0251 -3.7304 -0.24354
3 51 72 0.058692 4.8275 0.084856 0.21252 3.5754 0.058714 0.57968 3.574 -0.85373 -0.098542 2.3129 -1.6402 -0.025234 0.82369 -2.0332 -0.15575 3.6066 0.97018 0.42692 2.3293 1.8055 1.7049 3.0902 2.2122 0.41908 -0.020697 -0.66891 1.9799 -1.0089 0.3319 0.36005 -1.3128 -0.39926 -0.41908 0.020697 0.66891 -0.79058 -1.984 0.16152 -1.1022 -3.6989 -0.29994
3 52 72 0.057017 4.8268 0.082961 0.21501 3.5754 0.052449 0.57503 3.5783 -0.86283 -0.1318 2.3563 -1.6849 -0.095763 0.87472 -2.1107 -0.14616 3.6023 0.96689 0.53499 2.4246 1.8713 1.7644 3.2753 2.2486 0.42189 -0.025131 -0.66699 1.946 -0.96682 0.43059 0.46595 -1.7389 -0.25084 -0.42189 0.025131 0.66699 -0.83225 -1.9661 0.13709 -1.1761 -3.6696 -0.34333
4 3 336 1.2792 4.6605 0.16062 0.88438 3.4583 0.21448 1.2152 3.306 -0.69916 1.1702 1.7051 -1.0212 2.5124 1.1939 -0.4601 0.56297 3.6388 1.1263 -0.30002 2.285 1.4283 0.1648 0.9804 2.1062 0.23178 0.023639 -0.75446 0.49445 -2.0382 -0.44771 -0.29808 -3.6539 -0.55843 -0.23178 -0.023639 0.75446 0.8079 -1.8374 0.96337 -0.14702 -3.3146 0.56724
4 4 336 1.3151 4.6506 0.19363 0.91753 3.449 0.23627 1.2534 3.3011 -0.67625 1.2156 1.7009 -1.0031 2.5632 1.2903 -0.3759 0.59154 3.6249 1.1474 -0.32573 2.3024 1.4269 0.20087 1.0192 2.1006 0.22898 0.025833 -0.75525 0.35123 -2.0559 -0.49889 -0.48317 -3.6498 -0.61739 -0.22898 -0.025833 0.75525 0.90009 -1.7845 0.97105 0.18655 -3.4009 0.61193
4 5 336 1.3323 4.6449 0.24743 0.9402 3.4413 0.27276 1.2887 3.3043 -0.63671 1.2499 1.7071 -0.97784 2.5919 1.3926 -0.2866 0.60177 3.6063 1.1814 -0.3679 2.3155 1.4313 0.24556 1.0787 2.1181 0.22907 0.031029 -0.75503 0.18871 -2.0601 -0.55565 -0.67728 -3.637 -0.67532 -0.22907 -0.031029 0.75503 0.96679 -1.7434 0.9833 0.51028 -3.4536 0.64042
4 6 336 1.339 4.6411 0.30955 0.94845 3.437 0.31147 1.3076 3.3141 -0.59588 1.262 1.7227 -0.96204 2.5873 1.4867 -0.20997 0.59963 3.5878 1.2186 -0.40543 2.3165 1.4246 0.32249 1.1662 2.149 0.23397 0.036264 -0.75329 0.020774 -2.0496 -0.61915 -0.87857 -3.6075 -0.74238 -0.23397 -0.036264 0.75329 0.99371 -1.725 0.98833 0.7781 -3.4805 0.63788
4 7 324 1.2364 4.6339 0.66263 0.85437 3.4318 0.55496 1.4055 3.3261 -0.25278 1.4313 1.7435 -0.65695 2.5335 1.5554 0.40484 0.31333 3.5654 1.3654 -0.70587 2.2895 1.3216 -0.014856 1.2532 2.2306 0.38976 0.045022 -0.68524 -0.0079651 -2.0179 -0.70514 -0.8869 -3.5599 -1.0224 -0.38976 -0.045023 0.68524 0.78062 -1.7206 1.1721 0.83001 -3.4861 0.80951
4 8 324 1.2085 4.6288 0.757 0.83477 3.4275 0.61487 1.3974 3.3437 -0.18747 1.4097 1.7732 -0.63697 2.472 1.599 0.46704 0.28197 3.5393 1.4207 -0.70367 2.2383 1.3514 0.12993 1.3374 2.2847 0.39473 0.055223 -0.68165 -0.15052 -1.9703 -0.80145 -1.0603 -3.4894 -1.1411 -0.39473 -0.055223 0.68165 0.79161 -1.722 1.1601 0.93953 -3.4811 0.79355
4 9 324 1.1544 4.6287 0.8501 0.79599 3.4272 0.67272 1.3707 3.3721 -0.12355 1.357 1.8199 -0.63273 2.3784 1.6178 0.50462 0.23052 3.5102 1.4732 -0.69876 2.1693 1.3881 0.26877 1.4129 2.3205 0.40171 0.065832 -0.6766 -0.28633 -1.9071 -0.89683 -1.2269 -3.4001 -1.267 -0.40171 -0.065833 0.6766 0.796 -1.7288 1.1394 0.93419 -3.4758 0.71536
4 10 324 1.0987 4.6237 0.954 0.76533 3.421 0.74088 1.3449 3.3976 -0.053433 1.2985 1.8665 -0.62108 2.2886 1.5861 0.52728 0.19454 3.4723 1.5402 -0.65653 2.0814 1.4411 0.428 1.4716 2.3518 0.4075 0.077785 -0.67186 -0.3766 -1.8473 -0.97754 -1.365 -3.2949 -1.4002 -0.4075 -0.077785 0.67186 0.80502 -1.7293 1.1371 0.81123 -3.4528 0.6074
4 11 324 1.0779 4.6073 1.0613 0.76808 3.4055 0.81058 1.3525 3.4158 0.019537 1.2769 1.9123 -0.61478 2.2343 1.4899 0.51776 0.19196 3.4233 1.6075 -0.56614 1.9807 1.4941 0.61543 1.5204 2.3714 0.4158 0.081275 -0.66634 -0.33239 -1.8531 -1.002 -1.4373 -3.1763 -1.5304 -0.4158 -0.081275 0.66634 0.82287 -1.7072 1.1527 0.64361 -3.3805 0.50558
4 12 324 1.0443 4.6043 1.1236 0.756 3.4052 0.83773 1.3477 3.4459 0.053114 1.2503 1.9719 -0.64445 2.1714 1.3617 0.43108 0.17215 3.3924 1.6291 -0.47641 1.8967 1.5235 0.78309 1.5982 2.3615 0.42198 0.077103 -0.66294 -0.14988 -1.9201 -0.97689 -1.408 -3.0354 -1.6281 -0.42198 -0.077103 0.66294 0.81761 -1.7059 1.1369 0.47111 -3.3089 0.38774
4 13 324 1.0772 4.5953 1.1308 0.80076 3.3996 0.82059 1.3939 3.4613 0.038424 1.2869 2.0079 -0.6998 2.1741 1.2014 0.26978 0.21533 3.3657 1.6102 -0.29907 1.8161 1.5583 1.0177 1.7044 2.353 0.41326 0.061033 -0.67006 0.16622 -2.0154 -0.8744 -1.2305 -2.8518 -1.6493 -0.41326 -0.061033 0.67006 0.7823 -1.7396 1.0792 0.28061 -3.2588 0.24788
4 14 324 1.1382 4.575 1.1444 0.86215 3.3828 0.82129 1.4542 3.4493 0.03874 1.3248 2.0256 -0.75202 2.1941 1.0561 0.073787 0.27785 3.344 1.6115 -0.088087 1.7525 1.6532 1.2653 1.8346 2.3876 0.42094 0.047471 -0.66637 0.53606 -2.0497 -0.72174 -0.92614 -2.6402 -1.5959 -0.42094 -0.047471 0.66637 0.70052 -1.788 1.023 0.098353 -3.2206 0.10871
4 29 24 1.2039 4.5882 0.95448 0.83896 3.384 0.81248 1.2279 3.3915 -0.090854 1.1524 2.0051 -0.95172 2.5727 1.7031 -0.43281 0.45933 3.4046 1.7196 -0.61278 2.1723 1.7481 0.70099 1.554 2.2671 0.25243 0.14872 -0.73325 0.52348 -1.9331 -0.816 -0.45076 -3.3549 -1.3453 -0.25243 -0.14872 0.73325 1.1389 -1.712 0.91929 0.079668 -2.9192 0.09991
4 30 24 1.0766 4.5947 1.081 0.74616 3.3877 0.88642 1.2191 3.4142 0.024423 1.2307 2.0195 -0.82609 2.6062 1.7515 -0.18286 0.2815 3.3893 1.7533 -0.81093 2.1792 1.6483 0.42295 1.5349 2.3116 0.30379 0.14965 -0.71332 0.25678 -1.9362 -0.96074 -0.72755 -3.3514 -1.4891 -0.30379 -0.14965 0.71332 1.0641 -1.7258 0.95608 0.48919 -3.2007 0.092944
4 32 36 1.0277 4.6238 1.0297 0.73696 3.4105 0.81194 1.1474 3.5071 -0.076643 1.152 2.0878 -0.88556 2.575 1.7713 -0.38319 0.33338 3.3424 1.7063 -0.79609 2.1668 1.6007 0.44547 1.5036 2.2303 0.23174 0.13964 -0.74182 -0.28988 -1.8567 -1.1379 -1.4024 -3.2034 -1.5845 -0.23174 -0.13964 0.74182 1.0084 -1.835 0.69438 1.0667 -3.4823 -0.036303
4 33 36 0.89512 4.6343 1.1117 0.63574 3.4193 0.86639 1.064 3.5432 -0.010337 1.1248 2.1215 -0.81278 2.5186 1.7661 -0.25703 0.21375 3.3239 1.7497 -0.86597 2.1175 1.5317 0.34611 1.4863 2.246 0.25733 0.14592 -0.73211 -0.20452 -1.8535 -1.1829 -1.4614 -3.025 -1.7297 -0.25733 -0.14593 0.73211 0.91423 -1.8898 0.70569 1.0116 -3.5061 -0.087388
4 36 36 0.88759 4.5985 1.2652 0.65783 3.4007 0.92478 1.1598 3.5598 0.094089 1.1553 2.1846 -0.78771 2.4361 1.5492 -0.21019 0.16194 3.2694 1.764 -0.44774 1.7688 1.5514 0.87938 1.5278 2.2986 0.3546 0.10719 -0.69733 0.76442 -1.9246 -1.0411 -0.76264 -2.3723 -1.8888 -0.3546 -0.1072 0.69733 0.85 -1.8259 0.79385 0.42646 -3.2097 -0.28157
4 37 36 0.87086 4.5955 1.2974 0.63512 3.4036 0.94075 1.17 3.5577 0.12986 1.0447 2.2375 -0.82414 2.2829 1.553 -0.21104 0.10652 3.2773 1.7605 -0.34243 1.7117 1.6329 1.0207 1.6524 2.3512 0.40317 0.098834 -0.6717 1.1583 -1.8604 -0.74685 -0.27806 -2.3103 -1.7395 -0.40317 -0.098834 0.6717 0.74909 -1.8524 0.78011 0.21428 -3.1389 -0.36428
4 39 48 1.0578 4.6131 1.0721 0.77446 3.4072 0.81024 1.1284 3.539 -0.097905 0.5639 2.3619 -1.08 1.876 1.706 -0.60474 0.42811 3.3034 1.7249 0.075469 1.709 1.7719 1.5677 1.84 2.1376 0.32286 0.091572 -0.71476 1.5397 -1.5709 -0.30273 0.45116 -2.6205 -1.2847 -0.32286 -0.091572 0.71476 0.52039 -1.998 0.45259 -0.36502 -3.1942 -0.56526
4 40 48 0.97113 4.6251 1.0889 0.70452 3.4091 0.85771 1.0475 3.525 -0.056797 0.40375 2.3967 -1.0474 1.7197 1.7624 -0.55379 0.36872 3.3217 1.778 -0.008111 1.7334 1.841 1.4908 1.8221 2.1918 0.36034 0.10413 -0.69485 1.5686 -1.5046 -0.089608 0.95793 -2.9456 -0.98486 -0.36034 -0.10413 0.69485 0.26078 -2.0771 0.32615 -0.6388 -3.2626 -0.69174
4 42 60 0.94137 4.671 0.88076 0.67343 3.4406 0.74652 0.85137 3.5222 -0.21735 -0.01911 2.4047 -1.0311 1.3913 1.8234 -0.80604 0.50248 3.3878 1.7137 0.063687 1.8216 1.8658 1.5992 1.6934 1.9249 0.30382 0.11367 -0.71991 1.3647 -1.6662 -0.37208 1.6548 -3.4133 -0.71002 -0.30382 -0.11367 0.71991 -0.21814 -2.1505 0.21179 -1.286 -3.2922 -0.68657
4 44 72 0.84478 4.7251 0.64757 0.61845 3.4808 0.58708 0.72515 3.5347 -0.38917 -0.12916 2.3704 -1.1528 1.3559 1.9917 -0.98274 0.51796 3.4559 1.5652 0.050777 1.9124 1.8262 1.5573 1.6026 1.7158 0.27708 0.09007 -0.7339 1.2659 -1.7559 -0.56369 1.5685 -3.4963 -0.92453 -0.27708 -0.09007 0.7339 -0.33547 -2.1349 0.25474 -1.7262 -3.0352 -0.45684
4 46 84 0.82945 4.7114 0.67334 0.61837 3.4638 0.64726 0.71959 3.5074 -0.33009 0.11824 2.3227 -1.2808 1.6076 2.2027 -0.89969 0.52317 3.4493 1.6261 -0.05112 1.9457 1.9058 1.4156 1.4735 1.8477 0.21224 0.13529 -0.74843 1.2233 -1.7028 -0.63171 0.91754 -3.3913 -1.1851 -0.21224 -0.13529 0.74843 0.019165 -2.2007 0.44075 -1.6632 -2.6112 -0.061255
4 47 84 0.84538 4.6955 0.72897 0.61325 3.4523 0.71467 0.78386 3.4837 -0.25346 0.52397 2.2842 -1.3316 1.9234 2.2461 -0.68528 0.44939 3.45 1.6845 -0.29452 2.005 1.85 1.1061 1.3962 2.0628 0.22248 0.15112 -0.74241 1.2728 -1.6612 -0.57923 0.73762 -3.2744 -1.181 -0.22248 -0.15112 0.74241 0.31304 -2.1757 0.57363 -1.3629 -2.4518 -0.031416
4 49 96 0.99494 4.6708 0.70957 0.74531 3.4324 0.69943 0.9546 3.4699 -0.26086 1.0025 2.2659 -1.3639 2.3043 2.2549 -0.53769 0.54329 3.4236 1.662 -0.40777 2.1052 1.8234 0.90504 1.376 2.1731 0.14222 0.1554 -0.761 0.96122 -1.777 -0.85735 0.055899 -3.2623 -1.3319 -0.14222 -0.1554 0.761 0.95063 -1.9491 0.71002 -0.65054 -2.5071 0.09705
4 50 96 0.95603 4.6521 0.86881 0.71603 3.4132 0.80724 1.0686 3.4577 -0.10985 1.2041 2.2592 -1.2117 2.3938 2.2281 -0.23125 0.3703 3.3975 1.7279 -0.63988 2.1158 1.802 0.63481 1.4054 2.3002 0.21617 0.16052 -0.74229 0.72035 -1.874 -0.88609 -0.17399 -3.3515 -1.4039 -0.21617 -0.16052 0.74229 1.0564 -1.8302 0.82634 -0.29723 -2.7312 0.047397
4 57 120 1.0232 4.5912 1.2052 0.76717 3.3923 0.89317 1.1348 3.5652 -0.0025757 0.85635 2.2385 -0.91424 2.1788 1.6199 -0.41793 0.40715 3.2472 1.7969 -0.49138 1.8857 1.7093 0.95947 1.547 2.1069 0.24328 0.13166 -0.73958 0.61354 -1.9107 -1.065 -0.91198 -2.5892 -1.7457 -0.24328 -0.13166 0.73958 0.84458 -1.9018 0.42766 0.03509 -3.2905 -0.38925
4 58 120 1.1186 4.545 1.2899 0.84328 3.3609 0.94224 1.233 3.533 0.055758 0.95683 2.2087 -0.86009 2.2274 1.5144 -0.32982 0.46196 3.216 1.8372 -0.2917 1.7681 1.7722 1.1978 1.5909 2.1294 0.25197 0.13329 -0.73637 1.0026 -1.8246 -0.86955 -0.49016 -2.4521 -1.6625 -0.25197 -0.13329 0.73637 0.78543 -1.9374 0.44783 -0.14493 -3.2012 -0.43995
4 71 156 1.2618 4.5942 0.84182 0.91716 3.381 0.74003 1.3243 3.3649 -0.15517 1.1209 1.9947 -1.0212 2.4292 1.8386 -0.22019 0.5194 3.4252 1.6385 -0.57008 2.209 1.6899 0.78853 1.6164 2.1151 0.26581 0.11759 -0.73418 0.37163 -1.9794 -0.658 -0.69773 -3.3685 -1.0796 -0.26581 -0.11759 0.73418 1.0132 -1.7658 0.98253 -0.19398 -2.9264 0.31427
4 72 156 1.1488 4.6147 0.91102 0.83671 3.3964 0.768 1.3166 3.393 -0.090542 1.176 2.01 -0.94866 2.4113 1.8808 -0.034849 0.36522 3.4281 1.6306 -0.74626 2.2322 1.5741 0.54793 1.6053 2.1306 0.30728 0.11207 -0.71869 0.15823 -1.9819 -0.80331 -0.90025 -3.3773 -1.2318 -0.30728 -0.11207 0.71869 0.9857 -1.7525 0.94565 0.24857 -3.2951 0.37297
5 16 324 0.89038 4.763 0.24683 0.61093 3.5284 0.2057 0.88612 3.5245 -0.73855 0.38659 2.0559 -1.2507 0.80653 0.68154 -1.8097 0.34271 3.5612 1.1514 0.42804 1.9817 1.5598 1.5049 0.94255 1.9316 0.30284 -0.027461 -0.72872 1.4546 -1.6935 -0.16993 1.8891 -3.4402 -0.27491 -0.30284 0.027461 0.72872 -0.23005 -2.0663 0.57065 -1.1276 -3.5099 -0.030529
5 17 324 0.89072 4.7634 0.24168 0.6062 3.53 0.20086 0.91111 3.5145 -0.7341 0.41264 2.0494 -1.2571 0.79443 0.6678 -1.8256 0.30836 3.5743 1.1372 0.34606 1.9913 1.5391 1.3723 0.91481 1.9462 0.32123 -0.029342 -0.72073 1.4547 -1.6995 -0.13767 1.8903 -3.4474 -0.21635 -0.32123 0.029342 0.72073 -0.32588 -2.0633 0.533 -1.2566 -3.4791 -0.083417
5 20 336 0.94017 4.7588 0.083696 0.65141 3.5261 0.11458 0.81392 3.4829 -0.85449 0.26959 2.0061 -1.2922 0.51504 0.62307 -1.9282 0.49623 3.5981 1.0831 0.30976 2.0229 1.4739 1.1199 0.76233 1.8375 0.21159 -0.015228 -0.76059 1.3907 -1.709 -0.36684 1.5472 -3.4962 -0.54715 -0.21159 0.015228 0.76059 -0.43996 -2.0633 0.55588 -1.6306 -3.3546 0.14859
6 37 144 0.83007 4.7706 0.21163 0.60974 3.5245 0.21188 0.90598 3.4527 -0.72324 0.57655 1.9284 -1.2099 1.3341 0.6214 -1.5189 0.32004 3.6254 1.1464 0.49602 2.1325 1.786 1.5656 1.2386 2.4453 0.31854 -0.0093427 -0.72245 1.321 -1.7832 -0.20982 1.4152 -3.583 -0.26409 -0.31854 0.0093431 0.72245 -0.036416 -2.0709 0.63747 -0.6869 -3.6719 0.12301
6 38 144 0.81256 4.7739 0.21592 0.596 3.5273 0.20787 0.90752 3.4545 -0.72219 0.55832 1.9363 -1.2137 1.25 0.59688 -1.5382 0.29096 3.6292 1.1374 0.47573 2.1375 1.7773 1.5624 1.2659 2.4385 0.33715 -0.013171 -0.7139 1.3202 -1.794 -0.18804 1.6937 -3.5555 -0.095769 -0.33715 0.013171 0.7139 -0.17307 -2.0774 0.58423 -0.82653 -3.6709 0.050808
6 39 144 0.79795 4.7764 0.22498 0.5847 3.5296 0.20679 0.91561 3.4556 -0.71645 0.54912 1.9436 -1.2148 1.167 0.57304 -1.5575 0.26024 3.6327 1.1295 0.43573 2.1382 1.7654 1.5207 1.267 2.4299 0.35573 -0.015753 -0.70477 1.3141 -1.8119 -0.18555 1.8744 -3.5113 0.036319 -0.35573 0.015752 0.70477 -0.29008 -2.0769 0.52951 -0.96364 -3.6562 -0.020923
