0 86 0 0.42996 4.8056 0.059218 0.35593 3.5463 0.011749 0.2381 3.5584 -0.96464 -0.48949 2.1173 -1.2151 -1.2606 1.1756 -2.1617 0.47291 3.5641 0.98815 0.022111 2.1005 1.557 -0.20681 1.249 2.822 -0.061808 0.010247 -0.78713 0.46391 -2.0239 -0.8038 -0.18151 -3.7071 -0.77237 0.061809 -0.010248 0.78713 0.51589 -2.0522 0.98372 -0.28442 -3.6547 1.1897
0 86 168 -0.40826 4.8056 -0.14732 -0.34571 3.5463 -0.085493 -0.43345 3.5584 0.89406 0.22616 2.1173 1.2903 0.78359 1.1756 2.3766 -0.25713 3.5641 -1.0649 0.30209 2.1005 -1.5276 0.78902 1.249 -2.7173 -0.1032 0.010247 0.78278 -0.62089 -2.0239 0.68978 0.016963 -3.7071 0.79323 0.1032 -0.010248 -0.78278 -0.30009 -2.0522 -1.0695 0.52556 -3.6547 -1.1046
0 87 0 0.40679 4.7931 0.060833 0.33618 3.5378 0.011094 0.22225 3.5479 -0.96578 -0.5722 2.179 -1.3703 -1.5462 1.5076 -2.3593 0.44802 3.5573 0.98806 -0.075178 2.19 1.7129 -0.54287 1.641 3.0758 -0.066158 0.0064616 -0.78682 0.42729 -2.0358 -0.79469 -0.21463 -3.7204 -0.76341 0.066158 -0.0064621 0.78682 0.4643 -2.0614 0.96852 -0.32158 -3.6681 1.1961
0 87 168 -0.38526 4.7931 -0.14408 -0.32653 3.5378 -0.080748 -0.41819 3.5479 0.89846 0.2748 2.179 1.4593 1.0219 1.5076 2.6292 -0.2328 3.5573 -1.0596 0.42967 2.19 -1.6598 1.1705 1.641 -2.8957 -0.098876 0.0064616 0.78338 -0.58318 -2.0358 0.68848 0.051221 -3.7204 0.79136 0.098876 -0.0064621 -0.78338 -0.25278 -2.0614 -1.0439 0.56323 -3.6681 -1.1031
0 88 0 0.39823 4.7899 0.074275 0.31863 3.5374 0.021251 0.21348 3.5484 -0.9566 -0.64728 2.2901 -1.5437 -1.7633 1.9452 -2.5503 0.42143 3.5562 0.99923 -0.16452 2.3315 1.9078 -0.77498 2.1451 3.3115 -0.069077 0.0063066 -0.78657 0.39658 -2.0425 -0.78521 -0.23879 -3.7296 -0.75659 0.069078 -0.0063066 0.78657 0.41844 -2.0712 0.95469 -0.35421 -3.6807 1.2068
0 88 168 -0.37408 4.7899 -0.15545 -0.30725 3.5374 -0.087033 -0.40771 3.5484 0.89131 0.31219 2.2901 1.6445 1.1945 1.9452 2.8612 -0.20447 3.5562 -1.065 0.55759 2.3315 -1.8319 1.4465 2.1451 -3.078 -0.095968 0.0063066 0.78374 -0.55116 -2.0425 0.6856 0.076267 -3.7296 0.7897 0.095967 -0.0063066 -0.78374 -0.21081 -2.0712 -1.0208 0.59739 -3.6807 -1.1068
0 89 0 0.41869 4.7866 0.11654 0.30183 3.5407 0.05313 0.21165 3.5573 -0.92613 -0.68436 2.4563 -1.7346 -1.8504 2.4853 -2.7432 0.38996 3.5537 1.0326 -0.21688 2.5158 2.1387 -0.83938 2.7383 3.5317 -0.06391 0.012426 -0.78693 0.37653 -2.0419 -0.77786 -0.24525 -3.7341 -0.74924 0.06391 -0.012426 0.78693 0.39514 -2.0805 0.95293 -0.3735 -3.6896 1.2191
0 89 168 -0.38531 4.7866 -0.20105 -0.28418 3.5407 -0.11472 -0.39958 3.5573 0.86189 0.30876 2.4563 1.839 1.2396 2.4853 3.0679 -0.16674 3.5537 -1.0911 0.65679 2.5158 -2.0468 1.5553 2.7383 -3.28 -0.1011 0.012426 0.78302 -0.53003 -2.0419 0.68258 0.084115 -3.7341 0.78386 0.1011 -0.012426 -0.78302 -0.18838 -2.0805 -1.0143 0.61879 -3.6896 -1.1148
0 90 0 0.43814 4.7804 0.15829 0.28619 3.5426 0.078011 0.21422 3.5719 -0.90246 -0.67303 2.6909 -1.9538 -1.7667 3.1504 -2.939 0.35639 3.5431 1.059 -0.19357 2.7314 2.3657 -0.70408 3.3775 3.6694 -0.04896 0.015334 -0.78795 0.37275 -2.0429 -0.78075 -0.24668 -3.7359 -0.7505 0.04896 -0.015333 0.78795 0.37905 -2.0835 0.95514 -0.37892 -3.6977 1.2213
0 90 168 -0.39566 4.7804 -0.24593 -0.26372 3.5426 -0.13581 -0.39717 3.5719 0.8382 0.2521 2.6909 2.0511 1.117 3.1504 3.242 -0.12842 3.5431 -1.11 0.6812 2.7314 -2.2738 1.4516 3.3775 -3.4428 -0.11593 0.015334 0.78091 -0.52693 -2.0429 0.68619 0.085249 -3.7359 0.78539 0.11593 -0.015333 -0.78091 -0.17219 -2.0835 -1.0131 0.62457 -3.6977 -1.1158
0 91 0 0.43505 4.7783 0.1925 0.26342 3.5467 0.094584 0.20462 3.5824 -0.88655 -0.61299 2.9925 -2.1719 -1.5192 3.8782 -3.0505 0.32061 3.5407 1.0764 -0.1063 3.0073 2.5603 -0.41337 4.0327 3.6702 -0.034782 0.01713 -0.78867 0.37633 -2.0433 -0.77794 -0.23918 -3.7378 -0.75304 0.034781 -0.01713 0.78867 0.37707 -2.0833 0.95679 -0.36796 -3.7034 1.2229
0 91 168 -0.38552 4.7783 -0.27875 -0.238 3.5467 -0.14728 -0.38447 3.5824 0.82464 0.14802 2.9925 2.2519 0.85178 3.8782 3.2997 -0.089797 3.5407 -1.1196 0.6363 3.0073 -2.4823 1.1674 4.0327 -3.5041 -0.12995 0.01713 0.77866 -0.52985 -2.0433 0.68269 0.077387 -3.7378 0.78632 0.12995 -0.01713 -0.77866 -0.1699 -2.0833 -1.0143 0.61418 -3.7034 -1.1197
0 113 12 0.19879 4.8373 -0.1331 0.14497 3.5745 -0.10014 -0.021689 3.5063 -1.0671 -0.39506 1.9172 -1.1311 -0.067455 0.616 -1.891 0.31197 3.6724 0.86417 0.057718 2.1023 1.2371 0.65336 0.87623 1.9579 -0.090342 -0.01685 -0.78425 0.20846 -2.0965 -0.78855 -0.5047 -3.7525 -0.79883 0.090343 0.01685 0.78425 0.42121 -2.0561 0.87159 -0.18596 -3.7322 1.1414
0 114 12 0.19368 4.8267 -0.11799 0.12811 3.5663 -0.097332 -0.021667 3.5124 -1.0679 -0.50951 1.9542 -1.1209 -0.56056 0.72816 -2.0547 0.27702 3.65 0.87127 -0.06366 2.0973 1.248 0.20551 0.96291 2.2572 -0.08124 -0.020201 -0.78517 0.19291 -2.1033 -0.7842 -0.54276 -3.7494 -0.7935 0.081239 0.020202 0.78517 0.39449 -2.0553 0.87724 -0.22111 -3.7286 1.1454
0 114 180 -0.21398 4.8267 0.075141 -0.14555 3.5663 0.06857 -0.20084 3.5124 1.0491 0.26533 1.9542 1.2023 0.12111 0.72816 2.1263 -0.089816 3.65 -0.90983 0.32175 2.0973 -1.2075 0.26827 0.96291 -2.2506 -0.083781 -0.020201 0.7849 -0.35174 -2.1033 0.72695 0.36593 -3.7494 0.88901 0.083782 0.020202 -0.7849 -0.20348 -2.0553 -0.94009 0.45442 -3.7286 -1.0744
0 115 12 0.18444 4.807 -0.09396 0.10094 3.5539 -0.090779 -0.027157 3.517 -1.0652 -0.60413 1.9913 -1.1562 -1.0176 0.95332 -2.2188 0.22674 3.6205 0.88241 -0.15424 2.0885 1.3024 -0.20587 1.1536 2.5275 -0.075039 -0.023132 -0.7857 0.18778 -2.1076 -0.77645 -0.56792 -3.7446 -0.78566 0.075039 0.023132 0.7857 0.37378 -2.0544 0.87944 -0.25208 -3.7233 1.1513
0 115 180 -0.19994 4.807 0.05356 -0.11761 3.5539 0.067809 -0.19491 3.517 1.0476 0.35055 1.9913 1.2565 0.53409 0.95332 2.3819 -0.038319 3.6205 -0.91027 0.42165 2.0885 -1.2419 0.72687 1.1536 -2.4295 -0.089958 -0.023132 0.78414 -0.34511 -2.1076 0.72044 0.39216 -3.7446 0.88656 0.089958 0.023132 -0.78414 -0.18276 -2.0544 -0.93794 0.48594 -3.7233 -1.0737
0 116 180 -0.15916 4.7891 0.022186 -0.094456 3.5411 0.059715 -0.17993 3.5173 1.0393 0.44045 2.0434 1.3733 0.91522 1.2588 2.6129 -0.0056058 3.5944 -0.91836 0.51738 2.1107 -1.3588 1.119 1.454 -2.6175 -0.097403 -0.022976 0.78325 -0.33371 -2.1097 0.71834 0.41801 -3.7397 0.88808 0.097402 0.022976 -0.78325 -0.16796 -2.0558 -0.93323 0.51374 -3.7193 -1.071
3 0 108 0.41923 4.7831 -0.38612 0.12662 3.5799 -0.16639 0.27699 3.6298 0.80431 -0.59649 2.6035 1.7276 -2.13 2.7645 1.7286 -0.018906 3.5594 -1.1389 0.88866 2.3761 -1.8058 0.85398 1.0313 -2.5595 0.25748 0.04355 0.74519 0.11426 -2.0321 0.45292 0.24446 -3.8047 0.14982 -0.25748 -0.04355 -0.74519 -1.7421 -1.4985 -0.43958 -0.060892 -1.9578 -0.90178
3 0 300 -0.32979 4.7831 0.46484 -0.089256 3.5799 0.18908 -0.43817 3.6298 -0.72914 0.22428 2.6035 -1.8138 1.7241 2.7645 -2.1337 0.25528 3.5594 1.1101 -0.4938 2.3761 1.9511 -0.30318 1.0313 2.6811 -0.40678 0.04355 -0.67537 -0.20593 -2.0321 -0.41927 -0.27027 -3.8047 -0.095724 0.40678 -0.04355 0.67537 1.7954 -1.4985 0.067779 0.24705 -1.9578 0.86942
3 1 300 -0.38944 4.7818 0.44437 -0.14385 3.578 0.17546 -0.47321 3.6281 -0.74995 0.32274 2.7781 -1.8957 1.8012 3.1215 -2.1675 0.1811 3.5572 1.1035 -0.6826 2.4878 1.9862 -0.63765 1.2337 2.8822 -0.40455 0.031661 -0.67738 -0.29294 -2.0456 -0.38291 -0.44135 -3.8057 -0.021003 0.40455 -0.031661 0.67737 1.931 -1.2117 -0.15432 0.4788 -1.8607 0.69474
3 5 108 0.4175 4.7907 -0.35448 0.14664 3.5776 -0.15031 0.30432 3.6237 0.81942 -0.7712 2.6592 1.5821 -2.2144 3.202 1.5697 -0.0062624 3.5608 -1.1218 0.90735 2.3975 -1.815 0.91888 1.1049 -2.6557 0.25761 0.041369 0.74527 0.61068 -1.9863 0.32292 1.0561 -3.6841 -0.089098 -0.25761 -0.041369 -0.74527 -1.9542 -1.0361 -0.0061551 -1.2056 -2.6676 -0.17553
3 5 300 -0.33468 4.7907 0.43353 -0.11219 3.5776 0.17751 -0.46804 3.6237 -0.73825 0.42541 2.6592 -1.7079 1.8397 3.202 -1.9958 0.23935 3.5608 1.0959 -0.51017 2.3975 1.964 -0.34665 1.1049 2.7887 -0.40693 0.041369 -0.67542 -0.66447 -1.9863 -0.1889 -1.0145 -3.6841 0.30673 0.40693 -0.041369 0.67542 1.9128 -1.0361 -0.40028 1.2158 -2.6676 -0.07897
3 6 288 -0.37333 4.795 0.35339 -0.10762 3.5793 0.15699 -0.29732 3.6194 -0.80725 0.66195 2.484 -1.4849 2.1557 2.8665 -1.4827 0.077547 3.5685 1.1229 -0.66433 2.2657 1.7717 -0.49057 0.90653 2.4789 -0.27361 0.047258 -0.73919 -0.70647 -1.961 -0.29884 -1.1942 -3.644 0.1262 0.27361 -0.047259 0.73919 1.8143 -1.2947 0.043085 1.3378 -3.0335 0.066562
3 7 96 0.41843 4.7951 -0.29945 0.11967 3.5776 -0.16725 0.14479 3.613 0.81534 -0.75126 2.3106 1.2273 -2.2588 2.4355 0.92812 0.099374 3.5716 -1.1506 0.74013 2.1343 -1.5892 0.45535 0.74223 -2.1881 0.12985 0.05957 0.77659 0.73808 -1.9223 0.43538 1.3435 -3.5907 0.11781 -0.12985 -0.05957 -0.77659 -1.5563 -1.562 -0.42696 -1.3362 -3.3459 -0.28494
3 7 288 -0.34703 4.7951 0.3799 -0.082279 3.5776 0.18847 -0.31115 3.613 -0.76742 0.47969 2.3106 -1.3566 2.0165 2.4355 -1.3775 0.14201 3.5716 1.1461 -0.39354 2.1343 1.7084 0.0095214 0.74223 2.2349 -0.28847 0.05957 -0.73262 -0.81248 -1.9223 -0.27241 -1.3386 -3.5907 0.1641 0.28847 -0.05957 0.73262 1.6111 -1.562 0.094051 1.3663 -3.3459 0.00089764
3 8 84 0.44246 4.7946 -0.2195 0.11508 3.5788 -0.15926 -0.027369 3.6038 0.81359 -0.75088 2.1543 1.0237 -2.186 1.9608 0.49385 0.26259 3.5831 -1.1317 0.73051 2.045 -1.4214 0.24773 0.68045 -1.9531 -0.023073 0.065195 0.78658 0.73663 -1.8845 0.59686 1.4482 -3.5316 0.41985 0.023073 -0.065195 -0.78658 -1.2146 -1.7604 -0.69163 -1.1056 -3.5405 -0.42699
3 8 276 -0.38716 4.7946 0.3067 -0.079455 3.5788 0.17971 -0.14238 3.6038 -0.8015 0.52162 2.1543 -1.1575 2.0355 1.9608 -0.93755 -0.021561 3.5831 1.1615 -0.41902 2.045 1.5422 0.16375 0.68045 1.9619 -0.14097 0.065195 -0.77419 -0.84463 -1.8845 -0.43066 -1.5039 -3.5316 -0.10957 0.14097 -0.065195 0.77419 1.3318 -1.7604 0.42399 1.1702 -3.5405 0.18779
3 66 120 -0.23988 4.8049 0.32065 -0.06587 3.5786 0.093763 -0.32563 3.6282 -0.85356 0.45855 2.5383 -1.7841 1.8592 3.059 -2.1646 0.19089 3.5585 1.043 -0.69538 2.3442 1.6823 -0.68144 0.96803 2.3777 -0.3797 0.021441 -0.692 -0.37806 -2.0274 -0.22676 -0.59021 -3.7516 0.25614 0.3797 -0.021441 0.692 1.9179 -1.1454 -0.19402 0.46274 -1.8837 0.57292
3 67 120 -0.25088 4.7988 0.31984 -0.072647 3.5768 0.071259 -0.32289 3.6469 -0.87733 0.57609 2.6904 -1.8497 1.9095 3.3862 -2.1897 0.17447 3.5362 1.0224 -0.74632 2.3771 1.7134 -0.76129 1.0399 2.481 -0.38213 0.017046 -0.69078 -0.46322 -2.0211 -0.18716 -0.72495 -3.7298 0.32549 0.38213 -0.017046 0.69078 1.9276 -1.0407 -0.2981 0.65213 -2.1096 0.39575
3 68 120 -0.21498 4.8086 0.26536 -0.046466 3.5818 0.039051 -0.29846 3.6321 -0.91033 0.6695 2.7725 -1.9068 1.948 3.5762 -2.2185 0.20276 3.5611 0.99027 -0.71895 2.422 1.7126 -0.72651 1.106 2.5161 -0.38266 0.0099196 -0.69063 -0.55032 -2.013 -0.14827 -0.86223 -3.7043 0.39312 0.38266 -0.0099192 0.69063 1.8938 -1.0533 -0.33018 0.81778 -2.3933 0.21507
3 69 120 -0.17122 4.8132 0.2552 -0.0097117 3.5837 0.036258 -0.26509 3.631 -0.91238 0.73331 2.8048 -1.9071 1.9758 3.6678 -2.2055 0.24302 3.5661 0.98662 -0.65751 2.4272 1.7353 -0.60613 1.1039 2.5253 -0.37563 0.015064 -0.69439 -0.64862 -1.9835 -0.10655 -1.0012 -3.6581 0.46107 0.37563 -0.015064 0.69439 1.8265 -1.1628 -0.30159 0.9814 -2.7121 0.067757
3 69 288 0.22054 4.8132 -0.21402 0.017038 3.5837 -0.033447 0.069603 3.631 0.94756 -1.1138 2.8048 1.7129 -2.3912 3.6678 1.7465 -0.032581 3.5661 -1.0156 1.0039 2.4272 -1.5607 1.1179 1.1039 -2.3441 0.22305 0.015064 0.75731 0.61229 -1.9835 0.23908 1.0752 -3.6581 -0.24282 -0.22305 -0.015064 -0.75731 -1.8493 -1.1628 -0.084746 -0.94586 -2.7121 -0.27032
3 80 72 -0.4115 4.8039 -0.19467 -0.098492 3.5814 -0.15802 0.071253 3.5702 -1.1267 -0.81162 2.3536 -1.7663 -0.50579 0.91143 -2.2184 -0.27302 3.622 0.80907 0.32605 2.3261 1.6031 1.7081 2.9908 1.7638 0.26796 -0.036558 -0.74186 1.8952 -1.318 -0.38962 0.13075 -1.5119 -0.70571 -0.26796 0.036558 0.74186 -0.42305 -2.0436 0.49038 -0.55433 -3.8253 0.24717
3 84 252 0.40957 4.8082 0.19013 0.119 3.579 0.15659 -0.056122 3.5718 1.1244 0.80066 2.3475 1.7845 0.5046 0.92373 2.2971 0.29869 3.6156 -0.80971 -0.31911 2.3344 -1.6131 -1.7177 2.9403 -1.8466 -0.26122 -0.036224 0.74428 -1.9429 -0.96893 -0.10202 -0.80277 -2.333 0.19834 0.26122 0.036224 -0.74428 0.74647 -1.9742 -0.37433 1.1595 -3.6952 -0.029799
3 85 84 -0.38472 4.8126 -0.13659 -0.10321 3.581 -0.15848 -0.098153 3.5729 -1.142 -0.99199 2.2863 -1.605 -0.71412 0.85194 -2.0981 -0.11288 3.6186 0.8243 0.60894 2.2969 1.4575 2.054 2.8332 1.4155 0.11349 -0.04462 -0.78015 1.8271 -1.1637 -0.30523 0.96479 -2.7472 -0.30046 -0.11349 0.044621 0.78015 -0.74122 -1.9399 0.49395 -1.2809 -3.6385 0.2211
3 85 252 0.34791 4.8126 0.2136 0.068004 3.581 0.17648 -0.14142 3.5729 1.1374 0.63662 2.2863 1.7761 0.2623 0.85194 2.2007 0.28179 3.6186 -0.78282 -0.29261 2.2969 -1.5522 -1.7149 2.8332 -1.8116 -0.27321 -0.04462 0.7395 -1.8506 -1.1637 -0.081311 -1.0062 -2.7472 0.093308 0.27321 0.044621 -0.7395 0.82772 -1.9399 -0.32904 1.2988 -3.6385 0.050039
3 86 84 -0.33581 4.8137 -0.14657 -0.053166 3.5829 -0.16323 -0.012048 3.5716 -1.1458 -0.79509 2.2143 -1.6076 -0.43502 0.77442 -2.0257 -0.098738 3.6237 0.81842 0.57247 2.2643 1.4268 2.051 2.6976 1.3645 0.13105 -0.048129 -0.77718 1.6672 -1.4017 -0.30583 1.173 -3.135 -0.25609 -0.13105 0.048129 0.77718 -0.83828 -1.9075 0.47766 -1.4463 -3.5809 0.19341
