0 4 192 0.18698 4.8022 0.61807 0.11361 3.5659 0.36128 1.0922 3.4677 0.35657 2.3691 2.5219 -0.022679 3.8471 2.8389 0.28182 -0.86162 3.6931 0.37129 -1.7708 2.5689 1.1317 -2.028 2.412 2.6439 0.74966 -0.042154 0.2444 0.1953 -1.8364 1.1865 0.46341 -3.6162 1.2942 -0.74966 0.042153 -0.2444 -0.5131 -2.0309 -0.49133 0.16662 -3.5013 -1.2829
0 4 204 0.3114 4.8022 0.56569 0.18624 3.5659 0.32977 1.1425 3.4677 0.12169 2.3126 2.5219 -0.51474 3.8216 2.8389 -0.52419 -0.7656 3.6931 0.54231 -1.4968 2.5689 1.4751 -1.434 2.412 3.0078 0.78409 -0.042154 0.083198 0.43772 -1.8364 1.12 0.72237 -3.6162 1.1696 -0.78409 0.042153 -0.083198 -0.60404 -2.0309 -0.37392 -0.10376 -3.5013 -1.2895
0 5 180 0.18011 4.7961 0.66042 0.088164 3.5641 0.38561 1.0658 3.4598 0.41371 2.3376 2.5532 -0.065056 3.8286 2.901 0.11859 -0.88603 3.6976 0.36325 -1.75 2.5585 1.1538 -1.9002 2.4184 2.682 0.71375 -0.047015 0.33444 -0.01229 -1.8202 1.1964 0.20961 -3.6019 1.3618 -0.71375 0.047015 -0.33444 -0.39192 -2.0158 -0.57004 0.43941 -3.4745 -1.2272
0 5 192 0.31348 4.7961 0.60854 0.16641 3.5641 0.35886 1.1285 3.4598 0.18308 2.273 2.5532 -0.54965 3.7696 2.901 -0.68001 -0.79115 3.6976 0.53953 -1.4719 2.5585 1.4924 -1.3011 2.4184 3.0185 0.76769 -0.047015 0.17874 0.23672 -1.8202 1.1728 0.48816 -3.6019 1.2884 -0.76768 0.047015 -0.17874 -0.50187 -2.0158 -0.4761 0.17466 -3.4745 -1.2918
0 6 168 0.12872 4.7888 0.71064 0.033801 3.5613 0.41494 1.0099 3.4635 0.48598 2.2716 2.5874 -0.07008 3.7655 2.9631 0.00044503 -0.93938 3.6881 0.35014 -1.7556 2.5372 1.1736 -1.8134 2.421 2.7101 0.66426 -0.047612 0.42425 -0.22696 -1.7985 1.1688 -0.058769 -3.5814 1.3787 -0.66426 0.047612 -0.42425 -0.27792 -2.0086 -0.61665 0.68518 -3.4515 -1.108
0 6 180 0.27366 4.7888 0.66835 0.11933 3.5613 0.39885 1.0889 3.4635 0.26539 2.2074 2.5874 -0.54085 3.6833 2.9631 -0.78245 -0.84606 3.6881 0.53779 -1.4733 2.5372 1.5129 -1.2103 2.421 3.0279 0.73795 -0.047612 0.27687 0.021005 -1.7985 1.1904 0.22916 -3.5814 1.3608 -0.73795 0.047612 -0.27687 -0.40005 -2.0086 -0.54539 0.43984 -3.4515 -1.2262
0 7 156 0.066578 4.7798 0.75912 -0.024825 3.5579 0.44011 0.94555 3.4632 0.56955 2.2 2.6214 -0.052182 3.691 3.0146 -0.061616 -0.9928 3.6815 0.31725 -1.763 2.5226 1.1731 -1.7412 2.4391 2.7126 0.60124 -0.050315 0.50939 -0.43817 -1.7775 1.1017 -0.32767 -3.5613 1.3397 -0.60124 0.050314 -0.50939 -0.16479 -2.0005 -0.64287 0.89691 -3.4268 -0.94213
0 7 168 0.22295 4.7798 0.72869 0.06722 3.5579 0.43565 1.0433 3.4632 0.36051 2.1411 2.6214 -0.50845 3.5975 3.0146 -0.82767 -0.90514 3.6815 0.51673 -1.4805 2.5226 1.514 -1.1391 2.4391 3.0154 0.69401 -0.050315 0.37326 -0.19954 -1.7775 1.1687 -0.041974 -3.5613 1.3786 -0.69401 0.050314 -0.37326 -0.29485 -2.0005 -0.59457 0.68143 -3.4268 -1.108
0 25 216 -0.0099526 4.7939 0.70114 -0.12097 3.5573 0.4508 0.84814 3.5315 0.28489 1.8542 2.6028 -0.6063 3.3461 2.7992 -0.94287 -1.0879 3.6123 0.62235 -1.1029 2.6018 1.9059 -0.2365 2.5546 3.1806 0.76232 0.00046086 0.20584 0.4944 -1.8588 1.147 0.85327 -3.6233 1.0542 -0.76232 -0.0004611 -0.20584 -0.94596 -2.0931 -0.16736 -0.46951 -3.5536 -1.1112
0 26 228 0.051719 4.7974 0.68131 -0.068498 3.5603 0.43745 0.89304 3.5279 0.23312 1.9213 2.6078 -0.64147 3.4227 2.8002 -0.93546 -1.0274 3.622 0.64723 -1.1049 2.6313 1.9438 -0.44479 2.5496 3.335 0.77684 -0.0027633 0.14146 0.66783 -1.8863 1.0659 1.0328 -3.6399 0.85931 -0.77684 0.0027628 -0.14146 -0.99329 -2.0836 -0.020223 -0.70253 -3.5771 -0.98749
0 27 240 0.10347 4.8016 0.65091 -0.027694 3.5627 0.42234 0.92317 3.5296 0.1731 1.9774 2.6128 -0.67357 3.4921 2.7888 -0.90206 -0.97573 3.6249 0.67672 -1.1174 2.6471 1.9777 -0.68501 2.5342 3.4535 0.78646 -0.0029111 0.070511 0.82298 -1.9106 0.95013 1.1636 -3.6518 0.62922 -0.78646 0.0029106 -0.070511 -1.0195 -2.0747 0.13825 -0.91459 -3.6001 -0.81721
0 38 0 0.29795 4.8187 0.4445 0.18629 3.5727 0.25201 1.0232 3.5538 -0.26425 2.1815 2.4149 -0.090995 3.0927 2.284 1.1461 -0.64743 3.6212 0.77156 -1.9627 2.8648 1.3772 -2.9947 3.0196 2.5123 0.47357 0.031559 -0.63105 0.691 -2.0581 -0.65389 -0.060427 -3.6441 -1.0673 -0.47357 -0.031559 0.63105 0.18727 -1.9382 1.2162 -0.28436 -3.6637 1.4418
0 39 0 0.17536 4.8166 0.50622 0.12096 3.5725 0.28479 1.0362 3.5589 -0.074991 2.092 2.3956 0.37307 2.6069 2.2715 1.8212 -0.79193 3.6156 0.64831 -2.1998 2.8218 0.88562 -3.4978 2.98 1.7029 0.53926 0.04159 -0.5753 0.66005 -2.0558 -0.60269 -0.090448 -3.628 -1.0672 -0.53926 -0.041591 0.5753 0.14308 -1.919 1.2264 -0.2912 -3.6552 1.4455
0 39 12 0.27678 4.8166 0.4587 0.17752 3.5725 0.25342 0.998 3.5589 -0.2888 2.1239 2.3956 -0.07004 2.9286 2.2715 1.2394 -0.63983 3.6156 0.7988 -1.9676 2.8218 1.3236 -3.0673 2.98 2.3929 0.40786 0.04159 -0.67484 0.52032 -2.0558 -0.72675 -0.31036 -3.628 -1.0251 -0.40786 -0.041591 0.67484 0.39494 -1.919 1.1699 0.015693 -3.6552 1.4744
0 40 12 0.18166 4.8123 0.51174 0.13847 3.5722 0.27329 1.04 3.5646 -0.11982 2.0572 2.3792 0.35867 2.4423 2.2662 1.8475 -0.76075 3.6093 0.67003 -2.1588 2.7794 0.82948 -3.4917 2.9162 1.5927 0.4726 0.043852 -0.63105 0.50863 -2.0562 -0.68472 -0.33318 -3.6132 -1.0281 -0.4726 -0.043852 0.63105 0.34905 -1.8982 1.1795 0.011347 -3.6455 1.4686
0 41 24 0.20115 4.8062 0.51897 0.15879 3.5715 0.2612 1.0369 3.5718 -0.18193 2.0077 2.3622 0.3309 2.2769 2.2593 1.8457 -0.71702 3.6007 0.7078 -2.103 2.7397 0.78773 -3.4633 2.8322 1.508 0.39302 0.047052 -0.68324 0.36259 -2.053 -0.73908 -0.53909 -3.6009 -0.94405 -0.39302 -0.047052 0.68324 0.55035 -1.878 1.0982 0.31839 -3.6349 1.4302
0 65 324 0.23577 4.8136 0.46931 0.21319 3.5692 0.25802 1.1124 3.5425 -0.13961 1.7814 2.2178 0.54319 1.7458 2.3986 2.0741 -0.68308 3.6253 0.65916 -1.8837 2.5759 1.014 -2.694 2.2751 2.2909 0.58977 0.01463 -0.52484 1.0284 -2.0385 -0.44525 0.7888 -3.7018 -1.0987 -0.58977 -0.014631 0.52484 -0.22689 -2.0093 1.076 -0.84177 -3.6802 0.79141
0 66 324 0.27967 4.8156 0.43914 0.23452 3.5691 0.2409 1.0951 3.5409 -0.2345 1.8199 2.1925 0.3359 2.0818 2.3543 1.8468 -0.62276 3.6268 0.71956 -1.7484 2.5502 1.2119 -2.347 2.2269 2.5957 0.55846 0.012561 -0.55809 1.0244 -2.035 -0.48962 0.80896 -3.7083 -1.1257 -0.55846 -0.012561 0.55809 -0.1924 -2.0182 1.0659 -0.82266 -3.6809 0.76793
0 67 312 0.23373 4.8187 0.45555 0.20189 3.5697 0.26621 1.1156 3.5373 -0.096271 1.7539 2.1604 0.50828 1.9945 2.3034 2.0246 -0.70894 3.6316 0.63218 -1.8417 2.52 1.0195 -2.5083 2.1697 2.3651 0.64222 0.0079436 -0.45934 1.1105 -2.0338 -0.29688 1.0545 -3.7108 -0.95673 -0.64222 -0.0079432 0.45934 -0.37516 -2.0234 0.98924 -0.93666 -3.6816 0.55788
0 68 312 0.27841 4.8207 0.42627 0.21635 3.5704 0.25159 1.0973 3.5282 -0.18368 1.7554 2.1221 0.32469 2.2804 2.2449 1.7693 -0.66116 3.642 0.69002 -1.6992 2.4881 1.1998 -2.1434 2.1057 2.626 0.62418 0.0053759 -0.4836 1.1173 -2.0306 -0.32308 1.0811 -3.7105 -0.97707 -0.62418 -0.0053763 0.4836 -0.33831 -2.028 0.97493 -0.90911 -3.6816 0.538
0 69 300 0.20759 4.8218 0.46802 0.15359 3.5698 0.30056 1.0856 3.5182 -0.0092293 1.6479 2.0842 0.53508 2.1245 2.1819 1.9983 -0.77516 3.6508 0.61396 -1.7983 2.4473 1.0305 -2.3237 2.0232 2.4168 0.69995 0.011395 -0.36529 1.1712 -2.0194 -0.10441 1.2781 -3.7025 -0.74209 -0.69995 -0.011395 0.36529 -0.49584 -2.036 0.88855 -0.97419 -3.6809 0.3263
0 70 300 0.2405 4.8208 0.46728 0.16074 3.5676 0.31993 1.0682 3.5023 -0.053828 1.6295 2.0383 0.40484 2.331 2.0987 1.7767 -0.74276 3.6623 0.69685 -1.6359 2.4037 1.2325 -1.9723 1.926 2.6595 0.69095 0.013771 -0.38196 1.1923 -2.0064 -0.096114 1.2866 -3.6883 -0.73916 -0.69095 -0.013771 0.38196 -0.46565 -2.0375 0.89958 -0.94584 -3.6771 0.32324
0 92 324 0.1984 4.7848 0.40093 0.11896 3.5555 0.21022 0.65242 3.5848 -0.61557 0.94564 3.3443 -2.2046 0.8211 4.5739 -3.1266 -0.416 3.556 1.0356 -1.5477 3.3356 2.1929 -2.1135 4.6191 2.8335 0.44091 0.01861 -0.65479 0.76014 -2.0433 -0.40775 0.25822 -3.7414 -0.74759 -0.44091 -0.01861 0.65479 -0.25433 -2.0836 0.99421 -1.0057 -3.7082 0.77722
0 102 276 0.077799 4.8399 0.22185 0.073768 3.5776 0.21798 1.0537 3.5233 0.15369 1.5386 3.2242 1.6848 0.95631 3.887 2.9494 -0.90395 3.6615 0.28422 -1.2297 3.3524 1.8549 -0.35166 3.6893 3.0768 0.78561 -0.00029087 -0.079471 0.83349 -2.0402 0.42127 0.83988 -3.7529 -0.14217 -0.78561 0.00029135 0.079471 -0.88966 -2.0436 0.55484 -1.1404 -3.7274 -0.039193
0 103 276 0.11352 4.835 0.28425 0.094064 3.5743 0.26944 1.0734 3.5038 0.21186 1.4462 2.8782 1.6741 0.91794 3.3738 3.0354 -0.88253 3.6743 0.32967 -1.1646 3.1121 1.8374 -0.34002 3.2614 3.1318 0.78602 -0.0042858 -0.07517 0.83764 -2.0432 0.4292 0.84846 -3.7531 -0.14285 -0.78602 0.0042858 0.075171 -0.88659 -2.0394 0.55228 -1.1306 -3.7263 -0.035658
1 3 96 0.32995 4.3038 2.1821 0.33103 3.1285 1.7208 1.302 3.1177 1.5645 1.5945 1.6404 0.93139 2.4877 0.41276 1.201 -0.63734 3.1666 1.8886 -1.2356 1.7059 1.4676 -2.048 0.54603 2.0778 0.77565 -0.0068836 -0.14772 0.74391 -1.398 1.4265 0.77323 -2.8206 0.31916 -0.77565 0.0068839 0.14772 -0.58864 -1.5111 1.5883 -0.85828 -2.7455 0.30206
1 4 96 0.30319 4.3948 1.9951 0.30199 3.2007 1.5811 1.2732 3.1954 1.426 1.8062 1.783 0.80166 3.0082 0.8218 0.89721 -0.66699 3.234 1.7464 -1.486 1.8699 1.3759 -2.6272 0.99632 1.9346 0.77519 -0.0071657 -0.15007 0.76576 -1.4546 1.3728 0.77526 -2.8802 0.26895 -0.77519 0.0071654 0.15007 -0.6222 -1.5559 1.5457 -0.87406 -2.7964 0.26178
1 34 108 0.34142 4.6012 1.4511 0.35296 3.3731 1.1529 1.2788 3.4174 0.82406 1.8791 2.0687 0.12445 3.1197 1.1538 0.085515 -0.57105 3.3574 1.4896 -1.3966 1.9589 1.3122 -2.1891 0.909 2.1166 0.7162 0.033298 -0.33083 0.98125 -1.9403 0.33916 0.66531 -3.6002 -0.28993 -0.7162 -0.033298 0.33083 -0.46273 -1.977 1.0872 -0.84074 -3.4762 0.15973
1 43 108 0.38524 4.6858 1.1575 0.35096 3.4454 0.91105 1.2753 3.4469 0.57499 1.8033 2.0194 -0.018699 3.0897 1.1728 -0.095757 -0.57089 3.4731 1.2528 -1.35 2.0378 1.2946 -2.1641 1.3121 2.3846 0.73135 -0.0020561 -0.29768 0.99934 -1.9713 0.38393 0.70229 -3.6086 -0.31021 -0.73135 0.0020561 0.29768 -0.5991 -1.9452 1.0755 -0.80852 -3.5193 0.22152
2 12 276 0.098662 3.552 3.2857 0.14733 2.5868 2.483 1.1305 2.5587 2.4794 1.6479 1.0969 2.9931 1.3773 1.113 4.5111 -0.83469 2.6352 2.5083 -1.1502 1.1442 3.0964 -0.97191 1.3723 4.6109 0.78774 -0.0042431 -0.054328 0.65742 -1.6233 1.2784 0.62545 -2.636 -0.21303 -0.78774 0.0042434 0.054328 -0.85109 -1.7028 1.2776 -0.87439 -2.6233 -0.27253
2 13 276 0.10508 3.7184 3.0914 0.1661 2.6914 2.3711 1.1494 2.6704 2.376 1.7494 1.5619 3.4152 1.2873 2.3382 4.6648 -0.81639 2.7344 2.3862 -1.1128 1.5272 3.4463 -0.80551 2.471 4.6264 0.7868 -0.0038791 -0.066587 0.64093 -1.7723 1.0584 0.62026 -2.813 -0.41387 -0.7868 0.0038788 0.066586 -0.83977 -1.8354 1.0807 -0.90159 -2.781 -0.45324
2 14 276 0.11602 3.9289 2.8086 0.19622 2.8362 2.1927 1.1795 2.8279 2.2121 1.8209 2.0827 3.5167 1.2409 3.2906 4.2797 -0.78679 2.8685 2.1911 -1.1064 1.9792 3.5237 -0.76098 3.3138 4.2145 0.78457 -0.00028253 -0.089115 0.65703 -1.9412 0.70522 0.61023 -3.0594 -0.70841 -0.78457 0.00028276 0.089115 -0.86655 -1.9815 0.78212 -0.95243 -3.0063 -0.69881
2 15 276 0.10658 4.2098 2.3672 0.18616 3.0474 1.8857 1.1694 3.0532 1.9088 1.8086 2.5598 3.3289 1.1787 3.9109 3.7232 -0.79713 3.068 1.8765 -1.1727 2.3852 3.3123 -0.82424 3.8523 3.6343 0.78368 0.0032692 -0.096611 0.70873 -2.0715 0.22602 0.62964 -3.3219 -1.0705 -0.78368 -0.0032692 0.096611 -0.9291 -2.079 0.38705 -1.0534 -3.2452 -0.98247
2 20 276 0.099858 4.3896 2.059 0.075548 3.2131 1.5954 1.0584 3.1853 1.5712 1.6169 2.4844 2.937 1.0861 3.8321 3.4658 -0.90578 3.268 1.6321 -1.4708 2.5161 2.9678 -1.0462 3.9344 3.3991 0.78886 0.009263 -0.033391 0.78407 -1.9875 0.62015 0.67094 -3.0456 -0.83537 -0.78886 -0.0092626 0.033391 -0.85397 -2.0031 0.69259 -0.90889 -2.9648 -0.83154
2 21 276 0.11834 4.2995 2.2431 0.084401 3.1481 1.7216 1.0668 3.1048 1.7037 1.6032 2.2395 2.9813 1.1085 3.5055 3.7094 -0.89616 3.2178 1.7533 -1.4693 2.343 3.0083 -1.022 3.6947 3.6004 0.78921 0.0051913 -0.025029 0.82549 -1.8959 0.86878 0.68 -3.0148 -0.53755 -0.78921 -0.0051918 0.025029 -0.8541 -1.9139 0.90075 -0.80994 -2.9735 -0.55737
2 22 276 0.10957 4.1982 2.4292 0.070274 3.0773 1.8467 1.0524 3.0238 1.8449 1.5705 1.991 2.9996 1.1179 3.1163 3.9517 -0.90996 3.1561 1.864 -1.5118 2.1691 3.0182 -1.0397 3.4235 3.7805 0.78943 0.0071793 -0.015903 0.84847 -1.799 1.0557 0.71177 -3.0906 -0.1949 -0.78943 -0.0071793 0.015903 -0.85975 -1.8305 1.0575 -0.73588 -3.0322 -0.28104
2 94 276 0.15748 3.813 2.9816 0.16679 2.8309 2.1926 1.1488 2.8124 2.1417 1.5285 1.2542 2.4527 1.4659 0.87874 3.947 -0.81334 2.8707 2.2642 -1.3606 1.3791 2.644 -1.11 1.3555 4.1653 0.78552 0.0089302 -0.079814 0.8945 -1.0352 1.7401 0.88711 -2.5747 0.80156 -0.78552 -0.0089302 0.079814 -0.64152 -1.1694 1.8253 -0.81294 -2.5573 0.68726
2 95 276 0.17778 3.8325 2.9587 0.18077 2.8355 2.1882 1.1625 2.8149 2.1324 1.5224 1.2355 2.3437 1.5235 0.55297 3.7264 -0.79891 2.8779 2.2642 -1.3425 1.3625 2.5413 -1.1149 1.0185 4.0271 0.78498 0.010777 -0.084791 0.89228 -1.1516 1.6621 0.89014 -2.7133 0.761 -0.78498 -0.010777 0.08479 -0.62988 -1.2809 1.7513 -0.81519 -2.6946 0.64769
2 96 276 0.19911 3.8718 2.9085 0.19314 2.8606 2.1566 1.1745 2.8403 2.0938 1.5154 1.2454 2.1875 1.5956 0.27222 3.3809 -0.78601 2.9029 2.2393 -1.3261 1.3709 2.4124 -1.1417 0.67448 3.7757 0.78436 0.010949 -0.090321 0.89109 -1.2563 1.5821 0.89638 -2.8358 0.71254 -0.78436 -0.010949 0.090321 -0.62219 -1.3769 1.6784 -0.81895 -2.8109 0.60337
2 97 276 0.21379 3.9266 2.8353 0.20095 2.8966 2.1093 1.1817 2.8733 2.0386 1.5122 1.2739 1.9984 1.6858 0.06559 2.9404 -0.77739 2.9425 2.1994 -1.3111 1.3999 2.263 -1.2028 0.37206 3.4074 0.7841 0.011292 -0.092477 0.89355 -1.35 1.5042 0.903 -2.9417 0.65738 -0.7841 -0.011292 0.092477 -0.62045 -1.4595 1.6059 -0.82093 -2.9092 0.55282
2 98 276 0.22811 3.9942 2.7392 0.21113 2.9438 2.0437 1.1908 2.9189 1.9604 1.5207 1.3314 1.7606 1.7907 -0.032613 2.427 -0.76595 2.9919 2.1456 -1.2881 1.4453 2.0815 -1.2921 0.15779 2.93 0.78331 0.011407 -0.098964 0.89107 -1.4308 1.4251 0.90537 -3.0336 0.59932 -0.78331 -0.011407 0.098964 -0.62696 -1.5383 1.5337 -0.82529 -2.9982 0.49439
2 99 276 0.2266 4.0694 2.6264 0.20913 2.9963 1.9673 1.1879 2.9739 1.873 1.5187 1.4199 1.493 1.8756 -0.026196 1.8918 -0.76691 3.0423 2.0795 -1.279 1.5066 1.8597 -1.4288 0.065957 2.3885 0.78292 0.013191 -0.10176 0.88896 -1.5038 1.348 0.90844 -3.112 0.53308 -0.78292 -0.013191 0.10176 -0.63769 -1.6073 1.4626 -0.82957 -3.078 0.43732
2 100 276 0.21618 4.143 2.5092 0.20714 3.0502 1.8839 1.185 3.0311 1.78 1.5189 1.5322 1.2227 1.9486 0.060079 1.3837 -0.76798 3.0935 2.0049 -1.274 1.591 1.611 -1.5515 0.09228 1.8444 0.78261 0.013217 -0.10416 0.88655 -1.5747 1.2677 0.91042 -3.1874 0.46169 -0.78261 -0.013217 0.10416 -0.65228 -1.6745 1.3838 -0.83321 -3.1553 0.37126
2 101 276 0.20473 4.2178 2.3837 0.19881 3.1062 1.7917 1.1757 3.0898 1.6789 1.5104 1.6604 0.96235 1.9998 0.19852 0.92934 -0.77538 3.1474 1.9206 -1.275 1.6958 1.3621 -1.6344 0.1963 1.3625 0.78258 0.012243 -0.10451 0.87951 -1.6434 1.1854 0.91037 -3.2623 0.39241 -0.78258 -0.012243 0.10451 -0.6722 -1.7372 1.2989 -0.83956 -3.2338 0.30731
3 79 336 0.24871 4.8064 -0.31936 0.18326 3.5825 -0.016841 1.1211 3.5747 0.27937 1.7971 2.2446 -0.38596 2.0858 0.81816 0.1234 -0.75247 3.6197 -0.31749 -1.488 2.2238 0.10589 -1.8557 2.7111 1.5219 0.70739 -0.05114 0.3471 0.37393 -1.5704 1.7596 0.83785 -1.7021 0.022229 -0.70739 0.051141 -0.3471 -0.47964 -2.0371 -0.38937 -0.25665 -3.8259 -0.42354
3 79 348 0.17688 4.8064 -0.36409 0.17575 3.5825 -0.054575 1.1547 3.5747 0.040176 1.6775 2.2446 -0.75115 2.0659 0.81816 -0.31297 -0.80204 3.6197 -0.15411 -1.4335 2.2238 0.41295 -1.4988 2.7111 1.8744 0.7641 -0.05114 0.19244 0.73159 -1.5704 1.6434 0.82416 -1.7021 -0.15246 -0.7641 0.051141 -0.19244 -0.55012 -2.0371 -0.28113 -0.3391 -3.8259 -0.36092
3 80 0 0.057985 4.8039 -0.45151 0.11985 3.5814 -0.1425 1.0936 3.5702 -0.28042 1.4291 2.3536 -1.3177 1.9535 0.91143 -1.1666 -0.85384 3.622 -0.0096388 -1.4239 2.3261 0.80549 -1.1497 2.9908 2.1695 0.78836 -0.036558 0.025599 0.95621 -1.318 1.6821 0.71157 -1.5119 -0.093724 -0.78836 0.036558 -0.025599 -0.59711 -2.0436 -0.25081 -0.40637 -3.8253 -0.45082
3 80 312 0.37434 4.8039 -0.25903 0.18609 3.5814 -0.0062873 0.94016 3.5702 0.62508 1.9355 2.3536 0.18027 2.1741 0.91143 0.67116 -0.56417 3.622 -0.64097 -1.5514 2.3261 -0.5192 -2.3816 2.9908 0.59732 0.50849 -0.036558 0.60299 -0.6102 -1.318 1.8361 0.54578 -1.5119 0.46609 -0.50849 0.036558 -0.60299 -0.21315 -2.0436 -0.61157 0.063105 -3.8253 -0.60365
3 80 324 0.3123 4.8039 -0.3312 0.18072 3.5814 -0.044841 1.0496 3.5702 0.41595 1.9307 2.3536 -0.22608 2.2661 0.91143 0.20448 -0.6851 3.622 -0.50967 -1.6254 2.3261 -0.1853 -2.2053 2.9908 1.0794 0.62275 -0.036558 0.48409 -0.21511 -1.318 1.9229 0.63076 -1.5119 0.34243 -0.62275 0.036558 -0.48409 -0.33565 -2.0436 -0.55388 -0.06378 -3.8253 -0.60358
3 80 336 0.23662 4.8039 -0.38889 0.16745 3.5814 -0.081435 1.1131 3.5702 0.18864 1.8415 2.3536 -0.62255 2.2591 0.91143 -0.27114 -0.7761 3.622 -0.35609 -1.6284 2.3261 0.15669 -1.9327 2.9908 1.5144 0.70979 -0.036558 0.34404 0.18938 -1.318 1.9256 0.68817 -1.5119 0.2038 -0.70979 0.036558 -0.34404 -0.44347 -2.0436 -0.472 -0.18788 -3.8253 -0.57713
3 80 348 0.15059 4.8039 -0.42959 0.14686 3.5814 -0.11447 1.128 3.5702 -0.046914 1.6718 2.3536 -0.99181 2.1534 0.91143 -0.7349 -0.83318 3.622 -0.18695 -1.5603 2.3261 0.49184 -1.5756 2.9908 1.8831 0.76581 -0.036558 0.18895 0.58559 -1.318 1.8441 0.71551 -1.5119 0.056268 -0.76581 0.036558 -0.18895 -0.53192 -2.0436 -0.36948 -0.30376 -3.8253 -0.52545
3 81 0 0.039671 4.8029 -0.49438 0.090463 3.5771 -0.19644 1.062 3.5638 -0.3493 1.3992 2.4124 -1.458 1.9725 0.98124 -1.4286 -0.88091 3.6198 -0.048237 -1.4955 2.3889 0.83263 -1.2118 3.1072 2.1673 0.78891 -0.027349 0.019242 0.77613 -1.0624 1.8476 0.6477 -1.506 0.1047 -0.78891 0.027349 -0.019241 -0.59177 -2.0394 -0.34166 -0.3958 -3.8094 -0.62406
3 81 312 0.39394 4.8029 -0.30132 0.20651 3.5771 -0.064215 0.97017 3.5638 0.55547 2.0197 2.4124 0.064214 2.3815 0.98124 0.50998 -0.5536 3.6198 -0.68692 -1.6195 2.3889 -0.55423 -2.4215 3.1072 0.54962 0.51358 -0.027349 0.59915 -0.85369 -1.0624 1.8131 0.35559 -1.506 0.55139 -0.51359 0.027349 -0.59915 -0.14207 -2.0394 -0.66839 0.19892 -3.8094 -0.71171
3 81 324 0.32268 4.8029 -0.37665 0.18865 3.5771 -0.10575 1.0645 3.5638 0.34162 1.9889 2.4124 -0.35711 2.4355 0.98124 0.0036877 -0.68432 3.6198 -0.55681 -1.6993 2.3889 -0.20542 -2.2543 3.1072 1.0411 0.62693 -0.027349 0.47928 -0.45808 -1.0624 1.9509 0.46246 -1.506 0.46541 -0.62693 0.027349 -0.47928 -0.27793 -2.0394 -0.62424 0.046602 -3.8094 -0.73752
3 81 336 0.23732 4.8029 -0.4355 0.16254 3.5771 -0.14266 1.1122 3.5638 0.11284 1.8712 2.4124 -0.76283 2.383 0.98124 -0.50276 -0.78514 3.6198 -0.40237 -1.7049 2.3889 0.15237 -1.9886 3.1072 1.487 0.71288 -0.027349 0.33846 -0.042453 -1.0624 2.0035 0.54912 -1.506 0.35909 -0.71288 0.027349 -0.33846 -0.40164 -2.0394 -0.55282 -0.10776 -3.8094 -0.73109
3 81 348 0.14159 4.8029 -0.47533 0.12933 3.5771 -0.17334 1.1114 3.5638 -0.12087 1.6717 2.4124 -1.1352 2.2264 0.98124 -0.98724 -0.85164 3.6198 -0.23034 -1.6359 2.3889 0.50351 -1.6359 3.1072 1.8679 0.76767 -0.027349 0.18285 0.37503 -1.0624 1.9686 0.61178 -1.506 0.23707 -0.76767 0.027349 -0.18284 -0.5078 -2.0394 -0.45723 -0.2574 -3.8094 -0.69271
3 82 0 0.033355 4.8023 -0.51043 0.082198 3.5739 -0.22106 1.0523 3.561 -0.3825 1.396 2.424 -1.504 2.0088 1.009 -1.5028 -0.88783 3.6163 -0.064193 -1.5144 2.3955 0.82223 -1.2461 3.1025 2.166 0.78906 -0.026285 0.013922 0.62058 -0.89013 1.9217 0.5784 -1.6697 0.29647 -0.78906 0.026285 -0.013922 -0.59096 -2.0245 -0.42566 -0.39431 -3.7803 -0.78505
3 82 312 0.40164 4.8023 -0.31675 0.21928 3.5739 -0.086833 0.98839 3.561 0.52608 2.0518 2.424 0.031091 2.461 1.009 0.4873 -0.54637 3.6163 -0.70274 -1.6243 2.3955 -0.57522 -2.4434 3.1025 0.52331 0.51764 -0.026285 0.5957 -1.0129 -0.89013 1.7471 0.16671 -1.6697 0.62821 -0.51764 0.026285 -0.5957 -0.079107 -2.0245 -0.72399 0.31956 -3.7803 -0.81833
3 82 324 0.32701 4.8023 -0.39334 0.19643 3.5739 -0.13053 1.0762 3.561 0.30909 2.0134 2.424 -0.39617 2.5085 1.009 -0.035009 -0.68054 3.6163 -0.57379 -1.7084 2.3955 -0.22493 -2.2812 3.1025 1.0199 0.63018 -0.026285 0.47506 -0.6275 -0.89013 1.9195 0.29367 -1.6697 0.57982 -0.63018 0.026285 -0.47506 -0.2279 -2.0245 -0.69172 0.14244 -3.7803 -0.86689
3 82 336 0.23808 4.8023 -0.45273 0.165 3.5739 -0.16851 1.1169 3.561 0.078582 1.887 2.424 -0.80612 2.4464 1.009 -0.55579 -0.78497 3.6163 -0.41976 -1.7179 2.3955 0.13519 -2.0193 3.1025 1.4719 0.71518 -0.026285 0.33366 -0.21471 -0.89013 2.008 0.40781 -1.6697 0.50609 -0.71518 0.026285 -0.33366 -0.36674 -2.0245 -0.62922 -0.040909 -3.7803 -0.87756
3 82 348 0.13875 4.8023 -0.49234 0.12636 3.5739 -0.19914 1.1088 3.561 -0.15535 1.6782 2.424 -1.1808 2.2774 1.009 -1.0523 -0.85509 3.6163 -0.24738 -1.6522 2.3955 0.4894 -1.6692 3.1025 1.8596 0.76892 -0.026285 0.17767 0.20747 -0.89013 2.0087 0.50412 -1.6697 0.41024 -0.76892 0.026285 -0.17767 -0.48955 -2.0245 -0.53922 -0.22247 -3.7803 -0.84988
3 83 312 0.3933 4.8043 -0.29877 0.21575 3.5755 -0.066574 0.97961 3.5683 0.55296 2.0213 2.3966 0.09394 2.4046 0.98377 0.57832 -0.54476 3.6122 -0.6892 -1.5998 2.3722 -0.55448 -2.46 3.0349 0.54028 0.51907 -0.031768 0.59418 -1.0725 -0.86592 1.6829 -0.025852 -1.9573 0.70096 -0.51907 0.031769 -0.59418 -0.016298 -1.9996 -0.78166 0.43789 -3.7384 -0.92738
3 83 324 0.32259 4.8043 -0.37401 0.19719 3.5755 -0.10998 1.0732 3.5683 0.3372 1.9967 2.3966 -0.32837 2.4723 0.98377 0.065731 -0.67614 3.6122 -0.56087 -1.6801 2.3722 -0.20975 -2.2939 3.0349 1.0399 0.63127 -0.031768 0.47327 -0.69915 -0.86592 1.8692 0.12045 -1.9573 0.69101 -0.63127 0.031769 -0.47327 -0.17846 -1.9996 -0.76119 0.23551 -3.7384 -0.99816
3 83 336 0.23778 4.8043 -0.43291 0.17002 3.5755 -0.14857 1.1198 3.5683 0.10671 1.8848 2.3966 -0.73633 2.432 0.98377 -0.44973 -0.77798 3.6122 -0.40804 -1.687 2.3722 0.14414 -2.0275 3.0349 1.4941 0.71587 -0.031768 0.33168 -0.29525 -0.86592 1.9737 0.26149 -1.9573 0.65087 -0.71587 0.031769 -0.33168 -0.33282 -1.9996 -0.70745 0.022832 -3.7384 -1.0253
3 83 348 0.14258 4.8043 -0.47288 0.13541 3.5755 -0.18067 1.1175 3.5683 -0.12845 1.6905 2.3966 -1.1121 2.2853 0.98377 -0.94553 -0.84582 3.6122 -0.23737 -1.6202 2.3722 0.49174 -1.6726 3.0349 1.883 0.76919 -0.031768 0.1756 0.12155 -0.86592 1.9919 0.3911 -1.9573 0.58228 -0.76919 0.031769 -0.1756 -0.47263 -1.9996 -0.6228 -0.19084 -3.7384 -1.0077
3 84 324 0.30739 4.8082 -0.33077 0.1857 3.579 -0.064788 1.052 3.5718 0.40083 1.9446 2.3475 -0.21004 2.3406 0.92373 0.22995 -0.67778 3.6156 -0.53429 -1.6328 2.3344 -0.19499 -2.287 2.9403 1.063 0.62713 -0.036224 0.47843 -0.69742 -0.96893 1.8163 -0.059437 -2.333 0.82477 -0.62713 0.036224 -0.47843 -0.12534 -1.9742 -0.82561 0.32995 -3.6952 -1.1119
