2 39 252 -1.6532 1.0055 4.412 -1.2098 0.82392 3.2426 -0.2784 0.75519 3.5509 0.83277 0.41106 2.4039 1.6389 -0.89415 2.5597 -2.15 0.89566 2.9626 -2.3632 0.96494 1.3445 -2.7851 0.18907 0.080467 0.73892 0.016042 0.27793 0.26057 -1.7987 1.2225 0.60187 -3.502 0.73963 -0.73892 -0.016042 -0.27793 -1.1448 -1.796 0.76193 -0.9573 -3.4458 0.059095
2 40 252 -1.6044 0.83409 4.4619 -1.1752 0.70158 3.2806 -0.23992 0.61905 3.5737 0.98768 0.17996 2.5894 1.6416 -1.1296 3.0743 -2.1187 0.78602 3.0161 -2.5259 0.88908 1.4374 -3.22 0.062057 0.33655 0.74189 0.011094 0.27015 0.27877 -1.8226 1.1852 0.6225 -3.5327 0.72883 -0.74188 -0.011095 -0.27015 -1.1594 -1.8053 0.7402 -0.9474 -3.4636 0.064894
2 41 252 -1.5471 0.71969 4.4984 -1.1274 0.61773 3.3111 -0.18783 0.53159 3.5888 1.1153 -0.11268 2.8435 1.5499 -1.3721 3.6199 -2.0749 0.705 3.0622 -2.7236 0.74171 1.5633 -3.6447 -0.19434 0.75521 0.74606 0.0074964 0.25852 0.28025 -1.8267 1.1713 0.64119 -3.5371 0.72972 -0.74606 -0.0074964 -0.25852 -1.1793 -1.8063 0.73689 -0.95257 -3.4669 0.072177
2 42 252 -1.5065 0.63938 4.5229 -1.0848 0.55244 3.3353 -0.1466 0.46049 3.616 1.137 -0.43274 3.1435 1.3294 -1.602 4.1302 -2.031 0.64495 3.0834 -2.933 0.52298 1.7268 -3.9783 -0.53135 1.3104 0.74974 0.0048437 0.24771 0.27133 -1.8147 1.183 0.64353 -3.5229 0.74198 -0.74974 -0.0048437 -0.24771 -1.198 -1.7964 0.75417 -0.95582 -3.4561 0.092722
2 43 252 -1.4637 0.59315 4.5441 -1.0479 0.50501 3.3556 -0.10593 0.41418 3.6237 1.0762 -0.68676 3.3804 1.0389 -1.7604 4.4865 -1.9975 0.59615 3.1164 -3.1006 0.2755 1.9549 -4.128 -0.87385 1.9871 0.75177 -0.0063815 0.24145 0.24691 -1.8045 1.2039 0.63194 -3.5081 0.75647 -0.75177 0.0063815 -0.24145 -1.2024 -1.7808 0.76714 -0.95514 -3.4426 0.1128
2 44 252 -1.4408 0.58464 4.5535 -1.0357 0.49004 3.3623 -0.088885 0.40597 3.6149 0.95636 -0.84291 3.4864 0.75449 -1.8523 4.6345 -1.9897 0.57468 3.1385 -3.185 0.043192 2.16 -4.0496 -1.1437 2.6306 0.75239 -0.0078087 0.23947 0.24269 -1.8028 1.2051 0.61945 -3.5063 0.75016 -0.75239 0.0078082 -0.23947 -1.2016 -1.7762 0.77538 -0.96229 -3.4374 0.11681
2 45 252 -1.4249 0.62867 4.5533 -1.0249 0.51823 3.3612 -0.08143 0.42662 3.6234 0.79887 -0.9401 3.4625 0.51263 -1.9423 4.5989 -1.9759 0.6105 3.1279 -3.1234 -0.16305 2.2597 -3.7662 -1.3131 3.0609 0.75359 -0.0047765 0.23576 0.27493 -1.8123 1.1939 0.62512 -3.5182 0.72683 -0.75359 0.004776 -0.23576 -1.2079 -1.786 0.76485 -0.95176 -3.4435 0.10327
2 46 252 -1.4018 0.71234 4.5507 -1.0027 0.57605 3.3611 -0.060373 0.49078 3.6294 0.66672 -0.94531 3.3507 0.34399 -1.9896 4.4384 -1.9527 0.66242 3.1214 -2.9504 -0.33003 2.2918 -3.3863 -1.4495 3.2585 0.75542 -0.00057268 0.22986 0.31015 -1.8221 1.1776 0.64058 -3.5329 0.71417 -0.75542 0.00057268 -0.22986 -1.1773 -1.8074 0.75381 -0.92535 -3.4606 0.079732
2 47 252 -1.3685 0.84367 4.5398 -0.97187 0.66318 3.3559 -0.029506 0.58224 3.6257 0.60033 -0.86586 3.2073 0.25896 -1.9856 4.211 -1.9218 0.746 3.1149 -2.7211 -0.39883 2.2668 -2.9942 -1.5473 3.2589 0.75772 0.0067611 0.22205 0.34611 -1.8307 1.154 0.65524 -3.5455 0.69056 -0.75772 -0.0067608 -0.22205 -1.1184 -1.8344 0.74943 -0.90699 -3.4836 0.051982
2 48 252 -1.3224 1.0057 4.5232 -0.93267 0.77499 3.3461 0.010287 0.70304 3.6163 0.59018 -0.71181 3.0412 0.25831 -1.9261 3.9317 -1.8832 0.84988 3.1045 -2.4927 -0.35785 2.1888 -2.6245 -1.5966 3.0975 0.76068 0.014052 0.21136 0.37066 -1.8364 1.1268 0.67213 -3.5539 0.66832 -0.76068 -0.014052 -0.21136 -1.0732 -1.8603 0.74158 -0.88268 -3.504 0.025518
2 49 252 -1.2819 1.1754 4.4937 -0.90015 0.89629 3.3251 0.04606 0.84247 3.5881 0.62644 -0.4983 2.8572 0.33515 -1.8211 3.5941 -1.8536 0.9541 3.0907 -2.3011 -0.24211 2.0721 -2.3455 -1.5943 2.812 0.76254 0.017495 0.20426 0.37494 -1.843 1.1002 0.68381 -3.5605 0.64689 -0.76254 -0.017495 -0.20426 -1.0341 -1.8766 0.73607 -0.85794 -3.5134 0.00072096
2 50 252 -1.2523 1.3595 4.4522 -0.87599 1.0323 3.294 0.070482 0.99533 3.5589 0.69254 -0.2333 2.6801 0.47692 -1.6564 3.2332 -1.8298 1.0744 3.0575 -2.1436 -0.055225 1.9199 -2.1607 -1.5166 2.4115 0.76429 0.024701 0.19683 0.38225 -1.8411 1.0841 0.69209 -3.5582 0.62979 -0.76429 -0.024701 -0.19683 -0.99608 -1.8966 0.72875 -0.84655 -3.5265 -0.027528
