0 3 288 0.58006 4.8081 -0.14026 0.34 3.5677 -0.10904 0.40759 3.4727 -1.0857 0.28655 2.4949 -2.3887 0.85883 2.7822 -3.7915 0.27747 3.6919 0.86462 0.90291 2.58 1.885 2.3412 2.423 2.4181 0.23545 -0.039397 -0.75267 1.1813 -1.8538 -0.27541 1.2382 -3.6307 -0.57602 -0.23545 0.039397 0.75267 -0.46988 -2.0407 0.57175 -1.2915 -3.5261 -0.035817
0 4 276 0.63423 4.8022 -0.12135 0.37118 3.5659 -0.075221 0.46879 3.4677 -1.049 0.22508 2.5219 -2.3585 0.6824 2.8389 -3.7965 0.27919 3.6931 0.89571 0.9404 2.5689 1.8794 2.4175 2.412 2.2932 0.32142 -0.042154 -0.72001 1.2004 -1.8364 -0.070208 1.3356 -3.6162 -0.32559 -0.32142 0.042153 0.72001 -0.54227 -2.0309 0.45893 -1.2585 -3.5013 -0.29981
0 5 264 0.67563 4.7961 -0.11009 0.39272 3.5641 -0.047374 0.52284 3.4598 -1.0167 0.17965 2.5532 -2.3316 0.51813 2.901 -3.7952 0.26865 3.6976 0.91915 0.96452 2.5585 1.861 2.4687 2.4184 2.1702 0.40722 -0.047015 -0.67488 1.1885 -1.8202 0.13728 1.3762 -3.6019 -0.066122 -0.40722 0.047015 0.67488 -0.60788 -2.0158 0.33018 -1.1746 -3.4745 -0.56529
0 6 252 0.72021 4.7888 -0.053731 0.4162 3.5613 0.0097577 0.58888 3.4635 -0.95356 0.16775 2.5874 -2.2665 0.39404 2.9631 -3.7448 0.25003 3.6881 0.97084 0.98363 2.5372 1.8687 2.5057 2.421 2.0867 0.49136 -0.047612 -0.61628 1.1386 -1.7985 0.34788 1.365 -3.5814 0.20256 -0.49136 0.047612 0.61628 -0.64232 -2.0086 0.21194 -1.0303 -3.4515 -0.79724
0 7 240 0.76192 4.7798 0.013136 0.4351 3.5579 0.070693 0.66527 3.4632 -0.88084 0.17807 2.6214 -2.1934 0.32454 3.0146 -3.6772 0.21173 3.6815 1.0205 0.98239 2.5226 1.8759 2.5158 2.4391 2.0152 0.56945 -0.050315 -0.5447 1.0499 -1.7775 0.55093 1.2981 -3.5613 0.46592 -0.56945 0.050314 0.5447 -0.65658 -2.0005 0.096685 -0.84322 -3.4268 -0.99047
0 8 228 0.79465 4.7706 0.097833 0.44743 3.554 0.1371 0.74563 3.4615 -0.79558 0.22895 2.6408 -2.1102 0.31535 3.0351 -3.5984 0.1562 3.6754 1.0687 0.96434 2.5108 1.8807 2.5037 2.4587 1.9532 0.63602 -0.055267 -0.46467 0.91708 -1.7579 0.73382 1.1752 -3.5423 0.71491 -0.63602 0.055267 0.46467 -0.6496 -1.9902 -0.015047 -0.62112 -3.4007 -1.1378
0 8 240 0.79762 4.7706 -0.069521 0.46616 3.554 0.041075 0.56392 3.4615 -0.93322 -0.21479 2.6408 -2.1117 -0.43969 3.0351 -3.5854 0.37497 3.6754 1.0128 1.3343 2.5108 1.6391 2.8551 2.4587 1.3899 0.52551 -0.055267 -0.58675 1.0496 -1.7579 0.52711 1.2982 -3.5423 0.45495 -0.52551 0.055267 0.58675 -0.63854 -1.9902 0.12034 -0.84411 -3.4007 -0.98381
0 9 216 0.80738 4.7618 0.20255 0.44162 3.5507 0.21633 0.81413 3.4648 -0.68988 0.3076 2.6527 -2.0137 0.38183 3.0302 -3.5069 0.076107 3.6656 1.1222 0.91533 2.4949 1.8928 2.4571 2.4684 1.8993 0.69169 -0.059207 -0.37623 0.74348 -1.7405 0.88275 0.99973 -3.5245 0.93144 -0.6917 0.059207 0.37623 -0.62331 -1.981 -0.12095 -0.38136 -3.3802 -1.232
0 9 228 0.83185 4.7618 0.030257 0.47695 3.5507 0.11978 0.6529 3.4648 -0.84407 -0.11779 2.6527 -2.0337 -0.35564 3.0302 -3.5097 0.30776 3.6656 1.0818 1.2889 2.4949 1.6611 2.7982 2.4684 1.3469 0.59836 -0.059207 -0.51182 0.91077 -1.7405 0.70888 1.1715 -3.5245 0.70323 -0.59836 0.059207 0.51182 -0.63484 -1.981 0.011291 -0.62918 -3.3802 -1.1258
0 10 216 0.83448 4.7571 0.13987 0.46434 3.5494 0.19922 0.73263 3.4719 -0.74385 0.0049201 2.664 -1.9631 -0.19444 3.0016 -3.4544 0.2029 3.6559 1.1414 1.1996 2.4832 1.6892 2.692 2.4843 1.3012 0.66544 -0.0623 -0.42048 0.74815 -1.7269 0.85875 0.99746 -3.5113 0.92891 -0.66544 0.0623 0.42048 -0.60821 -1.9714 -0.10406 -0.39042 -3.3658 -1.2262
0 20 240 0.72042 4.7724 0.25803 0.39883 3.55 0.32389 0.53657 3.5151 -0.64933 -0.13301 2.5626 -1.7953 -0.27706 2.7005 -3.3243 0.26783 3.614 1.2966 1.4915 2.5329 1.2446 2.2542 2.7034 -0.084615 0.55922 -0.010969 -0.55736 1.0478 -1.7648 0.49123 1.2968 -3.5503 0.52601 -0.55922 0.010969 0.55736 -0.63821 -2.0688 0.27007 -0.83497 -3.4325 -0.89295
0 21 240 0.64658 4.7776 0.36877 0.3334 3.5512 0.38222 0.61364 3.523 -0.56013 0.14779 2.5706 -1.803 0.28706 2.7214 -3.3312 0.059641 3.6085 1.3252 1.2771 2.5424 1.5487 2.3817 2.6562 0.47895 0.61993 -0.0042086 -0.48905 1.0347 -1.7775 0.55872 1.2838 -3.5632 0.55525 -0.61993 0.0042086 0.48905 -0.69843 -2.086 0.29138 -0.84121 -3.455 -0.87323
0 21 252 0.70912 4.7776 0.22628 0.40558 3.5512 0.30455 0.48378 3.523 -0.67548 -0.2303 2.5706 -1.7943 -0.41181 2.7214 -3.3181 0.33385 3.6085 1.2838 1.5712 2.5424 1.2494 2.4293 2.6562 -0.026702 0.5047 -0.0042086 -0.60725 1.1283 -1.7775 0.33138 1.3712 -3.5632 0.2762 -0.5047 0.0042086 0.60725 -0.62258 -2.086 0.43022 -1.0044 -3.455 -0.67925
0 22 252 0.64659 4.7831 0.33041 0.34933 3.5528 0.35405 0.58473 3.5281 -0.60059 0.088195 2.573 -1.8294 0.2 2.7389 -3.3584 0.12023 3.6066 1.309 1.3423 2.5532 1.5655 2.5495 2.6188 0.60852 0.57359 -0.0028431 -0.54266 1.1211 -1.7937 0.40997 1.3551 -3.5781 0.30011 -0.57359 0.0028429 0.54267 -0.68373 -2.093 0.44445 -1.008 -3.4785 -0.6629
0 23 264 0.64894 4.7869 0.30312 0.36022 3.5542 0.32867 0.55711 3.5279 -0.63461 0.034165 2.5808 -1.8586 0.14246 2.7617 -3.3861 0.1696 3.6096 1.292 1.3916 2.5695 1.5979 2.6991 2.5973 0.78104 0.52825 0.00053406 -0.5869 1.1865 -1.8119 0.24749 1.3762 -3.5922 0.034637 -0.52825 -0.0005343 0.5869 -0.63308 -2.0989 0.59341 -1.1247 -3.5035 -0.42458
0 24 276 0.65894 4.7913 0.26392 0.38093 3.5559 0.2883 0.54883 3.5337 -0.68055 0.0045514 2.5973 -1.9036 0.13206 2.79 -3.4281 0.2192 3.6074 1.2571 1.4404 2.5823 1.6131 2.8436 2.5718 0.97387 0.48311 -0.0019205 -0.62458 1.2321 -1.8372 0.071844 1.3473 -3.6106 -0.23273 -0.48311 0.0019205 0.62458 -0.55632 -2.0954 0.72608 -1.1914 -3.5279 -0.16588
0 25 288 0.66375 4.7939 0.22613 0.39135 3.5573 0.25436 0.53303 3.5315 -0.71859 -0.0036568 2.6028 -1.9508 0.13727 2.7992 -3.4737 0.25572 3.6123 1.227 1.4718 2.6018 1.6379 2.9518 2.5546 1.2078 0.43134 0.00046086 -0.6614 1.2437 -1.8588 -0.11576 1.2662 -3.6233 -0.48575 -0.43134 -0.0004611 0.6614 -0.45149 -2.0931 0.84795 -1.2019 -3.5536 0.10314
0 26 300 0.66395 4.7974 0.16135 0.39488 3.5603 0.20033 0.49768 3.5279 -0.77729 -0.016364 2.6078 -2.0255 0.168 2.8002 -3.5442 0.29806 3.622 1.1772 1.5073 2.6313 1.6515 3.0343 2.5496 1.4536 0.37459 -0.0027633 -0.6951 1.2201 -1.8863 -0.30576 1.1364 -3.6399 -0.71671 -0.37459 0.0027628 0.6951 -0.32618 -2.0836 0.93842 -1.1563 -3.5771 0.36299
0 27 300 0.61544 4.8016 0.23585 0.35191 3.5627 0.23515 0.6115 3.5296 -0.71294 0.40536 2.6128 -2.0492 0.96486 2.7888 -3.4753 0.098195 3.6249 1.1834 1.154 2.6471 1.9565 2.6483 2.5342 2.32 0.45429 -0.0029111 -0.64584 1.2343 -1.9106 -0.23766 1.1267 -3.6518 -0.69311 -0.45429 0.0029106 0.64584 -0.39001 -2.0747 0.95202 -1.165 -3.6001 0.38345
0 28 312 0.61539 4.8054 0.1739 0.36088 3.5647 0.1874 0.57307 3.5311 -0.77239 0.41747 2.6078 -2.1111 1.0627 2.7677 -3.5024 0.15442 3.6274 1.147 1.1642 2.6667 1.9991 2.5987 2.548 2.552 0.3871 -0.0046096 -0.68821 1.1795 -1.9319 -0.41988 0.94964 -3.659 -0.88382 -0.3871 0.0046096 0.68821 -0.24196 -2.0631 1.0312 -1.0661 -3.6188 0.64171
0 29 324 0.6188 4.8075 0.11669 0.37098 3.5656 0.14239 0.52884 3.5337 -0.82788 0.42975 2.6006 -2.1651 1.1896 2.7319 -3.5004 0.21872 3.6268 1.1122 1.1704 2.6955 2.0585 2.5398 2.5792 2.7578 0.31127 -0.0054746 -0.72566 1.0882 -1.9529 -0.59036 0.73756 -3.6661 -1.0294 -0.31127 0.0054746 0.72566 -0.070691 -2.0499 1.0887 -0.91212 -3.631 0.88086
0 103 0 0.29455 4.835 -0.083184 0.2778 3.5743 -0.065385 0.3229 3.5038 -1.0454 1.8161 2.8782 -1.2633 3.1147 3.3738 -0.59563 0.23562 3.6743 0.91215 1.7056 3.1121 1.3502 3.0791 3.2614 0.66551 0.0074034 -0.0042858 -0.78957 0.51441 -2.0432 -0.78819 -0.053377 -3.7531 -0.85875 -0.0074024 0.0042858 0.78957 0.45658 -2.0394 0.93946 -0.15364 -3.7263 1.1207
0 103 348 0.30541 4.835 -0.020125 0.28532 3.5743 -0.0061977 0.53318 3.5038 -0.95539 2.0391 2.8782 -0.85806 3.1705 3.3738 0.064973 0.040823 3.6743 0.94121 1.3876 3.1121 1.6753 2.8734 3.2614 1.2911 0.1714 -0.0042858 -0.77078 0.66704 -2.0432 -0.66401 0.12633 -3.7531 -0.85108 -0.1714 0.0042858 0.77078 0.25127 -2.0394 1.0139 -0.38328 -3.7263 1.0642
0 104 0 0.34248 4.8306 -0.093002 0.31695 3.571 -0.074874 0.36586 3.4996 -1.0546 1.7178 2.5927 -1.1906 3.1053 2.8882 -0.58631 0.27149 3.6718 0.90243 1.6386 2.8812 1.3203 3.046 2.8474 0.69123 0.013403 -0.0063686 -0.78948 0.52376 -2.0445 -0.78902 -0.054596 -3.7506 -0.86423 -0.013403 0.0063686 0.78948 0.4485 -2.0379 0.93758 -0.15709 -3.727 1.1143
0 104 348 0.35433 4.8306 -0.019764 0.32559 3.571 -0.0073404 0.57713 3.4996 -0.9555 1.9278 2.5927 -0.80743 3.1593 2.8882 0.072126 0.077931 3.6718 0.93916 1.3283 2.8812 1.6321 2.8358 2.8474 1.3094 0.17725 -0.0063686 -0.76944 0.67636 -2.0445 -0.66288 0.12628 -3.7506 -0.8567 -0.17725 0.0063686 0.76944 0.24377 -2.0379 1.0103 -0.38533 -3.727 1.0573
0 105 0 0.36849 4.8283 -0.10435 0.3352 3.569 -0.086352 0.38407 3.4944 -1.0658 1.5681 2.3731 -1.1622 3.0055 2.4471 -0.60891 0.28996 3.6731 0.89063 1.5201 2.6799 1.3017 2.9428 2.4757 0.74327 0.017736 -0.0089393 -0.78937 0.52314 -2.0483 -0.78774 -0.0653 -3.7506 -0.87079 -0.017736 0.0089388 0.78937 0.4376 -2.0371 0.93339 -0.16938 -3.726 1.1069
0 105 348 0.38214 4.8283 -0.025454 0.34583 3.569 -0.014772 0.59728 3.4944 -0.9627 1.7755 2.3731 -0.81075 3.0664 2.4471 0.029274 0.098448 3.6731 0.93145 1.2162 2.6799 1.5893 2.724 2.4757 1.3389 0.18147 -0.0089393 -0.76843 0.67549 -2.0483 -0.66176 0.11717 -3.7506 -0.86534 -0.18147 0.0089388 0.76843 0.23397 -2.0371 1.004 -0.39582 -3.726 1.0475
0 106 0 0.38219 4.8273 -0.11884 0.343 3.5681 -0.0989 0.38909 3.4909 -1.0783 1.392 2.204 -1.1605 2.8463 2.0464 -0.67303 0.30062 3.6748 0.87793 1.3705 2.515 1.3008 2.7934 2.151 0.83116 0.021725 -0.012396 -0.78922 0.52304 -2.0527 -0.78525 -0.080103 -3.7495 -0.87592 -0.021725 0.012396 0.78922 0.42037 -2.0367 0.9314 -0.18536 -3.7266 1.099
0 106 348 0.39855 4.8273 -0.036777 0.35607 3.5681 -0.025425 0.60479 3.4909 -0.97387 1.6028 2.204 -0.84569 2.9241 2.0464 -0.066534 0.11152 3.6748 0.92124 1.0701 2.515 1.5573 2.5596 2.151 1.3938 0.18534 -0.012396 -0.76746 0.67487 -2.0527 -0.65935 0.10376 -3.7495 -0.87343 -0.18534 0.012396 0.76746 0.21754 -2.0367 0.99845 -0.4098 -3.7266 1.0364
1 5 168 1.7675 4.4907 0.2958 1.4269 3.2782 0.18176 1.5856 3.2754 -0.78889 1.2168 1.9965 -1.7361 1.6145 1.3785 -3.0916 1.2769 3.3095 1.1533 0.63441 2.0981 2.0413 0.68932 1.5668 3.4878 0.097919 -0.0083079 -0.78348 1.435 -1.5763 -0.37374 0.43851 -3.0438 -0.6972 -0.097919 0.0083082 0.78348 1.142 -1.6618 1.0796 -0.086374 -2.9707 0.91014
1 6 168 1.5252 4.5801 0.24684 1.2342 3.353 0.15077 1.403 3.3443 -0.81814 1.0634 2.2507 -1.9832 1.4107 1.9673 -3.4586 1.0719 3.3908 1.1201 0.38214 2.3478 2.1713 0.38257 2.1426 3.6995 0.10211 -0.011558 -0.7829 1.2476 -1.7524 -0.51536 0.36309 -3.3029 -0.76953 -0.10211 0.011558 0.7829 0.93549 -1.7858 1.1104 -0.14628 -3.2153 0.91803
1 7 168 1.3273 4.6386 0.19333 1.0728 3.4036 0.11247 1.2565 3.3878 -0.85363 0.92592 2.47 -2.1641 1.2254 2.485 -3.6766 0.89366 3.4489 1.0785 0.16323 2.5505 2.231 0.12982 2.6083 3.7715 0.10456 -0.015726 -0.78251 1.014 -1.908 -0.70071 0.31421 -3.5561 -0.91225 -0.10456 0.015726 0.78251 0.71537 -1.8787 1.1739 -0.16234 -3.4456 1.0146
1 8 168 1.19 4.672 0.14479 0.96947 3.4308 0.074425 1.1556 3.4113 -0.89116 0.83752 2.6735 -2.3135 1.0775 2.935 -3.8141 0.78681 3.48 1.0396 0.012678 2.7236 2.2633 -0.069837 2.9853 3.7807 0.099482 -0.018736 -0.7831 0.85123 -1.9796 -0.84672 0.37148 -3.6938 -1.1338 -0.099482 0.018736 0.7831 0.54653 -1.9325 1.2188 -0.21038 -3.5689 1.2155
1 30 168 0.97675 4.7276 0.2968 0.82085 3.4778 0.18142 0.98065 3.5006 -0.78879 0.97509 3.0126 -2.3478 1.3825 3.47 -3.7629 0.66491 3.4845 1.1525 0.13968 2.6909 2.4803 0.37509 2.9379 3.9841 0.071181 0.018315 -0.78619 0.75127 -1.9221 -1.2179 0.16022 -3.5071 -1.842 -0.071181 -0.018315 0.78619 0.26694 -1.9892 1.4307 -0.67225 -3.4572 1.8932
1 33 168 1.3176 4.633 0.4185 1.0955 3.3957 0.28218 1.2542 3.4379 -0.68757 1.0326 2.2415 -1.7777 1.6523 1.6371 -3.0537 0.94359 3.3824 1.2538 0.36675 2.0927 2.074 0.6875 1.2928 3.3527 0.071964 0.039126 -0.78536 0.76659 -1.9433 -0.82739 0.13451 -3.6239 -0.992 -0.071964 -0.039126 0.78536 0.59756 -2.0099 1.072 -0.37135 -3.5296 1.1228
1 34 168 1.4274 4.6012 0.42988 1.1749 3.3731 0.27079 1.3531 3.4174 -0.69547 1.0473 2.0687 -1.5651 1.6339 1.1538 -2.659 1.0045 3.3574 1.2393 0.43811 1.9589 1.8655 0.73848 0.909 2.9541 0.071594 0.033298 -0.78566 0.78434 -1.9403 -0.68021 0.081569 -3.6002 -0.72114 -0.071594 -0.033298 0.78566 0.7102 -1.977 0.94435 -0.28204 -3.4762 0.80796
1 35 168 1.531 4.5705 0.42271 1.2434 3.3519 0.25563 1.4283 3.3891 -0.70967 1.0603 1.9356 -1.3583 1.5763 0.78342 -2.2436 1.0673 3.343 1.2232 0.5182 1.8665 1.6557 0.78938 0.64539 2.5574 0.074199 0.027174 -0.78566 0.79244 -1.9344 -0.56074 0.0096217 -3.5584 -0.58936 -0.074199 -0.027174 0.78566 0.79828 -1.9383 0.81182 -0.20251 -3.4266 0.62674
1 36 168 1.6498 4.5314 0.39627 1.3331 3.3206 0.22765 1.5274 3.3474 -0.73613 1.0926 1.834 -1.1713 1.5282 0.52035 -1.8512 1.1481 3.322 1.1937 0.60896 1.8015 1.4505 0.86181 0.46958 2.1852 0.074613 0.017815 -0.78588 0.87456 -1.8985 -0.46646 0.0067258 -3.4775 -0.53488 -0.074613 -0.017815 0.78588 0.88113 -1.8877 0.72075 -0.1808 -3.3344 0.54682
1 37 156 1.706 4.4572 0.75369 1.4177 3.2501 0.52492 1.8036 3.2643 -0.37964 1.3598 1.7338 -0.73907 1.812 0.31916 -1.154 1.041 3.2639 1.4334 0.46422 1.7355 1.4233 0.59061 0.33807 2.0627 0.22879 0.016521 -0.75557 1.1388 -1.7894 -0.18572 0.1921 -3.3001 -0.45515 -0.22879 -0.016521 0.75557 0.84471 -1.8141 0.93052 -0.25986 -3.1686 0.48752
1 37 168 1.8254 4.4572 0.38253 1.4958 3.2501 0.21869 1.6853 3.2643 -0.74634 1.1764 1.7338 -1.0056 1.5324 0.31916 -1.5055 1.3163 3.2639 1.1856 0.74999 1.7355 1.2956 1.0066 0.33807 1.8949 0.0667 0.016521 -0.78662 1.0753 -1.7894 -0.41844 0.093268 -3.3001 -0.48514 -0.0667 -0.016521 0.78662 1.0197 -1.8141 0.73456 -0.15282 -3.1686 0.5309
1 41 156 1.4944 4.5587 0.64775 1.2096 3.3431 0.45998 1.5707 3.3417 -0.45487 1.273 1.8073 -0.93 1.9075 0.54229 -1.5422 0.8575 3.3727 1.3779 0.365 1.8336 1.6177 0.70864 0.66073 2.5578 0.2545 0.0053382 -0.74746 1.2831 -1.7296 -0.15915 0.22415 -3.1626 -0.43511 -0.2545 -0.0053382 0.74746 0.84781 -1.7536 1.1255 -0.23157 -3.0709 0.53339
1 41 168 1.5964 4.5587 0.32289 1.2788 3.3431 0.19844 1.4418 3.3417 -0.7715 1.0518 1.8073 -1.1743 1.5452 0.54229 -1.9051 1.1252 3.3727 1.1695 0.69336 1.8336 1.5065 1.225 0.66073 2.3546 0.093528 0.0053382 -0.78404 1.222 -1.7296 -0.42245 0.12879 -3.1626 -0.4722 -0.093528 -0.0053382 0.78404 1.0633 -1.7536 0.92459 -0.11561 -3.0709 0.56988
1 42 168 1.3636 4.6387 0.29439 1.0912 3.4091 0.18408 1.2641 3.4105 -0.78414 0.93421 1.916 -1.3554 1.4857 0.83295 -2.3044 0.92599 3.4366 1.1533 0.53732 1.9334 1.6615 1.0947 0.96304 2.7223 0.10126 0.0043054 -0.78309 1.0046 -1.8747 -0.52302 0.06878 -3.4147 -0.58242 -0.10126 -0.0043058 0.78309 0.84511 -1.8702 0.97601 -0.16599 -3.3251 0.64167
2 103 348 2.0631 4.3601 0.50438 1.57 3.212 0.33925 1.7628 3.1948 -0.62506 0.96287 1.9064 -1.2323 0.85262 0.5151 -1.888 1.3914 3.2552 1.3055 0.47858 1.9188 1.5277 0.16024 0.43623 1.8077 0.14486 0.013962 -0.77609 1.2173 -1.7748 -0.52209 0.51464 -3.4135 -0.78961 -0.14486 -0.013961 0.77609 0.83974 -1.8543 1.0169 -0.10182 -3.3844 0.86469
2 104 0 1.9786 4.4273 0.083774 1.5016 3.2615 0.024393 1.4896 3.2481 -0.95899 0.52207 2.0069 -1.3975 0.20669 0.65314 -2.0649 1.527 3.3015 1.0068 0.62589 1.9978 1.4033 0.34292 0.51517 1.7185 -0.014015 0.015883 -0.78933 0.98764 -1.831 -0.776 0.26875 -3.4807 -0.88751 0.014015 -0.015883 0.78933 0.93391 -1.9046 0.81999 0.013876 -3.4545 0.86596
2 104 348 1.918 4.4273 0.49332 1.4638 3.2615 0.33607 1.6564 3.2481 -0.62833 0.80121 2.0069 -1.2584 0.63148 0.65314 -1.9768 1.2843 3.3015 1.3023 0.32044 1.9978 1.5028 -0.021876 0.51517 1.7523 0.1504 0.015883 -0.775 1.1274 -1.831 -0.55371 0.4474 -3.4807 -0.81224 -0.1504 -0.015883 0.775 0.74302 -1.9046 0.99625 -0.16647 -3.4545 0.84992
2 105 348 1.7755 4.4883 0.47103 1.3621 3.3055 0.32467 1.5537 3.2936 -0.63996 0.67435 2.0766 -1.2838 0.48498 0.75382 -2.0532 1.1826 3.3446 1.2909 0.21315 2.0431 1.4778 -0.12992 0.55857 1.7146 0.15353 0.016369 -0.77438 1.0443 -1.877 -0.5845 0.38832 -3.5369 -0.84003 -0.15353 -0.016369 0.77438 0.65088 -1.9474 0.9704 -0.22526 -3.5176 0.83733
2 106 348 1.6443 4.5401 0.44197 1.2705 3.3423 0.30538 1.4567 3.3338 -0.66034 0.58044 2.1186 -1.3117 0.4149 0.81308 -2.1154 1.0953 3.3785 1.2725 0.15739 2.0535 1.4556 -0.15766 0.56314 1.6946 0.15199 0.014305 -0.77472 0.97221 -1.9131 -0.61182 0.33722 -3.5815 -0.86541 -0.15199 -0.014305 0.77472 0.56159 -1.9831 0.94504 -0.28345 -3.5712 0.82333
4 3 348 1.2847 4.6605 -0.10886 0.90965 3.4583 0.02592 1.0433 3.306 -0.93653 0.93227 1.7051 -1.2422 2.3618 1.1939 -0.97239 0.78485 3.6388 0.98467 0.0034914 2.285 1.4594 0.5991 0.9804 2.0259 0.069855 0.023639 -0.78617 0.39056 -2.0382 -0.54073 -0.40767 -3.6539 -0.48425 -0.069855 -0.023639 0.78617 0.99054 -1.8374 0.77435 -0.025867 -3.3146 0.58541
4 4 348 1.3266 4.6506 -0.08402 0.9466 3.449 0.040345 1.0854 3.3011 -0.92206 0.98053 1.7009 -1.2339 2.429 1.2903 -0.90059 0.81716 3.6249 0.99932 -0.021949 2.3024 1.4634 0.63321 1.0192 2.0129 0.066947 0.025833 -0.78635 0.23983 -2.0559 -0.56102 -0.60097 -3.6498 -0.50344 -0.066947 -0.025833 0.78635 1.0823 -1.7845 0.76269 0.30971 -3.4009 0.55978
4 5 336 1.3323 4.6449 0.24743 0.9402 3.4413 0.27276 1.2887 3.3043 -0.63671 1.2499 1.7071 -0.97784 2.5919 1.3926 -0.2866 0.60177 3.6063 1.1814 -0.3679 2.3155 1.4313 0.24556 1.0787 2.1181 0.22907 0.031029 -0.75503 0.18871 -2.0601 -0.55565 -0.67728 -3.637 -0.67532 -0.22907 -0.031029 0.75503 0.96679 -1.7434 0.9833 0.51028 -3.4536 0.64042
4 5 348 1.3546 4.6449 -0.034968 0.97636 3.4413 0.071321 1.1282 3.3043 -0.89073 1.0193 1.7071 -1.2163 2.4757 1.3926 -0.81922 0.83425 3.6063 1.0305 -0.062268 2.3155 1.4766 0.68057 1.0787 2.0208 0.067083 0.031029 -0.78615 0.069059 -2.0601 -0.58274 -0.80289 -3.637 -0.51975 -0.067083 -0.031029 0.78615 1.1501 -1.7434 0.76081 0.63228 -3.4536 0.52033
4 6 336 1.339 4.6411 0.30955 0.94845 3.437 0.31147 1.3076 3.3141 -0.59588 1.262 1.7227 -0.96204 2.5873 1.4867 -0.20997 0.59963 3.5878 1.2186 -0.40543 2.3165 1.4246 0.32249 1.1662 2.149 0.23397 0.036264 -0.75329 0.020774 -2.0496 -0.61915 -0.87857 -3.6075 -0.74238 -0.23397 -0.036264 0.75329 0.99371 -1.725 0.98833 0.7781 -3.4805 0.63788
4 6 348 1.3741 4.6411 0.024388 0.99248 3.437 0.10747 1.1551 3.3141 -0.85473 1.0344 1.7227 -1.2034 2.4871 1.4867 -0.74331 0.83989 3.5878 1.0673 -0.10038 2.3165 1.4778 0.76224 1.1662 2.035 0.072236 0.036264 -0.78547 -0.10841 -2.0496 -0.60994 -1.0137 -3.6075 -0.5435 -0.072236 -0.036264 0.78547 1.1775 -1.725 0.76013 0.89372 -3.4805 0.46216
4 7 336 1.3471 4.6339 0.3911 0.95109 3.4318 0.36519 1.3222 3.3261 -0.53948 1.2635 1.7435 -0.94018 2.5623 1.5554 -0.13076 0.59036 3.5654 1.2704 -0.41568 2.2895 1.4395 0.44923 1.2532 2.1849 0.23877 0.045022 -0.7513 -0.1544 -2.0179 -0.68808 -1.0801 -3.5599 -0.8157 -0.23877 -0.045023 0.7513 1.0073 -1.7206 0.98422 0.98017 -3.4861 0.61925
4 7 348 1.399 4.6339 0.10248 1.0062 3.4318 0.15947 1.1812 3.3261 -0.8026 1.0404 1.7435 -1.1823 2.4792 1.5554 -0.66064 0.84159 3.5654 1.1199 -0.10731 2.2895 1.4944 0.89369 1.2532 2.0438 0.077352 0.045022 -0.78453 -0.29408 -2.0179 -0.64094 -1.2261 -3.5599 -0.57331 -0.077352 -0.045023 0.78453 1.1899 -1.7206 0.75329 1.0875 -3.4861 0.40193
4 8 336 1.3394 4.6288 0.4892 0.94437 3.4275 0.42788 1.3279 3.3437 -0.47392 1.2465 1.7732 -0.91614 2.5151 1.599 -0.057126 0.57118 3.5393 1.331 -0.40732 2.2383 1.4682 0.60212 1.3374 2.2078 0.24438 0.055223 -0.74882 -0.31386 -1.9703 -0.75264 -1.2744 -3.4894 -0.89573 -0.24438 -0.055223 0.74882 1.0155 -1.722 0.97015 1.084 -3.4811 0.58087
4 8 348 1.4119 4.6288 0.20002 1.0127 3.4275 0.22218 1.2004 3.3437 -0.73965 1.0288 1.7732 -1.1553 2.4483 1.599 -0.57879 0.83543 3.5393 1.1831 -0.093174 2.2383 1.5208 1.048 1.3374 2.0344 0.083349 0.055223 -0.78326 -0.46348 -1.9703 -0.67094 -1.4328 -3.4894 -0.61119 -0.083349 -0.055223 0.78326 1.195 -1.722 0.73782 1.1811 -3.4811 0.34281
4 9 336 1.3059 4.6287 0.59152 0.91846 3.4272 0.49252 1.3151 3.3721 -0.40583 1.1957 1.8199 -0.90103 2.4313 1.6178 -0.00089459 0.53177 3.5102 1.393 -0.39488 2.1693 1.5031 0.74536 1.4129 2.2139 0.25226 0.065832 -0.74534 -0.46654 -1.9071 -0.8177 -1.4635 -3.4001 -0.98418 -0.25226 -0.065833 0.74534 1.0155 -1.7288 0.94902 1.0625 -3.4758 0.5055
4 10 336 1.273 4.6237 0.70472 0.90265 3.421 0.56557 1.3044 3.3976 -0.33188 1.141 1.8665 -0.87747 2.3482 1.5861 0.039932 0.51051 3.4723 1.4661 -0.34257 2.0814 1.5461 0.90762 1.4716 2.2114 0.2589 0.077785 -0.7419 -0.57161 -1.8473 -0.87788 -1.6263 -3.2949 -1.0858 -0.25891 -0.077785 0.7419 1.0238 -1.7293 0.94489 0.91978 -3.4528 0.42547
4 11 336 1.275 4.6073 0.81401 0.91982 3.4055 0.63317 1.327 3.4158 -0.26208 1.1212 1.9123 -0.86683 2.2931 1.4899 0.041907 0.52199 3.4233 1.5325 -0.24314 1.9807 1.5791 1.095 1.5204 2.1916 0.26817 0.081275 -0.73822 -0.53345 -1.8531 -0.91097 -1.7241 -3.1763 -1.1982 -0.26817 -0.081275 0.73823 1.0445 -1.7072 0.95639 0.73466 -3.3805 0.36072
4 12 336 1.2551 4.6043 0.88196 0.91365 3.4052 0.66224 1.3293 3.4459 -0.22825 1.089 1.9719 -0.89032 2.2136 1.3617 -0.029813 0.50711 3.3924 1.5577 -0.14924 1.8967 1.5893 1.257 1.5982 2.1471 0.27493 0.077103 -0.73619 -0.34972 -1.9201 -0.92438 -1.7157 -3.0354 -1.2998 -0.27493 -0.077103 0.73619 1.0361 -1.7059 0.94208 0.54143 -3.3089 0.28132
4 13 336 1.2887 4.5953 0.88208 0.95387 3.3996 0.63617 1.3714 3.4613 -0.25222 1.1133 2.0079 -0.95208 2.1827 1.2014 -0.18814 0.5454 3.3657 1.5302 0.03146 1.8161 1.5865 1.4846 1.7044 2.09 0.26492 0.061033 -0.74134 -0.019212 -2.0154 -0.88985 -1.5465 -2.8518 -1.3575 -0.26492 -0.061033 0.74134 0.98959 -1.7396 0.89297 0.32602 -3.2588 0.18412
4 14 336 1.3513 4.575 0.88278 1.0141 3.3828 0.62409 1.4305 3.4493 -0.26446 1.1395 2.0256 -1.011 2.1615 1.0561 -0.384 0.60682 3.344 1.5185 0.25756 1.7525 1.6354 1.734 1.8346 2.0723 0.27319 0.047471 -0.73933 0.37429 -2.0497 -0.81742 -1.2377 -2.6402 -1.3685 -0.27319 -0.047471 0.73933 0.8979 -1.788 0.85496 0.11881 -3.2206 0.085885
4 15 336 1.3704 4.5684 0.88874 1.0313 3.3764 0.63235 1.4553 3.4311 -0.25347 1.0835 2.0735 -1.0827 2.0811 1.0067 -0.58825 0.6168 3.3495 1.5239 0.41986 1.7391 1.7148 1.8981 2 2.0673 0.30389 0.040467 -0.72767 0.79324 -2.0021 -0.67535 -0.80405 -2.5287 -1.3252 -0.30389 -0.040467 0.72767 0.76037 -1.8498 0.81748 -0.10233 -3.1987 -0.011458
4 16 336 1.4051 4.5568 0.89146 1.0515 3.3645 0.65653 1.4751 3.4039 -0.23026 1.0012 2.1455 -1.158 1.9977 1.0413 -0.75133 0.6376 3.3527 1.5487 0.54842 1.7419 1.8059 2.0087 2.1578 2.075 0.33414 0.035894 -0.71453 1.1702 -1.8771 -0.4783 -0.31039 -2.5675 -1.2413 -0.33414 -0.035894 0.71453 0.58165 -1.9266 0.74154 -0.34929 -3.2028 -0.12776
4 16 348 1.5597 4.5568 0.57984 1.165 3.3645 0.42356 1.395 3.4039 -0.53192 0.73856 2.1455 -1.3408 1.7978 1.0413 -1.1503 0.94565 3.3527 1.3823 0.91191 1.7419 1.6524 2.3962 2.1578 1.612 0.17828 0.035894 -0.76839 1.0452 -1.8771 -0.71115 -0.56169 -2.5675 -1.1496 -0.17828 -0.035894 0.76839 0.72311 -1.9266 0.60441 -0.36822 -3.2028 -0.052343
4 17 336 1.4097 4.5489 0.9156 1.0383 3.3575 0.70261 1.4522 3.3859 -0.18919 0.887 2.2284 -1.1939 1.8963 1.11 -0.86522 0.63435 3.3568 1.5994 0.59564 1.7527 1.9061 2.0305 2.2795 2.1092 0.36583 0.039956 -0.69862 1.4235 -1.7234 -0.26725 0.19479 -2.7447 -1.1028 -0.36583 -0.039955 0.69862 0.35531 -2.0126 0.64553 -0.6182 -3.2337 -0.2557
4 17 348 1.5692 4.5489 0.6025 1.1617 3.3575 0.47138 1.3811 3.3859 -0.48697 0.61939 2.2284 -1.3522 1.675 1.11 -1.2406 0.95301 3.3568 1.4325 0.97894 1.7527 1.7406 2.4247 2.2795 1.641 0.21259 0.039956 -0.75941 1.3368 -1.7234 -0.55738 -0.03875 -2.7447 -1.1192 -0.21259 -0.039955 0.75941 0.48175 -2.0126 0.55755 -0.65785 -3.2337 -0.12158
4 18 348 1.5264 4.5588 0.62695 1.1136 3.3666 0.51881 1.3225 3.3917 -0.44196 0.48351 2.3066 -1.3293 1.542 1.1857 -1.3018 0.91513 3.3693 1.4821 0.94272 1.7701 1.8147 2.3696 2.3381 1.6769 0.2447 0.046396 -0.74931 1.4495 -1.6456 -0.43329 0.48672 -3.0406 -1.0481 -0.2447 -0.046396 0.74931 0.20404 -2.0856 0.51567 -0.95666 -3.2763 -0.18136
4 19 0 1.5732 4.5705 0.34004 1.1486 3.3772 0.33481 1.1467 3.4003 -0.64846 0.10152 2.3439 -1.3269 1.1364 1.2351 -1.6048 1.161 3.3819 1.3183 1.2094 1.7842 1.6553 2.5888 2.3108 1.2109 0.11507 0.054227 -0.77931 1.3224 -1.6607 -0.65414 0.82302 -3.33 -1.1181 -0.11507 -0.054227 0.77931 0.010995 -2.1302 0.48165 -1.2868 -3.2954 0.024712
4 19 348 1.4681 4.5705 0.65969 1.0539 3.3772 0.56631 1.2565 3.4003 -0.39588 0.37519 2.3439 -1.2768 1.4452 1.2351 -1.3334 0.86157 3.3819 1.5308 0.83879 1.7842 1.8706 2.2805 2.3108 1.7226 0.27458 0.054227 -0.73835 1.4295 -1.6607 -0.36491 1.0375 -3.33 -0.92257 -0.27458 -0.054227 0.73835 -0.089386 -2.1302 0.47341 -1.2639 -3.2954 -0.24338
4 20 0 1.4997 4.5894 0.37554 1.0771 3.3953 0.37909 1.0777 3.4148 -0.60426 0.035029 2.3437 -1.2633 1.0678 1.2551 -1.6181 1.0865 3.4039 1.3626 1.0487 1.8072 1.7058 2.4691 2.2349 1.2848 0.15128 0.057014 -0.77289 1.2335 -1.738 -0.62824 1.3398 -3.4865 -1.0556 -0.15128 -0.057014 0.77289 -0.28356 -2.1341 0.48548 -1.5906 -3.2796 0.0055041
4 20 348 1.3889 4.5894 0.67914 0.97478 3.3953 0.59475 1.1798 3.4148 -0.36699 0.29691 2.3437 -1.2284 1.3809 1.2551 -1.3608 0.77946 3.4039 1.5587 0.67114 1.8072 1.8865 2.148 2.2349 1.7701 0.30867 0.057014 -0.72455 1.3372 -1.738 -0.35806 1.53 -3.4865 -0.75399 -0.30867 -0.057014 0.72455 -0.3783 -2.1341 0.41591 -1.557 -3.2796 -0.32532
4 21 0 1.4065 4.615 0.39312 0.9905 3.4188 0.40519 1.0138 3.4296 -0.57802 0.013465 2.3163 -1.2327 1.0489 1.2454 -1.6312 0.97672 3.4361 1.3885 0.82705 1.8471 1.7366 2.295 2.1387 1.3655 0.19036 0.056341 -0.76426 1.1998 -1.7827 -0.64922 1.6477 -3.4994 -0.97031 -0.19036 -0.05634 0.76426 -0.48702 -2.1131 0.4546 -1.8535 -3.1828 -0.034565
4 22 0 1.3151 4.6353 0.42583 0.90794 3.4362 0.44264 0.97849 3.4376 -0.53837 0.054489 2.2776 -1.2234 1.1109 1.223 -1.61 0.84669 3.4631 1.4239 0.59576 1.8879 1.7767 2.1029 2.0299 1.4835 0.22989 0.059127 -0.75309 1.249 -1.7734 -0.62072 1.6358 -3.4962 -0.98564 -0.22989 -0.059127 0.75309 -0.51144 -2.1173 0.43882 -2.011 -2.9832 -0.063535
4 22 12 1.3749 4.6353 0.14311 0.98013 3.4362 0.2442 0.84517 3.4376 -0.73004 -0.20107 2.2776 -1.208 0.7519 1.223 -1.8058 1.1242 3.4631 1.2168 0.95214 1.8879 1.614 2.3654 2.0299 1.0139 0.068291 0.059127 -0.78443 1.0926 -1.7734 -0.86683 1.3951 -3.4962 -1.3042 -0.068291 -0.059127 0.78444 -0.40903 -2.1173 0.53557 -1.9803 -2.9832 0.35597
4 23 12 1.3052 4.6439 0.27049 0.92012 3.4406 0.35526 0.86048 3.4349 -0.62646 -0.089078 2.2375 -1.2037 0.93152 1.2054 -1.7241 0.98875 3.4746 1.3358 0.71506 1.9165 1.7434 2.1784 1.8992 1.2576 0.11709 0.07797 -0.77699 1.207 -1.7182 -0.77556 1.2227 -3.4483 -1.283 -0.11709 -0.07797 0.77699 -0.28514 -2.1586 0.53785 -1.9844 -2.7368 0.36714
4 24 12 1.3066 4.6193 0.4613 0.91167 3.4173 0.5156 0.94028 3.4056 -0.46746 0.14629 2.1634 -1.1712 1.2589 1.1673 -1.5555 0.89232 3.4573 1.4981 0.46816 1.9246 1.872 1.9662 1.7164 1.5716 0.15081 0.11788 -0.76607 1.3334 -1.6149 -0.65101 1.0574 -3.3096 -1.2012 -0.15081 -0.11788 0.76607 -0.019 -2.2043 0.55722 -1.787 -2.512 0.38329
4 25 12 1.3304 4.6034 0.56881 0.9112 3.4086 0.59158 1.0153 3.3902 -0.38627 0.43846 2.0951 -1.1979 1.6451 1.1559 -1.397 0.81735 3.455 1.5695 0.17631 1.9806 1.8595 1.6614 1.5673 1.8225 0.17022 0.12762 -0.76042 1.3654 -1.5895 -0.56713 0.86454 -3.2179 -1.1573 -0.17023 -0.12762 0.76042 0.28148 -2.1748 0.62194 -1.4897 -2.3417 0.32894
4 25 24 1.4196 4.6034 0.27978 1.0143 3.4086 0.38921 0.91275 3.3902 -0.58891 0.17981 2.0951 -1.2629 1.3187 1.1559 -1.7085 1.1258 3.455 1.3653 0.55906 1.9806 1.7822 2.004 1.5673 1.4373 0.0084054 0.12762 -0.77919 1.2177 -1.5895 -0.83863 0.60502 -3.2179 -1.3118 -0.0084056 -0.12762 0.77919 0.40464 -2.1748 0.54983 -1.3888 -2.3417 0.63148
4 26 24 1.4258 4.5918 0.43424 0.99857 3.4013 0.49402 1.0054 3.3882 -0.48942 0.46327 2.0432 -1.2416 1.758 1.2386 -1.474 1.0024 3.4421 1.4767 0.22559 2.0479 1.8253 1.6701 1.5138 1.7489 0.056084 0.13716 -0.77559 1.1902 -1.6314 -0.76286 0.39786 -3.1791 -1.2403 -0.056084 -0.13716 0.77559 0.73557 -2.0767 0.61473 -1.0485 -2.2966 0.47526
4 27 24 1.4246 4.5783 0.60568 0.99982 3.3855 0.59329 1.149 3.374 -0.37881 0.78447 2.0004 -1.1844 2.205 1.4021 -1.1403 0.86134 3.4249 1.5662 -0.062999 2.1044 1.832 1.36 1.5293 1.9807 0.11633 0.13895 -0.76854 1.069 -1.7331 -0.72452 0.15189 -3.2084 -1.2076 -0.11633 -0.13895 0.76854 1.0088 -1.9126 0.71881 -0.68005 -2.3907 0.30634
4 27 36 1.5194 4.5783 0.29626 1.1013 3.3855 0.37245 1.0451 3.374 -0.60942 0.52107 2.0004 -1.3216 1.9197 1.4021 -1.5738 1.1682 3.4249 1.3529 0.31928 2.1044 1.8051 1.742 1.5293 1.6546 -0.046 0.13895 -0.77594 0.89505 -1.7331 -0.93095 -0.10252 -3.2084 -1.2128 0.046 -0.13895 0.77594 1.1362 -1.9126 0.49336 -0.6015 -2.3907 0.44103
4 28 24 1.3534 4.5743 0.78977 0.95154 3.3761 0.71173 1.2311 3.3722 -0.23126 1.0288 1.9896 -1.0776 2.4813 1.5785 -0.76273 0.68219 3.408 1.6571 -0.33731 2.1413 1.8151 1.0416 1.5424 2.1581 0.18182 0.14496 -0.75461 0.81925 -1.8569 -0.72768 -0.13949 -3.2956 -1.2394 -0.18182 -0.14496 0.75461 1.1478 -1.7696 0.83798 -0.29954 -2.6178 0.17712
4 28 36 1.4881 4.5743 0.49111 1.0787 3.3761 0.49834 1.1561 3.3722 -0.48216 0.78233 1.9896 -1.2679 2.2685 1.5785 -1.262 1.0118 3.408 1.4791 0.047443 2.1413 1.8456 1.4675 1.5424 1.8944 0.020952 0.14496 -0.77592 0.65005 -1.8569 -0.88211 -0.39413 -3.2956 -1.1833 -0.020952 -0.14496 0.77592 1.2969 -1.7696 0.58102 -0.25617 -2.6178 0.23553
4 29 36 1.3761 4.5882 0.68331 0.98955 3.384 0.62029 1.1822 3.3915 -0.34417 0.92939 2.0051 -1.1705 2.4265 1.7031 -0.95825 0.80681 3.4046 1.5865 -0.23594 2.1723 1.8373 1.157 1.554 2.0719 0.094461 0.14872 -0.76971 0.34238 -1.9331 -0.90701 -0.72062 -3.3549 -1.2222 -0.094461 -0.14872 0.76971 1.3052 -1.712 0.6624 0.098699 -2.9192 0.081163
4 30 36 1.2778 4.5947 0.83351 0.91415 3.3877 0.71191 1.1975 3.4142 -0.22957 1.032 2.0195 -1.0639 2.5112 1.7515 -0.72072 0.63988 3.3893 1.6564 -0.45051 2.1792 1.7809 0.89432 1.5349 2.1732 0.14884 0.14965 -0.76089 0.051422 -1.9362 -0.99313 -1.0213 -3.3514 -1.3053 -0.14884 -0.14965 0.76089 1.2396 -1.7258 0.71395 0.49783 -3.2007 -0.010797
4 31 36 1.1558 4.609 0.94804 0.82408 3.401 0.76084 1.2086 3.4608 -0.14246 1.1349 2.0527 -0.96736 2.5852 1.7707 -0.52607 0.44737 3.3696 1.6688 -0.67737 2.1849 1.6854 0.61441 1.5188 2.2005 0.19293 0.14444 -0.75194 -0.19227 -1.8958 -1.0737 -1.2575 -3.3058 -1.4315 -0.19293 -0.14444 0.75194 1.1268 -1.7791 0.73366 0.88112 -3.3962 -0.025006
4 31 48 1.3277 4.609 0.68701 0.96426 3.401 0.57288 1.1525 3.4608 -0.39062 0.90895 2.0527 -1.1822 2.4193 1.7707 -1.0521 0.78456 3.3696 1.5394 -0.31215 2.1849 1.7894 1.0585 1.5188 2.0247 0.032378 0.14444 -0.77562 -0.41129 -1.8958 -1.0102 -1.5276 -3.3058 -1.1388 -0.032378 -0.14444 0.77562 1.2548 -1.7791 0.48334 0.85666 -3.3962 -0.20765
4 32 36 1.0277 4.6238 1.0297 0.73696 3.4105 0.81194 1.1474 3.5071 -0.076643 1.152 2.0878 -0.88556 2.575 1.7713 -0.38319 0.33338 3.3424 1.7063 -0.79609 2.1668 1.6007 0.44547 1.5036 2.2303 0.23174 0.13964 -0.74182 -0.28988 -1.8567 -1.1379 -1.4024 -3.2034 -1.5845 -0.23174 -0.13964 0.74182 1.0084 -1.835 0.69438 1.0667 -3.4823 -0.036303
4 32 48 1.2193 4.6238 0.79357 0.88967 3.4105 0.64097 1.1064 3.5071 -0.31352 0.94266 2.0878 -1.1057 2.4391 1.7713 -0.91019 0.68085 3.3424 1.5997 -0.44588 2.1668 1.7313 0.89944 1.5036 2.089 0.072441 0.13964 -0.77379 -0.52012 -1.8567 -1.0527 -1.7012 -3.2034 -1.2583 -0.072441 -0.13964 0.77379 1.1307 -1.835 0.46955 1.0358 -3.4823 -0.25728
4 33 48 1.1067 4.6343 0.90125 0.80198 3.4193 0.71528 1.0386 3.5432 -0.23132 0.93126 2.1215 -1.0289 2.4101 1.7661 -0.77505 0.57286 3.3239 1.667 -0.52858 2.1175 1.6783 0.80551 1.4863 2.125 0.099491 0.14592 -0.76961 -0.446 -1.8535 -1.1146 -1.7891 -3.025 -1.3881 -0.099491 -0.14593 0.76961 1.041 -1.8898 0.50019 0.97129 -3.5061 -0.2958
4 34 48 1.0389 4.6321 0.99737 0.74792 3.4186 0.7821 0.99992 3.5614 -0.15782 0.91613 2.1472 -0.97122 2.3725 1.7311 -0.68195 0.5031 3.3041 1.7278 -0.50643 2.0221 1.6493 0.84451 1.4667 2.1434 0.12973 0.1526 -0.76379 -0.23332 -1.875 -1.1778 -1.75 -2.788 -1.5198 -0.12973 -0.1526 0.76379 0.99267 -1.9144 0.53885 0.77369 -3.4824 -0.32384
4 35 48 1.06 4.6302 0.99145 0.77422 3.4216 0.74357 1.0514 3.5757 -0.18747 0.95027 2.1742 -1.0208 2.3707 1.653 -0.72337 0.50429 3.2958 1.6809 -0.3397 1.9019 1.565 1.0585 1.4796 2.0594 0.15728 0.12164 -0.76418 0.096198 -1.9267 -1.2279 -1.5374 -2.5616 -1.651 -0.15728 -0.12164 0.76418 0.99934 -1.8596 0.52757 0.55188 -3.3591 -0.36803
4 36 48 1.1313 4.5985 1.0531 0.83572 3.4007 0.76781 1.154 3.5598 -0.1491 0.96629 2.1846 -1.0107 2.3391 1.5492 -0.71208 0.52515 3.2694 1.6918 -0.1154 1.7688 1.6106 1.3381 1.5278 2.0656 0.20187 0.10719 -0.75581 0.53126 -1.9246 -1.1773 -1.1387 -2.3723 -1.689 -0.20187 -0.1072 0.75581 0.99648 -1.8259 0.59978 0.3586 -3.2097 -0.36408
4 36 60 1.3255 4.5985 0.79484 0.9771 3.4007 0.57727 1.0978 3.5598 -0.38578 0.73504 2.1846 -1.1895 2.14 1.5492 -1.1828 0.86541 3.2694 1.5456 0.22199 1.7688 1.5994 1.7383 1.5278 1.7422 0.040318 0.10719 -0.78127 0.27487 -1.9246 -1.262 -1.465 -2.3723 -1.4153 -0.040318 -0.1072 0.78127 1.0994 -1.8259 0.37949 0.27507 -3.2097 -0.43069
4 37 48 1.1216 4.5955 1.0879 0.81684 3.4036 0.78815 1.1714 3.5577 -0.11623 0.85048 2.2375 -1.0233 2.1892 1.553 -0.68108 0.47022 3.2773 1.6999 0.004553 1.7117 1.6684 1.4873 1.6524 2.0876 0.25471 0.098834 -0.74085 0.97769 -1.8604 -0.97135 -0.63365 -2.3103 -1.6437 -0.25471 -0.098834 0.74085 0.89491 -1.8524 0.60732 0.13386 -3.1389 -0.40087
4 37 60 1.3233 4.5955 0.83098 0.96285 3.4036 0.60109 1.1217 3.5577 -0.35724 0.61913 2.2375 -1.1778 1.9997 1.553 -1.1213 0.81337 3.2773 1.565 0.35134 1.7117 1.631 1.8888 1.6524 1.7328 0.095113 0.098834 -0.77761 0.75437 -1.8604 -1.1534 -0.96155 -2.3103 -1.4761 -0.095113 -0.098834 0.77761 1.0016 -1.8524 0.40799 0.047592 -3.1389 -0.41994
4 38 48 1.1137 4.5964 1.0906 0.81541 3.4001 0.802 1.1799 3.5424 -0.10035 0.72679 2.2957 -1.0539 2.0472 1.615 -0.64048 0.45875 3.2857 1.7114 0.089563 1.6944 1.726 1.5788 1.7751 2.1175 0.2925 0.091232 -0.72775 1.3439 -1.725 -0.62814 -0.084287 -2.3929 -1.5028 -0.2925 -0.091232 0.72775 0.73376 -1.9177 0.56965 -0.10405 -3.1339 -0.46466
4 38 60 1.3161 4.5964 0.83522 0.96433 3.4001 0.61495 1.1333 3.5424 -0.34348 0.4918 2.2957 -1.1819 1.8693 1.615 -1.0521 0.80455 3.2857 1.5787 0.44646 1.6944 1.6697 1.9846 1.7751 1.743 0.1348 0.091232 -0.77266 1.184 -1.725 -0.89384 -0.39489 -2.3929 -1.4524 -0.1348 -0.091232 0.77266 0.83617 -1.9177 0.40465 -0.19839 -3.1339 -0.43287
4 39 48 1.0578 4.6131 1.0721 0.77446 3.4072 0.81024 1.1284 3.539 -0.097905 0.5639 2.3619 -1.08 1.876 1.706 -0.60474 0.42811 3.3034 1.7249 0.075469 1.709 1.7719 1.5677 1.84 2.1376 0.32286 0.091572 -0.71476 1.5397 -1.5709 -0.30273 0.45116 -2.6205 -1.2847 -0.32286 -0.091572 0.71476 0.52039 -1.998 0.45259 -0.36502 -3.1942 -0.56526
4 39 60 1.2576 4.6131 0.82875 0.92599 3.4072 0.63152 1.0833 3.539 -0.33036 0.32703 2.3619 -1.1736 1.7093 1.706 -0.98156 0.77738 3.3034 1.5982 0.44221 1.709 1.7175 1.9779 1.84 1.7649 0.1672 0.091572 -0.76626 1.4431 -1.5709 -0.61623 0.17419 -2.6205 -1.3505 -0.1672 -0.091572 0.76626 0.60312 -1.998 0.3345 -0.47456 -3.1942 -0.47701
4 40 60 1.1763 4.6251 0.8632 0.86745 3.4091 0.69249 1.0128 3.525 -0.27334 0.17715 2.3967 -1.1085 1.567 1.7624 -0.89923 0.73033 3.3217 1.6625 0.37483 1.7334 1.8025 1.9139 1.8221 1.834 0.208 0.10413 -0.75458 1.5157 -1.5046 -0.41378 0.73224 -2.9456 -1.1625 -0.208 -0.10413 0.75458 0.32289 -2.0771 0.2648 -0.76866 -3.2626 -0.54381
4 40 72 1.3301 4.6251 0.59977 0.99247 3.4091 0.497 0.93383 3.525 -0.47794 -0.057181 2.3967 -1.1211 1.3458 1.7624 -1.2054 1.06 3.3217 1.4743 0.74139 1.7334 1.6851 2.2534 1.8221 1.396 0.046568 0.10413 -0.78134 1.3966 -1.5046 -0.71987 0.47454 -2.9456 -1.2893 -0.046568 -0.10413 0.78134 0.37089 -2.0771 0.19188 -0.86493 -3.2626 -0.37211
4 41 60 1.0685 4.6438 0.89285 0.77978 3.421 0.73552 0.94003 3.526 -0.22919 0.061238 2.4175 -1.0464 1.4579 1.7964 -0.84319 0.62715 3.3446 1.7041 0.23676 1.7656 1.856 1.7784 1.7546 1.8864 0.25132 0.11311 -0.73996 1.4701 -1.5513 -0.34155 1.253 -3.2411 -0.93176 -0.25132 -0.11311 0.73996 0.041189 -2.1323 0.23834 -1.0441 -3.2907 -0.61663
4 41 72 1.2308 4.6438 0.65118 0.91566 3.421 0.55732 0.87184 3.526 -0.41962 -0.15766 2.4175 -1.0363 1.2507 1.7964 -1.1279 0.96775 3.3446 1.5365 0.61748 1.7656 1.7662 2.1317 1.7546 1.4754 0.091986 0.11311 -0.77604 1.3669 -1.5513 -0.63973 1.0318 -3.2411 -1.1719 -0.091987 -0.11311 0.77604 0.089843 -2.1323 0.22457 -1.1495 -3.2907 -0.38606
4 42 72 1.1039 4.671 0.66579 0.81392 3.4406 0.59019 0.78757 3.5222 -0.38961 -0.23307 2.4047 -1.0046 1.1933 1.8234 -1.0777 0.84779 3.3878 1.5717 0.45022 1.8216 1.8118 1.9645 1.6934 1.5504 0.14751 0.11367 -0.76735 1.2575 -1.6662 -0.64768 1.471 -3.4133 -1.0386 -0.14751 -0.11367 0.76735 -0.16934 -2.1505 0.25252 -1.4006 -3.2922 -0.40419
4 43 72 0.96022 4.7038 0.65451 0.70382 3.4656 0.58821 0.7279 3.5296 -0.39296 -0.23901 2.3885 -1.05 1.2219 1.8953 -1.0392 0.68665 3.4305 1.571 0.2551 1.8755 1.825 1.7657 1.6452 1.6183 0.21995 0.099849 -0.75176 1.2274 -1.7404 -0.63855 1.6633 -3.4665 -0.92394 -0.21995 -0.099849 0.75176 -0.32234 -2.1369 0.24751 -1.6047 -3.2104 -0.4264
4 43 84 1.0753 4.7038 0.44056 0.81074 3.4656 0.42902 0.6303 3.5296 -0.53571 -0.4521 2.3885 -0.97741 0.97916 1.8953 -1.2705 0.99827 3.4305 1.3939 0.62897 1.8755 1.7321 2.0636 1.6452 1.2158 0.058847 0.099849 -0.78107 1.0678 -1.7404 -0.87979 1.4349 -3.4665 -1.2496 -0.058847 -0.099849 0.78107 -0.26383 -2.1369 0.30912 -1.6583 -3.2104 -0.083455
4 44 84 0.96096 4.7251 0.45778 0.727 3.4808 0.44567 0.62839 3.5347 -0.53143 -0.36602 2.3704 -1.1008 1.1219 1.9917 -1.2432 0.83206 3.4559 1.4233 0.42936 1.9124 1.7758 1.88 1.6026 1.3546 0.11844 0.09007 -0.77547 1.121 -1.7559 -0.81456 1.342 -3.4963 -1.2304 -0.11844 -0.09007 0.77547 -0.27517 -2.1349 0.31892 -1.7834 -3.0352 -0.087968
4 45 84 0.86731 4.7307 0.53139 0.65116 3.4831 0.51853 0.64234 3.5232 -0.46416 -0.19724 2.3478 -1.2272 1.3216 2.0999 -1.131 0.66591 3.4723 1.5019 0.1983 1.9448 1.8438 1.6672 1.5651 1.5686 0.17436 0.10154 -0.7634 1.1687 -1.7491 -0.73366 1.1086 -3.4847 -1.2184 -0.17436 -0.10154 0.7634 -0.19578 -2.1628 0.35722 -1.8158 -2.8127 -0.094491
4 46 96 0.95132 4.7114 0.48617 0.73943 3.4638 0.50455 0.63524 3.5074 -0.47249 -0.15063 2.3227 -1.2774 1.3854 2.2027 -1.2143 0.84982 3.4493 1.4818 0.34624 1.9457 1.8748 1.7688 1.4735 1.513 0.051997 0.13529 -0.7762 1.0652 -1.7028 -0.87224 0.65109 -3.3913 -1.35 -0.051997 -0.13529 0.7762 0.11038 -2.2007 0.42713 -1.6396 -2.6112 0.28588
4 47 96 0.97847 4.6955 0.53727 0.74844 3.4523 0.57155 0.71404 3.4837 -0.41089 0.23566 2.2842 -1.4115 1.7389 2.2461 -1.0702 0.78979 3.45 1.5542 0.096563 2.005 1.8708 1.5108 1.3962 1.7877 0.063261 0.15112 -0.77244 1.1245 -1.6612 -0.83119 0.47597 -3.2744 -1.3085 -0.063261 -0.15112 0.77244 0.42546 -2.1757 0.49601 -1.3396 -2.4518 0.25262
4 48 96 0.9976 4.6852 0.59031 0.74845 3.4461 0.62108 0.80655 3.4734 -0.36037 0.64963 2.2613 -1.4443 2.0715 2.2409 -0.84802 0.6977 3.4477 1.6033 -0.15283 2.073 1.8388 1.2055 1.3623 2.0051 0.090073 0.15322 -0.76936 1.0886 -1.6938 -0.84413 0.26917 -3.2328 -1.3035 -0.090073 -0.15322 0.76936 0.71947 -2.0845 0.59853 -1.0017 -2.4167 0.17632
4 49 108 1.1207 4.6708 0.4872 0.87444 3.4324 0.52918 0.8795 3.4699 -0.45363 0.69698 2.2659 -1.5426 2.1422 2.2549 -1.005 0.87696 3.4236 1.5127 -0.019761 2.1052 1.8683 1.3371 1.376 1.9375 -0.019104 0.1554 -0.77394 0.76196 -1.777 -1.0385 -0.22223 -3.2623 -1.3144 0.019104 -0.1554 0.77394 1.0775 -1.9491 0.49686 -0.61614 -2.5071 0.23018
4 50 108 1.1158 4.6521 0.65105 0.86822 3.4132 0.64073 1.0224 3.4577 -0.32963 0.92587 2.2592 -1.4356 2.2934 2.2281 -0.7239 0.72145 3.3975 1.6131 -0.25123 2.1158 1.8957 1.0992 1.4054 2.1179 0.057115 0.16052 -0.77102 0.52038 -1.874 -1.0165 -0.46207 -3.3515 -1.337 -0.057114 -0.16052 0.77102 1.2051 -1.8302 0.58865 -0.28088 -2.7312 0.10816
4 51 108 1.0349 4.6471 0.82555 0.80355 3.4067 0.7546 1.0859 3.4704 -0.1854 1.0027 2.263 -1.2827 2.3148 2.1598 -0.47939 0.52801 3.3719 1.6981 -0.50662 2.1204 1.8775 0.82275 1.4312 2.2455 0.14344 0.16118 -0.75957 0.24782 -1.9208 -1.0217 -0.70406 -3.4064 -1.3928 -0.14344 -0.16118 0.75957 1.1864 -1.7853 0.66913 0.048658 -3.0238 0.019057
4 52 120 1.1328 4.6439 0.73458 0.89745 3.4041 0.66172 1.069 3.4895 -0.30298 0.75082 2.265 -1.3366 2.1741 2.0537 -0.78223 0.73291 3.3475 1.6298 -0.31634 2.1247 1.8992 1.0513 1.4466 2.117 0.045375 0.15908 -0.7721 -0.16009 -1.9108 -1.0685 -1.1753 -3.3857 -1.2803 -0.045375 -0.15908 0.7721 1.2117 -1.8114 0.44964 0.33746 -3.2905 -0.096994
4 57 132 1.2514 4.5912 0.96611 0.93611 3.3923 0.71415 1.1094 3.5652 -0.23845 0.64756 2.2385 -1.0723 2.0443 1.6199 -0.86179 0.77184 3.2472 1.673 -0.12526 1.8857 1.7741 1.3765 1.547 1.8613 0.084198 0.13166 -0.774 0.37872 -1.9107 -1.1692 -1.255 -2.5892 -1.5179 -0.084199 -0.13166 0.774 0.91504 -1.9018 0.24271 -0.046606 -3.2905 -0.38804
4 58 132 1.3624 4.545 1.0291 1.0208 3.3609 0.74632 1.2176 3.533 -0.20181 0.7571 2.2087 -1.0402 2.1102 1.5144 -0.78572 0.83384 3.216 1.701 0.083122 1.7681 1.7941 1.6144 1.5909 1.8338 0.093368 0.13329 -0.77267 0.79988 -1.8246 -1.059 -0.8251 -2.4521 -1.5243 -0.093368 -0.13329 0.77267 0.86138 -1.9374 0.27474 -0.23323 -3.2012 -0.40021
4 59 132 1.4561 4.5088 1.0507 1.1034 3.326 0.77674 1.3169 3.4958 -0.16822 0.83238 2.1823 -1.0101 2.1592 1.4617 -0.69731 0.90012 3.1834 1.7284 0.31157 1.6629 1.83 1.8535 1.6517 1.8212 0.11985 0.13081 -0.76943 1.1781 -1.6825 -0.84803 -0.3378 -2.4504 -1.4507 -0.11985 -0.13081 0.76943 0.70511 -2.0003 0.28071 -0.45115 -3.1718 -0.45513
4 60 132 1.4972 4.48 1.1025 1.1406 3.2966 0.83533 1.3508 3.4666 -0.11034 0.80752 2.1815 -0.96006 2.1322 1.4872 -0.58464 0.94062 3.1538 1.7877 0.46004 1.5962 1.8952 1.9947 1.7408 1.8568 0.16019 0.137 -0.76097 1.4124 -1.5424 -0.60028 0.13064 -2.605 -1.2923 -0.16019 -0.137 0.76097 0.46318 -2.0687 0.21856 -0.70899 -3.2044 -0.5476
4 61 132 1.4219 4.5006 1.1227 1.0663 3.3112 0.8799 1.2494 3.473 -0.072799 0.65004 2.2168 -0.92793 1.9758 1.5397 -0.52607 0.89324 3.1767 1.8387 0.46516 1.6035 1.9415 1.988 1.8405 1.8914 0.19558 0.14334 -0.75146 1.4765 -1.4885 -0.41882 0.54208 -2.8853 -1.0719 -0.19558 -0.14334 0.75146 0.16971 -2.1158 0.12666 -0.9982 -3.2532 -0.64351
4 61 144 1.6243 4.5006 0.80258 1.226 3.3112 0.63897 1.207 3.473 -0.33098 0.4429 2.2168 -1.0428 1.8233 1.5397 -0.92538 1.256 3.1767 1.6128 0.85865 1.6035 1.8024 2.3378 1.8405 1.4367 0.035069 0.14334 -0.77571 1.3572 -1.4885 -0.71666 0.30738 -2.8853 -1.1612 -0.035069 -0.14334 0.77571 0.19234 -2.1158 0.088605 -1.1102 -3.2532 -0.42191
4 62 132 1.3491 4.5248 1.1097 0.99865 3.3273 0.89855 1.1673 3.4727 -0.059476 0.51566 2.2424 -0.91426 1.8386 1.5524 -0.52503 0.83961 3.2097 1.862 0.43114 1.6314 1.9653 1.9468 1.9079 1.9018 0.22908 0.14143 -0.74231 1.4375 -1.5239 -0.31735 0.94765 -3.193 -0.79203 -0.22908 -0.14143 0.74231 -0.13321 -2.1394 0.099522 -1.269 -3.2602 -0.73996
4 62 144 1.5503 4.5248 0.80498 1.1636 3.3273 0.67128 1.1294 3.4727 -0.30087 0.3143 2.2424 -1.0015 1.6892 1.5524 -0.89582 1.2084 3.2097 1.6467 0.83033 1.6314 1.8327 2.2997 1.9079 1.4555 0.069735 0.14143 -0.77371 1.3401 -1.5239 -0.60928 0.76227 -3.193 -0.97175 -0.069735 -0.14143 0.77371 -0.10961 -2.1394 0.12504 -1.3951 -3.2602 -0.45995
4 63 144 1.5101 4.5352 0.79541 1.1391 3.3298 0.68722 1.1168 3.4521 -0.28844 0.25634 2.2436 -0.97241 1.6164 1.5208 -0.8988 1.1714 3.2355 1.6657 0.78842 1.6589 1.8559 2.2565 1.9392 1.4766 0.11259 0.13507 -0.76979 1.2431 -1.6232 -0.55789 1.1844 -3.4132 -0.76609 -0.11259 -0.13507 0.76979 -0.36687 -2.1215 0.13432 -1.6441 -3.228 -0.49425
4 64 144 1.4423 4.5633 0.7543 1.0782 3.3541 0.66337 1.0928 3.451 -0.31528 0.22101 2.2498 -0.9979 1.5682 1.5026 -0.93157 1.0732 3.2853 1.6445 0.66891 1.7159 1.8501 2.1546 1.9501 1.5103 0.15619 0.11814 -0.76495 1.1668 -1.7081 -0.52442 1.3807 -3.4963 -0.60999 -0.15619 -0.11814 0.76495 -0.50549 -2.0827 0.10693 -1.8466 -3.1116 -0.52043
4 64 156 1.5676 4.5633 0.43795 1.1926 3.3541 0.4247 1.0034 3.451 -0.5356 0.0087025 2.2498 -1.022 1.3403 1.5026 -1.2373 1.3917 3.2853 1.3854 1.039 1.7159 1.6706 2.4215 1.9501 1.0293 -0.0062614 0.11814 -0.78071 1.0323 -1.7081 -0.75554 1.2237 -3.4963 -0.88373 0.0062614 -0.11814 0.78071 -0.47221 -2.0827 0.20969 -1.9145 -3.1116 -0.12512
4 65 144 1.3596 4.5973 0.70386 1.0021 3.3853 0.62499 1.0754 3.4577 -0.35315 0.25278 2.2399 -1.0665 1.5972 1.4946 -0.94542 0.93814 3.3412 1.6055 0.48712 1.7875 1.8319 1.9938 1.9632 1.5548 0.18977 0.10106 -0.75978 1.2009 -1.7148 -0.4523 1.2595 -3.514 -0.55454 -0.18977 -0.10106 0.75978 -0.47263 -2.0836 0.12447 -1.9508 -2.9005 -0.50687
4 65 156 1.4763 4.5973 0.4058 1.1101 3.3853 0.40299 0.97847 3.4577 -0.56902 0.025511 2.2399 -1.0958 1.3658 1.4946 -1.2568 1.2514 3.3412 1.3753 0.85736 1.7875 1.6906 2.2735 1.9632 1.1063 0.027655 0.10106 -0.78264 1.0806 -1.7148 -0.6921 1.1167 -3.514 -0.80428 -0.027655 -0.10106 0.78264 -0.43642 -2.0836 0.22001 -2.0136 -2.9005 -0.090191
4 66 156 1.3881 4.621 0.41906 1.0326 3.406 0.42785 0.97573 3.4506 -0.55303 0.11352 2.2034 -1.1611 1.4861 1.5025 -1.2105 1.0989 3.3897 1.409 0.62739 1.8626 1.7473 2.0919 1.9376 1.2705 0.064897 0.099916 -0.78058 1.1123 -1.714 -0.61618 0.79302 -3.4821 -0.76681 -0.064897 -0.099916 0.78058 -0.27259 -2.1333 0.29435 -1.9686 -2.6564 -0.023018
4 67 156 1.3784 4.6065 0.49668 1.0255 3.3914 0.51592 1.0531 3.4077 -0.46711 0.31568 2.1356 -1.1788 1.7214 1.5116 -1.0682 1.0074 3.4033 1.4992 0.39781 1.9255 1.8359 1.9037 1.827 1.519 0.11085 0.11783 -0.77287 1.1523 -1.6879 -0.50995 0.52254 -3.359 -0.758 -0.11085 -0.11783 0.77287 0.021155 -2.1897 0.44988 -1.7282 -2.425 0.082329
4 68 156 1.4272 4.5779 0.56056 1.0515 3.3706 0.58125 1.1557 3.3651 -0.39675 0.57643 2.0685 -1.2043 1.9981 1.5509 -0.90677 0.95781 3.404 1.5598 0.15373 2.0141 1.8601 1.659 1.6971 1.7535 0.1439 0.12681 -0.76597 1.1224 -1.7118 -0.48947 0.23381 -3.2525 -0.78526 -0.1439 -0.12681 0.76597 0.37926 -2.1584 0.65028 -1.3572 -2.2826 0.18095
4 68 168 1.5125 4.5779 0.25158 1.1494 3.3706 0.34993 1.0479 3.3651 -0.62835 0.31343 2.0685 -1.2979 1.7659 1.5509 -1.3024 1.2612 3.404 1.3265 0.53711 2.0141 1.7875 1.9873 1.6971 1.3703 -0.018501 0.12681 -0.77915 0.99613 -1.7118 -0.71214 0.065437 -3.2525 -0.81671 0.018501 -0.12681 0.77915 0.50617 -2.1584 0.55722 -1.2899 -2.2826 0.45917
4 69 156 1.4133 4.5736 0.64112 1.0222 3.3711 0.63773 1.2221 3.3535 -0.32514 0.8089 2.0222 -1.177 2.2249 1.6541 -0.69013 0.83317 3.4166 1.6019 -0.1207 2.1108 1.8338 1.3435 1.6377 1.9335 0.1767 0.12781 -0.75891 0.95467 -1.8071 -0.50358 -0.083422 -3.2434 -0.83591 -0.1767 -0.12781 0.75891 0.71373 -2.029 0.84271 -0.96558 -2.3333 0.26119
4 69 168 1.5157 4.5736 0.33327 1.1325 3.3711 0.41126 1.1278 3.3535 -0.57212 0.54651 2.0222 -1.3194 2.0328 1.6541 -1.1376 1.148 3.4166 1.3936 0.2632 2.1108 1.8188 1.7161 1.6377 1.6119 0.015052 0.12781 -0.77906 0.82911 -1.8071 -0.69106 -0.25539 -3.2434 -0.8003 -0.015052 -0.12781 0.77906 0.87335 -2.029 0.6759 -0.89018 -2.3333 0.45624
4 70 156 1.3633 4.5773 0.7468 0.9863 3.371 0.69518 1.2953 3.3495 -0.23832 1.0077 1.9943 -1.1041 2.3809 1.7555 -0.44455 0.68756 3.4203 1.631 -0.35605 2.1722 1.7783 1.0587 1.6218 2.0492 0.21772 0.12406 -0.7488 0.67808 -1.9175 -0.56287 -0.41003 -3.3057 -0.93666 -0.21772 -0.12406 0.7488 0.94337 -1.8629 0.95546 -0.58284 -2.5627 0.29837
4 70 168 1.4888 4.5773 0.44703 1.1093 3.371 0.47493 1.2174 3.3495 -0.50242 0.75616 1.9943 -1.2895 2.2365 1.7555 -0.92986 1.0116 3.4203 1.4524 0.021466 2.1722 1.8135 1.4616 1.6218 1.7843 0.057282 0.12406 -0.77771 0.54623 -1.9175 -0.69155 -0.59581 -3.3057 -0.83094 -0.057282 -0.12406 0.77771 1.1214 -1.8629 0.73844 -0.50807 -2.5627 0.41303
4 71 168 1.4093 4.5942 0.56108 1.051 3.381 0.53317 1.2631 3.3649 -0.42711 0.88405 1.9947 -1.2319 2.3303 1.8386 -0.72044 0.84871 3.4252 1.4947 -0.20627 2.209 1.7715 1.211 1.6164 1.9049 0.10736 0.11759 -0.7734 0.22671 -1.9794 -0.72089 -0.90695 -3.3685 -0.91097 -0.10736 -0.11759 0.7734 1.1954 -1.7658 0.75039 -0.1244 -2.9264 0.34773
4 72 168 1.3131 4.6147 0.65225 0.9781 3.3964 0.57725 1.269 3.393 -0.36229 0.95304 2.01 -1.1724 2.3513 1.8808 -0.53542 0.69626 3.4281 1.519 -0.40269 2.2322 1.6948 0.97894 1.6053 1.9701 0.15114 0.11207 -0.76687 -0.012246 -1.9819 -0.81865 -1.1367 -3.3773 -1.0177 -0.15114 -0.11207 0.76687 1.1608 -1.7525 0.72005 0.32069 -3.2951 0.31314
4 73 168 1.1969 4.6422 0.71291 0.88777 3.42 0.59546 1.2317 3.4381 -0.3258 0.98638 2.0442 -1.1417 2.3305 1.9161 -0.39702 0.55199 3.4305 1.5199 -0.57202 2.248 1.6038 0.76975 1.5939 1.9905 0.1772 0.10462 -0.76234 -0.19481 -1.9579 -0.91109 -1.3034 -3.3583 -1.1574 -0.1772 -0.10462 0.76234 1.0576 -1.8014 0.66083 0.75549 -3.5448 0.314
4 74 168 1.0971 4.6589 0.76948 0.81843 3.4333 0.61669 1.1916 3.4737 -0.29242 1.0272 2.0684 -1.109 2.3151 1.9533 -0.269 0.45273 3.4215 1.5297 -0.68141 2.2458 1.5482 0.63762 1.5861 1.9982 0.18545 0.10504 -0.76031 -0.3085 -1.925 -0.98219 -1.4504 -3.2813 -1.3097 -0.18545 -0.10504 0.76031 0.97066 -1.8544 0.62799 0.99816 -3.6278 0.30363
5 16 336 0.92224 4.763 0.056314 0.64035 3.5284 0.074187 0.7132 3.5245 -0.90665 0.1181 2.0559 -1.3037 0.41265 0.68154 -1.9378 0.57461 3.5612 1.055 0.74299 1.9817 1.4368 1.8736 0.94255 1.5765 0.14471 -0.027461 -0.77576 1.3875 -1.6935 -0.46864 1.7907 -3.4402 -0.66167 -0.14471 0.027461 0.77576 -0.10638 -2.0663 0.60601 -1.1093 -3.5099 0.20458
5 17 336 0.9215 4.7634 0.05121 0.63471 3.53 0.070433 0.73858 3.5145 -0.90749 0.14225 2.0494 -1.3155 0.39751 0.6678 -1.9509 0.53805 3.5743 1.0482 0.65851 1.9913 1.4336 1.7469 0.91481 1.6183 0.16436 -0.029342 -0.77177 1.3943 -1.6995 -0.43712 1.804 -3.4474 -0.60464 -0.16436 0.029342 0.77177 -0.20794 -2.0633 0.5891 -1.2465 -3.4791 0.17967
6 39 156 0.82729 4.7764 0.054161 0.61491 3.5296 0.080707 0.74664 3.4556 -0.89116 0.28455 1.9436 -1.3024 0.81768 0.57304 -1.7661 0.4894 3.6327 1.0507 0.79326 2.1382 1.6362 1.9926 1.267 2.0607 0.20143 -0.015753 -0.76333 1.2468 -1.8119 -0.45472 1.841 -3.5113 -0.35419 -0.20143 0.015752 0.76333 -0.17365 -2.0769 0.57825 -0.94694 -3.6562 0.17989
6 40 156 0.81375 4.7791 0.062486 0.60353 3.532 0.082315 0.75896 3.4565 -0.88593 0.28386 1.95 -1.3025 0.73954 0.55444 -1.7741 0.45435 3.6366 1.0488 0.73153 2.1346 1.6285 1.9089 1.24 2.0657 0.21688 -0.016871 -0.75906 1.2461 -1.8224 -0.45078 1.922 -3.4871 -0.29903 -0.21688 0.016871 0.75906 -0.28565 -2.0723 0.54705 -1.093 -3.6327 0.1417
6 41 156 0.79862 4.7816 0.05959 0.58997 3.5344 0.08022 0.75575 3.4533 -0.88586 0.27499 1.9508 -1.31 0.66278 0.53896 -1.7938 0.43041 3.6446 1.0445 0.65884 2.1315 1.6165 1.7924 1.1888 2.0682 0.22686 -0.017474 -0.75613 1.2407 -1.8304 -0.4403 1.9043 -3.4986 -0.27438 -0.22686 0.017474 0.75613 -0.3863 -2.0641 0.51976 -1.2382 -3.5986 0.10697
