2 9 192 -3.7758 2.9672 0.60155 -2.7694 2.211 0.52811 -2.6555 2.1476 1.503 -1.4036 1.1048 1.6208 -1.2348 -0.39127 1.9541 -2.908 2.2905 -0.44237 -1.9609 1.1236 -1.0827 -2.2883 -0.28579 -1.6155 0.13959 -0.027252 0.7767 -1.3964 -1.4574 0.87464 -0.019083 -2.6057 0.6866 -0.13959 0.027252 -0.7767 -1.5533 -1.5252 -0.70117 -0.11725 -2.604 -0.85832
2 9 204 -3.5682 2.9672 1.3734 -2.5991 2.211 1.0924 -2.285 2.1476 2.0222 -1.0359 1.1048 1.8772 -0.8015 -0.39127 2.1681 -2.9365 2.2905 0.17191 -2.1431 1.1236 -0.65132 -2.5742 -0.28579 -1.1045 0.29803 -0.027252 0.73071 -1.184 -1.4574 1.1459 0.12409 -2.6057 0.67556 -0.29803 0.027252 -0.73071 -1.6652 -1.5252 -0.36289 -0.29314 -2.604 -0.81519
2 10 204 -3.4242 3.171 1.2866 -2.5101 2.3442 1.0256 -2.1969 2.2904 1.9564 -1.3549 0.89263 2.0335 -1.9257 -0.49473 2.39 -2.8456 2.4155 0.10377 -2.4717 0.95053 -0.51496 -3.4488 -0.24212 -0.53752 0.29057 -0.024077 0.73382 -1.1866 -1.4658 1.1259 0.1822 -2.531 0.63341 -0.29057 0.024077 -0.73382 -1.652 -1.5389 -0.3902 -0.22016 -2.5398 -0.83625
2 10 216 -3.0819 3.171 1.9704 -2.242 2.3442 1.525 -1.7421 2.2904 2.3704 -0.90254 0.89263 2.2708 -1.3868 -0.49473 2.7382 -2.7619 2.4155 0.69314 -2.5247 0.95053 0.010182 -3.4852 -0.24212 0.19127 0.43679 -0.024077 0.65737 -0.9266 -1.4658 1.348 0.30991 -2.531 0.58168 -0.43679 0.024077 -0.65737 -1.697 -1.5389 -0.038203 -0.38922 -2.5398 -0.7722
2 11 204 -3.2651 3.3702 1.1913 -2.4152 2.4721 0.95903 -2.1044 2.4337 1.8914 -1.8289 0.86436 2.252 -3.0856 0.041216 2.5996 -2.7473 2.5293 0.03505 -2.8818 0.94194 -0.32662 -4.2511 0.34795 0.060328 0.29051 -0.012567 0.73413 -1.1345 -1.5157 1.0866 0.26471 -2.5375 0.58743 -0.29052 0.012567 -0.73413 -1.5935 -1.6017 -0.40152 -0.12717 -2.544 -0.8627
2 11 216 -2.9461 3.3702 1.8441 -2.163 2.4721 1.4402 -1.6652 2.4337 2.2876 -1.3207 0.86436 2.583 -2.4777 0.041216 3.1843 -2.68 2.5293 0.60549 -2.8867 0.94194 0.27967 -4.1457 0.34795 0.94287 0.4368 -0.012567 0.65768 -0.88376 -1.5157 1.2988 0.38106 -2.5375 0.51956 -0.4368 0.012567 -0.65768 -1.6422 -1.6017 -0.061428 -0.30375 -2.544 -0.81741
2 12 204 -3.0944 3.552 1.1092 -2.3159 2.5868 0.9074 -2.0087 2.5587 1.8413 -2.3374 1.0969 2.4922 -3.8647 1.113 2.7039 -2.6435 2.6352 -0.018736 -3.3003 1.1442 -0.13706 -4.6856 1.3723 0.50051 0.29509 -0.0042431 0.73239 -1.0126 -1.6233 1.0203 0.39588 -2.636 0.52901 -0.29509 0.0042434 -0.73239 -1.4781 -1.7028 -0.41463 -0.01101 -2.6233 -0.91581
2 12 216 -2.7962 3.552 1.7283 -2.0767 2.5868 1.3691 -1.582 2.5587 2.2187 -1.7682 1.0969 2.9237 -3.2181 1.113 3.4484 -2.5896 2.6352 0.53128 -3.2567 1.1442 0.5521 -4.4791 1.3723 1.4638 0.44092 -0.0042431 0.65504 -0.77838 -1.6233 1.2085 0.49722 -2.636 0.43514 -0.44092 0.0042434 -0.65504 -1.532 -1.7028 -0.098262 -0.20118 -2.6233 -0.89351
2 13 204 -2.9076 3.7184 1.0552 -2.2037 2.6914 0.89067 -1.9046 2.6704 1.8274 -2.7075 1.5619 2.7191 -4.0387 2.3382 2.6657 -2.5217 2.7344 -0.039047 -3.6215 1.5272 0.0066318 -4.6488 2.471 0.66353 0.30646 -0.0038791 0.72771 -0.80854 -1.7723 0.93662 0.58529 -2.813 0.46201 -0.30646 0.0038788 -0.72771 -1.2873 -1.8354 -0.46472 0.15245 -2.781 -0.99753
2 13 216 -2.6247 3.7184 1.6367 -1.9704 2.6914 1.3294 -1.483 2.6704 2.1834 -2.083 1.5619 3.2226 -3.3962 2.3382 3.4472 -2.4747 2.7344 0.4861 -3.5409 1.5272 0.75943 -4.4093 2.471 1.6156 0.45106 -0.0038791 0.64809 -0.59614 -1.7723 1.0843 0.66856 -2.813 0.33022 -0.45106 0.0038788 -0.64809 -1.3558 -1.8354 -0.18692 -0.058278 -2.781 -1.0074
2 14 204 -2.6353 3.9289 0.97825 -2.0248 2.8362 0.86421 -1.7393 2.8279 1.8054 -2.7819 2.0827 2.8185 -3.6867 3.2906 2.5027 -2.327 2.8685 -0.071205 -3.6931 1.9792 0.036607 -4.2434 3.3138 0.5786 0.3272 -0.00028253 0.71864 -0.46767 -1.9412 0.8428 0.86231 -3.0594 0.36145 -0.3272 0.00028276 -0.71864 -1.0116 -1.9815 -0.58245 0.37029 -3.0063 -1.1218
2 28 204 -2.6867 3.9353 0.85837 -1.9952 2.9024 0.67773 -1.7047 2.8594 1.6164 -1.7959 1.2795 2.022 -3.1853 0.69544 2.3477 -2.3043 2.9675 -0.25369 -2.7956 1.4921 -0.75419 -4.2067 1.322 -0.15614 0.28809 0.030093 0.73457 -1.2285 -1.2398 1.4427 -0.59747 -2.8962 1.1122 -0.28809 -0.030093 -0.73457 -1.9343 -1.277 -0.34792 -1.1155 -2.8766 -0.49481
2 29 204 -2.8934 3.7762 0.89297 -2.1299 2.7957 0.7024 -1.8358 2.7662 1.6405 -1.7976 1.1656 1.9654 -3.0178 0.31886 2.3799 -2.4439 2.8461 -0.22831 -2.7443 1.3273 -0.74962 -4.1304 0.77131 -0.36581 0.28712 0.036828 0.73464 -1.3886 -1.0302 1.4186 -0.53339 -2.5752 1.0541 -0.28712 -0.036829 -0.73464 -2.0347 -1.0918 -0.23735 -1.0341 -2.5612 -0.53835
2 29 216 -2.6445 3.7762 1.475 -1.9373 2.7957 1.1299 -1.4546 2.7662 1.9863 -1.3497 1.1656 2.2962 -2.457 0.31886 2.9553 -2.438 2.8461 0.28479 -2.8402 1.3273 -0.16267 -4.1161 0.77131 0.50093 0.43359 0.036828 0.65889 -1.0633 -1.0302 1.6763 -0.30257 -2.5752 1.142 -0.43359 -0.036829 -0.65889 -2.0396 -1.0918 0.19087 -1.1235 -2.5612 -0.31158
2 30 204 -3.0926 3.5952 0.93872 -2.2553 2.6821 0.71791 -1.9524 2.6515 1.6531 -1.7587 1.0498 1.9098 -2.7134 -0.059917 2.3943 -2.5795 2.732 -0.20932 -2.6966 1.1951 -0.75055 -3.8629 0.19254 -0.63949 0.27473 0.03927 0.73924 -1.4657 -0.95223 1.3732 -0.49048 -2.4293 1.0297 -0.27473 -0.03927 -0.73924 -2.0522 -1.0073 -0.17551 -0.9752 -2.4 -0.56443
2 30 216 -2.8299 3.5952 1.5612 -2.0568 2.6821 1.1711 -1.566 2.6515 2.0229 -1.3232 1.0498 2.2337 -2.1563 -0.059917 2.9061 -2.5667 2.732 0.33157 -2.7938 1.1951 -0.17349 -3.9115 0.19254 0.17763 0.42243 0.03927 0.66597 -1.1482 -0.95223 1.648 -0.26568 -2.4293 1.1092 -0.42243 -0.03927 -0.66597 -2.0439 -1.0073 0.25501 -1.0712 -2.4 -0.34934
2 31 204 -3.3245 3.3583 1.0187 -2.4288 2.5098 0.76659 -2.1139 2.4763 1.6978 -1.7155 0.9049 1.8997 -2.3858 -0.39496 2.3883 -2.7659 2.5612 -0.15594 -2.663 1.0533 -0.77582 -3.4603 -0.26391 -0.85934 0.26638 0.038656 0.74233 -1.4545 -1.0066 1.3426 -0.42801 -2.4392 0.96197 -0.26638 -0.038656 -0.74233 -2.0358 -1.0124 -0.16334 -0.92408 -2.3741 -0.56418
2 31 216 -3.04 3.3583 1.6876 -2.2163 2.5098 1.2548 -1.7148 2.4763 2.1002 -1.283 0.9049 2.2148 -1.8371 -0.39496 2.8321 -2.7379 2.5612 0.42254 -2.7661 1.0533 -0.20521 -3.5634 -0.26391 -0.12112 0.41489 0.038656 0.67072 -1.1436 -1.0066 1.6156 -0.21865 -2.4392 1.0299 -0.41489 -0.038656 -0.67072 -2.0253 -1.0124 0.2635 -1.0212 -2.3741 -0.35973
2 32 204 -3.552 3.0832 1.1087 -2.5977 2.3101 0.82924 -2.2733 2.2783 1.7572 -1.5863 0.80285 1.8976 -1.9902 -0.61789 2.3404 -2.9455 2.3578 -0.089505 -2.5474 0.96049 -0.83627 -2.9911 -0.50534 -1.0156 0.2675 0.041699 0.74176 -1.4177 -1.07 1.3236 -0.39819 -2.5028 0.92542 -0.2675 -0.041699 -0.74176 -1.9819 -1.108 -0.16022 -0.86893 -2.4642 -0.57598
2 32 216 -3.2439 3.0832 1.8229 -2.3685 2.3101 1.3512 -1.8582 2.2783 2.1914 -1.1571 0.80285 2.186 -1.4601 -0.61789 2.703 -2.8998 2.3578 0.52486 -2.6656 0.96049 -0.28835 -3.1369 -0.50534 -0.37149 0.41588 0.041699 0.66993 -1.1115 -1.07 1.5895 -0.19709 -2.5028 0.98799 -0.41587 -0.041699 -0.66993 -1.9719 -1.108 0.25534 -0.9697 -2.4642 -0.38273
2 33 204 -3.7719 2.7665 1.2041 -2.7546 2.0883 0.89557 -2.4209 2.0622 1.8204 -1.4556 0.74715 1.906 -1.5434 -0.75167 2.2575 -3.1128 2.1283 -0.019558 -2.4366 0.91968 -0.88598 -2.5204 -0.60015 -1.1325 0.26569 0.040777 0.74246 -1.3635 -1.1647 1.2964 -0.37439 -2.6282 0.93484 -0.26569 -0.040776 -0.74246 -1.905 -1.2153 -0.15305 -0.84709 -2.6047 -0.60157
2 33 216 -3.4391 2.7665 1.962 -2.5082 2.0883 1.4487 -1.9895 2.0622 2.284 -1.0275 0.74715 2.167 -1.0403 -0.75167 2.529 -3.0489 2.1283 0.62806 -2.5676 0.91968 -0.36002 -2.7008 -0.60015 -0.58368 0.41425 0.040777 0.671 -1.0642 -1.1647 1.5515 -0.17184 -2.6282 0.99225 -0.41425 -0.040776 -0.671 -1.8952 -1.2153 0.24637 -0.95365 -2.6047 -0.41231
2 34 204 -3.9616 2.4375 1.2986 -2.8928 1.8579 0.95935 -2.557 1.827 1.8833 -1.358 0.71782 1.9092 -1.0899 -0.77292 2.1982 -3.254 1.9006 0.045526 -2.3627 0.91276 -0.9024 -2.076 -0.55689 -1.2706 0.26587 0.03717 0.74258 -1.2755 -1.2951 1.2559 -0.34812 -2.8089 0.94079 -0.26587 -0.03717 -0.74258 -1.8076 -1.3441 -0.16866 -0.82011 -2.7841 -0.61809
2 34 216 -3.6051 2.4375 2.0939 -2.6301 1.8579 1.5398 -2.1096 1.827 2.3738 -0.93134 0.71782 2.1498 -0.60904 -0.77292 2.3767 -3.1734 1.9006 0.72108 -2.4987 0.91276 -0.39145 -2.2948 -0.55689 -0.81124 0.41445 0.03717 0.67108 -0.98655 -1.2951 1.4936 -0.14491 -2.8089 0.99261 -0.41445 -0.03717 -0.67108 -1.8032 -1.3441 0.21085 -0.93069 -2.7841 -0.43407
2 35 204 -4.1146 2.1116 1.3894 -3.0103 1.6199 1.0247 -2.6704 1.5767 1.9466 -1.2932 0.69891 1.9054 -0.71855 -0.70699 2.1717 -3.3763 1.673 0.11336 -2.3272 0.91684 -0.88482 -1.7206 -0.40448 -1.3985 0.26557 0.029358 0.74304 -1.1551 -1.4501 1.1983 -0.30171 -3.0161 0.93314 -0.26557 -0.029358 -0.74304 -1.6821 -1.4875 -0.21237 -0.78331 -2.9905 -0.64111
2 35 216 -3.7358 2.1116 2.2145 -2.7314 1.6199 1.6282 -2.2073 1.5767 2.4593 -0.86877 0.69891 2.1327 -0.25132 -0.70699 2.2737 -3.2789 1.673 0.81285 -2.4603 0.91684 -0.38164 -1.9738 -0.40448 -1.0102 0.41425 0.029358 0.67159 -0.8807 -1.4501 1.4123 -0.10111 -3.0161 0.97547 -0.41425 -0.029358 -0.67159 -1.6895 -1.4875 0.142 -0.89948 -2.9905 -0.46424
2 36 204 -4.2352 1.7903 1.4736 -3.1029 1.3833 1.0898 -2.7531 1.3333 2.0077 -1.2588 0.68071 1.908 -0.49704 -0.62561 2.2095 -3.4791 1.4412 0.18291 -2.335 0.93945 -0.86974 -1.5124 -0.1934 -1.516 0.26602 0.019832 0.74319 -1.0351 -1.585 1.1249 -0.258 -3.2003 0.93068 -0.26602 -0.019832 -0.74319 -1.5522 -1.6097 -0.26112 -0.75514 -3.1745 -0.67012
2 36 216 -3.8363 1.7903 2.3219 -2.8085 1.3833 1.7111 -2.2755 1.3333 2.5362 -0.8346 0.68071 2.1281 -0.026788 -0.62561 2.2646 -3.3651 1.4412 0.90226 -2.4648 0.93945 -0.36526 -1.7945 -0.1934 -1.1684 0.41473 0.019832 0.67164 -0.77864 -1.585 1.3156 -0.058859 -3.2003 0.96398 -0.41473 -0.019832 -0.67164 -1.5725 -1.6097 0.0673 -0.87797 -3.1745 -0.49847
2 37 204 -4.3201 1.4859 1.5561 -3.168 1.1619 1.1515 -2.8054 1.1094 2.0643 -1.2454 0.63814 1.9499 -0.45406 -0.62534 2.3437 -3.5573 1.2206 0.25022 -2.3779 0.95861 -0.84928 -1.4684 0.016148 -1.6631 0.26998 0.014751 0.74188 -0.91914 -1.6882 1.0585 -0.21504 -3.3432 0.93179 -0.26998 -0.014751 -0.74188 -1.4482 -1.6963 -0.29644 -0.73645 -3.3059 -0.68806
2 37 216 -3.9021 1.4859 2.4203 -2.8593 1.1619 1.785 -2.3149 1.1094 2.6024 -0.8128 0.63814 2.1662 0.043136 -0.62534 2.3868 -3.4276 1.2206 0.98436 -2.5025 0.95861 -0.33634 -1.7821 0.016148 -1.3215 0.41833 0.014751 0.66954 -0.67898 -1.6882 1.2264 -0.016608 -3.3432 0.95614 -0.41833 -0.014751 -0.66954 -1.4782 -1.6963 0.011142 -0.86342 -3.3059 -0.5199
2 38 204 -4.3651 1.2253 1.6423 -3.2033 0.97658 1.212 -2.8244 0.91986 2.1178 -1.2325 0.55896 2.0509 -0.55701 -0.71744 2.5915 -3.6092 1.0379 0.31817 -2.4541 0.97668 -0.83539 -1.6071 0.167 -1.8377 0.27838 0.015441 0.73876 -0.8127 -1.7575 1.0225 -0.17514 -3.4418 0.9356 -0.27838 -0.015441 -0.73876 -1.3664 -1.7636 -0.32112 -0.70244 -3.3988 -0.68997
2 39 204 -4.385 1.0055 1.7237 -3.2192 0.82392 1.2706 -2.8251 0.75519 2.1691 -1.2292 0.41106 2.2274 -0.80558 -0.89415 2.9307 -3.6403 0.89566 0.38464 -2.5804 0.96494 -0.85658 -1.9234 0.18907 -2.0159 0.28789 0.016042 0.73509 -0.73417 -1.7987 1.0117 -0.14692 -3.502 0.94218 -0.28789 -0.016042 -0.73509 -1.3323 -1.796 -0.34094 -0.68448 -3.4458 -0.67187
2 40 204 -4.3894 0.83409 1.7933 -3.2243 0.70158 1.3219 -2.8163 0.61905 2.213 -1.2634 0.17996 2.4666 -1.1862 -1.1296 3.277 -3.6591 0.78602 0.44369 -2.7584 0.88908 -0.91529 -2.4047 0.062057 -2.1677 0.29566 0.011094 0.73209 -0.69428 -1.8226 1.0003 -0.12509 -3.5327 0.95029 -0.29566 -0.011095 -0.73209 -1.3259 -1.8053 -0.36634 -0.68216 -3.4636 -0.66063
2 51 204 -4.0871 1.5381 2.0481 -2.9853 1.1675 1.5576 -2.5481 1.1432 2.4383 -1.3328 0.063454 2.2769 -1.6447 -1.4386 2.4328 -3.4484 1.1982 0.6904 -2.6621 0.18435 -0.32084 -2.8278 -1.3456 -0.22302 0.37393 0.027153 0.69494 -0.52816 -1.8441 1.0095 0.018841 -3.5605 0.93446 -0.37392 -0.027153 -0.69494 -1.1919 -1.9098 -0.24693 -0.5193 -3.5341 -0.64726
2 52 192 -4.3665 1.7059 1.1421 -3.1981 1.2953 0.89897 -2.952 1.2824 1.8511 -1.5901 0.38669 1.9597 -1.6244 -1.1502 2.08 -3.4719 1.3159 -0.045467 -2.3673 0.4526 -0.88417 -2.271 -1.0788 -1.0365 0.2237 0.024885 0.75686 -0.70284 -1.8567 0.88139 -0.14832 -3.572 0.9144 -0.2237 -0.024885 -0.75686 -1.0962 -1.9189 -0.50026 -0.34657 -3.5405 -0.74362
2 52 204 -4.0337 1.7059 2.025 -2.9413 1.2953 1.5442 -2.5026 1.2824 2.4245 -1.1479 0.38669 2.2475 -1.1565 -1.1502 2.3723 -3.4055 1.3159 0.67737 -2.4994 0.4526 -0.37265 -2.4369 -1.0788 -0.54168 0.37617 0.024885 0.69381 -0.50423 -1.8567 1.0083 0.045038 -3.572 0.92526 -0.37617 -0.024885 -0.69381 -1.1762 -1.9189 -0.26142 -0.49361 -3.5405 -0.65531
2 53 192 -4.3186 1.8393 1.1216 -3.1572 1.4033 0.88628 -2.9148 1.3912 1.8394 -1.4378 0.70495 1.9671 -1.1233 -0.79304 2.1536 -3.4271 1.4239 -0.059284 -2.2269 0.73779 -0.92968 -1.8615 -0.71267 -1.3043 0.22471 0.024213 0.75658 -0.68274 -1.866 0.8899 -0.12515 -3.5805 0.91245 -0.22471 -0.024213 -0.75658 -1.0836 -1.9261 -0.51244 -0.3227 -3.5434 -0.74924
2 53 204 -3.9911 1.8393 1.995 -2.9039 1.4033 1.5233 -2.4687 1.3912 2.4053 -0.99741 0.70495 2.223 -0.65098 -0.79304 2.3401 -3.3645 1.4239 0.65454 -2.3715 0.73779 -0.44637 -2.092 -0.71267 -0.88875 0.3771 0.024213 0.69333 -0.4828 -1.866 1.0124 0.067291 -3.5805 0.91853 -0.3771 -0.024213 -0.69333 -1.1664 -1.9261 -0.27596 -0.47142 -3.5434 -0.66578
2 54 192 -4.2834 1.9289 1.1026 -3.1223 1.4864 0.8733 -2.8887 1.471 1.8286 -1.3286 1.007 1.9686 -0.67146 -0.36042 2.2442 -3.3834 1.5108 -0.074647 -2.1193 1.0239 -0.98782 -1.534 -0.27887 -1.569 0.22907 0.027229 0.75517 -0.65761 -1.8727 0.89061 -0.10986 -3.5904 0.90643 -0.22907 -0.027229 -0.75517 -1.0674 -1.9391 -0.51779 -0.30088 -3.5536 -0.75572
2 54 204 -3.9605 1.9289 1.9691 -2.8725 1.4864 1.5034 -2.4454 1.471 2.3892 -0.89028 1.007 2.2018 -0.1902 -0.36042 2.3348 -3.325 1.5108 0.63043 -2.2784 1.0239 -0.5256 -1.8267 -0.27887 -1.2158 0.38107 0.027229 0.69104 -0.45807 -1.8727 1.0079 0.080995 -3.5904 0.90946 -0.38107 -0.027229 -0.69104 -1.1518 -1.9391 -0.28454 -0.45143 -3.5536 -0.67665
2 55 192 -4.2791 1.9539 1.0734 -3.1139 1.5168 0.85416 -2.8888 1.4961 1.8114 -1.2793 1.2608 1.9619 -0.33281 0.097194 2.3196 -3.3665 1.5466 -0.095933 -2.0666 1.2672 -1.0452 -1.3173 0.15284 -1.8031 0.22609 0.025459 0.75613 -0.65062 -1.8799 0.87898 -0.10023 -3.5968 0.89658 -0.22609 -0.025459 -0.75613 -1.0461 -1.9461 -0.52647 -0.28535 -3.5638 -0.76134
2 56 192 -4.2909 1.9422 1.038 -3.1174 1.5224 0.82701 -2.9027 1.4976 1.7865 -1.2764 1.4758 1.9399 -0.11921 0.55327 2.3729 -3.3599 1.556 -0.1256 -2.0423 1.4847 -1.0888 -1.1982 0.56874 -1.9978 0.21795 0.021492 0.75864 -0.66222 -1.8831 0.86812 -0.093003 -3.5939 0.88646 -0.21795 -0.021492 -0.75864 -1.0331 -1.945 -0.5354 -0.27631 -3.5647 -0.76936
2 57 192 -4.3236 1.8792 1.0144 -3.1416 1.482 0.80782 -2.929 1.4539 1.7677 -1.3107 1.6198 1.917 -0.023205 0.93059 2.412 -3.382 1.5184 -0.1452 -2.0588 1.6398 -1.0955 -1.1711 0.9053 -2.1202 0.20979 0.016918 0.76105 -0.7031 -1.8724 0.86779 -0.10034 -3.5716 0.88012 -0.20979 -0.016918 -0.76105 -1.0492 -1.9307 -0.54382 -0.27911 -3.5446 -0.77398
2 58 192 -4.3717 1.7787 0.98679 -3.1794 1.4074 0.79097 -2.9783 1.3749 1.7532 -1.3817 1.6954 1.8836 -0.030085 1.1902 2.4272 -3.4086 1.4475 -0.16466 -2.088 1.7422 -1.08 -1.2 1.1201 -2.1765 0.20225 0.012627 0.76317 -0.77237 -1.8454 0.87367 -0.11815 -3.5255 0.87372 -0.20225 -0.012627 -0.76317 -1.0976 -1.9024 -0.55954 -0.2929 -3.5005 -0.78156
2 59 192 -4.4242 1.6634 0.9557 -3.2221 1.3187 0.77498 -3.0283 1.279 1.7384 -1.4565 1.712 1.8408 -0.085747 1.3134 2.4238 -3.444 1.3656 -0.18205 -2.1232 1.7821 -1.0485 -1.2531 1.1928 -2.1769 0.19431 0.010248 0.76527 -0.85871 -1.8044 0.87642 -0.13372 -3.4552 0.86233 -0.19432 -0.010248 -0.76527 -1.1667 -1.8631 -0.57607 -0.30421 -3.4329 -0.78247
2 60 192 -4.4666 1.5685 0.93186 -3.2594 1.2386 0.76149 -3.067 1.1953 1.7251 -1.5051 1.6679 1.8007 -0.13957 1.2769 2.4008 -3.48 1.2887 -0.19568 -2.1386 1.7386 -1.0122 -1.2894 1.1176 -2.1396 0.18999 0.010645 0.76635 -0.94576 -1.7535 0.87597 -0.14064 -3.3666 0.84612 -0.18999 -0.010645 -0.76635 -1.2442 -1.8188 -0.58314 -0.30686 -3.3453 -0.7882
2 60 204 -4.1752 1.5685 1.8402 -3.0298 1.2386 1.4225 -2.6414 1.1953 2.3251 -1.0978 1.6679 2.0743 0.36263 1.2769 2.3774 -3.4447 1.2887 0.53214 -2.3023 1.7386 -0.54549 -1.7061 1.1176 -1.8248 0.34517 0.010645 0.7101 -0.74297 -1.7535 1.0535 0.038355 -3.3666 0.85687 -0.34517 -0.010645 -0.7101 -1.3382 -1.8188 -0.31171 -0.46403 -3.3453 -0.70717
2 61 192 -4.4885 1.5293 0.90044 -3.2807 1.1956 0.74286 -3.1001 1.1451 1.7084 -1.5214 1.5626 1.7536 -0.18858 1.0738 2.3556 -3.4897 1.253 -0.21652 -2.1077 1.6294 -1.0022 -1.3161 0.8901 -2.0996 0.18425 0.0082362 0.76778 -1.0359 -1.6987 0.87792 -0.13652 -3.2607 0.83098 -0.18425 -0.0082364 -0.76778 -1.3173 -1.7684 -0.58774 -0.29443 -3.239 -0.79182
2 61 204 -4.2032 1.5293 1.814 -3.0546 1.1956 1.4087 -2.6772 1.1451 2.3156 -1.1235 1.5626 2.0315 0.3053 1.0738 2.3434 -3.4584 1.253 0.51375 -2.27 1.6294 -0.54204 -1.7239 0.8901 -1.7801 0.33985 0.0082362 0.71269 -0.83069 -1.6987 1.0741 0.039233 -3.2607 0.84121 -0.33985 -0.0082364 -0.71269 -1.4107 -1.7684 -0.30101 -0.45263 -3.239 -0.71331
2 62 192 -4.4831 1.5726 0.87084 -3.2814 1.2132 0.72102 -3.11 1.1632 1.6882 -1.4947 1.4061 1.7128 -0.25566 0.70331 2.3031 -3.481 1.2707 -0.24034 -2.0495 1.4354 -1.0099 -1.3883 0.49515 -2.0377 0.17575 -0.0022628 0.76981 -1.1325 -1.6419 0.88931 -0.12201 -3.1332 0.81358 -0.17575 0.0022628 -0.76981 -1.3859 -1.7072 -0.60338 -0.27144 -3.1108 -0.80075
2 62 204 -4.2041 1.5726 1.7839 -3.0598 1.2132 1.3875 -2.6911 1.1632 2.2979 -1.106 1.4061 1.9861 0.22877 0.70331 2.306 -3.4549 1.2707 0.48866 -2.2146 1.4354 -0.56169 -1.7816 0.49515 -1.7045 0.33196 -0.0022628 0.71645 -0.92287 -1.6419 1.1053 0.049809 -3.1332 0.82117 -0.33196 0.0022628 -0.71645 -1.481 -1.7072 -0.30207 -0.432 -3.1108 -0.72682
2 63 192 -4.4336 1.7299 0.83703 -3.2478 1.3166 0.69977 -3.0906 1.2596 1.669 -1.4591 1.18 1.6936 -0.43434 0.18074 2.2672 -3.433 1.3824 -0.26395 -2.0041 1.1872 -1.0314 -1.5952 -0.0037353 -1.9214 0.17072 -0.012081 0.77085 -1.2077 -1.5914 0.91175 -0.078021 -2.9925 0.80254 -0.17072 0.012081 -0.77085 -1.4508 -1.648 -0.62976 -0.23939 -2.9694 -0.82231
2 63 204 -4.1627 1.7299 1.7405 -3.0313 1.3166 1.3597 -2.676 1.2596 2.2751 -1.0751 1.18 1.9599 0.046534 0.18074 2.308 -3.4128 1.3824 0.45558 -2.1747 1.1872 -0.59215 -1.9598 -0.0037353 -1.5477 0.32726 -0.012081 0.71851 -0.99175 -1.5914 1.1429 0.090541 -2.9925 0.80122 -0.32726 0.012081 -0.71851 -1.55 -1.648 -0.31436 -0.40513 -2.9694 -0.75457
2 64 192 -4.3252 2.0029 0.79152 -3.17 1.5079 0.67065 -3.0217 1.4472 1.6411 -1.4788 0.91296 1.6942 -0.87664 -0.39513 2.2455 -3.3457 1.579 -0.29446 -2.0542 0.91435 -1.0421 -2.0653 -0.47942 -1.7016 0.16487 -0.018372 0.772 -1.2796 -1.5341 0.94668 -0.033224 -2.8297 0.80898 -0.16487 0.018372 -0.772 -1.5075 -1.594 -0.6629 -0.19883 -2.82 -0.85072
2 64 204 -4.0662 2.0029 1.6735 -2.9613 1.5079 1.3151 -2.6145 1.4472 2.2334 -1.0943 0.91296 1.9646 -0.39061 -0.39513 2.3787 -3.3338 1.579 0.40758 -2.226 0.91435 -0.59224 -2.3739 -0.47942 -1.235 0.32178 -0.018372 0.72085 -1.0548 -1.5341 1.192 0.1357 -2.8297 0.79821 -0.32178 0.018372 -0.72085 -1.6123 -1.594 -0.33499 -0.37136 -2.82 -0.79079
2 65 204 -3.903 2.3653 1.5899 -2.8538 1.7516 1.2538 -2.5145 1.6898 2.1749 -1.2646 0.6498 2.0173 -1.2324 -0.79805 2.5468 -3.218 1.826 0.34324 -2.4201 0.67543 -0.49837 -3.0295 -0.72126 -0.73416 0.31649 -0.019672 0.72315 -1.113 -1.469 1.2428 0.1521 -2.6744 0.79848 -0.31649 0.019672 -0.72315 -1.6617 -1.5538 -0.3642 -0.32924 -2.68 -0.81958
2 65 216 -3.4872 2.3653 2.3667 -2.5307 1.7516 1.8198 -2.0074 1.6898 2.6502 -0.81755 0.6498 2.2361 -0.67597 -0.79805 2.7474 -3.0763 1.826 1.0048 -2.4708 0.67543 0.015682 -3.1159 -0.72126 -0.088254 0.45993 -0.019672 0.64154 -0.83032 -1.469 1.4471 0.31479 -2.6744 0.7494 -0.45993 0.019672 -0.64154 -1.7011 -1.5538 -0.010757 -0.49245 -2.68 -0.73322
2 66 204 -3.6857 2.7471 1.4956 -2.7147 2.0097 1.1826 -2.3823 1.9504 2.1064 -1.6503 0.49018 2.1309 -2.3748 -0.70183 2.788 -3.0709 2.0838 0.26887 -2.7772 0.57717 -0.2903 -3.8086 -0.55439 -0.10721 0.31425 -0.016834 0.7242 -1.1159 -1.4613 1.2556 0.20552 -2.5888 0.77251 -0.31425 0.016834 -0.7242 -1.6856 -1.5408 -0.39666 -0.27423 -2.5713 -0.84063
2 66 216 -3.2942 2.7471 2.2292 -2.4095 2.0097 1.7212 -1.8923 1.9504 2.5557 -1.1712 0.49018 2.4274 -1.7432 -0.70183 3.2209 -2.9479 2.0838 0.90148 -2.7769 0.57717 0.29346 -3.7476 -0.55439 0.68698 0.45795 -0.016834 0.64303 -0.8305 -1.4613 1.4602 0.36164 -2.5888 0.71289 -0.45795 0.016834 -0.64303 -1.7313 -1.5408 -0.037528 -0.44302 -2.5713 -0.76524
2 67 204 -3.4573 3.0711 1.4126 -2.5618 2.2381 1.1217 -2.2317 2.1827 2.0465 -2.1879 0.57341 2.3237 -3.4546 0.045649 3.0271 -2.9145 2.3102 0.20638 -3.2108 0.72285 -0.040836 -4.5288 0.16178 0.52992 0.31529 -0.014904 0.72379 -1.0751 -1.5057 1.2323 0.2883 -2.5751 0.73372 -0.31529 0.014904 -0.72379 -1.6493 -1.5822 -0.43399 -0.18921 -2.5453 -0.87136
2 67 216 -3.088 3.0711 2.1006 -2.2726 2.2381 1.6298 -1.7575 2.1827 2.4658 -1.657 0.57341 2.7279 -2.7498 0.045649 3.6792 -2.8079 2.3102 0.80783 -3.1492 0.72285 0.62763 -4.3197 0.16178 1.4599 0.45889 -0.014904 0.64242 -0.79539 -1.5057 1.4289 0.43454 -2.5751 0.65774 -0.45889 0.014904 -0.64242 -1.7035 -1.5822 -0.08159 -0.36624 -2.5453 -0.81298
2 68 204 -3.2557 3.3117 1.3448 -2.4291 2.4021 1.0883 -2.1093 2.3522 2.017 -2.6797 0.93147 2.5871 -4.0693 1.2819 3.1564 -2.7704 2.4707 0.1684 -3.6241 1.0779 0.16403 -4.9233 1.3407 0.95179 0.31947 -0.016322 0.72192 -0.9893 -1.5958 1.1766 0.39724 -2.639 0.68666 -0.31947 0.016322 -0.72192 -1.549 -1.6689 -0.47164 -0.080654 -2.6089 -0.93129
2 68 216 -2.905 3.3117 1.9923 -2.1497 2.4021 1.5695 -1.6438 2.3522 2.4115 -2.0833 0.93147 3.0877 -3.3241 1.2819 3.9334 -2.6748 2.4707 0.74071 -3.5108 1.0779 0.91394 -4.6179 1.3407 1.9546 0.46259 -0.016322 0.63972 -0.72304 -1.5958 1.3566 0.53132 -2.639 0.58907 -0.46259 0.016322 -0.63972 -1.6132 -1.6689 -0.13928 -0.27252 -2.6089 -0.89417
2 69 204 -3.0614 3.5201 1.2633 -2.3117 2.5379 1.0466 -2.0065 2.5046 1.981 -2.9929 1.4813 2.7863 -4.0655 2.5445 3.0972 -2.6372 2.5916 0.12003 -3.8984 1.5642 0.27 -4.8291 2.5608 0.98984 0.32164 -0.016275 0.72096 -0.81621 -1.744 1.0879 0.56903 -2.7939 0.60861 -0.32164 0.016275 -0.72096 -1.3737 -1.7922 -0.52926 0.062843 -2.7576 -1.0345
2 69 216 -2.7319 3.5201 1.8722 -2.0436 2.5379 1.5043 -1.5508 2.5046 2.3549 -2.3481 1.4813 3.3477 -3.3327 2.5445 3.8748 -2.5546 2.5916 0.66571 -3.7571 1.5642 1.0746 -4.5178 2.5608 1.9722 0.46451 -0.016275 0.63833 -0.57219 -1.744 1.2339 0.68314 -2.7939 0.477 -0.46451 0.016275 -0.63833 -1.4537 -1.7922 -0.23209 -0.15361 -2.7576 -1.0249
2 70 204 -2.7823 3.7829 1.1621 -2.1237 2.731 0.96273 -1.81 2.7022 1.8945 -2.9917 2.0517 2.8161 -3.6083 3.4643 2.8626 -2.4553 2.7824 0.038209 -3.9184 2.0889 0.25569 -4.3779 3.4785 0.74095 0.31801 -0.017178 0.72255 -0.50722 -1.9322 0.97972 0.83327 -3.0351 0.49226 -0.31801 0.017178 -0.72255 -1.1005 -1.9312 -0.64607 0.27886 -2.9673 -1.1703
2 70 216 -2.4799 3.7829 1.7152 -1.8771 2.731 1.3832 -1.3766 2.7022 2.2294 -2.3408 2.0517 3.3765 -2.9343 3.4643 3.5502 -2.3937 2.7824 0.54786 -3.7796 2.0889 1.0648 -4.1282 3.4785 1.635 0.46129 -0.017178 0.64064 -0.29244 -1.9322 1.0638 0.91741 -3.0351 0.30825 -0.46129 0.017178 -0.64064 -1.2108 -1.9312 -0.40315 0.029447 -2.9673 -1.2027
2 71 192 -2.5108 4.1141 0.51287 -1.9469 2.9873 0.42902 -1.7988 2.96 1.401 -3.2073 2.5288 2.1073 -3.4689 4.0353 1.9081 -2.1102 3.04 -0.53945 -3.6606 2.5333 -0.6302 -3.8626 4.0413 -0.37987 0.14924 -0.020804 0.77511 -0.29503 -2.0737 0.82706 1.0215 -3.2922 0.64601 -0.14924 0.020804 -0.77511 -0.57867 -2.0299 -0.93097 0.78104 -3.1838 -1.1969
2 84 204 -2.1989 4.2709 0.6961 -1.6012 3.171 0.50569 -1.2681 3.1877 1.4309 -1.9796 2.0705 2.3871 -2.858 3.3375 2.4196 -1.9489 3.1798 -0.4143 -3.1341 2.0919 -0.69806 -3.8702 3.3086 -0.10177 0.30232 0.028852 0.72888 -1.4046 -0.81491 1.617 -0.83694 -2.5089 1.3738 -0.30232 -0.028852 -0.72888 -2.1302 -0.8767 -0.13355 -1.3449 -2.4815 -0.37605
2 85 204 -2.2265 4.2498 0.69411 -1.5862 3.1736 0.50723 -1.2428 3.199 1.4285 -1.8473 1.9313 2.263 -2.8681 3.0766 2.4178 -1.9448 3.1734 -0.40864 -2.9741 1.9358 -0.68727 -3.9257 2.9999 -0.10419 0.30844 0.028579 0.72633 -1.4792 -0.61269 1.6249 -0.7497 -2.2293 1.3004 -0.30844 -0.028579 -0.72633 -2.1938 -0.73098 -0.12113 -1.2244 -2.2193 -0.43119
2 86 204 -2.2847 4.2083 0.72348 -1.6207 3.1466 0.53994 -1.293 3.1782 1.4668 -1.7961 1.8015 2.1881 -2.9871 2.753 2.4203 -1.9647 3.1394 -0.38146 -2.8717 1.8101 -0.66231 -3.9847 2.6817 -0.046559 0.30225 0.019693 0.72922 -1.5311 -0.50287 1.6124 -0.68514 -2.0511 1.2408 -0.30225 -0.019693 -0.72922 -2.2141 -0.63978 -0.1173 -1.1322 -2.0387 -0.46847
2 87 204 -2.3763 4.149 0.75162 -1.7008 3.0951 0.58161 -1.372 3.121 1.5082 -1.803 1.691 2.17 -3.1204 2.4491 2.4292 -2.0468 3.0929 -0.33909 -2.874 1.7175 -0.64379 -4.058 2.4458 0.023693 0.29967 0.016824 0.73035 -1.5614 -0.44187 1.5908 -0.64234 -1.9417 1.1949 -0.29967 -0.016824 -0.73035 -2.2233 -0.59795 -0.11697 -1.0669 -1.9289 -0.49401
2 88 204 -2.4567 4.086 0.80164 -1.7604 3.0491 0.62585 -1.4347 3.0651 1.5537 -1.8187 1.6119 2.1936 -3.2078 2.2274 2.4564 -2.1041 3.0559 -0.29566 -2.8929 1.6647 -0.629 -4.1026 2.314 0.072822 0.29958 0.012181 0.73048 -1.5828 -0.44149 1.546 -0.61707 -1.9144 1.1603 -0.29958 -0.012181 -0.73048 -2.2077 -0.61654 -0.091569 -1.0216 -1.909 -0.50833
2 88 216 -2.2363 4.086 1.2949 -1.5919 3.0491 0.97819 -1.0803 3.0651 1.8181 -1.3228 1.6119 2.5237 -2.627 2.2274 3.0697 -2.1196 3.0559 0.14827 -2.9605 1.6647 -0.013786 -3.9979 2.314 0.92422 0.44491 0.012181 0.65223 -1.2268 -0.44149 1.8413 -0.36235 -1.9144 1.2632 -0.44491 -0.012181 -0.65223 -2.1785 -0.61654 0.36943 -1.105 -1.909 -0.28481
2 89 204 -2.5436 4.0179 0.85529 -1.8255 2.9989 0.67483 -1.5077 2.9991 1.6056 -1.8778 1.5341 2.2265 -3.3061 2.0462 2.5014 -2.1619 3.0209 -0.24913 -2.9377 1.6241 -0.58949 -4.1646 2.226 0.12481 0.30037 0.0086915 0.73021 -1.5955 -0.47694 1.4946 -0.6018 -1.9374 1.1332 -0.30037 -0.0086915 -0.73021 -2.1783 -0.65871 -0.048118 -0.99058 -1.9338 -0.51102
2 89 216 -2.3102 4.0179 1.3655 -1.6453 2.9989 1.0396 -1.141 2.9991 1.884 -1.3739 1.5341 2.5683 -2.7138 2.0462 3.1341 -2.1665 3.0209 0.2058 -2.9961 1.6241 0.03418 -4.0476 2.226 0.98795 0.44562 0.0086915 0.6518 -1.2499 -0.47694 1.7936 -0.35305 -1.9374 1.2335 -0.44562 -0.0086915 -0.6518 -2.1407 -0.65871 0.40582 -1.0752 -1.9338 -0.2939
2 90 204 -2.6323 3.9506 0.90566 -1.8943 2.9477 0.71538 -1.5734 2.9406 1.6451 -1.9369 1.4681 2.252 -3.395 1.8836 2.5331 -2.234 2.9767 -0.20716 -2.9956 1.5746 -0.55747 -4.2347 2.1416 0.16422 0.30219 0.0079288 0.72947 -1.59 -0.54579 1.4555 -0.59752 -2.0151 1.1285 -0.30219 -0.0079288 -0.72947 -2.143 -0.73402 -0.02348 -0.97382 -2.0146 -0.51739
2 90 216 -2.3865 3.9506 1.4332 -1.7041 2.9477 1.0936 -1.197 2.9406 1.9363 -1.4264 1.4681 2.6055 -2.7941 1.8836 3.1836 -2.2283 2.9767 0.26185 -3.0461 1.5746 0.077536 -4.1081 2.1416 1.0411 0.44725 0.0079288 0.6507 -1.2527 -0.54579 1.7543 -0.34982 -2.0151 1.2281 -0.44725 -0.0079288 -0.6507 -2.1011 -0.73402 0.42259 -1.0601 -2.0146 -0.30362
2 91 204 -2.7006 3.8928 0.96241 -1.9489 2.9024 0.76011 -1.6225 2.8924 1.6879 -1.9671 1.4075 2.2755 -3.4522 1.7049 2.5649 -2.2944 2.9339 -0.16019 -3.0314 1.5203 -0.51692 -4.2909 2.0346 0.20896 0.30722 0.005635 0.72738 -1.5539 -0.65908 1.4406 -0.57093 -2.1347 1.1131 -0.30722 -0.005635 -0.72738 -2.1033 -0.82893 -0.012859 -0.95928 -2.1259 -0.52272
2 91 216 -2.4415 3.8928 1.5029 -1.7483 2.9024 1.1487 -1.2361 2.8924 1.9883 -1.451 1.4075 2.6347 -2.8435 1.7049 3.2266 -2.2776 2.9339 0.32036 -3.0727 1.5203 0.12465 -4.1537 2.0346 1.0965 0.45174 0.005635 0.64761 -1.2204 -0.65908 1.7322 -0.32703 -2.1347 1.2075 -0.45174 -0.005635 -0.64761 -2.06 -0.82893 0.42473 -1.047 -2.1259 -0.31186
2 92 204 -2.7566 3.8467 1.0044 -1.9973 2.8643 0.79015 -1.6638 2.8519 1.7153 -1.9744 1.3457 2.2662 -3.4781 1.4721 2.5833 -2.3501 2.8981 -0.12732 -3.0415 1.4628 -0.48872 -4.3407 1.8752 0.23231 0.30909 0.0064747 0.72658 -1.5071 -0.78074 1.4309 -0.54634 -2.271 1.1036 -0.30909 -0.0064747 -0.72658 -2.0574 -0.93439 -0.021867 -0.94597 -2.2585 -0.53396
2 92 216 -2.4876 3.8467 1.5556 -1.7894 2.8643 1.1881 -1.2708 2.8519 2.0238 -1.4601 1.3457 2.6272 -2.865 1.4721 3.25 -2.3252 2.8981 0.36408 -3.0767 1.4628 0.15433 -4.1975 1.8752 1.1297 0.4534 0.0064747 0.64644 -1.1766 -0.78074 1.713 -0.30495 -2.271 1.1931 -0.4534 -0.0064747 -0.64644 -2.017 -0.93439 0.40637 -1.0363 -2.2585 -0.32561
2 93 204 -2.7843 3.82 1.0434 -2.0256 2.8401 0.81577 -1.6813 2.825 1.737 -1.9386 1.2941 2.2459 -3.4351 1.1917 2.603 -2.3892 2.8766 -0.097382 -3.0081 1.4126 -0.47468 -4.3534 1.6477 0.24124 0.31387 0.0078428 0.72452 -1.4479 -0.90659 1.4132 -0.52166 -2.421 1.0977 -0.31387 -0.007843 -0.72452 -2.0026 -1.0495 -0.033671 -0.92942 -2.4045 -0.54657
2 93 216 -2.5065 3.82 1.5995 -1.8118 2.8401 1.2191 -1.2834 2.825 2.0486 -1.4293 1.2941 2.5998 -2.8189 1.1917 3.2603 -2.3572 2.8766 0.40149 -3.0411 1.4126 0.16112 -4.2081 1.6477 1.1411 0.45765 0.0078428 0.64343 -1.1225 -0.90659 1.6833 -0.28203 -2.421 1.1822 -0.45764 -0.007843 -0.64343 -1.9659 -1.0495 0.38344 -1.0227 -2.4045 -0.34139
2 94 204 -2.787 3.813 1.0711 -2.0337 2.8309 0.83617 -1.6819 2.8124 1.7544 -1.8603 1.2542 2.2117 -3.3008 0.87874 2.6139 -2.4047 2.8707 -0.073862 -2.935 1.3791 -0.47693 -4.3045 1.3555 0.23143 0.31865 0.0089302 0.72241 -1.3785 -1.0352 1.3884 -0.4882 -2.5747 1.0914 -0.31865 -0.0089302 -0.72241 -1.9342 -1.1694 -0.046068 -0.90484 -2.5573 -0.56077
2 95 204 -2.759 3.8325 1.0834 -2.0252 2.8355 0.84812 -1.6688 2.8149 1.7646 -1.7585 1.2355 2.1722 -3.0732 0.55297 2.6005 -2.4003 2.8779 -0.06012 -2.8318 1.3625 -0.49147 -4.1745 1.0185 0.1841 0.32321 0.010777 0.72036 -1.305 -1.1516 1.3622 -0.44869 -2.7133 1.0817 -0.32321 -0.010777 -0.72036 -1.8602 -1.2809 -0.057884 -0.8679 -2.6946 -0.57514
