0 91 240 -0.38424 4.7783 0.28051 -0.21362 3.5467 0.18083 0.66547 3.5824 0.62048 2.1875 2.9925 0.55511 3.4015 3.8782 0.20959 -1.0925 3.5407 -0.26057 -2.1642 3.0073 -1.3722 -2.9718 4.0327 -2.1931 0.7004 0.01713 0.36421 0.48555 -2.0433 0.71488 0.77175 -3.7378 0.16939 -0.7004 -0.01713 -0.36421 -1.0171 -2.0833 -0.15184 -0.87512 -3.7034 -0.93013
0 91 252 -0.31752 4.7783 0.35427 -0.17136 3.5467 0.2213 0.77993 3.5824 0.46856 2.2551 2.9925 0.088182 3.3707 3.8782 -0.5022 -1.1228 3.5407 -0.027723 -2.4022 3.0073 -0.89228 -3.3629 4.0327 -1.5273 0.76081 0.01713 0.21063 0.62357 -2.0433 0.59831 0.7901 -3.7378 0.0052292 -0.76081 -0.01713 -0.21063 -1.0265 -2.0833 0.06295 -1.0494 -3.7034 -0.72786
0 91 264 -0.23692 4.7783 0.41254 -0.1216 3.5467 0.25209 0.86031 3.5824 0.29617 2.2241 2.9925 -0.3826 3.1926 3.8782 -1.192 -1.1041 3.5407 0.20633 -2.5352 3.0073 -0.37335 -3.6069 4.0327 -0.79475 0.78798 0.01713 0.047846 0.73434 -2.0433 0.45559 0.77392 -3.7378 -0.15916 -0.78798 -0.01713 -0.047847 -0.99096 -2.0833 0.27499 -1.1778 -3.7034 -0.49378
0 91 276 -0.14597 4.7783 0.45279 -0.066531 3.5467 0.27186 0.90309 3.5824 0.11083 2.096 2.9925 -0.83666 2.875 3.8782 -1.8298 -1.037 3.5407 0.43137 -2.5574 3.0073 0.1619 -3.6933 4.0327 -0.027463 0.78071 0.01713 -0.11703 0.81301 -2.0433 0.29296 0.72392 -3.7378 -0.31658 -0.78071 -0.01713 0.11703 -0.91213 -2.0833 0.47501 -1.2547 -3.7034 -0.23811
0 91 288 -0.048645 4.7783 0.47324 -0.0085539 3.5467 0.27975 0.90639 3.5824 -0.079357 1.8762 2.9925 -1.2542 2.4318 3.8782 -2.3875 -0.92469 3.5407 0.63756 -2.4679 3.0073 0.69008 -3.6183 4.0327 0.74102 0.73932 0.01713 -0.27679 0.85616 -2.0433 0.11752 0.64228 -3.7378 -0.46018 -0.73932 -0.01713 0.27679 -0.79344 -2.0833 0.65428 -1.2768 -3.7034 0.027958
0 92 228 -0.41948 4.7848 0.15541 -0.22151 3.5555 0.096336 0.544 3.5848 0.71319 2.0936 3.3443 1.1709 3.0236 4.5739 1.1434 -0.9864 3.556 -0.52196 -2.0191 3.3356 -1.7684 -2.597 4.6191 -2.3981 0.60512 0.01861 0.50694 0.32606 -2.0433 0.79859 0.71651 -3.7414 0.33495 -0.60512 -0.01861 -0.50694 -0.96218 -2.0836 -0.35686 -0.66784 -3.7082 -1.0814
0 92 240 -0.378 4.7848 0.23922 -0.19664 3.5555 0.14028 0.68039 3.5848 0.5845 2.2913 3.3443 0.71002 3.1953 4.5739 0.48978 -1.0734 3.556 -0.30547 -2.3427 3.3356 -1.31 -3.0389 4.6191 -1.8057 0.69729 0.01861 0.37005 0.48497 -2.0433 0.71335 0.77049 -3.7414 0.17866 -0.69729 -0.01861 -0.37005 -1.0154 -2.0836 -0.14901 -0.87808 -3.7082 -0.91892
0 92 252 -0.32 4.7848 0.31259 -0.16317 3.5555 0.1781 0.78705 3.5848 0.43027 2.3889 3.3443 0.21811 3.2273 4.5739 -0.18526 -1.1134 3.556 -0.07563 -2.5638 3.3356 -0.79429 -3.3479 4.6191 -1.1344 0.75899 0.01861 0.21699 0.62269 -2.0433 0.59693 0.7908 -3.7414 0.014558 -0.75899 -0.01861 -0.21699 -1.0241 -2.0836 0.065345 -1.0499 -3.7082 -0.71627
0 92 264 -0.24802 4.7848 0.37229 -0.12258 3.5555 0.20814 0.85931 3.5848 0.25723 2.382 3.3443 -0.28333 3.1183 4.5739 -0.85221 -1.1048 3.556 0.15752 -2.673 3.3356 -0.24389 -3.5106 4.6191 -0.41359 0.78752 0.01861 0.054443 0.73319 -2.0433 0.45442 0.77654 -3.7414 -0.15018 -0.78752 -0.01861 -0.054444 -0.98818 -2.0836 0.27685 -1.1759 -3.7082 -0.48232
0 92 276 -0.16519 4.7848 0.41572 -0.076625 3.5555 0.22907 0.89401 3.5848 0.072949 2.2711 3.3443 -0.77239 2.8729 4.5739 -1.4819 -1.0479 3.556 0.38378 -2.6652 3.3356 0.31718 -3.5199 4.6191 0.32534 0.78163 0.01861 -0.11048 0.81165 -2.0433 0.29205 0.72835 -3.7414 -0.30835 -0.78163 -0.01861 0.11048 -0.90902 -2.0836 0.47625 -1.2505 -3.7082 -0.2273
0 92 288 -0.075152 4.7848 0.44098 -0.027324 3.5555 0.24 0.88964 3.5848 -0.11452 2.0609 3.3443 -1.2277 2.502 4.5739 -2.0468 -0.94524 3.556 0.59327 -2.5411 3.3356 0.86439 -3.3753 4.6191 1.0501 0.74158 0.01861 -0.27058 0.85463 -2.0433 0.11692 0.64833 -3.7414 -0.45304 -0.74158 -0.01861 0.27058 -0.79014 -2.0836 0.65484 -1.2704 -3.7082 0.037667
0 93 216 -0.40058 4.7941 0.031657 -0.18979 3.565 0.027376 0.41723 3.6044 0.80025 1.7393 3.7232 1.7524 2.2719 5.1654 1.872 -0.7961 3.5553 -0.74699 -1.7255 3.6664 -2.0859 -2.1609 5.0988 -2.4549 0.48703 0.015961 0.62133 0.14954 -2.0447 0.8541 0.62492 -3.7453 0.48981 -0.48703 -0.015962 -0.62133 -0.8654 -2.0812 -0.54441 -0.43621 -3.7119 -1.1827
0 93 228 -0.38525 4.7941 0.11425 -0.17995 3.565 0.066237 0.5745 3.6044 0.69601 2.0657 3.7232 1.3525 2.6115 5.1654 1.3587 -0.93402 3.5553 -0.56515 -2.1215 3.6664 -1.6816 -2.6241 5.0988 -1.9519 0.60557 0.015961 0.50649 0.32385 -2.0447 0.80434 0.7131 -3.7453 0.34918 -0.60557 -0.015962 -0.50649 -0.95967 -2.0812 -0.35259 -0.67258 -3.7119 -1.0662
0 93 240 -0.35307 4.7941 0.19185 -0.16225 3.565 0.1022 0.70665 3.6044 0.56136 2.3017 3.7232 0.89349 2.8369 5.1654 0.78608 -1.0311 3.5553 -0.35861 -2.4247 3.6664 -1.2038 -2.9726 5.0988 -1.3637 0.69764 0.015961 0.36952 0.484 -2.0447 0.71943 0.77012 -3.7453 0.19329 -0.69764 -0.015962 -0.36952 -1.012 -2.0812 -0.14536 -0.87955 -3.7119 -0.90306
0 93 252 -0.30547 4.7941 0.26107 -0.13745 3.565 0.1337 0.80792 3.6044 0.40217 2.4372 3.7232 0.39541 2.9384 5.1654 0.17907 -1.0831 3.5553 -0.13639 -2.622 3.6664 -0.67332 -3.1912 5.0988 -0.71587 0.75922 0.015961 0.2164 0.62301 -2.0447 0.60308 0.79348 -3.7453 0.028946 -0.75922 -0.015962 -0.2164 -1.0201 -2.0812 0.068228 -1.0481 -3.7119 -0.70045
0 94 216 -0.35779 4.8044 0.025135 -0.14835 3.572 0.020952 0.45471 3.6063 0.79716 1.5744 4.0482 1.9015 1.7338 5.5803 1.9721 -0.75104 3.5675 -0.7563 -1.8557 3.9309 -1.9036 -2.2956 5.4085 -1.9306 0.493 0.013351 0.61666 0.1463 -2.0444 0.86113 0.62043 -3.7466 0.50239 -0.493 -0.013351 -0.61666 -0.87168 -2.0785 -0.53969 -0.446 -3.715 -1.1655
0 94 228 -0.34475 4.8044 0.098975 -0.14075 3.572 0.051338 0.61051 3.6063 0.6852 1.9354 4.0482 1.5326 2.1059 5.5803 1.5686 -0.89187 3.5675 -0.58362 -2.2109 3.9309 -1.4762 -2.6468 5.4085 -1.4111 0.61043 0.013351 0.50069 0.32214 -2.0444 0.81189 0.71133 -3.7466 0.36242 -0.61044 -0.013351 -0.50069 -0.96484 -2.0785 -0.34667 -0.67858 -3.715 -1.0473
0 94 240 -0.31664 4.8044 0.16849 -0.127 3.572 0.07948 0.73963 3.6063 0.5433 2.2117 4.0482 1.0968 2.386 5.5803 1.0965 -0.99372 3.5675 -0.38544 -2.4695 3.9309 -0.98428 -2.8823 5.4085 -0.82995 0.70119 0.013351 0.36283 0.4839 -2.0444 0.72717 0.77113 -3.7466 0.2066 -0.70119 -0.013351 -0.36283 -1.0158 -2.0785 -0.13849 -0.8815 -3.715 -0.88333
0 94 252 -0.27469 4.8044 0.23064 -0.1077 3.572 0.10415 0.83643 3.6063 0.37765 2.3914 4.0482 0.61294 2.5618 5.5803 0.57642 -1.0521 3.5675 -0.17041 -2.6202 3.9309 -0.44932 -2.9919 5.4085 -0.21255 0.76131 0.013351 0.20912 0.62452 -2.0444 0.61067 0.79724 -3.7466 0.041761 -0.76131 -0.013351 -0.20912 -1.0224 -2.0785 0.075738 -1.0459 -3.715 -0.68076
0 95 228 -0.28824 4.8169 0.090244 -0.11288 3.5752 0.055652 0.63808 3.5982 0.69038 1.7079 4.2965 1.7086 1.5244 5.8252 1.7919 -0.86357 3.582 -0.57979 -2.2675 4.1301 -1.2101 -2.6356 5.5803 -0.83703 0.61516 0.010769 0.49494 0.32085 -2.0434 0.82369 0.70612 -3.7487 0.38278 -0.61516 -0.01077 -0.49494 -0.97029 -2.0753 -0.33365 -0.68455 -3.7164 -1.0235
0 95 240 -0.26318 4.8169 0.1482 -0.098847 3.5752 0.077906 0.76768 3.5982 0.54263 2.0258 4.2965 1.3161 1.8637 5.8252 1.4358 -0.96525 3.582 -0.38757 -2.4696 4.1301 -0.71217 -2.7521 5.5803 -0.27076 0.70462 0.010769 0.35622 0.48509 -2.0434 0.73898 0.77027 -3.7487 0.22761 -0.70462 -0.01077 -0.35622 -1.0185 -2.0753 -0.12462 -0.88239 -3.7164 -0.8588
0 95 252 -0.22662 4.8169 0.19968 -0.080489 3.5752 0.096755 0.86372 3.5982 0.37116 2.2551 4.2965 0.8662 2.1215 5.8252 1.017 -1.0247 3.582 -0.17841 -2.5637 4.1301 -0.18316 -2.7482 5.5803 0.30735 0.76328 0.010769 0.20194 0.62814 -2.0434 0.62198 0.80076 -3.7487 0.062484 -0.76328 -0.01077 -0.20194 -1.0221 -2.0753 0.089848 -1.0417 -3.7164 -0.65658
0 96 228 -0.22814 4.8279 0.084104 -0.10099 3.5755 0.066987 0.64847 3.583 0.70386 1.4028 4.4369 1.8745 0.9114 5.8913 2.0198 -0.8498 3.5979 -0.57031 -2.3147 4.2401 -0.90256 -2.6347 5.601 -0.25212 0.61755 0.010407 0.49196 0.31609 -2.0406 0.83375 0.69697 -3.751 0.40887 -0.61755 -0.010407 -0.49196 -0.97631 -2.0732 -0.31781 -0.69369 -3.719 -0.99794
0 96 240 -0.20567 4.8279 0.1297 -0.084857 3.5755 0.086521 0.78064 3.583 0.55366 1.7619 4.4369 1.5419 1.3114 5.8913 1.7862 -0.94981 3.5979 -0.38116 -2.4518 4.2401 -0.40158 -2.6296 5.601 0.30118 0.70634 0.010407 0.35281 0.48253 -2.0406 0.74982 0.76675 -3.751 0.25503 -0.70634 -0.010407 -0.35281 -1.0211 -2.0732 -0.10788 -0.88602 -3.719 -0.83191
0 96 252 -0.17421 4.8279 0.16963 -0.065014 3.5755 0.10227 0.8787 3.583 0.37925 2.044 4.4369 1.1419 1.6541 5.8913 1.4745 -1.0083 3.5979 -0.17536 -2.4817 4.2401 0.11694 -2.5095 5.601 0.84132 0.76426 0.010407 0.19824 0.62788 -2.0406 0.63311 0.80302 -3.751 0.090041 -0.76426 -0.010407 -0.19824 -1.0212 -2.0732 0.10677 -1.0396 -3.719 -0.62951
0 97 228 -0.16991 4.834 0.082786 -0.088464 3.5752 0.077102 0.66109 3.566 0.71385 1.06 4.4478 2.0299 0.32736 5.7892 2.2337 -0.83688 3.6141 -0.55986 -2.3347 4.2658 -0.58305 -2.6194 5.4861 0.31554 0.61592 0.0091467 0.49402 0.30924 -2.0395 0.84533 0.69184 -3.7526 0.43335 -0.61592 -0.0091467 -0.49402 -0.97771 -2.0706 -0.31002 -0.70317 -3.7235 -0.97598
0 97 240 -0.14899 4.834 0.1163 -0.0705 3.5752 0.09381 0.79506 3.566 0.5608 1.4589 4.4478 1.7652 0.78463 5.7892 2.1169 -0.93499 3.6141 -0.37363 -2.4049 4.2658 -0.084898 -2.4965 5.4861 0.85324 0.70517 0.0091467 0.35517 0.47824 -2.0395 0.76256 0.76682 -3.7526 0.28004 -0.70517 -0.0091467 -0.35517 -1.0208 -2.0706 -0.099964 -0.89072 -3.7235 -0.80846
0 97 252 -0.12155 4.834 0.14474 -0.049456 3.5752 0.10642 0.89429 3.566 0.38324 1.794 4.4478 1.4233 1.2076 5.7892 1.9075 -0.99224 3.6141 -0.17107 -2.37 4.2658 0.41697 -2.2646 5.4861 1.3537 0.76361 0.0091467 0.2008 0.62633 -2.0395 0.64647 0.80829 -3.7526 0.11449 -0.76361 -0.0091467 -0.2008 -1.0193 -2.0706 0.11446 -1.0393 -3.7235 -0.6056
0 98 240 -0.098103 4.839 0.10439 -0.053815 3.576 0.10162 0.80644 3.5582 0.57808 1.1407 4.35 1.9674 0.29766 5.5639 2.4071 -0.91283 3.6235 -0.37503 -2.3241 4.2146 0.19727 -2.3433 5.2522 1.3377 0.70221 0.0064335 0.36105 0.47356 -2.0407 0.77488 0.76847 -3.7559 0.30361 -0.70221 -0.006433 -0.36105 -1.0202 -2.0662 -0.095521 -0.89202 -3.727 -0.78555
0 98 252 -0.074257 4.839 0.1225 -0.031511 3.576 0.11059 0.90901 3.5582 0.39778 1.5248 4.35 1.6872 0.79163 5.5639 2.2926 -0.97086 3.6235 -0.17704 -2.2323 4.2146 0.67618 -2.014 5.2522 1.7957 0.76193 0.0064335 0.20716 0.62432 -2.0407 0.65949 0.81481 -3.7559 0.13721 -0.76193 -0.006433 -0.20716 -1.0178 -2.0662 0.11869 -1.0359 -3.727 -0.58292
0 99 240 -0.060983 4.8428 0.1058 -0.039957 3.5784 0.11491 0.81031 3.5479 0.60836 0.83802 4.1457 2.1285 -0.13521 5.2284 2.6365 -0.88902 3.6385 -0.37787 -2.2402 4.0849 0.4245 -2.198 4.9344 1.7106 0.69724 0.0030518 0.37061 0.4622 -2.0429 0.7868 0.76954 -3.7581 0.32364 -0.69723 -0.0030513 -0.37061 -1.0189 -2.0608 -0.094058 -0.8916 -3.7298 -0.76415
0 99 252 -0.037653 4.8428 0.11617 -0.015191 3.5784 0.12071 0.91908 3.5479 0.4266 1.2622 4.1457 1.9077 0.41591 5.2284 2.607 -0.94815 3.6385 -0.18477 -2.103 4.0849 0.88099 -1.7943 4.9344 2.1302 0.75905 0.0030518 0.21755 0.61568 -2.0429 0.67351 0.82001 -3.7581 0.15657 -0.75905 -0.0030513 -0.21755 -1.0162 -2.0608 0.11984 -1.031 -3.7298 -0.56208
0 99 264 -0.012677 4.8428 0.12146 0.010238 3.5784 0.12123 0.98769 3.5479 0.22619 1.6313 4.1457 1.6036 0.94885 5.2284 2.4636 -0.96585 3.6385 0.016397 -1.8739 4.0849 1.299 -1.3121 4.9344 2.4567 0.7877 0.0030518 0.054978 0.74226 -2.0429 0.53079 0.83464 -3.7581 -0.01734 -0.7877 -0.0030513 -0.054979 -0.96906 -2.0608 0.3285 -1.1253 -3.7298 -0.33544
1 8 60 -0.50543 4.672 1.087 -0.37037 3.4308 0.89902 0.49045 3.4113 1.3744 1.9415 2.6735 1.5115 3.2944 2.935 2.2034 -1.2319 3.48 0.42704 -2.1564 2.7236 -0.68734 -3.574 2.9853 -1.2347 0.71403 -0.018736 0.33661 0.54223 -1.9796 1.0712 0.9635 -3.6938 0.70366 -0.71403 0.018736 -0.3366 -1.328 -1.9325 0.14315 -1.091 -3.5689 -0.57569
1 8 72 -0.26839 4.672 1.1683 -0.17535 3.4308 0.95638 0.76549 3.4113 1.2424 2.2133 2.6735 1.0748 3.6806 2.935 1.4703 -1.1162 3.48 0.67383 -2.2522 2.7236 -0.22397 -3.7526 2.9853 -0.46464 0.76841 -0.018736 0.18079 0.7531 -1.9796 0.93507 1.0887 -3.6938 0.48796 -0.76841 0.018736 -0.18079 -1.2693 -1.9325 0.41613 -1.1868 -3.5689 -0.33628
1 9 60 -0.46888 4.6876 1.0139 -0.34447 3.444 0.83915 0.52072 3.4251 1.3065 2.0592 2.903 1.4777 3.3907 3.3834 2.0892 -1.21 3.4925 0.37453 -2.1687 2.9011 -0.80866 -3.5343 3.3318 -1.3806 0.71507 -0.015308 0.33457 0.63305 -2.0005 1.0177 1.1704 -3.7057 0.78437 -0.71507 0.015309 -0.33457 -1.3444 -1.9609 0.0014264 -1.2253 -3.5913 -0.75915
1 9 72 -0.24782 4.6876 1.0893 -0.16247 3.444 0.89243 0.78098 3.4251 1.1697 2.3214 2.903 1.0173 3.751 3.3834 1.3385 -1.1057 3.4925 0.61792 -2.2894 2.9011 -0.3401 -3.7442 3.3318 -0.61563 0.76901 -0.015308 0.17859 0.8308 -2.0005 0.86382 1.3079 -3.7057 0.52389 -0.76901 0.015309 -0.17859 -1.3147 -1.9609 0.28091 -1.3564 -3.5913 -0.48781
1 10 48 -0.64973 4.7002 0.82894 -0.50011 3.4564 0.68632 0.25182 3.4391 1.3201 1.7819 3.1369 1.8063 2.9173 3.8191 2.5957 -1.2526 3.5035 0.054704 -1.9396 3.0708 -1.3629 -3.1105 3.6407 -2.1887 0.62726 -0.0076876 0.47957 0.52615 -2.0058 1.1211 1.1892 -3.6825 1.115 -0.62726 0.0076876 -0.47957 -1.3445 -1.9664 -0.42645 -1.122 -3.565 -1.23
1 10 60 -0.46319 4.7002 0.94591 -0.34649 3.4564 0.7753 0.52078 3.4391 1.2389 2.1185 3.1369 1.3963 3.3932 3.8191 1.9324 -1.2138 3.5035 0.31393 -2.1806 3.0708 -0.92983 -3.4975 3.6407 -1.4942 0.71326 -0.0076876 0.33867 0.74775 -2.0058 0.98725 1.395 -3.6825 0.84339 -0.71326 0.0076876 -0.33867 -1.4038 -1.9664 -0.13758 -1.3532 -3.565 -0.96987
1 10 72 -0.2564 4.7002 1.0215 -0.17772 3.4564 0.8304 0.76698 3.4391 1.1035 2.3625 3.1369 0.92537 3.7208 3.8191 1.1847 -1.122 3.5035 0.55944 -2.3263 3.0708 -0.45614 -3.7318 3.6407 -0.73435 0.76809 -0.0076876 0.18298 0.93667 -2.0058 0.81021 1.5399 -3.6825 0.53492 -0.76809 0.0076876 -0.18298 -1.4018 -1.9664 0.1573 -1.5253 -3.565 -0.66733
1 11 48 -0.62939 4.7184 0.75382 -0.4769 3.4757 0.61351 0.27131 3.4582 1.2517 1.8357 3.3674 1.7134 2.9221 4.2156 2.4048 -1.2255 3.523 -0.022695 -1.9123 3.2235 -1.4744 -3.0436 3.8982 -2.2759 0.62636 -0.00038433 0.48081 0.6742 -2.0061 1.1047 1.4114 -3.6492 1.1912 -0.62636 0.00038433 -0.48081 -1.4101 -1.9478 -0.54893 -1.2428 -3.5022 -1.4471
1 11 60 -0.4589 4.7184 0.86821 -0.33892 3.4757 0.69926 0.52562 3.4582 1.1679 2.1518 3.3674 1.2943 3.3582 4.2156 1.7447 -1.2034 3.523 0.23259 -2.177 3.2235 -1.0446 -3.4503 3.8982 -1.5933 0.71264 -0.00038433 0.34007 0.88915 -2.0061 0.94038 1.6282 -3.6492 0.8717 -0.71264 0.00038433 -0.34007 -1.4934 -1.9478 -0.24376 -1.5165 -3.5022 -1.1571
1 12 48 -0.58646 4.7346 0.68093 -0.44094 3.4911 0.54934 0.30396 3.4742 1.1914 1.8716 3.5627 1.6422 2.9086 4.5406 2.2305 -1.1859 3.5378 -0.091178 -1.8996 3.3389 -1.5471 -2.9849 4.0937 -2.3409 0.62831 0.0038862 0.47823 0.83336 -1.9904 1.1069 1.6359 -3.6013 1.2151 -0.62831 -0.0038857 -0.47823 -1.4736 -1.9202 -0.64366 -1.3813 -3.4288 -1.6268
1 12 60 -0.43207 4.7346 0.78798 -0.31709 3.4911 0.62901 0.54501 3.4742 1.1021 2.1722 3.5627 1.2172 3.3088 4.5406 1.5771 -1.1789 3.5378 0.15737 -2.1798 3.3389 -1.1183 -3.4064 4.0937 -1.6691 0.71401 0.0038862 0.33715 1.0453 -1.9904 0.90947 1.8528 -3.6013 0.84837 -0.71401 -0.0038857 -0.33715 -1.5753 -1.9202 -0.32321 -1.6893 -3.4288 -1.3041
1 13 48 -0.52017 4.7503 0.60913 -0.3885 3.5053 0.48735 0.35709 3.49 1.1286 1.9074 3.7213 1.5888 2.8942 4.7959 2.088 -1.1337 3.5505 -0.15296 -1.8858 3.4249 -1.5977 -2.9298 4.2425 -2.3846 0.62878 0.0021982 0.47763 0.94364 -1.9763 1.1106 1.798 -3.5629 1.1722 -0.62878 -0.0021982 -0.47763 -1.4739 -1.9114 -0.71167 -1.478 -3.3776 -1.7612
1 13 60 -0.38215 4.7503 0.70397 -0.27868 3.5053 0.55748 0.58394 3.49 1.0297 2.196 3.7213 1.1575 3.2651 4.7959 1.4406 -1.1407 3.5505 0.086093 -2.1768 3.4249 -1.1707 -3.3616 4.2425 -1.7234 0.71434 0.0021982 0.33646 1.1539 -1.9763 0.89016 2.0025 -3.5629 0.77274 -0.71434 -0.0021982 -0.33646 -1.5897 -1.9114 -0.38967 -1.8118 -3.3776 -1.4154
1 14 36 -0.56236 4.7625 0.42686 -0.42701 3.515 0.34904 0.17056 3.4989 1.1301 1.5554 3.8463 1.9239 2.3946 4.9887 2.5308 -1.0238 3.5608 -0.43139 -1.4853 3.4926 -1.997 -2.3464 4.363 -2.9342 0.51759 0.0029078 0.59631 0.71557 -1.9637 1.3087 1.5723 -3.5436 1.4537 -0.51759 -0.0029073 -0.59631 -1.2754 -1.9137 -1.031 -1.1052 -3.3524 -2.1043
1 14 48 -0.46132 4.7625 0.53446 -0.34511 3.515 0.43019 0.40179 3.4989 1.0699 1.9214 3.8463 1.5585 2.8685 4.9887 1.9776 -1.0912 3.5608 -0.20909 -1.868 3.4926 -1.6446 -2.9052 4.363 -2.3823 0.63026 0.0029078 0.47567 0.97202 -1.9637 1.1313 1.8402 -3.5436 1.095 -0.63026 -0.0029073 -0.47567 -1.4619 -1.9137 -0.74324 -1.5186 -3.3524 -1.8285
1 15 36 -0.50877 4.7698 0.37429 -0.39171 3.5196 0.31111 0.21063 3.5055 1.0885 1.5521 3.9556 1.905 2.3473 5.147 2.4758 -0.99289 3.5634 -0.46608 -1.5063 3.5321 -2.0166 -2.3492 4.4405 -2.9342 0.52373 0.0062594 0.5909 0.68625 -1.9507 1.3381 1.5315 -3.5419 1.4045 -0.52373 -0.006259 -0.5909 -1.2845 -1.9224 -0.99594 -1.1184 -3.3419 -2.0951
1 15 48 -0.41984 4.7698 0.47189 -0.31847 3.5196 0.38575 0.43234 3.5055 1.0209 1.9143 3.9556 1.5406 2.8107 5.147 1.9336 -1.0681 3.5634 -0.24946 -1.8927 3.5321 -1.6594 -2.9079 4.4405 -2.3817 0.63514 0.0062594 0.4691 0.94946 -1.9507 1.1662 1.79 -3.5419 1.0554 -0.63514 -0.006259 -0.4691 -1.4635 -1.9224 -0.70711 -1.5296 -3.3419 -1.8168
1 16 36 -0.47516 4.7762 0.33562 -0.36165 3.5249 0.28671 0.24804 3.5189 1.0585 1.5416 4.0487 1.9039 2.2749 5.2851 2.4619 -0.97013 3.5607 -0.48519 -1.5427 3.5656 -2.0152 -2.3639 4.5016 -2.9247 0.53372 0.005724 0.5819 0.61586 -1.9486 1.3488 1.4952 -3.5216 1.2907 -0.53372 -0.0057244 -0.5819 -1.3102 -1.9272 -0.9272 -1.0798 -3.3277 -2.0392
1 16 48 -0.395 4.7762 0.42708 -0.29414 3.5249 0.35564 0.46268 3.5189 0.98377 1.9038 4.0487 1.5418 2.737 5.2851 1.9351 -1.0498 3.5607 -0.27289 -1.928 3.5656 -1.6504 -2.9203 4.5016 -2.3693 0.64304 0.005724 0.45822 0.88283 -1.9486 1.1913 1.7309 -3.5216 0.95161 -0.64304 -0.0057244 -0.45822 -1.4743 -1.9272 -0.63453 -1.4802 -3.3277 -1.7701
1 17 36 -0.47411 4.7841 0.30437 -0.35007 3.5332 0.26917 0.26471 3.5389 1.0369 1.5157 4.0966 1.9272 2.196 5.3685 2.4723 -0.96391 3.5572 -0.49894 -1.6061 3.5605 -2.0011 -2.4142 4.5152 -2.9028 0.53743 0.0050941 0.57848 0.49962 -1.9167 1.4268 1.4633 -3.4226 1.1933 -0.53743 -0.0050941 -0.57848 -1.3411 -1.9148 -0.92688 -0.93111 -3.2738 -2.0386
1 17 48 -0.40047 4.7841 0.39629 -0.28646 3.5332 0.33607 0.4745 3.5389 0.95918 1.8833 4.0966 1.57 2.662 5.3685 1.9617 -1.0466 3.5572 -0.28763 -1.987 3.5605 -1.6234 -2.965 4.5152 -2.3374 0.64596 0.0050941 0.4541 0.78536 -1.9167 1.2918 1.6794 -3.4226 0.86301 -0.64596 -0.0050941 -0.4541 -1.5045 -1.9148 -0.6278 -1.3346 -3.2738 -1.8005
1 17 60 -0.30933 4.7841 0.47089 -0.21033 3.5332 0.38828 0.66356 3.5389 0.83956 2.1685 4.0966 1.1441 3.0117 5.3685 1.3654 -1.0835 3.5572 -0.063746 -2.2811 3.5605 -1.1748 -3.3862 4.5152 -1.6698 0.72626 0.0050941 0.30987 1.0368 -1.9167 1.1003 1.8222 -3.4226 0.49498 -0.72626 -0.0050941 -0.30987 -1.6021 -1.9148 -0.30127 -1.6798 -3.2738 -1.4836
1 18 48 -0.47324 4.792 0.35861 -0.34121 3.5417 0.29547 0.42018 3.5548 0.91794 1.8211 4.0423 1.6025 2.5651 5.3259 2.0225 -1.1024 3.5585 -0.32722 -2.0993 3.4624 -1.6178 -3.097 4.4041 -2.3217 0.64575 0.023301 0.45383 0.69494 -1.8519 1.4002 1.6058 -3.3211 0.88771 -0.64575 -0.023301 -0.45383 -1.5761 -1.8979 -0.64021 -1.2977 -3.2267 -1.8267
1 18 60 -0.38834 4.792 0.44917 -0.27233 3.5417 0.35995 0.60185 3.5548 0.81052 2.1144 4.0423 1.1888 2.9295 5.3259 1.445 -1.1463 3.5585 -0.090874 -2.3898 3.4624 -1.146 -3.512 4.4041 -1.6271 0.72599 0.023301 0.30966 0.97088 -1.8519 1.2251 1.7552 -3.3211 0.53445 -0.72599 -0.023301 -0.30966 -1.6747 -1.8979 -0.29854 -1.6491 -3.2267 -1.5169
1 19 48 -0.55122 4.7813 0.42464 -0.39376 3.5332 0.35057 0.36803 3.5557 0.97229 1.7761 3.8797 1.7346 2.5287 5.1256 2.2436 -1.1561 3.5404 -0.2708 -2.1778 3.2802 -1.5187 -3.2747 4.1269 -2.1951 0.64731 0.02253 0.45164 0.57946 -1.7451 1.5853 1.5159 -3.1652 0.98744 -0.64731 -0.02253 -0.45164 -1.6518 -1.8653 -0.54848 -1.3123 -3.1465 -1.7708
1 19 60 -0.45088 4.7813 0.52996 -0.31227 3.5332 0.42477 0.56213 3.5557 0.87452 2.0979 3.8797 1.3275 2.9399 5.1256 1.6688 -1.1872 3.5404 -0.02451 -2.446 3.2802 -1.0327 -3.6596 4.1269 -1.4663 0.72707 0.02253 0.30718 0.89639 -1.7451 1.4301 1.6881 -3.1652 0.65068 -0.72707 -0.02253 -0.30718 -1.7298 -1.8653 -0.19306 -1.6518 -3.1465 -1.4593
1 20 48 -0.58649 4.7851 0.39944 -0.41328 3.5387 0.3194 0.34411 3.5651 0.94631 1.7489 3.7278 1.7641 2.5811 4.8529 2.4114 -1.1717 3.5421 -0.30677 -2.2151 3.1237 -1.4922 -3.4299 3.7809 -2.1777 0.63858 0.025454 0.46375 0.55475 -1.7494 1.585 1.482 -3.1782 0.99373 -0.63858 -0.025454 -0.46375 -1.6827 -1.8482 -0.50454 -1.3093 -3.1411 -1.7045
1 20 60 -0.49062 4.7851 0.51265 -0.33785 3.5387 0.39835 0.53334 3.5651 0.85409 2.0775 3.7278 1.3619 3.0261 4.8529 1.8221 -1.2099 3.5421 -0.056441 -2.4769 3.1237 -0.99903 -3.8078 3.7809 -1.417 0.72105 0.025454 0.32085 0.87217 -1.7494 1.4351 1.6562 -3.1782 0.66389 -0.72105 -0.025454 -0.32085 -1.7508 -1.8482 -0.14365 -1.635 -3.1411 -1.395
1 20 72 -0.37332 4.7851 0.60346 -0.24764 3.5387 0.45988 0.69926 3.5651 0.72454 2.3152 3.7278 0.90023 3.3388 4.8529 1.1531 -1.1952 3.5421 0.19635 -2.6305 3.1237 -0.46222 -4.0191 3.7809 -0.59431 0.772 0.025454 0.16392 1.1515 -1.7494 1.2224 1.758 -3.1782 0.30504 -0.772 -0.025454 -0.16392 -1.7425 -1.8482 0.22351 -1.8893 -3.1411 -1.0246
1 21 48 -0.61682 4.7897 0.33082 -0.4403 3.5422 0.26697 0.31242 3.5754 0.89917 1.7007 3.6035 1.7598 2.6559 4.5548 2.5083 -1.1943 3.5388 -0.36459 -2.2443 3.0017 -1.4949 -3.5259 3.4597 -2.2199 0.63527 0.042914 0.467 0.56832 -1.7826 1.505 1.4806 -3.2514 0.99367 -0.63527 -0.042914 -0.467 -1.6064 -1.9055 -0.51227 -1.3089 -3.2254 -1.7039
1 21 60 -0.53456 4.7897 0.45183 -0.37517 3.5422 0.35268 0.49254 3.5754 0.81457 2.0294 3.6035 1.3678 3.1194 4.5548 1.9013 -1.244 3.5388 -0.10832 -2.5061 3.0017 -0.99564 -3.9104 3.4597 -1.4383 0.71848 0.042914 0.32472 0.8688 -1.7826 1.3539 1.6548 -3.2514 0.66413 -0.71848 -0.042914 -0.32472 -1.6778 -1.9055 -0.16708 -1.6345 -3.2254 -1.3945
1 21 72 -0.42893 4.7897 0.5531 -0.29364 3.5422 0.42298 0.65114 3.5754 0.69436 2.2694 3.6035 0.91596 3.4465 4.5548 1.2112 -1.2393 3.5388 0.15268 -2.6583 3.0017 -0.45284 -4.1239 3.4597 -0.59387 0.77029 0.042914 0.16824 1.1313 -1.7826 1.1437 1.7567 -3.2514 0.30556 -0.77029 -0.042914 -0.16824 -1.6759 -1.9055 0.18542 -1.8888 -3.2254 -1.0242
1 22 48 -0.58515 4.7925 0.33497 -0.40896 3.5434 0.28727 0.34646 3.5844 0.91579 1.7236 3.5113 1.7916 2.7643 4.3168 2.5951 -1.1658 3.5323 -0.34077 -2.2087 2.9232 -1.4408 -3.5067 3.2475 -2.2074 0.64566 0.032543 0.45339 0.61823 -1.8257 1.4335 1.5025 -3.3349 0.99611 -0.64566 -0.032543 -0.45339 -1.5094 -1.9462 -0.5311 -1.2856 -3.3027 -1.6977
1 22 60 -0.50272 4.7925 0.44931 -0.34029 3.5434 0.36602 0.52929 3.5844 0.82375 2.0584 3.5113 1.3941 3.2435 4.3168 1.9636 -1.2112 3.5323 -0.090938 -2.46 2.9232 -0.95013 -3.889 3.2475 -1.4301 0.72581 0.032543 0.30925 0.90276 -1.8257 1.2736 1.6768 -3.3349 0.66195 -0.72581 -0.032543 -0.30925 -1.5868 -1.9462 -0.20567 -1.6105 -3.3027 -1.3933
1 22 72 -0.39831 4.7925 0.54401 -0.25676 3.5434 0.42878 0.68899 3.5844 0.6957 2.3032 3.5113 0.93565 3.5809 4.3168 1.2464 -1.2036 3.5323 0.16287 -2.6038 2.9232 -0.4179 -4.1014 3.2475 -0.5903 0.77425 0.032543 0.15158 1.1478 -1.8257 1.0581 1.7778 -3.3349 0.29886 -0.77425 -0.032543 -0.15158 -1.5949 -1.9462 0.12874 -1.865 -3.3027 -1.028
1 23 48 -0.59877 4.7841 0.37047 -0.42168 3.5348 0.33393 0.33763 3.5798 0.95746 1.7189 3.4409 1.8186 2.8003 4.1714 2.64 -1.1824 3.5196 -0.28929 -2.2068 2.8892 -1.3947 -3.5025 3.1804 -2.1783 0.64526 0.028409 0.45423 0.66358 -1.8553 1.3846 1.5229 -3.3942 1.0045 -0.64526 -0.028409 -0.45423 -1.4366 -1.9726 -0.54545 -1.272 -3.3611 -1.6838
1 23 60 -0.50866 4.7841 0.48687 -0.34304 3.5348 0.41431 0.52932 3.5798 0.86634 2.0594 3.4409 1.4215 3.288 4.1714 2.0001 -1.2167 3.5196 -0.037127 -2.4485 2.8892 -0.90544 -3.8789 3.1804 -1.4025 0.7256 0.028409 0.31015 0.93695 -1.8553 1.2164 1.6985 -3.3942 0.66592 -0.7256 -0.028409 -0.31015 -1.5186 -1.9726 -0.23484 -1.5943 -3.3611 -1.3825
1 23 72 -0.39632 4.7841 0.58198 -0.2494 3.5348 0.47658 0.69788 3.5798 0.73736 2.31 3.4409 0.96229 3.632 4.1714 1.2728 -1.1979 3.5196 0.21666 -2.5833 2.8892 -0.37658 -4.0857 3.1804 -0.56538 0.77423 0.028409 0.15251 1.1694 -1.8553 0.99497 1.7998 -3.3942 0.29823 -0.77423 -0.028409 -0.15251 -1.5343 -1.9726 0.086031 -1.8469 -3.3611 -1.0208
1 24 48 -0.6474 4.7668 0.4423 -0.47151 3.5167 0.4096 0.28396 3.5582 1.038 1.676 3.3909 1.8765 2.7689 4.1103 2.6924 -1.2285 3.5049 -0.21825 -2.2344 2.8913 -1.3498 -3.5291 3.2203 -2.1199 0.64397 0.028842 0.45603 0.67512 -1.8556 1.3847 1.5242 -3.4071 1.0344 -0.64397 -0.028842 -0.45603 -1.4312 -1.9753 -0.53347 -1.2797 -3.3737 -1.6615
1 24 60 -0.54129 4.7668 0.56724 -0.37604 3.5167 0.49868 0.49357 3.5582 0.95629 2.0295 3.3909 1.4871 3.2682 4.1103 2.0579 -1.247 3.5049 0.041935 -2.4662 2.8913 -0.85574 -3.8927 3.2203 -1.3399 0.72472 0.028842 0.31217 0.94826 -1.8556 1.2141 1.706 -3.4071 0.69488 -0.72472 -0.028842 -0.31217 -1.5108 -1.9753 -0.22426 -1.5972 -3.3737 -1.3591
1 24 72 -0.41153 4.7668 0.66738 -0.26414 3.5167 0.56597 0.68161 3.5582 0.83277 2.2943 3.3909 1.0326 3.6246 4.1103 1.3334 -1.2111 3.5049 0.30029 -2.5902 2.8913 -0.32429 -4.0863 3.2203 -0.50122 0.77378 0.028842 0.15468 1.18 -1.8556 0.99037 1.8132 -3.4071 0.325 -0.77378 -0.028842 -0.15468 -1.5244 -1.9753 0.094759 -1.8449 -3.3737 -0.99736
1 25 48 -0.69578 4.7492 0.53965 -0.51757 3.4987 0.50018 0.23576 3.5332 1.1316 1.6443 3.3741 1.9436 2.726 4.1162 2.7541 -1.2728 3.4939 -0.12985 -2.2597 2.9262 -1.3014 -3.557 3.3326 -2.029 0.64786 0.025141 0.45072 0.65263 -1.8276 1.4414 1.5064 -3.3742 1.0806 -0.64786 -0.025141 -0.45072 -1.4971 -1.9465 -0.49046 -1.3045 -3.3401 -1.6181
1 25 60 -0.56838 4.7492 0.67251 -0.40226 3.4987 0.59686 0.46588 3.5332 1.0578 2.0125 3.3741 1.5593 3.2391 4.1162 2.1272 -1.272 3.4939 0.13762 -2.4809 2.9262 -0.80313 -3.9012 3.3326 -1.2451 0.72741 0.025141 0.30617 0.93805 -1.8276 1.2742 1.6982 -3.3742 0.74375 -0.72741 -0.025141 -0.30618 -1.5664 -1.9465 -0.16847 -1.6124 -3.3401 -1.3115
1 25 72 -0.41614 4.7492 0.77599 -0.26938 3.4987 0.66745 0.67564 3.5332 0.93787 2.2927 3.3741 1.1068 3.6105 4.1162 1.4072 -1.2156 3.4939 0.39908 -2.5936 2.9262 -0.26978 -4.0748 3.3326 -0.4068 0.77517 0.025141 0.14825 1.1825 -1.8276 1.0513 1.8157 -3.3742 0.37442 -0.77517 -0.025141 -0.14825 -1.5672 -1.9465 0.16088 -1.8499 -3.3401 -0.94762
1 26 48 -0.74068 4.7337 0.64158 -0.54833 3.4856 0.58592 0.20266 3.5171 1.2203 1.63 3.4149 2.0083 2.6992 4.1857 2.8084 -1.3019 3.4836 -0.046079 -2.2872 2.9972 -1.255 -3.5787 3.492 -1.9366 0.65017 0.017431 0.44774 0.59804 -1.7704 1.5501 1.4751 -3.2944 1.1512 -0.65017 -0.017431 -0.44774 -1.6164 -1.8828 -0.41735 -1.351 -3.2613 -1.5488
1 26 60 -0.59111 4.7337 0.78156 -0.41452 3.4856 0.68712 0.45194 3.5171 1.1515 2.0119 3.4149 1.6255 3.2242 4.1857 2.1859 -1.2831 3.4836 0.22562 -2.4981 2.9972 -0.75201 -3.9032 3.492 -1.1503 0.72905 0.017431 0.30278 0.90725 -1.7704 1.3919 1.6822 -3.2944 0.81935 -0.72905 -0.017431 -0.30278 -1.6679 -1.8828 -0.072156 -1.6435 -3.2613 -1.2341
1 26 72 -0.4157 4.7337 0.88737 -0.2626 3.4856 0.75829 0.68147 3.5171 1.0323 2.3059 3.4149 1.1717 3.6082 4.1857 1.4678 -1.2081 3.4836 0.48745 -2.5999 2.9972 -0.21618 -4.057 3.492 -0.31361 0.77607 0.017431 0.14459 1.1768 -1.7704 1.1728 1.8158 -3.2944 0.45169 -0.77607 -0.017431 -0.14459 -1.6464 -1.8828 0.27619 -1.8642 -3.2613 -0.86543
1 27 48 -0.78725 4.723 0.69308 -0.578 3.4787 0.62723 0.17372 3.5066 1.2609 1.6081 3.4883 2.0424 2.6706 4.2803 2.8307 -1.3329 3.4802 -0.0032962 -2.3357 3.0871 -1.2316 -3.6157 3.6559 -1.8763 0.64746 0.01708 0.45166 0.55099 -1.7067 1.649 1.4498 -3.2105 1.2229 -0.64746 -0.01708 -0.45166 -1.7351 -1.813 -0.37259 -1.408 -3.1757 -1.5069
1 27 60 -0.62594 4.723 0.84162 -0.43496 3.4787 0.73369 0.43207 3.5066 1.1972 1.9976 3.4883 1.6634 3.2008 4.2803 2.2136 -1.3044 3.4802 0.27389 -2.5407 3.0871 -0.71903 -3.9268 3.6559 -1.0835 0.72722 0.01708 0.30718 0.8818 -1.7067 1.4984 1.6724 -3.2105 0.89474 -0.72722 -0.01708 -0.30718 -1.7746 -1.813 -0.0037076 -1.6905 -3.1757 -1.1813
1 27 72 -0.43728 4.723 0.95337 -0.27292 3.4787 0.8081 0.67154 3.5066 1.0812 2.2998 3.4883 1.2117 3.5911 4.2803 1.4998 -1.219 3.4802 0.53911 -2.6347 3.0871 -0.17507 -4.0663 3.6559 -0.24344 0.77519 0.01708 0.14927 1.1741 -1.7067 1.2824 1.8219 -3.2105 0.52748 -0.77519 -0.01708 -0.14927 -1.7366 -1.813 0.36534 -1.8992 -3.1757 -0.80397
1 28 48 -0.82867 4.7097 0.73932 -0.61541 3.4666 0.65882 0.13556 3.4941 1.2934 1.5709 3.4581 2.0726 2.6105 4.2513 2.8898 -1.37 3.4684 0.027952 -2.3696 3.0686 -1.2007 -3.6597 3.6634 -1.8003 0.64611 0.023125 0.45333 0.55574 -1.6962 1.6575 1.45 -3.2088 1.2533 -0.64611 -0.023125 -0.45333 -1.7686 -1.7975 -0.37624 -1.4417 -3.1744 -1.4935
1 28 60 -0.65685 4.7097 0.89545 -0.46499 3.4666 0.77237 0.40151 3.4941 1.2369 1.9675 3.4581 1.7007 3.1543 4.2513 2.2839 -1.3342 3.4684 0.31218 -2.5674 3.0686 -0.68183 -3.954 3.6634 -1.0001 0.72624 0.023125 0.30909 0.8882 -1.6962 1.5057 1.6789 -3.2088 0.92449 -0.72624 -0.023125 -0.30909 -1.8081 -1.7975 -0.0003144 -1.7208 -3.1744 -1.1611
1 28 72 -0.45632 4.7097 1.0124 -0.29424 3.4666 0.85217 0.6499 3.4941 1.1264 2.2781 3.4581 1.2544 3.5602 4.2513 1.5782 -1.2402 3.4684 0.58276 -2.6531 3.0686 -0.13314 -4.0755 3.6634 -0.15614 0.77463 0.023125 0.15135 1.1818 -1.6962 1.2881 1.8344 -3.2088 0.55523 -0.77463 -0.023125 -0.15135 -1.7687 -1.7975 0.37563 -1.9246 -3.1744 -0.77797
1 29 48 -0.77897 4.723 0.72376 -0.58068 3.477 0.63704 0.17535 3.5047 1.2656 1.5905 3.2867 2.052 2.6159 3.9784 2.9727 -1.3401 3.4787 0.012081 -2.3034 2.9165 -1.1816 -3.6511 3.4099 -1.7455 0.64956 0.019869 0.44853 0.62043 -1.7982 1.5012 1.4941 -3.3454 1.1952 -0.64956 -0.019869 -0.44853 -1.6127 -1.8871 -0.43598 -1.3873 -3.3118 -1.5178
1 29 60 -0.61147 4.723 0.8699 -0.43554 3.477 0.74385 0.43464 3.5047 1.2014 1.9824 3.2867 1.6764 3.1768 3.9784 2.3639 -1.3083 3.4787 0.29045 -2.4987 2.9165 -0.67688 -3.9342 3.4099 -0.94823 0.72862 0.019869 0.30368 0.919 -1.7982 1.3394 1.7099 -3.3454 0.85841 -0.72862 -0.019869 -0.30368 -1.6681 -1.8871 -0.091165 -1.6725 -3.3118 -1.1962
1 29 72 -0.41725 4.723 0.97802 -0.27137 3.477 0.81815 0.67493 3.5047 1.0848 2.2876 3.2867 1.2276 3.5989 3.9784 1.6517 -1.2194 3.4787 0.55612 -2.5848 2.9165 -0.14258 -4.0454 3.4099 -0.10954 0.77583 0.019869 0.14555 1.1774 -1.7982 1.1191 1.8511 -3.3454 0.48414 -0.77583 -0.019869 -0.14555 -1.6506 -1.8871 0.25764 -1.8847 -3.3118 -0.82233
1 30 60 -0.58411 4.7276 0.83722 -0.42619 3.4778 0.72461 0.44715 3.5006 1.1764 1.9316 3.0126 1.6529 3.1515 3.47 2.4777 -1.3016 3.4845 0.27623 -2.4021 2.6909 -0.63362 -3.905 2.9379 -0.87442 0.72572 0.018315 0.31064 0.92615 -1.9221 1.0909 1.7024 -3.5071 0.72161 -0.72572 -0.018315 -0.31064 -1.4432 -1.9892 -0.18825 -1.5928 -3.4572 -1.2244
1 30 72 -0.39728 4.7276 0.94037 -0.26623 3.4778 0.79739 0.68197 3.5006 1.0577 2.233 3.0126 1.2152 3.5978 3.47 1.7683 -1.2157 3.4845 0.5408 -2.4813 2.6909 -0.12035 -4.0015 2.9379 -0.04342 0.77444 0.018315 0.15297 1.1327 -1.9221 0.87446 1.8152 -3.5071 0.35189 -0.77444 -0.018315 -0.15297 -1.4508 -1.9892 0.11592 -1.8125 -3.4572 -0.86645
1 31 60 -0.64554 4.7039 0.89881 -0.48646 3.4551 0.77515 0.39029 3.4778 1.2203 1.7819 2.7202 1.6182 2.9914 2.8468 2.5661 -1.3653 3.462 0.33354 -2.3241 2.4695 -0.54074 -3.8506 2.3572 -0.72758 0.72134 0.026104 0.32012 0.85075 -1.9708 0.96051 1.5511 -3.5966 0.61851 -0.72134 -0.026104 -0.32012 -1.2798 -2.0451 -0.15892 -1.4843 -3.5379 -1.1493
1 31 72 -0.44456 4.7039 1.0134 -0.31467 3.4551 0.85935 0.63548 3.4778 1.1125 2.0794 2.7202 1.2123 3.4596 2.8468 1.8881 -1.2661 3.462 0.61011 -2.3858 2.4695 -0.045712 -3.9177 2.3572 0.08891 0.77214 0.026104 0.16315 1.0319 -1.9708 0.76264 1.6458 -3.5966 0.28251 -0.77214 -0.026104 -0.16315 -1.2848 -2.0451 0.11063 -1.6908 -3.5379 -0.81556
1 31 84 -0.22415 4.7039 1.0837 -0.12912 3.4551 0.906 0.85289 3.4778 0.95605 2.286 2.7202 0.7535 3.7766 2.8468 1.1275 -1.1116 3.462 0.86001 -2.3431 2.4695 0.45132 -3.8136 2.3572 0.90151 0.78919 0.026104 -0.00094971 1.1679 -1.9708 0.53144 1.6685 -3.5966 -0.065837 -0.78919 -0.026104 0.00094969 -1.2338 -2.0451 0.37534 -1.8234 -3.5379 -0.44619
1 32 72 -0.50478 4.6708 1.1361 -0.36492 3.4259 0.95792 0.5856 3.4613 1.2082 1.8756 2.459 1.2063 3.2054 2.2151 1.9478 -1.3174 3.4198 0.71274 -2.2611 2.2658 0.044736 -3.7163 1.7836 0.21157 0.77275 0.034796 0.15858 0.90298 -1.9584 0.80999 1.3303 -3.6289 0.28277 -0.77275 -0.034796 -0.15858 -1.2083 -2.0421 0.28319 -1.4302 -3.5649 -0.65645
1 32 84 -0.25753 4.6708 1.2163 -0.15778 3.4259 1.0129 0.82399 3.4613 1.06 2.0854 2.459 0.78999 3.5403 2.2151 1.2388 -1.1404 3.4198 0.97107 -2.2024 2.2658 0.51388 -3.5911 1.7836 0.97959 0.78883 0.034796 -0.0055481 1.0517 -1.9584 0.60455 1.36 -3.6289 1.1386e-05 -0.78883 -0.034796 0.0055481 -1.123 -2.0421 0.52822 -1.5355 -3.5649 -0.34474
2 51 264 -0.26983 1.5381 4.5635 -0.14375 1.1675 3.3642 0.83756 1.1432 3.4258 1.3055 0.063454 2.2927 1.2845 -1.4386 2.6407 -1.1263 1.1982 3.3316 -1.6089 0.18435 2.1451 -1.607 -1.3456 2.3374 0.7888 0.027153 0.023641 0.61018 -1.8441 0.96216 0.81868 -3.5605 0.45091 -0.7888 -0.027153 -0.023641 -0.80982 -1.9098 0.90878 -0.8202 -3.5341 0.1261
2 52 264 -0.26317 1.7059 4.5057 -0.13328 1.2953 3.3193 0.84833 1.2824 3.3796 1.3724 0.38669 2.1178 1.4762 -1.1502 2.1877 -1.1161 1.3159 3.2879 -1.5724 0.4526 1.9782 -1.6876 -1.0788 1.8396 0.78894 0.024885 0.021131 0.62107 -1.8567 0.9408 0.82381 -3.572 0.42362 -0.78894 -0.024885 -0.021131 -0.81452 -1.9189 0.88795 -0.81432 -3.5405 0.09982
2 53 264 -0.26778 1.8393 4.4539 -0.13272 1.4033 3.2765 0.84867 1.3912 3.3406 1.4265 0.70495 1.9753 1.7011 -0.79304 1.7338 -1.1154 1.4239 3.241 -1.5723 0.73779 1.8306 -1.8157 -0.71267 1.3674 0.78899 0.024213 0.020084 0.63537 -1.866 0.92432 0.82912 -3.5805 0.40099 -0.78899 -0.024213 -0.020084 -0.8222 -1.9261 0.87217 -0.81229 -3.5434 0.075374
2 55 264 -0.30146 1.9539 4.4014 -0.14989 1.5168 3.2254 0.83003 1.4961 3.3072 1.4706 1.2608 1.8229 2.1033 0.097194 1.0333 -1.1315 1.5466 3.1721 -1.6326 1.2672 1.6425 -2.122 0.15284 0.69565 0.78899 0.025459 0.018637 0.63491 -1.8799 0.8904 0.82173 -3.5968 0.37238 -0.78899 -0.025459 -0.018637 -0.82398 -1.9461 0.83226 -0.81226 -3.5638 0.036114
2 56 264 -0.33874 1.9422 4.4017 -0.17681 1.5224 3.2204 0.80209 1.4976 3.3127 1.4505 1.4758 1.8134 2.22 0.55327 0.84666 -1.1577 1.556 3.1566 -1.6666 1.4847 1.6059 -2.2703 0.56874 0.52226 0.78886 0.021492 0.027148 0.62099 -1.8831 0.89807 0.81434 -3.5939 0.36238 -0.78886 -0.021492 -0.027148 -0.82844 -1.945 0.8171 -0.81709 -3.5647 0.02504
2 57 264 -0.37134 1.8792 4.4254 -0.20253 1.482 3.2375 0.77607 1.4539 3.3319 1.4182 1.6198 1.839 2.2868 0.93059 0.76741 -1.1832 1.5184 3.1716 -1.6781 1.6398 1.6195 -2.3783 0.9053 0.45857 0.78863 0.016918 0.035654 0.60805 -1.8724 0.93685 0.80604 -3.5716 0.3674 -0.78863 -0.016918 -0.035654 -0.84143 -1.9307 0.82981 -0.82235 -3.5446 0.026279
2 58 264 -0.41243 1.7787 4.4627 -0.23024 1.4074 3.2682 0.74703 1.3749 3.3742 1.3645 1.6954 1.8961 2.2991 1.1902 0.77867 -1.2099 1.4475 3.1909 -1.6724 1.7422 1.6521 -2.4408 1.1201 0.46872 0.78832 0.012627 0.043487 0.59223 -1.8454 1.0045 0.79445 -3.5255 0.38236 -0.78832 -0.012627 -0.043487 -0.87133 -1.9024 0.87094 -0.83382 -3.5005 0.037045
2 59 264 -0.45822 1.6634 4.503 -0.25862 1.3187 3.3038 0.71754 1.279 3.4173 1.3006 1.712 1.954 2.2787 1.3134 0.83055 -1.2374 1.3656 3.2192 -1.6533 1.7821 1.6953 -2.4576 1.1928 0.51905 0.78786 0.010248 0.051676 0.56817 -1.8044 1.0875 0.7788 -3.4552 0.39365 -0.78786 -0.010248 -0.051676 -0.9084 -1.8631 0.93157 -0.83818 -3.4329 0.047525
2 60 264 -0.49399 1.5685 4.5359 -0.28299 1.2386 3.3352 0.69287 1.1953 3.45 1.2475 1.6679 1.9879 2.2402 1.2769 0.87463 -1.2615 1.2887 3.2492 -1.6236 1.7386 1.7211 -2.4334 1.1176 0.56515 0.78755 0.010645 0.05612 0.54084 -1.7535 1.1702 0.76125 -3.3666 0.39522 -0.78755 -0.010645 -0.056121 -0.93907 -1.8188 1.0031 -0.84444 -3.3453 0.048272
2 61 264 -0.53066 1.5293 4.5471 -0.30729 1.1956 3.3497 0.66676 1.1451 3.4763 1.1976 1.5626 1.9888 2.1821 1.0738 0.90728 -1.2843 1.253 3.252 -1.6044 1.6294 1.6949 -2.4036 0.8901 0.60289 0.78714 0.0082362 0.062023 0.51485 -1.6987 1.2565 0.74813 -3.2607 0.38663 -0.78714 -0.0082364 -0.062023 -0.96605 -1.7684 1.0712 -0.84405 -3.239 0.035333
2 62 264 -0.55713 1.5726 4.5328 -0.32828 1.2132 3.3436 0.64455 1.1632 3.4795 1.1671 1.4061 1.9509 2.1114 0.70331 0.95486 -1.3043 1.2707 3.2364 -1.5938 1.4354 1.6371 -2.367 0.49515 0.69066 0.78644 -0.0022628 0.070736 0.49582 -1.6419 1.3519 0.73606 -3.1332 0.36745 -0.78644 0.0022628 -0.070736 -1.0021 -1.7072 1.1316 -0.84544 -3.1108 0.010711
2 63 264 -0.574 1.7299 4.4753 -0.33811 1.3166 3.3051 0.63226 1.2596 3.4551 1.1598 1.18 1.911 2.022 0.18074 1.1137 -1.3119 1.3824 3.1834 -1.6002 1.1872 1.5873 -2.3203 -0.0037353 0.92335 0.78588 -0.012081 0.075838 0.49392 -1.5914 1.4303 0.73915 -2.9925 0.3222 -0.78588 0.012081 -0.075838 -1.0473 -1.648 1.1852 -0.85604 -2.9694 -0.026437
2 64 264 -0.58379 2.0029 4.3581 -0.34176 1.5079 3.2221 0.62698 1.4472 3.3809 1.1543 0.91296 1.93 1.8647 -0.39513 1.5276 -1.3139 1.579 3.0909 -1.6259 0.91435 1.6316 -2.2565 -0.47942 1.4384 0.78516 -0.018372 0.081756 0.50493 -1.5341 1.5095 0.75912 -2.8297 0.28159 -0.78516 0.018372 -0.081756 -1.0963 -1.594 1.2288 -0.87053 -2.82 -0.073786
