2 8 324 3.0811 2.8051 2.4611 2.319 2.1052 1.7389 2.9595 2.0428 0.99512 1.9645 1.4042 -0.13232 1.6965 0.14683 -0.98367 1.6987 2.183 2.4983 0.34225 1.4022 2.0301 -0.37445 0.079658 2.3689 0.47381 -0.01733 -0.63143 1.5786 -1.4641 0.4177 0.57969 -2.7125 -0.41581 -0.47381 0.01733 0.63143 0.53874 -1.5486 1.5993 -0.50923 -2.7042 0.69529
2 9 312 2.4088 2.9672 2.9691 1.8421 2.211 2.1344 2.6293 2.1476 1.5482 2.1054 1.1048 0.40511 2.3097 -0.39127 0.092287 1.0709 2.2905 2.7396 0.042817 1.1236 2.2395 -0.25497 -0.28579 2.7895 0.60285 -0.027252 -0.50924 1.4557 -1.4574 0.77199 0.60415 -2.6057 -0.32677 -0.60285 0.027252 0.50924 0.16943 -1.5252 1.6958 -0.68471 -2.604 0.5307
2 10 312 2.2818 3.171 2.859 1.751 2.3442 2.0703 2.5395 2.2904 1.4848 2.3527 0.89263 0.66024 2.8681 -0.49473 1.0929 0.97804 2.4155 2.6743 0.27403 0.95053 2.5098 0.55452 -0.24212 3.4461 0.60811 -0.024077 -0.50311 1.4375 -1.4658 0.78062 0.5461 -2.531 -0.36902 -0.60811 0.024077 0.50311 0.13939 -1.5389 1.6917 -0.72729 -2.5398 0.4678
2 31 312 1.9961 3.3583 2.847 1.4796 2.5098 2.073 2.2679 2.4763 1.4858 2.3368 0.9049 1.0445 3.0086 -0.39496 1.531 0.70642 2.5612 2.6788 0.085048 1.0533 2.7724 0.25202 -0.26391 3.5565 0.62368 0.038656 -0.48273 1.7263 -1.0066 0.96844 1.0471 -2.4392 0.1098 -0.62368 -0.038656 0.48273 0.47376 -1.0124 1.9866 -0.25101 -2.3741 1.0532
2 32 312 2.152 3.0832 3.0355 1.5914 2.3101 2.2143 2.3737 2.2783 1.619 2.2949 0.80285 0.92225 2.8408 -0.61789 1.1696 0.8251 2.3578 2.829 -0.0081402 0.96049 2.6812 -0.041565 -0.50534 3.1585 0.62279 0.041699 -0.48362 1.6969 -1.07 0.93927 1.0032 -2.5028 0.092734 -0.62279 -0.041699 0.48362 0.46006 -1.108 1.9344 -0.27927 -2.4642 1.0044
2 32 324 2.7361 3.0832 2.5218 2.017 2.3101 1.835 2.6584 2.2783 1.0901 2.4365 0.80285 0.42496 3.0219 -0.61789 0.55338 1.3953 2.3578 2.5957 0.54948 0.96049 2.6243 0.61604 -0.50534 3.0981 0.50863 0.041699 -0.60254 1.8551 -1.07 0.56593 1.0005 -2.5028 -0.11786 -0.50863 -0.041699 0.60254 0.85219 -1.108 1.7965 -0.064347 -2.4642 1.0405
2 33 312 2.3108 2.7665 3.2152 1.703 2.0883 2.3431 2.4794 2.0622 1.7399 2.2626 0.74715 0.79533 2.6239 -0.75167 0.77024 0.94331 2.1283 2.9665 -0.089663 0.91968 2.5911 -0.29817 -0.60015 2.747 0.62402 0.040777 -0.48211 1.6543 -1.1647 0.89618 1.0048 -2.6282 0.067184 -0.62402 -0.040776 0.48211 0.44312 -1.2153 1.8591 -0.31037 -2.6047 0.99153
2 33 324 2.9288 2.7665 2.6645 2.1529 2.0883 1.9378 2.787 2.0622 1.1864 2.3785 0.74715 0.30754 2.7267 -0.75167 0.20787 1.5395 2.1283 2.7056 0.45102 0.91968 2.5531 0.27948 -0.60015 2.749 0.51015 0.040777 -0.60132 1.8045 -1.1647 0.53265 0.99679 -2.6282 -0.14319 -0.51015 -0.040776 0.60132 0.81996 -1.2153 1.7263 -0.097433 -2.6047 1.0344
2 34 312 2.4592 2.4375 3.3665 1.8063 1.8579 2.4548 2.5813 1.827 1.8499 2.2354 0.71782 0.70152 2.4274 -0.77292 0.35727 1.0488 1.9006 3.0807 -0.12811 0.91276 2.5259 -0.56692 -0.55689 2.367 0.62408 0.03717 -0.48233 1.5886 -1.2951 0.82502 1.0023 -2.8089 0.040358 -0.62408 -0.03717 0.48233 0.39818 -1.3441 1.7712 -0.33441 -2.7841 0.97097
2 34 324 3.1054 2.4375 2.7816 2.2772 1.8579 2.0256 2.9095 1.827 1.2728 2.3324 0.71782 0.22142 2.4486 -0.77292 -0.15522 1.6664 1.9006 2.7953 0.39986 0.91276 2.4974 -0.062399 -0.55689 2.4332 0.51016 0.03717 -0.60154 1.7254 -1.2951 0.47671 0.9888 -2.8089 -0.16892 -0.51016 -0.03717 0.60154 0.75774 -1.3441 1.6498 -0.12522 -2.7841 1.0193
2 35 312 2.5929 2.1116 3.4839 1.9048 1.6199 2.5463 2.6766 1.5767 1.9381 2.2118 0.69891 0.64109 2.2875 -0.70699 0.012286 1.1511 1.673 3.176 -0.12237 0.91684 2.4867 -0.79833 -0.40448 2.0685 0.62461 0.029358 -0.48218 1.4966 -1.4501 0.72825 0.9807 -3.0161 -0.0014104 -0.62461 -0.029358 0.48218 0.31783 -1.4875 1.6654 -0.36768 -2.9905 0.94308
2 35 324 3.2606 2.1116 2.8687 2.3926 1.6199 2.0946 3.021 1.5767 1.3393 2.2967 0.69891 0.16722 2.24 -0.70699 -0.46357 1.7863 1.673 2.8673 0.39731 0.91684 2.4578 -0.35081 -0.40448 2.1893 0.51071 0.029358 -0.60151 1.6153 -1.4501 0.40117 0.95898 -3.0161 -0.20528 -0.51071 -0.029358 0.60151 0.65714 -1.4875 1.563 -0.16356 -2.9905 0.99892
2 36 312 2.7102 1.7903 3.5725 1.9953 1.3833 2.6142 2.7602 1.3333 1.998 2.2037 0.68071 0.60759 2.255 -0.62561 -0.21007 1.2491 1.4412 3.2523 -0.10562 0.93945 2.4895 -0.97441 -0.1934 1.9068 0.62461 0.019832 -0.48266 1.3898 -1.585 0.63686 0.96485 -3.2003 -0.042226 -0.62461 -0.019832 0.48266 0.23131 -1.6097 1.5569 -0.40396 -3.1745 0.92526
2 36 324 3.3938 1.7903 2.931 2.4952 1.3833 2.1423 3.1153 1.3333 1.3804 2.2818 0.68071 0.13614 2.162 -0.62561 -0.67432 1.898 1.4412 2.9215 0.41429 0.93945 2.4571 -0.55667 -0.1934 2.0677 0.51061 0.019832 -0.60198 1.4918 -1.585 0.334 0.93499 -3.2003 -0.24191 -0.51061 -0.019832 0.60198 0.54994 -1.6097 1.4748 -0.20276 -3.1745 0.98903
2 37 324 3.5077 1.4859 2.9632 2.5812 1.1619 2.1678 3.1904 1.1094 1.3974 2.3114 0.63814 0.10362 2.2567 -0.62534 -0.7786 1.9954 1.2206 2.9556 0.45342 0.95861 2.4839 -0.70611 0.016148 2.1032 0.5075 0.014751 -0.60475 1.3762 -1.6882 0.26677 0.91448 -3.3432 -0.27967 -0.5075 -0.014751 0.60475 0.46739 -1.6963 1.4024 -0.22765 -3.3059 0.98182
2 38 324 3.6049 1.2253 2.9592 2.6513 0.97658 2.1682 3.2462 0.91986 1.3871 2.3924 0.55896 0.041902 2.5228 -0.71744 -0.81336 2.0802 1.0379 2.9666 0.50358 0.97668 2.543 -0.78797 0.167 2.3106 0.50059 0.015441 -0.61046 1.2918 -1.7575 0.19258 0.89782 -3.4418 -0.31613 -0.50059 -0.015441 0.61046 0.40513 -1.7636 1.3439 -0.24631 -3.3988 0.95332
2 39 324 3.6852 1.0055 2.9357 2.71 0.82392 2.1526 3.291 0.75519 1.362 2.5435 0.41106 -0.049179 2.9408 -0.89415 -0.76769 2.1532 0.89566 2.9602 0.54838 0.96494 2.663 -0.78412 0.18907 2.6737 0.49266 0.016042 -0.61687 1.2432 -1.7987 0.12997 0.88942 -3.502 -0.34385 -0.49266 -0.016042 0.61687 0.37087 -1.796 1.3242 -0.23962 -3.4458 0.92871
2 52 312 3.1723 1.7059 3.2105 2.3776 1.2953 2.3201 3.0791 1.2824 1.6309 2.4922 0.38669 0.39723 2.6136 -1.1502 0.3668 1.6966 1.3159 3.0295 0.41794 0.4526 2.4922 0.23789 -1.0788 2.485 0.54361 0.024885 -0.57216 1.1147 -1.8567 0.16798 0.86605 -3.572 -0.32875 -0.54361 -0.024885 0.57216 0.11486 -1.9189 1.1995 -0.4707 -3.5405 0.67195
2 53 312 3.1307 1.8393 3.1792 2.3461 1.4033 2.2911 3.0504 1.3912 1.6046 2.4225 0.70495 0.26164 2.4267 -0.79304 -0.104 1.6622 1.4239 2.9976 0.30832 0.73779 2.3934 -0.19879 -0.71267 2.2643 0.54286 0.024213 -0.5729 1.112 -1.866 0.14632 0.85278 -3.5805 -0.34784 -0.54286 -0.024213 0.5729 0.097991 -1.9261 1.1946 -0.48751 -3.5434 0.65408
2 53 324 3.7233 1.8393 2.4588 2.7712 1.4033 1.7532 3.3174 1.3912 0.93532 2.4239 0.70495 -0.24774 2.352 -0.79304 -0.60626 2.2491 1.4239 2.5865 0.79919 0.73779 2.277 0.27632 -0.71267 2.2561 0.41189 0.024213 -0.67324 1.1182 -1.866 -0.088089 0.76183 -3.5805 -0.51754 -0.41189 -0.024213 0.67324 0.34422 -1.9261 1.1481 -0.34087 -3.5434 0.74115
2 54 312 3.0966 1.9289 3.1582 2.3175 1.4864 2.2673 3.0279 1.471 1.5874 2.3692 1.007 0.1663 2.2793 -0.36042 -0.54059 1.627 1.5108 2.9674 0.20419 1.0239 2.3293 -0.59184 -0.27887 2.113 0.53946 0.027229 -0.57597 1.1001 -1.8727 0.12421 0.83992 -3.5904 -0.35807 -0.53946 -0.027229 0.57597 0.085303 -1.9391 1.1833 -0.50404 -3.5536 0.63843
2 54 324 3.6856 1.9289 2.4454 2.7382 1.4864 1.736 3.2918 1.471 0.92316 2.352 1.007 -0.32991 2.1171 -0.36042 -1.0027 2.2084 1.5108 2.5643 0.68402 1.0239 2.2359 -0.13959 -0.27887 2.1899 0.40792 0.027229 -0.67554 1.1019 -1.8727 -0.10723 0.74712 -3.5904 -0.52487 -0.40792 -0.027229 0.67554 0.32947 -1.9391 1.1397 -0.36029 -3.5536 0.72927
2 55 312 3.0692 1.9539 3.1691 2.2967 1.5168 2.2696 3.0131 1.4961 1.5961 2.3387 1.2608 0.1269 2.1753 0.097194 -0.87161 1.6002 1.5466 2.9634 0.12817 1.2672 2.3123 -0.9029 0.15284 2.0424 0.54179 0.025459 -0.57386 1.0865 -1.8799 0.12397 0.82658 -3.5968 -0.36149 -0.54179 -0.025459 0.57386 0.067142 -1.9461 1.1692 -0.51667 -3.5638 0.62779
2 55 324 3.661 1.9539 2.4618 2.7184 1.5168 1.7425 3.2791 1.4961 0.93476 2.314 1.2608 -0.36211 1.9465 0.097194 -1.3048 2.1813 1.5466 2.566 0.60613 1.2672 2.2351 -0.45853 0.15284 2.1855 0.41063 0.025459 -0.67397 1.0886 -1.8799 -0.10464 0.73336 -3.5968 -0.52544 -0.41063 -0.025459 0.67397 0.30877 -1.9461 1.1297 -0.37485 -3.5638 0.72149
2 56 312 3.0444 1.9422 3.197 2.2749 1.5224 2.2863 2.9985 1.4976 1.6205 2.3182 1.4758 0.13546 2.1146 0.55327 -1.0832 1.5712 1.556 2.9725 0.078242 1.4847 2.3131 -1.131 0.56874 2.0366 0.54802 0.021492 -0.56807 1.0829 -1.8831 0.13944 0.8142 -3.5939 -0.36269 -0.54802 -0.021492 0.56807 0.052887 -1.945 1.1624 -0.52813 -3.5647 0.62397
2 56 324 3.6426 1.9422 2.4942 2.7006 1.5224 1.7633 3.2699 1.4976 0.9617 2.2957 1.4758 -0.34947 1.8432 0.55327 -1.4992 2.1548 1.556 2.5809 0.55745 1.4847 2.2463 -0.68284 0.56874 2.2272 0.41794 0.021492 -0.6696 1.0883 -1.8831 -0.088759 0.721 -3.5939 -0.52404 -0.41794 -0.021492 0.6696 0.29341 -1.945 1.126 -0.38686 -3.5647 0.72014
2 57 312 3.0403 1.8792 3.2371 2.2704 1.482 2.3168 2.9954 1.4539 1.6528 2.3156 1.6198 0.17659 2.1004 0.93059 -1.1859 1.5653 1.5184 3.0015 0.080666 1.6398 2.3307 -1.2506 0.9053 2.0743 0.55419 0.016918 -0.56221 1.1031 -1.8724 0.17501 0.81237 -3.5716 -0.35316 -0.55419 -0.016918 0.56221 0.053642 -1.9307 1.1806 -0.53073 -3.5446 0.62871
2 57 324 3.6469 1.8792 2.5343 2.7025 1.482 1.7941 3.2736 1.4539 0.99386 2.3017 1.6198 -0.3087 1.808 0.93059 -1.5967 2.1551 1.5184 2.6105 0.56349 1.6398 2.263 -0.79204 0.9053 2.289 0.42519 0.016918 -0.66515 1.1154 -1.8724 -0.058158 0.7212 -3.5716 -0.51435 -0.42519 -0.016918 0.66515 0.29792 -1.9307 1.1436 -0.38842 -3.5446 0.72532
2 58 312 3.0404 1.7787 3.2926 2.2747 1.4074 2.358 3.0074 1.3749 1.7027 2.3221 1.6954 0.25477 2.1171 1.1902 -1.1876 1.5617 1.4475 3.0343 0.10867 1.7422 2.3483 -1.2849 1.1201 2.1275 0.55981 0.012627 -0.55674 1.1428 -1.8454 0.23206 0.81574 -3.5255 -0.33454 -0.55981 -0.012627 0.55674 0.064207 -1.9024 1.2303 -0.5304 -3.5005 0.64443
2 58 324 3.6586 1.7787 2.5885 2.7153 1.4074 1.8335 3.2957 1.3749 1.0402 2.3243 1.6954 -0.23359 1.8239 1.1902 -1.6018 2.1585 1.4475 2.6433 0.59453 1.7422 2.2744 -0.81445 1.1201 2.3481 0.43182 0.012627 -0.66096 1.1661 -1.8454 -0.010616 0.72836 -3.5255 -0.49683 -0.43182 -0.012627 0.66096 0.3186 -1.9024 1.1901 -0.38483 -3.5005 0.74063
2 59 312 3.0397 1.6634 3.3536 2.2822 1.3187 2.4029 3.0197 1.279 1.7534 2.3224 1.712 0.34096 2.142 1.3134 -1.1377 1.5643 1.3656 3.0736 0.15355 1.7821 2.363 -1.2587 1.1928 2.1736 0.56558 0.010248 -0.55092 1.1884 -1.8044 0.30545 0.81366 -3.4552 -0.31536 -0.56558 -0.010248 0.55092 0.084451 -1.8631 1.2984 -0.52553 -3.4329 0.65469
2 59 324 3.6706 1.6634 2.6483 2.7319 1.3187 1.8759 3.3183 1.279 1.0873 2.3425 1.712 -0.14935 1.8586 1.3134 -1.5581 2.1692 1.3656 2.6812 0.64149 1.7821 2.2794 -0.77928 1.1928 2.3878 0.43868 0.010248 -0.65647 1.2259 -1.8044 0.051703 0.73032 -3.4552 -0.47764 -0.43868 -0.010248 0.65647 0.35256 -1.8631 1.2525 -0.37793 -3.4329 0.74965
2 60 312 3.0403 1.5685 3.4022 2.2892 1.2386 2.442 3.0275 1.1953 1.7936 2.312 1.6679 0.40311 2.1489 1.2769 -1.0795 1.5706 1.2887 3.1116 0.19266 1.7386 2.3582 -1.2083 1.1176 2.1865 0.56868 0.010645 -0.54771 1.2315 -1.7535 0.38107 0.80308 -3.3666 -0.30126 -0.56868 -0.010645 0.54771 0.11708 -1.8188 1.3691 -0.52917 -3.3453 0.65984
2 60 324 3.6812 1.5685 2.6958 2.7469 1.2386 1.9127 3.3342 1.1953 1.125 2.3453 1.6679 -0.086388 1.8775 1.2769 -1.5027 2.1832 1.2887 2.7171 0.67874 1.7386 2.2666 -0.72725 1.1176 2.3899 0.44238 0.010645 -0.65398 1.2838 -1.7535 0.1167 0.72289 -3.3666 -0.46165 -0.44238 -0.010645 0.65398 0.39917 -1.8188 1.3148 -0.38042 -3.3453 0.75545
2 61 312 3.0241 1.5293 3.437 2.2837 1.1956 2.4697 3.0295 1.1451 1.8306 2.2793 1.5626 0.44077 2.1343 1.0738 -1.0145 1.5573 1.253 3.1304 0.18595 1.6294 2.3264 -1.1603 0.8901 2.1896 0.57279 0.0082362 -0.54345 1.2782 -1.6987 0.45812 0.78791 -3.2607 -0.29726 -0.57279 -0.0082364 0.54345 0.14967 -1.7684 1.4347 -0.53853 -3.239 0.6509
2 61 324 3.6726 1.5293 2.7331 2.7473 1.1956 1.941 3.3439 1.1451 1.1607 2.3211 1.5626 -0.042756 1.8768 1.0738 -1.4361 2.1741 1.253 2.7382 0.66558 1.6294 2.2369 -0.67967 0.8901 2.383 0.44728 0.0082362 -0.65067 1.3455 -1.6987 0.18235 0.70889 -3.2607 -0.45458 -0.44728 -0.0082364 0.65067 0.44469 -1.7684 1.3722 -0.39143 -3.239 0.74864
2 62 312 2.9957 1.5726 3.447 2.2651 1.2132 2.4813 3.0171 1.1632 1.8492 2.2307 1.4061 0.43809 2.1224 0.70331 -0.93015 1.5324 1.2707 3.1348 0.15016 1.4354 2.2798 -1.0705 0.49515 2.2211 0.5788 -0.0022628 -0.53711 1.3364 -1.6419 0.53613 0.76559 -3.1332 -0.30113 -0.5788 0.0022628 0.53711 0.17038 -1.7072 1.5019 -0.55775 -3.1108 0.63545
2 62 324 3.6469 1.5726 2.7489 2.7315 1.2132 1.9561 3.3356 1.1632 1.1816 2.273 1.4061 -0.035272 1.8826 0.70331 -1.3511 2.1507 1.2707 2.7477 0.62088 1.4354 2.1988 -0.58535 0.49515 2.3952 0.45448 -0.0022628 -0.64571 1.4187 -1.6419 0.24656 0.68625 -3.1332 -0.45372 -0.45448 0.0022628 0.64571 0.47891 -1.7072 1.4336 -0.41344 -3.1108 0.73753
2 63 312 2.9417 1.7299 3.4211 2.2299 1.3166 2.4628 2.9907 1.2596 1.842 2.1962 1.18 0.41681 2.1806 0.18074 -0.75746 1.4879 1.3824 3.105 0.10887 1.1872 2.2513 -0.86638 -0.0037353 2.3421 0.58221 -0.012081 -0.53327 1.3934 -1.5914 0.59003 0.73403 -2.9925 -0.3337 -0.58221 0.012081 0.53327 0.18002 -1.648 1.5713 -0.59245 -2.9694 0.61847
2 63 324 3.5887 1.7299 2.7347 2.6932 1.3166 1.9454 3.3083 1.2596 1.18 2.2349 1.18 -0.048917 1.9755 0.18074 -1.1943 2.101 1.3824 2.7278 0.57455 1.1872 2.1794 -0.36049 -0.0037353 2.4711 0.45862 -0.012081 -0.64267 1.4857 -1.5914 0.28742 0.64861 -2.9925 -0.47902 -0.45862 0.012081 0.64267 0.50278 -1.648 1.4995 -0.45092 -2.9694 0.72813
2 64 312 2.8481 2.0029 3.35 2.1658 1.5079 2.41 2.932 1.4472 1.7963 2.2066 0.91296 0.43359 2.383 -0.39513 -0.36357 1.4178 1.579 3.0447 0.12461 0.91435 2.3 -0.44099 -0.47942 2.6394 0.58613 -0.018372 -0.52878 1.4596 -1.5341 0.63481 0.71721 -2.8297 -0.37572 -0.58613 0.018372 0.52878 0.17965 -1.594 1.6369 -0.63733 -2.82 0.59755
2 64 324 3.4824 2.0029 2.6846 2.6195 1.5079 1.907 3.2414 1.4472 1.1475 2.2485 0.91296 -0.034664 2.2553 -0.39513 -0.85108 2.0199 1.579 2.6834 0.60009 0.91435 2.2239 0.11741 -0.47942 2.6734 0.46338 -0.018372 -0.63909 1.5597 -1.5341 0.31746 0.62342 -2.8297 -0.51662 -0.46338 0.018372 0.63909 0.51606 -1.594 1.5638 -0.49916 -2.82 0.717
2 65 300 1.9892 2.3653 3.7154 1.5453 1.7516 2.7071 2.4259 1.6898 2.2734 2.1384 0.6498 1.0468 2.6617 -0.79805 0.95945 0.67773 1.826 3.1644 -0.24268 0.67543 2.4589 -0.41347 -0.72126 3.0896 0.6861 -0.019672 -0.39035 1.3524 -1.469 0.97703 0.7782 -2.6744 -0.23473 -0.6861 0.019672 0.39035 -0.18851 -1.5538 1.6906 -0.78068 -2.68 0.41311
2 65 312 2.7182 2.3653 3.2207 2.0743 1.7516 2.3266 2.8455 1.6898 1.7193 2.3093 0.6498 0.57933 2.803 -0.79805 0.38509 1.3208 1.826 2.9544 0.27387 0.67543 2.4556 0.23793 -0.72126 3.1081 0.58995 -0.019672 -0.52447 1.526 -1.469 0.6745 0.71239 -2.6744 -0.3914 -0.58995 0.019672 0.52447 0.16711 -1.5538 1.6929 -0.67773 -2.68 0.56639
2 66 300 1.8726 2.7471 3.5092 1.4599 2.0097 2.5762 2.3439 1.9504 2.149 2.2917 0.49018 1.4185 3.021 -0.70183 2.0704 0.5884 2.0838 3.026 0.0015877 0.57717 2.7923 0.29149 -0.55439 3.7989 0.68738 -0.016834 -0.38823 1.3653 -1.4613 0.97858 0.74679 -2.5888 -0.28514 -0.68738 0.016834 0.38823 -0.21829 -1.5408 1.7178 -0.80736 -2.5713 0.3606
2 66 312 2.5613 2.7471 3.0432 1.9636 2.0097 2.2164 2.7395 1.9504 1.6147 2.5366 0.49018 0.91103 3.3854 -0.70183 1.397 1.2047 2.0838 2.8376 0.58211 0.57717 2.731 1.075 -0.55439 3.6553 0.59164 -0.016834 -0.52266 1.539 -1.4613 0.67332 0.67119 -2.5888 -0.43418 -0.59164 0.016834 0.52266 0.14364 -1.5408 1.7257 -0.71474 -2.5713 0.52058
2 67 300 1.7663 3.0711 3.2907 1.3833 2.2381 2.4305 2.2686 2.1827 2.0056 2.5397 0.57341 1.933 3.3716 0.045649 3.1193 0.5099 2.3102 2.877 0.29501 0.72285 3.1975 1.0004 0.16178 4.4486 0.68686 -0.014904 -0.38922 1.3379 -1.5057 0.9404 0.69956 -2.5751 -0.36341 -0.68686 0.014904 0.38922 -0.25921 -1.5822 1.6857 -0.84681 -2.5453 0.27925
