2 40 192 -4.6663 0.83409 0.84151 -3.4287 0.70158 0.62261 -3.2149 0.61905 1.5791 -1.7486 0.17996 2.1501 -1.8416 -1.1296 2.9588 -3.6714 0.78602 -0.32678 -2.5078 0.88908 -1.4688 -1.9015 0.062057 -2.6203 0.13699 0.011094 0.77757 -0.88707 -1.8226 0.83405 -0.31994 -3.5327 0.90351 -0.13699 -0.011095 -0.77757 -1.2207 -1.8053 -0.634 -0.5299 -3.4636 -0.78802
2 41 192 -4.6692 0.71969 0.9094 -3.4312 0.61773 0.67918 -3.2019 0.53159 1.6317 -1.9049 -0.11268 2.3877 -2.36 -1.3721 3.1523 -3.6894 0.705 -0.26586 -2.7156 0.74171 -1.577 -2.4764 -0.19434 -2.7788 0.14914 0.0074964 0.77537 -0.87428 -1.8267 0.82836 -0.31136 -3.5371 0.92015 -0.14914 -0.0074964 -0.77537 -1.2278 -1.8063 -0.65289 -0.53879 -3.4669 -0.78886
2 41 204 -4.3781 0.71969 1.8603 -3.215 0.61773 1.3777 -2.7927 0.53159 2.2618 -1.3668 -0.11268 2.7316 -1.653 -1.3721 3.574 -3.6641 0.705 0.50702 -2.9842 0.74171 -0.97797 -3 -0.19434 -2.2032 0.30709 0.0074964 0.72742 -0.68295 -1.8267 0.99203 -0.11324 -3.5371 0.96478 -0.30709 -0.0074964 -0.72742 -1.3367 -1.8063 -0.38334 -0.69103 -3.4669 -0.6596
2 42 180 -4.7671 0.63938 -0.035108 -3.5073 0.55244 -0.00098484 -3.4843 0.46049 0.97798 -2.6383 -0.43274 2.0528 -3.5172 -1.602 2.5406 -3.5601 0.64495 -0.97875 -2.5486 0.52298 -2.2558 -2.4757 -0.53135 -3.3786 -0.0039028 0.0048437 0.78959 -1.0412 -1.8147 0.62361 -0.5068 -3.5229 0.84132 0.0039028 -0.0048437 -0.78959 -1.0875 -1.7964 -0.9063 -0.38355 -3.4561 -0.88039
2 42 192 -4.6702 0.63938 0.95679 -3.4309 0.55244 0.72825 -3.2048 0.46049 1.681 -2.1539 -0.43274 2.5564 -2.9121 -1.602 3.2164 -3.6858 0.64495 -0.21718 -2.962 0.52298 -1.6766 -3.124 -0.53135 -2.7901 0.16035 0.0048437 0.77315 -0.88881 -1.8147 0.82646 -0.32081 -3.5229 0.9283 -0.16035 -0.0048437 -0.77315 -1.2521 -1.7964 -0.6604 -0.55821 -3.4561 -0.78141
2 42 204 -4.3692 0.63938 1.9069 -3.2045 0.55244 1.4256 -2.7853 0.46049 2.3106 -1.5753 -0.43274 2.9484 -2.1797 -1.602 3.7516 -3.6504 0.64495 0.55388 -3.2458 0.52298 -1.0242 -3.6358 -0.53135 -2.0796 0.31759 0.0048437 0.72292 -0.69755 -1.8147 0.9932 -0.12079 -3.5229 0.97472 -0.31759 -0.0048437 -0.72292 -1.3621 -1.7964 -0.38564 -0.70848 -3.4561 -0.64827
2 43 180 -4.774 0.59315 0.012093 -3.5152 0.50501 0.04036 -3.4791 0.41418 1.019 -2.8824 -0.68676 2.0682 -3.9459 -1.7604 2.3745 -3.5811 0.59615 -0.93673 -2.8173 0.2755 -2.3448 -3.1655 -0.87385 -3.3119 0.0026737 -0.0063815 0.78959 -1.0687 -1.8045 0.60686 -0.52417 -3.5081 0.83477 -0.0026739 0.0063815 -0.78959 -1.1011 -1.7808 -0.90644 -0.40243 -3.4426 -0.87353
2 43 192 -4.6672 0.59315 1.0044 -3.43 0.50501 0.77033 -3.1912 0.41418 1.7201 -2.3894 -0.68676 2.6222 -3.366 -1.7604 3.143 -3.6976 0.59615 -0.17171 -3.2433 0.2755 -1.7078 -3.7849 -0.87385 -2.5814 0.16678 -0.0063815 0.77178 -0.91917 -1.8045 0.81579 -0.33916 -3.5081 0.92551 -0.16678 0.0063815 -0.77178 -1.2655 -1.7808 -0.6577 -0.57526 -3.4426 -0.77077
2 43 204 -4.3563 0.59315 1.9528 -3.1949 0.50501 1.4666 -2.7638 0.41418 2.346 -1.792 -0.68676 3.0617 -2.639 -1.7604 3.7741 -3.6525 0.59615 0.60082 -3.5275 0.2755 -0.99614 -4.2389 -0.87385 -1.7381 0.3236 -0.0063815 0.72024 -0.72947 -1.8045 0.98907 -0.13932 -3.5081 0.9758 -0.3236 0.0063815 -0.72024 -1.3746 -1.7808 -0.38021 -0.72294 -3.4426 -0.63433
2 44 180 -4.7758 0.58464 0.036833 -3.5178 0.49004 0.053985 -3.4655 0.40597 1.0325 -3.0203 -0.84291 1.9869 -4.1745 -1.8523 2.1497 -3.5998 0.57468 -0.92247 -3.0385 0.043192 -2.3617 -3.7532 -1.1437 -3.0385 0.004747 -0.0078087 0.78957 -1.0712 -1.8028 0.60322 -0.52202 -3.5063 0.82095 -0.004747 0.0078082 -0.78957 -1.1088 -1.7762 -0.90323 -0.40845 -3.4374 -0.87909
2 44 192 -4.6638 0.58464 1.029 -3.4297 0.49004 0.78419 -3.175 0.40597 1.7305 -2.5412 -0.84291 2.5715 -3.6364 -1.8523 2.9707 -3.7129 0.57468 -0.15388 -3.4632 0.043192 -1.6783 -4.3029 -1.1437 -2.1918 0.1688 -0.0078087 0.77133 -0.92234 -1.8028 0.81274 -0.33993 -3.5063 0.91154 -0.1688 0.0078082 -0.77133 -1.2723 -1.7762 -0.65296 -0.5823 -3.4374 -0.77496
2 44 204 -4.3479 0.58464 1.9761 -3.1917 0.49004 1.4801 -2.7459 0.40597 2.3528 -1.951 -0.84291 3.0436 -2.9393 -1.8523 3.6618 -3.6638 0.57468 0.62144 -3.7364 0.043192 -0.9216 -4.6646 -1.1437 -1.2492 0.32548 -0.0078087 0.71937 -0.7332 -1.8028 0.98675 -0.14298 -3.5063 0.9623 -0.32548 0.0078082 -0.71937 -1.3803 -1.7762 -0.37417 -0.7307 -3.4374 -0.63696
2 45 180 -4.7707 0.62867 0.051858 -3.5134 0.51823 0.063891 -3.4712 0.42662 1.0422 -3.0462 -0.9401 1.8298 -4.2154 -1.9423 1.9087 -3.5854 0.6105 -0.91267 -3.1143 -0.16305 -2.2722 -4.0749 -1.3131 -2.636 0.0086547 -0.0047765 0.78956 -1.0505 -1.8123 0.6304 -0.49809 -3.5182 0.81913 -0.0086547 0.004776 -0.78956 -1.1007 -1.786 -0.91241 -0.39233 -3.4435 -0.87326
2 45 192 -4.6557 0.62867 1.0426 -3.4234 0.51823 0.79298 -3.1787 0.42662 1.7412 -2.5992 -0.9401 2.4231 -3.7264 -1.9423 2.7434 -3.6968 0.6105 -0.14728 -3.5186 -0.16305 -1.5751 -4.5339 -1.3131 -1.7312 0.17262 -0.0047765 0.7705 -0.89646 -1.8123 0.83503 -0.3169 -3.5182 0.90478 -0.17262 0.004776 -0.7705 -1.2663 -1.786 -0.66363 -0.56531 -3.4435 -0.77261
2 45 204 -4.3372 0.62867 1.9878 -3.1837 0.51823 1.4874 -2.7472 0.42662 2.364 -2.0386 -0.9401 2.9106 -3.0746 -1.9423 3.4582 -3.6466 0.6105 0.62454 -3.7692 -0.16305 -0.8091 -4.7948 -1.3131 -0.7507 0.32905 -0.0047765 0.71778 -0.70325 -1.8123 1.0032 -0.12186 -3.5182 0.9509 -0.32905 0.004776 -0.71778 -1.3766 -1.786 -0.38584 -0.7136 -3.4435 -0.63819
2 46 180 -4.7612 0.71234 0.073046 -3.5064 0.57605 0.084961 -3.4705 0.49078 1.0641 -2.9807 -0.94531 1.6695 -4.1148 -1.9896 1.6987 -3.5721 0.66242 -0.89258 -3.0913 -0.33003 -2.0978 -4.1455 -1.4495 -2.2137 0.014824 -0.00057268 0.78948 -1.0241 -1.8221 0.65886 -0.48127 -3.5329 0.82992 -0.014824 0.00057268 -0.78948 -1.0807 -1.8074 -0.88673 -0.36178 -3.4606 -0.85543
2 46 192 -4.642 0.71234 1.0614 -3.4121 0.57605 0.81213 -3.1734 0.49078 1.7624 -2.5684 -0.94531 2.2527 -3.6717 -1.9896 2.5171 -3.6796 0.66242 -0.1304 -3.46 -0.33003 -1.4093 -4.5151 -1.4495 -1.3034 0.17864 -0.00057268 0.76915 -0.86474 -1.8221 0.85739 -0.2982 -3.5329 0.91185 -0.17864 0.00057268 -0.76915 -1.2415 -1.8074 -0.64266 -0.53173 -3.4606 -0.76151
2 46 204 -4.3198 0.71234 2.0033 -3.1687 0.57605 1.5038 -2.7376 0.49078 2.3837 -2.0439 -0.94531 2.7375 -3.0682 -1.9896 3.2255 -3.6263 0.66242 0.63749 -3.6773 -0.33003 -0.65911 -4.6874 -1.4495 -0.33618 0.33465 -0.00057268 0.7152 -0.66759 -1.8221 1.0184 -0.1021 -3.5329 0.95392 -0.33465 0.00057268 -0.7152 -1.348 -1.8074 -0.3705 -0.67844 -3.4606 -0.63432
2 47 180 -4.7405 0.84367 0.10134 -3.492 0.66318 0.11273 -3.4573 0.58224 1.0923 -2.8648 -0.86586 1.562 -3.9248 -1.9856 1.5475 -3.5563 0.746 -0.86521 -2.9967 -0.39883 -1.8875 -4.0246 -1.5473 -1.8406 0.022965 0.0067611 0.78926 -0.99061 -1.8307 0.68579 -0.45428 -3.5455 0.83657 -0.022965 -0.0067608 -0.78926 -1.0583 -1.8344 -0.83204 -0.32971 -3.4836 -0.84654
2 47 192 -4.6158 0.84367 1.0847 -3.3922 0.66318 0.83629 -3.1547 0.58224 1.7873 -2.4774 -0.86586 2.1235 -3.5173 -1.9856 2.3297 -3.6585 0.746 -0.1069 -3.3237 -0.39883 -1.2232 -4.3194 -1.5473 -0.96357 0.18656 0.0067611 0.76723 -0.82638 -1.8307 0.87676 -0.27042 -3.5455 0.91274 -0.18656 -0.0067608 -0.76723 -1.2082 -1.8344 -0.59381 -0.49851 -3.4836 -0.75949
2 47 204 -4.2894 0.84367 2.0207 -3.1442 0.66318 1.5233 -2.7141 0.58224 2.4041 -1.9818 -0.86586 2.5922 -2.9561 -1.9856 3.0101 -3.6008 0.746 0.65608 -3.5054 -0.39883 -0.50539 -4.4253 -1.5473 -0.044468 0.342 0.0067611 0.71168 -0.62603 -1.8307 1.0294 -0.074744 -3.5455 0.94901 -0.342 -0.0067608 -0.71168 -1.3053 -1.8344 -0.32963 -0.64553 -3.4836 -0.63924
2 48 180 -4.7105 1.0057 0.14011 -3.4705 0.77499 0.14697 -3.4361 0.70304 1.1273 -2.71 -0.71181 1.5011 -3.6595 -1.9261 1.4606 -3.5345 0.84988 -0.83163 -2.8519 -0.35785 -1.6943 -3.7569 -1.5966 -1.5389 0.034051 0.014052 0.78876 -0.95716 -1.8364 0.70074 -0.42791 -3.5539 0.84576 -0.03405 -0.014052 -0.78876 -1.0369 -1.8603 -0.79155 -0.29703 -3.504 -0.83159
2 48 192 -4.5784 1.0057 1.1164 -3.3641 0.77499 0.86531 -3.1266 0.70304 1.817 -2.3387 -0.71181 2.0317 -3.2758 -1.9261 2.1896 -3.6302 0.84988 -0.078593 -3.1419 -0.35785 -1.0643 -3.9948 -1.5966 -0.72416 0.1973 0.014052 0.76444 -0.79055 -1.8364 0.88443 -0.24272 -3.5539 0.91624 -0.1973 -0.014052 -0.76444 -1.1788 -1.8603 -0.55866 -0.46344 -3.504 -0.75166
2 48 204 -4.2462 1.0057 2.0439 -3.1107 0.77499 1.5458 -2.6805 0.70304 2.4274 -1.8652 -0.71181 2.4736 -2.749 -1.9261 2.8228 -3.5672 0.84988 0.67788 -3.2945 -0.35785 -0.38784 -4.0581 -1.5966 0.12223 0.35192 0.014052 0.70672 -0.58939 -1.8364 1.0295 -0.046916 -3.5539 0.94668 -0.35192 -0.014052 -0.70672 -1.2692 -1.8603 -0.30136 -0.60959 -3.504 -0.63888
2 49 180 -4.6699 1.1754 0.1695 -3.4405 0.89629 0.17142 -3.3982 0.84247 1.1526 -2.5237 -0.4983 1.4787 -3.3146 -1.8211 1.4294 -3.5123 0.9541 -0.8078 -2.6818 -0.24211 -1.5482 -3.3991 -1.5943 -1.3618 0.04138 0.017495 0.78834 -0.93048 -1.843 0.69657 -0.40392 -3.5605 0.85024 -0.04138 -0.017495 -0.78834 -1.0196 -1.8766 -0.75607 -0.2658 -3.5134 -0.81573
2 49 192 -4.5326 1.1754 1.1367 -3.3297 0.89629 0.883 -3.0843 0.84247 1.8339 -2.1612 -0.4983 1.9711 -2.945 -1.8211 2.0873 -3.6035 0.9541 -0.059903 -2.9451 -0.24211 -0.95675 -3.608 -1.5943 -0.62528 0.20438 0.017495 0.76251 -0.76532 -1.843 0.87481 -0.21832 -3.5605 0.91564 -0.20438 -0.017495 -0.76251 -1.1545 -1.8766 -0.52756 -0.42959 -3.5134 -0.74264
2 49 204 -4.1973 1.1754 2.0543 -3.0733 0.89629 1.556 -2.6356 0.84247 2.4351 -1.7041 -0.4983 2.3774 -2.4467 -1.8211 2.654 -3.5372 0.9541 0.69061 -3.0796 -0.24211 -0.32353 -3.6592 -1.5943 0.13853 0.35845 0.017495 0.70335 -0.56672 -1.843 1.0148 -0.023179 -3.5605 0.94102 -0.35845 -0.017495 -0.70335 -1.239 -1.8766 -0.27599 -0.57461 -3.5134 -0.63709
2 50 180 -4.6213 1.3595 0.18485 -3.4035 1.0323 0.18479 -3.363 0.99533 1.1668 -2.335 -0.2333 1.4869 -2.9276 -1.6564 1.4527 -3.4733 1.0744 -0.79537 -2.4883 -0.055225 -1.4454 -2.9611 -1.5166 -1.3098 0.048986 0.024701 0.78771 -0.91292 -1.8411 0.69855 -0.3851 -3.5582 0.85283 -0.048986 -0.024701 -0.78771 -1.0009 -1.8966 -0.72213 -0.23542 -3.5265 -0.81362
2 50 192 -4.4819 1.3595 1.1416 -3.2907 1.0323 0.88837 -3.0469 0.99533 1.8405 -1.9748 -0.2333 1.9398 -2.5616 -1.6564 2.0296 -3.5628 1.0744 -0.055851 -2.7344 -0.055225 -0.89646 -3.1687 -1.5166 -0.66548 0.21169 0.024701 0.76031 -0.74773 -1.8411 0.87309 -0.19937 -3.5582 0.91426 -0.21169 -0.024701 -0.76031 -1.1292 -1.8966 -0.49826 -0.39943 -3.5265 -0.7469
2 50 204 -4.1466 1.3595 2.0485 -3.0341 1.0323 1.5531 -2.5976 0.99533 2.4338 -1.5283 -0.2333 2.308 -2.0837 -1.6564 2.5179 -3.4965 1.0744 0.68611 -2.8611 -0.055225 -0.30835 -3.2379 -1.5166 0.0078801 0.36514 0.024701 0.69969 -0.54987 -1.8411 1.0095 -0.0049274 -3.5582 0.93574 -0.36514 -0.024701 -0.69969 -1.2081 -1.8966 -0.2526 -0.546 -3.5265 -0.64753
2 51 192 -4.4236 1.5381 1.1536 -3.2439 1.1675 0.90287 -2.9993 1.1432 1.8552 -1.7771 0.063454 1.9501 -2.1146 -1.4386 2.0376 -3.5166 1.1982 -0.041639 -2.5373 0.18435 -0.86732 -2.7196 -1.3456 -0.80608 0.22127 0.027153 0.7575 -0.72651 -1.8441 0.87764 -0.17586 -3.5605 0.91795 -0.22127 -0.027153 -0.7575 -1.1145 -1.9098 -0.48935 -0.37338 -3.5341 -0.74109
