2 6 12 3.9534 2.7106 -0.67376 2.8763 2.0625 -0.55552 2.7216 2.0064 -1.5252 1.0887 2.0068 -1.4736 -0.22988 1.3195 -1.8817 3.0566 2.133 0.40878 1.5892 2.0216 1.118 0.77516 1.2245 2.157 -0.16129 0.0067756 -0.77294 1.1999 -1.5877 -0.91123 0.12614 -3.0171 -0.67739 0.16129 -0.0067759 0.77294 1.4719 -1.6419 0.62124 0.24097 -2.9469 0.80251
2 7 12 3.949 2.7171 -0.66684 2.8817 2.0506 -0.5686 2.743 1.992 -1.5406 1.1332 1.7159 -1.506 -0.034299 0.78388 -1.888 3.0458 2.1239 0.39837 1.627 1.7171 1.0984 1.0173 0.6437 2.0224 -0.16036 -0.0050759 -0.77315 1.29 -1.5194 -0.90562 0.10451 -2.8623 -0.70022 0.16036 0.0050757 0.77315 1.5163 -1.5943 0.64011 0.21272 -2.8258 0.82734
2 8 12 3.8906 2.8051 -0.64296 2.8439 2.1052 -0.55977 2.7198 2.0428 -1.5334 1.2162 1.4042 -1.5485 0.40418 0.14683 -1.919 2.9932 2.183 0.40927 1.7377 1.4022 1.1041 1.5099 0.079658 1.8634 -0.1522 -0.01733 -0.77462 1.3667 -1.4641 -0.89361 0.078882 -2.7125 -0.70903 0.1522 0.01733 0.77462 1.549 -1.5486 0.66981 0.17596 -2.7042 0.84367
2 9 12 3.7758 2.9672 -0.60155 2.7694 2.211 -0.52811 2.6555 2.1476 -1.503 1.4036 1.1048 -1.6208 1.2348 -0.39127 -1.9541 2.908 2.2905 0.44237 1.9609 1.1236 1.0827 2.2883 -0.28579 1.6155 -0.13959 -0.027252 -0.7767 1.3964 -1.4574 -0.87464 0.019083 -2.6057 -0.6866 0.13959 0.027252 0.7767 1.5533 -1.5252 0.70117 0.11725 -2.604 0.85832
2 9 24 3.5682 2.9672 -1.3734 2.5991 2.211 -1.0924 2.285 2.1476 -2.0222 1.0359 1.1048 -1.8772 0.8015 -0.39127 -2.1681 2.9365 2.2905 -0.17192 2.1431 1.1236 0.65132 2.5742 -0.28579 1.1045 -0.29803 -0.027252 -0.73071 1.184 -1.4574 -1.1459 -0.12409 -2.6057 -0.67556 0.29803 0.027252 0.73071 1.6652 -1.5252 0.36289 0.29314 -2.604 0.81519
2 10 24 3.4242 3.171 -1.2866 2.5101 2.3442 -1.0256 2.1969 2.2904 -1.9564 1.3549 0.89263 -2.0335 1.9257 -0.49473 -2.39 2.8456 2.4155 -0.10377 2.4717 0.95053 0.51496 3.4488 -0.24212 0.53752 -0.29057 -0.024077 -0.73382 1.1866 -1.4658 -1.1259 -0.1822 -2.531 -0.63341 0.29057 0.024077 0.73382 1.652 -1.5389 0.3902 0.22016 -2.5398 0.83625
2 11 24 3.2651 3.3702 -1.1913 2.4152 2.4721 -0.95903 2.1044 2.4337 -1.8914 1.8289 0.86436 -2.252 3.0856 0.041216 -2.5996 2.7473 2.5293 -0.035051 2.8818 0.94194 0.32662 4.2511 0.34795 -0.060329 -0.29051 -0.012567 -0.73413 1.1345 -1.5157 -1.0866 -0.26471 -2.5375 -0.58743 0.29052 0.012567 0.73413 1.5935 -1.6017 0.40152 0.12717 -2.544 0.8627
2 11 36 2.9461 3.3702 -1.8441 2.163 2.4721 -1.4402 1.6652 2.4337 -2.2876 1.3207 0.86436 -2.583 2.4777 0.041216 -3.1843 2.68 2.5293 -0.60549 2.8867 0.94194 -0.27967 4.1457 0.34795 -0.94287 -0.4368 -0.012567 -0.65768 0.88376 -1.5157 -1.2988 -0.38106 -2.5375 -0.51956 0.4368 0.012567 0.65768 1.6422 -1.6017 0.061428 0.30375 -2.544 0.81741
2 12 24 3.0944 3.552 -1.1092 2.3159 2.5868 -0.90741 2.0087 2.5587 -1.8413 2.3374 1.0969 -2.4922 3.8647 1.113 -2.7039 2.6435 2.6352 0.018736 3.3003 1.1442 0.13706 4.6856 1.3723 -0.50051 -0.29509 -0.0042431 -0.73239 1.0126 -1.6233 -1.0203 -0.39588 -2.636 -0.52901 0.29509 0.0042434 0.73239 1.4781 -1.7028 0.41463 0.011011 -2.6233 0.91581
2 12 36 2.7962 3.552 -1.7283 2.0767 2.5868 -1.3691 1.582 2.5587 -2.2187 1.7682 1.0969 -2.9237 3.2181 1.113 -3.4484 2.5896 2.6352 -0.53128 3.2567 1.1442 -0.5521 4.4791 1.3723 -1.4638 -0.44092 -0.0042431 -0.65504 0.77838 -1.6233 -1.2085 -0.49722 -2.636 -0.43514 0.44092 0.0042434 0.65504 1.532 -1.7028 0.098261 0.20118 -2.6233 0.89351
2 13 24 2.9076 3.7184 -1.0552 2.2037 2.6914 -0.89067 1.9046 2.6704 -1.8274 2.7075 1.5619 -2.7191 4.0387 2.3382 -2.6657 2.5217 2.7344 0.039046 3.6215 1.5272 -0.0066325 4.6488 2.471 -0.66353 -0.30646 -0.0038791 -0.72771 0.80854 -1.7723 -0.93662 -0.58529 -2.813 -0.46201 0.30646 0.0038788 0.72771 1.2873 -1.8354 0.46472 -0.15245 -2.781 0.99753
2 13 36 2.6247 3.7184 -1.6367 1.9704 2.6914 -1.3294 1.483 2.6704 -2.1834 2.083 1.5619 -3.2226 3.3962 2.3382 -3.4472 2.4747 2.7344 -0.4861 3.5409 1.5272 -0.75943 4.4093 2.471 -1.6156 -0.45106 -0.0038791 -0.64809 0.59614 -1.7723 -1.0843 -0.66856 -2.813 -0.33022 0.45106 0.0038788 0.64809 1.3558 -1.8354 0.18692 0.058278 -2.781 1.0074
2 14 12 2.7811 3.9289 -0.40896 2.1602 2.8362 -0.42435 2.0766 2.8279 -1.4043 3.3071 2.0827 -2.1786 4.1265 3.2906 -1.6815 2.2613 2.8685 0.55345 3.62 1.9792 0.73203 4.2709 3.3138 0.31628 -0.17064 -0.00028253 -0.77096 0.63268 -1.9412 -0.72715 -0.76832 -3.0594 -0.53283 0.17064 0.00028276 0.77096 0.86842 -1.9815 0.78005 -0.59543 -3.0063 1.0203
2 14 24 2.6353 3.9289 -0.97826 2.0248 2.8362 -0.86421 1.7393 2.8279 -1.8054 2.7819 2.0827 -2.8185 3.6867 3.2906 -2.5027 2.327 2.8685 0.071204 3.6931 1.9792 -0.036608 4.2434 3.3138 -0.5786 -0.3272 -0.00028253 -0.71864 0.46767 -1.9412 -0.8428 -0.86231 -3.0594 -0.36145 0.3272 0.00028276 0.71864 1.0116 -1.9815 0.58245 -0.37029 -3.0063 1.1218
2 15 12 2.3431 4.2098 -0.35344 1.8559 3.0474 -0.38224 1.7761 3.0532 -1.3625 3.1216 2.5598 -2.1466 3.5796 3.9109 -1.5614 1.9496 3.068 0.59661 3.4167 2.3852 0.82009 3.7005 3.8523 0.43984 -0.178 0.0032692 -0.76929 0.1507 -2.0715 -0.72847 -1.1305 -3.3219 -0.51429 0.178 -0.0032692 0.76929 0.48205 -2.079 0.88356 -0.86698 -3.2452 1.1503
2 15 24 2.2184 4.2098 -0.83286 1.7359 3.0474 -0.75976 1.454 3.0532 -1.702 2.6071 2.5598 -2.7487 3.1768 3.9109 -2.2716 2.031 3.068 0.17823 3.5126 2.3852 0.091789 3.7111 3.8523 -0.33915 -0.33405 0.0032692 -0.71547 -0.0040542 -2.0715 -0.74389 -1.2127 -3.3219 -0.26802 0.33405 -0.0032692 0.71547 0.65521 -2.079 0.76402 -0.60886 -3.2452 1.3055
2 16 12 1.9331 4.4234 -0.29437 1.5373 3.2223 -0.3081 1.4431 3.2323 -1.2871 2.8364 2.8413 -2.0453 3.151 4.2241 -1.4398 1.6418 3.2403 0.66971 3.1458 2.6674 0.94964 3.2693 4.1564 0.56854 -0.1633 0.0054674 -0.77253 -0.22624 -2.0939 -0.71712 -1.3757 -3.4756 -0.57401 0.1633 -0.0054674 0.77253 0.145 -2.0999 0.93738 -1.0875 -3.369 1.2857
2 17 12 1.7431 4.5058 -0.27479 1.3775 3.2936 -0.26455 1.2674 3.301 -1.2419 2.6756 2.9214 -1.9777 2.968 4.3138 -1.3832 1.4963 3.3147 0.71157 3.0034 2.7787 1.0431 3.0772 4.268 0.65036 -0.15351 0.0069966 -0.77452 -0.25469 -2.0906 -0.7093 -1.424 -3.4583 -0.59436 0.15351 -0.0069966 0.77452 0.079493 -2.1029 0.90046 -1.2201 -3.2855 1.3046
2 18 12 1.8067 4.4801 -0.27814 1.4383 3.2693 -0.2433 1.3174 3.2653 -1.2194 2.7127 2.8407 -1.9552 3.0289 4.2333 -1.3733 1.5684 3.3016 0.73106 3.0504 2.7195 1.0964 3.1654 4.2029 0.69157 -0.13646 0.0096245 -0.77768 -0.047901 -2.0891 -0.73575 -1.345 -3.3302 -0.56795 0.13646 -0.009625 0.77768 0.2747 -2.1047 0.85421 -1.1612 -3.1304 1.2242
2 19 12 1.9161 4.4397 -0.28289 1.5109 3.2428 -0.2242 1.3817 3.2254 -1.1991 2.7412 2.6829 -1.9246 3.1586 4.0671 -1.3885 1.6508 3.2878 0.7483 3.093 2.6313 1.1456 3.3269 4.0932 0.71458 -0.12467 0.014739 -0.77957 0.25772 -2.0512 -0.78038 -1.1445 -3.1635 -0.56272 0.12467 -0.014738 0.77958 0.54783 -2.0724 0.81397 -0.96275 -3.008 1.1203
2 20 12 2.0373 4.3896 -0.31453 1.5788 3.2131 -0.2419 1.452 3.1853 -1.2168 2.7519 2.4844 -1.9151 3.3333 3.8321 -1.4424 1.7178 3.268 0.73022 3.1053 2.5161 1.1526 3.4898 3.9344 0.68521 -0.11567 0.009263 -0.78105 0.5348 -1.9875 -0.8446 -0.90092 -3.0456 -0.57994 0.11567 -0.0092626 0.78105 0.77806 -2.0031 0.7769 -0.73198 -2.9648 0.99083
2 21 12 2.2184 4.2995 -0.35215 1.7034 3.1481 -0.2639 1.5829 3.1048 -1.2391 2.7974 2.2395 -1.906 3.5732 3.5055 -1.4902 1.8374 3.2178 0.70798 3.1454 2.343 1.1468 3.6875 3.6947 0.64006 -0.10739 0.0051913 -0.78227 0.77773 -1.8959 -0.91178 -0.60569 -3.0148 -0.62009 0.10739 -0.0051918 0.78227 0.98509 -1.9139 0.75526 -0.46966 -2.9735 0.86377
2 21 24 2.0967 4.2995 -0.80569 1.6113 3.1481 -0.61228 1.2907 3.1048 -1.5411 2.34 2.2395 -2.446 3.1853 3.5055 -2.2005 1.9444 3.2178 0.31049 3.3151 2.343 0.46773 3.74 3.6947 -0.14061 -0.26768 0.0051913 -0.74284 0.57116 -1.8959 -1.0536 -0.72138 -3.0148 -0.48061 0.26768 -0.0051918 0.74284 1.1206 -1.9139 0.53395 -0.27981 -2.9735 0.94254
2 22 12 2.4045 4.1982 -0.36289 1.8292 3.0773 -0.26292 1.7248 3.0238 -1.2394 2.819 1.991 -1.8755 3.8132 3.1163 -1.5248 1.9489 3.1561 0.71014 3.1597 2.1691 1.188 3.8685 3.4235 0.63886 -0.098333 0.0071793 -0.78344 0.96125 -1.799 -0.95417 -0.26824 -3.0906 -0.6875 0.098334 -0.0071793 0.78344 1.1415 -1.8305 0.74451 -0.20258 -3.0322 0.76123
2 22 24 2.2765 4.1982 -0.85488 1.7346 3.0773 -0.63749 1.4294 3.0238 -1.571 2.3675 1.991 -2.4206 3.4128 3.1163 -2.2843 2.0539 3.1561 0.28942 3.3377 2.1691 0.50512 3.9168 3.4235 -0.17941 -0.25907 0.0071793 -0.74587 0.74186 -1.799 -1.1332 -0.40531 -3.0906 -0.61671 0.25907 -0.0071793 0.74587 1.2714 -1.8305 0.4909 -0.039884 -3.0322 0.78671
2 23 12 2.5615 4.1039 -0.37077 1.924 3.019 -0.26336 1.8216 2.955 -1.2395 2.7657 1.7773 -1.8642 3.9718 2.6923 -1.5715 2.0434 3.1072 0.70893 3.1231 1.9971 1.2292 4.0143 3.1161 0.65382 -0.093443 0.0087333 -0.78402 1.0602 -1.7366 -0.97718 0.10953 -3.2567 -0.78613 0.093443 -0.0087333 0.78402 1.2486 -1.7631 0.7386 0.12524 -3.1727 0.69389
2 23 24 2.4284 4.1039 -0.89522 1.8272 3.019 -0.65763 1.5241 2.955 -1.5911 2.3177 1.7773 -2.3985 3.5583 2.6923 -2.3629 2.1461 3.1072 0.2686 3.3104 1.9971 0.55304 4.0625 3.1161 -0.19509 -0.25441 0.0087333 -0.74746 0.83383 -1.7366 -1.1762 -0.056315 -3.2567 -0.79173 0.25441 -0.0087333 0.74746 1.3749 -1.7631 0.46287 0.26677 -3.1727 0.65269
2 24 12 2.6632 4.033 -0.38667 1.9729 2.9834 -0.27646 1.8623 2.9117 -1.2511 2.6441 1.6069 -1.8469 4.0266 2.2487 -1.613 2.102 3.078 0.69398 3.0207 1.8462 1.2485 4.1012 2.7799 0.6668 -0.096178 0.0055532 -0.78372 1.0679 -1.7317 -0.9869 0.49141 -3.4377 -0.89723 0.096178 -0.0055532 0.78372 1.3094 -1.7205 0.74402 0.52832 -3.3434 0.66208
2 24 24 2.5246 4.033 -0.93193 1.8724 2.9834 -0.68061 1.5615 2.9117 -1.611 2.2024 1.6069 -2.3563 3.6032 2.2487 -2.4149 2.2004 3.078 0.24178 3.2142 1.8462 0.59322 4.1502 2.7799 -0.20045 -0.25702 0.0055532 -0.7466 0.83936 -1.7317 -1.1874 0.29413 -3.4377 -0.97979 0.25702 -0.0055532 0.7466 1.4355 -1.7205 0.45553 0.65443 -3.3434 0.53776
2 25 12 2.7342 3.978 -0.38099 2.0117 2.9526 -0.27977 1.9014 2.8781 -1.2543 2.4984 1.4593 -1.8012 3.9958 1.784 -1.6282 2.1416 3.0491 0.69038 2.8868 1.7193 1.2776 4.1407 2.4178 0.71396 -0.098764 0.0047641 -0.7834 1.0554 -1.7369 -1.0044 0.83082 -3.5258 -1.0113 0.098764 -0.0047641 0.7834 1.3516 -1.6913 0.76269 0.89644 -3.4333 0.66624
2 25 24 2.5952 3.978 -0.94113 1.9096 2.9526 -0.69191 1.599 2.8781 -1.6222 2.0693 1.4593 -2.2813 3.57 1.784 -2.4234 2.2383 3.0491 0.23003 3.0894 1.7193 0.64943 4.1986 2.4178 -0.16254 -0.25948 0.0047641 -0.74575 0.82352 -1.7369 -1.2019 0.6024 -3.5258 -1.162 0.25948 -0.0047641 0.74575 1.4806 -1.6913 0.46502 1.0154 -3.4333 0.4653
2 26 12 2.765 3.9583 -0.32952 2.0387 2.9347 -0.25256 1.9465 2.8652 -1.2293 2.3539 1.3611 -1.7195 3.8916 1.3517 -1.6043 2.1507 3.0261 0.7203 2.7394 1.6301 1.3314 4.1318 2.0591 0.8266 -0.099512 0.013205 -0.78321 1.1002 -1.6912 -1.0473 0.99395 -3.4908 -1.0829 0.099512 -0.013205 0.78321 1.4369 -1.6333 0.75273 1.1098 -3.406 0.71453
2 26 24 2.636 3.9583 -0.89719 1.9416 2.9347 -0.67091 1.6484 2.8652 -1.6071 1.945 1.3611 -2.1713 3.473 1.3517 -2.3784 2.2535 3.0261 0.2574 2.9563 1.6301 0.73273 4.2134 2.0591 -0.05051 -0.26018 0.013205 -0.74541 0.85844 -1.6912 -1.2532 0.74708 -3.4908 -1.2659 0.26018 -0.013205 0.74541 1.562 -1.6333 0.43752 1.2341 -3.406 0.46818
2 27 12 2.7174 3.9942 -0.27908 2.0107 2.9566 -0.23163 1.9295 2.8981 -1.2101 2.1932 1.345 -1.6424 3.7012 1.0271 -1.5929 2.1114 3.0374 0.74341 2.5925 1.6004 1.3537 4.0706 1.7379 0.93642 -0.10973 0.021982 -0.78165 1.2735 -1.5226 -1.1212 0.93994 -3.2933 -1.0554 0.10973 -0.021982 0.78165 1.5985 -1.5044 0.76222 1.123 -3.2435 0.74544
2 27 24 2.6 3.9942 -0.83796 1.9186 2.9566 -0.6446 1.6357 2.8981 -1.5848 1.8038 1.345 -2.0625 3.2892 1.0271 -2.3277 2.2198 3.0374 0.28818 2.8173 1.6004 0.78514 4.1763 1.7379 0.069641 -0.26984 0.021982 -0.74175 1.0126 -1.5226 -1.3614 0.69996 -3.2933 -1.2278 0.26984 -0.021982 0.74175 1.7221 -1.5044 0.41321 1.2534 -3.2435 0.49567
2 28 12 2.8065 3.9353 -0.28101 2.0925 2.9024 -0.2481 2.0035 2.8594 -1.2267 2.1771 1.2795 -1.6044 3.6038 0.69544 -1.6342 2.2012 2.9675 0.72725 2.5777 1.4921 1.319 4.0823 1.322 1.0273 -0.12907 0.030093 -0.77842 1.5017 -1.2398 -1.1557 0.81564 -2.8962 -0.96366 0.12907 -0.030093 0.77842 1.8197 -1.277 0.74248 0.98821 -2.8766 0.71592
2 28 24 2.6867 3.9353 -0.85837 1.9952 2.9024 -0.67773 1.7047 2.8594 -1.6164 1.7959 1.2795 -2.022 3.1853 0.69544 -2.3477 2.3043 2.9675 0.25369 2.7956 1.4921 0.75419 4.2067 1.322 0.15614 -0.28809 0.030093 -0.73457 1.2285 -1.2398 -1.4427 0.59746 -2.8962 -1.1122 0.28809 -0.030093 0.73457 1.9343 -1.277 0.34792 1.1155 -2.8766 0.49481
2 29 24 2.8934 3.7762 -0.89297 2.1299 2.7957 -0.7024 1.8358 2.7662 -1.6405 1.7976 1.1656 -1.9654 3.0178 0.31886 -2.3799 2.4439 2.8461 0.22831 2.7443 1.3273 0.74962 4.1304 0.77131 0.36581 -0.28712 0.036828 -0.73464 1.3886 -1.0302 -1.4186 0.53339 -2.5752 -1.0541 0.28712 -0.036829 0.73464 2.0347 -1.0918 0.23735 1.0341 -2.5612 0.53835
2 29 36 2.6445 3.7762 -1.475 1.9373 2.7957 -1.1299 1.4546 2.7662 -1.9863 1.3497 1.1656 -2.2962 2.457 0.31886 -2.9553 2.438 2.8461 -0.28479 2.8402 1.3273 0.16267 4.1161 0.77131 -0.50093 -0.43359 0.036828 -0.65889 1.0633 -1.0302 -1.6763 0.30257 -2.5752 -1.142 0.43359 -0.036829 0.65889 2.0396 -1.0918 -0.19087 1.1235 -2.5612 0.31158
2 30 24 3.0926 3.5952 -0.93872 2.2553 2.6821 -0.71791 1.9524 2.6515 -1.6531 1.7587 1.0498 -1.9098 2.7134 -0.059917 -2.3943 2.5795 2.732 0.20932 2.6966 1.1951 0.75055 3.8629 0.19254 0.63949 -0.27473 0.03927 -0.73924 1.4657 -0.95223 -1.3732 0.49048 -2.4293 -1.0297 0.27473 -0.03927 0.73924 2.0522 -1.0073 0.17551 0.9752 -2.4 0.56443
2 30 36 2.8299 3.5952 -1.5612 2.0568 2.6821 -1.1711 1.566 2.6515 -2.0229 1.3232 1.0498 -2.2337 2.1563 -0.059917 -2.9061 2.5667 2.732 -0.33157 2.7938 1.1951 0.17349 3.9115 0.19254 -0.17763 -0.42243 0.03927 -0.66597 1.1482 -0.95223 -1.648 0.26568 -2.4293 -1.1092 0.42243 -0.03927 0.66597 2.0439 -1.0073 -0.25501 1.0712 -2.4 0.34934
2 31 24 3.3245 3.3583 -1.0187 2.4288 2.5098 -0.76659 2.1139 2.4763 -1.6978 1.7155 0.9049 -1.8997 2.3858 -0.39496 -2.3883 2.7659 2.5612 0.15594 2.663 1.0533 0.77582 3.4603 -0.26391 0.85934 -0.26638 0.038656 -0.74233 1.4545 -1.0066 -1.3426 0.42801 -2.4392 -0.96197 0.26638 -0.038656 0.74233 2.0358 -1.0124 0.16334 0.92408 -2.3741 0.56418
2 32 24 3.552 3.0832 -1.1087 2.5977 2.3101 -0.82924 2.2733 2.2783 -1.7572 1.5863 0.80285 -1.8976 1.9902 -0.61789 -2.3404 2.9455 2.3578 0.089504 2.5474 0.96049 0.83627 2.9911 -0.50534 1.0156 -0.2675 0.041699 -0.74176 1.4177 -1.07 -1.3236 0.39819 -2.5028 -0.92542 0.2675 -0.041699 0.74176 1.9819 -1.108 0.16022 0.86893 -2.4642 0.57598
2 33 24 3.7719 2.7665 -1.2041 2.7546 2.0883 -0.89557 2.4209 2.0622 -1.8204 1.4556 0.74715 -1.906 1.5434 -0.75167 -2.2575 3.1128 2.1283 0.019558 2.4366 0.91968 0.88598 2.5204 -0.60015 1.1325 -0.26569 0.040777 -0.74246 1.3635 -1.1647 -1.2964 0.37439 -2.6282 -0.93484 0.26569 -0.040776 0.74246 1.905 -1.2153 0.15305 0.84709 -2.6047 0.60157
2 34 24 3.9616 2.4375 -1.2986 2.8928 1.8579 -0.95935 2.557 1.827 -1.8833 1.358 0.71782 -1.9092 1.0899 -0.77292 -2.1982 3.254 1.9006 -0.045527 2.3627 0.91276 0.9024 2.076 -0.55689 1.2706 -0.26587 0.03717 -0.74258 1.2755 -1.2951 -1.2559 0.34812 -2.8089 -0.94079 0.26587 -0.03717 0.74258 1.8076 -1.3441 0.16866 0.82011 -2.7841 0.61809
2 35 24 4.1146 2.1116 -1.3894 3.0103 1.6199 -1.0247 2.6704 1.5767 -1.9466 1.2932 0.69891 -1.9054 0.71855 -0.70699 -2.1717 3.3763 1.673 -0.11336 2.3272 0.91684 0.88482 1.7206 -0.40448 1.3985 -0.26557 0.029358 -0.74304 1.1551 -1.4501 -1.1983 0.30171 -3.0161 -0.93314 0.26557 -0.029358 0.74304 1.6821 -1.4875 0.21237 0.78331 -2.9905 0.64111
2 53 12 4.3186 1.8393 -1.1216 3.1572 1.4033 -0.88628 2.9148 1.3912 -1.8394 1.4378 0.70495 -1.9671 1.1233 -0.79304 -2.1536 3.4271 1.4239 0.059284 2.2269 0.73779 0.92968 1.8615 -0.71267 1.3043 -0.22471 0.024213 -0.75658 0.68274 -1.866 -0.8899 0.12515 -3.5805 -0.91245 0.22471 -0.024213 0.75658 1.0836 -1.9261 0.51244 0.3227 -3.5434 0.74924
2 54 12 4.2834 1.9289 -1.1026 3.1223 1.4864 -0.8733 2.8887 1.471 -1.8286 1.3286 1.007 -1.9686 0.67146 -0.36042 -2.2442 3.3834 1.5108 0.074647 2.1193 1.0239 0.98782 1.534 -0.27887 1.569 -0.22907 0.027229 -0.75517 0.65761 -1.8727 -0.89061 0.10986 -3.5904 -0.90643 0.22907 -0.027229 0.75517 1.0674 -1.9391 0.51779 0.30088 -3.5536 0.75572
2 55 12 4.2791 1.9539 -1.0734 3.1139 1.5168 -0.85416 2.8888 1.4961 -1.8114 1.2793 1.2608 -1.9619 0.33281 0.097194 -2.3196 3.3665 1.5466 0.095934 2.0666 1.2672 1.0452 1.3173 0.15284 1.8031 -0.22609 0.025459 -0.75613 0.65062 -1.8799 -0.87898 0.10023 -3.5968 -0.89658 0.22609 -0.025459 0.75613 1.0461 -1.9461 0.52647 0.28535 -3.5638 0.76134
2 56 12 4.2909 1.9422 -1.038 3.1174 1.5224 -0.82701 2.9027 1.4976 -1.7865 1.2764 1.4758 -1.9399 0.11921 0.55327 -2.3729 3.3599 1.556 0.1256 2.0423 1.4847 1.0888 1.1982 0.56874 1.9978 -0.21795 0.021492 -0.75864 0.66222 -1.8831 -0.86812 0.093003 -3.5939 -0.88646 0.21795 -0.021492 0.75864 1.0331 -1.945 0.5354 0.27631 -3.5647 0.76936
2 57 12 4.3236 1.8792 -1.0144 3.1416 1.482 -0.80782 2.929 1.4539 -1.7677 1.3107 1.6198 -1.917 0.023205 0.93059 -2.412 3.382 1.5184 0.1452 2.0588 1.6398 1.0955 1.1711 0.9053 2.1202 -0.20979 0.016918 -0.76105 0.7031 -1.8724 -0.86779 0.10034 -3.5716 -0.88012 0.20979 -0.016918 0.76105 1.0492 -1.9307 0.54382 0.27911 -3.5446 0.77398
2 58 12 4.3717 1.7787 -0.98679 3.1794 1.4074 -0.79097 2.9783 1.3749 -1.7532 1.3817 1.6954 -1.8836 0.030086 1.1902 -2.4272 3.4086 1.4475 0.16466 2.088 1.7422 1.08 1.2 1.1201 2.1765 -0.20225 0.012627 -0.76317 0.77237 -1.8454 -0.87367 0.11815 -3.5255 -0.87372 0.20225 -0.012627 0.76317 1.0976 -1.9024 0.55954 0.2929 -3.5005 0.78156
2 59 12 4.4242 1.6634 -0.9557 3.2221 1.3187 -0.77498 3.0283 1.279 -1.7384 1.4565 1.712 -1.8408 0.085747 1.3134 -2.4238 3.444 1.3656 0.18205 2.1232 1.7821 1.0485 1.2531 1.1928 2.1769 -0.19431 0.010248 -0.76527 0.85871 -1.8044 -0.87642 0.13372 -3.4552 -0.86233 0.19432 -0.010248 0.76527 1.1667 -1.8631 0.57607 0.30421 -3.4329 0.78247
2 60 12 4.4666 1.5685 -0.93186 3.2594 1.2386 -0.76149 3.067 1.1953 -1.7251 1.5051 1.6679 -1.8007 0.13957 1.2769 -2.4008 3.48 1.2887 0.19568 2.1386 1.7386 1.0122 1.2894 1.1176 2.1396 -0.18999 0.010645 -0.76635 0.94576 -1.7535 -0.87597 0.14064 -3.3666 -0.84612 0.18999 -0.010645 0.76635 1.2442 -1.8188 0.58314 0.30686 -3.3453 0.7882
2 61 12 4.4885 1.5293 -0.90044 3.2807 1.1956 -0.74286 3.1001 1.1451 -1.7084 1.5214 1.5626 -1.7536 0.18859 1.0738 -2.3556 3.4897 1.253 0.21652 2.1077 1.6294 1.0022 1.3161 0.8901 2.0996 -0.18425 0.0082362 -0.76778 1.0359 -1.6987 -0.87792 0.13652 -3.2607 -0.83098 0.18425 -0.0082364 0.76778 1.3173 -1.7684 0.58774 0.29443 -3.239 0.79182
2 62 12 4.4831 1.5726 -0.87084 3.2814 1.2132 -0.72102 3.11 1.1632 -1.6882 1.4947 1.4061 -1.7128 0.25566 0.70331 -2.3031 3.481 1.2707 0.24034 2.0495 1.4354 1.0099 1.3883 0.49515 2.0377 -0.17575 -0.0022628 -0.76981 1.1325 -1.6419 -0.88931 0.12201 -3.1332 -0.81358 0.17575 0.0022628 0.76981 1.3859 -1.7072 0.60339 0.27144 -3.1108 0.80075
2 63 12 4.4336 1.7299 -0.83703 3.2478 1.3166 -0.69977 3.0906 1.2596 -1.669 1.4591 1.18 -1.6936 0.43434 0.18074 -2.2672 3.433 1.3824 0.26395 2.0041 1.1872 1.0314 1.5952 -0.0037353 1.9214 -0.17072 -0.012081 -0.77085 1.2077 -1.5914 -0.91175 0.078021 -2.9925 -0.80254 0.17072 0.012081 0.77085 1.4508 -1.648 0.62976 0.23939 -2.9694 0.82231
2 64 12 4.3252 2.0029 -0.79151 3.17 1.5079 -0.67065 3.0217 1.4472 -1.6411 1.4788 0.91296 -1.6942 0.87664 -0.39513 -2.2455 3.3457 1.579 0.29446 2.0542 0.91435 1.0421 2.0653 -0.47942 1.7016 -0.16487 -0.018372 -0.772 1.2796 -1.5341 -0.94668 0.033225 -2.8297 -0.80898 0.16487 0.018372 0.772 1.5075 -1.594 0.6629 0.19883 -2.82 0.85072
2 66 24 3.6857 2.7471 -1.4956 2.7147 2.0097 -1.1826 2.3823 1.9504 -2.1064 1.6503 0.49018 -2.1309 2.3748 -0.70183 -2.788 3.0709 2.0838 -0.26887 2.7772 0.57717 0.2903 3.8086 -0.55439 0.1072 -0.31425 -0.016834 -0.7242 1.1159 -1.4613 -1.2556 -0.20552 -2.5888 -0.77251 0.31425 0.016834 0.7242 1.6856 -1.5408 0.39666 0.27423 -2.5713 0.84063
2 68 36 2.905 3.3117 -1.9923 2.1497 2.4021 -1.5695 1.6438 2.3522 -2.4115 2.0833 0.93147 -3.0877 3.3241 1.2819 -3.9334 2.6748 2.4707 -0.74071 3.5108 1.0779 -0.91394 4.6179 1.3407 -1.9546 -0.46259 -0.016322 -0.63972 0.72304 -1.5958 -1.3566 -0.53132 -2.639 -0.58907 0.46259 0.016322 0.63972 1.6132 -1.6689 0.13928 0.27252 -2.6089 0.89417
2 69 24 3.0614 3.5201 -1.2633 2.3117 2.5379 -1.0466 2.0065 2.5046 -1.981 2.9929 1.4813 -2.7864 4.0655 2.5445 -3.0972 2.6372 2.5916 -0.12003 3.8984 1.5642 -0.27 4.8291 2.5608 -0.98984 -0.32164 -0.016275 -0.72096 0.81621 -1.744 -1.0879 -0.56903 -2.7939 -0.60861 0.32164 0.016275 0.72096 1.3737 -1.7922 0.52926 -0.062843 -2.7576 1.0345
2 69 36 2.7319 3.5201 -1.8722 2.0436 2.5379 -1.5043 1.5508 2.5046 -2.3549 2.3481 1.4813 -3.3477 3.3327 2.5445 -3.8748 2.5546 2.5916 -0.66571 3.7571 1.5642 -1.0746 4.5178 2.5608 -1.9722 -0.46451 -0.016275 -0.63833 0.57218 -1.744 -1.2339 -0.68314 -2.7939 -0.477 0.46451 0.016275 0.63833 1.4537 -1.7922 0.23209 0.15361 -2.7576 1.0249
2 70 24 2.7823 3.7829 -1.1621 2.1237 2.731 -0.96273 1.81 2.7022 -1.8945 2.9917 2.0517 -2.8161 3.6083 3.4643 -2.8626 2.4553 2.7824 -0.03821 3.9184 2.0889 -0.25569 4.3779 3.4785 -0.74095 -0.31801 -0.017178 -0.72255 0.50722 -1.9322 -0.97972 -0.83327 -3.0351 -0.49225 0.31801 0.017178 0.72255 1.1005 -1.9312 0.64607 -0.27886 -2.9673 1.1703
2 70 36 2.4799 3.7829 -1.7152 1.8771 2.731 -1.3832 1.3766 2.7022 -2.2294 2.3408 2.0517 -3.3765 2.9343 3.4643 -3.5502 2.3937 2.7824 -0.54786 3.7796 2.0889 -1.0648 4.1282 3.4785 -1.635 -0.46129 -0.017178 -0.64064 0.29244 -1.9322 -1.0638 -0.91741 -3.0351 -0.30825 0.46129 0.017178 0.64064 1.2108 -1.9312 0.40315 -0.029447 -2.9673 1.2027
2 71 12 2.5108 4.1141 -0.51287 1.9469 2.9873 -0.42902 1.7988 2.96 -1.401 3.2073 2.5288 -2.1073 3.4689 4.0353 -1.9081 2.1102 3.04 0.53945 3.6606 2.5333 0.6302 3.8626 4.0413 0.37987 -0.14924 -0.020804 -0.77511 0.29503 -2.0737 -0.82706 -1.0215 -3.2922 -0.64601 0.14924 0.020804 0.77511 0.57867 -2.0299 0.93097 -0.78104 -3.1838 1.1969
2 71 24 2.3493 4.1141 -1.0237 1.8152 2.9873 -0.82444 1.4683 2.96 -1.7444 2.6991 2.5288 -2.7281 2.9964 4.0353 -2.5876 2.1762 3.04 0.088926 3.7116 2.5333 -0.14466 3.8572 4.0413 -0.43151 -0.30714 -0.020804 -0.72714 0.11663 -2.0737 -0.87033 -1.1335 -3.2922 -0.41951 0.30714 0.020804 0.72714 0.75958 -2.0299 0.79032 -0.51512 -3.1838 1.3332
2 72 12 2.1193 4.3456 -0.44941 1.6154 3.1886 -0.34312 1.4578 3.1681 -1.3138 2.8743 2.8766 -2.0736 2.9759 4.3803 -1.7478 1.785 3.2361 0.62452 3.3629 2.837 0.76546 3.4154 4.3628 0.54918 -0.12914 -0.022413 -0.77867 0.016183 -2.1184 -0.78605 -1.1915 -3.4546 -0.70205 0.12914 0.022413 0.77867 0.32555 -2.0637 0.93347 -0.94013 -3.2954 1.2965
2 73 12 1.9614 4.4262 -0.38933 1.4737 3.2629 -0.27534 1.3216 3.2389 -1.2468 2.7199 3.0642 -2.0732 2.7388 4.5394 -1.6247 1.6368 3.3143 0.69322 3.2237 2.9833 0.89544 3.2192 4.5074 0.66116 -0.10835 -0.018288 -0.78194 0.055634 -2.1128 -0.75721 -1.1634 -3.4407 -0.71846 0.10835 0.018289 0.78194 0.37207 -2.0633 0.89015 -0.94303 -3.2355 1.2741
2 74 12 2.0325 4.3953 -0.34741 1.5494 3.2302 -0.2304 1.3961 3.2053 -1.2016 2.7659 3.0796 -2.0828 2.7531 4.5353 -1.5745 1.7141 3.2826 0.73785 3.294 2.961 1.0011 3.3122 4.4828 0.75316 -0.094365 -0.0081673 -0.78392 0.28412 -2.0748 -0.78251 -1.0016 -3.3361 -0.69787 0.094365 0.0081673 0.78392 0.59634 -2.0304 0.86503 -0.81545 -3.1189 1.135
2 75 12 2.1307 4.3506 -0.32304 1.6176 3.1986 -0.20556 1.4705 3.1739 -1.1777 2.8165 3.0114 -2.0892 2.8184 4.4665 -1.5792 1.7772 3.2502 0.76359 3.3362 2.8681 1.0669 3.424 4.3854 0.80648 -0.085843 -0.00060272 -0.78494 0.52548 -2.0103 -0.8284 -0.73817 -3.2908 -0.70853 0.085843 0.00060272 0.78494 0.83074 -1.9626 0.85721 -0.58496 -3.0706 0.99522
2 76 12 2.2051 4.3152 -0.33044 1.6502 3.1825 -0.21515 1.5063 3.1595 -1.1878 2.8324 2.9021 -2.1064 2.9043 4.3717 -1.6451 1.8074 3.2319 0.75449 3.3361 2.7533 1.075 3.5274 4.2566 0.79022 -0.090212 -0.0015378 -0.78445 0.72698 -1.935 -0.87579 -0.42546 -3.3172 -0.76516 0.090212 0.0015378 0.78445 1.0248 -1.8796 0.83296 -0.32011 -3.0801 0.86294
2 77 12 2.283 4.2741 -0.33681 1.6914 3.1603 -0.22153 1.553 3.1354 -1.195 2.855 2.759 -2.107 3.0286 4.2383 -1.708 1.844 3.2111 0.74877 3.3337 2.6363 1.0941 3.6406 4.1123 0.77026 -0.095092 -0.00038481 -0.78387 0.88241 -1.8557 -0.91227 -0.097765 -3.3678 -0.85101 0.095092 0.00038481 0.78387 1.1851 -1.7957 0.79959 -0.03187 -3.1252 0.75083
2 77 24 2.1631 4.2741 -0.80411 1.6083 3.1603 -0.56834 1.2706 3.1354 -1.4918 2.3546 2.759 -2.6546 2.6073 4.2383 -2.3004 1.9594 3.2111 0.34901 3.4883 2.6363 0.37705 3.7212 4.1123 -0.0034985 -0.25599 -0.00038481 -0.74697 0.67346 -1.8557 -1.0758 -0.27256 -3.3678 -0.81209 0.25599 0.00038481 0.74697 1.3254 -1.7957 0.53572 0.12493 -3.1252 0.74105
2 78 12 2.3499 4.2376 -0.32871 1.7318 3.1387 -0.21103 1.6044 3.1051 -1.1857 2.8686 2.5926 -2.0846 3.1631 4.0692 -1.752 1.8744 3.1978 0.76034 3.3155 2.5278 1.1383 3.7309 3.9664 0.77019 -0.09147 0.003696 -0.78429 0.988 -1.7915 -0.9465 0.23132 -3.4281 -0.94545 0.091469 -0.003696 0.78429 1.3166 -1.7105 0.76601 0.29778 -3.1956 0.68089
2 78 24 2.2302 4.2376 -0.8101 1.6501 3.1387 -0.56648 1.3229 3.1051 -1.4934 2.3725 2.5926 -2.6354 2.7297 4.0692 -2.3714 1.9915 3.1978 0.35402 3.4797 2.5278 0.42412 3.8095 3.9664 -0.022339 -0.25253 0.003696 -0.74814 0.76962 -1.7915 -1.1312 0.029692 -3.4281 -0.97288 0.25253 -0.003696 0.74814 1.4471 -1.7105 0.47554 0.43284 -3.1956 0.6041
2 79 12 2.3602 4.2317 -0.31912 1.7278 3.1412 -0.19899 1.6054 3.1012 -1.1741 2.8167 2.4493 -2.0553 3.2452 3.9054 -1.7833 1.8655 3.2064 0.77267 3.248 2.4392 1.1835 3.7572 3.8344 0.7692 -0.090767 0.0076337 -0.78435 1.0555 -1.7413 -0.98857 0.56426 -3.4749 -1.0523 0.090767 -0.0076337 0.78435 1.3934 -1.6545 0.71128 0.6582 -3.2996 0.64851
2 79 24 2.2422 4.2317 -0.80285 1.6487 3.1412 -0.55388 1.3262 3.1012 -1.4822 2.3279 2.4493 -2.596 2.8035 3.9054 -2.419 1.9854 3.2064 0.36792 3.4231 2.4392 0.48237 3.835 3.8344 -0.028764 -0.25186 0.0076337 -0.74834 0.82687 -1.7413 -1.1864 0.33314 -3.4749 -1.1466 0.25186 -0.0076337 0.74834 1.5108 -1.6545 0.40603 0.77865 -3.2996 0.4975
2 80 12 2.3356 4.2452 -0.29145 1.6909 3.1612 -0.17874 1.5787 3.1199 -1.155 2.7212 2.3292 -2.0143 3.2818 3.7489 -1.7957 1.8188 3.2277 0.7942 3.1378 2.372 1.2377 3.7252 3.7247 0.78755 -0.092327 0.013544 -0.78409 1.1089 -1.6917 -1.0363 0.87669 -3.4758 -1.1534 0.092327 -0.013544 0.78409 1.4274 -1.6304 0.65134 0.9874 -3.3788 0.63301
2 80 24 2.224 4.2452 -0.77069 1.6168 3.1612 -0.5264 1.3041 3.1199 -1.458 2.2429 2.3292 -2.536 2.8368 3.7489 -2.4388 1.9442 3.2277 0.3987 3.3266 2.372 0.5583 3.8075 3.7247 -0.0041669 -0.25333 0.013544 -0.74776 0.86922 -1.6917 -1.2442 0.61772 -3.4758 -1.3105 0.25333 -0.013544 0.74776 1.5316 -1.6304 0.34033 1.0974 -3.3788 0.41388
2 81 12 2.2954 4.2675 -0.26754 1.6519 3.1815 -0.17208 1.5498 3.1438 -1.1496 2.6109 2.2301 -1.9909 3.2873 3.6044 -1.8128 1.7699 3.2442 0.80234 3.0182 2.3082 1.2863 3.6716 3.622 0.81237 -0.1063 0.019204 -0.7822 1.1593 -1.6277 -1.099 1.0921 -3.4249 -1.2274 0.1063 -0.019204 0.7822 1.4909 -1.5915 0.62427 1.2327 -3.3759 0.62717
2 81 24 2.1896 4.2675 -0.73893 1.58 3.1815 -0.51177 1.2769 3.1438 -1.4467 2.14 2.2301 -2.4902 2.8385 3.6044 -2.4566 1.898 3.2442 0.41683 3.2197 2.3082 0.63067 3.7603 3.622 0.03124 -0.2666 0.019204 -0.743 0.90542 -1.6277 -1.316 0.81302 -3.4249 -1.4276 0.2666 -0.019204 0.743 1.5882 -1.5915 0.30065 1.3361 -3.3759 0.35718
2 82 12 2.2389 4.2999 -0.23788 1.6094 3.2044 -0.15223 1.5032 3.1914 -1.1299 2.49 2.1917 -1.9638 3.2459 3.5254 -1.7982 1.731 3.2428 0.82302 2.9255 2.2604 1.349 3.62 3.5498 0.86644 -0.12592 0.027568 -0.77903 1.2613 -1.5035 -1.1608 1.1322 -3.3002 -1.2372 0.12592 -0.027568 0.77903 1.6228 -1.4925 0.61297 1.3612 -3.2764 0.6272
2 82 24 2.1405 4.2999 -0.69817 1.5426 3.2044 -0.48351 1.2354 3.1914 -1.4178 2.0272 2.1917 -2.4386 2.8011 3.5254 -2.4338 1.8643 3.2428 0.44515 3.1421 2.2604 0.71127 3.721 3.5498 0.094862 -0.28513 0.027568 -0.73582 0.99244 -1.5035 -1.3977 0.8502 -3.3002 -1.4455 0.28513 -0.027568 0.73582 1.7148 -1.4925 0.26217 1.4619 -3.2764 0.33047
2 83 12 2.2031 4.3196 -0.22581 1.5874 3.2152 -0.15354 1.4802 3.2245 -1.1312 2.4246 2.1831 -1.9632 3.2199 3.4926 -1.7886 1.7097 3.2317 0.82224 2.8755 2.2242 1.365 3.6098 3.4943 0.8906 -0.13619 0.025611 -0.77736 1.5118 -1.1891 -1.2494 1.1532 -2.9557 -1.2122 0.13619 -0.025611 0.77736 1.8515 -1.2252 0.59581 1.3154 -2.9467 0.60589
2 83 24 2.108 4.3196 -0.67894 1.5208 3.2152 -0.48022 1.2126 3.2245 -1.4142 1.9635 2.1831 -2.4244 2.7777 3.4926 -2.4189 1.8432 3.2317 0.44882 3.0964 2.2242 0.73734 3.7161 3.4943 0.12061 -0.29484 0.025611 -0.73206 1.219 -1.1891 -1.5365 0.87594 -2.9557 -1.4254 0.29484 -0.025611 0.73206 1.9349 -1.2252 0.19784 1.4127 -2.9467 0.31916
2 84 12 2.2956 4.2709 -0.22372 1.6714 3.171 -0.16172 1.5379 3.1877 -1.136 2.4327 2.0705 -1.9234 3.2986 3.3375 -1.7725 1.8202 3.1798 0.81045 2.9205 2.0919 1.3344 3.7644 3.3086 0.90419 -0.14417 0.028852 -0.77581 1.7101 -0.81491 -1.2896 1.1043 -2.5089 -1.1698 0.14417 -0.028852 0.77581 2.0559 -0.8767 0.57351 1.2373 -2.4815 0.64745
2 84 24 2.1989 4.2709 -0.6961 1.6012 3.171 -0.50569 1.2681 3.1877 -1.4309 1.9796 2.0705 -2.3871 2.858 3.3375 -2.4196 1.9489 3.1798 0.4143 3.1341 2.0919 0.69806 3.8702 3.3086 0.10177 -0.30232 0.028852 -0.72888 1.4046 -0.81491 -1.617 0.83694 -2.5089 -1.3738 0.30232 -0.028852 0.72888 2.1302 -0.8767 0.13354 1.3449 -2.4815 0.37605
2 85 12 2.3222 4.2498 -0.21603 1.657 3.1736 -0.16634 1.5126 3.199 -1.1389 2.2774 1.9313 -1.8295 3.3081 3.0766 -1.7686 1.8173 3.1734 0.80405 2.7663 1.9358 1.2906 3.8182 2.9999 0.9181 -0.15068 0.028579 -0.77458 1.7847 -0.61269 -1.2818 1.0037 -2.2293 -1.1161 0.15068 -0.028579 0.77458 2.1207 -0.73098 0.5746 1.108 -2.2193 0.67634
2 85 24 2.2265 4.2498 -0.69411 1.5862 3.1736 -0.50723 1.2428 3.199 -1.4285 1.8473 1.9313 -2.263 2.8681 3.0766 -2.4178 1.9448 3.1734 0.40864 2.9741 1.9358 0.68727 3.9257 2.9999 0.10419 -0.30844 0.028579 -0.72633 1.4792 -0.61269 -1.6249 0.7497 -2.2293 -1.3004 0.30844 -0.028579 0.72633 2.1938 -0.73098 0.12113 1.2244 -2.2193 0.43119
2 86 12 2.3852 4.2083 -0.23266 1.6975 3.1466 -0.19119 1.5697 3.1782 -1.1659 2.2118 1.8015 -1.7668 3.425 2.753 -1.7463 1.8424 3.1394 0.7816 2.6712 1.8101 1.2449 3.888 2.6817 0.87401 -0.14403 0.019693 -0.77612 1.8329 -0.50287 -1.2589 0.92814 -2.0511 -1.0712 0.14403 -0.019693 0.77612 2.1414 -0.63978 0.57509 1.0101 -2.0387 0.69364
2 86 24 2.2847 4.2083 -0.72348 1.6207 3.1466 -0.53994 1.293 3.1782 -1.4668 1.7961 1.8015 -2.1881 2.9871 2.753 -2.4203 1.9647 3.1394 0.38146 2.8717 1.8101 0.66231 3.9847 2.6817 0.046559 -0.30225 0.019693 -0.72922 1.5311 -0.50287 -1.6124 0.68514 -2.0511 -1.2408 0.30225 -0.019693 0.72922 2.2141 -0.63978 0.1173 1.1322 -2.0387 0.46847
2 87 24 2.3763 4.149 -0.75162 1.7008 3.0951 -0.58161 1.372 3.121 -1.5082 1.803 1.691 -2.17 3.1204 2.4491 -2.4292 2.0468 3.0929 0.33909 2.874 1.7175 0.64379 4.058 2.4458 -0.023694 -0.29967 0.016824 -0.73035 1.5614 -0.44187 -1.5908 0.64234 -1.9417 -1.1949 0.29968 -0.016824 0.73035 2.2233 -0.59795 0.11697 1.0669 -1.9289 0.49401
2 87 36 2.1681 4.149 -1.2293 1.5428 3.0951 -0.92253 1.0285 3.121 -1.7605 1.3124 1.691 -2.4975 2.5472 2.4491 -3.0249 2.0725 3.0929 -0.093867 2.9451 1.7175 0.032181 3.9644 2.4458 -0.86688 -0.44497 0.016824 -0.65208 1.1965 -0.44187 -1.8807 0.37987 -1.9417 -1.3024 0.44497 -0.016824 0.65208 2.199 -0.59795 -0.34783 1.1463 -1.9289 0.2614
2 88 24 2.4567 4.086 -0.80164 1.7604 3.0491 -0.62585 1.4347 3.0651 -1.5537 1.8187 1.6119 -2.1936 3.2078 2.2274 -2.4564 2.1041 3.0559 0.29566 2.8929 1.6647 0.629 4.1026 2.314 -0.072823 -0.29958 0.012181 -0.73048 1.5828 -0.44149 -1.546 0.61707 -1.9144 -1.1603 0.29958 -0.012181 0.73048 2.2077 -0.61654 0.091569 1.0216 -1.909 0.50833
2 88 36 2.2363 4.086 -1.2949 1.5919 3.0491 -0.97819 1.0803 3.0651 -1.8181 1.3228 1.6119 -2.5237 2.627 2.2274 -3.0697 2.1196 3.0559 -0.14827 2.9605 1.6647 0.013786 3.9979 2.314 -0.92422 -0.44491 0.012181 -0.65223 1.2268 -0.44149 -1.8413 0.36235 -1.9144 -1.2632 0.44491 -0.012181 0.65223 2.1785 -0.61654 -0.36943 1.105 -1.909 0.28481
2 89 24 2.5436 4.0179 -0.85529 1.8255 2.9989 -0.67483 1.5077 2.9991 -1.6056 1.8778 1.5341 -2.2265 3.3061 2.0462 -2.5014 2.1619 3.0209 0.24913 2.9377 1.6241 0.58949 4.1646 2.226 -0.12481 -0.30037 0.0086915 -0.73021 1.5955 -0.47694 -1.4946 0.6018 -1.9374 -1.1332 0.30037 -0.0086915 0.73021 2.1783 -0.65871 0.048118 0.99058 -1.9338 0.51102
2 89 36 2.3102 4.0179 -1.3655 1.6453 2.9989 -1.0396 1.141 2.9991 -1.884 1.3739 1.5341 -2.5683 2.7138 2.0462 -3.1341 2.1665 3.0209 -0.2058 2.9961 1.6241 -0.03418 4.0476 2.226 -0.98795 -0.44562 0.0086915 -0.6518 1.2499 -0.47694 -1.7936 0.35305 -1.9374 -1.2335 0.44562 -0.0086915 0.6518 2.1407 -0.65871 -0.40582 1.0752 -1.9338 0.2939
2 90 24 2.6323 3.9506 -0.90566 1.8943 2.9477 -0.71538 1.5734 2.9406 -1.6451 1.9369 1.4681 -2.252 3.395 1.8836 -2.5331 2.234 2.9767 0.20716 2.9956 1.5746 0.55747 4.2347 2.1416 -0.16422 -0.30219 0.0079288 -0.72947 1.59 -0.54579 -1.4555 0.59752 -2.0151 -1.1285 0.30219 -0.0079288 0.72947 2.143 -0.73402 0.02348 0.97383 -2.0146 0.51739
2 90 36 2.3865 3.9506 -1.4332 1.7041 2.9477 -1.0936 1.197 2.9406 -1.9363 1.4264 1.4681 -2.6055 2.7941 1.8836 -3.1836 2.2283 2.9767 -0.26185 3.0461 1.5746 -0.077537 4.1081 2.1416 -1.0411 -0.44725 0.0079288 -0.6507 1.2527 -0.54579 -1.7543 0.34982 -2.0151 -1.2281 0.44725 -0.0079288 0.6507 2.1011 -0.73402 -0.42259 1.0601 -2.0146 0.30362
2 91 24 2.7006 3.8928 -0.96241 1.9489 2.9024 -0.76011 1.6225 2.8924 -1.6879 1.9671 1.4075 -2.2755 3.4522 1.7049 -2.5649 2.2944 2.9339 0.16018 3.0314 1.5203 0.51691 4.2909 2.0346 -0.20896 -0.30722 0.005635 -0.72738 1.5539 -0.65908 -1.4406 0.57093 -2.1347 -1.1131 0.30722 -0.005635 0.72738 2.1033 -0.82893 0.012859 0.95928 -2.1259 0.52272
2 91 36 2.4415 3.8928 -1.5029 1.7483 2.9024 -1.1487 1.2361 2.8924 -1.9883 1.451 1.4075 -2.6347 2.8435 1.7049 -3.2266 2.2776 2.9339 -0.32036 3.0727 1.5203 -0.12465 4.1537 2.0346 -1.0965 -0.45174 0.005635 -0.64761 1.2204 -0.65908 -1.7322 0.32703 -2.1347 -1.2075 0.45174 -0.005635 0.64761 2.06 -0.82893 -0.42473 1.047 -2.1259 0.31186
2 92 24 2.7566 3.8467 -1.0044 1.9973 2.8643 -0.79015 1.6638 2.8519 -1.7153 1.9744 1.3457 -2.2662 3.4781 1.4721 -2.5833 2.3501 2.8981 0.12732 3.0415 1.4628 0.48872 4.3407 1.8752 -0.23231 -0.30909 0.0064747 -0.72658 1.5071 -0.78074 -1.4309 0.54634 -2.271 -1.1036 0.30909 -0.0064747 0.72658 2.0574 -0.93439 0.021867 0.94597 -2.2585 0.53395
2 92 36 2.4876 3.8467 -1.5556 1.7894 2.8643 -1.1881 1.2708 2.8519 -2.0238 1.4601 1.3457 -2.6272 2.865 1.4721 -3.25 2.3252 2.8981 -0.36408 3.0767 1.4628 -0.15433 4.1975 1.8752 -1.1297 -0.4534 0.0064747 -0.64644 1.1766 -0.78074 -1.713 0.30495 -2.271 -1.1931 0.4534 -0.0064747 0.64644 2.017 -0.93439 -0.40637 1.0363 -2.2585 0.32561
2 93 24 2.7843 3.82 -1.0434 2.0256 2.8401 -0.81577 1.6813 2.825 -1.737 1.9386 1.2941 -2.2459 3.4351 1.1917 -2.603 2.3892 2.8766 0.097382 3.0081 1.4126 0.47468 4.3534 1.6477 -0.24124 -0.31387 0.0078428 -0.72452 1.4479 -0.90659 -1.4132 0.52166 -2.421 -1.0977 0.31387 -0.007843 0.72452 2.0026 -1.0495 0.033671 0.92942 -2.4045 0.54657
2 93 36 2.5065 3.82 -1.5995 1.8118 2.8401 -1.2191 1.2834 2.825 -2.0486 1.4293 1.2941 -2.5998 2.8189 1.1917 -3.2603 2.3572 2.8766 -0.40149 3.0411 1.4126 -0.16112 4.2081 1.6477 -1.1411 -0.45765 0.0078428 -0.64343 1.1225 -0.90659 -1.6833 0.28203 -2.421 -1.1822 0.45764 -0.007843 0.64343 1.9659 -1.0495 -0.38344 1.0227 -2.4045 0.34139
2 94 24 2.787 3.813 -1.0711 2.0337 2.8309 -0.83617 1.6819 2.8124 -1.7544 1.8603 1.2542 -2.2117 3.3008 0.87874 -2.6139 2.4047 2.8707 0.073862 2.935 1.3791 0.47693 4.3045 1.3555 -0.23143 -0.31865 0.0089302 -0.72241 1.3785 -1.0352 -1.3884 0.4882 -2.5747 -1.0914 0.31865 -0.0089302 0.72241 1.9342 -1.1694 0.046067 0.90484 -2.5573 0.56077
2 94 36 2.5034 3.813 -1.6272 1.8154 2.8309 -1.2407 1.2804 2.8124 -2.0658 1.3598 1.2542 -2.5501 2.6852 0.87874 -3.243 2.3675 2.8707 -0.42772 2.97 1.3791 -0.14372 4.1623 1.3555 -1.1213 -0.46188 0.0089302 -0.64038 1.0597 -1.0352 -1.6447 0.25062 -2.5747 -1.169 0.46188 -0.0089302 0.64038 1.9015 -1.1694 -0.35709 1.0017 -2.5573 0.36039
2 95 12 2.924 3.8325 -0.48608 2.1573 2.8355 -0.40851 1.9992 2.8149 -1.3791 2.1717 1.2355 -1.7591 3.5467 0.55297 -1.9047 2.3354 2.8779 0.55786 2.6677 1.3625 1.0695 4.1216 1.0185 0.68786 -0.16638 0.010777 -0.77182 1.5597 -1.1516 -1.0611 0.66379 -2.7133 -0.96481 0.16638 -0.010777 0.77182 1.8075 -1.2809 0.44337 0.72936 -2.6946 0.74302
2 95 24 2.759 3.8325 -1.0834 2.0252 2.8355 -0.84812 1.6688 2.8149 -1.7646 1.7585 1.2355 -2.1722 3.0732 0.55297 -2.6005 2.4003 2.8779 0.06012 2.8318 1.3625 0.49146 4.1745 1.0185 -0.1841 -0.32321 0.010777 -0.72036 1.305 -1.1516 -1.3622 0.44869 -2.7133 -1.0817 0.32321 -0.010777 0.72036 1.8602 -1.2809 0.057884 0.8679 -2.6946 0.57514
2 96 12 2.8717 3.8718 -0.50203 2.1246 2.8606 -0.41751 1.9596 2.8403 -1.3869 2.0172 1.2454 -1.7357 3.1956 0.27222 -1.9403 2.3092 2.9029 0.54763 2.5378 1.3709 1.0667 3.8744 0.67448 0.74073 -0.17181 0.010949 -0.77062 1.4803 -1.2563 -1.0516 0.61494 -2.8358 -0.96595 0.17181 -0.010949 0.77062 1.7343 -1.3769 0.44334 0.68567 -2.8109 0.75139
2 96 24 2.7046 3.8718 -1.0881 1.9914 2.8606 -0.85012 1.6284 2.8403 -1.764 1.6122 1.2454 -2.1172 2.7224 0.27222 -2.5623 2.3726 2.9029 0.055549 2.7042 1.3709 0.51576 3.9437 0.67448 -0.080989 -0.32828 0.010949 -0.71806 1.2293 -1.2563 -1.3364 0.40067 -2.8358 -1.0727 0.32828 -0.010949 0.71806 1.7886 -1.3769 0.073072 0.82691 -2.8109 0.59241
2 97 12 2.7974 3.9266 -0.50899 2.0768 2.8966 -0.42034 1.9039 2.8733 -1.3883 1.8293 1.2739 -1.7128 2.7481 0.06559 -1.9839 2.2686 2.9425 0.54323 2.3877 1.3999 1.0674 3.5144 0.37206 0.84002 -0.17393 0.011292 -0.77014 1.4025 -1.35 -1.0459 0.55939 -2.9417 -0.96677 0.17393 -0.011292 0.77014 1.6619 -1.4595 0.4492 0.6356 -2.9092 0.75865
2 97 24 2.6305 3.9266 -1.0795 1.944 2.8966 -0.84294 1.5737 2.8733 -1.7538 1.4332 1.2739 -2.0557 2.2756 0.06559 -2.5119 2.3319 2.9425 0.059698 2.5574 1.3999 0.54763 3.6123 0.37206 0.090979 -0.33025 0.011292 -0.71715 1.1544 -1.35 -1.3146 0.34616 -2.9417 -1.0619 0.33025 -0.011292 0.71715 1.719 -1.4595 0.09385 0.77944 -2.9092 0.60992
2 98 12 2.7004 3.9942 -0.51319 2.0104 2.9438 -0.42359 1.8252 2.9189 -1.3892 1.592 1.3314 -1.6964 2.2266 -0.032613 -2.0345 2.2139 2.9919 0.53748 2.2047 1.4453 1.0634 3.049 0.15779 0.9787 -0.1803 0.011407 -0.76867 1.3241 -1.4308 -1.0351 0.5014 -3.0336 -0.96306 0.1803 -0.011407 0.76867 1.5908 -1.5383 0.46321 0.57795 -2.9982 0.7691
