0 11 120 -0.19236 4.7522 0.83069 -0.25168 3.5479 0.45167 0.68959 3.4789 0.72848 1.8939 2.6587 -0.010084 3.3876 2.9378 -0.2719 -1.1924 3.6458 0.18177 -1.6163 2.4795 1.2442 -1.0077 2.5142 2.6605 0.38655 -0.058336 0.68606 -0.90148 -1.7182 0.6803 -1.0226 -3.503 0.90578 -0.38655 0.058336 -0.68606 0.14184 -1.9725 -0.58208 1.2557 -3.3547 -0.26597
0 28 132 -0.61539 4.8054 -0.1739 -0.36088 3.5647 -0.1874 -0.57307 3.5311 0.77239 -0.41747 2.6078 2.1111 -1.0627 2.7677 3.5024 -0.15442 3.6274 -1.147 -1.1642 2.6667 -1.9991 -2.5987 2.548 -2.552 -0.3871 -0.0046096 0.68821 -1.1795 -1.9319 0.41988 -0.94964 -3.659 0.88382 0.3871 0.0046096 -0.68821 0.24196 -2.0631 -1.0312 1.0661 -3.6188 -0.64171
0 36 192 -0.53163 4.8163 -0.21484 -0.32428 3.5691 -0.14062 -0.75891 3.5452 0.74135 -1.7731 2.4531 1.4103 -3.2944 2.3316 1.1901 0.10556 3.6225 -1.0237 0.65684 2.9059 -2.3843 0.61555 3.0162 -3.9218 -0.17441 0.024031 0.76974 -0.52217 -2.0449 0.88401 0.24445 -3.6691 1.0424 0.17441 -0.024031 -0.76974 -0.53017 -1.9747 -1.1058 -0.039083 -3.673 -1.46
0 41 84 0.55002 4.8062 0.085282 0.30561 3.5715 -0.0069183 0.36087 3.5718 -0.98891 1.2904 2.3622 -1.5733 2.7369 2.2593 -1.049 0.25446 3.6007 0.97486 -0.36931 2.7397 2.2151 -0.42566 2.8322 3.7533 -0.3952 0.047052 -0.68198 -0.45877 -2.053 -0.68355 -1.0871 -3.6009 -0.0051654 0.3952 -0.047052 0.68198 1.2262 -1.878 0.072466 1.3978 -3.6349 0.43939
0 41 312 -0.43141 4.8062 0.35168 -0.19935 3.5715 0.23174 0.49343 3.5718 0.92989 0.30572 2.3622 2.0117 -1.0518 2.2593 2.7358 -0.89473 3.6007 -0.46321 -1.399 2.7397 -1.7567 -2.5044 2.8322 -2.8278 0.77125 0.047052 0.16265 0.81495 -2.053 0.11646 0.73126 -3.6009 -0.80443 -0.77125 -0.047052 -0.16265 -0.87435 -1.878 0.86276 -1.2619 -3.6349 0.74478
0 46 60 0.27678 4.7702 0.50814 0.25091 3.5705 0.15258 1.0676 3.6012 -0.39468 1.6376 2.3657 0.50942 0.83659 2.3564 1.827 -0.56401 3.5694 0.70327 -1.8134 2.594 0.30769 -3.2816 2.1236 0.33693 0.12519 0.036216 -0.77879 -0.060774 -2.0565 -0.79248 -1.0361 -3.5429 -0.49183 -0.12519 -0.036216 0.77879 0.99758 -1.8093 0.67909 1.0795 -3.5905 0.94667
0 49 348 -0.45942 4.7587 0.45918 -0.10386 3.5641 0.33783 0.62732 3.6001 0.99468 -0.28218 2.3561 1.5369 -1.4426 2.444 0.52532 -0.83846 3.5577 -0.31614 -0.77012 2.4176 -1.4842 -1.2221 1.7108 -2.778 0.78598 0.039884 -0.064381 0.71058 -2.0486 -0.2808 0.16417 -3.527 -1.1564 -0.78598 -0.039884 0.064382 -0.38517 -1.7975 1.1434 -0.57403 -3.5823 1.3165
0 51 276 -0.59311 4.7618 -0.28927 -0.35802 3.5635 -0.00048924 -0.68451 3.6124 0.92599 -1.4974 2.331 0.32108 -0.96973 2.4983 -1.1181 -0.035692 3.5439 -0.92951 0.96306 2.3494 -1.4238 1.7961 1.6138 -2.4928 0.33237 0.043638 0.71493 0.52306 -2.0432 0.56354 1.1725 -3.5381 -0.20758 -0.33237 -0.043638 -0.71493 -1.2148 -1.807 0.010587 -1.4096 -3.5928 -0.1438
0 59 132 0.22266 4.8023 -0.47405 0.012172 3.5698 -0.31758 -0.89249 3.5797 -0.70338 -0.52646 2.3743 -1.7434 0.9624 2.6023 -2.0736 0.91838 3.5894 0.064218 1.8329 2.5604 0.94371 3.2948 2.2051 1.2819 -0.7841 0.0188 0.091249 -1.0418 -2.0644 0.0017696 -0.90198 -3.6477 0.85304 0.7841 -0.0188 -0.09125 0.72284 -1.9262 -0.97018 1.1145 -3.6618 -0.67825
0 63 60 0.50093 4.8097 -0.18701 0.26907 3.5692 -0.1949 -0.039736 3.5539 -1.1286 0.80292 2.2722 -1.6906 2.2617 2.4938 -1.2428 0.58169 3.6139 0.73656 0.75012 2.5992 2.0057 1.8291 2.3267 3.073 -0.50631 0.016473 -0.6057 -0.45881 -2.0485 -0.99051 -1.1286 -3.6857 -0.64184 0.50631 -0.016473 0.6057 1.1132 -1.9855 0.19489 0.91924 -3.678 0.78543
0 72 192 -0.52493 4.82 0.091955 -0.37128 3.5661 0.023013 -0.18199 3.4991 0.98584 -0.63828 1.9762 1.3617 -2.0565 1.9138 1.9638 -0.56457 3.6626 -0.93652 -1.0298 2.3042 -1.7158 -2.3934 1.7016 -2.1094 0.1913 0.030828 0.76548 -0.31479 -1.967 1.174 0.25634 -3.6687 1.3437 -0.1913 -0.030828 -0.76548 -0.74526 -2.0549 -0.66253 -0.010804 -3.675 -0.95715
0 81 84 0.0047818 4.8298 -0.45515 0.028595 3.5703 -0.34047 -0.94989 3.5259 -0.25122 -0.96194 1.9195 0.045226 -1.497 0.60516 -0.55802 1.005 3.6441 -0.43324 1.1787 2.0198 -0.43837 1.4738 0.75372 -1.2676 -0.78925 0.019852 0.013993 -0.84744 -1.9955 -0.57713 -0.93255 -3.7011 0.0012873 0.78925 -0.019853 -0.013993 0.91602 -2.0717 -0.44789 1.0553 -3.6534 0.40629
0 90 216 -0.44751 4.7804 0.12947 -0.27739 3.5426 0.10511 0.35715 3.5719 0.85602 1.6929 2.6909 1.1851 3.1567 3.1504 1.3392 -0.91082 3.5431 -0.6473 -1.2339 2.7314 -2.0277 -1.5872 3.3775 -3.3825 0.50275 0.015334 0.60869 0.15735 -2.0429 0.85074 0.6407 -3.7359 0.46218 -0.50275 -0.015333 -0.60869 -0.86808 -2.0835 -0.54992 -0.4113 -3.6977 -1.2108
0 95 84 0.18015 4.8169 -0.24243 0.058614 3.5752 -0.11138 -0.92202 3.5982 -0.18347 -2.386 4.2965 -0.37841 -2.2865 5.8252 -0.55368 1.0394 3.582 -0.038538 2.5457 4.1301 -0.35386 2.6243 5.5803 -0.87202 -0.78859 0.010769 -0.038833 -0.74373 -2.0434 -0.47779 -0.79625 -3.7487 0.10537 0.78859 -0.01077 0.038833 0.9811 -2.0753 -0.30039 1.1554 -3.7164 0.42566
0 96 108 0.041233 4.8279 -0.23963 -0.0075172 3.5755 -0.12095 -0.9338 3.583 0.20966 -2.3248 4.4369 0.27764 -2.2049 5.8913 -0.22062 0.9188 3.5979 -0.4508 1.939 4.2401 -1.5533 1.5357 5.601 -2.1557 -0.73482 0.010407 0.28884 -0.8801 -2.0406 -0.14314 -0.70258 -3.751 0.39916 0.73482 -0.010407 -0.28884 0.76339 -2.0732 -0.68661 1.2111 -3.719 -0.10179
0 97 72 0.12155 4.834 -0.14474 0.049456 3.5752 -0.10642 -0.89429 3.566 -0.38324 -1.794 4.4478 -1.4233 -1.2076 5.7892 -1.9075 0.99224 3.6141 0.17107 2.37 4.2658 -0.41697 2.2646 5.4861 -1.3537 -0.76361 0.0091467 -0.2008 -0.62633 -2.0395 -0.64647 -0.80829 -3.7526 -0.11449 0.76361 -0.0091467 0.2008 1.0193 -2.0706 -0.11446 1.0393 -3.7235 0.6056
0 113 216 -0.12747 4.8373 0.20245 -0.091709 3.5745 0.15044 0.45382 3.5063 0.96598 0.82098 1.9172 0.87267 0.83074 0.616 1.7 -0.63649 3.6724 -0.66257 -0.55589 2.1023 -1.1066 -1.3932 0.87623 -1.5229 0.40152 -0.01685 0.67971 0.13029 -2.0965 0.80516 0.78598 -3.7525 0.52449 -0.40152 0.01685 -0.67971 -0.7393 -2.0561 -0.62492 -0.29438 -3.7322 -1.1184
1 1 312 -1.7557 4.1439 -1.7755 -1.4236 3.0054 -1.3441 -2.1166 2.9876 -0.64641 -1.7261 1.4877 -0.13022 -2.323 0.078567 -0.31961 -0.74115 3.0496 -2.0509 -0.16429 1.5358 -1.8402 -0.37331 0.14445 -2.4712 -0.54094 -0.0035107 0.57521 -1.3822 -1.4418 -0.7046 -0.83575 -2.9327 0.14963 0.54094 0.0035105 -0.57521 -0.44885 -1.5634 -1.5648 0.48569 -2.8877 -0.77506
1 8 36 -0.90384 4.672 0.78743 -0.70401 3.4308 0.67066 -0.11097 3.4113 1.4551 1.1589 2.6735 2.1705 2.1134 2.935 3.3529 -1.2991 3.48 -0.11092 -1.6904 2.7236 -1.505 -2.7628 2.9853 -2.5817 0.51539 -0.018736 0.59793 0.059647 -1.9796 1.1992 0.594 -3.6938 1.0347 -0.51539 0.018736 -0.59793 -1.2714 -1.9325 -0.40939 -0.76251 -3.5689 -0.96966
1 11 252 0.26836 4.7184 -0.94465 0.18613 3.4757 -0.75444 -0.75695 3.4582 -1.0331 -2.3739 3.3674 -0.81862 -3.6475 4.2156 -1.0084 1.1288 3.523 -0.47771 2.3466 3.2235 0.56913 3.7062 3.8982 0.84117 -0.76777 -0.00038433 -0.18447 -1.0652 -2.0061 -0.73496 -1.7739 -3.6492 -0.51413 0.76777 0.00038433 0.18448 1.5114 -1.9478 -0.072066 1.724 -3.5022 0.81647
1 13 48 -0.52017 4.7503 0.60913 -0.3885 3.5053 0.48735 0.35709 3.49 1.1286 1.9074 3.7213 1.5888 2.8942 4.7959 2.088 -1.1337 3.5505 -0.15296 -1.8858 3.4249 -1.5977 -2.9298 4.2425 -2.3846 0.62878 0.0021982 0.47763 0.94364 -1.9763 1.1106 1.798 -3.5629 1.1722 -0.62878 -0.0021982 -0.47763 -1.4739 -1.9114 -0.71167 -1.478 -3.3776 -1.7612
1 14 288 -0.23219 4.7625 -0.66675 -0.2 3.515 -0.51397 -1.1275 3.4989 -0.187 -2.3104 3.8463 0.88477 -3.1469 4.9887 1.4954 0.72666 3.5608 -0.84042 2.3582 3.4926 -0.79545 3.5157 4.363 -1.3249 -0.72707 0.0029078 0.30799 -1.4658 -1.9637 0.27614 -1.8684 -3.5436 1.0461 0.72707 -0.0029073 -0.30799 1.3746 -1.9137 -0.89444 2.3428 -3.3524 -0.40087
1 22 336 -0.4994 4.7925 -0.453 -0.39959 3.5434 -0.30017 -0.76391 3.5844 0.6125 -1.1713 3.5113 2.1928 -1.6138 4.3168 3.431 -0.036162 3.5323 -1.214 0.68778 2.9232 -2.5458 1.0158 3.2475 -4.0172 -0.23168 0.032543 0.75416 -1.1723 -1.8257 1.0309 -0.48305 -3.3349 1.7368 0.23168 -0.032543 -0.75416 0.038681 -1.9462 -1.5996 1.2173 -3.3027 -1.7473
1 30 72 -0.39728 4.7276 0.94037 -0.26623 3.4778 0.79739 0.68197 3.5006 1.0577 2.233 3.0126 1.2152 3.5978 3.47 1.7683 -1.2157 3.4845 0.5408 -2.4813 2.6909 -0.12035 -4.0015 2.9379 -0.04342 0.77444 0.018315 0.15297 1.1327 -1.9221 0.87446 1.8152 -3.5071 0.35189 -0.77444 -0.018315 -0.15297 -1.4508 -1.9892 0.11592 -1.8125 -3.4572 -0.86645
1 31 336 -0.96136 4.7039 -0.54805 -0.82176 3.4551 -0.40277 -1.1728 3.4778 0.51571 -1.423 2.7202 1.9413 -2.2394 2.8468 3.2433 -0.47442 3.462 -1.3229 0.29484 2.4695 -2.3679 0.32109 2.3572 -3.9056 -0.24297 0.026104 0.75085 -0.86632 -1.9708 0.94649 -0.45299 -3.5966 1.6072 0.24297 -0.026104 -0.75086 0.02428 -2.0451 -1.2894 0.98783 -3.5379 -1.5963
1 36 276 -0.13294 4.5314 -1.6915 -0.19544 3.3206 -1.3382 -1.1721 3.3474 -1.2252 -1.4516 1.834 -0.67719 -2.2329 0.52035 -0.88131 0.78043 3.322 -1.4608 1.1914 1.8015 -1.0274 1.8119 0.46958 -1.4949 -0.77048 0.017815 0.17189 -0.71388 -1.8985 -0.68762 -0.51078 -3.4775 0.15889 0.77048 -0.017815 -0.17189 0.41319 -1.8877 -1.0607 0.57593 -3.3344 0.0029781
1 41 288 -0.5186 4.5587 -1.544 -0.46755 3.3431 -1.2067 -1.3891 3.3417 -0.86292 -1.5429 1.8073 -0.32372 -2.4225 0.54229 -0.3856 0.45017 3.3727 -1.5592 0.95795 1.8336 -1.3537 1.4267 0.66073 -2.2381 -0.72576 0.0053382 0.31102 -0.97686 -1.7296 -0.84707 -0.47333 -3.1626 0.12457 0.72576 -0.0053382 -0.31102 0.26908 -1.7536 -1.3831 0.55134 -3.0709 -0.18482
1 43 84 -0.11886 4.6858 1.2141 -0.049941 3.4454 0.97503 0.93118 3.4469 1.044 1.655 2.0194 0.71638 2.8615 1.1728 1.1692 -1.0311 3.4731 0.9123 -1.7598 2.0378 0.63357 -2.9469 1.3121 1.2983 0.7892 -0.0020561 0.025519 0.75678 -1.9713 0.75721 0.76774 -3.6086 0.0022529 -0.7892 0.0020561 -0.025519 -0.98474 -1.9452 0.73883 -0.82872 -3.5193 -0.12648
1 44 300 -0.58286 4.7064 -0.95532 -0.50798 3.4614 -0.74252 -1.3369 3.4653 -0.21321 -1.9429 2.153 0.54789 -3.305 1.5969 1.0095 0.31808 3.4869 -1.2758 1.2058 2.1635 -1.6351 1.9113 1.7244 -2.9341 -0.65141 -0.0079145 0.44621 -1.0951 -2.0015 -0.046849 -0.80167 -3.6775 0.5495 0.65141 0.0079145 -0.44621 0.51701 -1.9752 -1.1271 0.96051 -3.5813 -0.43825
2 5 144 -3.1023 2.7986 -2.4418 -2.2874 2.1446 -1.7321 -2.8983 2.0931 -0.96295 -1.7758 2.2399 0.2149 -1.1865 1.7 1.5336 -1.6976 2.2108 -2.5164 -0.17626 2.2949 -1.9273 1.2582 1.7347 -2.0063 -0.46839 0.010496 0.63561 -1.432 -1.6485 -0.22084 -0.59743 -3.1458 0.33823 0.46839 -0.010496 -0.63561 -0.48328 -1.6942 -1.4565 0.41741 -3.0721 -0.72104
2 10 252 -1.3351 3.171 3.4056 -0.91744 2.3442 2.5516 -0.016154 2.2904 2.9417 0.60456 0.89263 2.3676 0.48754 -0.49473 3.0303 -1.827 2.4155 2.1841 -2.0366 0.95053 1.4922 -2.7071 -0.24212 2.2033 0.73976 -0.024077 0.27509 0.042695 -1.4658 1.6352 0.59263 -2.531 0.28843 -0.73976 0.024077 -0.27509 -1.3954 -1.5389 0.96657 -0.76877 -2.5398 -0.39595
2 13 36 2.6247 3.7184 -1.6367 1.9704 2.6914 -1.3294 1.483 2.6704 -2.1834 2.083 1.5619 -3.2226 3.3962 2.3382 -3.4472 2.4747 2.7344 -0.4861 3.5409 1.5272 -0.75943 4.4093 2.471 -1.6156 -0.45106 -0.0038791 -0.64809 0.59614 -1.7723 -1.0843 -0.66856 -2.813 -0.33022 0.45106 0.0038788 0.64809 1.3558 -1.8354 0.18692 0.058278 -2.781 1.0074
2 33 252 -1.629 2.7665 3.6088 -1.1777 2.0883 2.6463 -0.26709 2.0622 3.0172 0.4425 0.74715 2.3571 0.64491 -0.75167 2.6575 -2.0974 2.1283 2.3002 -2.2888 0.91968 1.2179 -2.5281 -0.60015 1.1153 0.72953 0.040777 0.29936 0.051028 -1.1647 1.8807 0.4442 -2.6282 0.90375 -0.72953 -0.040776 -0.29936 -1.3884 -1.2153 1.3133 -1.0139 -2.6047 0.22698
2 40 336 4.2698 0.83409 2.062 3.1398 0.70158 1.5116 3.5291 0.61905 0.61216 2.6785 0.17996 -0.71161 3.229 -1.1296 -1.3112 2.7781 0.78602 2.4223 1.1655 0.88908 2.6623 -0.001871 0.062057 3.2375 0.34622 0.011094 -0.70958 1.2079 -1.8226 -0.15335 0.7899 -3.5327 -0.5429 -0.34622 -0.011095 0.70958 0.61495 -1.8053 1.2305 -0.034491 -3.4636 0.94899
2 52 336 4.2039 1.7059 1.6426 3.1157 1.2953 1.1525 3.4763 1.2824 0.23753 2.4383 0.38669 -0.65077 2.5368 -1.1502 -0.72795 2.7821 1.3159 2.0775 1.3955 0.4526 2.1068 1.2281 -1.0788 2.1734 0.26389 0.024885 -0.7438 1.0867 -1.8567 -0.29994 0.65746 -3.572 -0.65259 -0.26389 -0.024885 0.7438 0.59279 -1.9189 1.049 -0.1567 -3.5405 0.80531
2 58 228 -2.9568 1.7787 3.368 -2.1073 1.4074 2.5087 -1.379 1.3749 3.1689 -0.010648 1.6954 2.336 1.4023 1.1902 1.9814 -2.8544 1.4475 1.8703 -2.3241 1.7422 0.35354 -2.2501 1.1201 -1.0554 0.6122 0.012627 0.49854 -0.11133 -1.8454 1.1608 0.41797 -3.5255 0.7763 -0.6122 -0.012627 -0.49854 -1.2168 -1.9024 0.19246 -0.69635 -3.5005 -0.46014
2 60 144 -3.6812 1.5685 -2.6958 -2.7469 1.2386 -1.9127 -3.3342 1.1953 -1.125 -2.3453 1.6679 0.086388 -1.8775 1.2769 1.5027 -2.1832 1.2887 -2.7171 -0.67874 1.7386 -2.2666 0.72725 1.1176 -2.3899 -0.44238 0.010645 0.65398 -1.2838 -1.7535 -0.1167 -0.72289 -3.3666 0.46165 0.44238 -0.010645 -0.65398 -0.39917 -1.8188 -1.3148 0.38042 -3.3453 -0.75545
2 62 156 -4.1388 1.5726 -1.9306 -3.0785 1.2132 -1.3454 -3.5084 1.1632 -0.46222 -2.216 1.4061 0.50709 -1.5606 0.70331 1.713 -2.675 1.2707 -2.2405 -1.0645 1.4354 -2.0216 0.074576 0.49515 -2.4645 -0.3103 -0.0022628 0.72609 -1.439 -1.6419 0.053791 -0.57692 -3.1332 0.58648 0.3103 0.0022628 -0.72609 -0.76652 -1.7072 -1.3027 0.25107 -3.1108 -0.80737
2 67 192 -3.6754 3.0711 0.66295 -2.739 2.2381 0.56451 -2.6084 2.1827 1.5378 -2.6232 0.57341 1.8181 -4.0085 0.045649 2.2427 -2.8938 2.3102 -0.4041 -3.1322 0.72285 -0.70752 -4.54 0.16178 -0.42326 0.15792 -0.014904 0.77352 -1.3078 -1.5057 0.98184 0.12945 -2.5751 0.77762 -0.15792 0.014904 -0.77352 -1.5231 -1.5822 -0.76742 -0.0039074 -2.5453 -0.89166
2 71 120 -1.2637 4.1141 -2.2295 -1.0097 2.9873 -1.7191 -1.8883 2.96 -1.2779 -2.9953 2.5288 -2.3992 -2.8866 4.0353 -2.7095 -0.13904 3.04 -2.1736 -0.53183 2.5333 -3.6762 -0.83234 4.0413 -3.791 -0.69105 -0.020804 0.38146 -0.87775 -2.0737 -0.025013 -0.29872 -3.2922 1.1712 0.69105 0.020804 -0.38146 0.70659 -2.0299 -0.83803 1.3797 -3.1838 0.37294
2 76 192 -2.2051 4.3152 0.33045 -1.6502 3.1825 0.21515 -1.5063 3.1595 1.1878 -2.8324 2.9021 2.1064 -2.9043 4.3717 1.6451 -1.8074 3.2319 -0.75449 -3.3361 2.7533 -1.075 -3.5274 4.2566 -0.79022 0.090212 -0.0015378 0.78445 -0.72698 -1.935 0.87579 0.42546 -3.3172 0.76516 -0.090212 0.0015378 -0.78445 -1.0248 -1.8796 -0.83296 0.32011 -3.0801 -0.86294
2 81 24 2.1896 4.2675 -0.73893 1.58 3.1815 -0.51177 1.2769 3.1438 -1.4467 2.14 2.2301 -2.4902 2.8385 3.6044 -2.4566 1.898 3.2442 0.41683 3.2197 2.3082 0.63067 3.7603 3.622 0.03124 -0.2666 0.019204 -0.743 0.90542 -1.6277 -1.316 0.81302 -3.4249 -1.4276 0.2666 -0.019204 0.743 1.5882 -1.5915 0.30065 1.3361 -3.3759 0.35718
2 88 336 2.2396 4.086 1.2893 1.6431 3.0491 0.88949 2.1147 3.0651 0.026533 2.847 1.6119 -0.11625 3.9719 2.2274 0.7402 1.1882 3.0559 1.7615 1.4683 1.6647 2.5707 2.7993 2.314 3.0001 0.34239 0.012181 -0.71142 2.208 -0.44149 0.14174 1.2752 -1.9144 -0.31781 -0.34239 -0.012181 0.71142 1.4092 -0.61654 1.7019 0.30585 -1.909 1.0994
2 91 132 -1.7498 3.8928 -2.271 -1.3251 2.9024 -1.6186 -2.1066 2.8924 -1.0215 -2.772 1.4075 -1.1677 -3.5062 1.7049 -2.4907 -0.55668 2.9339 -2.2316 -0.44515 1.5203 -3.0428 -1.5247 2.0346 -4.0163 -0.59684 0.005635 0.51696 -1.8503 -0.65908 -1.0327 -1.235 -2.1347 -0.19902 0.59684 -0.005635 -0.51696 -0.63773 -0.82893 -2.0043 0.20071 -2.1259 -1.0739
2 94 144 -2.3212 3.813 -1.8781 -1.741 2.8309 -1.3432 -2.3603 2.8124 -0.57933 -2.8455 1.2542 -0.50526 -3.9141 0.87874 -1.5516 -1.1384 2.8707 -2.1195 -1.0545 1.3791 -2.7803 -2.3527 1.3555 -3.6121 -0.46631 0.0089302 0.63716 -1.8917 -1.0352 -0.49961 -1.1893 -2.5747 0.1229 0.46631 -0.0089302 -0.63716 -0.92722 -1.1694 -1.6981 0.033223 -2.5573 -1.064
2 98 240 -1.4255 3.9942 2.3502 -1.0304 2.9438 1.7775 -0.18889 2.9189 2.2859 0.19543 1.3314 2.3182 0.02211 -0.032613 3.016 -1.8808 2.9919 1.2856 -2.2655 1.4453 0.92687 -2.7675 0.15779 1.611 0.69188 0.011407 0.38035 -0.11675 -1.4308 1.6767 0.38019 -3.0336 1.017 -0.69188 -0.011407 -0.38035 -1.4087 -1.5383 0.87227 -0.95827 -2.9982 -0.085125
2 100 204 -2.3196 4.143 0.98099 -1.7277 3.0502 0.77916 -1.3267 3.0311 1.677 -0.69353 1.5322 1.8224 -0.71384 0.060079 2.2808 -2.1441 3.0935 -0.11086 -1.9258 1.591 -0.71386 -2.2335 0.09228 -0.90559 0.3409 0.013217 0.71212 -0.93168 -1.5747 1.2349 -0.15776 -3.1874 1.0085 -0.3409 -0.013217 -0.71212 -1.5176 -1.6745 -0.19274 -0.61057 -3.1553 -0.67771
3 4 252 -0.59077 4.7843 0.013437 -0.24109 3.5756 0.014168 0.21895 3.6215 -0.85394 1.6299 2.7983 -0.86526 2.7695 3.3926 -0.013384 -0.70587 3.559 0.88081 -1.9545 2.5063 0.84257 -2.6231 1.282 1.4997 0.23671 0.037313 -0.75238 -0.20752 -2.0091 -0.58167 -0.7623 -3.7225 -0.49623 -0.23671 -0.037313 0.75238 1.6379 -0.88666 1.1752 0.63305 -2.3489 0.85426
3 18 96 0.28317 4.8204 0.136 0.03799 3.5889 0.039679 -0.58923 3.5522 0.79639 -0.96482 1.9638 0.72907 -1.4905 1.0173 -0.36891 0.66794 3.655 -0.71276 0.93096 2.0595 -0.94498 0.30217 0.82022 -1.6132 -0.49301 0.013176 0.61666 -1.3862 -1.7918 0.017757 -0.033453 -1.6518 1.2016 0.49301 -0.013176 -0.61666 0.3178 -2.0667 -0.20866 0.15291 -3.823 0.16474
3 25 348 0.15256 4.8206 0.053589 0.15106 3.5773 0.27192 1.0409 3.5886 -0.14684 1.2734 1.9989 -0.44275 1.6427 0.67364 0.25358 -0.73992 3.5957 0.68808 -0.84245 1.9822 0.92234 -0.39822 0.71884 1.6867 0.68593 0.0093141 -0.39104 0.72089 -2.0421 0.061556 0.52091 -3.6423 -0.74482 -0.68593 -0.0093136 0.39104 -0.31811 -2.0763 0.31009 -0.6519 -3.7217 -0.34734
3 29 336 -0.13969 4.8091 0.25988 -0.16011 3.5595 0.44366 0.74037 3.5692 0.83913 1.2891 2.0692 0.4963 1.2796 0.55151 0.7689 -1.0596 3.5795 0.046308 -1.311 1.9804 -0.17348 -1.6516 0.6007 0.42492 0.73569 0.0019679 0.28679 0.35421 -2.0628 0.21286 0.61571 -3.6155 -0.66561 -0.73569 -0.0019674 -0.28679 -0.4968 -2.082 -0.11127 -0.23828 -3.6949 -0.87452
3 38 96 0.412 4.8085 0.17937 0.50085 3.5558 0.066742 0.72873 3.5735 -0.88988 0.4298 2.0165 -1.2839 0.93755 0.56058 -1.271 0.27278 3.5679 1.0234 -0.53331 2.1477 1.0671 -0.50235 0.64441 1.409 0.10557 -0.0012712 -0.78253 0.026408 -2.0512 -0.32899 -0.85031 -3.6266 -0.3533 -0.10557 0.0012712 0.78253 0.10475 -2.0751 0.54036 -0.58072 -3.7427 0.55672
3 39 228 -0.13573 4.8062 -0.42921 -0.28677 3.5544 -0.42791 -1.1479 3.5733 0.046995 -1.2421 2.0116 0.51688 -1.571 0.56318 0.10251 0.57465 3.5654 -0.90247 1.1191 2.1294 -0.34547 1.299 0.62448 -0.62941 -0.65553 -0.0018439 0.44019 -0.25798 -2.0518 0.20838 0.29758 -3.627 0.88757 0.65553 0.0018439 -0.44019 0.34211 -2.0754 -0.40915 0.80191 -3.7363 0.12085
3 43 276 -0.34455 4.8091 -0.16837 -0.47051 3.5601 -0.058417 -0.6319 3.5783 0.91163 -0.42981 1.9985 1.2752 -1.1667 0.64775 1.1751 -0.3084 3.5717 -1.0284 0.34705 2.0855 -1.2027 0.1389 0.59485 -1.5378 -0.072362 0.0029278 0.78629 -0.0093961 -2.0628 0.40805 0.91565 -3.6094 0.4661 0.072361 -0.0029283 -0.78629 -0.026182 -2.079 -0.47918 0.70865 -3.7244 -0.41708
3 48 60 0.23197 4.8211 0.15997 0.34182 3.5645 0.13792 0.95793 3.5595 -0.62873 0.63824 2.1087 -1.3082 0.95241 0.60127 -1.3893 -0.27404 3.5992 0.90399 -0.40723 2.0097 1.2569 0.75508 1.5192 2.1436 0.5298 -0.031665 -0.58464 1.7463 -1.5075 0.28505 0.28128 -1.8535 -0.7073 -0.5298 0.031664 0.58464 -0.70627 -2.0062 0.10464 -0.84678 -3.7498 -0.33218
3 52 216 0.0026355 4.8268 -0.10063 -0.14312 3.5754 -0.16881 -0.97237 3.5783 0.36005 -0.88371 2.3563 1.4406 -1.1631 0.87472 1.7639 0.68657 3.6023 -0.69632 0.66708 2.4246 -1.8283 -0.10575 3.2753 -2.8563 -0.73337 -0.025131 0.29162 -1.3212 -0.96682 -1.4922 -0.5244 -1.7389 -0.070951 0.73336 0.025131 -0.29162 0.75388 -1.9661 0.37827 0.74965 -3.6696 0.96903
3 56 144 0.057791 4.8219 -0.086503 0.083501 3.5752 -0.27649 -0.66148 3.5876 -0.91853 -1.6609 2.3666 -0.4954 -2.0216 0.86968 -0.57869 0.82709 3.5925 0.36705 1.8334 2.3482 0.038943 2.6388 3.0008 -1.1026 -0.51482 -0.054006 -0.59628 0.62997 -1.6961 -1.2344 0.5173 -3.4324 -0.76144 0.51482 0.054006 0.59628 -0.26716 -1.8508 1.0138 -0.95736 -3.4818 1.3521
3 64 192 0.23737 4.815 0.21835 0.084477 3.5851 -0.011902 -0.89813 3.6275 -0.0046632 -1.4381 2.2234 -0.64169 -1.4479 2.2224 -2.1836 1.0679 3.5723 -0.015526 1.3754 2.1881 0.79578 1.8853 0.73441 0.72943 -0.77454 0.028538 0.15089 -0.34973 -2.0288 0.11404 0.021238 -3.7793 0.33518 0.77454 -0.028538 -0.15089 0.73002 -1.6003 -1.5444 0.82036 -1.8415 0.24008
3 65 72 -0.34723 4.812 0.056194 -0.069595 3.5833 0.035229 0.44386 3.6301 -0.80235 1.4933 2.3813 -0.89165 2.7868 2.685 -0.10916 -0.58647 3.566 0.87184 -1.5678 2.2759 0.66821 -1.9442 0.85499 1.1339 0.26386 0.020346 -0.74395 0.0032129 -2.0357 -0.39878 -0.44308 -3.7735 -0.22037 -0.26386 -0.020346 0.74395 1.2527 -1.3373 1.3604 -0.35508 -1.7898 0.68113
3 73 72 -0.23754 4.8127 0.13704 0.047113 3.5853 0.12067 0.48497 3.6312 -0.75884 1.5701 2.4101 -0.75256 2.8136 2.8405 0.051246 -0.39424 3.5689 0.99947 -1.1957 2.1458 1.0317 -1.248 0.75719 1.7001 0.20493 0.041564 -0.76143 -0.67311 -1.8666 -0.71554 -1.5524 -3.4407 -0.71409 -0.20493 -0.041564 0.76143 0.85952 -1.8496 0.87137 0.71213 -3.6464 0.84502
3 77 276 0.36406 4.8027 0.029867 0.063637 3.5845 0.14968 0.16398 3.5948 1.128 0.47828 2.0288 1.4707 -0.32329 0.75475 1.8054 -0.031833 3.6037 -0.82903 -0.37343 2.0342 -1.1271 -1.83 1.5593 -0.9522 0.063271 -0.051779 0.78538 -0.61911 -2.0285 0.98834 1.0813 -2.4967 0.61398 -0.063271 0.051779 -0.78538 -0.12604 -2.0393 -0.59148 -0.16798 -3.8317 -0.40011
3 78 156 -0.22178 4.8082 0.27889 -0.16106 3.5842 -0.020453 -1.0828 3.5809 -0.36367 -1.6731 2.1168 0.056464 -1.7922 0.73838 -0.62436 0.75852 3.6169 0.32691 1.3407 2.1191 0.032989 1.8059 2.2047 -1.4346 -0.71084 -0.051898 -0.33987 -0.4622 -1.8104 -1.4624 -0.96919 -2.0443 0.25197 0.71084 0.051898 0.33987 0.52505 -2.0403 0.29094 0.33838 -3.8331 0.24484
3 85 204 0.074065 4.8126 0.40147 -0.085644 3.581 0.16862 -0.93991 3.5729 0.65599 -0.89395 2.2863 1.6616 -1.4599 0.85194 1.6675 0.7703 3.6186 -0.31439 0.95774 2.2969 -1.2561 0.19884 2.8332 -2.4866 -0.73237 -0.04462 0.29179 -1.1779 -1.1637 -1.4297 -0.7426 -2.7472 -0.6853 0.73237 0.044621 -0.29179 0.79838 -1.9399 0.39495 0.83191 -3.6385 0.99872
4 9 120 -0.7088 4.6287 -1.2461 -0.45355 3.4272 -0.93832 -1.3025 3.3721 -0.44465 -1.497 1.8199 0.026103 -1.9675 1.6178 -1.4284 0.3886 3.5102 -1.4396 1.203 2.1693 -0.98391 0.6983 1.4129 -2.2292 -0.64218 0.065832 0.45472 -0.10319 -1.9071 0.93576 0.60555 -3.4001 1.6565 0.64218 -0.065833 -0.45472 -0.26374 -1.7288 -1.3647 -0.56246 -3.4758 -1.0335
4 14 204 -1.5602 4.575 0.41349 -1.1423 3.3828 0.336 -0.76067 3.4493 1.24 -0.011146 2.0256 1.5233 -1.161 1.0561 1.8633 -1.5345 3.344 -0.56513 -1.3877 1.7525 -0.90288 -2.7003 1.8346 -0.098002 0.36663 0.047471 0.69773 0.35701 -2.0497 0.82511 1.8451 -2.6402 -0.0041214 -0.36663 -0.047471 -0.69773 -1.2362 -1.788 0.095191 -0.14332 -3.2206 0.030821
4 22 36 1.3142 4.6353 -0.42847 0.99472 3.4362 -0.17557 0.47517 3.4376 -1.0107 -0.67503 2.2776 -1.0218 -0.04759 1.223 -1.9555 1.5219 3.4631 0.6543 1.5263 1.8879 1.0872 2.5733 2.0299 -0.035875 -0.25667 0.059127 -0.74439 0.6456 -1.7734 -1.2363 0.74404 -3.4962 -1.7589 0.25667 -0.059127 0.74439 -0.15583 -2.1173 0.65563 -1.6643 -2.9832 1.1307
4 27 204 -1.4246 4.5783 -0.60568 -0.99982 3.3855 -0.59329 -1.149 3.374 0.37881 -0.78447 2.0004 1.1844 -2.205 1.4021 1.1403 -0.86134 3.4249 -1.5662 0.063 2.1044 -1.832 -1.36 1.5293 -1.9807 -0.11633 0.13895 0.76854 -1.069 -1.7331 0.72452 -0.15189 -3.2084 1.2076 0.11633 -0.13895 -0.76854 -1.0088 -1.9126 -0.71881 0.68005 -2.3907 -0.30634
4 37 228 -1.1216 4.5955 -1.0879 -0.81684 3.4036 -0.78815 -1.1714 3.5577 0.11623 -0.85048 2.2375 1.0233 -2.1892 1.553 0.68108 -0.47022 3.2773 -1.6999 -0.0045528 1.7117 -1.6684 -1.4873 1.6524 -2.0876 -0.25471 0.098834 0.74085 -0.97769 -1.8604 0.97135 0.63365 -2.3103 1.6437 0.25471 -0.098834 -0.74085 -0.89491 -1.8524 -0.60732 -0.13386 -3.1389 0.40087
4 46 12 -0.38407 4.7114 0.99693 -0.4245 3.4638 0.78812 0.5363 3.5074 0.58237 1.2546 2.3227 -0.28332 1.3524 2.2027 1.2509 -1.3848 3.4493 1 -1.8283 1.9457 0.54031 -1.3198 1.4735 1.9173 0.77739 0.13529 -0.029423 0.97881 -1.7028 0.96818 1.4107 -3.3913 0.50641 -0.77739 -0.13529 0.029423 -0.41325 -2.2007 0.15443 -0.4557 -2.6112 -1.6007
4 57 204 1.3055 4.5912 -0.89157 0.96847 3.3923 -0.66961 0.11606 3.5652 -1.1288 -0.81972 2.2385 -0.94723 -0.1879 1.6199 -2.2105 1.8296 3.2472 -0.21709 1.6486 1.8857 0.66736 2.1956 1.547 -0.73399 -0.7101 0.13166 -0.31926 -0.99499 -1.9107 -0.7215 -1.8314 -2.5892 0.72451 0.7101 -0.13166 0.31926 0.5136 -1.9018 -0.79525 -0.38345 -3.2905 -0.075585
4 64 132 1.2539 4.5633 1.0377 0.91675 3.3541 0.87306 1.1345 3.451 -0.081182 0.42365 2.2498 -0.93014 1.7276 1.5026 -0.58516 0.70783 3.2853 1.8317 0.26963 1.7159 1.9488 1.7935 1.9501 1.9252 0.31182 0.11814 -0.71576 1.2503 -1.7081 -0.27037 1.4774 -3.4963 -0.30959 -0.31182 -0.11814 0.71576 -0.51667 -2.0827 -0.00050778 -1.6981 -3.1116 -0.89299
4 74 300 -0.16229 4.6589 -1.3302 -0.089342 3.4333 -1.0209 -1.0146 3.4737 -0.68985 -1.5114 2.0684 -0.021289 -1.749 1.9533 -1.5405 0.83381 3.4215 -1.36 1.6065 2.2458 -0.52954 1.0583 1.5861 -1.8109 -0.68911 0.10504 0.37093 -0.52348 -1.925 0.88648 -0.0028013 -3.2813 1.9543 0.68911 -0.10504 -0.37093 -0.18281 -1.8544 -1.1415 -0.44226 -3.6278 -0.94495
5 7 12 0.7776 4.7746 -0.29858 0.55608 3.5296 -0.2331 0.0038708 3.6142 -1.0426 -0.68978 2.1422 -1.1869 -0.70619 0.83333 -2.0019 1.1144 3.4742 0.57473 1.2044 1.8597 0.80728 1.9472 0.54057 0.51437 -0.44107 -0.0027404 -0.65494 -0.10238 -2.0609 -0.9071 -1.3767 -3.0638 -0.11902 0.44107 0.0027404 0.65494 1.0682 -1.9213 0.089902 0.38302 -3.5771 0.28917
5 17 132 -0.82101 4.7634 -0.42159 -0.55119 3.53 -0.3225 -1.0438 3.5145 0.52863 -0.665 2.0494 1.1439 -1.1566 0.6678 1.6205 -0.065187 3.5743 -1.1764 -0.018491 1.9913 -1.5775 -0.93765 0.91481 -2.1889 -0.46406 -0.029342 0.63819 -1.4516 -1.6995 -0.16779 -1.894 -3.4474 -0.18139 0.46406 0.029342 -0.63819 0.42957 -2.0633 -0.45359 1.2118 -3.4791 0.34286
5 17 300 0.71541 4.7634 0.58308 0.47209 3.53 0.43006 1.1309 3.5145 -0.30005 0.88829 2.0494 -0.98062 1.4683 0.6678 -1.3446 -0.18083 3.5743 1.1643 -0.30989 1.9913 1.5468 0.46206 0.91481 2.3361 0.5866 -0.029342 -0.52776 1.3849 -1.6995 0.46592 1.8149 -3.4474 0.57121 -0.5866 0.029342 0.52776 -0.51449 -2.0633 0.35437 -1.114 -3.4791 -0.58731
5 23 132 -0.85075 4.7465 -0.51015 -0.55726 3.518 -0.41643 -1.1874 3.4396 0.33467 -1.0234 1.9277 0.93132 -1.6196 0.55011 1.2843 0.065698 3.6252 -1.17 0.62078 2.0969 -1.3283 0.5753 0.68764 -1.9525 -0.56503 -0.014983 0.55137 -1.3281 -1.7976 -0.25747 -1.3233 -3.5792 0.020086 0.56503 0.014983 -0.55137 0.64001 -2.0842 -0.50703 1.6389 -3.1526 0.54731
5 24 264 0.15649 4.7368 1.0199 0.034534 3.5112 0.72382 1.0133 3.4195 0.75358 1.4007 1.8993 0.29796 2.0382 0.52789 0.59889 -0.94134 3.6317 0.70124 -1.4417 2.1215 0.33021 -1.9437 0.70627 0.68049 0.78457 -0.012163 0.088278 0.65368 -1.8294 1.1346 0.86229 -3.6004 0.86824 -0.78457 0.012163 -0.088278 -0.85723 -2.086 -0.0070781 -0.6503 -3.0523 -1.5152
5 27 0 1.0838 4.7207 -0.1956 0.74786 3.5081 -0.051579 0.85499 3.3954 -1.0228 0.68847 1.8551 -1.5411 1.2008 0.53711 -2.1559 0.64903 3.6493 0.91674 0.19563 2.1623 1.4187 0.54003 0.76386 1.9695 0.11303 -0.020438 -0.78122 1.0101 -1.9141 -0.62789 0.46382 -3.619 -0.8425 -0.11303 0.020438 0.78122 0.52838 -1.9738 0.94249 -0.85796 -3.082 0.6249
5 30 336 0.99537 4.7257 0.40482 0.63671 3.5128 0.3442 1.2717 3.4044 -0.39905 1.6158 1.8798 -0.87415 2.6304 0.7211 -0.94996 0.0098549 3.6497 1.0896 -0.55584 2.1228 1.2216 -0.45445 0.73852 1.8932 0.51777 -0.017991 -0.59589 0.9923 -2.0115 -0.13206 0.39948 -3.6111 -0.71572 -0.51777 0.017991 0.59589 0.27911 -1.8052 1.2706 -0.16628 -3.4123 0.58536
5 37 84 0.48876 4.7829 -0.64743 0.3726 3.5438 -0.4144 -0.45459 3.5672 -0.94596 -1.0327 2.078 -1.2878 -0.89314 1.2138 -2.5572 1.2033 3.5495 0.11209 1.2697 1.9675 0.51406 1.7676 0.52616 0.28517 -0.69277 0.028316 -0.37784 -0.74472 -2.0669 -0.23085 -1.2587 -3.4768 0.7687 0.69277 -0.028317 0.37784 1.2518 -1.7586 -0.6748 0.97296 -3.5393 -0.7212
5 43 60 0.72689 4.7862 -0.21712 0.49645 3.5425 -0.15977 0.063186 3.6295 -1.0384 -0.5166 2.1249 -1.3009 -0.5963 0.78317 -2.0565 0.93533 3.4847 0.71853 0.88919 1.8803 1.0228 1.6812 0.56863 0.85028 -0.40325 0.00046158 -0.67889 -0.33801 -2.0766 -0.98881 -1.6814 -3.0024 -0.22138 0.40325 -0.00046206 0.67889 1.1192 -1.8841 0.084074 0.44307 -3.5554 0.063479
5 43 300 -0.17541 4.7862 0.73807 -0.10986 3.5425 0.50982 0.86773 3.6295 0.57394 1.3849 2.1249 0.20304 2.0791 0.78317 0.51182 -1.0899 3.4847 0.45075 -1.3304 1.8803 0.25864 -1.577 0.56863 1.0309 0.78956 0.00046158 -0.0097824 1.0253 -2.0766 0.20168 1.0324 -3.0024 -1.3454 -0.78956 -0.00046206 0.0097826 -0.63241 -1.8841 0.92721 -0.27651 -3.5554 0.35197
5 50 0 0.48808 4.7833 0.62061 0.27889 3.546 0.45379 0.97011 3.5765 -0.24525 0.85983 2.0853 -0.90324 1.536 0.728 -1.1829 -0.40859 3.5448 1.1572 -0.60127 1.9383 1.3827 0.068297 0.82974 2.2196 0.58717 0.0075855 -0.52789 1.3045 -1.7676 0.33716 1.5733 -3.504 -0.067254 -0.58717 -0.007586 0.52789 -0.074686 -2.041 0.65718 -0.54454 -3.5072 -0.28122
5 55 132 0.15692 4.7833 -0.76479 0.12107 3.551 -0.47997 -0.81158 3.568 -0.79181 -1.3893 2.088 -0.41137 -2.0079 0.79912 -0.98913 1.0556 3.5633 -0.17362 1.3787 1.9661 -0.059172 1.7956 0.65538 -0.75627 -0.74226 -0.028985 -0.26777 -0.17714 -1.6985 -1.4112 -0.27026 -3.447 -1.8417 0.74226 0.028985 0.26777 0.49433 -2.0571 0.23378 -0.070332 -3.4271 1.261
5 67 180 -0.034112 4.7216 -1.0519 0.067331 3.5219 -0.66427 -0.83365 3.3999 -1.0394 -1.4378 1.8891 -1.1855 -1.9316 0.71191 -2.0504 0.96722 3.6726 -0.29706 1.327 2.1198 0.060615 1.9209 0.8232 -0.52574 -0.73263 -0.021945 -0.29371 -0.46362 -2.0136 -0.90636 -0.76941 -3.6488 -0.21111 0.73263 0.021945 0.29371 1.0569 -1.8482 -0.60717 0.43806 -3.3493 0.17687
5 81 36 -0.24709 4.7885 0.69095 -0.18553 3.546 0.46181 0.77202 3.6292 0.67047 1.4103 2.1384 0.47341 1.7819 0.86461 1.259 -1.1462 3.492 0.25786 -1.3287 1.8765 0.098129 -1.5758 0.49149 0.72923 0.78453 0.0066929 0.08929 0.84238 -2.0931 0.13276 0.78736 -3.1457 -1.3301 -0.78453 -0.0066929 -0.08929 -0.70286 -1.9072 0.80272 -0.2155 -3.5476 0.23487
5 84 240 0.043572 4.7842 -0.78133 0.065102 3.5444 -0.52762 -0.9031 3.6199 -0.37192 -1.3119 2.1368 0.17764 -2.0024 0.76492 0.039952 1.0342 3.4981 -0.6892 1.2447 1.8791 -0.74494 1.1627 0.60866 -1.615 -0.77355 0.01784 0.15747 -1.0165 -1.9762 -0.45809 -0.70368 -3.0442 0.96054 0.77355 -0.01784 -0.15747 0.37047 -1.9638 -0.8393 0.18491 -3.5418 0.013012
5 84 348 -0.75655 4.7842 0.2 -0.52191 3.5444 0.10113 -0.07464 3.6199 0.97383 0.57434 2.1368 1.1928 0.65676 0.76492 1.892 -0.97505 3.4981 -0.77059 -1.0931 1.8791 -0.95354 -1.8953 0.60866 -0.60675 0.3888 0.01784 0.68703 -0.12156 -1.9762 1.1083 1.131 -3.0442 0.37242 -0.3888 -0.01784 -0.68703 -0.9127 -1.9638 -0.092983 -0.044766 -3.5418 -0.17988
5 91 180 0.77102 4.779 -0.28375 0.55241 3.5416 -0.12658 0.040774 3.5672 -0.96619 -0.65964 2.0947 -1.066 -0.71184 0.73653 -1.7942 1.0695 3.5452 0.71007 1.3638 1.9435 0.83917 2.2741 0.81712 0.3098 -0.3696 0.020752 -0.69747 0.75345 -1.6756 -1.2223 0.76088 -3.4701 -1.3975 0.3696 -0.020752 0.69747 0.37327 -2.0908 0.33781 -0.67337 -3.5264 0.64501
5 102 24 -0.65313 4.7667 0.59388 -0.4949 3.5335 0.3521 0.034992 3.4515 1.1766 0.53463 1.9114 1.394 0.50293 0.57874 2.1691 -1.0287 3.6445 -0.46647 -1.0367 2.0893 -0.96631 -1.6436 0.67225 -0.93025 0.41276 0.0040302 0.67314 -0.42146 -1.8784 1.0912 0.017422 -3.618 0.91179 -0.41276 -0.0040298 -0.67314 -0.71912 -2.0785 -0.54223 0.66575 -2.9537 -1.2952
6 0 228 -0.32522 4.7141 -1.0059 -0.16011 3.4745 -0.80608 -1.1357 3.3527 -0.83495 -1.4291 1.8042 -0.40513 -1.9426 0.43396 -0.89128 0.81152 3.6253 -0.78258 1.4674 2.1336 -0.66665 2.1137 0.85687 -1.2411 -0.78946 -0.011706 0.01079 -0.72589 -1.9894 -0.69559 -1.1022 -3.7184 -0.34927 0.78946 0.011706 -0.01079 0.61354 -1.9967 -0.60199 0.88918 -3.6925 -0.054901
6 3 12 -0.55958 4.7089 0.93723 -0.50615 3.4697 0.68499 0.13764 3.3383 1.4168 0.67771 1.7971 1.3715 0.60395 0.43061 2.082 -1.1516 3.6301 -0.039649 -1.4319 2.1534 -0.67964 -2.297 0.88754 -0.84338 0.53904 -0.013711 0.57684 0.042374 -2.0204 0.95231 0.55114 -3.7428 0.79362 -0.53904 0.013711 -0.57684 -0.90016 -2.0012 -0.10336 -0.64072 -3.6837 -0.6973
6 6 60 0.15589 4.7207 1.0237 0.044824 3.4785 0.81071 1.0056 3.3448 0.97292 1.456 1.8024 0.67814 1.9352 0.50313 1.3564 -0.91259 3.6411 0.6549 -1.4421 2.1297 0.33268 -2.1398 0.80733 0.71004 0.77615 -0.021998 0.14357 0.57492 -2.0475 0.66413 0.78276 -3.7502 0.10862 -0.77615 0.021998 -0.14357 -0.81108 -2.023 0.33728 -0.69642 -3.6908 -0.33801
6 14 60 -0.26655 4.7529 0.90125 -0.18959 3.5058 0.70652 0.66407 3.4422 1.1909 1.1619 1.8879 1.2613 1.3406 0.66517 2.1836 -1.0441 3.5985 0.22848 -1.2407 2.029 -0.18 -1.8808 0.66799 0.15991 0.72481 -0.015932 0.31287 0.42751 -2.0872 0.50247 0.59522 -3.7375 -0.20394 -0.72481 0.015931 -0.31287 -1.039 -1.8212 0.65694 -0.74776 -3.5552 0.25797
6 24 204 0.82804 4.7565 -0.42546 0.6231 3.5107 -0.35699 0.15019 3.5078 -1.2194 -0.35977 1.9691 -1.4214 0.21788 0.74294 -2.1566 1.1014 3.5427 0.50185 0.98335 1.9683 0.92171 1.5173 0.52798 1.0559 -0.43295 0.0066936 -0.66031 -0.88787 -1.9873 -0.17927 -1.6591 -3.4816 0.4712 0.43295 -0.0066936 0.66031 1.3547 -1.7511 -0.06196 1.364 -3.5493 -0.19337
6 27 240 0.28264 4.7601 -0.85028 0.20989 3.5087 -0.68048 -0.69331 3.486 -1.0691 -1.2075 1.947 -0.87981 -1.5699 0.57633 -1.4862 1.1143 3.5607 -0.29753 1.3334 1.9704 0.005078 1.8788 0.6007 -0.4469 -0.74956 -0.0070906 -0.24821 -0.89161 -2.0492 0.22517 -1.3166 -3.2778 1.4745 0.74956 0.0070906 0.24821 0.9372 -1.8434 -0.72887 0.76457 -3.6327 -0.58896
6 29 144 0.88664 4.7545 0.27533 0.68867 3.5056 0.23314 1.0978 3.4568 -0.65995 0.92703 1.9251 -1.2016 1.5908 0.57495 -1.5395 0.28581 3.5835 1.127 0.021884 2.0003 1.4312 0.63249 0.72083 2.0376 0.29129 -0.0091043 -0.73387 0.28829 -2.1091 -0.79992 -1.0834 -3.0929 -1.4336 -0.29129 0.0091043 0.73387 0.56069 -1.9018 0.92584 0.29421 -3.6662 0.66747
6 31 180 0.86163 4.7541 -0.36215 0.67804 3.5087 -0.23109 0.41239 3.4404 -1.1756 -0.08576 1.913 -1.4717 0.38066 0.62525 -2.1802 0.94899 3.6062 0.70937 1.1264 2.0436 1.1519 2.1022 0.85074 1.1999 -0.20701 -0.005681 -0.76198 0.2363 -2.052 -0.93588 -1.2216 -3.0754 -0.65644 0.20701 0.005681 0.76198 0.89775 -1.948 0.41511 0.38143 -3.6751 0.37989
6 36 84 0.24252 4.7659 0.84296 0.12198 3.5206 0.65255 1.0768 3.4468 0.42856 1.3432 1.9195 -0.086103 2.0062 0.64584 0.47605 -0.82892 3.6234 0.88188 -1.301 2.1264 1.3345 -1.3511 1.1914 2.5596 0.78291 -0.0040016 -0.10265 0.86357 -1.7763 1.0229 0.92213 -3.5544 0.73029 -0.78291 0.0040011 0.10265 -0.54526 -2.0565 0.43747 -0.44125 -3.6675 -0.36545
6 37 192 0.7127 4.7706 -0.47526 0.56545 3.5245 -0.31135 0.068744 3.4527 -1.1572 -0.51336 1.9284 -1.2381 -0.23608 0.6214 -2.0078 1.0661 3.6254 0.52923 1.6591 2.1325 0.82644 2.8648 1.2386 0.47281 -0.32374 -0.0093427 -0.72014 0.72799 -1.7832 -1.1221 0.75071 -3.583 -1.2284 0.32374 0.0093431 0.72014 0.44937 -2.0709 0.45361 -0.36822 -3.6719 0.59278
6 40 324 -0.78298 4.7791 -0.23031 -0.57323 3.532 -0.206 -0.92657 3.4565 0.70878 -0.54847 1.95 1.2151 -1.0922 0.55444 1.5815 -0.22636 3.6366 -1.1204 -0.37695 2.1346 -1.7451 -1.4377 1.24 -2.4174 -0.36996 -0.016871 0.69738 -1.3125 -1.8224 0.18186 -1.9421 -3.4871 -0.1071 0.36996 0.016871 -0.69738 0.39314 -2.0723 -0.4757 1.0986 -3.6327 0.088642
6 43 156 0.76334 4.786 0.064156 0.56983 3.5365 0.083249 0.76107 3.4537 -0.87796 0.26793 1.9566 -1.3073 0.58068 0.5384 -1.8256 0.38452 3.6484 1.0427 0.46823 2.1144 1.5981 1.4383 1.017 2.0802 0.25308 -0.019608 -0.74771 1.2462 -1.8299 -0.35908 1.6949 -3.5724 -0.24384 -0.25308 0.019608 0.74771 -0.57832 -2.0412 0.49952 -1.531 -3.5076 0.0603
6 45 12 -0.65314 4.7858 0.36245 -0.52458 3.5343 0.23241 -0.13285 3.4488 1.1305 0.5093 1.9481 1.1964 0.56716 0.53871 1.8192 -0.91987 3.649 -0.66088 -1.1168 2.0969 -1.1311 -1.975 0.8162 -1.1611 0.23259 -0.0011201 0.75459 -0.79399 -1.8202 0.98147 -1.013 -3.6079 1.065 -0.23259 0.0011201 -0.75459 0.28169 -2.0352 -0.80965 1.4321 -3.3934 -1.0976
6 52 288 -0.24772 4.791 -0.69601 -0.16263 3.5403 -0.52924 -1.1115 3.4677 -0.28082 -1.5551 1.9197 -0.0058323 -2.3193 0.64757 -0.4247 0.7824 3.642 -0.78205 1.2886 2.0958 -0.63492 1.4895 0.69636 -1.2504 -0.75603 0.013187 0.22748 -0.77995 -1.9773 -0.44474 -0.56223 -3.7105 0.0018527 0.75603 -0.013186 -0.22748 0.67122 -2.0326 -0.80125 0.98531 -3.1844 0.54989
6 56 156 0.59915 4.7999 0.31921 0.4424 3.5466 0.2499 0.9422 3.4933 -0.59551 1.4015 1.9782 -0.99853 2.6139 1.0305 -0.90096 -0.052227 3.6292 1.096 -0.44656 2.0579 1.3064 0.014095 0.71356 1.9049 0.33728 0.022614 -0.7136 0.44358 -2.0562 -0.42824 -0.27592 -3.7004 -0.6008 -0.33728 -0.022614 0.7136 0.65766 -1.8373 1.0758 0.33362 -3.5963 0.84768
6 61 276 0.075666 4.8106 -0.59434 0.07074 3.5543 -0.44349 -0.91057 3.5376 -0.37927 -1.4949 2.0366 -0.65139 -1.7121 1.4662 -2.0675 1.0508 3.6005 -0.51214 1.4131 2.0158 -0.35052 1.6557 0.65904 -1.042 -0.77507 0.047941 0.14306 -0.48308 -1.9773 0.6201 -0.1529 -3.586 1.3644 0.77507 -0.047941 -0.14306 0.40331 -1.8265 -1.198 0.18489 -3.5595 -1.6451
6 62 192 0.59926 4.8096 0.036255 0.4534 3.5527 0.041103 0.26396 3.5454 -0.924 0.42984 2.0373 -1.5299 1.8058 1.4329 -1.8751 0.64698 3.5895 1.0047 0.53129 2.0028 1.376 1.215 0.63138 1.5475 -0.24437 0.054033 -0.74891 -0.77049 -1.9468 -0.38246 -1.5148 -3.5336 0.04035 0.24437 -0.054033 0.74891 1.238 -1.836 0.24714 1.5653 -3.5914 -0.0023107
6 73 108 0.22479 4.7956 0.65805 0.17626 3.5408 0.49582 1.0179 3.5719 -0.012217 1.2434 2.071 -0.61644 2.0151 0.73776 -0.68426 -0.66335 3.539 1.0081 -0.888 1.9569 1.3472 -0.57776 0.75409 2.2609 0.68075 0.0095348 -0.39998 1.101 -1.9164 0.32697 0.60846 -3.382 -0.60053 -0.68075 -0.0095353 0.39998 -0.18169 -2.0048 0.82931 -0.30271 -3.6549 0.11278
6 74 108 0.24795 4.7981 0.64079 0.18031 3.5435 0.48242 1.0168 3.5651 -0.034548 1.2084 2.0655 -0.65373 1.9965 0.74098 -0.70084 -0.65384 3.5513 1.0035 -0.86576 1.9811 1.4013 -0.49801 0.83592 2.3662 0.68278 0.007947 -0.39654 1.1292 -1.8575 0.46081 0.80349 -3.4796 -0.25584 -0.68278 -0.007947 0.39654 -0.21191 -2.024 0.75467 -0.35031 -3.6452 -0.022095
6 77 300 -0.40667 4.8079 -0.48827 -0.26245 3.5551 -0.3715 -0.97307 3.5418 0.30836 -0.94014 2.0281 0.922 -1.714 0.69991 1.0429 0.44415 3.5979 -1.0543 0.56555 2.0558 -1.5796 -0.13923 1.094 -2.5573 -0.60496 0.0042596 0.50744 -1.2023 -1.8033 -0.38146 -1.3696 -3.596 -0.47794 0.60496 -0.0042591 -0.50744 0.28371 -2.0804 -0.47953 0.57804 -3.6584 0.34148
