C0
15 150 204 -0.52192 4.9864 0.27317 -0.51994 3.6895 0.22565 -0.24816 3.6337 1.2105 -0.19401 1.9569 1.4811 -1.7731 2.237 1.513 -0.79726 3.7755 -0.75541 -0.61385 2.1519 -1.2227 -1.9789 1.965 -0.40125 0.24871 -0.0028062 0.78284 -0.36424 -2.0956 0.92807 0.1255 -3.8955 0.73181 -0.24871 0.0028062 -0.78284 -0.81254 -2.1087 -0.80262 0.080187 -3.7218 -1.1474
15 148 204 -0.47233 4.9895 0.24866 -0.49405 3.6937 0.20344 -0.23076 3.6278 1.1899 -0.52521 1.986 1.5152 -2.005 2.5999 1.4357 -0.76242 3.7899 -0.77917 -1.0491 2.1429 -1.0846 -2.3278 2.3223 -0.13291 0.2342 0.0013309 0.78731 -0.38955 -2.0892 0.91924 0.082836 -3.895 0.7351 -0.2342 -0.0013304 -0.78731 -0.76013 -2.1226 -0.80784 0.24772 -3.675 -1.1112
15 149 204 -0.50639 4.9864 0.25867 -0.51568 3.6904 0.21239 -0.25425 3.6269 1.1995 -0.33934 1.9553 1.4936 -1.8832 2.3893 1.4619 -0.78249 3.7843 -0.77087 -0.83017 2.1313 -1.1625 -2.1601 2.1281 -0.26578 0.23459 -9.5844e-05 0.78719 -0.38289 -2.0925 0.91935 0.10189 -3.8944 0.72998 -0.23459 9.6321e-05 -0.78719 -0.79699 -2.1118 -0.80853 0.17199 -3.685 -1.1309
15 150 204 -0.52192 4.9864 0.27317 -0.51994 3.6895 0.22565 -0.24816 3.6337 1.2105 -0.19401 1.9569 1.4811 -1.7731 2.237 1.513 -0.79726 3.7755 -0.75541 -0.61385 2.1519 -1.2227 -1.9789 1.965 -0.40125 0.24871 -0.0028062 0.78284 -0.36424 -2.0956 0.92807 0.1255 -3.8955 0.73181 -0.24871 0.0028062 -0.78284 -0.81254 -2.1087 -0.80262 0.080187 -3.7218 -1.1474
15 151 204 -0.51567 4.9902 0.26978 -0.50302 3.6921 0.23156 -0.21879 3.6449 1.2133 -0.12225 1.9722 1.4969 -1.7066 2.2052 1.5888 -0.79287 3.7695 -0.7466 -0.47859 2.1859 -1.2771 -1.8588 1.8929 -0.51409 0.26619 -0.0040751 0.77706 -0.3462 -2.0959 0.93898 0.14672 -3.8944 0.73885 -0.26619 0.0040751 -0.77706 -0.82329 -2.1093 -0.78691 -0.023825 -3.7654 -1.1558
15 152 204 -0.50868 4.9908 0.2689 -0.49469 3.6931 0.2301 -0.19575 3.6426 1.2073 -0.16073 1.9785 1.5499 -1.7287 2.2933 1.6742 -0.79925 3.7738 -0.74331 -0.51016 2.2003 -1.3164 -1.9018 1.9578 -0.55639 0.28545 -0.0010414 0.77021 -0.33135 -2.0895 0.95603 0.15511 -3.8899 0.75649 -0.28545 0.0010409 -0.77021 -0.83247 -2.1149 -0.75499 -0.10213 -3.7987 -1.1415
15 153 204 -0.47946 4.9965 0.24028 -0.46991 3.6973 0.2038 -0.17026 3.6516 1.181 -0.28738 2.0109 1.6079 -1.8102 2.4968 1.7411 -0.77491 3.7732 -0.76986 -0.6519 2.1829 -1.356 -2.0374 2.1417 -0.54889 0.295 0.0053072 0.76658 -0.32112 -2.0821 0.96661 0.15718 -3.8856 0.77611 -0.295 -0.0053072 -0.76658 -0.81062 -2.1289 -0.72978 -0.096388 -3.8183 -1.1218
C1
15 150 0 0.58791 4.9864 -0.037265 0.56677 3.6895 0.0053308 0.71905 3.6337 -1.0049 0.77965 1.9569 -1.2741 2.2352 2.237 -0.66103 0.42108 3.7755 1.0144 0.063479 2.1519 1.3666 1.6446 1.965 1.1714 0.091196 -0.0028062 -0.81632 0.71023 -2.0956 -0.69968 0.183 -3.8955 -0.71958 -0.091196 0.0028062 0.81632 0.41584 -2.1087 1.0637 -0.53993 -3.7218 1.0156
15 148 0 0.53263 4.9895 -0.035046 0.53408 3.6937 0.015094 0.69479 3.6278 -0.99319 1.0961 1.986 -1.1706 2.4156 2.5999 -0.49603 0.37959 3.7899 1.0219 0.51726 2.1429 1.4175 2.0725 2.3223 1.0682 0.10628 0.0013309 -0.8145 0.72976 -2.0892 -0.68132 0.22332 -3.895 -0.70524 -0.10628 -0.0013304 0.8145 0.36583 -2.1226 1.0472 -0.67827 -3.675 0.91439
15 149 0 0.56782 4.9864 -0.030342 0.55748 3.6904 0.015719 0.72015 3.6269 -0.9924 0.91749 1.9553 -1.2264 2.315 2.3893 -0.56951 0.4013 3.7843 1.0225 0.28556 2.1313 1.3997 1.8653 2.1281 1.1214 0.10587 -9.5844e-05 -0.81455 0.72371 -2.0925 -0.68413 0.20383 -3.8944 -0.70831 -0.10587 9.6321e-05 0.81455 0.39922 -2.1118 1.0628 -0.61709 -3.685 0.96314
15 150 0 0.58791 4.9864 -0.037265 0.56677 3.6895 0.0053308 0.71905 3.6337 -1.0049 0.77965 1.9569 -1.2741 2.2352 2.237 -0.66103 0.42108 3.7755 1.0144 0.063479 2.1519 1.3666 1.6446 1.965 1.1714 0.091196 -0.0028062 -0.81632 0.71023 -2.0956 -0.69968 0.183 -3.8955 -0.71958 -0.091196 0.0028062 0.81632 0.41584 -2.1087 1.0637 -0.53993 -3.7218 1.0156
15 151 0 0.58082 4.9902 -0.036714 0.55372 3.6921 -0.0069454 0.69336 3.6449 -1.0194 0.72053 1.9722 -1.3178 2.2053 2.2052 -0.75734 0.42066 3.7695 1.0045 -0.082232 2.1859 1.3614 1.489 1.8929 1.2257 0.072883 -0.0040751 -0.81815 0.69819 -2.0959 -0.71698 0.16649 -3.8944 -0.73465 -0.072883 0.0040751 0.81815 0.43205 -2.1093 1.0537 -0.44835 -3.7654 1.0656
15 152 0 0.57408 4.9908 -0.038753 0.54551 3.6931 -0.0090005 0.66987 3.6426 -1.0233 0.77724 1.9785 -1.3505 2.2602 2.2933 -0.82638 0.42783 3.7738 1.0041 -0.06936 2.2003 1.4101 1.511 1.9578 1.2818 0.052501 -0.0010414 -0.81972 0.69156 -2.0895 -0.7386 0.16599 -3.8899 -0.75417 -0.052501 0.0010409 0.81972 0.45341 -2.1149 1.0283 -0.37098 -3.7987 1.0843
15 153 0 0.53573 4.9965 -0.024491 0.51218 3.6973 0.0049481 0.6359 3.6516 -1.0097 0.91652 2.0109 -1.352 2.3619 2.4968 -0.85428 0.39479 3.7732 1.0185 0.043992 2.1829 1.5039 1.638 2.1417 1.3301 0.042297 0.0053072 -0.82029 0.68651 -2.0821 -0.75243 0.17208 -3.8856 -0.77295 -0.042296 -0.0053072 0.82029 0.44371 -2.1289 0.9964 -0.36821 -3.8183 1.064
15 154 0 0.47866 5.0054 -0.012521 0.45887 3.7042 0.018142 0.58208 3.6609 -0.99662 1.0946 2.0773 -1.3395 2.4659 2.7626 -0.86768 0.34158 3.7779 1.0319 0.23875 2.174 1.5841 1.8091 2.4153 1.3636 0.04508 0.0082979 -0.82012 0.68373 -2.0808 -0.75377 0.17678 -3.8862 -0.79216 -0.04508 -0.0082979 0.82012 0.42018 -2.1386 0.96883 -0.37124 -3.8378 1.0337
C2
15 149 276 0.08953 4.9864 0.56154 0.042639 3.6904 0.55607 1.0622 3.6269 0.61248 1.3156 1.9553 0.78427 0.80838 2.3893 2.2428 -0.97495 3.7843 0.50598 -1.3622 2.1313 0.4303 -0.92029 2.1281 1.9723 0.82115 -9.5844e-05 0.020146 0.75603 -2.0925 0.64824 0.72574 -3.8944 0.12868 -0.82115 9.6321e-05 -0.020146 -1.0152 -2.1118 0.50813 -1.0224 -3.685 -0.51303
15 147 276 0.10349 4.9913 0.48408 0.053249 3.6967 0.50941 1.0735 3.6305 0.54757 1.2443 2.0474 1.1414 0.71922 2.7922 2.4614 -0.9648 3.7932 0.47698 -1.3274 2.1831 0.88175 -0.77595 2.5108 2.3519 0.82129 -0.0012894 0.013507 0.75894 -2.0902 0.65324 0.73242 -3.8997 0.16049 -0.82129 0.0012889 -0.013507 -0.97325 -2.1368 0.4134 -0.94159 -3.7009 -0.62127
15 148 276 0.090529 4.9895 0.52605 0.040816 3.6937 0.53273 1.0604 3.6278 0.58717 1.2788 1.986 0.96773 0.74581 2.5999 2.3505 -0.97663 3.7899 0.48432 -1.3557 2.1429 0.66259 -0.84573 2.3223 2.1728 0.82114 0.0013309 0.020556 0.75387 -2.0892 0.65455 0.72472 -3.895 0.14838 -0.82114 -0.0013304 -0.020556 -1.0032 -2.1226 0.47329 -0.98028 -3.675 -0.57898
15 149 276 0.08953 4.9864 0.56154 0.042639 3.6904 0.55607 1.0622 3.6269 0.61248 1.3156 1.9553 0.78427 0.80838 2.3893 2.2428 -0.97495 3.7843 0.50598 -1.3622 2.1313 0.4303 -0.92029 2.1281 1.9723 0.82115 -9.5844e-05 0.020146 0.75603 -2.0925 0.64824 0.72574 -3.8944 0.12868 -0.82115 9.6321e-05 -0.020146 -1.0152 -2.1118 0.50813 -1.0224 -3.685 -0.51303
15 150 264 -0.024393 4.9864 0.58858 -0.064545 3.6895 0.5631 0.9242 3.6337 0.82014 1.1856 1.9569 0.90856 0.42377 2.237 2.292 -1.0528 3.7755 0.31274 -1.3658 2.1519 -0.079722 -1.3369 1.965 1.5131 0.80231 -0.0028062 0.17602 0.62161 -2.0956 0.77947 0.69651 -3.8955 0.25722 -0.80231 0.0028062 -0.17602 -1.1014 -2.1087 0.30237 -0.95356 -3.7218 -0.64313
15 150 276 0.098514 4.9864 0.58079 0.053942 3.6895 0.56422 1.0745 3.6337 0.61007 1.3486 1.9569 0.64219 0.89105 2.237 2.1538 -0.96481 3.7755 0.52481 -1.3525 2.1519 0.20598 -0.99312 1.965 1.758 0.82138 -0.0028062 0.0053676 0.77009 -2.0956 0.6332 0.73477 -3.8955 0.10678 -0.82138 0.0028062 -0.0053676 -1.0144 -2.1087 0.52475 -1.0664 -3.7218 -0.43082
15 151 264 -0.024199 4.9902 0.58147 -0.050972 3.6921 0.55141 0.94135 3.6449 0.79612 1.2352 1.9722 0.85433 0.52267 2.2052 2.2724 -1.043 3.7695 0.31335 -1.3453 2.1859 -0.22408 -1.3746 1.8929 1.3527 0.80605 -0.0040751 0.158 0.64007 -2.0959 0.76931 0.71322 -3.8944 0.24237 -0.80605 0.0040751 -0.158 -1.0931 -2.1093 0.31953 -1.0129 -3.7654 -0.55727
15 151 276 0.097225 4.9902 0.5738 0.064787 3.6921 0.54996 1.0863 3.6449 0.58301 1.3859 1.9722 0.57883 0.98371 2.2052 2.114 -0.95507 3.7695 0.52336 -1.3625 2.1859 0.060518 -1.0633 1.8929 1.6089 0.82129 -0.0040751 -0.013036 0.78604 -2.0959 0.61942 0.74803 -3.8944 0.088783 -0.82129 0.0040751 0.013036 -1.0028 -2.1093 0.53982 -1.1066 -3.7654 -0.33451
15 152 264 -0.021467 4.9908 0.57498 -0.04807 3.6931 0.54346 0.94767 3.6426 0.77316 1.2619 1.9785 0.91415 0.5856 2.2933 2.3342 -1.0434 3.7738 0.32052 -1.3951 2.2003 -0.21637 -1.4327 1.9578 1.3688 0.80974 -0.0010414 0.1379 0.66227 -2.0895 0.76497 0.73269 -3.8899 0.24392 -0.80974 0.0010409 -0.1379 -1.0701 -2.1149 0.34344 -1.0396 -3.7987 -0.48229
15 152 276 0.098548 4.9908 0.56688 0.065972 3.6931 0.54158 1.0877 3.6426 0.55924 1.4244 1.9785 0.63181 1.0581 2.2933 2.1614 -0.95391 3.7738 0.53044 -1.4096 2.2003 0.078413 -1.1168 1.9578 1.6367 0.82072 -0.0010414 -0.033471 0.80685 -2.0895 0.61056 0.76739 -3.8899 0.086251 -0.82072 0.0010409 0.033471 -0.97529 -2.1149 0.55842 -1.1172 -3.7987 -0.25561
15 153 264 -0.031643 4.9965 0.53536 -0.058458 3.6973 0.50885 0.93765 3.6516 0.73795 1.2488 2.0109 1.0528 0.60272 2.4968 2.4383 -1.0542 3.7732 0.28617 -1.5003 2.1829 -0.11345 -1.4941 2.1417 1.49 0.81138 0.0053072 0.12781 0.67654 -2.0821 0.7614 0.75072 -3.8856 0.25194 -0.81138 -0.0053072 -0.12781 -1.0373 -2.1289 0.33713 -1.0197 -3.8183 -0.4774
15 153 276 0.080356 4.9965 0.53024 0.048616 3.6973 0.50989 1.0706 3.6516 0.52688 1.4404 2.0109 0.77018 1.0965 2.4968 2.2597 -0.97164 3.7732 0.49909 -1.4911 2.1829 0.20096 -1.1516 2.1417 1.7681 0.82022 0.0053072 -0.043679 0.82006 -2.0821 0.6041 0.7867 -3.8856 0.090347 -0.82022 -0.0053072 0.043679 -0.94456 -2.1289 0.54543 -1.0966 -3.8183 -0.25497
C3
15 148 84 0.020821 4.9895 -0.53338 0.070838 3.6937 -0.52958 -0.91512 3.6278 -0.7948 -1.0496 1.986 -1.2124 -0.24081 2.5999 -2.4542 1.056 3.7899 -0.27069 1.4638 2.1429 -0.36625 1.279 2.3223 -1.9495 -0.79892 0.0013309 -0.19083 -0.6013 -2.0892 -0.79698 -0.67804 -3.895 -0.29581 0.79892 -0.0013304 0.19083 1.0797 -2.1226 -0.25437 0.83848 -3.675 0.77014
15 148 72 0.13126 4.9895 -0.51739 0.1794 3.6937 -0.50328 -0.72988 3.6278 -0.9677 -0.77459 1.986 -1.4042 0.27471 2.5999 -2.4506 1.0892 3.7899 -0.045221 1.508 2.1429 -0.053905 1.6564 2.3223 -1.641 -0.74179 0.0013309 -0.35277 -0.42246 -2.0892 -0.90458 -0.60172 -3.895 -0.43032 0.74179 -0.0013304 0.35277 1.109 -2.1226 -0.024333 0.66004 -3.675 0.92764
15 148 84 0.020821 4.9895 -0.53338 0.070838 3.6937 -0.52958 -0.91512 3.6278 -0.7948 -1.0496 1.986 -1.2124 -0.24081 2.5999 -2.4542 1.056 3.7899 -0.27069 1.4638 2.1429 -0.36625 1.279 2.3223 -1.9495 -0.79892 0.0013309 -0.19083 -0.6013 -2.0892 -0.79698 -0.67804 -3.895 -0.29581 0.79892 -0.0013304 0.19083 1.0797 -2.1226 -0.25437 0.83848 -3.675 0.77014
15 149 72 0.14661 4.9864 -0.54941 0.18722 3.6904 -0.52534 -0.72128 3.6269 -0.99157 -0.88287 1.9553 -1.2516 0.17374 2.3893 -2.3777 1.0965 3.7843 -0.065689 1.4194 2.1313 0.16094 1.6429 2.1281 -1.4274 -0.74197 -9.5844e-05 -0.3524 -0.42701 -2.0925 -0.8997 -0.61066 -3.8944 -0.41274 0.74197 9.6321e-05 0.3524 1.1341 -2.1118 -0.051263 0.72531 -3.685 0.88451
15 149 84 0.029177 4.9864 -0.56788 0.073906 3.6904 -0.55278 -0.91168 3.6269 -0.81994 -1.1238 1.9553 -1.0407 -0.32441 2.3893 -2.3619 1.0588 3.7843 -0.29222 1.4219 2.1313 -0.13769 1.3102 2.1281 -1.7378 -0.79902 -9.5844e-05 -0.19043 -0.60473 -2.0925 -0.79126 -0.68312 -3.8944 -0.27676 0.79902 9.6321e-05 0.19043 1.0987 -2.1118 -0.28595 0.89336 -3.685 0.71438
15 150 72 0.14623 4.9864 -0.57065 0.18021 3.6895 -0.53738 -0.73349 3.6337 -0.99437 -0.97084 1.9569 -1.1352 0.062027 2.237 -2.3301 1.0949 3.7755 -0.087011 1.3194 2.1519 0.36194 1.6223 1.965 -1.2021 -0.74818 -0.0028062 -0.33899 -0.44596 -2.0956 -0.89168 -0.62781 -3.8955 -0.39641 0.74818 0.0028062 0.33899 1.1402 -2.1087 -0.066778 0.79901 -3.7218 0.82733
15 150 84 0.024393 4.9864 -0.58858 0.064545 3.6895 -0.5631 -0.9242 3.6337 -0.82014 -1.1856 1.9569 -0.90856 -0.42377 2.237 -2.292 1.0528 3.7755 -0.31274 1.3658 2.1519 0.079722 1.3369 1.965 -1.5131 -0.80231 -0.0028062 -0.17602 -0.62161 -2.0956 -0.77947 -0.69651 -3.8955 -0.25722 0.80231 0.0028062 0.17602 1.1014 -2.1087 -0.30237 0.95356 -3.7218 0.64313
15 151 72 0.14456 4.9902 -0.56373 0.1645 3.6921 -0.52876 -0.75525 3.6449 -0.97444 -1.0306 1.9722 -1.0925 -0.038799 2.2052 -2.3314 1.0854 3.7695 -0.08965 1.2693 2.1859 0.49889 1.6258 1.8929 -1.0373 -0.75559 -0.0040751 -0.32214 -0.46614 -2.0959 -0.88558 -0.64725 -3.8944 -0.38536 0.75559 0.0040751 0.32214 1.1357 -2.1093 -0.085278 0.87488 -3.7654 0.75568
15 151 84 0.024199 4.9902 -0.58147 0.050972 3.6921 -0.55141 -0.94135 3.6449 -0.79612 -1.2352 1.9722 -0.85432 -0.52267 2.2052 -2.2724 1.043 3.7695 -0.31335 1.3453 2.1859 0.22408 1.3746 1.8929 -1.3527 -0.80605 -0.0040751 -0.158 -0.64007 -2.0959 -0.76931 -0.71322 -3.8944 -0.24237 0.80605 0.0040751 0.158 1.0931 -2.1093 -0.31953 1.0129 -3.7654 0.55727
15 152 72 0.14054 4.9908 -0.55796 0.16001 3.6931 -0.52159 -0.76621 3.6426 -0.9533 -1.0443 1.9785 -1.1565 -0.087499 2.2933 -2.4049 1.0872 3.7738 -0.096592 1.3196 2.2003 0.5017 1.686 1.9578 -1.041 -0.76338 -0.0010414 -0.30324 -0.48875 -2.0895 -0.88595 -0.66597 -3.8899 -0.39092 0.76338 0.0010409 0.30324 1.1181 -2.1149 -0.11345 0.91662 -3.7987 0.6879
15 152 84 0.021467 4.9908 -0.57498 0.04807 3.6931 -0.54346 -0.94767 3.6426 -0.77316 -1.2619 1.9785 -0.91415 -0.5856 2.2933 -2.3342 1.0434 3.7738 -0.32052 1.3951 2.2003 0.21637 1.4327 1.9578 -1.3688 -0.80974 -0.0010414 -0.1379 -0.66227 -2.0895 -0.76497 -0.73269 -3.8899 -0.24392 0.80974 0.0010409 0.1379 1.0701 -2.1149 -0.34344 1.0396 -3.7987 0.48229
15 153 72 0.14226 4.9965 -0.51708 0.16298 3.6973 -0.48558 -0.76373 3.6516 -0.91677 -1.0026 2.0109 -1.2894 -0.082601 2.4968 -2.5103 1.0906 3.7732 -0.06074 1.4439 2.1829 0.42291 1.7712 2.1417 -1.1468 -0.76708 0.0053072 -0.29371 -0.50345 -2.0821 -0.88543 -0.68194 -3.8856 -0.40252 0.76708 -0.0053072 0.29371 1.0847 -2.1289 -0.11409 0.89813 -3.8183 0.67897
15 153 84 0.031643 4.9965 -0.53536 0.058458 3.6973 -0.50885 -0.93765 3.6516 -0.73795 -1.2488 2.0109 -1.0528 -0.60272 2.4968 -2.4383 1.0542 3.7732 -0.28617 1.5003 2.1829 0.11345 1.4941 2.1417 -1.49 -0.81138 0.0053072 -0.12781 -0.67654 -2.0821 -0.7614 -0.75072 -3.8856 -0.25194 0.81138 -0.0053072 0.12781 1.0373 -2.1289 -0.33713 1.0197 -3.8183 0.4774
15 154 72 0.13601 5.0054 -0.4591 0.15905 3.7042 -0.4308 -0.76797 3.6609 -0.86157 -0.93569 2.0773 -1.4549 -0.063191 2.7626 -2.6134 1.0869 3.7779 -0.0059985 1.5804 2.174 0.26245 1.8559 2.4153 -1.2992 -0.76605 0.0082979 -0.2963 -0.5056 -2.0808 -0.88319 -0.69876 -3.8862 -0.41292 0.76605 -0.0082979 0.2963 1.0513 -2.1386 -0.10023 0.86838 -3.8378 0.6725
15 154 84 0.037581 5.0054 -0.47735 0.066007 3.7042 -0.45446 -0.93032 3.6609 -0.68307 -1.2177 2.0773 -1.2286 -0.60516 2.7626 -2.5431 1.0619 3.7779 -0.23185 1.6004 2.174 -0.071858 1.5452 2.4153 -1.6567 -0.81092 0.0082979 -0.13056 -0.67817 -2.0808 -0.75877 -0.76934 -3.8862 -0.25861 0.81092 -0.0082979 0.13056 1.0074 -2.1386 -0.31661 0.98922 -3.8378 0.47726
C4
15 148 132 -0.38244 4.9895 -0.37237 -0.34615 3.6937 -0.407 -1.203 3.6278 0.14824 -1.6033 1.986 -0.031275 -1.985 2.5999 -1.4632 0.50543 3.7899 -0.96588 0.7073 2.1429 -1.3329 -0.59292 2.3223 -2.2549 -0.6764 0.0013309 0.46603 -0.99462 -2.0892 -0.086429 -0.67353 -3.895 0.30594 0.6764 -0.0013304 -0.46603 0.53341 -2.1226 -0.97256 1.1334 -3.675 -0.10779
15 148 132 -0.38244 4.9895 -0.37237 -0.34615 3.6937 -0.407 -1.203 3.6278 0.14824 -1.6033 1.986 -0.031275 -1.985 2.5999 -1.4632 0.50543 3.7899 -0.96588 0.7073 2.1429 -1.3329 -0.59292 2.3223 -2.2549 -0.6764 0.0013309 0.46603 -0.99462 -2.0892 -0.086429 -0.67353 -3.895 0.30594 0.6764 -0.0013304 -0.46603 0.53341 -2.1226 -0.97256 1.1334 -3.675 -0.10779
15 149 132 -0.4025 4.9864 -0.40167 -0.36134 3.6904 -0.42481 -1.2194 3.6269 0.12886 -1.5253 1.9553 0.1388 -1.9723 2.3893 -1.3393 0.49134 3.7843 -0.98241 0.84909 2.1313 -1.1488 -0.41474 2.1281 -2.1365 -0.67617 -9.5844e-05 0.46636 -0.99267 -2.0925 -0.080052 -0.66277 -3.8944 0.32248 0.67617 9.6321e-05 -0.46636 0.52268 -2.1118 -1.0078 1.1287 -3.685 -0.18588
15 149 144 -0.47721 4.9864 -0.30921 -0.44177 3.6904 -0.3404 -1.1659 3.6269 0.37957 -1.4631 1.9553 0.4529 -2.2076 2.3893 -0.89998 0.27635 3.7843 -1.0631 0.59169 2.1313 -1.3002 -0.84988 2.1281 -2.0036 -0.56443 -9.5844e-05 0.59676 -0.98762 -2.0925 0.12808 -0.58124 -3.8944 0.45323 0.56443 9.6321e-05 -0.59676 0.30172 -2.1118 -1.0945 1.0654 -3.685 -0.41648
15 150 132 -0.42108 4.9864 -0.41197 -0.37528 3.6895 -0.42476 -1.2279 3.6337 0.13803 -1.4685 1.9569 0.27316 -1.9869 2.237 -1.2187 0.47207 3.7755 -0.99168 0.97314 2.1519 -0.96164 -0.22989 1.965 -2.006 -0.66766 -0.0028062 0.47845 -0.9952 -2.0956 -0.059623 -0.65721 -3.8955 0.3455 0.66766 0.0028062 -0.47845 0.51225 -2.1087 -1.0208 1.116 -3.7218 -0.2783
15 150 144 -0.49753 4.9864 -0.31542 -0.45539 3.6895 -0.33745 -1.1724 3.6337 0.39031 -1.3797 1.9569 0.57252 -2.1968 2.237 -0.77902 0.25558 3.7755 -1.0682 0.75194 2.1519 -1.1429 -0.64194 1.965 -1.9144 -0.5536 -0.0028062 0.60681 -0.98585 -2.0956 0.14859 -0.57101 -3.8955 0.47459 0.5536 0.0028062 -0.60681 0.28882 -2.1087 -1.105 1.0337 -3.7218 -0.50424
15 151 132 -0.41593 4.9902 -0.40706 -0.37567 3.6921 -0.40685 -1.2215 3.6449 0.16685 -1.4614 1.9722 0.34631 -2.0384 2.2052 -1.1321 0.46504 3.7695 -0.98478 1.0667 2.1859 -0.84981 -0.085459 1.8929 -1.9266 -0.65677 -0.0040751 0.49329 -1 -2.0959 -0.039099 -0.65735 -3.8944 0.36785 0.65677 0.0040751 -0.49329 0.49398 -2.1093 -1.0262 1.0919 -3.7654 -0.37982
15 151 144 -0.49147 4.9902 -0.31169 -0.45205 3.6921 -0.31985 -1.1601 3.6449 0.41717 -1.3575 1.9722 0.64259 -2.2293 2.2052 -0.68354 0.25013 3.7695 -1.0599 0.86671 2.1859 -1.053 -0.48416 1.8929 -1.8668 -0.53986 -0.0040751 0.61906 -0.98628 -2.0959 0.16967 -0.56651 -3.8944 0.49649 0.53986 0.0040751 -0.61906 0.26984 -2.1093 -1.1064 0.98905 -3.7654 -0.59854
15 152 132 -0.41293 4.9908 -0.40069 -0.37171 3.6931 -0.39937 -1.2087 3.6426 0.18691 -1.5237 1.9785 0.32609 -2.1265 2.2933 -1.1267 0.45994 3.7738 -0.98983 1.0943 2.2003 -0.89198 -0.058516 1.9578 -1.9806 -0.6443 -0.0010414 0.50948 -1.0116 -2.0895 -0.019705 -0.67153 -3.8899 0.38128 0.6443 0.0010409 -0.50948 0.4608 -2.1149 -1.025 1.0541 -3.7987 -0.44987
15 152 144 -0.48722 4.9908 -0.30608 -0.44662 3.6931 -0.31336 -1.1434 3.6426 0.43412 -1.4226 1.9785 0.63576 -2.3143 2.2933 -0.65994 0.2441 3.7738 -1.0638 0.88493 2.2003 -1.1 -0.46903 1.9578 -1.9252 -0.52429 -0.0010414 0.63231 -0.99362 -2.0895 0.19106 -0.57758 -3.8899 0.51257 0.52429 0.0010409 -0.63231 0.23761 -2.1149 -1.0984 0.93749 -3.7987 -0.65919
15 153 132 -0.37668 4.9965 -0.38174 -0.33904 3.6973 -0.38393 -1.1758 3.6516 0.20303 -1.618 2.0109 0.22355 -2.2153 2.4968 -1.1836 0.49271 3.7732 -0.97489 1.0882 2.1829 -1.039 -0.10758 2.1417 -2.1073 -0.6379 0.0053072 0.51745 -1.0185 -2.0821 -0.0067085 -0.68956 -3.8856 0.38932 0.6379 -0.0053072 -0.51745 0.44357 -2.1289 -0.99646 1.0371 -3.8183 -0.43831
15 153 144 -0.44781 4.9965 -0.29508 -0.41145 3.6973 -0.30505 -1.1079 3.6516 0.44305 -1.5362 2.0109 0.55506 -2.413 2.4968 -0.69717 0.27926 3.7732 -1.056 0.84841 2.1829 -1.2426 -0.54337 2.1417 -2.0389 -0.51638 0.0053072 0.63877 -0.99767 -2.0821 0.2052 -0.59355 -3.8856 0.52418 0.51638 -0.0053072 -0.63877 0.2267 -2.1289 -1.0669 0.92328 -3.8183 -0.64435
C5
15 148 312 0.38244 4.9895 0.37237 0.34615 3.6937 0.407 1.203 3.6278 -0.14824 1.6033 1.986 0.031275 1.985 2.5999 1.4632 -0.50543 3.7899 0.96588 -0.7073 2.1429 1.3329 0.59292 2.3223 2.2549 0.6764 0.0013309 -0.46603 0.99462 -2.0892 0.086429 0.67353 -3.895 -0.30594 -0.6764 -0.0013304 0.46603 -0.53341 -2.1226 0.97256 -1.1334 -3.675 0.10779
15 147 312 0.36826 4.9913 0.3308 0.3425 3.6967 0.38082 1.1904 3.6305 -0.18801 1.6775 2.0474 0.192 2.0286 2.7922 1.5686 -0.50018 3.7932 0.95298 -0.55565 2.1831 1.4936 0.75466 2.5108 2.3588 0.67238 -0.0012894 -0.47181 0.99796 -2.0902 0.082385 0.68687 -3.8997 -0.30066 -0.67238 0.0012889 0.47181 -0.54439 -2.1368 0.90651 -1.1269 -3.7009 0.050834
15 148 312 0.38244 4.9895 0.37237 0.34615 3.6937 0.407 1.203 3.6278 -0.14824 1.6033 1.986 0.031275 1.985 2.5999 1.4632 -0.50543 3.7899 0.96588 -0.7073 2.1429 1.3329 0.59292 2.3223 2.2549 0.6764 0.0013309 -0.46603 0.99462 -2.0892 0.086429 0.67353 -3.895 -0.30594 -0.6764 -0.0013304 0.46603 -0.53341 -2.1226 0.97256 -1.1334 -3.675 0.10779
15 149 312 0.4025 4.9864 0.40167 0.36134 3.6904 0.42481 1.2194 3.6269 -0.12886 1.5253 1.9553 -0.1388 1.9723 2.3893 1.3393 -0.49134 3.7843 0.98241 -0.84909 2.1313 1.1488 0.41474 2.1281 2.1365 0.67617 -9.5844e-05 -0.46636 0.99267 -2.0925 0.080052 0.66277 -3.8944 -0.32248 -0.67617 9.6321e-05 0.46636 -0.52268 -2.1118 1.0078 -1.1287 -3.685 0.18588
15 149 324 0.47721 4.9864 0.30921 0.44177 3.6904 0.3404 1.1659 3.6269 -0.37957 1.4631 1.9553 -0.4529 2.2076 2.3893 0.89998 -0.27635 3.7843 1.0631 -0.59169 2.1313 1.3002 0.84988 2.1281 2.0036 0.56443 -9.5844e-05 -0.59676 0.98762 -2.0925 -0.12808 0.58124 -3.8944 -0.45323 -0.56443 9.6321e-05 0.59676 -0.30172 -2.1118 1.0945 -1.0654 -3.685 0.41648
15 150 312 0.42108 4.9864 0.41197 0.37528 3.6895 0.42476 1.2279 3.6337 -0.13803 1.4685 1.9569 -0.27317 1.9869 2.237 1.2187 -0.47207 3.7755 0.99168 -0.97314 2.1519 0.96164 0.22989 1.965 2.006 0.66766 -0.0028062 -0.47845 0.9952 -2.0956 0.059623 0.65721 -3.8955 -0.3455 -0.66766 0.0028062 0.47845 -0.51225 -2.1087 1.0208 -1.116 -3.7218 0.2783
15 150 324 0.49753 4.9864 0.31542 0.45539 3.6895 0.33745 1.1724 3.6337 -0.39031 1.3797 1.9569 -0.57252 2.1968 2.237 0.77902 -0.25558 3.7755 1.0682 -0.75194 2.1519 1.1429 0.64194 1.965 1.9144 0.5536 -0.0028062 -0.60681 0.98585 -2.0956 -0.14859 0.57101 -3.8955 -0.47459 -0.5536 0.0028062 0.60681 -0.28882 -2.1087 1.105 -1.0337 -3.7218 0.50424
15 151 312 0.41593 4.9902 0.40706 0.37567 3.6921 0.40685 1.2215 3.6449 -0.16685 1.4614 1.9722 -0.34631 2.0384 2.2052 1.1321 -0.46504 3.7695 0.98478 -1.0667 2.1859 0.84981 0.085459 1.8929 1.9266 0.65677 -0.0040751 -0.49329 1 -2.0959 0.039099 0.65735 -3.8944 -0.36785 -0.65677 0.0040751 0.49329 -0.49398 -2.1093 1.0262 -1.0919 -3.7654 0.37982
15 151 324 0.49147 4.9902 0.31169 0.45205 3.6921 0.31985 1.1601 3.6449 -0.41717 1.3575 1.9722 -0.64259 2.2293 2.2052 0.68354 -0.25013 3.7695 1.0599 -0.86671 2.1859 1.053 0.48416 1.8929 1.8668 0.53986 -0.0040751 -0.61906 0.98628 -2.0959 -0.16967 0.56651 -3.8944 -0.49649 -0.53986 0.0040751 0.61906 -0.26984 -2.1093 1.1064 -0.98905 -3.7654 0.59854
15 152 312 0.41293 4.9908 0.40069 0.37171 3.6931 0.39937 1.2087 3.6426 -0.18691 1.5237 1.9785 -0.32609 2.1265 2.2933 1.1267 -0.45994 3.7738 0.98983 -1.0943 2.2003 0.89198 0.058516 1.9578 1.9806 0.6443 -0.0010414 -0.50948 1.0116 -2.0895 0.019705 0.67153 -3.8899 -0.38128 -0.6443 0.0010409 0.50948 -0.4608 -2.1149 1.025 -1.0541 -3.7987 0.44987
15 152 324 0.48722 4.9908 0.30608 0.44662 3.6931 0.31336 1.1434 3.6426 -0.43412 1.4226 1.9785 -0.63576 2.3143 2.2933 0.65994 -0.2441 3.7738 1.0638 -0.88493 2.2003 1.1 0.46903 1.9578 1.9252 0.52429 -0.0010414 -0.63231 0.99362 -2.0895 -0.19106 0.57758 -3.8899 -0.51257 -0.52429 0.0010409 0.63231 -0.23761 -2.1149 1.0984 -0.93749 -3.7987 0.65919
15 153 312 0.37668 4.9965 0.38174 0.33904 3.6973 0.38393 1.1758 3.6516 -0.20303 1.618 2.0109 -0.22355 2.2153 2.4968 1.1836 -0.49271 3.7732 0.97489 -1.0882 2.1829 1.039 0.10758 2.1417 2.1073 0.6379 0.0053072 -0.51745 1.0185 -2.0821 0.0067084 0.68956 -3.8856 -0.38932 -0.6379 -0.0053072 0.51745 -0.44357 -2.1289 0.99646 -1.0371 -3.8183 0.43831
15 153 324 0.44781 4.9965 0.29508 0.41145 3.6973 0.30505 1.1079 3.6516 -0.44305 1.5362 2.0109 -0.55506 2.413 2.4968 0.69717 -0.27926 3.7732 1.056 -0.84841 2.1829 1.2426 0.54337 2.1417 2.0389 0.51638 0.0053072 -0.63877 0.99767 -2.0821 -0.2052 0.59355 -3.8856 -0.52418 -0.51638 -0.0053072 0.63877 -0.2267 -2.1289 1.0669 -0.92328 -3.8183 0.64435
C6
15 150 180 -0.58791 4.9864 0.037265 -0.56677 3.6895 -0.0053308 -0.71905 3.6337 1.0049 -0.77965 1.9569 1.2741 -2.2352 2.237 0.66103 -0.42108 3.7755 -1.0144 -0.063479 2.1519 -1.3666 -1.6446 1.965 -1.1714 -0.091196 -0.0028062 0.81632 -0.71023 -2.0956 0.69968 -0.183 -3.8955 0.71958 0.091196 0.0028062 -0.81632 -0.41584 -2.1087 -1.0637 0.53993 -3.7218 -1.0156
15 148 168 -0.52828 4.9895 -0.07646 -0.51927 3.6937 -0.12581 -0.8861 3.6278 0.82703 -1.3155 1.986 0.91712 -2.4659 2.5999 -0.01704 -0.15882 3.7899 -1.0785 -0.21124 2.1429 -1.4941 -1.8051 2.3223 -1.4758 -0.2733 0.0013309 0.7746 -0.85547 -2.0892 0.5147 -0.36507 -3.895 0.6434 0.2733 -0.0013304 -0.7746 -0.14012 -2.1226 -1.1003 0.85356 -3.675 -0.75339
15 148 180 -0.53263 4.9895 0.035046 -0.53408 3.6937 -0.015094 -0.69479 3.6278 0.99319 -1.0961 1.986 1.1706 -2.4156 2.5999 0.49603 -0.37959 3.7899 -1.0219 -0.51726 2.1429 -1.4175 -2.0725 2.3223 -1.0682 -0.10628 0.0013309 0.8145 -0.72976 -2.0892 0.68132 -0.22332 -3.895 0.70524 0.10628 -0.0013304 -0.8145 -0.36583 -2.1226 -1.0472 0.67827 -3.675 -0.91439
15 149 168 -0.56172 4.9864 -0.088378 -0.54203 3.6904 -0.13128 -0.91075 3.6269 0.82098 -1.1524 1.9553 1.0089 -2.3828 2.3893 0.075751 -0.17994 3.7843 -1.0836 0.011693 2.1313 -1.4285 -1.5913 2.1281 -1.4847 -0.27291 -9.5844e-05 0.77474 -0.85014 -2.0925 0.51871 -0.34664 -3.8944 0.65045 0.27291 9.6321e-05 -0.77474 -0.16953 -2.1118 -1.1226 0.80385 -3.685 -0.81379
15 149 180 -0.56782 4.9864 0.030342 -0.55748 3.6904 -0.015719 -0.72015 3.6269 0.9924 -0.91749 1.9553 1.2264 -2.315 2.3893 0.56951 -0.4013 3.7843 -1.0225 -0.28556 2.1313 -1.3997 -1.8653 2.1281 -1.1214 -0.10587 -9.5844e-05 0.81455 -0.72371 -2.0925 0.68413 -0.20383 -3.8944 0.70831 0.10587 9.6321e-05 -0.81455 -0.39922 -2.1118 -1.0628 0.61709 -3.685 -0.96314
15 150 168 -0.58281 4.9864 -0.085783 -0.55327 3.6895 -0.12305 -0.91226 3.6337 0.83341 -1.0275 1.9569 1.0842 -2.3238 2.237 0.18187 -0.20098 3.7755 -1.0798 0.22205 2.1519 -1.35 -1.3651 1.965 -1.4878 -0.25892 -0.0028062 0.77952 -0.84018 -2.0956 0.53673 -0.32861 -3.8955 0.66581 0.25892 0.0028062 -0.77952 -0.18559 -2.1087 -1.1269 0.73928 -3.7218 -0.88111
15 150 180 -0.58791 4.9864 0.037265 -0.56677 3.6895 -0.0053308 -0.71905 3.6337 1.0049 -0.77965 1.9569 1.2741 -2.2352 2.237 0.66103 -0.42108 3.7755 -1.0144 -0.063479 2.1519 -1.3666 -1.6446 1.965 -1.1714 -0.091196 -0.0028062 0.81632 -0.71023 -2.0956 0.69968 -0.183 -3.8955 0.71958 0.091196 0.0028062 -0.81632 -0.41584 -2.1087 -1.0637 0.53993 -3.7218 -1.0156
15 151 168 -0.57576 4.9902 -0.084846 -0.54306 3.6921 -0.10833 -0.89016 3.6449 0.85297 -0.97876 1.9722 1.1392 -2.3146 2.2052 0.28228 -0.20261 3.7695 -1.07 0.36348 2.1859 -1.3145 -1.2016 1.8929 -1.5085 -0.24139 -0.0040751 0.78512 -0.832 -2.0959 0.55615 -0.31559 -3.8944 0.68398 0.24139 0.0040751 -0.78512 -0.20352 -2.1093 -1.1205 0.66009 -3.7654 -0.94908
15 151 180 -0.58082 4.9902 0.036714 -0.55372 3.6921 0.0069454 -0.69336 3.6449 1.0194 -0.72053 1.9722 1.3178 -2.2053 2.2052 0.75734 -0.42066 3.7695 -1.0045 0.082232 2.1859 -1.3614 -1.489 1.8929 -1.2257 -0.072883 -0.0040751 0.81815 -0.69819 -2.0959 0.71698 -0.16649 -3.8944 0.73465 0.072883 0.0040751 -0.81815 -0.43205 -2.1093 -1.0537 0.44835 -3.7654 -1.0656
15 152 168 -0.56959 4.9908 -0.081451 -0.53546 3.6931 -0.10461 -0.86799 3.6426 0.86166 -1.0411 1.9785 1.1594 -2.3826 2.2933 0.3384 -0.20971 3.7738 -1.0711 0.36101 2.2003 -1.3648 -1.2115 1.9578 -1.568 -0.22178 -0.0010414 0.79089 -0.83001 -2.0895 0.57868 -0.31917 -3.8899 0.70318 0.22178 0.0010409 -0.79089 -0.22971 -2.1149 -1.1001 0.58832 -3.7987 -0.98351
15 152 180 -0.57408 4.9908 0.038753 -0.54551 3.6931 0.0090006 -0.66987 3.6426 1.0233 -0.77724 1.9785 1.3505 -2.2602 2.2933 0.82638 -0.42783 3.7738 -1.0041 0.069359 2.2003 -1.4101 -1.511 1.9578 -1.2818 -0.052501 -0.0010414 0.81972 -0.69156 -2.0895 0.7386 -0.16599 -3.8899 0.75417 0.052501 0.0010409 -0.81972 -0.45341 -2.1149 -1.0283 0.37098 -3.7987 -1.0843
15 153 168 -0.52912 4.9965 -0.08743 -0.49996 3.6973 -0.11133 -0.83192 3.6516 0.85538 -1.1776 2.0109 1.1319 -2.4879 2.4968 0.34455 -0.17441 3.7732 -1.0783 0.26966 2.1829 -1.4802 -1.3257 2.1417 -1.6416 -0.21192 0.0053072 0.79357 -0.82795 -2.0821 0.59325 -0.32903 -3.8856 0.72028 0.21192 -0.0053072 -0.79357 -0.22685 -2.1289 -1.0669 0.58137 -3.8183 -0.96418
15 153 180 -0.53573 4.9965 0.024491 -0.51218 3.6973 -0.0049481 -0.6359 3.6516 1.0097 -0.91652 2.0109 1.352 -2.3619 2.4968 0.85428 -0.39479 3.7732 -1.0185 -0.043992 2.1829 -1.5039 -1.638 2.1417 -1.3301 -0.042297 0.0053072 0.82029 -0.68651 -2.0821 0.75243 -0.17208 -3.8856 0.77295 0.042296 -0.0053072 -0.82029 -0.44371 -2.1289 -0.9964 0.36821 -3.8183 -1.064
C7
15 153 336 0.49938 4.9965 0.19553 0.46589 3.6973 0.21284 0.99158 3.6516 -0.66372 1.3872 2.0109 -0.86231 2.5052 2.4968 0.18025 -0.053595 3.7732 1.091 -0.57152 2.1829 1.3918 0.95541 2.1417 1.8814 0.37228 0.0053072 -0.73217 0.9332 -2.0821 -0.40814 0.47159 -3.8856 -0.63613 -0.37228 -0.0053072 0.73217 7.6762e-05 -2.1289 1.0907 -0.76913 -3.8183 0.82223
15 147 324 0.42899 4.9913 0.24701 0.4142 3.6967 0.30129 1.1253 3.6305 -0.43139 1.6808 2.0474 -0.16098 2.3104 2.7922 1.1125 -0.29112 3.7932 1.0361 -0.23297 2.1831 1.5765 1.2286 2.5108 2.1504 0.55959 -0.0012894 -0.6013 0.99328 -2.0902 -0.1269 0.60935 -3.8997 -0.4369 -0.55959 0.0012889 0.6013 -0.34401 -2.1368 0.99989 -1.0917 -3.7009 0.28403
15 147 336 0.47097 4.9913 0.15242 0.46779 3.6967 0.20859 1.011 3.6305 -0.65592 1.6106 2.0474 -0.50691 2.4912 2.7922 0.60784 -0.069327 3.7932 1.074 0.099894 2.1831 1.5905 1.6488 2.5108 1.8479 0.42234 -0.0012894 -0.7045 0.94519 -2.0902 -0.33065 0.5052 -3.8997 -0.55404 -0.42234 0.0012889 0.7045 -0.12861 -2.1368 1.0496 -1.0088 -3.7009 0.5048
15 148 324 0.45151 4.9895 0.28472 0.42321 3.6937 0.32614 1.1459 3.6278 -0.39512 1.5748 1.986 -0.30276 2.2458 2.5999 1.0186 -0.29357 3.7899 1.0499 -0.41472 2.1429 1.4508 1.0488 2.3223 2.0824 0.56473 0.0013309 -0.59647 0.99086 -2.0892 -0.12225 0.5952 -3.895 -0.43929 -0.56473 -0.0013304 0.59647 -0.31955 -2.1226 1.0622 -1.0862 -3.675 0.34108
15 148 336 0.50084 4.9895 0.18462 0.48177 3.6937 0.23102 1.0387 3.6278 -0.62473 1.4774 1.986 -0.62357 2.4085 2.5999 0.52936 -0.068878 3.7899 1.0879 -0.10402 2.1429 1.5053 1.4588 2.3223 1.8188 0.42837 0.0013309 -0.70085 0.94379 -2.0892 -0.32559 0.49086 -3.895 -0.55344 -0.42837 -0.0013304 0.70085 -0.091719 -2.1226 1.1054 -0.99155 -3.675 0.55946
15 149 336 0.53107 4.9864 0.20324 0.50289 3.6904 0.24111 1.0615 3.6269 -0.61369 1.337 1.9553 -0.74721 2.3465 2.3893 0.42132 -0.049282 3.7843 1.0973 -0.30843 2.1313 1.3948 1.2479 2.1281 1.7831 0.42802 -9.5844e-05 -0.70107 0.93941 -2.0925 -0.33062 0.47431 -3.8944 -0.56417 -0.42802 9.6321e-05 0.70107 -0.067567 -2.1118 1.1333 -0.95548 -3.685 0.62888
15 150 336 0.55224 4.9864 0.20508 0.5156 3.6895 0.23539 1.0656 3.6337 -0.62553 1.2305 1.9569 -0.84686 2.3108 2.237 0.30524 -0.027909 3.7755 1.098 -0.49787 2.1519 1.2743 1.0259 1.965 1.7391 0.41534 -0.0028062 -0.70865 0.93341 -2.0956 -0.35032 0.45986 -3.8955 -0.58294 -0.41534 0.0028062 0.70865 -0.052767 -2.1087 1.1409 -0.90632 -3.7218 0.70815
15 151 336 0.54553 4.9902 0.2027 0.50867 3.6921 0.21887 1.048 3.6449 -0.64926 1.1942 1.9722 -0.91078 2.3227 2.2052 0.20511 -0.024292 3.7695 1.0888 -0.62883 2.1859 1.2102 0.86171 1.8929 1.7253 0.39935 -0.0040751 -0.71777 0.92945 -2.0959 -0.37102 0.4509 -3.8944 -0.60342 -0.39935 0.0040751 0.71777 -0.033899 -2.1093 1.1384 -0.84299 -3.7654 0.79109
15 152 336 0.54021 4.9908 0.1981 0.50201 3.6931 0.21366 1.0282 3.6426 -0.66236 1.2594 1.9785 -0.91765 2.4009 2.2933 0.16436 -0.017579 3.7738 1.0913 -0.63689 2.2003 1.2599 0.85904 1.9578 1.7856 0.38137 -0.0010414 -0.7275 0.93219 -2.0895 -0.39347 0.45839 -3.8899 -0.62146 -0.38137 0.0010409 0.7275 -0.0040406 -2.1149 1.1238 -0.77995 -3.7987 0.8397
15 153 336 0.49938 4.9965 0.19553 0.46589 3.6973 0.21284 0.99158 3.6516 -0.66372 1.3872 2.0109 -0.86231 2.5052 2.4968 0.18025 -0.053595 3.7732 1.091 -0.57152 2.1829 1.3918 0.95541 2.1417 1.8814 0.37228 0.0053072 -0.73217 0.9332 -2.0821 -0.40814 0.47159 -3.8856 -0.63613 -0.37228 -0.0053072 0.73217 7.6762e-05 -2.1289 1.0907 -0.76913 -3.8183 0.82223
C8
15 149 36 0.44154 4.9864 -0.35831 0.46025 3.6904 -0.31496 -0.00069919 3.6269 -1.2262 0.021397 1.9553 -1.5315 1.5381 2.3893 -1.8215 0.92567 3.7843 0.59134 1.0537 2.1313 0.96452 2.1682 2.1281 -0.18914 -0.39313 -9.5844e-05 -0.72121 0.18338 -2.0925 -0.97886 -0.25143 -3.8944 -0.69285 0.39313 9.6321e-05 0.72121 0.94767 -2.1118 0.62516 0.066885 -3.685 1.1419
15 148 36 0.41031 4.9895 -0.34143 0.44095 3.6937 -0.30172 -0.021684 3.6278 -1.2119 0.1987 1.986 -1.5913 1.6627 2.5999 -1.8211 0.90775 3.7899 0.60362 1.2517 2.1429 0.84275 2.3046 2.3223 -0.35397 -0.39277 0.0013309 -0.72141 0.18992 -2.0892 -0.98014 -0.23386 -3.895 -0.70182 0.39277 -0.0013304 0.72141 0.91148 -2.1226 0.63215 -0.011267 -3.675 1.1384
15 149 36 0.44154 4.9864 -0.35831 0.46025 3.6904 -0.31496 -0.00069919 3.6269 -1.2262 0.021397 1.9553 -1.5315 1.5381 2.3893 -1.8215 0.92567 3.7843 0.59134 1.0537 2.1313 0.96452 2.1682 2.1281 -0.18914 -0.39313 -9.5844e-05 -0.72121 0.18338 -2.0925 -0.97886 -0.25143 -3.8944 -0.69285 0.39313 9.6321e-05 0.72121 0.94767 -2.1118 0.62516 0.066885 -3.685 1.1419
15 150 24 0.52192 4.9864 -0.27317 0.51994 3.6895 -0.22565 0.24816 3.6337 -1.2105 0.19401 1.9569 -1.4811 1.7731 2.237 -1.513 0.79726 3.7755 0.75541 0.61385 2.1519 1.2227 1.9789 1.965 0.40125 -0.24872 -0.0028062 -0.78284 0.36424 -2.0956 -0.92807 -0.1255 -3.8955 -0.73181 0.24871 0.0028062 0.78284 0.81254 -2.1087 0.80262 -0.080187 -3.7218 1.1474
15 150 36 0.45372 4.9864 -0.37571 0.46166 3.6895 -0.32882 -0.0089276 3.6337 -1.2356 -0.11816 1.9569 -1.4891 1.4197 2.237 -1.8486 0.9369 3.7755 0.57314 0.85465 2.1519 1.0683 2.0191 1.965 -0.018946 -0.40604 -0.0028062 -0.71402 0.16332 -2.0956 -0.98351 -0.27491 -3.8955 -0.68972 0.40604 0.0028062 0.71402 0.96166 -2.1087 0.61615 0.16012 -3.7218 1.139
15 151 24 0.51567 4.9902 -0.26978 0.50302 3.6921 -0.23156 0.21879 3.6449 -1.2133 0.12225 1.9722 -1.4969 1.7066 2.2052 -1.5888 0.79287 3.7695 0.7466 0.47859 2.1859 1.2771 1.8588 1.8929 0.51409 -0.26619 -0.0040751 -0.77706 0.3462 -2.0959 -0.93898 -0.14672 -3.8944 -0.73885 0.26619 0.0040751 0.77706 0.82329 -2.1093 0.78691 0.023825 -3.7654 1.1558
15 151 36 0.44831 4.9902 -0.3711 0.44389 3.6921 -0.33109 -0.038249 3.6449 -1.2323 -0.19165 1.9722 -1.4896 1.339 2.2052 -1.9089 0.93077 3.7695 0.56543 0.73366 2.1859 1.1497 1.925 1.8929 0.1164 -0.42193 -0.0040751 -0.70474 0.14341 -2.0959 -0.99044 -0.29713 -3.8944 -0.6922 0.42193 0.0040751 0.70474 0.9689 -2.1093 0.59854 0.26361 -3.7654 1.1256
15 152 24 0.50868 4.9908 -0.2689 0.49469 3.6931 -0.2301 0.19575 3.6426 -1.2073 0.16073 1.9785 -1.5499 1.7287 2.2933 -1.6742 0.79925 3.7738 0.74331 0.51016 2.2003 1.3164 1.9018 1.9578 0.55639 -0.28545 -0.0010414 -0.77021 0.33135 -2.0895 -0.95603 -0.15511 -3.8899 -0.75649 0.28545 0.0010409 0.77021 0.83247 -2.1149 0.75499 0.10213 -3.7987 1.1415
15 152 36 0.44166 4.9908 -0.36879 0.43604 3.6931 -0.32792 -0.059541 3.6426 -1.2216 -0.16503 1.9785 -1.5495 1.3428 2.2933 -1.9971 0.93633 3.7738 0.56089 0.7727 2.2003 1.1815 1.9759 1.9578 0.14883 -0.43935 -0.0010414 -0.69403 0.12534 -2.0895 -1.004 -0.309 -3.8899 -0.70771 0.43935 0.0010409 0.69403 0.97125 -2.1149 0.56542 0.33722 -3.7987 1.0953
15 153 24 0.47946 4.9965 -0.24028 0.46991 3.6973 -0.2038 0.17026 3.6516 -1.181 0.28738 2.0109 -1.6079 1.8102 2.4968 -1.7411 0.77491 3.7732 0.76986 0.6519 2.1829 1.356 2.0374 2.1417 0.54889 -0.295 0.0053072 -0.76658 0.32112 -2.0821 -0.96661 -0.15718 -3.8856 -0.77611 0.295 -0.0053072 0.76658 0.81062 -2.1289 0.72978 0.096389 -3.8183 1.1218
15 153 36 0.41902 4.9965 -0.33471 0.41727 3.6973 -0.29705 -0.079007 3.6516 -1.1906 -0.053196 2.0109 -1.6325 1.4087 2.4968 -2.0794 0.91804 3.7732 0.59192 0.91959 2.1829 1.1909 2.107 2.1417 0.11328 -0.44794 0.0053072 -0.68849 0.11314 -2.0821 -1.0122 -0.31511 -3.8856 -0.72647 0.44794 -0.0053072 0.68849 0.94464 -2.1289 0.5453 0.32751 -3.8183 1.0772
15 154 24 0.43219 5.0054 -0.20613 0.42657 3.7042 -0.17006 0.1264 3.6609 -1.1472 0.45511 2.0773 -1.6689 1.8998 2.7626 -1.7957 0.73174 3.7779 0.80371 0.86243 2.174 1.3501 2.2073 2.4153 0.50988 -0.29239 0.0082979 -0.76755 0.31803 -2.0808 -0.9667 -0.1607 -3.8862 -0.79557 0.29239 -0.0082979 0.76755 0.77791 -2.1386 0.71417 0.081294 -3.8378 1.0953
15 154 36 0.37989 5.0054 -0.29148 0.38189 3.7042 -0.25504 -0.11489 3.6609 -1.1484 0.098186 2.0773 -1.727 1.485 2.7626 -2.1514 0.88285 3.7779 0.63401 1.1243 2.174 1.1412 2.2651 2.4153 0.039805 -0.44558 0.0082979 -0.68999 0.11009 -2.0808 -1.0117 -0.3226 -3.8862 -0.74478 0.44558 -0.0082979 0.68999 0.9094 -2.1386 0.53682 0.30725 -3.8378 1.0545
C9
15 148 240 -0.23596 4.9895 0.47879 -0.28011 3.6937 0.45498 0.51273 3.6278 1.0983 0.46572 1.986 1.5345 -0.77822 2.5999 2.34 -1.0748 3.7899 -0.18222 -1.4862 2.1429 -0.2608 -1.9613 2.3223 1.2607 0.65224 0.0013309 0.49929 0.22516 -2.0892 0.97265 0.4991 -3.895 0.54602 -0.65224 -0.0013304 -0.49929 -1.0898 -2.1226 -0.20677 -0.45275 -3.675 -1.0446
15 147 240 -0.20081 4.9913 0.45246 -0.25635 3.6967 0.44342 0.54665 3.6305 1.074 0.33578 2.0474 1.6548 -0.86491 2.7922 2.4141 -1.0609 3.7932 -0.18121 -1.5922 2.1831 -0.066903 -2.0102 2.5108 1.4466 0.6565 -0.0012894 0.49367 0.23003 -2.0902 0.97458 0.4982 -3.8997 0.56034 -0.6565 0.0012889 -0.49367 -1.0304 -2.1368 -0.23761 -0.39659 -3.7009 -1.0561
15 148 240 -0.23596 4.9895 0.47879 -0.28011 3.6937 0.45498 0.51273 3.6278 1.0983 0.46572 1.986 1.5345 -0.77822 2.5999 2.34 -1.0748 3.7899 -0.18222 -1.4862 2.1429 -0.2608 -1.9613 2.3223 1.2607 0.65224 0.0013309 0.49929 0.22516 -2.0892 0.97265 0.4991 -3.895 0.54602 -0.65224 -0.0013304 -0.49929 -1.0898 -2.1226 -0.20677 -0.45275 -3.675 -1.0446
15 149 240 -0.25763 4.9864 0.50692 -0.29235 3.6904 0.47493 0.49936 3.6269 1.1199 0.60336 1.9553 1.4078 -0.66429 2.3893 2.2896 -1.0862 3.7843 -0.16371 -1.3549 2.1313 -0.45254 -1.9038 2.1281 1.0547 0.65249 -9.5844e-05 0.49896 0.23062 -2.0925 0.96882 0.5115 -3.8944 0.53068 -0.65249 9.6321e-05 -0.49896 -1.12 -2.1118 -0.18566 -0.52556 -3.685 -1.016
15 150 228 -0.36569 4.9864 0.46184 -0.3832 3.6895 0.41762 0.26563 3.6337 1.2067 0.42517 1.9569 1.4319 -1.0044 2.237 2.1034 -1.0356 3.7755 -0.36583 -1.0581 2.1519 -0.86729 -1.971 1.965 0.43832 0.54562 -0.0028062 0.61399 0.04473 -2.0956 0.99598 0.4123 -3.8955 0.61749 -0.54562 0.0028062 -0.61399 -1.0688 -2.1087 -0.40274 -0.39342 -3.7218 -1.0808
15 150 240 -0.26168 4.9864 0.52778 -0.288 3.6895 0.48817 0.51072 3.6337 1.1251 0.7136 1.9569 1.3123 -0.54512 2.237 2.2662 -1.089 3.7755 -0.14252 -1.2153 2.1519 -0.62835 -1.8368 1.965 0.83853 0.66135 -0.0028062 0.48714 0.25083 -2.0956 0.96491 0.53168 -3.8955 0.51828 -0.66135 0.0028062 -0.48714 -1.1291 -2.1087 -0.17173 -0.60954 -3.7218 -0.97538
15 151 228 -0.36136 4.9902 0.4562 -0.36535 3.6921 0.41614 0.29362 3.6449 1.1974 0.49717 1.9722 1.4172 -0.91282 2.2052 2.1456 -1.028 3.7695 -0.35956 -0.95666 2.1859 -0.97203 -1.9072 1.8929 0.28638 0.55924 -0.0040751 0.60161 0.065644 -2.0959 0.99861 0.43455 -3.8944 0.6153 -0.55924 0.0040751 -0.60161 -1.0722 -2.1093 -0.38401 -0.49188 -3.7654 -1.0462
15 151 240 -0.25861 4.9902 0.52136 -0.27084 3.6921 0.48301 0.53615 3.6449 1.1102 0.78096 1.9722 1.2829 -0.44677 2.2052 2.2885 -1.0803 3.7695 -0.13797 -1.1378 2.1859 -0.75189 -1.8059 1.8929 0.67664 0.6721 -0.0040751 0.47219 0.27183 -2.0959 0.96314 0.55298 -3.8944 0.51151 -0.6721 0.0040751 -0.47219 -1.1286 -2.1093 -0.1527 -0.69864 -3.7654 -0.92107
15 152 228 -0.35533 4.9908 0.45255 -0.35833 3.6931 0.41141 0.31222 3.6426 1.1825 0.48358 1.9785 1.4813 -0.89823 2.2933 2.2326 -1.0325 3.7738 -0.35396 -1.0015 2.2003 -0.99506 -1.9636 1.9578 0.26522 0.57404 -0.0010414 0.58752 0.086147 -2.0895 1.0082 0.44939 -3.8899 0.628 -0.57404 0.0010409 -0.58752 -1.0676 -2.1149 -0.35113 -0.55758 -3.7987 -1.0013
15 152 240 -0.25348 4.9908 0.51654 -0.26496 3.6931 0.47692 0.55126 3.6426 1.0918 0.78099 1.9785 1.3484 -0.41442 2.2933 2.3706 -1.0835 3.7738 -0.13156 -1.1865 2.2003 -0.7651 -1.8656 1.9578 0.66769 0.68365 -0.0010414 0.45533 0.29387 -2.0895 0.96821 0.57014 -3.8899 0.52084 -0.68365 0.0010409 -0.45533 -1.1173 -2.1149 -0.12149 -0.75357 -3.7987 -0.86345
15 153 228 -0.34028 4.9965 0.41452 -0.34639 3.6973 0.37731 0.32482 3.6516 1.1482 0.39145 2.0109 1.5858 -0.94557 2.4968 2.3269 -1.021 3.7732 -0.38811 -1.1471 2.1829 -0.97364 -2.0846 2.1417 0.32727 0.5813 0.0053072 0.58032 0.099793 -2.0821 1.0136 0.45926 -3.8856 0.64509 -0.5813 -0.0053072 -0.58032 -1.0374 -2.1289 -0.33698 -0.54432 -3.8183 -0.98557
15 153 240 -0.24666 4.9965 0.4762 -0.26037 3.6973 0.44109 0.55644 3.6516 1.0555 0.71259 2.0109 1.4697 -0.44112 2.4968 2.4726 -1.0794 3.7732 -0.16734 -1.3244 2.1829 -0.71387 -1.971 2.1417 0.75352 0.68925 0.0053072 0.44678 0.30836 -2.0821 0.97075 0.58335 -3.8856 0.5355 -0.68925 -0.0053072 -0.44678 -1.0848 -2.1289 -0.11394 -0.73733 -3.8183 -0.85087
C10
15 149 348 0.56172 4.9864 0.088378 0.54203 3.6904 0.13128 0.91075 3.6269 -0.82098 1.1524 1.9553 -1.0089 2.3828 2.3893 -0.07575 0.17994 3.7843 1.0836 -0.011693 2.1313 1.4285 1.5913 2.1281 1.4847 0.27291 -9.5844e-05 -0.77474 0.85014 -2.0925 -0.51871 0.34665 -3.8944 -0.65045 -0.27291 9.6321e-05 0.77474 0.16953 -2.1118 1.1226 -0.80385 -3.685 0.81379
15 147 348 0.49237 4.9913 0.051164 0.50093 3.6967 0.10677 0.8525 3.6305 -0.85178 1.47 2.0474 -0.8307 2.5632 2.7922 0.076594 0.15549 3.7932 1.065 0.42839 2.1831 1.535 1.997 2.5108 1.4648 0.26664 -0.0012894 -0.77692 0.85579 -2.0902 -0.51994 0.37897 -3.8997 -0.64697 -0.26664 0.0012889 0.77692 0.092419 -2.1368 1.0534 -0.88183 -3.7009 0.70352
15 148 348 0.52828 4.9895 0.07646 0.51927 3.6937 0.12581 0.8861 3.6278 -0.82703 1.3155 1.986 -0.91712 2.4659 2.5999 0.01704 0.15882 3.7899 1.0785 0.21124 2.1429 1.4941 1.8051 2.3223 1.4758 0.2733 0.0013309 -0.7746 0.85547 -2.0892 -0.5147 0.36507 -3.895 -0.6434 -0.2733 -0.0013304 0.7746 0.14012 -2.1226 1.1003 -0.85356 -3.675 0.75339
15 149 348 0.56172 4.9864 0.088378 0.54203 3.6904 0.13128 0.91075 3.6269 -0.82098 1.1524 1.9553 -1.0089 2.3828 2.3893 -0.07575 0.17994 3.7843 1.0836 -0.011693 2.1313 1.4285 1.5913 2.1281 1.4847 0.27291 -9.5844e-05 -0.77474 0.85014 -2.0925 -0.51871 0.34665 -3.8944 -0.65045 -0.27291 9.6321e-05 0.77474 0.16953 -2.1118 1.1226 -0.80385 -3.685 0.81379
15 150 348 0.58281 4.9864 0.085783 0.55327 3.6895 0.12305 0.91226 3.6337 -0.83341 1.0275 1.9569 -1.0842 2.3238 2.237 -0.18187 0.20098 3.7755 1.0798 -0.22205 2.1519 1.35 1.3651 1.965 1.4878 0.25892 -0.0028062 -0.77952 0.84018 -2.0956 -0.53673 0.32861 -3.8955 -0.66581 -0.25892 0.0028062 0.77952 0.18559 -2.1087 1.1269 -0.73928 -3.7218 0.88111
15 151 348 0.57576 4.9902 0.084846 0.54306 3.6921 0.10833 0.89016 3.6449 -0.85297 0.97876 1.9722 -1.1392 2.3146 2.2052 -0.28228 0.20261 3.7695 1.07 -0.36348 2.1859 1.3145 1.2016 1.8929 1.5085 0.24139 -0.0040751 -0.78512 0.832 -2.0959 -0.55615 0.31559 -3.8944 -0.68398 -0.24139 0.0040751 0.78512 0.20352 -2.1093 1.1205 -0.66009 -3.7654 0.94908
15 152 348 0.56959 4.9908 0.081452 0.53546 3.6931 0.10461 0.86799 3.6426 -0.86166 1.0411 1.9785 -1.1594 2.3826 2.2933 -0.3384 0.20971 3.7738 1.0711 -0.36101 2.2003 1.3648 1.2115 1.9578 1.568 0.22178 -0.0010414 -0.79089 0.83001 -2.0895 -0.57868 0.31917 -3.8899 -0.70318 -0.22178 0.0010409 0.79089 0.22971 -2.1149 1.1001 -0.58832 -3.7987 0.98351
15 153 348 0.52912 4.9965 0.08743 0.49996 3.6973 0.11133 0.83192 3.6516 -0.85538 1.1776 2.0109 -1.1319 2.4879 2.4968 -0.34455 0.17441 3.7732 1.0783 -0.26966 2.1829 1.4802 1.3257 2.1417 1.6416 0.21192 0.0053072 -0.79357 0.82795 -2.0821 -0.59325 0.32903 -3.8856 -0.72028 -0.21192 -0.0053072 0.79357 0.22685 -2.1289 1.0669 -0.58137 -3.8183 0.96418
C11
15 148 60 0.23596 4.9895 -0.47879 0.28011 3.6937 -0.45498 -0.51273 3.6278 -1.0983 -0.46572 1.986 -1.5345 0.77822 2.5999 -2.34 1.0748 3.7899 0.18222 1.4862 2.1429 0.2608 1.9613 2.3223 -1.2607 -0.65224 0.0013309 -0.49929 -0.22516 -2.0892 -0.97265 -0.4991 -3.895 -0.54602 0.65224 -0.0013304 0.49929 1.0898 -2.1226 0.20677 0.45275 -3.675 1.0446
15 148 48 0.33035 4.9895 -0.41927 0.36859 3.6937 -0.3868 -0.27318 3.6278 -1.1809 -0.13649 1.986 -1.5978 1.2477 2.5999 -2.127 1.0134 3.7899 0.4017 1.3995 2.1429 0.5641 2.1806 2.3223 -0.82538 -0.53418 0.0013309 -0.62398 -0.018011 -2.0892 -0.99821 -0.37467 -3.895 -0.63786 0.53418 -0.0013304 0.62398 1.023 -2.1226 0.42883 0.22567 -3.675 1.1159
15 148 60 0.23596 4.9895 -0.47879 0.28011 3.6937 -0.45498 -0.51273 3.6278 -1.0983 -0.46572 1.986 -1.5345 0.77822 2.5999 -2.34 1.0748 3.7899 0.18222 1.4862 2.1429 0.2608 1.9613 2.3223 -1.2607 -0.65224 0.0013309 -0.49929 -0.22516 -2.0892 -0.97265 -0.4991 -3.895 -0.54602 0.65224 -0.0013304 0.49929 1.0898 -2.1226 0.20677 0.45275 -3.675 1.0446
15 149 48 0.3574 4.9864 -0.44228 0.38471 3.6904 -0.40377 -0.25562 3.6269 -1.1992 -0.29748 1.9553 -1.5025 1.1258 2.3893 -2.1015 1.0284 3.7843 0.38596 1.2312 2.1313 0.72436 2.0815 2.1281 -0.63579 -0.53449 -9.5844e-05 -0.62372 -0.024148 -2.0925 -0.9956 -0.38999 -3.8944 -0.62543 0.53449 9.6321e-05 0.62372 1.0569 -2.1118 0.41447 0.30284 -3.685 1.103
15 149 60 0.25763 4.9864 -0.50692 0.29235 3.6904 -0.47493 -0.49936 3.6269 -1.1199 -0.60336 1.9553 -1.4078 0.66429 2.3893 -2.2896 1.0862 3.7843 0.16371 1.3549 2.1313 0.45254 1.9038 2.1281 -1.0547 -0.65249 -9.5844e-05 -0.49896 -0.23062 -2.0925 -0.96882 -0.5115 -3.8944 -0.53068 0.65249 9.6321e-05 0.49896 1.12 -2.1118 0.18566 0.52556 -3.685 1.016
15 150 48 0.36569 4.9864 -0.46184 0.3832 3.6895 -0.41762 -0.26563 3.6337 -1.2067 -0.42517 1.9569 -1.4319 1.0044 2.237 -2.1034 1.0356 3.7755 0.36583 1.0581 2.1519 0.86729 1.971 1.965 -0.43832 -0.54562 -0.0028062 -0.61399 -0.044731 -2.0956 -0.99598 -0.4123 -3.8955 -0.61749 0.54562 0.0028062 0.61399 1.0688 -2.1087 0.40274 0.39342 -3.7218 1.0808
15 150 60 0.26168 4.9864 -0.52778 0.288 3.6895 -0.48817 -0.51072 3.6337 -1.1251 -0.7136 1.9569 -1.3123 0.54512 2.237 -2.2662 1.089 3.7755 0.14252 1.2153 2.1519 0.62835 1.8368 1.965 -0.83853 -0.66135 -0.0028062 -0.48714 -0.25083 -2.0956 -0.96491 -0.53168 -3.8955 -0.51828 0.66135 0.0028062 0.48714 1.1291 -2.1087 0.17173 0.60954 -3.7218 0.97538
15 151 48 0.36136 4.9902 -0.4562 0.36535 3.6921 -0.41614 -0.29362 3.6449 -1.1974 -0.49717 1.9722 -1.4172 0.91282 2.2052 -2.1456 1.028 3.7695 0.35956 0.95666 2.1859 0.97203 1.9072 1.8929 -0.28638 -0.55924 -0.0040751 -0.60161 -0.065644 -2.0959 -0.99861 -0.43455 -3.8944 -0.6153 0.55924 0.0040751 0.60161 1.0722 -2.1093 0.38401 0.49188 -3.7654 1.0462
15 151 60 0.25861 4.9902 -0.52136 0.27084 3.6921 -0.48301 -0.53615 3.6449 -1.1102 -0.78096 1.9722 -1.2829 0.44677 2.2052 -2.2885 1.0803 3.7695 0.13797 1.1378 2.1859 0.75189 1.8059 1.8929 -0.67664 -0.6721 -0.0040751 -0.47219 -0.27183 -2.0959 -0.96314 -0.55298 -3.8944 -0.51151 0.6721 0.0040751 0.47219 1.1286 -2.1093 0.1527 0.69864 -3.7654 0.92107
15 152 48 0.35533 4.9908 -0.45255 0.35833 3.6931 -0.41141 -0.31222 3.6426 -1.1825 -0.48358 1.9785 -1.4813 0.89823 2.2933 -2.2326 1.0325 3.7738 0.35396 1.0015 2.2003 0.99506 1.9636 1.9578 -0.26523 -0.57404 -0.0010414 -0.58752 -0.086147 -2.0895 -1.0082 -0.44939 -3.8899 -0.628 0.57404 0.0010409 0.58752 1.0676 -2.1149 0.35113 0.55758 -3.7987 1.0013
15 152 60 0.25348 4.9908 -0.51654 0.26496 3.6931 -0.47692 -0.55126 3.6426 -1.0918 -0.78099 1.9785 -1.3484 0.41442 2.2933 -2.3706 1.0835 3.7738 0.13156 1.1865 2.2003 0.7651 1.8656 1.9578 -0.66769 -0.68365 -0.0010414 -0.45533 -0.29387 -2.0895 -0.96821 -0.57014 -3.8899 -0.52084 0.68365 0.0010409 0.45533 1.1173 -2.1149 0.12149 0.75357 -3.7987 0.86345
15 153 48 0.34028 4.9965 -0.41452 0.34639 3.6973 -0.37731 -0.32482 3.6516 -1.1482 -0.39145 2.0109 -1.5858 0.94557 2.4968 -2.3269 1.021 3.7732 0.38811 1.1471 2.1829 0.97364 2.0846 2.1417 -0.32727 -0.5813 0.0053072 -0.58032 -0.099793 -2.0821 -1.0136 -0.45926 -3.8856 -0.64509 0.5813 -0.0053072 0.58032 1.0374 -2.1289 0.33698 0.54432 -3.8183 0.98557
15 153 60 0.24666 4.9965 -0.4762 0.26037 3.6973 -0.44109 -0.55644 3.6516 -1.0555 -0.71259 2.0109 -1.4697 0.44112 2.4968 -2.4726 1.0794 3.7732 0.16734 1.3244 2.1829 0.71387 1.971 2.1417 -0.75352 -0.68925 0.0053072 -0.44678 -0.30836 -2.0821 -0.97075 -0.58335 -3.8856 -0.5355 0.68925 -0.0053072 0.44678 1.0848 -2.1289 0.11394 0.73733 -3.8183 0.85087
15 154 48 0.31098 5.0054 -0.36409 0.32052 3.7042 -0.32886 -0.35115 3.6609 -1.0994 -0.26303 2.0773 -1.7097 1.0052 2.7626 -2.4131 0.99538 3.7779 0.4366 1.337 2.174 0.88256 2.2239 2.4153 -0.43201 -0.5793 0.0082979 -0.58227 -0.10266 -2.0808 -1.0125 -0.4704 -3.8862 -0.66143 0.5793 -0.0082979 0.58227 1.0011 -2.1386 0.33602 0.51977 -3.8378 0.96756
15 154 60 0.22849 5.0054 -0.42079 0.24514 3.7042 -0.38832 -0.57206 3.6609 -1.0024 -0.61275 2.0773 -1.6177 0.48154 2.7626 -2.5694 1.0644 3.7779 0.22011 1.4913 2.174 0.5853 2.0855 2.4153 -0.88495 -0.68771 0.0082979 -0.4491 -0.31092 -2.0808 -0.96901 -0.59764 -3.8862 -0.54917 0.68771 -0.0082979 0.4491 1.0491 -2.1386 0.12053 0.70958 -3.8378 0.83835
C12
15 150 192 -0.56731 4.9864 0.15868 -0.55549 3.6895 0.11262 -0.49441 3.6337 1.1324 -0.4977 1.9569 1.4084 -2.0489 2.237 1.1113 -0.62278 3.7755 -0.90466 -0.34623 2.1519 -1.3236 -1.8522 1.965 -0.80391 0.080519 -0.0028062 0.81744 -0.54923 -2.0956 0.83206 -0.029394 -3.8955 0.74191 -0.080519 0.0028062 -0.81744 -0.62791 -2.1087 -0.95402 0.31699 -3.7218 -1.1056
15 148 192 -0.5137 4.9895 0.14502 -0.52555 3.6937 0.096278 -0.47311 3.6278 1.1159 -0.82876 1.986 1.3729 -2.2597 2.5999 0.98742 -0.58376 3.7899 -0.92065 -0.80067 2.1429 -1.279 -2.2493 2.3223 -0.61398 0.065389 0.0013309 0.81879 -0.57216 -2.0892 0.81816 -0.07181 -3.895 0.73626 -0.065389 -0.0013304 -0.81879 -0.57556 -2.1226 -0.94823 0.47334 -3.675 -1.0354
15 149 192 -0.54911 4.9864 0.14774 -0.54857 3.6904 0.10053 -0.49809 3.6269 1.1204 -0.64246 1.9553 1.3904 -2.146 2.3893 1.0384 -0.60512 3.7843 -0.91672 -0.57033 2.1313 -1.3097 -2.0577 2.1281 -0.70909 0.065798 -9.5844e-05 0.81876 -0.56566 -2.0925 0.81965 -0.052113 -3.8944 0.73521 -0.065798 9.6321e-05 -0.81876 -0.61147 -2.1118 -0.95657 0.40335 -3.685 -1.0704
15 150 192 -0.56731 4.9864 0.15868 -0.55549 3.6895 0.11262 -0.49441 3.6337 1.1324 -0.4977 1.9569 1.4084 -2.0489 2.237 1.1113 -0.62278 3.7755 -0.90466 -0.34623 2.1519 -1.3236 -1.8522 1.965 -0.80391 0.080519 -0.0028062 0.81744 -0.54923 -2.0956 0.83206 -0.029394 -3.8955 0.74191 -0.080519 0.0028062 -0.81744 -0.62791 -2.1087 -0.95402 0.31699 -3.7218 -1.1056
15 151 192 -0.56049 4.9902 0.15667 -0.54017 3.6921 0.12192 -0.46627 3.6449 1.1413 -0.4308 1.9722 1.4388 -1.9996 2.2052 1.1993 -0.62032 3.7695 -0.89513 -0.20261 2.1859 -1.3487 -1.7112 1.8929 -0.88931 0.098812 -0.0040751 0.81543 -0.53386 -2.0959 0.84648 -0.010106 -3.8944 0.75321 -0.098812 0.0040751 -0.81543 -0.64169 -2.1093 -0.94088 0.217 -3.7654 -1.1355
15 152 192 -0.55348 4.9908 0.15726 -0.53172 3.6931 0.12222 -0.44248 3.6426 1.1402 -0.47946 1.9785 1.4826 -2.039 2.2933 1.2782 -0.62725 3.7738 -0.89324 -0.22533 2.2003 -1.3937 -1.7445 1.9578 -0.93963 0.11908 -0.0010414 0.81272 -0.52288 -2.0895 0.86625 -0.005564 -3.8899 0.7722 -0.11908 0.0010409 -0.81272 -0.6573 -2.1149 -0.91158 0.13743 -3.7987 -1.1378
15 153 192 -0.51893 4.9965 0.13534 -0.50201 3.6973 0.10165 -0.41208 3.6516 1.1198 -0.6154 2.0109 1.513 -2.1327 2.4968 1.3267 -0.59792 3.7732 -0.91415 -0.35572 2.1829 -1.4619 -1.8788 2.1417 -0.9605 0.12918 0.0053072 0.81116 -0.51507 -2.0821 0.87872 -0.0076196 -3.8856 0.79183 -0.12918 -0.0053072 -0.81116 -0.64118 -2.1289 -0.88237 0.13894 -3.8183 -1.1173
C13
15 151 252 -0.14456 4.9902 0.56373 -0.1645 3.6921 0.52876 0.75525 3.6449 0.97444 1.0306 1.9722 1.0925 0.038799 2.2052 2.3314 -1.0854 3.7695 0.08965 -1.2693 2.1859 -0.49889 -1.6258 1.8929 1.0373 0.75559 -0.0040751 0.32214 0.46614 -2.0959 0.88558 0.64725 -3.8944 0.38536 -0.75559 0.0040751 -0.32214 -1.1357 -2.1093 0.085278 -0.87488 -3.7654 -0.75568
15 147 252 -0.10235 4.9913 0.48432 -0.15855 3.6967 0.48703 0.758 3.6305 0.93687 0.67249 2.0474 1.5488 -0.3441 2.7922 2.5411 -1.0754 3.7932 0.043319 -1.5713 2.1831 0.2656 -1.6655 2.5108 1.833 0.74479 -0.0012894 0.34639 0.42763 -2.0902 0.90545 0.60382 -3.8997 0.44452 -0.74479 0.0012889 -0.34639 -1.0573 -2.1368 -0.018194 -0.60749 -3.7009 -0.95054
15 147 264 0.00058306 4.9913 0.49502 -0.053827 3.6967 0.50935 0.93622 3.6305 0.7588 0.97981 2.0474 1.3751 0.19175 2.7922 2.5572 -1.0429 3.7932 0.26596 -1.4818 2.1831 0.58649 -1.248 2.5108 2.1392 0.80053 -0.0012894 0.18397 0.60654 -2.0902 0.79676 0.68304 -3.8997 0.30926 -0.80053 0.0012889 -0.18397 -1.0379 -2.1368 0.20202 -0.79184 -3.7009 -0.80346
15 148 252 -0.13126 4.9895 0.51739 -0.1794 3.6937 0.50328 0.72988 3.6278 0.9677 0.77459 1.986 1.4042 -0.27471 2.5999 2.4506 -1.0892 3.7899 0.045221 -1.508 2.1429 0.053905 -1.6564 2.3223 1.641 0.74179 0.0013309 0.35277 0.42246 -2.0892 0.90458 0.60172 -3.895 0.43032 -0.74179 -0.0013304 -0.35277 -1.109 -2.1226 0.024333 -0.66004 -3.675 -0.92764
15 148 264 -0.020821 4.9895 0.53338 -0.070838 3.6937 0.52958 0.91512 3.6278 0.7948 1.0496 1.986 1.2124 0.24081 2.5999 2.4542 -1.056 3.7899 0.27069 -1.4638 2.1429 0.36625 -1.279 2.3223 1.9495 0.79892 0.0013309 0.19083 0.6013 -2.0892 0.79698 0.67804 -3.895 0.29581 -0.79892 -0.0013304 -0.19083 -1.0797 -2.1226 0.25437 -0.83848 -3.675 -0.77014
15 149 252 -0.14661 4.9864 0.54941 -0.18722 3.6904 0.52534 0.72128 3.6269 0.99157 0.88287 1.9553 1.2516 -0.17374 2.3893 2.3777 -1.0965 3.7843 0.065689 -1.4194 2.1313 -0.16094 -1.6429 2.1281 1.4274 0.74197 -9.5844e-05 0.3524 0.42701 -2.0925 0.8997 0.61066 -3.8944 0.41274 -0.74197 9.6321e-05 -0.3524 -1.1341 -2.1118 0.051263 -0.72531 -3.685 -0.88451
15 149 264 -0.029177 4.9864 0.56788 -0.073906 3.6904 0.55278 0.91168 3.6269 0.81994 1.1238 1.9553 1.0407 0.32441 2.3893 2.3619 -1.0588 3.7843 0.29222 -1.4219 2.1313 0.13769 -1.3102 2.1281 1.7378 0.79902 -9.5844e-05 0.19043 0.60473 -2.0925 0.79126 0.68312 -3.8944 0.27676 -0.79902 9.6321e-05 -0.19043 -1.0987 -2.1118 0.28595 -0.89336 -3.685 -0.71438
15 150 252 -0.14623 4.9864 0.57065 -0.18021 3.6895 0.53738 0.73349 3.6337 0.99437 0.97084 1.9569 1.1352 -0.062027 2.237 2.33 -1.0949 3.7755 0.087011 -1.3194 2.1519 -0.36194 -1.6223 1.965 1.2021 0.74818 -0.0028062 0.33899 0.44596 -2.0956 0.89168 0.62781 -3.8955 0.39641 -0.74818 0.0028062 -0.33899 -1.1402 -2.1087 0.066778 -0.79901 -3.7218 -0.82733
15 151 252 -0.14456 4.9902 0.56373 -0.1645 3.6921 0.52876 0.75525 3.6449 0.97444 1.0306 1.9722 1.0925 0.038799 2.2052 2.3314 -1.0854 3.7695 0.08965 -1.2693 2.1859 -0.49889 -1.6258 1.8929 1.0373 0.75559 -0.0040751 0.32214 0.46614 -2.0959 0.88558 0.64725 -3.8944 0.38536 -0.75559 0.0040751 -0.32214 -1.1357 -2.1093 0.085278 -0.87488 -3.7654 -0.75568
15 152 252 -0.14054 4.9908 0.55796 -0.16001 3.6931 0.52159 0.76621 3.6426 0.9533 1.0443 1.9785 1.1565 0.087499 2.2933 2.4049 -1.0872 3.7738 0.096592 -1.3196 2.2003 -0.5017 -1.686 1.9578 1.041 0.76338 -0.0010414 0.30324 0.48875 -2.0895 0.88595 0.66597 -3.8899 0.39092 -0.76338 0.0010409 -0.30324 -1.1181 -2.1149 0.11345 -0.91662 -3.7987 -0.6879
15 153 252 -0.14226 4.9965 0.51708 -0.16298 3.6973 0.48558 0.76373 3.6516 0.91677 1.0026 2.0109 1.2894 0.0826 2.4968 2.5103 -1.0906 3.7732 0.06074 -1.4439 2.1829 -0.42291 -1.7712 2.1417 1.1468 0.76708 0.0053072 0.29371 0.50345 -2.0821 0.88543 0.68194 -3.8856 0.40252 -0.76708 -0.0053072 -0.29371 -1.0847 -2.1289 0.11409 -0.89813 -3.8183 -0.67897
C14
15 153 216 -0.41902 4.9965 0.33471 -0.41727 3.6973 0.29705 0.079007 3.6516 1.1906 0.053196 2.0109 1.6325 -1.4087 2.4968 2.0794 -0.91804 3.7732 -0.59192 -0.91959 2.1829 -1.1909 -2.107 2.1417 -0.11328 0.44794 0.0053072 0.68849 -0.11314 -2.0821 1.0122 0.31511 -3.8856 0.72647 -0.44794 -0.0053072 -0.68849 -0.94464 -2.1289 -0.5453 -0.32751 -3.8183 -1.0772
15 147 216 -0.36748 4.9913 0.33167 -0.41454 3.6967 0.30082 0.062557 3.6305 1.2035 -0.3663 2.0474 1.6483 -1.772 2.7922 1.8536 -0.89547 3.7932 -0.59705 -1.4273 2.1831 -0.70873 -2.4248 2.5108 0.50397 0.39895 -0.0012894 0.71801 -0.18625 -2.0902 0.98388 0.22722 -3.8997 0.71454 -0.39895 0.0012889 -0.71801 -0.84464 -2.1368 -0.63616 0.067241 -3.7009 -1.1261
15 147 228 -0.29049 4.9913 0.40082 -0.34294 3.6967 0.38044 0.31141 3.6305 1.1642 -0.015597 2.0474 1.6884 -1.3479 2.7922 2.1815 -1 3.7932 -0.39783 -1.5435 2.1831 -0.39648 -2.267 2.5108 0.99709 0.53951 -0.0012894 0.61937 0.022382 -2.0902 1.0011 0.37081 -3.8997 0.65168 -0.53951 0.0012889 -0.61937 -0.95845 -2.1368 -0.44665 -0.16835 -3.7009 -1.1154
15 148 216 -0.41031 4.9895 0.34143 -0.44095 3.6937 0.30172 0.021683 3.6278 1.2119 -0.1987 1.986 1.5913 -1.6627 2.5999 1.8211 -0.90775 3.7899 -0.60362 -1.2517 2.1429 -0.84275 -2.3046 2.3223 0.35397 0.39277 0.0013309 0.72141 -0.18992 -2.0892 0.98014 0.23386 -3.895 0.70182 -0.39277 -0.0013304 -0.72141 -0.91148 -2.1226 -0.63215 0.011268 -3.675 -1.1384
15 148 228 -0.33035 4.9895 0.41927 -0.36859 3.6937 0.3868 0.27318 3.6278 1.1809 0.13649 1.986 1.5978 -1.2477 2.5999 2.127 -1.0134 3.7899 -0.4017 -1.3995 2.1429 -0.5641 -2.1806 2.3223 0.82538 0.53418 0.0013309 0.62398 0.018011 -2.0892 0.99821 0.37467 -3.895 0.63786 -0.53417 -0.0013304 -0.62398 -1.023 -2.1226 -0.42883 -0.22567 -3.675 -1.1159
15 149 216 -0.44154 4.9864 0.35831 -0.46025 3.6904 0.31496 0.00069902 3.6269 1.2262 -0.021397 1.9553 1.5315 -1.5381 2.3893 1.8215 -0.92567 3.7843 -0.59134 -1.0537 2.1313 -0.96452 -2.1682 2.1281 0.18914 0.39313 -9.5844e-05 0.72121 -0.18338 -2.0925 0.97886 0.25143 -3.8944 0.69285 -0.39313 9.6321e-05 -0.72121 -0.94767 -2.1118 -0.62516 -0.066885 -3.685 -1.1419
15 149 228 -0.3574 4.9864 0.44228 -0.38471 3.6904 0.40377 0.25562 3.6269 1.1992 0.29748 1.9553 1.5025 -1.1258 2.3893 2.1015 -1.0284 3.7843 -0.38596 -1.2312 2.1313 -0.72436 -2.0815 2.1281 0.63579 0.53449 -9.5844e-05 0.62372 0.024148 -2.0925 0.9956 0.38999 -3.8944 0.62543 -0.53449 9.6321e-05 -0.62372 -1.0569 -2.1118 -0.41447 -0.30284 -3.685 -1.1031
15 150 216 -0.45372 4.9864 0.37571 -0.46166 3.6895 0.32882 0.0089274 3.6337 1.2356 0.11816 1.9569 1.4891 -1.4197 2.237 1.8486 -0.9369 3.7755 -0.57315 -0.85465 2.1519 -1.0683 -2.0191 1.965 0.018945 0.40604 -0.0028062 0.71402 -0.16332 -2.0956 0.98351 0.27491 -3.8955 0.68972 -0.40604 0.0028062 -0.71402 -0.96166 -2.1087 -0.61615 -0.16012 -3.7218 -1.139
15 151 216 -0.44831 4.9902 0.3711 -0.44389 3.6921 0.33109 0.038249 3.6449 1.2323 0.19165 1.9722 1.4896 -1.339 2.2052 1.9089 -0.93077 3.7695 -0.56543 -0.73366 2.1859 -1.1497 -1.925 1.8929 -0.1164 0.42193 -0.0040751 0.70474 -0.14341 -2.0959 0.99044 0.29713 -3.8944 0.6922 -0.42193 0.0040751 -0.70474 -0.9689 -2.1093 -0.59854 -0.26361 -3.7654 -1.1256
15 152 216 -0.44166 4.9908 0.36879 -0.43604 3.6931 0.32792 0.059541 3.6426 1.2216 0.16503 1.9785 1.5495 -1.3428 2.2933 1.9971 -0.93633 3.7738 -0.56089 -0.7727 2.2003 -1.1815 -1.9759 1.9578 -0.14883 0.43935 -0.0010414 0.69403 -0.12534 -2.0895 1.004 0.309 -3.8899 0.70771 -0.43935 0.0010409 -0.69403 -0.97125 -2.1149 -0.56542 -0.33722 -3.7987 -1.0953
15 153 216 -0.41902 4.9965 0.33471 -0.41727 3.6973 0.29705 0.079007 3.6516 1.1906 0.053196 2.0109 1.6325 -1.4087 2.4968 2.0794 -0.91804 3.7732 -0.59192 -0.91959 2.1829 -1.1909 -2.107 2.1417 -0.11328 0.44794 0.0053072 0.68849 -0.11314 -2.0821 1.0122 0.31511 -3.8856 0.72647 -0.44794 -0.0053072 -0.68849 -0.94464 -2.1289 -0.5453 -0.32751 -3.8183 -1.0772
C15
15 153 156 -0.49938 4.9965 -0.19553 -0.46589 3.6973 -0.21284 -0.99158 3.6516 0.66372 -1.3872 2.0109 0.86231 -2.5052 2.4968 -0.18025 0.053595 3.7732 -1.091 0.57152 2.1829 -1.3918 -0.95541 2.1417 -1.8814 -0.37228 0.0053072 0.73217 -0.9332 -2.0821 0.40814 -0.47159 -3.8856 0.63613 0.37228 -0.0053072 -0.73217 -7.6709e-05 -2.1289 -1.0907 0.76913 -3.8183 -0.82223
15 148 144 -0.45151 4.9895 -0.28472 -0.42321 3.6937 -0.32614 -1.1459 3.6278 0.39512 -1.5748 1.986 0.30276 -2.2458 2.5999 -1.0186 0.29357 3.7899 -1.0499 0.41472 2.1429 -1.4508 -1.0488 2.3223 -2.0824 -0.56473 0.0013309 0.59647 -0.99086 -2.0892 0.12225 -0.5952 -3.895 0.43929 0.56473 -0.0013304 -0.59647 0.31955 -2.1226 -1.0622 1.0862 -3.675 -0.34108
15 148 156 -0.50084 4.9895 -0.18462 -0.48177 3.6937 -0.23102 -1.0387 3.6278 0.62473 -1.4774 1.986 0.62357 -2.4085 2.5999 -0.52936 0.068878 3.7899 -1.0879 0.10402 2.1429 -1.5053 -1.4588 2.3223 -1.8188 -0.42837 0.0013309 0.70085 -0.94379 -2.0892 0.32559 -0.49086 -3.895 0.55344 0.42837 -0.0013304 -0.70085 0.091719 -2.1226 -1.1054 0.99155 -3.675 -0.55946
15 149 156 -0.53107 4.9864 -0.20324 -0.50289 3.6904 -0.24111 -1.0615 3.6269 0.61369 -1.337 1.9553 0.74721 -2.3465 2.3893 -0.42132 0.049282 3.7843 -1.0973 0.30843 2.1313 -1.3948 -1.2479 2.1281 -1.7831 -0.42802 -9.5844e-05 0.70107 -0.93941 -2.0925 0.33062 -0.47431 -3.8944 0.56417 0.42802 9.6321e-05 -0.70107 0.067568 -2.1118 -1.1333 0.95548 -3.685 -0.62888
15 150 156 -0.55224 4.9864 -0.20508 -0.5156 3.6895 -0.23539 -1.0656 3.6337 0.62553 -1.2305 1.9569 0.84686 -2.3108 2.237 -0.30524 0.027909 3.7755 -1.098 0.49787 2.1519 -1.2743 -1.0259 1.965 -1.7391 -0.41534 -0.0028062 0.70865 -0.93341 -2.0956 0.35032 -0.45986 -3.8955 0.58294 0.41534 0.0028062 -0.70865 0.052767 -2.1087 -1.1409 0.90632 -3.7218 -0.70815
15 151 156 -0.54553 4.9902 -0.2027 -0.50867 3.6921 -0.21887 -1.048 3.6449 0.64926 -1.1942 1.9722 0.91078 -2.3227 2.2052 -0.20511 0.024292 3.7695 -1.0888 0.62883 2.1859 -1.2102 -0.86171 1.8929 -1.7253 -0.39935 -0.0040751 0.71777 -0.92945 -2.0959 0.37102 -0.4509 -3.8944 0.60342 0.39935 0.0040751 -0.71777 0.033899 -2.1093 -1.1384 0.84299 -3.7654 -0.79109
15 152 156 -0.54021 4.9908 -0.1981 -0.50201 3.6931 -0.21366 -1.0282 3.6426 0.66236 -1.2594 1.9785 0.91765 -2.4009 2.2933 -0.16436 0.017579 3.7738 -1.0913 0.63689 2.2003 -1.2599 -0.85904 1.9578 -1.7856 -0.38137 -0.0010414 0.7275 -0.93219 -2.0895 0.39347 -0.45839 -3.8899 0.62146 0.38137 0.0010409 -0.7275 0.0040406 -2.1149 -1.1238 0.77995 -3.7987 -0.8397
15 153 156 -0.49938 4.9965 -0.19553 -0.46589 3.6973 -0.21284 -0.99158 3.6516 0.66372 -1.3872 2.0109 0.86231 -2.5052 2.4968 -0.18025 0.053595 3.7732 -1.091 0.57152 2.1829 -1.3918 -0.95541 2.1417 -1.8814 -0.37228 0.0053072 0.73217 -0.9332 -2.0821 0.40814 -0.47159 -3.8856 0.63613 0.37228 -0.0053072 -0.73217 -7.6709e-05 -2.1289 -1.0907 0.76913 -3.8183 -0.82223
C16
15 151 120 -0.3222 4.9902 -0.48464 -0.28287 3.6921 -0.47606 -1.2295 3.6449 -0.090767 -1.5015 1.9722 0.034894 -1.7585 2.2052 -1.5312 0.65963 3.7695 -0.86657 1.2201 2.1859 -0.60946 0.31698 1.8929 -1.9023 -0.74498 -0.0040751 0.34596 -0.97002 -2.0959 -0.24616 -0.71947 -3.8944 0.22314 0.74498 0.0040751 -0.34596 0.69654 -2.1093 -0.90103 1.147 -3.7654 -0.14451
15 148 108 -0.19792 4.9895 -0.49573 -0.15069 3.6937 -0.51261 -1.1593 3.6278 -0.35387 -1.452 1.986 -0.68071 -1.2182 2.5999 -2.1441 0.85459 3.7899 -0.67679 1.1883 2.1429 -0.92997 0.3755 2.3223 -2.3011 -0.80747 0.0013309 0.15062 -0.87348 -2.0892 -0.48351 -0.73973 -3.895 0.0055434 0.80747 -0.0013304 -0.15062 0.88287 -2.1226 -0.67152 1.0792 -3.675 0.36251
15 148 120 -0.29667 4.9895 -0.44375 -0.25397 3.6937 -0.47008 -1.2075 3.6278 -0.10511 -1.5618 1.986 -0.36395 -1.6374 2.5999 -1.844 0.6952 3.7899 -0.83968 0.96897 2.1429 -1.1567 -0.11114 2.3223 -2.3289 -0.75851 0.0013309 0.31521 -0.95492 -2.0892 -0.29133 -0.72242 -3.895 0.15922 0.75851 -0.0013304 -0.31521 0.72396 -2.1226 -0.8404 1.131 -3.675 0.1302
15 149 108 -0.20432 4.9864 -0.53065 -0.15732 3.6904 -0.53505 -1.1664 3.6269 -0.37824 -1.4499 1.9553 -0.4936 -1.257 2.3893 -2.0257 0.84844 3.7843 -0.69763 1.2429 2.1313 -0.70411 0.49012 2.1281 -2.1205 -0.8074 -9.5844e-05 0.15102 -0.87429 -2.0925 -0.47689 -0.73663 -3.8944 0.025023 0.8074 9.6321e-05 -0.15102 0.88741 -2.1118 -0.70811 1.1067 -3.685 0.28926
15 149 120 -0.31019 4.9864 -0.47658 -0.26513 3.6904 -0.49065 -1.2195 3.6269 -0.12747 -1.5209 1.9553 -0.18136 -1.6507 2.3893 -1.7201 0.68486 3.7843 -0.85878 1.0694 2.1313 -0.94714 0.038533 2.1281 -2.1761 -0.75836 -9.5844e-05 0.31559 -0.95433 -2.0925 -0.28469 -0.71533 -3.8944 0.17763 0.75836 9.6321e-05 -0.31559 0.72079 -2.1118 -0.87714 1.1426 -3.685 0.052844
15 150 108 -0.21711 4.9864 -0.54762 -0.17007 3.6895 -0.54067 -1.1779 3.6337 -0.37333 -1.4527 1.9569 -0.34776 -1.3194 2.237 -1.9215 0.83461 3.7755 -0.71393 1.2801 2.1519 -0.48269 0.6059 1.965 -1.9261 -0.80455 -0.0028062 0.16552 -0.88491 -2.0956 -0.45925 -0.74092 -3.8955 0.048318 0.80455 0.0028062 -0.16552 0.88316 -2.1087 -0.72419 1.1327 -3.7218 0.19968
15 150 120 -0.32623 4.9864 -0.49051 -0.27877 3.6895 -0.4935 -1.2298 3.6337 -0.12028 -1.4932 1.9569 -0.038131 -1.6901 2.237 -1.6052 0.66794 3.7755 -0.87186 1.1518 2.1519 -0.73829 0.19221 1.965 -2.01 -0.75255 -0.0028062 0.32918 -0.96105 -2.0956 -0.26523 -0.71468 -3.8955 0.20131 0.75255 0.0028062 -0.32918 0.71329 -2.1087 -0.89199 1.1495 -3.7218 -0.040185
15 151 108 -0.2144 4.9902 -0.54104 -0.17771 3.6921 -0.52447 -1.1838 3.6449 -0.34441 -1.4759 1.9722 -0.27805 -1.4017 2.2052 -1.8633 0.82538 3.7695 -0.71049 1.3201 2.1859 -0.34247 0.70556 1.8929 -1.7948 -0.80063 -0.0040751 0.18351 -0.89764 -2.0959 -0.44246 -0.75014 -3.8944 0.068681 0.80063 0.0040751 -0.18351 0.86865 -2.1093 -0.73652 1.152 -3.7654 0.09712
15 151 120 -0.3222 4.9902 -0.48464 -0.28287 3.6921 -0.47606 -1.2295 3.6449 -0.090767 -1.5015 1.9722 0.034894 -1.7585 2.2052 -1.5312 0.65963 3.7695 -0.86657 1.2201 2.1859 -0.60946 0.31698 1.8929 -1.9023 -0.74498 -0.0040751 0.34596 -0.97002 -2.0959 -0.24616 -0.71947 -3.8944 0.22314 0.74498 0.0040751 -0.34596 0.69654 -2.1093 -0.90103 1.147 -3.7654 -0.14451
15 152 108 -0.21426 4.9908 -0.534 -0.17713 3.6931 -0.51603 -1.1802 3.6426 -0.32087 -1.5246 1.9785 -0.32186 -1.4844 2.2933 -1.8942 0.82278 3.7738 -0.71718 1.3625 2.2003 -0.36977 0.75213 1.9578 -1.8332 -0.79582 -0.0010414 0.20338 -0.91616 -2.0895 -0.42947 -0.76856 -3.8899 0.075184 0.79582 0.0010409 -0.20338 0.83788 -2.1149 -0.74899 1.1459 -3.7987 0.017747
15 152 120 -0.3206 4.9908 -0.47779 -0.28055 3.6931 -0.46792 -1.2211 3.6426 -0.068477 -1.5582 1.9785 0.002163 -1.8458 2.2933 -1.5442 0.65569 3.7738 -0.87257 1.2558 2.2003 -0.64497 0.35455 1.9578 -1.9495 -0.73615 -0.0010414 0.36439 -0.98543 -2.0895 -0.2296 -0.73613 -3.8899 0.23333 0.73615 0.0010409 -0.36439 0.66384 -2.1149 -0.90683 1.1246 -3.7987 -0.22089
15 153 108 -0.18884 4.9965 -0.50195 -0.15357 3.6973 -0.48864 -1.1567 3.6516 -0.29277 -1.569 2.0109 -0.45388 -1.5423 2.4968 -1.9823 0.84664 3.7732 -0.6902 1.4167 2.1829 -0.50658 0.75885 2.1417 -1.9689 -0.79322 0.0053072 0.21326 -0.92774 -2.0821 -0.4204 -0.78829 -3.8856 0.075191 0.79322 -0.0053072 -0.21326 0.81052 -2.1289 -0.7299 1.1257 -3.8183 0.021395
15 153 120 -0.28908 4.9965 -0.45171 -0.2518 3.6973 -0.44603 -1.1923 3.6516 -0.045877 -1.6291 2.0109 -0.11774 -1.9208 2.4968 -1.6183 0.68464 3.7732 -0.85114 1.2805 2.1829 -0.79007 0.33291 2.1417 -2.0837 -0.73154 0.0053072 0.37352 -0.99488 -2.0821 -0.21833 -0.75543 -3.8856 0.23744 0.73154 -0.0053072 -0.37352 0.64105 -2.1289 -0.88246 1.1055 -3.8183 -0.21312
C17
15 150 96 -0.098514 4.9864 -0.58079 -0.053942 3.6895 -0.56422 -1.0745 3.6337 -0.61007 -1.3486 1.9569 -0.64219 -0.89105 2.237 -2.1538 0.96481 3.7755 -0.52481 1.3525 2.1519 -0.20598 0.99312 1.965 -1.758 -0.82138 -0.0028062 -0.0053675 -0.77009 -2.0956 -0.6332 -0.73477 -3.8955 -0.10678 0.82138 0.0028062 0.0053675 1.0144 -2.1087 -0.52475 1.0664 -3.7218 0.43082
15 148 96 -0.090529 4.9895 -0.52605 -0.040816 3.6937 -0.53273 -1.0604 3.6278 -0.58717 -1.2788 1.986 -0.96773 -0.74581 2.5999 -2.3505 0.97663 3.7899 -0.48432 1.3557 2.1429 -0.66259 0.84573 2.3223 -2.1728 -0.82114 0.0013309 -0.020556 -0.75387 -2.0892 -0.65455 -0.72472 -3.895 -0.14838 0.82114 -0.0013304 0.020556 1.0032 -2.1226 -0.47329 0.98028 -3.675 0.57898
15 149 96 -0.08953 4.9864 -0.56154 -0.042639 3.6904 -0.55607 -1.0622 3.6269 -0.61247 -1.3156 1.9553 -0.78427 -0.80838 2.3893 -2.2428 0.97495 3.7843 -0.50598 1.3622 2.1313 -0.4303 0.92029 2.1281 -1.9723 -0.82115 -9.5844e-05 -0.020146 -0.75603 -2.0925 -0.64824 -0.72574 -3.8944 -0.12868 0.82115 9.6321e-05 0.020146 1.0152 -2.1118 -0.50813 1.0224 -3.685 0.51303
15 150 96 -0.098514 4.9864 -0.58079 -0.053942 3.6895 -0.56422 -1.0745 3.6337 -0.61007 -1.3486 1.9569 -0.64219 -0.89105 2.237 -2.1538 0.96481 3.7755 -0.52481 1.3525 2.1519 -0.20598 0.99312 1.965 -1.758 -0.82138 -0.0028062 -0.0053675 -0.77009 -2.0956 -0.6332 -0.73477 -3.8955 -0.10678 0.82138 0.0028062 0.0053675 1.0144 -2.1087 -0.52475 1.0664 -3.7218 0.43082
15 151 96 -0.097225 4.9902 -0.5738 -0.064787 3.6921 -0.54996 -1.0863 3.6449 -0.58301 -1.3859 1.9722 -0.57883 -0.98371 2.2052 -2.114 0.95507 3.7695 -0.52336 1.3625 2.1859 -0.060519 1.0633 1.8929 -1.6089 -0.82129 -0.0040751 0.013036 -0.78604 -2.0959 -0.61942 -0.74803 -3.8944 -0.088782 0.82129 0.0040751 -0.013036 1.0028 -2.1093 -0.53982 1.1066 -3.7654 0.33451
15 152 96 -0.098548 4.9908 -0.56688 -0.065972 3.6931 -0.54158 -1.0877 3.6426 -0.55924 -1.4244 1.9785 -0.63181 -1.0581 2.2933 -2.1614 0.95391 3.7738 -0.53044 1.4096 2.2003 -0.078413 1.1168 1.9578 -1.6367 -0.82072 -0.0010414 0.033471 -0.80685 -2.0895 -0.61056 -0.76739 -3.8899 -0.086251 0.82072 0.0010409 -0.033471 0.97529 -2.1149 -0.55842 1.1172 -3.7987 0.25561
15 153 96 -0.080356 4.9965 -0.53024 -0.048616 3.6973 -0.50989 -1.0706 3.6516 -0.52688 -1.4404 2.0109 -0.77018 -1.0965 2.4968 -2.2597 0.97164 3.7732 -0.49909 1.4911 2.1829 -0.20096 1.1516 2.1417 -1.7681 -0.82022 0.0053072 0.043679 -0.82006 -2.0821 -0.6041 -0.7867 -3.8856 -0.090347 0.82022 -0.0053072 -0.043679 0.94456 -2.1289 -0.54543 1.0966 -3.8183 0.25497
C18
15 154 12 0.4656 5.0054 -0.11177 0.45261 3.7042 -0.077658 0.36215 3.6609 -1.0959 0.79215 2.0773 -1.5378 2.2317 2.7626 -1.3614 0.54865 3.7779 0.93829 0.56289 2.174 1.4999 2.0531 2.4153 0.95767 -0.12642 0.0082979 -0.81157 0.51207 -2.0808 -0.87945 0.0082162 -3.8862 -0.8116 0.12642 -0.0082979 0.81157 0.61243 -2.1386 0.8603 -0.14821 -3.8378 1.0883
15 148 12 0.5137 4.9895 -0.14502 0.52555 3.6937 -0.096278 0.47311 3.6278 -1.1159 0.82876 1.986 -1.3729 2.2597 2.5999 -0.98742 0.58376 3.7899 0.92065 0.80067 2.1429 1.279 2.2493 2.3223 0.61398 -0.065389 0.0013309 -0.81879 0.57216 -2.0892 -0.81816 0.07181 -3.895 -0.73626 0.065389 -0.0013304 0.81879 0.57556 -2.1226 0.94823 -0.47334 -3.675 1.0354
15 148 24 0.47233 4.9895 -0.24866 0.49405 3.6937 -0.20344 0.23076 3.6278 -1.1899 0.52521 1.986 -1.5152 2.005 2.5999 -1.4357 0.76242 3.7899 0.77917 1.0491 2.1429 1.0846 2.3278 2.3223 0.13291 -0.2342 0.0013309 -0.7873 0.38955 -2.0892 -0.91924 -0.082836 -3.895 -0.7351 0.2342 -0.0013304 0.78731 0.76013 -2.1226 0.80784 -0.24772 -3.675 1.1112
15 149 12 0.54911 4.9864 -0.14774 0.54857 3.6904 -0.10053 0.49809 3.6269 -1.1204 0.64246 1.9553 -1.3904 2.146 2.3893 -1.0384 0.60512 3.7843 0.91672 0.57033 2.1313 1.3097 2.0577 2.1281 0.70909 -0.065798 -9.5844e-05 -0.81876 0.56566 -2.0925 -0.81965 0.052113 -3.8944 -0.73521 0.065798 9.6321e-05 0.81876 0.61147 -2.1118 0.95657 -0.40335 -3.685 1.0704
15 149 24 0.50639 4.9864 -0.25867 0.51568 3.6904 -0.21239 0.25425 3.6269 -1.1995 0.33934 1.9553 -1.4936 1.8832 2.3893 -1.4619 0.78249 3.7843 0.77087 0.83017 2.1313 1.1625 2.1601 2.1281 0.26578 -0.23459 -9.5844e-05 -0.78719 0.38289 -2.0925 -0.91935 -0.10189 -3.8944 -0.72998 0.23459 9.6321e-05 0.78719 0.79699 -2.1118 0.80853 -0.17199 -3.685 1.1309
15 150 12 0.56731 4.9864 -0.15868 0.55549 3.6895 -0.11262 0.49441 3.6337 -1.1324 0.4977 1.9569 -1.4084 2.0489 2.237 -1.1113 0.62278 3.7755 0.90466 0.34623 2.1519 1.3236 1.8522 1.965 0.80391 -0.080519 -0.0028062 -0.81744 0.54923 -2.0956 -0.83206 0.029394 -3.8955 -0.74191 0.080519 0.0028062 0.81744 0.62791 -2.1087 0.95402 -0.31699 -3.7218 1.1056
15 151 12 0.56049 4.9902 -0.15667 0.54017 3.6921 -0.12192 0.46627 3.6449 -1.1413 0.4308 1.9722 -1.4388 1.9996 2.2052 -1.1993 0.62032 3.7695 0.89513 0.20261 2.1859 1.3487 1.7112 1.8929 0.88931 -0.098812 -0.0040751 -0.81543 0.53386 -2.0959 -0.84648 0.010106 -3.8944 -0.75321 0.098812 0.0040751 0.81543 0.64169 -2.1093 0.94088 -0.217 -3.7654 1.1355
15 152 12 0.55348 4.9908 -0.15726 0.53172 3.6931 -0.12222 0.44248 3.6426 -1.1402 0.47946 1.9785 -1.4826 2.039 2.2933 -1.2782 0.62725 3.7738 0.89324 0.22533 2.2003 1.3937 1.7445 1.9578 0.93963 -0.11908 -0.0010414 -0.81272 0.52288 -2.0895 -0.86625 0.005564 -3.8899 -0.7722 0.11908 0.0010409 0.81272 0.6573 -2.1149 0.91158 -0.13743 -3.7987 1.1378
15 153 12 0.51893 4.9965 -0.13534 0.50201 3.6973 -0.10165 0.41208 3.6516 -1.1198 0.6154 2.0109 -1.513 2.1327 2.4968 -1.3267 0.59792 3.7732 0.91415 0.35572 2.1829 1.4619 1.8788 2.1417 0.9605 -0.12918 0.0053072 -0.81116 0.51507 -2.0821 -0.87872 0.0076197 -3.8856 -0.79183 0.12918 -0.0053072 0.81116 0.64118 -2.1289 0.88237 -0.13894 -3.8183 1.1173
15 154 12 0.4656 5.0054 -0.11177 0.45261 3.7042 -0.077658 0.36215 3.6609 -1.0959 0.79215 2.0773 -1.5378 2.2317 2.7626 -1.3614 0.54865 3.7779 0.93829 0.56289 2.174 1.4999 2.0531 2.4153 0.95767 -0.12642 0.0082979 -0.81157 0.51207 -2.0808 -0.87945 0.0082162 -3.8862 -0.8116 0.12642 -0.0082979 0.81157 0.61243 -2.1386 0.8603 -0.14821 -3.8378 1.0883
C19
15 151 300 0.3222 4.9902 0.48464 0.28287 3.6921 0.47606 1.2295 3.6449 0.090767 1.5015 1.9722 -0.034893 1.7585 2.2052 1.5312 -0.65963 3.7695 0.86657 -1.2201 2.1859 0.60946 -0.31698 1.8929 1.9023 0.74498 -0.0040751 -0.34596 0.97002 -2.0959 0.24616 0.71947 -3.8944 -0.22314 -0.74498 0.0040751 0.34596 -0.69654 -2.1093 0.90103 -1.147 -3.7654 0.14451
15 147 288 0.20188 4.9913 0.45199 0.158 3.6967 0.48721 1.1639 3.6305 0.3124 1.4544 2.0474 0.85771 1.2153 2.7922 2.2581 -0.84455 3.7932 0.66715 -1.1151 2.1831 1.1385 -0.27 2.5108 2.4618 0.80615 -0.0012894 -0.15754 0.87818 -2.0902 0.48117 0.74978 -3.8997 0.0047068 -0.80615 0.0012889 0.15754 -0.86603 -2.1368 0.60672 -1.0502 -3.7009 -0.41193
15 147 300 0.29144 4.9913 0.40014 0.25584 3.6967 0.44371 1.2034 3.6305 0.063584 1.601 2.0474 0.53658 1.6582 2.7922 1.9561 -0.68739 3.7932 0.82816 -0.85404 2.1831 1.3454 0.24774 2.5108 2.4642 0.75578 -0.0012894 -0.32171 0.95903 -2.0902 0.28807 0.73437 -3.8997 -0.15128 -0.75578 0.0012889 0.32171 -0.72096 -2.1368 0.77352 -1.1129 -3.7009 -0.18458
15 148 288 0.19792 4.9895 0.49573 0.15069 3.6937 0.51261 1.1593 3.6278 0.35387 1.452 1.986 0.68071 1.2182 2.5999 2.1441 -0.85459 3.7899 0.67679 -1.1883 2.1429 0.92997 -0.3755 2.3223 2.3011 0.80747 0.0013309 -0.15062 0.87348 -2.0892 0.48351 0.73973 -3.895 -0.0055435 -0.80747 -0.0013304 0.15062 -0.88287 -2.1226 0.67152 -1.0792 -3.675 -0.36251
15 148 300 0.29667 4.9895 0.44375 0.25397 3.6937 0.47008 1.2075 3.6278 0.10511 1.5618 1.986 0.36395 1.6374 2.5999 1.844 -0.6952 3.7899 0.83968 -0.96897 2.1429 1.1567 0.11114 2.3223 2.3289 0.75851 0.0013309 -0.31521 0.95492 -2.0892 0.29133 0.72242 -3.895 -0.15922 -0.75851 -0.0013304 0.31521 -0.72396 -2.1226 0.8404 -1.131 -3.675 -0.1302
15 149 288 0.20432 4.9864 0.53065 0.15732 3.6904 0.53505 1.1664 3.6269 0.37824 1.4499 1.9553 0.4936 1.257 2.3893 2.0257 -0.84844 3.7843 0.69763 -1.2429 2.1313 0.70411 -0.49012 2.1281 2.1205 0.8074 -9.5844e-05 -0.15102 0.87429 -2.0925 0.47689 0.73663 -3.8944 -0.025024 -0.8074 9.6321e-05 0.15102 -0.88741 -2.1118 0.70811 -1.1067 -3.685 -0.28926
15 149 300 0.31019 4.9864 0.47658 0.26513 3.6904 0.49065 1.2195 3.6269 0.12747 1.5209 1.9553 0.18136 1.6507 2.3893 1.7201 -0.68486 3.7843 0.85878 -1.0694 2.1313 0.94714 -0.038534 2.1281 2.1761 0.75836 -9.5844e-05 -0.31559 0.95433 -2.0925 0.28469 0.71533 -3.8944 -0.17763 -0.75836 9.6321e-05 0.31559 -0.72079 -2.1118 0.87714 -1.1426 -3.685 -0.052844
15 150 288 0.21711 4.9864 0.54762 0.17007 3.6895 0.54067 1.1779 3.6337 0.37333 1.4527 1.9569 0.34776 1.3194 2.237 1.9215 -0.83461 3.7755 0.71393 -1.2801 2.1519 0.48269 -0.6059 1.965 1.9261 0.80455 -0.0028062 -0.16552 0.88491 -2.0956 0.45925 0.74092 -3.8955 -0.048318 -0.80455 0.0028062 0.16552 -0.88316 -2.1087 0.72419 -1.1327 -3.7218 -0.19968
15 150 300 0.32623 4.9864 0.49051 0.27877 3.6895 0.4935 1.2298 3.6337 0.12028 1.4932 1.9569 0.038132 1.6901 2.237 1.6052 -0.66794 3.7755 0.87186 -1.1518 2.1519 0.73829 -0.19221 1.965 2.01 0.75255 -0.0028062 -0.32918 0.96105 -2.0956 0.26523 0.71468 -3.8955 -0.20131 -0.75255 0.0028062 0.32918 -0.71329 -2.1087 0.89199 -1.1495 -3.7218 0.040185
15 151 288 0.2144 4.9902 0.54104 0.17771 3.6921 0.52447 1.1838 3.6449 0.34441 1.4759 1.9722 0.27805 1.4017 2.2052 1.8633 -0.82538 3.7695 0.71049 -1.3201 2.1859 0.34247 -0.70556 1.8929 1.7948 0.80063 -0.0040751 -0.18351 0.89764 -2.0959 0.44246 0.75014 -3.8944 -0.068681 -0.80063 0.0040751 0.18351 -0.86865 -2.1093 0.73652 -1.152 -3.7654 -0.09712
15 151 300 0.3222 4.9902 0.48464 0.28287 3.6921 0.47606 1.2295 3.6449 0.090767 1.5015 1.9722 -0.034893 1.7585 2.2052 1.5312 -0.65963 3.7695 0.86657 -1.2201 2.1859 0.60946 -0.31698 1.8929 1.9023 0.74498 -0.0040751 -0.34596 0.97002 -2.0959 0.24616 0.71947 -3.8944 -0.22314 -0.74498 0.0040751 0.34596 -0.69654 -2.1093 0.90103 -1.147 -3.7654 0.14451
15 152 288 0.21426 4.9908 0.534 0.17713 3.6931 0.51603 1.1802 3.6426 0.32087 1.5246 1.9785 0.32186 1.4844 2.2933 1.8942 -0.82278 3.7738 0.71718 -1.3625 2.2003 0.36977 -0.75213 1.9578 1.8332 0.79582 -0.0010414 -0.20338 0.91616 -2.0895 0.42947 0.76856 -3.8899 -0.075184 -0.79582 0.0010409 0.20338 -0.83788 -2.1149 0.74899 -1.1459 -3.7987 -0.017747
15 152 300 0.3206 4.9908 0.47779 0.28055 3.6931 0.46792 1.2211 3.6426 0.068478 1.5582 1.9785 -0.0021626 1.8458 2.2933 1.5442 -0.65569 3.7738 0.87257 -1.2558 2.2003 0.64497 -0.35455 1.9578 1.9495 0.73615 -0.0010414 -0.36439 0.98543 -2.0895 0.2296 0.73613 -3.8899 -0.23333 -0.73615 0.0010409 0.36439 -0.66384 -2.1149 0.90683 -1.1246 -3.7987 0.22089
15 153 288 0.18884 4.9965 0.50194 0.15357 3.6973 0.48864 1.1567 3.6516 0.29277 1.569 2.0109 0.45387 1.5423 2.4968 1.9823 -0.84664 3.7732 0.6902 -1.4167 2.1829 0.50658 -0.75885 2.1417 1.9689 0.79322 0.0053072 -0.21326 0.92774 -2.0821 0.4204 0.78829 -3.8856 -0.075191 -0.79322 -0.0053072 0.21326 -0.81052 -2.1289 0.7299 -1.1257 -3.8183 -0.021395
15 153 300 0.28908 4.9965 0.45171 0.2518 3.6973 0.44603 1.1923 3.6516 0.045877 1.6291 2.0109 0.11774 1.9208 2.4968 1.6183 -0.68464 3.7732 0.85114 -1.2805 2.1829 0.79007 -0.33291 2.1417 2.0837 0.73154 0.0053072 -0.37352 0.99488 -2.0821 0.21833 0.75543 -3.8856 -0.23744 -0.73154 -0.0053072 0.37352 -0.64105 -2.1289 0.88246 -1.1055 -3.8183 0.21312
