2 4 348 3.7201 2.9497 0.92398 2.6961 2.2762 0.61608 2.9384 2.2324 -0.33614 1.4482 2.4214 -0.97828 0.39288 1.9191 -1.984 2.4788 2.3353 1.5735 0.86184 2.5215 1.7127 -0.43903 2.1105 2.4313 0.16591 0.01072 -0.77192 1.3269 -1.7051 -0.42232 0.41672 -3.256 -0.55288 -0.16591 -0.01072 0.77192 0.9616 -1.7526 1.1021 -0.09072 -3.192 0.83478
2 5 348 3.8273 2.7986 0.96891 2.7942 2.1446 0.65197 3.0394 2.0931 -0.29913 1.5349 2.2399 -0.91862 0.46016 1.7 -1.8836 2.5744 2.2108 1.6084 0.94492 2.2949 1.689 -0.33338 1.7347 2.3446 0.16936 0.010496 -0.77117 1.398 -1.6485 -0.38068 0.40821 -3.1458 -0.55199 -0.16936 -0.010496 0.77117 1.0339 -1.6942 1.134 -0.08805 -3.0721 0.82848
2 6 348 3.8857 2.7106 0.9925 2.8536 2.0625 0.6624 3.1066 2.0064 -0.28638 1.594 2.0068 -0.90335 0.55535 1.3195 -1.8125 2.6261 2.133 1.6167 0.99705 2.0216 1.6677 -0.1692 1.2245 2.2858 0.16704 0.0067756 -0.77172 1.4668 -1.5877 -0.34441 0.39075 -3.0171 -0.56752 -0.16704 -0.0067759 0.77172 1.0919 -1.6419 1.1662 -0.10627 -2.9469 0.83114
2 7 348 3.8788 2.7171 0.99701 2.8638 2.0506 0.65263 3.1324 1.992 -0.29169 1.6478 1.7159 -0.91489 0.73658 0.78388 -1.7387 2.6205 2.1239 1.6028 1.0395 1.7171 1.6652 0.10674 0.6437 2.2613 0.16797 -0.0050759 -0.77153 1.5468 -1.5194 -0.30263 0.38028 -2.8623 -0.59718 -0.16797 0.0050757 0.77153 1.1248 -1.5943 1.2015 -0.14218 -2.8258 0.84233
2 8 348 3.8158 2.8051 0.99508 2.8257 2.1052 0.64536 3.1084 2.0428 -0.29464 1.7409 1.4042 -0.91993 1.1497 0.14683 -1.5887 2.568 2.183 1.5913 1.1384 1.4022 1.7154 0.62145 0.079658 2.3164 0.17602 -0.01733 -0.76955 1.612 -1.4641 -0.26047 0.36045 -2.7125 -0.61564 -0.17602 0.01733 0.76955 1.1427 -1.5486 1.2419 -0.1824 -2.7042 0.8423
2 9 336 3.4082 2.9672 1.7327 2.5509 2.211 1.2006 3.0317 2.1476 0.34491 2.0882 1.1048 -0.48627 2.1475 -0.39127 -0.85512 2.0926 2.2905 2.0672 0.94999 1.1236 2.0284 0.90165 -0.28579 2.652 0.3436 -0.027252 -0.71042 1.6438 -1.4574 0.11318 0.41901 -2.6057 -0.54425 -0.3436 0.027252 0.71042 0.84452 -1.5252 1.4803 -0.40966 -2.604 0.76331
2 10 336 3.2474 3.171 1.6838 2.4417 2.3442 1.1791 2.9239 2.2904 0.32355 2.4178 0.89263 -0.35377 3.0647 -0.49473 -0.16811 1.9812 2.4155 2.0453 1.2712 0.95053 2.1814 1.9082 -0.24212 2.9226 0.35091 -0.024077 -0.70695 1.6307 -1.4658 0.12846 0.3488 -2.531 -0.55923 -0.35091 0.024077 0.70695 0.81542 -1.5389 1.4888 -0.47414 -2.5398 0.72317
2 11 324 2.6643 3.3702 2.232 2.0381 2.4721 1.6121 2.6902 2.4337 0.87677 2.8647 0.86436 0.45786 3.7941 0.041216 1.3724 1.404 2.5293 2.3617 1.158 0.94194 2.659 2.1778 0.34795 3.6514 0.49051 -0.012567 -0.61866 1.5083 -1.5157 0.43916 0.37638 -2.5375 -0.52296 -0.49051 0.012567 0.61866 0.44905 -1.6017 1.5808 -0.68354 -2.544 0.54148
2 12 324 2.5078 3.552 2.1252 1.9438 2.5868 1.5519 2.599 2.5587 0.81895 3.327 1.0969 0.77816 4.274 1.113 1.995 1.3055 2.6352 2.2987 1.5314 1.1442 2.9267 2.7763 1.3723 3.8076 0.48673 -0.0042431 -0.62175 1.3899 -1.6233 0.36683 0.26019 -2.636 -0.60735 -0.48673 0.0042434 0.62175 0.37996 -1.7028 1.4874 -0.78761 -2.6233 0.46744
2 13 324 2.3676 3.7184 1.9904 1.8732 2.6914 1.4631 2.5348 2.6704 0.7357 3.7086 1.5619 0.98516 4.3279 2.3382 2.1647 1.227 2.7344 2.2034 1.8165 1.5272 3.133 2.8991 2.471 3.6942 0.47699 -0.0038791 -0.62926 1.2154 -1.7723 0.2319 0.10747 -2.813 -0.73788 -0.47699 0.0038788 0.62926 0.24119 -1.8354 1.3472 -0.94011 -2.781 0.36674
2 14 324 2.1649 3.9289 1.7931 1.7608 2.8362 1.3214 2.4331 2.8279 0.60358 3.8318 2.0827 0.9999 4.0108 3.2906 1.9415 1.1018 2.8685 2.0508 1.8783 1.9792 3.18 2.6228 3.3138 3.3855 0.45876 -0.00028253 -0.64268 0.96372 -1.9412 -0.016381 -0.11813 -3.0594 -0.92751 -0.45876 0.00028276 0.64268 0.0013971 -1.9815 1.1673 -1.1566 -3.0063 0.2402
2 14 336 2.4904 3.9289 1.3038 1.9971 2.8362 0.92643 2.5055 2.8279 0.084513 3.956 2.0827 0.18137 4.3268 3.2906 1.0651 1.5041 2.8685 1.7769 2.4984 1.9792 2.72 3.2693 3.3138 2.7663 0.31511 -0.00028253 -0.72402 0.93926 -1.9412 -0.21639 -0.30839 -3.0594 -0.88268 -0.31511 0.00028276 0.72402 0.24407 -1.9815 1.1415 -1.0814 -3.0063 0.47542
2 15 336 2.1033 4.2098 1.0913 1.7261 3.0474 0.78163 2.2377 3.0532 -0.058366 3.7872 2.5598 0.098167 3.8138 3.9109 0.84082 1.2266 3.068 1.6286 2.2822 2.3852 2.6718 2.7352 3.8523 2.5309 0.30817 0.0032692 -0.72699 0.5501 -2.0715 -0.50077 -0.61228 -3.3219 -1.0805 -0.30817 -0.0032692 0.72699 -0.12936 -2.079 0.99815 -1.3776 -3.2452 0.42104
2 15 348 2.2842 4.2098 0.63013 1.8509 3.0474 0.40567 2.1767 3.0532 -0.52234 3.7248 2.5598 -0.69138 3.9052 3.9109 0.029517 1.5384 3.068 1.338 2.7878 2.3852 2.1389 3.2017 3.8523 1.9069 0.15029 0.0032692 -0.77518 0.43397 -2.0715 -0.6042 -0.82356 -3.3219 -0.92964 -0.15029 -0.0032692 0.77518 0.080997 -2.079 1.0032 -1.2599 -3.2452 0.69825
2 16 336 1.737 4.4234 0.89811 1.4248 3.2223 0.65433 1.9241 3.2323 -0.19301 3.4968 2.8413 0.012527 3.3954 4.2241 0.6873 0.93461 3.2403 1.5068 1.9869 2.6674 2.6174 2.3107 4.1564 2.3816 0.32197 0.0054674 -0.72097 0.23848 -2.0939 -0.71314 -0.77557 -3.4756 -1.273 -0.32197 -0.0054674 0.72097 -0.43367 -2.0999 0.84359 -1.6355 -3.369 0.40099
2 16 348 1.8857 4.4234 0.51735 1.5297 3.2223 0.3438 1.8419 3.2323 -0.58883 3.423 2.8413 -0.71478 3.4641 4.2241 -0.033675 1.2275 3.2403 1.2796 2.4876 2.6674 2.1471 2.7554 4.1564 1.8491 0.16504 0.0054674 -0.77216 0.084997 -2.0939 -0.74714 -1.0233 -3.4756 -1.0839 -0.16504 -0.0054674 0.77216 -0.2488 -2.0999 0.91532 -1.5164 -3.369 0.73227
2 17 348 1.7042 4.5058 0.45795 1.366 3.2936 0.31858 1.6629 3.301 -0.61904 3.2487 2.9214 -0.71843 3.274 4.3138 -0.056416 1.0775 3.3147 1.2586 2.3195 2.7787 2.1745 2.5466 4.268 1.8457 0.17478 0.0069966 -0.77 0.055823 -2.0906 -0.75157 -1.0591 -3.4583 -1.1222 -0.17478 -0.0069966 0.77 -0.29363 -2.1029 0.85495 -1.6453 -3.2855 0.69557
2 18 348 1.7636 4.4801 0.48076 1.4129 3.2693 0.36273 1.6994 3.2653 -0.57814 3.2734 2.8407 -0.68277 3.3256 4.2333 -0.022653 1.1355 3.3016 1.3058 2.3408 2.7195 2.2424 2.6105 4.2029 1.9193 0.19164 0.0096245 -0.76595 0.2555 -2.0891 -0.69162 -0.99768 -3.3302 -1.0659 -0.19164 -0.009625 0.76595 -0.096487 -2.1047 0.89209 -1.5588 -3.1304 0.64605
2 19 348 1.8655 4.4397 0.52092 1.4714 3.2428 0.40971 1.75 3.2254 -0.53341 3.287 2.6829 -0.64325 3.4503 4.0671 0.016216 1.2037 3.2878 1.355 2.3596 2.6313 2.3046 2.7486 4.0932 2.006 0.20319 0.014739 -0.76289 0.55285 -2.0512 -0.60809 -0.81668 -3.1635 -0.97958 -0.20319 -0.014738 0.76289 0.1694 -2.0724 0.96643 -1.3352 -3.008 0.63183
2 20 336 1.833 4.3896 0.943 1.4195 3.2131 0.73229 1.8899 3.1853 -0.131 3.352 2.4844 0.068212 3.5446 3.8321 0.79232 0.96054 3.268 1.6005 1.8348 2.5161 2.7577 2.4206 3.9344 2.6056 0.36551 0.009263 -0.69987 0.9291 -1.9875 -0.36895 -0.38798 -3.0456 -0.99874 -0.36551 -0.0092626 0.69987 0.17282 -2.0031 1.0859 -1.1746 -2.9648 0.37135
2 20 348 1.9891 4.3896 0.54129 1.5407 3.2131 0.42117 1.8214 3.1853 -0.52107 3.293 2.4844 -0.6302 3.6318 3.8321 0.038046 1.2723 3.268 1.3658 2.3681 2.5161 2.316 2.9094 3.9344 2.0454 0.21201 0.009263 -0.76057 0.83209 -1.9875 -0.55406 -0.58715 -3.0456 -0.89624 -0.21201 -0.0092626 0.76057 0.39481 -2.0031 1.0262 -1.0717 -2.9648 0.60744
2 21 336 2.0017 4.2995 1.019 1.5332 3.1481 0.78771 2.0089 3.1048 -0.072033 3.3835 2.2395 0.10228 3.7667 3.5055 0.89471 1.0703 3.2178 1.6528 1.8707 2.343 2.7766 2.6071 3.6947 2.6853 0.37293 0.0051913 -0.69599 1.1651 -1.8959 -0.28051 -0.12553 -3.0148 -0.85768 -0.37293 -0.0051918 0.69599 0.35302 -1.9139 1.19 -0.88767 -2.9735 0.42274
2 21 348 2.1698 4.2995 0.5806 1.6634 3.1481 0.45174 1.95 3.1048 -0.48813 3.3308 2.2395 -0.60342 3.8704 3.5055 0.092024 1.3906 3.2178 1.3941 2.4071 2.343 2.327 3.1084 3.6947 2.0846 0.22007 0.0051913 -0.75831 1.0813 -1.8959 -0.51662 -0.30111 -3.0148 -0.81284 -0.22007 -0.0051918 0.75831 0.59273 -1.9139 1.0906 -0.78038 -2.9735 0.59806
2 22 336 2.1586 4.1982 1.1197 1.6344 3.0773 0.86248 2.1239 3.0238 0.011081 3.383 1.991 0.13968 3.9812 3.1163 1.0078 1.1593 3.1561 1.72 1.858 2.1691 2.8184 2.7542 3.4235 2.7907 0.38094 0.0071793 -0.69161 1.3385 -1.799 -0.20693 0.18709 -3.0906 -0.71386 -0.38094 -0.0071793 0.69161 0.48591 -1.8305 1.2733 -0.61133 -3.0322 0.49677
2 22 348 2.3442 4.1982 0.64647 1.778 3.0773 0.50382 2.0798 3.0238 -0.43075 3.3381 1.991 -0.56674 4.1037 3.1163 0.158 1.4915 3.1561 1.4414 2.4033 2.1691 2.3705 3.2742 3.4235 2.1571 0.22882 0.0071793 -0.7557 1.2662 -1.799 -0.4807 0.034585 -3.0906 -0.73716 -0.22882 -0.0071793 0.7557 0.74002 -1.8305 1.1444 -0.49468 -3.0322 0.61302
2 23 336 2.2902 4.1039 1.2056 1.7114 3.019 0.91785 2.2022 2.955 0.067952 3.3333 1.7773 0.11744 4.137 2.6923 1.0632 1.2364 3.1072 1.7746 1.8041 1.9971 2.8302 2.8633 3.1161 2.8885 0.38524 0.0087333 -0.68921 1.4321 -1.7366 -0.1674 0.55069 -3.2567 -0.57162 -0.38524 -0.0087333 0.68921 0.57598 -1.7631 1.3314 -0.30654 -3.1727 0.63498
2 23 348 2.4908 4.1039 0.70312 1.8648 3.019 0.54198 2.1682 2.955 -0.3914 3.2849 1.7773 -0.57815 4.2676 2.6923 0.17986 1.5783 3.1072 1.4787 2.3531 1.9971 2.3932 3.4013 3.1161 2.2301 0.23353 0.0087333 -0.75425 1.366 -1.7366 -0.46149 0.41981 -3.2567 -0.67362 -0.23353 -0.0087333 0.75425 0.84021 -1.7631 1.1826 -0.16782 -3.1727 0.68484
2 24 336 2.3818 4.033 1.2525 1.7586 2.9834 0.93601 2.242 2.9117 0.08245 3.2247 1.6069 0.060036 4.2056 2.2487 1.0618 1.2927 3.078 1.797 1.7099 1.8462 2.7856 2.926 2.7799 2.9501 0.38285 0.0055532 -0.69057 1.444 -1.7317 -0.17073 0.92494 -3.4377 -0.43703 -0.38285 -0.0055532 0.69057 0.62198 -1.7205 1.3716 0.038264 -3.3434 0.84617
2 24 348 2.5902 4.033 0.72997 1.9148 2.9834 0.54991 2.2102 2.9117 -0.3855 3.1667 1.6069 -0.61173 4.3345 2.2487 0.16424 1.638 3.078 1.4889 2.2517 1.8462 2.3692 3.4754 2.7799 2.2773 0.2309 0.0055532 -0.75508 1.377 -1.7317 -0.46723 0.81386 -3.4377 -0.61978 -0.2309 -0.0055532 0.75508 0.89355 -1.7205 1.2123 0.21336 -3.3434 0.81972
2 25 336 2.4359 3.978 1.2989 1.7919 2.9526 0.9561 2.2755 2.8781 0.10288 3.08 1.4593 0.011313 4.1897 1.784 1.0315 1.3268 3.0491 1.8173 1.5846 1.7193 2.7304 2.9302 2.4178 3.0114 0.38057 0.0047641 -0.69184 1.4442 -1.7369 -0.19224 1.2666 -3.5258 -0.32985 -0.38057 -0.0047641 0.69184 0.64514 -1.6913 1.4115 0.33363 -3.4333 1.0659
2 25 348 2.6528 3.978 0.76405 1.9516 2.9526 0.56264 2.2471 2.8781 -0.37247 3.015 1.4593 -0.62929 4.3126 1.784 0.13784 1.6756 3.0491 1.5017 2.1176 1.7193 2.3413 3.4923 2.4178 2.3364 0.22841 0.0047641 -0.75585 1.3727 -1.7369 -0.48832 1.1703 -3.5258 -0.58598 -0.22841 -0.0047641 0.75585 0.9245 -1.6913 1.2465 0.54795 -3.4333 0.97325
2 26 336 2.4306 3.9583 1.3586 1.7978 2.9347 0.99398 2.2973 2.8652 0.1496 2.9151 1.3611 -0.0074677 4.0914 1.3517 0.98947 1.3166 3.0261 1.8469 1.4336 1.6301 2.6873 2.8568 2.0591 3.0974 0.37985 0.013205 -0.69212 1.5057 -1.6912 -0.2006 1.4406 -3.4908 -0.29186 -0.37985 -0.013205 0.69212 0.72007 -1.6333 1.4536 0.47782 -3.406 1.2304
2 26 348 2.66 3.9583 0.82359 1.9652 2.9347 0.59848 2.2782 2.8652 -0.33131 2.8498 1.3611 -0.61338 4.2077 1.3517 0.1172 1.6718 3.0261 1.5328 1.961 1.6301 2.3305 3.4384 2.0591 2.4357 0.22765 0.013205 -0.75597 1.4311 -1.6912 -0.50927 1.3485 -3.4908 -0.58501 -0.22765 -0.013205 0.75597 1.0065 -1.6333 1.2721 0.72319 -3.406 1.1041
2 27 336 2.3624 3.9942 1.3715 1.7628 2.9566 0.99444 2.2723 2.8981 0.15516 2.7397 1.345 -0.039603 3.9307 1.0271 0.88682 1.2712 3.0374 1.8425 1.3017 1.6004 2.619 2.7427 1.7379 3.1502 0.37067 0.021982 -0.69686 1.6893 -1.5226 -0.15848 1.3808 -3.2933 -0.30139 -0.37067 -0.021982 0.69686 0.8452 -1.5044 1.5562 0.47034 -3.2435 1.2631
2 27 348 2.596 3.9942 0.85031 1.931 2.9566 0.60621 2.2549 2.8981 -0.32066 2.6716 1.345 -0.60835 4.0291 1.0271 0.050207 1.6265 3.0374 1.5379 1.8178 1.6004 2.2912 3.3378 1.7379 2.5111 0.21769 0.021982 -0.7587 1.6194 -1.5226 -0.50624 1.288 -3.2933 -0.58189 -0.21769 -0.021982 0.7587 1.1503 -1.5044 1.3465 0.72268 -3.2435 1.1377
2 28 336 2.4356 3.9353 1.4223 1.8387 2.9024 1.0292 2.3419 2.8594 0.18523 2.7043 1.2795 -0.018322 3.8761 0.69544 0.79623 1.3534 2.9675 1.8822 1.3102 1.4921 2.5822 2.6988 1.322 3.2307 0.35312 0.030093 -0.70562 1.8942 -1.2398 -0.052351 1.2263 -2.8962 -0.30019 -0.35313 -0.030093 0.70562 1.0357 -1.277 1.6703 0.37868 -2.8766 1.16
2 28 348 2.6781 3.9353 0.88477 2.0125 2.9024 0.62445 2.3292 2.8594 -0.30572 2.6414 1.2795 -0.58018 3.9569 0.69544 -0.02706 1.7151 2.9675 1.5597 1.8184 1.4921 2.2534 3.3115 1.322 2.5989 0.1987 0.030093 -0.76362 1.8419 -1.2398 -0.44503 1.1371 -2.8962 -0.54859 -0.1987 -0.030093 0.76362 1.3604 -1.277 1.4184 0.61159 -2.8766 1.056
2 29 336 2.5997 3.7762 1.5527 1.9472 2.7957 1.1128 2.4475 2.7662 0.26658 2.6634 1.1656 0.020795 3.7879 0.31886 0.65019 1.4656 2.8461 1.9689 1.2792 1.3273 2.541 2.4919 0.77131 3.3142 0.35382 0.036828 -0.70495 1.9833 -1.0302 0.082673 1.1403 -2.5752 -0.30896 -0.35382 -0.036829 0.70495 1.1851 -1.0918 1.6709 0.29191 -2.5612 1.1287
2 30 336 2.767 3.5952 1.6702 2.0426 2.6821 1.1957 2.5349 2.6515 0.34473 2.5961 1.0498 0.029088 3.5949 -0.059917 0.41439 1.5705 2.732 2.057 1.2466 1.1951 2.5062 2.1096 0.19254 3.2986 0.36553 0.03927 -0.69882 2.0013 -0.95223 0.17038 1.0934 -2.4293 -0.3245 -0.36553 -0.03927 0.69882 1.2428 -1.0073 1.6425 0.23308 -2.4 1.1024
2 55 348 4.3458 1.9539 0.75988 3.1921 1.5168 0.48622 3.3758 1.4961 -0.47979 1.9666 1.2608 -1.272 1.2475 0.097194 -1.9837 3.0364 1.5466 1.4569 1.4628 1.2672 1.7954 0.47003 0.15284 2.1831 0.10101 0.025459 -0.78272 0.95189 -1.8799 -0.53836 0.45624 -3.5968 -0.7783 -0.10101 -0.025459 0.78272 0.74157 -1.9461 0.90646 -0.048988 -3.5638 0.81158
2 56 348 4.3421 1.9422 0.79699 3.1843 1.5224 0.51247 3.3783 1.4976 -0.45143 1.9551 1.4758 -1.253 1.0741 0.55327 -2.1193 3.0183 1.556 1.4813 1.4229 1.4847 1.8253 0.28209 0.56874 2.3124 0.10946 0.021492 -0.7817 0.95806 -1.8831 -0.52372 0.44552 -3.5939 -0.772 -0.10946 -0.021492 0.7817 0.72602 -1.945 0.90931 -0.060506 -3.5647 0.81523
2 57 348 4.3624 1.8792 0.83189 3.1986 1.482 0.53984 3.3948 1.4539 -0.42353 1.9771 1.6198 -1.2182 1.0022 0.93059 -2.194 3.0306 1.5184 1.5082 1.4352 1.6398 1.8382 0.20745 0.9053 2.4133 0.11789 0.016918 -0.78058 0.99528 -1.8724 -0.50679 0.44964 -3.5716 -0.76322 -0.11789 -0.016918 0.78058 0.73731 -1.9307 0.92356 -0.059824 -3.5446 0.82059
2 58 348 4.3951 1.7787 0.87665 3.2263 1.4074 0.57061 3.4339 1.3749 -0.39024 2.0284 1.6954 -1.1588 1.0147 1.1902 -2.2051 3.047 1.4475 1.5368 1.4682 1.7422 1.8359 0.21103 1.1201 2.4764 0.12565 0.012627 -0.77946 1.0609 -1.8454 -0.48398 0.46331 -3.5255 -0.75013 -0.12565 -0.012627 0.77946 0.77509 -1.9024 0.95759 -0.050316 -3.5005 0.83312
2 59 348 4.4304 1.6634 0.92639 3.2587 1.3187 0.60255 3.4736 1.279 -0.3564 2.0793 1.712 -1.0892 1.0642 1.3134 -2.1794 3.0722 1.3656 1.5671 1.5132 1.7821 1.8214 0.25932 1.1928 2.4984 0.13375 0.010248 -0.77814 1.1409 -1.8044 -0.45138 0.4729 -3.4552 -0.73339 -0.13375 -0.010248 0.77814 0.83151 -1.8631 1.0008 -0.040349 -3.4329 0.83856
2 71 336 2.3328 4.1141 1.0609 1.8273 2.9873 0.79729 2.2788 2.96 -0.076078 3.8334 2.5288 0.18039 3.9279 4.0353 0.4953 1.3901 3.04 1.6768 2.5911 2.5333 2.6615 2.9016 4.0413 2.5777 0.33486 -0.020804 -0.7148 0.72482 -2.0737 -0.49569 -0.44671 -3.2922 -1.1231 -0.33486 0.020804 0.7148 -0.079058 -2.0299 1.0933 -1.3354 -3.1838 0.50925
2 72 336 1.9787 4.3456 0.8821 1.5085 3.1886 0.6719 1.9516 3.1681 -0.20595 3.5442 2.8766 0.011938 3.4349 4.3803 0.33514 1.077 3.2361 1.5545 2.2707 2.837 2.5959 2.4403 4.3628 2.4518 0.35321 -0.022413 -0.70586 0.47512 -2.1184 -0.62642 -0.55129 -3.4546 -1.2683 -0.35321 0.022413 0.70586 -0.2853 -2.0637 0.94655 -1.5226 -3.2954 0.49626
2 72 348 2.1189 4.3456 0.45143 1.6153 3.1886 0.34357 1.8662 3.1681 -0.60722 3.4692 2.8766 -0.7252 3.4295 4.3803 -0.38633 1.3767 3.2361 1.2966 2.7608 2.837 2.0671 2.8968 4.3628 1.8909 0.19874 -0.022413 -0.76387 0.3345 -2.1184 -0.71151 -0.80295 -3.4546 -1.126 -0.19874 0.022413 0.76387 -0.08227 -2.0637 0.98518 -1.3862 -3.2954 0.80198
2 73 348 1.9502 4.4262 0.44211 1.4583 3.2629 0.34787 1.7145 3.2389 -0.60143 3.328 3.0642 -0.78769 3.1628 4.5394 -0.37026 1.2133 3.3143 1.299 2.5808 2.9833 2.1292 2.6719 4.5074 1.9134 0.21906 -0.018288 -0.7584 0.35881 -2.1128 -0.66911 -0.7706 -3.4407 -1.1295 -0.21906 0.018289 0.7584 -0.022153 -2.0633 0.96453 -1.3797 -3.2355 0.78041
2 74 336 1.8485 4.3953 0.91363 1.389 3.2302 0.72434 1.8357 3.2053 -0.15152 3.4619 3.0796 -0.059264 3.1528 4.5353 0.34441 0.95302 3.2826 1.6044 2.0764 2.961 2.7461 2.237 4.4828 2.5562 0.38443 -0.0081673 -0.68967 0.68981 -2.0748 -0.46606 -0.40009 -3.3361 -1.1533 -0.38443 0.0081673 0.68967 -0.026006 -2.0304 1.0503 -1.3269 -3.1189 0.43895
2 74 348 1.9981 4.3953 0.50933 1.5092 3.2302 0.41974 1.7641 3.2053 -0.52988 3.3739 3.0796 -0.77774 3.1555 4.5353 -0.31862 1.2658 3.2826 1.3712 2.602 2.961 2.2543 2.7195 4.4828 2.0353 0.23264 -0.0081673 -0.75453 0.57783 -2.0748 -0.59929 -0.63113 -3.3361 -1.0449 -0.23264 0.0081673 0.75453 0.19294 -2.0304 1.0328 -1.2066 -3.1189 0.70523
2 75 336 1.9137 4.3506 0.99107 1.4295 3.1986 0.78452 1.8819 3.1739 -0.088437 3.5066 3.0114 -0.034753 3.2083 4.4665 0.379 0.98893 3.2502 1.6623 2.0719 2.8681 2.8241 2.296 4.3854 2.665 0.39193 -0.00060272 -0.68549 0.91204 -2.0103 -0.36132 -0.18073 -3.2908 -1.0071 -0.39193 0.00060272 0.68549 0.16823 -1.9626 1.1818 -1.0582 -3.0706 0.46132
2 75 348 2.0779 4.3506 0.57154 1.5614 3.1986 0.47016 1.8224 3.1739 -0.47778 3.4227 3.0114 -0.76305 3.217 4.4665 -0.29633 1.3129 3.2502 1.4204 2.6138 2.8681 2.3316 2.7999 4.3854 2.1294 0.24084 -0.00060272 -0.75199 0.81699 -2.0103 -0.54305 -0.38617 -3.2908 -0.94751 -0.24084 0.00060272 0.75199 0.41026 -1.9626 1.121 -0.93918 -3.0706 0.67125
2 76 336 1.9782 4.3152 1.0288 1.4615 3.1825 0.7959 1.9168 3.1595 -0.07561 3.5296 2.9021 -0.039292 3.3166 4.3717 0.37618 1.0188 3.2319 1.6728 2.0671 2.7533 2.8306 2.3893 4.2566 2.7127 0.3881 -0.0015378 -0.68766 1.1029 -1.935 -0.28122 0.10555 -3.3172 -0.86911 -0.3881 0.0015378 0.68766 0.33947 -1.8796 1.2762 -0.7662 -3.0801 0.50998
2 76 348 2.1488 4.3152 0.595 1.595 3.1825 0.47465 1.8592 3.1595 -0.47248 3.4443 2.9021 -0.77228 3.3223 4.3717 -0.3216 1.3443 3.2319 1.4244 2.6104 2.7533 2.339 2.901 4.2566 2.1566 0.23665 -0.0015378 -0.75332 1.0203 -1.935 -0.50438 -0.077457 -3.3172 -0.87206 -0.23665 0.0015378 0.75332 0.5974 -1.8796 1.1778 -0.64342 -3.0801 0.65814
2 77 336 2.045 4.2741 1.0694 1.4986 3.1603 0.81494 1.9588 3.1354 -0.053914 3.5483 2.759 -0.026487 3.4541 4.2383 0.39834 1.0517 3.2111 1.6897 2.0539 2.6363 2.8446 2.4926 4.1123 2.7631 0.38382 -0.00038481 -0.69006 1.2501 -1.8557 -0.21937 0.42112 -3.3678 -0.74594 -0.38382 0.00038481 0.69006 0.48875 -1.7957 1.3434 -0.46711 -3.1252 0.5887
2 77 348 2.2226 4.2741 0.62089 1.6352 3.1603 0.48556 1.9048 3.1354 -0.46 3.4652 2.759 -0.76363 3.4615 4.2383 -0.32851 1.38 3.2111 1.4341 2.6005 2.6363 2.3554 3.0126 4.1123 2.1844 0.23196 -0.00038481 -0.75478 1.1772 -1.8557 -0.47449 0.25682 -3.3678 -0.8172 -0.23196 0.00038481 0.75478 0.75739 -1.7957 1.2125 -0.33451 -3.1252 0.67296
2 78 336 2.0943 4.2376 1.1153 1.5251 3.1387 0.84722 1.995 3.1051 -0.016192 3.546 2.5926 -0.0003362 3.5888 4.0692 0.44184 1.0695 3.1978 1.7169 2.0132 2.5278 2.8697 2.5657 3.9664 2.8161 0.387 0.003696 -0.68827 1.3557 -1.7915 -0.18501 0.74286 -3.4281 -0.62892 -0.387 -0.003696 0.68827 0.61488 -1.7105 1.3936 -0.15931 -3.1956 0.72589
2 78 348 2.2804 4.2376 0.65549 1.6679 3.1387 0.51162 1.948 3.1051 -0.43061 3.4685 2.5926 -0.73759 3.6022 4.0692 -0.31397 1.4031 3.1978 1.457 2.5659 2.5278 2.3885 3.0951 3.9664 2.2211 0.23544 0.003696 -0.75369 1.2876 -1.7915 -0.46282 0.59587 -3.4281 -0.76962 -0.23544 -0.003696 0.75369 0.89118 -1.7105 1.2353 -0.004907 -3.1956 0.74314
2 79 336 2.097 4.2317 1.1291 1.5148 3.1412 0.85458 1.9889 3.1012 -0.0062098 3.4869 2.4493 -0.0071057 3.6736 3.9054 0.46475 1.0551 3.2064 1.7216 1.932 2.4392 2.8666 2.5875 3.8344 2.8307 0.3876 0.0076337 -0.6879 1.435 -1.7413 -0.17938 1.075 -3.4749 -0.51967 -0.3876 -0.0076337 0.6879 0.70919 -1.6545 1.3944 0.15131 -3.2996 0.91154
2 79 348 2.2859 4.2317 0.66844 1.6594 3.1412 0.52097 1.9442 3.1012 -0.41959 3.4092 2.4493 -0.73191 3.6899 3.9054 -0.30918 1.39 3.2064 1.4646 2.4858 2.4392 2.4023 3.1195 3.8344 2.2309 0.2361 0.0076337 -0.75346 1.3663 -1.7413 -0.4738 0.94349 -3.4749 -0.73182 -0.2361 -0.0076337 0.75345 0.98361 -1.6545 1.2165 0.33752 -3.2996 0.86016
2 80 336 2.0609 4.2452 1.1371 1.473 3.1612 0.8493 1.9561 3.1199 -0.0064421 3.3855 2.3292 -0.030134 3.7105 3.7489 0.47627 1.0046 3.2277 1.7116 1.811 2.372 2.8457 2.5508 3.7247 2.8267 0.38618 0.013544 -0.68861 1.5062 -1.6917 -0.18657 1.3872 -3.4758 -0.41783 -0.38618 -0.013544 0.68861 0.77196 -1.6304 1.366 0.42675 -3.3788 1.0925
2 80 348 2.2522 4.2452 0.68373 1.6174 3.1612 0.52448 1.912 3.1199 -0.413 3.3052 2.3292 -0.73335 3.7285 3.7489 -0.30561 1.3385 3.2277 1.4653 2.3631 2.372 2.407 3.0828 3.7247 2.2346 0.23457 0.013544 -0.75385 1.4345 -1.6917 -0.49566 1.27 -3.4758 -0.69712 -0.23457 -0.013544 0.75385 1.0391 -1.6304 1.1756 0.64457 -3.3788 0.97989
2 81 336 2.0142 4.2675 1.1327 1.4376 3.1815 0.83175 1.9295 3.1438 -0.019107 3.2825 2.2301 -0.076002 3.725 3.6044 0.46563 0.96027 3.2442 1.6894 1.6857 2.3082 2.8147 2.4929 3.622 2.8154 0.37377 0.019204 -0.69529 1.5838 -1.6277 -0.20773 1.605 -3.4249 -0.35108 -0.37377 -0.019204 0.69529 0.83926 -1.5915 1.3814 0.62862 -3.3759 1.2319
2 81 348 2.2057 4.2675 0.6892 1.5791 3.1815 0.51469 1.8833 3.1438 -0.41985 3.195 2.2301 -0.75682 3.7404 3.6044 -0.31901 1.2905 3.2442 1.4529 2.2341 2.3082 2.4027 3.0238 3.622 2.2355 0.22104 0.019204 -0.75781 1.506 -1.6277 -0.53249 1.4969 -3.4249 -0.67709 -0.22104 -0.019204 0.75781 1.1081 -1.5915 1.1767 0.87102 -3.3759 1.0743
2 82 336 1.9511 4.2999 1.1235 1.3915 3.2044 0.82281 1.8802 3.1914 -0.030603 3.1687 2.1917 -0.12522 3.683 3.5254 0.4531 0.91662 3.2428 1.6833 1.5739 2.2604 2.8109 2.4194 3.5498 2.8287 0.35603 0.027568 -0.70426 1.7027 -1.5035 -0.19769 1.6431 -3.3002 -0.33543 -0.35603 -0.027568 0.70426 0.9526 -1.4925 1.4498 0.7326 -3.2764 1.3075
2 82 348 2.1421 4.2999 0.69333 1.5322 3.2044 0.51553 1.8328 3.1914 -0.42086 3.0735 2.1917 -0.7813 3.6967 3.5254 -0.32254 1.2466 3.2428 1.4559 2.1239 2.2604 2.4223 2.9546 3.5498 2.2639 0.20183 0.027568 -0.76289 1.6244 -1.5035 -0.54739 1.5375 -3.3002 -0.66972 -0.20183 -0.027568 0.76289 1.2332 -1.4925 1.22 0.98844 -3.2764 1.1266
2 83 336 1.9151 4.3196 1.1123 1.3745 3.2152 0.80884 1.8624 3.2245 -0.045126 3.1155 2.1831 -0.1631 3.6562 3.4926 0.44563 0.89984 3.2317 1.6701 1.524 2.2242 2.7945 2.3969 3.4943 2.8423 0.34674 0.025611 -0.70895 1.9575 -1.1891 -0.12218 1.6454 -2.9557 -0.30285 -0.34674 -0.025611 0.70895 1.1477 -1.2252 1.5703 0.70807 -2.9467 1.2634
2 83 348 2.1045 4.3196 0.68981 1.5126 3.2152 0.50539 1.8123 3.2245 -0.43135 3.0135 2.1831 -0.80729 3.669 3.4926 -0.32428 1.2274 3.2317 1.4465 2.0717 2.2242 2.4165 2.9355 3.4943 2.2818 0.19177 0.025611 -0.76555 1.8893 -1.1891 -0.5265 1.5465 -2.9557 -0.63833 -0.19177 -0.025611 0.76555 1.4491 -1.2252 1.2974 0.95526 -2.9467 1.0885
2 84 336 1.9886 4.2709 1.1683 1.4472 3.171 0.85158 1.9119 3.1877 -0.015128 3.0986 2.0705 -0.12615 3.7105 3.3375 0.50487 0.99622 3.1798 1.7256 1.5784 2.0919 2.7962 2.514 3.3086 2.9442 0.33937 0.028852 -0.71239 2.1415 -0.81491 -0.038157 1.581 -2.5089 -0.29731 -0.33937 -0.028852 0.71239 1.3261 -0.8767 1.6724 0.62044 -2.4815 1.2511
2 85 336 2.0056 4.2498 1.1902 1.4383 3.1736 0.83941 1.8932 3.199 -0.032297 2.9178 1.9313 -0.14147 3.7159 3.0766 0.51357 0.99764 3.1734 1.7187 1.4794 1.9358 2.6701 2.5494 2.9999 2.987 0.33338 0.028579 -0.71522 2.1973 -0.61269 0.012029 1.4681 -2.2293 -0.31302 -0.33338 -0.028579 0.71522 1.3779 -0.73098 1.7114 0.49888 -2.2193 1.1985
2 86 336 2.0664 4.2083 1.2138 1.4857 3.1466 0.84311 1.9552 3.1782 -0.020568 2.8279 1.8015 -0.12937 3.7973 2.753 0.60034 1.0311 3.1394 1.7153 1.4294 1.8101 2.5773 2.6317 2.6817 2.9924 0.33967 0.019693 -0.71256 2.2228 -0.50287 0.058882 1.3805 -2.0511 -0.32107 -0.33967 -0.019693 0.71255 1.3944 -0.63978 1.7239 0.40948 -2.0387 1.1549
2 87 336 2.1486 4.149 1.263 1.5703 3.0951 0.8748 2.0389 3.121 0.010436 2.8191 1.691 -0.11218 3.8932 2.4491 0.69347 1.1176 3.0929 1.7479 1.4447 1.7175 2.5666 2.7329 2.4458 2.9998 0.34223 0.016824 -0.7114 2.227 -0.44187 0.095869 1.3178 -1.9417 -0.32221 -0.34223 -0.016824 0.7114 1.4008 -0.59795 1.7305 0.34676 -1.9289 1.1234
2 88 336 2.2396 4.086 1.2893 1.6431 3.0491 0.88949 2.1147 3.0651 0.026533 2.847 1.6119 -0.11625 3.9719 2.2274 0.7402 1.1882 3.0559 1.7615 1.4683 1.6647 2.5707 2.7993 2.314 3.0001 0.34239 0.012181 -0.71142 2.208 -0.44149 0.14174 1.2752 -1.9144 -0.31781 -0.34239 -0.012181 0.71142 1.4092 -0.61654 1.7019 0.30585 -1.909 1.0994
2 89 324 2.0125 4.0179 1.7752 1.4972 2.9989 1.2435 2.1444 2.9991 0.50293 2.8671 1.5341 0.51301 3.8193 2.0462 1.6124 0.8652 3.0209 1.9968 0.95836 1.6241 2.8389 2.1904 2.226 3.5442 0.48219 0.0086915 -0.62523 2.0921 -0.47694 0.63442 1.2823 -1.9374 -0.045409 -0.48219 -0.0086915 0.62523 1.0475 -0.65871 1.9105 0.052735 -1.9338 1.1134
2 89 336 2.3376 4.0179 1.318 1.723 2.9989 0.90507 2.2021 2.9991 0.046093 2.9111 1.5341 -0.094317 4.0711 2.0462 0.78314 1.2615 3.0209 1.7733 1.5277 1.6241 2.5776 2.8794 2.226 3.0114 0.34166 0.0086915 -0.71182 2.1783 -0.47694 0.18558 1.2448 -1.9374 -0.31101 -0.34166 -0.0086915 0.71182 1.4218 -0.65871 1.651 0.28307 -1.9338 1.0781
2 90 324 2.1005 3.9506 1.8268 1.5667 2.9477 1.2828 2.2114 2.9406 0.54007 2.9187 1.4681 0.55142 3.8912 1.8836 1.6736 0.93761 2.9767 2.0383 1.015 1.5746 2.873 2.2596 2.1416 3.5853 0.48064 0.0079288 -0.62643 2.0555 -0.54579 0.64925 1.2761 -2.0151 -0.046805 -0.48064 -0.0079288 0.62643 1.0512 -0.73402 1.8676 0.038837 -2.0146 1.1021
2 91 324 2.1838 3.8928 1.8576 1.6327 2.9024 1.3077 2.273 2.8924 0.56119 2.9542 1.4075 0.56584 3.9474 1.7049 1.7073 1.0085 2.9339 2.0671 1.0681 1.5203 2.8838 2.3264 2.0346 3.6116 0.47632 0.005635 -0.62975 2.0246 -0.65908 0.6254 1.2494 -2.1347 -0.062102 -0.47632 -0.005635 0.62975 1.0405 -0.82893 1.828 0.026948 -2.1259 1.0921
2 92 324 2.2481 3.8467 1.8851 1.6829 2.8643 1.3346 2.3174 2.8519 0.58321 2.9498 1.3457 0.57677 3.9762 1.4721 1.7205 1.0648 2.8981 2.0989 1.0975 1.4628 2.8784 2.3715 1.8752 3.643 0.47469 0.0064747 -0.63097 1.9928 -0.78074 0.58971 1.2289 -2.271 -0.078647 -0.47469 -0.0064747 0.63097 1.0098 -0.93439 1.7927 0.010564 -2.2585 1.0862
2 93 324 2.2957 3.82 1.8895 1.7193 2.8401 1.3464 2.3449 2.825 0.58758 2.9143 1.2941 0.55594 3.9718 1.1917 1.6734 1.1103 2.8766 2.1178 1.093 1.4126 2.8424 2.3856 1.6477 3.6495 0.47051 0.0078428 -0.63408 1.9478 -0.90659 0.54733 1.2115 -2.421 -0.097086 -0.47052 -0.007843 0.63408 0.97216 -1.0495 1.7512 -0.0086377 -2.4045 1.0782
2 94 324 2.3212 3.813 1.8781 1.741 2.8309 1.3432 2.3603 2.8124 0.57933 2.8455 1.2542 0.50526 3.9141 0.87874 1.5516 1.1384 2.8707 2.1195 1.0545 1.3791 2.7803 2.3527 1.3555 3.6121 0.46631 0.0089302 -0.63716 1.8917 -1.0352 0.49962 1.1893 -2.5747 -0.1229 -0.46631 -0.0089302 0.63716 0.92722 -1.1694 1.6981 -0.033223 -2.5573 1.064
2 94 336 2.6609 3.813 1.3544 1.9822 2.8309 0.95185 2.4292 2.8124 0.075932 2.8884 1.2542 -0.097402 4.1511 0.87874 0.70393 1.5542 2.8707 1.8365 1.6095 1.3791 2.5003 3.0522 1.3555 3.044 0.32364 0.0089302 -0.72019 1.9542 -1.0352 0.095392 1.1377 -2.5747 -0.36748 -0.32364 -0.0089302 0.72019 1.26 -1.1694 1.4682 0.18872 -2.5573 1.0477
2 95 324 2.3177 3.8325 1.8477 1.7471 2.8355 1.3299 2.3626 2.8149 0.56296 2.7604 1.2355 0.43682 3.7887 0.55297 1.3612 1.1481 2.8779 2.1088 0.99028 1.3625 2.6981 2.2467 1.0185 3.5232 0.46224 0.010777 -0.64009 1.8322 -1.1516 0.44908 1.1612 -2.7133 -0.15229 -0.46224 -0.010777 0.64009 0.87996 -1.2809 1.6399 -0.06414 -2.6946 1.0392
2 95 336 2.6512 3.8325 1.3254 1.9854 2.8355 0.93755 2.428 2.8149 0.05945 2.7909 1.2355 -0.14664 3.9889 0.55297 0.54378 1.5614 2.8779 1.824 1.5296 1.3625 2.4333 2.9301 1.0185 2.9791 0.31906 0.010777 -0.72221 1.8856 -1.1516 0.058317 1.1041 -2.7133 -0.39038 -0.31906 -0.010777 0.72221 1.2017 -1.2809 1.4211 0.15332 -2.6946 1.0298
2 96 336 2.6184 3.8718 1.2818 1.9643 2.8606 0.91105 2.4005 2.8403 0.029788 2.6521 1.2454 -0.21858 3.7258 0.27222 0.30864 1.5463 2.9029 1.8004 1.4261 1.3709 2.3547 2.6991 0.67448 2.8766 0.31396 0.010949 -0.72444 1.8157 -1.2563 0.019328 1.0653 -2.8358 -0.42002 -0.31396 -0.010949 0.72444 1.1425 -1.3769 1.3781 0.11306 -2.8109 1.0109
2 96 348 2.8276 3.8718 0.7094 2.1108 2.8606 0.48275 2.3543 2.8403 -0.46996 2.5488 1.2454 -0.76521 3.7085 0.27222 -0.47273 1.8868 2.9029 1.4395 1.8846 1.3709 2.0067 3.2381 0.67448 2.2525 0.15648 0.010949 -0.77388 1.78 -1.2563 -0.35859 0.95466 -2.8358 -0.63232 -0.15648 -0.010949 0.77388 1.404 -1.3769 1.1104 0.32077 -2.8109 0.96532
2 97 336 2.5623 3.9266 1.2325 1.9272 2.8966 0.88064 2.3563 2.8733 -0.0040548 2.4867 1.2739 -0.31044 3.3894 0.06559 0.010259 1.516 2.9425 1.7729 1.3043 1.3999 2.267 2.3495 0.37206 2.7453 0.31196 0.011292 -0.72529 1.7494 -1.35 -0.021752 1.0208 -2.9417 -0.45333 -0.31196 -0.011292 0.72529 1.0805 -1.4595 1.3403 0.068286 -2.9092 0.98736
2 97 348 2.7626 3.9266 0.67284 2.0682 2.8966 0.4607 2.304 2.8733 -0.49387 2.3678 1.2739 -0.82068 3.3174 0.06559 -0.69465 1.8515 2.9425 1.419 1.7471 1.3999 1.9462 2.8689 0.37206 2.1968 0.15435 0.011292 -0.7743 1.7067 -1.35 -0.385 0.90425 -2.9417 -0.65566 -0.15435 -0.011292 0.7743 1.3355 -1.4595 1.0863 0.27208 -2.9092 0.95158
2 98 336 2.4863 3.9942 1.1721 1.8754 2.9438 0.839 2.2932 2.9189 -0.051091 2.2851 1.3314 -0.43667 2.9972 -0.032613 -0.33725 1.4751 2.9919 1.7361 1.1586 1.4453 2.1562 1.8915 0.15779 2.584 0.30595 0.011407 -0.72785 1.6797 -1.4308 -0.05915 0.97171 -3.0336 -0.48441 -0.30595 -0.011407 0.72785 1.0147 -1.5383 1.3098 0.015508 -2.9982 0.96192
2 98 348 2.6757 3.9942 0.62953 2.0089 2.9438 0.43074 2.2324 2.9189 -0.52675 2.1443 1.3314 -0.90222 2.8616 -0.032613 -0.95303 1.8039 2.9919 1.3915 1.5816 1.4453 1.8682 2.3874 0.15779 2.1343 0.14794 0.011407 -0.77555 1.6307 -1.4308 -0.40708 0.84976 -3.0336 -0.67586 -0.14794 -0.011407 0.77555 1.2649 -1.5383 1.0702 0.21516 -2.9982 0.93768
2 99 348 2.5679 4.0694 0.59611 1.9357 2.9963 0.40904 2.1484 2.9739 -0.55097 1.8893 1.4199 -0.98303 2.3788 -0.026196 -1.1992 1.7408 3.0423 1.372 1.3734 1.5066 1.7911 1.8301 0.065957 2.0969 0.14516 0.013191 -0.77605 1.5567 -1.5038 -0.42889 0.78771 -3.112 -0.69924 -0.14516 -0.013191 0.77605 1.194 -1.6073 1.0584 0.15957 -3.078 0.92411
