2 8 204 -3.6719 2.8051 1.4378 -2.6654 2.1052 1.1388 -2.3415 2.0428 2.0654 -0.86768 1.4042 1.7675 0.0036253 0.14683 1.9611 -3.0129 2.183 0.222 -1.9292 1.4022 -0.71865 -1.8643 0.079658 -1.5088 0.30993 -0.01733 0.72605 -1.151 -1.4641 1.1582 0.070257 -2.7125 0.70993 -0.30993 0.01733 -0.72605 -1.6544 -1.5486 -0.33311 -0.34753 -2.7042 -0.78865
2 9 204 -3.5682 2.9672 1.3734 -2.5991 2.211 1.0924 -2.285 2.1476 2.0222 -1.0359 1.1048 1.8772 -0.8015 -0.39127 2.1681 -2.9365 2.2905 0.17191 -2.1431 1.1236 -0.65132 -2.5742 -0.28579 -1.1045 0.29803 -0.027252 0.73071 -1.184 -1.4574 1.1459 0.12409 -2.6057 0.67556 -0.29803 0.027252 -0.73071 -1.6652 -1.5252 -0.36289 -0.29314 -2.604 -0.81519
2 9 216 -3.2047 2.9672 2.0853 -2.3152 2.211 1.6089 -1.8146 2.1476 2.4531 -0.62298 1.1048 2.0516 -0.33321 -0.39127 2.2874 -2.8366 2.2905 0.77869 -2.2317 1.1236 -0.19151 -2.7475 -0.28579 -0.54515 0.44344 -0.027252 0.65278 -0.91992 -1.4574 1.367 0.26183 -2.6057 0.635 -0.44344 0.027252 -0.65278 -1.7042 -1.5252 -0.0087576 -0.45622 -2.604 -0.73643
2 10 204 -3.4242 3.171 1.2866 -2.5101 2.3442 1.0256 -2.1969 2.2904 1.9564 -1.3549 0.89263 2.0335 -1.9257 -0.49473 2.39 -2.8456 2.4155 0.10377 -2.4717 0.95053 -0.51496 -3.4488 -0.24212 -0.53752 0.29057 -0.024077 0.73382 -1.1866 -1.4658 1.1259 0.1822 -2.531 0.63341 -0.29057 0.024077 -0.73382 -1.652 -1.5389 -0.3902 -0.22016 -2.5398 -0.83625
2 10 216 -3.0819 3.171 1.9704 -2.242 2.3442 1.525 -1.7421 2.2904 2.3704 -0.90254 0.89263 2.2708 -1.3868 -0.49473 2.7382 -2.7619 2.4155 0.69314 -2.5247 0.95053 0.010182 -3.4852 -0.24212 0.19127 0.43679 -0.024077 0.65737 -0.9266 -1.4658 1.348 0.30991 -2.531 0.58168 -0.43679 0.024077 -0.65737 -1.697 -1.5389 -0.038203 -0.38922 -2.5398 -0.7722
2 11 216 -2.9461 3.3702 1.8441 -2.163 2.4721 1.4402 -1.6652 2.4337 2.2876 -1.3207 0.86436 2.583 -2.4777 0.041216 3.1843 -2.68 2.5293 0.60549 -2.8867 0.94194 0.27967 -4.1457 0.34795 0.94287 0.4368 -0.012567 0.65768 -0.88376 -1.5157 1.2988 0.38106 -2.5375 0.51956 -0.4368 0.012567 -0.65768 -1.6422 -1.6017 -0.061428 -0.30375 -2.544 -0.81741
2 12 216 -2.7962 3.552 1.7283 -2.0767 2.5868 1.3691 -1.582 2.5587 2.2187 -1.7682 1.0969 2.9237 -3.2181 1.113 3.4484 -2.5896 2.6352 0.53128 -3.2567 1.1442 0.5521 -4.4791 1.3723 1.4638 0.44092 -0.0042431 0.65504 -0.77838 -1.6233 1.2085 0.49722 -2.636 0.43514 -0.44092 0.0042434 -0.65504 -1.532 -1.7028 -0.098262 -0.20118 -2.6233 -0.89351
2 13 216 -2.6247 3.7184 1.6367 -1.9704 2.6914 1.3294 -1.483 2.6704 2.1834 -2.083 1.5619 3.2226 -3.3962 2.3382 3.4472 -2.4747 2.7344 0.4861 -3.5409 1.5272 0.75943 -4.4093 2.471 1.6156 0.45106 -0.0038791 0.64809 -0.59614 -1.7723 1.0843 0.66856 -2.813 0.33022 -0.45106 0.0038788 -0.64809 -1.3558 -1.8354 -0.18692 -0.058278 -2.781 -1.0074
2 14 216 -2.3743 3.9289 1.5048 -1.8009 2.8362 1.2663 -1.3259 2.8279 2.1275 -2.1351 2.0827 3.3353 -3.0858 3.2906 3.2145 -2.2909 2.8685 0.41415 -3.6048 1.9792 0.80365 -4.0303 3.3138 1.4482 0.46946 -0.00028253 0.6349 -0.28223 -1.9412 0.92162 0.91862 -3.0594 0.17427 -0.46946 0.00028276 -0.6349 -1.1106 -1.9815 -0.35939 0.12897 -3.0063 -1.1742
2 29 216 -2.6445 3.7762 1.475 -1.9373 2.7957 1.1299 -1.4546 2.7662 1.9863 -1.3497 1.1656 2.2962 -2.457 0.31886 2.9553 -2.438 2.8461 0.28479 -2.8402 1.3273 -0.16267 -4.1161 0.77131 0.50093 0.43359 0.036828 0.65889 -1.0633 -1.0302 1.6763 -0.30257 -2.5752 1.142 -0.43359 -0.036829 -0.65889 -2.0396 -1.0918 0.19087 -1.1235 -2.5612 -0.31158
2 30 216 -2.8299 3.5952 1.5612 -2.0568 2.6821 1.1711 -1.566 2.6515 2.0229 -1.3232 1.0498 2.2337 -2.1563 -0.059917 2.9061 -2.5667 2.732 0.33157 -2.7938 1.1951 -0.17349 -3.9115 0.19254 0.17763 0.42243 0.03927 0.66597 -1.1482 -0.95223 1.648 -0.26568 -2.4293 1.1092 -0.42243 -0.03927 -0.66597 -2.0439 -1.0073 0.25501 -1.0712 -2.4 -0.34934
2 30 228 -2.4435 3.5952 2.1155 -1.7683 2.6821 1.5732 -1.1112 2.6515 2.3043 -0.8299 1.0498 2.46 -1.505 -0.059917 3.2909 -2.4417 2.732 0.85797 -2.7688 1.1951 0.41115 -3.789 0.19254 0.98698 0.55166 0.03927 0.56359 -0.78048 -0.95223 1.8507 -0.029265 -2.4293 1.1402 -0.55166 -0.03927 -0.56359 -1.9462 -1.0073 0.67437 -1.1205 -2.4 -0.11899
2 31 216 -3.04 3.3583 1.6876 -2.2163 2.5098 1.2548 -1.7148 2.4763 2.1002 -1.283 0.9049 2.2148 -1.8371 -0.39496 2.8321 -2.7379 2.5612 0.42254 -2.7661 1.0533 -0.20521 -3.5634 -0.26391 -0.12112 0.41489 0.038656 0.67072 -1.1436 -1.0066 1.6156 -0.21865 -2.4392 1.0299 -0.41489 -0.038656 -0.67072 -2.0253 -1.0124 0.2635 -1.0212 -2.3741 -0.35973
2 31 228 -2.6227 3.3583 2.2828 -1.907 2.5098 1.6882 -1.2406 2.4763 2.4108 -0.7945 0.9049 2.4332 -1.2081 -0.39496 3.1522 -2.5902 2.5612 0.98255 -2.7483 1.0533 0.37437 -3.5107 -0.26391 0.62239 0.54528 0.038656 0.5698 -0.78269 -1.0066 1.8181 0.00026218 -2.4392 1.0529 -0.54528 -0.038656 -0.5698 -1.9262 -1.0124 0.67882 -1.0737 -2.3741 -0.13955
2 32 216 -3.2439 3.0832 1.8229 -2.3685 2.3101 1.3512 -1.8582 2.2783 2.1914 -1.1571 0.80285 2.186 -1.4601 -0.61789 2.703 -2.8998 2.3578 0.52486 -2.6656 0.96049 -0.28835 -3.1369 -0.50534 -0.37149 0.41588 0.041699 0.66993 -1.1115 -1.07 1.5895 -0.19709 -2.5028 0.98799 -0.41587 -0.041699 -0.66993 -1.9719 -1.108 0.25534 -0.9697 -2.4642 -0.38273
2 32 228 -2.794 3.0832 2.4575 -2.0358 2.3101 1.8141 -1.362 2.2783 2.5299 -0.67732 0.80285 2.3788 -0.86622 -0.61789 2.9475 -2.7273 2.3578 1.1163 -2.6673 0.96049 0.27216 -3.1456 -0.50534 0.28882 0.54607 0.041699 0.56883 -0.75674 -1.07 1.7858 0.012634 -2.5028 1.0074 -0.54607 -0.041699 -0.56883 -1.8757 -1.108 0.65974 -1.0281 -2.4642 -0.17276
2 33 216 -3.4391 2.7665 1.962 -2.5082 2.0883 1.4487 -1.9895 2.0622 2.284 -1.0275 0.74715 2.167 -1.0403 -0.75167 2.529 -3.0489 2.1283 0.62806 -2.5676 0.91968 -0.36002 -2.7008 -0.60015 -0.58368 0.41425 0.040777 0.671 -1.0642 -1.1647 1.5515 -0.17184 -2.6282 0.99225 -0.41425 -0.040776 -0.671 -1.8952 -1.2153 0.24637 -0.95365 -2.6047 -0.41231
2 33 228 -2.956 2.7665 2.6342 -2.1522 2.0883 1.9386 -1.4712 2.0622 2.6477 -0.55447 0.74715 2.3333 -0.49175 -0.75167 2.6901 -2.8517 2.1283 1.2482 -2.5863 0.91968 0.18167 -2.7631 -0.60015 -0.0093997 0.5447 0.040777 0.57021 -0.71835 -1.1647 1.7389 0.038212 -2.6282 1.0063 -0.5447 -0.040776 -0.57021 -1.8026 -1.2153 0.63502 -1.0185 -2.6047 -0.20502
2 34 216 -3.6051 2.4375 2.0939 -2.6301 1.8579 1.5398 -2.1096 1.827 2.3738 -0.93134 0.71782 2.1498 -0.60904 -0.77292 2.3767 -3.1734 1.9006 0.72108 -2.4987 0.91276 -0.39145 -2.2948 -0.55689 -0.81124 0.41445 0.03717 0.67108 -0.98655 -1.2951 1.4936 -0.14491 -2.8089 0.99261 -0.41445 -0.03717 -0.67108 -1.8032 -1.3441 0.21085 -0.93069 -2.7841 -0.43407
2 35 204 -4.1146 2.1116 1.3894 -3.0103 1.6199 1.0247 -2.6704 1.5767 1.9466 -1.2932 0.69891 1.9054 -0.71855 -0.70699 2.1717 -3.3763 1.673 0.11336 -2.3272 0.91684 -0.88482 -1.7206 -0.40448 -1.3985 0.26557 0.029358 0.74304 -1.1551 -1.4501 1.1983 -0.30171 -3.0161 0.93314 -0.26557 -0.029358 -0.74304 -1.6821 -1.4875 -0.21237 -0.78331 -2.9905 -0.64111
2 35 216 -3.7358 2.1116 2.2145 -2.7314 1.6199 1.6282 -2.2073 1.5767 2.4593 -0.86877 0.69891 2.1327 -0.25132 -0.70699 2.2737 -3.2789 1.673 0.81285 -2.4603 0.91684 -0.38164 -1.9738 -0.40448 -1.0102 0.41425 0.029358 0.67159 -0.8807 -1.4501 1.4123 -0.10111 -3.0161 0.97547 -0.41425 -0.029358 -0.67159 -1.6895 -1.4875 0.142 -0.89948 -2.9905 -0.46424
2 36 204 -4.2352 1.7903 1.4736 -3.1029 1.3833 1.0898 -2.7531 1.3333 2.0077 -1.2588 0.68071 1.908 -0.49704 -0.62561 2.2095 -3.4791 1.4412 0.18291 -2.335 0.93945 -0.86974 -1.5124 -0.1934 -1.516 0.26602 0.019832 0.74319 -1.0351 -1.585 1.1249 -0.258 -3.2003 0.93068 -0.26602 -0.019832 -0.74319 -1.5522 -1.6097 -0.26112 -0.75514 -3.1745 -0.67012
2 36 216 -3.8363 1.7903 2.3219 -2.8085 1.3833 1.7111 -2.2755 1.3333 2.5362 -0.8346 0.68071 2.1281 -0.026788 -0.62561 2.2646 -3.3651 1.4412 0.90226 -2.4648 0.93945 -0.36526 -1.7945 -0.1934 -1.1684 0.41473 0.019832 0.67164 -0.77864 -1.585 1.3156 -0.058859 -3.2003 0.96398 -0.41473 -0.019832 -0.67164 -1.5725 -1.6097 0.0673 -0.87797 -3.1745 -0.49847
2 37 204 -4.3201 1.4859 1.5561 -3.168 1.1619 1.1515 -2.8054 1.1094 2.0643 -1.2454 0.63814 1.9499 -0.45406 -0.62534 2.3437 -3.5573 1.2206 0.25022 -2.3779 0.95861 -0.84928 -1.4684 0.016148 -1.6631 0.26998 0.014751 0.74188 -0.91914 -1.6882 1.0585 -0.21504 -3.3432 0.93179 -0.26998 -0.014751 -0.74188 -1.4482 -1.6963 -0.29644 -0.73645 -3.3059 -0.68806
2 37 216 -3.9021 1.4859 2.4203 -2.8593 1.1619 1.785 -2.3149 1.1094 2.6024 -0.8128 0.63814 2.1662 0.043136 -0.62534 2.3868 -3.4276 1.2206 0.98436 -2.5025 0.95861 -0.33634 -1.7821 0.016148 -1.3215 0.41833 0.014751 0.66954 -0.67898 -1.6882 1.2264 -0.016608 -3.3432 0.95614 -0.41833 -0.014751 -0.66954 -1.4782 -1.6963 0.011142 -0.86342 -3.3059 -0.5199
2 38 204 -4.3651 1.2253 1.6423 -3.2033 0.97658 1.212 -2.8244 0.91986 2.1178 -1.2325 0.55896 2.0509 -0.55701 -0.71744 2.5915 -3.6092 1.0379 0.31817 -2.4541 0.97668 -0.83539 -1.6071 0.167 -1.8377 0.27838 0.015441 0.73876 -0.8127 -1.7575 1.0225 -0.17514 -3.4418 0.9356 -0.27838 -0.015441 -0.73876 -1.3664 -1.7636 -0.32112 -0.70244 -3.3988 -0.68997
2 39 204 -4.385 1.0055 1.7237 -3.2192 0.82392 1.2706 -2.8251 0.75519 2.1691 -1.2292 0.41106 2.2274 -0.80558 -0.89415 2.9307 -3.6403 0.89566 0.38464 -2.5804 0.96494 -0.85658 -1.9234 0.18907 -2.0159 0.28789 0.016042 0.73509 -0.73417 -1.7987 1.0117 -0.14692 -3.502 0.94218 -0.28789 -0.016042 -0.73509 -1.3323 -1.796 -0.34094 -0.68448 -3.4458 -0.67187
2 52 204 -4.0337 1.7059 2.025 -2.9413 1.2953 1.5442 -2.5026 1.2824 2.4245 -1.1479 0.38669 2.2475 -1.1565 -1.1502 2.3723 -3.4055 1.3159 0.67737 -2.4994 0.4526 -0.37265 -2.4369 -1.0788 -0.54168 0.37617 0.024885 0.69381 -0.50423 -1.8567 1.0083 0.045038 -3.572 0.92526 -0.37617 -0.024885 -0.69381 -1.1762 -1.9189 -0.26142 -0.49361 -3.5405 -0.65531
2 53 204 -3.9911 1.8393 1.995 -2.9039 1.4033 1.5233 -2.4687 1.3912 2.4053 -0.99741 0.70495 2.223 -0.65098 -0.79304 2.3401 -3.3645 1.4239 0.65454 -2.3715 0.73779 -0.44637 -2.092 -0.71267 -0.88875 0.3771 0.024213 0.69333 -0.4828 -1.866 1.0124 0.067291 -3.5805 0.91853 -0.3771 -0.024213 -0.69333 -1.1664 -1.9261 -0.27596 -0.47142 -3.5434 -0.66578
2 54 192 -4.2834 1.9289 1.1026 -3.1223 1.4864 0.8733 -2.8887 1.471 1.8286 -1.3286 1.007 1.9686 -0.67146 -0.36042 2.2442 -3.3834 1.5108 -0.074647 -2.1193 1.0239 -0.98782 -1.534 -0.27887 -1.569 0.22907 0.027229 0.75517 -0.65761 -1.8727 0.89061 -0.10986 -3.5904 0.90643 -0.22907 -0.027229 -0.75517 -1.0674 -1.9391 -0.51779 -0.30088 -3.5536 -0.75572
2 54 204 -3.9605 1.9289 1.9691 -2.8725 1.4864 1.5034 -2.4454 1.471 2.3892 -0.89028 1.007 2.2018 -0.1902 -0.36042 2.3348 -3.325 1.5108 0.63043 -2.2784 1.0239 -0.5256 -1.8267 -0.27887 -1.2158 0.38107 0.027229 0.69104 -0.45807 -1.8727 1.0079 0.080995 -3.5904 0.90946 -0.38107 -0.027229 -0.69104 -1.1518 -1.9391 -0.28454 -0.45143 -3.5536 -0.67665
2 55 192 -4.2791 1.9539 1.0734 -3.1139 1.5168 0.85416 -2.8888 1.4961 1.8114 -1.2793 1.2608 1.9619 -0.33281 0.097194 2.3196 -3.3665 1.5466 -0.095933 -2.0666 1.2672 -1.0452 -1.3173 0.15284 -1.8031 0.22609 0.025459 0.75613 -0.65062 -1.8799 0.87898 -0.10023 -3.5968 0.89658 -0.22609 -0.025459 -0.75613 -1.0461 -1.9461 -0.52647 -0.28535 -3.5638 -0.76134
2 55 204 -3.9625 1.9539 1.9396 -2.8683 1.5168 1.4829 -2.4491 1.4961 2.3724 -0.84339 1.2608 2.185 0.15675 0.097194 2.3382 -3.3128 1.5466 0.60609 -2.2388 1.2672 -0.59265 -1.6634 0.15284 -1.4898 0.37835 0.025459 0.6926 -0.45366 -1.8799 0.99505 0.08837 -3.5968 0.89783 -0.37835 -0.025459 -0.6926 -1.1327 -1.9461 -0.29746 -0.4374 -3.5638 -0.68538
2 56 192 -4.2909 1.9422 1.038 -3.1174 1.5224 0.82701 -2.9027 1.4976 1.7865 -1.2764 1.4758 1.9399 -0.11921 0.55327 2.3729 -3.3599 1.556 -0.1256 -2.0423 1.4847 -1.0888 -1.1982 0.56874 -1.9978 0.21795 0.021492 0.75864 -0.66222 -1.8831 0.86812 -0.093003 -3.5939 0.88646 -0.21795 -0.021492 -0.75864 -1.0331 -1.945 -0.5354 -0.27631 -3.5647 -0.76936
2 56 204 -3.9813 1.9422 1.9075 -2.8774 1.5224 1.4571 -2.4678 1.4976 2.351 -0.84518 1.4758 2.1628 0.37676 0.55327 2.3459 -3.3125 1.556 0.57569 -2.224 1.4847 -0.64036 -1.5874 0.56874 -1.705 0.37092 0.021492 0.69675 -0.46726 -1.8831 0.98683 0.093335 -3.5939 0.88643 -0.37092 -0.021492 -0.69675 -1.1218 -1.945 -0.3089 -0.43023 -3.5647 -0.6951
2 57 192 -4.3236 1.8792 1.0144 -3.1416 1.482 0.80782 -2.929 1.4539 1.7677 -1.3107 1.6198 1.917 -0.023205 0.93059 2.412 -3.382 1.5184 -0.1452 -2.0588 1.6398 -1.0955 -1.1711 0.9053 -2.1202 0.20979 0.016918 0.76105 -0.7031 -1.8724 0.86779 -0.10034 -3.5716 0.88012 -0.20979 -0.016918 -0.76105 -1.0492 -1.9307 -0.54382 -0.27911 -3.5446 -0.77398
2 57 204 -4.0182 1.8792 1.8911 -2.905 1.482 1.4433 -2.4975 1.4539 2.338 -0.8835 1.6198 2.1477 0.47878 0.93059 2.3641 -3.3383 1.5184 0.56113 -2.2416 1.6398 -0.64352 -1.5863 0.9053 -1.8304 0.36344 0.016918 0.7008 -0.50732 -1.8724 0.99501 0.084841 -3.5716 0.88175 -0.36344 -0.016918 -0.7008 -1.1394 -1.9307 -0.3138 -0.43393 -3.5446 -0.69904
2 58 192 -4.3717 1.7787 0.98679 -3.1794 1.4074 0.79097 -2.9783 1.3749 1.7532 -1.3817 1.6954 1.8836 -0.030085 1.1902 2.4272 -3.4086 1.4475 -0.16466 -2.088 1.7422 -1.08 -1.2 1.1201 -2.1765 0.20225 0.012627 0.76317 -0.77237 -1.8454 0.87367 -0.11815 -3.5255 0.87372 -0.20225 -0.012627 -0.76317 -1.0976 -1.9024 -0.55954 -0.2929 -3.5005 -0.78156
2 58 204 -4.071 1.7787 1.8742 -2.9455 1.4074 1.4347 -2.5487 1.3749 2.3341 -0.95988 1.6954 2.1297 0.47522 1.1902 2.3804 -3.3684 1.4475 0.54763 -2.267 1.7422 -0.62232 -1.6263 1.1201 -1.8794 0.3565 0.012627 0.70445 -0.57385 -1.8454 1.0152 0.066086 -3.5255 0.87919 -0.3565 -0.012627 -0.70445 -1.1899 -1.9024 -0.31912 -0.44899 -3.5005 -0.70358
2 59 192 -4.4242 1.6634 0.9557 -3.2221 1.3187 0.77498 -3.0283 1.279 1.7384 -1.4565 1.712 1.8408 -0.085747 1.3134 2.4238 -3.444 1.3656 -0.18205 -2.1232 1.7821 -1.0485 -1.2531 1.1928 -2.1769 0.19431 0.010248 0.76527 -0.85871 -1.8044 0.87642 -0.13372 -3.4552 0.86233 -0.19432 -0.010248 -0.76527 -1.1667 -1.8631 -0.57607 -0.30421 -3.4329 -0.78247
2 59 204 -4.1288 1.6634 1.8546 -2.9905 1.3187 1.4279 -2.6007 1.279 2.3301 -1.0419 1.712 2.1034 0.42007 1.3134 2.3887 -3.4066 1.3656 0.53797 -2.2948 1.7821 -0.58417 -1.6783 1.1928 -1.8688 0.34918 0.010248 0.70814 -0.65773 -1.8044 1.0358 0.048488 -3.4552 0.87129 -0.34918 -0.010248 -0.70814 -1.261 -1.8631 -0.32092 -0.46025 -3.4329 -0.70212
2 60 192 -4.4666 1.5685 0.93186 -3.2594 1.2386 0.76149 -3.067 1.1953 1.7251 -1.5051 1.6679 1.8007 -0.13957 1.2769 2.4008 -3.48 1.2887 -0.19568 -2.1386 1.7386 -1.0122 -1.2894 1.1176 -2.1396 0.18999 0.010645 0.76635 -0.94576 -1.7535 0.87597 -0.14064 -3.3666 0.84612 -0.18999 -0.010645 -0.76635 -1.2442 -1.8188 -0.58314 -0.30686 -3.3453 -0.7882
2 60 204 -4.1752 1.5685 1.8402 -3.0298 1.2386 1.4225 -2.6414 1.1953 2.3251 -1.0978 1.6679 2.0743 0.36263 1.2769 2.3774 -3.4447 1.2887 0.53214 -2.3023 1.7386 -0.54549 -1.7061 1.1176 -1.8248 0.34517 0.010645 0.7101 -0.74297 -1.7535 1.0535 0.038355 -3.3666 0.85687 -0.34517 -0.010645 -0.7101 -1.3382 -1.8188 -0.31171 -0.46403 -3.3453 -0.70717
2 61 192 -4.4885 1.5293 0.90044 -3.2807 1.1956 0.74286 -3.1001 1.1451 1.7084 -1.5214 1.5626 1.7536 -0.18858 1.0738 2.3556 -3.4897 1.253 -0.21652 -2.1077 1.6294 -1.0022 -1.3161 0.8901 -2.0996 0.18425 0.0082362 0.76778 -1.0359 -1.6987 0.87792 -0.13652 -3.2607 0.83098 -0.18425 -0.0082364 -0.76778 -1.3173 -1.7684 -0.58774 -0.29443 -3.239 -0.79182
2 61 204 -4.2032 1.5293 1.814 -3.0546 1.1956 1.4087 -2.6772 1.1451 2.3156 -1.1235 1.5626 2.0315 0.3053 1.0738 2.3434 -3.4584 1.253 0.51375 -2.27 1.6294 -0.54204 -1.7239 0.8901 -1.7801 0.33985 0.0082362 0.71269 -0.83069 -1.6987 1.0741 0.039233 -3.2607 0.84121 -0.33985 -0.0082364 -0.71269 -1.4107 -1.7684 -0.30101 -0.45263 -3.239 -0.71331
2 62 204 -4.2041 1.5726 1.7839 -3.0598 1.2132 1.3875 -2.6911 1.1632 2.2979 -1.106 1.4061 1.9861 0.22877 0.70331 2.306 -3.4549 1.2707 0.48866 -2.2146 1.4354 -0.56169 -1.7816 0.49515 -1.7045 0.33196 -0.0022628 0.71645 -0.92287 -1.6419 1.1053 0.049809 -3.1332 0.82117 -0.33196 0.0022628 -0.71645 -1.481 -1.7072 -0.30207 -0.432 -3.1108 -0.72682
2 63 204 -4.1627 1.7299 1.7405 -3.0313 1.3166 1.3597 -2.676 1.2596 2.2751 -1.0751 1.18 1.9599 0.046534 0.18074 2.308 -3.4128 1.3824 0.45558 -2.1747 1.1872 -0.59215 -1.9598 -0.0037353 -1.5477 0.32726 -0.012081 0.71851 -0.99175 -1.5914 1.1429 0.090541 -2.9925 0.80122 -0.32726 0.012081 -0.71851 -1.55 -1.648 -0.31436 -0.40513 -2.9694 -0.75457
2 64 204 -4.0662 2.0029 1.6735 -2.9613 1.5079 1.3151 -2.6145 1.4472 2.2334 -1.0943 0.91296 1.9646 -0.39061 -0.39513 2.3787 -3.3338 1.579 0.40758 -2.226 0.91435 -0.59224 -2.3739 -0.47942 -1.235 0.32178 -0.018372 0.72085 -1.0548 -1.5341 1.192 0.1357 -2.8297 0.79821 -0.32178 0.018372 -0.72085 -1.6123 -1.594 -0.33499 -0.37136 -2.82 -0.79079
2 64 216 -3.6294 2.0029 2.4823 -2.6232 1.5079 1.902 -2.093 1.4472 2.7282 -0.66187 0.91296 2.1492 0.11248 -0.39513 2.408 -3.1762 1.579 1.0918 -2.3004 0.91435 -0.11649 -2.5788 -0.47942 -0.71446 0.46462 -0.018372 0.63819 -0.78391 -1.5341 1.3853 0.29869 -2.8297 0.75256 -0.46462 0.018372 -0.63819 -1.6468 -1.594 0.0075549 -0.52766 -2.82 -0.6963
2 65 204 -3.903 2.3653 1.5899 -2.8538 1.7516 1.2538 -2.5145 1.6898 2.1749 -1.2646 0.6498 2.0173 -1.2324 -0.79805 2.5468 -3.218 1.826 0.34324 -2.4201 0.67543 -0.49837 -3.0295 -0.72126 -0.73416 0.31649 -0.019672 0.72315 -1.113 -1.469 1.2428 0.1521 -2.6744 0.79848 -0.31649 0.019672 -0.72315 -1.6617 -1.5538 -0.3642 -0.32924 -2.68 -0.81958
2 65 216 -3.4872 2.3653 2.3667 -2.5307 1.7516 1.8198 -2.0074 1.6898 2.6502 -0.81755 0.6498 2.2361 -0.67597 -0.79805 2.7474 -3.0763 1.826 1.0048 -2.4708 0.67543 0.015682 -3.1159 -0.72126 -0.088254 0.45993 -0.019672 0.64154 -0.83032 -1.469 1.4471 0.31479 -2.6744 0.7494 -0.45993 0.019672 -0.64154 -1.7011 -1.5538 -0.010757 -0.49245 -2.68 -0.73322
2 66 216 -3.2942 2.7471 2.2292 -2.4095 2.0097 1.7212 -1.8923 1.9504 2.5557 -1.1712 0.49018 2.4274 -1.7432 -0.70183 3.2209 -2.9479 2.0838 0.90148 -2.7769 0.57717 0.29346 -3.7476 -0.55439 0.68698 0.45795 -0.016834 0.64303 -0.8305 -1.4613 1.4602 0.36164 -2.5888 0.71289 -0.45795 0.016834 -0.64303 -1.7313 -1.5408 -0.037528 -0.44302 -2.5713 -0.76524
2 66 228 -2.7588 2.7471 2.8654 -1.999 2.0097 2.1845 -1.3196 1.9504 2.8932 -0.6409 0.49018 2.6179 -1.0355 -0.70183 3.5129 -2.6961 2.0838 1.4947 -2.6552 0.57717 0.86439 -3.5229 -0.55439 1.4511 0.58164 -0.016834 0.53377 -0.50877 -1.4613 1.6009 0.50196 -2.5888 0.62213 -0.58164 0.016834 -0.53377 -1.7012 -1.5408 0.32324 -0.59244 -2.5713 -0.65641
2 67 216 -3.088 3.0711 2.1006 -2.2726 2.2381 1.6298 -1.7575 2.1827 2.4658 -1.657 0.57341 2.7279 -2.7498 0.045649 3.6792 -2.8079 2.3102 0.80783 -3.1492 0.72285 0.62763 -4.3197 0.16178 1.4599 0.45889 -0.014904 0.64242 -0.79539 -1.5057 1.4289 0.43454 -2.5751 0.65774 -0.45889 0.014904 -0.64242 -1.7035 -1.5822 -0.08159 -0.36624 -2.5453 -0.81298
2 67 228 -2.5838 3.0711 2.6967 -1.8841 2.2381 2.0667 -1.2064 2.1827 2.7773 -1.0536 0.57341 3.0127 -1.9247 0.045649 4.1705 -2.5786 2.3102 1.374 -2.9499 0.72285 1.2687 -3.9218 0.16178 2.3261 0.58242 -0.014904 0.53297 -0.48093 -1.5057 1.563 0.5618 -2.5751 0.55302 -0.58242 0.014904 -0.53297 -1.6833 -1.5822 0.27438 -0.52726 -2.5453 -0.71907
2 68 216 -2.905 3.3117 1.9923 -2.1497 2.4021 1.5695 -1.6438 2.3522 2.4115 -2.0833 0.93147 3.0877 -3.3241 1.2819 3.9334 -2.6748 2.4707 0.74071 -3.5108 1.0779 0.91394 -4.6179 1.3407 1.9546 0.46259 -0.016322 0.63972 -0.72304 -1.5958 1.3566 0.53132 -2.639 0.58907 -0.46259 0.016322 -0.63972 -1.6132 -1.6689 -0.13928 -0.27252 -2.6089 -0.89417
2 68 228 -2.4273 3.3117 2.5527 -1.7764 2.4021 1.9822 -1.1065 2.3522 2.7006 -1.3958 0.93147 3.4534 -2.4336 1.2819 4.5386 -2.4624 2.4707 1.2807 -3.2441 1.0779 1.6239 -4.1106 1.3407 2.872 0.58548 -0.016322 0.52957 -0.42519 -1.5958 1.4773 0.64219 -2.639 0.46573 -0.58548 0.016322 -0.52957 -1.6069 -1.6689 0.19916 -0.45247 -2.6089 -0.81797
2 69 216 -2.7319 3.5201 1.8722 -2.0436 2.5379 1.5043 -1.5508 2.5046 2.3549 -2.3481 1.4813 3.3477 -3.3327 2.5445 3.8748 -2.5546 2.5916 0.66571 -3.7571 1.5642 1.0746 -4.5178 2.5608 1.9722 0.46451 -0.016275 0.63833 -0.57219 -1.744 1.2339 0.68314 -2.7939 0.477 -0.46451 0.016275 -0.63833 -1.4537 -1.7922 -0.23209 -0.15361 -2.7576 -1.0249
2 70 216 -2.4799 3.7829 1.7152 -1.8771 2.731 1.3832 -1.3766 2.7022 2.2294 -2.3408 2.0517 3.3765 -2.9343 3.4643 3.5502 -2.3937 2.7824 0.54786 -3.7796 2.0889 1.0648 -4.1282 3.4785 1.635 0.46129 -0.017178 0.64064 -0.29244 -1.9322 1.0638 0.91741 -3.0351 0.30825 -0.46129 0.017178 -0.64064 -1.2108 -1.9312 -0.40315 0.029447 -2.9673 -1.2027
2 71 204 -2.3493 4.1141 1.0237 -1.8152 2.9873 0.82444 -1.4683 2.96 1.7444 -2.6991 2.5288 2.7281 -2.9964 4.0353 2.5876 -2.1762 3.04 -0.088926 -3.7116 2.5333 0.14465 -3.8572 4.0413 0.43151 0.30714 -0.020804 0.72714 -0.11663 -2.0737 0.87033 1.1335 -3.2922 0.41951 -0.30714 0.020804 -0.72714 -0.75958 -2.0299 -0.79032 0.51512 -3.1838 -1.3332
2 85 216 -2.0335 4.2498 1.1419 -1.4461 3.1736 0.82594 -0.91861 3.199 1.6557 -1.3364 1.9313 2.5976 -2.3027 3.0766 2.9613 -1.9872 3.1734 0.0046325 -3.052 1.9358 -0.053887 -3.8615 2.9999 0.71428 0.45271 0.028579 0.64633 -1.1091 -0.61269 1.8969 -0.46295 -2.2293 1.4279 -0.45271 -0.028579 -0.64633 -2.1711 -0.73098 0.33764 -1.2873 -2.2193 -0.16719
2 86 216 -2.0843 4.2083 1.1827 -1.473 3.1466 0.8651 -0.95979 3.1782 1.7035 -1.3019 1.8015 2.5137 -2.4186 2.753 2.9884 -2.001 3.1394 0.035351 -2.9467 1.8101 -0.050776 -3.9073 2.6817 0.78293 0.44726 0.019693 0.65044 -1.1624 -0.50287 1.8955 -0.4122 -2.0511 1.3561 -0.44726 -0.019693 -0.65044 -2.1901 -0.63978 0.34561 -1.2049 -2.0387 -0.22283
2 87 216 -2.1681 4.149 1.2293 -1.5428 3.0951 0.92253 -1.0285 3.121 1.7605 -1.3124 1.691 2.4975 -2.5472 2.4491 3.0249 -2.0725 3.0929 0.093867 -2.9451 1.7175 -0.032182 -3.9644 2.4458 0.86688 0.44497 0.016824 0.65208 -1.1965 -0.44187 1.8807 -0.37987 -1.9417 1.3024 -0.44497 -0.016824 -0.65208 -2.199 -0.59795 0.34783 -1.1463 -1.9289 -0.2614
2 88 216 -2.2363 4.086 1.2949 -1.5919 3.0491 0.97819 -1.0803 3.0651 1.8181 -1.3228 1.6119 2.5237 -2.627 2.2274 3.0697 -2.1196 3.0559 0.14827 -2.9605 1.6647 -0.013786 -3.9979 2.314 0.92422 0.44491 0.012181 0.65223 -1.2268 -0.44149 1.8413 -0.36235 -1.9144 1.2632 -0.44491 -0.012181 -0.65223 -2.1785 -0.61654 0.36943 -1.105 -1.909 -0.28481
2 89 216 -2.3102 4.0179 1.3655 -1.6453 2.9989 1.0396 -1.141 2.9991 1.884 -1.3739 1.5341 2.5683 -2.7138 2.0462 3.1341 -2.1665 3.0209 0.2058 -2.9961 1.6241 0.03418 -4.0476 2.226 0.98795 0.44562 0.0086915 0.6518 -1.2499 -0.47694 1.7936 -0.35305 -1.9374 1.2335 -0.44562 -0.0086915 -0.6518 -2.1407 -0.65871 0.40582 -1.0752 -1.9338 -0.2939
2 90 216 -2.3865 3.9506 1.4332 -1.7041 2.9477 1.0936 -1.197 2.9406 1.9363 -1.4264 1.4681 2.6055 -2.7941 1.8836 3.1836 -2.2283 2.9767 0.26185 -3.0461 1.5746 0.077536 -4.1081 2.1416 1.0411 0.44725 0.0079288 0.6507 -1.2527 -0.54579 1.7543 -0.34982 -2.0151 1.2281 -0.44725 -0.0079288 -0.6507 -2.1011 -0.73402 0.42259 -1.0601 -2.0146 -0.30362
2 91 216 -2.4415 3.8928 1.5029 -1.7483 2.9024 1.1487 -1.2361 2.8924 1.9883 -1.451 1.4075 2.6347 -2.8435 1.7049 3.2266 -2.2776 2.9339 0.32036 -3.0727 1.5203 0.12465 -4.1537 2.0346 1.0965 0.45174 0.005635 0.64761 -1.2204 -0.65908 1.7322 -0.32703 -2.1347 1.2075 -0.45174 -0.005635 -0.64761 -2.06 -0.82893 0.42473 -1.047 -2.1259 -0.31186
2 92 216 -2.4876 3.8467 1.5556 -1.7894 2.8643 1.1881 -1.2708 2.8519 2.0238 -1.4601 1.3457 2.6272 -2.865 1.4721 3.25 -2.3252 2.8981 0.36408 -3.0767 1.4628 0.15433 -4.1975 1.8752 1.1297 0.4534 0.0064747 0.64644 -1.1766 -0.78074 1.713 -0.30495 -2.271 1.1931 -0.4534 -0.0064747 -0.64644 -2.017 -0.93439 0.40637 -1.0363 -2.2585 -0.32561
2 93 216 -2.5065 3.82 1.5995 -1.8118 2.8401 1.2191 -1.2834 2.825 2.0486 -1.4293 1.2941 2.5998 -2.8189 1.1917 3.2603 -2.3572 2.8766 0.40149 -3.0411 1.4126 0.16112 -4.2081 1.6477 1.1411 0.45765 0.0078428 0.64343 -1.1225 -0.90659 1.6833 -0.28203 -2.421 1.1822 -0.45764 -0.007843 -0.64343 -1.9659 -1.0495 0.38344 -1.0227 -2.4045 -0.34139
2 94 216 -2.5034 3.813 1.6272 -1.8154 2.8309 1.2407 -1.2804 2.8124 2.0658 -1.3598 1.2542 2.5501 -2.6852 0.87874 3.243 -2.3675 2.8707 0.42772 -2.97 1.3791 0.14372 -4.1623 1.3555 1.1213 0.46188 0.0089302 0.64038 -1.0597 -1.0352 1.6447 -0.25062 -2.5747 1.169 -0.46188 -0.0089302 -0.64038 -1.9015 -1.1694 0.35709 -1.0017 -2.5573 -0.36039
