1 0 144 2.1213 4.1169 1.4015 1.6936 2.9854 1.0422 2.2319 2.9629 0.21938 1.7296 1.4612 -0.1822 2.3253 0.052876 0.016641 1.1678 3.034 1.872 0.56252 1.5211 1.7557 1.0103 0.1268 2.2384 0.40858 0.00082231 -0.67569 1.4424 -1.4953 0.37661 0.79067 -3.0285 -0.31276 -0.40858 -0.00082231 0.67569 0.72474 -1.6161 1.3973 -0.30973 -2.9968 0.87354
1 0 156 2.3663 4.1169 0.92985 1.8733 2.9854 0.66732 2.2287 2.9629 -0.24946 1.654 1.4612 -0.53783 2.2779 0.052876 -0.46717 1.5315 3.034 1.5883 0.91525 1.5211 1.6003 1.4536 0.1268 1.9794 0.25917 0.00082231 -0.74587 1.4892 -1.4953 0.06849 0.70836 -3.0285 -0.47032 -0.25917 -0.00082231 0.74587 0.99942 -1.6161 1.2161 -0.12134 -2.9968 0.91884
1 1 144 2.0865 4.1439 1.3717 1.672 3.0054 1.0187 2.2048 2.9876 0.19221 1.7155 1.4877 -0.23151 2.3387 0.078567 -0.17035 1.1514 3.0496 1.852 0.54331 1.5358 1.7658 0.87895 0.14445 2.3396 0.40953 -0.0035107 -0.67511 1.4985 -1.4418 0.40184 0.78637 -2.9327 -0.32013 -0.40952 0.0035105 0.67511 0.76439 -1.5634 1.4373 -0.31393 -2.8877 0.8591
1 1 156 2.3261 4.1439 0.90789 1.8472 3.0054 0.64885 2.1966 2.9876 -0.27039 1.6299 1.4877 -0.58312 2.2522 0.078567 -0.65287 1.5113 3.0496 1.5722 0.89857 1.5358 1.6143 1.3462 0.14445 2.1057 0.26021 -0.0035107 -0.7455 1.5493 -1.4418 0.081511 0.70263 -2.9327 -0.47663 -0.26021 0.0035105 0.7455 1.0465 -1.5634 1.247 -0.12845 -2.8877 0.9056
1 2 144 1.9874 4.2132 1.304 1.6031 3.0594 0.96731 2.1359 3.0432 0.14077 1.7189 1.5452 -0.36027 2.4202 0.18226 -0.52827 1.0818 3.1023 1.8002 0.44607 1.5975 1.8117 0.60763 0.26607 2.5726 0.40977 -0.0068364 -0.67494 1.5403 -1.4051 0.41175 0.77131 -2.8549 -0.33496 -0.40977 0.0068364 0.67494 0.78401 -1.5288 1.4693 -0.33156 -2.7993 0.8431
1 2 156 2.2151 4.2132 0.86225 1.7692 3.0594 0.61287 2.1185 3.0432 -0.30639 1.6065 1.5452 -0.70978 2.2575 0.18226 -1.0199 1.4324 3.1023 1.536 0.81299 1.5975 1.6794 1.1292 0.26607 2.39 0.26049 -0.0068364 -0.74538 1.5923 -1.4051 0.0825 0.68482 -2.8549 -0.48801 -0.26049 0.0068364 0.74538 1.0724 -1.5288 1.2742 -0.14902 -2.7993 0.89361
1 3 156 2.0547 4.3038 0.8053 1.6558 3.1285 0.5737 2.0059 3.1177 -0.34535 1.6039 1.6404 -0.9152 2.2839 0.41276 -1.5539 1.3169 3.1666 1.4962 0.65316 1.7059 1.8039 0.77549 0.54603 2.8125 0.25989 -0.0068836 -0.74559 1.6073 -1.398 0.06901 0.66301 -2.8206 -0.51005 -0.25989 0.0068839 0.74559 1.0812 -1.5111 1.3039 -0.16755 -2.7455 0.89432
2 1 348 3.1177 3.6134 0.71794 2.1903 2.7952 0.45497 2.4253 2.7601 -0.49946 1.0083 2.665 -1.3069 0.26766 1.8565 -2.3911 1.9782 2.849 1.4139 0.38978 2.8947 1.7929 -0.70069 2.4268 2.7776 0.13765 0.014499 -0.77739 1.0786 -1.8475 -0.52892 0.34886 -3.4955 -0.58069 -0.13765 -0.014499 0.77739 0.75497 -1.8983 1.0396 -0.15065 -3.4444 0.83881
2 2 348 3.3511 3.386 0.7923 2.3822 2.6228 0.51413 2.6207 2.5858 -0.43935 1.1647 2.6451 -1.1778 0.27863 1.9737 -2.2464 2.1674 2.6772 1.4724 0.56916 2.8408 1.7682 -0.62224 2.4453 2.6637 0.14757 0.015066 -0.77556 1.1584 -1.8052 -0.4944 0.37812 -3.429 -0.5686 -0.14757 -0.015066 0.77556 0.82211 -1.8574 1.0583 -0.12464 -3.3763 0.84056
2 3 336 3.2958 3.1577 1.5883 2.3775 2.4443 1.0927 2.8106 2.4053 0.2105 1.5096 2.5639 -0.76467 0.75663 2.0048 -1.9886 1.9674 2.4995 1.9849 0.35277 2.7147 1.8609 -1.0486 2.34 2.3839 0.31685 0.014306 -0.72312 1.3139 -1.7571 -0.19184 0.51048 -3.3483 -0.46288 -0.31685 -0.014306 0.72312 0.64824 -1.8078 1.2391 -0.27622 -3.2925 0.80097
2 3 348 3.554 3.1577 0.86839 2.5528 2.4443 0.57451 2.793 2.4053 -0.37846 1.3176 2.5639 -1.0618 0.32664 2.0048 -2.1025 2.3371 2.4995 1.5325 0.73195 2.7147 1.7469 -0.53003 2.34 2.5498 0.15958 0.014306 -0.77319 1.2453 -1.7571 -0.46083 0.40308 -3.3483 -0.5589 -0.15958 -0.014306 0.77319 0.8917 -1.8078 1.0773 -0.10365 -3.2925 0.84089
2 4 336 3.4467 2.9497 1.6772 2.5091 2.2762 1.1632 2.9441 2.2324 0.28213 1.62 2.4214 -0.6558 0.7968 1.9191 -1.859 2.0975 2.3353 2.0545 0.48692 2.5215 1.8545 -0.93493 2.1105 2.2869 0.32277 0.01072 -0.72056 1.3857 -1.7051 -0.1372 0.52257 -3.256 -0.45416 -0.32277 -0.01072 0.72056 0.71146 -1.7526 1.2779 -0.2623 -3.192 0.79768
2 5 336 3.5422 2.7986 1.7435 2.5976 2.1446 1.2187 3.0351 2.0931 0.33933 1.6924 2.2399 -0.57943 0.84172 1.7 -1.7467 2.1837 2.2108 2.1085 0.57311 2.2949 1.8485 -0.81356 1.7347 2.224 0.326 0.010496 -0.71911 1.4466 -1.6485 -0.081706 0.51406 -3.1458 -0.45506 -0.326 -0.010496 0.71911 0.77555 -1.6942 1.3242 -0.25838 -3.0721 0.79207
2 6 336 3.5944 2.7106 1.7787 2.6535 2.0625 1.2412 3.0983 2.0064 0.36578 1.747 2.0068 -0.5522 0.92006 1.3195 -1.6575 2.2326 2.133 2.1273 0.62852 2.0216 1.8386 -0.64075 1.2245 2.2007 0.32384 0.0067756 -0.72013 1.5063 -1.5877 -0.031921 0.50021 -3.0171 -0.47387 -0.32384 -0.0067759 0.72012 0.82561 -1.6419 1.3677 -0.27675 -2.9469 0.79089
2 7 336 3.5868 2.7171 1.7817 2.6655 2.0506 1.2338 3.1246 1.992 0.36595 1.802 1.7159 -0.55229 1.082 0.78388 -1.5476 2.23 2.1239 2.1126 0.67062 1.7171 1.8449 -0.36575 0.6437 2.2341 0.32471 -0.0050759 -0.71975 1.5759 -1.5194 0.025583 0.49613 -2.8623 -0.50506 -0.32471 0.0050757 0.71975 0.85045 -1.5943 1.4091 -0.3142 -2.8258 0.79436
2 8 324 3.0811 2.8051 2.4611 2.319 2.1052 1.7389 2.9595 2.0428 0.99512 1.9645 1.4042 -0.13232 1.6965 0.14683 -0.98367 1.6987 2.183 2.4983 0.34225 1.4022 2.0301 -0.37445 0.079658 2.3689 0.47381 -0.01733 -0.63143 1.5786 -1.4641 0.4177 0.57969 -2.7125 -0.41581 -0.47381 0.01733 0.63143 0.53874 -1.5486 1.5993 -0.50923 -2.7042 0.69529
2 8 336 3.5255 2.8051 1.7667 2.6298 2.1052 1.2188 3.1017 2.0428 0.35807 1.8941 1.4042 -0.53788 1.4549 0.14683 -1.3149 2.181 2.183 2.0905 0.75685 1.4022 1.9146 0.12626 0.079658 2.395 0.33218 -0.01733 -0.71614 1.6309 -1.4641 0.080368 0.48057 -2.7125 -0.52725 -0.33218 0.01733 0.71614 0.85949 -1.5486 1.4524 -0.35354 -2.7042 0.78597
2 9 324 2.9735 2.9672 2.4034 2.2456 2.211 1.7047 2.8938 2.1476 0.96771 2.1437 1.1048 -0.041485 2.2784 -0.39127 -0.38994 1.6171 2.2905 2.4571 0.50749 1.1236 2.1816 0.33056 -0.28579 2.7815 0.4838 -0.027252 -0.62345 1.5843 -1.4574 0.45247 0.52301 -2.6057 -0.44524 -0.4838 0.027252 0.62345 0.5183 -1.5252 1.6235 -0.55941 -2.604 0.66146
2 11 312 2.142 3.3702 2.7372 1.6584 2.4721 2.0006 2.4491 2.4337 1.4169 2.7069 0.86436 1.0435 3.4258 0.041216 2.1312 0.88231 2.5293 2.6021 0.57988 0.94194 2.8417 1.371 0.34795 4.0244 0.60842 -0.012567 -0.50315 1.384 -1.5157 0.74316 0.47688 -2.5375 -0.43328 -0.60842 0.012567 0.50315 0.11057 -1.6017 1.6396 -0.78118 -2.544 0.38753
2 12 312 2.0111 3.552 2.6002 1.5787 2.5868 1.9222 2.3719 2.5587 1.3414 3.0925 1.0969 1.4529 3.7658 1.113 2.84 0.79905 2.6352 2.5199 0.88949 1.1442 3.1811 1.9239 1.3723 4.3016 0.60536 -0.0042431 -0.50697 1.2833 -1.6233 0.64779 0.38078 -2.636 -0.53998 -0.60536 0.0042434 0.50697 0.062414 -1.7028 1.5339 -0.86759 -2.6233 0.29347
2 13 312 1.9021 3.7184 2.4392 1.5281 2.6914 1.8206 2.3265 2.6704 1.2466 3.4227 1.5619 1.7347 3.7833 2.3382 3.0173 0.74212 2.7344 2.4104 1.1254 1.5272 3.4422 2.0676 2.471 4.2163 0.59739 -0.0038791 -0.51634 1.1406 -1.7723 0.47953 0.25853 -2.813 -0.69941 -0.59739 0.0038788 0.51634 -0.044176 -1.8354 1.3679 -0.99581 -2.781 0.16326
2 14 312 1.7447 3.9289 2.204 1.4476 2.8362 1.6586 2.2545 2.8279 1.0963 3.5402 2.0827 1.7747 3.5195 3.2906 2.7329 0.65135 2.8685 2.2351 1.1761 1.9792 3.5011 1.8616 3.3138 3.8569 0.58235 -0.00028253 -0.53326 0.94607 -1.9412 0.18435 0.07729 -3.0594 -0.9318 -0.58235 0.00028276 0.53326 -0.24133 -1.9815 1.1421 -1.1813 -3.0063 -0.0055273
2 15 324 1.8305 4.2098 1.5047 1.5259 3.0474 1.1234 2.201 3.0532 0.40816 3.684 2.5598 0.88342 3.5556 3.9109 1.6154 0.86115 3.068 1.848 1.6768 2.3852 3.0879 2.1492 3.8523 3.0443 0.45259 0.0032692 -0.64703 0.6422 -2.0715 -0.37545 -0.37424 -3.3219 -1.1842 -0.45259 -0.0032692 0.64703 -0.33406 -2.079 0.94944 -1.435 -3.2452 0.12543
2 16 324 1.5123 4.4234 1.2396 1.2576 3.2223 0.93626 1.9221 3.2323 0.21124 3.4178 2.8413 0.73929 3.1783 4.2241 1.3782 0.6009 3.2403 1.6682 1.3993 2.6674 2.9733 1.7651 4.1564 2.81 0.46484 0.0054674 -0.63828 0.38154 -2.0939 -0.64798 -0.49395 -3.4756 -1.4064 -0.46484 -0.0054674 0.63828 -0.59958 -2.0999 0.73499 -1.6832 -3.369 0.052185
2 17 324 1.3706 4.5058 1.1115 1.1183 3.2936 0.84663 1.7709 3.301 0.11085 3.2601 2.9214 0.66506 3.0139 4.3138 1.2801 0.47241 3.3147 1.5881 1.2345 2.7787 2.93 1.5757 4.268 2.722 0.47286 0.0069966 -0.63234 0.35669 -2.0906 -0.66389 -0.51112 -3.4583 -1.4559 -0.47286 -0.0069966 0.63234 -0.61598 -2.1029 0.6616 -1.786 -3.2855 -0.033767
2 17 336 1.5717 4.5058 0.80226 1.2699 3.2936 0.59562 1.7553 3.301 -0.25977 3.3271 2.9214 -0.027282 3.2142 4.3138 0.62552 0.79226 3.3147 1.4552 1.8167 2.7787 2.6093 2.1072 4.268 2.3349 0.33106 0.0069966 -0.71683 0.21086 -2.0906 -0.72354 -0.80265 -3.4583 -1.3178 -0.33106 -0.0069966 0.71683 -0.46497 -2.1029 0.77521 -1.754 -3.2855 0.3383
2 18 324 1.4156 4.4801 1.1565 1.1432 3.2693 0.90604 1.7877 3.2653 0.16307 3.2681 2.8407 0.70769 3.0473 4.2333 1.3319 0.50619 3.3016 1.6547 1.2263 2.7195 3.0006 1.6041 4.2029 2.8151 0.48662 0.0096245 -0.62178 0.51472 -2.0891 -0.52791 -0.47789 -3.3302 -1.3795 -0.48662 -0.009625 0.62178 -0.45099 -2.1047 0.77572 -1.6868 -3.1304 -0.043811
2 18 336 1.6252 4.4801 0.83694 1.3066 3.2693 0.64856 1.7825 3.2653 -0.21217 3.3439 2.8407 0.012738 3.2576 4.2333 0.66927 0.83917 3.3016 1.5133 1.8234 2.7195 2.68 2.1544 4.2029 2.4201 0.34671 0.0096245 -0.70937 0.39371 -2.0891 -0.62339 -0.75427 -3.3302 -1.25 -0.34671 -0.009625 0.70937 -0.27985 -2.1047 0.85253 -1.659 -3.1304 0.30785
2 19 324 1.4924 4.4397 1.2347 1.1776 3.2428 0.97277 1.8157 3.2254 0.2245 3.2644 2.6829 0.7493 3.1454 4.0671 1.4182 0.54851 3.2878 1.7275 1.2183 2.6313 3.0651 1.6951 4.0932 2.9505 0.49591 0.014739 -0.61429 0.75238 -2.0512 -0.33066 -0.34765 -3.1635 -1.2271 -0.49591 -0.014738 0.61429 -0.23833 -2.0724 0.95177 -1.4767 -3.008 0.034144
2 19 336 1.7164 4.4397 0.8974 1.3541 3.2428 0.70668 1.8227 3.2254 -0.1579 3.3489 2.6829 0.054212 3.3715 4.0671 0.73321 0.89569 3.2878 1.5757 1.8289 2.6313 2.7448 2.2715 4.0932 2.5336 0.35736 0.014739 -0.70397 0.6672 -2.0512 -0.47986 -0.59517 -3.1635 -1.128 -0.35736 -0.014738 0.70397 -0.035237 -2.0724 0.98053 -1.4374 -3.008 0.34043
2 20 324 1.5969 4.3896 1.3035 1.2362 3.2131 1.0114 1.8758 3.1853 0.2648 3.2646 2.4844 0.76365 3.3024 3.8321 1.512 0.60679 3.268 1.7652 1.2213 2.5161 3.0789 1.8259 3.9344 3.0519 0.50303 0.009263 -0.60858 0.98551 -1.9875 -0.16772 -0.17185 -3.0456 -1.0576 -0.50303 -0.0092626 0.60858 -0.05672 -2.0031 1.0981 -1.2261 -2.9648 0.11903
2 21 324 1.7461 4.2995 1.413 1.3359 3.1481 1.0893 1.98 3.1048 0.34721 3.2883 2.2395 0.80352 3.4983 3.5055 1.6583 0.70332 3.2178 1.8392 1.2525 2.343 3.1048 1.9918 3.6947 3.1687 0.50948 0.0051913 -0.60324 1.198 -1.8959 -0.032135 0.055531 -3.0148 -0.86504 -0.50948 -0.0051918 0.60324 0.097886 -1.9139 1.2374 -0.95617 -2.9735 0.22895
2 22 324 1.8786 4.1982 1.5441 1.4194 3.0773 1.1834 2.0752 3.0238 0.45243 3.2801 1.991 0.84 3.6847 3.1163 1.8135 0.77631 3.1561 1.9235 1.2314 2.1691 3.1431 2.1138 3.4235 3.3023 0.51641 0.0071793 -0.5973 1.3523 -1.799 0.075881 0.33143 -3.0906 -0.65936 -0.51641 -0.0071793 0.5973 0.21056 -1.8305 1.3465 -0.70125 -3.0322 0.35881
2 23 324 1.9895 4.1039 1.6554 1.4831 3.019 1.2536 2.14 2.955 0.52434 3.236 1.7773 0.8079 3.8255 2.6923 1.9001 0.84043 3.1072 1.9929 1.1762 1.9971 3.1434 2.2002 3.1161 3.4207 0.52012 0.0087333 -0.59405 1.4356 -1.7366 0.134 0.6575 -3.2567 -0.44463 -0.52012 -0.0087333 0.59405 0.28657 -1.7631 1.4221 -0.43186 -3.1727 0.55737
2 24 324 2.0694 4.033 1.7204 1.5256 2.9834 1.2812 2.1759 2.9117 0.54679 3.1418 1.6069 0.72918 3.893 2.2487 1.913 0.89079 3.078 2.0265 1.0934 1.8462 3.0802 2.2487 2.7799 3.4939 0.51806 0.0055532 -0.59589 1.448 -1.7317 0.13323 0.99559 -3.4377 -0.23517 -0.51806 -0.0055532 0.59589 0.32323 -1.7205 1.4709 -0.1385 -3.3434 0.83564
2 25 324 2.1127 3.978 1.777 1.554 2.9526 1.3078 2.2044 2.8781 0.57373 3.0103 1.4593 0.65142 3.8837 1.784 1.88 0.91993 3.0491 2.0534 0.98225 1.7193 3.0002 2.2401 2.4178 3.5548 0.5161 0.0047641 -0.59759 1.4527 -1.7369 0.11223 1.3075 -3.5258 -0.059298 -0.5161 -0.0047641 0.59759 0.33758 -1.6913 1.5147 0.10472 -3.4333 1.112
2 26 324 2.095 3.9583 1.8343 1.5518 2.9347 1.346 2.216 2.8652 0.62397 2.8529 1.3611 0.59877 3.7962 1.3517 1.8185 0.90381 3.0261 2.0803 0.8436 1.6301 2.9266 2.1504 2.0591 3.6236 0.51545 0.013205 -0.59802 1.5145 -1.6912 0.11684 1.4698 -3.4908 0.014045 -0.51545 -0.013205 0.59802 0.40211 -1.6333 1.5715 0.21157 -3.406 1.3028
2 27 324 2.0257 3.9942 1.8327 1.5175 2.9566 1.3392 2.1903 2.8981 0.6242 2.6881 1.345 0.53088 3.6604 1.0271 1.6847 0.86034 3.0374 2.0665 0.72871 1.6004 2.8324 2.0278 1.7379 3.6516 0.50746 0.021982 -0.60457 1.6853 -1.5226 0.19621 1.4133 -3.2933 -0.0077185 -0.50746 -0.021982 0.60457 0.50317 -1.5044 1.6979 0.19744 -3.2435 1.3333
2 28 324 2.0867 3.9353 1.8976 1.5845 2.9024 1.389 2.2522 2.8594 0.66808 2.6491 1.2795 0.54434 3.6259 0.69544 1.5847 0.93247 2.9675 2.1225 0.74467 1.4921 2.7982 1.9681 1.322 3.7212 0.49211 0.030093 -0.61678 1.8637 -1.2398 0.34261 1.2619 -2.8962 -0.038671 -0.49211 -0.030093 0.61678 0.66585 -1.277 1.8491 0.12921 -2.8766 1.2134
2 29 324 2.22 3.7762 2.0593 1.6732 2.7957 1.4933 2.3386 2.7662 0.76963 2.6009 1.1656 0.57409 3.5699 0.31886 1.4235 1.0242 2.8461 2.2306 0.72295 1.3273 2.7514 1.7484 0.77131 3.7599 0.49266 0.036828 -0.61598 1.9228 -1.0302 0.49323 1.1796 -2.5752 -0.065131 -0.49266 -0.036829 0.61598 0.81179 -1.0918 1.8808 0.050847 -2.5612 1.1648
2 30 324 2.3593 3.5952 2.2089 1.7494 2.6821 1.5942 2.4078 2.6515 0.86424 2.5333 1.0498 0.56821 3.4302 -0.059917 1.1528 1.1085 2.732 2.3386 0.69832 1.1951 2.7106 1.3776 0.19254 3.6651 0.50284 0.03927 -0.60755 1.9221 -0.95223 0.58275 1.137 -2.4293 -0.090076 -0.50284 -0.03927 0.60755 0.87411 -1.0073 1.865 -0.0012137 -2.4 1.1268
2 69 312 2.1475 3.5201 2.5212 1.7097 2.5379 1.8751 2.5041 2.5046 1.2961 3.5748 1.4813 1.9854 4.202 2.5445 2.9094 0.92909 2.5916 2.471 1.4615 1.5642 3.6242 2.4337 2.5608 4.2869 0.58628 -0.016275 -0.52869 1.2869 -1.744 0.44008 0.40298 -2.7939 -0.72925 -0.58628 0.016275 0.52869 -0.078861 -1.7922 1.47 -1.0033 -2.7576 0.2599
2 70 312 1.965 3.7829 2.287 1.5719 2.731 1.7222 2.3611 2.7022 1.136 3.6027 2.0517 1.975 3.8375 3.4643 2.5471 0.79507 2.7824 2.3233 1.454 2.0889 3.6476 2.0575 3.4785 3.9347 0.58891 -0.017178 -0.52572 1.0885 -1.9322 0.17964 0.21067 -3.0351 -0.9446 -0.58891 0.017178 0.52572 -0.27438 -1.9312 1.2463 -1.1992 -2.9673 0.096431
2 71 312 1.6996 4.1141 1.918 1.345 2.9873 1.4716 2.1127 2.96 0.85735 3.4286 2.5288 1.724 3.3869 4.0353 2.0501 0.58792 3.04 2.0972 1.2845 2.5333 3.4853 1.6023 4.0413 3.5351 0.59664 -0.020804 -0.5168 0.86377 -2.0737 -0.15803 0.048699 -3.2922 -1.2077 -0.59664 0.020804 0.5168 -0.51691 -2.0299 0.96663 -1.4271 -3.1838 -0.077936
2 71 324 2.0612 4.1141 1.5227 1.6216 2.9873 1.1598 2.2448 2.96 0.39937 3.7122 2.5288 0.97346 3.7391 4.0353 1.3011 1.0111 3.04 1.9291 1.9811 2.5333 3.142 2.3023 4.0413 3.1247 0.47615 -0.020804 -0.62956 0.81204 -2.0737 -0.33416 -0.20345 -3.2922 -1.1914 -0.47615 0.020804 0.62956 -0.30464 -2.0299 1.053 -1.4121 -3.1838 0.22048
2 72 324 1.7521 4.3456 1.2742 1.3359 3.1886 0.97086 1.9518 3.1681 0.20431 3.4643 2.8766 0.74856 3.2901 4.3803 1.042 0.73031 3.2361 1.7444 1.6814 2.837 3.0113 1.8772 4.3628 2.9056 0.49225 -0.022413 -0.617 0.59498 -2.1184 -0.51395 -0.27555 -3.4546 -1.3552 -0.49225 0.022413 0.617 -0.47587 -2.0637 0.86654 -1.5925 -3.2954 0.16884
2 73 324 1.6018 4.4262 1.1971 1.1907 3.2629 0.91093 1.8109 3.2389 0.1479 3.3607 3.0642 0.63403 3.04 4.5394 0.94818 0.58008 3.3143 1.6802 1.4916 2.9833 2.9948 1.6627 4.5074 2.8347 0.50859 -0.018288 -0.60374 0.59994 -2.1128 -0.46532 -0.24455 -3.4407 -1.3453 -0.50859 0.018289 0.60374 -0.41255 -2.0633 0.87213 -1.5779 -3.2355 0.15175
2 73 336 1.8157 4.4262 0.83792 1.3541 3.2629 0.64346 1.802 3.2389 -0.23183 3.419 3.0642 -0.078545 3.1707 4.5394 0.29542 0.91674 3.3143 1.5229 2.0817 2.9833 2.6193 2.2157 4.5074 2.4271 0.37195 -0.018288 -0.69629 0.49008 -2.1128 -0.57989 -0.51891 -3.4407 -1.2651 -0.37195 0.018289 0.69629 -0.22221 -2.0633 0.93884 -1.5118 -3.2355 0.47649
2 74 324 1.6182 4.3953 1.278 1.208 3.2302 0.9973 1.8271 3.2053 0.23347 3.3986 3.0796 0.6618 3.0123 4.5353 0.99238 0.59861 3.2826 1.7675 1.4601 2.961 3.1178 1.6566 4.4828 2.9654 0.51942 -0.0081673 -0.59467 0.77163 -2.0748 -0.31245 -0.15157 -3.3361 -1.2113 -0.51942 0.0081673 0.59467 -0.24382 -2.0304 1.022 -1.3891 -3.1189 0.15349
2 75 324 1.6658 4.3506 1.3673 1.2352 3.1986 1.0646 1.8592 3.1739 0.30477 3.4372 3.0114 0.69507 3.0594 4.4665 1.0378 0.62169 3.2502 1.8316 1.4395 2.8681 3.1932 1.6918 4.3854 3.0842 0.52588 -0.00060272 -0.58902 0.96724 -2.0103 -0.1638 0.032603 -3.2908 -1.0227 -0.52588 0.00060272 0.58902 -0.081153 -1.9626 1.1909 -1.131 -3.0706 0.23122
2 76 324 1.721 4.3152 1.4176 1.2641 3.1825 1.0824 1.8906 3.1595 0.32457 3.4607 2.9021 0.69542 3.1659 4.3717 1.0575 0.64871 3.2319 1.848 1.4334 2.7533 3.1986 1.773 4.2566 3.1501 0.52259 -0.0015378 -0.59194 1.1373 -1.935 -0.045767 0.28394 -3.3172 -0.82817 -0.52259 0.0015378 0.59194 0.066706 -1.8796 1.3189 -0.85549 -3.0801 0.33953
2 77 324 1.7779 4.2741 1.4712 1.2964 3.1603 1.1087 1.9272 3.1354 0.35453 3.4762 2.759 0.71182 3.2958 4.2383 1.1078 0.67744 3.2111 1.8714 1.4176 2.6363 3.2095 1.8636 4.1123 3.2209 0.5189 -0.00038481 -0.59518 1.2684 -1.8557 0.045331 0.56701 -3.3678 -0.64209 -0.5189 0.00038481 0.59518 0.19875 -1.7957 1.4157 -0.5793 -3.1252 0.47872
2 78 324 1.8167 4.2376 1.5264 1.3156 3.1387 1.1458 1.9547 3.1051 0.39894 3.4686 2.5926 0.73693 3.4185 4.0692 1.1783 0.68916 3.1978 1.9017 1.3726 2.5278 3.2256 1.9241 3.9664 3.288 0.52164 0.003696 -0.59277 1.3645 -1.7915 0.10089 0.85739 -3.4281 -0.46073 -0.52164 -0.003696 0.59277 0.3117 -1.7105 1.491 -0.30675 -3.1956 0.6769
2 79 324 1.8164 4.2317 1.5404 1.304 3.1412 1.1508 1.9467 3.1012 0.40744 3.4121 2.4493 0.71801 3.4967 3.9054 1.2184 0.67408 3.2064 1.9034 1.2938 2.4392 3.2057 1.9424 3.8344 3.3068 0.52215 0.0076337 -0.59228 1.4409 -1.7413 0.12289 1.1596 -3.4749 -0.2848 -0.52215 -0.0076337 0.59228 0.40377 -1.6545 1.5114 -0.04152 -3.2996 0.92308
2 80 324 1.7794 4.2452 1.5407 1.2643 3.1612 1.137 1.9147 3.1199 0.4004 3.3177 2.3292 0.6744 3.5304 3.7489 1.2373 0.6268 3.2277 1.883 1.1798 2.372 3.16 1.9074 3.7247 3.2953 0.52091 0.013544 -0.59327 1.5121 -1.6917 0.13067 1.4438 -3.4758 -0.12028 -0.52091 -0.013544 0.59327 0.47109 -1.6304 1.4966 0.19028 -3.3788 1.1573
2 81 324 1.7347 4.2675 1.5268 1.2332 3.1815 1.1125 1.8913 3.1438 0.38247 3.2266 2.2301 0.60813 3.5468 3.6044 1.2299 0.58803 3.2442 1.8522 1.0637 2.3082 3.1037 1.8531 3.622 3.2721 0.51016 0.019204 -0.60238 1.5924 -1.6277 0.12611 1.6429 -3.4249 -0.0097163 -0.51016 -0.019204 0.60238 0.53371 -1.5915 1.5257 0.35875 -3.3759 1.3357
2 82 324 1.6749 4.2999 1.5047 1.19 3.2044 1.0941 1.8455 3.1914 0.36099 3.1255 2.1917 0.53634 3.5083 3.5254 1.2089 0.54662 3.2428 1.8371 0.95506 2.2604 3.0767 1.7784 3.5498 3.2699 0.49468 0.027568 -0.61485 1.7066 -1.5035 0.16065 1.677 -3.3002 0.013531 -0.49467 -0.027568 0.61484 0.63036 -1.4925 1.6162 0.44474 -3.2764 1.4313
2 83 324 1.642 4.3196 1.4862 1.1763 3.2152 1.0769 1.831 3.2245 0.34307 3.0813 2.1831 0.48822 3.4837 3.4926 1.1961 0.53293 3.2317 1.8207 0.90966 2.2242 3.0502 1.7536 3.4943 3.2785 0.48657 0.025611 -0.62137 1.9401 -1.1891 0.28747 1.6724 -2.9557 0.04587 -0.48657 -0.025611 0.62137 0.79611 -1.2252 1.7746 0.42993 -2.9467 1.383
2 84 324 1.7023 4.2709 1.5562 1.2386 3.171 1.1339 1.8733 3.1877 0.38271 3.0571 2.0705 0.52085 3.5244 3.3375 1.2653 0.61568 3.1798 1.895 0.96252 2.0919 3.0632 1.8469 3.3086 3.4025 0.48007 0.028852 -0.62626 2.1027 -0.81491 0.40793 1.6083 -2.5089 0.037893 -0.48007 -0.028852 0.62626 0.94943 -0.8767 1.9116 0.34677 -2.4815 1.3527
2 85 324 1.7144 4.2498 1.5811 1.2324 3.1736 1.1201 1.8585 3.199 0.36202 2.8835 1.9313 0.46826 3.5279 3.0766 1.2749 0.6185 3.1734 1.8886 0.89188 1.9358 2.9193 1.8726 2.9999 3.4518 0.4748 0.028579 -0.63028 2.1468 -0.61269 0.46861 1.5011 -2.2293 -0.00095246 -0.4748 -0.028579 0.63028 0.99201 -0.73098 1.9605 0.2388 -2.2193 1.276
2 86 324 1.7689 4.2083 1.6169 1.2779 3.1466 1.1336 1.9168 3.1782 0.38639 2.793 1.8015 0.46141 3.5895 2.753 1.3767 0.65198 3.1394 1.8922 0.86227 1.8101 2.8181 1.952 2.6817 3.4742 0.4804 0.019693 -0.62636 2.162 -0.50287 0.51974 1.4171 -2.0511 -0.02703 -0.4804 -0.019693 0.62636 1.0055 -0.63978 1.9762 0.16041 -2.0387 1.2148
2 87 324 1.8391 4.149 1.6821 1.3541 3.0951 1.1822 1.9922 3.121 0.43412 2.7808 1.691 0.47639 3.664 2.4491 1.4878 0.72972 3.0929 1.9421 0.87947 1.7175 2.8109 2.0495 2.4458 3.5025 0.48266 0.016824 -0.6247 2.1584 -0.44187 0.55679 1.356 -1.9417 -0.04118 -0.48266 -0.016824 0.6247 1.0104 -0.59795 1.9839 0.10561 -1.9289 1.1709
2 88 312 1.5216 4.086 2.0887 1.1392 3.0491 1.4809 1.921 3.0651 0.88435 2.6482 1.6119 1.0518 3.3275 2.2274 2.2917 0.36902 3.0559 2.0925 0.29574 1.6647 2.9457 1.337 2.314 3.8793 0.60215 0.012181 -0.51065 1.9595 -0.44149 1.0276 1.2942 -1.9144 0.22832 -0.60215 -0.012181 0.51065 0.59512 -0.61654 2.1279 -0.16775 -1.909 1.1287
2 88 324 1.9226 4.086 1.7267 1.4222 3.0491 1.2117 2.0629 3.0651 0.46562 2.809 1.6119 0.47823 3.7312 2.2274 1.5498 0.79602 3.0559 1.9701 0.90172 1.6647 2.8198 2.1144 2.314 3.5166 0.48282 0.012181 -0.62469 2.1303 -0.44149 0.59771 1.3134 -1.9144 -0.045746 -0.48282 -0.012181 0.62469 1.0245 -0.61654 1.9577 0.070595 -1.909 1.1389
2 89 312 1.5995 4.0179 2.1548 1.2059 2.9989 1.5276 1.993 2.9991 0.93778 2.6978 1.5341 1.0979 3.4006 2.0462 2.3713 0.43113 3.0209 2.1331 0.34717 1.6241 2.9761 1.4056 2.226 3.9222 0.60165 0.0086915 -0.51131 1.9145 -0.47694 1.0555 1.2637 -1.9374 0.22218 -0.60165 -0.0086915 0.51131 0.62736 -0.65871 2.0865 -0.1799 -1.9338 1.1
2 90 312 1.6748 3.9506 2.2236 1.2657 2.9477 1.5805 2.0508 2.9406 0.98805 2.7403 1.4681 1.1462 3.4582 1.8836 2.4461 0.49333 2.9767 2.1887 0.39551 1.5746 3.0213 1.4648 2.1416 3.9767 0.60038 0.0079288 -0.51281 1.8756 -0.54579 1.0624 1.258 -2.0151 0.21954 -0.60038 -0.0079288 0.51281 0.6399 -0.73402 2.0454 -0.19114 -2.0146 1.086
2 91 312 1.7498 3.8928 2.271 1.3251 2.9024 1.6186 2.1066 2.8924 1.0215 2.772 1.4075 1.1677 3.5062 1.7049 2.4907 0.55668 2.9339 2.2316 0.44515 1.5203 3.0428 1.5247 2.0346 4.0163 0.59684 0.005635 -0.51696 1.8503 -0.65908 1.0327 1.235 -2.1347 0.19902 -0.59684 -0.005635 0.51696 0.63773 -0.82893 2.0043 -0.20071 -2.1259 1.0739
2 92 312 1.8071 3.8467 2.3113 1.3687 2.8643 1.6554 2.1455 2.8519 1.0523 2.7655 1.3457 1.1775 3.5316 1.4721 2.5096 0.60514 2.8981 2.2744 0.47509 1.4628 3.0437 1.5623 1.8752 4.0564 0.5955 0.0064747 -0.51849 1.8266 -0.78074 0.99114 1.2184 -2.271 0.17857 -0.5955 -0.0064747 0.51849 0.61498 -0.93439 1.9635 -0.2155 -2.2585 1.0647
2 93 312 1.8527 3.82 2.3256 1.4018 2.8401 1.6744 2.1715 2.825 1.0623 2.735 1.2941 1.1497 3.5371 1.1917 2.4626 0.64569 2.8766 2.3024 0.47811 1.4126 3.0076 1.5747 1.6477 4.0658 0.59206 0.0078428 -0.52239 1.7914 -0.90659 0.94035 1.2052 -2.421 0.15691 -0.59206 -0.007843 0.52239 0.58683 -1.0495 1.915 -0.23262 -2.4045 1.0528
2 94 312 1.88 3.813 2.3196 1.4237 2.8309 1.6758 2.1883 2.8124 1.0574 2.6783 1.2542 1.0858 3.5059 0.87874 2.3315 0.67284 2.8707 2.3098 0.45339 1.3791 2.9388 1.5503 1.3555 4.0223 0.58859 0.0089302 -0.52629 1.7465 -1.0352 0.882 1.1888 -2.5747 0.12704 -0.58859 -0.0089302 0.52629 0.5539 -1.1694 1.8538 -0.25371 -2.5573 1.0338
2 95 312 1.8829 3.8325 2.2892 1.4324 2.8355 1.664 2.1939 2.8149 1.0419 2.6093 1.2355 1.0012 3.4228 0.55297 2.1192 0.68456 2.8779 2.3014 0.40766 1.3625 2.8451 1.4651 1.0185 3.9133 0.58522 0.010777 -0.53 1.6988 -1.1516 0.82021 1.1674 -2.7133 0.092454 -0.58522 -0.010777 0.53 0.51978 -1.2809 1.787 -0.2788 -2.6946 1.0032
2 96 312 1.8706 3.8718 2.236 1.4239 2.8606 1.6312 2.1809 2.8403 1.0036 2.5118 1.2454 0.87905 3.2781 0.27222 1.7974 0.68035 2.9029 2.2737 0.34511 1.3709 2.7312 1.2957 0.67448 3.7257 0.58147 0.010949 -0.53411 1.6508 -1.2563 0.75615 1.144 -2.8358 0.049579 -0.58147 -0.010949 0.53411 0.4832 -1.3769 1.7236 -0.30789 -2.8109 0.9695
2 96 324 2.2946 3.8718 1.7982 1.7319 2.8606 1.2995 2.3419 2.8403 0.52823 2.6396 1.2454 0.33761 3.5802 0.27222 1.0765 1.1382 2.9029 2.0825 0.90541 1.3709 2.5997 2.042 0.67448 3.3749 0.45772 0.010949 -0.64333 1.772 -1.2563 0.3964 1.1293 -2.8358 -0.18936 -0.45772 -0.010949 0.64333 0.831 -1.3769 1.5855 -0.09959 -2.8109 1.0123
2 97 324 2.2501 3.9266 1.7383 1.702 2.8966 1.2621 2.3057 2.8733 0.48594 2.4969 1.2739 0.21336 3.3132 0.06559 0.71472 1.1143 2.9425 2.0494 0.80444 1.3999 2.4886 1.7273 0.37206 3.1738 0.45594 0.011292 -0.64458 1.7157 -1.35 0.34245 1.0928 -2.9417 -0.23119 -0.45594 -0.011292 0.64458 0.77822 -1.4595 1.5356 -0.13849 -2.9092 0.97998
2 98 324 2.1883 3.9942 1.6634 1.66 2.9438 1.2106 2.2537 2.9189 0.4268 2.3259 1.3314 0.047961 3.0018 -0.032613 0.29327 1.0819 2.9919 2.0049 0.68498 1.4453 2.35 1.3129 0.15779 2.9208 0.45059 0.011407 -0.64833 1.6553 -1.4308 0.29137 1.0512 -3.0336 -0.2718 -0.45059 -0.011407 0.64833 0.72024 -1.5383 1.4922 -0.18483 -2.9982 0.94413
2 99 324 2.1035 4.0694 1.589 1.6019 2.9963 1.161 2.1867 2.9739 0.37048 2.1258 1.4199 -0.1296 2.6609 -0.026196 -0.12799 1.0322 3.0423 1.9614 0.5262 1.5066 2.1948 0.81897 0.065957 2.66 0.44826 0.013191 -0.64992 1.5966 -1.5038 0.24138 1.004 -3.112 -0.3184 -0.44826 -0.013191 0.64992 0.66022 -1.6073 1.4526 -0.2301 -3.078 0.90911
2 99 336 2.3879 4.0694 1.117 1.8083 2.9963 0.80255 2.216 2.9739 -0.09226 2.0524 1.4199 -0.56875 2.5761 -0.026196 -0.67842 1.4175 3.0423 1.7039 0.97104 1.5066 2.0375 1.3541 0.065957 2.4316 0.30333 0.013191 -0.72891 1.6119 -1.5038 -0.09585 0.91588 -3.112 -0.52019 -0.30334 -0.013191 0.72891 0.9478 -1.6073 1.2836 -0.036052 -3.078 0.93709
2 100 336 2.2811 4.143 1.0674 1.7351 3.0502 0.76258 2.134 3.0311 -0.13623 1.8183 1.5322 -0.70401 2.1726 0.060079 -0.99564 1.3523 3.0935 1.6675 0.75812 1.591 1.9088 0.82154 0.09228 2.2658 0.3011 0.013217 -0.72984 1.5411 -1.5747 -0.13393 0.85505 -3.1874 -0.5576 -0.3011 -0.013217 0.72984 0.87227 -1.6745 1.2568 -0.095084 -3.1553 0.90721
