0 47 60 0.28374 4.7635 0.5338 0.27412 3.5677 0.16722 1.1135 3.5975 -0.34461 1.5384 2.3766 0.65422 0.46203 2.3876 1.7583 -0.56351 3.5674 0.68271 -1.7324 2.5328 0.2012 -3.1655 1.9703 0.11459 0.14956 0.036753 -0.77445 -0.045484 -2.0552 -0.78343 -1.0384 -3.5337 -0.50234 -0.14956 -0.036753 0.77446 0.98199 -1.8055 0.70137 1.0798 -3.588 0.95424
0 48 60 0.29267 4.76 0.55959 0.28635 3.5654 0.18719 1.1352 3.5973 -0.30867 1.4414 2.3734 0.72916 0.19797 2.4153 1.6401 -0.56074 3.563 0.68697 -1.6756 2.4723 0.20096 -3.0735 1.8265 0.12028 0.17216 0.038246 -0.76967 -0.037019 -2.0523 -0.77276 -1.0405 -3.5274 -0.51167 -0.17216 -0.038246 0.76967 0.97056 -1.8005 0.7164 1.0802 -3.5843 0.95521
0 48 72 0.40262 4.76 0.48652 0.31901 3.5654 0.12356 1.0462 3.5973 -0.53793 1.5615 2.3734 0.41354 0.53464 2.4153 1.5631 -0.40566 3.563 0.78855 -1.5972 2.4723 0.54494 -2.9813 1.8265 0.75667 0.0083743 0.038246 -0.78865 -0.19688 -2.0523 -0.74818 -1.1241 -3.5274 -0.28416 -0.0083746 -0.038246 0.78865 1.0983 -1.8005 0.49895 1.2552 -3.5843 0.70975
0 49 60 0.29474 4.7587 0.57883 0.2892 3.5641 0.20317 1.1399 3.6001 -0.28924 1.3745 2.3561 0.74331 0.053824 2.444 1.5343 -0.55976 3.5577 0.69973 -1.6495 2.4176 0.2738 -3.0196 1.7108 0.30385 0.18165 0.039884 -0.76741 -0.047475 -2.0486 -0.76257 -1.049 -3.527 -0.51347 -0.18165 -0.039884 0.7674 0.96843 -1.7975 0.71965 1.0747 -3.5823 0.95276
0 49 72 0.40864 4.7587 0.5049 0.32512 3.5641 0.1386 1.0548 3.6001 -0.51991 1.499 2.3561 0.44129 0.37165 2.444 1.4896 -0.40205 3.5577 0.80083 -1.5565 2.4176 0.61076 -2.8905 1.7108 0.92502 0.018128 0.039884 -0.7884 -0.20498 -2.0486 -0.73603 -1.1329 -3.527 -0.28415 -0.018128 -0.039884 0.7884 1.0969 -1.7975 0.50258 1.2493 -3.5823 0.7085
0 50 60 0.295 4.7592 0.5868 0.28842 3.5636 0.21155 1.1293 3.6034 -0.29706 1.3641 2.3361 0.70665 0.037219 2.4716 1.4804 -0.55072 3.5532 0.72449 -1.6341 2.3734 0.40367 -2.9768 1.6383 0.58994 0.17543 0.041979 -0.76874 -0.068135 -2.0448 -0.755 -1.0603 -3.5316 -0.51801 -0.17543 -0.04198 0.76874 0.97268 -1.8008 0.7161 1.0646 -3.5863 0.94942
0 50 72 0.41056 4.7592 0.51264 0.3261 3.5636 0.14696 1.0429 3.6034 -0.52537 1.4812 2.3361 0.4076 0.3442 2.4716 1.4403 -0.38805 3.5532 0.82316 -1.5145 2.3734 0.73461 -2.7891 1.6383 1.196 0.011763 0.041979 -0.78841 -0.22362 -2.0448 -0.72434 -1.1448 -3.5316 -0.28624 -0.011763 -0.04198 0.78841 1.1003 -1.8008 0.49822 1.2387 -3.5863 0.70734
0 51 60 0.30981 4.7618 0.58265 0.28935 3.5635 0.21083 1.0981 3.6124 -0.3468 1.4002 2.331 0.6204 0.12732 2.4983 1.4745 -0.51748 3.5439 0.77297 -1.616 2.3494 0.58581 -2.9183 1.6138 0.96101 0.15133 0.043638 -0.77375 -0.091923 -2.0432 -0.76335 -1.0706 -3.5381 -0.52125 -0.15133 -0.043638 0.77375 0.98899 -1.807 0.70545 1.0559 -3.5928 0.94487
0 51 72 0.42418 4.7618 0.5055 0.32687 3.5635 0.14607 1.002 3.6124 -0.56752 1.4986 2.331 0.31573 0.43112 2.4983 1.4159 -0.34546 3.5439 0.86367 -1.4589 2.3494 0.909 -2.6547 1.6138 1.5468 -0.012847 0.043638 -0.78831 -0.24862 -2.0432 -0.72756 -1.1556 -3.5381 -0.28727 0.012847 -0.043638 0.78831 1.114 -1.807 0.48442 1.2292 -3.5928 0.7047
0 52 60 0.33582 4.7668 0.5569 0.29161 3.5647 0.19532 1.0487 3.6165 -0.43035 1.4783 2.3405 0.49487 0.31651 2.5157 1.4935 -0.46326 3.5424 0.82541 -1.5787 2.3491 0.79848 -2.8226 1.6351 1.3646 0.10812 0.043502 -0.78097 -0.1183 -2.0453 -0.78064 -1.0815 -3.547 -0.51961 -0.10812 -0.043502 0.78097 1.014 -1.8169 0.67965 1.0449 -3.6011 0.93761
0 53 48 0.27439 4.7734 0.56781 0.27139 3.565 0.2197 1.0887 3.6145 -0.32521 1.485 2.3556 0.63749 0.27865 2.5193 1.5839 -0.54404 3.5449 0.76927 -1.6696 2.3635 0.69088 -2.9582 1.6894 1.2034 0.21183 0.039004 -0.75967 0.030624 -2.0533 -0.82202 -0.9589 -3.558 -0.7357 -0.21183 -0.039004 0.75967 0.88311 -1.83 0.84869 0.82509 -3.6113 1.1212
0 53 60 0.38645 4.7734 0.49835 0.31114 3.565 0.15848 0.99729 3.6145 -0.54446 1.5851 2.3556 0.31482 0.60187 2.5193 1.4913 -0.37221 3.5449 0.86557 -1.4895 2.3635 1.0229 -2.6434 1.6894 1.7922 0.049255 0.039004 -0.78712 -0.14095 -2.0533 -0.81042 -1.0909 -3.558 -0.52025 -0.049255 -0.039004 0.78712 1.0403 -1.83 0.64654 1.0402 -3.6113 0.92511
0 54 48 0.32818 4.7814 0.48519 0.29652 3.5667 0.15675 1.0534 3.6211 -0.46892 1.6219 2.3854 0.43587 0.62271 2.5334 1.601 -0.45842 3.5416 0.78667 -1.6104 2.3878 0.88826 -2.8172 1.7701 1.6229 0.14559 0.027053 -0.77561 0.028395 -2.0685 -0.871 -0.9542 -3.5755 -0.75129 -0.14559 -0.027053 0.77561 0.91174 -1.8422 0.81625 0.82409 -3.6199 1.104
0 54 60 0.42189 4.7814 0.40635 0.32263 3.5667 0.091674 0.93292 3.6211 -0.6777 1.6771 2.3854 0.089133 0.94196 2.5334 1.4365 -0.28484 3.5416 0.86479 -1.3905 2.3878 1.2037 -2.4182 1.7701 2.1732 -0.018847 0.027053 -0.78893 -0.15332 -2.0685 -0.85787 -1.0895 -3.5755 -0.53649 0.018847 -0.027053 0.78893 1.0615 -1.8422 0.60885 1.0356 -3.6199 0.90858
0 55 36 0.28273 4.7869 0.48473 0.28336 3.5671 0.1719 1.0943 3.6138 -0.38267 1.6404 2.4021 0.56732 0.64157 2.5378 1.7342 -0.52584 3.5498 0.7307 -1.7116 2.4275 0.78633 -2.9725 1.8668 1.4742 0.23654 0.021782 -0.75304 0.20066 -2.074 -0.89649 -0.76886 -3.5935 -0.94318 -0.23654 -0.021782 0.75304 0.76316 -1.8586 0.95562 0.57437 -3.6296 1.2363
0 55 48 0.37733 4.7869 0.41536 0.31291 3.5671 0.10923 0.99083 3.6138 -0.60183 1.7225 2.4021 0.21387 0.98811 2.5378 1.5629 -0.36243 3.5498 0.82406 -1.5107 2.4275 1.125 -2.6011 1.8668 2.06 0.074807 0.021782 -0.78577 0.0098856 -2.074 -0.91862 -0.94815 -3.5935 -0.76272 -0.074806 -0.021782 0.78577 0.94517 -1.8586 0.77606 0.81886 -3.6296 1.0899
0 56 36 0.3291 4.793 0.42438 0.29182 3.569 0.12834 1.033 3.6092 -0.517 1.7342 2.4135 0.34748 1.0093 2.5576 1.7008 -0.44698 3.5581 0.7775 -1.6296 2.4616 1.038 -2.7687 1.9558 1.9458 0.16867 0.017432 -0.7712 0.17695 -2.0766 -0.94193 -0.76991 -3.611 -0.95152 -0.16867 -0.017432 0.7712 0.80143 -1.8749 0.92317 0.56456 -3.6367 1.2245
0 57 36 0.36822 4.7976 0.37916 0.29709 3.5698 0.10322 0.95316 3.6067 -0.62861 1.7793 2.4181 0.12861 1.3553 2.5844 1.6018 -0.35618 3.5623 0.83844 -1.5035 2.495 1.3003 -2.4636 2.0432 2.4191 0.10613 0.018648 -0.78223 0.15257 -2.0727 -0.97811 -0.77 -3.6217 -0.95848 -0.10613 -0.018648 0.78223 0.83621 -1.8932 0.89258 0.56273 -3.6463 1.2136
0 81 312 0.33504 4.8298 0.30811 0.23388 3.5703 0.24907 0.82229 3.5259 -0.53781 0.61005 1.9195 -0.74512 1.4164 0.60516 -0.73913 -0.35049 3.6441 1.0367 -0.46296 2.0198 1.1693 -0.04412 0.75372 1.9435 0.51771 0.019852 -0.59589 0.99595 -1.9955 -0.2436 0.62304 -3.7011 -0.69388 -0.51771 -0.019853 0.59589 -0.28009 -2.0717 0.98043 -1.008 -3.6534 0.51235
0 82 312 0.3215 4.8297 0.32299 0.22835 3.5693 0.25916 0.82346 3.535 -0.52316 0.54472 1.9507 -0.80806 1.1831 0.56687 -1.0428 -0.36323 3.6332 1.0423 -0.59416 2.018 1.1216 -0.40689 0.70615 1.9101 0.52921 0.020207 -0.58569 0.98272 -1.9988 -0.2223 0.58143 -3.6972 -0.67554 -0.52921 -0.020208 0.58569 -0.29868 -2.0615 1.0267 -1.0395 -3.6328 0.54414
0 83 312 0.31348 4.8285 0.33839 0.23624 3.5667 0.27243 0.83803 3.5466 -0.50527 0.51031 1.9915 -0.88365 1.0027 0.61113 -1.3629 -0.36275 3.6164 1.051 -0.71489 2.0217 1.0902 -0.80251 0.71346 1.9017 0.54049 0.016985 -0.57539 0.9754 -2.002 -0.18956 0.54839 -3.6917 -0.65168 -0.54049 -0.016985 0.57539 -0.32485 -2.0495 1.0617 -1.0585 -3.619 0.56223
0 84 312 0.29572 4.826 0.35314 0.23651 3.5633 0.2823 0.84763 3.5576 -0.48832 0.49183 2.0365 -0.96645 0.87896 0.73357 -1.6945 -0.37271 3.5987 1.0536 -0.84655 2.0354 1.0583 -1.2502 0.80084 1.8894 0.54669 0.015157 -0.56956 0.95828 -2.0079 -0.17959 0.51184 -3.6926 -0.64169 -0.54669 -0.015157 0.56956 -0.35731 -2.0441 1.0812 -1.0526 -3.6288 0.57505
0 84 324 0.36268 4.826 0.28394 0.29003 3.5633 0.22696 0.72758 3.5576 -0.65388 0.28014 2.0365 -1.0476 0.50745 0.73357 -1.8402 -0.14551 3.5987 1.1081 -0.60801 2.0354 1.2112 -0.83004 0.80084 2.1081 0.41633 0.015157 -0.67077 0.9 -2.0079 -0.3749 0.36724 -3.6926 -0.73408 -0.41633 -0.015157 0.67077 -0.12472 -2.0441 1.1318 -0.91007 -3.6288 0.78134
0 85 312 0.27019 4.8165 0.3787 0.23282 3.5547 0.29546 0.86453 3.5611 -0.45838 0.51724 2.0752 -1.0418 0.81186 0.91986 -2.0196 -0.39817 3.5781 1.0496 -0.98875 2.055 1.0634 -1.7577 0.97118 1.8455 0.54635 0.017418 -0.56982 0.92979 -2.013 -0.1892 0.47963 -3.6993 -0.64159 -0.54635 -0.017417 0.56982 -0.36751 -2.0463 1.0854 -1.0484 -3.6443 0.60203
0 85 324 0.34302 4.8165 0.31425 0.28916 3.5547 0.24059 0.75034 3.5611 -0.62811 0.28933 2.0752 -1.1266 0.37423 0.91986 -2.1442 -0.17126 3.5781 1.1094 -0.74606 2.055 1.2457 -1.3356 0.97118 2.1706 0.41594 0.017418 -0.67096 0.87014 -2.013 -0.37838 0.33575 -3.6993 -0.72729 -0.41594 -0.017417 0.67096 -0.1338 -2.0463 1.1381 -0.90033 -3.6443 0.80685
0 86 324 0.31304 4.8056 0.30064 0.28105 3.5463 0.21871 0.75962 3.5584 -0.64046 0.31819 2.1173 -1.2707 0.25079 1.1756 -2.4898 -0.19823 3.5641 1.0774 -0.8973 2.1005 1.2727 -1.826 1.249 2.1615 0.41266 0.010247 -0.67313 0.84777 -2.0239 -0.37761 0.30714 -3.7071 -0.73155 -0.41266 -0.010248 0.67313 -0.16085 -2.0522 1.0991 -0.92939 -3.6547 0.79532
0 87 324 0.29335 4.7931 0.28832 0.26546 3.5378 0.20658 0.74747 3.5479 -0.6507 0.34251 2.179 -1.4449 0.13587 1.5076 -2.8176 -0.21831 3.5573 1.0627 -1.0676 2.19 1.3416 -2.2471 1.641 2.1693 0.40896 0.0064616 -0.67543 0.81279 -2.0358 -0.39176 0.27508 -3.7204 -0.74377 -0.40896 -0.0064621 0.67543 -0.19366 -2.0614 1.0565 -0.9632 -3.6681 0.77864
0 91 336 0.31914 4.7783 0.35281 0.20217 3.5467 0.19355 0.54752 3.5824 -0.72668 0.32342 2.9925 -2.2335 -0.14711 3.8782 -3.4047 -0.14494 3.5407 1.1138 -1.1385 3.0073 2.2957 -1.8704 4.0327 3.1848 0.289 0.01713 -0.73463 0.66021 -2.0433 -0.55761 0.087788 -3.7378 -0.78522 -0.28901 -0.01713 0.73463 -0.04469 -2.0833 1.0274 -0.83356 -3.7034 0.96755
0 111 324 0.25989 4.8404 0.070866 0.20961 3.5779 0.060514 0.81202 3.5068 -0.7137 0.86512 1.8787 -0.838 1.8026 0.74339 -0.38001 -0.38939 3.6786 0.83409 -0.60508 2.0935 1.1651 -0.0015252 0.9572 2.0149 0.50232 -0.012548 -0.60911 0.77347 -2.0823 -0.37083 0.3141 -3.7552 -0.8623 -0.50232 0.012548 0.60911 -0.3094 -2.0559 0.92314 -0.91825 -3.734 0.66984
0 112 324 0.24156 4.8407 0.065948 0.18415 3.5778 0.054629 0.78435 3.5047 -0.72111 0.69963 1.8896 -0.95159 1.5779 0.62805 -0.82961 -0.41305 3.6806 0.82933 -0.76222 2.0948 1.0089 -0.50131 0.87476 1.915 0.51293 -0.012753 -0.6002 0.74395 -2.0883 -0.37018 0.28452 -3.7545 -0.88376 -0.51293 0.012753 0.6002 -0.33626 -2.0574 0.91272 -0.94537 -3.7341 0.65124
0 113 324 0.23193 4.8373 0.058674 0.17142 3.5745 0.040731 0.77847 3.5063 -0.73012 0.57626 1.9172 -1.0505 1.3601 0.616 -1.3154 -0.43345 3.6724 0.81009 -0.8807 2.1023 0.87065 -1.0178 0.87623 1.7956 0.52236 -0.01685 -0.5919 0.72549 -2.0965 -0.37272 0.25593 -3.7525 -0.90959 -0.52236 0.01685 0.59191 -0.36588 -2.0561 0.89623 -0.97268 -3.7322 0.62557
0 113 336 0.23906 4.8373 0.0091715 0.17614 3.5745 0.0042002 0.60965 3.5063 -0.87602 0.34526 1.9172 -1.1473 1.0569 0.616 -1.5695 -0.25556 3.6724 0.8825 -0.68043 2.1023 1.0347 -0.62224 0.87623 1.968 0.38788 -0.01685 -0.68758 0.63214 -2.0965 -0.51542 0.061227 -3.7525 -0.94292 -0.38788 0.01685 0.68758 -0.17154 -2.0561 0.95271 -0.82136 -3.7322 0.81413
0 114 216 -0.12894 4.8267 0.18656 -0.077445 3.5663 0.14102 0.45415 3.5124 0.96677 0.92138 1.9542 0.81676 1.3478 0.72816 1.649 -0.60744 3.65 -0.68327 -0.44946 2.0973 -1.166 -1.1058 0.96291 -1.9784 0.39357 -0.020201 0.68424 0.14273 -2.1033 0.79486 0.81859 -3.7494 0.50414 -0.39357 0.020202 -0.68424 -0.71719 -2.0553 -0.64095 -0.26387 -3.7286 -1.1363
0 114 324 0.21728 4.8267 0.064982 0.15805 3.5663 0.030076 0.77911 3.5124 -0.73067 0.49207 1.9542 -1.1287 1.1518 0.72816 -1.7914 -0.46212 3.65 0.78886 -0.97006 2.0973 0.78778 -1.5399 0.96291 1.6631 0.52913 -0.020201 -0.58575 0.71185 -2.1033 -0.38137 0.22651 -3.7494 -0.93431 -0.52913 0.020202 0.58575 -0.38796 -2.0553 0.88015 -0.99913 -3.7286 0.60208
0 114 336 0.22604 4.8267 0.018387 0.16085 3.5663 -0.0034427 0.61017 3.5124 -0.87669 0.24665 1.9542 -1.2063 0.75421 0.72816 -1.9918 -0.28801 3.65 0.8677 -0.78507 2.0973 0.97225 -1.1605 0.96291 1.9469 0.39579 -0.020201 -0.68297 0.61701 -2.1033 -0.52104 0.027302 -3.7494 -0.96098 -0.39579 0.020202 0.68297 -0.19648 -2.0553 0.94158 -0.85212 -3.7286 0.79666
0 115 216 -0.13028 4.807 0.16085 -0.055288 3.5539 0.12399 0.45808 3.517 0.96211 1.0222 1.9913 0.81049 1.8321 0.95332 1.6131 -0.56604 3.6205 -0.7139 -0.38882 2.0885 -1.2525 -0.83997 1.1536 -2.3928 0.38813 -0.023132 0.68726 0.14427 -2.1076 0.78569 0.83837 -3.7446 0.48674 -0.38813 0.023132 -0.68726 -0.69916 -2.0544 -0.65138 -0.23799 -3.7233 -1.1543
0 115 336 0.20444 4.807 0.032395 0.13502 3.5539 -0.014112 0.60417 3.517 -0.87777 0.19082 1.9913 -1.2905 0.48089 0.95332 -2.3932 -0.33523 3.6205 0.84716 -0.89031 2.0885 0.96299 -1.6522 1.1536 1.9238 0.40112 -0.023132 -0.67976 0.6083 -2.1076 -0.51779 0.0023427 -3.7446 -0.96942 -0.40112 0.023132 0.67976 -0.21453 -2.0544 0.93118 -0.88066 -3.7233 0.78325
0 116 216 -0.11572 4.7891 0.1115 -0.041317 3.5411 0.10383 0.46529 3.5173 0.94653 1.1635 2.0434 0.85213 2.2762 1.2588 1.5759 -0.54433 3.5944 -0.73967 -0.38009 2.1107 -1.4034 -0.63326 1.454 -2.7753 0.38158 -0.022976 0.69092 0.15225 -2.1097 0.77729 0.86018 -3.7397 0.47277 -0.38158 0.022976 -0.69091 -0.68443 -2.0558 -0.65628 -0.2139 -3.7193 -1.1684
3 9 228 -0.43307 4.7944 -0.049781 -0.13875 3.5797 0.11541 0.51794 3.5889 -0.61674 1.0693 2.0573 -0.47891 1.948 1.5355 0.6758 -0.79918 3.5998 0.84396 -1.1729 2.013 0.94856 -0.69239 0.7625 1.7121 0.482 0.069831 -0.62152 -0.30655 -1.8419 -0.99256 -1.0245 -3.4639 -1.3162 -0.482 -0.06983 0.62153 0.43373 -1.9098 1.0577 0.49632 -3.6735 0.68824
3 10 204 -0.26831 4.7978 -0.17752 -0.090205 3.5818 0.10536 0.79101 3.5686 -0.33128 1.1765 1.9986 -0.096466 1.5666 1.2394 1.1877 -0.97296 3.6244 0.53698 -1.3136 2.0283 0.60957 -0.81736 1.0302 1.675 0.70634 0.056793 -0.34836 0.25762 -1.9358 -0.8407 -0.33358 -3.3781 -1.747 -0.70634 -0.056793 0.34836 -0.016346 -1.9382 0.97979 0.2063 -3.7003 0.66999
3 10 216 -0.29936 4.7978 -0.11785 -0.066329 3.5818 0.12181 0.70485 3.5686 -0.4885 1.1307 1.9986 -0.33896 1.7793 1.2394 0.83608 -0.84006 3.6244 0.72753 -1.1581 2.0283 0.86936 -0.45124 1.0302 1.8084 0.61848 0.056793 -0.4876 0.0772 -1.9358 -0.87589 -0.68951 -3.3781 -1.6395 -0.61848 -0.056793 0.4876 0.18772 -1.9382 0.96177 0.34109 -3.7003 0.61246
3 10 228 -0.31732 4.7978 -0.053038 -0.039554 3.5818 0.13294 0.58788 3.5686 -0.62437 1.0355 1.9986 -0.56664 1.9142 1.2394 0.44788 -0.67044 3.6244 0.88629 -0.95207 2.0283 1.0911 -0.065397 1.0302 1.8627 0.50358 0.056793 -0.60554 -0.10659 -1.9358 -0.8728 -1.0153 -3.3781 -1.4603 -0.50358 -0.056793 0.60554 0.38358 -1.9382 0.90173 0.46098 -3.7003 0.52816
3 11 204 -0.10447 4.816 -0.17393 0.014055 3.5867 0.07916 0.89546 3.5464 -0.35543 1.2136 1.9504 -0.21285 1.6106 1.0465 0.97167 -0.86749 3.6566 0.50969 -1.2083 2.0665 0.66563 -0.43725 1.3748 1.8079 0.71474 0.026398 -0.33459 0.6131 -2.0681 -0.4646 -0.095127 -3.1816 -1.6932 -0.71474 -0.026398 0.33459 -0.034595 -1.9354 0.88896 0.21959 -3.691 0.56614
3 11 216 -0.13835 4.816 -0.14841 0.030207 3.5867 0.074508 0.80199 3.5464 -0.53384 1.1428 1.9504 -0.46052 1.7774 1.0465 0.61558 -0.74257 3.6566 0.67891 -1.0435 2.0665 0.9023 -0.051814 1.3748 1.8593 0.62955 0.026398 -0.47588 0.50311 -2.0681 -0.58192 -0.44508 -3.1816 -1.6364 -0.62955 -0.026398 0.47588 0.15099 -1.9354 0.87672 0.3325 -3.691 0.50811
3 11 228 -0.16618 4.816 -0.1164 0.045038 3.5867 0.0666 0.67348 3.5464 -0.68891 1.0221 1.9504 -0.68806 1.8665 1.0465 0.23259 -0.58519 3.6566 0.81846 -0.83308 2.0665 1.0995 0.33588 1.3748 1.8294 0.51685 0.026398 -0.59638 0.37113 -2.0681 -0.67381 -0.77559 -3.1816 -1.5081 -0.51685 -0.026398 0.59638 0.32997 -1.9354 0.82617 0.43088 -3.691 0.42788
3 12 216 -0.063529 4.8155 -0.1796 0.060293 3.584 0.06046 0.85357 3.5159 -0.51698 1.1472 1.9095 -0.47274 1.7209 0.92298 0.5643 -0.73298 3.6816 0.63366 -1.0338 2.0964 0.88923 0.091217 1.6521 1.8456 0.63002 0.023755 -0.4754 0.85277 -2.0633 -0.38067 -0.13739 -2.9408 -1.6056 -0.63002 -0.023755 0.4754 0.082298 -1.9838 0.73057 0.29118 -3.7369 0.36478
3 12 228 -0.09948 4.8155 -0.16246 0.071545 3.584 0.046604 0.72743 3.5159 -0.68315 1.0239 1.9095 -0.70093 1.8006 0.92298 0.19417 -0.58522 3.6816 0.77221 -0.82633 2.0964 1.0847 0.47294 1.6521 1.7863 0.51742 0.023755 -0.596 0.75499 -2.0633 -0.54965 -0.46821 -2.9408 -1.5419 -0.51741 -0.023755 0.596 0.23239 -1.9838 0.6975 0.36065 -3.7369 0.29627
3 13 216 0.012596 4.8174 -0.23069 0.094105 3.584 0.024322 0.91842 3.4913 -0.50413 1.1939 1.8841 -0.40506 1.6654 0.84546 0.63253 -0.7295 3.7061 0.54789 -1.0113 2.1159 0.79379 0.11368 1.7314 1.7757 0.64936 0.013529 -0.44906 1.0774 -2.021 -0.14638 0.090983 -2.57 -1.5523 -0.64936 -0.013529 0.44906 -0.067804 -2.0323 0.47369 0.23932 -3.7891 0.20887
3 14 228 -0.057115 4.814 -0.29573 0.052291 3.5839 -0.037019 0.8 3.4785 -0.66724 1.086 1.8738 -0.55817 1.63 0.81242 0.41922 -0.69514 3.7186 0.58793 -0.96748 2.1243 0.81723 0.23563 1.6176 1.6379 0.59322 0.01403 -0.52095 1.1997 -1.9601 -0.13458 -0.0023516 -2.1338 -1.4672 -0.59322 -0.01403 0.52095 -0.12686 -2.0532 0.32492 0.19726 -3.8059 0.05292
3 15 240 -0.11789 4.8118 -0.31256 0.032083 3.5833 -0.069874 0.71517 3.4788 -0.76976 0.99964 1.8742 -0.65533 1.6023 0.83342 0.30962 -0.65142 3.717 0.6246 -0.93481 2.1289 0.88211 0.2562 1.3943 1.5298 0.55621 0.012243 -0.56033 1.2975 -1.914 -0.16759 -0.01977 -1.7791 -1.3913 -0.55621 -0.012243 0.56033 -0.1997 -2.0576 0.23835 0.13026 -3.806 -0.053592
3 15 252 -0.1803 4.8118 -0.28122 0.016854 3.5833 -0.075017 0.5395 3.4788 -0.90163 0.84154 1.8742 -0.84884 1.6317 0.83342 -0.03029 -0.50732 3.717 0.74639 -0.73098 2.1289 1.0572 0.56866 1.3943 1.4431 0.42756 0.012243 -0.66373 1.2343 -1.914 -0.43369 -0.30861 -1.7791 -1.3568 -0.42756 -0.012243 0.66373 -0.14578 -2.0576 0.27467 0.11627 -3.806 -0.079503
3 16 252 -0.19898 4.8133 -0.27396 -0.0035202 3.5841 -0.073452 0.63986 3.4964 -0.81218 0.93984 1.894 -0.707 1.5621 0.90181 0.29603 -0.64825 3.7012 0.66002 -0.94441 2.1161 0.92212 0.12528 1.1597 1.4866 0.52806 0.015402 -0.58687 1.3629 -1.8653 -0.16206 0.0053368 -1.5516 -1.3065 -0.52806 -0.015402 0.58687 -0.2293 -2.0612 0.21298 0.041524 -3.8103 -0.1306
3 16 264 -0.25159 4.8133 -0.2266 -0.018715 3.5841 -0.071115 0.45702 3.4964 -0.92747 0.77231 1.894 -0.88696 1.5895 0.90181 -0.035212 -0.49686 3.7012 0.78038 -0.73205 2.1161 1.0983 0.43163 1.1597 1.4281 0.39451 0.015402 -0.68383 1.2994 -1.8653 -0.44187 -0.26641 -1.5516 -1.279 -0.39451 -0.015402 0.68383 -0.18001 -2.0612 0.256 0.013464 -3.8103 -0.13637
3 17 264 -0.2616 4.8167 -0.21616 -0.037734 3.5859 -0.065926 0.58186 3.5187 -0.82681 0.92473 1.9238 -0.73967 1.5207 0.97018 0.31536 -0.65938 3.6824 0.69012 -0.95022 2.0938 0.93573 -0.078671 0.96584 1.5238 0.50379 0.016677 -0.6078 1.3939 -1.8252 -0.12889 0.013387 -1.4938 -1.2403 -0.50379 -0.016678 0.6078 -0.2706 -2.065 0.20249 -0.060754 -3.8165 -0.17059
3 17 276 -0.30082 4.8167 -0.15704 -0.050616 3.5859 -0.05664 0.39724 3.5187 -0.92972 0.75074 1.9238 -0.91577 1.553 0.97018 -0.0076977 -0.50149 3.6824 0.81213 -0.73491 2.0938 1.1128 0.23987 0.96584 1.5069 0.36641 0.016677 -0.69926 1.3366 -1.8252 -0.41587 -0.24479 -1.4938 -1.216 -0.36641 -0.016678 0.69926 -0.22259 -2.065 0.25433 -0.094893 -3.8165 -0.15423
3 18 276 -0.28317 4.8204 -0.136 -0.03799 3.5889 -0.039679 0.58923 3.5522 -0.79639 0.96482 1.9638 -0.72907 1.4905 1.0173 0.36891 -0.66794 3.655 0.71276 -0.93096 2.0595 0.94498 -0.30217 0.82022 1.6132 0.49301 0.013176 -0.61666 1.3862 -1.7918 -0.017757 0.033453 -1.6518 -1.2016 -0.49301 -0.013176 0.61666 -0.3178 -2.0667 0.20866 -0.15291 -3.823 -0.16474
3 18 288 -0.30526 4.8204 -0.074158 -0.045409 3.5889 -0.030913 0.41077 3.5522 -0.9015 0.79216 1.9638 -0.91373 1.5346 1.0173 0.050962 -0.50516 3.655 0.83605 -0.71415 2.0595 1.1179 0.03985 0.82022 1.6408 0.35402 0.013176 -0.70569 1.3522 -1.7918 -0.30557 -0.2171 -1.6518 -1.1823 -0.35402 -0.013176 0.70569 -0.26747 -2.0667 0.27017 -0.18382 -3.823 -0.12935
3 19 288 -0.32363 4.8166 -0.076541 -0.049789 3.59 0.0011537 0.60644 3.5881 -0.73146 0.99926 2.0033 -0.67709 1.4606 1.0316 0.4277 -0.70929 3.6212 0.73016 -0.94622 2.0229 0.97082 -0.5344 0.73356 1.7095 0.49211 0.016771 -0.61729 1.3219 -1.7738 0.10364 0.043822 -1.9785 -1.1516 -0.49211 -0.016772 0.61729 -0.29949 -2.0758 0.24625 -0.22113 -3.838 -0.12683
3 19 300 -0.33248 4.8166 -0.0075809 -0.048461 3.59 0.01148 0.44111 3.5881 -0.84156 0.83665 2.0033 -0.87005 1.5176 1.0316 0.11468 -0.54198 3.6212 0.86167 -0.7237 2.0229 1.1463 -0.16729 0.73356 1.7833 0.35302 0.016771 -0.70611 1.3146 -1.7738 -0.17346 -0.19656 -1.9785 -1.1355 -0.35302 -0.016772 0.70611 -0.24175 -2.0758 0.30314 -0.24267 -3.838 -0.078078
3 20 300 -0.34395 4.8111 -0.040468 -0.048754 3.5901 0.047463 0.65369 3.616 -0.64047 1.0482 2.031 -0.61364 1.4596 1.0177 0.4734 -0.75471 3.5936 0.73228 -0.98 1.9997 1.0108 -0.62156 0.71676 1.7875 0.50431 0.022852 -0.60716 1.2264 -1.7976 0.15376 0.082927 -2.4158 -1.0957 -0.50431 -0.022852 0.60716 -0.22165 -2.0808 0.29207 -0.27161 -3.8418 -0.091627
3 20 312 -0.34485 4.8111 0.031927 -0.037821 3.5901 0.056563 0.50625 3.616 -0.76239 0.8977 2.031 -0.81816 1.5261 1.0177 0.15958 -0.58597 3.5936 0.87319 -0.74842 1.9997 1.1925 -0.23633 0.71676 1.8777 0.36706 0.022852 -0.69874 1.2316 -1.7976 -0.10458 -0.1467 -2.4158 -1.089 -0.36706 -0.022852 0.69874 -0.15608 -2.0808 0.33177 -0.28473 -3.8418 -0.033154
3 21 312 -0.28874 4.8116 -0.055025 -0.0084046 3.5903 0.081568 0.72702 3.6314 -0.57022 1.1073 2.0427 -0.58621 1.4959 0.9846 0.46594 -0.74721 3.5787 0.73072 -0.93899 1.9852 1.035 -0.56048 0.72278 1.8354 0.52365 0.017695 -0.59074 1.0861 -1.8678 0.14608 0.1826 -2.9121 -1.0132 -0.52365 -0.017695 0.59074 -0.14697 -2.068 0.32868 -0.31929 -3.8162 -0.077278
3 21 324 -0.29387 4.8116 0.0062099 0.008738 3.5903 0.081533 0.59258 3.6314 -0.70891 0.96121 2.0427 -0.80362 1.5601 0.9846 0.14475 -0.57895 3.5787 0.8701 -0.70329 1.9852 1.2076 -0.16662 0.72278 1.9119 0.38939 0.017695 -0.6867 1.0928 -1.8678 -0.082935 -0.032045 -2.9121 -1.029 -0.38939 -0.017695 0.6867 -0.075419 -2.068 0.35206 -0.32838 -3.8162 -0.009205
3 22 324 -0.16594 4.818 -0.0435 0.042849 3.5883 0.14529 0.81011 3.6362 -0.4682 1.1239 2.0352 -0.5512 1.5559 0.91815 0.42005 -0.7274 3.5699 0.75663 -0.88909 1.9751 1.0721 -0.4344 0.73255 1.8638 0.54128 0.017592 -0.57463 0.92775 -1.9365 0.093576 0.349 -3.3276 -0.89671 -0.54128 -0.017592 0.57463 -0.093711 -2.0608 0.37646 -0.39747 -3.7817 -0.067447
3 22 336 -0.17136 4.818 -0.0080484 0.07212 3.5883 0.1332 0.69506 3.6362 -0.6264 0.98473 2.0352 -0.77282 1.6092 0.91815 0.087377 -0.55419 3.5699 0.89133 -0.64677 1.9751 1.2335 -0.037401 0.73255 1.9134 0.40998 0.017592 -0.67461 0.92693 -1.9365 -0.10136 0.15493 -3.3276 -0.94967 -0.40998 -0.017592 0.67461 -0.013393 -2.0608 0.38771 -0.40281 -3.7817 0.016666
3 23 336 -0.015153 4.8205 -0.032583 0.095059 3.5849 0.19397 0.87893 3.6279 -0.39853 1.1533 2.0256 -0.55995 1.6327 0.84656 0.3105 -0.69151 3.5715 0.7843 -0.7878 1.9685 1.0839 -0.30261 0.72345 1.8534 0.57018 0.016925 -0.54599 0.83119 -1.9846 0.037286 0.53657 -3.5783 -0.75264 -0.57018 -0.016925 0.54599 -0.10946 -2.0619 0.40386 -0.50648 -3.749 -0.093107
3 23 348 -0.021596 4.8205 -0.02872 0.13331 3.5849 0.16997 0.77687 3.6279 -0.57256 1.0116 2.0256 -0.78749 1.6616 0.84656 -0.035745 -0.51334 3.5715 0.91093 -0.54524 1.9685 1.224 0.089345 0.72345 1.8758 0.4442 0.016925 -0.65261 0.82078 -1.9846 -0.13634 0.36836 -3.5783 -0.84775 -0.4442 -0.016925 0.65261 -0.023097 -2.0619 0.41779 -0.51477 -3.749 0.014231
3 24 0 0.10609 4.8224 -0.022518 0.19365 3.5812 0.18465 0.83939 3.605 -0.55684 1.0166 2.0049 -0.83401 1.6716 0.75322 -0.21595 -0.45462 3.5871 0.9243 -0.45585 1.98 1.2178 0.22146 0.73433 1.8238 0.46032 0.013675 -0.64142 0.75184 -2.0125 -0.16824 0.35576 -3.6428 -0.82872 -0.46032 -0.013675 0.64141 -0.084801 -2.0694 0.42397 -0.63898 -3.7274 -0.017438
3 24 348 0.10845 4.8224 3.0894e-05 0.15103 3.5812 0.22088 0.93683 3.605 -0.37015 1.1678 2.0049 -0.60443 1.68 0.75322 0.13632 -0.63685 3.5871 0.80958 -0.69908 1.98 1.0964 -0.16257 0.73433 1.83 0.58362 0.013675 -0.53169 0.77039 -2.0125 -0.0082469 0.52029 -3.6428 -0.73665 -0.58362 -0.013675 0.53169 -0.1711 -2.0694 0.39708 -0.62139 -3.7274 -0.14991
3 25 0 0.16037 4.8206 0.020699 0.20429 3.5773 0.23457 0.98765 3.5886 -0.36005 1.1535 1.9989 -0.69783 1.6596 0.67364 -0.093513 -0.58069 3.5957 0.82688 -0.63228 1.9822 1.0773 -0.038834 0.71884 1.7327 0.58964 0.0093141 -0.5251 0.71794 -2.0421 -0.089671 0.35467 -3.6423 -0.83685 -0.58964 -0.0093136 0.5251 -0.24669 -2.0763 0.36945 -0.70987 -3.7217 -0.20422
3 26 12 0.17112 4.8177 0.03967 0.24249 3.574 0.2492 1.0117 3.5633 -0.36364 1.1117 1.9919 -0.79867 1.5834 0.58864 -0.36727 -0.52777 3.6143 0.85948 -0.60066 1.9964 1.0732 0.0040548 0.71452 1.6806 0.60227 0.0029826 -0.51065 0.61438 -2.0671 -0.15162 0.15972 -3.644 -0.89835 -0.60227 -0.0029826 0.51065 -0.28424 -2.0754 0.37531 -0.74769 -3.7162 -0.21118
3 27 24 0.16634 4.8168 0.085352 0.28074 3.5705 0.26219 1.0404 3.5729 -0.36249 1.0566 2.0243 -0.88218 1.4492 0.55191 -0.64616 -0.48041 3.5977 0.88451 -0.60648 1.9795 1.0696 -0.014256 0.67017 1.6287 0.59028 -0.0031662 -0.52445 0.50857 -2.075 -0.18501 -0.048964 -3.6334 -0.90021 -0.59028 0.0031657 0.52445 -0.28285 -2.0722 0.41184 -0.7641 -3.7086 -0.17255
3 28 24 0.15385 4.8104 0.18871 0.27108 3.563 0.35162 1.114 3.5668 -0.15509 1.168 2.0431 -0.74178 1.4515 0.54032 -0.54427 -0.57285 3.5889 0.85609 -0.80382 1.9764 0.9796 -0.39367 0.63465 1.6191 0.66038 -0.0022449 -0.43288 0.45803 -2.0722 -0.13514 -0.064409 -3.6244 -0.88916 -0.66038 0.0022449 0.43288 -0.34891 -2.0743 0.35983 -0.76042 -3.7035 -0.29372
3 28 36 0.18972 4.8104 0.1526 0.33826 3.563 0.28758 1.0575 3.5668 -0.38332 0.98824 2.0431 -0.9684 1.3066 0.54032 -0.83416 -0.38234 3.5889 0.95648 -0.58258 1.9764 1.1253 -0.048432 0.63465 1.6656 0.55595 -0.0022449 -0.56072 0.41993 -2.0722 -0.22742 -0.24787 -3.6244 -0.85634 -0.55595 0.0022449 0.56072 -0.26648 -2.0743 0.42451 -0.80487 -3.7035 -0.1292
3 29 36 0.15522 4.8091 0.25092 0.30416 3.5595 0.36049 1.0969 3.5692 -0.22162 1.0744 2.0692 -0.86824 1.3057 0.55151 -0.72375 -0.4897 3.5795 0.94079 -0.80574 1.9804 1.0486 -0.45783 0.6007 1.6428 0.61622 0.0019679 -0.49373 0.36145 -2.0628 -0.20033 -0.26858 -3.6155 -0.86603 -0.61622 -0.0019674 0.49373 -0.34476 -2.082 0.3746 -0.8765 -3.6949 -0.23091
3 29 48 0.20399 4.8091 0.21316 0.37247 3.5595 0.28938 1.0268 3.5692 -0.44483 0.87037 2.0692 -1.0726 1.1267 0.55151 -0.97941 -0.28339 3.5795 1.022 -0.57011 1.9804 1.1932 -0.10626 0.6007 1.7021 0.5001 0.0019679 -0.61106 0.3119 -2.0628 -0.2711 -0.44277 -3.6155 -0.79126 -0.5001 -0.0019674 0.61106 -0.25935 -2.082 0.4381 -0.90535 -3.6949 -0.043627
3 30 36 0.14072 4.8048 0.33255 0.29265 3.5544 0.42007 1.1433 3.5725 -0.073282 1.1786 2.0998 -0.77948 1.3684 0.57663 -0.63247 -0.55897 3.566 0.91198 -0.98289 1.9886 0.93683 -0.80581 0.58622 1.5531 0.66507 -0.0052629 -0.42563 0.31831 -2.0623 -0.17548 -0.27331 -3.6113 -0.88361 -0.66507 0.0052629 0.42563 -0.41075 -2.0796 0.37046 -0.92458 -3.7034 -0.22113
3 30 48 0.20678 4.8048 0.29602 0.37359 3.5544 0.35004 1.1031 3.5725 -0.30939 0.99081 2.0998 -1.0075 1.207 0.57663 -0.90315 -0.35714 3.566 1.0083 -0.76663 1.9886 1.1207 -0.4653 0.58622 1.6867 0.56204 -0.0052629 -0.5546 0.27487 -2.0623 -0.23782 -0.45105 -3.6113 -0.80747 -0.56204 0.0052629 0.5546 -0.32475 -2.0796 0.44777 -0.95035 -3.7034 -0.024069
3 31 48 0.21422 4.7991 0.40064 0.37205 3.5472 0.41858 1.1611 3.5694 -0.16816 1.1117 2.1096 -0.89984 1.3033 0.58186 -0.81644 -0.41781 3.5549 1.0046 -0.92569 2.0025 1.0332 -0.79572 0.57727 1.6073 0.61647 -0.010726 -0.4933 0.23364 -2.0557 -0.2002 -0.45076 -3.6104 -0.80456 -0.61647 0.010727 0.4933 -0.35997 -2.0745 0.47781 -0.9368 -3.7251 0.037604
3 31 60 0.29283 4.7991 0.34735 0.45094 3.5472 0.33208 1.1008 3.5694 -0.40589 0.90031 2.1096 -1.1113 1.105 0.58186 -1.0696 -0.19981 3.5549 1.0695 -0.69065 2.0025 1.2031 -0.44416 0.57727 1.7376 0.50044 -0.010726 -0.61069 0.18691 -2.0557 -0.2444 -0.60818 -3.6104 -0.69326 -0.50044 0.010727 0.61069 -0.25277 -2.0745 0.54221 -0.90851 -3.7251 0.23155
3 32 60 0.29989 4.8012 0.37033 0.44152 3.5484 0.33409 1.1419 3.5672 -0.35619 1.0025 2.0979 -1.0566 1.216 0.57086 -1.0467 -0.25932 3.5593 1.0241 -0.83657 2.0316 1.0668 -0.76214 0.58911 1.6064 0.52807 -0.016355 -0.58683 0.1704 -2.0562 -0.23251 -0.59296 -3.6163 -0.71652 -0.52807 0.016355 0.58683 -0.25748 -2.066 0.51551 -0.87796 -3.7287 0.19731
3 33 60 0.26581 4.8045 0.38251 0.40714 3.5519 0.34257 1.1395 3.5704 -0.31366 1.056 2.0865 -0.9919 1.3103 0.5667 -0.93631 -0.32568 3.5633 0.99847 -0.97413 2.0654 0.92996 -1.0177 0.6133 1.4469 0.5424 -0.0089602 -0.57378 0.17188 -2.05 -0.24026 -0.56107 -3.6166 -0.74948 -0.5424 0.0089607 0.57378 -0.23703 -2.0692 0.52536 -0.84574 -3.7328 0.18942
3 33 72 0.33953 4.8045 0.31889 0.46947 3.5519 0.25043 1.0494 3.5704 -0.54372 0.82667 2.0865 -1.1898 1.087 0.5667 -1.1883 -0.11097 3.5633 1.0444 -0.7595 2.0654 1.1122 -0.69462 0.6133 1.6268 0.41125 -0.0089602 -0.67401 0.11817 -2.05 -0.27074 -0.70464 -3.6166 -0.61645 -0.41125 0.0089607 0.67401 -0.12262 -2.0692 0.56316 -0.78788 -3.7328 0.36112
3 34 60 0.24826 4.8055 0.40416 0.38452 3.5525 0.36165 1.1345 3.569 -0.27443 1.0995 2.0721 -0.92775 1.3982 0.56651 -0.7801 -0.36578 3.5659 0.99744 -1.0834 2.1107 0.80753 -1.1585 0.64492 1.2803 0.5493 -0.0026569 -0.56724 0.17324 -2.0459 -0.25413 -0.53899 -3.6196 -0.7709 -0.5493 0.0026569 0.56724 -0.22693 -2.0734 0.55203 -0.82782 -3.738 0.20704
3 34 72 0.32686 4.8055 0.34371 0.45131 3.5525 0.2738 1.0527 3.569 -0.50432 0.88256 2.0721 -1.1361 1.2054 0.56651 -1.0537 -0.15041 3.5659 1.0517 -0.89182 2.1107 1.0151 -0.86698 0.64492 1.4931 0.41936 -0.0026569 -0.66905 0.11662 -2.0459 -0.28459 -0.68749 -3.6196 -0.642 -0.41936 0.0026569 0.66905 -0.1072 -2.0734 0.58715 -0.76668 -3.738 0.37463
3 35 60 0.24669 4.8068 0.40424 0.37888 3.5535 0.35824 1.1319 3.57 -0.27426 1.1141 2.0532 -0.88083 1.4771 0.56712 -0.6877 -0.37432 3.5667 0.99059 -1.1372 2.1516 0.70048 -1.2407 0.6671 1.1044 0.55256 -0.004312 -0.56405 0.17574 -2.0475 -0.25168 -0.52602 -3.6248 -0.772 -0.55256 0.0043125 0.56405 -0.22684 -2.0713 0.54952 -0.80399 -3.7428 0.1976
3 35 72 0.32535 4.8068 0.34412 0.44508 3.5535 0.27163 1.0501 3.57 -0.5036 0.90661 2.0532 -1.0932 1.3019 0.56712 -0.97979 -0.16018 3.5667 1.0468 -0.96669 2.1516 0.9216 -0.98399 0.6671 1.3383 0.42322 -0.004312 -0.66661 0.11957 -2.0475 -0.28272 -0.67503 -3.6248 -0.64577 -0.42322 0.0043125 0.66661 -0.10763 -2.0713 0.58467 -0.74534 -3.7428 0.36044
3 36 60 0.26337 4.8072 0.38184 0.39472 3.5539 0.33559 1.144 3.5701 -0.30136 1.1344 2.0313 -0.85 1.533 0.55765 -0.63315 -0.35466 3.5675 0.97247 -1.1164 2.1666 0.61766 -1.2895 0.66934 0.94312 0.54555 -0.011376 -0.57074 0.21721 -2.0591 -0.23437 -0.49817 -3.6269 -0.76462 -0.54556 0.011376 0.57073 -0.23647 -2.0663 0.52493 -0.79332 -3.7441 0.17056
3 36 72 0.337 4.8072 0.31874 0.45587 3.5539 0.24619 1.0563 3.5701 -0.53262 0.93287 2.0313 -1.0673 1.3678 0.55765 -0.93803 -0.14472 3.5675 1.025 -0.96359 2.1666 0.83628 -1.0653 0.66934 1.1906 0.41497 -0.011376 -0.67169 0.16373 -2.0591 -0.27441 -0.64626 -3.6269 -0.64433 -0.41497 0.011376 0.67169 -0.12217 -2.0663 0.56263 -0.74052 -3.7441 0.33178
3 37 60 0.25071 4.8066 0.38368 0.38986 3.554 0.34096 1.1347 3.5733 -0.30107 1.1248 2.0218 -0.81265 1.53 0.55648 -0.55538 -0.35528 3.5645 0.98285 -1.0768 2.156 0.57735 -1.295 0.6567 0.86394 0.54128 -0.0059876 -0.57487 0.22961 -2.0564 -0.23866 -0.47957 -3.6271 -0.76859 -0.54128 0.0059876 0.57487 -0.23435 -2.0716 0.51475 -0.79655 -3.7458 0.15159
3 37 72 0.325 4.8066 0.32317 0.45223 3.554 0.25246 1.0473 3.5733 -0.53041 0.93125 2.0218 -1.0287 1.3811 0.55648 -0.86134 -0.14317 3.5645 1.0352 -0.93323 2.156 0.78861 -1.0871 0.6567 1.1143 0.40993 -0.0059876 -0.67485 0.17498 -2.0564 -0.28118 -0.62889 -3.6271 -0.65209 -0.40993 0.0059876 0.67485 -0.12221 -2.0716 0.55222 -0.74763 -3.7458 0.31389
3 38 60 0.22789 4.8085 0.38728 0.36597 3.5558 0.34839 1.1126 3.5735 -0.29159 1.1024 2.0165 -0.78604 1.5056 0.56058 -0.4772 -0.38086 3.5679 0.98828 -1.0587 2.1477 0.54984 -1.2346 0.64441 0.8446 0.54537 -0.0012712 -0.57102 0.21474 -2.0512 -0.25064 -0.48025 -3.6266 -0.78562 -0.54537 0.0012712 0.57102 -0.23287 -2.0751 0.49873 -0.79704 -3.7427 0.10906
3 38 72 0.30343 4.8085 0.33143 0.43041 3.5558 0.26469 1.0277 3.5735 -0.51654 0.91484 2.0165 -0.99806 1.3735 0.56058 -0.7798 -0.16706 3.5679 1.0459 -0.92123 2.1477 0.75794 -1.032 0.64441 1.0828 0.41473 -0.0012712 -0.67193 0.15794 -2.0512 -0.28981 -0.6331 -3.6266 -0.66861 -0.41473 0.0012712 0.67194 -0.12409 -2.0751 0.53625 -0.75695 -3.7427 0.27239
3 39 60 0.222 4.8062 0.39161 0.36947 3.5544 0.35894 1.113 3.5733 -0.28462 1.1075 2.0116 -0.76384 1.5154 0.56318 -0.4269 -0.37445 3.5654 1.0022 -1.0228 2.1294 0.57059 -1.1397 0.62448 0.88573 0.54969 -0.0018439 -0.56687 0.20901 -2.0518 -0.25747 -0.47562 -3.627 -0.8063 -0.54969 0.0018439 0.56687 -0.24956 -2.0754 0.47134 -0.80951 -3.7363 0.04852
3 39 72 0.29857 4.8062 0.3369 0.43602 3.5544 0.27428 1.0295 3.5733 -0.50981 0.92449 2.0116 -0.97741 1.3935 0.56318 -0.73264 -0.1579 3.5654 1.0582 -0.88185 2.1294 0.77078 -0.93068 0.62448 1.1033 0.41982 -0.0018439 -0.66877 0.15092 -2.0518 -0.2953 -0.63286 -3.627 -0.68979 -0.41982 0.0018439 0.66877 -0.14611 -2.0754 0.51293 -0.78173 -3.7363 0.21577
3 40 60 0.20711 4.8058 0.39283 0.36041 3.5548 0.36408 1.0974 3.5756 -0.28689 1.1036 2.0075 -0.74482 1.5232 0.56648 -0.39111 -0.37702 3.5639 1.0148 -1.0025 2.1038 0.63319 -1.0892 0.60009 0.96344 0.54621 0.0017977 -0.57021 0.2152 -2.0517 -0.27363 -0.46964 -3.6254 -0.82624 -0.54621 -0.0017977 0.57022 -0.25145 -2.0789 0.45635 -0.81317 -3.7348 0.016543
3 40 72 0.28426 4.8058 0.34119 0.42823 3.5548 0.28119 1.0138 3.5756 -0.50879 0.92459 2.0075 -0.95799 1.4086 0.56648 -0.69927 -0.15778 3.5639 1.071 -0.84893 2.1038 0.82778 -0.86512 0.60009 1.1688 0.41572 0.0017977 -0.67132 0.15361 -2.0517 -0.3124 -0.63116 -3.6254 -0.71054 -0.41572 -0.0017977 0.67132 -0.15108 -2.0789 0.49866 -0.79196 -3.7348 0.18525
3 41 60 0.19494 4.807 0.38544 0.35047 3.5563 0.35927 1.0772 3.5753 -0.30317 1.1 2.0009 -0.73829 1.5416 0.57258 -0.36067 -0.37677 3.5671 1.0214 -0.99782 2.093 0.68968 -1.062 0.59469 1.0485 0.53982 0.0037174 -0.57626 0.20917 -2.0516 -0.29264 -0.47256 -3.6235 -0.85439 -0.53982 -0.0037174 0.57626 -0.23382 -2.078 0.44277 -0.79508 -3.7332 -0.00027336
3 41 72 0.27082 4.807 0.33648 0.4175 3.5563 0.27855 0.99066 3.5753 -0.52051 0.92249 2.0009 -0.95087 1.4329 0.57258 -0.6733 -0.15618 3.5671 1.0774 -0.83262 2.093 0.88207 -0.82075 0.59469 1.2464 0.40822 0.0037174 -0.6759 0.14375 -2.0516 -0.32973 -0.63987 -3.6235 -0.73747 -0.40822 -0.0037174 0.6759 -0.13666 -2.078 0.48171 -0.77777 -3.7332 0.16504
3 42 60 0.17458 4.8074 0.36413 0.34386 3.5588 0.34053 1.0584 3.5827 -0.33495 1.0969 2.0035 -0.75121 1.5757 0.60122 -0.32445 -0.37136 3.5647 1.0156 -0.99872 2.084 0.72775 -1.0401 0.59149 1.1128 0.53315 0.0031724 -0.58245 0.20329 -2.0538 -0.30992 -0.47931 -3.6192 -0.88827 -0.53315 -0.0031724 0.58245 -0.24123 -2.0775 0.42041 -0.8061 -3.7271 -0.038405
3 42 72 0.24647 4.8074 0.31987 0.40714 3.5588 0.26159 0.96559 3.5827 -0.54768 0.91679 2.0035 -0.96286 1.4738 0.60122 -0.64496 -0.15208 3.5647 1.0707 -0.82559 2.084 0.9195 -0.78602 0.59149 1.3047 0.4004 0.0031724 -0.68057 0.13441 -2.0538 -0.34541 -0.65351 -3.6192 -0.7692 -0.4004 -0.0031724 0.68056 -0.14855 -2.0775 0.46138 -0.79647 -3.7271 0.13003
3 43 60 0.17978 4.8091 0.33874 0.34632 3.5601 0.32382 1.0471 3.5783 -0.3661 1.0973 1.9985 -0.77905 1.6346 0.64775 -0.26489 -0.355 3.5717 1.0133 -0.9877 2.0855 0.76901 -1.0163 0.59485 1.1624 0.52071 0.0029278 -0.59359 0.24745 -2.0628 -0.32459 -0.46681 -3.6094 -0.91528 -0.52071 -0.0029283 0.59359 -0.26047 -2.079 0.40305 -0.81846 -3.7244 -0.079111
3 43 72 0.24628 4.8091 0.29396 0.40608 3.5601 0.24474 0.94806 3.5783 -0.5758 0.91133 1.9985 -0.99017 1.5438 0.64775 -0.59896 -0.13657 3.5717 1.065 -0.80623 2.0855 0.95756 -0.75236 0.59485 1.3483 0.38592 0.0029278 -0.68888 0.17455 -2.0628 -0.36895 -0.64691 -3.6094 -0.79823 -0.38592 -0.0029283 0.68888 -0.17098 -2.079 0.4484 -0.81703 -3.7244 0.092786
3 44 60 0.20242 4.8099 0.3079 0.36623 3.56 0.30119 1.0523 3.5757 -0.4034 1.08 1.9976 -0.82485 1.6889 0.7085 -0.23731 -0.32046 3.5741 1.0052 -0.93458 2.0723 0.81483 -0.97004 0.58151 1.2071 0.50779 0.0010433 -0.60469 0.39278 -2.0777 -0.32208 -0.40745 -3.5797 -0.91761 -0.50779 -0.0010433 0.60469 -0.28959 -2.077 0.36559 -0.8082 -3.7301 -0.13361
3 44 72 0.26202 4.8099 0.25908 0.42085 3.56 0.21846 0.94542 3.5757 -0.61337 0.88494 1.9976 -1.0314 1.6026 0.7085 -0.58326 -0.10447 3.5741 1.0498 -0.74474 2.0723 0.99134 -0.69788 0.58151 1.3824 0.37097 0.0010433 -0.69705 0.31723 -2.0777 -0.3967 -0.58933 -3.5797 -0.81284 -0.37097 -0.0010433 0.69705 -0.20725 -2.077 0.41781 -0.81832 -3.7301 0.037343
3 45 60 0.24285 4.8125 0.25939 0.38925 3.5603 0.26103 1.0547 3.5633 -0.46322 1.0195 1.9889 -0.8976 1.6815 0.68932 -0.39702 -0.27643 3.587 0.98457 -0.82612 2.0523 0.87941 -0.802 0.57174 1.3097 0.49962 -0.0067921 -0.61142 0.69583 -2.0672 -0.25038 -0.23983 -3.4486 -0.93393 -0.49962 0.0067921 0.61142 -0.39565 -2.0673 0.29239 -0.80374 -3.7548 -0.19404
3 45 72 0.29147 4.8125 0.20323 0.43502 3.5603 0.1744 0.93534 3.5633 -0.67238 0.81063 1.9889 -1.09 1.5622 0.68932 -0.73795 -0.065686 3.587 1.0205 -0.62523 2.0523 1.032 -0.51219 0.57174 1.4478 0.36158 -0.0067921 -0.70193 0.62857 -2.0672 -0.38958 -0.42877 -3.4486 -0.86365 -0.36158 0.0067921 0.70193 -0.32621 -2.0673 0.36826 -0.82652 -3.7548 -0.022687
3 58 48 -0.0089373 4.8198 0.029715 0.21336 3.582 0.12284 0.93153 3.5872 -0.54916 0.68779 2.2203 -1.4099 0.86293 0.70491 -1.6346 -0.50689 3.6064 0.79217 -0.45741 2.1851 1.596 0.6744 2.2528 2.641 0.6395 -0.0365 -0.46174 0.88224 -1.8928 0.49202 0.48683 -3.649 0.39071 -0.6395 0.0365 0.46174 -0.97994 -1.8708 -0.351 -1.4533 -3.3629 -1.2457
3 59 48 -0.12382 4.8215 0.011345 0.11007 3.5876 0.12737 0.81986 3.5875 -0.55348 0.68111 2.0993 -1.2129 0.98393 0.59065 -1.3129 -0.60214 3.6172 0.80504 -0.63339 2.099 1.4072 0.34113 1.6337 2.5079 0.61795 -0.0038919 -0.49155 0.82074 -1.9092 0.37037 0.3837 -3.6571 0.29987 -0.61795 0.0038915 0.49155 -0.84137 -1.9942 -0.11833 -1.4936 -3.3001 -1.1767
3 59 60 -0.11876 4.8215 0.036841 0.13414 3.5876 0.1017 0.68687 3.5875 -0.71185 0.41405 2.0993 -1.328 0.68947 0.59065 -1.4888 -0.42161 3.6172 0.91264 -0.32697 2.099 1.5081 0.8551 1.6337 2.3822 0.50224 -0.0038919 -0.60929 0.87981 -1.9092 0.19163 0.43766 -3.6571 0.21354 -0.50224 0.0038915 0.60929 -0.84758 -1.9942 0.059188 -1.7056 -3.3001 -0.84048
3 60 48 -0.21041 4.8166 -0.068578 0.050075 3.5903 0.066755 0.75228 3.5943 -0.62191 0.75731 2.0176 -1.0494 1.2689 0.57489 -0.86393 -0.65509 3.6157 0.75193 -0.76709 2.0349 1.1487 -0.20069 1.0186 2.1606 0.59391 -0.003365 -0.52034 0.67723 -1.9544 0.25486 0.2344 -3.7008 0.18605 -0.59391 0.0033655 0.52034 -0.66258 -2.0823 0.27651 -1.4359 -3.1177 -0.98083
3 60 60 -0.22007 4.8166 -0.023332 0.062859 3.5903 0.054885 0.60653 3.5943 -0.76473 0.52258 2.0176 -1.1839 1.0616 0.57489 -1.1089 -0.48444 3.6157 0.8717 -0.51149 2.0349 1.2831 0.2529 1.0186 2.1551 0.47275 -0.003365 -0.63245 0.71542 -1.9544 0.10848 0.26796 -3.7008 0.13325 -0.47275 0.0033655 0.63245 -0.59061 -2.0823 0.40823 -1.6085 -3.1177 -0.66085
3 61 60 -0.30344 4.8149 0.0089659 -0.010889 3.59 0.079263 0.54062 3.6089 -0.73489 0.66074 2.0011 -0.99837 1.5092 0.77892 -0.59345 -0.56634 3.6005 0.89088 -0.80649 1.9961 1.083 -0.42422 0.70986 1.8428 0.47083 0.019712 -0.63359 0.47368 -1.9971 -0.044869 0.091721 -3.7564 0.055187 -0.47083 -0.019712 0.63359 -0.31492 -2.1094 0.7862 -1.468 -2.7957 -0.41806
3 61 72 -0.29495 4.8149 0.07186 0.0058282 3.59 0.079795 0.37601 3.6089 -0.83123 0.43873 2.0011 -1.1139 1.3528 0.77892 -0.89426 -0.36874 3.6005 0.98916 -0.56369 1.9961 1.227 -0.031815 0.70986 1.8907 0.32881 0.019712 -0.71763 0.454 -1.9971 -0.14237 0.10119 -3.7564 0.034911 -0.32881 -0.019712 0.71763 -0.14458 -2.1094 0.8345 -1.5228 -2.7957 -0.10371
3 62 60 -0.34107 4.8116 0.098678 -0.058163 3.5835 0.15475 0.52463 3.614 -0.63694 0.87737 2.0267 -0.79432 1.9554 1.1888 -0.077873 -0.64473 3.5826 0.94425 -1.125 2.0212 0.9294 -0.93674 0.63367 1.5751 0.44924 0.054579 -0.64707 0.26993 -1.9998 -0.24477 -0.031603 -3.7637 -0.024284 -0.44924 -0.054579 0.64707 0.0091929 -2.0381 1.1665 -1.2449 -2.4039 -0.076126
3 62 72 -0.3131 4.8116 0.16743 -0.024717 3.5835 0.16346 0.38074 3.614 -0.7321 0.69305 2.0267 -0.95938 1.8965 1.1888 -0.48273 -0.43432 3.5826 1.0577 -0.90721 2.0212 1.143 -0.58879 0.63367 1.7355 0.30489 0.054579 -0.72633 0.21314 -1.9998 -0.29554 -0.035961 -3.7637 -0.017182 -0.30489 -0.054579 0.72633 0.25153 -2.0381 1.1391 -1.2336 -2.4039 0.18438
3 63 72 -0.29618 4.8137 0.15107 -0.017523 3.5842 0.13683 0.43291 3.6185 -0.73684 0.99446 2.0979 -0.93962 2.328 1.6981 -0.27663 -0.47172 3.5795 1.0092 -1.1593 2.0981 0.9723 -1.1185 0.65022 1.5012 0.26929 0.044746 -0.74093 0.14974 -2.0102 -0.32007 -0.15832 -3.7693 -0.071706 -0.26929 -0.044746 0.74093 0.64092 -1.841 1.3405 -0.90281 -2.0584 0.43464
3 63 84 -0.2583 4.8137 0.20935 0.011308 3.5842 0.13748 0.27025 3.6185 -0.81075 0.77737 2.0979 -1.1258 2.2196 1.6981 -0.7546 -0.25159 3.5795 1.0852 -0.93184 2.0981 1.1921 -0.78198 0.65022 1.701 0.10936 0.044746 -0.78073 0.079919 -2.0102 -0.34421 -0.16977 -3.7693 -0.037221 -0.10936 -0.044746 0.78073 0.90561 -1.841 1.1779 -0.79271 -2.0584 0.61284
3 64 84 -0.28102 4.815 0.15828 -0.014786 3.5851 0.084021 0.28197 3.6275 -0.85273 1.0547 2.2234 -1.1695 2.5242 2.2224 -0.70221 -0.31524 3.5723 1.0205 -1.1819 2.1881 1.0622 -1.2763 0.73441 1.5677 0.095847 0.028538 -0.78326 -0.00038797 -2.0288 -0.36786 -0.32534 -3.7793 -0.083379 -0.095847 -0.028538 0.78326 1.2433 -1.6003 1.1716 -0.48183 -1.8415 0.70602
3 65 84 -0.32796 4.812 0.12716 -0.06075 3.5833 0.048929 0.26735 3.6301 -0.8771 1.2753 2.3813 -1.1826 2.7032 2.685 -0.68618 -0.39239 3.566 0.97472 -1.3946 2.2759 0.97957 -1.6659 0.85499 1.5134 0.10342 0.020346 -0.78255 -0.079769 -2.0357 -0.39073 -0.47922 -3.7735 -0.12343 -0.10342 -0.020346 0.78255 1.5081 -1.3373 1.0702 -0.2057 -1.7898 0.74007
3 65 96 -0.29436 4.812 0.19257 -0.049249 3.5833 0.060491 0.079144 3.6301 -0.91351 1.0015 2.3813 -1.4219 2.5015 2.685 -1.2332 -0.18116 3.566 1.035 -1.1604 2.2759 1.2481 -1.3149 0.85499 1.8267 -0.061543 0.020346 -0.78695 -0.15926 -2.0357 -0.36561 -0.49441 -3.7735 -0.021099 0.061543 -0.020346 0.78695 1.6977 -1.3373 0.73325 -0.047337 -1.7898 0.76667
3 72 72 -0.20942 4.8169 0.13156 0.052251 3.5842 0.11937 0.53036 3.6228 -0.73929 1.7688 2.5589 -0.68402 2.9189 3.2372 0.08718 -0.42885 3.5753 0.97717 -1.387 2.2525 0.95066 -1.6086 0.87936 1.6163 0.228 0.040535 -0.7549 -0.60084 -1.8888 -0.68302 -1.4123 -3.4985 -0.64674 -0.228 -0.040535 0.7549 1.0461 -1.6995 0.95163 0.88182 -3.4938 0.8863
3 73 60 -0.26084 4.8127 0.084655 0.020995 3.5853 0.12783 0.63215 3.6312 -0.64142 1.6923 2.4101 -0.40967 2.7415 2.8405 0.63511 -0.59343 3.5689 0.89566 -1.3841 2.1458 0.76057 -1.5742 0.75719 1.4035 0.35876 0.041564 -0.70218 -0.50963 -1.8666 -0.83985 -1.37 -3.4407 -1.0212 -0.35876 -0.041564 0.70218 0.65956 -1.8496 1.031 0.52088 -3.6464 0.97462
3 73 72 -0.23754 4.8127 0.13704 0.047113 3.5853 0.12067 0.48497 3.6312 -0.75884 1.5701 2.4101 -0.75256 2.8136 2.8405 0.051246 -0.39424 3.5689 0.99947 -1.1957 2.1458 1.0317 -1.248 0.75719 1.7001 0.20493 0.041564 -0.76143 -0.67311 -1.8666 -0.71554 -1.5524 -3.4407 -0.71409 -0.20493 -0.041564 0.76143 0.85952 -1.8496 0.87137 0.71213 -3.6464 0.84502
3 74 48 -0.29674 4.8089 -0.062594 -0.0016616 3.5898 0.057437 0.72832 3.6388 -0.5999 1.555 2.2587 -0.31614 2.4318 2.2786 0.95212 -0.73522 3.5703 0.71232 -1.3101 2.0468 0.58195 -1.3959 0.65422 1.2386 0.48795 0.02081 -0.62046 -0.25396 -1.9274 -0.88168 -1.1712 -3.3875 -1.4088 -0.48795 -0.02081 0.62046 0.27198 -1.9474 0.97423 0.15789 -3.7439 0.87195
3 74 60 -0.30327 4.8089 0.00047078 0.010317 3.5898 0.056527 0.58767 3.6388 -0.73822 1.4553 2.2587 -0.63254 2.5766 2.2786 0.42571 -0.57105 3.5703 0.84962 -1.1604 2.0468 0.84161 -1.1079 0.65422 1.5017 0.34829 0.02081 -0.70835 -0.43173 -1.9274 -0.80961 -1.4385 -3.3875 -1.1346 -0.34829 -0.02081 0.70835 0.46859 -1.9474 0.89639 0.33573 -3.7439 0.82007
3 75 36 -0.24288 4.8013 -0.24167 0.04093 3.591 -0.038614 0.87551 3.6353 -0.55715 1.4372 2.114 -0.36001 2.109 1.566 0.91517 -0.79701 3.576 0.47616 -1.1393 1.9787 0.48357 -1.0523 0.66517 1.2866 0.62424 -0.014522 -0.48333 0.29464 -2.0869 -0.58717 -0.65979 -3.2238 -1.6106 -0.62424 0.014522 0.48333 -0.07755 -1.9829 0.83806 -0.088723 -3.7815 0.71217
3 75 48 -0.28782 4.8013 -0.18589 0.032007 3.591 -0.04628 0.74054 3.6353 -0.727 1.3309 2.114 -0.65095 2.2532 1.566 0.45669 -0.6806 3.576 0.63146 -1.0138 1.9787 0.70987 -0.76179 0.66517 1.4773 0.51011 -0.014522 -0.60256 0.16612 -2.0869 -0.63559 -0.98023 -3.2238 -1.4382 -0.51011 0.014522 0.60256 0.098386 -1.9829 0.83587 0.061285 -3.7815 0.71506
3 75 60 -0.32018 4.8013 -0.12199 0.021686 3.591 -0.051924 0.5732 3.6353 -0.86508 1.1665 2.114 -0.91343 2.2989 1.566 -0.021755 -0.53444 3.576 0.75917 -0.8441 1.9787 0.90515 -0.438 0.66517 1.6034 0.37368 -0.014522 -0.69545 0.030344 -2.0869 -0.65624 -1.2578 -3.2238 -1.203 -0.37368 0.014522 0.69545 0.27002 -1.9829 0.79715 0.20861 -3.7815 0.68669
3 76 36 -0.24068 4.8013 -0.28498 0.035732 3.59 -0.077986 0.86119 3.6256 -0.61157 1.2238 2.0362 -0.71716 1.9235 0.99823 0.18325 -0.79291 3.5837 0.4518 -0.96759 1.9772 0.69132 -0.45228 0.96402 1.7332 0.64619 -0.021235 -0.45331 0.74093 -2.1126 -0.27538 -0.33708 -2.9277 -1.4688 -0.64619 0.021235 0.45331 -0.26208 -2.0374 0.62309 -0.16922 -3.8358 0.53282
3 76 48 -0.29467 4.8013 -0.22871 0.018737 3.59 -0.08371 0.71521 3.6256 -0.77726 1.0479 2.0362 -0.95593 1.9195 0.99823 -0.22067 -0.68165 3.5837 0.60678 -0.80271 1.9772 0.87738 -0.082032 0.96402 1.7894 0.53782 -0.021235 -0.57775 0.66749 -2.1126 -0.42341 -0.6351 -2.9277 -1.3667 -0.53782 0.021235 0.57775 -0.12681 -2.0374 0.66396 -0.054746 -3.8358 0.55636
3 77 48 -0.22141 4.8027 -0.29053 0.068656 3.5845 -0.14745 0.72858 3.5948 -0.87667 0.77293 2.0288 -1.3395 1.558 0.75475 -0.96783 -0.59479 3.6037 0.57839 -0.58775 2.0342 1.0317 0.51686 1.5593 1.9971 0.54131 -0.051779 -0.57254 1.1487 -2.0285 -0.20124 -0.26729 -2.4967 -1.2144 -0.54131 0.051779 0.57254 -0.35521 -2.0393 0.48944 -0.18494 -3.8317 0.39256
3 78 48 -0.1967 4.8082 -0.29711 0.069222 3.5842 -0.14686 0.68046 3.5809 -0.9174 0.46331 2.1168 -1.6087 1.1476 0.73838 -1.5116 -0.54531 3.6169 0.62038 -0.44569 2.1191 1.2649 0.80637 2.2047 2.1609 0.5429 -0.051898 -0.57103 1.5337 -1.8104 0.012338 0.059862 -2.0443 -0.99962 -0.54289 0.051898 0.57103 -0.43895 -2.0403 0.40945 -0.33742 -3.8331 0.24616
3 79 48 -0.22687 4.8064 -0.33523 0.040614 3.5825 -0.17949 0.61214 3.5747 -0.97991 0.18825 2.2446 -1.8284 0.76192 0.81816 -1.9456 -0.53448 3.6197 0.61753 -0.35911 2.2238 1.4479 0.87391 2.7111 2.2352 0.54871 -0.05114 -0.56551 1.789 -1.5704 0.18811 0.28005 -1.7021 -0.78998 -0.54871 0.051141 0.56551 -0.51853 -2.0371 0.33585 -0.48212 -3.8259 0.11321
3 79 288 0.40375 4.8064 -0.028861 0.13514 3.5825 0.12492 0.54255 3.5747 1.0201 1.4893 2.2446 1.0772 1.304 0.81816 1.6327 -0.26756 3.6197 -0.77164 -1.0744 2.2238 -1.0349 -2.3727 2.7111 -0.36077 0.21539 -0.05114 0.75795 -1.0574 -1.5704 1.4553 0.54411 -1.7021 0.63752 -0.21539 0.051141 -0.75795 -0.031589 -2.0371 -0.61698 0.14302 -3.8259 -0.47413
3 80 48 -0.29674 4.8039 -0.34521 -0.025705 3.5814 -0.18442 0.52338 3.5702 -1.0003 -0.023028 2.3536 -1.9437 0.44023 0.91143 -2.2323 -0.57849 3.622 0.62808 -0.35419 2.3261 1.5972 0.84299 2.9908 2.3061 0.54654 -0.036558 -0.56873 1.8899 -1.318 0.41493 0.40648 -1.5119 -0.59151 -0.54654 0.036558 0.56873 -0.58594 -2.0436 0.27591 -0.60694 -3.8253 0.00033944
3 80 276 0.4551 4.8039 0.010471 0.15425 3.5814 0.1043 0.39319 3.5702 1.0583 1.4599 2.3536 1.2835 1.3644 0.91143 1.8209 -0.079664 3.622 -0.85017 -0.94992 2.3261 -1.3319 -2.2778 2.9908 -0.91661 0.056947 -0.036558 0.78671 -1.5729 -1.318 1.1268 0.16759 -1.5119 0.69788 -0.056946 0.036558 -0.78671 0.18702 -2.0436 -0.62006 0.40587 -3.8253 -0.45127
3 81 48 -0.34085 4.8029 -0.36029 -0.08545 3.5771 -0.19867 0.45101 3.5638 -1.0229 -0.14726 2.4124 -2.0154 0.25825 0.98124 -2.4218 -0.62529 3.6198 0.62237 -0.38192 2.3889 1.6685 0.79972 3.1072 2.3507 0.54218 -0.027349 -0.5734 1.8924 -1.0624 0.6595 0.5112 -1.506 -0.41128 -0.54218 0.027349 0.5734 -0.64988 -2.0394 0.21116 -0.72861 -3.8094 -0.12344
3 82 48 -0.357 4.8023 -0.36633 -0.10928 3.5739 -0.209 0.41988 3.561 -1.038 -0.18355 2.424 -2.0438 0.22739 1.009 -2.4984 -0.64178 3.6163 0.61684 -0.40228 2.3955 1.6756 0.77585 3.1025 2.3754 0.53833 -0.026285 -0.57707 1.8434 -0.89013 0.8247 0.60734 -1.6697 -0.23146 -0.53833 0.026285 0.57707 -0.71176 -2.0245 0.15435 -0.84725 -3.7803 -0.23227
3 83 48 -0.33824 4.8043 -0.35992 -0.088761 3.5755 -0.2076 0.44753 3.5683 -1.032 -0.11786 2.3966 -2.0201 0.3238 0.98377 -2.4519 -0.62848 3.6122 0.61381 -0.38422 2.3722 1.649 0.79445 3.0349 2.39 0.53667 -0.031768 -0.57834 1.7858 -0.86592 0.8907 0.69982 -1.9573 -0.047559 -0.53667 0.031769 0.57834 -0.77568 -1.9996 0.097915 -0.96807 -3.7384 -0.33855
3 84 48 -0.29682 4.8082 -0.34028 -0.045022 3.579 -0.19146 0.5086 3.5718 -1.0044 -0.0056283 2.3475 -1.9559 0.47335 0.92373 -2.3038 -0.60221 3.6156 0.61822 -0.36459 2.3344 1.6035 0.8181 2.9403 2.3856 0.54136 -0.036224 -0.57368 1.7335 -0.96893 0.88346 0.81403 -2.333 0.14532 -0.54136 0.036224 0.57368 -0.83418 -1.9742 0.03835 -1.0713 -3.6952 -0.44437
3 84 276 0.45149 4.8082 0.0071097 0.1724 3.579 0.094651 0.40606 3.5718 1.05 1.4573 2.3475 1.3045 1.3953 0.92373 1.8933 -0.056469 3.6156 -0.86119 -0.94764 2.3344 -1.3439 -2.3203 2.9403 -0.98832 0.064088 -0.036224 0.78618 -1.8164 -0.96893 0.69706 -0.65269 -2.333 0.50771 -0.064088 0.036224 -0.78618 0.52968 -1.9742 -0.64558 1.0471 -3.6952 -0.49882
3 85 48 -0.23096 4.8126 -0.33664 0.0096547 3.581 -0.18888 0.59183 3.5729 -0.98157 0.14084 2.2863 -1.8815 0.65548 0.85194 -2.1171 -0.57583 3.6186 0.60052 -0.36404 2.2969 1.537 0.82975 2.8332 2.3525 0.55037 -0.04462 -0.56444 1.6575 -1.1637 0.82699 0.95714 -2.7472 0.32401 -0.55037 0.044621 0.56444 -0.89 -1.9399 -0.036069 -1.1662 -3.6385 -0.574
3 85 288 0.40702 4.8126 -0.031694 0.15875 3.581 0.1028 0.55415 3.5729 1.0033 1.559 2.2863 1.0627 1.5057 0.85194 1.6262 -0.23215 3.6186 -0.79895 -1.1491 2.2969 -1.0838 -2.4522 2.8332 -0.45767 0.21363 -0.04462 0.75886 -1.545 -1.1637 1.022 -0.75917 -2.7472 0.6669 -0.21363 0.044621 -0.75886 0.47623 -1.9399 -0.75272 1.0802 -3.6385 -0.72296
3 86 48 -0.18552 4.8137 -0.31596 0.05293 3.5829 -0.1633 0.66376 3.5716 -0.93409 0.30167 2.2143 -1.7679 0.83876 0.77442 -1.8946 -0.56093 3.6237 0.60408 -0.37553 2.2643 1.4908 0.85725 2.6976 2.3095 0.56283 -0.048129 -0.55172 1.5286 -1.4017 0.73256 1.0995 -3.135 0.48227 -0.56283 0.048129 0.55172 -0.95895 -1.9075 -0.10629 -1.2838 -3.5809 -0.69365
3 86 288 0.36639 4.8137 -0.0026864 0.11496 3.5829 0.12749 0.47706 3.5716 1.0419 1.3802 2.2143 1.1452 1.2214 0.77442 1.6737 -0.24268 3.6237 -0.78782 -1.1033 2.2643 -1.0706 -2.4287 2.6976 -0.41232 0.19639 -0.048129 0.76329 -1.3987 -1.4017 0.95752 -0.96739 -3.135 0.71103 -0.19639 0.048129 -0.76329 0.57153 -1.9075 -0.77733 1.2426 -3.5809 -0.76496
3 86 300 0.35782 4.8137 -0.078804 0.13895 3.5829 0.1008 0.68326 3.5716 0.91993 1.5881 2.2143 0.83321 1.5426 0.77442 1.3832 -0.40117 3.6237 -0.72015 -1.3018 2.2643 -0.81783 -2.4613 2.6976 0.10164 0.35079 -0.048129 0.70578 -1.1691 -1.4017 1.2274 -0.79842 -3.135 0.89663 -0.3508 0.048129 -0.70578 0.39742 -1.9075 -0.87917 1.0564 -3.5809 -1.0066
4 11 288 0.24823 4.6073 1.4922 0.14494 3.4055 1.1072 1.0827 3.4158 0.81077 1.3944 1.9123 0.25318 1.5033 1.4899 1.7322 -0.78958 3.4233 1.4134 -1.3362 1.9807 0.87595 -0.89599 1.5204 2.2803 0.72805 0.081275 -0.29468 0.32004 -1.8531 -1.006 -0.26326 -3.1763 -2.083 -0.72805 -0.081275 0.29468 -0.011798 -1.7072 1.4162 0.22352 -3.3805 0.78733
4 54 84 0.21034 4.639 1.3702 0.13138 3.4028 1.1131 0.9084 3.5259 0.52275 1.2373 2.2585 -0.45415 2.0426 1.8346 0.79063 -0.64378 3.3084 1.711 -1.5465 2.0856 1.1123 -0.67583 1.451 2.2154 0.55712 0.1708 -0.53287 0.5008 -1.8646 -1.051 -0.20711 -3.1996 -2.0345 -0.55712 -0.1708 0.53287 0.52665 -1.919 0.9614 0.56844 -3.5373 0.16766
4 55 84 0.10025 4.6351 1.4095 0.053386 3.4029 1.1268 0.85021 3.547 0.56852 1.1786 2.2533 -0.37342 1.9865 1.7516 0.84039 -0.74225 3.2873 1.6933 -1.5746 2.0352 1.0545 -0.71 1.458 2.1934 0.58831 0.17043 -0.49834 0.65806 -1.8765 -0.96692 -0.14465 -3.0138 -2.1128 -0.58831 -0.17043 0.49834 0.4427 -1.9534 0.91334 0.48508 -3.515 0.013029
5 3 288 0.3573 4.7701 0.77547 0.29115 3.5268 0.54402 1.1126 3.6 0.0080721 1.2618 2.114 -0.65382 2.0937 0.8158 -0.67119 -0.52842 3.4827 1.086 -0.8379 1.8787 1.0689 -0.78452 0.45405 1.6563 0.65127 -0.012904 -0.4463 0.40185 -2.0989 -0.47595 -0.33599 -3.3751 -1.5141 -0.65127 0.012905 0.4463 0.039722 -1.7893 1.2763 -0.011843 -3.5414 0.85397
5 4 288 0.33639 4.772 0.76027 0.28679 3.5268 0.53489 1.0964 3.6122 -0.016949 1.23 2.133 -0.69742 2.0259 0.81523 -0.78503 -0.52136 3.4706 1.0926 -0.79893 1.8607 1.1057 -0.69145 0.4527 1.725 0.64253 -0.01341 -0.45877 0.47697 -2.1079 -0.45569 -0.29318 -3.3287 -1.5361 -0.64253 0.01341 0.45877 0.016077 -1.8264 1.2305 -0.080511 -3.5588 0.74024
5 5 288 0.34312 4.7717 0.75363 0.29077 3.526 0.53233 1.0833 3.6159 -0.04318 1.2012 2.1436 -0.74134 1.9843 0.82036 -0.85719 -0.50019 3.4653 1.1138 -0.75677 1.8523 1.1485 -0.57134 0.471 1.8083 0.62906 -0.011402 -0.47713 0.57572 -2.1114 -0.43859 -0.23316 -3.2679 -1.5607 -0.62906 0.011402 0.47713 0.034517 -1.8453 1.2028 -0.13565 -3.5483 0.63558
5 40 336 0.28304 4.7927 0.67983 0.19588 3.5464 0.47265 0.99967 3.6259 -0.088563 1.3015 2.1195 -0.64379 2.2941 0.96769 -0.3872 -0.60649 3.4962 1.0393 -0.93486 1.8972 0.97703 -0.81546 0.47558 1.5623 0.61839 0.012809 -0.49084 0.48995 -2.0669 -0.75993 -0.39002 -3.2398 -1.8092 -0.61839 -0.01281 0.49084 0.11342 -1.7996 1.3192 0.16904 -3.5337 0.8285
6 63 120 0.16153 4.806 0.59146 0.12521 3.5483 0.45507 0.97392 3.5565 -0.041916 1.5656 2.0366 -0.13525 2.3144 1.3549 1.0276 -0.72121 3.5697 0.95555 -1.1031 1.9814 0.96114 -1.0674 0.59372 1.6326 0.61982 0.049093 -0.48674 0.073373 -1.9296 -0.93428 -0.58711 -3.489 -1.5531 -0.61982 -0.049093 0.48674 0.18257 -1.8285 1.2641 0.44171 -3.608 1.3947
6 64 120 0.18149 4.8031 0.58864 0.16507 3.5458 0.4464 1.0034 3.5712 -0.067337 1.5394 2.0375 -0.23854 2.2943 1.2294 0.83606 -0.6714 3.55 0.96377 -1.0417 1.9589 0.97022 -1.0202 0.5553 1.6083 0.61354 0.031991 -0.49603 0.0741 -1.9476 -0.94848 -0.64194 -3.4373 -1.6687 -0.61354 -0.031991 0.49603 0.18027 -1.8154 1.273 0.36672 -3.6087 1.2803
6 65 120 0.16573 4.799 0.60731 0.17405 3.5429 0.455 1.0081 3.5872 -0.064371 1.4706 2.0422 -0.3248 2.2397 1.0845 0.60743 -0.65865 3.5281 0.9782 -1.0165 1.9342 0.99244 -0.99934 0.52101 1.609 0.61357 0.026989 -0.49628 0.10078 -1.9627 -0.93507 -0.65845 -3.3736 -1.762 -0.61357 -0.026988 0.49628 0.16175 -1.8227 1.2635 0.29506 -3.6182 1.1678
6 66 120 0.18343 4.795 0.60832 0.20525 3.5394 0.45299 1.0326 3.5985 -0.075482 1.4254 2.0488 -0.41193 2.2021 0.93787 0.32303 -0.62117 3.5098 0.98546 -0.963 1.9126 1.0143 -0.92716 0.50113 1.634 0.60534 0.017378 -0.50671 0.1775 -2.0062 -0.87607 -0.63819 -3.3114 -1.8152 -0.60534 -0.017378 0.50671 0.14715 -1.849 1.2089 0.21896 -3.6417 1.03
6 67 120 0.21489 4.7937 0.58898 0.24272 3.5389 0.42634 1.0572 3.6082 -0.12064 1.3907 2.0583 -0.51453 2.1689 0.825 -0.01348 -0.57099 3.4991 0.97739 -0.89908 1.8994 1.0217 -0.8205 0.50075 1.6661 0.59218 0.0025463 -0.52231 0.30612 -2.0625 -0.78352 -0.59536 -3.2246 -1.8265 -0.59218 -0.0025463 0.52231 0.11346 -1.8793 1.15 0.13963 -3.6637 0.89278
6 68 120 0.25727 4.7886 0.59474 0.28138 3.535 0.42327 1.0788 3.6097 -0.1476 1.3618 2.0629 -0.59052 2.1332 0.75263 -0.33398 -0.5152 3.4897 0.9984 -0.8304 1.888 1.0603 -0.69597 0.51103 1.7411 0.57868 -0.0058322 -0.53721 0.46437 -2.1003 -0.65788 -0.52048 -3.1212 -1.7709 -0.57868 0.0058322 0.53721 0.089772 -1.9054 1.0982 0.065876 -3.6777 0.76787
