0 0 120 -0.48087 4.8174 -0.079233 -0.29575 3.5725 0.013793 -0.68027 3.5075 0.91672 -1.4274 2.4853 1.949 -2.7381 2.7739 2.7082 0.084281 3.6669 -0.88844 0.093574 2.6073 -2.1317 -0.71097 2.5042 -3.4431 -0.32286 -0.02094 0.72029 -1.1694 -1.9089 0.35554 -1.0905 -3.6681 0.74309 0.32286 0.020939 -0.72029 0.40135 -2.0782 -0.76027 1.2461 -3.5909 -0.26105
0 1 108 -0.5085 4.8165 -0.067713 -0.31327 3.5717 0.013641 -0.72719 3.4939 0.90245 -1.3651 2.4791 2.0124 -2.6147 2.7568 2.8719 0.09576 3.6789 -0.87438 0.043824 2.606 -2.1052 -0.85995 2.4735 -3.3475 -0.3878 -0.03031 0.68716 -1.2105 -1.8944 0.17467 -1.2308 -3.6622 0.52896 0.3878 0.03031 -0.68716 0.52581 -2.0653 -0.62625 1.2801 -3.5693 0.021746
0 2 96 -0.53498 4.815 -0.073383 -0.32739 3.5708 -0.0033935 -0.76436 3.4839 0.87347 -1.2945 2.4846 2.0521 -2.4728 2.7575 3.0085 0.10433 3.6869 -0.87946 -0.0019766 2.5954 -2.0902 -1.0097 2.4463 -3.2478 -0.45445 -0.034411 0.64482 -1.2184 -1.8749 -0.020918 -1.3223 -3.6488 0.2851 0.45445 0.034411 -0.64482 0.61359 -2.0539 -0.47743 1.2549 -3.5488 0.30021
0 3 84 -0.58696 4.8081 -0.1078 -0.35495 3.5677 -0.038673 -0.81393 3.4727 0.82601 -1.2334 2.4949 2.0657 -2.3267 2.7822 3.1144 0.098197 3.6919 -0.90273 -0.058135 2.58 -2.0893 -1.1553 2.423 -3.1614 -0.52123 -0.039397 0.59183 -1.1912 -1.8538 -0.22886 -1.3654 -3.6307 0.022617 0.52123 0.039397 -0.59183 0.6618 -2.0407 -0.3312 1.1653 -3.5261 0.55802
0 4 72 -0.62875 4.8022 -0.1471 -0.36968 3.5659 -0.082255 -0.85492 3.4677 0.76762 -1.1649 2.5219 2.063 -2.1676 2.8389 3.1907 0.10927 3.6931 -0.93183 -0.094686 2.5689 -2.0994 -1.2757 2.412 -3.0782 -0.58649 -0.042154 0.52702 -1.1252 -1.8364 -0.42412 -1.3525 -3.6162 -0.24578 0.58649 0.042153 -0.52702 0.68205 -2.0309 -0.19869 1.0277 -3.5013 0.78576
0 5 60 -0.66199 4.7961 -0.17423 -0.37803 3.5641 -0.11645 -0.89116 3.4598 0.71612 -1.1125 2.5532 2.0569 -2.017 2.901 3.2563 0.12843 3.6976 -0.94896 -0.12419 2.5585 -2.0924 -1.3726 2.4184 -2.9867 -0.64651 -0.047015 0.4509 -1.0299 -1.8202 -0.60883 -1.2841 -3.6019 -0.49936 0.64651 0.047015 -0.4509 0.68963 -2.0158 -0.054391 0.8431 -3.4745 0.99416
0 6 36 -0.61424 4.7888 -0.37986 -0.33098 3.5613 -0.25253 -1.0369 3.4635 0.42531 -1.4679 2.5874 1.735 -2.5199 2.9631 2.798 0.36837 3.6881 -0.93238 0.3026 2.5372 -2.09 -0.8006 2.421 -3.161 -0.75976 -0.047612 0.20977 -0.71671 -1.7985 -0.95073 -0.98524 -3.5814 -0.9662 0.75976 0.047612 -0.20976 0.64422 -2.0086 0.20609 0.36493 -3.4515 1.2506
0 6 48 -0.67979 4.7888 -0.24385 -0.37625 3.5613 -0.1782 -0.92582 3.4635 0.6316 -1.0751 2.5874 2.0023 -1.8831 2.9631 3.2608 0.16647 3.6881 -0.9886 -0.13854 2.5372 -2.1072 -1.4403 2.421 -2.9255 -0.69954 -0.047612 0.36314 -0.89871 -1.7985 -0.78094 -1.1646 -3.5814 -0.74024 0.69954 0.047612 -0.36314 0.673 -2.0086 0.067642 0.61696 -3.4515 1.1474
0 7 24 -0.60869 4.7798 -0.45847 -0.31045 3.5579 -0.31294 -1.056 3.4632 0.32158 -1.4333 2.6214 1.6699 -2.424 3.0146 2.7842 0.42855 3.6815 -0.95007 0.30787 2.5226 -2.0951 -0.85081 2.4391 -3.1091 -0.78086 -0.050315 0.10596 -0.52553 -1.7775 -1.0628 -0.77634 -3.5613 -1.1399 0.78086 0.050314 -0.10596 0.58801 -2.0005 0.30771 0.09999 -3.4268 1.2969
0 7 36 -0.69071 4.7798 -0.3219 -0.36873 3.5579 -0.24155 -0.96602 3.4632 0.5341 -1.0548 2.6214 1.9314 -1.7921 3.0146 3.2273 0.22165 3.6815 -1.0184 -0.13445 2.5226 -2.1133 -1.4786 2.4391 -2.8642 -0.74177 -0.050315 0.26599 -0.73501 -1.7775 -0.93032 -0.99638 -3.5613 -0.95362 0.74177 0.050314 -0.26599 0.63914 -2.0005 0.17873 0.36745 -3.4268 1.2478
0 8 12 -0.58538 4.7706 -0.54623 -0.2814 3.554 -0.37391 -1.0709 3.4615 0.20537 -1.4256 2.6408 1.5726 -2.3702 3.0351 2.7258 0.50177 3.6754 -0.95637 0.32527 2.5108 -2.0883 -0.87752 2.4587 -3.0518 -0.78768 -0.055267 0.0020837 -0.31061 -1.7579 -1.1327 -0.53054 -3.5423 -1.2691 0.78768 0.055267 -0.0020839 0.5167 -1.9902 0.394 -0.16629 -3.4007 1.2856
0 9 0 -0.53413 4.7618 -0.63843 -0.23012 3.5507 -0.43459 -1.0641 3.4648 0.079596 -1.4325 2.6527 1.4483 -2.3702 3.0302 2.6127 0.59803 3.6656 -0.9526 0.37205 2.4949 -2.0693 -0.87143 2.4684 -2.9808 -0.78074 -0.059207 -0.10219 -0.082625 -1.7405 -1.1512 -0.26131 -3.5245 -1.3412 0.78074 0.059207 0.10219 0.43318 -1.981 0.46422 -0.41565 -3.3802 1.2209
0 21 24 -0.30634 4.7776 -0.67839 -0.04506 3.5512 -0.50519 -0.82569 3.523 0.092466 -1.1793 2.5706 1.3718 -2.1903 2.7214 2.5263 0.73066 3.6085 -1.1071 -0.12284 2.5424 -2.0036 -1.6453 2.6562 -1.7874 -0.78899 -0.0042086 0.031267 -0.5087 -1.7775 -1.0602 -0.71222 -3.5632 -1.2038 0.78899 0.0042086 -0.031268 0.73631 -2.086 0.1748 0.16729 -3.455 1.2009
0 22 36 -0.3289 4.7831 -0.64736 -0.074507 3.5528 -0.49176 -0.82607 3.5281 0.14219 -1.1467 2.573 1.4282 -2.1358 2.7389 2.5994 0.67216 3.6066 -1.1297 -0.16572 2.5532 -2.0555 -1.7049 2.6188 -1.9909 -0.78301 -0.0028431 0.10188 -0.66601 -1.7937 -0.99063 -0.9199 -3.5781 -1.0393 0.78301 0.0028429 -0.10188 0.81439 -2.093 0.042319 0.42584 -3.4785 1.1288
0 23 48 -0.34683 4.7869 -0.62667 -0.098242 3.5542 -0.47763 -0.82373 3.5279 0.18595 -1.1201 2.5808 1.4836 -2.1056 2.7617 2.6557 0.62219 3.6096 -1.1449 -0.18657 2.5695 -2.1107 -1.7245 2.5973 -2.2184 -0.77233 0.00053406 0.16431 -0.81445 -1.8119 -0.89764 -1.093 -3.5922 -0.83693 0.77233 -0.0005343 -0.16431 0.86097 -2.0989 -0.10797 0.66031 -3.5035 1.0046
0 24 60 -0.37796 4.7913 -0.60083 -0.13871 3.5559 -0.45715 -0.84403 3.5337 0.22798 -1.1226 2.5973 1.5373 -2.1218 2.79 2.6958 0.56157 3.6074 -1.1459 -0.21718 2.5823 -2.1516 -1.7281 2.5718 -2.4593 -0.75796 -0.0019205 0.22133 -0.95453 -1.8372 -0.78231 -1.2268 -3.6106 -0.60365 0.75796 0.0019205 -0.22133 0.87685 -2.0954 -0.26042 0.86634 -3.5279 0.83447
0 25 72 -0.40407 4.7939 -0.57308 -0.1671 3.5573 -0.43581 -0.85361 3.5315 0.26804 -1.1437 2.6028 1.5804 -2.1528 2.7992 2.7296 0.5143 3.6123 -1.1429 -0.22799 2.6018 -2.1902 -1.6782 2.5546 -2.7121 -0.73772 0.00046086 0.28155 -1.0742 -1.8588 -0.63736 -1.3099 -3.6233 -0.3513 0.73772 -0.0004611 -0.28155 0.86367 -2.0931 -0.42063 1.033 -3.5536 0.62303
0 26 84 -0.44231 4.7974 -0.52079 -0.20171 3.5603 -0.39417 -0.85951 3.5279 0.33632 -1.1773 2.6078 1.6483 -2.2192 2.8002 2.7686 0.45077 3.622 -1.1275 -0.24868 2.6313 -2.222 -1.6004 2.5496 -2.9595 -0.71162 -0.0027633 0.34217 -1.1668 -1.8863 -0.46982 -1.3406 -3.6399 -0.088132 0.71162 0.0027628 -0.34217 0.81547 -2.0836 -0.56748 1.1488 -3.5771 0.38596
0 27 96 -0.46631 4.8016 -0.46578 -0.22584 3.5627 -0.35796 -0.84861 3.5296 0.40259 -1.2038 2.6128 1.7072 -2.295 2.7888 2.7824 0.39161 3.6249 -1.121 -0.25848 2.6471 -2.2568 -1.4757 2.5342 -3.1966 -0.6777 -0.0029111 0.40522 -1.2243 -1.9106 -0.28494 -1.3112 -3.6518 0.17491 0.6777 0.0029106 -0.40523 0.74352 -2.0747 -0.71108 1.2203 -3.6001 0.12355
0 28 108 -0.49145 4.8054 -0.40916 -0.25346 3.5647 -0.31799 -0.83769 3.5311 0.47253 -1.24 2.6078 1.7587 -2.3954 2.7677 2.7673 0.32545 3.6274 -1.1106 -0.25045 2.6667 -2.2998 -1.336 2.548 -3.3884 -0.63355 -0.0046096 0.47126 -1.2483 -1.9319 -0.096159 -1.227 -3.659 0.42115 0.63355 0.0046096 -0.47126 0.64048 -2.0631 -0.84366 1.2349 -3.6188 -0.15263
0 29 120 -0.51784 4.8075 -0.35829 -0.28099 3.5656 -0.28098 -0.81985 3.5337 0.5412 -1.2732 2.6006 1.8031 -2.5105 2.7319 2.7139 0.25254 3.6268 -1.105 -0.23193 2.6955 -2.3566 -1.1985 2.5792 -3.5524 -0.57951 -0.0054746 0.53632 -1.2343 -1.9529 0.096689 -1.0925 -3.6661 0.64039 0.57951 0.0054746 -0.53632 0.50738 -2.0499 -0.96579 1.1915 -3.631 -0.43371
0 30 132 -0.52704 4.8102 -0.31519 -0.28935 3.5678 -0.24899 -0.78259 3.5378 0.6014 -1.2957 2.5901 1.8291 -2.6082 2.6818 2.6334 0.19855 3.627 -1.1009 -0.18477 2.7323 -2.4129 -1.0599 2.6389 -3.679 -0.51535 0.00050831 0.59826 -1.1827 -1.9675 0.28869 -0.91745 -3.6693 0.82205 0.51535 -0.00050831 -0.59826 0.34436 -2.0408 -1.0696 1.0876 -3.6431 -0.70745
0 31 144 -0.53622 4.8131 -0.26392 -0.30253 3.5695 -0.20703 -0.74493 3.5394 0.67089 -1.3255 2.5741 1.8541 -2.7045 2.6171 2.5426 0.13451 3.6288 -1.0861 -0.13395 2.7738 -2.452 -0.9453 2.7276 -3.7625 -0.44048 0.001811 0.65534 -1.1021 -1.9836 0.46916 -0.71212 -3.6724 0.96594 0.44048 -0.001811 -0.65534 0.17 -2.0296 -1.1341 0.93421 -3.6512 -0.94118
0 33 156 -0.50231 4.8154 -0.29627 -0.28836 3.5703 -0.20542 -0.82539 3.547 0.61824 -1.7347 2.5305 1.5174 -3.2708 2.48 1.6428 0.2438 3.623 -1.0309 0.489 2.8551 -2.4518 0.12377 2.8826 -3.9496 -0.42232 0.0069962 0.66715 -0.98428 -2.0149 0.56447 -0.46758 -3.677 1.0349 0.42232 -0.0069962 -0.66715 0.059518 -2.0121 -1.1794 0.76224 -3.6724 -1.16
0 34 168 -0.51486 4.8159 -0.26678 -0.30408 3.5697 -0.18501 -0.80422 3.5477 0.66159 -1.7539 2.5003 1.48 -3.2937 2.4206 1.4897 0.1913 3.6211 -1.0331 0.54096 2.8827 -2.4478 0.2784 2.9387 -3.9662 -0.3459 0.01196 0.70973 -0.84622 -2.0286 0.69561 -0.23036 -3.6782 1.0833 0.3459 -0.01196 -0.70973 -0.13014 -2.0012 -1.1898 0.53447 -3.6724 -1.3173
0 35 180 -0.52553 4.8164 -0.23823 -0.31687 3.5696 -0.16006 -0.78427 3.5469 0.70503 -1.7727 2.4794 1.4481 -3.3071 2.3722 1.3381 0.14575 3.6217 -1.0265 0.59713 2.9005 -2.421 0.45461 2.9826 -3.9542 -0.26255 0.017102 0.7445 -0.69252 -2.0386 0.80521 0.010324 -3.6749 1.087 0.26255 -0.017103 -0.7445 -0.32592 -1.9889 -1.1689 0.26689 -3.6729 -1.4207
0 36 192 -0.53163 4.8163 -0.21484 -0.32428 3.5691 -0.14062 -0.75891 3.5452 0.74135 -1.7731 2.4531 1.4103 -3.2944 2.3316 1.1901 0.10556 3.6225 -1.0237 0.65684 2.9059 -2.3843 0.61555 3.0162 -3.9218 -0.17441 0.024031 0.76974 -0.52217 -2.0449 0.88401 0.24445 -3.6691 1.0424 0.17441 -0.024031 -0.76974 -0.53017 -1.9747 -1.1058 -0.039083 -3.673 -1.46
0 38 204 -0.45298 4.8187 -0.28488 -0.27268 3.5727 -0.15445 -0.82729 3.5538 0.65759 -1.9559 2.4149 0.97043 -3.2915 2.284 0.21092 0.27764 3.6212 -0.96819 1.2329 2.8648 -2.0564 1.7139 3.0196 -3.5132 -0.17596 0.031559 0.76912 -0.3653 -2.0581 0.87841 0.4893 -3.6441 0.95042 0.17596 -0.031559 -0.76912 -0.66577 -1.9382 -1.0349 -0.32667 -3.6637 -1.4328
0 39 216 -0.43942 4.8166 -0.30646 -0.26525 3.5725 -0.1593 -0.79425 3.5589 0.66975 -1.9118 2.3956 0.92784 -3.1795 2.2715 0.058933 0.25961 3.6156 -0.98998 1.2591 2.8218 -2.0095 1.8289 2.98 -3.4336 -0.098119 0.04159 0.78239 -0.17974 -2.0558 0.87556 0.70047 -3.628 0.81023 0.098118 -0.041591 -0.78239 -0.83663 -1.919 -0.90811 -0.61405 -3.6552 -1.3406
0 40 228 -0.44776 4.8123 -0.30722 -0.27266 3.5722 -0.13971 -0.77095 3.5646 0.70823 -1.8751 2.3792 0.919 -3.0618 2.2662 -0.059067 0.22163 3.6093 -0.98922 1.259 2.7794 -1.94 1.8886 2.9162 -3.3409 -0.011417 0.043852 0.78832 -0.0090233 -2.0562 0.85291 0.87386 -3.6132 0.63592 0.011417 -0.043852 -0.78832 -0.97566 -1.8982 -0.74905 -0.87242 -3.6455 -1.1815
0 41 240 -0.46778 4.8062 -0.30162 -0.282 3.5715 -0.11798 -0.7319 3.5718 0.75663 -1.8188 2.3622 0.91242 -2.927 2.2593 -0.15486 0.16405 3.6007 -0.99408 1.2384 2.7397 -1.8734 1.9155 2.8322 -3.2557 0.083643 0.047052 0.78377 0.14108 -2.053 0.81105 0.99103 -3.6009 0.44689 -0.083643 -0.047052 -0.78377 -1.0907 -1.878 -0.56495 -1.0983 -3.6349 -0.96994
0 42 240 -0.42422 4.7997 -0.37006 -0.26882 3.5715 -0.13564 -0.83793 3.5777 0.66651 -1.9105 2.3505 0.55544 -2.6678 2.2646 -0.785 0.29686 3.5948 -0.93989 1.5398 2.7006 -1.5093 2.528 2.7265 -2.6927 0.025674 0.045931 0.78786 0.1143 -2.0532 0.79957 0.99465 -3.5887 0.4561 -0.025674 -0.045931 -0.78786 -1.0716 -1.8576 -0.5923 -1.0962 -3.6225 -0.96024
0 43 252 -0.45119 4.7911 -0.34874 -0.27367 3.5721 -0.096559 -0.77204 3.5874 0.75124 -1.8248 2.347 0.60319 -2.4915 2.2763 -0.78538 0.22131 3.5863 -0.94636 1.4684 2.6691 -1.4682 2.4857 2.5983 -2.6248 0.14299 0.046121 0.77519 0.26995 -2.0509 0.75223 1.0858 -3.5737 0.23592 -0.14299 -0.046121 -0.77519 -1.1575 -1.8424 -0.37724 -1.2608 -3.6119 -0.70764
0 44 252 -0.4196 4.7818 -0.391 -0.26909 3.572 -0.093483 -0.85269 3.5969 0.69781 -1.8346 2.35 0.31063 -2.1069 2.299 -1.2063 0.31157 3.5767 -0.88732 1.6371 2.6576 -1.1463 2.8755 2.4578 -2.043 0.1039 0.040276 0.78172 0.25102 -2.0555 0.76413 1.0963 -3.5619 0.24733 -0.1039 -0.040276 -0.78172 -1.1407 -1.8276 -0.40136 -1.2528 -3.6014 -0.70442
0 45 252 -0.38652 4.7749 -0.42183 -0.26404 3.5718 -0.095246 -0.90947 3.6027 0.64627 -1.7813 2.3545 0.054053 -1.646 2.3302 -1.4818 0.37887 3.5706 -0.83957 1.7192 2.6374 -0.87754 3.0956 2.2931 -1.4814 0.06839 0.038 0.78573 0.24006 -2.0559 0.76661 1.1088 -3.5515 0.25716 -0.06839 -0.038 -0.78573 -1.1287 -1.8158 -0.42565 -1.2509 -3.5934 -0.70142
0 45 264 -0.46578 4.7749 -0.33224 -0.27808 3.5718 -0.038267 -0.75523 3.6027 0.82123 -1.7311 2.3545 0.42323 -1.9181 2.3302 -1.1072 0.19604 3.5706 -0.9 1.4992 2.6374 -1.2158 2.72 2.2931 -2.0927 0.23026 0.038 0.75434 0.3942 -2.0559 0.69994 1.138 -3.5515 0.021009 -0.23026 -0.038 -0.75434 -1.1925 -1.8158 -0.18169 -1.3694 -3.5934 -0.42601
0 46 264 -0.45953 4.7702 -0.35163 -0.29128 3.5705 -0.037336 -0.81474 3.6012 0.79478 -1.7032 2.3657 0.20068 -1.5074 2.3564 -1.3288 0.22921 3.5694 -0.87188 1.5315 2.594 -1.0187 2.8608 2.1236 -1.6425 0.2024 0.036216 0.76238 0.37785 -2.0565 0.69925 1.1466 -3.5429 0.027885 -0.2024 -0.036216 -0.76238 -1.1875 -1.8093 -0.21463 -1.3712 -3.5905 -0.42575
0 103 132 -0.25891 4.835 -0.16324 -0.23447 3.5743 -0.1627 -0.99292 3.5038 0.45953 -2.154 2.8782 -0.50437 -2.5268 3.3738 -1.9161 0.5202 3.6743 -0.78545 -0.13783 3.1121 -2.171 -1.5657 3.2614 -2.7335 -0.59172 -0.0042858 0.52283 -0.92994 -2.0432 0.14512 -0.60246 -3.7531 0.61428 0.59172 0.0042858 -0.52283 0.39265 -2.0394 -0.96793 0.93562 -3.7263 -0.63569
0 103 144 -0.28719 4.835 -0.10584 -0.26318 3.5743 -0.11039 -0.87568 3.5038 0.65593 -2.2118 2.8782 -0.045501 -2.8699 3.3738 -1.3489 0.34553 3.6743 -0.87644 -0.58619 3.1121 -2.0949 -2.0999 3.2614 -2.3483 -0.47009 -0.0042858 0.63443 -0.87945 -2.0432 0.3353 -0.46158 -3.7531 0.72611 0.47009 0.0042858 -0.63443 0.18282 -2.0394 -1.0284 0.78301 -3.7263 -0.81633
0 104 132 -0.29828 4.8306 -0.19228 -0.26772 3.571 -0.18544 -1.0285 3.4996 0.43378 -2.0342 2.5927 -0.47989 -2.5135 2.8882 -1.9153 0.48898 3.6718 -0.8056 -0.1153 2.8812 -2.1012 -1.5245 2.8474 -2.7262 -0.59567 -0.0063686 0.5183 -0.93682 -2.0445 0.13873 -0.60572 -3.7506 0.61886 0.59567 0.0063686 -0.5183 0.39665 -2.0379 -0.96066 0.93319 -3.727 -0.62885
0 104 144 -0.33174 4.8306 -0.12607 -0.30043 3.571 -0.12572 -0.91587 3.4996 0.63815 -2.0895 2.5927 -0.046469 -2.8568 2.8882 -1.3509 0.3108 3.6718 -0.88966 -0.54964 2.8812 -2.0313 -2.058 2.8474 -2.3496 -0.47489 -0.0063686 0.63082 -0.88751 -2.0445 0.33047 -0.46381 -3.7506 0.73127 0.47489 0.0063686 -0.63082 0.18825 -2.0379 -1.0221 0.78205 -3.727 -0.80913
0 105 132 -0.32412 4.8283 -0.20402 -0.28847 3.569 -0.19132 -1.0491 3.4944 0.42777 -1.9129 2.3731 -0.38769 -2.4636 2.4471 -1.8261 0.46785 3.6731 -0.81143 -0.049764 2.6799 -2.0007 -1.4168 2.4757 -2.6843 -0.59848 -0.0089393 0.51501 -0.93545 -2.0483 0.13833 -0.60343 -3.7506 0.6312 0.59848 0.0089388 -0.51501 0.40084 -2.0371 -0.94976 0.93593 -3.726 -0.61479
0 106 132 -0.34405 4.8273 -0.20451 -0.30301 3.5681 -0.18872 -1.0617 3.4909 0.43239 -1.7938 2.204 -0.25793 -2.4047 2.0464 -1.6649 0.45128 3.6748 -0.81085 0.049583 2.515 -1.8889 -1.2515 2.151 -2.6321 -0.60104 -0.012396 0.51195 -0.93354 -2.0527 0.13674 -0.59734 -3.7495 0.64563 0.60104 0.012396 -0.51195 0.41088 -2.0367 -0.93562 0.94072 -3.7266 -0.59759
0 107 132 -0.34232 4.8283 -0.19396 -0.29954 3.5692 -0.17712 -1.0578 3.4932 0.44465 -1.6653 2.0794 -0.10378 -2.3212 1.6964 -1.4457 0.45431 3.6747 -0.79998 0.18364 2.3771 -1.7548 -1.0253 1.8546 -2.5568 -0.60277 -0.013959 0.50988 -0.92409 -2.0574 0.14216 -0.58479 -3.7492 0.66529 0.60277 0.013959 -0.50988 0.42317 -2.0385 -0.92145 0.95119 -3.7272 -0.57462
1 6 324 -1.293 4.5801 -0.84587 -1.0661 3.353 -0.63972 -1.6145 3.3443 0.17676 -1.7781 2.2507 1.3792 -2.6955 1.9673 2.5858 -0.52367 3.3908 -1.4593 0.53403 2.3478 -2.139 1.1552 2.1426 -3.5353 -0.41172 -0.011558 0.67368 -1.3493 -1.7524 -0.036626 -0.6447 -3.3029 0.55532 0.41172 0.011558 -0.67368 -0.40296 -1.7858 -1.3949 0.50703 -3.2153 -0.77917
1 7 324 -1.1339 4.6386 -0.71648 -0.93427 3.4036 -0.53908 -1.4951 3.3878 0.26876 -1.7261 2.47 1.6004 -2.6149 2.485 2.8603 -0.37773 3.4489 -1.3488 0.75831 2.5505 -2.1045 1.4154 2.6083 -3.4983 -0.4138 -0.015726 0.67233 -1.2113 -1.908 0.2277 -0.65809 -3.5561 0.70558 0.4138 0.015726 -0.67233 -0.17608 -1.8787 -1.3633 0.561 -3.4456 -0.86088
1 8 336 -1.1339 4.672 -0.38904 -0.93281 3.4308 -0.27436 -1.3156 3.4113 0.63143 -1.3002 2.6735 2.0888 -1.847 2.935 3.5067 -0.55347 3.48 -1.1805 0.45816 2.7236 -2.2165 0.85435 2.9853 -3.6835 -0.26012 -0.018736 0.74531 -1.0087 -1.9796 0.65123 -0.59909 -3.6938 1.0318 0.26012 0.018736 -0.74531 -0.28118 -1.9325 -1.3058 0.45849 -3.5689 -1.1452
1 9 336 -1.0574 4.6876 -0.36032 -0.87056 3.444 -0.25487 -1.245 3.4251 0.65444 -1.2543 2.903 2.2024 -1.7233 3.3834 3.5905 -0.49896 3.4925 -1.1642 0.57755 2.9011 -2.2413 1.0036 3.3318 -3.6593 -0.258 -0.015308 0.74612 -0.94593 -2.0005 0.73595 -0.65773 -3.7057 1.246 0.258 0.015309 -0.74612 -0.14195 -1.9609 -1.3369 0.62692 -3.5913 -1.2979
1 10 336 -0.98915 4.7002 -0.36178 -0.80727 3.4564 -0.26355 -1.1777 3.4391 0.64742 -1.1672 3.1369 2.2528 -1.5672 3.8191 3.5766 -0.43909 3.5035 -1.1744 0.6968 3.0708 -2.2658 1.1204 3.6407 -3.6346 -0.26226 -0.0076876 0.74475 -0.90368 -2.0058 0.84685 -0.69295 -3.6825 1.4755 0.26226 0.0076876 -0.74475 -0.0099123 -1.9664 -1.4105 0.82311 -3.565 -1.4472
1 11 336 -0.91142 4.7184 -0.36564 -0.73086 3.4757 -0.26397 -1.1066 3.4582 0.64482 -1.0623 3.3674 2.2753 -1.3841 4.2156 3.5222 -0.35711 3.523 -1.1725 0.8113 3.2235 -2.2743 1.224 3.8982 -3.598 -0.26372 -0.00038433 0.74428 -0.84228 -2.0061 0.98257 -0.69673 -3.6492 1.7104 0.26372 0.00038433 -0.74428 0.086318 -1.9478 -1.5107 0.9922 -3.5022 -1.6292
1 21 336 -0.50523 4.7897 -0.4844 -0.38996 3.5422 -0.33625 -0.75862 3.5754 0.57499 -1.1482 3.6035 2.1612 -1.5648 4.5548 3.301 -0.022303 3.5388 -1.2485 0.72823 3.0017 -2.5964 1.0217 3.4597 -4.0393 -0.24784 0.042914 0.74849 -1.2557 -1.7826 1.0056 -0.48752 -3.2514 1.7152 0.24783 -0.042914 -0.74849 -0.0092195 -1.9055 -1.6861 1.216 -3.2254 -1.7714
1 22 336 -0.4994 4.7925 -0.453 -0.39959 3.5434 -0.30017 -0.76391 3.5844 0.6125 -1.1713 3.5113 2.1928 -1.6138 4.3168 3.431 -0.036162 3.5323 -1.214 0.68778 2.9232 -2.5458 1.0158 3.2475 -4.0172 -0.23168 0.032543 0.75416 -1.1723 -1.8257 1.0309 -0.48305 -3.3349 1.7368 0.23168 -0.032543 -0.75416 0.038681 -1.9462 -1.5996 1.2173 -3.3027 -1.7473
1 23 336 -0.53737 4.7841 -0.45498 -0.4479 3.5348 -0.29785 -0.80627 3.5798 0.61698 -1.1985 3.4409 2.1967 -1.6454 4.1714 3.479 -0.090259 3.5196 -1.2139 0.64454 2.8892 -2.5298 0.98936 3.1804 -4.0042 -0.2326 0.028409 0.75405 -1.1118 -1.8553 1.059 -0.48473 -3.3942 1.7588 0.2326 -0.028409 -0.75405 0.074815 -1.9726 -1.5349 1.2083 -3.3611 -1.7301
1 24 336 -0.62071 4.7668 -0.47903 -0.53526 3.5167 -0.32185 -0.89946 3.5582 0.59083 -1.2668 3.3909 2.1738 -1.705 4.1103 3.4654 -0.17205 3.5049 -1.2358 0.59326 2.8913 -2.5421 0.92561 3.2203 -4.0115 -0.23471 0.028842 0.75338 -1.1083 -1.8556 1.07 -0.51275 -3.4071 1.7692 0.23471 -0.028842 -0.75338 0.065105 -1.9753 -1.526 1.1847 -3.3737 -1.7305
1 25 336 -0.72824 4.7492 -0.49497 -0.63564 3.4987 -0.33767 -1.0034 3.5332 0.5739 -1.3404 3.3741 2.1645 -1.7769 4.1162 3.4437 -0.26983 3.4939 -1.2506 0.53941 2.9262 -2.5512 0.8305 3.3326 -4.0099 -0.22846 0.025141 0.75543 -1.1692 -1.8276 1.0661 -0.56216 -3.3742 1.7666 0.22846 -0.025141 -0.75543 0.0038173 -1.9465 -1.5754 1.1358 -3.3401 -1.7407
1 26 336 -0.83906 4.7337 -0.50617 -0.72669 3.4856 -0.34043 -1.0979 3.5171 0.56983 -1.4063 3.4149 2.1708 -1.8369 4.1857 3.435 -0.3585 3.4836 -1.2525 0.48676 2.9972 -2.563 0.73597 3.492 -4.002 -0.22491 0.017431 0.75671 -1.2894 -1.7704 1.0478 -0.63902 -3.2944 1.7586 0.22491 -0.017431 -0.75671 -0.10258 -1.8828 -1.6663 1.0555 -3.2613 -1.7635
1 29 336 -0.92905 4.723 -0.51719 -0.7853 3.477 -0.3554 -1.1494 3.5047 0.55784 -1.46 3.2867 2.1468 -2.0188 3.9784 3.4065 -0.42562 3.4787 -1.2708 0.41198 2.9165 -2.5558 0.5318 3.4099 -4.0117 -0.22585 0.019869 0.75637 -1.236 -1.7982 1.054 -0.67497 -3.3454 1.7903 0.22585 -0.019869 -0.75637 -0.083695 -1.8871 -1.6685 1.0148 -3.3118 -1.7884
1 30 336 -0.89369 4.7276 -0.49339 -0.76519 3.4778 -0.34812 -1.1232 3.5006 0.56767 -1.4419 3.0126 2.0938 -2.1347 3.47 3.3932 -0.41077 3.4845 -1.2656 0.37906 2.6909 -2.4552 0.46145 2.9379 -3.975 -0.23308 0.018315 0.75421 -0.98807 -1.9221 1.0351 -0.5397 -3.5071 1.7685 0.23308 -0.018315 -0.75421 0.036362 -1.9892 -1.455 1.0512 -3.4572 -1.712
1 31 336 -0.96136 4.7039 -0.54805 -0.82176 3.4551 -0.40277 -1.1728 3.4778 0.51571 -1.423 2.7202 1.9413 -2.2394 2.8468 3.2433 -0.47442 3.462 -1.3229 0.29484 2.4695 -2.3679 0.32109 2.3572 -3.9056 -0.24297 0.026104 0.75085 -0.86632 -1.9708 0.94649 -0.45299 -3.5966 1.6072 0.24297 -0.026104 -0.75086 0.02428 -2.0451 -1.2894 0.98783 -3.5379 -1.5963
1 32 324 -0.92455 4.6708 -0.83116 -0.79826 3.4259 -0.64307 -1.33 3.4613 0.1836 -1.7269 2.459 1.411 -2.843 2.2151 2.4466 -0.27076 3.4198 -1.4732 0.65619 2.2658 -2.1643 0.94718 1.7836 -3.5997 -0.38961 0.034796 0.68592 -1.0494 -1.9584 0.60848 -0.68 -3.6289 1.1778 0.38961 -0.034796 -0.68592 0.10407 -2.0421 -1.2367 1.0663 -3.5649 -1.1574
1 33 324 -1.0334 4.633 -0.91822 -0.88603 3.3957 -0.70337 -1.4254 3.4379 0.11801 -1.6664 2.2415 1.204 -2.7515 1.6371 2.1177 -0.35203 3.3824 -1.5292 0.50855 2.0927 -2.0439 0.7356 1.2928 -3.3425 -0.38518 0.039126 0.68819 -1.0368 -1.9433 0.44406 -0.52636 -3.6239 0.85153 0.38518 -0.039126 -0.68819 -0.10989 -2.0099 -1.2223 0.79592 -3.5296 -0.87466
1 34 324 -1.1292 4.6012 -0.9733 -0.96322 3.3731 -0.72527 -1.519 3.4174 0.084999 -1.5933 2.0687 1.0038 -2.5742 1.1538 1.7645 -0.41357 3.3574 -1.5407 0.35856 1.9589 -1.8825 0.52692 0.909 -2.9991 -0.38496 0.033298 0.68862 -0.9932 -1.9403 0.30238 -0.36783 -3.6002 0.62561 0.38496 -0.033298 -0.68862 -0.2647 -1.977 -1.1516 0.58629 -3.4762 -0.62339
1 35 312 -0.99013 4.5705 -1.2419 -0.85571 3.3519 -0.93769 -1.5727 3.3891 -0.26541 -1.6562 1.9356 0.47566 -2.5941 0.78342 0.88858 -0.14444 3.343 -1.6169 0.55395 1.8665 -1.6441 0.86458 0.64539 -2.533 -0.52182 0.027174 0.592 -0.9707 -1.9344 -0.012135 -0.3542 -3.5584 0.47115 0.52182 -0.027174 -0.592 -0.16864 -1.9383 -1.126 0.53222 -3.4266 -0.38801
1 36 312 -1.1018 4.5314 -1.2903 -0.94467 3.3206 -0.96773 -1.6684 3.3474 -0.30226 -1.5724 1.834 0.30538 -2.3244 0.52035 0.59945 -0.22726 3.322 -1.6405 0.35994 1.8015 -1.5314 0.5872 0.46958 -2.2744 -0.52229 0.017815 0.59194 -0.98171 -1.8985 -0.13669 -0.31983 -3.4775 0.42877 0.52229 -0.017815 -0.59194 -0.2892 -1.8877 -1.101 0.46769 -3.3344 -0.33611
1 37 300 -0.93714 4.4572 -1.6125 -0.83839 3.2501 -1.258 -1.6823 3.2643 -0.753 -1.5345 1.7338 -0.20134 -2.1442 0.31916 -0.13148 0.00030633 3.2639 -1.7715 0.46101 1.7355 -1.4243 0.73463 0.33807 -2.0159 -0.62921 0.016521 0.47679 -1.0305 -1.7894 -0.51913 -0.42294 -3.3001 0.25531 0.62921 -0.016521 -0.47679 -0.13644 -1.8141 -1.2493 0.49679 -3.1686 -0.24167
1 37 312 -1.2519 4.4572 -1.3824 -1.0816 3.2501 -1.0562 -1.8021 3.2643 -0.38677 -1.5428 1.7338 0.1221 -2.1247 0.31916 0.3172 -0.36802 3.2639 -1.7329 0.1548 1.7355 -1.489 0.29944 0.33807 -2.1246 -0.51633 0.016521 0.59719 -1.1159 -1.7894 -0.29353 -0.36062 -3.3001 0.33767 0.51633 -0.016521 -0.59719 -0.39321 -1.8141 -1.1936 0.43569 -3.1686 -0.33968
1 38 300 -1.0817 4.3646 -1.7522 -0.95456 3.1694 -1.3714 -1.7906 3.1772 -0.85328 -1.5449 1.6515 -0.3235 -2.0219 0.18523 -0.31036 -0.12472 3.1892 -1.8989 0.30535 1.6651 -1.4978 0.48304 0.23491 -2.0462 -0.61543 0.01937 0.49433 -1.1863 -1.6222 -0.68614 -0.475 -3.0576 0.14135 0.61543 -0.019369 -0.49433 -0.2142 -1.6941 -1.4542 0.43767 -2.9581 -0.34604
1 39 300 -1.054 4.3965 -1.7197 -0.90609 3.2089 -1.3224 -1.7397 3.2128 -0.80033 -1.5186 1.6814 -0.27597 -2.0063 0.2187 -0.2903 -0.079116 3.2323 -1.8543 0.35938 1.6924 -1.5304 0.48533 0.27286 -2.1193 -0.61717 0.020119 0.49214 -1.2525 -1.5567 -0.74251 -0.48359 -2.9424 0.11744 0.61717 -0.020119 -0.49214 -0.2017 -1.6354 -1.5573 0.42666 -2.8449 -0.37697
1 40 300 -0.94612 4.476 -1.5774 -0.81265 3.2731 -1.2193 -1.6443 3.2757 -0.69418 -1.5302 1.7324 -0.17061 -2.1895 0.33893 -0.13548 0.013034 3.2984 -1.7531 0.4793 1.7479 -1.5356 0.65253 0.41379 -2.2891 -0.6357 0.012387 0.46822 -1.212 -1.6085 -0.73796 -0.45682 -2.984 0.15016 0.6357 -0.012387 -0.46822 -0.13619 -1.6658 -1.5097 0.45998 -2.8938 -0.33175
1 40 312 -1.2534 4.476 -1.3462 -1.0484 3.2731 -1.0237 -1.7527 3.2757 -0.33714 -1.5323 1.7324 0.15127 -2.1698 0.33893 0.3227 -0.35174 3.2984 -1.7175 0.14957 1.7479 -1.6017 0.16234 0.41379 -2.3747 -0.52446 0.012387 0.59016 -1.339 -1.6085 -0.46984 -0.41562 -2.984 0.24186 0.52446 -0.012387 -0.59016 -0.44709 -1.6658 -1.4484 0.38096 -2.8938 -0.42013
1 41 312 -1.1018 4.5587 -1.1996 -0.91793 3.3431 -0.9122 -1.6199 3.3417 -0.22334 -1.5412 1.8073 0.33183 -2.3699 0.54229 0.63305 -0.22293 3.3727 -1.6075 0.32453 1.8336 -1.6263 0.393 0.66073 -2.6249 -0.53651 0.0053382 0.57933 -1.2369 -1.7296 -0.37651 -0.38174 -3.1626 0.30632 0.53651 -0.0053382 -0.57933 -0.31675 -1.7536 -1.373 0.4285 -3.0709 -0.39309
1 42 312 -0.93015 4.6387 -1.0397 -0.77457 3.4091 -0.79029 -1.4836 3.4105 -0.10865 -1.5525 1.916 0.54743 -2.5564 0.83295 0.99101 -0.071268 3.4366 -1.4773 0.54193 1.9334 -1.66 0.71451 0.96304 -2.8459 -0.54221 0.0043054 0.57401 -1.1202 -1.8747 -0.16736 -0.39798 -3.4147 0.43076 0.54221 -0.0043058 -0.57401 -0.11003 -1.8702 -1.2863 0.51145 -3.3251 -0.42155
1 43 324 -0.99202 4.6858 -0.71 -0.81943 3.4454 -0.53077 -1.3697 3.4469 0.28443 -1.4479 2.0194 1.0751 -2.4433 1.1728 1.8936 -0.27452 3.4731 -1.3491 0.33121 2.0378 -1.8408 0.34912 1.3121 -3.2012 -0.4167 -0.0020561 0.67071 -1.0342 -1.9713 0.27679 -0.38582 -3.6086 0.66376 0.4167 0.0020561 -0.67071 -0.14747 -1.9452 -1.2222 0.5239 -3.5193 -0.65445
1 44 324 -0.92103 4.7064 -0.63566 -0.76607 3.4614 -0.47171 -1.3081 3.4653 0.34901 -1.5521 2.153 1.2908 -2.6087 1.5969 2.2666 -0.22832 3.4869 -1.2948 0.43652 2.1635 -1.9842 0.55262 1.7244 -3.4578 -0.4136 -0.0079145 0.67258 -1.0195 -2.0015 0.40263 -0.50886 -3.6775 0.82806 0.4136 0.0079145 -0.67258 0.013867 -1.9752 -1.24 0.69922 -3.5813 -0.79103
2 102 132 -1.4678 4.2888 -1.7227 -1.1422 3.1597 -1.2686 -1.8674 3.14 -0.60451 -1.6371 1.7848 0.27823 -1.9642 0.35405 0.7511 -0.42812 3.205 -1.9434 0.38201 1.8128 -1.6709 0.77523 0.32554 -1.7759 -0.5736 0.014239 0.54247 -1.3471 -1.7118 -0.37222 -0.92218 -3.3394 0.2768 0.5736 -0.014239 -0.54247 -0.14723 -1.7978 -1.3872 0.54547 -3.3114 -0.69428
2 103 132 -1.3726 4.3601 -1.6207 -1.0707 3.212 -1.1973 -1.7935 3.1948 -0.53044 -1.5033 1.9064 0.43102 -1.7995 0.5151 1.0262 -0.35831 3.2552 -1.874 0.51079 1.9188 -1.5173 0.9329 0.43623 -1.5566 -0.57337 0.013962 0.54273 -1.2917 -1.7748 -0.29315 -0.88047 -3.4135 0.33631 0.57337 -0.013961 -0.54273 -0.081628 -1.8543 -1.3163 0.59063 -3.3844 -0.6397
2 103 144 -1.6796 4.3601 -1.2999 -1.2963 3.212 -0.94849 -1.8646 3.1948 -0.14596 -1.3809 1.9064 0.73416 -1.5468 0.5151 1.3779 -0.74011 3.2552 -1.7585 0.18417 1.9188 -1.5903 0.58887 0.43623 -1.7166 -0.448 0.013962 0.65008 -1.3244 -1.7748 -0.018183 -0.79131 -3.4135 0.51202 0.448 -0.013961 -0.65008 -0.35352 -1.8543 -1.2706 0.44472 -3.3844 -0.74852
2 104 132 -1.2617 4.4273 -1.5265 -0.98667 3.2615 -1.1323 -1.7094 3.2481 -0.46528 -1.3878 2.0069 0.54711 -1.6728 0.65314 1.2281 -0.27353 3.3015 -1.8084 0.62408 1.9978 -1.4041 1.0476 0.51517 -1.4047 -0.57721 0.015883 0.53858 -1.2375 -1.831 -0.21471 -0.83938 -3.4807 0.39414 0.57721 -0.015883 -0.53858 -0.015535 -1.9046 -1.2427 0.63425 -3.4545 -0.58975
2 104 144 -1.5515 4.4273 -1.2308 -1.2005 3.2615 -0.90238 -1.7688 3.2481 -0.099715 -1.2438 2.0069 0.8237 -1.3809 0.65314 1.549 -0.64355 3.3015 -1.712 0.3185 1.9978 -1.5032 0.73269 0.51517 -1.5919 -0.45262 0.015883 0.64682 -1.2551 -1.831 0.047282 -0.73909 -3.4807 0.56005 0.45262 -0.015883 -0.64682 -0.27357 -1.9046 -1.2123 0.49777 -3.4545 -0.70873
2 105 144 -1.4304 4.4883 -1.1525 -1.1123 3.3055 -0.85062 -1.6797 3.2936 -0.047308 -1.1382 2.0766 0.89855 -1.2782 0.75382 1.6784 -0.55534 3.3446 -1.6603 0.40637 2.0431 -1.4368 0.81608 0.55857 -1.5135 -0.45522 0.016369 0.64498 -1.1917 -1.877 0.10923 -0.69642 -3.5369 0.60946 0.45522 -0.016369 -0.64498 -0.19991 -1.9474 -1.1512 0.54636 -3.5176 -0.67332
2 106 144 -1.3224 4.5401 -1.0726 -1.0365 3.3423 -0.79575 -1.5994 3.3338 0.010752 -1.0638 2.1186 0.96218 -1.2394 0.81308 1.7637 -0.48302 3.3785 -1.608 0.44828 2.0535 -1.3938 0.8333 0.56314 -1.484 -0.45396 0.014305 0.64592 -1.137 -1.9131 0.16349 -0.66006 -3.5815 0.65344 0.45396 -0.014305 -0.64592 -0.12866 -1.9831 -1.0918 0.59383 -3.5712 -0.63686
2 107 144 -1.2243 4.5811 -1.0089 -0.96686 3.3721 -0.75123 -1.525 3.3687 0.058582 -1.0191 2.1341 1.0011 -1.2506 0.83203 1.7941 -0.41732 3.4035 -1.5663 0.45732 2.0354 -1.3879 0.79161 0.5354 -1.5144 -0.45153 0.015688 0.64759 -1.0879 -1.937 0.20432 -0.63499 -3.6122 0.69359 0.45153 -0.015688 -0.64759 -0.065616 -2.0137 -1.0411 0.63859 -3.6159 -0.60767
2 108 144 -1.1394 4.6124 -0.95924 -0.90399 3.3969 -0.712 -1.457 3.3977 0.10133 -0.99738 2.1266 1.0187 -1.3108 0.82061 1.7763 -0.3591 3.4243 -1.5304 0.44009 2.0047 -1.409 0.68582 0.49498 -1.6043 -0.45066 0.017576 0.64815 -1.0452 -1.9536 0.22935 -0.63827 -3.6375 0.72894 0.45066 -0.017576 -0.64815 -0.020719 -2.035 -0.99733 0.67969 -3.6443 -0.58411
3 50 240 -0.070865 4.8254 -0.11665 -0.2211 3.5728 -0.12018 -0.78155 3.5686 0.68805 -0.31046 2.2555 1.5382 -0.50376 0.75606 1.8413 0.34008 3.6067 -0.9272 0.091733 2.1822 -1.6873 -1.1332 2.7296 -2.4474 -0.55147 -0.017625 0.56487 -1.9177 -1.1829 -0.526 -0.40343 -1.1329 0.45151 0.55147 0.017625 -0.56486 0.77322 -2.0023 -0.031179 0.95208 -3.7304 0.45135
3 68 276 0.30433 4.8086 -0.15498 0.058332 3.5818 -0.016775 -0.097605 3.6321 0.95303 -1.3872 2.7725 1.4696 -2.682 3.5762 1.2343 0.21755 3.5611 -0.98713 1.3534 2.422 -1.2721 1.6871 1.106 -2.0031 0.068674 0.0099196 0.78656 0.44244 -2.013 0.35929 0.94758 -3.7043 -0.008431 -0.068673 -0.0099192 -0.78656 -1.8644 -1.0533 -0.46865 -0.6596 -2.3933 -0.52909
3 69 276 0.26022 4.8132 -0.16349 0.02362 3.5837 -0.029174 -0.12893 3.631 0.94132 -1.4456 2.8048 1.4439 -2.7021 3.6678 1.2112 0.17928 3.5661 -1.0002 1.3065 2.4272 -1.3179 1.5809 1.1039 -2.0605 0.06072 0.015064 0.78714 0.54921 -1.9835 0.36115 1.1022 -3.6581 -0.013967 -0.06072 -0.015064 -0.78714 -1.7912 -1.1628 -0.46738 -0.86899 -2.7121 -0.46107
3 81 96 -0.49582 4.8029 0.012223 -0.20482 3.5771 -0.069434 -0.45839 3.5638 -1.0196 -1.5962 2.4124 -1.2391 -1.6269 0.98124 -1.8124 0.044108 3.6198 0.88113 0.9844 2.3889 1.4003 2.2821 3.1072 0.97865 -0.063327 -0.027349 -0.7866 1.7563 -1.0624 -0.965 0.036418 -1.506 -0.6551 0.063328 0.027349 0.7866 -0.27793 -2.0394 0.62424 -0.57926 -3.8094 0.45886
3 82 96 -0.51112 4.8023 0.020182 -0.22844 3.5739 -0.05864 -0.4904 3.561 -1.0066 -1.6416 2.424 -1.2311 -1.7045 1.009 -1.8408 0.028962 3.6163 0.88968 0.97602 2.3955 1.4201 2.2844 3.1025 1.0129 -0.068633 -0.026285 -0.78619 1.8463 -0.89013 -0.81805 0.23438 -1.6697 -0.60622 0.068633 0.026285 0.78619 -0.36155 -2.0245 0.63222 -0.73953 -3.7803 0.47421
3 83 96 -0.4938 4.8043 0.010529 -0.21367 3.5755 -0.072952 -0.4675 3.5683 -1.0232 -1.5801 2.3966 -1.2641 -1.6055 0.98377 -1.8813 0.035618 3.6122 0.87777 0.96833 2.3722 1.3889 2.3077 3.0349 1.0088 -0.070689 -0.031768 -0.78581 1.8569 -0.86592 -0.73114 0.43293 -1.9573 -0.55189 0.070689 0.031769 0.78581 -0.44626 -1.9996 0.64196 -0.89936 -3.7384 0.49288
4 0 144 -1.0409 4.7086 -0.3346 -0.70476 3.4878 -0.34347 -1.2147 3.3334 0.48323 -1.1436 1.7423 0.84655 -2.3284 0.93115 0.28439 -0.20351 3.6708 -1.1697 0.55628 2.237 -1.3592 0.26108 0.91356 -2.0934 -0.3923 0.026003 0.68478 -0.79559 -1.9794 0.20502 -0.26013 -3.693 0.37092 0.3923 -0.026004 -0.68478 -0.15855 -2.0332 -0.97136 1.0878 -3.0055 -0.1041
4 1 144 -1.109 4.6913 -0.36237 -0.74608 3.4778 -0.35812 -1.2639 3.3276 0.46445 -1.2345 1.7307 0.80741 -2.4295 1.012 0.14912 -0.2371 3.6565 -1.1805 0.57112 2.2471 -1.3514 0.29144 0.92765 -2.0987 -0.39011 0.024606 0.68608 -0.75229 -1.996 0.23837 -0.12809 -3.6748 0.44545 0.39011 -0.024606 -0.68608 -0.32618 -1.969 -1.0333 0.84021 -3.1002 -0.25168
4 2 132 -1.0552 4.6781 -0.61868 -0.68987 3.469 -0.52584 -1.3674 3.3185 0.17104 -1.4367 1.7179 0.49051 -2.4544 1.0958 -0.48669 -0.021236 3.6478 -1.2246 0.84879 2.2656 -1.1889 0.72587 0.95206 -1.9871 -0.52048 0.023084 0.59335 -0.72115 -2.017 0.13263 -0.089356 -3.6611 0.51791 0.52048 -0.023084 -0.59335 -0.24049 -1.8994 -1.1543 0.6318 -3.2083 -0.27303
4 2 144 -1.1608 4.6781 -0.38576 -0.78413 3.469 -0.37092 -1.302 3.3185 0.45161 -1.3033 1.7179 0.7785 -2.502 1.0958 0.03425 -0.27539 3.6478 -1.1935 0.58306 2.2656 -1.3394 0.29687 0.95206 -2.0946 -0.38574 0.023084 0.6886 -0.67782 -2.017 0.27967 0.020276 -3.6611 0.52517 0.38574 -0.023084 -0.6886 -0.47523 -1.8994 -1.0791 0.56123 -3.2083 -0.39842
4 3 132 -1.1033 4.6605 -0.66704 -0.72069 3.4583 -0.55565 -1.3945 3.306 0.14446 -1.4844 1.7051 0.45698 -2.4823 1.1939 -0.60155 -0.05618 3.6388 -1.2579 0.85501 2.285 -1.1828 0.70613 0.9804 -1.9912 -0.51861 0.023639 0.59496 -0.6338 -2.0382 0.20789 0.045179 -3.6539 0.63139 0.51861 -0.023639 -0.59496 -0.34621 -1.8374 -1.2087 0.36502 -3.3146 -0.4584
4 4 132 -1.1226 4.6506 -0.71177 -0.7421 3.449 -0.58904 -1.4201 3.3011 0.10799 -1.5185 1.7009 0.4219 -2.4945 1.2903 -0.69913 -0.073713 3.6249 -1.2888 0.87793 2.3024 -1.171 0.67087 1.0192 -2.0007 -0.51637 0.025833 0.59682 -0.52378 -2.0559 0.3129 0.19028 -3.6498 0.76054 0.51637 -0.025833 -0.59682 -0.42731 -1.7845 -1.2532 0.078471 -3.4009 -0.63491
4 5 132 -1.1164 4.6449 -0.76792 -0.74797 3.4413 -0.63159 -1.4363 3.3043 0.057487 -1.5396 1.7071 0.38492 -2.4844 1.3926 -0.7924 -0.069233 3.6063 -1.324 0.91828 2.3155 -1.158 0.63719 1.0787 -2.0349 -0.51636 0.031029 0.59658 -0.39839 -2.0601 0.43085 0.34405 -3.637 0.89241 0.51636 -0.031029 -0.59658 -0.48326 -1.7434 -1.2915 -0.20568 -3.4536 -0.7926
4 6 132 -1.0974 4.6411 -0.82743 -0.73977 3.437 -0.67031 -1.4369 3.3141 0.01252 -1.5442 1.7227 0.36557 -2.449 1.4867 -0.86052 -0.052127 3.5878 -1.3572 0.94982 2.3165 -1.1365 0.57946 1.1662 -2.0944 -0.52013 0.036264 0.593 -0.27081 -2.0496 0.55717 0.50066 -3.6075 1.0355 0.52013 -0.036264 -0.593 -0.50581 -1.725 -1.3071 -0.45138 -3.4805 -0.89921
4 7 132 -1.0716 4.6339 -0.90521 -0.72032 3.4318 -0.72046 -1.4274 3.3261 -0.044965 -1.5366 1.7435 0.34501 -2.394 1.5554 -0.92274 -0.022606 3.5654 -1.4007 0.96522 2.2895 -1.1459 0.4783 1.2532 -2.1787 -0.52371 0.045022 0.58923 -0.13882 -2.0179 0.69139 0.65494 -3.5599 1.1845 0.52371 -0.045023 -0.58923 -0.51986 -1.7206 -1.3088 -0.64356 -3.4861 -0.96439
4 15 120 -0.5863 4.5684 -1.5245 -0.46269 3.3764 -1.1178 -1.3263 3.4311 -0.65031 -1.513 2.0735 0.23904 -2.0294 1.0067 -0.74731 0.3967 3.3495 -1.5954 0.66823 1.7391 -1.6341 -0.32046 2 -2.7882 -0.67357 0.040467 0.41008 -1.0387 -2.0021 0.080119 -0.12843 -2.5287 1.5447 0.67357 -0.040467 -0.41008 -0.13465 -1.8498 -1.1083 0.076048 -3.1987 0.069415
4 16 120 -0.61277 4.5568 -1.5471 -0.4648 3.3645 -1.1492 -1.3287 3.4039 -0.68075 -1.4906 2.1455 0.34833 -2.0578 1.0413 -0.56638 0.39445 3.3527 -1.6277 0.6178 1.7419 -1.7834 -0.4054 2.1578 -2.8594 -0.69032 0.035894 0.38167 -1.2279 -1.8771 -0.30087 -0.47849 -2.5675 1.1867 0.69032 -0.035894 -0.38167 -0.034698 -1.9266 -0.94181 0.20749 -3.2028 0.30866
4 17 132 -0.91541 4.5489 -1.4098 -0.6628 3.3575 -1.0642 -1.4036 3.3859 -0.41782 -1.2959 2.2284 0.72991 -2.0843 1.11 0.019111 0.071009 3.3568 -1.7191 0.23115 1.7527 -1.9836 -0.99707 2.2795 -2.7527 -0.61836 0.039956 0.48942 -1.4091 -1.7234 -0.33485 -0.6265 -2.7447 0.92823 0.61836 -0.039955 -0.48942 -0.062028 -2.0126 -0.73424 0.46075 -3.2337 0.48504
4 18 132 -0.8664 4.5588 -1.4044 -0.59595 3.3666 -1.0743 -1.3297 3.3917 -0.41981 -1.1725 2.3066 0.79121 -2.0127 1.1857 0.14681 0.13081 3.3693 -1.737 0.30399 1.7701 -2.0223 -0.9314 2.3381 -2.7494 -0.6384 0.046396 0.46238 -1.4274 -1.6456 -0.50145 -1.0098 -3.0406 0.56188 0.6384 -0.046396 -0.46238 0.13803 -2.0856 -0.53712 0.66735 -3.2763 0.70903
4 19 132 -0.79995 4.5705 -1.3966 -0.51977 3.3772 -1.0776 -1.2492 3.4003 -0.41826 -1.054 2.3439 0.81245 -1.953 1.2351 0.2293 0.20278 3.3819 -1.7449 0.42091 1.7842 -2.0064 -0.8324 2.3108 -2.7341 -0.65613 0.054227 0.43594 -1.371 -1.6607 -0.545 -1.3816 -3.33 0.13655 0.65613 -0.054227 -0.43594 0.35058 -2.1302 -0.33046 0.87943 -3.2954 0.93978
4 20 132 -0.72443 4.5894 -1.3658 -0.43902 3.3953 -1.0541 -1.1702 3.4148 -0.39658 -0.96223 2.3437 0.81926 -1.917 1.2551 0.28923 0.28557 3.4039 -1.7191 0.56591 1.8072 -1.9207 -0.69734 2.2349 -2.6946 -0.6756 0.057014 0.40474 -1.2922 -1.738 -0.49629 -1.681 -3.4865 -0.2893 0.6756 -0.057014 -0.40474 0.55052 -2.1341 -0.11412 1.0684 -3.2796 1.1784
4 20 144 -0.99256 4.5894 -1.1853 -0.6486 3.3953 -0.93981 -1.2271 3.4148 -0.14462 -0.77087 2.3437 1.0014 -1.815 1.2551 0.68148 -0.078105 3.4039 -1.741 0.1542 1.8072 -1.9964 -1.2423 2.2349 -2.4907 -0.57669 0.057014 0.53636 -1.3672 -1.738 -0.21677 -1.7044 -3.4865 0.066516 0.57669 -0.057014 -0.53636 0.51476 -2.1341 -0.22609 1.2901 -3.2796 0.93049
4 21 144 -0.90684 4.615 -1.1448 -0.56317 3.4188 -0.91001 -1.16 3.4296 -0.12828 -0.73546 2.3163 0.98936 -1.8074 1.2454 0.70317 0.025946 3.4361 -1.6974 0.35165 1.8471 -1.8911 -1.0541 2.1387 -2.4537 -0.60322 0.056341 0.50641 -1.3523 -1.7827 -0.17999 -1.9034 -3.4994 -0.18351 0.60322 -0.05634 -0.5064 0.66121 -2.1131 -0.081517 1.4792 -3.1828 1.1175
4 22 144 -0.81362 4.6353 -1.1175 -0.47436 3.4362 -0.89178 -1.1081 3.4376 -0.13959 -0.7632 2.2776 0.95775 -1.8451 1.223 0.64955 0.15197 3.4631 -1.6496 0.56234 1.8879 -1.7876 -0.82931 2.0299 -2.4363 -0.62864 0.059127 0.47414 -1.3753 -1.7734 -0.23197 -1.9027 -3.4962 -0.16409 0.62864 -0.059127 -0.47414 0.6717 -2.1173 -0.054397 1.5896 -2.9832 1.2335
4 22 156 -1.0282 4.6353 -0.9239 -0.64941 3.4362 -0.77367 -1.1129 3.4376 0.093837 -0.54739 2.2776 1.0955 -1.6697 1.223 1.019 -0.19434 3.4631 -1.6452 0.1784 1.8879 -1.8654 -1.3177 2.0299 -2.2106 -0.51633 0.059127 0.59448 -1.3935 -1.7734 0.059044 -1.8953 -3.4962 0.23509 0.51633 -0.059127 -0.59448 0.64571 -2.1173 -0.19286 1.8113 -2.9832 0.876
4 23 156 -0.89695 4.6439 -0.98601 -0.53558 3.4406 -0.82825 -1.0644 3.4349 0.0010405 -0.63544 2.2375 1.0262 -1.767 1.2054 0.84727 -0.014743 3.4746 -1.6619 0.44623 1.9165 -1.8307 -1.0232 1.8992 -2.2978 -0.55143 0.07797 0.55977 -1.4324 -1.7182 -0.082039 -1.7433 -3.4483 0.31928 0.55143 -0.07797 -0.55977 0.54682 -2.1586 -0.26753 1.8212 -2.7368 0.86936
4 24 156 -0.78594 4.6193 -1.1412 -0.43449 3.4173 -0.953 -1.0355 3.4056 -0.1745 -0.80676 2.1634 0.86152 -1.9328 1.1673 0.51846 0.15868 3.4573 -1.7365 0.72159 1.9246 -1.7897 -0.66692 1.7164 -2.4271 -0.57229 0.11788 0.53112 -1.4614 -1.6149 -0.25705 -1.5615 -3.3096 0.35031 0.57229 -0.11788 -0.53112 0.3429 -2.2043 -0.43964 1.671 -2.512 0.7403
4 25 168 -0.98402 4.6034 -1.0608 -0.5918 3.4086 -0.91106 -1.0846 3.3902 -0.060065 -0.88779 2.0951 0.91604 -2.0711 1.1559 0.60711 -0.10829 3.455 -1.7663 0.59524 1.9806 -1.7704 -0.77646 1.5673 -2.3407 -0.4648 0.12762 0.62544 -1.478 -1.5895 -0.037267 -1.2605 -3.2179 0.70563 0.4648 -0.12762 -0.62544 -0.00418 -2.1748 -0.68266 1.4947 -2.3417 0.30542
4 26 168 -0.89822 4.5918 -1.1893 -0.51748 3.4013 -0.98661 -1.101 3.3882 -0.19499 -1.1046 2.0432 0.73221 -2.2886 1.2386 0.15918 0.05704 3.4421 -1.7839 0.89037 2.0479 -1.6093 -0.32313 1.5138 -2.3966 -0.50125 0.13716 0.5945 -1.4113 -1.6314 -0.082421 -1.0509 -3.1791 0.76958 0.50125 -0.13716 -0.5945 -0.23376 -2.0767 -0.92968 1.1276 -2.2966 0.23182
4 27 168 -0.7965 4.5783 -1.3273 -0.46014 3.3855 -1.0677 -1.1522 3.374 -0.36889 -1.3308 2.0004 0.49712 -2.4541 1.4021 -0.37354 0.22378 3.4249 -1.7734 1.1278 2.1044 -1.4451 0.063983 1.5293 -2.4018 -0.54585 0.13895 0.55339 -1.2907 -1.7331 -0.042224 -0.83271 -3.2084 0.88773 0.54585 -0.13895 -0.55339 -0.39363 -1.9126 -1.1745 0.73023 -2.3907 0.15189
4 27 180 -1.0551 4.5783 -1.1327 -0.67207 3.3855 -0.94866 -1.2037 3.374 -0.12127 -1.1984 2.0004 0.76296 -2.4781 1.4021 0.14486 -0.14982 3.4249 -1.7812 0.80271 2.1044 -1.648 -0.43677 1.5293 -2.3626 -0.41887 0.13895 0.65478 -1.2713 -1.7331 0.22706 -0.62995 -3.2084 1.0415 0.41887 -0.13895 -0.65478 -0.62922 -1.9126 -1.067 0.74586 -2.3907 -0.0032521
4 28 180 -0.91521 4.5743 -1.272 -0.57979 3.3761 -1.0372 -1.2187 3.3722 -0.28945 -1.3782 1.9896 0.56594 -2.577 1.5785 -0.31243 0.050804 3.408 -1.7913 1.0464 2.1413 -1.521 -0.073744 1.5424 -2.3952 -0.47302 0.14496 0.61541 -1.0444 -1.8569 0.33155 -0.37668 -3.2956 1.189 0.47302 -0.14496 -0.61541 -0.70773 -1.7696 -1.2324 0.34569 -2.6178 -0.039975
4 29 180 -0.71164 4.5882 -1.3617 -0.43596 3.384 -1.0835 -1.1587 3.3915 -0.41644 -1.4399 2.0051 0.4007 -2.5263 1.7031 -0.65103 0.27979 3.4046 -1.7577 1.2708 2.1723 -1.3477 0.28174 1.554 -2.3563 -0.52885 0.14872 0.56719 -0.81012 -1.9331 0.53254 -0.1354 -3.3549 1.4124 0.52885 -0.14872 -0.56719 -0.66657 -1.712 -1.3031 -0.032143 -2.9192 -0.12368
4 30 192 -0.82831 4.5947 -1.2812 -0.54556 3.3877 -1.0222 -1.1873 3.4142 -0.27734 -1.3755 2.0195 0.55216 -2.5873 1.7515 -0.363 0.089177 3.3893 -1.7735 1.1359 2.1792 -1.4437 0.066909 1.5349 -2.3491 -0.44545 0.14965 0.63457 -0.45092 -1.9362 0.88636 0.40205 -3.3514 1.6078 0.44545 -0.14965 -0.63457 -0.84207 -1.7258 -1.1564 -0.45918 -3.2007 -0.19262
4 37 204 -0.5821 4.5955 -1.4501 -0.42565 3.4036 -1.0522 -1.1174 3.5577 -0.37028 -1.1932 2.2375 0.58894 -2.2769 1.553 -0.26822 0.26184 3.2773 -1.7442 0.67445 1.7117 -1.526 -0.50955 1.6524 -2.5121 -0.53402 0.098834 0.5732 -1.2882 -1.8604 0.48971 -0.08969 -2.3103 1.7593 0.53402 -0.098834 -0.5732 -0.57052 -1.8524 -0.91881 -0.28534 -3.1389 0.31177
4 38 204 -0.57379 4.5964 -1.4493 -0.41871 3.4001 -1.0643 -1.1187 3.5424 -0.38824 -1.0926 2.2957 0.66714 -2.1307 1.615 -0.24755 0.27702 3.2857 -1.7501 0.6202 1.6944 -1.6132 -0.58104 1.7751 -2.5766 -0.56321 0.091232 0.54586 -1.4832 -1.725 0.02721 -0.53424 -2.3929 1.4072 0.56321 -0.091232 -0.54586 -0.43863 -1.9177 -0.81885 -0.093935 -3.1339 0.46681
4 39 204 -0.53027 4.6131 -1.4096 -0.37795 3.4072 -1.0552 -1.0706 3.539 -0.3695 -0.95442 2.3619 0.75727 -1.9598 1.706 -0.21058 0.31049 3.3034 -1.7499 0.65174 1.709 -1.6494 -0.56274 1.84 -2.5904 -0.58566 0.091572 0.52164 -1.5297 -1.5709 -0.34969 -0.9347 -2.6205 0.99015 0.58566 -0.091572 -0.52164 -0.29132 -1.998 -0.62512 0.10355 -3.1942 0.66485
4 41 216 -0.61299 4.6438 -1.2503 -0.4132 3.421 -0.9891 -0.95198 3.526 -0.17297 -0.48155 2.4175 0.93101 -1.6748 1.7964 0.17731 0.12021 3.3446 -1.8119 0.53862 1.7656 -1.7919 -0.85739 1.7546 -2.4466 -0.53057 0.11311 0.57376 -1.4819 -1.5513 -0.28592 -1.5236 -3.2411 0.34158 0.53057 -0.11311 -0.57376 0.059315 -2.1323 -0.23449 0.70306 -3.2907 0.98801
4 43 228 -0.61099 4.7038 -0.98848 -0.40373 3.4656 -0.82362 -0.8248 3.5296 0.06292 -0.20875 2.3885 1.0565 -1.5389 1.8953 0.45233 0.011689 3.4305 -1.7144 0.50926 1.8755 -1.771 -0.95481 1.6452 -2.1966 -0.50671 0.099849 0.59731 -1.381 -1.7404 0.084108 -1.8953 -3.4665 0.16752 0.50671 -0.099849 -0.59731 0.39514 -2.1369 -0.095002 1.2925 -3.2104 1.0422
4 44 228 -0.50836 4.7251 -0.93519 -0.32619 3.4808 -0.78787 -0.82074 3.5347 0.060581 -0.3509 2.3704 1.1057 -1.6384 1.9917 0.34629 0.16343 3.4559 -1.6405 0.69641 1.9124 -1.689 -0.72473 1.6026 -2.2009 -0.55163 0.09007 0.55775 -1.3857 -1.7559 7.0337e-05 -1.8089 -3.4963 0.20665 0.55163 -0.09007 -0.55775 0.41008 -2.1349 -0.096266 1.3911 -3.0352 1.1194
4 45 240 -0.57619 4.7307 -0.83821 -0.38396 3.4831 -0.73856 -0.7756 3.5232 0.16277 -0.31894 2.3478 1.2013 -1.6674 2.0999 0.49567 0.0025463 3.4723 -1.6429 0.56878 1.9448 -1.7651 -0.88509 1.5651 -2.1111 -0.46979 0.10154 0.62648 -1.3661 -1.7491 0.19489 -1.5083 -3.4847 0.66211 0.46979 -0.10154 -0.62648 0.32415 -2.1628 -0.2467 1.6204 -2.8127 0.82487
4 46 240 -0.48387 4.7114 -0.9525 -0.30164 3.4638 -0.84281 -0.79164 3.5074 0.0088698 -0.62895 2.3227 1.1219 -1.8345 2.2027 0.16806 0.18345 3.4493 -1.6983 0.82187 1.9457 -1.7203 -0.54169 1.4735 -2.2637 -0.49831 0.13529 0.5974 -1.3744 -1.7028 0.079555 -1.3202 -3.3913 0.70947 0.49831 -0.13529 -0.5974 0.16176 -2.2007 -0.41044 1.4945 -2.6112 0.73245
4 47 252 -0.67535 4.6955 -0.8888 -0.45126 3.4523 -0.82656 -0.81943 3.4837 0.084942 -0.78938 2.2842 1.1936 -2.0239 2.2461 0.27041 -0.089345 3.45 -1.7411 0.67273 2.005 -1.7484 -0.65307 1.3962 -2.2477 -0.37197 0.15112 0.67993 -1.3654 -1.6612 0.30195 -0.96704 -3.2744 1.0018 0.37197 -0.15112 -0.67993 -0.18693 -2.1757 -0.62617 1.3265 -2.4518 0.31408
4 48 252 -0.67125 4.6852 -0.94504 -0.43113 3.4461 -0.87181 -0.88339 3.4734 0.0011575 -1.1809 2.2613 1.0552 -2.2373 2.2409 -0.067853 0.014752 3.4477 -1.7485 0.88753 2.073 -1.6177 -0.2857 1.3623 -2.3221 -0.39521 0.15322 0.66621 -1.3379 -1.6938 0.32836 -0.77608 -3.2328 1.0813 0.39521 -0.15322 -0.66621 -0.41382 -2.0845 -0.83942 0.98677 -2.4167 0.24633
4 49 252 -0.62031 4.6708 -1.0529 -0.39639 3.4324 -0.9421 -0.97817 3.4699 -0.14996 -1.4706 2.2659 0.83829 -2.3238 2.2549 -0.44605 0.17966 3.4236 -1.7393 1.1141 2.1052 -1.4999 0.057096 1.376 -2.3534 -0.43946 0.1554 0.63736 -1.2268 -1.777 0.39227 -0.59278 -3.2623 1.194 0.43946 -0.1554 -0.63736 -0.57965 -1.9491 -1.0353 0.63377 -2.5071 0.17594
4 50 264 -0.7545 4.6521 -1.0486 -0.53255 3.4132 -0.93848 -1.0681 3.4577 -0.11473 -1.4297 2.2592 0.93488 -2.3896 2.2281 -0.27151 -0.0029574 3.3975 -1.7671 1.0006 2.1158 -1.6296 -0.1427 1.4054 -2.3819 -0.36578 0.16052 0.68113 -0.88884 -1.874 0.71695 -0.12169 -3.3515 1.4094 0.36578 -0.16052 -0.68113 -0.86151 -1.8302 -1.0279 0.30058 -2.7312 0.015435
4 58 276 -0.49729 4.545 -1.6333 -0.38713 3.3609 -1.2038 -1.1037 3.533 -0.55244 -1.2239 2.2087 0.39655 -2.169 1.5144 -0.60467 0.32524 3.216 -1.8663 0.98729 1.7681 -1.5003 -0.22817 1.5909 -2.4325 -0.5297 0.13329 0.57022 -1.2696 -1.8246 0.38658 -0.22842 -2.4521 1.7181 0.5297 -0.13329 -0.57022 -0.53538 -1.9374 -0.72858 -0.046546 -3.2012 0.46087
4 59 276 -0.56041 4.5088 -1.7059 -0.43612 3.326 -1.277 -1.1643 3.4958 -0.63799 -1.2671 2.1823 0.32791 -2.1567 1.4617 -0.70502 0.28772 3.1834 -1.9274 0.82359 1.6629 -1.6636 -0.42904 1.6517 -2.5628 -0.54922 0.13081 0.55204 -1.4516 -1.6825 -0.0064049 -0.57944 -2.4504 1.3722 0.54922 -0.13081 -0.55204 -0.40545 -2.0003 -0.64155 0.097469 -3.1718 0.63338
4 60 276 -0.56323 4.48 -1.772 -0.43175 3.2966 -1.3462 -1.1576 3.4666 -0.7047 -1.2176 2.1815 0.30206 -2.0686 1.4872 -0.78028 0.2898 3.1538 -1.9991 0.74177 1.5962 -1.8036 -0.52238 1.7408 -2.6746 -0.57688 0.137 0.52148 -1.4955 -1.5424 -0.34457 -0.86528 -2.605 0.96869 0.57688 -0.137 -0.52148 -0.24626 -2.0687 -0.44906 0.25171 -3.2044 0.85976
4 61 276 -0.49042 4.5006 -1.7441 -0.34549 3.3112 -1.3386 -1.0536 3.473 -0.67549 -1.0713 2.2168 0.36863 -1.9077 1.5397 -0.73577 0.35812 3.1767 -2.0126 0.76486 1.6035 -1.8441 -0.4966 1.8405 -2.6986 -0.59993 0.14334 0.49299 -1.4407 -1.4885 -0.52904 -1.0686 -2.8853 0.54855 0.59993 -0.14334 -0.49299 -0.062853 -2.1158 -0.20222 0.42932 -3.2532 1.1073
4 62 288 -0.78108 4.5248 -1.5625 -0.54684 3.3273 -1.2271 -1.0906 3.4727 -0.42045 -0.84294 2.2424 0.62549 -1.8932 1.5524 -0.26817 -0.0096841 3.2097 -2.0425 0.4055 1.6314 -1.9708 -1.0049 1.9079 -2.5292 -0.51119 0.14143 0.58496 -1.4423 -1.5239 -0.29476 -1.1879 -3.193 0.33811 0.51119 -0.14143 -0.58496 0.16218 -2.1394 -0.036735 0.8583 -3.2602 1.1921
4 63 288 -0.7542 4.5352 -1.5311 -0.51763 3.3298 -1.2255 -1.073 3.4521 -0.42307 -0.77895 2.2436 0.63603 -1.836 1.5208 -0.22297 0.031416 3.2355 -2.0361 0.45305 1.6589 -1.9649 -0.95758 1.9392 -2.521 -0.54356 0.13507 0.55659 -1.3336 -1.6232 -0.27932 -1.4085 -3.4132 -0.076387 0.54356 -0.13507 -0.55659 0.37576 -2.1215 0.10697 1.0396 -3.228 1.3663
4 64 288 -0.72346 4.5633 -1.458 -0.48239 3.3541 -1.1705 -1.0694 3.451 -0.38727 -0.76535 2.2498 0.67741 -1.8163 1.5026 -0.16812 0.098381 3.2853 -1.9612 0.54632 1.7159 -1.89 -0.8554 1.9501 -2.4883 -0.57599 0.11814 0.52705 -1.2522 -1.7081 -0.26156 -1.4756 -3.4963 -0.31809 0.57599 -0.11814 -0.52705 0.4718 -2.0827 0.21061 1.188 -3.1116 1.5065
4 65 288 -0.68624 4.5973 -1.3686 -0.44335 3.3853 -1.0946 -1.0776 3.4577 -0.3464 -0.83138 2.2399 0.71425 -1.8479 1.4946 -0.17396 0.1847 3.3412 -1.8503 0.6827 1.7875 -1.7684 -0.69911 1.9632 -2.4297 -0.60012 0.10106 0.50313 -1.2374 -1.7148 -0.33997 -1.3449 -3.514 -0.29167 0.60012 -0.10106 -0.50313 0.45552 -2.0836 0.17711 1.2803 -2.9005 1.5567
4 65 300 -0.95579 4.5973 -1.196 -0.66125 3.3853 -0.97855 -1.1261 3.4577 -0.11478 -0.66471 2.2399 0.8715 -1.8437 1.4946 0.21403 -0.20403 3.3412 -1.8482 0.30011 1.7875 -1.8717 -1.189 1.9632 -2.2313 -0.4824 0.10106 0.61691 -1.2811 -1.7148 -0.075264 -1.3761 -3.514 -0.0056794 0.4824 -0.10106 -0.61691 0.48239 -2.0836 0.07853 1.576 -2.9005 1.2565
4 66 300 -0.87665 4.621 -1.1549 -0.58393 3.406 -0.95311 -1.1144 3.4506 -0.12611 -0.77432 2.2034 0.87263 -1.9138 1.5025 0.10577 -0.060802 3.3897 -1.7858 0.51948 1.8626 -1.7824 -0.94556 1.9376 -2.2574 -0.51132 0.099916 0.59336 -1.262 -1.714 -0.15529 -1.0923 -3.4821 0.15424 0.51132 -0.099916 -0.59336 0.39354 -2.1333 -0.077906 1.5791 -2.6564 1.1758
4 67 300 -0.8232 4.6065 -1.212 -0.52637 3.3914 -1.0201 -1.1265 3.4077 -0.2411 -0.9483 2.1356 0.76815 -2.0205 1.5116 -0.14761 0.06623 3.4033 -1.805 0.75725 1.9255 -1.7191 -0.64724 1.827 -2.3479 -0.54396 0.11783 0.56011 -1.232 -1.6879 -0.26477 -0.86828 -3.359 0.3061 0.54396 -0.11783 -0.56011 0.24732 -2.1897 -0.3764 1.4466 -2.425 0.94923
4 68 300 -0.82512 4.5779 -1.2924 -0.50903 3.3706 -1.0883 -1.1682 3.3651 -0.3583 -1.1742 2.0685 0.63551 -2.1495 1.5509 -0.44086 0.14192 3.404 -1.8249 0.96898 2.0141 -1.5952 -0.31148 1.6971 -2.3938 -0.56664 0.12681 0.5351 -1.1958 -1.7118 -0.26375 -0.65072 -3.2525 0.49786 0.56664 -0.12681 -0.5351 0.075397 -2.1584 -0.74901 1.2043 -2.2826 0.65133
4 68 312 -1.0758 4.5779 -1.0926 -0.72417 3.3706 -0.95868 -1.2171 3.3651 -0.1076 -1.0164 2.0685 0.86576 -2.1942 1.5509 0.015677 -0.24059 3.404 -1.8145 0.61614 2.0141 -1.7618 -0.80236 1.6971 -2.2767 -0.443 0.12681 0.64122 -1.2245 -1.7118 -0.0093731 -0.53299 -3.2525 0.62227 0.44301 -0.12681 -0.64122 -0.081979 -2.1584 -0.74832 1.3134 -2.2826 0.3867
4 69 312 -1.0303 4.5736 -1.1605 -0.67448 3.3711 -0.99838 -1.2487 3.3535 -0.20003 -1.2177 2.0222 0.74622 -2.3133 1.6541 -0.2745 -0.1096 3.4166 -1.8023 0.85613 2.1108 -1.6261 -0.44092 1.6377 -2.3128 -0.4701 0.12781 0.62143 -1.077 -1.8071 0.071742 -0.26378 -3.2434 0.79757 0.4701 -0.12781 -0.62143 -0.30927 -2.029 -1.0602 0.98834 -2.3333 0.15413
4 70 312 -0.94169 4.5773 -1.2367 -0.61828 3.371 -1.0362 -1.2802 3.3495 -0.30912 -1.3697 1.9943 0.59873 -2.3559 1.7555 -0.5623 0.035252 3.4203 -1.7696 1.0486 2.1722 -1.4798 -0.13364 1.6218 -2.3026 -0.50347 0.12406 0.59551 -0.8484 -1.9175 0.23841 -0.0063955 -3.3057 1.0225 0.50347 -0.12406 -0.59551 -0.47319 -1.8629 -1.2566 0.65381 -2.5627 -0.035516
4 71 312 -0.81035 4.5942 -1.2823 -0.53687 3.381 -1.0491 -1.2729 3.3649 -0.39687 -1.4393 1.9947 0.47701 -2.3087 1.8386 -0.78689 0.19193 3.4252 -1.7081 1.2082 2.209 -1.312 0.13991 1.6164 -2.2529 -0.54145 0.11759 0.56259 -0.60714 -1.9794 0.44995 0.19828 -3.3685 1.2701 0.54145 -0.11759 -0.56259 -0.526 -1.7658 -1.3097 0.30503 -2.9264 -0.2082
5 14 120 -0.66926 4.7676 -0.59841 -0.44974 3.5291 -0.45139 -1.0423 3.5474 0.33339 -0.80857 2.0626 0.97335 -1.4962 0.71383 1.2659 0.13749 3.5398 -1.2403 0.16716 1.9622 -1.6636 -0.68579 0.91078 -2.4016 -0.53596 -0.013056 0.57972 -1.4458 -1.6937 -0.29314 -1.5526 -3.4824 -0.092608 0.53596 0.013056 -0.57972 0.23793 -2.0667 -0.58511 0.81711 -3.5512 0.25847
5 15 120 -0.69549 4.7652 -0.58786 -0.46757 3.5282 -0.44077 -1.0799 3.5362 0.32884 -0.83679 2.06 0.98503 -1.485 0.69703 1.3007 0.13926 3.5492 -1.2145 0.19465 1.9716 -1.6351 -0.66274 0.93983 -2.3953 -0.55438 -0.022441 0.56184 -1.4261 -1.6909 -0.37124 -1.7563 -3.4633 -0.34577 0.55438 0.022442 -0.56184 0.34564 -2.0674 -0.50308 0.92042 -3.5339 0.37429
5 16 120 -0.71301 4.763 -0.58764 -0.47445 3.5284 -0.43641 -1.1099 3.5245 0.31429 -0.86187 2.0559 0.98533 -1.4729 0.68154 1.3252 0.15524 3.5612 -1.1912 0.24341 1.9817 -1.5991 -0.58911 0.94255 -2.3767 -0.57306 -0.027461 0.54254 -1.3979 -1.6935 -0.43639 -1.8376 -3.4402 -0.51723 0.57306 0.027461 -0.54254 0.44227 -2.0663 -0.42774 1.0177 -3.5099 0.48653
5 17 120 -0.71541 4.7634 -0.58308 -0.47209 3.53 -0.43006 -1.1309 3.5145 0.30005 -0.88829 2.0494 0.98062 -1.4683 0.6678 1.3446 0.18083 3.5743 -1.1643 0.30989 1.9913 -1.5468 -0.46206 0.91481 -2.3361 -0.5866 -0.029342 0.52776 -1.3849 -1.6995 -0.46592 -1.8149 -3.4474 -0.57121 0.5866 0.029342 -0.52776 0.51449 -2.0633 -0.35437 1.114 -3.4791 0.58731
5 18 132 -0.81552 4.7648 -0.41639 -0.54669 3.5309 -0.32118 -1.0606 3.5063 0.51708 -0.6952 2.0415 1.1413 -1.1683 0.65679 1.6275 -0.039465 3.5843 -1.1621 0.072412 1.9985 -1.5383 -0.75744 0.86129 -2.1673 -0.47959 -0.030692 0.62654 -1.4344 -1.7117 -0.19611 -1.8146 -3.4742 -0.18714 0.47959 0.030692 -0.62654 0.50708 -2.0576 -0.39692 1.3291 -3.4409 0.4165
5 19 132 -0.81462 4.7616 -0.44975 -0.54612 3.5274 -0.3569 -1.0761 3.494 0.47098 -0.731 2.025 1.0969 -1.2002 0.64007 1.5862 -0.022905 3.5897 -1.1874 0.18666 2.0049 -1.5238 -0.5371 0.807 -2.171 -0.49528 -0.02099 0.61462 -1.4208 -1.7121 -0.22068 -1.731 -3.4876 -0.1707 0.49528 0.02099 -0.61462 0.5742 -2.0626 -0.35592 1.4447 -3.4035 0.47774
5 20 132 -0.82485 4.7588 -0.45886 -0.54849 3.5261 -0.36962 -1.0911 3.4829 0.44956 -0.77185 2.0061 1.0708 -1.2548 0.62307 1.552 -0.012784 3.5981 -1.1913 0.31653 2.0229 -1.4725 -0.27568 0.76233 -2.1342 -0.50266 -0.015228 0.60877 -1.4197 -1.709 -0.23053 -1.6359 -3.4962 -0.12944 0.50266 0.015228 -0.60877 0.62802 -2.0633 -0.32888 1.55 -3.3546 0.52746
5 21 132 -0.83115 4.7586 -0.45059 -0.55129 3.5265 -0.36324 -1.1118 3.4766 0.44339 -0.82834 1.9896 1.0575 -1.3399 0.60751 1.5111 0.0023037 3.6052 -1.1724 0.43842 2.0474 -1.3996 0.01615 0.71955 -2.0601 -0.51201 -0.016468 0.6009 -1.4061 -1.7263 -0.23061 -1.5334 -3.518 -0.073725 0.51201 0.016468 -0.6009 0.66821 -2.0621 -0.33725 1.6316 -3.2972 0.5556
5 22 144 -0.91548 4.7555 -0.27917 -0.62003 3.5242 -0.25403 -1.0309 3.4625 0.63748 -0.68146 1.9613 1.179 -1.1323 0.58059 1.6966 -0.21661 3.6147 -1.1465 0.23709 2.0724 -1.437 -0.11954 0.68988 -2.0192 -0.40417 -0.017689 0.67811 -1.3922 -1.7619 0.049122 -1.4009 -3.5508 0.27472 0.40417 0.017689 -0.67811 0.58032 -2.0707 -0.52982 1.7465 -3.2335 0.20419
5 23 144 -0.93822 4.7465 -0.32213 -0.63166 3.518 -0.29147 -1.0919 3.4396 0.57423 -0.80739 1.9277 1.1237 -1.3172 0.55011 1.593 -0.17898 3.6252 -1.158 0.33104 2.0969 -1.4284 0.15679 0.68764 -2.0294 -0.43805 -0.014983 0.6568 -1.3526 -1.7976 0.024277 -1.2902 -3.5792 0.29478 0.43805 0.014983 -0.6568 0.5206 -2.0842 -0.62901 1.7169 -3.1526 0.19459
5 24 144 -0.96148 4.7368 -0.37442 -0.64412 3.5112 -0.33201 -1.1593 3.4195 0.50079 -0.95839 1.8993 1.0641 -1.5378 0.52789 1.4657 -0.13662 3.6317 -1.1658 0.43488 2.1215 -1.4137 0.38251 0.70627 -2.0235 -0.46874 -0.012163 0.63532 -1.3095 -1.8294 -0.0012078 -1.1831 -3.6004 0.31265 0.46874 0.012163 -0.63532 0.43475 -2.086 -0.73885 1.6373 -3.0523 0.19442
5 25 156 -1.0446 4.7297 -0.19773 -0.70606 3.5093 -0.21496 -1.09 3.4084 0.68489 -0.88251 1.8817 1.2281 -1.4524 0.52154 1.6785 -0.33037 3.6389 -1.1146 0.23351 2.1445 -1.4575 0.12148 0.73233 -2.0665 -0.35698 -0.013777 0.70418 -1.242 -1.8616 0.23874 -0.98233 -3.6174 0.55594 0.35698 0.013777 -0.70418 0.1549 -2.0687 -0.89639 1.5041 -2.9888 -0.13228
5 26 156 -1.0636 4.7244 -0.22455 -0.70892 3.5087 -0.23321 -1.1465 3.4003 0.64096 -1.0709 1.8655 1.1955 -1.7129 0.52193 1.5959 -0.28005 3.6455 -1.1077 0.32157 2.1593 -1.4204 0.23447 0.75335 -2.0476 -0.3883 -0.018206 0.68731 -1.2096 -1.8904 0.20272 -0.87528 -3.6245 0.56591 0.3883 0.018206 -0.68731 0.025801 -2.0298 -0.98479 1.2973 -3.0053 -0.15848
5 27 156 -1.0697 4.7207 -0.26213 -0.70418 3.5081 -0.25706 -1.1971 3.3954 0.58657 -1.2558 1.8551 1.1279 -1.9739 0.53711 1.4811 -0.22005 3.6493 -1.1015 0.39832 2.1623 -1.3756 0.30772 0.76386 -2.0189 -0.42101 -0.020438 0.6677 -1.1782 -1.9141 0.16276 -0.7664 -3.619 0.58101 0.42101 0.020438 -0.6677 -0.099357 -1.9738 -1.0759 1.038 -3.082 -0.22191
5 28 156 -1.0629 4.7187 -0.30679 -0.69196 3.508 -0.28429 -1.233 3.393 0.52895 -1.4045 1.8539 1.0491 -2.2189 0.5757 1.3331 -0.15954 3.6515 -1.0987 0.45695 2.1554 -1.323 0.36482 0.7636 -1.9803 -0.45616 -0.021387 0.64417 -1.1324 -1.9441 0.13408 -0.64889 -3.6139 0.61258 0.45616 0.021388 -0.64417 -0.19622 -1.9095 -1.1544 0.75289 -3.1921 -0.31479
5 29 156 -1.0345 4.7211 -0.3535 -0.66679 3.5099 -0.31445 -1.2565 3.3961 0.46439 -1.5206 1.8626 0.96204 -2.4395 0.6393 1.1536 -0.085497 3.6523 -1.0949 0.51086 2.142 -1.274 0.40844 0.75603 -1.942 -0.48947 -0.020052 0.61928 -1.0693 -1.977 0.12087 -0.52621 -3.6107 0.65663 0.48947 0.020053 -0.61928 -0.25408 -1.8528 -1.214 0.46137 -3.3107 -0.43057
5 30 156 -0.99537 4.7257 -0.40482 -0.63671 3.5128 -0.3442 -1.2717 3.4044 0.39905 -1.6158 1.8798 0.87415 -2.6304 0.7211 0.94996 -0.0098548 3.6497 -1.0896 0.55584 2.1228 -1.2216 0.45445 0.73852 -1.8932 -0.51777 -0.017991 0.59589 -0.9923 -2.0115 0.13206 -0.39948 -3.6111 0.71572 0.51777 0.017991 -0.59589 -0.27911 -1.8052 -1.2706 0.16628 -3.4123 -0.58536
5 31 156 -0.93905 4.7318 -0.4622 -0.59582 3.5155 -0.38273 -1.2678 3.4165 0.32856 -1.6847 1.9032 0.78129 -2.779 0.81787 0.73505 0.068551 3.6432 -1.0966 0.6065 2.103 -1.1809 0.50526 0.71537 -1.8456 -0.53968 -0.011002 0.5763 -0.902 -2.0418 0.17776 -0.27552 -3.6173 0.79129 0.53968 0.011002 -0.5763 -0.27717 -1.7704 -1.3337 -0.10473 -3.483 -0.79682
5 32 156 -0.86849 4.7403 -0.51477 -0.54617 3.5197 -0.41498 -1.2491 3.4321 0.2674 -1.7279 1.9308 0.69809 -2.8791 0.91802 0.53427 0.14961 3.6361 -1.1003 0.6614 2.0854 -1.1466 0.55248 0.69054 -1.7948 -0.55524 -0.002583 0.56143 -0.80468 -2.0638 0.2398 -0.15934 -3.6209 0.88004 0.55524 0.002583 -0.56143 -0.2691 -1.7468 -1.3826 -0.31529 -3.511 -1.0132
5 33 156 -0.78927 4.7494 -0.56313 -0.49032 3.5246 -0.44366 -1.2123 3.4556 0.22064 -1.7337 1.963 0.632 -2.9213 1.0185 0.35801 0.22518 3.6226 -1.1114 0.71872 2.0653 -1.1231 0.6086 0.66143 -1.7513 -0.56278 0.0073962 0.55383 -0.711 -2.0766 0.33179 -0.042954 -3.6218 0.97751 0.56278 -0.0073957 -0.55383 -0.30274 -1.7303 -1.3886 -0.41553 -3.5183 -1.1854
5 54 204 -0.67527 4.7836 -0.39243 -0.41741 3.5505 -0.27424 -0.96397 3.5762 0.54306 -0.74563 2.0923 1.1906 -1.4442 0.78965 1.6295 0.12448 3.5539 -1.095 0.28374 1.9546 -1.3876 -0.38029 0.69173 -1.9722 -0.44996 -0.020069 0.64856 -1.4233 -1.6892 -0.17672 -1.8828 -3.4322 -0.21645 0.44996 0.02007 -0.64856 0.27124 -2.063 -0.44111 1.0766 -3.4597 0.3661
5 55 204 -0.67887 4.7833 -0.38557 -0.41906 3.551 -0.26346 -1.0038 3.568 0.52718 -0.82057 2.088 1.1942 -1.5612 0.79912 1.6039 0.16108 3.5633 -1.0576 0.36978 1.9661 -1.3296 -0.16438 0.65538 -1.9415 -0.48404 -0.028985 0.62319 -1.3969 -1.6985 -0.26762 -1.8351 -3.447 -0.3121 0.48404 0.028985 -0.62319 0.3751 -2.0571 -0.39789 1.1775 -3.4271 0.45656
5 56 216 -0.74409 4.7838 -0.23147 -0.46598 3.551 -0.16746 -0.92085 3.5544 0.70457 -0.63382 2.0781 1.3423 -1.3012 0.79468 1.8764 -0.016335 3.5769 -1.0418 0.18942 1.9823 -1.3313 -0.33049 0.63545 -1.8728 -0.38864 -0.035812 0.68642 -1.3946 -1.7204 -0.064889 -1.7768 -3.48 0.02842 0.38864 0.035812 -0.68642 0.3801 -2.0518 -0.44953 1.3591 -3.3887 0.26127
5 57 216 -0.74649 4.7807 -0.28851 -0.46971 3.5473 -0.22677 -0.97359 3.5351 0.61781 -0.73014 2.0583 1.2723 -1.4002 0.76894 1.7884 0.028847 3.5888 -1.0736 0.29817 2.0001 -1.3427 -0.086913 0.62862 -1.9328 -0.43625 -0.025093 0.65769 -1.3599 -1.7318 -0.14736 -1.6704 -3.4996 0.02421 0.43625 0.025093 -0.65769 0.43572 -2.0659 -0.45232 1.4588 -3.3509 0.29138
5 59 228 -0.82568 4.7718 -0.15972 -0.51001 3.5465 -0.15822 -0.9395 3.4987 0.7253 -0.67595 2.011 1.3468 -1.1851 0.68914 1.9559 -0.086676 3.6235 -1.0427 0.26231 2.0544 -1.3342 -0.052947 0.66817 -1.9313 -0.37833 -0.023996 0.69267 -1.359 -1.7689 0.054005 -1.4128 -3.5406 0.38437 0.37833 0.023996 -0.69267 0.40031 -2.0741 -0.58467 1.6368 -3.2192 0.056335
5 60 228 -0.84412 4.7636 -0.22888 -0.51514 3.5421 -0.21452 -1.0304 3.4808 0.621 -0.83128 1.9896 1.2576 -1.3496 0.65598 1.8326 -0.0061589 3.6326 -1.0513 0.38777 2.0723 -1.3325 0.12071 0.69054 -1.9626 -0.4366 -0.018205 0.65769 -1.3323 -1.8085 0.019742 -1.3114 -3.574 0.38515 0.4366 0.018205 -0.65769 0.39412 -2.0823 -0.67183 1.6362 -3.1307 0.1086
5 62 240 -0.9606 4.738 -0.1961 -0.584 3.5305 -0.21524 -1.0764 3.4318 0.63044 -0.91766 1.936 1.2678 -1.4331 0.5934 1.8241 -0.099052 3.658 -1.0614 0.32647 2.1126 -1.3769 -0.057492 0.77085 -2.0325 -0.40856 -0.01193 0.6756 -1.2222 -1.8911 0.20546 -1.0133 -3.6401 0.59065 0.40856 0.01193 -0.6756 0.17324 -2.0656 -0.88206 1.4694 -2.9591 -0.0030721
5 63 240 -0.98175 4.7311 -0.25531 -0.59212 3.5281 -0.24557 -1.1618 3.4281 0.5499 -1.1155 1.9243 1.1865 -1.7214 0.58629 1.6558 -0.0299 3.657 -1.0422 0.43138 2.1161 -1.3276 0.040704 0.80167 -2.0329 -0.45999 -0.018999 0.64152 -1.1928 -1.9236 0.1419 -0.92249 -3.6543 0.56944 0.45999 0.018999 -0.64152 0.11207 -2.028 -0.96219 1.2708 -2.9825 0.036397
5 64 240 -0.98116 4.7273 -0.3232 -0.59004 3.5254 -0.28338 -1.2252 3.4214 0.46035 -1.2974 1.9085 1.0725 -2.0038 0.59035 1.4481 0.03759 3.6582 -1.0289 0.52052 2.1174 -1.2765 0.14979 0.82733 -2.0354 -0.50799 -0.021123 0.60415 -1.1636 -1.9462 0.076226 -0.83186 -3.6525 0.55494 0.50799 0.021123 -0.60415 0.054816 -1.9807 -1.0533 1.035 -3.0641 0.0031696
5 65 240 -0.97468 4.723 -0.38746 -0.58283 3.5224 -0.32434 -1.2755 3.4126 0.36528 -1.468 1.8955 0.93968 -2.2806 0.61154 1.2022 0.10236 3.6609 -1.0162 0.59076 2.1162 -1.2259 0.26172 0.83508 -2.0185 -0.55137 -0.021919 0.56481 -1.123 -1.968 0.016953 -0.74135 -3.6488 0.54627 0.55137 0.021919 -0.56481 0.021548 -1.9307 -1.1313 0.8007 -3.1636 -0.071201
5 65 252 -1.0339 4.723 -0.17635 -0.63753 3.5224 -0.19607 -1.1717 3.4126 0.62248 -1.2406 1.8955 1.2244 -1.9808 0.61154 1.6501 -0.11116 3.6609 -1.0153 0.32297 2.1162 -1.322 -0.16367 0.83508 -2.0288 -0.42189 -0.021919 0.6671 -1.095 -1.968 0.25007 -0.61158 -3.6488 0.68847 0.42189 0.021919 -0.6671 -0.21413 -1.9307 -1.111 0.76839 -3.1636 -0.23612
5 66 252 -1.0304 4.7213 -0.22916 -0.6302 3.5216 -0.22855 -1.2171 3.404 0.55186 -1.4178 1.8873 1.1247 -2.2826 0.65115 1.4438 -0.051109 3.6679 -1.01 0.39225 2.1189 -1.2798 -0.044867 0.83401 -2.0117 -0.4666 -0.024172 0.63655 -1.0549 -1.9928 0.19759 -0.52448 -3.6489 0.67379 0.4666 0.024171 -0.63655 -0.23717 -1.8876 -1.1506 0.53688 -3.2602 -0.27438
5 67 252 -1.011 4.7216 -0.29262 -0.61095 3.5219 -0.2693 -1.2461 3.3999 0.47166 -1.5718 1.8891 1.0011 -2.547 0.71191 1.2034 0.016367 3.6726 -1.0117 0.4677 2.1198 -1.2433 0.093571 0.8232 -1.9893 -0.50573 -0.021945 0.60601 -1.0053 -2.0136 0.16085 -0.43854 -3.6488 0.66651 0.50573 0.021945 -0.60601 -0.25083 -1.8482 -1.1928 0.30358 -3.3493 -0.36196
5 68 252 -0.97364 4.7226 -0.36466 -0.57957 3.5217 -0.32004 -1.2609 3.4022 0.37913 -1.6911 1.9 0.85555 -2.7612 0.79241 0.93079 0.094202 3.67 -1.0211 0.55338 2.1146 -1.2181 0.23821 0.8002 -1.9602 -0.53788 -0.014304 0.57791 -0.93648 -2.0349 0.16236 -0.3438 -3.656 0.68357 0.53788 0.014304 -0.57791 -0.2539 -1.8115 -1.2517 0.078907 -3.426 -0.52142
5 69 252 -0.92144 4.7276 -0.42136 -0.53673 3.5252 -0.35443 -1.2601 3.4155 0.30293 -1.7887 1.9249 0.71174 -2.92 0.8782 0.66401 0.17946 3.6638 -1.0142 0.64595 2.1066 -1.1761 0.39168 0.77087 -1.9034 -0.56164 -0.0080657 0.55497 -0.86209 -2.0538 0.18223 -0.24836 -3.6624 0.71765 0.56164 0.0080652 -0.55497 -0.2495 -1.7833 -1.2949 -0.12025 -3.4767 -0.68958
5 70 252 -0.86305 4.734 -0.4716 -0.4901 3.5294 -0.38302 -1.2431 3.4275 0.24147 -1.8441 1.9467 0.58028 -3.0221 0.96703 0.40717 0.25605 3.66 -1.0104 0.7253 2.1004 -1.1375 0.53581 0.74196 -1.842 -0.5767 0.00010967 0.53937 -0.78368 -2.0663 0.22082 -0.15736 -3.6687 0.76008 0.5767 -0.00010967 -0.53937 -0.26043 -1.7644 -1.3144 -0.26052 -3.5008 -0.82887
5 70 264 -0.94224 4.734 -0.28186 -0.55903 3.5294 -0.27275 -1.1657 3.4275 0.49465 -1.6831 1.9467 0.951 -2.8714 0.96703 1.0266 0.040389 3.66 -1.0415 0.47296 2.1004 -1.2634 0.14113 0.74196 -1.9132 -0.45196 0.00010967 0.64748 -0.72064 -2.0663 0.37893 0.0041085 -3.6687 0.77619 0.45196 -0.00010967 -0.64748 -0.52803 -1.7644 -1.2316 -0.42716 -3.5008 -0.75659
5 71 264 -0.88785 4.7413 -0.3404 -0.5169 3.5335 -0.30713 -1.1552 3.4461 0.436 -1.7359 1.9735 0.8397 -2.9741 1.0557 0.7923 0.11457 3.6498 -1.0522 0.55243 2.0876 -1.2436 0.28553 0.70629 -1.8747 -0.46236 0.0082359 0.64004 -0.6388 -2.0725 0.40825 0.10026 -3.6687 0.80417 0.46236 -0.0082355 -0.64004 -0.53589 -1.7501 -1.2595 -0.53214 -3.5008 -0.82825
5 72 264 -0.82462 4.7501 -0.38845 -0.46987 3.5381 -0.33554 -1.128 3.4666 0.39183 -1.753 1.9995 0.74655 -3.019 1.1377 0.567 0.18184 3.6387 -1.0653 0.62006 2.0731 -1.2252 0.41305 0.67172 -1.8342 -0.46927 0.016142 0.63484 -0.56391 -2.0736 0.43948 0.19426 -3.6599 0.83922 0.46927 -0.016142 -0.63484 -0.53057 -1.7444 -1.2889 -0.58457 -3.4967 -0.86764
5 73 264 -0.75276 4.7603 -0.43468 -0.42229 3.543 -0.35796 -1.1024 3.4942 0.35087 -1.7431 2.0275 0.67775 -3.0163 1.2165 0.36293 0.25203 3.6208 -1.0697 0.68626 2.0514 -1.2005 0.53581 0.63155 -1.7828 -0.47826 0.021533 0.62793 -0.4977 -2.0729 0.46251 0.28388 -3.6441 0.8763 0.47826 -0.021533 -0.62793 -0.51278 -1.7431 -1.3124 -0.5905 -3.4922 -0.88203
5 94 300 -0.65006 4.7799 -0.50075 -0.40728 3.5424 -0.38392 -0.95073 3.548 0.43583 -0.7764 2.063 1.094 -1.5091 0.7402 1.3954 0.13077 3.5659 -1.2069 0.22032 1.9563 -1.4716 -0.4736 0.69749 -2.0297 -0.47132 0.002315 0.63352 -1.4011 -1.6763 -0.222 -1.6678 -3.4564 -0.32836 0.47132 -0.0023146 -0.63352 0.38525 -2.0828 -0.35348 1.1965 -3.4534 0.49166
5 95 300 -0.65658 4.7796 -0.49477 -0.41603 3.5413 -0.3811 -0.98664 3.5382 0.42 -0.83822 2.048 1.0726 -1.5978 0.73251 1.3375 0.14915 3.5735 -1.1854 0.29192 1.9638 -1.4246 -0.27117 0.64064 -1.9812 -0.49268 -0.0017333 0.61706 -1.3662 -1.6933 -0.27169 -1.6118 -3.477 -0.36632 0.49268 0.0017333 -0.61706 0.45519 -2.0789 -0.32736 1.2889 -3.4116 0.55571
5 96 312 -0.75355 4.778 -0.34729 -0.49509 3.5392 -0.29409 -0.91008 3.5195 0.59739 -0.65484 2.025 1.2057 -1.3605 0.71042 1.595 -0.086239 3.5881 -1.1873 0.06682 1.98 -1.4306 -0.44827 0.5975 -1.8791 -0.37556 -7.6294e-06 0.69459 -1.3817 -1.6983 -0.025016 -1.587 -3.4896 -0.024641 0.37556 8.1062e-06 -0.69459 0.43032 -2.0797 -0.40082 1.4781 -3.3626 0.31125
5 97 312 -0.75547 4.7792 -0.32895 -0.4953 3.5405 -0.28153 -0.93566 3.5055 0.59723 -0.70928 2.004 1.1998 -1.4198 0.68537 1.5658 -0.061102 3.6045 -1.1617 0.1648 2.0024 -1.3869 -0.20558 0.57838 -1.8482 -0.39253 -0.0013762 0.68514 -1.3769 -1.7103 -0.039337 -1.481 -3.5091 0.026353 0.39253 0.0013757 -0.68514 0.47729 -2.0779 -0.39577 1.563 -3.3135 0.34272
5 98 312 -0.74897 4.7813 -0.31151 -0.49156 3.5417 -0.27041 -0.96261 3.4928 0.5916 -0.77297 1.9841 1.1889 -1.4836 0.65759 1.5251 -0.026652 3.6198 -1.1336 0.27139 2.0276 -1.3447 0.004811 0.58168 -1.8095 -0.41483 -0.003993 0.67186 -1.3534 -1.7383 -0.053176 -1.3513 -3.5362 0.08265 0.41483 0.003993 -0.67186 0.51129 -2.0804 -0.42657 1.6225 -3.2637 0.35822
5 99 312 -0.74185 4.7815 -0.31474 -0.48654 3.5414 -0.27833 -0.99397 3.4801 0.56199 -0.8506 1.9643 1.154 -1.5627 0.63169 1.4618 0.014712 3.6317 -1.1197 0.37032 2.0506 -1.3254 0.16059 0.59784 -1.7978 -0.43937 -0.0030041 0.65608 -1.3106 -1.774 -0.06414 -1.2177 -3.5633 0.13773 0.43937 0.0030046 -0.65608 0.50807 -2.0913 -0.50234 1.6488 -3.1999 0.3465
5 102 324 -0.84088 4.7667 -0.26869 -0.55237 3.5335 -0.25254 -1.0015 3.4515 0.61862 -0.93996 1.9114 1.16 -1.627 0.57874 1.5201 -0.11039 3.6445 -1.1241 0.31853 2.0893 -1.3809 -0.016198 0.67225 -1.8885 -0.37657 0.0040302 0.69403 -1.1558 -1.8784 0.18062 -0.78092 -3.618 0.47098 0.37657 -0.0040298 -0.69403 0.11002 -2.0785 -0.89389 1.4546 -2.9537 -0.071065
6 0 276 -0.96517 4.7141 -0.43141 -0.70617 3.4745 -0.42038 -1.3804 3.3527 0.28527 -1.2573 1.8042 0.79095 -1.9622 0.43396 0.84728 -0.038559 3.6253 -1.1267 0.48644 2.1336 -1.5365 0.49205 0.85687 -2.4012 -0.52023 -0.011706 0.5939 -1.0026 -1.9894 0.073998 -0.99705 -3.7184 0.58536 0.52023 0.011706 -0.5939 -0.036828 -1.9967 -0.85876 0.55418 -3.6925 -0.69752
6 1 288 -1.0352 4.7103 -0.30982 -0.77914 3.4704 -0.32436 -1.3469 3.3443 0.46879 -1.1463 1.8001 0.96281 -1.8248 0.42141 1.0914 -0.21836 3.6256 -1.1173 0.28767 2.1452 -1.5878 0.21199 0.88014 -2.4661 -0.43079 -0.012639 0.66163 -0.96746 -1.9976 0.23007 -0.82061 -3.7244 0.72769 0.43079 0.012639 -0.66163 -0.16458 -1.9926 -0.85922 0.45471 -3.6856 -0.82882
6 2 288 -1.0145 4.7097 -0.39408 -0.75881 3.47 -0.38389 -1.3795 3.3431 0.3684 -1.2206 1.8008 0.88311 -1.9127 0.424 0.93876 -0.14532 3.6259 -1.1367 0.42262 2.1509 -1.5496 0.42559 0.89194 -2.4399 -0.475 -0.011961 0.63066 -0.95878 -2.0096 0.19494 -0.77413 -3.7348 0.68508 0.475 0.011961 -0.63066 -0.090726 -1.9937 -0.89831 0.53434 -3.6823 -0.80535
6 3 288 -0.99059 4.7089 -0.45855 -0.73415 3.4697 -0.43177 -1.3947 3.3383 0.28499 -1.2932 1.7971 0.81736 -2.0075 0.43061 0.81828 -0.080938 3.6301 -1.1494 0.52624 2.1534 -1.4951 0.59865 0.88754 -2.3726 -0.51734 -0.013711 0.59638 -0.94267 -2.0204 0.14169 -0.73166 -3.7428 0.63108 0.51734 0.013711 -0.59638 0.0086987 -2.0012 -0.90604 0.62651 -3.6837 -0.7101
6 4 300 -1.0311 4.714 -0.29144 -0.77756 3.4741 -0.30448 -1.3183 3.3416 0.50632 -1.1669 1.7993 1.023 -1.9083 0.45226 1.139 -0.24416 3.6355 -1.1149 0.30181 2.1512 -1.5241 0.25834 0.86698 -2.3765 -0.42752 -0.016288 0.66367 -0.88328 -2.0315 0.2821 -0.55034 -3.7495 0.71636 0.42752 0.016289 -0.66367 -0.069061 -2.0114 -0.90104 0.56502 -3.6867 -0.69597
6 5 300 -0.9973 4.7177 -0.33973 -0.75439 3.4757 -0.33773 -1.3421 3.3491 0.44069 -1.2494 1.8051 0.96625 -2.0381 0.48342 1.0598 -0.17387 3.6312 -1.1163 0.37667 2.135 -1.4727 0.37797 0.83068 -2.2951 -0.47165 -0.020075 0.63296 -0.87773 -2.0392 0.21748 -0.51796 -3.7483 0.6653 0.47165 0.020075 -0.63296 0.043126 -2.0202 -0.89337 0.62801 -3.6909 -0.55019
6 6 300 -0.96452 4.7207 -0.37687 -0.72451 3.4785 -0.36654 -1.3454 3.3448 0.38445 -1.3153 1.8024 0.92189 -2.1423 0.50313 0.99777 -0.11087 3.6411 -1.1178 0.43294 2.1297 -1.4152 0.45497 0.80733 -2.2081 -0.51241 -0.021998 0.60038 -0.86262 -2.0475 0.16583 -0.48544 -3.7502 0.62358 0.51241 0.021998 -0.60038 0.11345 -2.023 -0.87106 0.64094 -3.6908 -0.43411
6 9 312 -0.90853 4.741 -0.31132 -0.68648 3.4957 -0.29374 -1.277 3.3742 0.48336 -1.3341 1.8386 1.0378 -2.1916 0.57914 1.2749 -0.10286 3.6462 -1.071 0.35743 2.0955 -1.2997 0.17368 0.7579 -2.0445 -0.47925 -0.021254 0.62719 -0.78555 -2.0594 0.21915 -0.2566 -3.7384 0.60928 0.47925 0.021254 -0.62719 -0.027621 -2.0013 -0.8851 0.53608 -3.6334 -0.36586
6 10 312 -0.87088 4.7464 -0.36178 -0.6567 3.5005 -0.32054 -1.2818 3.3825 0.42959 -1.3978 1.8466 0.97383 -2.2664 0.59123 1.1914 -0.038391 3.6475 -1.0712 0.41582 2.0885 -1.25 0.21633 0.75296 -1.9944 -0.50105 -0.019176 0.60998 -0.77533 -2.059 0.18809 -0.2258 -3.7296 0.58591 0.50105 0.019176 -0.60998 -0.072234 -1.977 -0.92764 0.51614 -3.585 -0.36276
6 11 312 -0.83471 4.7507 -0.4121 -0.63392 3.5038 -0.34404 -1.2934 3.3982 0.37794 -1.4511 1.8617 0.91011 -2.3358 0.61046 1.0813 0.01908 3.6386 -1.0671 0.46671 2.0738 -1.208 0.26644 0.73988 -1.9551 -0.51121 -0.01634 0.60158 -0.75085 -2.0607 0.18013 -0.18134 -3.7246 0.57731 0.51121 0.016339 -0.60158 -0.13293 -1.9421 -1.0064 0.44553 -3.5443 -0.41541
6 12 312 -0.81444 4.7524 -0.45453 -0.62517 3.5053 -0.36257 -1.3119 3.4124 0.33537 -1.502 1.8712 0.84253 -2.403 0.62397 0.94425 0.055324 3.6273 -1.0621 0.49987 2.059 -1.1705 0.31404 0.7227 -1.917 -0.51473 -0.016709 0.59856 -0.71741 -2.0664 0.18378 -0.12586 -3.7232 0.57873 0.51473 0.016708 -0.59856 -0.19842 -1.8973 -1.0908 0.30977 -3.5325 -0.52628
6 13 312 -0.79856 4.7522 -0.49721 -0.62241 3.5052 -0.3798 -1.3338 3.4314 0.29537 -1.5442 1.8836 0.77386 -2.4621 0.64458 0.77496 0.08308 3.6081 -1.0573 0.52811 2.0385 -1.141 0.36959 0.69233 -1.8761 -0.51922 -0.018235 0.59462 -0.67251 -2.0776 0.20736 -0.061412 -3.7282 0.5983 0.51922 0.018235 -0.59462 -0.25504 -1.8544 -1.1497 0.14659 -3.5425 -0.65996
6 14 312 -0.77477 4.7529 -0.532 -0.61335 3.5058 -0.39864 -1.3378 3.4422 0.26357 -1.5586 1.8879 0.71525 -2.491 0.66517 0.60023 0.10536 3.5985 -1.0636 0.55459 2.029 -1.1244 0.4291 0.66799 -1.8381 -0.52154 -0.015932 0.59266 -0.60998 -2.0872 0.25131 0.010026 -3.7375 0.62911 0.52154 0.015931 -0.59266 -0.30372 -1.8212 -1.1911 -0.014274 -3.5552 -0.79088
6 36 300 -0.69168 4.7659 -0.53942 -0.48224 3.5206 -0.45623 -1.1231 3.4468 0.28623 -1.036 1.9195 0.85915 -1.9028 0.64584 0.79406 0.15226 3.6234 -1.2007 0.26808 2.1264 -1.8443 -0.41147 1.1914 -2.8649 -0.57305 -0.0040016 0.54323 -1.2999 -1.7763 -0.31996 -1.1753 -3.5544 -0.048808 0.57305 0.0040011 -0.54323 0.18399 -2.0565 -0.67442 0.57178 -3.6675 0.036296
6 37 300 -0.67223 4.7706 -0.53095 -0.47085 3.5245 -0.44157 -1.1218 3.4527 0.29222 -1.0188 1.9284 0.87081 -1.8366 0.6214 0.84497 0.17389 3.6254 -1.1774 0.27329 2.1325 -1.8333 -0.4356 1.2386 -2.8707 -0.58485 -0.0093427 0.53043 -1.2921 -1.7832 -0.34562 -1.4003 -3.583 -0.33436 0.58485 0.0093431 -0.53043 0.29255 -2.0709 -0.56755 0.67755 -3.6719 0.16702
6 38 300 -0.65449 4.7739 -0.52775 -0.45992 3.5273 -0.43232 -1.1228 3.4545 0.29063 -1.0037 1.9363 0.8817 -1.7676 0.59688 0.89675 0.1968 3.6292 -1.1574 0.28831 2.1375 -1.8172 -0.43552 1.2659 -2.8632 -0.59837 -0.013171 0.51505 -1.2826 -1.794 -0.36521 -1.5863 -3.5555 -0.60142 0.59837 0.013171 -0.51505 0.39573 -2.0774 -0.46333 0.77574 -3.6709 0.28977
6 39 300 -0.63745 4.7764 -0.53008 -0.45004 3.5296 -0.42673 -1.1279 3.4556 0.2821 -0.99575 1.9436 0.88643 -1.6996 0.57304 0.94817 0.22168 3.6327 -1.1377 0.31999 2.1382 -1.79 -0.40086 1.267 -2.8384 -0.61164 -0.015753 0.49915 -1.276 -1.8119 -0.365 -1.6976 -3.5113 -0.79557 0.61164 0.015752 -0.49915 0.48038 -2.0769 -0.36575 0.87182 -3.6562 0.41106
6 40 312 -0.71799 4.7791 -0.38807 -0.51787 3.532 -0.32068 -1.0537 3.4565 0.50064 -0.7891 1.95 1.0745 -1.3972 0.55444 1.3199 0.011529 3.6366 -1.143 -0.0058921 2.1346 -1.7853 -0.9037 1.24 -2.6635 -0.50687 -0.016871 0.60522 -1.3217 -1.8224 -0.095006 -1.8774 -3.4871 -0.50855 0.50687 0.016871 -0.60522 0.48346 -2.0723 -0.38357 1.0561 -3.6327 0.31511
6 41 312 -0.70534 4.7816 -0.37927 -0.50634 3.5344 -0.31325 -1.0507 3.4533 0.50188 -0.78402 1.9508 1.0849 -1.3351 0.53896 1.3691 0.031621 3.6446 -1.1292 0.055602 2.1315 -1.7447 -0.79624 1.1888 -2.6185 -0.51479 -0.017474 0.59848 -1.3125 -1.8304 -0.10241 -1.8512 -3.4986 -0.52387 0.51479 0.017474 -0.59848 0.56431 -2.0641 -0.31771 1.1747 -3.5986 0.40591
6 42 312 -0.69004 4.7843 -0.3692 -0.49678 3.5362 -0.30387 -1.0518 3.4544 0.504 -0.78099 1.9547 1.0924 -1.2937 0.53621 1.413 0.051897 3.6472 -1.1126 0.13281 2.1237 -1.6965 -0.65092 1.1111 -2.5557 -0.5241 -0.020017 0.59027 -1.3076 -1.8255 -0.14512 -1.7598 -3.535 -0.49714 0.5241 0.020018 -0.59027 0.64556 -2.0522 -0.26573 1.2966 -3.5533 0.49187
6 43 312 -0.67125 4.786 -0.36909 -0.4867 3.5365 -0.30782 -1.0524 3.4537 0.4925 -0.77648 1.9566 1.0853 -1.273 0.5384 1.4316 0.072812 3.6484 -1.1089 0.22225 2.1144 -1.6504 -0.46785 1.017 -2.4854 -0.53532 -0.019608 0.58013 -1.2845 -1.8299 -0.17883 -1.6475 -3.5724 -0.46661 0.53532 0.019608 -0.58013 0.7315 -2.0412 -0.22111 1.4231 -3.5076 0.56761
6 44 312 -0.65235 4.7843 -0.39493 -0.47389 3.5335 -0.3391 -1.0526 3.4521 0.45202 -0.77374 1.955 1.0435 -1.2696 0.5404 1.405 0.098751 3.6442 -1.1311 0.32553 2.1003 -1.6143 -0.24188 0.911 -2.4152 -0.54093 -0.0076678 0.57519 -1.2585 -1.8257 -0.19565 -1.5557 -3.5876 -0.43683 0.54093 0.0076678 -0.57519 0.79189 -2.0414 -0.18441 1.5548 -3.4546 0.63514
6 45 324 -0.70639 4.7858 -0.24285 -0.52372 3.5343 -0.23433 -0.92903 3.4488 0.65774 -0.5483 1.9481 1.179 -0.97244 0.53871 1.6388 -0.12438 3.649 -1.1258 0.093305 2.0969 -1.5868 -0.45866 0.8162 -2.2447 -0.40514 -0.0011201 0.67776 -1.2607 -1.8202 0.066677 -1.4692 -3.6079 -0.040182 0.40514 0.0011201 -0.67776 0.79018 -2.0352 -0.33243 1.774 -3.3934 0.32979
