0 94 312 0.062397 4.8044 0.3532 0.036344 3.572 0.14535 0.74527 3.6063 -0.53554 1.7265 4.0482 -1.7646 1.7801 5.5803 -1.9304 -0.67365 3.5675 0.82598 -1.6992 3.9309 2.0445 -1.68 5.4085 2.4848 0.56175 0.013351 -0.55475 0.84112 -2.0444 -0.23551 0.43478 -3.7466 -0.66955 -0.56175 -0.013351 0.55476 -0.44562 -2.0785 0.92332 -1.1125 -3.715 0.56539
0 95 312 0.05962 4.8169 0.2961 0.043547 3.5752 0.11808 0.7533 3.5982 -0.56243 1.8777 4.2965 -1.5199 1.9415 5.8252 -1.3287 -0.66688 3.582 0.79824 -1.4405 4.1301 2.1286 -1.1079 5.5803 2.5337 0.55653 0.010769 -0.56005 0.85272 -2.0434 -0.23299 0.45449 -3.7487 -0.66224 -0.55653 -0.01077 0.56005 -0.43325 -2.0753 0.9301 -1.0894 -3.7164 0.57382
0 96 300 0.0094892 4.8279 0.24296 0.032501 3.5755 0.11675 0.8698 3.583 -0.39923 2.2163 4.4369 -0.75493 2.2026 5.8913 -0.24263 -0.805 3.5979 0.63197 -1.5737 4.2401 1.9225 -1.054 5.601 2.4279 0.65871 0.010407 -0.4353 0.89062 -2.0406 -0.042972 0.60424 -3.751 -0.53651 -0.65871 -0.010407 0.4353 -0.60395 -2.0732 0.83032 -1.1635 -3.719 0.35136
0 97 300 0.026229 4.834 0.18718 0.045992 3.5752 0.10796 0.8832 3.566 -0.40815 2.2581 4.4478 -0.38088 2.2256 5.7892 0.37893 -0.79107 3.6141 0.62291 -1.276 4.2658 2.0403 -0.50934 5.4861 2.5887 0.66017 0.0091467 -0.43311 0.89952 -2.0395 -0.032883 0.62593 -3.7526 -0.52406 -0.66017 -0.0091467 0.43311 -0.59697 -2.0706 0.83406 -1.1455 -3.7235 0.36716
0 98 288 0.01193 4.839 0.14275 0.039512 3.576 0.10799 0.96921 3.5582 -0.21249 2.2253 4.35 0.46874 1.988 5.5639 1.3895 -0.8895 3.6235 0.42742 -1.4086 4.2146 1.8592 -0.57388 5.2522 2.6365 0.73818 0.0064335 -0.28026 0.89272 -2.0407 0.16657 0.73984 -3.7559 -0.36793 -0.73818 -0.006433 0.28025 -0.75366 -2.0662 0.69427 -1.1807 -3.727 0.13727
0 99 276 0.012853 4.8428 0.12144 0.03522 3.5784 0.11645 1.0131 3.5479 0.015889 1.929 4.1457 1.2294 1.4403 5.2284 2.2125 -0.94134 3.6385 0.21685 -1.5629 4.0849 1.6602 -0.77269 4.9344 2.6759 0.78191 0.0030518 -0.10999 0.8364 -2.0429 0.36486 0.8128 -3.7581 -0.19049 -0.78191 -0.0030513 0.10999 -0.87959 -2.0608 0.5228 -1.1705 -3.7298 -0.094141
0 99 288 0.037822 4.8428 0.11612 0.058662 3.5784 0.10659 0.9943 3.5479 -0.1951 2.1425 4.1457 0.80144 1.8688 5.2284 1.8646 -0.87568 3.6385 0.40783 -1.1835 4.0849 1.9488 -0.19946 4.9344 2.778 0.74196 0.0030518 -0.27016 0.89398 -2.0429 0.18299 0.75543 -3.7581 -0.35532 -0.74196 -0.0030513 0.27016 -0.75167 -2.0608 0.69425 -1.1645 -3.7298 0.15127
1 8 96 0.23001 4.672 1.1765 0.2288 3.4308 0.94502 1.2046 3.4113 0.82363 2.4591 2.6735 0.081611 3.9604 2.935 -0.15384 -0.74559 3.48 1.0696 -2.1486 2.7236 0.71145 -3.6172 2.9853 1.1019 0.77552 -0.018736 -0.14738 1.0683 -1.9796 0.54792 1.1931 -3.6938 0.0029416 -0.77552 0.018736 0.14738 -0.99027 -1.9325 0.89641 -1.221 -3.5689 0.17552
1 8 108 0.46959 4.672 1.1029 0.42028 3.4308 0.8768 1.3495 3.4113 0.55517 2.4223 2.6735 -0.43145 3.8419 2.935 -0.97388 -0.50693 3.48 1.2012 -1.9537 2.7236 1.1426 -3.3091 2.9853 1.8298 0.72793 -0.018736 -0.3054 1.1589 -1.9796 0.31383 1.1676 -3.6938 -0.24518 -0.72793 0.018736 0.3054 -0.78225 -1.9325 1.0827 -1.1578 -3.5689 0.42555
1 9 108 0.43977 4.6876 1.0269 0.39312 3.444 0.81749 1.3194 3.4251 0.48728 2.476 2.903 -0.5415 3.8214 3.3834 -1.1219 -0.53131 3.4925 1.1498 -2.0521 2.9011 1.0705 -3.391 3.3318 1.7027 0.72711 -0.015308 -0.30753 1.1799 -2.0005 0.21052 1.3661 -3.7057 -0.34494 -0.72711 0.015309 0.30753 -0.89852 -1.9609 1 -1.3841 -3.5913 0.40261
1 10 108 0.39301 4.7002 0.97715 0.34432 3.4564 0.77627 1.2691 3.4391 0.44197 2.4552 3.1369 -0.64 3.7066 3.8191 -1.2286 -0.57891 3.5035 1.1121 -2.1501 3.0708 0.99831 -3.4507 3.6407 1.5994 0.72895 -0.0076876 -0.30344 1.234 -2.0058 0.10491 1.5602 -3.6825 -0.47235 -0.72895 0.0076876 0.30344 -1.0416 -1.9664 0.95118 -1.6262 -3.565 0.35666
1 10 120 0.58759 4.7002 0.87409 0.49819 3.4564 0.68772 1.3333 3.4391 0.16844 2.2685 3.1369 -1.1365 3.3701 3.8191 -1.9724 -0.33504 3.5035 1.2082 -1.8956 3.0708 1.4235 -3.0428 3.6407 2.2819 0.64993 -0.0076876 -0.44836 1.2289 -2.0058 -0.15394 1.4279 -3.6825 -0.78641 -0.64993 0.0076876 0.44836 -0.82106 -1.9664 1.147 -1.5165 -3.565 0.68698
1 11 120 0.52244 4.7184 0.83152 0.43612 3.4757 0.64314 1.2742 3.4582 0.12875 2.1968 3.3674 -1.2164 3.19 4.2156 -2.0359 -0.40028 3.523 1.1585 -1.9931 3.2235 1.3631 -3.105 3.8982 2.1914 0.65083 -0.00038433 -0.44712 1.259 -2.0061 -0.29984 1.569 -3.6492 -0.97424 -0.65083 0.00038433 0.44712 -0.9578 -1.9478 1.1714 -1.7603 -3.5022 0.73482
1 12 120 0.46638 4.7346 0.76818 0.38619 3.4911 0.58912 1.227 3.4742 0.079073 2.1402 3.5627 -1.2726 3.0202 4.5406 -2.077 -0.45317 3.5378 1.0997 -2.0584 3.3389 1.3286 -3.1487 4.0937 2.1154 0.64898 0.0038862 -0.44978 1.3103 -1.9904 -0.45052 1.6611 -3.6013 -1.1804 -0.64898 -0.0038857 0.44978 -1.0675 -1.9202 1.2026 -1.974 -3.4288 0.81095
1 13 132 0.55142 4.7503 0.58099 0.44408 3.5053 0.43731 1.1598 3.49 -0.23716 1.7795 3.7213 -1.7309 2.379 4.7959 -2.6601 -0.27062 3.5505 1.1115 -1.7861 3.4249 1.7085 -2.6778 4.2425 2.6645 0.54074 0.0021982 -0.57541 1.2032 -1.9763 -0.82238 1.3537 -3.5629 -1.6657 -0.54074 -0.0021982 0.57541 -0.86184 -1.9114 1.3915 -1.906 -3.3776 1.2858
1 14 132 0.48331 4.7625 0.51466 0.39176 3.515 0.38819 1.1061 3.4989 -0.28775 1.7508 3.8463 -1.748 2.2667 4.9887 -2.6461 -0.322 3.5608 1.0633 -1.8308 3.4926 1.6859 -2.6729 4.363 2.6403 0.53895 0.0029078 -0.57709 1.2267 -1.9637 -0.84844 1.2814 -3.5436 -1.7156 -0.53895 -0.0029073 0.57709 -0.89198 -1.9137 1.3762 -1.9772 -3.3524 1.3191
1 15 132 0.42542 4.7698 0.46686 0.35035 3.5196 0.35705 1.0605 3.5055 -0.32326 1.7323 3.9556 -1.7427 2.2168 5.147 -2.5932 -0.35974 3.5634 1.0362 -1.8481 3.5321 1.7088 -2.6726 4.4405 2.6431 0.53292 0.0062594 -0.58263 1.259 -1.9507 -0.82236 1.2368 -3.5419 -1.6699 -0.53292 -0.006259 0.58263 -0.85622 -1.9224 1.3816 -1.9667 -3.3419 1.3313
1 16 132 0.38345 4.7762 0.43748 0.32295 3.5249 0.3297 1.0267 3.5189 -0.35732 1.7323 4.0487 -1.7322 2.2106 5.2851 -2.5197 -0.38113 3.5607 1.0155 -1.8429 3.5656 1.7449 -2.6616 4.5016 2.6567 0.52293 0.005724 -0.59162 1.277 -1.9486 -0.75347 1.1273 -3.5216 -1.6219 -0.52293 -0.0057244 0.59162 -0.78516 -1.9272 1.3999 -1.9152 -3.3277 1.2871
1 17 132 0.35226 4.7841 0.4397 0.30428 3.5332 0.32002 1.0035 3.5389 -0.37164 1.7582 4.0966 -1.7088 2.2292 5.3685 -2.4424 -0.39545 3.5572 1.0108 -1.8222 3.5605 1.8064 -2.6345 4.5152 2.7044 0.51913 0.0050941 -0.59496 1.3668 -1.9167 -0.64603 1.0338 -3.4226 -1.58 -0.51913 -0.0050941 0.59496 -0.78162 -1.9148 1.4306 -1.9301 -3.2738 1.1391
1 18 132 0.30718 4.792 0.50813 0.25818 3.5417 0.37023 0.95683 3.5548 -0.32193 1.784 4.0423 -1.6436 2.2796 5.3259 -2.3396 -0.44065 3.5585 1.0621 -1.8284 3.4624 1.9187 -2.6327 4.4041 2.8373 0.51885 0.023301 -0.59477 1.4652 -1.8519 -0.54478 1.0507 -3.3211 -1.5042 -0.51885 -0.023301 0.59477 -0.80145 -1.8979 1.5005 -1.9523 -3.2267 1.0996
1 19 132 0.36469 4.7813 0.59258 0.30749 3.5332 0.42825 1.0054 3.5557 -0.26438 1.9108 3.8797 -1.585 2.4956 5.1256 -2.2803 -0.39017 3.5404 1.1215 -1.738 3.2802 2.0072 -2.5254 4.1269 3.0273 0.51683 0.02253 -0.59656 1.6371 -1.7451 -0.41058 1.1405 -3.1652 -1.4044 -0.51683 -0.02253 0.59656 -0.71813 -1.8653 1.5854 -1.8983 -3.1465 1.12
1 20 132 0.33595 4.7851 0.62503 0.27445 3.5387 0.44441 0.9771 3.5651 -0.24331 1.9372 3.7278 -1.5549 2.668 4.8529 -2.3149 -0.42757 3.5421 1.1333 -1.7155 3.1237 2.0469 -2.5243 3.7809 3.1835 0.52796 0.025454 -0.58661 1.6343 -1.7494 -0.38603 1.1432 -3.1782 -1.37 -0.52796 -0.025454 0.58661 -0.67766 -1.8482 1.6208 -1.832 -3.1411 1.1239
1 21 132 0.26453 4.7897 0.64802 0.21949 3.5422 0.46579 0.9269 3.5754 -0.21672 1.928 3.6035 -1.5074 2.7722 4.5548 -2.3792 -0.48743 3.5388 1.1496 -1.7213 3.0017 2.0758 -2.5763 3.4597 3.2745 0.53085 0.042914 -0.58297 1.5561 -1.7826 -0.40789 1.143 -3.2514 -1.3686 -0.53085 -0.042914 0.58297 -0.67738 -1.9055 1.5441 -1.8314 -3.2254 1.1236
1 24 120 0.2206 4.7668 0.75239 0.24385 3.5167 0.575 1.075 3.5582 0.050698 2.3026 3.3909 -1.0141 3.4162 4.1103 -1.8014 -0.58719 3.5049 1.1009 -1.9742 2.8913 1.7079 -3.1067 3.2203 2.7013 0.63271 0.028842 -0.47154 1.5255 -1.8556 -0.21419 1.4548 -3.4071 -1.13 -0.63271 -0.028842 0.47154 -0.94961 -1.9753 1.1963 -1.9757 -3.3737 0.70366
1 25 120 0.29823 4.7492 0.82849 0.31577 3.4987 0.6468 1.1491 3.5332 0.12546 2.3566 3.3741 -0.96323 3.4617 4.1162 -1.7415 -0.51681 3.4939 1.1704 -1.936 2.9262 1.7469 -3.0289 3.3326 2.7559 0.62886 0.025141 -0.47687 1.5725 -1.8276 -0.17527 1.4932 -3.3742 -1.0988 -0.62886 -0.025141 0.47687 -0.92909 -1.9465 1.2723 -1.942 -3.3401 0.74064
1 26 120 0.38129 4.7337 0.90269 0.38781 3.4856 0.70255 1.2232 3.5171 0.18434 2.4137 3.4149 -0.92962 3.5051 4.1857 -1.6993 -0.44614 3.4836 1.224 -1.9003 2.9972 1.7874 -2.9477 3.492 2.8051 0.62674 0.017431 -0.47999 1.659 -1.7704 -0.089768 1.5507 -3.2944 -1.0472 -0.62674 -0.017431 0.47999 -0.89643 -1.8828 1.4084 -1.8905 -3.2613 0.80629
1 27 120 0.41589 4.723 0.96289 0.41792 3.4787 0.74354 1.2528 3.5066 0.22441 2.4394 3.4883 -0.8983 3.5175 4.2803 -1.6652 -0.41501 3.4802 1.2666 -1.893 3.0871 1.8408 -2.9018 3.6559 2.8589 0.62963 0.01708 -0.4762 1.7386 -1.7067 -0.014444 1.6111 -3.2105 -1.001 -0.62963 -0.01708 0.4762 -0.89052 -1.813 1.535 -1.8683 -3.1757 0.87341
1 28 120 0.44706 4.7097 1.0166 0.4364 3.4666 0.78888 1.2719 3.4941 0.27074 2.4566 3.4581 -0.85358 3.5551 4.2513 -1.5897 -0.39676 3.4684 1.3116 -1.8742 3.0686 1.8825 -2.8431 3.6634 2.9242 0.6308 0.023125 -0.47439 1.7481 -1.6962 -0.016352 1.6401 -3.2088 -0.9917 -0.6308 -0.023125 0.47439 -0.90435 -1.7975 1.5657 -1.8659 -3.1744 0.90967
1 29 120 0.44762 4.723 0.9645 0.42642 3.477 0.74912 1.2578 3.5047 0.22431 2.443 3.2867 -0.8786 3.6356 3.9784 -1.5693 -0.40264 3.4787 1.2783 -1.8355 2.9165 1.8255 -2.7883 3.4099 2.933 0.6273 0.019869 -0.47916 1.6195 -1.7982 -0.12616 1.5984 -3.3454 -1.0517 -0.6273 -0.019869 0.47916 -0.91299 -1.8871 1.399 -1.8722 -3.3118 0.85033
1 30 120 0.433 4.7276 0.92446 0.41444 3.4778 0.7314 1.2424 3.5006 0.20096 2.3972 3.0126 -0.84636 3.7215 3.47 -1.4904 -0.41156 3.4845 1.2653 -1.7498 2.6909 1.7635 -2.7098 2.9379 2.9446 0.63188 0.018315 -0.47317 1.4078 -1.9221 -0.25664 1.4761 -3.5071 -1.1135 -0.63188 -0.018315 0.47317 -0.88463 -1.9892 1.1557 -1.8567 -3.4572 0.76719
1 31 108 0.23599 4.7039 1.0811 0.25054 3.4551 0.88019 1.168 3.4778 0.5265 2.3949 2.7202 -0.24144 3.9087 2.8468 -0.506 -0.66567 3.462 1.2378 -1.957 2.4695 1.3653 -3.1173 2.3572 2.3747 0.72057 0.026104 -0.32186 1.2831 -1.9708 0.01048 1.4975 -3.5966 -0.7388 -0.72057 -0.026104 0.32186 -0.97443 -2.0451 0.84471 -1.8473 -3.5379 0.33404
2 32 276 -0.043226 3.0832 3.7207 -0.014078 2.3101 2.7268 0.96871 2.2783 2.705 1.3145 0.80285 2.095 1.6108 -0.61789 2.616 -0.99534 2.3578 2.7737 -1.5825 0.96049 2.1643 -1.8902 -0.50534 2.5309 0.78811 0.041699 -0.025193 0.82076 -1.07 1.7573 0.75708 -2.5028 0.66467 -0.78811 -0.041699 0.025193 -0.76482 -1.108 1.8354 -0.8163 -2.4642 0.64842
2 33 276 -0.020385 2.7665 3.9594 0.00051241 2.0883 2.8966 0.98321 2.0622 2.865 1.363 0.74715 1.9733 1.6701 -0.75167 2.1654 -0.98051 2.1283 2.9544 -1.5956 0.91968 2.0436 -1.8559 -0.60015 2.0471 0.78822 0.040777 -0.023249 0.81158 -1.1647 1.6974 0.77339 -2.6282 0.64495 -0.78822 -0.040776 0.023249 -0.73423 -1.2153 1.7645 -0.8339 -2.6047 0.61974
2 34 276 0.010812 2.4375 4.169 0.018465 1.8579 3.0477 1.0009 1.827 3.0138 1.3962 0.71782 1.8815 1.7538 -0.77292 1.7158 -0.96225 1.9006 3.1088 -1.5884 0.91276 1.9682 -1.85 -0.55689 1.5818 0.7884 0.03717 -0.023387 0.80023 -1.2951 1.6012 0.78717 -2.8089 0.6218 -0.7884 -0.03717 0.023387 -0.71898 -1.3441 1.667 -0.84126 -2.7841 0.58897
2 35 276 0.049898 2.1116 4.3426 0.04434 1.6199 3.1796 1.0262 1.5767 3.1412 1.4126 0.69891 1.8187 1.8434 -0.70699 1.3545 -0.93552 1.673 3.2461 -1.5607 0.91684 1.9399 -1.8617 -0.40448 1.2042 0.78874 0.029358 -0.022959 0.78274 -1.4501 1.4689 0.79423 -3.0161 0.5753 -0.78874 -0.029358 0.022958 -0.72178 -1.4875 1.5342 -0.85179 -2.9905 0.54685
2 36 276 0.092722 1.7903 4.4833 0.077618 1.3833 3.2878 1.0587 1.3333 3.2388 1.4257 0.68071 1.7868 1.9478 -0.62561 1.1555 -0.90115 1.4412 3.3654 -1.5487 0.93945 1.952 -1.9091 -0.1934 0.9699 0.78902 0.019832 -0.023341 0.74999 -1.585 1.3321 0.8054 -3.2003 0.53296 -0.78902 -0.019832 0.023341 -0.72798 -1.6097 1.3955 -0.87067 -3.1745 0.51111
