0 96 0 0.21516 4.8279 0.11326 0.11736 3.5755 0.030228 0.089158 3.583 -0.95289 0.45435 4.4369 -2.2968 0.89119 5.8913 -2.0288 0.14481 3.5979 1.0131 0.8781 4.2401 2.3241 1.5756 5.601 2.1267 -0.047627 0.010407 -0.78811 0.4081 -2.0406 -0.79279 -0.16251 -3.751 -0.79154 0.047627 -0.010407 0.78811 0.4171 -2.0732 0.9382 -0.27744 -3.719 1.1833
0 99 156 -0.1116 4.8428 -0.04959 -0.11846 3.5784 -0.027726 -0.52033 3.5479 0.86946 -2.0292 4.1457 1.0559 -2.6362 5.2284 0.14112 0.28287 3.6385 -0.92365 -0.65634 4.0849 -2.1836 -1.931 4.9344 -2.0071 -0.2957 0.0030518 0.73216 -0.73418 -2.0429 0.54191 -0.24143 -3.7581 0.79915 0.2957 -0.0030513 -0.73215 -0.012961 -2.0608 -1.0231 0.66677 -3.7298 -0.96659
0 100 156 -0.13235 4.8437 -0.034585 -0.14167 3.5796 -0.022413 -0.5676 3.544 0.8634 -2.1661 3.8759 0.80434 -2.8341 4.8274 -0.2086 0.28273 3.6451 -0.90727 -0.8117 3.8713 -2.0988 -2.1814 4.5464 -1.8848 -0.3086 0.00036192 0.72682 -0.75141 -2.0435 0.52497 -0.2622 -3.7572 0.79877 0.3086 -0.0003624 -0.72682 -0.016169 -2.0535 -1.0324 0.64233 -3.7307 -0.9679
0 101 156 -0.17006 4.8428 -0.037499 -0.17921 3.5795 -0.028328 -0.61266 3.5415 0.85373 -2.2288 3.5686 0.6172 -2.9568 4.3776 -0.47519 0.25219 3.6473 -0.90961 -0.9254 3.609 -2.0412 -2.365 4.1247 -1.8429 -0.31922 -0.001101 0.72221 -0.76964 -2.0428 0.51514 -0.28193 -3.7554 0.79827 0.31922 0.001101 -0.72221 -0.024104 -2.0471 -1.0403 0.62056 -3.7294 -0.96771
1 0 312 -1.7835 4.1169 -1.8119 -1.4399 2.9854 -1.3715 -2.1375 2.9629 -0.67862 -1.7297 1.4612 -0.18139 -2.271 0.052876 -0.49972 -0.75309 3.034 -2.0739 -0.18521 1.5211 -1.8343 -0.52285 0.1268 -2.3996 -0.54014 0.00082231 0.57598 -1.3326 -1.4953 -0.66826 -0.83842 -3.0285 0.14154 0.54014 -0.00082231 -0.57598 -0.41839 -1.6161 -1.5174 0.48458 -2.9968 -0.79005
1 1 312 -1.7557 4.1439 -1.7755 -1.4236 3.0054 -1.3441 -2.1166 2.9876 -0.64641 -1.7261 1.4877 -0.13022 -2.323 0.078567 -0.31961 -0.74115 3.0496 -2.0509 -0.16429 1.5358 -1.8402 -0.37331 0.14445 -2.4712 -0.54094 -0.0035107 0.57521 -1.3822 -1.4418 -0.7046 -0.83575 -2.9327 0.14963 0.54094 0.0035105 -0.57521 -0.44885 -1.5634 -1.5648 0.48569 -2.8877 -0.77506
1 2 312 -1.6729 4.2132 -1.6887 -1.3669 3.0594 -1.2795 -2.06 3.0432 -0.58178 -1.7563 1.5452 -0.0049905 -2.4772 0.18226 0.013533 -0.68383 3.1023 -1.9858 -0.059645 1.5975 -1.8649 -0.059485 0.26607 -2.6427 -0.54114 -0.0068364 0.57499 -1.4211 -1.4051 -0.72301 -0.8241 -2.8549 0.16728 0.54114 0.0068364 -0.57499 -0.46138 -1.5288 -1.6002 0.4996 -2.7993 -0.75574
1 3 324 -1.8424 4.3038 -1.2149 -1.5003 3.1285 -0.90541 -2.0338 3.1177 -0.079241 -1.7591 1.6404 0.56174 -2.5571 0.41276 1.0451 -0.977 3.1666 -1.7373 -0.26384 1.7059 -1.9003 -0.17379 0.54603 -2.9123 -0.40923 -0.0068836 0.67526 -1.5579 -1.398 -0.40169 -0.75457 -2.8206 0.36106 0.40923 0.0068839 -0.67526 -0.78643 -1.5111 -1.5002 0.34982 -2.7455 -0.83994
1 4 324 -1.6855 4.3948 -1.1097 -1.377 3.2007 -0.83351 -1.9117 3.1954 -0.0079893 -1.8043 1.783 0.80584 -2.6796 0.8218 1.6351 -0.85153 3.234 -1.6642 -0.028132 1.8699 -2.025 0.3203 0.99632 -3.2469 -0.40718 -0.0071657 0.6765 -1.5326 -1.4546 -0.34953 -0.71862 -2.8802 0.39617 0.40718 0.0071654 -0.6765 -0.73234 -1.5559 -1.4967 0.39032 -2.7964 -0.82472
1 38 312 -1.4223 4.3646 -1.4891 -1.2188 3.1694 -1.1429 -1.9288 3.1772 -0.46235 -1.5784 1.6515 0.0047654 -2.0423 0.18523 0.11681 -0.5168 3.1892 -1.8315 -0.012735 1.6651 -1.5286 0.047048 0.23491 -2.102 -0.49921 0.01937 0.61149 -1.3031 -1.6222 -0.42449 -0.43523 -3.0576 0.23701 0.49921 -0.019369 -0.61149 -0.51187 -1.6941 -1.3779 0.35616 -2.9581 -0.42947
1 39 312 -1.3886 4.3965 -1.463 -1.1612 3.2089 -1.1051 -1.868 3.2128 -0.42115 -1.5428 1.6814 0.045806 -2.0228 0.2187 0.13318 -0.46291 3.2323 -1.7973 0.033346 1.6924 -1.5716 0.034103 0.27286 -2.1738 -0.50136 0.020119 0.6097 -1.3795 -1.5567 -0.46588 -0.4486 -2.9424 0.21542 0.50136 -0.020119 -0.6097 -0.52107 -1.6354 -1.4813 0.33896 -2.8449 -0.45744
2 0 156 -2.6611 3.8359 -1.2226 -1.8596 2.9528 -0.8025 -2.2849 2.9191 0.083737 -1.1477 2.625 1.2191 -0.82689 1.6837 2.3976 -1.4546 3.0067 -1.6972 0.16898 2.8813 -1.8276 1.3264 2.3106 -2.6716 -0.29146 0.012938 0.73374 -1.1035 -1.8841 0.33845 -0.43662 -3.5499 0.51448 0.29146 -0.012938 -0.73374 -0.46732 -1.9294 -1.1409 0.34654 -3.4966 -0.77716
2 101 144 -1.9084 4.2178 -1.4429 -1.4645 3.1062 -1.0511 -2.0344 3.0898 -0.24968 -1.7258 1.6604 0.47852 -2.0288 0.19852 0.86428 -0.90845 3.1474 -1.8613 -0.15909 1.6958 -1.8589 0.081146 0.1963 -2.1263 -0.44598 0.012243 0.6515 -1.4694 -1.6434 -0.13959 -0.90077 -3.2623 0.41396 0.44598 -0.012243 -0.6515 -0.51545 -1.7372 -1.3687 0.3334 -3.2338 -0.82955
2 102 144 -1.7939 4.2888 -1.3799 -1.3811 3.1597 -1.0034 -1.9523 3.14 -0.20304 -1.5435 1.7848 0.61253 -1.7651 0.35405 1.1431 -0.82283 3.205 -1.812 0.026268 1.8128 -1.7138 0.38906 0.32554 -1.8983 -0.44828 0.014239 0.64988 -1.3951 -1.7118 -0.084005 -0.84448 -3.3394 0.46248 0.44828 -0.014239 -0.64988 -0.43242 -1.7978 -1.3262 0.3892 -3.3114 -0.79252
