0 8 252 0.76574 4.7706 -0.23384 0.46451 3.554 -0.056743 0.35757 3.4615 -1.0301 -0.64914 2.6408 -2.0209 -1.1755 3.0351 -3.4156 0.57736 3.6754 0.91273 1.6459 2.5108 1.3259 3.0817 2.4587 0.76594 0.39204 -0.055267 -0.68319 1.1363 -1.7579 0.29736 1.3644 -3.5423 0.17511 -0.39204 0.055267 0.68319 -0.59956 -1.9902 0.25047 -1.0302 -3.4007 -0.78681
0 11 228 0.84947 4.7522 -0.073751 0.50733 3.5479 0.099788 0.47974 3.4789 -0.88095 -0.59484 2.6587 -1.7981 -1.3054 2.9378 -3.1378 0.54134 3.6458 1.0779 1.6827 2.4795 1.1528 2.8417 2.5142 0.13627 0.53303 -0.058336 -0.57963 0.92557 -1.7182 0.64713 1.1774 -3.503 0.69264 -0.53303 0.058336 0.57963 -0.59742 -1.9725 0.044973 -0.64097 -3.3547 -1.112
0 12 228 0.8523 4.7479 -0.079057 0.51915 3.5455 0.12086 0.42441 3.4861 -0.8563 -0.69885 2.6451 -1.6928 -1.5398 2.8676 -2.9659 0.62037 3.6339 1.0952 1.7659 2.4813 0.928 2.6464 2.5625 -0.33526 0.50647 -0.051195 -0.60363 0.94231 -1.7155 0.60241 1.1868 -3.4998 0.68743 -0.50647 0.051195 0.60363 -0.57649 -1.9782 0.064355 -0.64255 -3.3486 -1.1056
0 13 228 0.85093 4.749 -0.078826 0.52369 3.5459 0.12764 0.38986 3.496 -0.84548 -0.74124 2.6315 -1.6468 -1.6352 2.7994 -2.8919 0.66422 3.6247 1.0979 1.7749 2.4846 0.73021 2.3809 2.634 -0.67979 0.48358 -0.046401 -0.62249 0.95505 -1.7182 0.55954 1.1941 -3.5007 0.68747 -0.48358 0.046401 0.62249 -0.55501 -1.9779 0.06443 -0.64268 -3.3466 -1.1059
0 14 228 0.87312 4.7451 -0.04643 0.54272 3.542 0.15576 0.3965 3.5022 -0.81604 -0.71113 2.6093 -1.6189 -1.5828 2.7391 -2.8842 0.69598 3.6107 1.1249 1.7543 2.472 0.62278 2.1517 2.6952 -0.85026 0.46865 -0.039922 -0.63425 0.96597 -1.7237 0.51983 1.2102 -3.5023 0.68667 -0.46865 0.039922 0.63425 -0.53268 -1.9819 0.066433 -0.63647 -3.3508 -1.1024
0 15 228 0.87399 4.7463 0.0054413 0.53979 3.541 0.18973 0.4123 3.5078 -0.78495 -0.64934 2.5945 -1.6261 -1.4463 2.7051 -2.9415 0.67452 3.603 1.162 1.7087 2.4694 0.60152 1.9683 2.7527 -0.89181 0.47336 -0.032722 -0.63115 0.96901 -1.7313 0.50168 1.213 -3.508 0.68873 -0.47336 0.032722 0.63115 -0.5282 -1.9935 0.078108 -0.63607 -3.3568 -1.0969
0 17 240 0.85057 4.7532 -0.054189 0.53571 3.544 0.14333 0.32309 3.5096 -0.81634 -0.75858 2.574 -1.6059 -1.5563 2.676 -2.9215 0.75521 3.6073 1.1 1.7458 2.4895 0.43816 1.7084 2.7971 -1.0723 0.38512 -0.027241 -0.6888 1.0581 -1.7439 0.31849 1.3279 -3.5228 0.43482 -0.38512 0.027241 0.6888 -0.52581 -2.0116 0.20124 -0.8438 -3.3774 -0.93206
0 19 252 0.792 4.7674 -0.014344 0.49742 3.5486 0.15876 0.30171 3.5092 -0.80431 -0.73416 2.5621 -1.6402 -1.4277 2.6891 -3.0115 0.6995 3.617 1.1189 1.7841 2.5205 0.58036 1.8926 2.7515 -0.94033 0.35703 -0.01656 -0.7041 1.1214 -1.7526 0.19935 1.3852 -3.5361 0.22064 -0.35703 0.01656 0.7041 -0.52791 -2.0492 0.36098 -1.0072 -3.4127 -0.717
0 21 264 0.74067 4.7776 0.073901 0.46003 3.5512 0.21357 0.33276 3.523 -0.7613 -0.59832 2.5706 -1.7072 -1.0927 2.7214 -3.16 0.59347 3.6085 1.1863 1.7966 2.5424 0.89541 2.3706 2.6562 -0.53119 0.36742 -0.0042086 -0.69892 1.1725 -1.7775 0.089561 1.3986 -3.5632 -0.01491 -0.36742 0.0042086 0.69892 -0.51953 -2.086 0.55026 -1.1237 -3.455 -0.45558
0 22 276 0.72508 4.7831 0.038848 0.46313 3.5528 0.18136 0.28989 3.5281 -0.7865 -0.66352 2.573 -1.7071 -1.1833 2.7389 -3.1494 0.64226 3.6066 1.147 1.863 2.5532 0.88424 2.5766 2.6188 -0.48107 0.30328 -0.0028431 -0.72905 1.1909 -1.7937 -0.081468 1.36 -3.5781 -0.27701 -0.30328 0.0028429 0.72905 -0.44385 -2.093 0.68412 -1.1905 -3.4785 -0.1956
0 25 300 0.69626 4.7939 0.083187 0.43568 3.5573 0.16743 0.37198 3.5315 -0.81371 -0.40916 2.6028 -1.9074 -0.58795 2.7992 -3.4263 0.50523 3.6123 1.147 1.7802 2.6018 1.2961 3.1384 2.5546 0.56767 0.2844 0.00046086 -0.73662 1.1924 -1.8588 -0.3718 1.1376 -3.6233 -0.73841 -0.2844 -0.0004611 0.73662 -0.26533 -2.0931 0.92329 -1.1542 -3.5536 0.35078
0 26 312 0.68298 4.7974 0.01978 0.4279 3.5603 0.11385 0.32519 3.5279 -0.86378 -0.43713 2.6078 -1.9778 -0.57257 2.8002 -3.5017 0.53629 3.622 1.0895 1.8177 2.6313 1.302 3.2702 2.5496 0.79096 0.22189 -0.0027633 -0.7578 1.1299 -1.8863 -0.55276 0.96255 -3.6399 -0.93731 -0.22189 0.0027628 0.7578 -0.12394 -2.0836 0.98573 -1.0555 -3.5771 0.59546
0 105 12 0.33875 4.8283 -0.17868 0.30993 3.569 -0.15416 0.15408 3.4944 -1.1224 1.2922 2.3731 -1.4628 2.8132 2.4471 -1.2205 0.46879 3.6731 0.81088 1.7575 2.6799 0.95724 3.033 2.4757 0.11518 -0.14677 -0.0089393 -0.77581 0.34793 -2.0483 -0.87929 -0.24492 -3.7506 -0.83818 0.14677 0.0089388 0.77581 0.6221 -2.0371 0.82201 0.064458 -3.726 1.1179
0 106 12 0.34913 4.8273 -0.1957 0.31494 3.5681 -0.16805 0.15639 3.4909 -1.1357 1.1203 2.204 -1.4245 2.6442 2.0464 -1.2501 0.47658 3.6748 0.79624 1.611 2.515 0.98738 2.9052 2.151 0.23221 -0.14284 -0.012396 -0.77649 0.34835 -2.0527 -0.87684 -0.26047 -3.7495 -0.84012 0.14284 0.012396 0.77649 0.60483 -2.0367 0.82365 0.047173 -3.7266 1.1135
2 105 12 1.8136 4.4883 -0.29184 1.3764 3.3055 -0.25742 1.1591 3.2936 -1.2166 0.09387 2.0766 -1.4471 -0.39206 0.75382 -2.073 1.6055 3.3446 0.69828 0.79581 2.0431 1.2634 0.5787 0.55857 1.6192 -0.17471 0.016369 -0.76987 0.71626 -1.877 -0.95872 0.013078 -3.5369 -0.92535 0.17471 -0.016369 0.76987 0.98931 -1.9474 0.62176 0.13479 -3.5176 0.85656
4 4 12 1.1777 4.6506 -0.61632 0.88117 3.449 -0.34816 0.61651 3.3011 -1.2838 0.39389 1.7009 -1.526 1.8527 1.2903 -1.8107 1.153 3.6249 0.58056 0.57517 2.3024 1.3458 1.3972 1.0192 1.5813 -0.25868 0.025833 -0.7456 -0.0090924 -2.0559 -0.61006 -0.75379 -3.6498 -0.21548 0.25868 -0.025833 0.7456 1.299 -1.7845 0.25654 0.51061 -3.4009 0.38541
4 43 96 1.1434 4.7038 0.20737 0.88222 3.4656 0.25108 0.50514 3.5296 -0.65505 -0.64544 2.3885 -0.86206 0.6936 1.8953 -1.4463 1.2663 3.4305 1.1559 0.97535 1.8755 1.5635 2.2713 1.6452 0.76022 -0.10483 0.099849 -0.77623 0.86158 -1.7404 -1.0826 1.1437 -3.4665 -1.5206 0.10483 -0.099849 0.77623 -0.1938 -2.1369 0.35722 -1.6394 -3.2104 0.26314
4 45 108 1.0085 4.7307 0.13268 0.80577 3.4831 0.20885 0.39802 3.5232 -0.68529 -0.67932 2.3478 -1.0408 0.74735 2.0999 -1.5708 1.2192 3.4723 1.1012 0.9311 1.9448 1.6037 2.1611 1.5651 0.75484 -0.15122 0.10154 -0.76832 0.76924 -1.7491 -1.1456 0.51723 -3.4847 -1.5639 0.15122 -0.10154 0.76832 -0.033562 -2.1628 0.40597 -1.6972 -2.8127 0.65223
4 46 108 1.0316 4.7114 0.27776 0.82817 3.4638 0.33979 0.52312 3.5074 -0.59424 -0.41292 2.3227 -1.2181 1.1026 2.2027 -1.4758 1.1393 3.4493 1.2727 0.72847 1.9457 1.7619 2.0447 1.4735 1.1122 -0.11052 0.13529 -0.77005 0.86056 -1.7028 -1.0746 0.35618 -3.3913 -1.4559 0.11052 -0.13529 0.77005 0.19678 -2.2007 0.39485 -1.5443 -2.6112 0.62053
4 48 120 1.1515 4.6852 0.13352 0.93636 3.4461 0.26297 0.59024 3.4734 -0.65726 0.0060188 2.2613 -1.5837 1.5475 2.2409 -1.6173 1.2895 3.4477 1.1809 0.60829 2.073 1.742 1.9168 1.3623 1.3414 -0.23064 0.15322 -0.73948 0.65118 -1.6938 -1.2139 -0.28428 -3.2328 -1.3003 0.23064 -0.15322 0.73948 0.90071 -2.0845 0.25415 -0.84334 -2.4167 0.56849
4 51 132 1.2812 4.6471 0.33323 1.041 3.4067 0.36253 0.91658 3.4704 -0.61103 0.39428 2.263 -1.5796 1.9197 2.1598 -1.3795 1.173 3.3719 1.3365 0.30084 2.1204 1.9213 1.6649 1.4312 1.7167 -0.1779 0.16118 -0.75224 -0.18916 -1.9208 -1.0342 -1.2097 -3.4064 -0.98603 0.1779 -0.16118 0.75224 1.356 -1.7853 0.12874 0.052203 -3.0238 -0.0023816
4 52 132 1.2607 4.6439 0.48301 1.0154 3.4041 0.46067 0.9826 3.4895 -0.51861 0.45653 2.265 -1.4635 1.964 2.0537 -1.2172 1.0557 3.3475 1.4418 0.085436 2.1247 1.9234 1.4685 1.4466 1.8521 -0.11614 0.15908 -0.76466 -0.37875 -1.9108 -1.0119 -1.4158 -3.3857 -1.008 0.11614 -0.15908 0.76466 1.2787 -1.8114 0.18789 0.30992 -3.2905 -0.16504
4 53 132 1.2232 4.64 0.62653 0.97274 3.4022 0.55706 1.0033 3.5058 -0.42054 0.48013 2.2623 -1.3418 1.9659 1.9368 -1.0884 0.94949 3.3273 1.5375 -0.0831 2.1163 1.9062 1.3073 1.4504 1.936 -0.070574 0.16501 -0.76895 -0.48726 -1.8774 -1.0319 -1.5622 -3.3233 -1.102 0.070575 -0.16501 0.76895 1.1671 -1.8713 0.22074 0.49173 -3.4714 -0.26318
4 55 144 1.2708 4.6351 0.61791 1.0025 3.4029 0.51716 0.91746 3.547 -0.45204 0.26593 2.2533 -1.2074 1.721 1.7516 -1.3001 1.0953 3.2873 1.4895 0.12596 2.0352 1.8909 1.5446 1.458 1.7116 -0.13743 0.17043 -0.75866 -0.50835 -1.8765 -1.0534 -1.9021 -3.0138 -0.93113 0.13743 -0.17043 0.75866 1.0123 -1.9534 0.073283 0.25382 -3.515 -0.41358
4 56 144 1.2952 4.6274 0.67651 0.99574 3.4063 0.53903 0.94066 3.5682 -0.42954 0.31424 2.2505 -1.1645 1.747 1.6902 -1.2692 1.0596 3.2726 1.5114 0.12441 1.9762 1.8483 1.5778 1.4968 1.6601 -0.098973 0.15592 -0.76772 -0.25494 -1.903 -1.1561 -1.8152 -2.8027 -1.0726 0.098973 -0.15592 0.76772 0.95323 -1.9402 0.06011 0.046308 -3.4322 -0.3898
