0 20 348 0.022782 4.7724 -0.7649 0.18479 3.55 -0.4794 -0.78336 3.5151 -0.30966 -1.6663 2.5626 0.68126 -3.076 2.7005 1.2908 1.1504 3.614 -0.65538 0.7228 2.5329 -1.8031 -0.77707 2.7034 -2.1178 -0.70289 -0.010969 -0.35962 0.1434 -1.7648 -1.1483 0.099547 -3.5503 -1.3958 0.70289 0.010969 0.35962 0.45407 -2.0688 0.52352 -0.59122 -3.4325 1.07
0 21 0 -0.0039253 4.7776 -0.74434 0.16431 3.5512 -0.47984 -0.79191 3.523 -0.25136 -1.6353 2.5706 0.7735 -3.0285 2.7214 1.417 1.1178 3.6085 -0.71423 0.70271 2.5424 -1.8803 -0.77608 2.6562 -2.3021 -0.73349 -0.0042086 -0.29235 -0.033491 -1.7775 -1.1755 -0.16102 -3.5632 -1.3894 0.73349 0.0042086 0.29235 0.60155 -2.086 0.45917 -0.33563 -3.455 1.1651
0 60 192 -0.34232 4.8055 -0.38972 -0.28266 3.5701 -0.14582 -1.0045 3.5763 0.52222 -1.8239 2.3517 -0.18324 -1.6418 2.6001 -1.6941 0.43616 3.5934 -0.81674 1.5964 2.5778 -1.3562 2.4072 2.2649 -2.63 -0.26333 0.018466 0.74419 -0.49979 -2.061 0.9286 0.28131 -3.6599 1.2195 0.26333 -0.018466 -0.74419 -0.51053 -1.9429 -1.0791 -0.029019 -3.6679 -1.2868
0 61 192 -0.38611 4.8071 -0.34707 -0.29551 3.5705 -0.11883 -0.94427 3.5694 0.62041 -1.8443 2.3256 0.062054 -1.9412 2.5742 -1.4567 0.34976 3.6011 -0.86048 1.4216 2.5919 -1.5687 1.9961 2.3066 -2.9709 -0.21202 0.017275 0.76043 -0.4788 -2.0578 0.95368 0.28148 -3.6685 1.2335 0.21202 -0.017275 -0.76043 -0.54003 -1.9589 -1.0408 -0.02987 -3.6738 -1.264
0 63 180 -0.41243 4.8097 -0.34031 -0.30332 3.5692 -0.13557 -0.95752 3.5539 0.59871 -1.8656 2.2722 0.14996 -2.2071 2.4938 -1.3373 0.34704 3.6139 -0.87204 1.362 2.5992 -1.6525 1.7468 2.3267 -3.1206 -0.2714 0.016473 0.74133 -0.6284 -2.0485 0.89259 0.0084602 -3.6857 1.2983 0.2714 -0.016473 -0.74133 -0.38781 -1.9855 -1.0615 0.22058 -3.678 -1.1888
0 73 132 -0.32483 4.8226 -0.39067 -0.18479 3.568 -0.30665 -0.8864 3.5021 0.37948 -1.3869 1.9548 0.22419 -2.6804 1.8166 -0.60372 0.5119 3.6633 -0.99433 0.79394 2.2552 -1.7732 0.29604 1.5921 -3.0733 -0.54773 0.03797 0.56749 -1.1497 -1.9581 0.30718 -0.95363 -3.6688 0.84191 0.54773 -0.03797 -0.56749 0.1754 -2.0679 -0.96141 0.82223 -3.6773 -0.46935
0 76 120 -0.26374 4.8277 -0.39266 -0.14966 3.5709 -0.30696 -0.90686 3.515 0.31824 -1.2136 1.9134 0.22213 -2.3368 1.4198 -0.71204 0.60302 3.6562 -0.9343 0.66195 2.1322 -1.5197 0.093937 1.2925 -2.6815 -0.62136 0.027959 0.48644 -1.0647 -1.9807 0.058439 -0.90319 -3.6978 0.58393 0.62136 -0.027959 -0.48644 0.37375 -2.0785 -0.87126 0.9306 -3.6826 -0.26468
0 77 120 -0.25825 4.8298 -0.37099 -0.15153 3.5723 -0.2905 -0.89477 3.5202 0.35156 -1.1205 1.9027 0.31665 -2.2042 1.248 -0.56359 0.58729 3.6537 -0.93461 0.5822 2.0986 -1.4351 -0.03043 1.185 -2.5157 -0.61923 0.02617 0.48926 -1.0395 -1.9875 0.061562 -0.87427 -3.7037 0.58881 0.61923 -0.02617 -0.48926 0.39432 -2.0811 -0.86484 0.95911 -3.6833 -0.26081
0 78 120 -0.26115 4.8309 -0.35704 -0.15753 3.5728 -0.27975 -0.89328 3.5224 0.37103 -1.023 1.8944 0.40614 -2.0556 1.0615 -0.37987 0.57389 3.6525 -0.93245 0.54853 2.0694 -1.335 -0.06169 1.0691 -2.3373 -0.61625 0.02486 0.49306 -1.0363 -1.9891 0.066783 -0.85436 -3.7055 0.58812 0.61625 -0.02486 -0.49306 0.41224 -2.084 -0.85734 0.99185 -3.6836 -0.26055
0 79 120 -0.26455 4.8313 -0.35027 -0.16402 3.5728 -0.27564 -0.8965 3.5226 0.37882 -0.92078 1.8923 0.48023 -1.8893 0.87417 -0.15468 0.56423 3.6525 -0.9319 0.56067 2.0468 -1.2329 0.010038 0.95165 -2.1683 -0.61981 0.02249 0.4887 -1.0355 -1.993 0.065186 -0.82595 -3.7081 0.58032 0.61981 -0.02249 -0.4887 0.4356 -2.0823 -0.85963 1.0263 -3.678 -0.2634
0 108 120 -0.28423 4.8316 -0.23704 -0.24175 3.5718 -0.21123 -1.1107 3.495 0.24308 -1.4951 1.9817 -0.23726 -1.9295 1.3933 -1.5948 0.62315 3.678 -0.66733 0.66118 2.2703 -1.4953 -0.23181 1.576 -2.5433 -0.69611 -0.014527 0.37244 -0.92359 -2.062 -0.04034 -0.69711 -3.7486 0.55541 0.69611 0.014527 -0.37244 0.61739 -2.0419 -0.79566 1.0599 -3.7283 -0.33598
0 109 120 -0.26131 4.8352 -0.21261 -0.22645 3.5743 -0.18604 -1.0967 3.5035 0.26674 -1.3826 1.9215 -0.024126 -1.8854 1.1342 -1.2509 0.6401 3.6746 -0.64034 0.77858 2.1804 -1.2859 0.051938 1.3225 -2.3413 -0.69848 -0.016188 0.36792 -0.91069 -2.0693 -0.024509 -0.68337 -3.7507 0.58538 0.69848 0.016188 -0.36792 0.62928 -2.0449 -0.76982 1.0723 -3.7299 -0.30582
0 110 132 -0.26856 4.8377 -0.15261 -0.22737 3.5758 -0.132 -0.98382 3.5081 0.49296 -1.1863 1.8878 0.44162 -1.9743 0.9185 -0.46229 0.52543 3.673 -0.75745 0.67244 2.1165 -1.231 -0.034224 1.11 -2.1611 -0.6148 -0.012898 0.49533 -0.86281 -2.0752 0.17958 -0.5158 -3.753 0.74122 0.6148 0.012897 -0.49533 0.47675 -2.0503 -0.86738 1.0106 -3.7328 -0.49989
3 47 228 -0.25224 4.816 -0.23655 -0.3609 3.5593 -0.23717 -1.1359 3.5526 0.36836 -1.0516 2.0309 0.9567 -1.4769 0.55762 0.79504 0.41362 3.5957 -0.84228 0.74427 2.0008 -0.96707 0.12921 0.91587 -1.8739 -0.62305 -0.037192 0.48366 -1.4293 -1.7426 -0.44148 -0.32773 -2.4935 0.77252 0.62305 0.037192 -0.48365 0.69484 -2.0046 0.0062673 0.73099 -3.7538 0.44217
3 54 216 -0.032581 4.8247 -0.11853 -0.18775 3.5745 -0.18351 -1.0229 3.5847 0.33592 -0.93261 2.3963 1.4532 -1.166 0.91274 1.803 0.64798 3.5942 -0.70172 0.57948 2.4549 -1.8705 -0.16946 3.331 -2.8948 -0.72694 -0.036708 0.30611 -1.1875 -1.2839 -1.3207 -0.54292 -2.7594 -0.50925 0.72694 0.036708 -0.30611 0.79774 -1.9212 0.45285 0.83773 -3.5953 1.1212
3 55 216 -0.056605 4.8231 -0.11431 -0.22049 3.5745 -0.18547 -1.0584 3.5855 0.32947 -0.9679 2.385 1.4337 -1.1738 0.89794 1.7858 0.61817 3.5933 -0.69896 0.57112 2.4119 -1.8263 -0.20851 3.2129 -2.8885 -0.72489 -0.044847 0.30986 -1.1002 -1.511 -1.1474 -0.56601 -3.1689 -0.68156 0.72489 0.044847 -0.30986 0.83328 -1.8889 0.50446 0.90436 -3.5428 1.219
3 56 216 -0.064411 4.8219 -0.081694 -0.23715 3.5752 -0.16485 -1.078 3.5876 0.34526 -0.98439 2.3666 1.4265 -1.1751 0.86968 1.7438 0.60467 3.5925 -0.67319 0.6036 2.3482 -1.7317 -0.23322 3.0008 -2.8503 -0.72618 -0.054006 0.30536 -0.97931 -1.6961 -0.98059 -0.56432 -3.4324 -0.72728 0.72618 0.054006 -0.30536 0.88165 -1.8508 0.56737 0.99007 -3.4818 1.3283
3 79 216 0.15221 4.8064 0.37507 -0.077045 3.5825 0.16713 -0.8025 3.5747 0.83122 -0.56428 2.2446 1.7493 -1.1498 0.81816 1.7447 0.65119 3.6197 -0.49291 0.6523 2.2238 -1.3416 -0.39009 2.7111 -2.368 -0.65429 -0.05114 0.43907 -1.7108 -1.5704 -0.55595 -0.43818 -1.7021 0.71449 0.65429 0.051141 -0.43907 0.57702 -2.0371 -0.2207 0.49512 -3.8259 -0.010494
3 85 120 -0.39153 4.8126 0.11562 -0.17665 3.581 -0.067549 -0.75065 3.5729 -0.86619 -1.7459 2.2863 -0.71537 -1.8109 0.85194 -1.2776 0.39319 3.6186 0.73322 1.3493 2.2969 0.82119 2.4938 2.8332 -0.062172 -0.36674 -0.04462 -0.69786 1.2987 -1.1637 -1.3209 0.60392 -2.7472 -0.81017 0.36674 0.044621 0.69786 -0.30933 -1.9399 0.83529 -0.90629 -3.6385 0.93175
4 6 108 -0.66595 4.6411 -1.2022 -0.40317 3.437 -0.91325 -1.3178 3.3141 -0.57301 -1.5594 1.7227 -0.29411 -1.8873 1.4867 -1.7822 0.50439 3.5878 -1.261 1.33 2.3165 -0.65196 1.3812 1.1662 -1.6776 -0.71636 0.036264 0.33018 -0.47402 -2.0496 0.39886 0.036177 -3.6075 1.1497 0.71636 -0.036264 -0.33018 0.069551 -1.725 -1.3998 -0.046614 -3.4805 -1.0051
4 14 108 -0.24814 4.575 -1.5949 -0.21476 3.3828 -1.1712 -1.1537 3.4493 -0.88612 -1.5138 2.0256 -0.17032 -1.7317 1.0561 -1.3494 0.72244 3.344 -1.467 1.043 1.7525 -1.2857 0.37973 1.8346 -2.6753 -0.73223 0.047471 0.29169 -0.85791 -2.0497 0.26881 -0.18877 -2.6402 1.8355 0.73223 -0.047471 -0.29169 0.034545 -1.788 -1.2393 -0.015671 -3.2206 -0.14576
4 15 108 -0.25652 4.5684 -1.6131 -0.22018 3.3764 -1.1896 -1.1621 3.4311 -0.91186 -1.5296 2.0735 -0.080744 -1.8297 1.0067 -1.1529 0.71973 3.3495 -1.478 0.99337 1.7391 -1.4594 0.26625 2 -2.7939 -0.74411 0.040467 0.26107 -1.0327 -2.0021 -0.13759 -0.44678 -2.5287 1.4842 0.74411 -0.040467 -0.26107 0.098723 -1.8498 -1.1121 0.059954 -3.1987 0.08371
4 31 180 -0.37786 4.609 -1.4464 -0.21948 3.401 -1.0999 -1.0615 3.4608 -0.59513 -1.4867 2.0527 0.11555 -2.4007 1.7707 -1.0939 0.61899 3.3696 -1.6131 1.5387 2.1849 -0.9654 0.79638 1.5188 -2.1414 -0.59806 0.14444 0.49493 -0.47553 -1.8958 0.98162 0.1759 -3.3058 1.8972 0.59806 -0.14444 -0.49493 -0.4804 -1.7791 -1.2559 -0.72754 -3.3962 -0.49768
4 39 192 -0.2256 4.6131 -1.4891 -0.1503 3.4072 -1.1107 -0.97041 3.539 -0.58403 -1.091 2.3619 0.54229 -1.8732 1.706 -0.61344 0.66754 3.3034 -1.6471 0.98042 1.709 -1.4778 -0.011871 1.84 -2.6508 -0.68132 0.091572 0.38848 -1.4236 -1.5709 -0.66009 -1.1201 -2.6205 0.77418 0.68132 -0.091572 -0.38848 -0.15498 -1.998 -0.67203 -0.036944 -3.1942 0.67185
4 40 192 -0.14562 4.6251 -1.4518 -0.06582 3.4091 -1.108 -0.88082 3.525 -0.56975 -0.94229 2.3967 0.61006 -1.7168 1.7624 -0.56279 0.74679 3.3217 -1.6552 1.0887 1.7334 -1.4846 0.082242 1.8221 -2.6495 -0.69994 0.10413 0.35034 -1.3217 -1.5046 -0.84951 -1.3539 -2.9456 0.23371 0.69994 -0.10413 -0.35034 -0.019272 -2.0771 -0.41714 0.1102 -3.2626 0.9351
4 42 204 -0.24389 4.671 -1.2659 -0.10602 3.4406 -0.99978 -0.81652 3.5222 -0.32458 -0.59061 2.4047 0.84541 -1.5993 1.8234 -0.16566 0.60074 3.3878 -1.6817 1.0452 1.8216 -1.5469 -0.16233 1.6934 -2.4973 -0.66895 0.11367 0.40383 -1.3227 -1.6662 -0.50111 -1.7561 -3.4133 -0.39826 0.66895 -0.11367 -0.40383 0.30097 -2.1505 -0.043124 0.63684 -3.2922 1.3113
4 44 216 -0.30281 4.7251 -1.0205 -0.15526 3.4808 -0.83847 -0.8154 3.5347 -0.11138 -0.57312 2.3704 1.0086 -1.6746 1.9917 -0.0019138 0.50094 3.4559 -1.5707 1.0324 1.9124 -1.5073 -0.2513 1.6026 -2.3035 -0.65554 0.09007 0.43087 -1.3554 -1.7559 -0.28804 -1.8123 -3.4963 -0.17396 0.65554 -0.09007 -0.43087 0.42113 -2.1349 -0.0089026 1.128 -3.0352 1.3842
4 51 252 -0.35204 4.6471 -1.2762 -0.20654 3.4067 -1.0828 -0.98746 3.4704 -0.48826 -1.5651 2.263 0.44836 -2.1545 2.1598 -0.97278 0.57096 3.3719 -1.6842 1.5135 2.1204 -1.2212 0.65423 1.4312 -2.3002 -0.56251 0.16118 0.53019 -0.80104 -1.9208 0.68091 -0.24908 -3.4064 1.5406 0.56251 -0.16118 -0.53019 -0.56649 -1.7853 -1.2387 -0.028164 -3.0238 -0.044018
4 57 264 -0.11937 4.5912 -1.5764 -0.095662 3.3923 -1.1735 -0.91957 3.5652 -0.66492 -1.2302 2.2385 0.23628 -2.0083 1.6199 -0.94253 0.72679 3.2472 -1.693 1.4022 1.8857 -1.094 0.46215 1.547 -2.2684 -0.63153 0.13166 0.45533 -1.1223 -1.9107 0.50094 -0.28827 -2.5892 1.9483 0.63153 -0.13166 -0.45533 -0.43191 -1.9018 -0.84241 -0.25718 -3.2905 0.29428
4 58 264 -0.14683 4.545 -1.701 -0.12839 3.3609 -1.258 -0.96473 3.533 -0.76984 -1.2796 2.2087 0.13341 -1.9959 1.5144 -1.0424 0.70615 3.216 -1.7579 1.2776 1.7681 -1.2622 0.28255 1.5909 -2.4267 -0.63668 0.13329 0.44763 -1.3222 -1.8246 0.11418 -0.58065 -2.4521 1.6331 0.63668 -0.13329 -0.44763 -0.3722 -1.9374 -0.82397 -0.14135 -3.2012 0.44112
4 61 264 -0.11708 4.5006 -1.808 -0.059624 3.3112 -1.3812 -0.89012 3.473 -0.87979 -1.1245 2.2168 0.13784 -1.713 1.5397 -1.1163 0.76874 3.1767 -1.8942 1.1316 1.6035 -1.6448 0.075328 1.8405 -2.7429 -0.68932 0.14334 0.35748 -1.2992 -1.4885 -0.81702 -1.1593 -2.8853 0.31439 0.68932 -0.14334 -0.35748 -0.019435 -2.1158 -0.21087 0.18971 -3.2532 1.1724
4 64 276 -0.40452 4.5633 -1.5765 -0.2285 3.3541 -1.2452 -0.96553 3.451 -0.60115 -0.88946 2.2498 0.50348 -1.7416 1.5026 -0.54207 0.504 3.2853 -1.8979 0.92732 1.7159 -1.7351 -0.31936 1.9501 -2.6118 -0.67298 0.11814 0.39578 -1.1704 -1.7081 -0.51619 -1.3772 -3.4963 -0.61793 0.67298 -0.11814 -0.39578 0.4177 -2.0827 0.3041 0.84888 -3.1116 1.7205
4 65 276 -0.38669 4.5973 -1.4814 -0.20607 3.3853 -1.1629 -0.98201 3.4577 -0.56287 -0.96172 2.2399 0.52579 -1.7713 1.4946 -0.55436 0.56535 3.3412 -1.7714 1.0355 1.7875 -1.5878 -0.17866 1.9632 -2.522 -0.69161 0.10106 0.36737 -1.1397 -1.7148 -0.58981 -1.2549 -3.514 -0.56491 0.69161 -0.10106 -0.36737 0.40875 -2.0836 0.26795 0.92869 -2.9005 1.7889
4 71 300 -0.52604 4.5942 -1.4227 -0.30702 3.381 -1.1378 -1.1625 3.3649 -0.65284 -1.507 1.9947 0.16734 -2.0947 1.8386 -1.2497 0.54286 3.4252 -1.6308 1.4545 2.209 -1.0321 0.60527 1.6164 -2.1746 -0.64658 0.11759 0.43772 -0.68742 -1.9794 0.31389 -0.070119 -3.3685 1.2836 0.64658 -0.11759 -0.43772 -0.24221 -1.7658 -1.3904 0.34165 -2.9264 -0.14023
5 12 96 -0.31177 4.7739 -0.80473 -0.18591 3.5332 -0.58444 -1.0266 3.571 -0.075396 -1.0993 2.0767 0.58091 -1.9026 0.76354 0.49176 0.65199 3.5245 -1.0994 0.82184 1.9409 -1.463 0.36681 0.80403 -2.4 -0.70856 0.0008111 0.34847 -1.2581 -1.72 -0.72434 -1.0505 -3.3653 -0.016632 0.70856 -0.0008111 -0.34847 0.32018 -2.0409 -0.66725 0.53858 -3.5604 0.27831
5 48 168 -0.3671 4.7864 -0.69188 -0.21723 3.545 -0.49273 -0.99924 3.5899 0.10209 -0.95765 2.1039 0.77927 -1.658 0.74752 0.99728 0.56215 3.5293 -1.0925 0.80812 1.9229 -1.2588 0.27902 0.80656 -2.1816 -0.64108 0.011895 0.46083 -1.277 -1.8262 -0.33376 -1.2489 -3.4089 0.52938 0.64108 -0.011895 -0.46083 0.064562 -2.0037 -0.79962 0.3335 -3.529 0.12344
5 49 168 -0.35826 4.7857 -0.69355 -0.19806 3.5461 -0.49091 -1.0008 3.5812 0.076382 -0.98262 2.094 0.75217 -1.6965 0.73793 0.92329 0.60184 3.5404 -1.0632 0.84246 1.934 -1.2375 0.32811 0.83111 -2.1845 -0.6653 0.0079546 0.42522 -1.2302 -1.8012 -0.48159 -1.453 -3.4801 0.13683 0.6653 -0.0079546 -0.42522 0.14542 -2.023 -0.71405 0.41078 -3.5171 0.2598
5 50 168 -0.34838 4.7833 -0.70853 -0.17845 3.546 -0.50185 -0.9999 3.5765 0.038193 -1.0288 2.0853 0.70473 -1.7483 0.728 0.83771 0.64024 3.5448 -1.0469 0.87561 1.9383 -1.2274 0.39467 0.82974 -2.1853 -0.6841 0.0075855 0.39427 -1.2059 -1.7676 -0.60102 -1.553 -3.504 -0.26133 0.6841 -0.007586 -0.39427 0.20969 -2.041 -0.62729 0.47417 -3.5072 0.38829
5 52 180 -0.46612 4.7853 -0.62215 -0.26887 3.5501 -0.42987 -1.04 3.5789 0.17998 -1.0198 2.0873 0.84577 -1.7565 0.74908 1.0561 0.49897 3.5504 -1.0445 0.7111 1.9465 -1.2706 0.15919 0.7783 -2.1123 -0.63245 -0.0063405 0.47272 -1.3326 -1.702 -0.55147 -1.6968 -3.4678 -0.56445 0.63245 0.0063405 -0.47272 0.25332 -2.0601 -0.45965 0.69793 -3.4964 0.53552
5 74 252 -0.57354 4.7652 -0.62508 -0.29216 3.5437 -0.46342 -1.1147 3.5145 0.075038 -1.8024 2.044 0.25763 -2.945 1.2733 -0.43382 0.52594 3.6021 -1.0063 0.96285 2.0279 -1.0096 0.97182 0.59054 -1.5677 -0.60029 0.029886 0.51211 -0.52779 -2.067 0.4013 0.17195 -3.6221 0.98671 0.60029 -0.029886 -0.51211 -0.20352 -1.7504 -1.411 -0.3558 -3.4861 -0.94718
5 75 252 -0.52254 4.77 -0.65203 -0.26876 3.5459 -0.46744 -1.1028 3.5405 0.053797 -1.766 2.0603 0.24886 -2.8607 1.2958 -0.52235 0.56155 3.5804 -0.99352 0.98088 2.0017 -0.96866 1.0086 0.55247 -1.4945 -0.60686 0.02582 0.50453 -0.49505 -2.071 0.43208 0.23393 -3.5935 1.0658 0.60686 -0.02582 -0.50453 -0.16596 -1.7483 -1.4265 -0.29959 -3.4641 -0.88864
5 76 252 -0.44967 4.7764 -0.67409 -0.22402 3.5495 -0.47054 -1.0698 3.563 0.031316 -1.6939 2.0729 0.27406 -2.7262 1.2801 -0.55273 0.61862 3.5652 -0.97757 1.0163 1.9815 -0.93056 1.045 0.52578 -1.4384 -0.6207 0.026851 0.48735 -0.46075 -2.068 0.46527 0.29085 -3.555 1.1542 0.6207 -0.026851 -0.48735 -0.12302 -1.7507 -1.4305 -0.24416 -3.451 -0.84308
5 77 252 -0.38955 4.7818 -0.67734 -0.19329 3.5508 -0.46753 -1.0511 3.5815 0.012584 -1.6373 2.0881 0.32097 -2.5972 1.2238 -0.52111 0.66211 3.5494 -0.95297 1.0308 1.9593 -0.88673 1.0435 0.50303 -1.3934 -0.63408 0.023336 0.46999 -0.43716 -2.0681 0.50828 0.33396 -3.5133 1.2617 0.63408 -0.023336 -0.46999 -0.08811 -1.7784 -1.3714 -0.18572 -3.4657 -0.7434
5 90 276 -0.35497 4.7787 -0.74203 -0.1766 3.5414 -0.5405 -0.94602 3.5779 0.071076 -0.9412 2.1094 0.78672 -1.6329 0.74275 0.96422 0.58949 3.5341 -1.1573 0.66153 1.9354 -1.4854 0.0094992 0.81597 -2.3218 -0.64495 0.025657 0.45484 -1.2865 -1.6972 -0.56224 -1.4189 -3.4825 -0.34729 0.64495 -0.025657 -0.45484 0.21739 -2.0822 -0.50215 0.64606 -3.5283 0.48572
5 91 276 -0.36279 4.779 -0.73714 -0.18363 3.5416 -0.53615 -0.96516 3.5672 0.060444 -0.99118 2.0947 0.76745 -1.71 0.73653 0.89549 0.59439 3.5452 -1.1378 0.69201 1.9435 -1.444 0.070389 0.81712 -2.294 -0.65501 0.020752 0.44048 -1.2944 -1.6756 -0.62155 -1.4694 -3.4701 -0.61062 0.65501 -0.020752 -0.44048 0.29694 -2.0908 -0.40654 0.71186 -3.5264 0.60226
5 92 276 -0.36908 4.7794 -0.73433 -0.19436 3.5418 -0.53016 -0.9925 3.5642 0.044147 -1.0477 2.0875 0.74065 -1.7934 0.74017 0.81917 0.60032 3.5486 -1.1096 0.72764 1.9444 -1.3908 0.15213 0.79224 -2.2388 -0.66558 0.014583 0.42461 -1.2717 -1.6621 -0.68694 -1.4916 -3.4468 -0.81944 0.66558 -0.014583 -0.42461 0.37203 -2.0921 -0.31555 0.77564 -3.5146 0.71622
5 109 300 -0.50367 4.7702 -0.72727 -0.30937 3.5358 -0.52068 -1.1676 3.4859 -0.042874 -1.6144 1.9329 0.19686 -2.5298 0.89143 -0.47765 0.54377 3.6147 -1.0037 0.94589 2.0315 -0.97994 0.84227 0.6703 -1.6968 -0.67657 0.0089307 0.40703 -0.73953 -2.0663 0.084647 -0.22695 -3.6132 0.85621 0.67657 -0.0089302 -0.40703 0.053781 -1.7603 -1.3864 0.12564 -3.536 -1.0825
5 110 300 -0.46835 4.7743 -0.72562 -0.28511 3.5383 -0.51866 -1.1422 3.4999 -0.037751 -1.5964 1.9468 0.18673 -2.5071 0.94329 -0.54898 0.5672 3.6057 -1.0049 0.96249 2.021 -0.9689 0.87466 0.6448 -1.6588 -0.67134 0.013216 0.41548 -0.66807 -2.078 0.21231 -0.13048 -3.613 0.99045 0.67134 -0.013217 -0.41548 -0.024193 -1.737 -1.3948 0.010162 -3.5381 -1.318
5 111 300 -0.44298 4.778 -0.71483 -0.2633 3.541 -0.51025 -1.1096 3.5085 -0.010239 -1.5662 1.9553 0.20822 -2.4692 0.97413 -0.56616 0.57841 3.6026 -1.0153 0.96918 2.0172 -0.96413 0.90116 0.62438 -1.6223 -0.66182 0.018094 0.43031 -0.61091 -2.0798 0.32821 -0.043566 -3.5963 1.1216 0.66182 -0.018094 -0.43031 -0.10238 -1.7253 -1.3873 -0.068482 -3.5265 -1.4608
5 112 300 -0.4161 4.7817 -0.70646 -0.24485 3.5435 -0.5017 -1.0838 3.5214 0.011236 -1.5346 1.9675 0.23671 -2.4303 0.98809 -0.54819 0.58974 3.5946 -1.0196 0.97456 2.0081 -0.95823 0.92579 0.59882 -1.582 -0.65442 0.020667 0.44137 -0.56156 -2.0783 0.42974 0.036954 -3.5671 1.2521 0.65442 -0.020667 -0.44137 -0.13267 -1.7192 -1.3952 -0.11098 -3.5174 -1.5253
6 27 288 -0.44276 4.7601 -0.77899 -0.36525 3.5087 -0.61131 -1.2584 3.486 -0.20017 -1.4618 1.947 0.30861 -2.1549 0.57633 0.17218 0.52453 3.5607 -1.0272 0.896 1.9704 -0.98752 0.92503 0.6007 -1.6952 -0.68601 -0.0070906 0.39095 -0.42927 -2.0492 0.81326 0.21483 -3.2778 1.965 0.68601 0.0070906 -0.39095 0.085452 -1.8434 -1.1842 0.073915 -3.6327 -0.96228
6 28 288 -0.49774 4.7576 -0.76405 -0.38805 3.5072 -0.60511 -1.2629 3.4688 -0.15727 -1.4581 1.9326 0.36312 -2.1638 0.56439 0.27552 0.48272 3.5748 -1.0574 0.86434 1.9864 -1.069 0.81165 0.66087 -1.8551 -0.67673 -0.0058818 0.40682 -0.56195 -2.0879 0.66449 0.13859 -3.1753 1.9205 0.67673 0.0058813 -0.40682 0.08562 -1.8762 -1.1297 0.11683 -3.6547 -0.83444
6 29 288 -0.55547 4.7545 -0.7439 -0.42011 3.5056 -0.5934 -1.276 3.4568 -0.11135 -1.4563 1.9251 0.4272 -2.1919 0.57495 0.31047 0.43121 3.5835 -1.0798 0.82351 2.0003 -1.1707 0.686 0.72083 -2.0203 -0.66702 -0.0091043 0.42249 -0.70342 -2.1091 0.4777 0.03384 -3.0929 1.7966 0.66702 0.0091043 -0.42249 0.09059 -1.9018 -1.0786 0.15431 -3.6662 -0.71293
6 54 312 -0.46644 4.7947 -0.54277 -0.33905 3.5427 -0.41587 -1.1336 3.4826 0.16072 -1.6096 1.9471 0.4517 -2.5946 0.80013 0.14895 0.4507 3.632 -0.99525 0.93632 2.0725 -1.0214 0.82582 0.70974 -1.7344 -0.60198 0.016516 0.51072 -0.77463 -2.0125 -0.006698 -0.26364 -3.6853 0.4309 0.60198 -0.016516 -0.51072 0.013415 -1.9228 -1.1696 0.61286 -3.4257 -0.37426
6 55 312 -0.44282 4.7971 -0.54142 -0.32224 3.5443 -0.41459 -1.122 3.4885 0.15517 -1.6579 1.9629 0.38764 -2.6942 0.91029 -0.054693 0.47293 3.6293 -0.98716 0.93815 2.0635 -1.0104 0.79376 0.71275 -1.74 -0.60203 0.019257 0.51057 -0.68548 -2.0364 0.084209 -0.13341 -3.6912 0.53996 0.60203 -0.019257 -0.51057 -0.089954 -1.8707 -1.223 0.32894 -3.5253 -0.64192
6 56 312 -0.41752 4.7999 -0.53531 -0.3025 3.5466 -0.40823 -1.103 3.4933 0.16079 -1.6865 1.9782 0.34216 -2.7544 1.0305 -0.24011 0.49349 3.6292 -0.98 0.93933 2.0579 -1.0119 0.76192 0.71356 -1.746 -0.59837 0.022614 0.51473 -0.57941 -2.0562 0.21079 0.007693 -3.7004 0.66109 0.59837 -0.022614 -0.51473 -0.16323 -1.8373 -1.2503 0.040008 -3.5963 -0.91009
6 57 312 -0.38054 4.8041 -0.52568 -0.27303 3.5497 -0.40236 -1.0702 3.5023 0.1718 -1.6859 1.9958 0.31336 -2.7624 1.1547 -0.40159 0.51989 3.6264 -0.97922 0.94641 2.05 -1.0233 0.74166 0.70832 -1.7552 -0.59291 0.027805 0.52076 -0.45998 -2.062 0.34892 0.1515 -3.7024 0.78026 0.59291 -0.027806 -0.52076 -0.21913 -1.8206 -1.2561 -0.23873 -3.6206 -1.1531
