0 59 0 0.2033 4.8023 0.48267 0.22786 3.5698 0.22155 1.1199 3.5797 -0.1926 1.6479 2.3743 0.77533 0.89698 2.6023 2.1027 -0.66224 3.5894 0.63952 -1.9278 2.5604 0.73065 -3.1573 2.2051 1.5908 0.45686 0.0188 -0.64376 0.69577 -2.0644 -0.77538 -0.030386 -3.6477 -1.2411 -0.45686 -0.0188 0.64376 0.23731 -1.9262 1.1864 -0.24169 -3.6618 1.282
0 61 348 0.21156 4.8071 0.47411 0.22163 3.5705 0.22875 1.115 3.5694 -0.1827 1.7101 2.3256 0.69345 1.1809 2.5742 2.1203 -0.66951 3.6011 0.64383 -1.9367 2.5919 0.85491 -3.0319 2.3066 1.9022 0.50298 0.017275 -0.60845 0.8253 -2.0578 -0.67648 0.24457 -3.6685 -1.2414 -0.50299 -0.017275 0.60845 0.069996 -1.9589 1.1705 -0.48683 -3.6738 1.1669
0 72 288 0.14632 4.82 0.51245 0.061696 3.5661 0.36684 0.99946 3.4991 0.077945 1.421 1.9762 0.49245 2.168 1.9138 1.8399 -0.87238 3.6626 0.65937 -1.5987 2.3042 1.2035 -1.8477 1.7016 2.6008 0.74129 0.030828 -0.27026 1.2004 -1.967 0.19035 1.3096 -3.6687 -0.39539 -0.74129 -0.030828 0.27026 -0.581 -2.0549 0.81044 -0.95078 -3.675 0.11079
0 73 288 0.13785 4.8226 0.48901 0.044091 3.568 0.3553 0.96411 3.5021 0.01386 1.3582 1.9548 0.3593 2.2031 1.8166 1.6418 -0.87207 3.6633 0.70016 -1.4465 2.2552 1.297 -1.5205 1.5921 2.6872 0.7312 0.03797 -0.29565 1.1752 -1.9581 0.18699 1.2136 -3.6688 -0.38125 -0.7312 -0.03797 0.29565 -0.55127 -2.0679 0.80695 -0.94204 -3.6773 0.094347
0 74 276 0.044958 4.8229 0.50655 -0.025231 3.5679 0.36453 0.93733 3.5037 0.17294 1.2386 1.9367 0.52321 1.8591 1.7059 1.9158 -0.98456 3.6615 0.56023 -1.5284 2.2098 1.0757 -1.7302 1.4898 2.4243 0.77271 0.037512 -0.15814 1.0671 -1.9597 0.42401 1.1773 -3.6743 -0.12277 -0.77271 -0.037512 0.15814 -0.69358 -2.0728 0.67371 -0.9388 -3.68 -0.10574
0 75 276 0.062808 4.8252 0.4881 -0.0091825 3.5694 0.35498 0.94503 3.5088 0.12442 1.2248 1.9246 0.40856 1.8679 1.5753 1.7658 -0.96012 3.6593 0.58949 -1.371 2.1702 1.1208 -1.4321 1.3938 2.4516 0.76816 0.033689 -0.17972 1.0271 -1.9688 0.40089 1.1071 -3.686 -0.14312 -0.76816 -0.033688 0.17972 -0.68847 -2.0774 0.66037 -0.94445 -3.6825 -0.12018
0 91 324 0.23881 4.7783 0.41145 0.15751 3.5467 0.23135 0.68664 3.5824 -0.59697 0.78072 2.9925 -2.1174 0.56399 3.8782 -3.3609 -0.37334 3.5407 1.0593 -1.5909 3.0073 2.0089 -2.4917 4.0327 2.7263 0.43543 0.01713 -0.65849 0.76172 -2.0433 -0.40816 0.24913 -3.7378 -0.74981 -0.43543 -0.01713 0.65849 -0.25733 -2.0833 0.99569 -1.0165 -3.7034 0.7731
0 113 276 0.11159 4.8373 0.21162 0.084434 3.5745 0.15464 1.0635 3.5063 0.089968 1.1662 1.9172 -0.27466 1.8876 0.616 0.13057 -0.89205 3.6724 0.21993 -1.2363 2.1023 -0.071907 -2.0155 0.87623 0.44513 0.7894 -0.01685 -0.0078699 0.76244 -2.0965 0.28974 0.84721 -3.7525 -0.41844 -0.7894 0.01685 0.0078709 -0.91084 -2.0561 0.32779 -1.1157 -3.7322 -0.30426
0 113 288 0.15315 4.8373 0.18379 0.11474 3.5745 0.13371 1.0589 3.5063 -0.13311 1.0837 1.9172 -0.51113 1.8735 0.616 -0.26474 -0.82683 3.6724 0.40059 -1.2243 2.1023 0.18671 -1.8789 0.87623 0.85444 0.77051 -0.01685 -0.17182 0.80602 -2.0965 0.12489 0.7417 -3.7525 -0.58544 -0.77051 0.01685 0.17182 -0.82279 -2.0561 0.51001 -1.1546 -3.7322 -0.065631
0 114 264 0.052363 4.8267 0.22066 0.05298 3.5663 0.15192 1.0223 3.5124 0.3094 1.2235 1.9542 -0.13819 2.1273 0.72816 0.10181 -0.91423 3.65 -0.0057785 -1.1673 2.0973 -0.4462 -2.2102 0.96291 -0.50205 0.77184 -0.020201 0.16537 0.68621 -2.1033 0.4258 0.92239 -3.7494 -0.27099 -0.77184 0.020202 -0.16537 -0.95621 -2.0553 0.1041 -1.021 -3.7286 -0.56423
0 114 276 0.097096 4.8267 0.20495 0.083408 3.5663 0.13758 1.0643 3.5124 0.090079 1.168 1.9542 -0.38955 2.102 0.72816 -0.34271 -0.89545 3.65 0.18443 -1.2345 2.0973 -0.19376 -2.2663 0.96291 -0.031554 0.78936 -0.020201 0.0012777 0.75974 -2.1033 0.27382 0.84589 -3.7494 -0.45685 -0.78936 0.020202 -0.0012787 -0.91367 -2.0553 0.30063 -1.116 -3.7286 -0.33963
0 114 288 0.13759 4.8267 0.18028 0.11019 3.5663 0.11723 1.0598 3.5124 -0.13318 1.0615 1.9542 -0.62389 1.9848 0.72816 -0.77226 -0.83754 3.65 0.36657 -1.2478 2.0973 0.067143 -2.2233 0.96291 0.44032 0.77238 -0.020201 -0.16287 0.80007 -2.1033 0.10988 0.73242 -3.7494 -0.62273 -0.77238 0.020202 0.16287 -0.8312 -2.0553 0.48402 -1.1622 -3.7286 -0.10018
1 35 96 0.071077 4.5705 1.5867 0.14113 3.3519 1.2616 1.1163 3.3891 1.1391 1.6195 1.9356 0.58867 2.6209 0.78342 0.80587 -0.83356 3.343 1.393 -1.4145 1.8665 1.0045 -2.1883 0.64539 1.541 0.77013 0.027174 -0.17221 0.77818 -1.9344 0.58038 0.56349 -3.5584 -0.17297 -0.77013 -0.027174 0.17221 -0.52541 -1.9383 1.0101 -0.65864 -3.4266 0.001073
1 42 96 0.1414 4.6387 1.3878 0.16212 3.4091 1.0946 1.1364 3.4105 0.95994 1.5778 1.916 0.46964 2.6507 0.83295 0.70089 -0.81067 3.4366 1.237 -1.4142 1.9334 1.0245 -2.2508 0.96304 1.8824 0.77605 0.0043054 -0.14568 0.80787 -1.8747 0.79383 0.57517 -3.4147 -0.11456 -0.77605 -0.0043058 0.14568 -0.66708 -1.8702 1.1053 -0.66155 -3.3251 0.040418
2 24 276 0.10618 4.033 2.689 0.068712 2.9834 1.991 1.0496 2.9117 1.9829 1.5604 1.6069 2.8227 1.1832 2.2487 4.1731 -0.9099 3.078 2.018 -1.5574 1.8462 2.8736 -1.0918 2.7799 4.009 0.78948 0.0055532 -0.01373 0.86987 -1.7317 1.1652 0.84095 -3.4377 0.58251 -0.78948 -0.0055532 0.01373 -0.87681 -1.7205 1.2244 -0.71367 -3.3434 0.45622
2 25 276 0.093101 3.978 2.759 0.067957 2.9526 2.0299 1.0486 2.8781 2.0221 1.5302 1.4593 2.673 1.2016 1.784 4.1441 -0.91045 3.0491 2.0577 -1.5723 1.7193 2.7375 -1.1429 2.4178 4.0433 0.78944 0.0047641 -0.016335 0.88861 -1.7369 1.1546 0.91896 -3.5258 0.93199 -0.78944 -0.0047641 0.016335 -0.89979 -1.6913 1.2644 -0.75629 -3.4333 0.82188
2 104 276 0.12351 4.4273 1.9765 0.1327 3.2615 1.496 1.1094 3.2481 1.3812 1.4444 2.0069 0.37313 2.0752 0.65314 -0.010282 -0.84167 3.3015 1.6238 -1.3302 1.9978 0.76915 -1.6733 0.51517 0.52067 0.78355 0.015883 -0.096446 0.87499 -1.831 0.90111 0.91074 -3.4807 0.1745 -0.78355 -0.015883 0.096446 -0.71788 -1.9046 1.0145 -0.85977 -3.4545 0.10432
2 105 276 0.10068 4.4883 1.8341 0.11214 3.3055 1.3958 1.0888 3.2936 1.2799 1.4294 2.0766 0.24462 2.1026 0.75382 -0.17323 -0.86227 3.3446 1.5237 -1.3396 2.0431 0.65939 -1.6708 0.55857 0.40628 0.78392 0.016369 -0.09328 0.8786 -1.877 0.81255 0.91891 -3.5369 0.10973 -0.78392 -0.016369 0.093279 -0.72177 -1.9474 0.91889 -0.86596 -3.5176 0.044513
2 106 276 0.087783 4.5401 1.7004 0.10217 3.3423 1.3027 1.0782 3.3338 1.1814 1.4268 2.1186 0.1467 2.14 0.81308 -0.25909 -0.87177 3.3785 1.4349 -1.3358 2.0535 0.5995 -1.6604 0.56314 0.37372 0.78377 0.014305 -0.094851 0.8823 -1.9131 0.73556 0.92726 -3.5815 0.053284 -0.78377 -0.014305 0.094851 -0.72524 -1.9831 0.82614 -0.87062 -3.5712 -0.015159
2 107 276 0.069444 4.5811 1.5849 0.088683 3.3721 1.2212 1.064 3.3687 1.0941 1.4259 2.1341 0.087476 2.1701 0.83203 -0.27107 -0.88476 3.4035 1.3582 -1.3374 2.0354 0.5888 -1.6551 0.5354 0.42503 0.78339 0.015688 -0.097768 0.87979 -1.937 0.67175 0.94033 -3.6122 0.0077865 -0.78339 -0.015688 0.097768 -0.72981 -2.0137 0.74542 -0.87889 -3.6159 -0.067951
2 108 276 0.049537 4.6124 1.4886 0.075771 3.3969 1.1482 1.0502 3.3977 1.015 1.4244 2.1266 0.059547 2.1971 0.82061 -0.21445 -0.89699 3.4243 1.2909 -1.3416 2.0047 0.61575 -1.6512 0.49498 0.56385 0.78322 0.017576 -0.098795 0.86983 -1.9536 0.6233 0.96879 -3.6375 -0.013426 -0.78322 -0.017576 0.098795 -0.72729 -2.035 0.68274 -0.88888 -3.6443 -0.11426
3 49 0 -0.048703 4.8261 0.18855 0.021759 3.5709 0.29371 0.99833 3.5631 0.41036 1.461 2.1869 -0.33849 1.7578 0.67709 -0.23839 -0.95404 3.6084 0.17639 -1.3982 2.0698 0.49917 -1.5165 2.1895 2.0319 0.76623 -0.022913 0.18936 0.62675 -1.3421 1.8187 0.68164 -1.3443 0.016465 -0.76623 0.022914 -0.18936 -0.43037 -2.0084 -0.60801 -0.11554 -3.7457 -0.97353
3 50 0 -0.065588 4.8254 0.1197 0.0064695 3.5728 0.25157 0.98664 3.5686 0.33281 1.4874 2.2555 -0.50024 1.8465 0.75606 -0.48438 -0.97302 3.6067 0.16908 -1.5072 2.1822 0.76423 -1.553 2.7296 2.2051 0.76492 -0.017625 0.19515 0.50331 -1.1829 1.9237 0.59273 -1.1329 0.12363 -0.76492 0.017625 -0.19515 -0.41361 -2.0023 -0.65404 -0.085161 -3.7304 -1.0502
3 53 0 -0.056606 4.8258 0.084563 0.030184 3.575 0.22375 1.0117 3.5832 0.2856 1.589 2.384 -0.6617 2.0039 0.90424 -0.78767 -0.95109 3.5966 0.16061 -1.5952 2.4616 1.1433 -1.5795 3.3503 2.4033 0.76615 -0.030184 0.18868 0.16335 -1.085 1.9028 0.26301 -2.2629 0.5414 -0.76615 0.030185 -0.18868 -0.38307 -1.9457 -0.79147 -0.027401 -3.6358 -1.309
3 54 0 -0.043314 4.8247 0.11505 0.044028 3.5745 0.25881 1.025 3.5847 0.32947 1.6086 2.3963 -0.62746 2.0031 0.91274 -0.77328 -0.93668 3.5942 0.18683 -1.5683 2.4549 1.1727 -1.5644 3.331 2.4415 0.76804 -0.036708 0.17964 0.18445 -1.2839 1.7665 0.1399 -2.7594 0.73111 -0.76804 0.036708 -0.17964 -0.37921 -1.9212 -0.83527 -0.018702 -3.5953 -1.3995
3 65 72 -0.34723 4.812 0.056194 -0.069595 3.5833 0.035229 0.44386 3.6301 -0.80235 1.4933 2.3813 -0.89165 2.7868 2.685 -0.10916 -0.58647 3.566 0.87184 -1.5678 2.2759 0.66821 -1.9442 0.85499 1.1339 0.26386 0.020346 -0.74395 0.0032129 -2.0357 -0.39878 -0.44308 -3.7735 -0.22037 -0.26386 -0.020346 0.74395 1.2527 -1.3373 1.3604 -0.35508 -1.7898 0.68113
4 22 288 0.0013903 4.6353 1.3823 -0.14041 3.4362 1.0003 0.81439 3.4376 0.76423 1.1804 2.2776 -0.32624 1.8745 1.223 0.55903 -1.0926 3.4631 1.2453 -1.5057 1.8879 1.1156 -0.76107 2.0299 2.4584 0.78728 0.059127 -0.014079 0.9763 -1.7734 0.99605 1.4429 -3.4962 1.2512 -0.78728 -0.059127 0.014079 -0.57539 -2.1173 -0.35081 -0.56102 -2.9832 -1.9322
4 24 300 -0.034956 4.6193 1.3852 -0.20865 3.4173 1.0264 0.73514 3.4056 0.74981 1.1591 2.1634 -0.22278 1.8684 1.1673 0.71662 -1.1491 3.4573 1.3116 -1.6357 1.9246 1.0237 -0.88707 1.7164 2.3556 0.77518 0.11788 -0.093298 1.0312 -1.6149 1.0669 1.4692 -3.3096 0.6344 -0.77518 -0.11788 0.093298 -0.53582 -2.2043 0.15412 -0.91676 -2.512 -1.5811
4 26 312 0.0276 4.5918 1.4902 -0.16126 3.4013 1.1024 0.77614 3.3882 0.80492 1.324 2.0432 0.056908 1.9451 1.2386 1.2164 -1.0947 3.4421 1.4097 -1.6662 2.0479 0.7786 -1.1473 1.5138 2.1288 0.75496 0.13716 -0.18633 1.0933 -1.6314 0.89622 1.3026 -3.1791 -0.0048939 -0.75496 -0.13716 0.18633 -0.35734 -2.0767 0.88953 -0.77602 -2.2966 -0.85036
4 28 324 -0.0072353 4.5743 1.567 -0.1406 3.3761 1.1799 0.8158 3.3722 0.9505 1.4476 1.9896 0.35222 1.9012 1.5785 1.7675 -1.094 3.408 1.4194 -1.7406 2.1413 0.61543 -1.3482 1.5424 1.9811 0.74442 0.14496 -0.21985 1.0398 -1.8569 0.34565 1.0036 -3.2956 -0.74051 -0.74442 -0.14496 0.21985 -0.15181 -1.7696 1.413 -0.30316 -2.6178 -0.17085
4 48 36 -0.012428 4.6852 1.1591 -0.16365 3.4461 0.95872 0.71536 3.4734 0.51831 1.5756 2.2613 -0.15955 1.7702 2.2409 1.37 -1.0397 3.4477 1.4059 -1.6689 2.073 0.78705 -1.1337 1.3623 2.0465 0.71132 0.15322 -0.30667 1.2754 -1.6938 0.52073 1.2634 -3.2328 -0.41864 -0.71132 -0.15322 0.30667 -0.15861 -2.0845 0.92234 -0.65353 -2.4167 -0.7793
4 50 48 -0.0059434 4.6521 1.2918 -0.12078 3.4132 1.0723 0.79668 3.4577 0.72063 1.7062 2.2592 0.084035 1.7736 2.2281 1.6242 -1.0363 3.3975 1.4314 -1.7673 2.1158 0.73027 -1.2846 1.4054 2.0109 0.69628 0.16052 -0.33605 1.1405 -1.874 -0.057582 0.92685 -3.3515 -1.0687 -0.69628 -0.16052 0.33605 0.09278 -1.8302 1.338 -0.23411 -2.7312 -0.18917
5 21 264 0.2213 4.7586 0.91917 0.098939 3.5265 0.65274 1.0735 3.4766 0.52957 1.3401 1.9896 -0.092001 2.0195 0.60751 -0.015445 -0.87279 3.6052 0.78276 -1.3335 2.0474 0.61071 -1.5418 0.71955 1.3665 0.78915 -0.016468 -0.021583 0.76946 -1.7263 1.1992 0.97124 -3.518 1.1889 -0.78915 0.016468 0.021583 -0.69775 -2.0621 -0.27091 -0.67888 -3.2972 -1.5843
5 22 264 0.21597 4.7555 0.93241 0.090021 3.5242 0.66397 1.0675 3.4625 0.574 1.3617 1.9613 0.00068878 2.0355 0.58059 0.13226 -0.88455 3.6147 0.76082 -1.363 2.0724 0.51317 -1.6889 0.68988 1.1131 0.78934 -0.017689 0.010965 0.73866 -1.7619 1.1812 0.93839 -3.5508 1.0759 -0.78934 0.017689 -0.010965 -0.749 -2.0707 -0.23766 -0.69644 -3.2335 -1.6146
5 23 264 0.19014 4.7465 0.97359 0.063409 3.518 0.69277 1.0432 3.4396 0.65846 1.3769 1.9277 0.13735 2.0381 0.55011 0.34421 -0.91341 3.6252 0.73403 -1.4025 2.0969 0.42749 -1.8359 0.68764 0.87891 0.78783 -0.014983 0.050958 0.69731 -1.7976 1.1592 0.90039 -3.5792 0.96997 -0.78783 0.014983 -0.050958 -0.80504 -2.0842 -0.13635 -0.68994 -3.1526 -1.5842
5 24 264 0.15649 4.7368 1.0199 0.034534 3.5112 0.72382 1.0133 3.4195 0.75358 1.4007 1.8993 0.29796 2.0382 0.52789 0.59889 -0.94134 3.6317 0.70124 -1.4417 2.1215 0.33021 -1.9437 0.70627 0.68049 0.78457 -0.012163 0.088278 0.65368 -1.8294 1.1346 0.86229 -3.6004 0.86824 -0.78457 0.012163 -0.088278 -0.85723 -2.086 -0.0070781 -0.6503 -3.0523 -1.5152
5 27 276 0.30781 4.7207 1.0574 0.12947 3.5081 0.73837 1.1065 3.3954 0.7434 1.6046 1.8551 0.5236 2.2696 0.53711 0.96888 -0.84388 3.6493 0.7413 -1.3905 2.1623 0.34286 -1.9022 0.76386 0.74293 0.78876 -0.020438 0.030755 0.73003 -1.9141 0.93893 0.88637 -3.619 0.37322 -0.78875 0.020438 -0.030755 -0.88209 -1.9738 0.624 -0.71116 -3.082 -0.78794
5 28 276 0.26574 4.7187 1.0739 0.099778 3.508 0.7414 1.0746 3.393 0.80337 1.6108 1.8539 0.69178 2.2639 0.5757 1.2551 -0.87175 3.6515 0.68753 -1.3742 2.1554 0.26578 -1.8974 0.7636 0.67422 0.78595 -0.021387 0.072963 0.68231 -1.9441 0.91364 0.85496 -3.6139 0.25566 -0.78595 0.021388 -0.072962 -0.90164 -1.9095 0.74713 -0.64906 -3.1921 -0.49462
5 29 276 0.21112 4.7211 1.0727 0.06108 3.5099 0.73468 1.0304 3.3961 0.856 1.5934 1.8626 0.83583 2.2188 0.6393 1.5359 -0.9055 3.6523 0.62151 -1.3588 2.142 0.1946 -1.8861 0.75603 0.61729 0.78105 -0.020052 0.11426 0.63932 -1.977 0.86561 0.83176 -3.6107 0.1274 -0.78105 0.020053 -0.11426 -0.92429 -1.8528 0.82703 -0.60357 -3.3107 -0.18428
5 30 276 0.1471 4.7257 1.0644 0.020267 3.5128 0.72351 0.98143 3.4044 0.90178 1.5649 1.8798 0.96224 2.1379 0.7211 1.803 -0.93872 3.6497 0.55335 -1.3359 2.1228 0.12944 -1.8668 0.73852 0.55305 0.77494 -0.017991 0.15046 0.61052 -2.0115 0.79332 0.81957 -3.6111 -0.011898 -0.77494 0.017991 -0.15046 -0.96084 -1.8052 0.87703 -0.59008 -3.4123 0.14868
5 31 288 0.28486 4.7318 1.0071 0.11426 3.5155 0.69888 1.0925 3.4165 0.72235 1.7079 1.9032 0.72917 2.4057 0.81787 1.5733 -0.86083 3.6432 0.68285 -1.2834 2.103 0.33944 -1.7096 0.71537 0.85946 0.78939 -0.011002 0.015438 0.73565 -2.0418 0.55137 0.7724 -3.6173 -0.32472 -0.78939 0.011002 -0.015438 -0.80565 -1.7704 1.0984 -0.52207 -3.483 0.611
5 32 288 0.19858 4.7403 0.98986 0.057069 3.5197 0.68356 1.0345 3.4321 0.7493 1.675 1.9308 0.81697 2.3235 0.91802 1.7821 -0.91781 3.6361 0.62508 -1.2947 2.0854 0.27572 -1.7034 0.69054 0.79035 0.78875 -0.002583 0.03695 0.71664 -2.0638 0.43754 0.76062 -3.6209 -0.47045 -0.78875 0.002583 -0.03695 -0.84739 -1.7468 1.1251 -0.54197 -3.511 0.91226
5 33 288 0.10964 4.7494 0.96335 -0.0016167 3.5246 0.66125 0.97517 3.4556 0.7533 1.6297 1.963 0.86548 2.2208 1.0185 1.9314 -0.97658 3.6226 0.5763 -1.3155 2.0653 0.21736 -1.7087 0.66143 0.71955 0.78815 0.0073962 0.047644 0.72231 -2.0766 0.30637 0.75517 -3.6218 -0.62216 -0.78815 -0.0073957 -0.047644 -0.82935 -1.7303 1.1541 -0.60287 -3.5183 1.102
5 60 348 0.22385 4.7636 0.84547 0.071788 3.5421 0.55338 1.053 3.4808 0.58186 1.5048 1.9896 0.091103 2.2619 0.65598 0.25252 -0.90733 3.6326 0.53096 -1.3479 2.0723 0.33043 -1.76 0.69054 0.87676 0.78787 -0.018205 0.04926 0.68324 -1.8085 1.1439 0.98927 -3.574 0.94316 -0.78787 0.018205 -0.04926 -0.77888 -2.0823 -0.0054022 -0.72406 -3.1307 -1.4713
5 61 348 0.15111 4.7519 0.90694 0.0062438 3.5362 0.58831 0.97835 3.4556 0.71423 1.4842 1.9635 0.28239 2.2125 0.62314 0.50769 -0.96385 3.6459 0.46898 -1.4075 2.0944 0.21478 -1.8641 0.72904 0.76708 0.78108 -0.0079603 0.11555 0.62721 -1.8492 1.1157 0.92546 -3.6091 0.86072 -0.78108 0.0079603 -0.11555 -0.84849 -2.0857 0.047148 -0.61373 -3.0277 -1.4722
5 62 0 0.31047 4.738 0.92996 0.1056 3.5305 0.61338 1.0842 3.4318 0.61696 1.5568 1.936 0.1608 2.2962 0.5934 0.32905 -0.86964 3.658 0.61646 -1.3557 2.1126 0.40573 -1.7315 0.77085 1.066 0.78937 -0.01193 0.016027 0.78902 -1.8911 0.9557 1.0182 -3.6401 0.58219 -0.78937 0.01193 -0.016027 -0.8505 -2.0656 0.291 -0.73735 -2.9591 -1.271
5 63 0 0.26977 4.7311 0.97788 0.083396 3.5281 0.63558 1.0572 3.4281 0.73124 1.5853 1.9243 0.37279 2.2946 0.58629 0.66287 -0.88764 3.657 0.547 -1.3654 2.1161 0.29023 -1.7809 0.80167 0.9812 0.78557 -0.018999 0.077609 0.71929 -1.9236 0.96204 0.95439 -3.6543 0.51418 -0.78557 0.018999 -0.077609 -0.88932 -2.028 0.38404 -0.60388 -2.9825 -1.1187
5 64 0 0.21068 4.7273 1.0113 0.049604 3.5254 0.65269 1.0113 3.4214 0.83087 1.5775 1.9085 0.58729 2.256 0.59035 1.0113 -0.90985 3.6582 0.4819 -1.3658 2.1174 0.18748 -1.8376 0.82733 0.88799 0.7772 -0.021123 0.13786 0.6478 -1.9462 0.96957 0.89652 -3.6525 0.44294 -0.7772 0.021123 -0.13786 -0.93962 -1.9807 0.4792 -0.51475 -3.0641 -0.89792
5 66 12 0.31672 4.7213 1.0069 0.11717 3.5216 0.66004 1.0865 3.404 0.77813 1.6829 1.8873 0.66552 2.3917 0.65115 1.2549 -0.8491 3.6679 0.54924 -1.3045 2.1189 0.30021 -1.7197 0.83401 1.0447 0.78457 -0.024172 0.085817 0.69857 -1.9928 0.81479 0.84576 -3.6489 0.11731 -0.78457 0.024171 -0.085817 -0.87785 -1.8876 0.78068 -0.50607 -3.2602 -0.32776
5 67 12 0.25207 4.7216 1.0218 0.072249 3.5219 0.66375 1.0315 3.3999 0.84334 1.6529 1.8891 0.86064 2.3157 0.71191 1.604 -0.88432 3.6726 0.49166 -1.3106 2.1198 0.2166 -1.7696 0.8232 0.91363 0.77769 -0.021945 0.13497 0.64193 -2.0136 0.79016 0.79649 -3.6488 0.046531 -0.77769 0.021945 -0.13497 -0.90761 -1.8482 0.81365 -0.46526 -3.3493 -0.081924
5 70 24 0.22703 4.734 0.95694 0.043303 3.5294 0.62051 1.0112 3.4275 0.76223 1.6651 1.9467 0.98212 2.3248 0.96703 1.9734 -0.92217 3.66 0.48578 -1.3306 2.1004 0.22211 -1.7274 0.74196 0.83436 0.78671 0.00010967 0.067664 0.68849 -2.0663 0.43463 0.67014 -3.6687 -0.39165 -0.78671 -0.00010967 -0.067663 -0.80255 -1.7644 1.0731 -0.44165 -3.5008 0.74822
5 101 84 0.21783 4.7709 0.83104 0.079631 3.5339 0.59623 1.0555 3.456 0.50115 1.4622 1.9234 0.10809 2.1308 0.58653 0.4867 -0.89287 3.6408 0.69716 -1.3292 2.0811 0.4832 -1.5849 0.64672 0.98801 0.78813 0.0024366 -0.048463 0.76232 -1.8432 0.95508 0.83424 -3.6024 0.56641 -0.78813 -0.0024366 0.048463 -0.80317 -2.0969 0.21417 -0.84231 -3.016 -1.3365
5 102 84 0.18775 4.7667 0.86257 0.057476 3.5335 0.60464 1.0365 3.4515 0.55801 1.4746 1.9114 0.23402 2.13 0.57874 0.64901 -0.91835 3.6445 0.65768 -1.3552 2.0893 0.41461 -1.6274 0.67225 0.9583 0.78933 0.0040302 -0.020892 0.7343 -1.8784 0.91061 0.79835 -3.618 0.44081 -0.78933 -0.0040298 0.020891 -0.82914 -2.0785 0.35167 -0.78884 -2.9537 -1.2242
5 103 84 0.16636 4.7667 0.87495 0.051281 3.5351 0.60266 1.0313 3.4519 0.60309 1.4929 1.905 0.35243 2.1356 0.58276 0.81741 -0.92584 3.6472 0.60903 -1.353 2.0905 0.35825 -1.6464 0.69535 0.9457 0.78961 0.00067329 -0.0026414 0.70481 -1.9101 0.8669 0.76566 -3.6245 0.31201 -0.78961 -0.00067329 0.0026414 -0.84276 -2.0446 0.48614 -0.73501 -2.979 -1.0521
5 104 84 0.14897 4.7686 0.87343 0.046499 3.537 0.59639 1.026 3.4552 0.63214 1.5025 1.9016 0.46514 2.1167 0.59827 1.0145 -0.93038 3.6477 0.56758 -1.3404 2.0876 0.30917 -1.651 0.71629 0.94219 0.78949 -0.0021744 0.013909 0.67441 -1.9368 0.82522 0.73731 -3.6178 0.17631 -0.78949 0.0021744 -0.013909 -0.84845 -1.9991 0.62308 -0.69162 -3.07 -0.81895
6 0 48 0.32522 4.7141 1.0059 0.16011 3.4745 0.80608 1.1357 3.3527 0.83495 1.4291 1.8042 0.40513 1.9426 0.43396 0.89128 -0.81152 3.6253 0.78258 -1.4674 2.1336 0.66665 -2.1137 0.85687 1.2411 0.78946 -0.011706 -0.01079 0.72589 -1.9894 0.69559 1.1022 -3.7184 0.34927 -0.78946 0.011706 0.01079 -0.61354 -1.9967 0.60199 -0.88918 -3.6925 0.054901
6 1 48 0.24929 4.7103 1.0514 0.10866 3.4704 0.83693 1.0794 3.3443 0.93206 1.407 1.8001 0.51134 1.8576 0.42141 1.0346 -0.85847 3.6256 0.74778 -1.5189 2.1452 0.54478 -2.2417 0.88014 1.0495 0.78839 -0.012639 0.042259 0.68298 -1.9976 0.72281 1.0405 -3.7244 0.34682 -0.78839 0.012639 -0.042258 -0.66182 -1.9926 0.57214 -0.94513 -3.6856 0.02062
6 3 60 0.32206 4.7089 1.043 0.17037 3.4697 0.83449 1.145 3.3383 0.84577 1.4727 1.7971 0.41411 1.9514 0.43061 0.94434 -0.8 3.6301 0.82924 -1.4632 2.1534 0.60934 -2.1638 0.88754 1.1427 0.78937 -0.013711 -0.014604 0.73606 -2.0204 0.60573 0.95856 -3.7428 0.12146 -0.78936 0.013711 0.014604 -0.67914 -2.0012 0.59979 -0.94692 -3.6837 0.009564
6 4 60 0.26318 4.714 1.0387 0.12509 3.4741 0.82563 1.0976 3.3416 0.88852 1.4694 1.7993 0.49902 1.9405 0.45226 1.0832 -0.84346 3.6355 0.7689 -1.4708 2.1512 0.50069 -2.1873 0.86698 0.96451 0.78852 -0.016288 0.038402 0.68594 -2.0315 0.62389 0.89556 -3.7495 0.11843 -0.78852 0.016289 -0.038402 -0.74579 -2.0114 0.51033 -0.88523 -3.6867 -0.14133
6 5 60 0.20444 4.7177 1.0336 0.084709 3.4757 0.82219 1.0527 3.3491 0.94193 1.4615 1.8051 0.5989 1.9368 0.48342 1.2351 -0.87982 3.6312 0.70873 -1.4637 2.135 0.41014 -2.1766 0.83068 0.82021 0.78399 -0.020075 0.091976 0.62721 -2.0392 0.6514 0.83515 -3.7483 0.11592 -0.78399 0.020075 -0.091976 -0.79525 -2.0202 0.40934 -0.79049 -3.6909 -0.26878
6 7 72 0.31305 4.7299 0.94963 0.17576 3.4865 0.76066 1.1502 3.3538 0.77293 1.5801 1.8134 0.43945 2.2058 0.5319 1.0258 -0.79439 3.6481 0.75404 -1.3264 2.1214 0.51994 -1.9141 0.78706 1.0218 0.78873 -0.024261 0.028593 0.65689 -2.0553 0.54987 0.74183 -3.749 -0.062575 -0.78873 0.02426 -0.028592 -0.74214 -2.0215 0.44764 -0.67371 -3.684 -0.24703
6 8 72 0.25008 4.7371 0.94067 0.13035 3.4928 0.7463 1.1029 3.3634 0.81592 1.5778 1.8261 0.53328 2.2134 0.55959 1.1413 -0.83828 3.6511 0.68253 -1.3162 2.1107 0.4225 -1.885 0.77185 0.93397 0.78627 -0.02344 0.068752 0.61528 -2.0587 0.56149 0.69457 -3.745 -0.071714 -0.78627 0.02344 -0.068752 -0.75399 -2.0161 0.43465 -0.62034 -3.669 -0.27322
6 9 72 0.18466 4.741 0.94247 0.088858 3.4957 0.74138 1.0571 3.3742 0.86424 1.5659 1.8386 0.63648 2.1999 0.57914 1.2605 -0.87607 3.6462 0.62457 -1.3043 2.0955 0.34029 -1.8574 0.7579 0.87183 0.78279 -0.021254 0.10144 0.58256 -2.0594 0.57073 0.65595 -3.7384 -0.082422 -0.78279 0.021254 -0.10144 -0.75271 -2.0013 0.46647 -0.58488 -3.6334 -0.28133
6 30 72 0.056255 4.7534 0.93595 0.011287 3.5062 0.72724 0.99025 3.4472 0.80152 1.4428 1.9186 0.44479 1.9702 0.59665 1.0381 -0.96595 3.5942 0.65927 -1.3942 2.0192 0.58999 -1.7506 0.78456 1.4422 0.78848 -0.0099559 0.041169 0.84355 -2.0972 0.27526 1.0234 -3.0543 -1.2421 -0.78848 0.0099554 -0.041169 -0.68703 -1.9243 0.77278 -0.50866 -3.6724 0.36867
6 47 96 0.23792 4.7943 0.64067 0.12328 3.5406 0.51621 1.0668 3.4517 0.253 1.2657 1.9302 -0.30739 1.918 0.53598 -0.21597 -0.81596 3.6587 0.7831 -1.3118 2.1024 0.75627 -1.6174 0.69655 1.3111 0.78014 0.007441 -0.12177 0.82403 -1.8734 0.81361 0.82154 -3.6764 0.80809 -0.78014 -0.007441 0.12177 -0.86471 -2.0693 -0.27316 -1.0343 -3.2437 -1.6306
6 48 96 0.18249 4.7908 0.66932 0.07598 3.5372 0.53806 1.0293 3.4483 0.31307 1.2784 1.9174 -0.19982 1.9434 0.53769 -0.021651 -0.87326 3.6554 0.76686 -1.3746 2.1034 0.67232 -1.7038 0.67501 1.1507 0.78376 0.017538 -0.094399 0.78639 -1.9029 0.75769 0.75617 -3.7036 0.67079 -0.78376 -0.017538 0.094399 -0.90339 -2.1045 -0.11714 -1.0439 -3.1438 -1.5837
6 49 96 0.14435 4.7856 0.71374 0.049277 3.5334 0.56287 1.0121 3.4467 0.38188 1.3181 1.9105 -0.082 1.9899 0.55186 0.20195 -0.90967 3.6494 0.74819 -1.4205 2.1054 0.59284 -1.7362 0.66978 1.0585 0.78581 0.022165 -0.074207 0.7477 -1.9263 0.71076 0.69776 -3.7209 0.54369 -0.78581 -0.022166 0.074207 -0.91713 -2.1191 0.065132 -1.0079 -3.0519 -1.4751
6 50 96 0.12591 4.7861 0.73438 0.046818 3.5352 0.56678 1.0176 3.453 0.43175 1.3896 1.9109 0.041531 2.0653 0.57607 0.41496 -0.92033 3.6467 0.70664 -1.4289 2.1069 0.50887 -1.7351 0.67502 0.99239 0.78687 0.018054 -0.063359 0.71772 -1.9481 0.67398 0.6453 -3.7302 0.40952 -0.78687 -0.018055 0.063359 -0.90611 -2.1067 0.25723 -0.95452 -3.0256 -1.2933
6 51 96 0.11197 4.7887 0.73748 0.048755 3.5383 0.5601 1.0253 3.4598 0.47257 1.4622 1.9132 0.17956 2.1317 0.60451 0.6452 -0.92449 3.6459 0.65268 -1.4162 2.1051 0.42288 -1.7266 0.68729 0.94358 0.78707 0.014326 -0.061732 0.69157 -1.9651 0.63603 0.59589 -3.7273 0.26671 -0.78707 -0.014326 0.061732 -0.87575 -2.0762 0.45569 -0.90708 -3.0792 -1.0423
6 52 96 0.0976 4.791 0.7323 0.049045 3.5403 0.55149 1.0288 3.4677 0.50578 1.52 1.9197 0.32904 2.1803 0.64757 0.89762 -0.9279 3.642 0.60229 -1.3925 2.0958 0.35313 -1.717 0.69636 0.91343 0.7868 0.013187 -0.065322 0.67044 -1.9773 0.59718 0.55033 -3.7105 0.11508 -0.7868 -0.013186 0.065322 -0.82314 -2.0326 0.64419 -0.84945 -3.1844 -0.74273
6 53 96 0.080126 4.7923 0.72662 0.043324 3.5411 0.54587 1.0245 3.4751 0.52857 1.5541 1.9309 0.46778 2.2017 0.71275 1.1565 -0.93535 3.6362 0.5683 -1.3688 2.0826 0.3093 -1.7028 0.70199 0.90929 0.78692 0.013868 -0.063778 0.64567 -1.9922 0.54468 0.50867 -3.6937 -0.035877 -0.78692 -0.013868 0.063778 -0.76022 -1.9784 0.8082 -0.78511 -3.3081 -0.40922
