0 96 312 0.059797 4.8279 0.23568 0.056064 3.5755 0.10744 0.76779 3.583 -0.57135 2.0109 4.4369 -1.1992 2.104 5.8913 -0.69527 -0.65601 3.5979 0.78553 -1.1396 4.2401 2.2077 -0.52614 5.601 2.5939 0.55381 0.010407 -0.56274 0.86223 -2.0406 -0.2272 0.47949 -3.751 -0.65041 -0.55381 -0.010407 0.56274 -0.41812 -2.0732 0.93775 -1.065 -3.719 0.58558
0 98 300 0.041349 4.839 0.13715 0.061101 3.576 0.097418 0.90385 3.5582 -0.40936 2.2742 4.35 -0.0041698 2.2335 5.5639 0.94578 -0.7812 3.6235 0.60302 -0.99123 4.2146 2.1114 -0.013168 5.2522 2.6982 0.66378 0.0064335 -0.42761 0.90785 -2.0407 -0.022678 0.64717 -3.7559 -0.51371 -0.66378 -0.006433 0.42761 -0.59285 -2.0662 0.8358 -1.1263 -3.727 0.37974
1 12 132 0.6159 4.7346 0.65442 0.50024 3.4911 0.49595 1.2166 3.4742 -0.17776 1.8289 3.5627 -1.6897 2.5224 4.5406 -2.6596 -0.21464 3.5378 1.1699 -1.7372 3.3389 1.7275 -2.6401 4.0937 2.7239 0.54129 0.0038862 -0.57488 1.188 -1.9904 -0.71309 1.3794 -3.6013 -1.5 -0.54129 -0.0038857 0.57488 -0.79417 -1.9202 1.3983 -1.7623 -3.4288 1.2036
2 54 276 0.64887 1.9289 4.3752 0.54215 1.4864 3.1965 1.5166 1.471 3.064 1.819 1.007 1.5271 2.1617 -0.36042 0.90237 -0.4279 1.5108 3.357 -1.2039 1.0239 2.0045 -1.7208 -0.27887 1.3616 0.77498 0.027229 -0.14888 0.81699 -1.8727 0.7471 0.88998 -3.5904 0.20401 -0.77498 -0.027229 0.14888 -0.62653 -1.9391 1.0075 -0.78303 -3.5536 0.22023
2 55 276 0.62023 1.9539 4.3679 0.52399 1.5168 3.1861 1.4995 1.4961 3.0623 1.8175 1.2608 1.4773 2.2722 0.097194 0.57345 -0.4473 1.5466 3.338 -1.2555 1.2672 1.946 -1.931 0.15284 1.1216 0.77562 0.025459 -0.14581 0.80616 -1.8799 0.73894 0.88119 -3.5968 0.1934 -0.77562 -0.025459 0.14581 -0.63293 -1.9461 0.98539 -0.787 -3.5638 0.2042
2 56 276 0.58382 1.9422 4.3759 0.49662 1.5224 3.1868 1.4733 1.4976 3.0735 1.7958 1.4758 1.4722 2.3475 0.55327 0.3666 -0.47611 1.556 3.3283 -1.2963 1.4847 1.9173 -2.1121 0.56874 0.98286 0.77727 0.021492 -0.13746 0.79414 -1.8831 0.74934 0.87189 -3.5939 0.18515 -0.77727 -0.021492 0.13746 -0.64045 -1.945 0.97148 -0.79403 -3.5647 0.19437
2 57 276 0.55687 1.8792 4.4059 0.475 1.482 3.2089 1.4519 1.4539 3.0977 1.7695 1.6198 1.5039 2.3963 0.93059 0.2752 -0.49792 1.5184 3.3483 -1.3047 1.6398 1.933 -2.231 0.9053 0.94303 0.77881 0.016918 -0.12909 0.78954 -1.8724 0.78996 0.86481 -3.5716 0.19179 -0.77881 -0.016918 0.12909 -0.65052 -1.9307 0.98662 -0.79892 -3.5446 0.19668
2 58 276 0.52442 1.7787 4.4509 0.45429 1.4074 3.2447 1.4323 1.3749 3.1452 1.7289 1.6954 1.571 2.4108 1.1902 0.28364 -0.52005 1.4475 3.3727 -1.2924 1.7422 1.9637 -2.29 1.1201 0.96594 0.78013 0.012627 -0.12136 0.78815 -1.8454 0.85946 0.85658 -3.5255 0.20883 -0.78013 -0.012627 0.12136 -0.67121 -1.9024 1.0331 -0.80789 -3.5005 0.2096
2 59 276 0.48801 1.6634 4.4998 0.43394 1.3187 3.2854 1.4124 1.279 3.1935 1.6785 1.712 1.6409 2.4016 1.3134 0.33864 -0.54105 1.3656 3.4061 -1.2647 1.7821 2.002 -2.296 1.1928 1.0187 0.78139 0.010248 -0.11326 0.78186 -1.8044 0.94562 0.84363 -3.4552 0.22313 -0.78139 -0.010248 0.11326 -0.69487 -1.8631 1.1001 -0.80998 -3.4329 0.22075
2 60 276 0.45987 1.5685 4.5395 0.41662 1.2386 3.3211 1.395 1.1953 3.2306 1.6335 1.6679 1.6851 2.3731 1.2769 0.38976 -0.55837 1.2887 3.4405 -1.2302 1.7386 2.0211 -2.2627 1.1176 1.0587 0.78201 0.010645 -0.10885 0.77231 -1.7535 1.0321 0.82678 -3.3666 0.22831 -0.78201 -0.010645 0.10885 -0.71 -1.8188 1.1764 -0.81595 -3.3453 0.22279
2 61 276 0.42632 1.5293 4.558 0.39586 1.1956 3.3404 1.375 1.1451 3.2617 1.5849 1.5626 1.6963 2.323 1.0738 0.43378 -0.5801 1.253 3.4479 -1.217 1.6294 1.9914 -2.2257 0.8901 1.0895 0.78283 0.0082362 -0.10299 0.76483 -1.6987 1.122 0.81216 -3.2607 0.22264 -0.78283 -0.0082364 0.10299 -0.72222 -1.7684 1.2487 -0.81826 -3.239 0.21005
2 62 276 0.39746 1.5726 4.5496 0.37407 1.2132 3.3388 1.3539 1.1632 3.2695 1.5472 1.4061 1.6656 2.2638 0.70331 0.49501 -0.60289 1.2707 3.4368 -1.2186 1.4354 1.9327 -2.1716 0.49515 1.1677 0.78396 -0.0022628 -0.094319 0.76606 -1.6419 1.2193 0.79637 -3.1332 0.20638 -0.78396 0.0022628 0.094319 -0.74494 -1.7072 1.3152 -0.82474 -3.1108 0.18625
2 63 276 0.36901 1.7299 4.4968 0.35644 1.3166 3.3032 1.3368 1.2596 3.2481 1.5318 1.18 1.6281 2.2094 0.18074 0.66894 -0.62135 1.3824 3.3866 -1.2352 1.1872 1.8853 -2.0776 -0.0037353 1.3856 0.78447 -0.012081 -0.089212 0.78051 -1.5914 1.2964 0.78999 -2.9925 0.16148 -0.78447 0.012081 0.089212 -0.77796 -1.648 1.377 -0.84283 -2.9694 0.15212
2 64 276 0.33507 2.0029 4.3843 0.33562 1.5079 3.2227 1.3162 1.4472 3.1767 1.5303 0.91296 1.6478 2.1416 -0.39513 1.1066 -0.64257 1.579 3.2966 -1.2511 0.91435 1.934 -1.9082 -0.47942 1.8761 0.785 -0.018372 -0.083275 0.80774 -1.5341 1.3715 0.80108 -2.8297 0.1176 -0.785 0.018372 0.083275 -0.81684 -1.594 1.4299 -0.86684 -2.82 0.10882
2 65 276 0.30602 2.3653 4.2033 0.31061 1.7516 3.1016 1.2915 1.6898 3.0635 1.5278 0.6498 1.8261 2.0413 -0.79805 1.9591 -0.66796 1.826 3.1665 -1.2218 0.67543 2.1476 -1.6344 -0.72126 2.6543 0.78556 -0.019672 -0.077537 0.83806 -1.469 1.4426 0.8064 -2.6744 0.10208 -0.78556 0.019672 0.077537 -0.85985 -1.5538 1.4678 -0.88121 -2.68 0.059861
2 66 276 0.28342 2.7471 3.9675 0.28586 2.0097 2.9473 1.2671 1.9504 2.9166 1.5166 0.49018 2.228 1.9177 -0.70183 3.1201 -0.69326 2.0838 3.0037 -1.1343 0.57717 2.5516 -1.2789 -0.55439 3.589 0.78586 -0.016834 -0.075084 0.84928 -1.4613 1.4493 0.79821 -2.5888 0.043255 -0.78586 0.016834 0.075084 -0.89813 -1.5408 1.4805 -0.88423 -2.5713 0.001043
