0 2 120 -0.51858 4.815 0.15056 -0.30047 3.5708 0.13006 -0.343 3.4839 1.1088 -0.34793 2.4846 2.4012 -1.0354 2.7575 3.7542 -0.2624 3.6869 -0.84586 -0.85197 2.5954 -1.9087 -2.2434 2.4463 -2.5563 -0.15289 -0.034411 0.77391 -1.1216 -1.8749 0.47645 -1.092 -3.6488 0.79828 0.15289 0.034411 -0.77391 0.36636 -2.0539 -0.68573 1.2685 -3.5488 -0.23616
0 3 108 -0.58006 4.8081 0.14026 -0.34 3.5677 0.10904 -0.40759 3.4727 1.0857 -0.28655 2.4949 2.3887 -0.85883 2.7822 3.7915 -0.27747 3.6919 -0.86462 -0.90291 2.58 -1.885 -2.3412 2.423 -2.4181 -0.23545 -0.039397 0.75267 -1.1813 -1.8538 0.27541 -1.2382 -3.6307 0.57602 0.23545 0.039397 -0.75267 0.46988 -2.0407 -0.57175 1.2915 -3.5261 0.035817
0 4 96 -0.63423 4.8022 0.12135 -0.37118 3.5659 0.075221 -0.46879 3.4677 1.049 -0.22508 2.5219 2.3585 -0.6824 2.8389 3.7965 -0.27919 3.6931 -0.89571 -0.9404 2.5689 -1.8794 -2.4175 2.412 -2.2932 -0.32142 -0.042154 0.72001 -1.2004 -1.8364 0.070208 -1.3356 -3.6162 0.32559 0.32142 0.042153 -0.72001 0.54227 -2.0309 -0.45893 1.2585 -3.5013 0.29981
0 9 36 -0.80738 4.7618 -0.20255 -0.44162 3.5507 -0.21633 -0.81413 3.4648 0.68988 -0.3076 2.6527 2.0137 -0.38183 3.0302 3.5069 -0.076107 3.6656 -1.1222 -0.91533 2.4949 -1.8928 -2.4571 2.4684 -1.8993 -0.69169 -0.059207 0.37623 -0.74348 -1.7405 -0.88275 -0.99973 -3.5245 -0.93144 0.6917 0.059207 -0.37623 0.62332 -1.981 0.12095 0.38136 -3.3802 1.232
0 10 36 -0.83448 4.7571 -0.13987 -0.46434 3.5494 -0.19922 -0.73263 3.4719 0.74385 -0.0049199 2.664 1.9631 0.19444 3.0016 3.4544 -0.2029 3.6559 -1.1414 -1.1996 2.4832 -1.6892 -2.692 2.4843 -1.3012 -0.66544 -0.0623 0.42048 -0.74815 -1.7269 -0.85875 -0.99746 -3.5113 -0.92891 0.66544 0.0623 -0.42048 0.60821 -1.9714 0.10406 0.39042 -3.3658 1.2262
0 11 24 -0.80603 4.7522 -0.27814 -0.42289 3.5479 -0.29751 -0.79657 3.4789 0.60966 -0.18794 2.6587 1.8846 -0.083697 2.9378 3.3975 -0.056138 3.6458 -1.2049 -1.0684 2.4795 -1.7375 -2.5406 2.5142 -1.2803 -0.7227 -0.058336 0.31272 -0.58234 -1.7182 -0.96765 -0.79393 -3.503 -1.1117 0.7227 0.058336 -0.31272 0.56406 -1.9725 0.20191 0.13326 -3.3547 1.2766
0 17 36 -0.79907 4.7532 -0.29645 -0.4311 3.544 -0.34883 -0.62719 3.5096 0.61435 0.039826 2.574 1.7756 0.23348 2.676 3.302 -0.24251 3.6073 -1.3121 -1.4166 2.4895 -1.1103 -1.9968 2.7971 0.28479 -0.63198 -0.027241 0.4726 -0.83706 -1.7439 -0.72132 -1.0363 -3.5228 -0.93734 0.63198 0.027241 -0.4726 0.5622 -2.0116 0.030021 0.39175 -3.3774 1.1947
0 19 48 -0.72937 4.7674 -0.30903 -0.38985 3.5486 -0.34735 -0.60277 3.5092 0.61206 0.0035583 2.5621 1.797 0.079363 2.6891 3.3319 -0.18393 3.617 -1.3067 -1.3938 2.5205 -1.2558 -2.1114 2.7515 0.089256 -0.61254 -0.01656 0.49801 -0.94335 -1.7526 -0.63823 -1.1757 -3.5361 -0.76497 0.61254 0.01656 -0.49801 0.62909 -2.0492 -0.11505 0.6285 -3.4127 1.0647
0 20 60 -0.72042 4.7724 -0.25803 -0.39883 3.55 -0.32389 -0.53657 3.5151 0.64933 0.13301 2.5626 1.7953 0.27706 2.7005 3.3243 -0.26783 3.614 -1.2966 -1.4915 2.5329 -1.2446 -2.2542 2.7034 0.084615 -0.55922 -0.010969 0.55736 -1.0478 -1.7648 -0.49123 -1.2968 -3.5503 -0.52601 0.55922 0.010969 -0.55736 0.63821 -2.0688 -0.27007 0.83497 -3.4325 0.89295
0 21 60 -0.64658 4.7776 -0.36877 -0.3334 3.5512 -0.38222 -0.61364 3.523 0.56013 -0.14779 2.5706 1.803 -0.28706 2.7214 3.3312 -0.059641 3.6085 -1.3252 -1.2771 2.5424 -1.5487 -2.3817 2.6562 -0.47895 -0.61993 -0.0042086 0.48905 -1.0347 -1.7775 -0.55872 -1.2838 -3.5632 -0.55525 0.61993 0.0042086 -0.48905 0.69843 -2.086 -0.29138 0.84121 -3.455 0.87323
0 29 144 -0.6188 4.8075 -0.11669 -0.37098 3.5656 -0.14239 -0.52884 3.5337 0.82788 -0.42975 2.6006 2.1651 -1.1896 2.7319 3.5004 -0.21872 3.6268 -1.1122 -1.1704 2.6955 -2.0585 -2.5398 2.5792 -2.7578 -0.31127 -0.0054746 0.72566 -1.0882 -1.9529 0.59036 -0.73756 -3.6661 1.0294 0.31127 0.0054746 -0.72566 0.070691 -2.0499 -1.0887 0.91212 -3.631 -0.88086
0 30 156 -0.60968 4.8102 -0.073575 -0.36561 3.5678 -0.10978 -0.47032 3.5378 0.86772 -0.43973 2.5901 2.198 -1.3116 2.6818 3.4666 -0.26641 3.627 -1.0865 -1.1502 2.7323 -2.1291 -2.4647 2.6389 -2.9298 -0.22746 0.00050831 0.75615 -0.96305 -1.9675 0.74478 -0.50377 -3.6693 1.1241 0.22746 -0.00050831 -0.75615 -0.12047 -2.0408 -1.1172 0.70581 -3.6431 -1.0886
0 38 228 -0.52969 4.8187 -0.076008 -0.31193 3.5727 -0.030187 -0.4883 3.5538 0.93723 -1.3921 2.4149 1.6821 -2.9211 2.284 1.5314 -0.14016 3.6212 -0.99741 0.28986 2.8648 -2.38 0.13681 3.0196 -3.9066 0.15208 0.031559 0.77419 0.023568 -2.0581 0.95105 0.83356 -3.6441 0.66923 -0.15208 -0.031559 -0.77419 -1.0291 -1.9382 -0.67465 -0.88122 -3.6637 -1.1761
0 39 240 -0.52608 4.8166 -0.10124 -0.30711 3.5725 -0.037644 -0.45317 3.5589 0.9349 -1.3691 2.3956 1.6252 -2.8807 2.2715 1.3471 -0.16549 3.6156 -1.01 0.33294 2.8218 -2.3479 0.27417 2.98 -3.8806 0.22859 0.04159 0.75466 0.19192 -2.0558 0.87297 0.96946 -3.628 0.45528 -0.22859 -0.041591 -0.75466 -1.1337 -1.919 -0.48931 -1.1062 -3.6552 -0.97493
0 40 252 -0.53401 4.8123 -0.098542 -0.30591 3.5722 -0.016729 -0.41624 3.5646 0.96058 -1.3392 2.3792 1.6022 -2.8211 2.2662 1.1914 -0.19988 3.6093 -0.99384 0.36107 2.7794 -2.2843 0.36651 2.9162 -3.8202 0.31021 0.043852 0.72481 0.33867 -2.0562 0.78284 1.057 -3.6132 0.22551 -0.31021 -0.043852 -0.72481 -1.196 -1.8982 -0.28746 -1.2775 -3.6455 -0.72449
0 43 276 -0.55403 4.7911 -0.13508 -0.28929 3.5721 0.023102 -0.39974 3.5874 1.0003 -1.4217 2.347 1.2933 -2.5956 2.2763 0.29592 -0.18274 3.5863 -0.95455 0.7443 2.6691 -1.9385 1.2032 2.5983 -3.4089 0.44592 0.046121 0.65002 0.55257 -2.0509 0.57739 1.0879 -3.5737 -0.22613 -0.44592 -0.046121 -0.65002 -1.2108 -1.8424 0.12616 -1.4397 -3.6119 -0.13363
0 107 168 -0.39095 4.8283 0.044291 -0.34644 3.5692 0.032775 -0.59444 3.4932 0.9815 -1.4083 2.0794 0.8949 -2.7277 1.6964 0.19473 -0.10267 3.6747 -0.91423 -0.8829 2.3771 -1.5276 -2.3323 1.8546 -1.4658 -0.18795 -0.013959 0.7668 -0.66405 -2.0574 0.65818 -0.082054 -3.7492 0.88196 0.18795 0.013959 -0.7668 -0.19926 -2.0385 -0.9942 0.43178 -3.7272 -1.024
1 31 348 -1.0543 4.7039 -0.3362 -0.88754 3.4551 -0.22312 -1.04 3.4778 0.74828 -0.98833 2.7202 2.1947 -1.5161 2.8468 3.638 -0.73911 3.462 -1.1954 -0.20392 2.4695 -2.3775 -0.49794 2.3572 -3.887 -0.081548 0.026104 0.78496 -0.65061 -1.9708 1.1059 -0.10893 -3.5966 1.6663 0.081548 -0.026104 -0.78496 -0.24432 -2.0451 -1.2662 0.63435 -3.5379 -1.7668
1 32 348 -1.1827 4.6708 -0.38326 -0.99081 3.4259 -0.26279 -1.1403 3.4613 0.70868 -1.0036 2.459 1.9914 -1.602 2.2151 3.3915 -0.84655 3.4198 -1.2357 -0.28084 2.2658 -2.2441 -0.59886 1.7836 -3.6738 -0.076938 0.034796 0.78509 -0.71116 -1.9584 0.9827 -0.14217 -3.6289 1.3525 0.076938 -0.034796 -0.78509 -0.40794 -2.0421 -1.1721 0.50335 -3.5649 -1.491
1 33 348 -1.3176 4.633 -0.4185 -1.0955 3.3957 -0.28218 -1.2542 3.4379 0.68757 -1.0326 2.2415 1.7777 -1.6523 1.6371 3.0537 -0.94359 3.3824 -1.2538 -0.36675 2.0927 -2.074 -0.6875 1.2928 -3.3527 -0.071964 0.039126 0.78536 -0.76659 -1.9433 0.82739 -0.13451 -3.6239 0.992 0.071964 -0.039126 -0.78536 -0.59756 -2.0099 -1.072 0.37135 -3.5296 -1.1228
1 43 348 -1.195 4.6858 -0.24512 -0.96447 3.4454 -0.15159 -1.1356 3.4469 0.81696 -0.88545 2.0194 1.571 -1.4619 1.1728 2.7237 -0.79952 3.4731 -1.1208 -0.44615 2.0378 -1.8164 -0.98312 1.3121 -3.0665 -0.10787 -0.0020561 0.78221 -0.83217 -1.9713 0.67349 -0.082492 -3.6086 0.7633 0.10787 0.0020561 -0.78221 -0.63185 -1.9452 -1.0566 0.21242 -3.5193 -0.81096
2 106 168 -1.6443 4.5401 -0.44197 -1.2705 3.3423 -0.30538 -1.4567 3.3338 0.66034 -0.58044 2.1186 1.3117 -0.4149 0.81308 2.1154 -1.0953 3.3785 -1.2725 -0.15739 2.0535 -1.4556 0.15766 0.56314 -1.6946 -0.15199 0.014305 0.77472 -0.9722 -1.9131 0.61182 -0.33722 -3.5815 0.86541 0.15199 -0.014305 -0.77472 -0.56159 -1.9831 -0.94504 0.28345 -3.5712 -0.82333
2 107 168 -1.5288 4.5811 -0.42371 -1.1888 3.3721 -0.29302 -1.3694 3.3687 0.6738 -0.52382 2.1341 1.3291 -0.41279 0.83203 2.1476 -1.0183 3.4035 -1.2612 -0.14671 2.0354 -1.4539 0.10723 0.5354 -1.7054 -0.1491 0.015688 0.77526 -0.91074 -1.937 0.62915 -0.29798 -3.6122 0.8919 0.1491 -0.015688 -0.77526 -0.48341 -2.0137 -0.92444 0.33622 -3.6159 -0.81487
4 1 168 -1.1605 4.6913 0.12003 -0.82724 3.4778 -0.023701 -0.96575 3.3276 0.93839 -0.79941 1.7307 1.2397 -2.1588 1.012 1.1244 -0.69678 3.6565 -0.98205 -0.027915 2.2471 -1.4669 -0.58738 0.92765 -2.0358 -0.077328 0.024606 0.78544 -0.5903 -1.996 0.52375 0.064168 -3.6748 0.45904 0.077328 -0.024606 -0.78544 -0.71826 -1.969 -0.81128 0.6652 -3.1002 -0.57167
4 2 168 -1.2173 4.6781 0.11973 -0.8672 3.469 -0.019921 -1.0057 3.3185 0.94212 -0.874 1.7179 1.2413 -2.2717 1.0958 1.0489 -0.737 3.6478 -0.97826 -0.012118 2.2656 -1.4607 -0.58074 0.95206 -2.0342 -0.072314 0.023084 0.78596 -0.50546 -2.017 0.53118 0.23213 -3.6611 0.47152 0.072314 -0.023084 -0.78596 -0.87306 -1.8994 -0.79253 0.35065 -3.2083 -0.59225
4 3 168 -1.2847 4.6605 0.10886 -0.90965 3.4583 -0.02592 -1.0433 3.306 0.93653 -0.93227 1.7051 1.2422 -2.3618 1.1939 0.97239 -0.78485 3.6388 -0.98467 -0.0034916 2.285 -1.4594 -0.5991 0.9804 -2.0259 -0.069855 0.023639 0.78617 -0.39056 -2.0382 0.54073 0.40767 -3.6539 0.48425 0.069855 -0.023639 -0.78617 -0.99054 -1.8374 -0.77435 0.025866 -3.3146 -0.58541
4 4 168 -1.3266 4.6506 0.08402 -0.9466 3.449 -0.040345 -1.0854 3.3011 0.92206 -0.98053 1.7009 1.2339 -2.429 1.2903 0.90059 -0.81716 3.6249 -0.99932 0.021949 2.3024 -1.4634 -0.63321 1.0192 -2.0129 -0.066947 0.025833 0.78635 -0.23983 -2.0559 0.56102 0.60097 -3.6498 0.50344 0.066947 -0.025833 -0.78635 -1.0823 -1.7845 -0.76269 -0.30971 -3.4009 -0.55978
4 34 228 -1.0389 4.6321 -0.99737 -0.74792 3.4186 -0.7821 -0.99992 3.5614 0.15782 -0.91613 2.1472 0.97122 -2.3725 1.7311 0.68195 -0.5031 3.3041 -1.7278 0.50643 2.0221 -1.6493 -0.84451 1.4667 -2.1434 -0.12973 0.1526 0.76379 0.23332 -1.875 1.1778 1.75 -2.788 1.5198 0.12973 -0.1526 -0.76379 -0.99267 -1.9144 -0.53885 -0.77369 -3.4824 0.32384
4 45 264 -0.86731 4.7307 -0.53139 -0.65116 3.4831 -0.51853 -0.64234 3.5232 0.46416 0.19724 2.3478 1.2272 -1.3216 2.0999 1.131 -0.66591 3.4723 -1.5019 -0.1983 1.9448 -1.8438 -1.6672 1.5651 -1.5686 -0.17436 0.10154 0.7634 -1.1687 -1.7491 0.73366 -1.1086 -3.4847 1.2184 0.17436 -0.10154 -0.7634 0.19578 -2.1628 -0.35722 1.8158 -2.8127 0.094491
4 47 276 -0.97847 4.6955 -0.53727 -0.74844 3.4523 -0.57155 -0.71404 3.4837 0.41089 -0.23566 2.2842 1.4115 -1.7389 2.2461 1.0702 -0.78979 3.45 -1.5542 -0.096563 2.005 -1.8708 -1.5108 1.3962 -1.7877 -0.063261 0.15112 0.77244 -1.1245 -1.6612 0.83119 -0.47597 -3.2744 1.3085 0.063261 -0.15112 -0.77244 -0.42546 -2.1757 -0.49601 1.3396 -2.4518 -0.25262
4 51 288 -1.0349 4.6471 -0.82555 -0.80355 3.4067 -0.7546 -1.0859 3.4704 0.1854 -1.0027 2.263 1.2827 -2.3148 2.1598 0.47939 -0.52801 3.3719 -1.6981 0.50662 2.1204 -1.8775 -0.82275 1.4312 -2.2455 -0.14344 0.16118 0.75957 -0.24782 -1.9208 1.0217 0.70406 -3.4064 1.3928 0.14344 -0.16118 -0.75957 -1.1864 -1.7853 -0.66913 -0.048658 -3.0238 -0.019057
4 54 300 -0.97558 4.639 -0.98492 -0.76053 3.4028 -0.82326 -1.0422 3.5259 0.11103 -0.73406 2.2585 1.0947 -2.1172 1.8346 0.56097 -0.48489 3.3084 -1.7627 0.59737 2.0856 -1.8089 -0.75542 1.451 -2.1895 -0.13751 0.1708 0.75856 0.21258 -1.8646 1.1446 1.3634 -3.1996 1.5242 0.13751 -0.1708 -0.75856 -0.99117 -1.919 -0.46823 -0.55843 -3.5373 0.19848
5 15 144 -0.87447 4.7652 -0.25416 -0.60642 3.5282 -0.21248 -0.85282 3.5362 0.73966 -0.3638 2.06 1.2402 -0.8276 0.69703 1.7923 -0.36676 3.5492 -1.1662 -0.48722 1.9716 -1.5729 -1.5797 0.93983 -1.9187 -0.27793 -0.022441 0.73875 -1.4538 -1.6909 0.24091 -1.7451 -3.4633 0.39847 0.27793 0.022442 -0.73875 0.11114 -2.0674 -0.60017 0.99309 -3.5339 -0.032441
5 17 156 -0.9215 4.7634 -0.05121 -0.63471 3.53 -0.070433 -0.73858 3.5145 0.90749 -0.14225 2.0494 1.3155 -0.39751 0.6678 1.9509 -0.53805 3.5743 -1.0482 -0.65851 1.9913 -1.4336 -1.7469 0.91481 -1.6183 -0.16436 -0.029342 0.77177 -1.3943 -1.6995 0.43712 -1.804 -3.4474 0.60464 0.16436 0.029342 -0.77177 0.20794 -2.0633 -0.5891 1.2465 -3.4791 -0.17967
5 18 156 -0.91438 4.7648 -0.048687 -0.63006 3.5309 -0.071051 -0.75858 3.5063 0.90375 -0.17088 2.0415 1.3254 -0.40537 0.65679 1.962 -0.50874 3.5843 -1.0456 -0.55952 1.9985 -1.4347 -1.5735 0.86129 -1.6719 -0.18329 -0.030692 0.76744 -1.3902 -1.7117 0.40427 -1.7338 -3.4742 0.56708 0.18329 0.030692 -0.76744 0.3018 -2.0576 -0.56886 1.3836 -3.4409 -0.16009
5 19 156 -0.92712 4.7616 -0.079535 -0.64407 3.5274 -0.10392 -0.79148 3.494 0.86795 -0.22165 2.025 1.2994 -0.45125 0.64007 1.9372 -0.50388 3.5897 -1.0754 -0.44927 2.0049 -1.468 -1.3737 0.807 -1.7648 -0.20247 -0.02099 0.76293 -1.3877 -1.7121 0.3763 -1.6508 -3.4876 0.54813 0.20247 0.02099 -0.76293 0.37979 -2.0626 -0.5587 1.5141 -3.4035 -0.15116
6 37 336 -0.85593 4.7706 -0.034418 -0.64047 3.5245 -0.080475 -0.73581 3.4527 0.8958 -0.31239 1.9284 1.3034 -0.98917 0.6214 1.7631 -0.55139 3.6254 -1.0548 -0.8565 2.1325 -1.6438 -2.0398 1.2386 -2.0664 -0.16138 -0.0093427 0.7729 -1.2485 -1.7832 0.47989 -1.3294 -3.583 0.55256 0.16138 0.0093431 -0.7729 -0.096917 -2.0709 -0.63111 0.64632 -3.6719 -0.26314
6 38 336 -0.83969 4.7739 -0.042258 -0.62619 3.5273 -0.079416 -0.73754 3.4545 0.89509 -0.29377 1.9363 1.3033 -0.90292 0.59688 1.7645 -0.52107 3.6292 -1.052 -0.83486 2.1375 -1.6396 -2.0353 1.2659 -2.0604 -0.18135 -0.013171 0.7684 -1.2523 -1.794 0.45843 -1.6368 -3.5555 0.44583 0.18135 0.013171 -0.7684 0.047817 -2.0774 -0.60744 0.79791 -3.6709 -0.22154
6 39 336 -0.82729 4.7764 -0.054161 -0.61491 3.5296 -0.080707 -0.74664 3.4556 0.89116 -0.28455 1.9436 1.3024 -0.81768 0.57304 1.7661 -0.4894 3.6327 -1.0507 -0.79326 2.1382 -1.6362 -1.9926 1.267 -2.0607 -0.20143 -0.015753 0.76333 -1.2468 -1.8119 0.45472 -1.841 -3.5113 0.35419 0.20143 0.015752 -0.76333 0.17365 -2.0769 -0.57825 0.94694 -3.6562 -0.17989
6 40 336 -0.81375 4.7791 -0.062486 -0.60353 3.532 -0.082315 -0.75896 3.4565 0.88593 -0.28386 1.95 1.3025 -0.73954 0.55444 1.7741 -0.45435 3.6366 -1.0488 -0.73153 2.1346 -1.6285 -1.9089 1.24 -2.0657 -0.21688 -0.016871 0.75906 -1.2461 -1.8224 0.45078 -1.922 -3.4871 0.29903 0.21688 0.016871 -0.75906 0.28565 -2.0723 -0.54705 1.093 -3.6327 -0.1417
6 41 336 -0.79862 4.7816 -0.05959 -0.58997 3.5344 -0.08022 -0.75575 3.4533 0.88586 -0.27499 1.9508 1.31 -0.66278 0.53896 1.7938 -0.43041 3.6446 -1.0445 -0.65884 2.1315 -1.6165 -1.7924 1.1888 -2.0682 -0.22686 -0.017474 0.75613 -1.2407 -1.8304 0.4403 -1.9043 -3.4986 0.27438 0.22686 0.017474 -0.75613 0.3863 -2.0641 -0.51976 1.2382 -3.5986 -0.10697
6 42 336 -0.78055 4.7843 -0.05662 -0.57743 3.5362 -0.075535 -0.75586 3.4544 0.88822 -0.26914 1.9547 1.3156 -0.60718 0.53621 1.817 -0.40511 3.6472 -1.0375 -0.56872 2.1237 -1.6039 -1.6341 1.1111 -2.07 -0.2387 -0.020017 0.75241 -1.2536 -1.8255 0.39928 -1.8099 -3.535 0.26162 0.2387 0.020018 -0.75241 0.48167 -2.0522 -0.50532 1.3845 -3.5533 -0.078018
