0 85 12 0.46306 4.8165 -0.04464 0.37228 3.5547 -0.053901 0.035299 3.5611 -0.97789 -0.64363 2.0752 -0.96886 -1.3431 0.91986 -1.7129 0.70985 3.5781 0.8696 0.42651 2.055 1.388 0.71939 0.97118 2.4449 -0.2203 0.017418 -0.75806 0.30104 -2.013 -0.89982 -0.31582 -3.6993 -0.73616 0.2203 -0.017417 0.75806 0.75625 -2.0463 0.86098 -0.0028308 -3.6443 1.209
0 112 24 0.17789 4.8407 -0.17623 0.13938 3.5778 -0.13216 -0.23232 3.5047 -1.0398 -0.47428 1.8896 -1.0817 0.070464 0.62805 -1.7813 0.51169 3.6806 0.77238 0.49264 2.0948 1.1646 1.4078 0.87476 1.3917 -0.26332 -0.012753 -0.74431 0.051396 -2.0883 -0.82937 -0.6231 -3.7545 -0.68828 0.26332 0.012753 0.74431 0.62231 -2.0574 0.74756 0.091304 -3.7341 1.1443
0 113 24 0.16678 4.8373 -0.17152 0.12098 3.5745 -0.12809 -0.24307 3.5063 -1.0392 -0.6216 1.9172 -1.0243 -0.45913 0.616 -1.8356 0.48483 3.6724 0.78042 0.31366 2.1023 1.198 1.0462 0.87623 1.7793 -0.25142 -0.01685 -0.74833 0.039957 -2.0965 -0.81466 -0.65976 -3.7525 -0.67644 0.25142 0.01685 0.74833 0.59322 -2.0561 0.76497 0.055418 -3.7322 1.1552
0 116 168 -0.1603 4.7891 -0.01139 -0.10481 3.5411 0.038772 -0.39207 3.5173 0.97913 0.1453 2.0434 1.4349 0.35197 1.2588 2.7461 0.18545 3.5944 -0.89945 0.78857 2.1107 -1.2215 1.6387 1.454 -2.3276 -0.25812 -0.022976 0.74588 -0.47577 -2.1097 0.63326 0.22424 -3.7397 0.95558 0.25812 0.022976 -0.74588 0.029738 -2.0558 -0.94776 0.72519 -3.7193 -0.94079
3 0 312 -0.22594 4.7831 0.52325 -0.047993 3.5799 0.20351 -0.58019 3.6298 -0.62211 -0.15774 2.6035 -1.8208 1.2428 2.7645 -2.4455 0.4805 3.5594 1.0327 -0.07736 2.3761 2.0111 0.26088 1.0313 2.6855 -0.53831 0.04355 -0.57604 -0.28861 -2.0321 -0.36729 -0.28426 -3.8047 -0.037441 0.53831 -0.04355 0.57604 1.7702 -1.4985 -0.30698 0.42242 -1.9578 0.79905
3 1 108 0.47332 4.7818 -0.35369 0.17719 3.578 -0.14171 0.30695 3.6281 0.83195 -0.70983 2.7781 1.7872 -2.2125 3.1215 1.7457 0.052301 3.5572 -1.1171 1.0806 2.4878 -1.8009 1.223 1.2337 -2.6867 0.25487 0.031661 0.74668 0.20692 -2.0456 0.43545 0.42734 -3.8057 0.11231 -0.25487 -0.031661 -0.74668 -1.9209 -1.2117 -0.25053 -0.32389 -1.8607 -0.77911
3 7 300 -0.26046 4.7951 0.44375 -0.041295 3.5776 0.20146 -0.4639 3.613 -0.68596 0.18714 2.3106 -1.4267 1.686 2.4355 -1.7666 0.37719 3.5716 1.0915 -0.029751 2.1343 1.7528 0.47398 0.74223 2.1841 -0.43449 0.05957 -0.65664 -0.85136 -1.9223 -0.097535 -1.2753 -3.5907 0.43883 0.43449 -0.05957 0.65664 1.5954 -1.562 -0.24297 1.3366 -3.3459 -0.28318
3 8 288 -0.31493 4.7946 0.38049 -0.040355 3.5788 0.1923 -0.30591 3.6038 -0.75439 0.26957 2.1543 -1.2406 1.7961 1.9608 -1.3403 0.22041 3.5831 1.1406 -0.089223 2.045 1.5956 0.56807 0.68045 1.885 -0.29885 0.065195 -0.72797 -0.91571 -1.8845 -0.24564 -1.4938 -3.5316 0.2055 0.29885 -0.065195 0.72797 1.3909 -1.7604 0.13783 1.1837 -3.5405 -0.059617
3 14 300 -0.29891 4.814 -0.037067 -0.019048 3.5839 -0.061171 -0.38737 3.4785 -0.96703 -0.19524 1.8738 -1.2054 0.9024 0.81242 -1.4207 0.34434 3.7186 0.84279 0.47826 2.1243 1.1727 1.6305 1.6176 0.28203 -0.31214 0.01403 -0.72517 0.24273 -1.9601 -1.1826 -1.3961 -2.1338 -0.45115 0.31214 -0.01403 0.72517 0.26981 -2.0532 0.22105 0.11129 -3.8059 -0.17126
3 15 312 -0.33369 4.8118 0.015535 -0.05654 3.5833 -0.052105 -0.51109 3.4788 -0.91804 -0.31435 1.8742 -1.1532 0.78962 0.83342 -1.4282 0.39273 3.717 0.81255 0.55006 2.1289 1.1616 1.5341 1.3943 0.22907 -0.36103 0.012243 -0.70214 0.24156 -1.914 -1.2858 -1.3294 -1.7791 -0.41115 0.36103 -0.012243 0.70214 0.16498 -2.0576 0.26358 -0.010718 -3.806 -0.14044
3 16 324 -0.32204 4.8133 0.10458 -0.070945 3.5841 -0.01935 -0.5747 3.4964 -0.85952 -0.38197 1.894 -1.1123 0.76424 0.90181 -1.3941 0.4274 3.7012 0.82048 0.58515 2.1161 1.1831 1.4526 1.1597 0.34023 -0.39496 0.015402 -0.68357 0.26702 -1.8653 -1.3462 -1.2409 -1.5516 -0.40879 0.39496 -0.015402 0.68357 0.1317 -2.0612 0.28389 -0.11137 -3.8103 -0.079847
3 17 336 -0.28641 4.8167 0.182 -0.074359 3.5859 0.015515 -0.60654 3.5187 -0.80888 -0.41771 1.9238 -1.108 0.76983 0.97018 -1.3488 0.45258 3.6824 0.84037 0.5963 2.0938 1.1929 1.425 0.96584 0.54571 -0.42237 0.016677 -0.66695 0.30816 -1.8252 -1.3655 -1.1755 -1.4938 -0.39602 0.42237 -0.016678 0.66695 0.10896 -2.065 0.31993 -0.18101 -3.8165 0.0050663
3 18 348 -0.21685 4.8204 0.22729 -0.049476 3.5889 0.023869 -0.57533 3.5522 -0.80649 -0.39524 1.9638 -1.1429 0.81144 1.0173 -1.3035 0.47147 3.655 0.85551 0.61105 2.0595 1.1774 1.4409 0.82022 0.7859 -0.43413 0.013176 -0.65944 0.41146 -1.7918 -1.3238 -1.1325 -1.6518 -0.40313 0.43413 -0.013176 0.65944 0.10024 -2.0667 0.36672 -0.20393 -3.823 0.094515
3 19 0 -0.1728 4.8166 0.28414 -0.014288 3.59 0.047709 -0.50825 3.5881 -0.8028 -0.33516 2.0033 -1.1596 0.85812 1.0316 -1.2569 0.47524 3.6212 0.9002 0.63091 2.0229 1.1999 1.4607 0.73356 1.0365 -0.43501 0.016771 -0.65878 0.50706 -1.7738 -1.2252 -1.0817 -1.9785 -0.39753 0.43501 -0.016772 0.65878 0.14165 -2.0758 0.36093 -0.18895 -3.838 0.17112
3 20 12 -0.14477 4.8111 0.31461 0.030075 3.5901 0.061035 -0.40712 3.616 -0.81962 -0.2597 2.031 -1.1865 0.90126 1.0177 -1.2419 0.46322 3.5936 0.94406 0.65851 1.9997 1.2444 1.508 0.71676 1.1435 -0.4216 0.022852 -0.66725 0.52521 -1.7976 -1.1189 -1.0165 -2.4158 -0.41746 0.4216 -0.022852 0.66725 0.20928 -2.0808 0.30105 -0.17108 -3.8418 0.23
3 35 132 0.46069 4.8068 -0.1097 0.45778 3.5535 -0.24964 0.088945 3.57 -1.1613 -0.49344 2.0532 -1.3318 -0.19758 0.56712 -1.6174 0.82644 3.5667 0.66211 0.31479 2.1516 1.298 0.66698 0.6671 1.5213 -0.36569 -0.004312 -0.69982 -0.18506 -2.0475 -0.24491 -0.89677 -3.6248 0.26171 0.36569 0.0043125 0.69982 0.45253 -2.0713 0.38555 -0.06052 -3.7428 0.8257
3 36 132 0.44453 4.8072 -0.13249 0.44114 3.5539 -0.27169 0.066898 3.5701 -1.1811 -0.45786 2.0313 -1.3415 -0.12845 0.55765 -1.6536 0.81528 3.5675 0.63781 0.24244 2.1666 1.2526 0.49848 0.66934 1.5179 -0.37422 -0.011376 -0.69522 -0.15578 -2.0591 -0.279 -0.88114 -3.6269 0.23751 0.37422 0.011376 0.69522 0.42617 -2.0663 0.38711 -0.082933 -3.7441 0.8072
3 37 132 0.44238 4.8066 -0.11987 0.44475 3.554 -0.26541 0.064305 3.5733 -1.1722 -0.4253 2.0218 -1.3209 -0.055401 0.55648 -1.6267 0.82496 3.5645 0.64161 0.21634 2.156 1.2025 0.42148 0.6567 1.4986 -0.37947 -0.0059876 -0.69243 -0.15602 -2.0564 -0.29213 -0.87917 -3.6271 0.21859 0.37947 0.0059876 0.69243 0.41714 -2.0716 0.38194 -0.10198 -3.7458 0.80441
3 38 132 0.43874 4.8085 -0.097057 0.44443 3.5558 -0.2404 0.066498 3.5735 -1.1483 -0.40692 2.0165 -1.2913 0.011406 0.56058 -1.5794 0.82222 3.5679 0.66761 0.19578 2.1477 1.1768 0.42176 0.64441 1.4352 -0.37455 -0.0012712 -0.69513 -0.17201 -2.0512 -0.28168 -0.89558 -3.6266 0.21398 0.37455 0.0012712 0.69513 0.40236 -2.0751 0.37559 -0.14258 -3.7427 0.79173
3 39 132 0.44105 4.8062 -0.090121 0.45554 3.5544 -0.24047 0.073246 3.5733 -1.1465 -0.38422 2.0116 -1.2893 0.062268 0.56318 -1.5731 0.83746 3.5654 0.66583 0.2266 2.1294 1.1491 0.49018 0.62448 1.3577 -0.36926 -0.0018439 -0.69796 -0.18028 -2.0518 -0.27835 -0.91381 -3.627 0.20318 0.36926 0.0018439 0.69796 0.37115 -2.0754 0.383 -0.20401 -3.7363 0.78488
3 40 132 0.43761 4.8058 -0.075584 0.45763 3.5548 -0.23026 0.066266 3.5756 -1.1324 -0.36734 2.0075 -1.2797 0.09874 0.56648 -1.5696 0.84866 3.5639 0.67216 0.29241 2.1038 1.1491 0.57969 0.60009 1.3336 -0.37352 0.0017977 -0.69569 -0.19374 -2.0517 -0.28923 -0.93093 -3.6254 0.19133 0.37352 -0.0017977 0.69569 0.35631 -2.0789 0.38017 -0.23555 -3.7348 0.77848
3 41 132 0.42681 4.807 -0.066294 0.44998 3.5563 -0.22229 0.044552 3.5753 -1.1182 -0.36223 2.0009 -1.2743 0.13335 0.57258 -1.5776 0.85495 3.5671 0.67395 0.34758 2.093 1.1621 0.66901 0.59469 1.334 -0.38124 0.0037174 -0.69148 -0.21368 -2.0516 -0.28936 -0.9586 -3.6235 0.18541 0.38124 -0.0037174 0.69148 0.34885 -2.078 0.3592 -0.24595 -3.7332 0.75608
3 42 132 0.40025 4.8074 -0.053513 0.43012 3.5588 -0.2218 0.0084905 3.5827 -1.1101 -0.37547 2.0035 -1.2754 0.17834 0.60122 -1.5988 0.85118 3.5647 0.66704 0.38351 2.084 1.1747 0.73692 0.59149 1.3331 -0.38919 0.0031724 -0.68704 -0.23193 -2.0538 -0.28911 -0.99291 -3.6192 0.18136 0.38919 -0.0031724 0.68704 0.32529 -2.0775 0.35934 -0.28562 -3.7271 0.75478
3 60 108 -0.1646 4.8166 0.14793 0.082849 3.5903 -0.0099883 -0.16245 3.5943 -0.96244 -0.53016 2.0176 -1.1806 -0.11373 0.57489 -1.5309 0.32365 3.6157 0.94329 0.61128 2.0349 1.2387 1.7708 1.0186 1.2541 -0.15368 -0.003365 -0.77451 0.55933 -1.9544 -0.45907 0.27833 -3.7008 -0.10997 0.15368 0.0033655 0.77451 -0.091825 -2.0823 0.71207 -1.5674 -3.1177 0.75313
3 60 120 -0.13024 4.8166 0.17892 0.078962 3.5903 -0.026995 -0.35901 3.5943 -0.90764 -0.76403 2.0176 -1.0445 -0.42953 0.57489 -1.4738 0.5127 3.6157 0.85538 0.85546 2.0349 1.0845 1.9928 1.0186 0.85852 -0.31135 -0.003365 -0.72564 0.45166 -1.9544 -0.56533 0.24938 -3.7008 -0.16544 0.31135 0.0033655 0.72564 0.058228 -2.0823 0.7156 -1.3765 -3.1177 1.0626
3 61 120 -0.14396 4.8149 0.26727 0.063199 3.59 0.049062 -0.36612 3.6089 -0.83563 -0.53424 2.0011 -1.0714 0.24065 0.77892 -1.6037 0.48835 3.6005 0.93591 0.53468 1.9961 1.24 1.3838 0.70986 1.2888 -0.31329 0.019712 -0.72454 0.19798 -1.9971 -0.43266 0.093654 -3.7564 -0.051839 0.31329 -0.019712 0.72454 0.52341 -2.1094 0.66583 -1.096 -2.7957 1.0623
3 64 132 -0.070411 4.815 0.31475 0.052546 3.5851 0.067209 -0.44503 3.6275 -0.78013 -0.16336 2.2234 -1.5663 1.1671 2.2224 -2.3457 0.54741 3.5723 0.91709 -0.0014661 2.1881 1.589 0.31097 0.73441 1.9975 -0.51794 0.028538 -0.59533 -0.27363 -2.0288 -0.24586 -0.27966 -3.7793 0.18598 0.51794 -0.028538 0.59533 1.7025 -1.6003 -0.14001 0.20226 -1.8415 0.83049
3 65 132 -0.12495 4.812 0.32881 -0.0042881 3.5833 0.077886 -0.47292 3.6301 -0.78557 -0.025552 2.3813 -1.739 1.2989 2.685 -2.468 0.4618 3.566 0.94381 -0.2052 2.2759 1.6918 0.0099149 0.85499 2.2507 -0.51235 0.020346 -0.60049 -0.34375 -2.0357 -0.20217 -0.41239 -3.7735 0.27354 0.51235 -0.020346 0.60049 1.8044 -1.3373 -0.40465 0.41234 -1.7898 0.64807
3 69 132 -0.11442 4.8132 0.28522 -0.001961 3.5837 0.037485 -0.44899 3.631 -0.83733 0.32078 2.8048 -2.0179 1.4741 3.6678 -2.5681 0.44284 3.5661 0.91453 -0.28234 2.4272 1.8341 -0.067842 1.1039 2.5962 -0.51179 0.015064 -0.60112 -0.6566 -1.9835 0.030635 -0.88349 -3.6581 0.65916 0.51179 -0.015064 0.60112 1.7239 -1.1628 -0.67475 0.97404 -2.7121 -0.13777
3 70 132 -0.06435 4.8161 0.25869 0.049958 3.585 0.01989 -0.41132 3.6271 -0.84776 0.35645 2.7749 -2.0109 1.5109 3.6351 -2.5632 0.50913 3.5726 0.88959 -0.16104 2.3969 1.8047 0.1174 1.0581 2.5173 -0.50753 0.022611 -0.60449 -0.75025 -1.9446 0.0922 -1.008 -3.6041 0.7484 0.50753 -0.022611 0.60449 1.622 -1.336 -0.59853 1.0949 -3.0324 -0.2901
3 75 108 -0.3049 4.8013 0.15632 -0.024076 3.591 -0.050859 -0.25933 3.6353 -1.0048 0.10172 2.114 -1.4781 1.5221 1.566 -1.723 0.20656 3.576 0.90515 0.10784 1.9787 1.2329 0.89844 0.66517 1.3984 -0.26677 -0.014522 -0.74305 -0.46738 -2.0869 -0.46166 -1.7357 -3.2238 0.12979 0.26677 0.014522 0.74305 0.77308 -1.9829 0.33273 0.6499 -3.7815 0.30445
3 76 108 -0.3454 4.8013 0.14083 -0.063127 3.59 -0.058082 -0.31552 3.6256 -1.008 -0.30389 2.0362 -1.3855 0.76866 0.99823 -1.7727 0.18467 3.5837 0.89372 0.35848 1.9772 1.1339 1.5086 0.96402 0.96574 -0.23144 -0.021235 -0.75464 -0.03294 -2.1126 -0.78977 -1.5011 -2.9277 -0.13332 0.23144 0.021235 0.75464 0.5116 -2.0374 0.4418 0.45445 -3.8358 0.32559
3 77 96 -0.36406 4.8027 -0.029867 -0.063637 3.5845 -0.14968 -0.16398 3.5948 -1.128 -0.47828 2.0288 -1.4707 0.32329 0.75475 -1.8054 0.031833 3.6037 0.82903 0.37343 2.0342 1.1271 1.83 1.5593 0.95219 -0.063271 -0.051779 -0.78538 0.61911 -2.0285 -0.98834 -1.0813 -2.4967 -0.61398 0.063271 0.051779 0.78538 0.12604 -2.0393 0.59148 0.16798 -3.8317 0.40011
3 78 96 -0.35241 4.8082 -0.052627 -0.062818 3.5842 -0.14971 -0.22644 3.5809 -1.1195 -0.88545 2.1168 -1.4207 -0.3554 0.73838 -1.8643 0.096146 3.6169 0.82035 0.6418 2.1191 1.1776 2.1454 2.2047 0.84665 -0.061087 -0.051898 -0.78554 1.0354 -1.8104 -1.1315 -0.70281 -2.0443 -0.71336 0.061087 0.051898 0.78554 0.010565 -2.0403 0.60018 -0.042846 -3.8331 0.41546
