0 92 84 0.24802 4.7848 -0.37229 0.12258 3.5555 -0.20814 -0.85931 3.5848 -0.25723 -2.382 3.3443 0.28333 -3.1183 4.5739 0.85221 1.1048 3.556 -0.15752 2.673 3.3356 0.24389 3.5106 4.6191 0.41359 -0.78752 0.01861 -0.054443 -0.73319 -2.0433 -0.45442 -0.77654 -3.7414 0.15018 0.78752 -0.01861 0.054444 0.98818 -2.0836 -0.27685 1.1759 -3.7082 0.48232
0 93 72 0.30547 4.7941 -0.26107 0.13745 3.565 -0.1337 -0.80792 3.6044 -0.40217 -2.4372 3.7232 -0.39541 -2.9384 5.1654 -0.17907 1.0831 3.5553 0.13639 2.622 3.6664 0.67332 3.1912 5.0988 0.71587 -0.75922 0.015961 -0.2164 -0.62301 -2.0447 -0.60308 -0.79348 -3.7453 -0.028946 0.75922 -0.015962 0.2164 1.0201 -2.0812 -0.068228 1.0481 -3.7119 0.70045
0 93 84 0.24452 4.7941 -0.31887 0.10665 3.565 -0.15936 -0.87388 3.6044 -0.22541 -2.4662 3.7232 0.11995 -2.9114 5.1654 0.43576 1.0878 3.5553 -0.091785 2.7047 3.6664 0.11346 3.2703 5.0988 0.036741 -0.78762 0.015961 -0.053817 -0.73478 -2.0447 -0.46037 -0.78216 -3.7453 0.13666 0.78762 -0.015962 0.053817 0.98364 -2.0812 -0.27883 1.1708 -3.7119 0.46724
0 94 60 0.31664 4.8044 -0.16849 0.127 3.572 -0.07948 -0.73963 3.6063 -0.5433 -2.2117 4.0482 -1.0968 -2.386 5.5803 -1.0965 0.99372 3.5675 0.38544 2.4695 3.9309 0.98428 2.8823 5.4085 0.82995 -0.70119 0.013351 -0.36283 -0.4839 -2.0444 -0.72717 -0.77113 -3.7466 -0.2066 0.70119 -0.013351 0.36283 1.0158 -2.0785 0.13849 0.8815 -3.715 0.88333
0 94 72 0.27469 4.8044 -0.23064 0.1077 3.572 -0.10415 -0.83643 3.6063 -0.37765 -2.3914 4.0482 -0.61294 -2.5618 5.5803 -0.57642 1.0521 3.5675 0.17041 2.6202 3.9309 0.44932 2.9919 5.4085 0.21254 -0.76131 0.013351 -0.20912 -0.62452 -2.0444 -0.61067 -0.79724 -3.7466 -0.041761 0.76131 -0.013351 0.20912 1.0224 -2.0785 -0.075739 1.0459 -3.715 0.68076
0 94 84 0.22073 4.8044 -0.28271 0.083696 3.572 -0.12427 -0.89667 3.6063 -0.19549 -2.4666 4.0482 -0.10234 -2.6257 5.5803 -0.031186 1.0646 3.5675 -0.052068 2.6564 3.9309 -0.10527 2.9707 5.4085 -0.41415 -0.78815 0.013351 -0.046261 -0.73784 -2.0444 -0.46748 -0.7885 -3.7466 0.12491 0.78815 -0.013351 0.046261 0.98434 -2.0785 -0.28666 1.1646 -3.715 0.44843
0 95 60 0.26318 4.8169 -0.1482 0.098847 3.5752 -0.077906 -0.76768 3.5982 -0.54263 -2.0258 4.2965 -1.3161 -1.8637 5.8252 -1.4358 0.96525 3.582 0.38757 2.4696 4.1301 0.71217 2.7521 5.5803 0.27076 -0.70462 0.010769 -0.35622 -0.48509 -2.0434 -0.73898 -0.77027 -3.7487 -0.22761 0.70462 -0.01077 0.35622 1.0185 -2.0753 0.12462 0.88239 -3.7164 0.8588
0 95 72 0.22662 4.8169 -0.19968 0.080489 3.5752 -0.096755 -0.86372 3.5982 -0.37116 -2.2551 4.2965 -0.8662 -2.1215 5.8252 -1.017 1.0247 3.582 0.17841 2.5637 4.1301 0.18316 2.7482 5.5803 -0.30735 -0.76328 0.010769 -0.20194 -0.62814 -2.0434 -0.62198 -0.80076 -3.7487 -0.062484 0.76328 -0.01077 0.20194 1.0221 -2.0753 -0.089848 1.0417 -3.7164 0.65658
0 96 72 0.17421 4.8279 -0.16963 0.065014 3.5755 -0.10227 -0.8787 3.583 -0.37925 -2.044 4.4369 -1.1419 -1.6541 5.8913 -1.4745 1.0083 3.5979 0.17536 2.4817 4.2401 -0.11694 2.5095 5.601 -0.84132 -0.76426 0.010407 -0.19824 -0.62788 -2.0406 -0.63311 -0.80302 -3.751 -0.090041 0.76426 -0.010407 0.19824 1.0212 -2.0732 -0.10677 1.0396 -3.719 0.62951
0 97 72 0.12155 4.834 -0.14474 0.049456 3.5752 -0.10642 -0.89429 3.566 -0.38324 -1.794 4.4478 -1.4233 -1.2076 5.7892 -1.9075 0.99224 3.6141 0.17107 2.37 4.2658 -0.41697 2.2646 5.4861 -1.3537 -0.76361 0.0091467 -0.2008 -0.62633 -2.0395 -0.64647 -0.80829 -3.7526 -0.11449 0.76361 -0.0091467 0.2008 1.0193 -2.0706 -0.11446 1.0393 -3.7235 0.6056
1 10 252 0.2564 4.7002 -1.0215 0.17772 3.4564 -0.8304 -0.76698 3.4391 -1.1035 -2.3625 3.1369 -0.92537 -3.7208 3.8191 -1.1847 1.122 3.5035 -0.55944 2.3263 3.0708 0.45614 3.7318 3.6407 0.73435 -0.76809 -0.0076876 -0.18298 -0.93667 -2.0058 -0.81021 -1.5399 -3.6825 -0.53492 0.76809 0.0076876 0.18298 1.4018 -1.9664 -0.1573 1.5253 -3.565 0.66733
1 11 252 0.26836 4.7184 -0.94465 0.18613 3.4757 -0.75444 -0.75695 3.4582 -1.0331 -2.3739 3.3674 -0.81862 -3.6475 4.2156 -1.0084 1.1288 3.523 -0.47771 2.3466 3.2235 0.56913 3.7062 3.8982 0.84117 -0.76777 -0.00038433 -0.18447 -1.0652 -2.0061 -0.73496 -1.7739 -3.6492 -0.51413 0.76777 0.00038433 0.18448 1.5114 -1.9478 -0.072066 1.724 -3.5022 0.81647
1 12 240 0.43207 4.7346 -0.78798 0.31709 3.4911 -0.62901 -0.54501 3.4742 -1.1021 -2.1722 3.5627 -1.2172 -3.3088 4.5406 -1.5771 1.1789 3.5378 -0.15737 2.1798 3.3389 1.1183 3.4064 4.0937 1.6691 -0.71401 0.0038862 -0.33715 -1.0453 -1.9904 -0.90947 -1.8528 -3.6013 -0.84837 0.71401 -0.0038857 0.33715 1.5753 -1.9202 0.3232 1.6893 -3.4288 1.3041
1 30 252 0.39728 4.7276 -0.94037 0.26623 3.4778 -0.79739 -0.68197 3.5006 -1.0577 -2.233 3.0126 -1.2152 -3.5978 3.47 -1.7683 1.2157 3.4845 -0.5408 2.4813 2.6909 0.12035 4.0015 2.9379 0.04342 -0.77444 0.018315 -0.15297 -1.1327 -1.9221 -0.87446 -1.8152 -3.5071 -0.35189 0.77444 -0.018315 0.15297 1.4508 -1.9892 -0.11592 1.8125 -3.4572 0.86645
