0 91 72 0.31752 4.7783 -0.35427 0.17136 3.5467 -0.2213 -0.77993 3.5824 -0.46856 -2.2551 2.9925 -0.088182 -3.3707 3.8782 0.5022 1.1228 3.5407 0.027723 2.4022 3.0073 0.89228 3.3629 4.0327 1.5273 -0.76081 0.01713 -0.21063 -0.62357 -2.0433 -0.59831 -0.7901 -3.7378 -0.0052292 0.76081 -0.01713 0.21063 1.0265 -2.0833 -0.06295 1.0494 -3.7034 0.72786
0 91 84 0.23692 4.7783 -0.41254 0.1216 3.5467 -0.25209 -0.86031 3.5824 -0.29617 -2.2241 2.9925 0.3826 -3.1926 3.8782 1.192 1.1041 3.5407 -0.20633 2.5352 3.0073 0.37335 3.6069 4.0327 0.79475 -0.78798 0.01713 -0.047846 -0.73434 -2.0433 -0.45559 -0.77392 -3.7378 0.15916 0.78798 -0.01713 0.047847 0.99096 -2.0833 -0.27499 1.1778 -3.7034 0.49378
0 91 96 0.14597 4.7783 -0.45279 0.066531 3.5467 -0.27186 -0.90309 3.5824 -0.11083 -2.096 2.9925 0.83666 -2.875 3.8782 1.8298 1.037 3.5407 -0.43137 2.5574 3.0073 -0.1619 3.6933 4.0327 0.027463 -0.78071 0.01713 0.11703 -0.81301 -2.0433 -0.29296 -0.72392 -3.7378 0.31658 0.78071 -0.01713 -0.11703 0.91213 -2.0833 -0.47501 1.2547 -3.7034 0.23811
0 92 60 0.378 4.7848 -0.23922 0.19664 3.5555 -0.14028 -0.68039 3.5848 -0.5845 -2.2913 3.3443 -0.71002 -3.1953 4.5739 -0.48978 1.0734 3.556 0.30547 2.3427 3.3356 1.31 3.0389 4.6191 1.8057 -0.69729 0.01861 -0.37005 -0.48497 -2.0433 -0.71335 -0.77049 -3.7414 -0.17866 0.69729 -0.01861 0.37005 1.0154 -2.0836 0.14901 0.87808 -3.7082 0.91892
0 92 72 0.32 4.7848 -0.31259 0.16317 3.5555 -0.1781 -0.78705 3.5848 -0.43027 -2.3889 3.3443 -0.21811 -3.2273 4.5739 0.18526 1.1134 3.556 0.07563 2.5638 3.3356 0.79429 3.3479 4.6191 1.1344 -0.75899 0.01861 -0.21699 -0.62269 -2.0433 -0.59693 -0.7908 -3.7414 -0.014558 0.75899 -0.01861 0.21699 1.0241 -2.0836 -0.065345 1.0499 -3.7082 0.71627
0 92 96 0.16519 4.7848 -0.41572 0.076625 3.5555 -0.22907 -0.89401 3.5848 -0.072949 -2.2711 3.3443 0.77239 -2.8729 4.5739 1.4819 1.0479 3.556 -0.38378 2.6652 3.3356 -0.31718 3.5199 4.6191 -0.32534 -0.78163 0.01861 0.11048 -0.81165 -2.0433 -0.29205 -0.72835 -3.7414 0.30835 0.78163 -0.01861 -0.11048 0.90902 -2.0836 -0.47625 1.2505 -3.7082 0.2273
0 92 108 0.075152 4.7848 -0.44098 0.027324 3.5555 -0.24 -0.88964 3.5848 0.11452 -2.0609 3.3443 1.2277 -2.502 4.5739 2.0468 0.94524 3.556 -0.59327 2.5411 3.3356 -0.86439 3.3753 4.6191 -1.0501 -0.74158 0.01861 0.27058 -0.85463 -2.0433 -0.11692 -0.64833 -3.7414 0.45304 0.74158 -0.01861 -0.27058 0.79014 -2.0836 -0.65484 1.2704 -3.7082 -0.037667
0 93 48 0.38525 4.7941 -0.11425 0.17995 3.565 -0.066237 -0.5745 3.6044 -0.69601 -2.0657 3.7232 -1.3525 -2.6115 5.1654 -1.3587 0.93402 3.5553 0.56515 2.1215 3.6664 1.6816 2.6241 5.0988 1.9519 -0.60557 0.015961 -0.50649 -0.32385 -2.0447 -0.80434 -0.7131 -3.7453 -0.34918 0.60557 -0.015962 0.50649 0.95967 -2.0812 0.35259 0.67258 -3.7119 1.0662
0 93 60 0.35307 4.7941 -0.19185 0.16225 3.565 -0.1022 -0.70665 3.6044 -0.56136 -2.3017 3.7232 -0.89349 -2.8369 5.1654 -0.78608 1.0311 3.5553 0.35861 2.4247 3.6664 1.2038 2.9726 5.0988 1.3637 -0.69764 0.015961 -0.36952 -0.484 -2.0447 -0.71943 -0.77012 -3.7453 -0.19329 0.69764 -0.015962 0.36952 1.012 -2.0812 0.14536 0.87955 -3.7119 0.90306
0 98 72 0.074257 4.839 -0.1225 0.031511 3.576 -0.11059 -0.90901 3.5582 -0.39778 -1.5248 4.35 -1.6872 -0.79163 5.5639 -2.2926 0.97086 3.6235 0.17704 2.2323 4.2146 -0.67618 2.014 5.2522 -1.7957 -0.76193 0.0064335 -0.20716 -0.62432 -2.0407 -0.65949 -0.81481 -3.7559 -0.13721 0.76193 -0.006433 0.20716 1.0178 -2.0662 -0.11869 1.0359 -3.727 0.58292
0 99 72 0.037653 4.8428 -0.11617 0.015191 3.5784 -0.12071 -0.91908 3.5479 -0.4266 -1.2622 4.1457 -1.9077 -0.41591 5.2284 -2.607 0.94815 3.6385 0.18477 2.103 4.0849 -0.88099 1.7943 4.9344 -2.1302 -0.75905 0.0030518 -0.21755 -0.61568 -2.0429 -0.67351 -0.82001 -3.7581 -0.15657 0.75905 -0.0030513 0.21755 1.0162 -2.0608 -0.11984 1.031 -3.7298 0.56208
1 8 252 0.26839 4.672 -1.1683 0.17535 3.4308 -0.95638 -0.76549 3.4113 -1.2424 -2.2133 2.6735 -1.0748 -3.6806 2.935 -1.4703 1.1162 3.48 -0.67383 2.2522 2.7236 0.22397 3.7526 2.9853 0.46464 -0.76841 -0.018736 -0.18079 -0.7531 -1.9796 -0.93507 -1.0887 -3.6938 -0.48796 0.76841 0.018736 0.18079 1.2693 -1.9325 -0.41613 1.1868 -3.5689 0.33628
1 9 240 0.46888 4.6876 -1.0139 0.34447 3.444 -0.83915 -0.52072 3.4251 -1.3065 -2.0592 2.903 -1.4777 -3.3907 3.3834 -2.0892 1.21 3.4925 -0.37453 2.1687 2.9011 0.80866 3.5343 3.3318 1.3806 -0.71507 -0.015308 -0.33457 -0.63305 -2.0005 -1.0177 -1.1704 -3.7057 -0.78437 0.71507 0.015309 0.33457 1.3444 -1.9609 -0.0014265 1.2253 -3.5913 0.75915
1 9 252 0.24782 4.6876 -1.0893 0.16247 3.444 -0.89243 -0.78098 3.4251 -1.1697 -2.3214 2.903 -1.0173 -3.751 3.3834 -1.3385 1.1057 3.4925 -0.61792 2.2894 2.9011 0.3401 3.7442 3.3318 0.61563 -0.769 -0.015308 -0.17859 -0.8308 -2.0005 -0.86382 -1.3079 -3.7057 -0.52389 0.769 0.015309 0.17859 1.3147 -1.9609 -0.28091 1.3564 -3.5913 0.48781
1 10 240 0.46319 4.7002 -0.94591 0.34649 3.4564 -0.7753 -0.52078 3.4391 -1.2389 -2.1185 3.1369 -1.3963 -3.3932 3.8191 -1.9324 1.2138 3.5035 -0.31393 2.1806 3.0708 0.92983 3.4975 3.6407 1.4942 -0.71326 -0.0076876 -0.33867 -0.74775 -2.0058 -0.98725 -1.395 -3.6825 -0.84339 0.71326 0.0076876 0.33867 1.4038 -1.9664 0.13758 1.3532 -3.565 0.96987
1 31 252 0.44456 4.7039 -1.0134 0.31467 3.4551 -0.85935 -0.63548 3.4778 -1.1125 -2.0794 2.7202 -1.2123 -3.4596 2.8468 -1.8881 1.2661 3.462 -0.61011 2.3858 2.4695 0.045712 3.9177 2.3572 -0.088909 -0.77214 0.026104 -0.16315 -1.0319 -1.9708 -0.76264 -1.6458 -3.5966 -0.28251 0.77214 -0.026104 0.16315 1.2848 -2.0451 -0.11063 1.6908 -3.5379 0.81556
1 31 264 0.22415 4.7039 -1.0837 0.12912 3.4551 -0.906 -0.85289 3.4778 -0.95605 -2.286 2.7202 -0.7535 -3.7766 2.8468 -1.1275 1.1116 3.462 -0.86001 2.3431 2.4695 -0.45132 3.8136 2.3572 -0.90151 -0.78919 0.026104 0.00094972 -1.1679 -1.9708 -0.53144 -1.6685 -3.5966 0.065837 0.78919 -0.026104 -0.00094969 1.2338 -2.0451 -0.37534 1.8234 -3.5379 0.44619
2 55 84 0.30146 1.9539 -4.4014 0.14989 1.5168 -3.2254 -0.83003 1.4961 -3.3072 -1.4706 1.2608 -1.8229 -2.1033 0.097194 -1.0333 1.1315 1.5466 -3.1721 1.6326 1.2672 -1.6425 2.122 0.15284 -0.69565 -0.78899 0.025459 -0.018637 -0.63491 -1.8799 -0.8904 -0.82173 -3.5968 -0.37238 0.78899 -0.025459 0.018637 0.82398 -1.9461 -0.83226 0.81226 -3.5638 -0.036114
2 56 84 0.33874 1.9422 -4.4017 0.17681 1.5224 -3.2204 -0.80209 1.4976 -3.3127 -1.4505 1.4758 -1.8134 -2.22 0.55327 -0.84666 1.1577 1.556 -3.1566 1.6666 1.4847 -1.6059 2.2703 0.56874 -0.52226 -0.78886 0.021492 -0.027148 -0.62099 -1.8831 -0.89807 -0.81434 -3.5939 -0.36238 0.78886 -0.021492 0.027148 0.82844 -1.945 -0.8171 0.81709 -3.5647 -0.02504
2 57 84 0.37134 1.8792 -4.4254 0.20253 1.482 -3.2375 -0.77607 1.4539 -3.3319 -1.4182 1.6198 -1.839 -2.2868 0.93059 -0.76741 1.1832 1.5184 -3.1716 1.6781 1.6398 -1.6195 2.3783 0.9053 -0.45857 -0.78863 0.016918 -0.035654 -0.60805 -1.8724 -0.93685 -0.80604 -3.5716 -0.3674 0.78863 -0.016918 0.035654 0.84143 -1.9307 -0.82981 0.82235 -3.5446 -0.026279
2 58 84 0.41243 1.7787 -4.4627 0.23024 1.4074 -3.2682 -0.74703 1.3749 -3.3742 -1.3645 1.6954 -1.8961 -2.2991 1.1902 -0.77867 1.2099 1.4475 -3.1909 1.6724 1.7422 -1.6521 2.4408 1.1201 -0.46872 -0.78832 0.012627 -0.043487 -0.59223 -1.8454 -1.0045 -0.79445 -3.5255 -0.38236 0.78832 -0.012627 0.043487 0.87133 -1.9024 -0.87094 0.83382 -3.5005 -0.037045
