0 94 0 0.30423 4.8044 0.18997 0.13233 3.572 0.070248 0.10069 3.6063 -0.91219 -0.15605 4.0482 -2.4638 -0.24345 5.5803 -2.6146 0.16306 3.5675 1.0533 0.38236 3.9309 2.6308 0.72241 5.4085 2.9112 -0.036376 0.013351 -0.78867 0.3878 -2.0444 -0.78266 -0.20664 -3.7466 -0.77112 0.036377 -0.013351 0.78867 0.38798 -2.0785 0.94898 -0.32424 -3.715 1.2051
0 103 12 0.27082 4.835 -0.14261 0.25814 3.5743 -0.12171 0.098496 3.5038 -1.0897 1.5138 2.8782 -1.6133 2.9228 3.3738 -1.2302 0.42012 3.6743 0.84323 1.949 3.1121 0.96613 3.1502 3.2614 0.010793 -0.15692 -0.0042858 -0.77386 0.33929 -2.0432 -0.87791 -0.23075 -3.7531 -0.82888 0.15692 0.0042858 0.77386 0.64193 -2.0394 0.82401 0.082715 -3.7263 1.1281
1 5 180 1.7904 4.4907 -0.07814 1.4335 3.2782 -0.11888 1.387 3.2754 -1.1013 0.82923 1.9965 -1.9511 0.93642 1.3785 -3.3597 1.4888 3.3095 0.86261 1.045 2.0981 1.8648 1.3994 1.5668 3.2683 -0.067116 -0.0083079 -0.78672 1.3259 -1.5763 -0.66391 0.28397 -3.0438 -0.77313 0.067115 0.0083082 0.78672 1.3415 -1.6618 0.81859 0.10474 -2.9707 0.90821
1 28 180 1.1039 4.7097 0.12112 0.90139 3.4666 0.016507 0.87044 3.4941 -0.96617 0.48906 3.4581 -2.5542 0.40078 4.2513 -3.8736 0.93747 3.4684 0.99939 0.69323 3.0686 2.5644 1.1109 3.6634 3.9243 -0.095436 0.023125 -0.78349 0.85988 -1.6962 -1.5221 -0.038805 -3.2088 -1.9162 0.095436 -0.023125 0.78349 0.9038 -1.7975 1.5661 -0.14517 -3.1744 2.0708
1 37 180 1.865 4.4572 -0.0053453 1.5086 3.2501 -0.097088 1.4933 3.2643 -1.0804 0.94161 1.7338 -1.2282 1.186 0.31916 -1.7912 1.534 3.2639 0.88603 1.003 1.7355 1.1114 1.3785 0.33807 1.6442 -0.098306 0.016521 -0.7833 0.96482 -1.7894 -0.63287 -0.0096379 -3.3001 -0.49393 0.098306 -0.016521 0.7833 1.1502 -1.8141 0.5065 -0.0391 -3.1686 0.55107
1 40 180 1.8391 4.476 -0.030672 1.4622 3.2731 -0.094144 1.4233 3.2757 -1.0769 0.91286 1.7324 -1.2399 1.2121 0.33893 -1.8284 1.5117 3.2984 0.88783 1.0902 1.7479 1.1829 1.6561 0.41379 1.7096 -0.087644 0.012387 -0.78464 1.2451 -1.6085 -0.68065 0.098368 -2.984 -0.4707 0.087644 -0.012387 0.78464 1.3755 -1.6658 0.63688 0.057309 -2.8938 0.56423
1 41 180 1.6287 4.5587 -0.016089 1.2921 3.3431 -0.071776 1.2499 3.3417 -1.0544 0.78466 1.8073 -1.3674 1.1153 0.54229 -2.1848 1.3438 3.3727 0.90996 0.99142 1.8336 1.3294 1.6877 0.66073 2.0485 -0.071527 0.0053382 -0.78635 1.1075 -1.7296 -0.66729 0.027796 -3.1626 -0.48866 0.071527 -0.0053382 0.78635 1.2323 -1.7536 0.68332 0.0053978 -3.0709 0.58147
4 14 348 1.5053 4.575 0.58255 1.1217 3.3828 0.39961 1.3443 3.4493 -0.5561 0.90442 2.0256 -1.2259 2.0344 1.0561 -0.82501 0.90928 3.344 1.3592 0.59194 1.7525 1.5461 2.127 1.8346 1.6665 0.11351 0.047471 -0.77997 0.19616 -2.0497 -0.87738 -1.4952 -2.6402 -1.0812 -0.11351 -0.047471 0.77997 1.056 -1.788 0.64959 0.13407 -3.2206 0.059307
4 15 0 1.6134 4.5684 0.2545 1.1994 3.3764 0.15819 1.2263 3.4311 -0.82346 0.54947 2.0735 -1.4298 1.6619 1.0067 -1.3838 1.1833 3.3495 1.1412 1.081 1.7391 1.3957 2.5749 2 1.1166 -0.01835 0.040467 -0.78837 0.44997 -2.0021 -0.9396 -1.2735 -2.5287 -0.88357 0.01835 -0.040467 0.78837 1.0271 -1.8498 0.43754 -0.09814 -3.1987 0.031152
4 16 0 1.6462 4.5568 0.24288 1.2276 3.3645 0.17208 1.2539 3.4039 -0.81033 0.44365 2.1455 -1.4651 1.5194 1.0413 -1.4989 1.2124 3.3527 1.1554 1.2355 1.7419 1.4267 2.679 2.1578 1.0786 0.014625 0.035894 -0.78867 0.87449 -1.8771 -0.91292 -0.78843 -2.5675 -1.0077 -0.014625 -0.035894 0.78867 0.83298 -1.9266 0.44085 -0.37106 -3.2028 0.025358
4 17 0 1.6602 4.5489 0.26307 1.2344 3.3575 0.21954 1.2497 3.3859 -0.76348 0.32471 2.2284 -1.4515 1.3805 1.11 -1.5617 1.23 3.3568 1.2031 1.3194 1.7527 1.4991 2.7129 2.2795 1.101 0.050051 0.039956 -0.78702 1.1917 -1.7234 -0.82314 -0.2706 -2.7447 -1.0867 -0.050051 -0.039955 0.78702 0.58715 -2.0126 0.4452 -0.66876 -3.2337 0.017853
4 18 0 1.6234 4.5588 0.29588 1.1971 3.3666 0.27595 1.2017 3.3917 -0.70727 0.19657 2.3066 -1.4008 1.2377 1.1857 -1.594 1.2033 3.3693 1.2595 1.2994 1.7701 1.5791 2.6665 2.3381 1.1476 0.083559 0.046396 -0.78381 1.3277 -1.6456 -0.72519 0.25816 -3.0406 -1.1264 -0.083559 -0.046396 0.78381 0.3068 -2.0856 0.46198 -0.97346 -3.2763 0.021502
4 19 12 1.6095 4.5705 0.0055287 1.1931 3.3772 0.088679 0.98682 3.4003 -0.8727 -0.17659 2.3439 -1.319 0.77789 1.2351 -1.806 1.4097 3.3819 1.0481 1.5271 1.7842 1.3677 2.784 2.3108 0.64615 -0.049471 0.054227 -0.7862 1.1575 -1.6607 -0.91478 0.57257 -3.33 -1.2648 0.049471 -0.054227 0.7862 0.11089 -2.1302 0.46884 -1.2536 -3.2954 0.29172
4 20 12 1.545 4.5894 0.055522 1.1324 3.3953 0.14686 0.92855 3.4148 -0.81513 -0.22839 2.3437 -1.243 0.70801 1.2551 -1.8048 1.346 3.4039 1.1069 1.3804 1.8072 1.4504 2.6823 2.2349 0.74338 -0.012715 0.057014 -0.78746 1.0759 -1.738 -0.87098 1.091 -3.4865 -1.3111 0.012716 -0.057014 0.78746 -0.17643 -2.1341 0.53383 -1.5547 -3.2796 0.33609
4 21 12 1.4575 4.615 0.092092 1.0531 3.4188 0.1904 0.87149 3.4296 -0.77617 -0.24312 2.3163 -1.2086 0.6868 1.2454 -1.8136 1.2441 3.4361 1.1551 1.17 1.8471 1.5267 2.5288 2.1387 0.85853 0.027303 0.056341 -0.78713 1.0386 -1.7827 -0.88448 1.41 -3.4994 -1.2917 -0.027303 -0.05634 0.78713 -0.38186 -2.1131 0.54592 -1.8202 -3.1828 0.35156
4 59 144 1.6427 4.5088 0.72499 1.2408 3.326 0.53035 1.2532 3.4958 -0.43835 0.60418 2.1823 -1.1611 1.9671 1.4617 -1.131 1.2398 3.1834 1.5035 0.68524 1.6629 1.7252 2.1916 1.6517 1.396 -0.042747 0.13081 -0.77754 0.97605 -1.6825 -1.0744 -0.63205 -2.4504 -1.3488 0.042746 -0.13081 0.77754 0.74806 -2.0003 0.12797 -0.53591 -3.1718 -0.35138
4 60 156 1.8162 4.48 0.39821 1.3817 3.2966 0.2992 1.1891 3.4666 -0.6502 0.34721 2.1815 -1.2055 1.71 1.4872 -1.4013 1.5864 3.1538 1.2505 1.1911 1.5962 1.5442 2.5775 1.7408 0.88492 -0.16317 0.137 -0.76033 1.0462 -1.5424 -1.1229 -0.40627 -2.605 -1.2337 0.16317 -0.137 0.76033 0.51203 -2.0687 0.011269 -0.87043 -3.2044 -0.21189
4 61 156 1.7556 4.5006 0.44734 1.332 3.3112 0.37011 1.1118 3.473 -0.57469 0.21641 2.2168 -1.1121 1.5911 1.5397 -1.2842 1.5639 3.1767 1.3164 1.2146 1.6035 1.5844 2.5854 1.8405 0.91925 -0.12698 0.14334 -0.76605 1.1785 -1.4885 -0.98317 0.059242 -2.8853 -1.1997 0.12698 -0.14334 0.76605 0.20656 -2.1158 0.046679 -1.1736 -3.2532 -0.18187
4 62 156 1.6838 4.5248 0.46506 1.2778 3.3273 0.41468 1.0422 3.4727 -0.52911 0.099212 2.2424 -1.045 1.4661 1.5524 -1.2275 1.5244 3.2097 1.3595 1.1932 1.6314 1.62 2.552 1.9079 0.94559 -0.092653 0.14143 -0.77131 1.1841 -1.5239 -0.87459 0.54358 -3.193 -1.109 0.092653 -0.14143 0.77131 -0.081217 -2.1394 0.1451 -1.4602 -3.2602 -0.15984
4 63 168 1.7031 4.5352 0.11241 1.3202 3.3298 0.16448 0.9029 3.4521 -0.71773 -0.16134 2.2436 -0.99261 1.1111 1.5208 -1.4786 1.7476 3.2355 1.0453 1.4751 1.6589 1.3748 2.662 1.9392 0.43119 -0.21025 0.13507 -0.74903 0.90869 -1.6232 -1.0153 0.7704 -3.4132 -1.1816 0.21025 -0.13507 0.74903 -0.28052 -2.1215 0.27193 -1.703 -3.228 0.21721
4 64 168 1.6244 4.5633 0.10246 1.2548 3.3541 0.16747 0.87009 3.451 -0.73251 -0.20398 2.2498 -1.0015 1.0537 1.5026 -1.4889 1.6493 3.2853 1.0658 1.3636 1.7159 1.4181 2.5826 1.9501 0.50335 -0.16844 0.11814 -0.76234 0.85261 -1.7081 -0.95365 1.0133 -3.4963 -1.1189 0.16844 -0.11814 0.76234 -0.4183 -2.0827 0.30328 -1.8987 -3.1116 0.27565
4 65 168 1.5284 4.5973 0.090001 1.1697 3.3853 0.16337 0.83878 3.4577 -0.76002 -0.20287 2.2399 -1.0771 1.0746 1.4946 -1.5133 1.51 3.3412 1.0851 1.1901 1.7875 1.4754 2.4538 1.9632 0.60943 -0.13567 0.10106 -0.77128 0.91313 -1.7148 -0.90165 0.92504 -3.514 -1.0189 0.13567 -0.10106 0.77128 -0.38114 -2.0836 0.30594 -1.9883 -2.9005 0.33043
