0 95 24 0.30003 4.8169 0.034796 0.12576 3.5752 -0.0049263 -0.30212 3.5982 -0.89023 -0.86527 4.2965 -2.2555 -0.66377 5.8252 -2.257 0.55309 3.582 0.88091 1.5793 4.1301 2.0277 2.0673 5.5803 1.8367 -0.36066 0.010769 -0.70236 0.041913 -2.0434 -0.88298 -0.48938 -3.7487 -0.63689 0.36066 -0.01077 0.70236 0.7507 -2.0753 0.69946 0.20908 -3.7164 1.2134
0 97 36 0.18341 4.834 -0.045651 0.10256 3.5752 -0.057025 -0.49823 3.566 -0.8357 -0.61484 4.4478 -2.2059 0.14421 5.7892 -2.253 0.70219 3.6141 0.72162 2.1625 4.2658 1.0557 2.6277 5.4861 0.23596 -0.49975 0.0091467 -0.61128 -0.12673 -2.0395 -0.89115 -0.58662 -3.7526 -0.56773 0.49975 -0.0091467 0.61128 0.89189 -2.0706 0.50652 0.48489 -3.7235 1.1009
0 98 36 0.13208 4.839 -0.055459 0.090497 3.576 -0.07095 -0.50159 3.5582 -0.85611 -0.24186 4.35 -2.2613 0.70714 5.5639 -2.3201 0.68138 3.6235 0.71389 2.2034 4.2146 0.76509 2.6848 5.2522 -0.26895 -0.49465 0.0064335 -0.61545 -0.11745 -2.0407 -0.9005 -0.57854 -3.7559 -0.58993 0.49465 -0.006433 0.61545 0.89319 -2.0662 0.50223 0.49539 -3.727 1.0804
0 99 48 0.081648 4.8428 -0.090812 0.062976 3.5784 -0.1041 -0.66611 3.5479 -0.76354 -0.37718 4.1457 -2.2562 0.68041 5.2284 -2.5508 0.79103 3.6385 0.55445 2.2795 4.0849 0.050544 2.5056 4.9344 -1.2163 -0.60494 0.0030518 -0.50748 -0.28851 -2.0429 -0.8657 -0.68543 -3.7581 -0.47656 0.60494 -0.0030513 0.50748 0.97708 -2.0608 0.30384 0.71324 -3.7298 0.93282
1 26 216 0.85789 4.7337 -0.47356 0.65816 3.4856 -0.45912 0.055472 3.5171 -1.2357 -1.1768 3.4149 -2.3033 -2.0563 4.1857 -3.3083 1.2639 3.4836 0.31576 1.9763 2.9972 1.7031 3.0979 3.492 2.6384 -0.54287 0.017431 -0.57314 -0.26269 -1.7704 -1.6405 -1.2035 -3.2944 -1.4327 0.54287 -0.017431 0.57314 1.4943 -1.8828 0.74431 0.99949 -3.2613 1.7959
1 27 216 0.91414 4.723 -0.51426 0.69578 3.4787 -0.49335 0.092227 3.5066 -1.2694 -1.1484 3.4883 -2.3321 -2.0237 4.2803 -3.3241 1.303 3.4802 0.28034 2.0286 3.0871 1.6903 3.1466 3.6559 2.587 -0.53941 0.01708 -0.57641 -0.1961 -1.7067 -1.7275 -1.1639 -3.2105 -1.4976 0.53941 -0.01708 0.57641 1.6197 -1.813 0.72519 1.0639 -3.1757 1.7667
1 28 216 0.96427 4.7097 -0.55087 0.73894 3.4666 -0.51647 0.1363 3.4941 -1.2933 -1.1057 3.4581 -2.3539 -1.9526 4.2513 -3.3694 1.3459 3.4684 0.25749 2.0681 3.0686 1.6672 3.2054 3.6634 2.5218 -0.53773 0.023125 -0.57776 -0.19899 -1.6962 -1.7368 -1.1577 -3.2088 -1.5274 0.53773 -0.023125 0.57776 1.6517 -1.7975 0.73573 1.0997 -3.1744 1.7606
1 29 216 0.91243 4.723 -0.54599 0.70044 3.477 -0.50239 0.091609 3.5047 -1.2744 -1.1292 3.2867 -2.3378 -1.9407 3.9784 -3.4516 1.3134 3.4787 0.26681 2.0074 2.9165 1.6347 3.2084 3.4099 2.4664 -0.54211 0.019869 -0.57378 -0.29475 -1.7982 -1.5974 -1.213 -3.3454 -1.4797 0.54211 -0.019869 0.57378 1.4868 -1.8871 0.76175 1.0414 -3.3118 1.7731
2 4 72 1.3078 2.9497 -3.6031 0.89452 2.2762 -2.6169 -0.027156 2.2324 -2.9574 -0.82154 2.4214 -1.5425 -1.9321 1.9191 -0.59812 1.824 2.3353 -2.3008 1.7934 2.5215 -0.67809 2.3721 2.1105 0.69076 -0.75035 0.01072 -0.24569 -0.2813 -1.7051 -1.3638 -0.50629 -3.256 -0.47223 0.75035 -0.01072 0.24569 1.1965 -1.7526 -0.84113 0.82073 -3.192 0.17748
2 5 72 1.3637 2.7986 -3.705 0.94047 2.1446 -2.7107 0.020208 2.0931 -3.054 -0.75315 2.2399 -1.6225 -1.8251 1.7 -0.65453 1.8686 2.2108 -2.3922 1.7785 2.2949 -0.7632 2.2969 1.7347 0.57663 -0.74924 0.010496 -0.24905 -0.23247 -1.6485 -1.4301 -0.5063 -3.1458 -0.46367 0.74924 -0.010496 0.24905 1.2359 -1.6942 -0.90972 0.81474 -3.0721 0.17417
2 6 72 1.3932 2.7106 -3.7607 0.95706 2.0625 -2.7687 0.039919 2.0064 -3.1195 -0.73178 2.0068 -1.6797 -1.7445 1.3195 -0.74177 1.8823 2.133 -2.4427 1.7628 2.0216 -0.81726 2.2556 1.2245 0.40721 -0.75003 0.0067756 -0.24679 -0.1892 -1.5877 -1.4948 -0.52356 -3.0171 -0.44794 0.75003 -0.0067759 0.24679 1.2739 -1.6419 -0.96405 0.81548 -2.9469 0.19257
2 7 72 1.397 2.7171 -3.7533 0.94841 2.0506 -2.7799 0.037333 1.992 -3.1458 -0.73763 1.7159 -1.7344 -1.6522 0.78388 -0.91429 1.8679 2.1239 -2.4386 1.7647 1.7171 -0.85979 2.2601 0.6437 0.13022 -0.74974 -0.0050759 -0.2477 -0.13929 -1.5194 -1.57 -0.55416 -2.8623 -0.44062 0.74974 0.0050757 0.2477 1.3125 -1.5943 -0.99308 0.82286 -2.8258 0.22945
2 8 72 1.3885 2.8051 -3.6909 0.9372 2.1052 -2.7428 0.031891 2.0428 -3.1221 -0.73292 1.4042 -1.8275 -1.4598 0.14683 -1.3095 1.851 2.183 -2.3876 1.825 1.4022 -0.95283 2.3687 0.079658 -0.37592 -0.74694 -0.01733 -0.2555 -0.090549 -1.4641 -1.6304 -0.57459 -2.7125 -0.42283 0.74694 0.01733 0.2555 1.3546 -1.5486 -1.0066 0.81862 -2.7042 0.26945
2 10 84 0.59788 3.171 -3.6088 0.36688 2.3442 -2.6866 -0.59581 2.2904 -2.8808 -1.0836 0.89263 -2.1902 -1.1069 -0.49473 -2.8627 1.3329 2.4155 -2.5163 1.6818 0.95053 -1.8831 2.1899 -0.24212 -2.718 -0.78079 -0.024077 -0.11527 -0.38174 -1.4658 -1.5906 -0.63965 -2.531 -0.15891 0.78079 0.024077 0.11527 1.1639 -1.5389 -1.2356 0.83429 -2.5398 0.22746
2 30 84 0.73336 3.5952 -3.1477 0.50594 2.6821 -2.3121 -0.45547 2.6515 -2.5174 -0.77456 1.0498 -2.478 -0.71678 -0.059917 -3.547 1.4711 2.732 -2.1293 1.9983 1.1951 -1.9601 2.4853 0.19254 -3.0256 -0.77757 0.03927 -0.1317 -0.45639 -0.95223 -1.956 -0.6465 -2.4293 -0.93962 0.77757 -0.03927 0.13169 1.1781 -1.0073 -1.6895 0.97641 -2.4 -0.56233
2 31 84 0.78004 3.3583 -3.3884 0.55051 2.5098 -2.4867 -0.41335 2.4763 -2.6796 -0.78743 0.9049 -2.4355 -0.8754 -0.39496 -3.2603 1.518 2.5612 -2.3174 2.0034 1.0533 -1.9183 2.4744 -0.26391 -2.567 -0.77606 0.038656 -0.14047 -0.43544 -1.0066 -1.9309 -0.61908 -2.4392 -0.85165 0.77606 -0.038656 0.14047 1.1594 -1.0124 -1.6814 0.95064 -2.3741 -0.51818
2 32 84 0.81586 3.0832 -3.6304 0.5807 2.3101 -2.6643 -0.38514 2.2783 -2.8473 -0.85024 0.80285 -2.3226 -1.0317 -0.61789 -2.8938 1.5503 2.3578 -2.5062 1.9979 0.96049 -1.788 2.3751 -0.50534 -2.0826 -0.77613 0.041699 -0.13922 -0.43746 -1.07 -1.8896 -0.60234 -2.5028 -0.80756 0.77613 -0.041699 0.13922 1.1297 -1.108 -1.6363 0.93328 -2.4642 -0.46453
2 67 84 0.50527 3.0711 -3.7004 0.30953 2.2381 -2.7794 -0.65646 2.1827 -2.956 -0.91845 0.57341 -3.0567 -0.89421 0.045649 -4.5053 1.2785 2.3102 -2.6273 1.6408 0.72285 -2.7603 1.8055 0.16178 -4.187 -0.78446 -0.014904 -0.088842 -0.52965 -1.5057 -1.5472 -0.77957 -2.5751 -0.11719 0.78446 0.014904 0.088842 1.2005 -1.5822 -1.2114 0.84923 -2.5453 0.27182
