0 6 264 0.6933 4.7888 -0.2023 0.40914 3.5613 -0.076989 0.37775 3.4635 -1.0552 -0.30715 2.5874 -2.2519 -0.39316 2.9631 -3.7449 0.44641 3.6881 0.89764 1.3507 2.5372 1.6233 2.8848 2.421 1.5202 0.35249 -0.047612 -0.70497 1.1861 -1.7985 0.10354 1.3773 -3.5814 -0.085666 -0.35249 0.047612 0.70497 -0.58422 -2.0086 0.34085 -1.1735 -3.4515 -0.56561
0 7 252 0.748 4.7798 -0.14556 0.44029 3.5579 -0.021314 0.46759 3.4632 -0.99991 -0.28186 2.6214 -2.1825 -0.44709 3.0146 -3.6643 0.41929 3.6815 0.9542 1.351 2.5226 1.6307 2.8798 2.4391 1.4481 0.44376 -0.050315 -0.65119 1.1415 -1.7775 0.32061 1.3666 -3.5613 0.18584 -0.44376 0.050314 0.65119 -0.62213 -2.0005 0.23108 -1.0307 -3.4268 -0.79352
0 8 240 0.79762 4.7706 -0.069521 0.46616 3.554 0.041075 0.56392 3.4615 -0.93322 -0.21479 2.6408 -2.1117 -0.43969 3.0351 -3.5854 0.37497 3.6754 1.0128 1.3343 2.5108 1.6391 2.8551 2.4587 1.3899 0.52551 -0.055267 -0.58675 1.0496 -1.7579 0.52711 1.2982 -3.5423 0.45495 -0.52551 0.055267 0.58675 -0.63854 -1.9902 0.12034 -0.84411 -3.4007 -0.98381
0 10 228 0.84532 4.7571 -0.036688 0.49561 3.5494 0.098323 0.56197 3.4719 -0.87991 -0.40333 2.664 -1.9212 -0.90839 3.0016 -3.3385 0.43577 3.6559 1.0743 1.5246 2.4832 1.4029 2.9037 2.4843 0.71306 0.56348 -0.0623 -0.54965 0.91034 -1.7269 0.68444 1.1688 -3.5113 0.70122 -0.56348 0.0623 0.54965 -0.61656 -1.9714 0.02467 -0.63682 -3.3658 -1.1182
0 21 252 0.70912 4.7776 0.22628 0.40558 3.5512 0.30455 0.48378 3.523 -0.67548 -0.2303 2.5706 -1.7943 -0.41181 2.7214 -3.3181 0.33385 3.6085 1.2838 1.5712 2.5424 1.2494 2.4293 2.6562 -0.026702 0.5047 -0.0042086 -0.60725 1.1283 -1.7775 0.33138 1.3712 -3.5632 0.2762 -0.5047 0.0042086 0.60725 -0.62258 -2.086 0.43022 -1.0044 -3.455 -0.67925
0 22 264 0.70116 4.7831 0.18875 0.41531 3.5528 0.27368 0.44708 3.5281 -0.70904 -0.29409 2.573 -1.8078 -0.50261 2.7389 -3.3266 0.38976 3.6066 1.2554 1.6384 2.5532 1.2523 2.6203 2.6188 0.065148 0.44823 -0.0028431 -0.65006 1.1818 -1.7937 0.16792 1.3879 -3.5781 0.011808 -0.44823 0.0028429 0.65006 -0.57638 -2.093 0.57689 -1.1238 -3.4785 -0.43884
0 23 276 0.69778 4.7869 0.16158 0.42069 3.5542 0.24659 0.41299 3.5279 -0.73658 -0.35301 2.5808 -1.8251 -0.56467 2.7617 -3.3418 0.43451 3.6096 1.2285 1.6934 2.5695 1.2737 2.8025 2.5973 0.2028 0.39468 0.00053406 -0.6839 1.2121 -1.8119 -0.0046157 1.3533 -3.5922 -0.25225 -0.39468 -0.0005343 0.6839 -0.49587 -2.0989 0.71207 -1.1884 -3.5035 -0.18148
0 26 300 0.66395 4.7974 0.16135 0.39488 3.5603 0.20033 0.49768 3.5279 -0.77729 -0.016364 2.6078 -2.0255 0.168 2.8002 -3.5442 0.29806 3.622 1.1772 1.5073 2.6313 1.6515 3.0343 2.5496 1.4536 0.37459 -0.0027633 -0.6951 1.2201 -1.8863 -0.30576 1.1364 -3.6399 -0.71671 -0.37459 0.0027628 0.6951 -0.32618 -2.0836 0.93842 -1.1563 -3.5771 0.36299
0 27 312 0.65103 4.8016 0.10273 0.39311 3.5627 0.15685 0.4499 3.5296 -0.8245 -0.029563 2.6128 -2.0887 0.22121 2.7888 -3.6 0.34209 3.6249 1.1371 1.5356 2.6471 1.6739 3.0728 2.5342 1.7187 0.31009 -0.0029111 -0.72618 1.1579 -1.9106 -0.4891 0.958 -3.6518 -0.91222 -0.31009 0.0029106 0.72618 -0.18355 -2.0747 1.0123 -1.0598 -3.6001 0.6173
0 105 0 0.36849 4.8283 -0.10435 0.3352 3.569 -0.086352 0.38407 3.4944 -1.0658 1.5681 2.3731 -1.1622 3.0055 2.4471 -0.60891 0.28996 3.6731 0.89063 1.5201 2.6799 1.3017 2.9428 2.4757 0.74327 0.017736 -0.0089393 -0.78937 0.52314 -2.0483 -0.78774 -0.0653 -3.7506 -0.87079 -0.017736 0.0089388 0.78937 0.4376 -2.0371 0.93339 -0.16938 -3.726 1.1069
0 106 0 0.38219 4.8273 -0.11884 0.343 3.5681 -0.0989 0.38909 3.4909 -1.0783 1.392 2.204 -1.1605 2.8463 2.0464 -0.67303 0.30062 3.6748 0.87793 1.3705 2.515 1.3008 2.7934 2.151 0.83116 0.021725 -0.012396 -0.78922 0.52304 -2.0527 -0.78525 -0.080103 -3.7495 -0.87592 -0.021725 0.012396 0.78922 0.42037 -2.0367 0.9314 -0.18536 -3.7266 1.099
1 11 180 0.98134 4.7184 -0.036682 0.77504 3.4757 -0.056117 0.74862 3.4582 -1.0392 0.044983 3.3674 -2.5107 -0.16814 4.2156 -3.7806 0.80314 3.523 0.92589 0.18387 3.2235 2.4076 0.34528 3.8982 3.7847 -0.061807 -0.00038433 -0.7872 0.36982 -2.0061 -1.2402 -0.059199 -3.6492 -1.8459 0.061807 0.00038433 0.7872 0.5356 -1.9478 1.4152 -0.24378 -3.5022 1.8919
1 35 180 1.5854 4.5705 0.095166 1.2694 3.3519 -0.0084814 1.2496 3.3891 -0.99112 0.75472 1.9356 -1.5491 1.0754 0.78342 -2.5223 1.2983 3.343 0.9746 0.85111 1.8665 1.5118 1.3038 0.64539 2.3374 -0.090769 0.027174 -0.78391 0.65854 -1.9344 -0.71325 -0.11312 -3.5584 -0.57848 0.09077 -0.027174 0.78391 0.94962 -1.9383 0.62811 -0.067779 -3.4266 0.65514
2 104 0 1.9786 4.4273 0.083774 1.5016 3.2615 0.024393 1.4896 3.2481 -0.95899 0.52207 2.0069 -1.3975 0.20669 0.65314 -2.0649 1.527 3.3015 1.0068 0.62589 1.9978 1.4033 0.34292 0.51517 1.7185 -0.014015 0.015883 -0.78933 0.98764 -1.831 -0.776 0.26875 -3.4807 -0.88751 0.014015 -0.015883 0.78933 0.93391 -1.9046 0.81999 0.013876 -3.4545 0.86596
2 105 0 1.8346 4.4883 0.091595 1.3999 3.3055 0.034374 1.3867 3.2936 -0.94901 0.39269 2.0766 -1.396 0.047499 0.75382 -2.1092 1.4252 3.3446 1.0168 0.51575 2.0431 1.4012 0.2294 0.55857 1.7041 -0.010827 0.016369 -0.78937 0.89993 -1.877 -0.78885 0.20518 -3.5369 -0.90241 0.010827 -0.016369 0.78937 0.83841 -1.9474 0.81387 -0.046247 -3.5176 0.86587
4 7 348 1.399 4.6339 0.10248 1.0062 3.4318 0.15947 1.1812 3.3261 -0.8026 1.0404 1.7435 -1.1823 2.4792 1.5554 -0.66064 0.84159 3.5654 1.1199 -0.10731 2.2895 1.4944 0.89369 1.2532 2.0438 0.077352 0.045022 -0.78453 -0.29408 -2.0179 -0.64094 -1.2261 -3.5599 -0.57331 -0.077352 -0.045023 0.78453 1.1899 -1.7206 0.75329 1.0875 -3.4861 0.40193
4 8 348 1.4119 4.6288 0.20002 1.0127 3.4275 0.22218 1.2004 3.3437 -0.73965 1.0288 1.7732 -1.1553 2.4483 1.599 -0.57879 0.83543 3.5393 1.1831 -0.093174 2.2383 1.5208 1.048 1.3374 2.0344 0.083349 0.055223 -0.78326 -0.46348 -1.9703 -0.67094 -1.4328 -3.4894 -0.61119 -0.083349 -0.055223 0.78326 1.195 -1.722 0.73782 1.1811 -3.4811 0.34281
4 25 24 1.4196 4.6034 0.27978 1.0143 3.4086 0.38921 0.91275 3.3902 -0.58891 0.17981 2.0951 -1.2629 1.3187 1.1559 -1.7085 1.1258 3.455 1.3653 0.55906 1.9806 1.7822 2.004 1.5673 1.4373 0.0084054 0.12762 -0.77919 1.2177 -1.5895 -0.83863 0.60502 -3.2179 -1.3118 -0.0084056 -0.12762 0.77919 0.40464 -2.1748 0.54983 -1.3888 -2.3417 0.63148
4 30 48 1.4232 4.5947 0.54962 1.0422 3.3877 0.50629 1.1236 3.4142 -0.47352 0.78827 2.0195 -1.2552 2.3065 1.7515 -1.2271 0.97029 3.3893 1.4872 -0.070401 2.1792 1.8356 1.3266 1.5349 1.9398 -0.01261 0.14965 -0.77521 -0.15619 -1.9362 -0.98212 -1.2703 -3.3514 -1.0644 0.01261 -0.14965 0.77521 1.361 -1.7258 0.44061 0.4847 -3.2007 -0.11406
4 31 48 1.3277 4.609 0.68701 0.96426 3.401 0.57288 1.1525 3.4608 -0.39062 0.90895 2.0527 -1.1822 2.4193 1.7707 -1.0521 0.78456 3.3696 1.5394 -0.31215 2.1849 1.7894 1.0585 1.5188 2.0247 0.032378 0.14444 -0.77562 -0.41129 -1.8958 -1.0102 -1.5276 -3.3058 -1.1388 -0.032378 -0.14444 0.77562 1.2548 -1.7791 0.48334 0.85666 -3.3962 -0.20765
4 35 60 1.243 4.6302 0.7494 0.9119 3.4216 0.56635 0.98941 3.5757 -0.40196 0.71726 2.1742 -1.1961 2.1685 1.653 -1.2005 0.84276 3.2958 1.5394 -0.0069004 1.9019 1.6014 1.4635 1.4796 1.7943 -0.0050407 0.12164 -0.78018 -0.16119 -1.9267 -1.221 -1.8471 -2.5616 -1.2953 0.0050408 -0.12164 0.78018 1.0872 -1.8596 0.30827 0.46331 -3.3591 -0.47473
4 36 60 1.3255 4.5985 0.79484 0.9771 3.4007 0.57727 1.0978 3.5598 -0.38578 0.73504 2.1846 -1.1895 2.14 1.5492 -1.1828 0.86541 3.2694 1.5456 0.22199 1.7688 1.5994 1.7383 1.5278 1.7422 0.040318 0.10719 -0.78127 0.27487 -1.9246 -1.262 -1.465 -2.3723 -1.4153 -0.040318 -0.1072 0.78127 1.0994 -1.8259 0.37949 0.27507 -3.2097 -0.43069
4 37 60 1.3233 4.5955 0.83098 0.96285 3.4036 0.60109 1.1217 3.5577 -0.35724 0.61913 2.2375 -1.1778 1.9997 1.553 -1.1213 0.81337 3.2773 1.565 0.35134 1.7117 1.631 1.8888 1.6524 1.7328 0.095113 0.098834 -0.77761 0.75437 -1.8604 -1.1534 -0.96155 -2.3103 -1.4761 -0.095113 -0.098834 0.77761 1.0016 -1.8524 0.40799 0.047592 -3.1389 -0.41994
4 40 72 1.3301 4.6251 0.59977 0.99247 3.4091 0.497 0.93383 3.525 -0.47794 -0.057181 2.3967 -1.1211 1.3458 1.7624 -1.2054 1.06 3.3217 1.4743 0.74139 1.7334 1.6851 2.2534 1.8221 1.396 0.046568 0.10413 -0.78134 1.3966 -1.5046 -0.71987 0.47454 -2.9456 -1.2893 -0.046568 -0.10413 0.78134 0.37089 -2.0771 0.19188 -0.86493 -3.2626 -0.37211
4 42 84 1.2182 4.671 0.42172 0.91884 3.4406 0.40807 0.68936 3.5222 -0.54484 -0.43685 2.4047 -0.93419 0.94313 1.8234 -1.3022 1.156 3.3878 1.3611 0.81708 1.8216 1.6786 2.2439 1.6934 1.1081 -0.015256 0.11367 -0.78125 1.0953 -1.6662 -0.89497 1.223 -3.4133 -1.3217 0.015256 -0.11367 0.78125 -0.11314 -2.1505 0.28221 -1.4541 -3.2922 -0.10415
4 43 84 1.0753 4.7038 0.44056 0.81074 3.4656 0.42902 0.6303 3.5296 -0.53571 -0.4521 2.3885 -0.97741 0.97916 1.8953 -1.2705 0.99827 3.4305 1.3939 0.62897 1.8755 1.7321 2.0636 1.6452 1.2158 0.058847 0.099849 -0.78107 1.0678 -1.7404 -0.87979 1.4349 -3.4665 -1.2496 -0.058847 -0.099849 0.78107 -0.26383 -2.1369 0.30912 -1.6583 -3.2104 -0.083455
4 48 108 1.0985 4.6852 0.37 0.86123 3.4461 0.4519 0.714 3.4734 -0.52018 0.33515 2.2613 -1.5478 1.8499 2.2409 -1.2602 1.0158 3.4477 1.4232 0.23282 2.073 1.8304 1.596 1.3623 1.7107 -0.071854 0.15322 -0.77127 0.88935 -1.6938 -1.052 -0.007726 -3.2328 -1.331 0.071854 -0.15322 0.77127 0.82819 -2.0845 0.43586 -0.94311 -2.4167 0.38073
4 50 120 1.2267 4.6521 0.40484 0.98247 3.4132 0.44622 0.93155 3.4577 -0.535 0.60716 2.2592 -1.5967 2.0928 2.2281 -1.1849 1.0411 3.3975 1.4279 0.14839 2.1158 1.9065 1.5155 1.4054 1.8431 -0.10444 0.16052 -0.76604 0.29767 -1.874 -1.1025 -0.72995 -3.3515 -1.2117 0.10444 -0.16052 0.76604 1.3012 -1.8302 0.32522 -0.25225 -2.7312 0.16419
4 51 120 1.184 4.6471 0.59233 0.94288 3.4067 0.57104 1.0236 3.4704 -0.40711 0.71408 2.263 -1.4631 2.1646 2.1598 -0.95019 0.86953 3.3719 1.5512 -0.10519 2.1204 1.9418 1.2716 1.4312 2.0253 -0.017615 0.16118 -0.77279 0.029985 -1.9208 -1.0509 -0.97826 -3.4064 -1.216 0.017615 -0.16118 0.77279 1.2996 -1.7853 0.40784 0.051557 -3.0238 0.008524
4 73 180 1.319 4.6422 0.44848 0.99217 3.42 0.39787 1.1371 3.4381 -0.57477 0.72745 2.0442 -1.3218 2.197 1.9161 -0.87288 0.85593 3.4305 1.3719 -0.22607 2.248 1.6877 1.1668 1.5939 1.787 0.014826 0.10462 -0.78252 -0.37998 -1.9579 -0.85068 -1.5155 -3.3583 -0.86111 -0.014826 -0.10462 0.78252 1.1719 -1.8014 0.42649 0.80426 -3.5448 0.15006
4 74 180 1.2331 4.6589 0.52456 0.92876 3.4333 0.43306 1.1047 3.4737 -0.53377 0.77414 2.0684 -1.2983 2.2086 1.9533 -0.74447 0.76087 3.4215 1.4021 -0.34464 2.2458 1.656 1.0391 1.5861 1.822 0.023317 0.10504 -0.78225 -0.50597 -1.925 -0.89658 -1.6911 -3.2813 -0.97956 -0.023317 -0.10504 0.78225 1.08 -1.8544 0.41245 1.0395 -3.6278 0.08947
