0 4 108 -0.59514 4.8022 0.25056 -0.34743 3.5659 0.15075 -0.24045 3.4677 1.1235 0.27019 2.5219 2.3537 0.12185 2.8389 3.8554 -0.45932 3.6931 -0.81809 -1.3106 2.5689 -1.6428 -2.8414 2.412 -1.7405 -0.1647 -0.042154 0.7711 -1.1596 -1.8364 0.31826 -1.2387 -3.6162 0.59615 0.1647 0.042153 -0.7711 0.43501 -2.0309 -0.56164 1.2933 -3.5013 0.031603
0 5 96 -0.63797 4.7961 0.24815 -0.37429 3.5641 0.12799 -0.30004 3.4598 1.1032 0.30904 2.5532 2.318 0.28226 2.901 3.82 -0.45388 3.6976 -0.84321 -1.3304 2.5585 -1.6198 -2.8659 2.4184 -1.6095 -0.258 -0.047015 0.7448 -1.1911 -1.8202 0.11283 -1.3324 -3.6019 0.35081 0.258 0.047015 -0.7448 0.52595 -2.0158 -0.44935 1.2664 -3.4745 0.30872
0 6 84 -0.6933 4.7888 0.2023 -0.40914 3.5613 0.076989 -0.37775 3.4635 1.0552 0.30715 2.5874 2.2519 0.39316 2.9631 3.7449 -0.44641 3.6881 -0.89764 -1.3507 2.5372 -1.6233 -2.8848 2.421 -1.5202 -0.35249 -0.047612 0.70497 -1.1861 -1.7985 -0.10354 -1.3773 -3.5814 0.085666 0.35249 0.047612 -0.70497 0.58422 -2.0086 -0.34085 1.1735 -3.4515 0.56561
0 9 60 -0.81996 4.7618 0.14336 -0.49143 3.5507 -0.018005 -0.46314 3.4648 0.96137 0.53804 2.6527 1.9647 1.0776 3.0302 3.359 -0.52596 3.6656 -0.99421 -1.6061 2.4949 -1.3569 -3.0171 2.4684 -0.7357 -0.47887 -0.059207 0.62504 -1.0383 -1.7405 -0.50403 -1.2921 -3.5245 -0.44428 0.47887 0.059207 -0.62504 0.61862 -1.981 -0.14303 0.8495 -3.3802 0.97041
0 10 48 -0.84532 4.7571 0.036688 -0.49561 3.5494 -0.098322 -0.56197 3.4719 0.87991 0.40333 2.664 1.9212 0.90839 3.0016 3.3385 -0.43577 3.6559 -1.0743 -1.5246 2.4832 -1.4029 -2.9037 2.4843 -0.71306 -0.56348 -0.0623 0.54965 -0.91034 -1.7269 -0.68444 -1.1688 -3.5113 -0.70122 0.56348 0.0623 -0.54965 0.61656 -1.9714 -0.02467 0.63682 -3.3658 1.1182
0 11 48 -0.84947 4.7522 0.073751 -0.50733 3.5479 -0.099788 -0.47973 3.4789 0.88095 0.59484 2.6587 1.7981 1.3054 2.9378 3.1378 -0.54134 3.6458 -1.0779 -1.6827 2.4795 -1.1528 -2.8417 2.5142 -0.13627 -0.53303 -0.058336 0.57963 -0.92557 -1.7182 -0.64713 -1.1774 -3.503 -0.69264 0.53303 0.058336 -0.57963 0.59742 -1.9725 -0.044973 0.64097 -3.3547 1.112
0 12 36 -0.85011 4.7479 -0.099872 -0.48268 3.5455 -0.22616 -0.59317 3.4861 0.74935 0.33163 2.6451 1.8011 0.88951 2.8676 3.2213 -0.37911 3.6339 -1.2002 -1.5344 2.4813 -1.2749 -2.6583 2.5625 -0.22228 -0.6209 -0.051195 0.48514 -0.79647 -1.7155 -0.78516 -1.0179 -3.4998 -0.91915 0.6209 0.051195 -0.48514 0.57727 -1.9782 0.05691 0.39864 -3.3486 1.215
0 12 48 -0.8523 4.7479 0.079058 -0.51915 3.5455 -0.12086 -0.42441 3.4861 0.8563 0.69885 2.6451 1.6928 1.5398 2.8676 2.9659 -0.62037 3.6339 -1.0952 -1.7659 2.4813 -0.928 -2.6464 2.5625 0.33526 -0.50647 -0.051195 0.60363 -0.94231 -1.7155 -0.60241 -1.1868 -3.4998 -0.68743 0.50647 0.051195 -0.60363 0.57649 -1.9782 -0.064355 0.64255 -3.3486 1.1056
0 13 36 -0.84872 4.749 -0.099814 -0.4857 3.5459 -0.23373 -0.55713 3.496 0.74595 0.38265 2.6315 1.7649 0.99819 2.7994 3.1687 -0.42143 3.6247 -1.212 -1.5843 2.4846 -1.0833 -2.4702 2.634 0.16991 -0.60243 -0.046401 0.50835 -0.81785 -1.7182 -0.74588 -1.0251 -3.5007 -0.92072 0.60243 0.046401 -0.50835 0.55628 -1.9779 0.052372 0.3987 -3.3466 1.2154
0 14 48 -0.87312 4.7451 0.04643 -0.54272 3.542 -0.15576 -0.3965 3.5022 0.81604 0.71113 2.6093 1.6189 1.5828 2.7391 2.8842 -0.69598 3.6107 -1.1249 -1.7543 2.472 -0.62278 -2.1517 2.6952 0.85026 -0.46865 -0.039922 0.63425 -0.96597 -1.7237 -0.51983 -1.2102 -3.5023 -0.68667 0.46865 0.039922 -0.63425 0.53268 -1.9819 -0.066433 0.63647 -3.3508 1.1024
0 15 48 -0.87399 4.7463 -0.0054412 -0.53979 3.541 -0.18973 -0.4123 3.5078 0.78495 0.64934 2.5945 1.6261 1.4463 2.7051 2.9415 -0.67452 3.603 -1.162 -1.7087 2.4694 -0.60152 -1.9683 2.7527 0.89181 -0.47336 -0.032722 0.63115 -0.96901 -1.7313 -0.50168 -1.213 -3.508 -0.68873 0.47336 0.032722 -0.63115 0.5282 -1.9935 -0.078108 0.63607 -3.3568 1.0969
0 16 48 -0.86887 4.7499 -0.055218 -0.52491 3.5427 -0.20974 -0.44737 3.5134 0.77031 0.54659 2.584 1.6743 1.2197 2.6857 3.0578 -0.60993 3.6008 -1.1879 -1.6634 2.4746 -0.64877 -1.8794 2.786 0.84591 -0.48937 -0.032658 0.61883 -0.96999 -1.7371 -0.51171 -1.2121 -3.5147 -0.69227 0.48937 0.032658 -0.61883 0.53784 -1.9965 -0.076159 0.63494 -3.3644 1.0945
0 17 60 -0.85057 4.7532 0.054189 -0.53571 3.544 -0.14333 -0.32309 3.5096 0.81634 0.75858 2.574 1.6059 1.5563 2.676 2.9215 -0.75521 3.6073 -1.1 -1.7458 2.4895 -0.43816 -1.7084 2.7971 1.0723 -0.38512 -0.027241 0.68879 -1.0581 -1.7439 -0.31849 -1.3279 -3.5228 -0.43482 0.38512 0.027241 -0.68879 0.52581 -2.0116 -0.20124 0.8438 -3.3774 0.93206
0 18 60 -0.82164 4.7605 -0.037192 -0.49889 3.5469 -0.19377 -0.38564 3.5081 0.78247 0.59591 2.5718 1.6927 1.2072 2.6852 3.1038 -0.619 3.6147 -1.1676 -1.7061 2.5071 -0.65762 -1.8439 2.7874 0.85239 -0.43519 -0.022707 0.65848 -1.0601 -1.7482 -0.36448 -1.3229 -3.5295 -0.45764 0.43519 0.022707 -0.65848 0.55248 -2.0282 -0.21747 0.83752 -3.3943 0.92414
0 19 72 -0.79201 4.7674 0.014344 -0.49742 3.5486 -0.15876 -0.30171 3.5092 0.80431 0.73416 2.5621 1.6402 1.4277 2.6891 3.0115 -0.6995 3.617 -1.1189 -1.7841 2.5205 -0.58036 -1.8926 2.7515 0.94033 -0.35703 -0.01656 0.7041 -1.1214 -1.7526 -0.19935 -1.3852 -3.5361 -0.22064 0.35703 0.01656 -0.7041 0.52791 -2.0492 -0.36098 1.0072 -3.4127 0.717
0 20 72 -0.75833 4.7724 -0.10261 -0.45746 3.55 -0.23389 -0.38984 3.5151 0.74671 0.50335 2.5626 1.7284 0.96216 2.7005 3.194 -0.53155 3.614 -1.2126 -1.7177 2.5329 -0.90732 -2.1874 2.7034 0.55145 -0.43112 -0.010969 0.66145 -1.1271 -1.7648 -0.26264 -1.3778 -3.5503 -0.24491 0.43112 0.010969 -0.66145 0.56811 -2.0688 -0.39686 1.0024 -3.4325 0.69983
0 21 84 -0.74067 4.7776 -0.073901 -0.46003 3.5512 -0.21357 -0.33276 3.523 0.7613 0.59832 2.5706 1.7072 1.0927 2.7214 3.16 -0.59347 3.6085 -1.1863 -1.7966 2.5424 -0.89541 -2.3706 2.6562 0.53119 -0.36742 -0.0042086 0.69892 -1.1725 -1.7775 -0.089561 -1.3986 -3.5632 0.01491 0.36742 0.0042086 -0.69892 0.51953 -2.086 -0.55026 1.1237 -3.455 0.45558
0 23 96 -0.69778 4.7869 -0.16158 -0.42069 3.5542 -0.24659 -0.41299 3.5279 0.73658 0.35301 2.5808 1.8251 0.56467 2.7617 3.3418 -0.43451 3.6096 -1.2285 -1.6934 2.5695 -1.2737 -2.8025 2.5973 -0.2028 -0.39468 0.00053406 0.6839 -1.2121 -1.8119 0.0046159 -1.3533 -3.5922 0.25225 0.39468 -0.0005343 -0.6839 0.49587 -2.0989 -0.71207 1.1884 -3.5035 0.18148
0 24 108 -0.69941 4.7913 -0.12115 -0.43254 3.5559 -0.20281 -0.39534 3.5337 0.77978 0.39132 2.5973 1.8629 0.58357 2.79 3.3807 -0.47578 3.6074 -1.1841 -1.7443 2.5823 -1.2783 -2.984 2.5718 -0.36137 -0.34269 -0.0019205 0.71138 -1.2201 -1.8372 0.18589 -1.2695 -3.6106 0.50777 0.34269 0.0019205 -0.71138 0.3932 -2.0954 -0.82588 1.1998 -3.5279 -0.085447
0 25 120 -0.69626 4.7939 -0.083187 -0.43568 3.5573 -0.16743 -0.37198 3.5315 0.81371 0.40917 2.6028 1.9074 0.58795 2.7992 3.4263 -0.50523 3.6123 -1.147 -1.7802 2.6018 -1.2961 -3.1384 2.5546 -0.56767 -0.2844 0.00046086 0.73662 -1.1924 -1.8588 0.3718 -1.1376 -3.6233 0.73841 0.2844 -0.0004611 -0.73662 0.26532 -2.0931 -0.92329 1.1542 -3.5536 -0.35078
0 26 132 -0.68298 4.7974 -0.01978 -0.4279 3.5603 -0.11385 -0.32519 3.5279 0.86378 0.43713 2.6078 1.9778 0.57257 2.8002 3.5017 -0.53629 3.622 -1.0895 -1.8177 2.6313 -1.302 -3.2702 2.5496 -0.79096 -0.22189 -0.0027633 0.7578 -1.1299 -1.8863 0.55276 -0.96256 -3.6399 0.93731 0.22189 0.0027628 -0.7578 0.12394 -2.0836 -0.98573 1.0555 -3.5771 -0.59546
0 28 144 -0.6381 4.8054 -0.042152 -0.39196 3.5647 -0.10828 -0.39996 3.5311 0.87466 0.030571 2.6078 2.1517 -0.31132 2.7677 3.6468 -0.38952 3.6274 -1.0898 -1.5544 2.6667 -1.7133 -3.0725 2.548 -1.956 -0.23556 -0.0046096 0.75365 -1.0664 -1.9319 0.65594 -0.74513 -3.659 1.0619 0.23556 0.0046096 -0.75365 0.022265 -2.0631 -1.059 0.90934 -3.6188 -0.84933
0 29 156 -0.62954 4.8075 0.014516 -0.39248 3.5656 -0.06215 -0.34516 3.5337 0.91974 0.029798 2.6006 2.2072 -0.43585 2.7319 3.6713 -0.44517 3.6268 -1.0424 -1.5728 2.6955 -1.7702 -3.0577 2.5792 -2.1695 -0.15359 -0.0054746 0.77452 -0.94172 -1.9529 0.80371 -0.50743 -3.6661 1.1602 0.15359 0.0054746 -0.77452 -0.1572 -2.0499 -1.0796 0.70905 -3.631 -1.0512
0 105 192 -0.33875 4.8283 0.17868 -0.30993 3.569 0.15416 -0.15407 3.4944 1.1224 -1.2922 2.3731 1.4628 -2.8132 2.4471 1.2205 -0.46879 3.6731 -0.81088 -1.7575 2.6799 -0.95724 -3.033 2.4757 -0.11518 0.14677 -0.0089393 0.77581 -0.34793 -2.0483 0.87929 0.24492 -3.7506 0.83818 -0.14677 0.0089388 -0.77581 -0.6221 -2.0371 -0.82201 -0.064458 -3.726 -1.1179
0 106 192 -0.34913 4.8273 0.1957 -0.31494 3.5681 0.16805 -0.15639 3.4909 1.1357 -1.1203 2.204 1.4245 -2.6442 2.0464 1.2501 -0.47658 3.6748 -0.79624 -1.611 2.515 -0.98738 -2.9052 2.151 -0.23221 0.14284 -0.012396 0.77649 -0.34835 -2.0527 0.87684 0.26047 -3.7495 0.84012 -0.14284 0.012396 -0.77649 -0.60483 -2.0367 -0.82365 -0.047173 -3.7266 -1.1135
1 7 0 -1.3385 4.6386 0.086854 -1.0727 3.4036 0.11303 -1.0516 3.3878 1.0962 -0.45575 2.47 2.3093 -0.43426 2.485 3.851 -1.0984 3.4489 -0.86914 -0.62352 2.5505 -2.1483 -0.91113 2.6083 -3.6621 0.060414 -0.015726 0.78715 -0.84615 -1.908 0.89622 -0.11768 -3.5561 0.95764 -0.060415 0.015726 -0.78715 -0.9438 -1.8787 -0.99946 -0.052158 -3.4456 -1.0262
1 8 0 -1.1941 4.672 0.10578 -0.96376 3.4308 0.12877 -0.94503 3.4113 1.1119 -0.33821 2.6735 2.4371 -0.26098 2.935 3.9548 -0.98576 3.48 -0.85331 -0.48297 2.7236 -2.2112 -0.71773 2.9853 -3.7126 0.065508 -0.018736 0.78667 -0.65659 -1.9796 1.0052 -0.12764 -3.6938 1.1862 -0.065508 0.018736 -0.78667 -0.78799 -1.9325 -1.0785 -0.046933 -3.5689 -1.2327
1 9 0 -1.1125 4.6876 0.10091 -0.89896 3.444 0.12126 -0.87115 3.4251 1.1042 -0.25012 2.903 2.5221 -0.11391 3.3834 3.981 -0.92935 3.4925 -0.86062 -0.38401 2.9011 -2.2825 -0.57151 3.3318 -3.7512 0.067784 -0.015308 0.78656 -0.56481 -2.0005 1.0571 -0.094081 -3.7057 1.4058 -0.067784 0.015309 -0.78656 -0.67343 -1.9609 -1.1636 0.044794 -3.5913 -1.4407
1 10 0 -1.0508 4.7002 0.071822 -0.84468 3.4564 0.087584 -0.81253 3.4391 1.0705 -0.15003 3.1369 2.5328 0.023068 3.8191 3.9048 -0.87879 3.5035 -0.89424 -0.28503 3.0708 -2.3534 -0.45477 3.6407 -3.7761 0.06333 -0.0076876 0.78704 -0.48111 -2.0058 1.1412 -0.032898 -3.6825 1.6298 -0.063331 0.0076876 -0.78704 -0.58276 -1.9664 -1.2845 0.16333 -3.565 -1.6569
1 11 0 -0.98134 4.7184 0.036682 -0.77504 3.4757 0.056117 -0.74862 3.4582 1.0392 -0.044983 3.3674 2.5107 0.16814 4.2156 3.7806 -0.80314 3.523 -0.92589 -0.18387 3.2235 -2.4076 -0.34528 3.8982 -3.7847 0.061807 -0.00038433 0.7872 -0.36982 -2.0061 1.2402 0.059199 -3.6492 1.8459 -0.061807 0.00038433 -0.7872 -0.5356 -1.9478 -1.4152 0.24378 -3.5022 -1.8919
1 12 0 -0.89845 4.7346 0.019808 -0.70329 3.4911 0.039893 -0.68197 3.4742 1.0231 0.031944 3.5627 2.4898 0.28865 4.5406 3.6541 -0.72575 3.5378 -0.94229 -0.12139 3.3389 -2.4469 -0.25766 4.0937 -3.7846 0.06503 0.0038862 0.78693 -0.26498 -1.9904 1.36 0.19169 -3.6013 2.0288 -0.065029 -0.0038857 -0.78693 -0.50773 -1.9202 -1.5258 0.2847 -3.4288 -2.115
1 13 0 -0.80073 4.7503 0.02103 -0.62213 3.5053 0.037393 -0.59979 3.49 1.0206 0.095597 3.7213 2.4806 0.38494 4.7959 3.5479 -0.64492 3.5505 -0.94485 -0.074553 3.4249 -2.4705 -0.1883 4.2425 -3.7729 0.065788 0.0021982 0.78687 -0.19393 -1.9763 1.4444 0.33201 -3.5629 2.1205 -0.065788 -0.0021982 -0.78687 -0.45738 -1.9114 -1.5716 0.31984 -3.3776 -2.2768
1 21 0 -0.65857 4.7897 -0.23702 -0.49301 3.5422 -0.14856 -0.45917 3.5754 0.83384 -0.16984 3.6035 2.4414 -0.086879 4.5548 3.6521 -0.52818 3.5388 -1.1315 -0.39079 3.0017 -2.6682 -0.70957 3.4597 -4.1056 0.078029 0.042914 0.78458 -0.73814 -1.7826 1.4294 0.25225 -3.2514 1.7652 -0.078029 -0.042914 -0.78458 -0.69423 -1.9055 -1.5366 0.39042 -3.2254 -2.1128
1 24 0 -0.76189 4.7668 -0.18515 -0.61989 3.5167 -0.076319 -0.58139 3.5582 0.90559 -0.27308 3.3909 2.5011 -0.14808 4.1103 3.8592 -0.65983 3.5049 -1.059 -0.492 2.8913 -2.5637 -0.78603 3.2203 -4.0411 0.092007 0.028842 0.78371 -0.57727 -1.8556 1.4282 0.2512 -3.4071 1.8248 -0.092007 -0.028842 -0.78371 -0.56119 -1.9753 -1.4205 0.37844 -3.3737 -2.0628
1 25 0 -0.8666 4.7492 -0.15597 -0.71803 3.4987 -0.049937 -0.68319 3.5332 0.93239 -0.34412 3.3741 2.5225 -0.22264 4.1162 3.8687 -0.75518 3.4939 -1.0328 -0.5449 2.9262 -2.5501 -0.87228 3.3326 -4.0011 0.098549 0.025141 0.78304 -0.63448 -1.8276 1.4495 0.20498 -3.3742 1.8425 -0.098548 -0.025141 -0.78304 -0.63729 -1.9465 -1.4408 0.3296 -3.3401 -2.0522
1 30 0 -1.0171 4.7276 -0.087241 -0.84063 3.4778 -0.006789 -0.79522 3.5006 0.97544 -0.46564 3.0126 2.4993 -0.56998 3.47 3.9681 -0.89 3.4845 -0.98907 -0.65232 2.6909 -2.3971 -1.1952 2.9379 -3.819 0.093833 0.018315 0.78381 -0.48163 -1.9221 1.3475 0.22626 -3.5071 1.8351 -0.093833 -0.018315 -0.78381 -0.55857 -1.9892 -1.344 0.26395 -3.4572 -1.9916
1 33 0 -1.3758 4.633 -0.13542 -1.1302 3.3957 -0.048242 -1.0838 3.4379 0.9333 -0.64048 2.2415 1.9535 -0.98129 1.6371 3.3306 -1.1837 3.3824 -1.0302 -0.78995 2.0927 -1.9525 -1.3695 1.2928 -3.1365 0.092894 0.039126 0.78316 -0.57781 -1.9433 0.96869 0.074681 -3.6239 0.99828 -0.092894 -0.039126 -0.78316 -0.80738 -2.0099 -0.92431 0.1298 -3.5296 -1.1754
1 34 0 -1.4856 4.6012 -0.12371 -1.2056 3.3731 -0.02059 -1.1789 3.4174 0.9616 -0.69902 2.0687 1.7486 -1.0454 1.1538 2.9406 -1.2402 3.3574 -1.0034 -0.8164 1.9589 -1.7337 -1.3365 0.909 -2.7361 0.093319 0.033298 0.78338 -0.62578 -1.9403 0.82842 0.070146 -3.6002 0.72234 -0.093319 -0.033298 -0.78338 -0.89103 -1.977 -0.77605 0.10789 -3.4762 -0.84895
1 35 0 -1.5854 4.5705 -0.095166 -1.2694 3.3519 0.0084813 -1.2496 3.3891 0.99112 -0.75472 1.9356 1.5491 -1.0754 0.78342 2.5223 -1.2983 3.343 -0.9746 -0.85111 1.8665 -1.5118 -1.3038 0.64539 -2.3374 0.090769 0.027174 0.78391 -0.65854 -1.9344 0.71325 0.11312 -3.5584 0.57848 -0.09077 -0.027174 -0.78391 -0.94962 -1.9383 -0.62811 0.06778 -3.4266 -0.65514
1 42 0 -1.395 4.6387 -0.0044487 -1.1056 3.4091 0.046813 -1.0735 3.4105 1.0298 -0.63199 1.916 1.52 -0.97413 0.83295 2.5629 -1.1455 3.4366 -0.93554 -0.87103 1.9334 -1.5135 -1.6368 0.96304 -2.4352 0.063765 0.0043054 0.78703 -0.87392 -1.8747 0.72047 0.053815 -3.4147 0.58399 -0.063765 -0.0043058 -0.78703 -1.0296 -1.8702 -0.77897 0.028955 -3.3251 -0.66215
4 4 180 -1.2801 4.6506 0.35799 -0.9343 3.449 0.15735 -0.86996 3.3011 1.1276 -0.70256 1.7009 1.4108 -2.1887 1.2903 1.3859 -1.0071 3.6249 -0.80759 -0.28279 2.3024 -1.436 -1.0379 1.0192 -1.8373 0.098008 0.025833 0.78309 -0.11795 -2.0559 0.59862 0.69251 -3.6498 0.36749 -0.098008 -0.025833 -0.78309 -1.2172 -1.7845 -0.521 -0.41932 -3.4009 -0.48315
4 5 180 -1.3177 4.6449 0.31584 -0.96985 3.4413 0.13323 -0.91834 3.3043 1.1058 -0.74411 1.7071 1.4017 -2.2512 1.3926 1.316 -1.0303 3.6063 -0.83449 -0.24609 2.3155 -1.4572 -1.0858 1.0787 -1.8351 0.097833 0.031029 0.78292 0.053608 -2.0601 0.58436 0.89341 -3.637 0.34146 -0.097833 -0.031029 -0.78292 -1.2832 -1.7434 -0.50506 -0.72665 -3.4536 -0.3775
4 6 180 -1.3492 4.6411 0.26184 -0.99314 3.437 0.10123 -0.95218 3.3141 1.0762 -0.76159 1.7227 1.3922 -2.2782 1.4867 1.2442 -1.0434 3.5878 -0.86938 -0.20906 2.3165 -1.4663 -1.1687 1.1662 -1.832 0.092651 0.036264 0.78333 0.23285 -2.0496 0.57407 1.1046 -3.6075 0.32086 -0.092651 -0.036264 -0.78333 -1.3098 -1.725 -0.49871 -0.97028 -3.4805 -0.26625
4 34 240 -1.2235 4.6321 -0.75958 -0.89419 3.4186 -0.60951 -0.94526 3.5614 0.36227 -0.69418 2.1472 1.1405 -2.1788 1.7311 1.1603 -0.85134 3.3041 -1.5854 0.15244 2.0221 -1.7186 -1.2717 1.4667 -1.921 0.031906 0.1526 0.77408 0.47311 -1.875 1.1036 2.0278 -2.788 1.1228 -0.031906 -0.1526 -0.77408 -1.083 -1.9144 -0.32068 -0.68945 -3.4824 0.47763
4 43 276 -1.1434 4.7038 -0.20737 -0.88222 3.4656 -0.25108 -0.50514 3.5296 0.65505 0.64544 2.3885 0.86206 -0.6936 1.8953 1.4463 -1.2663 3.4305 -1.1559 -0.97535 1.8755 -1.5635 -2.2713 1.6452 -0.76022 0.10483 0.099849 0.77623 -0.86158 -1.7404 1.0826 -1.1437 -3.4665 1.5206 -0.10483 -0.099849 -0.77623 0.1938 -2.1369 -0.35722 1.6394 -3.2104 -0.26314
4 44 276 -1.0351 4.7251 -0.24798 -0.80377 3.4808 -0.28478 -0.50416 3.5347 0.65047 0.58689 2.3704 1.0006 -0.83895 1.9917 1.4493 -1.1098 3.4559 -1.2192 -0.78918 1.9124 -1.6477 -2.1205 1.6026 -0.9341 0.045377 0.09007 0.78315 -0.92717 -1.7559 1.0298 -1.0568 -3.4963 1.4826 -0.045377 -0.09007 -0.78315 0.20286 -2.1349 -0.36916 1.7627 -3.0352 -0.28475
4 46 288 -1.0316 4.7114 -0.27776 -0.82817 3.4638 -0.33979 -0.52312 3.5074 0.59424 0.41292 2.3227 1.2181 -1.1026 2.2027 1.4758 -1.1393 3.4493 -1.2727 -0.72847 1.9457 -1.7619 -2.0447 1.4735 -1.1122 0.11052 0.13529 0.77005 -0.86056 -1.7028 1.0746 -0.35618 -3.3913 1.4559 -0.11052 -0.13529 -0.77005 -0.19678 -2.2007 -0.39485 1.5443 -2.6112 -0.62053
4 47 288 -1.0688 4.6955 -0.32209 -0.85092 3.4523 -0.40345 -0.61301 3.4837 0.55037 0.062954 2.2842 1.4296 -1.4784 2.2461 1.4084 -1.0957 3.45 -1.3561 -0.48342 2.005 -1.8099 -1.8495 1.3962 -1.4345 0.098721 0.15112 0.76871 -0.92713 -1.6612 1.0468 -0.19351 -3.2744 1.3789 -0.098721 -0.15112 -0.76871 -0.51929 -2.1757 -0.39671 1.2578 -2.4518 -0.52562
4 48 300 -1.1515 4.6852 -0.13352 -0.93636 3.4461 -0.26297 -0.59024 3.4734 0.65726 -0.0060193 2.2613 1.5837 -1.5475 2.2409 1.6173 -1.2895 3.4477 -1.1809 -0.60829 2.073 -1.742 -1.9168 1.3623 -1.3414 0.23064 0.15322 0.73948 -0.65118 -1.6938 1.2139 0.28428 -3.2328 1.3003 -0.23064 -0.15322 -0.73948 -0.90071 -2.0845 -0.25415 0.84334 -2.4167 -0.56849
4 49 300 -1.1975 4.6708 -0.24355 -0.96536 3.4324 -0.33581 -0.76597 3.4699 0.62658 -0.36104 2.2659 1.6538 -1.8864 2.2549 1.4285 -1.1723 3.4236 -1.2973 -0.36911 2.1052 -1.8316 -1.7107 1.376 -1.6171 0.1796 0.1554 0.75306 -0.5294 -1.777 1.1742 0.49065 -3.2623 1.2394 -0.1796 -0.1554 -0.75306 -1.1572 -1.9491 -0.26198 0.55482 -2.5071 -0.35326
4 50 300 -1.2267 4.6521 -0.40484 -0.98247 3.4132 -0.44622 -0.93155 3.4577 0.535 -0.60716 2.2592 1.5967 -2.0928 2.2281 1.1849 -1.0411 3.3975 -1.4279 -0.14839 2.1158 -1.9065 -1.5155 1.4054 -1.8431 0.10444 0.16052 0.76604 -0.29767 -1.874 1.1025 0.72995 -3.3515 1.2117 -0.10444 -0.16052 -0.76604 -1.3012 -1.8302 -0.32522 0.25225 -2.7312 -0.16419
4 52 312 -1.2607 4.6439 -0.48301 -1.0154 3.4041 -0.46067 -0.9826 3.4895 0.51861 -0.45653 2.265 1.4635 -1.964 2.0537 1.2172 -1.0557 3.3475 -1.4418 -0.085436 2.1247 -1.9234 -1.4685 1.4466 -1.8521 0.11614 0.15908 0.76466 0.37875 -1.9108 1.0119 1.4158 -3.3857 1.008 -0.11614 -0.15908 -0.76466 -1.2787 -1.8114 -0.18789 -0.30992 -3.2905 0.16504
4 53 312 -1.2232 4.64 -0.62653 -0.97274 3.4022 -0.55706 -1.0033 3.5058 0.42054 -0.48013 2.2623 1.3418 -1.9659 1.9368 1.0884 -0.94949 3.3273 -1.5375 0.0831 2.1163 -1.9062 -1.3073 1.4504 -1.936 0.070575 0.16501 0.76895 0.48726 -1.8774 1.0319 1.5622 -3.3233 1.102 -0.070575 -0.16501 -0.76895 -1.1671 -1.8713 -0.22074 -0.49173 -3.4714 0.26318
4 54 312 -1.159 4.639 -0.76056 -0.91508 3.4028 -0.64714 -0.99632 3.5259 0.32528 -0.49042 2.2585 1.2234 -1.9543 1.8346 0.98891 -0.84077 3.3084 -1.6233 0.20822 2.0856 -1.8936 -1.1941 1.451 -1.9846 0.023213 0.1708 0.77058 0.44592 -1.8646 1.0754 1.6505 -3.1996 1.2075 -0.023213 -0.1708 -0.77058 -1.0669 -1.919 -0.25192 -0.50496 -3.5373 0.31024
4 56 324 -1.2952 4.6274 -0.67651 -0.99574 3.4063 -0.53903 -0.94066 3.5682 0.42954 -0.31424 2.2505 1.1645 -1.747 1.6902 1.2692 -1.0596 3.2726 -1.5114 -0.12441 1.9762 -1.8483 -1.5778 1.4968 -1.6601 0.098973 0.15592 0.76772 0.25494 -1.903 1.1561 1.8152 -2.8027 1.0726 -0.098973 -0.15592 -0.76772 -0.95323 -1.9402 -0.06011 -0.046308 -3.4322 0.3898
