0 5 84 -0.67563 4.7961 0.11009 -0.39272 3.5641 0.047374 -0.52284 3.4598 1.0167 -0.17965 2.5532 2.3316 -0.51813 2.901 3.7952 -0.26865 3.6976 -0.91915 -0.96452 2.5585 -1.861 -2.4687 2.4184 -2.1702 -0.40722 -0.047015 0.67488 -1.1885 -1.8202 -0.13728 -1.3762 -3.6019 0.066122 0.40722 0.047015 -0.67488 0.60788 -2.0158 -0.33018 1.1746 -3.4745 0.56529
0 6 72 -0.72021 4.7888 0.053731 -0.4162 3.5613 -0.0097577 -0.58888 3.4635 0.95356 -0.16775 2.5874 2.2665 -0.39404 2.9631 3.7448 -0.25003 3.6881 -0.97084 -0.98363 2.5372 -1.8687 -2.5057 2.421 -2.0867 -0.49136 -0.047612 0.61628 -1.1386 -1.7985 -0.34788 -1.365 -3.5814 -0.20256 0.49136 0.047612 -0.61628 0.64232 -2.0086 -0.21194 1.0303 -3.4515 0.79724
0 7 60 -0.76192 4.7798 -0.013137 -0.4351 3.5579 -0.070693 -0.66527 3.4632 0.88084 -0.17807 2.6214 2.1934 -0.32454 3.0146 3.6772 -0.21173 3.6815 -1.0205 -0.98239 2.5226 -1.8759 -2.5158 2.4391 -2.0152 -0.56945 -0.050315 0.5447 -1.0499 -1.7775 -0.55093 -1.2981 -3.5613 -0.46592 0.56945 0.050314 -0.5447 0.65658 -2.0005 -0.096685 0.84322 -3.4268 0.99047
0 8 48 -0.79465 4.7706 -0.097833 -0.44743 3.554 -0.1371 -0.74563 3.4615 0.79558 -0.22895 2.6408 2.1102 -0.31535 3.0351 3.5984 -0.1562 3.6754 -1.0687 -0.96434 2.5108 -1.8807 -2.5037 2.4587 -1.9532 -0.63602 -0.055267 0.46467 -0.91708 -1.7579 -0.73382 -1.1752 -3.5423 -0.71491 0.63602 0.055267 -0.46467 0.6496 -1.9902 0.015047 0.62112 -3.4007 1.1378
0 22 72 -0.64659 4.7831 -0.33041 -0.34933 3.5528 -0.35405 -0.58473 3.5281 0.60059 -0.088195 2.573 1.8294 -0.2 2.7389 3.3584 -0.12023 3.6066 -1.309 -1.3423 2.5532 -1.5655 -2.5495 2.6188 -0.60852 -0.57359 -0.0028431 0.54266 -1.1211 -1.7937 -0.40997 -1.3551 -3.5781 -0.30011 0.57359 0.0028429 -0.54267 0.68373 -2.093 -0.44445 1.008 -3.4785 0.6629
0 23 84 -0.64894 4.7869 -0.30312 -0.36022 3.5542 -0.32867 -0.55711 3.5279 0.63461 -0.034165 2.5808 1.8586 -0.14246 2.7617 3.3861 -0.1696 3.6096 -1.292 -1.3916 2.5695 -1.5979 -2.6991 2.5973 -0.78104 -0.52825 0.00053406 0.5869 -1.1865 -1.8119 -0.24749 -1.3762 -3.5922 -0.034637 0.52825 -0.0005343 -0.5869 0.63308 -2.0989 -0.59341 1.1247 -3.5035 0.42458
0 27 120 -0.61544 4.8016 -0.23585 -0.35191 3.5627 -0.23515 -0.61149 3.5296 0.71294 -0.40536 2.6128 2.0492 -0.96486 2.7888 3.4753 -0.098195 3.6249 -1.1834 -1.154 2.6471 -1.9565 -2.6483 2.5342 -2.32 -0.45429 -0.0029111 0.64584 -1.2343 -1.9106 0.23766 -1.1267 -3.6518 0.69311 0.45429 0.0029106 -0.64584 0.39001 -2.0747 -0.95202 1.165 -3.6001 -0.38345
0 28 132 -0.61539 4.8054 -0.1739 -0.36088 3.5647 -0.1874 -0.57307 3.5311 0.77239 -0.41747 2.6078 2.1111 -1.0627 2.7677 3.5024 -0.15442 3.6274 -1.147 -1.1642 2.6667 -1.9991 -2.5987 2.548 -2.552 -0.3871 -0.0046096 0.68821 -1.1795 -1.9319 0.41988 -0.94964 -3.659 0.88382 0.3871 0.0046096 -0.68821 0.24196 -2.0631 -1.0312 1.0661 -3.6188 -0.64171
0 105 168 -0.38214 4.8283 0.025454 -0.34583 3.569 0.014773 -0.59728 3.4944 0.9627 -1.7755 2.3731 0.81075 -3.0664 2.4471 -0.029274 -0.098448 3.6731 -0.93145 -1.2162 2.6799 -1.5893 -2.724 2.4757 -1.3389 -0.18147 -0.0089393 0.76843 -0.67549 -2.0483 0.66176 -0.11717 -3.7506 0.86534 0.18147 0.0089388 -0.76843 -0.23397 -2.0371 -1.004 0.39582 -3.726 -1.0475
0 106 168 -0.39855 4.8273 0.036777 -0.35607 3.5681 0.025425 -0.60479 3.4909 0.97387 -1.6028 2.204 0.84569 -2.9241 2.0464 0.066534 -0.11152 3.6748 -0.92124 -1.0701 2.515 -1.5573 -2.5596 2.151 -1.3938 -0.18534 -0.012396 0.76746 -0.67487 -2.0527 0.65935 -0.10376 -3.7495 0.87343 0.18534 0.012396 -0.76746 -0.21754 -2.0367 -0.99845 0.4098 -3.7266 -1.0364
1 6 348 -1.5252 4.5801 -0.24684 -1.2342 3.353 -0.15077 -1.403 3.3443 0.81814 -1.0634 2.2507 1.9832 -1.4107 1.9673 3.4586 -1.0719 3.3908 -1.1201 -0.38214 2.3478 -2.1713 -0.38257 2.1426 -3.6995 -0.10211 -0.011558 0.7829 -1.2476 -1.7524 0.51536 -0.36309 -3.3029 0.76953 0.10211 0.011558 -0.7829 -0.93549 -1.7858 -1.1104 0.14628 -3.2153 -0.91803
1 7 348 -1.3273 4.6386 -0.19333 -1.0728 3.4036 -0.11247 -1.2565 3.3878 0.85363 -0.92592 2.47 2.1641 -1.2254 2.485 3.6766 -0.89366 3.4489 -1.0785 -0.16323 2.5505 -2.231 -0.12982 2.6083 -3.7715 -0.10456 -0.015726 0.78251 -1.014 -1.908 0.70071 -0.31421 -3.5561 0.91225 0.10456 0.015726 -0.78251 -0.71537 -1.8787 -1.1739 0.16234 -3.4456 -1.0146
1 34 348 -1.4274 4.6012 -0.42988 -1.1749 3.3731 -0.27079 -1.3531 3.4174 0.69547 -1.0473 2.0687 1.5651 -1.6339 1.1538 2.659 -1.0045 3.3574 -1.2393 -0.43811 1.9589 -1.8655 -0.73848 0.909 -2.9541 -0.071594 0.033298 0.78566 -0.78434 -1.9403 0.68021 -0.081569 -3.6002 0.72114 0.071594 -0.033298 -0.78566 -0.7102 -1.977 -0.94435 0.28204 -3.4762 -0.80796
1 35 348 -1.531 4.5705 -0.42271 -1.2434 3.3519 -0.25563 -1.4283 3.3891 0.70967 -1.0603 1.9356 1.3583 -1.5763 0.78342 2.2436 -1.0673 3.343 -1.2232 -0.5182 1.8665 -1.6557 -0.78938 0.64539 -2.5574 -0.074199 0.027174 0.78566 -0.79244 -1.9344 0.56074 -0.0096217 -3.5584 0.58936 0.074199 -0.027174 -0.78566 -0.79828 -1.9383 -0.81183 0.20251 -3.4266 -0.62674
2 104 168 -1.918 4.4273 -0.49332 -1.4638 3.2615 -0.33607 -1.6564 3.2481 0.62833 -0.80121 2.0069 1.2584 -0.63148 0.65314 1.9768 -1.2843 3.3015 -1.3023 -0.32044 1.9978 -1.5028 0.021876 0.51517 -1.7523 -0.1504 0.015883 0.775 -1.1274 -1.831 0.55371 -0.4474 -3.4807 0.81224 0.1504 -0.015883 -0.775 -0.74302 -1.9046 -0.99625 0.16647 -3.4545 -0.84992
2 105 168 -1.7755 4.4883 -0.47103 -1.3621 3.3055 -0.32467 -1.5537 3.2936 0.63996 -0.67435 2.0766 1.2838 -0.48498 0.75382 2.0532 -1.1826 3.3446 -1.2909 -0.21315 2.0431 -1.4778 0.12992 0.55857 -1.7146 -0.15353 0.016369 0.77438 -1.0443 -1.877 0.58451 -0.38832 -3.5369 0.84003 0.15353 -0.016369 -0.77438 -0.65088 -1.9474 -0.9704 0.22526 -3.5176 -0.83733
4 6 156 -1.339 4.6411 -0.30955 -0.94845 3.437 -0.31147 -1.3076 3.3141 0.59588 -1.262 1.7227 0.96204 -2.5873 1.4867 0.20997 -0.59963 3.5878 -1.2186 0.40543 2.3165 -1.4246 -0.32249 1.1662 -2.149 -0.23397 0.036264 0.75329 -0.020774 -2.0496 0.61915 0.87857 -3.6075 0.74238 0.23397 -0.036264 -0.75329 -0.99371 -1.725 -0.98833 -0.7781 -3.4805 -0.63788
4 7 156 -1.3471 4.6339 -0.3911 -0.95109 3.4318 -0.36519 -1.3222 3.3261 0.53948 -1.2635 1.7435 0.94018 -2.5623 1.5554 0.13076 -0.59036 3.5654 -1.2704 0.41568 2.2895 -1.4395 -0.44923 1.2532 -2.1849 -0.23877 0.045022 0.7513 0.1544 -2.0179 0.68808 1.0801 -3.5599 0.8157 0.23877 -0.045023 -0.7513 -1.0073 -1.7206 -0.98422 -0.98017 -3.4861 -0.61925
4 8 156 -1.3394 4.6288 -0.4892 -0.94437 3.4275 -0.42788 -1.3279 3.3437 0.47392 -1.2465 1.7732 0.91614 -2.5151 1.599 0.057126 -0.57118 3.5393 -1.331 0.40732 2.2383 -1.4682 -0.60212 1.3374 -2.2078 -0.24438 0.055223 0.74882 0.31386 -1.9703 0.75264 1.2744 -3.4894 0.89573 0.24438 -0.055223 -0.74882 -1.0155 -1.722 -0.97015 -1.084 -3.4811 -0.58087
4 9 156 -1.3059 4.6287 -0.59152 -0.91846 3.4272 -0.49252 -1.3151 3.3721 0.40583 -1.1957 1.8199 0.90103 -2.4313 1.6178 0.00089448 -0.53177 3.5102 -1.393 0.39488 2.1693 -1.5031 -0.74536 1.4129 -2.2139 -0.25226 0.065832 0.74534 0.46654 -1.9071 0.8177 1.4635 -3.4001 0.98418 0.25226 -0.065833 -0.74534 -1.0155 -1.7288 -0.94902 -1.0625 -3.4758 -0.5055
4 24 192 -1.3066 4.6193 -0.4613 -0.91167 3.4173 -0.5156 -0.94028 3.4056 0.46746 -0.14629 2.1634 1.1712 -1.2589 1.1673 1.5555 -0.89232 3.4573 -1.4981 -0.46816 1.9246 -1.872 -1.9662 1.7164 -1.5716 -0.15081 0.11788 0.76607 -1.3334 -1.6149 0.65101 -1.0574 -3.3096 1.2012 0.15081 -0.11788 -0.76607 0.019 -2.2043 -0.55722 1.787 -2.512 -0.38329
4 25 192 -1.3304 4.6034 -0.56881 -0.9112 3.4086 -0.59158 -1.0153 3.3902 0.38627 -0.43846 2.0951 1.1979 -1.6451 1.1559 1.397 -0.81735 3.455 -1.5695 -0.17631 1.9806 -1.8595 -1.6614 1.5673 -1.8225 -0.17022 0.12762 0.76042 -1.3654 -1.5895 0.56713 -0.86454 -3.2179 1.1573 0.17023 -0.12762 -0.76042 -0.28148 -2.1748 -0.62194 1.4897 -2.3417 -0.32894
4 27 204 -1.4246 4.5783 -0.60568 -0.99982 3.3855 -0.59329 -1.149 3.374 0.37881 -0.78447 2.0004 1.1844 -2.205 1.4021 1.1403 -0.86134 3.4249 -1.5662 0.063 2.1044 -1.832 -1.36 1.5293 -1.9807 -0.11633 0.13895 0.76854 -1.069 -1.7331 0.72452 -0.15189 -3.2084 1.2076 0.11633 -0.13895 -0.76854 -1.0088 -1.9126 -0.71881 0.68005 -2.3907 -0.30634
4 28 204 -1.3534 4.5743 -0.78977 -0.95154 3.3761 -0.71173 -1.2311 3.3722 0.23126 -1.0288 1.9896 1.0776 -2.4813 1.5785 0.76273 -0.68219 3.408 -1.6571 0.33731 2.1413 -1.8151 -1.0416 1.5424 -2.1581 -0.18182 0.14496 0.75461 -0.81925 -1.8569 0.72768 0.13949 -3.2956 1.2394 0.18182 -0.14496 -0.75461 -1.1478 -1.7696 -0.83798 0.29954 -2.6178 -0.17712
4 30 216 -1.2778 4.5947 -0.83351 -0.91415 3.3877 -0.71191 -1.1975 3.4142 0.22957 -1.032 2.0195 1.0639 -2.5112 1.7515 0.72072 -0.63988 3.3893 -1.6564 0.45051 2.1792 -1.7809 -0.89432 1.5349 -2.1732 -0.14884 0.14965 0.76089 -0.051422 -1.9362 0.99313 1.0213 -3.3514 1.3053 0.14884 -0.14965 -0.76089 -1.2396 -1.7258 -0.71395 -0.49783 -3.2007 0.010797
4 31 216 -1.1558 4.609 -0.94804 -0.82408 3.401 -0.76084 -1.2086 3.4608 0.14246 -1.1349 2.0527 0.96736 -2.5852 1.7707 0.52607 -0.44737 3.3696 -1.6688 0.67737 2.1849 -1.6854 -0.61441 1.5188 -2.2005 -0.19293 0.14444 0.75194 0.19227 -1.8958 1.0737 1.2575 -3.3058 1.4315 0.19293 -0.14444 -0.75194 -1.1268 -1.7791 -0.73366 -0.88112 -3.3962 0.025005
4 35 228 -1.06 4.6302 -0.99145 -0.77422 3.4216 -0.74357 -1.0514 3.5757 0.18747 -0.95027 2.1742 1.0208 -2.3707 1.653 0.72337 -0.50429 3.2958 -1.6809 0.3397 1.9019 -1.565 -1.0585 1.4796 -2.0594 -0.15728 0.12164 0.76418 -0.096198 -1.9267 1.2279 1.5374 -2.5616 1.651 0.15728 -0.12164 -0.76418 -0.99934 -1.8596 -0.52757 -0.55188 -3.3591 0.36803
4 36 228 -1.1313 4.5985 -1.0531 -0.83572 3.4007 -0.76781 -1.154 3.5598 0.1491 -0.96629 2.1846 1.0107 -2.3391 1.5492 0.71208 -0.52515 3.2694 -1.6918 0.1154 1.7688 -1.6106 -1.3381 1.5278 -2.0656 -0.20187 0.10719 0.75581 -0.53126 -1.9246 1.1773 1.1387 -2.3723 1.689 0.20187 -0.1072 -0.75581 -0.99648 -1.8259 -0.59978 -0.3586 -3.2097 0.36408
4 37 228 -1.1216 4.5955 -1.0879 -0.81684 3.4036 -0.78815 -1.1714 3.5577 0.11623 -0.85048 2.2375 1.0233 -2.1892 1.553 0.68108 -0.47022 3.2773 -1.6999 -0.0045528 1.7117 -1.6684 -1.4873 1.6524 -2.0876 -0.25471 0.098834 0.74085 -0.97769 -1.8604 0.97135 0.63365 -2.3103 1.6437 0.25471 -0.098834 -0.74085 -0.89491 -1.8524 -0.60732 -0.13386 -3.1389 0.40087
4 38 228 -1.1137 4.5964 -1.0906 -0.81541 3.4001 -0.802 -1.1799 3.5424 0.10035 -0.72679 2.2957 1.0539 -2.0472 1.615 0.64048 -0.45874 3.2857 -1.7114 -0.089562 1.6944 -1.726 -1.5788 1.7751 -2.1175 -0.2925 0.091232 0.72775 -1.3439 -1.725 0.62814 0.084287 -2.3929 1.5028 0.2925 -0.091232 -0.72775 -0.73376 -1.9177 -0.56965 0.10405 -3.1339 0.46466
4 40 240 -1.1763 4.6251 -0.8632 -0.86745 3.4091 -0.69249 -1.0128 3.525 0.27334 -0.17715 2.3967 1.1085 -1.567 1.7624 0.89923 -0.73033 3.3217 -1.6625 -0.37483 1.7334 -1.8025 -1.9139 1.8221 -1.834 -0.208 0.10413 0.75458 -1.5157 -1.5046 0.41378 -0.73224 -2.9456 1.1625 0.208 -0.10413 -0.75458 -0.32289 -2.0771 -0.2648 0.76866 -3.2626 0.54381
4 41 240 -1.0685 4.6438 -0.89285 -0.77978 3.421 -0.73552 -0.94003 3.526 0.22919 -0.061238 2.4175 1.0464 -1.4579 1.7964 0.84319 -0.62715 3.3446 -1.7041 -0.23676 1.7656 -1.856 -1.7784 1.7546 -1.8864 -0.25132 0.11311 0.73996 -1.4701 -1.5513 0.34155 -1.253 -3.2411 0.93176 0.25132 -0.11311 -0.73996 -0.041189 -2.1323 -0.23834 1.0441 -3.2907 0.61663
4 43 252 -0.96022 4.7038 -0.65451 -0.70382 3.4656 -0.58821 -0.7279 3.5296 0.39296 0.23901 2.3885 1.05 -1.2219 1.8953 1.0392 -0.68665 3.4305 -1.571 -0.2551 1.8755 -1.825 -1.7657 1.6452 -1.6183 -0.21995 0.099849 0.75176 -1.2274 -1.7404 0.63855 -1.6633 -3.4665 0.92394 0.21995 -0.099849 -0.75176 0.32234 -2.1369 -0.24751 1.6047 -3.2104 0.42641
4 48 276 -0.9976 4.6852 -0.59031 -0.74845 3.4461 -0.62108 -0.80655 3.4734 0.36037 -0.64963 2.2613 1.4443 -2.0715 2.2409 0.84802 -0.6977 3.4477 -1.6033 0.15283 2.073 -1.8388 -1.2055 1.3623 -2.0051 -0.090073 0.15322 0.76936 -1.0886 -1.6938 0.84413 -0.26917 -3.2328 1.3035 0.090073 -0.15322 -0.76936 -0.71947 -2.0845 -0.59853 1.0017 -2.4167 -0.17632
4 50 288 -1.1158 4.6521 -0.65105 -0.86822 3.4132 -0.64073 -1.0224 3.4577 0.32963 -0.92587 2.2592 1.4356 -2.2934 2.2281 0.7239 -0.72145 3.3975 -1.6131 0.25123 2.1158 -1.8957 -1.0992 1.4054 -2.1179 -0.057114 0.16052 0.77102 -0.52038 -1.874 1.0165 0.46207 -3.3515 1.337 0.057114 -0.16052 -0.77102 -1.2051 -1.8302 -0.58864 0.28088 -2.7312 -0.10816
4 69 336 -1.4133 4.5736 -0.64112 -1.0222 3.3711 -0.63773 -1.2221 3.3535 0.32514 -0.8089 2.0222 1.177 -2.2249 1.6541 0.69013 -0.83317 3.4166 -1.6019 0.1207 2.1108 -1.8338 -1.3435 1.6377 -1.9335 -0.1767 0.12781 0.75891 -0.95467 -1.8071 0.50358 0.083422 -3.2434 0.83591 0.1767 -0.12781 -0.75891 -0.71373 -2.029 -0.84271 0.96558 -2.3333 -0.26119
4 70 336 -1.3633 4.5773 -0.7468 -0.9863 3.371 -0.69518 -1.2953 3.3495 0.23832 -1.0077 1.9943 1.1041 -2.3809 1.7555 0.44455 -0.68756 3.4203 -1.631 0.35605 2.1722 -1.7783 -1.0587 1.6218 -2.0492 -0.21772 0.12406 0.7488 -0.67808 -1.9175 0.56287 0.41003 -3.3057 0.93666 0.21772 -0.12406 -0.7488 -0.94337 -1.8629 -0.95546 0.58284 -2.5627 -0.29837
4 72 348 -1.3131 4.6147 -0.65225 -0.9781 3.3964 -0.57725 -1.269 3.393 0.36229 -0.95304 2.01 1.1724 -2.3513 1.8808 0.53542 -0.69626 3.4281 -1.519 0.40269 2.2322 -1.6948 -0.97894 1.6053 -1.9701 -0.15114 0.11207 0.76687 0.012246 -1.9819 0.81865 1.1367 -3.3773 1.0177 0.15114 -0.11207 -0.76687 -1.1608 -1.7525 -0.72005 -0.32069 -3.2951 -0.31314
4 73 348 -1.1969 4.6422 -0.71291 -0.88777 3.42 -0.59546 -1.2317 3.4381 0.3258 -0.98638 2.0442 1.1417 -2.3305 1.9161 0.39702 -0.55199 3.4305 -1.5199 0.57202 2.248 -1.6038 -0.76975 1.5939 -1.9905 -0.1772 0.10462 0.76234 0.19481 -1.9579 0.91109 1.3034 -3.3583 1.1574 0.1772 -0.10462 -0.76234 -1.0576 -1.8014 -0.66083 -0.75549 -3.5448 -0.314
4 74 348 -1.0971 4.6589 -0.76949 -0.81843 3.4333 -0.61669 -1.1916 3.4737 0.29242 -1.0272 2.0684 1.109 -2.3151 1.9533 0.269 -0.45273 3.4215 -1.5297 0.68141 2.2458 -1.5482 -0.63762 1.5861 -1.9982 -0.18545 0.10504 0.76031 0.3085 -1.925 0.98219 1.4504 -3.2813 1.3097 0.18545 -0.10504 -0.76031 -0.97066 -1.8544 -0.62799 -0.99816 -3.6278 -0.30363
