0 21 168 -0.15092 4.7776 0.72889 -0.26049 3.5512 0.43519 0.72234 3.523 0.41052 1.7604 2.5706 -0.41659 3.2569 2.7214 -0.75639 -1.2419 3.6085 0.46622 -1.0783 2.5424 1.6931 0.28048 2.6562 2.4132 0.65668 -0.0042086 0.43846 -0.21163 -1.7775 1.1567 -0.13137 -3.5632 1.3925 -0.65668 0.0042086 -0.43846 -0.49294 -2.086 -0.5742 0.57054 -3.455 -1.0699
0 45 48 0.18153 4.7749 0.54257 0.20248 3.5718 0.19441 1.0937 3.6027 -0.22048 1.6493 2.3545 0.67514 0.90097 2.3302 2.0231 -0.6876 3.5706 0.61288 -1.9275 2.6374 0.1024 -3.4305 2.2931 0.094256 0.25711 0.038 -0.74562 0.092503 -2.0559 -0.79797 -0.90832 -3.5515 -0.6859 -0.25711 -0.038 0.74562 0.85795 -1.8158 0.84791 0.85746 -3.5934 1.1496
0 59 12 0.29921 4.8023 0.42986 0.26895 3.5698 0.16933 1.0554 3.5797 -0.42123 1.7731 2.3743 0.41577 1.3145 2.6023 1.8702 -0.5148 3.5894 0.76323 -1.7337 2.5604 1.1155 -2.7575 2.2051 2.2124 0.31303 0.0188 -0.72468 0.51936 -2.0644 -0.90309 -0.28776 -3.6477 -1.2077 -0.31303 -0.0188 0.72468 0.47878 -1.9262 1.1111 0.030148 -3.6618 1.3043
0 74 300 0.2471 4.8229 0.44447 0.12522 3.5679 0.34328 0.92664 3.5037 -0.22326 1.3443 1.9367 -0.025816 2.4776 1.7059 0.99402 -0.67157 3.6615 0.91225 -0.95869 2.2098 1.6044 -0.59457 1.4898 2.9184 0.64159 0.037512 -0.45876 1.1473 -1.9597 -0.046681 1.0256 -3.6743 -0.59101 -0.64159 -0.037512 0.45876 -0.35959 -2.0728 0.89757 -0.90065 -3.68 0.28525
0 76 288 0.17633 4.8277 0.43891 0.082568 3.5709 0.33137 0.95321 3.515 -0.12274 1.2333 1.9134 0.03505 2.1376 1.4198 1.1823 -0.7841 3.6562 0.78851 -0.96345 2.1322 1.3488 -0.6494 1.2925 2.6034 0.70892 0.027959 -0.34663 1.0536 -1.9807 0.16421 1.0049 -3.6978 -0.38338 -0.70892 -0.027959 0.34663 -0.54673 -2.0785 0.77452 -0.9653 -3.6826 0.065414
0 77 288 0.17547 4.8298 0.41657 0.087818 3.5723 0.31566 0.94831 3.5202 -0.15784 1.1619 1.9027 -0.076757 2.0388 1.248 1.0095 -0.76877 3.6537 0.79208 -0.86785 2.0986 1.2827 -0.49327 1.185 2.467 0.70742 0.02617 -0.34982 1.0296 -1.9875 0.15591 0.97759 -3.7037 -0.39417 -0.70742 -0.02617 0.34982 -0.56552 -2.0811 0.76396 -0.99238 -3.6833 0.055698
0 78 288 0.18121 4.8309 0.40353 0.095927 3.5728 0.30639 0.9509 3.5224 -0.1772 1.0851 1.8944 -0.18458 1.9317 1.0615 0.79895 -0.75522 3.6525 0.79276 -0.81411 2.0694 1.1918 -0.42561 1.0691 2.2991 0.7053 0.02486 -0.35416 1.0275 -1.9891 0.15013 0.95797 -3.7055 -0.39764 -0.7053 -0.02486 0.35416 -0.58148 -2.084 0.75289 -1.0243 -3.6836 0.048638
0 107 288 0.23383 4.8283 0.31643 0.2016 3.5692 0.28364 1.1472 3.4932 0.024044 1.4792 2.0794 0.77217 1.5325 1.6964 2.2649 -0.74041 3.6747 0.54603 -0.88152 2.3771 1.5284 -0.10325 1.8546 2.7528 0.75804 -0.013959 -0.22063 0.90202 -2.0574 0.24599 0.80483 -3.7492 -0.36992 -0.75804 0.013959 0.22063 -0.76137 -2.0385 0.66966 -1.1027 -3.7272 0.13806
0 108 288 0.22873 4.8316 0.29095 0.19255 3.5718 0.25688 1.137 3.495 -0.0068437 1.4131 1.9817 0.54293 1.5558 1.3933 1.9611 -0.74828 3.678 0.52319 -0.95762 2.2703 1.3252 -0.30203 1.576 2.5359 0.75834 -0.014527 -0.21957 0.89502 -2.062 0.23148 0.79735 -3.7486 -0.39833 -0.75834 0.014527 0.21957 -0.76932 -2.0419 0.64992 -1.1066 -3.7283 0.10828
0 109 288 0.2114 4.8352 0.26229 0.18282 3.5743 0.22905 1.1282 3.5035 -0.032898 1.3473 1.9215 0.31105 1.5841 1.1342 1.6155 -0.75924 3.6746 0.49326 -1.0289 2.1804 1.0959 -0.53758 1.3225 2.2793 0.75971 -0.016188 -0.21466 0.8857 -2.0693 0.21332 0.79014 -3.7507 -0.43051 -0.75971 0.016188 0.21466 -0.77558 -2.0449 0.62216 -1.1124 -3.7299 0.076206
0 110 300 0.23096 4.8377 0.20511 0.19496 3.5758 0.17639 1.0648 3.5081 -0.27764 1.2522 1.8878 -0.18532 1.8351 0.9185 0.86267 -0.67143 3.673 0.63165 -0.91368 2.1165 1.0643 -0.41585 1.11 2.121 0.70435 -0.012898 -0.35668 0.88129 -2.0752 0.0037351 0.65864 -3.753 -0.61778 -0.70435 0.012897 0.35668 -0.64667 -2.0503 0.74931 -1.0924 -3.7328 0.27885
3 46 36 0.18458 4.8148 0.31426 0.29503 3.5592 0.35698 1.1854 3.5524 -0.060839 1.2806 1.9883 -0.52253 1.7227 0.59814 -0.022871 -0.59483 3.5957 0.77433 -1.0119 2.0241 0.6167 -0.94484 0.62323 1.2575 0.70379 -0.024152 -0.3572 1.0684 -1.9538 0.38959 0.37213 -3.088 -0.82682 -0.70379 0.024153 0.3572 -0.60282 -2.0351 -0.047235 -0.62539 -3.7681 -0.54421
3 47 24 0.13422 4.816 0.31869 0.23323 3.5593 0.36345 1.1875 3.5526 0.1255 1.3498 2.0309 -0.44628 1.6726 0.55762 -0.1256 -0.72044 3.5957 0.60123 -1.0733 2.0008 0.58074 -0.88022 0.91587 1.6593 0.76591 -0.037192 -0.18842 1.1261 -1.7426 0.98464 0.61361 -2.4935 -0.57244 -0.76591 0.037192 0.18842 -0.63222 -2.0046 -0.28834 -0.48795 -3.7538 -0.70126
3 47 36 0.19755 4.816 0.28382 0.3037 3.5593 0.30702 1.1877 3.5526 -0.12414 1.2275 2.0309 -0.71716 1.6099 0.55762 -0.4706 -0.5797 3.5957 0.73788 -0.92907 2.0008 0.79119 -0.51599 0.91587 1.8061 0.70999 -0.037192 -0.34355 1.3062 -1.7426 0.72899 0.48118 -2.4935 -0.6875 -0.70999 0.037192 0.34355 -0.67835 -2.0046 -0.1506 -0.62308 -3.7538 -0.58449
3 54 24 0.0072245 4.8247 0.12272 0.14549 3.5745 0.21853 1.0704 3.5847 -0.11591 1.2144 2.3963 -1.2275 1.5154 0.91274 -1.5212 -0.77971 3.5942 0.55166 -0.95572 2.4549 1.7091 -0.4361 3.331 2.8667 0.7747 -0.036708 -0.14828 0.887 -1.2839 1.5388 0.42517 -2.7594 0.611 -0.7747 0.036708 0.14828 -0.68616 -1.9212 -0.60881 -0.58631 -3.5953 -1.2709
3 55 24 0.031602 4.8231 0.12358 0.17711 3.5745 0.22726 1.1038 3.5855 -0.10222 1.2448 2.385 -1.2011 1.5194 0.89794 -1.5027 -0.74998 3.5933 0.55516 -0.93834 2.4119 1.6676 -0.3966 3.2129 2.8687 0.77348 -0.044847 -0.15238 0.83762 -1.511 1.3511 0.41194 -3.1689 0.78435 -0.77348 0.044847 0.15238 -0.71019 -1.8889 -0.66668 -0.63115 -3.5428 -1.3804
3 56 24 0.046018 4.8219 0.0933 0.1977 3.5752 0.21056 1.1262 3.5876 -0.11359 1.2595 2.3666 -1.1907 1.5119 0.86968 -1.4614 -0.73142 3.5925 0.53276 -0.95044 2.3482 1.5683 -0.36449 3.0008 2.8365 0.7738 -0.054006 -0.14771 0.75403 -1.6961 1.1628 0.40077 -3.4324 0.82872 -0.7738 0.054006 0.14771 -0.74442 -1.8508 -0.73828 -0.69226 -3.4818 -1.5051
3 78 24 -0.058851 4.8082 -0.35143 0.12297 3.5842 -0.10601 0.99478 3.5809 -0.56132 1.0776 2.1168 -1.2811 1.6632 0.73838 -0.9141 -0.75049 3.6169 0.34494 -0.92165 2.1191 0.9743 -0.14225 2.2047 2.302 0.72822 -0.051898 -0.30084 1.3961 -1.8104 0.63508 0.46127 -2.0443 -0.88885 -0.72822 0.051898 0.30084 -0.56754 -2.0403 0.19551 -0.40837 -3.8331 0.087635
3 79 24 -0.070906 4.8064 -0.39852 0.11011 3.5825 -0.14746 0.95778 3.5747 -0.64621 0.91564 2.2446 -1.5937 1.4874 0.81816 -1.4675 -0.73944 3.6197 0.34675 -0.91697 2.2238 1.1766 -0.11078 2.7111 2.3974 0.73128 -0.05114 -0.29344 1.5578 -1.5704 0.8995 0.57715 -1.7021 -0.60777 -0.73128 0.051141 0.29344 -0.6103 -2.0371 0.095908 -0.48648 -3.8259 -0.092676
3 85 24 -0.074065 4.8126 -0.40147 0.085644 3.581 -0.16862 0.93991 3.5729 -0.65599 0.89395 2.2863 -1.6616 1.4599 0.85194 -1.6675 -0.7703 3.6186 0.31439 -0.95774 2.2969 1.2561 -0.19884 2.8332 2.4866 0.73237 -0.04462 -0.29179 1.1779 -1.1637 1.4297 0.7426 -2.7472 0.6853 -0.73237 0.044621 0.29179 -0.79838 -1.9399 -0.39494 -0.83191 -3.6385 -0.99871
3 86 24 -0.04097 4.8137 -0.3641 0.11478 3.5829 -0.12766 0.98631 3.5716 -0.58336 0.99465 2.2143 -1.4924 1.5368 0.77442 -1.3896 -0.75814 3.6237 0.3237 -0.94943 2.2643 1.2092 -0.1562 2.6976 2.4585 0.73858 -0.048129 -0.2751 1.0985 -1.4017 1.291 0.80826 -3.135 0.88777 -0.73858 0.048129 0.2751 -0.83281 -1.9075 -0.48714 -0.89066 -3.5809 -1.1558
4 3 288 0.7366 4.6605 1.0581 0.43238 3.4583 0.80074 1.3327 3.306 0.43523 1.5419 1.7051 0.18627 2.023 1.1939 1.5592 -0.46033 3.6388 1.172 -1.2622 2.285 0.73275 -1.455 0.9804 1.5318 0.71577 0.023639 -0.33259 0.66356 -2.0382 0.067869 0.21554 -3.6539 -0.59518 -0.71577 -0.023639 0.33259 -0.17533 -1.8374 1.245 -0.51991 -3.3146 0.2703
4 18 288 0.22026 4.5588 1.6354 0.10748 3.3666 1.2238 1.044 3.3917 0.92437 1.3929 2.3066 -0.24591 1.8985 1.1857 0.68454 -0.82599 3.3693 1.5336 -1.1002 1.7701 1.7238 -0.26742 2.3381 2.8906 0.77127 0.046396 -0.16274 1.1 -1.6456 1.0387 1.1511 -3.0406 -0.10256 -0.77127 -0.046396 0.16274 -0.34456 -2.0856 0.43454 -0.32127 -3.2763 -0.91917
4 30 348 0.2356 4.5947 1.5073 0.082635 3.3877 1.1557 0.97188 3.4142 0.7363 1.4812 2.0195 0.055051 2.2159 1.7515 1.3839 -0.80281 3.3893 1.5839 -1.6249 2.1792 0.85684 -1.0166 1.5349 2.1188 0.66504 0.14965 -0.39852 0.77245 -1.9362 -0.62632 0.28666 -3.3514 -1.6323 -0.66504 -0.14965 0.39852 0.29891 -1.7258 1.399 0.34114 -3.2007 0.36273
4 36 0 -0.025616 4.5985 1.5453 -0.011383 3.4007 1.1348 0.883 3.5598 0.75784 1.3977 2.1846 0.041802 2.0944 1.5492 1.2618 -0.90582 3.2694 1.5223 -1.2741 1.7688 0.99195 -0.63968 1.5278 2.3765 0.69676 0.10719 -0.35572 1.2304 -1.9246 -0.39297 0.49322 -2.3723 -1.9763 -0.69676 -0.1072 0.35572 0.22105 -1.8259 1.1419 0.51052 -3.2097 0.022873
4 37 0 -0.058023 4.5955 1.5615 -0.039136 3.4036 1.1344 0.87021 3.5577 0.79277 1.3296 2.2375 -0.05271 1.971 1.553 1.1711 -0.94862 3.2773 1.4869 -1.2368 1.7117 1.1198 -0.55626 1.6524 2.5022 0.72099 0.098834 -0.30644 1.3761 -1.8604 0.076602 0.79752 -2.3103 -1.5708 -0.72099 -0.098834 0.30644 0.14748 -1.8524 1.0714 0.38748 -3.1389 -0.16875
4 38 0 -0.065285 4.5964 1.5574 -0.050393 3.4001 1.1426 0.8641 3.5424 0.80971 1.2695 2.2957 -0.16506 1.8458 1.615 1.0928 -0.96488 3.2857 1.4861 -1.2227 1.6944 1.2215 -0.5172 1.7751 2.5902 0.73654 0.091232 -0.26959 1.3661 -1.725 0.57843 1.0604 -2.3929 -1.0682 -0.73654 -0.091232 0.26959 0.067648 -1.9177 0.92646 0.27568 -3.1339 -0.38824
4 43 24 0.15612 4.7038 1.1515 0.033825 3.4656 0.91663 0.77909 3.5296 0.278 0.62041 2.3885 -0.88024 1.5899 1.8953 0.21272 -0.70801 3.4305 1.5615 -1.1856 1.8755 1.4108 -0.021157 1.6452 2.395 0.70585 0.099849 -0.33957 1.2958 -1.7404 0.48488 1.7996 -3.4665 0.61785 -0.70585 -0.099849 0.33957 -0.39962 -2.1369 -0.073929 -0.75686 -3.2104 -1.4778
4 44 24 0.08403 4.7251 1.0611 -0.022462 3.4808 0.85243 0.77443 3.5347 0.27848 0.77029 2.3704 -0.86737 1.6376 1.9917 0.35004 -0.81656 3.4559 1.4322 -1.3232 1.9124 1.2597 -0.2331 1.6026 2.3054 0.7308 0.09007 -0.28516 1.2659 -1.7559 0.56356 1.7366 -3.4963 0.54696 -0.7308 -0.09007 0.28516 -0.41378 -2.1349 -0.07885 -0.81553 -3.0352 -1.5885
4 45 36 0.18545 4.7307 1.0001 0.050369 3.4831 0.83088 0.77474 3.5232 0.16677 0.77997 2.3478 -0.96771 1.7249 2.0999 0.22537 -0.67056 3.4723 1.4998 -1.2375 1.9448 1.3811 -0.050087 1.5651 2.2886 0.68399 0.10154 -0.38124 1.3272 -1.7491 0.37759 1.6472 -3.4847 0.0086297 -0.68399 -0.10154 0.38124 -0.39647 -2.1628 0.093532 -1.1448 -2.8127 -1.4126
4 50 60 0.26277 4.6521 1.2648 0.1048 3.4132 1.0739 0.9291 3.4577 0.53925 1.6864 2.2592 -0.27254 2.0726 2.2281 1.22 -0.71605 3.3975 1.6155 -1.5769 2.1158 1.0818 -0.83844 1.4054 2.234 0.61119 0.16052 -0.47347 1.1036 -1.874 -0.29345 0.68441 -3.3515 -1.238 -0.6112 -0.16052 0.47347 0.36894 -1.8302 1.2895 -0.26832 -2.7312 -0.13636
4 67 96 0.25906 4.6065 1.4421 0.065934 3.3914 1.146 0.93108 3.4077 0.67846 1.1788 2.1356 -0.31603 1.7858 1.5116 0.95666 -0.79467 3.4033 1.622 -1.391 1.9255 1.2624 -0.36368 1.827 2.4081 0.72475 0.11783 -0.29043 1.0178 -1.6879 0.74298 0.91772 -3.359 0.07353 -0.72475 -0.11783 0.29043 -0.37903 -2.1897 0.24326 -0.93542 -2.425 -1.4555
4 70 108 0.35725 4.5773 1.5128 0.14334 3.371 1.1981 1.0438 3.3495 0.80312 1.4948 1.9943 0.010125 1.9235 1.7555 1.4719 -0.75197 3.4203 1.6023 -1.5598 2.1722 0.92535 -0.81448 1.6218 2.1579 0.70215 0.12406 -0.33925 0.87202 -1.9175 0.12728 0.42171 -3.3057 -0.93146 -0.70215 -0.12406 0.33925 -0.078806 -1.8629 1.3404 -0.61173 -2.5627 -0.23348
5 17 276 0.4164 4.7634 0.82365 0.25636 3.53 0.58489 1.1552 3.5145 0.18588 1.2103 2.0494 -0.53454 1.8882 0.6678 -0.63117 -0.63875 3.5743 0.99007 -0.91225 1.9913 1.2871 -0.52805 0.91481 2.322 0.75055 -0.029342 -0.24354 1.0757 -1.6995 0.98895 1.4256 -3.4474 1.26 -0.75055 0.029342 0.24354 -0.61415 -2.0633 0.11447 -0.77884 -3.4791 -0.98965
5 48 336 0.21523 4.7864 0.75308 0.11004 3.545 0.52712 0.99863 3.5899 0.10789 1.0987 2.1039 -0.56314 1.8291 0.74752 -0.63077 -0.777 3.5293 0.95171 -1.0522 1.9229 1.0633 -0.72649 0.80656 2.0759 0.72289 0.011895 -0.31747 1.1797 -1.8262 0.59197 1.3317 -3.4089 -0.25815 -0.72289 -0.011895 0.31747 -0.2294 -2.0037 0.76872 -0.30055 -3.529 -0.19008
5 49 336 0.20623 4.7857 0.75288 0.091667 3.5461 0.52136 0.99477 3.5812 0.13336 1.1175 2.094 -0.53143 1.8513 0.73793 -0.5504 -0.80974 3.5404 0.9148 -1.0813 1.934 1.0353 -0.77512 0.83111 2.0685 0.73917 0.0079546 -0.2776 1.1032 -1.8012 0.72683 1.4497 -3.4801 0.16825 -0.73917 -0.0079546 0.2776 -0.2907 -2.023 0.66821 -0.34779 -3.5171 -0.33953
5 51 348 0.33824 4.784 0.70711 0.17461 3.5483 0.48779 1.0276 3.5794 -0.00086428 1.1018 2.0862 -0.65939 1.8388 0.73522 -0.75597 -0.67593 3.5465 0.98169 -0.91997 1.9415 1.1642 -0.48642 0.81137 2.1194 0.70125 0.00047398 -0.36296 1.2158 -1.7334 0.70623 1.5728 -3.4976 0.60082 -0.70125 -0.00047398 0.36296 -0.27292 -2.0519 0.51222 -0.52564 -3.5014 -0.52989
5 52 348 0.32658 4.7853 0.70547 0.17362 3.5501 0.47638 1.0547 3.5789 0.040178 1.1734 2.0873 -0.61525 1.9377 0.74908 -0.66779 -0.70523 3.5504 0.91794 -0.95974 1.9465 1.095 -0.59488 0.7783 2.033 0.71692 -0.0063405 -0.33089 1.1888 -1.702 0.81648 1.5424 -3.4678 0.90491 -0.71692 0.0063405 0.33089 -0.34335 -2.0601 0.39694 -0.57133 -3.4964 -0.66893
5 74 60 0.43104 4.7652 0.73067 0.18943 3.5437 0.51404 1.1059 3.5145 0.15836 1.8165 2.044 0.12273 2.7905 1.2733 1.0366 -0.72366 3.6021 0.87492 -1.1517 2.0279 0.78735 -1.2765 0.59054 1.3314 0.69365 0.029886 -0.37611 0.59969 -2.067 -0.2828 0.036953 -3.6221 -1.0009 -0.69365 -0.029886 0.37611 -0.094288 -1.7504 1.4225 0.1511 -3.4861 1.0005
5 75 60 0.37556 4.77 0.74642 0.1657 3.5459 0.5131 1.0899 3.5405 0.17666 1.7792 2.0603 0.12375 2.6896 1.2958 1.1057 -0.75584 3.5804 0.85506 -1.1608 2.0017 0.74355 -1.2973 0.55247 1.2522 0.6985 0.02582 -0.36733 0.57407 -2.071 -0.31971 -0.0072368 -3.5935 -1.0911 -0.6985 -0.02582 0.36733 -0.13425 -1.7483 1.4298 0.10828 -3.4641 0.93151
5 76 60 0.29969 4.7764 0.75285 0.1213 3.5495 0.50684 1.0529 3.563 0.19179 1.7138 2.0729 0.084105 2.5517 1.2801 1.1074 -0.80834 3.5652 0.82759 -1.1876 1.9815 0.69892 -1.3213 0.52578 1.1897 0.70846 0.026851 -0.34765 0.54742 -2.068 -0.35931 -0.044521 -3.555 -1.1895 -0.70846 -0.026851 0.34765 -0.17708 -1.7507 1.4248 0.063539 -3.451 0.87542
5 90 84 0.19293 4.7787 0.79962 0.060361 3.5414 0.56541 0.94012 3.5779 0.12717 1.0842 2.1094 -0.57384 1.7977 0.74275 -0.60364 -0.81722 3.5341 1.0094 -0.95591 1.9354 1.3154 -0.49201 0.81597 2.269 0.72542 0.025657 -0.31081 1.1415 -1.6972 0.81742 1.3157 -3.4825 0.63472 -0.72542 -0.025657 0.31081 -0.31704 -2.0822 0.44598 -0.53095 -3.5283 -0.60943
5 91 84 0.2016 4.779 0.79646 0.068147 3.5416 0.56261 0.95663 3.5672 0.14154 1.1291 2.0947 -0.5446 1.8588 0.73653 -0.52039 -0.81797 3.5452 0.9894 -0.97712 1.9435 1.2686 -0.54581 0.81712 2.2293 0.73228 0.020752 -0.29467 1.1369 -1.6756 0.87709 1.3104 -3.4701 0.90279 -0.73228 -0.020752 0.29467 -0.37497 -2.0908 0.33592 -0.57109 -3.5264 -0.7371
5 92 84 0.20834 4.7794 0.79502 0.079885 3.5418 0.55899 0.97999 3.5642 0.16317 1.1788 2.0875 -0.50663 1.9246 0.74017 -0.42839 -0.81791 3.5486 0.96059 -1.0009 1.9444 1.2091 -0.61428 0.79224 2.1582 0.73931 0.014583 -0.27695 1.1011 -1.6621 0.93633 1.2886 -3.4468 1.1116 -0.73931 -0.014583 0.27695 -0.42951 -2.0921 0.23131 -0.60978 -3.5146 -0.86183
5 93 84 0.21539 4.7793 0.7936 0.086276 3.5422 0.55517 0.99728 3.5562 0.18471 1.2224 2.0751 -0.46668 1.9831 0.74048 -0.33287 -0.82232 3.5574 0.93144 -1.0274 1.9501 1.1401 -0.70215 0.75278 2.0556 0.7468 0.010021 -0.25631 1.0523 -1.6616 0.97929 1.2342 -3.4381 1.2277 -0.7468 -0.01002 0.25631 -0.47567 -2.0902 0.13869 -0.64751 -3.4906 -0.98389
5 95 96 0.39858 4.7796 0.71905 0.22505 3.5413 0.51736 1.0722 3.5382 0.017611 1.202 2.048 -0.63898 2.0037 0.73251 -0.57201 -0.6184 3.5735 1.0223 -0.84612 1.9638 1.1827 -0.55809 0.64064 1.9202 0.70106 -0.0017333 -0.36332 1.1376 -1.6933 0.80387 1.3234 -3.477 0.99021 -0.70107 0.0017333 0.36332 -0.54899 -2.0789 0.11392 -0.9514 -3.4116 -1.0319
5 109 108 0.34146 4.7702 0.81609 0.19436 3.5358 0.57362 1.1332 3.4859 0.2847 1.6201 1.9329 0.1431 2.3753 0.89143 0.99319 -0.74056 3.6147 0.86869 -1.129 2.0315 0.76187 -1.1767 0.6703 1.4847 0.74641 0.0089307 -0.25747 0.74096 -2.0663 0.070959 0.40001 -3.6132 -0.79031 -0.74641 -0.0089302 0.25747 -0.34086 -1.7603 1.3449 -0.34796 -3.536 1.0327
5 110 108 0.30725 4.7743 0.80714 0.17105 3.5383 0.56661 1.1094 3.4999 0.2744 1.6003 1.9468 0.14926 2.3381 0.94329 1.0582 -0.76373 3.6057 0.86497 -1.1429 2.021 0.74762 -1.2004 0.6448 1.4407 0.74305 0.013216 -0.26682 0.69761 -2.078 -0.068775 0.33356 -3.613 -0.94168 -0.74305 -0.013217 0.26682 -0.26633 -1.737 1.3693 -0.28396 -3.5381 1.2871
5 111 108 0.28468 4.778 0.79131 0.15146 3.541 0.55385 1.0833 3.5085 0.24072 1.5753 1.9553 0.12197 2.2976 0.97413 1.0672 -0.77687 3.6026 0.87288 -1.1485 2.0172 0.74156 -1.2188 0.62438 1.3995 0.73682 0.018094 -0.28331 0.6658 -2.0798 -0.19402 0.2758 -3.5963 -1.088 -0.73682 -0.018094 0.28331 -0.18829 -1.7253 1.3783 -0.23673 -3.5265 1.4431
6 17 108 0.4218 4.7511 0.86333 0.34557 3.5068 0.65243 1.2811 3.4576 0.353 1.648 1.8951 0.048105 2.3159 0.7615 0.85212 -0.58623 3.585 0.95736 -1.0237 2.0211 0.77981 -1.2583 0.61016 1.3559 0.71738 -0.003233 -0.32993 0.52738 -2.0943 -0.25558 0.07135 -3.742 -0.82851 -0.71738 0.0032325 0.32994 -0.14557 -1.749 1.3384 -0.027175 -3.5481 1.3273
6 18 108 0.40176 4.752 0.87118 0.32828 3.5085 0.65547 1.2614 3.4624 0.34805 1.6188 1.8979 0.042685 2.2495 0.79036 0.91061 -0.60109 3.5837 0.96851 -1.0399 2.0216 0.7783 -1.2832 0.60032 1.3246 0.71396 0.001627 -0.33728 0.48641 -2.087 -0.34096 0.0077541 -3.7229 -0.92909 -0.71396 -0.001627 0.33728 -0.13555 -1.7455 1.3564 0.058552 -3.5332 1.4879
6 27 96 0.27113 4.7601 0.85402 0.23017 3.5087 0.67389 1.1893 3.486 0.45744 1.494 1.947 0.0020557 2.1436 0.57633 0.27961 -0.72663 3.5607 0.8957 -1.0817 1.9704 0.77965 -1.2573 0.6007 1.4659 0.7523 -0.0070906 -0.23977 0.58898 -2.0492 -0.70624 0.19842 -3.2778 -1.9668 -0.7523 0.0070906 0.23977 -0.32979 -1.8434 1.1405 -0.27237 -3.6327 0.92588
6 28 96 0.32801 4.7576 0.85084 0.25376 3.5072 0.67257 1.2026 3.4688 0.4164 1.5017 1.9326 -0.052037 2.1738 0.56439 0.18037 -0.69201 3.5748 0.93392 -1.0677 1.9864 0.86598 -1.1796 0.66087 1.6458 0.74652 -0.0058818 -0.25723 0.68782 -2.0879 -0.53313 0.26374 -3.1753 -1.9074 -0.74652 0.0058813 0.25723 -0.31862 -1.8762 1.0872 -0.28777 -3.6547 0.79191
6 29 96 0.38866 4.7545 0.84314 0.28755 3.5056 0.66778 1.225 3.4568 0.37422 1.5133 1.9251 -0.11509 2.2085 0.57495 0.15204 -0.64629 3.5835 0.96652 -1.0489 2.0003 0.9739 -1.091 0.72083 1.8335 0.74028 -0.0091043 -0.27458 0.78736 -2.1091 -0.32101 0.34043 -3.0929 -1.7644 -0.74028 0.0091043 0.27458 -0.31286 -1.9018 1.0362 -0.29917 -3.6662 0.66527
6 30 96 0.43208 4.7534 0.83215 0.30611 3.5062 0.65978 1.2306 3.4472 0.32946 1.499 1.9186 -0.18051 2.2221 0.59665 0.14697 -0.61429 3.5942 0.99516 -1.0337 2.0192 1.106 -1.0126 0.78456 2.0295 0.73706 -0.0099559 -0.28309 0.88258 -2.0972 -0.09164 0.42972 -3.0543 -1.551 -0.73706 0.0099554 0.28309 -0.31332 -1.9243 0.98541 -0.31473 -3.6724 0.54369
6 31 96 0.45023 4.7541 0.81905 0.30069 3.5087 0.65017 1.2123 3.4404 0.28725 1.4547 1.913 -0.23913 2.208 0.62525 0.15069 -0.60629 3.6062 1.0179 -1.0278 2.0436 1.2406 -0.97354 0.85074 2.2162 0.73617 -0.005681 -0.28552 0.95545 -2.052 0.13718 0.52515 -3.0754 -1.2836 -0.73617 0.005681 0.28552 -0.31899 -1.948 0.93623 -0.33793 -3.6751 0.41905
6 32 96 0.45723 4.7532 0.81536 0.29604 3.5086 0.65134 1.1976 3.4347 0.26526 1.4147 1.907 -0.27105 2.1937 0.64783 0.15953 -0.60068 3.6114 1.0421 -1.0136 2.0647 1.3673 -0.93841 0.91593 2.3931 0.73626 -0.0029469 -0.28533 1.01 -1.9835 0.36017 0.62639 -3.1448 -0.96464 -0.73626 0.0029473 0.28533 -0.32572 -1.9675 0.88779 -0.36495 -3.6701 0.29578
6 33 96 0.45299 4.7545 0.80932 0.28627 3.5103 0.64693 1.1801 3.4351 0.24348 1.3741 1.9071 -0.30091 2.1649 0.66481 0.15629 -0.60257 3.6145 1.0549 -1.0029 2.0846 1.4647 -0.90371 0.98225 2.5383 0.73615 -0.00053692 -0.28563 1.0457 -1.9048 0.54629 0.72883 -3.247 -0.61519 -0.73615 0.00053692 0.28563 -0.33386 -1.9873 0.83423 -0.39456 -3.6615 0.1676
6 34 96 0.44448 4.7574 0.7996 0.27865 3.5129 0.63986 1.1678 3.4388 0.22597 1.3465 1.9101 -0.32155 2.1405 0.66999 0.13599 -0.60548 3.616 1.0583 -0.99588 2.1007 1.5276 -0.85805 1.0561 2.6534 0.73709 -0.00090551 -0.2832 1.0646 -1.8357 0.68662 0.83931 -3.3664 -0.2392 -0.73709 0.00090551 0.2832 -0.35327 -2.0083 0.76278 -0.42843 -3.6552 0.032717
6 35 96 0.43074 4.7612 0.78795 0.2672 3.5165 0.62812 1.1535 3.4422 0.20829 1.3193 1.9133 -0.34288 2.1048 0.66353 0.10289 -0.6141 3.6197 1.0524 -0.99196 2.1161 1.5671 -0.81507 1.1298 2.7391 0.73976 -0.0016961 -0.27613 1.0674 -1.7909 0.77548 0.95054 -3.4772 0.14808 -0.73976 0.0016956 0.27613 -0.38812 -2.0333 0.66272 -0.46628 -3.6595 -0.11196
6 36 96 0.41248 4.7659 0.77411 0.25498 3.5206 0.61293 1.1424 3.4468 0.19531 1.2959 1.9195 -0.36348 2.0613 0.64584 0.048546 -0.62745 3.6234 1.0349 -0.99506 2.1264 1.5758 -0.78937 1.1914 2.7846 0.74446 -0.0040016 -0.26318 1.0574 -1.7763 0.82101 1.0538 -3.5544 0.52261 -0.74446 0.0040011 0.26318 -0.44239 -2.0565 0.54128 -0.50758 -3.6675 -0.26572
6 37 96 0.39816 4.7706 0.75847 0.25054 3.5245 0.5949 1.1437 3.4527 0.18933 1.2849 1.9284 -0.38114 2.0215 0.6214 -0.024914 -0.63776 3.6254 1.0049 -0.99534 2.1325 1.5637 -0.76967 1.2386 2.7997 0.75004 -0.0093427 -0.24669 1.0398 -1.7832 0.84129 1.1432 -3.583 0.875 -0.75004 0.0093431 0.24669 -0.4981 -2.0709 0.39949 -0.55104 -3.6719 -0.42816
6 38 96 0.38325 4.7739 0.74832 0.24432 3.5273 0.58201 1.1439 3.4545 0.19118 1.2756 1.9363 -0.39723 1.9795 0.59688 -0.10028 -0.65053 3.6292 0.97726 -1.0025 2.1375 1.5428 -0.76668 1.2659 2.7928 0.75613 -0.013171 -0.22714 1.0232 -1.794 0.85531 1.2045 -3.5555 1.1946 -0.75613 0.013171 0.22714 -0.54997 -2.0774 0.26231 -0.59082 -3.6709 -0.58024
6 39 96 0.36674 4.7764 0.74353 0.23756 3.5296 0.57288 1.1451 3.4556 0.20103 1.2702 1.9436 -0.40478 1.9383 0.57304 -0.17491 -0.66528 3.6327 0.94921 -1.0204 2.1382 1.5051 -0.78826 1.267 2.756 0.76178 -0.015753 -0.20722 1.0172 -1.8119 0.85244 1.2272 -3.5113 1.4173 -0.76178 0.015752 0.20722 -0.58761 -2.0769 0.13874 -0.62925 -3.6562 -0.73013
6 55 120 0.32058 4.7971 0.62165 0.229 3.5443 0.47253 1.1298 3.4885 0.081495 1.7023 1.9629 -0.034466 2.624 0.91029 0.61366 -0.66784 3.6293 0.86726 -1.1277 2.0635 0.79326 -1.1382 0.71275 1.5369 0.69503 0.019257 -0.37425 0.688 -2.0364 0.06015 0.24276 -3.6912 -0.50042 -0.69503 -0.019257 0.37425 -0.16628 -1.8707 1.215 -0.45522 -3.5253 0.5595
6 56 120 0.2971 4.7999 0.61042 0.21102 3.5466 0.46221 1.1123 3.4933 0.072037 1.7208 1.9782 0.015952 2.6443 1.0305 0.80753 -0.68646 3.6292 0.85598 -1.1292 2.0579 0.79445 -1.1083 0.71356 1.5494 0.69231 0.022614 -0.37907 0.61058 -2.0562 -0.085721 0.12992 -3.7004 -0.64824 -0.69231 -0.022614 0.37907 -0.1003 -1.8373 1.2569 -0.22835 -3.5963 0.88188
6 57 120 0.26293 4.8041 0.59331 0.18341 3.5497 0.45033 1.0825 3.5023 0.054463 1.7142 1.9958 0.044009 2.6186 1.1547 0.96716 -0.71212 3.6264 0.84973 -1.1385 2.05 0.8042 -1.0904 0.70832 1.5626 0.68822 0.027805 -0.3861 0.52247 -2.062 -0.24566 0.014039 -3.7024 -0.79471 -0.68822 -0.027806 0.3861 -0.046808 -1.8206 1.2742 -0.0062229 -3.6206 1.1775
