0 23 192 -0.087754 4.7869 0.71085 -0.20126 3.5542 0.44416 0.77571 3.5279 0.33373 1.7782 2.5808 -0.54186 3.2644 2.7617 -0.91088 -1.1763 3.6096 0.56054 -1.0897 2.5695 1.8172 0.091247 2.5973 2.8083 0.72141 0.00053406 0.32103 0.13128 -1.8119 1.2049 0.39233 -3.5922 1.3195 -0.72141 -0.0005343 -0.32103 -0.76 -2.0989 -0.41872 0.056263 -3.5035 -1.2008
0 62 348 0.27734 4.8076 0.45308 0.24919 3.5694 0.21547 1.0961 3.5583 -0.28448 1.8046 2.2965 0.47361 1.5451 2.5369 1.9745 -0.59487 3.61 0.71874 -1.823 2.6047 1.106 -2.7089 2.3319 2.3382 0.46212 0.017196 -0.64004 0.81523 -2.0528 -0.70739 0.25432 -3.6767 -1.2544 -0.46212 -0.017196 0.64004 0.11404 -1.9737 1.1442 -0.47521 -3.6778 1.1406
0 74 288 0.14929 4.8229 0.48614 0.051111 3.5679 0.36181 0.9528 3.5037 -0.025723 1.3203 1.9367 0.25425 2.2168 1.7059 1.4874 -0.84656 3.6615 0.75269 -1.2713 2.2098 1.37 -1.1883 1.4898 2.731 0.72295 0.037512 -0.31534 1.1319 -1.9597 0.19288 1.1261 -3.6743 -0.36486 -0.72295 -0.037512 0.31534 -0.53835 -2.0728 0.80319 -0.94027 -3.68 0.09176
0 104 276 0.12829 4.8306 0.33088 0.10759 3.571 0.30739 1.0871 3.4996 0.25362 1.3636 2.5927 1.5839 0.90768 2.8882 3.027 -0.86911 3.6718 0.36433 -1.1418 2.8812 1.7677 -0.36905 2.8474 3.1016 0.78656 -0.0063686 -0.069194 0.83945 -2.0445 0.43842 0.85379 -3.7506 -0.14463 -0.78656 0.0063686 0.069194 -0.88556 -2.0379 0.54405 -1.1246 -3.727 -0.03976
1 36 96 0.13294 4.5314 1.6915 0.19544 3.3206 1.3382 1.1721 3.3474 1.2252 1.4516 1.834 0.67719 2.2329 0.52035 0.88131 -0.78043 3.322 1.4608 -1.1914 1.8015 1.0274 -1.8119 0.46958 1.4949 0.77048 0.017815 -0.17189 0.71388 -1.8985 0.68762 0.51078 -3.4775 -0.15889 -0.77048 -0.017815 0.17189 -0.41319 -1.8877 1.0607 -0.57593 -3.3344 -0.0029781
1 41 96 0.18625 4.5587 1.6181 0.20644 3.3431 1.2775 1.1793 3.3417 1.1329 1.4419 1.8073 0.63743 2.2894 0.54229 0.88084 -0.76452 3.3727 1.4315 -1.2185 1.8336 1.125 -1.8608 0.66073 1.8926 0.77457 0.0053382 -0.15333 0.7794 -1.7296 1.0317 0.48889 -3.1626 -0.023435 -0.77457 -0.0053382 0.15333 -0.55077 -1.7536 1.297 -0.57772 -3.0709 0.066148
2 108 288 0.35795 4.6124 1.4458 0.31284 3.3969 1.1074 1.2383 3.3977 0.77444 1.4057 2.1266 -0.23791 2.1045 0.82061 -0.66657 -0.609 3.4243 1.4492 -1.1842 2.0047 0.88122 -1.4978 0.49498 0.89482 0.74556 0.017576 -0.25948 0.98042 -1.9536 0.42883 0.94483 -3.6375 -0.21456 -0.74556 -0.017576 0.25948 -0.56945 -2.035 0.81903 -0.89321 -3.6443 0.073047
3 49 12 -0.0084364 4.8261 0.19456 0.08235 3.5709 0.28277 1.0618 3.5631 0.19383 1.3587 2.1869 -0.63485 1.6699 0.67709 -0.59866 -0.89652 3.6084 0.3709 -1.2638 2.0698 0.77896 -1.0609 2.1895 2.3028 0.78886 -0.022913 0.025916 0.99117 -1.3421 1.6486 0.67017 -1.3443 -0.12562 -0.78886 0.022914 -0.025916 -0.54738 -2.0084 -0.50524 -0.31542 -3.7457 -0.92823
3 53 12 -0.037788 4.8258 0.094484 0.076046 3.575 0.21259 1.049 3.5832 0.069007 1.4167 2.384 -0.9776 1.7963 0.90424 -1.1871 -0.89692 3.5966 0.35484 -1.3226 2.4616 1.4499 -1.0453 3.3503 2.6792 0.78864 -0.030184 0.025264 0.5554 -1.085 1.8273 0.36983 -2.2629 0.47489 -0.78864 0.030185 -0.025263 -0.53926 -1.9457 -0.69453 -0.29897 -3.6358 -1.2747
3 78 0 0.089176 4.8082 -0.34498 0.15546 3.5842 -0.046825 1.1371 3.5809 -0.10818 1.5055 2.1168 -0.73209 1.8912 0.73838 -0.15858 -0.82591 3.6169 0.0098691 -1.2383 2.1191 0.51519 -1.0663 2.2047 2.0452 0.78762 -0.051898 0.021359 1.0171 -1.8104 1.148 0.78292 -2.0443 -0.62439 -0.78762 0.051898 -0.021359 -0.598 -2.0403 -0.052229 -0.40871 -3.8331 -0.086039
3 78 336 0.22178 4.8082 -0.27889 0.16106 3.5842 0.020453 1.0828 3.5809 0.36367 1.6731 2.1168 -0.056465 1.7922 0.73838 0.62436 -0.75852 3.6169 -0.32691 -1.3407 2.1191 -0.032989 -1.8059 2.2047 1.4346 0.71084 -0.051898 0.33987 0.4622 -1.8104 1.4624 0.96919 -2.0443 -0.25197 -0.71084 0.051898 -0.33987 -0.52505 -2.0403 -0.29094 -0.33838 -3.8331 -0.24484
3 78 348 0.15895 4.8082 -0.3189 0.16179 3.5842 -0.013481 1.1347 3.5809 0.1306 1.6248 2.1168 -0.40309 1.8829 0.73838 0.23809 -0.80991 3.6169 -0.16206 -1.3183 2.1191 0.24649 -1.4682 2.2047 1.7788 0.76597 -0.051898 0.18465 0.75616 -1.8104 1.3344 0.89563 -2.0443 -0.44797 -0.76597 0.051898 -0.18465 -0.57407 -2.0403 -0.17542 -0.38189 -3.8331 -0.16913
3 79 312 0.3571 4.8064 -0.19059 0.17427 3.5825 0.059153 0.91055 3.5747 0.71121 1.7987 2.2446 0.37834 1.8553 0.81816 0.96112 -0.55828 3.6197 -0.5961 -1.4024 2.2238 -0.50849 -2.3143 2.7111 0.63548 0.50506 -0.05114 0.60481 -0.37408 -1.5704 1.7595 0.75637 -1.7021 0.36109 -0.50506 0.051141 -0.60481 -0.27981 -2.0371 -0.55079 -0.062191 -3.8259 -0.49131
3 83 12 -0.062087 4.8043 -0.48999 0.050218 3.5755 -0.22013 0.96868 3.5683 -0.57189 1.092 2.3966 -1.7035 1.7032 0.98377 -1.7933 -0.86924 3.6122 0.12717 -1.2801 2.3722 1.1082 -0.76209 3.0349 2.4005 0.77411 -0.031768 -0.15244 0.92123 -0.86592 1.7703 0.59412 -1.9573 0.37287 -0.77411 0.031769 0.15244 -0.68509 -1.9996 -0.37672 -0.58419 -3.7384 -0.84291
3 84 0 0.054265 4.8082 -0.44828 0.11215 3.579 -0.16157 1.0867 3.5718 -0.29408 1.4497 2.3475 -1.3129 2.0288 0.92373 -1.1898 -0.86238 3.6156 -0.033859 -1.4356 2.3344 0.80198 -1.2254 2.9403 2.2042 0.78857 -0.036224 0.018441 0.50337 -0.96893 1.8794 0.4367 -2.333 0.70219 -0.78857 0.036224 -0.018441 -0.58668 -1.9742 -0.59426 -0.38663 -3.6952 -1.0935
3 84 12 -0.040123 4.8082 -0.44976 0.076112 3.579 -0.18135 1.0018 3.5718 -0.51359 1.1451 2.3475 -1.5856 1.7371 0.92373 -1.5856 -0.85057 3.6156 0.14618 -1.2374 2.3344 1.0829 -0.74037 2.9403 2.4109 0.77517 -0.036224 -0.14592 0.88311 -0.96893 1.7336 0.57315 -2.333 0.59605 -0.77517 0.036224 0.14592 -0.69741 -1.9742 -0.4593 -0.60554 -3.6952 -0.98922
3 85 0 0.095632 4.8126 -0.39689 0.14683 3.581 -0.11921 1.1255 3.5729 -0.21699 1.4925 2.2863 -1.1543 2.0119 0.85194 -0.92951 -0.83158 3.6186 -0.026098 -1.3858 2.2969 0.75795 -1.193 2.8332 2.1908 0.78773 -0.04462 0.031322 0.49454 -1.1637 1.7852 0.39967 -2.7472 0.92809 -0.78773 0.044621 -0.031322 -0.56872 -1.9399 -0.68553 -0.35378 -3.6385 -1.2507
3 85 324 0.31065 4.8126 -0.26488 0.18885 3.581 -0.010141 1.0381 3.5729 0.48599 1.8859 2.2863 -0.056608 2.174 0.85194 0.43059 -0.65742 3.6186 -0.50991 -1.5667 2.2969 -0.20138 -2.2529 2.8332 1.0711 0.61888 -0.04462 0.48836 -0.6492 -1.1637 1.7349 -0.22218 -2.7472 0.98576 -0.61888 0.044621 -0.48836 -0.057158 -1.9399 -0.88889 0.44896 -3.6385 -1.2198
3 85 336 0.24879 4.8126 -0.32368 0.18262 3.581 -0.049185 1.1164 3.5729 0.25954 1.833 2.2863 -0.44748 2.2161 0.85194 -0.030828 -0.74907 3.6186 -0.36208 -1.5743 2.2969 0.12875 -1.981 2.8332 1.5161 0.70689 -0.04462 0.34902 -0.27431 -1.1637 1.832 -0.012376 -2.7472 1.0104 -0.70689 0.044621 -0.34902 -0.24072 -1.9399 -0.85758 0.18553 -3.6385 -1.2865
3 85 348 0.17606 4.8126 -0.36833 0.1684 3.581 -0.086079 1.146 3.5729 0.021754 1.6999 2.2863 -0.81879 2.1612 0.85194 -0.4909 -0.80798 3.6186 -0.19842 -1.5131 2.2969 0.45326 -1.6225 2.8332 1.8948 0.76401 -0.04462 0.19442 0.11258 -1.1637 1.849 0.19797 -2.7472 0.99091 -0.76401 0.044621 -0.19442 -0.41376 -1.9399 -0.78879 -0.086002 -3.6385 -1.297
4 23 300 0.14609 4.6439 1.3249 -0.05354 3.4406 0.98487 0.8617 3.4349 0.62477 1.1172 2.2375 -0.45667 1.9275 1.2054 0.35316 -0.9649 3.4746 1.3532 -1.4371 1.9165 1.2188 -0.52285 1.8992 2.4604 0.77514 0.07797 -0.12874 1.1106 -1.7182 0.90831 1.598 -3.4483 0.76638 -0.77514 -0.07797 0.12874 -0.59964 -2.1586 -0.10498 -0.96238 -2.7368 -1.7738
4 25 312 0.17259 4.6034 1.4366 -0.056728 3.4086 1.0849 0.84214 3.3902 0.6861 1.2567 2.0951 -0.21926 2.0324 1.1559 0.72621 -0.95059 3.455 1.4926 -1.5222 1.9806 1.0824 -0.74767 1.5673 2.3501 0.74365 0.12762 -0.23279 1.1739 -1.5895 0.89892 1.4345 -3.2179 0.17005 -0.74365 -0.12762 0.23279 -0.39788 -2.1748 0.55474 -1.0297 -2.3417 -1.1257
4 27 324 0.18775 4.5783 1.5366 -0.013895 3.3855 1.1625 0.90255 3.374 0.80565 1.418 2.0004 0.087156 2.09 1.4021 1.3394 -0.92574 3.4249 1.5291 -1.6181 2.1044 0.86145 -1.0353 1.5293 2.1681 0.72374 0.13895 -0.28353 1.162 -1.7331 0.56356 1.1218 -3.2084 -0.47229 -0.72374 -0.13895 0.28353 -0.11811 -1.9126 1.2331 -0.60532 -2.3907 -0.43577
4 47 36 0.023945 4.6955 1.116 -0.12076 3.4523 0.93394 0.71286 3.4837 0.41293 1.3402 2.2842 -0.50165 1.7963 2.2461 0.97083 -0.95111 3.45 1.4611 -1.5719 2.005 1.019 -0.79281 1.3962 2.2023 0.70058 0.15112 -0.33143 1.2821 -1.6612 0.55827 1.3712 -3.2744 -0.24206 -0.70058 -0.15112 0.33143 -0.21683 -2.1757 0.61646 -0.88858 -2.4518 -1.0338
4 49 48 0.13843 4.6708 1.2142 -0.021065 3.4324 1.0219 0.83261 3.4699 0.53485 1.6844 2.2659 -0.16768 1.9415 2.2549 1.3527 -0.87155 3.4236 1.5158 -1.6279 2.1052 0.91703 -1.0094 1.376 2.1267 0.6607 0.1554 -0.40351 1.2803 -1.777 0.14064 1.0272 -3.2623 -0.84965 -0.6607 -0.1554 0.40352 0.10845 -1.9491 1.1816 -0.50742 -2.5071 -0.4185
5 21 276 0.40757 4.7586 0.85307 0.23249 3.5265 0.61791 1.1601 3.4766 0.29481 1.2917 1.9896 -0.36862 1.9722 0.60751 -0.43499 -0.69097 3.6052 0.94712 -1.1774 2.0474 0.87461 -1.224 0.71955 1.6572 0.76742 -0.016468 -0.18519 1.002 -1.7263 1.013 1.1972 -3.518 0.96094 -0.76742 0.016468 0.18519 -0.73883 -2.0621 -0.11992 -0.99344 -3.2972 -1.4085
5 22 276 0.40511 4.7555 0.86714 0.2261 3.5242 0.63075 1.1635 3.4625 0.33951 1.3321 1.9613 -0.28245 2.0185 0.58059 -0.29383 -0.70704 3.6147 0.9281 -1.2265 2.0724 0.78534 -1.4206 0.68988 1.44 0.77438 -0.017689 -0.15339 0.9681 -1.7619 1.0018 1.1416 -3.5508 0.85727 -0.77438 0.017689 0.15339 -0.78204 -2.0707 -0.076745 -1.0169 -3.2335 -1.4346
5 23 276 0.38841 4.7465 0.91278 0.20606 3.518 0.66445 1.1573 3.4396 0.42717 1.3754 1.9277 -0.15192 2.0652 0.55011 -0.087064 -0.74083 3.6252 0.9079 -1.283 2.0969 0.70975 -1.6131 0.68764 1.2414 0.78121 -0.014983 -0.11396 0.92309 -1.7976 0.98891 1.0824 -3.5792 0.76157 -0.78121 0.014983 0.11396 -0.8158 -2.0842 0.034007 -1.0042 -3.1526 -1.4061
5 30 288 0.36519 4.7257 1.0106 0.17025 3.5128 0.70349 1.1475 3.4044 0.67803 1.7308 1.8798 0.61584 2.466 0.7211 1.3191 -0.80316 3.6497 0.73643 -1.2798 2.1228 0.40436 -1.711 0.73852 0.9291 0.78929 -0.017991 -0.01395 0.76212 -2.0115 0.64905 0.79919 -3.6111 -0.18204 -0.78929 0.017991 0.01395 -0.7575 -1.8052 1.0576 -0.54627 -3.4123 0.26811
5 32 300 0.40004 4.7403 0.92695 0.19794 3.5197 0.65676 1.1677 3.4321 0.51785 1.8082 1.9308 0.45087 2.6433 0.91802 1.26 -0.76779 3.6361 0.80224 -1.209 2.0854 0.53887 -1.5019 0.69054 1.1272 0.7792 -0.002583 -0.12785 0.79195 -2.0638 0.27898 0.64619 -3.6209 -0.61831 -0.7792 0.002583 0.12785 -0.59495 -1.7468 1.2767 -0.34046 -3.511 1.005
5 33 300 0.30753 4.7494 0.91951 0.1359 3.5246 0.64714 1.1105 3.4556 0.53409 1.774 1.963 0.50773 2.5738 1.0185 1.4275 -0.83542 3.6226 0.76675 -1.2416 2.0653 0.48612 -1.5217 0.66143 1.0591 0.78083 0.0073962 -0.11726 0.77023 -2.0766 0.14949 0.60932 -3.6218 -0.76557 -0.78083 -0.0073957 0.11726 -0.57127 -1.7303 1.3013 -0.36058 -3.5183 1.2032
5 34 300 0.21862 4.7586 0.90363 0.078765 3.53 0.63045 1.0566 3.483 0.53617 1.7367 1.9976 0.53541 2.4917 1.1095 1.5449 -0.89664 3.6061 0.73127 -1.2712 2.0427 0.44068 -1.5446 0.62812 0.98999 0.78102 0.016483 -0.11504 0.75209 -2.0792 0.03238 0.57757 -3.605 -0.91225 -0.78102 -0.016484 0.11504 -0.52955 -1.7286 1.3066 -0.38095 -3.5254 1.2945
5 56 348 0.32588 4.7838 0.70785 0.18735 3.551 0.45834 1.1398 3.5544 0.21288 1.4216 2.0781 -0.42714 2.2651 0.79468 -0.2886 -0.7633 3.5769 0.70926 -1.1161 1.9823 0.75002 -1.1706 0.63545 1.4988 0.77016 -0.035812 -0.17049 0.88498 -1.7204 1.0798 1.21 -3.48 1.3014 -0.77016 0.035812 0.17049 -0.5884 -2.0518 0.018323 -0.71524 -3.3887 -1.1848
5 57 348 0.28509 4.7807 0.7478 0.14577 3.5473 0.5008 1.1106 3.5351 0.31012 1.4341 2.0583 -0.30874 2.2659 0.76894 -0.15612 -0.81713 3.5888 0.69693 -1.1973 2.0001 0.67684 -1.3782 0.62862 1.3579 0.78067 -0.025093 -0.11589 0.80046 -1.7318 1.1092 1.1357 -3.4996 1.2252 -0.78067 0.025093 0.11589 -0.62769 -2.0659 -0.021141 -0.75956 -3.3509 -1.279
5 58 348 0.27395 4.7766 0.77374 0.1262 3.5466 0.51507 1.0999 3.5166 0.37944 1.4665 2.0358 -0.20499 2.2734 0.7301 -0.057484 -0.84535 3.6059 0.65628 -1.252 2.0263 0.56512 -1.536 0.64311 1.1846 0.78609 -0.020974 -0.071564 0.75541 -1.7383 1.1385 1.079 -3.512 1.1399 -0.78609 0.020974 0.071564 -0.65798 -2.0725 -0.051256 -0.78384 -3.2937 -1.3718
5 59 348 0.27452 4.7718 0.79492 0.11798 3.5465 0.5208 1.0979 3.4987 0.45098 1.5043 2.011 -0.087997 2.2864 0.68914 0.048393 -0.85963 3.6235 0.59639 -1.2866 2.0544 0.43992 -1.6461 0.66817 1.0115 0.78903 -0.023996 -0.018686 0.72628 -1.7689 1.1499 1.0393 -3.5406 1.0313 -0.78903 0.023996 0.018686 -0.70649 -2.0741 -0.054345 -0.7696 -3.2192 -1.4457
5 67 24 0.45901 4.7216 0.94709 0.20867 3.5219 0.63422 1.1843 3.3999 0.61044 1.7957 1.8891 0.49818 2.5986 0.71191 1.0875 -0.76277 3.6726 0.66478 -1.2369 2.1198 0.48435 -1.541 0.8232 1.2616 0.78876 -0.021945 -0.029672 0.79219 -2.0136 0.63943 0.78876 -3.6488 -0.12009 -0.78876 0.021945 0.029672 -0.71861 -1.8482 0.98457 -0.47212 -3.3493 0.016599
5 68 24 0.3805 4.7226 0.96756 0.14997 3.5217 0.64485 1.1255 3.4022 0.68336 1.7673 1.9 0.68424 2.5393 0.79241 1.4292 -0.82183 3.67 0.61321 -1.2755 2.1146 0.40386 -1.6161 0.8002 1.1346 0.78938 -0.014304 0.013024 0.74728 -2.0349 0.58729 0.73804 -3.656 -0.20191 -0.78938 0.014304 -0.013024 -0.76028 -1.8115 1.0262 -0.44029 -3.426 0.29026
5 69 24 0.30343 4.7276 0.96671 0.09575 3.5252 0.63602 1.0683 3.4155 0.7337 1.7258 1.9249 0.85304 2.4473 0.8782 1.7257 -0.87375 3.6638 0.54524 -1.3062 2.1066 0.30693 -1.6766 0.77087 0.98252 0.78823 -0.0080657 0.046038 0.71227 -2.0538 0.51873 0.6995 -3.6624 -0.29564 -0.78823 0.0080652 -0.046038 -0.79534 -1.7833 1.0519 -0.432 -3.4767 0.55078
5 70 36 0.42102 4.734 0.88882 0.17137 3.5294 0.59794 1.1476 3.4275 0.53533 1.833 1.9467 0.61446 2.6843 0.96703 1.447 -0.80102 3.66 0.66689 -1.2554 2.1004 0.49391 -1.5162 0.74196 1.1753 0.78359 0.00010967 -0.097382 0.76381 -2.0663 0.28198 0.57407 -3.6687 -0.52242 -0.78359 -0.00010967 0.097382 -0.56191 -1.7644 1.2165 -0.27643 -3.5008 0.8237
5 71 36 0.34112 4.7413 0.88757 0.11763 3.5335 0.58964 1.097 3.4461 0.56676 1.7856 1.9735 0.72815 2.5789 1.0557 1.6801 -0.85857 3.6498 0.6189 -1.2938 2.0876 0.42156 -1.5842 0.70629 1.0422 0.78502 0.0082359 -0.084671 0.73083 -2.0725 0.20155 0.53053 -3.6687 -0.6126 -0.78502 -0.0082355 0.084671 -0.57739 -1.7501 1.241 -0.25944 -3.5008 0.94967
5 72 36 0.2631 4.7501 0.87274 0.065047 3.5381 0.5737 1.046 3.4666 0.5761 1.7278 1.9995 0.80321 2.4415 1.1377 1.8642 -0.91333 3.6387 0.57768 -1.3254 2.0731 0.35905 -1.6395 0.67172 0.92039 0.78578 0.016142 -0.076053 0.70393 -2.0736 0.12499 0.49368 -3.6599 -0.70591 -0.78578 -0.016142 0.076054 -0.60282 -1.7444 1.2567 -0.25363 -3.4967 1.015
5 98 84 0.26966 4.7813 0.76503 0.12796 3.5417 0.54624 1.0838 3.4928 0.3195 1.4007 1.9841 -0.22109 2.1261 0.65759 0.082058 -0.82461 3.6198 0.77834 -1.1809 2.0276 0.69809 -1.3479 0.58168 1.2072 0.77687 -0.003993 -0.14129 0.86606 -1.7383 1.0413 0.96564 -3.5362 0.94893 -0.77687 0.003993 0.14129 -0.65912 -2.0804 -0.09453 -0.81948 -3.2637 -1.4455
5 99 84 0.2625 4.7815 0.7619 0.11872 3.5414 0.54781 1.0827 3.4801 0.36262 1.4268 1.9643 -0.14007 2.132 0.63169 0.18316 -0.84196 3.6317 0.73831 -1.2328 2.0506 0.61169 -1.4435 0.59784 1.0836 0.78156 -0.0030041 -0.11248 0.82929 -1.774 1.0169 0.91715 -3.5633 0.81276 -0.78156 0.0030046 0.11248 -0.71328 -2.0913 -0.041439 -0.84578 -3.1999 -1.4572
5 100 84 0.24381 4.7761 0.79387 0.1009 3.537 0.57381 1.0719 3.467 0.43385 1.445 1.9424 -0.019148 2.1302 0.60515 0.32727 -0.86677 3.6361 0.71925 -1.2863 2.0667 0.54699 -1.522 0.61945 1.0242 0.78521 0.00047398 -0.083312 0.79535 -1.8079 0.98632 0.87315 -3.584 0.6858 -0.78521 -0.0004735 0.083311 -0.76554 -2.1014 0.071423 -0.85945 -3.1163 -1.4159
5 101 96 0.38586 4.7709 0.76759 0.20186 3.5339 0.56665 1.1366 3.456 0.27076 1.4528 1.9234 -0.19829 2.1855 0.58653 0.033042 -0.72841 3.6408 0.86756 -1.1997 2.0811 0.749 -1.3449 0.64672 1.2959 0.76083 0.0024366 -0.21126 0.94423 -1.8432 0.77571 0.93377 -3.6024 0.38059 -0.76083 -0.0024366 0.21126 -0.74109 -2.0969 0.37648 -1.1018 -3.016 -1.1322
5 102 96 0.36299 4.7667 0.80469 0.18193 3.5335 0.57948 1.1298 3.4515 0.33032 1.491 1.9114 -0.077682 2.2184 0.57874 0.19198 -0.76154 3.6445 0.83424 -1.2394 2.0893 0.68731 -1.3926 0.67225 1.2757 0.76774 0.0040302 -0.18455 0.90758 -1.8784 0.73804 0.87255 -3.618 0.26519 -0.76774 -0.0040298 0.18455 -0.73791 -2.0785 0.51637 -1.0261 -2.9537 -1.0334
5 103 96 0.34464 4.7667 0.82124 0.17546 3.5351 0.57882 1.1342 3.4519 0.37549 1.5335 1.905 0.034344 2.2589 0.58276 0.35553 -0.77898 3.6472 0.78821 -1.249 2.0905 0.63173 -1.4138 0.69535 1.2673 0.77181 0.00067329 -0.16675 0.86965 -1.9101 0.70142 0.8138 -3.6245 0.146 -0.77181 -0.00067329 0.16675 -0.72327 -2.0446 0.65074 -0.93769 -2.979 -0.87628
5 104 96 0.32732 4.7686 0.82337 0.16948 3.537 0.57369 1.135 3.4552 0.40501 1.5664 1.9016 0.14258 2.2814 0.59827 0.55225 -0.79204 3.6477 0.74862 -1.2468 2.0876 0.58109 -1.419 0.71629 1.2649 0.77513 -0.0021744 -0.15054 0.83125 -1.9368 0.66697 0.75786 -3.6178 0.019158 -0.77513 0.0021744 0.15054 -0.70036 -1.9991 0.78587 -0.84677 -3.07 -0.65726
5 105 96 0.29522 4.7689 0.83409 0.14943 3.5367 0.58034 1.1198 3.4589 0.43986 1.5751 1.9019 0.24697 2.2765 0.63235 0.77037 -0.8172 3.6434 0.72734 -1.2529 2.0786 0.55303 -1.4284 0.72853 1.277 0.77867 -0.00028229 -0.13102 0.79464 -1.9602 0.62581 0.70717 -3.6038 -0.11036 -0.77867 0.00028276 0.13102 -0.68232 -1.9452 0.91837 -0.76525 -3.1922 -0.38125
5 106 96 0.27036 4.7676 0.85073 0.13569 3.5354 0.59111 1.1095 3.4625 0.47388 1.5835 1.905 0.33815 2.2592 0.68724 1 -0.83469 3.6373 0.71508 -1.2467 2.0656 0.5453 -1.4287 0.72174 1.2792 0.78137 -0.00047112 -0.11386 0.76318 -1.9889 0.56457 0.66054 -3.5951 -0.2481 -0.78137 0.00047112 0.11386 -0.66536 -1.8863 1.0308 -0.69302 -3.3081 -0.077658
6 6 72 0.36533 4.7207 0.96895 0.2124 3.4785 0.78368 1.1859 3.3448 0.74258 1.5652 1.8024 0.36059 2.175 0.50313 0.92439 -0.75648 3.6411 0.83033 -1.3414 2.1297 0.62524 -1.9454 0.80733 1.1394 0.78903 -0.021998 -0.020938 0.70044 -2.0475 0.53009 0.78824 -3.7502 -0.056503 -0.78904 0.021998 0.020938 -0.72323 -2.023 0.49855 -0.75148 -3.6908 -0.18583
6 8 84 0.44019 4.7371 0.86812 0.28267 3.4928 0.70289 1.2484 3.3634 0.56879 1.6542 1.8261 0.19358 2.4023 0.55959 0.65616 -0.67805 3.6511 0.8419 -1.1996 2.1107 0.68693 -1.6496 0.77185 1.3055 0.78338 -0.02344 -0.096225 0.71858 -2.0587 0.4213 0.66448 -3.745 -0.21456 -0.78338 0.02344 0.096225 -0.64714 -2.0161 0.58192 -0.66359 -3.669 -0.13827
6 9 84 0.37657 4.741 0.88348 0.24106 3.4957 0.70671 1.2137 3.3742 0.62557 1.664 1.8386 0.29701 2.4139 0.57914 0.77557 -0.72707 3.6462 0.79306 -1.205 2.0955 0.60403 -1.6356 0.7579 1.239 0.78677 -0.021254 -0.063523 0.68849 -2.0594 0.43714 0.62448 -3.7384 -0.217 -0.78677 0.021254 0.063523 -0.63927 -2.0013 0.61277 -0.63059 -3.6334 -0.15358
6 10 84 0.31388 4.7464 0.88927 0.20121 3.5005 0.70251 1.1769 3.3825 0.66511 1.659 1.8466 0.38715 2.4019 0.59123 0.88711 -0.77034 3.6475 0.74528 -1.2072 2.0885 0.52742 -1.6269 0.75296 1.1738 0.78857 -0.019176 -0.035807 0.65857 -2.059 0.45033 0.58651 -3.7296 -0.22425 -0.78857 0.019176 0.035806 -0.64104 -1.977 0.67439 -0.61495 -3.585 -0.14083
6 11 84 0.25228 4.7507 0.89606 0.16851 3.5038 0.7013 1.1463 3.3982 0.70831 1.6473 1.8617 0.46936 2.3665 0.61046 1.0123 -0.80577 3.6386 0.69984 -1.21 2.0738 0.46149 -1.6312 0.73988 1.1102 0.78913 -0.01634 -0.022628 0.63628 -2.0607 0.43746 0.55036 -3.7246 -0.25153 -0.78913 0.016339 0.022628 -0.65893 -1.9421 0.77219 -0.60682 -3.5443 -0.053131
6 12 84 0.20719 4.7524 0.90938 0.14888 3.5053 0.7072 1.1271 3.4124 0.75053 1.6312 1.8712 0.55244 2.3097 0.62397 1.154 -0.82635 3.6273 0.6696 -1.2043 2.059 0.41171 -1.6348 0.7227 1.0494 0.78924 -0.016709 -0.017996 0.61662 -2.0664 0.41016 0.5143 -3.7232 -0.29371 -0.78924 0.016708 0.017996 -0.67788 -1.8973 0.87736 -0.59838 -3.5325 0.12195
6 46 96 0.28114 4.7904 0.65741 0.16438 3.5377 0.52645 1.1012 3.4498 0.24008 1.261 1.9393 -0.36146 1.8975 0.53525 -0.32824 -0.76804 3.6549 0.81665 -1.2644 2.0993 0.86496 -1.4922 0.74304 1.5624 0.7756 0.00094604 -0.14815 0.86318 -1.8399 0.86072 0.89001 -3.64 0.96075 -0.7756 -0.00094604 0.14815 -0.81813 -2.0398 -0.35752 -0.99677 -3.3213 -1.6131
6 47 108 0.36592 4.7943 0.5772 0.22791 3.5406 0.4793 1.0961 3.4517 0.025675 1.1741 1.9302 -0.56382 1.8312 0.53598 -0.61002 -0.63532 3.6587 0.93564 -1.1259 2.1024 1.0125 -1.3095 0.69655 1.6187 0.73777 0.007441 -0.28131 0.97518 -1.8734 0.6245 0.9716 -3.6764 0.61962 -0.73777 -0.007441 0.28131 -0.90261 -2.0693 -0.087407 -1.3508 -3.2437 -1.3799
6 48 108 0.31767 4.7908 0.61675 0.18619 3.5372 0.5105 1.0719 3.4483 0.092224 1.2089 1.9174 -0.46125 1.8964 0.53769 -0.42523 -0.69473 3.6554 0.93167 -1.2048 2.1034 0.94342 -1.4273 0.67501 1.4798 0.74701 0.017538 -0.25529 0.92674 -1.9029 0.57763 0.87911 -3.7036 0.49892 -0.74701 -0.017538 0.25529 -0.908 -2.1045 0.073249 -1.3504 -3.1438 -1.3321
6 49 108 0.28959 4.7856 0.66813 0.16523 3.5334 0.54033 1.0694 3.4467 0.1631 1.2723 1.9105 -0.35427 1.9884 0.55186 -0.21618 -0.73423 3.6494 0.92098 -1.2662 2.1054 0.87522 -1.4782 0.66978 1.3963 0.75321 0.022165 -0.23597 0.87913 -1.9263 0.53978 0.79555 -3.7209 0.38674 -0.75321 -0.022166 0.23597 -0.88355 -2.1191 0.25439 -1.2925 -3.0519 -1.2334
6 50 108 0.27584 4.7861 0.69216 0.16364 3.5352 0.54466 1.0851 3.453 0.21075 1.3679 1.9109 -0.2483 2.1064 0.57607 -0.023501 -0.7533 3.6467 0.88255 -1.2919 2.1069 0.79484 -1.4908 0.67502 1.3314 0.7565 0.018054 -0.22557 0.84217 -1.9481 0.51003 0.71634 -3.7302 0.26641 -0.7565 -0.018055 0.22557 -0.83283 -2.1067 0.44 -1.2026 -3.0256 -1.0666
6 51 108 0.26285 4.7887 0.69809 0.16414 3.5383 0.53772 1.1011 3.4598 0.24909 1.4676 1.9132 -0.12837 2.2192 0.60451 0.1879 -0.76859 3.6459 0.83063 -1.2973 2.1051 0.70807 -1.4927 0.68729 1.2819 0.75704 0.014326 -0.22402 0.8087 -1.9651 0.47835 0.63832 -3.7273 0.13699 -0.75704 -0.014326 0.22402 -0.76187 -2.0762 0.62781 -1.104 -3.0792 -0.83091
6 52 108 0.24772 4.791 0.69601 0.16263 3.5403 0.52924 1.1115 3.4677 0.28082 1.5551 1.9197 0.0058326 2.3193 0.64757 0.4247 -0.7824 3.642 0.78205 -1.2886 2.0958 0.63492 -1.4895 0.69636 1.2504 0.75603 0.013187 -0.22748 0.77995 -1.9773 0.44474 0.56223 -3.7105 -0.0018526 -0.75603 -0.013186 0.22748 -0.67122 -2.0326 0.80125 -0.98531 -3.1844 -0.54989
6 53 108 0.22945 4.7923 0.69409 0.15587 3.5411 0.52493 1.112 3.4751 0.30401 1.6174 1.9309 0.13444 2.3941 0.71275 0.67345 -0.79675 3.6362 0.75035 -1.2746 2.0826 0.58713 -1.4766 0.70199 1.2435 0.75646 0.013868 -0.22599 0.74481 -1.9922 0.39853 0.4901 -3.6937 -0.14085 -0.75646 -0.013868 0.22599 -0.57557 -1.9784 0.9486 -0.85303 -3.3081 -0.23705
