0 10 0 -0.59289 4.7571 -0.60365 -0.25856 3.5494 -0.4341 -1.0299 3.4719 0.17116 -1.1578 2.664 1.5853 -1.8731 3.0016 2.9089 0.50674 3.6559 -1.0427 0.022371 2.4832 -2.0717 -1.413 2.4843 -2.635 -0.78551 -0.0623 -0.050958 -0.1005 -1.7269 -1.1345 -0.26097 -3.5113 -1.3378 0.78551 0.0623 0.050958 0.43089 -1.9714 0.44168 -0.40487 -3.3658 1.2215
0 11 348 -0.48861 4.7522 -0.69879 -0.16725 3.5479 -0.48926 -1.0028 3.4789 0.025012 -1.2598 2.6587 1.4142 -2.0647 2.9378 2.6994 0.66278 3.6458 -1.0077 0.15696 2.4795 -2.0337 -1.3028 2.5142 -2.5291 -0.76849 -0.058336 -0.1718 0.097649 -1.7182 -1.1251 0.01112 -3.503 -1.366 0.76849 0.058336 0.1718 0.33766 -1.9725 0.49489 -0.64254 -3.3547 1.1111
0 12 336 -0.33856 4.7479 -0.78615 -0.045478 3.5455 -0.53109 -0.94554 3.4861 -0.13903 -1.394 2.6451 1.1877 -2.3449 2.8676 2.381 0.84988 3.6339 -0.92844 0.33689 2.4813 -1.9662 -1.1366 2.5625 -2.4133 -0.73059 -0.051195 -0.29515 0.28173 -1.7155 -1.0823 0.28705 -3.4998 -1.3411 0.73059 0.051195 0.29515 0.23935 -1.9782 0.52838 -0.8529 -3.3486 0.95274
0 13 336 -0.33792 4.749 -0.78492 -0.040436 3.5459 -0.5375 -0.92457 3.496 -0.10951 -1.3372 2.6315 1.2139 -2.2451 2.7994 2.4488 0.83891 3.6247 -0.97098 0.146 2.4846 -1.9137 -1.3823 2.634 -2.0543 -0.74146 -0.046401 -0.26755 0.23703 -1.7182 -1.0812 0.28482 -3.5007 -1.3481 0.74146 0.046401 0.26755 0.23278 -1.9779 0.50794 -0.85321 -3.3466 0.95298
0 14 336 -0.31397 4.7451 -0.81603 -0.019575 3.542 -0.56429 -0.89863 3.5022 -0.12492 -1.3199 2.6093 1.1766 -2.2539 2.7391 2.3966 0.85474 3.6107 -1.0095 0.050203 2.472 -1.8609 -1.4736 2.6952 -1.7837 -0.74803 -0.039922 -0.24972 0.19589 -1.7237 -1.0793 0.27909 -3.5023 -1.3632 0.74803 0.039922 0.24972 0.22779 -1.9819 0.48608 -0.85176 -3.3508 0.94598
0 15 336 -0.2649 4.7463 -0.8329 0.013643 3.541 -0.572 -0.87394 3.5078 -0.14956 -1.3458 2.5945 1.1201 -2.3506 2.7051 2.2845 0.89672 3.603 -1.0006 0.044045 2.4694 -1.811 -1.4564 2.7527 -1.5964 -0.74654 -0.032722 -0.25516 0.17768 -1.7313 -1.0766 0.28018 -3.508 -1.3665 0.74654 0.032722 0.25516 0.23751 -1.9935 0.47822 -0.84666 -3.3568 0.9439
0 16 336 -0.21598 4.7499 -0.84341 0.037264 3.5427 -0.56404 -0.87085 3.5134 -0.18743 -1.4234 2.584 1.0372 -2.5313 2.6857 2.1049 0.94126 3.6008 -0.94715 0.10299 2.4746 -1.7825 -1.3853 2.786 -1.526 -0.73976 -0.032658 -0.27419 0.18692 -1.7371 -1.0806 0.28381 -3.5147 -1.3667 0.73976 0.032658 0.27419 0.23863 -1.9965 0.48798 -0.84469 -3.3644 0.94207
0 16 348 -0.38661 4.7499 -0.78007 -0.08082 3.5427 -0.55946 -0.89079 3.5134 -0.0022778 -1.1767 2.584 1.3105 -2.0383 2.6857 2.5852 0.72377 3.6008 -1.1222 -0.26987 2.4746 -1.765 -1.6723 2.786 -1.2046 -0.78061 -0.032658 -0.11439 -0.041839 -1.7371 -1.0959 -0.0065469 -3.5147 -1.3959 0.78061 0.032658 0.11439 0.33487 -1.9965 0.4277 -0.63037 -3.3644 1.0971
0 17 348 -0.31438 4.7532 -0.79219 -0.029229 3.544 -0.55378 -0.87623 3.5096 -0.055012 -1.2929 2.574 1.2177 -2.2976 2.676 2.3829 0.81277 3.6073 -1.0582 -0.12277 2.4895 -1.7957 -1.5478 2.7971 -1.2934 -0.77409 -0.027241 -0.15342 -0.02406 -1.7439 -1.1047 0.0031816 -3.5228 -1.3973 0.77409 0.027241 0.15342 0.35388 -2.0116 0.43789 -0.62569 -3.3774 1.0905
0 18 0 -0.37861 4.7605 -0.73016 -0.081641 3.5469 -0.52894 -0.87045 3.5081 0.05726 -1.168 2.5718 1.3624 -2.0843 2.6852 2.5974 0.70167 3.6147 -1.1199 -0.28355 2.5071 -1.8064 -1.6601 2.7874 -1.1707 -0.78785 -0.022707 -0.047643 -0.21442 -1.7482 -1.1003 -0.26513 -3.5295 -1.3745 0.78785 0.022707 0.047644 0.46457 -2.0282 0.36972 -0.38156 -3.3943 1.1874
0 19 12 -0.40842 4.7674 -0.67872 -0.11122 3.5486 -0.51016 -0.84741 3.5092 0.14087 -1.0534 2.5621 1.4559 -1.8942 2.6891 2.7422 0.61924 3.617 -1.1652 -0.38944 2.5205 -1.8353 -1.7606 2.7515 -1.1689 -0.78828 -0.01656 0.042855 -0.38805 -1.7526 -1.0708 -0.50151 -3.5361 -1.3099 0.78828 0.01656 -0.042855 0.57657 -2.0492 0.27669 -0.11734 -3.4127 1.2308
0 20 24 -0.43117 4.7724 -0.63221 -0.13228 3.55 -0.49646 -0.81577 3.5151 0.20993 -0.94762 2.5626 1.5306 -1.7298 2.7005 2.8522 0.54543 3.614 -1.2064 -0.4751 2.5329 -1.8836 -1.8735 2.7034 -1.2566 -0.78003 -0.010969 0.12221 -0.55896 -1.7648 -1.0133 -0.73992 -3.5503 -1.1878 0.78003 0.010969 -0.12221 0.67506 -2.0688 0.15664 0.15065 -3.4325 1.2132
0 47 264 -0.47632 4.7635 -0.37225 -0.31843 3.5677 -0.041267 -0.87704 3.5975 0.76771 -1.6715 2.3766 0.028074 -1.1372 2.3876 -1.4183 0.23711 3.5674 -0.85289 1.5008 2.5328 -0.88844 2.8453 1.9703 -1.3922 0.17837 0.036753 0.76833 0.3602 -2.0552 0.6972 1.153 -3.5337 0.036552 -0.17837 -0.036753 -0.76833 -1.1824 -1.8055 -0.24132 -1.3746 -3.588 -0.43253
0 64 192 -0.4905 4.8117 -0.19464 -0.33106 3.5691 -0.043621 -0.72648 3.5459 0.85664 -1.7073 2.2432 0.75851 -2.6029 2.4428 -0.48072 0.059914 3.6216 -0.94459 0.74769 2.5921 -2.0103 0.58111 2.308 -3.5167 -0.0575 0.01641 0.78735 -0.39449 -2.0428 1.0331 0.28115 -3.6943 1.2917 0.0575 -0.01641 -0.78735 -0.62868 -1.9975 -0.92404 -0.029575 -3.6782 -1.1837
0 66 180 -0.48438 4.8156 -0.19088 -0.33133 3.5691 -0.057048 -0.7481 3.5409 0.83338 -1.6697 2.1925 0.79795 -2.7697 2.3543 -0.27049 0.080871 3.6268 -0.94819 0.7022 2.5502 -2.0081 0.37307 2.2269 -3.4795 -0.12376 0.012561 0.77976 -0.54097 -2.035 0.99824 0.0072252 -3.7083 1.3862 0.12376 -0.012561 -0.77976 -0.47087 -2.0182 -0.97542 0.21417 -3.6809 -1.1048
0 67 180 -0.49493 4.8187 -0.13112 -0.33292 3.5697 -0.028098 -0.67496 3.5373 0.89349 -1.5513 2.1604 0.96332 -2.8392 2.3034 0.12749 0.0045718 3.6316 -0.94985 0.4747 2.52 -2.0508 -0.079185 2.1697 -3.4466 -0.088374 0.0079436 0.78462 -0.52246 -2.0338 1.0239 0.0054199 -3.7108 1.4238 0.088374 -0.0079432 -0.78462 -0.48412 -2.0234 -0.94073 0.21216 -3.6816 -1.0694
0 69 168 -0.48671 4.8218 -0.1589 -0.32613 3.5698 -0.086972 -0.71958 3.5182 0.81297 -1.5003 2.0842 0.86658 -2.9066 2.1819 0.24166 0.062427 3.6508 -0.98688 0.4375 2.4473 -2.026 -0.2412 2.0232 -3.344 -0.19689 0.011395 0.76459 -0.70609 -2.0194 0.94023 -0.30376 -3.7025 1.4464 0.19689 -0.011395 -0.76459 -0.32853 -2.036 -0.96304 0.40937 -3.6809 -0.9423
0 72 156 -0.47873 4.82 -0.23416 -0.3139 3.5661 -0.19962 -0.7267 3.4991 0.69059 -1.3168 1.9762 0.72648 -2.818 1.9138 0.37997 0.09373 3.6626 -1.0895 0.17538 2.3042 -1.9934 -0.69646 1.7016 -3.1134 -0.29517 0.030828 0.73172 -0.9447 -1.967 0.76472 -0.58245 -3.6687 1.2378 0.29517 -0.030828 -0.73172 -0.2135 -2.0549 -0.97406 0.55386 -3.675 -0.7807
0 75 144 -0.40475 4.8252 -0.27993 -0.25766 3.5694 -0.24436 -0.72481 3.5088 0.61905 -1.1232 1.9246 0.63686 -2.5621 1.5753 0.2066 0.20437 3.6593 -1.108 0.084493 2.1702 -1.7688 -0.86368 1.3938 -2.7047 -0.38044 0.033689 0.69111 -0.98517 -1.9688 0.49502 -0.63441 -3.686 0.91848 0.38044 -0.033688 -0.69111 -0.030074 -2.0774 -0.9535 0.72127 -3.6825 -0.62144
0 76 144 -0.40064 4.8277 -0.25144 -0.26157 3.5709 -0.21955 -0.69902 3.515 0.65958 -1.0184 1.9134 0.69656 -2.4243 1.4198 0.29996 0.17087 3.6562 -1.0988 -0.01338 2.1322 -1.6575 -1.0049 1.2925 -2.4879 -0.36979 0.027959 0.69712 -0.94891 -1.9807 0.48645 -0.5876 -3.6978 0.90081 0.36979 -0.027959 -0.69712 -0.012937 -2.0785 -0.94796 0.74249 -3.6826 -0.62031
0 108 144 -0.35607 4.8316 -0.10094 -0.30677 3.5718 -0.094643 -0.9158 3.495 0.67383 -1.4624 1.9817 0.39136 -2.4113 1.3933 -0.6721 0.29784 3.678 -0.86309 -0.0041833 2.2703 -1.635 -1.2462 1.576 -2.2291 -0.48445 -0.014527 0.62338 -0.86015 -2.062 0.33881 -0.41094 -3.7486 0.79093 0.48445 0.014527 -0.62338 0.24038 -2.0419 -0.97799 0.83158 -3.7283 -0.73802
3 53 240 -0.044931 4.8258 -0.091304 -0.20887 3.575 -0.085737 -0.75321 3.5832 0.7334 -0.22143 2.384 1.7069 -0.31979 0.90424 2.1292 0.33646 3.5966 -0.90398 -0.19251 2.4616 -1.9531 -1.2916 3.3503 -2.5695 -0.54648 -0.030184 0.56917 -1.7296 -1.085 -0.80995 -0.60037 -2.2629 -0.042929 0.54648 0.030185 -0.56917 0.87697 -1.9457 0.063988 1.1474 -3.6358 0.63079
3 54 240 -0.077977 4.8247 -0.095035 -0.24615 3.5745 -0.091278 -0.79782 3.5847 0.72292 -0.26092 2.3963 1.7069 -0.33187 0.91274 2.1214 0.30654 3.5942 -0.90461 -0.23142 2.4549 -1.9445 -1.3322 3.331 -2.5756 -0.53959 -0.036708 0.57532 -1.6221 -1.2839 -0.72352 -0.70311 -2.7594 -0.2444 0.53959 0.036708 -0.57532 0.91297 -1.9212 0.089227 1.2213 -3.5953 0.68355
3 55 240 -0.098204 4.8231 -0.081402 -0.27686 3.5745 -0.079759 -0.83288 3.5855 0.73147 -0.30108 2.385 1.7034 -0.34596 0.89794 2.1088 0.28043 3.5933 -0.88996 -0.22107 2.4119 -1.9007 -1.3654 3.2129 -2.554 -0.53619 -0.044847 0.57792 -1.4718 -1.511 -0.60074 -0.79429 -3.1689 -0.39242 0.53619 0.044847 -0.57792 0.96642 -1.8889 0.12192 1.322 -3.5428 0.74576
4 10 132 -0.87633 4.6237 -1.1616 -0.59457 3.421 -0.88381 -1.3266 3.3976 -0.22735 -1.3992 1.8665 0.33754 -2.129 1.5861 -0.99159 0.12994 3.4723 -1.547 0.9418 2.0814 -1.2731 0.070324 1.4716 -2.3894 -0.53828 0.077785 0.57245 0.16513 -1.8473 1.0345 1.044 -3.2949 1.6534 0.53828 -0.077785 -0.57245 -0.55101 -1.7293 -1.2796 -0.66721 -3.4528 -0.76279
4 11 132 -0.83371 4.6073 -1.2622 -0.58277 3.4055 -0.95256 -1.3189 3.4158 -0.3003 -1.3768 1.9123 0.33586 -2.0778 1.4899 -0.97099 0.14646 3.4233 -1.6123 0.8644 1.9807 -1.3437 -0.10894 1.5204 -2.4476 -0.54525 0.081275 0.56533 0.1168 -1.8531 1.0492 1.0877 -3.1763 1.7958 0.54525 -0.081275 -0.56533 -0.56524 -1.7072 -1.2986 -0.52443 -3.3805 -0.62835
4 12 132 -0.7879 4.6043 -1.3162 -0.56531 3.4052 -0.9766 -1.3072 3.4459 -0.33215 -1.3569 1.9719 0.37042 -2.0344 1.3617 -0.87312 0.17032 3.3924 -1.6293 0.78276 1.8967 -1.3912 -0.275 1.5982 -2.4727 -0.55059 0.077103 0.56072 -0.056497 -1.9201 0.9867 1.0387 -3.0354 1.8853 0.55059 -0.077103 -0.56072 -0.56336 -1.7059 -1.2821 -0.3802 -3.3089 -0.47722
4 33 204 -0.64444 4.6343 -1.2735 -0.44172 3.4193 -0.97964 -1.0429 3.5432 -0.2111 -1.2692 2.1215 0.56116 -2.517 1.7661 -0.27223 0.1547 3.3239 -1.7559 1.1655 2.1175 -1.3182 0.12843 1.4863 -2.2689 -0.40392 0.14592 0.66261 -0.045895 -1.8535 1.1996 1.0698 -3.025 1.9958 0.40392 -0.14593 -0.66261 -0.74753 -1.8898 -0.88034 -1.0076 -3.5061 -0.12484
4 34 204 -0.54339 4.6321 -1.3337 -0.36515 3.4186 -1.0187 -0.97767 3.5614 -0.26253 -1.232 2.1472 0.51463 -2.4447 1.7311 -0.34197 0.24314 3.3041 -1.783 1.1335 2.0221 -1.3008 0.1003 1.4667 -2.3016 -0.42918 0.1526 0.64499 -0.26592 -1.875 1.1709 0.98053 -2.788 2.1002 0.42918 -0.1526 -0.64499 -0.68768 -1.9144 -0.89602 -0.83852 -3.4824 -0.018842
4 35 204 -0.56509 4.6302 -1.3369 -0.40485 3.4216 -0.99419 -1.0367 3.5757 -0.25636 -1.2833 2.1742 0.54606 -2.46 1.653 -0.30341 0.223 3.2958 -1.7407 0.94687 1.9019 -1.2915 -0.12933 1.4796 -2.3119 -0.4545 0.12164 0.63414 -0.5873 -1.9267 1.0826 0.73299 -2.5616 2.1336 0.4545 -0.12164 -0.63414 -0.69836 -1.8596 -0.88843 -0.65386 -3.3591 0.11174
4 73 324 -0.80347 4.6422 -1.1381 -0.56882 3.42 -0.90507 -1.2578 3.4381 -0.20336 -1.3655 2.0442 0.64181 -2.2905 1.9161 -0.58521 0.11391 3.4305 -1.613 1.1749 2.248 -1.2325 0.1064 1.5939 -2.1315 -0.47195 0.10462 0.62436 -0.19261 -1.9579 0.91156 0.71995 -3.3583 1.5875 0.47195 -0.10462 -0.62436 -0.69742 -1.8014 -1.0339 -0.56246 -3.5448 -0.59414
4 74 324 -0.6893 4.6589 -1.1492 -0.49684 3.4333 -0.89626 -1.2075 3.4737 -0.21752 -1.3894 2.0684 0.5953 -2.2244 1.9533 -0.69591 0.20857 3.4215 -1.5816 1.2522 2.2458 -1.1372 0.23026 1.5861 -2.0848 -0.47866 0.10504 0.61915 -0.11766 -1.925 1.0228 0.79232 -3.2813 1.7865 0.47866 -0.10504 -0.61915 -0.63132 -1.8544 -0.9685 -0.78837 -3.6278 -0.68337
5 12 120 -0.61213 4.7739 -0.60835 -0.40755 3.5332 -0.4583 -0.96854 3.571 0.34869 -0.76803 2.0767 0.97783 -1.5381 0.76354 1.2231 0.14844 3.5245 -1.2696 0.15575 1.9409 -1.6708 -0.64109 0.80403 -2.3417 -0.50557 0.0008111 0.60655 -1.444 -1.72 -0.14999 -0.96649 -3.3653 0.4121 0.50557 -0.0008111 -0.60655 0.021104 -2.0409 -0.73979 0.60522 -3.5604 0.035188
5 13 120 -0.63923 4.7715 -0.60112 -0.42688 3.5318 -0.45395 -1.0008 3.5608 0.34426 -0.78283 2.0691 0.97356 -1.5117 0.73699 1.242 0.14189 3.5319 -1.2564 0.15459 1.952 -1.6719 -0.67353 0.86328 -2.3836 -0.51932 -0.0053277 0.59479 -1.4511 -1.7024 -0.22123 -1.2644 -3.451 0.177 0.51932 0.0053277 -0.59479 0.12667 -2.0575 -0.66319 0.70955 -3.56 0.14528
5 35 168 -0.74608 4.766 -0.49808 -0.47022 3.5346 -0.39194 -1.0661 3.5118 0.39023 -1.5264 2.0286 0.89731 -2.7968 1.1766 0.70257 0.11965 3.5865 -1.1773 0.57034 2.0174 -1.2364 0.3618 0.59286 -1.7887 -0.43924 0.024538 0.65572 -0.4472 -2.0755 0.59069 0.41437 -3.5687 1.1187 0.43924 -0.024537 -0.65572 -0.60372 -1.7371 -1.2832 -0.71529 -3.5322 -1.1574
5 36 168 -0.66279 4.7739 -0.54255 -0.40965 3.5396 -0.4167 -1.0116 3.5405 0.36112 -1.4539 2.0562 0.88068 -2.7219 1.2158 0.62869 0.18691 3.5678 -1.1982 0.61865 1.9928 -1.2393 0.43141 0.55874 -1.7743 -0.44281 0.032823 0.65295 -0.37305 -2.067 0.65024 0.53075 -3.5219 1.2136 0.44281 -0.032823 -0.65295 -0.57234 -1.7528 -1.3053 -0.67904 -3.5409 -1.1003
5 50 192 -0.60645 4.7833 -0.50557 -0.36714 3.546 -0.38589 -0.89792 3.5765 0.44159 -0.65325 2.0853 1.0623 -1.2565 0.728 1.4764 0.15907 3.5448 -1.2168 0.30066 1.9383 -1.4775 -0.52828 0.82974 -2.1569 -0.46459 0.0075855 0.63843 -1.3461 -1.7676 -0.058564 -1.525 -3.504 0.3929 0.46459 -0.007586 -0.63843 -0.063582 -2.041 -0.65835 0.59111 -3.5072 0.16186
5 52 204 -0.67887 4.7853 -0.37878 -0.42047 3.5501 -0.28335 -0.87687 3.5789 0.58742 -0.58766 2.0873 1.1875 -1.1751 0.74908 1.6792 0.030991 3.5504 -1.1572 0.1328 1.9465 -1.45 -0.71371 0.7783 -1.9944 -0.3855 -0.0063405 0.68909 -1.4417 -1.702 0.038219 -1.7797 -3.4678 0.17451 0.3855 0.0063405 -0.68909 0.044458 -2.0601 -0.52295 0.8554 -3.4964 0.20535
5 53 204 -0.67127 4.7854 -0.38704 -0.41493 3.551 -0.27727 -0.92183 3.5785 0.56514 -0.66674 2.0905 1.1891 -1.3109 0.76987 1.6567 0.087195 3.5526 -1.123 0.21116 1.9511 -1.4206 -0.55446 0.73708 -1.9842 -0.41737 -0.01263 0.67018 -1.4364 -1.6899 -0.079996 -1.8676 -3.4405 -0.058063 0.41737 0.01263 -0.67018 0.1614 -2.0635 -0.47385 0.9725 -3.4819 0.28848
5 58 228 -0.80705 4.7766 -0.14962 -0.50916 3.5466 -0.14824 -0.87855 3.5166 0.76281 -0.5557 2.0358 1.3725 -1.0869 0.7301 1.9976 -0.14568 3.6059 -1.0602 0.13661 2.0263 -1.3668 -0.25789 0.64311 -1.9225 -0.33107 -0.020974 0.71656 -1.3637 -1.7383 0.084956 -1.5267 -3.512 0.36447 0.33107 0.020974 -0.71656 0.37338 -2.0725 -0.5442 1.5799 -3.2937 0.0070609
5 61 240 -0.90925 4.7519 -0.13654 -0.56145 3.5362 -0.17586 -0.9816 3.4556 0.70976 -0.72722 1.9635 1.3243 -1.1666 0.62314 1.9474 -0.14818 3.6459 -1.0616 0.23068 2.0944 -1.405 -0.1535 0.72904 -2.0099 -0.35126 -0.0079603 0.70714 -1.2549 -1.8492 0.25175 -1.1046 -3.6091 0.61419 0.35126 0.0079603 -0.70714 0.21736 -2.0857 -0.82153 1.5898 -3.0277 -0.12877
5 75 276 -0.74257 4.77 -0.38312 -0.43565 3.5459 -0.31772 -0.98558 3.5405 0.4977 -1.5121 2.0603 0.94565 -2.8259 1.2958 0.68637 0.1089 3.5804 -1.136 0.50209 2.0017 -1.2839 0.31356 0.55247 -1.7756 -0.34918 0.02582 0.70775 -0.27651 -2.071 0.59608 0.64719 -3.5935 0.87847 0.34918 -0.02582 -0.70775 -0.73182 -1.7483 -1.2357 -0.63513 -3.4641 -0.68996
5 76 276 -0.68497 4.7764 -0.43291 -0.39604 3.5495 -0.33874 -0.96456 3.563 0.46373 -1.436 2.0729 0.93933 -2.7153 1.2801 0.60389 0.16752 3.5652 -1.1447 0.54994 1.9815 -1.2635 0.36966 0.52578 -1.7391 -0.36881 0.026851 0.69768 -0.23167 -2.068 0.61245 0.73518 -3.555 0.93614 0.36881 -0.026851 -0.69768 -0.69422 -1.7507 -1.2568 -0.56596 -3.451 -0.67088
5 91 300 -0.63125 4.779 -0.52585 -0.38583 3.5416 -0.41511 -0.85713 3.5672 0.44778 -0.59334 2.0947 1.1043 -1.1979 0.73653 1.5136 0.080195 3.5452 -1.2812 0.044842 1.9435 -1.6007 -0.86877 0.81712 -2.1243 -0.41923 0.020752 0.66882 -1.4353 -1.6756 -0.041336 -1.5908 -3.4701 0.039835 0.41923 -0.020752 -0.66882 0.10591 -2.0908 -0.49216 0.89528 -3.5264 0.26065
5 92 300 -0.63586 4.7794 -0.52073 -0.39319 3.5418 -0.40528 -0.88874 3.5642 0.44402 -0.6559 2.0875 1.1028 -1.3052 0.74017 1.4778 0.097085 3.5486 -1.2579 0.099047 1.9444 -1.5665 -0.77162 0.79224 -2.1071 -0.43533 0.014583 0.65862 -1.4411 -1.6621 -0.11031 -1.6959 -3.4468 -0.14192 0.43533 -0.014583 -0.65862 0.21152 -2.0921 -0.43959 0.9999 -3.5146 0.33881
5 99 324 -0.79108 4.7815 -0.15362 -0.53378 3.5414 -0.17109 -0.85541 3.4801 0.75637 -0.59208 1.9643 1.3057 -1.2246 0.63169 1.7548 -0.21841 3.6317 -1.0983 0.086653 2.0506 -1.3735 -0.21671 0.59784 -1.7919 -0.29337 -0.0030041 0.73309 -1.2953 -1.774 0.20975 -1.1625 -3.5633 0.3879 0.29337 0.0030046 -0.73309 0.39253 -2.0913 -0.597 1.6848 -3.1999 -0.003885
5 100 324 -0.80942 4.7761 -0.18579 -0.54738 3.537 -0.19952 -0.91168 3.467 0.71139 -0.70593 1.9424 1.261 -1.3485 0.60515 1.6812 -0.18951 3.6361 -1.1103 0.16944 2.0667 -1.3875 -0.12597 0.61945 -1.8302 -0.32046 0.00047398 0.72167 -1.2519 -1.8079 0.19564 -1.0305 -3.584 0.41327 0.32046 -0.0004735 -0.72167 0.32092 -2.1014 -0.69869 1.6559 -3.1163 -0.036371
5 107 324 -0.79825 4.768 -0.40086 -0.51944 3.5359 -0.31157 -1.0992 3.4683 0.48006 -1.3512 1.9136 0.91377 -2.3746 0.76179 0.85378 0.053121 3.6322 -1.1055 0.44046 2.0549 -1.2814 0.02257 0.71074 -1.9107 -0.4483 0.001133 0.65002 -0.84914 -2.0185 0.23207 -0.12473 -3.5956 0.72083 0.4483 -0.001133 -0.65002 -0.39665 -1.8357 -1.2285 0.22809 -3.4155 -0.62449
5 108 324 -0.78392 4.7678 -0.43485 -0.51363 3.5346 -0.33385 -1.1029 3.4756 0.4514 -1.3891 1.9216 0.8661 -2.4658 0.83004 0.70202 0.068684 3.6225 -1.1216 0.44928 2.0417 -1.2796 0.04361 0.69188 -1.9051 -0.45408 0.0039892 0.64598 -0.75774 -2.045 0.29436 -0.00034691 -3.6027 0.79515 0.45408 -0.0039887 -0.64598 -0.45282 -1.7948 -1.2662 -0.062816 -3.499 -0.82504
5 109 324 -0.75593 4.7702 -0.45953 -0.4944 3.5358 -0.34983 -1.0841 3.4859 0.43574 -1.3948 1.9329 0.83647 -2.5054 0.89143 0.59263 0.088525 3.6147 -1.1381 0.46553 2.0315 -1.2799 0.079283 0.6703 -1.8927 -0.45252 0.0089307 0.64703 -0.64116 -2.0663 0.37812 0.14092 -3.6132 0.87449 0.45252 -0.0089302 -0.64703 -0.51478 -1.7603 -1.2884 -0.32552 -3.536 -1.04
5 110 324 -0.72299 4.7743 -0.47239 -0.47142 3.5383 -0.35786 -1.0588 3.4999 0.43009 -1.3824 1.9468 0.8199 -2.5136 0.94329 0.5182 0.10945 3.6057 -1.1487 0.48519 2.021 -1.2766 0.12436 0.6448 -1.8711 -0.44431 0.013216 0.65262 -0.52396 -2.078 0.46569 0.28365 -3.613 0.9579 0.44431 -0.013217 -0.65262 -0.58941 -1.737 -1.2644 -0.52678 -3.5381 -1.2082
5 111 324 -0.69543 4.778 -0.47285 -0.44808 3.541 -0.35905 -1.0179 3.5085 0.44198 -1.3461 1.9553 0.82727 -2.486 0.97413 0.48711 0.11544 3.6026 -1.1628 0.49324 2.0172 -1.275 0.16341 0.62438 -1.8485 -0.42958 0.018094 0.66229 -0.4246 -2.0798 0.54832 0.41638 -3.5963 1.0423 0.42958 -0.018094 -0.66229 -0.65779 -1.7253 -1.2257 -0.65672 -3.5265 -1.3066
5 112 324 -0.66747 4.7817 -0.47614 -0.42774 3.5435 -0.35874 -0.98549 3.5214 0.45107 -1.3057 1.9675 0.84044 -2.4432 0.98809 0.48771 0.12405 3.5946 -1.1713 0.50056 2.0081 -1.2718 0.20229 0.59882 -1.8218 -0.41832 0.020667 0.66939 -0.33822 -2.0783 0.62099 0.54302 -3.5671 1.1288 0.41832 -0.020667 -0.66939 -0.6887 -1.7192 -1.2207 -0.7218 -3.5174 -1.3483
6 7 312 -0.97893 4.7299 -0.2037 -0.74663 3.4865 -0.22812 -1.2445 3.3538 0.60966 -1.1706 1.8134 1.1487 -1.9913 0.5319 1.3974 -0.25582 3.6481 -1.065 0.21292 2.1214 -1.4087 0.072158 0.78706 -2.1686 -0.41913 -0.024261 0.66876 -0.80465 -2.0553 0.29395 -0.31672 -3.749 0.67373 0.41913 0.02426 -0.66876 -0.0166 -2.0215 -0.86653 0.55079 -3.684 -0.45994
6 20 312 -0.6767 4.7578 -0.64746 -0.52457 3.5142 -0.47561 -1.2332 3.4825 0.20576 -1.4101 1.9196 0.64682 -2.3313 0.84093 0.042115 0.17852 3.5749 -1.1607 0.66411 2.0152 -1.1497 0.68505 0.58205 -1.7185 -0.49865 0.013275 0.6121 -0.12919 -2.0546 0.65494 0.57869 -3.676 1.0025 0.49865 -0.013275 -0.6121 -0.46042 -1.7524 -1.2976 -0.75218 -3.5273 -1.4222
6 48 336 -0.67089 4.7908 -0.17661 -0.50396 3.5372 -0.20323 -0.78579 3.4483 0.73488 -0.46615 1.9174 1.207 -0.95294 0.53769 1.6938 -0.2275 3.6554 -1.1397 0.10506 2.1034 -1.5266 -0.14465 0.67501 -2.0509 -0.31013 0.017538 0.72596 -1.0494 -1.9029 0.30219 -0.95901 -3.7036 0.31947 0.31013 -0.017538 -0.72596 0.55314 -2.1045 -0.72379 1.8935 -3.1438 -0.1122
6 49 336 -0.69029 4.7856 -0.23186 -0.5121 3.5334 -0.23876 -0.83678 3.4467 0.68559 -0.58806 1.9105 1.1825 -1.1698 0.55186 1.6223 -0.19312 3.6494 -1.1619 0.19682 2.1054 -1.5266 -0.048533 0.66978 -2.0329 -0.32864 0.022165 0.71764 -0.98939 -1.9263 0.29214 -0.81973 -3.7209 0.33243 0.32864 -0.022166 -0.71764 0.40216 -2.1191 -0.82682 1.7814 -3.0519 -0.13526
6 50 336 -0.69895 4.7861 -0.25815 -0.51426 3.5352 -0.24285 -0.88269 3.453 0.66537 -0.73079 1.9109 1.1827 -1.392 0.57607 1.5811 -0.1518 3.6467 -1.1504 0.27375 2.1069 -1.4919 0.008102 0.67502 -1.9988 -0.33856 0.018054 0.71313 -0.94255 -1.9481 0.28457 -0.67731 -3.7302 0.35408 0.33856 -0.018055 -0.71313 0.23029 -2.1067 -0.91333 1.5973 -3.0256 -0.17999
6 51 336 -0.69466 4.7887 -0.27177 -0.50944 3.5383 -0.23783 -0.92189 3.4598 0.65161 -0.88661 1.9132 1.1765 -1.6246 0.60451 1.5235 -0.10299 3.6459 -1.127 0.34186 2.1051 -1.4379 0.046129 0.68729 -1.9671 -0.34007 0.014326 0.71249 -0.8966 -1.9651 0.2809 -0.52892 -3.7273 0.3827 0.34007 -0.014326 -0.71249 0.043239 -2.0762 -0.98627 1.3562 -3.0792 -0.26442
6 52 336 -0.68299 4.791 -0.28163 -0.50212 3.5403 -0.23327 -0.95244 3.4677 0.63812 -1.0449 1.9197 1.1518 -1.8675 0.64757 1.4394 -0.05765 3.642 -1.1047 0.39042 2.0958 -1.3825 0.067424 0.69636 -1.9436 -0.33683 0.013187 0.71405 -0.85239 -1.9773 0.28202 -0.37483 -3.7105 0.41906 0.33683 -0.013186 -0.71405 -0.14631 -2.0326 -1.035 1.068 -3.1844 -0.36428
6 53 336 -0.66934 4.7923 -0.29392 -0.4944 3.5411 -0.23542 -0.97 3.4751 0.62296 -1.1822 1.9309 1.112 -2.1024 0.71275 1.3285 -0.024487 3.6362 -1.0942 0.41653 2.0826 -1.3401 0.063947 0.70199 -1.9293 -0.33822 0.013868 0.71338 -0.79454 -1.9922 0.28683 -0.22327 -3.6937 0.45846 0.33822 -0.013868 -0.71338 -0.31981 -1.9784 -1.0625 0.74695 -3.3081 -0.47531
6 54 336 -0.64688 4.7947 -0.30612 -0.47889 3.5427 -0.24202 -0.97022 3.4826 0.6079 -1.2867 1.9471 1.0673 -2.3097 0.80013 1.1914 0.0069281 3.632 -1.0925 0.43994 2.0725 -1.3139 0.04898 0.70974 -1.9203 -0.34221 0.016516 0.71142 -0.71038 -2.0125 0.30895 -0.065581 -3.6853 0.50088 0.34221 -0.016516 -0.71142 -0.46346 -1.9228 -1.0739 0.40765 -3.4257 -0.59118
6 55 336 -0.62475 4.7971 -0.3145 -0.46301 3.5443 -0.24768 -0.96189 3.4885 0.59812 -1.3569 1.9629 1.0285 -2.4836 0.91029 1.0459 0.030531 3.6293 -1.0942 0.44608 2.0635 -1.3046 0.017416 0.71275 -1.9124 -0.34231 0.019257 0.7113 -0.59196 -2.0364 0.35574 0.097742 -3.6912 0.54754 0.34231 -0.019257 -0.7113 -0.57961 -1.8707 -1.0807 0.039409 -3.5253 -0.72022
6 56 336 -0.59915 4.7999 -0.31921 -0.44239 3.5466 -0.2499 -0.9422 3.4933 0.59551 -1.4015 1.9782 0.99853 -2.6139 1.0305 0.90096 0.052227 3.6292 -1.096 0.44656 2.0579 -1.3064 -0.014095 0.71356 -1.9049 -0.33728 0.022614 0.7136 -0.44358 -2.0562 0.42824 0.27592 -3.7004 0.6008 0.33728 -0.022614 -0.7136 -0.65766 -1.8373 -1.0758 -0.33362 -3.5963 -0.84768
