0 6 144 -0.17145 4.7888 0.70156 -0.13789 3.5613 0.39282 0.72492 3.4635 0.85472 2.1037 2.5874 0.85994 3.4398 2.9631 1.532 -1.0006 3.6881 -0.062217 -2.0812 2.5372 0.35804 -2.7589 2.421 1.7382 0.43428 -0.047612 0.65775 -0.68272 -1.7985 0.97542 -0.61445 -3.5814 1.2356 -0.43428 0.047612 -0.65775 -0.0030761 -2.0086 -0.67638 1.0766 -3.4515 -0.73352
0 26 192 -0.35862 4.7974 0.58159 -0.31255 3.5603 0.31365 0.58546 3.5279 0.71351 1.9314 2.6078 0.61034 3.3189 2.8002 1.255 -1.2116 3.622 -0.080285 -2.0364 2.6313 0.92315 -2.3201 2.5496 2.4366 0.54533 -0.0027633 0.57106 -0.086251 -1.8863 1.2549 0.33046 -3.6399 1.3023 -0.54533 0.0027628 -0.57106 -0.7917 -2.0836 -0.6002 0.012078 -3.5771 -1.2118
0 28 204 -0.35555 4.8054 0.53153 -0.28975 3.5647 0.28531 0.5575 3.5311 0.78371 1.8787 2.6078 1.0494 3.0026 2.7677 2.093 -1.1386 3.6274 -0.20757 -2.261 2.6667 0.48946 -3.2302 2.548 1.6829 0.5349 -0.0046096 0.58082 0.03485 -1.9319 1.2515 0.54711 -3.659 1.1763 -0.5349 0.0046096 -0.58082 -0.90599 -2.0631 -0.54878 -0.28088 -3.6188 -1.2122
0 30 216 -0.36856 4.8102 0.49121 -0.27787 3.5678 0.26174 0.51631 3.5378 0.84117 1.6837 2.5901 1.4798 2.3463 2.6818 2.8691 -1.0741 3.627 -0.31254 -2.419 2.7323 -0.068462 -3.7696 2.6389 0.66958 0.54111 0.00050831 0.57506 0.16348 -1.9675 1.2064 0.72164 -3.6693 0.99835 -0.54111 -0.00050831 -0.57506 -1.0278 -2.0408 -0.45428 -0.58989 -3.6431 -1.1556
0 33 240 -0.34715 4.8154 0.46859 -0.23444 3.5703 0.26531 0.52858 3.547 0.88549 1.3277 2.5305 1.8838 1.2919 2.48 3.4246 -0.99976 3.623 -0.35022 -2.3872 2.8551 -0.7426 -3.9151 2.8826 -0.53594 0.61935 0.0069962 0.48975 0.4585 -2.0149 1.0379 0.98032 -3.677 0.57319 -0.61935 -0.0069962 -0.48975 -1.1667 -2.0121 -0.18247 -1.074 -3.6724 -0.87932
0 34 252 -0.31914 4.8159 0.48415 -0.21578 3.5697 0.28307 0.5739 3.5477 0.86897 1.2886 2.5003 1.899 1.1373 2.4206 3.4314 -1.0075 3.6211 -0.29825 -2.3779 2.8827 -0.79386 -3.9154 2.9387 -0.69146 0.66968 0.01196 0.41819 0.60334 -2.0286 0.9143 1.0533 -3.6782 0.34234 -0.66968 -0.01196 -0.41819 -1.1969 -2.0012 0.0050558 -1.2543 -3.6724 -0.66924
0 35 264 -0.29186 4.8164 0.49775 -0.19231 3.5696 0.2984 0.61919 3.5469 0.85367 1.2549 2.4794 1.9144 0.98514 2.3722 3.4288 -1.0056 3.6217 -0.25224 -2.3453 2.9005 -0.84693 -3.885 2.9826 -0.86544 0.71297 0.017102 0.33893 0.72841 -2.0386 0.77289 1.0821 -3.6749 0.10336 -0.71297 -0.017103 -0.33893 -1.1965 -1.9889 0.20196 -1.385 -3.6729 -0.41393
0 36 276 -0.26923 4.8163 0.50627 -0.17375 3.5691 0.3078 0.65797 3.5452 0.83225 1.2172 2.4531 1.9108 0.83926 2.3316 3.4008 -1.007 3.6225 -0.21198 -2.3026 2.9059 -0.90247 -3.8359 3.0162 -1.0221 0.74729 0.024031 0.25392 0.82459 -2.0449 0.61172 1.0622 -3.6691 -0.13415 -0.74729 -0.024031 -0.25392 -1.1551 -1.9747 0.41168 -1.4561 -3.673 -0.11374
0 37 288 -0.24198 4.8175 0.50191 -0.14238 3.5708 0.3045 0.70792 3.548 0.7983 1.1986 2.4328 1.8866 0.70934 2.3028 3.3431 -0.99404 3.623 -0.1847 -2.2374 2.8956 -0.95521 -3.7563 3.0296 -1.1846 0.77016 0.026108 0.17227 0.88867 -2.0531 0.45006 1.0028 -3.6589 -0.36184 -0.77016 -0.026107 -0.17227 -1.0728 -1.9566 0.59965 -1.4552 -3.669 0.18445
0 38 300 -0.23597 4.8187 0.48028 -0.1251 3.5727 0.28733 0.74047 3.5538 0.75402 1.1696 2.4149 1.8438 0.55382 2.284 3.2514 -0.9919 3.6212 -0.17491 -2.174 2.8648 -1.0111 -3.6731 3.0196 -1.3373 0.7833 0.031559 0.0946 0.91179 -2.0581 0.27148 0.89406 -3.6441 -0.58596 -0.7833 -0.031559 -0.094601 -0.95966 -1.9382 0.7703 -1.3908 -3.6637 0.47466
0 39 312 -0.25885 4.8166 0.46905 -0.1307 3.5725 0.28045 0.74911 3.5589 0.71989 1.1226 2.3956 1.8043 0.39096 2.2715 3.156 -1.0117 3.6156 -0.15471 -2.1301 2.8218 -1.0422 -3.606 2.98 -1.4599 0.78836 0.04159 0.015799 0.88955 -2.0558 0.087236 0.73258 -3.628 -0.78132 -0.78836 -0.041591 -0.015798 -0.81568 -1.919 0.92697 -1.2691 -3.6552 0.75081
0 63 300 -0.088507 4.8097 0.52733 0.034256 3.5692 0.33047 0.99725 3.5539 0.52988 1.0627 2.2722 1.5407 -0.054579 2.4938 2.58 -0.92873 3.6139 0.13548 -2.1121 2.5992 -0.35325 -3.5759 2.3267 0.047565 0.77771 0.016473 -0.13562 1.0872 -2.0485 0.097916 1.1202 -3.6857 -0.6565 -0.77771 -0.016473 0.13562 -0.72536 -1.9855 0.86659 -1.1398 -3.678 0.40337
0 64 288 -0.1423 4.8117 0.50816 -0.0087776 3.5691 0.3338 0.92788 3.5459 0.63296 0.93281 2.2432 1.6186 -0.20601 2.4428 2.6389 -0.94568 3.6216 0.039151 -2.0774 2.5921 -0.53347 -3.5582 2.308 -0.21034 0.78905 0.01641 -0.025116 1.0687 -2.0428 0.28434 1.2552 -3.6943 -0.41462 -0.78905 -0.01641 0.025116 -0.85326 -1.9975 0.72182 -1.1741 -3.6782 0.15314
0 66 276 -0.13921 4.8156 0.50168 -0.022102 3.5691 0.33547 0.90701 3.5409 0.65689 0.96812 2.1925 1.5772 0.02051 2.3543 2.7828 -0.95145 3.6268 0.018685 -2.0705 2.5502 -0.48845 -3.4994 2.2269 -0.0073247 0.78842 0.012561 0.04158 1.0493 -2.035 0.43366 1.3779 -3.7083 -0.15209 -0.78842 -0.012561 -0.041579 -0.92086 -2.0182 0.57025 -1.1212 -3.6809 -0.097513
0 91 216 -0.46511 4.7783 0.099976 -0.2687 3.5467 0.078313 0.35556 3.5824 0.83751 1.7726 2.9925 1.3968 3.0221 3.8782 1.575 -0.8921 3.5407 -0.68241 -1.4189 3.0073 -2.1338 -1.8229 4.0327 -3.2122 0.49171 0.01713 0.6176 0.1528 -2.0433 0.85057 0.63613 -3.7378 0.46864 -0.49171 -0.01713 -0.6176 -0.86744 -2.0833 -0.55242 -0.42114 -3.7034 -1.2057
1 4 72 -0.53452 4.3948 1.946 -0.36719 3.2007 1.5672 0.58314 3.1954 1.8206 1.324 1.783 1.467 2.3832 0.8218 2.0432 -1.3197 3.234 1.3241 -1.9172 1.8699 0.65251 -3.187 0.99632 0.69873 0.76921 -0.0071657 0.17821 0.14118 -1.4546 1.5656 0.59884 -2.8802 0.56103 -0.76921 0.0071654 -0.17821 -1.1971 -1.5559 1.159 -0.90497 -2.7964 -0.11637
1 33 60 -0.80517 4.633 1.1238 -0.6069 3.3957 0.95469 0.26636 3.4379 1.4053 1.3716 2.2415 1.5314 2.3937 1.6371 2.5151 -1.484 3.3824 0.50995 -2.0859 2.0927 -0.29212 -3.401 1.2928 -0.38218 0.72468 0.039126 0.31113 0.55001 -1.9433 0.98475 0.90188 -3.6239 0.43447 -0.72468 -0.039126 -0.31113 -1.2042 -2.0099 0.23706 -0.95306 -3.5296 -0.70013
1 44 60 -0.5359 4.7064 0.98243 -0.38905 3.4614 0.81118 0.48383 3.4653 1.2644 1.446 2.153 1.4087 2.5268 1.5969 2.3575 -1.2639 3.4869 0.36242 -2.019 2.1635 -0.22672 -3.4967 1.7244 -0.18815 0.71213 -0.0079145 0.34103 0.50699 -2.0015 0.97182 0.87672 -3.6775 0.41951 -0.71213 0.0079145 -0.34103 -1.2346 -1.9752 0.11582 -0.85979 -3.5813 -0.6127
2 16 264 -0.31741 4.4234 1.9295 -0.18202 3.2223 1.5572 0.77813 3.2323 1.7702 1.0687 2.8413 3.3296 0.39559 4.2241 3.4416 -1.1443 3.2403 1.3545 -1.8753 2.6674 2.6984 -1.551 4.1564 2.9336 0.78518 0.0054674 0.083421 0.75193 -2.0939 0.0064335 0.97103 -3.4756 -1.131 -0.78518 -0.0054674 -0.083421 -0.93631 -2.0999 -0.15176 -0.88677 -3.369 -1.4316
2 17 264 -0.27731 4.5058 1.7427 -0.17405 3.2936 1.3918 0.78947 3.301 1.5891 1.0541 2.9214 3.1558 0.39833 4.3138 3.2502 -1.1391 3.3147 1.2032 -1.9202 2.7787 2.5341 -1.5694 4.268 2.7256 0.78405 0.0069966 0.09334 0.75329 -2.0906 -0.023044 1.0053 -3.4583 -1.1706 -0.78405 -0.0069966 -0.09334 -0.88095 -2.1029 -0.20266 -0.86374 -3.2855 -1.5636
2 18 264 -0.29378 4.4801 1.8042 -0.21306 3.2693 1.4431 0.75261 3.2653 1.6297 1.0212 2.8407 3.1841 0.37015 4.2333 3.305 -1.1799 3.3016 1.2657 -1.9854 2.7195 2.5623 -1.6359 4.2029 2.7968 0.78179 0.0096245 0.11053 0.71454 -2.0891 0.1818 0.95576 -3.3302 -1.1036 -0.78179 -0.009625 -0.11053 -0.89729 -2.1047 -0.0027094 -0.80544 -3.1304 -1.4827
2 71 264 -0.28813 4.1141 2.5464 -0.19361 2.9873 1.9842 0.77653 2.96 2.1437 1.013 2.5288 3.7016 0.74274 4.0353 3.8887 -1.1651 3.04 1.8402 -1.7305 2.5333 3.2867 -1.5549 4.0413 3.5562 0.78329 -0.020804 0.097582 0.69541 -2.0737 0.53617 0.93006 -3.2922 -0.7719 -0.78329 0.020804 -0.097582 -1.0642 -2.0299 0.26266 -0.897 -3.1838 -1.1127
3 1 228 -0.54297 4.7818 -0.23306 -0.21132 3.578 -0.082594 0.56701 3.6281 -0.6818 1.9027 2.7781 -0.27886 2.618 3.1215 1.0433 -0.99357 3.5572 0.51324 -2.0999 2.4878 -0.035413 -2.9382 1.2337 0.28422 0.51921 0.031661 -0.59407 0.27365 -2.0456 -0.39693 -0.11641 -3.8057 -0.42624 -0.51921 -0.031661 0.59407 0.74347 -1.2117 1.7888 -0.51278 -1.8607 0.67006
3 1 240 -0.57956 4.7818 -0.11508 -0.22388 3.578 -0.036853 0.41287 3.6281 -0.78479 1.8031 2.7781 -0.66835 2.7777 3.1215 0.47615 -0.86515 3.5572 0.7086 -2.0614 2.4878 0.40196 -2.8149 1.2337 0.8889 0.38435 0.031661 -0.68904 0.18514 -2.0456 -0.44515 -0.20249 -3.8057 -0.39272 -0.38435 -0.031661 0.68904 1.0991 -1.2117 1.5951 -0.36226 -1.8607 0.76203
3 2 204 -0.39981 4.7782 -0.47709 -0.16046 3.5745 -0.20395 0.7958 3.6217 -0.42913 1.8573 2.8786 0.56573 1.9522 3.3471 2.0317 -1.1188 3.5566 0.016603 -1.9291 2.5608 -0.99357 -2.8927 1.3649 -1.1311 0.71936 0.027162 -0.32447 0.37353 -2.0451 -0.34847 -0.0052817 -3.7889 -0.60655 -0.71936 -0.027162 0.32447 0.12061 -0.98425 1.9956 -0.56764 -1.9191 0.61606
3 2 240 -0.60388 4.7782 -0.15098 -0.24969 3.5745 -0.070689 0.39158 3.6217 -0.81493 1.8351 2.8786 -0.63402 2.7736 3.3471 0.4962 -0.89536 3.5566 0.67104 -2.1447 2.5608 0.33008 -3.0051 1.3649 0.78521 0.39126 0.027162 -0.68533 0.097368 -2.0451 -0.50147 -0.36079 -3.7889 -0.4876 -0.39126 -0.027162 0.68533 1.2706 -0.98425 1.5436 -0.097117 -1.9191 0.83205
3 3 204 -0.39851 4.7815 -0.45845 -0.16147 3.5751 -0.19357 0.79418 3.6213 -0.42152 1.812 2.8859 0.62343 1.9236 3.4421 2.0573 -1.1192 3.5583 0.029829 -1.936 2.5687 -0.98125 -2.9106 1.3813 -1.114 0.71946 0.029807 -0.32401 0.33412 -2.0322 -0.44136 -0.074842 -3.7606 -0.75217 -0.71946 -0.029807 0.32402 0.20746 -0.87286 2.0105 -0.3914 -2.0945 0.82736
3 3 216 -0.48512 4.7815 -0.36558 -0.19818 3.5751 -0.15577 0.68919 3.6213 -0.57743 1.9021 2.8859 0.23306 2.3093 3.4421 1.6124 -1.0885 3.5583 0.26186 -2.0977 2.5687 -0.5573 -3.0786 1.3813 -0.48455 0.63637 0.029807 -0.46652 0.23506 -2.0322 -0.50118 -0.22959 -3.7606 -0.72017 -0.63637 -0.029807 0.46652 0.62094 -0.87286 1.9235 -0.21083 -2.0945 0.89066
3 3 228 -0.55053 4.7815 -0.25673 -0.22624 3.5751 -0.11116 0.55408 3.6213 -0.7081 1.909 2.8859 -0.16749 2.5941 3.4421 1.097 -1.0103 3.5583 0.48245 -2.1677 2.5687 -0.10899 -3.1121 1.3813 0.16612 0.52547 0.029807 -0.58863 0.12572 -2.0322 -0.5391 -0.37431 -3.7606 -0.6567 -0.52547 -0.029807 0.58863 1.0073 -0.87286 1.7523 -0.021046 -2.0945 0.91503
3 4 204 -0.40529 4.7843 -0.43004 -0.17185 3.5756 -0.16969 0.78111 3.6215 -0.40869 1.7336 2.7983 0.63229 1.8631 3.3926 2.0492 -1.1269 3.559 0.064816 -1.934 2.5063 -0.8887 -2.8697 1.282 -0.9458 0.71752 0.037313 -0.32753 0.2934 -2.0091 -0.54343 -0.14131 -3.7225 -0.89855 -0.71752 -0.037313 0.32753 0.22265 -0.88666 2.0035 -0.21125 -2.3489 1.0421
3 4 216 -0.48584 4.7843 -0.33638 -0.20337 3.5756 -0.13025 0.67907 3.6215 -0.56216 1.8272 2.7983 0.25803 2.2485 3.3926 1.6171 -1.0888 3.559 0.29769 -2.0765 2.5063 -0.46718 -3.0036 1.282 -0.32849 0.63374 0.037313 -0.46955 0.17401 -2.0091 -0.59256 -0.32504 -3.7225 -0.84953 -0.63374 -0.037313 0.46955 0.63434 -0.88666 1.9135 0.010027 -2.3489 1.0632
3 4 228 -0.54516 4.7843 -0.22801 -0.22601 3.5756 -0.085118 0.54735 3.6215 -0.69106 1.8409 2.7983 -0.12751 2.5355 3.3926 1.1142 -1.0031 3.559 0.51756 -2.1282 2.5063 -0.025249 -3.0063 1.282 0.30318 0.52227 0.037313 -0.59105 0.047005 -2.0091 -0.61579 -0.49456 -3.7225 -0.76339 -0.52227 -0.037313 0.59105 1.0183 -0.88666 1.7398 0.23086 -2.3489 1.0379
